is_cheating,delta_yaw,delta_pitch,accel_yaw,accel_pitch,jerk_yaw,jerk_pitch,gcd_error_yaw,gcd_error_pitch
0,-0.013725,-0.121587,-0.004488,-0.227054,-0.042788,-0.182211,0.00024,0.002122
0,0.058229,-0.153609,0.064523,-0.056799,0.106039,-0.082258,0.001016,0.002681
0,0.065457,0.114502,0.013435,0.281868,0.034374,0.268561,0.001142,0.001998
0,0.15446,-0.067792,0.110677,-0.164647,0.067582,-0.129235,0.002696,0.001183
0,0.103038,0.02174,-0.056716,0.091449,-0.078658,0.108049,0.001798,0.000379
0,0.192452,-0.06045,0.118218,-0.10894,0.1601,-0.082999,0.003359,0.001055
0,0.131016,-0.035586,-0.087766,0.020384,-0.098553,0.021342,0.002287,0.000621
0,-0.009522,-0.135721,-0.135229,-0.077204,-0.183264,-0.102087,0.000166,0.002369
0,-0.007661,-0.128001,0.005241,-0.022079,-0.008155,-0.052124,0.000134,0.002234
0,-0.031569,-0.139729,-0.011167,-0.025032,-0.030427,0.004342,0.000551,0.002439
0,-0.031175,-0.061546,0.016114,0.068539,-0.027249,0.05736,0.000544,0.001074
0,0.144733,-0.051859,0.188276,0.020876,0.22603,0.00296,0.002526,0.000905
0,0.025894,-0.115906,-0.095644,-0.087601,-0.082757,-0.100915,0.000452,0.002023
0,0.138067,-0.091003,0.106499,0.00845,0.062565,-0.039821,0.00241,0.001588
0,0.167138,0.043399,0.041173,0.142696,0.065752,0.175055,0.002917,0.000757
0,0.052647,-0.048397,-0.089451,-0.105608,-0.101086,-0.055942,0.000919,0.000845
0,-0.016619,0.162765,-0.082944,0.205938,-0.086549,0.213235,0.00029,0.002841
0,0.051117,0.141793,0.071705,-0.033129,0.061008,-0.000984,0.000892,0.002475
0,-0.100996,0.213594,-0.157272,0.09061,-0.109556,0.081822,0.001763,0.003728
0,0.084454,0.086813,0.159989,-0.121347,0.142699,-0.100929,0.001474,0.001515
0,-0.117637,0.150902,-0.17824,0.065864,-0.203919,0.108567,0.002053,0.002634
0,-0.003202,0.092318,0.108816,-0.066114,0.060114,-0.111349,5.6e-05,0.001611
0,-0.090701,-0.051688,-0.101249,-0.146778,-0.143516,-0.154759,0.001583,0.000902
0,-0.096492,0.146268,-0.019007,0.17524,-0.029095,0.12732,0.001684,0.002553
0,0.078535,0.003409,0.155828,-0.120847,0.188753,-0.140366,0.001371,5.9e-05
0,-0.101545,0.072186,-0.202367,0.062076,-0.154016,0.021742,0.001772,0.00126
0,0.045029,-0.089728,0.144528,-0.161347,0.155842,-0.131817,0.000786,0.001566
0,0.085301,-0.039174,0.048289,0.053181,0.019332,0.018377,0.001489,0.000684
0,0.127807,0.020346,0.042444,0.078402,0.080174,0.112258,0.002231,0.000355
0,0.192621,-0.116711,0.092163,-0.128602,0.069266,-0.082837,0.003362,0.002037
0,0.219532,0.070481,0.056331,0.17859,0.075041,0.156625,0.003832,0.00123
0,0.129603,0.019118,-0.118344,-0.038925,-0.124295,-0.065332,0.002262,0.000334
0,0.134119,0.076562,0.02172,0.028821,0.064361,-0.019314,0.002341,0.001336
0,0.180926,-0.016095,0.043365,-0.108826,0.073992,-0.093575,0.003158,0.000281
0,-0.001244,0.012599,-0.204332,0.00742,-0.234857,0.048666,2.2e-05,0.00022
0,0.148279,-0.150739,0.14087,-0.13439,0.131511,-0.103373,0.002588,0.002631
0,-0.086135,0.102097,-0.221093,0.26964,-0.203185,0.296176,0.001503,0.001782
0,-0.172254,-0.067173,-0.060698,-0.142464,-0.10172,-0.135056,0.003006,0.001172
0,0.025353,-0.144817,0.182273,-0.054962,0.195761,-0.006368,0.000442,0.002528
0,-0.041339,0.023501,-0.081151,0.180394,-0.0755,0.163531,0.000722,0.00041
0,0.019353,-0.002411,0.036186,-0.007967,0.012024,-0.02654,0.000338,4.2e-05
0,-0.027521,-0.114794,-0.063909,-0.13967,-0.071733,-0.180526,0.00048,0.002004
0,0.100205,-0.010744,0.149343,0.09008,0.103374,0.107549,0.001749,0.000188
0,-0.058319,0.056808,-0.162249,0.070489,-0.183653,0.110378,0.001018,0.000991
0,-0.10273,-0.086554,-0.048956,-0.122666,-0.077485,-0.078081,0.001793,0.001511
0,0.066982,-0.130437,0.198673,-0.047125,0.160903,-0.008685,0.001169,0.002277
0,0.079887,-0.03826,0.026926,0.114007,0.067066,0.135181,0.001394,0.000668
0,0.059587,0.006909,0.008644,0.046794,0.03619,0.071829,0.00104,0.000121
0,0.056784,0.115961,-0.029776,0.085089,-0.0128,0.087998,0.000991,0.002024
0,-0.075466,0.011587,-0.120734,-0.11039,-0.115326,-0.154592,0.001317,0.000202
0,0.049038,-0.05599,0.113377,-0.078055,0.083398,-0.057651,0.000856,0.000977
0,-0.081202,0.078376,-0.115711,0.15893,-0.115264,0.182507,0.001417,0.001368
0,0.079875,-0.090394,0.155261,-0.159885,0.177988,-0.133043,0.001394,0.001578
0,0.217214,-0.092436,0.165717,-0.026121,0.133635,-0.056536,0.003791,0.001613
0,0.115149,-0.05205,-0.08379,0.049914,-0.043553,0.055916,0.00201,0.000908
0,0.061614,-0.124413,-0.032391,-0.071945,-0.070548,-0.089078,0.001075,0.002171
0,0.02569,-0.127556,-0.052832,0.007482,-0.087044,0.039939,0.000448,0.002226
0,0.099195,-0.205505,0.087331,-0.055188,0.121901,-0.010356,0.001731,0.003587
0,-0.047968,0.008485,-0.146087,0.233996,-0.157305,0.26153,0.000837,0.000148
0,0.064442,0.025212,0.104818,0.038073,0.130838,0.063387,0.001125,0.00044
0,-0.033226,-0.045603,-0.098648,-0.072692,-0.143318,-0.05706,0.00058,0.000796
0,-0.084747,-0.090804,-0.080553,-0.044993,-0.088318,-0.053581,0.001479,0.001585
0,-0.165902,-0.111385,-0.084342,-0.018064,-0.097253,-0.054145,0.002896,0.001944
0,0.005511,0.015876,0.1639,0.111125,0.166264,0.130913,9.6e-05,0.000277
0,0.005367,-0.088122,0.023466,-0.09792,0.01864,-0.084788,9.4e-05,0.001538
0,-0.026439,-0.157193,-0.03227,-0.050203,0.012314,-0.068267,0.000461,0.002744
0,0.013372,-0.071372,0.034222,0.064555,0.063295,0.031272,0.000233,0.001246
0,-0.030046,-0.217632,-0.061979,-0.145916,-0.050346,-0.124314,0.000524,0.003798
0,0.020422,0.007961,0.027061,0.208228,0.030119,0.171295,0.000356,0.000139
0,0.045451,0.038002,0.029695,0.000281,0.060408,-0.02422,0.000793,0.000663
0,0.034505,-0.094671,-0.028746,-0.136595,-0.015808,-0.105052,0.000602,0.001652
0,0.231128,-0.069259,0.225326,-0.003208,0.182727,-0.016448,0.004034,0.001209
0,0.20961,-0.020686,-0.033503,0.031579,-0.074019,0.06078,0.003658,0.000361
0,0.242655,-0.104105,0.013992,-0.06204,0.058581,-0.104187,0.004235,0.001817
0,0.087558,0.012391,-0.165764,0.126334,-0.155139,0.165073,0.001528,0.000216
0,0.062771,-0.021317,-0.051711,-0.048183,-0.077678,-0.055412,0.001096,0.000372
0,0.16819,-0.067736,0.082417,-0.067733,0.046784,-0.051136,0.002935,0.001182
0,-0.036683,0.039878,-0.203021,0.134817,-0.165045,0.090975,0.00064,0.000696
0,0.167825,-0.034444,0.185712,-0.047382,0.200304,-0.078411,0.002929,0.000601
0,0.153973,-0.048863,-0.001881,0.003039,0.033055,-0.045728,0.002687,0.000853
0,0.13963,0.048716,0.01168,0.083431,-0.033224,0.071915,0.002437,0.00085
0,0.208978,0.016504,0.062784,-0.056392,0.042219,-0.058675,0.003647,0.000288
0,0.071987,-0.215486,-0.115216,-0.233593,-0.12723,-0.219935,0.001256,0.003761
0,0.039679,0.023233,-0.012829,0.248471,0.02578,0.208992,0.000693,0.000406
0,0.225881,0.032164,0.202309,0.017687,0.176401,0.005281,0.003942,0.000561
0,0.29248,0.04014,0.038162,-0.019557,0.008552,-0.056041,0.005105,0.000701
0,0.004744,-0.013573,-0.259374,-0.054654,-0.22135,-0.043593,8.3e-05,0.000237
0,0.098948,-0.163271,0.10673,-0.140863,0.136972,-0.143205,0.001727,0.00285
0,0.027454,0.03163,-0.061513,0.221022,-0.022344,0.172945,0.000479,0.000552
0,0.231049,-0.020369,0.193855,-0.045181,0.149936,-0.091294,0.004033,0.000356
0,-0.028878,0.00356,-0.249457,0.037786,-0.230724,0.033145,0.000504,6.2e-05
0,0.187634,-0.109139,0.235325,-0.138734,0.243543,-0.139748,0.003275,0.001905
0,0.141504,-0.01997,-0.068768,0.08943,-0.038421,0.134541,0.00247,0.000349
0,0.194208,0.051174,0.055208,0.042535,0.080656,-0.007136,0.00339,0.000893
0,0.147096,-0.020479,-0.058321,-0.082679,-0.033852,-0.106068,0.002567,0.000357
0,0.045802,-0.082998,-0.077535,-0.081862,-0.070966,-0.048426,0.000799,0.001449
0,0.058774,-0.017955,0.017153,0.063947,-0.027072,0.028254,0.001026,0.000313
0,0.02172,-0.081813,-0.053126,-0.087341,-0.048593,-0.102936,0.000379,0.001428
0,0.304449,0.041329,0.286606,0.142317,0.241027,0.13716,0.005314,0.000721
0,0.150072,0.150066,-0.143347,0.106838,-0.157457,0.142015,0.002619,0.002619
0,0.197242,-0.114518,0.018565,-0.251962,0.019375,-0.267159,0.003443,0.001999
0,0.219261,0.116339,0.03984,0.252291,0.031501,0.233548,0.003827,0.00203
0,0.0996,-0.061666,-0.137411,-0.190336,-0.109027,-0.156703,0.001738,0.001076
0,0.100139,0.170069,-0.012076,0.210788,-0.042085,0.195409,0.001748,0.002968
0,0.211704,0.131525,0.092457,-0.064788,0.079493,-0.082513,0.003695,0.002296
0,0.087317,0.061673,-0.112755,-0.095932,-0.078447,-0.083078,0.001524,0.001076
0,0.168231,0.158497,0.070772,0.095451,0.084779,0.064871,0.002936,0.002766
0,0.125683,-0.002744,-0.017872,-0.173652,0.015361,-0.165511,0.002194,4.8e-05
0,0.076685,0.012129,-0.075561,0.021391,-0.074695,-0.017789,0.001338,0.000212
0,0.232671,0.082897,0.143791,0.068354,0.114462,0.028102,0.004061,0.001447
0,-0.029533,0.054553,-0.291657,-0.034515,-0.318856,0.003271,0.000515,0.000952
0,0.113854,-0.088321,0.136776,-0.16542,0.178507,-0.155577,0.001987,0.001541
0,0.182336,-0.040266,0.087937,0.043196,0.134012,0.045365,0.003182,0.000703
0,0.019625,0.016775,-0.162865,0.077589,-0.11684,0.049997,0.000343,0.000293
0,-0.069456,0.115831,-0.089645,0.122996,-0.079604,0.104553,0.001212,0.002022
0,0.024426,0.032556,0.088351,-0.100551,0.057148,-0.054595,0.000426,0.000568
0,0.152623,0.070382,0.138019,0.064776,0.097654,0.076592,0.002664,0.001228
0,-0.012342,0.017603,-0.155284,-0.069087,-0.19151,-0.091558,0.000215,0.000307
0,0.026512,0.182618,0.056133,0.140665,0.051091,0.104842,0.000463,0.003187
0,0.132398,0.121446,0.134318,-0.073322,0.091744,-0.040458,0.002311,0.00212
0,0.09952,-0.01451,-0.03441,-0.158967,-0.019362,-0.133923,0.001737,0.000253
0,0.135865,0.113387,0.044101,0.109096,0.075295,0.152279,0.002371,0.001979
0,0.168902,0.052326,0.051817,-0.033935,0.098292,-0.010028,0.002948,0.000913
0,0.326432,0.066064,0.173167,-0.004673,0.17987,0.008091,0.005697,0.001153
0,0.018863,0.17043,-0.31069,0.101177,-0.326238,0.055988,0.000329,0.002975
0,-0.011242,-0.037111,-0.035573,-0.22017,-0.075555,-0.179849,0.000196,0.000648
0,0.224777,0.188174,0.215296,0.241953,0.213486,0.247734,0.003923,0.003284
0,0.067502,0.100591,-0.166454,-0.061734,-0.182619,-0.09324,0.001178,0.001756
0,0.228057,0.138987,0.14224,0.061066,0.181207,0.085279,0.00398,0.002426
0,0.107393,-0.033341,-0.116118,-0.174162,-0.130751,-0.164418,0.001874,0.000582
0,0.095162,0.014957,-0.039979,0.063681,-0.075233,0.080668,0.001661,0.000261
0,0.21248,0.141498,0.147091,0.119052,0.176999,0.143144,0.003708,0.00247
0,0.193942,-0.02204,-0.004973,-0.156456,-0.012519,-0.109065,0.003385,0.000385
0,0.184162,0.208168,-0.029437,0.220567,-0.029667,0.171649,0.003214,0.003633
0,0.027759,-0.029781,-0.13744,-0.264255,-0.135942,-0.222945,0.000484,0.00052
0,0.099408,-0.077887,0.050805,-0.066377,0.058168,-0.098175,0.001735,0.001359
0,-0.11761,0.082497,-0.209994,0.184668,-0.224697,0.15362,0.002053,0.00144
0,0.100893,0.061969,0.246289,0.001932,0.292371,0.007528,0.001761,0.001082
0,-0.098993,-0.025659,-0.204472,-0.093132,-0.20681,-0.052907,0.001728,0.000448
0,0.039501,0.101057,0.137332,0.151398,0.151902,0.184214,0.000689,0.001764
0,0.043496,0.165076,-0.021413,0.089561,-0.029753,0.103431,0.000759,0.002881
0,-0.109105,0.113327,-0.134081,-0.024701,-0.171872,-0.066914,0.001904,0.001978
0,-0.091467,0.05333,0.024779,-0.060665,0.048685,-0.032898,0.001596,0.000931
0,-0.189747,-0.055954,-0.078193,-0.116579,-0.126931,-0.129466,0.003312,0.000977
0,-0.010426,0.048483,0.191293,0.081894,0.148195,0.064496,0.000182,0.000846
0,0.094469,-0.048439,0.094741,-0.118597,0.111633,-0.1126,0.001649,0.000845
0,-0.008089,-0.003083,-0.122567,0.054111,-0.075526,0.081094,0.000141,5.4e-05
0,-0.170828,0.094088,-0.142299,0.083438,-0.189385,0.112316,0.002982,0.001642
0,-0.161857,0.002957,0.0062,-0.098962,-0.029638,-0.053345,0.002825,5.2e-05
0,-0.137612,-0.009641,0.032466,0.012833,0.072307,0.025566,0.002402,0.000168
0,0.105511,-0.064393,0.264491,-0.068913,0.287377,-0.030204,0.001842,0.001124
0,-0.090265,0.187723,-0.207237,0.244039,-0.169996,0.202111,0.001575,0.003276
0,0.108083,0.151451,0.2094,-0.049289,0.257947,-0.066744,0.001886,0.002643
0,0.001815,0.133412,-0.104112,-0.022489,-0.089607,-0.06305,3.2e-05,0.002328
0,-0.036863,0.071241,-0.010484,-0.089392,0.038761,-0.096875,0.000643,0.001243
0,0.122136,-0.039606,0.167018,-0.090275,0.152999,-0.102605,0.002132,0.000691
0,0.105309,0.051955,-0.036055,0.063,-0.081321,0.111492,0.001838,0.000907
0,0.251152,0.029725,0.174877,-0.018292,0.17835,-0.059788,0.004383,0.000519
0,0.063988,-0.097979,-0.183829,-0.144412,-0.172592,-0.097782,0.001117,0.00171
0,-0.07585,-0.12548,-0.166459,-0.020132,-0.13662,-0.038856,0.001324,0.00219
0,0.148116,0.084637,0.251959,0.239543,0.230654,0.238175,0.002585,0.001477
0,-0.00091,0.138448,-0.171872,0.03242,-0.191251,0.036865,1.6e-05,0.002416
0,0.198905,-0.005203,0.175947,-0.117056,0.143095,-0.152049,0.003472,9.1e-05
0,0.108757,0.048788,-0.063594,0.073131,-0.055226,0.078279,0.001898,0.000852
0,0.07118,0.094834,-0.027093,0.051724,-0.075001,0.086408,0.001242,0.001655
0,0.083559,-0.093119,0.024703,-0.19217,0.051868,-0.20705,0.001458,0.001625
0,0.096146,-0.098281,-0.009364,0.015376,-0.055762,0.006884,0.001678,0.001715
0,0.004565,0.131889,-0.067642,0.213048,-0.048902,0.191799,8e-05,0.002302
0,-0.046063,0.15148,-0.020827,0.010219,-0.041579,-0.03665,0.000804,0.002644
0,0.061072,0.046582,0.085231,-0.079711,0.114595,-0.08409,0.001066,0.000813
0,0.15872,0.065806,0.083565,-0.00884,0.122203,0.015608,0.00277,0.001149
0,0.080053,-0.073967,-0.070569,-0.110971,-0.040538,-0.113665,0.001397,0.001291
0,0.152661,0.200921,0.102317,0.272719,0.085711,0.230335,0.002664,0.003507
0,-0.053247,-0.027568,-0.219708,-0.226801,-0.190893,-0.259714,0.000929,0.000481
0,0.093029,0.059969,0.168347,0.082502,0.15588,0.044541,0.001624,0.001047
0,0.199068,0.08853,0.098145,0.048511,0.132696,0.00534,0.003474,0.001545
0,-0.03935,0.134619,-0.259784,0.069141,-0.240372,0.089949,0.000687,0.00235
0,0.164915,0.157406,0.197515,0.00497,0.224099,0.002212,0.002878,0.002747
0,0.135936,0.092879,-0.020101,-0.054819,-0.05679,-0.085387,0.002373,0.001621
0,0.154,-0.025835,0.030667,-0.143971,0.005224,-0.165014,0.002688,0.000451
0,-0.004995,0.194546,-0.158006,0.229506,-0.11734,0.20003,8.7e-05,0.003395
0,0.194736,0.029473,0.204582,-0.191452,0.161689,-0.169218,0.003399,0.000514
0,0.08982,-0.001322,-0.121802,-0.008286,-0.134695,-0.056175,0.001568,2.3e-05
0,-0.001445,0.150537,-0.067963,0.13179,-0.105869,0.143415,2.5e-05,0.002627
0,0.105962,-0.031581,0.11716,-0.160516,0.093946,-0.136727,0.001849,0.000551
0,-0.022675,0.08788,-0.11512,0.123946,-0.13889,0.096239,0.000396,0.001534
0,0.165646,-0.000675,0.17101,-0.099959,0.171147,-0.11541,0.002891,1.2e-05
0,0.247379,-0.057565,0.088763,-0.061554,0.131628,-0.017579,0.004318,0.001005
0,0.08847,0.0924,-0.169449,0.130093,-0.142075,0.116262,0.001544,0.001613
0,0.259316,0.164305,0.162681,0.078814,0.117663,0.055095,0.004526,0.002868
0,0.200238,0.239418,-0.054131,0.066338,-0.099022,0.044038,0.003495,0.004179
0,0.298862,-0.036188,0.12793,-0.296614,0.130157,-0.249776,0.005216,0.000632
0,0.292678,-0.064303,0.002867,-0.02629,-0.005721,-0.06323,0.005108,0.001122
0,0.214596,0.163523,-0.107017,0.235472,-0.058555,0.238499,0.003745,0.002854
0,0.066522,0.06097,-0.165598,-0.109874,-0.191228,-0.079658,0.001161,0.001064
0,0.301628,0.213993,0.260241,0.136893,0.284683,0.157694,0.005264,0.003735
0,0.071184,0.026455,-0.260029,-0.183888,-0.240278,-0.156409,0.001242,0.000462
0,0.039059,-0.02295,-0.004877,-0.040544,0.036229,-0.006797,0.000682,0.000401
0,0.275919,0.139853,0.236726,0.148215,0.234474,0.140643,0.004816,0.002441
0,0.15485,0.03214,-0.142617,-0.120437,-0.167767,-0.159246,0.002703,0.000561
0,0.126435,0.087019,-0.022144,0.027552,-0.000242,0.033105,0.002207,0.001519
0,0.189411,0.177331,0.081152,0.117681,0.037058,0.12044,0.003306,0.003095
0,0.136407,0.232957,-0.064983,0.044386,-0.037044,0.004393,0.002381,0.004066
0,0.04871,0.034306,-0.104175,-0.200771,-0.11988,-0.24141,0.00085,0.000599
0,0.055994,0.12869,-0.021692,0.122259,-0.005507,0.081852,0.000977,0.002246
0,0.042117,0.163252,-0.004558,0.013642,0.042581,0.029086,0.000735,0.002849
0,-0.029055,0.004983,-0.072549,-0.172763,-0.043866,-0.222573,0.000507,8.7e-05
0,0.010877,0.010976,0.014998,0.014056,0.000904,0.021506,0.00019,0.000192
0,0.03814,0.159277,0.041665,0.124011,0.081537,0.089429,0.000666,0.00278
0,0.100857,-0.065626,0.05348,-0.20599,0.027172,-0.175107,0.00176,0.001145
0,-0.095096,0.09026,-0.187589,0.166867,-0.170035,0.214174,0.00166,0.001575
0,0.125685,-0.03593,0.248709,-0.131979,0.252803,-0.154848,0.002194,0.000627
0,0.134734,0.080307,0.027682,0.107267,0.029939,0.075489,0.002352,0.001402
0,0.064877,0.006759,-0.086465,-0.076548,-0.042978,-0.088363,0.001132,0.000118
0,-0.103668,0.128336,-0.198539,0.1069,-0.239988,0.061951,0.001809,0.00224
0,0.146494,0.13615,0.241538,-0.016666,0.245789,0.025759,0.002557,0.002376
0,0.135631,0.078513,0.003638,-0.064364,0.028306,-0.084091,0.002367,0.00137
0,0.012657,0.012617,-0.142467,-0.077006,-0.101917,-0.073828,0.000221,0.00022
0,0.17053,0.053898,0.180557,0.06147,0.189734,0.08975,0.002976,0.000941
0,-0.024447,0.165558,-0.168706,0.121675,-0.190815,0.163647,0.000427,0.00289
0,-0.049215,-0.05344,-0.051727,-0.234572,-0.032086,-0.254433,0.000859,0.000933
0,-0.037991,-0.049542,-0.006478,-0.012383,0.04045,-0.037175,0.000663,0.000865
0,-0.072517,0.058781,-0.036738,0.125846,-0.035909,0.154811,0.001266,0.001026
0,-0.009807,0.030747,0.060564,-0.046673,0.0146,-0.02628,0.000171,0.000537
0,-0.133787,0.004102,-0.107554,-0.049107,-0.13155,-0.079399,0.002335,7.2e-05
0,-0.069161,-0.032411,0.093772,-0.040666,0.087992,-0.062766,0.001207,0.000566
0,0.060431,0.122094,0.126308,0.125987,0.144101,0.079612,0.001055,0.002131
0,-0.105072,0.003616,-0.167429,-0.134652,-0.163438,-0.182578,0.001834,6.3e-05
0,0.064766,-0.017965,0.195627,-0.026217,0.222537,-0.017907,0.00113,0.000314
0,0.028183,0.116688,-0.029906,0.116997,-0.032585,0.092518,0.000492,0.002037
0,-0.119229,0.111349,-0.158934,-0.026894,-0.207959,0.002609,0.002081,0.001943
0,-0.151184,0.155576,-0.008461,0.024706,-0.055903,0.039628,0.002639,0.002715
0,-0.043716,0.121264,0.127389,-0.024549,0.114709,-0.019942,0.000763,0.002116
0,0.094749,0.103822,0.122717,-0.035662,0.113029,-0.083849,0.001654,0.001812
0,-0.125337,0.190523,-0.22948,0.109175,-0.274975,0.142858,0.002188,0.003325
0,-0.102124,0.141646,0.051093,-0.043685,0.098909,-0.092662,0.001782,0.002472
0,0.132562,0.107299,0.210552,-0.006522,0.190212,-0.027969,0.002314,0.001873
0,-0.025916,0.15931,-0.161283,0.059737,-0.167528,0.030275,0.000452,0.00278
0,-0.021299,0.117305,0.002961,-0.01836,-0.033787,-0.010625,0.000372,0.002047
0,-0.158778,0.163169,-0.116133,0.06737,-0.101388,0.058227,0.002771,0.002848
0,0.036116,0.095348,0.209521,-0.041946,0.178013,-0.016213,0.00063,0.001664
0,0.045804,0.196048,-0.002113,0.121024,-0.006,0.120875,0.000799,0.003422
0,-0.094367,-0.066832,-0.132822,-0.284094,-0.161453,-0.265482,0.001647,0.001166
0,0.073175,0.194967,0.150193,0.268478,0.174426,0.231659,0.001277,0.003403
0,-0.153042,-0.020717,-0.242001,-0.207681,-0.218147,-0.20365,0.002671,0.000362
0,-0.121252,0.221754,0.033593,0.242547,0.061479,0.263555,0.002116,0.00387
0,-0.0689,0.198457,0.071222,-0.049035,0.103326,-0.014647,0.001203,0.003464
0,0.048253,-0.063191,0.102119,-0.260063,0.068439,-0.3074,0.000842,0.001103
0,-0.050113,0.006427,-0.09048,0.050161,-0.106431,0.049372,0.000875,0.000112
0,-0.068408,0.202115,-0.01582,0.205362,-0.059577,0.180335,0.001194,0.003528
0,-0.131607,0.104992,-0.036723,-0.115446,-0.084938,-0.071024,0.002297,0.001832
0,-0.038326,0.084943,0.06912,-0.004883,0.075386,-0.038671,0.000669,0.001483
0,-0.186044,0.131313,-0.161406,0.063537,-0.111919,0.034621,0.003247,0.002292
0,-0.182828,0.218599,0.001968,0.096588,-0.020011,0.122775,0.003191,0.003815
0,-0.215113,0.192258,-0.042772,-0.050292,-0.013104,-0.090044,0.003754,0.003356
0,-0.1776,0.08648,0.015193,-0.102293,0.051454,-0.097782,0.0031,0.001509
0,-0.133553,0.025647,0.063439,-0.056435,0.019985,-0.084568,0.002331,0.000448
0,-0.109942,0.131575,0.048267,0.079189,0.026403,0.048624,0.001919,0.002296
0,-0.069105,0.005612,0.035428,-0.103081,0.023853,-0.125948,0.001206,9.8e-05
0,-0.220061,-0.034692,-0.125618,-0.069439,-0.174845,-0.088313,0.003841,0.000605
0,-0.229777,-0.014874,-0.010062,0.008573,-0.038332,0.036851,0.00401,0.00026
0,0.058709,-0.037401,0.314913,-0.002272,0.344797,0.039268,0.001025,0.000653
0,-0.034189,0.048317,-0.095609,0.073768,-0.08127,0.044211,0.000597,0.000843
0,-0.071064,0.199371,-0.046457,0.140745,-0.036132,0.095466,0.00124,0.00348
0,-0.014883,0.125317,0.027773,-0.066583,-0.004307,-0.065661,0.00026,0.002187
0,-0.148163,0.000432,-0.147303,-0.136888,-0.122808,-0.101779,0.002586,8e-06
0,-0.107468,0.077217,0.056667,0.050818,0.098864,0.010204,0.001876,0.001348
0,0.013139,0.069357,0.101151,-0.014732,0.123167,-0.040165,0.000229,0.001211
0,-0.027932,0.083044,-0.069966,-0.007235,-0.054284,-0.024553,0.000488,0.001449
0,0.01356,-0.074745,0.028635,-0.181447,0.023272,-0.161487,0.000237,0.001305
0,0.058343,0.135121,0.017981,0.198311,0.017398,0.177206,0.001018,0.002358
0,-0.062003,-0.049566,-0.107152,-0.174239,-0.154586,-0.194428,0.001082,0.000865
0,-0.147077,0.162487,-0.078909,0.204321,-0.12601,0.234745,0.002567,0.002836
0,-0.24999,0.089593,-0.123379,-0.052653,-0.156326,-0.015127,0.004363,0.001564
0,-0.148531,0.096729,0.127211,-0.008965,0.165117,-0.006522,0.002592,0.001688
0,0.035104,0.097007,0.188264,-0.016047,0.141232,0.033695,0.000613,0.001693
0,0.001851,-0.027876,-0.038883,-0.102121,-0.04956,-0.143432,3.2e-05,0.000487
0,-0.169608,-0.069671,-0.177175,-0.059064,-0.183123,-0.052318,0.00296,0.001216
0,0.149849,-0.024158,0.327129,0.036301,0.316929,0.034119,0.002615,0.000422
0,0.028907,-0.117558,-0.14166,-0.103198,-0.185089,-0.130676,0.000505,0.002052
0,-0.101211,-0.036662,-0.149674,0.071797,-0.158209,0.079348,0.001766,0.00064
0,-0.194341,0.143441,-0.112302,0.19845,-0.147031,0.161981,0.003392,0.002504
0,-0.160358,-0.136937,0.039177,-0.30694,0.044206,-0.317625,0.002799,0.00239
0,-0.09871,0.120714,0.075465,0.251912,0.055467,0.237623,0.001723,0.002107
0,0.087936,-0.126647,0.177597,-0.24733,0.227174,-0.266362,0.001535,0.00221
0,0.073845,-0.117503,-0.002549,0.021648,0.03201,0.040258,0.001289,0.002051
0,0.078753,0.026432,0.034667,0.120042,0.027465,0.111578,0.001374,0.000461
0,0.077126,0.005786,0.00683,-0.022466,0.040435,0.024495,0.001346,0.000101
0,-0.147657,0.012917,-0.196584,0.036931,-0.217427,0.019893,0.002577,0.000225
0,-0.010223,0.05179,0.112408,0.050244,0.139287,0.089198,0.000178,0.000904
0,0.05227,-0.140774,0.061284,-0.16888,0.053844,-0.126805,0.000912,0.002457
0,-0.035854,-0.009329,-0.085699,0.152533,-0.054015,0.125833,0.000626,0.000163
0,-0.129895,0.01518,-0.112227,-0.003797,-0.12842,0.007124,0.002267,0.000265
0,-0.111716,-0.19808,0.009304,-0.237723,0.010167,-0.264322,0.00195,0.003457
0,-0.085798,-0.144282,0.019777,0.078033,0.030693,0.096007,0.001497,0.002518
0,-0.087523,0.025242,-0.017853,0.14337,-0.063457,0.185391,0.001528,0.000441
0,-0.041005,-0.207536,0.064532,-0.231698,0.055822,-0.221041,0.000716,0.003622
0,-0.136274,0.014805,-0.120653,0.208337,-0.118002,0.186325,0.002378,0.000258
0,-0.238188,-0.093302,-0.123006,-0.111189,-0.169791,-0.105866,0.004157,0.001628
0,-0.163103,-0.019993,0.05801,0.07712,0.014577,0.063585,0.002847,0.000349
0,-0.168024,-0.013078,-0.017353,0.020451,-0.014104,-0.005235,0.002933,0.000228
0,-0.111938,-0.087801,0.07824,-0.055337,0.086079,-0.022198,0.001954,0.001532
0,-0.209347,-0.04977,-0.094929,0.048491,-0.125978,0.02289,0.003654,0.000869
0,-0.024737,0.037474,0.212692,0.080434,0.210566,0.037357,0.000432,0.000654
0,-0.102756,0.078313,-0.07524,0.028726,-0.04684,-0.014048,0.001793,0.001367
0,-0.017111,0.02274,0.08285,-0.041904,0.055723,-0.010219,0.000299,0.000397
0,-0.050453,0.128146,-0.01318,0.115487,-0.053811,0.086102,0.000881,0.002237
0,-0.073274,-0.160645,-0.02513,-0.299351,0.017494,-0.337112,0.001279,0.002804
0,0.020583,-0.007044,0.067149,0.142785,0.033204,0.17967,0.000359,0.000123
0,-0.123837,-0.053959,-0.128102,-0.032039,-0.168863,-0.003917,0.002161,0.000942
0,0.009345,-0.11925,0.152915,-0.09501,0.17837,-0.105296,0.000163,0.002081
0,0.041048,0.067723,0.040022,0.192822,0.025052,0.204787,0.000716,0.001182
0,-0.150196,-0.142041,-0.21023,-0.197882,-0.17987,-0.215022,0.002621,0.002479
0,-0.105526,0.071091,0.040185,0.195699,0.012186,0.171582,0.001842,0.001241
0,0.053841,-0.058064,0.143889,-0.1544,0.190263,-0.114368,0.00094,0.001013
0,0.145228,0.014418,0.113197,0.061251,0.156845,0.063186,0.002535,0.000252
0,0.1525,-0.096063,-0.001064,-0.094103,-0.016662,-0.092623,0.002662,0.001677
0,-0.005448,-0.106107,-0.149577,0.004938,-0.161149,0.054777,9.5e-05,0.001852
0,-0.095219,0.067619,-0.096595,0.17935,-0.047703,0.142489,0.001662,0.00118
0,-0.018757,-0.054247,0.055681,-0.141429,0.08172,-0.138065,0.000327,0.000947
0,0.207579,0.149882,0.229466,0.196786,0.230639,0.211827,0.003623,0.002616
0,-0.017576,0.079268,-0.215977,-0.098072,-0.239606,-0.103812,0.000307,0.001383
0,0.247434,-0.115802,0.267218,-0.197763,0.315769,-0.196124,0.004319,0.002021
0,0.162623,-0.035584,-0.090706,0.085558,-0.10911,0.094413,0.002838,0.000621
0,0.022199,-0.012069,-0.111146,0.024226,-0.064404,0.068842,0.000387,0.000211
0,0.113041,0.031858,0.074576,0.046927,0.068113,0.013458,0.001973,0.000556
0,0.127732,-0.094943,-0.000458,-0.107572,0.049471,-0.083367,0.002229,0.001657
0,0.233993,-0.030707,0.095937,0.035849,0.067471,0.067285,0.004084,0.000536
0,0.240985,0.069642,-0.012043,0.096935,0.020287,0.110502,0.004206,0.001215
0,0.234712,0.11806,-0.029073,0.058428,0.000921,0.097508,0.004097,0.002061
0,0.2863,-0.118422,0.064544,-0.254443,0.095184,-0.272507,0.004997,0.002067
0,0.091379,-0.150427,-0.171006,-0.017301,-0.213412,-0.038147,0.001595,0.002625
0,0.011015,-0.178352,-0.067907,-0.006849,-0.08919,-0.052869,0.000192,0.003113
0,0.228791,-0.008493,0.20356,0.162751,0.219318,0.211595,0.003993,0.000148
0,0.315225,-0.117388,0.10768,-0.106365,0.129953,-0.118715,0.005502,0.002049
0,-0.00249,0.104278,-0.29675,0.248208,-0.298379,0.210674,4.3e-05,0.00182
0,0.049567,0.089421,0.048182,-9.7e-05,0.053621,0.039225,0.000865,0.001561
0,0.131106,-0.116779,0.071733,-0.226999,0.105166,-0.179586,0.002288,0.002038
0,0.148207,-0.131052,-0.004411,-0.03557,-0.036064,-0.083791,0.002587,0.002287
0,0.299749,0.007206,0.138513,0.118603,0.092428,0.111009,0.005232,0.000126
0,0.201347,-0.143504,-0.086467,-0.133695,-0.084349,-0.165537,0.003514,0.002505
0,0.108436,-0.111277,-0.117196,0.01097,-0.157996,0.049355,0.001893,0.001942
0,0.248012,-0.161586,0.118823,-0.076163,0.072408,-0.067104,0.004329,0.00282
0,0.161776,-0.16609,-0.078133,0.013987,-0.103972,0.025078,0.002824,0.002899
0,0.380947,-0.223169,0.207362,-0.072709,0.233675,-0.047255,0.005442,0.003895
0,0.288334,-0.119845,-0.089419,0.097362,-0.102829,0.135436,0.005032,0.002092
0,0.251244,-0.007224,-0.010647,0.10929,0.025083,0.150588,0.004385,0.000126
0,0.283209,-0.162172,0.045722,-0.160825,0.028119,-0.122126,0.004943,0.00283
0,0.338432,-0.080377,0.07772,0.093095,0.126184,0.052799,0.005907,0.001403
0,0.203105,-0.009362,-0.15286,0.086121,-0.142423,0.129652,0.003545,0.000163
0,0.344543,0.050208,0.140608,0.046964,0.171635,0.016878,0.006013,0.000876
0,0.146017,-0.079851,-0.179565,-0.143387,-0.198482,-0.139264,0.002548,0.001394
0,0.269027,-0.143808,0.144443,-0.080225,0.09724,-0.109462,0.004695,0.00251
0,0.138578,-0.125218,-0.152112,0.021645,-0.145465,0.031542,0.002419,0.002185
0,0.267097,-0.087625,0.109392,0.058324,0.067697,0.095515,0.004662,0.001529
0,0.172534,-0.136851,-0.081076,-0.071241,-0.094722,-0.109993,0.003011,0.002389
0,0.046706,-0.170374,-0.13347,-0.03784,-0.127232,-0.079749,0.000815,0.002974
0,0.204161,-0.005271,0.180388,0.142731,0.207012,0.183012,0.003563,9.2e-05
0,0.148407,0.027315,-0.05388,0.010224,-0.079682,0.020755,0.00259,0.000477
0,0.220241,-0.043992,0.048858,-0.06231,0.089386,-0.080905,0.003844,0.000768
0,0.115016,-0.122847,-0.114104,-0.090346,-0.065189,-0.058771,0.002007,0.002144
0,0.240893,-0.211702,0.149423,-0.086858,0.160245,-0.064191,0.004204,0.003695
0,0.251213,-0.192101,0.028905,0.015143,0.049107,-0.007806,0.004384,0.003353
0,0.193574,-0.150901,-0.045477,0.025123,-0.001755,0.031133,0.003379,0.002634
0,-0.009082,-0.199517,-0.211821,-0.026247,-0.209748,-0.022425,0.000159,0.003482
0,0.070909,-0.150907,0.084135,0.020846,0.05959,-0.025257,0.001238,0.002634
0,0.12449,-0.042068,0.083291,0.106751,0.053436,0.101243,0.002173,0.000734
0,0.019009,-0.182561,-0.112235,-0.125853,-0.074098,-0.110602,0.000332,0.003186
0,0.18345,-0.183973,0.180799,0.025663,0.170392,0.034878,0.003202,0.003211
0,0.268223,-0.048989,0.114393,0.137231,0.127405,0.104412,0.004681,0.000855
0,0.2884,-0.171902,0.021225,-0.103889,0.067147,-0.059926,0.005034,0.003
0,0.219332,-0.131658,-0.053703,0.037831,-0.019606,0.077298,0.003828,0.002298
0,-0.01634,-0.018335,-0.232141,0.116084,-0.223163,0.112838,0.000285,0.00032
0,-0.058393,-0.009727,-0.043021,-0.006322,-0.037796,-0.040159,0.001019,0.00017
0,0.084641,-0.212909,0.164537,-0.224306,0.160743,-0.240409,0.001477,0.003716
0,0.18234,-0.007392,0.086822,0.188458,0.054512,0.175271,0.003182,0.000129
0,0.076566,-0.086791,-0.077165,-0.090037,-0.05829,-0.101444,0.001336,0.001515
0,0.087835,0.008684,0.010074,0.109458,0.052907,0.101093,0.001533,0.000152
0,0.207829,-0.030679,0.098308,-0.034229,0.053924,0.002124,0.003627,0.000535
0,0.178744,-0.281099,-0.020087,-0.260509,-0.063184,-0.22975,0.00312,0.004906
0,0.189308,-0.020855,0.033276,0.260008,0.061507,0.278883,0.003304,0.000364
0,0.154476,-0.248923,-0.027238,-0.237322,0.005487,-0.276471,0.002696,0.004345
0,0.139156,-0.214725,-0.041184,0.020449,-0.004483,0.051292,0.002429,0.003748
0,0.188904,-0.21745,0.038895,0.024011,0.085628,-0.016724,0.003297,0.003795
0,0.033519,-0.217062,-0.178493,-0.017276,-0.17218,0.030986,0.000585,0.003788
0,0.063593,-0.185026,0.022642,0.043118,-0.024917,0.051602,0.00111,0.003229
0,0.177099,0.0136,0.098621,0.219838,0.135933,0.177527,0.003091,0.000237
0,0.024372,-0.062867,-0.179116,-0.074214,-0.152349,-0.065349,0.000425,0.001097
0,0.045693,-0.081294,-0.00191,-0.029514,0.003696,-0.062977,0.000797,0.001419
0,0.121421,-0.010869,0.104914,0.057474,0.08248,0.049072,0.002119,0.00019
0,0.191102,0.008727,0.091352,0.001741,0.133352,0.033894,0.003335,0.000152
0,0.124498,0.042453,-0.090898,0.048814,-0.08389,0.009447,0.002173,0.000741
0,0.029697,-0.084276,-0.094209,-0.105667,-0.086669,-0.087203,0.000518,0.001471
0,0.021636,-0.075851,-0.024893,-0.006746,0.00675,0.032263,0.000378,0.001324
0,0.09633,0.081278,0.065933,0.153464,0.064502,0.126391,0.001681,0.001419
0,0.118115,0.036732,0.006849,-0.051977,0.020654,-0.098438,0.002061,0.000641
0,-0.023103,-0.095641,-0.121732,-0.120881,-0.117268,-0.123973,0.000403,0.001669
0,-0.025712,-0.068376,-0.019941,0.026752,-0.004504,0.031807,0.000449,0.001193
0,0.135,-0.134695,0.135096,-0.074746,0.120658,-0.093653,0.002356,0.002351
0,0.016544,-0.111442,-0.134518,0.008269,-0.091925,-0.003367,0.000289,0.001945
0,0.058082,0.031738,0.029666,0.152089,0.024074,0.197484,0.001014,0.000554
0,0.067192,0.046843,0.030152,0.009819,0.053353,-0.00862,0.001173,0.000818
0,0.169329,-0.026699,0.078088,-0.082184,0.093564,-0.118913,0.002955,0.000466
0,0.052802,-0.077437,-0.106913,-0.028427,-0.108651,-0.024767,0.000922,0.001352
0,0.173149,0.129509,0.121059,0.196169,0.167999,0.149375,0.003022,0.00226
0,0.086012,0.178893,-0.06591,0.047911,-0.027144,0.065404,0.001501,0.003122
0,-0.100607,-0.003587,-0.168282,-0.197689,-0.12004,-0.17406,0.001756,6.3e-05
0,0.104521,0.150709,0.225676,0.126306,0.206457,0.102577,0.001824,0.00263
0,-0.104688,0.07983,-0.228612,-0.053951,-0.27586,-0.084319,0.001827,0.001393
0,0.075461,0.054083,0.20545,-0.04345,0.253722,-0.033257,0.001317,0.000944
0,-0.034992,0.015987,-0.102601,-0.041442,-0.126867,-0.064582,0.000611,0.000279
0,0.133465,-0.012307,0.195032,-0.030801,0.240641,-0.025418,0.002329,0.000215
0,0.011072,0.097865,-0.129825,0.094612,-0.151826,0.140031,0.000193,0.001708
0,-0.037562,0.117721,-0.072842,0.009792,-0.08783,0.026468,0.000656,0.002055
0,-0.061445,0.033118,0.005308,-0.073488,0.00689,-0.036578,0.001072,0.000578
0,0.04046,0.18203,0.116049,0.141799,0.154492,0.179969,0.000706,0.003177
0,0.211624,0.084887,0.195381,-0.114694,0.195241,-0.142903,0.003694,0.001482
0,0.051842,0.161845,-0.159967,0.080869,-0.174802,0.068362,0.000905,0.002825
0,-0.028039,-0.006059,-0.083407,-0.189273,-0.074992,-0.234593,0.000489,0.000106
0,0.045951,0.108373,0.047629,0.102817,0.09649,0.090832,0.000802,0.001891
0,0.212579,0.175139,0.155692,0.0821,0.170996,0.0727,0.00371,0.003057
0,0.044582,0.162248,-0.149548,0.007902,-0.111338,0.050372,0.000778,0.002832
0,0.067911,0.133717,0.04173,-0.021883,0.018967,-0.037872,0.001185,0.002334
0,0.108303,0.03512,0.025852,-0.110775,0.050257,-0.12177,0.00189,0.000613
0,0.32158,0.06334,0.243234,0.026778,0.266579,-0.018336,0.005613,0.001105
0,0.108205,-0.008269,-0.194263,-0.097453,-0.16086,-0.095774,0.001889,0.000144
0,0.2799,-0.09496,0.156716,-0.085463,0.139883,-0.114623,0.004885,0.001657
0,0.275777,0.16241,-0.010552,0.23473,0.03129,0.25212,0.004813,0.002835
0,0.200452,0.164426,-0.09118,-0.014963,-0.135012,-0.052577,0.003499,0.00287
0,0.331338,-0.002392,0.140719,-0.16531,0.093356,-0.192692,0.005783,4.2e-05
0,0.312023,0.089281,-0.04521,0.092838,-0.068509,0.090278,0.005446,0.001558
0,0.197475,0.105457,-0.126133,0.044905,-0.086744,0.045311,0.003447,0.001841
0,0.2534,0.148575,0.032251,0.065932,-0.016158,0.108984,0.004423,0.002593
0,-0.005945,0.004214,-0.285537,-0.147379,-0.288525,-0.125295,0.000104,7.4e-05
0,0.206617,0.109623,0.215544,0.0917,0.258861,0.056563,0.003606,0.001913
0,-0.019776,-0.087222,-0.235851,-0.206622,-0.257133,-0.193466,0.000345,0.001522
0,0.119724,-0.085877,0.155568,0.004879,0.160576,0.03002,0.00209,0.001499
0,0.000303,0.152102,-0.091055,0.253441,-0.071985,0.242787,5e-06,0.002655
0,-0.014876,0.205391,-0.023093,0.028857,-0.004967,-0.015284,0.00026,0.003585
0,0.156966,0.001225,0.176053,-0.197935,0.127306,-0.154776,0.00274,2.1e-05
0,0.166825,0.196323,-0.001357,0.201912,-0.043077,0.190445,0.002912,0.003426
0,0.213048,0.044983,0.070376,-0.161371,0.061656,-0.185101,0.003718,0.000785
0,0.143017,0.141154,-0.043459,0.090984,0.00229,0.067511,0.002496,0.002464
0,0.017816,0.04475,-0.112301,-0.110356,-0.155917,-0.156825,0.000311,0.000781
0,0.259041,0.054143,0.267798,0.015318,0.228092,0.048775,0.004521,0.000945
0,0.188512,0.027293,-0.072953,-0.011313,-0.037192,-0.032643,0.00329,0.000476
0,0.382284,0.012876,0.198642,0.00464,0.212481,-0.038831,0.005418,0.000225
0,0.189679,0.137572,-0.200378,0.126381,-0.158041,0.104011,0.003311,0.002401
0,0.12689,0.074192,-0.070852,-0.076529,-0.038233,-0.078665,0.002215,0.001295
0,0.324345,-0.043147,0.191742,-0.103386,0.208417,-0.141999,0.005661,0.000753
0,0.151674,-0.128527,-0.201359,-0.066557,-0.179445,-0.053254,0.002647,0.002243
0,0.314908,-0.010729,0.192735,0.124157,0.152435,0.103227,0.005496,0.000187
0,0.345098,-0.038781,0.026555,-0.01873,0.036725,0.023975,0.006023,0.000677
0,0.159251,-0.050337,-0.213474,-0.003758,-0.164406,-0.010785,0.002779,0.000879
0,0.190438,0.067063,0.014496,0.090888,-0.007164,0.134597,0.003324,0.00117
0,0.227598,-0.040775,0.021991,-0.12566,0.017679,-0.120285,0.003972,0.000712
0,0.320159,-0.040132,0.078558,-0.0275,0.105419,0.013082,0.005588,0.0007
0,0.114484,0.126437,-0.225226,0.153663,-0.227028,0.193914,0.001998,0.002207
0,0.219032,-0.09649,0.131815,-0.219781,0.134948,-0.19566,0.003823,0.001684
0,0.357904,-0.06366,0.133378,0.050332,0.152785,0.062827,0.005844,0.001111
0,0.315735,0.078541,-0.059696,0.126393,-0.064019,0.13749,0.005511,0.001371
0,0.225831,-0.135038,-0.1039,-0.191249,-0.108864,-0.228782,0.003941,0.002357
0,0.071675,0.045777,-0.152375,0.190193,-0.121009,0.148331,0.001251,0.000799
0,0.30103,-0.09532,0.241649,-0.128918,0.241769,-0.155676,0.005254,0.001664
0,0.330026,0.141164,0.028078,0.236656,-0.007405,0.20921,0.00576,0.002464
0,0.089074,0.000553,-0.223194,-0.128819,-0.193944,-0.134787,0.001555,1e-05
0,0.294941,0.079693,0.226238,0.064816,0.241716,0.072301,0.005148,0.001391
0,0.22476,-0.119316,-0.080979,-0.200105,-0.058792,-0.198792,0.003923,0.002082
0,0.268261,0.114719,0.049005,0.232431,0.088109,0.184726,0.004682,0.002002
0,0.100999,0.073955,-0.145315,-0.038049,-0.12086,-0.042365,0.001763,0.001291
0,0.245084,-0.036193,0.134618,-0.080607,0.143456,-0.079185,0.004278,0.000632
0,0.09171,0.105424,-0.16925,0.150779,-0.191762,0.126228,0.001601,0.00184
0,0.088607,-0.055595,0.017747,-0.181992,-0.030808,-0.155598,0.001546,0.00097
0,0.091523,-0.015004,0.008623,0.023836,-0.038582,0.00277,0.001597,0.000262
0,0.109363,-0.072564,0.001239,-0.070325,0.021129,-0.057115,0.001909,0.001266
0,0.012383,0.186564,-0.078506,0.253502,-0.083994,0.274334,0.000216,0.003256
0,0.042762,-0.084518,0.058336,-0.258334,0.067876,-0.302573,0.000746,0.001475
0,0.006863,0.195304,-0.012951,0.305897,0.017097,0.355519,0.00012,0.003409
0,0.123211,0.183933,0.090978,0.007956,0.108264,-0.005631,0.00215,0.00321
0,0.174741,0.122549,0.065132,-0.064009,0.023243,-0.044296,0.00305,0.002139
0,0.165624,0.016855,-0.011414,-0.076597,-0.059948,-0.057965,0.002891,0.000294
0,0.234449,0.139707,0.08036,0.132136,0.040145,0.168491,0.004092,0.002438
0,0.102316,0.051628,-0.115221,-0.062998,-0.154048,-0.042663,0.001786,0.000901
0,0.100137,-0.066526,0.010834,-0.100942,0.034498,-0.0847,0.001748,0.001161
0,0.329958,0.059208,0.241868,0.100919,0.27656,0.091326,0.005759,0.001033
0,0.226142,0.136102,-0.112927,0.066836,-0.149021,0.039719,0.003947,0.002375
0,0.147205,-0.058737,-0.056533,-0.196586,-0.048317,-0.199523,0.002569,0.001025
0,0.161021,0.078276,0.029299,0.147911,-0.003612,0.112982,0.00281,0.001366
0,0.15355,0.096967,-0.029516,0.002177,-0.008618,-0.022225,0.00268,0.001692
0,0.374587,0.148937,0.202377,0.026299,0.224323,0.070609,0.005553,0.002599
0,0.130107,-0.121432,-0.24816,-0.241439,-0.279313,-0.211605,0.002271,0.002119
0,0.348548,-0.064542,0.190381,0.055033,0.178727,0.010361,0.006007,0.001126
0,0.21083,0.116729,-0.1505,0.193557,-0.185442,0.190425,0.00368,0.002037
0,0.425103,-0.019349,0.232797,-0.13598,0.21074,-0.103244,0.004671,0.000338
0,0.111341,0.046936,-0.336163,0.037892,-0.373183,-0.011489,0.001943,0.000819
0,0.160702,-0.035392,0.058831,-0.053884,0.052076,-0.054328,0.002805,0.000618
0,0.139576,0.133447,-0.018215,0.188336,-0.027005,0.179269,0.002436,0.002329
0,0.074901,-0.019241,-0.035119,-0.142018,-0.078064,-0.120525,0.001307,0.000336
0,0.310304,-0.129779,0.213744,-0.099411,0.221434,-0.071338,0.005416,0.002265
0,0.180252,0.106639,-0.160023,0.222101,-0.156229,0.215899,0.003146,0.001861
0,0.133773,0.133208,-0.063296,0.006894,-0.069271,0.028224,0.002335,0.002325
0,0.335476,0.063857,0.201,-0.079827,0.195737,-0.107956,0.005855,0.001115
0,0.265134,-0.125011,-0.095453,-0.165503,-0.143497,-0.1846,0.004627,0.002182
0,0.061463,-0.004917,-0.204384,0.133555,-0.203537,0.146587,0.001073,8.6e-05
0,0.18455,-0.137377,0.101871,-0.133362,0.145667,-0.177007,0.003221,0.002398
0,0.185616,0.055493,0.018956,0.187304,-0.017823,0.224851,0.00324,0.000969
0,-0.025271,0.132749,-0.22891,0.063884,-0.236682,0.04867,0.000441,0.002317
0,0.212581,-0.134481,0.225924,-0.243473,0.204001,-0.253546,0.00371,0.002347
0,0.074362,-0.169673,-0.115264,-0.047165,-0.140351,-0.070562,0.001298,0.002961
0,0.122605,-0.177676,0.063563,-0.037835,0.087111,0.008533,0.00214,0.003101
0,0.122496,0.112713,-0.02281,0.319471,-0.056474,0.36765,0.002138,0.001967
0,0.131775,0.079059,-0.014624,-0.037349,0.020988,-0.04385,0.0023,0.00138
0,0.213614,0.011477,0.054432,-0.040553,0.051133,0.002292,0.003728,0.0002
0,0.178961,-0.077314,-0.025674,-0.104114,-0.032216,-0.072964,0.003123,0.001349
0,-0.004244,-0.152667,-0.20876,-0.05478,-0.214321,-0.100994,7.4e-05,0.002665
0,0.198082,0.099793,0.175098,0.255601,0.173408,0.278486,0.003457,0.001742
0,0.127416,-0.087633,-0.069321,-0.157805,-0.113996,-0.17123,0.002224,0.001529
0,0.109857,0.00197,-0.035821,0.10499,-0.050303,0.089523,0.001917,3.4e-05
0,0.255311,-0.038056,0.163238,-0.068581,0.137382,-0.030287,0.004456,0.000664
0,0.199162,0.034113,-0.027322,0.090363,-0.050747,0.092894,0.003476,0.000595
0,0.247667,-0.131142,0.04746,-0.152185,0.083789,-0.163238,0.004323,0.002289
0,0.245902,-0.05477,-0.019186,0.073776,-0.020686,0.084136,0.004292,0.000956
0,0.38108,0.072053,0.157772,0.106327,0.167118,0.098093,0.005439,0.001258
0,0.33874,0.080451,-0.027807,0.029455,-0.029448,-0.006924,0.005912,0.001404
0,0.285242,-0.061097,-0.049112,-0.165807,-0.093555,-0.118194,0.004978,0.001066
0,0.049805,0.042087,-0.245063,0.100557,-0.253501,0.068577,0.000869,0.000735
0,0.197843,-0.063085,0.133632,-0.133093,0.132156,-0.173029,0.003453,0.001101
0,0.030136,0.095648,-0.183036,0.18592,-0.201671,0.202131,0.000526,0.001669
0,0.104803,0.098918,0.086463,0.027265,0.074143,-0.012188,0.001829,0.001726
0,0.227095,0.16763,0.117269,0.07889,0.07321,0.0882,0.003964,0.002926
0,0.173003,0.02114,-0.0251,-0.122647,-0.041785,-0.109467,0.003019,0.000369
0,0.036678,-0.027126,-0.107465,-0.023737,-0.088097,-0.071228,0.00064,0.000473
0,-0.053222,0.054072,-0.072999,0.091112,-0.064624,0.041463,0.000929,0.000944
0,-0.050874,0.039938,-0.01431,-0.027214,0.004069,-0.069528,0.000888,0.000697
0,0.073482,-0.011698,0.14045,-0.08124,0.188469,-0.090665,0.001283,0.000204
0,-0.066553,0.152281,-0.118586,0.173441,-0.153999,0.150026,0.001162,0.002658
0,-0.00472,-0.034246,0.049957,-0.211091,0.094894,-0.185735,8.2e-05,0.000598
0,-0.153139,-0.07301,-0.1495,-0.030992,-0.123994,-0.029383,0.002673,0.001274
0,-0.204388,0.099493,-0.074382,0.153413,-0.044169,0.121361,0.003567,0.001736
0,-0.068837,0.125407,0.152038,0.035069,0.198331,0.07617,0.001201,0.002189
0,0.070277,0.034814,0.158124,-0.090467,0.187315,-0.09849,0.001227,0.000608
0,-0.187734,0.075422,-0.245495,0.038597,-0.287156,0.080987,0.003277,0.001316
0,-0.158173,0.184664,0.055609,0.111933,0.098098,0.111583,0.002761,0.003223
0,-0.177935,0.010533,-0.01356,-0.19411,-0.036494,-0.170099,0.003106,0.000184
0,-0.116899,0.031781,0.053649,0.006415,0.058039,0.00463,0.00204,0.000555
0,0.040091,0.112473,0.18079,0.063864,0.215919,0.108398,0.0007,0.001963
0,0.124901,0.233336,0.113013,0.115302,0.108323,0.06764,0.00218,0.004072
0,0.091911,0.216036,-0.047858,0.002812,-0.084927,-0.028278,0.001604,0.003771
0,-0.00928,0.228148,-0.078161,0.022702,-0.095643,0.060027,0.000162,0.003982
0,0.137955,-0.037119,0.136793,-0.276885,0.165748,-0.319677,0.002408,0.000648
0,-0.074449,0.163604,-0.211527,0.218777,-0.206476,0.246962,0.001299,0.002855
0,-0.056207,0.008081,0.003845,-0.149744,0.041456,-0.168329,0.000981,0.000141
0,-0.017525,-0.054617,0.008722,-0.071076,0.0206,-0.075862,0.000306,0.000953
0,0.018376,0.174031,0.047285,0.224297,0.065957,0.249074,0.000321,0.003037
0,-0.078926,0.095169,-0.116144,-0.103501,-0.096332,-0.137233,0.001378,0.001661
0,-0.039345,-0.023717,0.023647,-0.140278,-0.00968,-0.128807,0.000687,0.000414
0,0.101558,0.086625,0.131107,0.117478,0.171637,0.132553,0.001773,0.001512
0,0.181834,-0.075725,0.102332,-0.175148,0.054209,-0.186889,0.003174,0.001322
0,0.068348,0.064759,-0.115667,0.11168,-0.143669,0.122415,0.001193,0.00113
0,-0.062727,0.058082,-0.158243,0.023083,-0.183535,-0.008096,0.001095,0.001014
0,0.185475,-0.016817,0.251387,-0.060124,0.278194,-0.072818,0.003237,0.000294
0,0.11884,0.172738,-0.06762,0.218648,-0.115144,0.235827,0.002074,0.003015
0,-0.462404,-0.287475,-0.610779,-0.452277,-0.613938,-0.452421,0.00402,0.005017
0,-0.461828,-0.63738,0.011292,-0.33276,-0.022137,-0.373406,0.00403,0.000966
0,-0.610561,-1.248411,-0.175649,-0.636201,-0.146982,-0.601465,0.001434,0.002392
0,-0.617354,-1.214704,-0.026011,0.060883,-0.067682,0.049066,0.001316,0.00298
0,-0.672686,-1.021769,-0.042917,0.197354,-0.08982,0.210998,0.00035,0.005743
0,-0.508719,-0.970734,0.188704,0.047071,0.194726,0.055752,0.003212,0.004852
0,-0.40535,-0.804246,0.092912,0.145774,0.104307,0.142659,0.005016,0.001946
0,-0.1594,-0.476708,0.275825,0.338536,0.307172,0.350142,0.002782,0.00377
0,-0.083349,-0.382922,0.061099,0.079408,0.070578,0.048309,0.001455,0.005407
0,0.172507,-0.282844,0.263732,0.092317,0.258348,0.078141,0.003011,0.004937
0,0.111043,-0.211117,-0.075764,0.072082,-0.125154,0.03163,0.001938,0.003685
0,0.023137,-0.216362,-0.067766,-0.003478,-0.067147,0.044332,0.000404,0.003776
0,-0.010986,0.027342,-0.053668,0.270189,-0.030572,0.221371,0.000192,0.000477
0,-0.040847,-0.060797,-0.029973,-0.072115,-0.051925,-0.051199,0.000713,0.001061
0,0.000408,0.025434,0.022713,0.09654,-0.017148,0.053877,7e-06,0.000444
0,-0.013323,0.119075,0.00192,0.066719,0.018892,0.025113,0.000233,0.002078
0,0.21245,0.158522,0.242279,0.066932,0.207529,0.098712,0.003708,0.002767
0,-0.063282,-0.14358,-0.265306,-0.325932,-0.258019,-0.352762,0.001104,0.002506
0,0.00083,0.03901,0.03785,0.195271,0.015281,0.239802,1.4e-05,0.000681
0,0.007907,-0.097005,0.02091,-0.134239,0.047619,-0.097291,0.000138,0.001693
0,0.097895,0.063763,0.072915,0.13275,0.116111,0.1476,0.001709,0.001113
0,0.033864,-0.028116,-0.069845,-0.075352,-0.06291,-0.1228,0.000591,0.000491
0,0.122663,0.117094,0.117057,0.127235,0.07634,0.143841,0.002141,0.002044
0,-0.104723,-0.11086,-0.207954,-0.219747,-0.223016,-0.196024,0.001828,0.001935
0,0.054145,-0.076337,0.141577,0.059227,0.161657,0.029862,0.000945,0.001332
0,-0.082331,-0.214742,-0.148614,-0.108425,-0.16325,-0.130509,0.001437,0.003748
0,-0.149803,-0.151522,-0.087063,0.036147,-0.093195,0.07735,0.002615,0.002645
0,-0.033784,0.113719,0.138376,0.273538,0.169002,0.224132,0.00059,0.001985
0,0.034667,0.007799,0.084092,-0.11156,0.080247,-0.109472,0.000605,0.000136
0,-0.09451,0.086617,-0.104732,0.051273,-0.1133,0.060918,0.00165,0.001512
0,-0.059847,0.063939,0.049505,0.005879,0.091213,-0.026748,0.001045,0.001116
0,0.113745,0.045801,0.161106,-0.041627,0.140421,-0.024934,0.001985,0.000799
0,-0.082583,0.107118,-0.179266,0.059542,-0.212497,0.049622,0.001441,0.00187
0,-0.119166,0.022064,-0.016288,-0.072166,-0.014197,-0.059806,0.00208,0.000385
0,-0.012641,-0.055458,0.109737,-0.07002,0.092727,-0.072294,0.000221,0.000968
0,-0.01586,-0.118168,0.001873,-0.08305,-0.016409,-0.119106,0.000277,0.002062
0,0.030455,0.067746,0.021297,0.166618,0.066792,0.125368,0.000532,0.001182
0,-0.16959,-0.120102,-0.183193,-0.206385,-0.209348,-0.227037,0.00296,0.002096
0,-0.070457,-0.111358,0.090613,-0.012707,0.084047,0.00017,0.00123,0.001944
0,0.132538,-0.121589,0.201265,0.00429,0.206768,-0.01682,0.002313,0.002122
0,0.069929,-0.14394,-0.075387,-0.026168,-0.074163,0.015714,0.00122,0.002512
0,0.13377,0.080203,0.055548,0.214993,0.090892,0.193556,0.002335,0.0014
0,-0.09995,0.132811,-0.228851,0.081598,-0.220786,0.111782,0.001744,0.002318
0,0.096659,-0.119461,0.19146,-0.248461,0.215188,-0.289536,0.001687,0.002085
0,0.20684,0.079967,0.118203,0.199995,0.149504,0.16464,0.00361,0.001396
0,0.122806,0.057036,-0.064006,-0.042952,-0.104385,-0.024171,0.002143,0.000995
0,0.039283,-0.021055,-0.073662,-0.104346,-0.115196,-0.085737,0.000686,0.000367
0,-0.035244,5.5e-05,-0.06527,0.043328,-0.05355,0.034904,0.000615,1e-06
0,0.02078,0.022217,0.059624,0.001186,0.089945,-0.007086,0.000363,0.000388
0,-0.051088,0.108722,-0.090528,0.062994,-0.084438,0.018744,0.000892,0.001898
0,-0.113517,0.167077,-0.041621,0.029781,0.00682,0.044588,0.001981,0.002916
0,0.011256,0.201059,0.134431,0.027022,0.099943,0.004285,0.000196,0.003509
0,0.014924,0.034643,-0.021557,-0.153555,-0.03376,-0.193141,0.00026,0.000605
0,0.163145,0.054072,0.164444,0.03432,0.117838,-0.009206,0.002847,0.000944
0,0.050743,-0.023667,-0.123561,-0.072461,-0.11316,-0.109004,0.000886,0.000413
0,0.111011,0.101747,0.044036,0.124088,0.021717,0.08351,0.001938,0.001776
0,0.057344,0.127515,-0.080154,0.003656,-0.094338,0.006729,0.001001,0.002226
0,0.213612,0.14201,0.156704,0.015532,0.165359,0.063696,0.003728,0.002479
0,0.16194,-0.120154,-0.03135,-0.283072,-0.064099,-0.294935,0.002826,0.002097
0,0.245059,-0.096865,0.078152,0.040487,0.043058,0.00498,0.004277,0.001691
0,0.11589,-0.05051,-0.100548,0.038226,-0.079596,0.06088,0.002023,0.000882
0,0.109273,-0.044057,-0.017907,-0.022143,-0.042694,0.006445,0.001907,0.000769
0,0.107931,0.061978,0.028327,0.079652,-0.010903,0.121435,0.001884,0.001082
0,0.099668,-0.115605,0.017762,-0.172519,0.012516,-0.141505,0.00174,0.002018
0,0.138854,-0.01318,0.041331,0.124098,0.0401,0.167756,0.002423,0.00023
0,0.136415,0.057503,-0.030725,0.081968,-0.046858,0.105406,0.002381,0.001004
0,0.121728,0.002145,-0.044249,-0.061985,-0.002985,-0.109965,0.002125,3.7e-05
0,0.360787,0.079821,0.2588,0.048104,0.211265,0.091852,0.005794,0.001393
0,0.225026,0.018885,-0.114139,-0.053621,-0.082747,-0.073215,0.003927,0.00033
0,0.309898,-0.045462,0.066288,-0.068319,0.091898,-0.064148,0.005409,0.000793
0,0.196592,-0.199009,-0.141038,-0.180896,-0.171932,-0.183593,0.003431,0.003473
0,0.058295,0.038932,-0.155334,0.250627,-0.137446,0.264696,0.001017,0.000679
0,0.069966,-0.002931,0.003743,-0.065705,-0.035377,-0.071383,0.001221,5.1e-05
0,0.080253,-0.044993,9.4e-05,-0.016329,-0.033186,-0.04676,0.001401,0.000785
0,0.169499,-0.086958,0.099431,-0.045393,0.090928,-0.00355,0.002958,0.001518
0,0.117316,0.027307,-0.07146,0.116688,-0.120503,0.068295,0.002048,0.000477
0,0.230702,0.077295,0.092976,0.066785,0.05345,0.071934,0.004027,0.001349
0,0.187852,-0.134596,-0.022862,-0.240313,-0.066997,-0.215904,0.003279,0.002349
0,0.177969,0.077793,-0.011124,0.184978,0.022524,0.146441,0.003106,0.001358
0,-0.038686,0.031159,-0.201526,-0.032837,-0.21464,-0.061063,0.000675,0.000544
0,0.009906,-0.067753,0.043754,-0.077576,0.031674,-0.040712,0.000173,0.001183
0,0.144641,-0.102058,0.148602,-0.055661,0.191315,-0.064719,0.002524,0.001781
0,0.000682,-0.20148,-0.123986,-0.09051,-0.154224,-0.110939,1.2e-05,0.003516
0,0.12156,-0.067824,0.129756,0.157093,0.137432,0.140254,0.002122,0.001184
0,-0.092957,-0.159691,-0.244009,-0.062627,-0.240457,-0.059563,0.001622,0.002787
0,-0.015819,-0.174376,0.049226,-0.007193,0.090898,-0.026358,0.000276,0.003043
0,-0.115109,-0.001506,-0.123153,0.173807,-0.125764,0.135082,0.002009,2.6e-05
0,-0.140735,-0.150605,-0.017049,-0.151771,-0.011023,-0.155631,0.002456,0.002629
0,-0.140969,-0.015198,-0.025902,0.120439,-0.068574,0.114695,0.00246,0.000265
0,-0.205835,-0.02896,-0.084962,0.007936,-0.127173,0.037186,0.003592,0.000505
0,-0.085948,0.002113,0.104355,0.003317,0.063175,-0.01586,0.0015,3.7e-05
0,0.067915,-0.13641,0.152056,-0.145927,0.103081,-0.160332,0.001185,0.002381
0,0.114491,-0.119196,0.060742,-0.006206,0.040921,0.037816,0.001998,0.00208
0,-0.068637,-0.126188,-0.188131,0.012245,-0.197071,0.018853,0.001198,0.002202
0,-0.234241,-0.082264,-0.145781,0.039031,-0.129178,0.040899,0.004088,0.001436
0,-0.077807,-0.134467,0.18395,-0.035828,0.147495,-0.032972,0.001358,0.002347
0,-0.06837,0.12645,-0.00129,0.237991,-0.033368,0.216476,0.001193,0.002207
0,-0.029958,0.007052,0.034931,-0.13415,-0.001614,-0.123486,0.000523,0.000123
0,-0.232639,0.112609,-0.172889,0.078073,-0.186626,0.094152,0.00406,0.001965
0,-0.280194,0.091857,-0.04161,0.00674,-0.073173,0.014686,0.00489,0.001603
0,-0.151983,0.078986,0.114777,-0.021889,0.136666,-0.029826,0.002653,0.001379
0,-0.05492,-0.090445,0.07903,-0.195398,0.065755,-0.243078,0.000959,0.001579
0,-0.25206,-0.022394,-0.194864,0.092149,-0.194319,0.106343,0.004399,0.000391
0,-0.106315,-0.145118,0.16061,-0.145802,0.146363,-0.138921,0.001856,0.002533
0,0.044115,-0.032799,0.170872,0.13124,0.190499,0.142275,0.00077,0.000572
0,0.002125,0.07827,-0.055796,0.121802,-0.038615,0.145698,3.7e-05,0.001366
0,-0.08337,-0.121796,-0.065729,-0.208383,-0.103479,-0.247288,0.001455,0.002126
0,0.130975,-0.092945,0.193048,0.012053,0.182926,0.031907,0.002286,0.001622
0,-0.003225,-0.032013,-0.119872,0.037637,-0.080816,0.01306,5.6e-05,0.000559
0,0.059457,0.108976,0.06158,0.139201,0.072332,0.179267,0.001038,0.001902
0,-0.154483,-0.004715,-0.222207,-0.103222,-0.219292,-0.108038,0.002696,8.2e-05
0,-0.015763,-0.065348,0.15622,-0.082899,0.138042,-0.047874,0.000275,0.001141
0,-0.030801,0.053392,-0.036054,0.136232,-0.021233,0.141705,0.000538,0.000932
0,-0.126733,0.094976,-0.075492,0.01655,-0.095359,0.057553,0.002212,0.001658
0,0.016356,0.136501,0.1132,0.056835,0.063265,0.086266,0.000285,0.002382
0,0.003083,-0.112653,0.001315,-0.268514,0.005078,-0.272938,5.4e-05,0.001966
0,0.158784,0.034822,0.139104,0.146408,0.101428,0.117094,0.002771,0.000608
0,0.190609,0.013058,0.053781,-0.007634,0.084368,-0.032845,0.003327,0.000228
0,-0.022231,0.087776,-0.229977,0.100422,-0.191285,0.147376,0.000388,0.001532
0,0.042713,0.058116,0.079117,-0.003596,0.12552,-0.025451,0.000745,0.001014
0,-0.036642,-0.177335,-0.085871,-0.234641,-0.112833,-0.221447,0.00064,0.003095
0,0.127692,0.013094,0.192236,0.177067,0.223012,0.130447,0.002229,0.000229
0,0.041609,0.095961,-0.063348,0.10349,-0.090917,0.063524,0.000726,0.001675
0,0.209251,0.054472,0.196485,-0.036017,0.165756,-0.029101,0.003652,0.000951
0,0.069779,0.034725,-0.135442,-0.040537,-0.137959,-0.004878,0.001218,0.000606
0,0.036244,0.031739,-0.062007,-0.020705,-0.042712,-0.033818,0.000633,0.000554
0,0.068713,0.034719,0.057491,0.018409,0.044063,-0.024658,0.001199,0.000606
0,0.250116,0.08493,0.16749,0.031176,0.131722,-0.008574,0.004365,0.001482
0,0.216524,-0.157444,-0.039099,-0.223608,-0.080484,-0.208943,0.003779,0.002748
0,0.107953,-0.127875,-0.101304,0.015191,-0.135727,0.036846,0.001884,0.002232
0,0.312718,-0.128662,0.210829,0.015013,0.215117,-0.019116,0.005458,0.002246
0,0.129662,-0.092912,-0.199252,0.022632,-0.16561,0.056859,0.002263,0.001622
0,0.221989,-0.005643,0.11735,0.071157,0.100627,0.028687,0.003874,9.8e-05
0,0.286036,0.126214,0.067009,0.115728,0.091874,0.147667,0.004992,0.002203
0,0.096202,0.13699,-0.181083,-0.007088,-0.228373,-0.018113,0.001679,0.002391
0,0.250997,-0.034705,0.156533,-0.15801,0.165107,-0.147811,0.004381,0.000606
0,0.170643,0.04456,-0.072106,0.079686,-0.046227,0.051288,0.002978,0.000778
0,0.16424,0.027395,0.005202,-0.02857,0.044301,-0.073771,0.002867,0.000478
0,0.138468,-0.036423,-0.044573,-0.039066,-0.060718,0.006786,0.002417,0.000636
0,0.293786,0.025674,0.175148,0.087871,0.149543,0.071092,0.005128,0.000448
0,0.177644,-0.116725,-0.086595,-0.113786,-0.112292,-0.163212,0.0031,0.002037
0,0.082475,0.023137,-0.120547,0.126459,-0.088188,0.113087,0.001439,0.000404
0,0.069466,0.084618,0.00837,0.064886,0.035154,0.028112,0.001212,0.001477
0,0.002701,0.109679,-0.094409,-0.00422,-0.137317,0.03101,4.7e-05,0.001914
0,0.162292,-0.13891,0.173446,-0.252893,0.158107,-0.252848,0.002833,0.002424
0,0.179065,-0.136826,0.021553,0.005694,-0.028114,0.016864,0.003125,0.002388
0,0.250998,0.117123,0.091063,0.242655,0.08185,0.289092,0.004381,0.002044
0,0.276824,0.03027,0.022089,-0.095013,0.057327,-0.10871,0.004831,0.000528
0,0.189134,-0.130338,-0.113021,-0.160757,-0.067421,-0.153244,0.003301,0.002275
0,0.191332,0.118235,0.02808,0.231091,0.072811,0.21147,0.003339,0.002064
0,0.275399,0.082521,0.067219,-0.043083,0.07702,-0.08768,0.004807,0.00144
0,0.081292,0.068162,-0.200104,-0.033915,-0.192387,-0.055311,0.001419,0.00119
0,0.043223,0.119023,-0.020308,0.049513,0.012172,0.061928,0.000754,0.002077
0,0.059428,-0.129469,0.043034,-0.243802,0.054191,-0.283989,0.001037,0.00226
0,0.154349,-0.00097,0.120815,0.100885,0.10686,0.124008,0.002694,1.7e-05
0,0.147993,-0.157737,-0.025415,-0.162471,0.016882,-0.127532,0.002583,0.002753
0,0.64211,-2.223675,0.470264,-2.054111,0.43112,-2.065508,0.000884,0.002539
0,1.031462,-3.406534,0.407219,-1.210038,0.416829,-1.250259,0.005912,0.000997
0,0.979751,-3.049383,-0.022617,0.350009,-0.020662,0.357143,0.005009,0.00486
0,0.928032,-2.481073,-0.058452,0.544664,-0.103165,0.565864,0.004107,0.005059
0,0.730222,-1.965107,-0.199444,0.491573,-0.156447,0.507498,0.000654,0.001974
0,0.698991,-1.65813,-0.058966,0.304255,-0.046303,0.325445,0.000109,0.004759
0,0.312841,-1.016387,-0.37412,0.642581,-0.419681,0.683119,0.00546,0.005649
0,0.172161,-0.790054,-0.122327,0.223248,-0.138885,0.220047,0.003005,0.001699
0,0.218626,-0.108342,0.060699,0.672625,0.070795,0.70615,0.003816,0.001891
0,-0.025393,-0.157535,-0.228862,-0.069129,-0.213681,-0.107244,0.000443,0.00275
0,0.062128,0.147896,0.074722,0.290569,0.09447,0.252475,0.001084,0.002581
0,-0.15895,0.233917,-0.21518,0.113756,-0.263824,0.141,0.002774,0.004083
0,-0.135637,0.025484,-0.000114,-0.20852,0.010203,-0.205855,0.002367,0.000445
0,-0.008942,0.087191,0.107768,0.069476,0.08551,0.052401,0.000156,0.001522
0,-0.059983,0.182209,-0.04297,0.118315,-0.074761,0.102302,0.001047,0.00318
0,-0.08406,0.385772,-0.031924,0.217197,-0.054517,0.248905,0.001467,0.005357
0,0.01916,0.187929,0.089113,-0.203701,0.068009,-0.238655,0.000334,0.00328
0,0.006781,0.393338,-0.023637,0.198996,-0.024782,0.241406,0.000118,0.005225
0,0.117824,0.173805,0.126926,-0.237066,0.126001,-0.224599,0.002056,0.003033
0,0.159752,0.357052,0.061589,0.207713,0.09855,0.21096,0.002788,0.005859
0,-0.094462,0.357539,-0.280691,-0.018527,-0.306239,-0.032144,0.001649,0.00585
0,-0.062042,0.104685,0.052928,-0.276631,0.026917,-0.30053,0.001083,0.001827
0,0.132971,0.255883,0.19436,0.172146,0.200514,0.210327,0.002321,0.004466
0,-0.001066,0.13277,-0.148638,-0.120358,-0.110162,-0.157565,1.9e-05,0.002317
0,-0.04588,0.262302,-0.059323,0.139808,-0.011484,0.101599,0.000801,0.004578
0,0.049111,0.271154,0.111402,0.03091,0.095299,0.049935,0.000857,0.004733
0,0.130583,0.198393,0.077687,-0.094892,0.029053,-0.137859,0.002279,0.003463
0,0.094377,0.277576,-0.030746,0.097639,-0.034091,0.075115,0.001647,0.004845
0,-0.063954,0.182857,-0.157179,-0.089534,-0.183004,-0.129932,0.001116,0.003191
0,0.208822,0.079276,0.287778,-0.105143,0.328195,-0.111582,0.003645,0.001384
0,0.103474,0.233623,-0.120862,0.169955,-0.112522,0.121435,0.001806,0.004077
0,0.10262,0.190785,0.005279,-0.025784,-0.038403,-0.067828,0.001791,0.00333
0,0.030287,0.11301,-0.05184,-0.058189,-0.021889,-0.07979,0.000529,0.001972
0,0.005649,-0.037224,-0.013491,-0.142341,-0.011188,-0.148308,9.9e-05,0.00065
0,0.139164,-0.053855,0.12651,-0.009565,0.16068,0.005609,0.002429,0.00094
0,-0.060169,0.17765,-0.188327,0.25902,-0.203174,0.283968,0.00105,0.003101
0,0.023612,0.200638,0.0697,0.037293,0.104419,0.019245,0.000412,0.003502
0,0.917078,1.013127,0.89599,0.842465,0.86612,0.880647,0.003916,0.005592
0,1.11207,1.410593,0.217697,0.408072,0.259487,0.373164,0.004772,0.000439
0,1.12059,1.390296,0.036032,-0.00561,0.084211,-0.002696,0.004623,8.4e-05
0,1.019881,1.249668,-0.099773,-0.168316,-0.133531,-0.12722,0.00571,0.00237
0,0.92517,1.169726,-0.085576,-0.053002,-0.070308,-0.058738,0.004057,0.003765
0,0.791143,0.70617,-0.128037,-0.4364,-0.105098,-0.422457,0.001718,0.000235
0,0.648304,0.730239,-0.152524,0.018373,-0.181775,0.004315,0.000775,0.000655
0,0.414748,0.365455,-0.230476,-0.352295,-0.225611,-0.363094,0.004852,0.005712
0,0.249275,0.37856,-0.195411,0.004636,-0.187301,0.016861,0.004351,0.005483
0,0.185607,0.149395,-0.057579,-0.24067,-0.092204,-0.226101,0.003239,0.002607
0,0.066205,0.073574,-0.135788,-0.056393,-0.0938,-0.091897,0.001156,0.001284
0,0.03599,-0.200703,-0.05602,-0.287107,-0.042244,-0.253368,0.000628,0.003503
0,-0.090029,-0.227669,-0.112139,-0.01454,-0.100799,-0.018019,0.001571,0.003974
0,0.002762,-0.076454,0.101308,0.163304,0.094535,0.12238,4.8e-05,0.001334
0,-0.088416,-0.250525,-0.063538,-0.153811,-0.026416,-0.203617,0.001543,0.004372
0,-0.0338,-0.170657,0.065411,0.078815,0.028586,0.095338,0.00059,0.002979
0,-0.097474,-0.276648,-0.038793,-0.089399,-0.024156,-0.120122,0.001701,0.004828
0,0.021947,-0.28532,0.147045,-0.01997,0.196461,0.016494,0.000383,0.00498
0,0.106231,-0.260395,0.081988,0.003965,0.07175,-0.007847,0.001854,0.004545
0,-0.001591,-0.331883,-0.098151,-0.062813,-0.078479,-0.029186,2.8e-05,0.005792
0,-0.152523,-0.155145,-0.173692,0.188391,-0.159799,0.21073,0.002662,0.002708
0,-0.111371,-0.160391,0.067258,0.011771,0.048555,0.021796,0.001944,0.002799
0,-0.059653,-0.189569,0.075722,-0.051713,0.100881,-0.046261,0.001041,0.003309
0,0.078408,-0.164783,0.167313,0.021451,0.160216,0.018088,0.001368,0.002876
0,-0.202677,-0.207988,-0.309499,-0.025221,-0.331076,0.019691,0.003537,0.00363
0,-0.206666,-0.11863,-0.031627,0.10933,-0.016991,0.065066,0.003607,0.00207
0,0.000314,-0.350377,0.189734,-0.249434,0.225635,-0.256136,5e-06,0.005975
0,-0.051363,-0.258732,-0.081271,0.092586,-0.099293,0.124061,0.000896,0.004516
0,-0.152883,-0.29596,-0.088541,-0.061336,-0.130524,-0.025898,0.002668,0.005165
0,0.062808,-0.067521,0.214759,0.246918,0.181493,0.264549,0.001096,0.001178
0,-0.037748,-0.198718,-0.102777,-0.146829,-0.081206,-0.109884,0.000659,0.003468
0,-0.068978,-0.156144,-0.046287,0.040919,-0.032776,0.004447,0.001204,0.002725
0,-0.136079,-0.168893,-0.044414,-0.040701,-0.007881,-0.014515,0.002375,0.002948
0,0.021751,-0.15965,0.18533,-0.020198,0.195478,-0.016288,0.00038,0.002786
0,0.02215,-0.17181,-0.008612,-0.026412,-0.021736,-0.034219,0.000387,0.002999
0,-0.086466,-0.246998,-0.099167,-0.068977,-0.064298,-0.081916,0.001509,0.004311
0,-0.093599,-0.133807,-0.033432,0.117971,-0.022391,0.161273,0.001634,0.002335
0,0.124147,-0.191343,0.233938,-0.033522,0.237169,-0.023544,0.002167,0.00334
0,0.120556,-0.02799,-0.020733,0.165547,0.010925,0.159041,0.002104,0.000489
0,-0.026761,-0.035529,-0.140494,-0.008004,-0.189189,-0.008749,0.000467,0.00062
0,0.191192,0.018877,0.232328,0.071753,0.18802,0.114656,0.003337,0.000329
0,-0.017891,0.059868,-0.223035,0.065979,-0.238584,0.047537,0.000312,0.001045
0,0.104757,0.026328,0.095266,-0.026926,0.134006,-0.045536,0.001828,0.00046
0,0.077657,0.052505,-0.015561,0.003489,-0.026918,-0.040577,0.001355,0.000916
0,0.085011,-0.214991,0.002457,-0.287845,0.027571,-0.271809,0.001484,0.003752
0,-0.130674,0.01173,-0.205156,0.233846,-0.192054,0.249818,0.002281,0.000205
0,-0.07297,0.015052,0.047512,-0.014869,0.005582,-0.012773,0.001274,0.000263
0,0.001004,-0.199065,0.070335,-0.185075,0.032305,-0.161244,1.8e-05,0.003474
0,-0.10572,-0.087556,-0.098393,0.123782,-0.122715,0.101615,0.001845,0.001528
0,0.108544,-0.170466,0.202633,-0.100799,0.238715,-0.142419,0.001894,0.002975
0,0.13614,0.039628,0.026152,0.23527,0.005542,0.224194,0.002376,0.000692
0,-0.080663,0.02328,-0.224302,-0.023787,-0.1937,-0.063989,0.001408,0.000406
0,-0.060195,-0.026925,0.037556,-0.034772,-0.001235,-0.035978,0.001051,0.00047
0,-0.189801,0.001681,-0.147413,0.00488,-0.177301,0.048277,0.003313,2.9e-05
0,-0.161417,0.13047,0.026713,0.115586,-0.012668,0.113843,0.002817,0.002277
0,-0.131455,-0.012108,0.005446,-0.145838,-0.002258,-0.188748,0.002294,0.000211
0,-0.058587,-0.004445,0.071144,-0.002278,0.107007,-0.030635,0.001023,7.8e-05
0,0.030458,0.029719,0.111139,0.04163,0.134882,0.048618,0.000532,0.000519
0,-0.017564,0.108897,-0.039513,0.072899,-0.035649,0.117719,0.000307,0.001901
0,-0.02376,-0.047014,-0.010802,-0.173004,0.002469,-0.164255,0.000415,0.000821
0,-0.015027,0.13692,0.011813,0.193468,-0.035013,0.221068,0.000262,0.00239
0,0.039177,0.11087,0.03649,-0.021653,0.036353,-0.000608,0.000684,0.001935
0,0.00189,-0.0707,-0.058606,-0.172122,-0.034677,-0.184554,3.3e-05,0.001234
0,0.094967,0.121077,0.068779,0.180715,0.097472,0.188018,0.001657,0.002113
0,-0.12079,0.0174,-0.201805,-0.12069,-0.2032,-0.139958,0.002108,0.000304
0,0.061814,0.141109,0.206726,0.133343,0.17349,0.172046,0.001079,0.002463
0,0.108512,0.153002,0.021878,-0.014683,0.067282,0.020338,0.001894,0.00267
0,-0.215577,0.119778,-0.328752,-0.018407,-0.286953,0.010436,0.003763,0.002091
0,-0.028935,-0.087338,0.165453,-0.215502,0.176629,-0.195965,0.000505,0.001524
0,-0.094622,0.178067,-0.063432,0.290265,-0.067856,0.24587,0.001651,0.003108
0,0.111872,0.158214,0.228015,-0.02258,0.179105,-0.05632,0.001953,0.002761
0,-0.141421,0.179269,-0.253492,0.019942,-0.205561,-0.003685,0.002468,0.003129
0,-0.159592,0.171693,-0.035417,-0.02195,-0.024559,0.025076,0.002785,0.002997
0,-0.085888,0.167636,0.073954,-0.028413,0.100061,-0.048856,0.001499,0.002926
0,-0.143582,0.008601,-0.053664,-0.166784,-0.029113,-0.164346,0.002506,0.00015
0,-0.230096,-0.03433,-0.073578,-0.036929,-0.054007,-0.032815,0.004016,0.000599
0,-0.083454,0.138112,0.164054,0.151342,0.127596,0.167202,0.001457,0.002411
0,-0.12051,-0.050609,-0.031504,-0.21172,-0.040209,-0.248461,0.002103,0.000883
0,-0.083004,-0.013474,0.035428,0.038816,-0.004347,0.060875,0.001449,0.000235
0,-0.216284,-0.066646,-0.122151,-0.035586,-0.170667,-0.070828,0.003775,0.001163
0,0.029171,0.094091,0.252619,0.144452,0.295536,0.16591,0.000509,0.001642
0,-0.085903,-0.036675,-0.094975,-0.15414,-0.064403,-0.182516,0.001499,0.00064
0,0.039409,-0.04529,0.107632,-0.033679,0.099244,-0.047882,0.000688,0.00079
0,-0.059656,0.077764,-0.100467,0.116436,-0.143072,0.070396,0.001041,0.001357
0,-0.13916,0.041016,-0.060606,-0.051991,-0.042459,-0.070245,0.002429,0.000716
0,0.010557,-0.074346,0.150096,-0.12362,0.102365,-0.146241,0.000184,0.001298
0,0.126223,0.050112,0.14391,0.106219,0.115437,0.142287,0.002203,0.000875
0,0.037874,0.154028,-0.058789,0.091837,-0.053364,0.054311,0.000661,0.002688
0,0.02163,-0.091209,0.00233,-0.251174,0.009744,-0.263351,0.000378,0.001592
0,-0.062636,0.081124,-0.075279,0.186887,-0.067529,0.232962,0.001093,0.001416
0,0.030376,0.090933,0.078643,-0.018576,0.029144,-0.006376,0.00053,0.001587
0,-0.076464,-0.015506,-0.078441,-0.102569,-0.111301,-0.134417,0.001335,0.000271
0,0.217177,0.130274,0.285149,0.1474,0.271819,0.110549,0.00379,0.002274
0,0.206326,-0.082724,-0.03879,-0.211583,-0.062609,-0.172523,0.003601,0.001444
0,0.187034,0.158443,-0.005965,0.234727,0.038282,0.279274,0.003264,0.002765
0,0.337143,0.019736,0.178082,-0.11964,0.144753,-0.138114,0.005884,0.000344
0,0.306573,-0.013532,-0.029341,-0.030641,-0.050476,-0.014495,0.005351,0.000236
0,0.229488,0.106622,-0.086439,0.113868,-0.126926,0.141568,0.004005,0.001861
0,0.286179,0.150832,0.078779,0.023861,0.032115,0.056543,0.004995,0.002633
0,0.304876,0.138507,0.01027,-0.016749,-0.033658,-0.015345,0.005321,0.002417
0,0.241382,0.181984,-0.053568,0.049083,-0.048606,0.026539,0.004213,0.003176
0,0.179033,-0.013291,-0.08396,-0.175016,-0.060691,-0.210025,0.003125,0.000232
0,0.133871,0.170523,-0.035601,0.168763,-0.082599,0.218381,0.002336,0.002976
0,-0.012757,-0.132871,-0.172166,-0.284273,-0.160271,-0.293566,0.000223,0.002319
0,0.048159,-0.166607,0.04845,-0.015569,0.030595,-0.011402,0.000841,0.002908
0,0.172051,0.047092,0.146821,0.236237,0.174297,0.243908,0.003003,0.000822
0,0.029466,-0.066348,-0.153148,-0.120975,-0.179056,-0.078064,0.000514,0.001158
0,0.040242,0.050636,-0.004219,0.108618,-0.033367,0.110868,0.000702,0.000884
0,-0.007844,-0.134429,-0.063769,-0.195212,-0.089303,-0.173292,0.000137,0.002346
0,-0.066043,0.014249,-0.053892,0.158994,-0.102154,0.154957,0.001153,0.000249
0,0.146654,0.104967,0.211842,0.103771,0.206219,0.104436,0.00256,0.001832
0,0.189374,0.012565,0.035556,-0.081259,0.033455,-0.060455,0.003305,0.000219
0,0.212,-0.051062,0.007474,-0.048745,-0.001832,-0.077129,0.0037,0.000891
0,0.010837,-0.057023,-0.226154,0.015081,-0.221879,0.057291,0.000189,0.000995
0,-0.909773,-2.073981,-0.895677,-1.995916,-0.868988,-1.946012,0.003788,7.4e-05
0,-2.785832,-2.182204,-1.889559,-0.135992,-1.888926,-0.14599,0.00026,0.001815
0,-3.406014,-1.971196,-0.639714,0.188468,-0.597803,0.184092,0.001006,0.001868
0,-3.835461,-1.779545,-0.453039,0.163299,-0.484661,0.211066,0.005602,0.005213
0,-3.156125,-1.359844,0.670221,0.428171,0.681342,0.410181,0.005368,0.000447
0,-2.492093,-1.29935,0.668397,0.040804,0.667827,0.08324,0.004867,0.001503
0,-1.831825,-0.836719,0.647322,0.44211,0.600752,0.420525,0.0043,0.002513
0,-1.208556,-0.549586,0.649084,0.273047,0.688067,0.267675,0.003088,0.002498
0,-1.025108,-0.156088,0.176749,0.414282,0.221831,0.424933,0.005801,0.002724
0,-0.630507,0.027497,0.418242,0.158004,0.384757,0.108428,0.001086,0.00048
0,-0.106393,0.195777,0.53319,0.189277,0.524803,0.227831,0.001857,0.003417
0,-0.096311,0.214449,-0.008129,0.006197,0.013699,0.001027,0.001681,0.003743
0,0.007815,0.341836,0.119503,0.136513,0.079959,0.158055,0.000136,0.005966
0,-0.015498,0.292546,-0.021662,-0.076444,0.007434,-0.085127,0.00027,0.005106
0,0.009606,0.265089,0.045962,-0.024046,0.062517,-0.041124,0.000168,0.004627
0,-0.018147,0.274373,-0.016834,0.008997,-0.017999,-0.013668,0.000317,0.004789
0,-0.038195,0.262481,-0.006084,-0.023612,-0.035533,0.005104,0.000667,0.004581
0,-0.0274,0.287455,0.008997,-0.003868,-0.0194,-0.001463,0.000478,0.005017
0,0.179856,0.350821,0.225885,0.082169,0.190775,0.035795,0.003139,0.005967
0,0.202307,0.122218,0.049301,-0.252538,0.0965,-0.203557,0.003531,0.002133
0,0.218465,0.077404,0.030002,-0.019156,0.070176,-0.008688,0.003813,0.001351
0,0.196219,0.204118,-0.049859,0.10059,-0.00433,0.146291,0.003425,0.003563
0,0.267994,0.03585,0.067382,-0.164076,0.045774,-0.200651,0.004677,0.000626
0,0.242359,0.166364,-0.04179,0.136983,-0.008021,0.132643,0.00423,0.002904
0,0.055882,0.052586,-0.197018,-0.131307,-0.193381,-0.108055,0.000975,0.000918
0,0.000559,-0.088792,-0.061692,-0.161521,-0.102091,-0.161241,1e-05,0.00155
0,0.067146,0.081583,0.045243,0.184948,0.086473,0.222349,0.001172,0.001424
0,0.092037,-0.092537,-0.002605,-0.148129,-0.04554,-0.152469,0.001606,0.001615
0,0.276147,0.112213,0.157072,0.179546,0.135227,0.202057,0.00482,0.001958
0,0.21272,-0.065974,-0.07238,-0.153362,-0.079597,-0.108769,0.003713,0.001151
0,0.219324,0.166941,0.013989,0.205737,0.016738,0.171953,0.003828,0.002914
0,0.180111,-0.111884,-0.057164,-0.265098,-0.10527,-0.215486,0.003144,0.001953
0,0.120917,0.104114,-0.068272,0.237463,-0.038513,0.220506,0.00211,0.001817
0,0.245853,0.161584,0.096154,0.041843,0.135373,0.081845,0.004291,0.00282
0,0.03949,-0.10727,-0.220496,-0.284084,-0.208861,-0.276262,0.000689,0.001872
0,0.015626,-0.092768,0.005087,-0.005078,0.033958,0.03392,0.000273,0.001619
0,0.089025,-0.112807,0.095672,-0.041472,0.084039,-0.037232,0.001554,0.001969
0,0.128488,0.185408,0.031025,0.292432,0.072012,0.32336,0.002243,0.003236
0,-0.078184,0.088828,-0.179858,-0.119748,-0.131013,-0.113399,0.001365,0.00155
0,0.18799,0.118527,0.239013,0.037633,0.192415,0.06362,0.003281,0.002069
0,-0.033369,0.019303,-0.207417,-0.074328,-0.194246,-0.113939,0.000582,0.000337
0,0.081492,0.015973,0.105312,-0.019946,0.110194,0.001917,0.001422,0.000279
0,-0.097353,0.055673,-0.192916,0.056801,-0.16651,0.096043,0.001699,0.000972
0,-0.046569,0.079343,0.058604,-0.001531,0.056308,0.033938,0.000813,0.001385
0,0.115856,-0.012274,0.161048,-0.110665,0.171711,-0.112257,0.002022,0.000214
0,-0.081319,0.086002,-0.206067,0.084932,-0.184175,0.041815,0.001419,0.001501
0,0.117098,0.028529,0.172583,-0.083318,0.214983,-0.052872,0.002044,0.000498
0,0.043992,0.061389,-0.055608,0.024816,-0.078807,0.028215,0.000768,0.001071
0,0.066289,-0.171654,0.027416,-0.244241,0.047346,-0.212501,0.001157,0.002996
0,0.010966,0.031094,-0.065969,0.188766,-0.070619,0.186636,0.000191,0.000543
0,-0.013389,0.074344,-0.051602,0.031776,-0.070465,0.065781,0.000234,0.001298
0,-0.090311,0.10794,-0.054828,0.031279,-0.038868,0.045684,0.001576,0.001884
0,-0.033755,0.103261,0.057887,-0.030343,0.095308,-0.059091,0.000589,0.001802
0,0.098246,-0.071738,0.126915,-0.153289,0.16501,-0.185281,0.001715,0.001252
0,0.111284,-0.014133,0.029386,0.063634,0.048327,0.066672,0.001942,0.000247
0,0.025215,0.054787,-0.091717,0.062712,-0.137255,0.091035,0.00044,0.000956
0,0.012731,-0.003531,-0.010337,-0.083288,-0.019076,-0.096569,0.000222,6.2e-05
0,0.114616,-0.097982,0.085412,-0.074516,0.074251,-0.111816,0.002,0.00171
0,0.164812,-0.05768,0.079204,0.049012,0.119123,0.08393,0.002877,0.001007
0,0.202357,0.053676,0.048043,0.116058,0.094156,0.071342,0.003532,0.000937
0,-0.007738,-0.009458,-0.190065,-0.083636,-0.213358,-0.08507,0.000135,0.000165
0,0.048981,-0.135986,0.052661,-0.117615,0.076744,-0.102329,0.000855,0.002373
0,-0.025775,-0.134575,-0.049372,0.014682,-0.016187,0.053867,0.00045,0.002349
0,0.142048,-0.054178,0.187256,0.0867,0.145499,0.081125,0.002479,0.000946
0,-0.073246,-0.172563,-0.196944,-0.10361,-0.231743,-0.066963,0.001278,0.003012
0,0.058047,-0.001175,0.119311,0.16406,0.15229,0.194635,0.001013,2.1e-05
0,0.056259,0.019507,-0.007944,0.016581,-0.049377,-0.033332,0.000982,0.00034
0,-0.060474,-0.200337,-0.12839,-0.232127,-0.163042,-0.25806,0.001055,0.003497
0,-0.066042,-0.086167,0.012344,0.107458,0.021067,0.07011,0.001153,0.001504
0,-0.069913,-0.168724,0.011179,-0.082086,0.010108,-0.10793,0.00122,0.002945
0,0.176099,0.067339,0.222779,0.220152,0.179541,0.242792,0.003074,0.001175
0,0.091338,-0.152211,-0.095468,-0.238849,-0.056543,-0.190017,0.001594,0.002657
0,0.138786,-0.056166,0.060573,0.10358,0.04405,0.129097,0.002422,0.00098
0,0.060341,0.111996,-0.09715,0.158763,-0.089726,0.161163,0.001053,0.001955
0,0.082028,-0.009822,-0.000276,-0.150216,-0.006804,-0.129187,0.001432,0.000171
0,-0.008866,-0.007333,-0.095254,-0.025929,-0.063309,-0.043794,0.000155,0.000128
0,0.047067,0.083371,0.039045,0.113932,0.084412,0.142526,0.000821,0.001455
0,-0.161548,-0.014618,-0.23665,-0.125025,-0.214999,-0.157996,0.00282,0.000255
0,-0.164399,0.038928,0.021293,0.036068,0.023273,0.0533,0.002869,0.000679
0,-1.486546,0.375854,-1.319227,0.319629,-1.292821,0.368826,0.001764,0.005531
0,-1.857869,1.296863,-0.364162,0.917509,-0.38534,0.954318,0.003846,0.001546
0,-1.733525,1.367769,0.117341,0.09059,0.078506,0.091152,0.006016,0.000309
0,-1.811262,1.389447,-0.101526,0.041436,-0.113011,0.026404,0.004659,6.9e-05
0,-1.473582,1.177009,0.329399,-0.222527,0.31649,-0.198236,0.001538,0.003638
0,-0.93884,0.784828,0.557651,-0.36592,0.514898,-0.349065,0.004295,0.001607
0,-0.908634,0.699377,0.034392,-0.074699,0.054018,-0.066542,0.003768,0.000116
0,-0.7049,0.37371,0.232417,-0.297209,0.198263,-0.308042,0.000212,0.005568
0,-0.370156,0.177103,0.32971,-0.19225,0.315203,-0.21999,0.00563,0.003091
0,-0.096246,0.157252,0.297175,-0.006557,0.305532,-0.00673,0.00168,0.002745
0,0.050427,-0.181041,0.15965,-0.363784,0.194592,-0.411452,0.00088,0.00316
0,-0.150387,-0.249844,-0.201386,-0.097545,-0.217276,-0.098731,0.002625,0.004361
0,-0.026576,-0.150452,0.138524,0.092271,0.089319,0.100234,0.000464,0.002626
0,0.17501,-0.127851,0.194156,-0.005226,0.241664,-0.045746,0.003054,0.002231
0,0.158206,-0.385095,-0.040878,-0.250216,-0.042162,-0.267707,0.002761,0.005369
0,0.124272,-0.310259,-0.045994,0.048846,-0.053944,0.057604,0.002169,0.005415
0,0.075317,-0.123467,-0.069598,0.184803,-0.092427,0.176462,0.001315,0.002155
0,0.207309,-0.028775,0.109264,0.073699,0.140587,0.056216,0.003618,0.000502
0,0.365666,-0.033382,0.167377,0.018217,0.139825,-0.009938,0.005708,0.000583
0,0.010947,-0.221551,-0.368067,-0.213676,-0.371645,-0.201926,0.000191,0.003867
0,0.091772,-0.036518,0.09157,0.188042,0.089471,0.199403,0.001602,0.000637
0,-0.012725,-0.083258,-0.083088,-0.028981,-0.085291,0.010838,0.000222,0.001453
0,0.129608,-0.154332,0.159067,-0.054466,0.124798,-0.021367,0.002262,0.002694
0,0.073991,0.039585,-0.084925,0.175323,-0.067529,0.190867,0.001291,0.000691
0,-0.063635,0.087301,-0.137463,0.027945,-0.148754,-0.015784,0.001111,0.001524
0,0.035275,-0.086266,0.073363,-0.178349,0.073424,-0.149038,0.000616,0.001506
0,-0.055586,-0.127059,-0.114043,-0.059085,-0.079402,-0.03342,0.00097,0.002218
0,0.053458,0.067165,0.094063,0.180122,0.068519,0.132151,0.000933,0.001172
0,0.185398,-0.022264,0.124983,-0.067944,0.134014,-0.038902,0.003236,0.000389
0,0.196777,-0.13777,0.008936,-0.12126,-0.008253,-0.152282,0.003434,0.002405
0,0.096236,-0.000875,-0.093677,0.13203,-0.072406,0.137773,0.00168,1.5e-05
0,0.216111,-0.060417,0.111709,-0.041146,0.148159,-0.079468,0.003772,0.001054
0,0.240342,-0.033406,-0.003022,-0.001326,-0.007351,0.023925,0.004195,0.000583
0,0.101311,-0.002245,-0.112672,0.042849,-0.128518,0.082634,0.001768,3.9e-05
0,0.02109,-0.059397,-0.064045,-0.084303,-0.032876,-0.065637,0.000368,0.001037
0,-0.01237,-0.147414,-0.032619,-0.059645,-0.075781,-0.07972,0.000216,0.002573
0,0.132541,0.078919,0.125736,0.232048,0.153039,0.198911,0.002313,0.001377
0,0.130969,0.0858,-0.020441,0.019695,0.0203,0.03793,0.002286,0.001497
0,0.095354,-0.112575,-0.053179,-0.191471,-0.092866,-0.230641,0.001664,0.001965
0,0.023999,-0.145809,-0.077354,-0.051011,-0.093933,-0.025124,0.000419,0.002545
0,0.115893,0.04452,0.074901,0.20919,0.080214,0.230325,0.002023,0.000777
0,0.137147,0.055536,-0.001709,-0.003676,0.017925,0.02675,0.002394,0.000969
0,0.042774,-0.143304,-0.117287,-0.22787,-0.154363,-0.276717,0.000747,0.002501
0,0.032591,0.01759,-0.019609,0.165447,-0.018677,0.154173,0.000569,0.000307
0,0.012538,-0.094843,-0.013973,-0.128006,-0.056965,-0.116675,0.000219,0.001655
0,0.163534,-0.035902,0.133367,0.085667,0.161602,0.072713,0.002854,0.000627
0,0.003211,0.024599,-0.188398,0.033542,-0.145227,0.004707,5.6e-05,0.000429
0,0.188308,-0.00207,0.199948,-0.01227,0.231891,-0.046744,0.003287,3.6e-05
0,0.104941,0.104441,-0.057669,0.112929,-0.008513,0.063467,0.001832,0.001823
0,-0.056174,0.016002,-0.16211,-0.096561,-0.200859,-0.102947,0.00098,0.000279
0,-0.052089,0.10696,0.018096,0.104901,0.007423,0.06262,0.000909,0.001867
0,0.182534,-0.084882,0.240409,-0.184421,0.265517,-0.227434,0.003186,0.001481
0,0.086494,0.048184,-0.084945,0.126943,-0.117509,0.176292,0.00151,0.000841
0,-0.039122,-0.075061,-0.096171,-0.144569,-0.053043,-0.113354,0.000683,0.00131
0,-0.141948,-0.014739,-0.089474,0.08767,-0.050663,0.076459,0.002477,0.000257
0,-0.068477,0.008589,0.101241,0.003045,0.131636,0.010542,0.001195,0.00015
0,0.13349,0.105908,0.190661,0.090568,0.186949,0.042431,0.00233,0.001848
0,0.103878,0.075146,-0.055266,-0.039951,-0.092147,-0.057588,0.001813,0.001312
0,0.091582,0.035961,-0.018546,-0.036768,-0.045788,-0.053672,0.001598,0.000628
0,-0.04778,0.00479,-0.158289,-0.01785,-0.183803,-0.042163,0.000834,8.4e-05
0,-0.131023,0.072103,-0.104546,0.04581,-0.059104,0.008358,0.002287,0.001258
0,0.009055,0.036864,0.132793,-0.02011,0.169952,-0.007306,0.000158,0.000643
0,-0.066528,-0.031425,-0.093508,-0.048527,-0.075366,-0.005661,0.001161,0.000548
0,0.007775,-0.03895,0.069856,-0.007649,0.030654,0.019582,0.000136,0.00068
0,0.028168,-0.052553,0.036804,-0.043181,0.021899,-0.081942,0.000492,0.000917
0,0.049341,0.025846,0.008689,0.103291,0.047089,0.108252,0.000861,0.000451
0,-0.148647,0.096791,-0.210382,0.08425,-0.236016,0.046213,0.002594,0.001689
0,-0.051329,-0.019063,0.082626,-0.133315,0.067516,-0.129758,0.000896,0.000333
0,-0.013024,0.012664,0.053626,0.04571,0.015953,0.035354,0.000227,0.000221
0,0.105159,-0.061151,0.092843,-0.093861,0.137382,-0.094324,0.001835,0.001067
0,0.062161,0.097199,-0.036174,0.164462,-0.039106,0.208167,0.001085,0.001696
0,-0.016038,0.064883,-0.077749,-0.062031,-0.11958,-0.104467,0.00028,0.001132
0,-0.064852,-0.085558,-0.069485,-0.172808,-0.048757,-0.190908,0.001132,0.001493
0,-0.141351,0.028272,-0.093587,0.085182,-0.105315,0.064665,0.002467,0.000493
0,-0.162556,-0.057221,-0.036519,-0.106038,-0.081816,-0.144626,0.002837,0.000999
0,0.025444,-0.168546,0.213128,-0.126561,0.240621,-0.165346,0.000444,0.002942
0,-0.212479,-0.162594,-0.254267,0.005182,-0.2299,-0.038383,0.003708,0.002838
0,0.020212,0.065619,0.239283,0.218592,0.256221,0.255134,0.000353,0.001145
0,-0.052504,0.092835,-0.048895,0.000238,-0.035769,0.004308,0.000916,0.00162
0,0.092486,-0.07684,0.155636,-0.17206,0.142967,-0.192218,0.001614,0.001341
0,0.017992,0.111553,-0.057682,0.165309,-0.045071,0.12853,0.000314,0.001947
0,-0.029721,0.042867,-0.044676,-0.074516,0.00299,-0.084536,0.000519,0.000748
0,-0.221553,-0.069555,-0.215088,-0.11625,-0.235658,-0.08968,0.003867,0.001214
0,-0.096329,0.067111,0.154307,0.133164,0.121149,0.138031,0.001681,0.001171
0,-0.190498,-0.054431,-0.118897,-0.144901,-0.124474,-0.176369,0.003325,0.00095
0,-0.245709,0.084957,-0.051029,0.13272,-0.023049,0.114661,0.004288,0.001483
0,-0.168635,-0.02933,0.058436,-0.114203,0.017774,-0.08822,0.002943,0.000512
0,-0.120827,0.116079,0.023419,0.14126,-0.011236,0.182499,0.002109,0.002026
0,0.027037,0.035373,0.172411,-0.087534,0.167856,-0.087869,0.000472,0.000617
0,-0.057483,0.045306,-0.08925,-0.015469,-0.044692,0.03137,0.001003,0.000791
0,0.005255,-0.013137,0.091547,-0.068614,0.047988,-0.036925,9.2e-05,0.000229
0,-0.065511,0.154655,-0.093621,0.191679,-0.112517,0.209242,0.001143,0.002699
0,-0.14127,0.101765,-0.058475,-0.075888,-0.035182,-0.099239,0.002466,0.001776
0,-0.146821,-0.045473,0.003496,-0.160872,-0.037629,-0.1601,0.002563,0.000794
0,-0.057604,0.020843,0.107424,0.036565,0.093652,0.079344,0.001005,0.000364
0,-0.114079,0.040593,-0.084837,0.027228,-0.036252,-0.016027,0.001991,0.000708
0,-0.052929,0.041899,0.074433,0.001455,0.099849,-0.037164,0.000924,0.000731
0,-0.016176,0.125349,0.013217,0.074701,-0.002611,0.059043,0.000282,0.002188
0,-0.089839,-0.034453,-0.077383,-0.135174,-0.062948,-0.164962,0.001568,0.000601
0,-0.029173,0.197409,0.0757,0.218312,0.07994,0.2581,0.000509,0.003445
0,0.07207,0.047556,0.076872,-0.136118,0.114459,-0.092413,0.001258,0.00083
0,-0.014391,0.128492,-0.081655,0.052512,-0.036235,0.070213,0.000251,0.002243
0,-0.085767,-0.106702,-0.042336,-0.21797,-0.033453,-0.193905,0.001497,0.001862
0,-0.178314,-0.102508,-0.090212,-0.010793,-0.064941,0.02714,0.003112,0.001789
0,-0.169113,0.084964,-0.006701,0.210297,-0.030814,0.182152,0.002952,0.001483
0,-0.04459,0.046229,0.110074,-0.040503,0.150088,-0.00607,0.000778,0.000807
0,-0.079318,-0.004519,-0.021991,-0.063679,-0.054115,-0.052447,0.001384,7.9e-05
0,-0.019119,-0.040626,0.077136,-0.01806,0.122374,-0.016615,0.000334,0.000709
0,0.058796,-0.107601,0.105089,-0.09395,0.10525,-0.047631,0.001026,0.001878
0,-0.041426,0.103478,-0.094934,0.188611,-0.112797,0.141258,0.000723,0.001806
0,-0.172735,-0.060332,-0.15545,-0.157455,-0.158146,-0.176667,0.003015,0.001053
0,-0.047786,-0.090151,0.128783,-0.046315,0.177558,-0.042898,0.000834,0.001573
0,0.115467,-0.145572,0.182305,-0.031626,0.139742,-0.020686,0.002015,0.002541
0,0.074638,0.0217,-0.01472,0.164336,-0.054656,0.142939,0.001303,0.000379
0,0.075806,0.04869,0.020524,0.033013,0.045194,0.039651,0.001323,0.00085
0,0.032372,0.109293,-0.069322,0.05847,-0.099933,0.028679,0.000565,0.001908
0,0.097698,-0.092311,0.045982,-0.219277,0.031043,-0.255175,0.001705,0.001611
0,0.071607,-0.144225,-0.023358,-0.056486,-0.016807,-0.013686,0.00125,0.002517
0,-0.02404,-0.055812,-0.110811,0.104784,-0.086848,0.154678,0.00042,0.000974
0,-0.194908,-0.137502,-0.18533,-0.056028,-0.218567,-0.022554,0.003402,0.0024
0,0.057259,0.134907,0.240057,0.301454,0.195085,0.309244,0.000999,0.002355
0,-0.223216,-0.10523,-0.290812,-0.257034,-0.24546,-0.243379,0.003896,0.001837
0,-0.161264,0.153396,0.075267,0.263619,0.112074,0.248979,0.002815,0.002677
0,-0.071401,0.044062,0.117881,-0.126675,0.067983,-0.137854,0.001246,0.000769
0,-0.016961,0.075619,0.028221,0.044628,0.050543,0.038976,0.000296,0.00132
0,-0.058952,0.015292,-0.05602,-0.05055,-0.023051,-0.002762,0.001029,0.000267
0,-0.260703,-0.083679,-0.227467,-0.128547,-0.256617,-0.082668,0.00455,0.00146
0,-0.139054,0.109577,0.114299,0.214144,0.084891,0.212051,0.002427,0.001912
0,0.008726,-0.144047,0.120173,-0.233402,0.144856,-0.236745,0.000152,0.002514
0,0.100487,-0.102156,0.065583,0.049582,0.078615,0.007735,0.001754,0.001783
0,-0.16678,0.064676,-0.28496,0.173745,-0.3187,0.20952,0.002911,0.001129
0,-0.149608,0.080809,0.01684,-0.005347,-0.016359,0.009216,0.002611,0.00141
0,-0.024735,-0.101144,0.098584,-0.158468,0.073766,-0.111155,0.000432,0.001765
0,-0.082599,0.036349,-0.071202,0.123093,-0.039499,0.097229,0.001442,0.000634
0,-0.125195,-0.033875,-0.067877,-0.040918,-0.041237,-0.049977,0.002185,0.000591
0,-0.25544,0.130192,-0.13629,0.153638,-0.173117,0.141326,0.004458,0.002272
0,-0.02923,0.130316,0.202034,0.005476,0.192224,-0.007894,0.00051,0.002274
0,-0.243608,-0.108407,-0.212706,-0.231423,-0.203095,-0.22925,0.004252,0.001892
0,-0.020747,0.049862,0.233518,0.176959,0.215239,0.140481,0.000362,0.00087
0,-0.064008,0.049235,-0.051028,-0.01953,-0.032316,0.004602,0.001117,0.000859
0,-0.391869,-0.203928,-0.311637,-0.274975,-0.307631,-0.244062,0.005251,0.003559
0,-0.84705,-0.322162,-0.464201,-0.117684,-0.475794,-0.155427,0.002693,0.005623
0,-1.01203,-0.300974,-0.193258,-0.00175,-0.216514,-0.041472,0.005573,0.005253
0,-0.829127,-0.358829,0.154027,-0.034468,0.114656,-0.083979,0.002381,0.005828
0,-0.866729,-0.390347,-0.038987,-0.022204,-0.022116,-0.046579,0.003037,0.005278
0,-0.680595,-0.320102,0.179569,0.08956,0.201186,0.10872,0.000212,0.005587
0,-0.384069,-0.278071,0.284908,0.022503,0.319239,0.012321,0.005387,0.004853
0,-0.286131,-0.135006,0.11866,0.116757,0.112086,0.156244,0.004994,0.002356
0,-0.160663,-0.074541,0.140459,0.070681,0.093544,0.092532,0.002804,0.001301
0,-0.243574,0.000663,-0.055094,0.062937,-0.010095,0.034886,0.004251,1.2e-05
0,-0.345871,-0.051847,-0.074735,-0.023908,-0.110572,0.005113,0.006037,0.000905
0,-0.11826,-0.186167,0.210534,-0.128097,0.244759,-0.090029,0.002064,0.003249
0,-0.010696,-0.224952,0.084525,-0.027416,0.040613,-0.073369,0.000187,0.003926
0,-0.117612,0.025965,-0.117097,0.259523,-0.153272,0.301124,0.002053,0.000453
0,-0.270316,-0.102376,-0.128376,-0.102614,-0.123411,-0.104819,0.004718,0.001787
0,-0.268356,-0.141253,-0.010492,-0.041207,0.005573,-0.005514,0.004684,0.002465
0,1.222919,1.204534,1.472241,1.346301,1.426459,1.313817,0.002837,0.003158
0,1.663588,1.700244,0.426781,0.466142,0.377101,0.489876,0.004854,0.005494
0,1.734328,1.882052,0.099385,0.166161,0.100953,0.136079,0.006002,0.003423
0,1.604687,1.629869,-0.130765,-0.227004,-0.116055,-0.274019,0.003826,0.004266
0,1.488326,1.331825,-0.115714,-0.2726,-0.112048,-0.285042,0.001795,0.000936
0,1.480009,1.02029,-0.031014,-0.295197,-0.060363,-0.26519,0.00165,0.005717
0,1.140468,0.926431,-0.327947,-0.068296,-0.373925,-0.080505,0.004276,0.004079
0,0.748696,0.647222,-0.392758,-0.272039,-0.352373,-0.308076,0.000977,0.000794
0,0.489085,0.356302,-0.242198,-0.307843,-0.232277,-0.355165,0.003554,0.005872
0,0.493373,0.349036,-0.023408,-0.013962,-0.063707,-0.035685,0.003479,0.005999
0,0.077674,0.02532,-0.411362,-0.298704,-0.414246,-0.291823,0.001356,0.000442
0,0.081492,0.02039,0.028359,-0.010849,0.034192,0.010856,0.001422,0.000356
0,-0.184632,-0.186582,-0.241315,-0.210424,-0.283749,-0.226951,0.003222,0.003256
0,-0.261411,-0.283463,-0.098182,-0.122044,-0.051529,-0.166123,0.004562,0.004947
0,-0.328607,-0.261514,-0.088722,0.017483,-0.064648,0.032834,0.005735,0.004564
0,-0.251446,-0.25921,0.075374,-0.012403,0.066148,-0.006569,0.004389,0.004524
0,-0.045687,-0.14252,0.231699,0.128744,0.25316,0.089,0.000797,0.002487
0,-0.153503,-0.40166,-0.07949,-0.255735,-0.109729,-0.297713,0.002679,0.00508
0,-0.356682,-0.247274,-0.194359,0.159162,-0.241355,0.189376,0.005865,0.004316
0,-0.115505,-0.234706,0.232686,0.012534,0.197889,0.036604,0.002016,0.004096
0,0.013371,-0.236678,0.099464,0.001216,0.137614,0.050262,0.000233,0.004131
0,-0.032018,-0.070151,-0.049746,0.165513,-0.066821,0.212368,0.000559,0.001224
0,-0.066185,-0.237649,-0.017038,-0.190278,-0.035925,-0.145034,0.001155,0.004148
0,0.047262,-0.165309,0.119116,0.047327,0.095261,0.002255,0.000825,0.002885
0,-0.157417,-0.053036,-0.225495,0.084993,-0.233696,0.114425,0.002747,0.000926
0,-0.063732,-0.203211,0.106577,-0.144952,0.073873,-0.193039,0.001112,0.003547
0,0.03604,-0.063094,0.094511,0.155677,0.045693,0.117018,0.000629,0.001101
0,-0.0806,-0.219394,-0.129193,-0.137791,-0.106806,-0.162774,0.001407,0.003829
0,0.060448,-0.111255,0.137905,0.100748,0.169028,0.076975,0.001055,0.001942
0,-0.168426,-0.219231,-0.211428,-0.118958,-0.200452,-0.147466,0.00294,0.003826
0,-0.186842,-0.058615,-0.029746,0.185007,0.019606,0.154071,0.003261,0.001023
0,-0.136145,-0.082754,0.062424,-0.033992,0.01741,0.007939,0.002376,0.001444
0,-0.2707,-0.126203,-0.160191,-0.070837,-0.206225,-0.104147,0.004725,0.002203
0,-0.087368,-0.214998,0.170821,-0.100069,0.215487,-0.123774,0.001525,0.003752
0,-0.180263,-0.020323,-0.116266,0.179077,-0.125835,0.139755,0.003146,0.000355
0,-0.118978,-0.050358,0.090175,-0.057714,0.108189,-0.00826,0.002077,0.000879
0,-0.170944,-0.043809,-0.039516,0.001682,-0.088996,-0.022827,0.002984,0.000765
0,-0.144106,-0.035417,0.037416,0.010628,0.054234,0.019863,0.002515,0.000618
0,-0.203137,0.007831,-0.08881,0.068018,-0.135509,0.022343,0.003545,0.000137
0,-0.30396,-0.227581,-0.12769,-0.248178,-0.155015,-0.277241,0.005305,0.003972
0,-0.217635,-0.138021,0.099914,0.080065,0.05772,0.085668,0.003798,0.002409
0,-0.213174,0.001339,0.033898,0.152424,0.020425,0.13152,0.003721,2.3e-05
0,0.007223,-0.180769,0.219482,-0.159775,0.185793,-0.202436,0.000126,0.003155
0,-0.162375,-0.010723,-0.150008,0.141688,-0.196611,0.105632,0.002834,0.000187
0,-0.09192,-0.090285,0.069505,-0.062053,0.117315,-0.070739,0.001604,0.001576
0,-0.136132,-0.23687,-0.022978,-0.121982,-0.047683,-0.111288,0.002376,0.004134
0,-0.044957,-0.041885,0.094122,0.190423,0.086499,0.144463,0.000785,0.000731
0,-0.237817,-0.171675,-0.221765,-0.116317,-0.238874,-0.139027,0.004151,0.002996
0,-0.012175,-0.094837,0.19764,0.079907,0.182905,0.086624,0.000212,0.001655
0,-0.05076,-0.061556,-0.012572,0.01429,0.036249,0.041662,0.000886,0.001074
0,0.018749,-0.132033,0.079341,-0.079867,0.067585,-0.080166,0.000327,0.002304
0,0.023078,-0.137702,0.022026,0.016291,0.056373,0.021832,0.000403,0.002403
0,-0.009443,0.032635,-0.057857,0.155756,-0.029154,0.127899,0.000165,0.00057
0,0.052432,-0.01327,0.042058,-0.072409,0.040235,-0.119634,0.000915,0.000232
0,-0.112238,-0.120288,-0.192744,-0.08484,-0.224506,-0.124273,0.001959,0.002099
0,-0.087698,0.020181,0.048461,0.158358,0.029285,0.132739,0.001531,0.000352
0,-0.121569,-0.18294,-0.025806,-0.210436,0.005626,-0.189751,0.002122,0.003193
0,0.03932,-0.133765,0.173383,0.074568,0.132223,0.033,0.000686,0.002335
0,-0.141396,-0.161213,-0.192726,-0.010153,-0.176306,-0.049977,0.002468,0.002814
0,0.122543,-0.254273,0.240306,-0.104467,0.261981,-0.118011,0.002139,0.004438
0,0.080136,-0.178301,-0.032409,0.094013,-0.007224,0.106105,0.001399,0.003112
0,0.072074,-0.241574,-0.016583,-0.078671,-0.056094,-0.038926,0.001258,0.004216
0,-0.130409,0.011047,-0.180611,0.236151,-0.17459,0.20928,0.002276,0.000193
0,-0.056272,-0.039274,0.092958,-0.074576,0.07709,-0.039138,0.000982,0.000685
0,-0.129907,0.051545,-0.094743,0.099156,-0.112332,0.079303,0.002267,0.0009
0,0.058105,-0.025982,0.191484,-0.094577,0.23209,-0.082883,0.001014,0.000453
0,0.010046,0.103404,-0.076262,0.112369,-0.032512,0.113975,0.000175,0.001805
0,0.07027,-0.061166,0.090051,-0.159934,0.102094,-0.179057,0.001226,0.001068
0,0.101264,-0.083881,0.042021,-0.024607,0.04833,-0.069227,0.001767,0.001464
0,-0.004342,-0.004459,-0.084595,0.05949,-0.112831,0.014259,7.6e-05,7.8e-05
0,0.069278,0.077009,0.050562,0.102816,0.060013,0.091982,0.001209,0.001344
0,0.141616,-0.093705,0.087623,-0.154241,0.135542,-0.166749,0.002472,0.001635
0,0.056819,-0.022083,-0.091816,0.090553,-0.110526,0.11233,0.000992,0.000385
0,0.026055,-0.169325,-0.020938,-0.14348,0.003293,-0.144188,0.000455,0.002955
0,-0.048326,-0.063553,-0.099482,0.112444,-0.077293,0.073998,0.000843,0.001109
0,-0.084737,-0.11526,-0.044074,-0.043212,-0.020503,-0.065533,0.001479,0.002012
0,-0.023729,-0.016786,0.048577,0.081428,0.013699,0.117688,0.000414,0.000293
0,0.088288,-0.041797,0.136373,0.000754,0.142572,0.013243,0.001541,0.000729
0,0.216859,-0.195918,0.129053,-0.160817,0.08358,-0.175219,0.003785,0.003419
0,0.050818,0.055041,-0.158433,0.252517,-0.145575,0.235479,0.000887,0.000961
0,0.143891,-0.013139,0.082652,-0.060812,0.062963,-0.066567,0.002511,0.000229
0,0.024797,-0.010865,-0.141166,0.018781,-0.098857,0.01531,0.000433,0.00019
0,0.147103,0.057587,0.108921,0.053453,0.148995,0.016631,0.002567,0.001005
0,0.126698,0.064056,-0.020019,-0.016971,0.009768,-0.014794,0.002211,0.001118
0,-0.050686,-0.113797,-0.193346,-0.173336,-0.170816,-0.207942,0.000885,0.001986
0,-1.734691,-0.004919,-1.685462,0.124227,-1.72614,0.169236,0.005995,8.6e-05
0,-3.357254,0.154129,-1.648439,0.140422,-1.645789,0.150048,0.001857,0.00269
0,-3.859087,0.239043,-0.526709,0.064412,-0.566426,0.107266,0.005189,0.004172
0,-3.336208,0.410305,0.533652,0.16663,0.576364,0.158467,0.002225,0.004929
0,-2.996835,0.284599,0.350754,-0.113085,0.36573,-0.122842,0.003943,0.004967
0,-2.548843,0.445507,0.423157,0.135682,0.459014,0.111588,0.003876,0.004315
0,-1.95906,0.201946,0.597819,-0.235988,0.600829,-0.250265,0.002079,0.003525
0,-1.011807,0.167618,0.954674,-0.026924,0.994089,-0.065587,0.005569,0.002925
0,-0.577538,0.207095,0.431852,0.041794,0.390221,0.002683,0.002011,0.003614
0,0.023507,0.043158,0.625814,-0.177795,0.652055,-0.130513,0.00041,0.000753
0,0.058458,-0.028385,0.05177,-0.066466,0.03058,-0.075407,0.00102,0.000495
0,0.372701,0.209056,0.330052,0.224054,0.2819,0.256241,0.005586,0.003649
0,0.273542,0.228032,-0.104167,-0.004848,-0.100119,-0.053308,0.004774,0.00398
0,0.313111,-0.039335,0.012502,-0.262048,-0.028486,-0.253192,0.005465,0.000687
0,0.215669,0.142776,-0.125229,0.158638,-0.10124,0.191884,0.003764,0.002492
0,0.445861,-0.01219,0.202932,-0.134005,0.22161,-0.116634,0.004309,0.000213
0,0.280007,-0.084146,-0.195207,-0.084589,-0.180748,-0.122941,0.004887,0.001469
0,0.252216,0.05881,-0.05635,0.118127,-0.064542,0.13295,0.004402,0.001026
0,-1.198283,1.703281,-1.439165,1.62307,-1.42396,1.601267,0.003267,0.005547
0,-1.457584,1.694232,-0.236573,-0.031437,-0.285538,-0.011874,0.001259,0.005389
0,-1.790805,1.489185,-0.326234,-0.220695,-0.372696,-0.260337,0.005016,0.00181
0,-1.404552,1.510052,0.393746,0.024994,0.408493,-0.000469,0.000333,0.002174
0,-1.262064,1.714801,0.114009,0.216119,0.094605,0.203282,0.002154,0.005748
0,-1.415912,1.592443,-0.17473,-0.127911,-0.196362,-0.102735,0.000531,0.003612
0,-0.950274,1.336906,0.448809,-0.283926,0.440336,-0.253041,0.004495,0.000848
0,-0.474741,0.949688,0.472173,-0.365458,0.504112,-0.370633,0.003805,0.004485
0,-0.378699,0.781811,0.086593,-0.161135,0.053707,-0.184231,0.001613,0.001555
0,-9.004425,0.650182,-8.599407,-0.102197,-8.568653,-0.083235,1.9e-05,0.000743
0,-8.914243,0.540602,0.067251,-0.083085,0.075818,-0.083248,0.001593,0.002655
0,-8.966114,0.264286,-0.074263,-0.295509,-0.040737,-0.255191,0.000688,0.004613
0,-8.863784,0.165634,0.129456,-0.093835,0.147838,-0.097933,0.002474,0.002891
0,-9.117747,0.029535,-0.272111,-0.122505,-0.294828,-0.091621,0.001958,0.000515
0,-8.8616,-0.028336,0.274699,-0.040428,0.274215,-0.064731,0.002512,0.000495
0,-8.883557,-0.207171,-0.043488,-0.157975,-0.036076,-0.135217,0.002129,0.003616
0,-9.084841,-0.357158,-0.18643,-0.170665,-0.205152,-0.180737,0.001384,0.005857
0,-8.977838,-0.247793,0.123233,0.11765,0.088225,0.092579,0.000483,0.004325
0,-8.984244,-0.205972,-0.033187,0.024606,0.000235,0.072672,0.000372,0.003595
0,-8.920535,-0.265355,0.082071,-0.038915,0.069407,-0.067587,0.001484,0.004631
0,-8.869919,-0.156512,0.034145,0.091378,0.031857,0.132935,0.002367,0.002732
0,-8.857426,-0.218464,-0.01585,-0.072648,-0.009392,-0.036054,0.002585,0.003813
0,-8.927151,0.033243,-0.062993,0.239007,-0.041343,0.251841,0.001368,0.00058
0,-9.116057,-0.037292,-0.201267,-0.042485,-0.208736,-0.057173,0.001929,0.000651
0,-9.061664,-0.155806,0.071461,-0.109506,0.110548,-0.126759,0.00098,0.002719
0,-9.121136,-0.070501,-0.038642,0.062792,-0.078062,0.082112,0.002018,0.00123
0,-8.90943,-0.128829,0.213801,-0.070509,0.181787,-0.07344,0.001677,0.002248
0,-8.918012,0.025445,-0.028032,0.127481,-0.029538,0.154006,0.001528,0.000444
0,-8.977842,-0.063333,-0.03995,-0.111598,0.004014,-0.111168,0.000483,0.001105
0,-8.489682,-0.052475,0.485263,-0.01241,0.476148,-0.003108,0.003087,0.000916
0,-8.083541,-0.023792,0.387452,0.010897,0.418946,-0.013397,0.004001,0.000415
0,-7.831888,0.01369,0.261698,0.041339,0.300351,0.083348,0.003697,0.000239
0,-7.30199,-0.101,0.540231,-0.140742,0.543242,-0.188059,0.005552,0.001763
0,-6.85688,-0.174556,0.448349,-0.090698,0.463585,-0.104582,0.00123,0.003047
0,-6.564003,-0.07458,0.276767,0.074368,0.265155,0.067844,0.005749,0.001302
0,-6.217831,-0.106727,0.34594,-0.042549,0.308914,-0.047515,0.000293,0.001863
0,-5.860163,-0.058022,0.339928,0.05012,0.354387,0.00801,0.005555,0.001013
0,-5.671603,-0.047963,0.172449,0.019014,0.164366,-0.001274,0.002264,0.000837
0,-5.428834,-0.150912,0.217541,-0.127864,0.220689,-0.090715,0.001973,0.002634
0,-4.979119,0.067992,0.443857,0.22695,0.48633,0.205824,0.002269,0.001187
0,-4.872509,-0.111297,0.132167,-0.196362,0.139349,-0.214467,0.000408,0.001943
0,-4.631133,-0.048812,0.259202,0.034906,0.219689,0.015001,0.003805,0.000852
0,-4.452156,-0.114466,0.172702,-0.095207,0.136507,-0.086636,0.005162,0.001998
0,-3.904321,-0.049704,0.555544,0.078042,0.54178,0.046127,0.0044,0.000868
0,-3.74588,-0.140347,0.159222,-0.086771,0.167096,-0.074991,0.004926,0.00245
0,-3.507245,0.043319,0.263416,0.204357,0.284988,0.177096,0.000761,0.000756
0,-3.389591,-0.063199,0.116214,-0.132155,0.085652,-0.120166,0.001293,0.001103
0,-3.34296,0.082628,0.041411,0.1674,0.08549,0.148864,0.002107,0.001442
0,-2.97746,-0.165326,0.363929,-0.223646,0.392995,-0.216996,0.003605,0.002885
0,-2.911383,-0.131143,0.052678,0.009632,0.010358,-0.031397,0.002451,0.002289
0,-2.886159,-0.20411,0.019498,-0.048117,-0.016875,-0.007603,0.002011,0.003562
0,-2.669349,-0.102042,0.227302,0.126295,0.187698,0.080773,0.001773,0.001781
0,-2.553174,-0.065063,0.144263,0.035522,0.096598,0.032611,0.003801,0.001136
0,-2.244136,0.021075,0.322195,0.10869,0.298867,0.131591,0.002896,0.000368
0,-2.154407,-0.098248,0.088384,-0.095041,0.061152,-0.120625,0.00133,0.001715
0,-2.260713,-0.163515,-0.091935,-0.039135,-0.062135,-0.058119,0.003185,0.002854
0,-2.108171,-0.035462,0.138265,0.133226,0.129609,0.094663,0.000523,0.000619
0,-1.885755,-5e-05,0.226926,0.047134,0.209442,0.08631,0.003359,1e-06
0,-1.773037,0.050441,0.088608,0.035111,0.087034,0.031396,0.005326,0.00088
0,-1.771844,-0.012266,-0.015322,-0.040603,-0.024494,-0.018789,0.005347,0.000214
0,-1.718789,-0.187125,0.061751,-0.156658,0.095911,-0.133713,0.005818,0.003266
0,-1.663483,-0.121763,0.077411,0.077908,0.029828,0.122602,0.004852,0.002125
0,-1.559981,-0.096273,0.112538,0.005029,0.064296,0.005596,0.003046,0.00168
0,-1.249653,-0.173895,0.290837,-0.065795,0.292962,-0.02188,0.00237,0.003035
0,-1.373565,-0.200571,-0.12882,-0.029971,-0.140764,-0.060247,0.000208,0.003501
0,-1.269809,-0.165,0.114436,0.013311,0.153751,0.038799,0.002019,0.00288
0,-1.216767,-0.090887,0.066164,0.075236,0.023024,0.060362,0.002944,0.001586
0,-0.943041,0.053169,0.283743,0.136934,0.299879,0.093652,0.004369,0.000928
0,-0.935307,-0.010078,-0.003855,-0.063348,0.032662,-0.110166,0.004234,0.000176
0,-0.770518,0.104485,0.160785,0.126873,0.209527,0.162995,0.001358,0.001824
0,-0.739359,0.051307,0.008254,-0.081119,-0.001044,-0.129215,0.000814,0.000895
0,-0.819918,0.077411,-0.105926,0.051321,-0.09223,0.059057,0.00222,0.001351
0,-0.751994,-0.072358,0.095293,-0.159033,0.08272,-0.191448,0.001034,0.001263
0,-0.519749,0.032553,0.241269,0.114823,0.250287,0.139611,0.003019,0.000568
0,-0.592705,-0.133746,-0.050579,-0.160905,-0.08055,-0.150361,0.001746,0.002334
0,-0.506573,-0.009277,0.089208,0.106506,0.09778,0.14521,0.003249,0.000162
0,-0.357912,0.041846,0.136351,0.054603,0.165423,0.069915,0.005844,0.00073
0,-0.465693,0.02582,-0.092072,0.012722,-0.089411,-0.018435,0.003963,0.000451
0,-0.382671,-0.044361,0.0784,-0.049553,0.11946,-0.09177,0.005412,0.000774
0,-0.331006,0.038693,0.023851,0.089975,0.014006,0.052264,0.005777,0.000675
0,-0.252861,0.086251,0.074885,0.052269,0.042506,0.013169,0.004413,0.001505
0,-0.227065,-0.082,0.011531,-0.156136,-0.003527,-0.125132,0.003963,0.001431
0,-0.306187,0.102671,-0.106771,0.208679,-0.139426,0.245887,0.005344,0.001792
0,-0.184937,0.07732,0.098316,-0.028377,0.083524,-0.076765,0.003228,0.001349
0,-0.279474,0.01323,-0.065688,-0.084955,-0.114385,-0.1108,0.004878,0.000231
0,-0.103784,0.025934,0.183621,-0.008316,0.227947,0.035582,0.001811,0.000453
0,-0.358608,-0.110874,-0.257297,-0.166304,-0.222847,-0.193923,0.005832,0.001935
0,-0.116168,0.06759,0.272338,0.157566,0.304216,0.116806,0.002028,0.00118
0,-0.301112,0.115403,-0.20911,0.06304,-0.253513,0.021714,0.005255,0.002014
0,-0.320417,-0.103998,-0.045252,-0.194524,-0.050401,-0.214365,0.005592,0.001815
0,-0.358274,-0.034241,-0.038631,0.08519,0.003278,0.058705,0.005837,0.000598
0,-0.23815,0.143016,0.097099,0.156459,0.064966,0.139704,0.004156,0.002496
0,-0.274946,-0.068793,-0.019245,-0.193373,-0.014511,-0.171268,0.004799,0.001201
0,-0.177534,0.108408,0.07176,0.163963,0.078293,0.178869,0.003099,0.001892
0,-0.049305,-0.063871,0.134401,-0.171337,0.086723,-0.134017,0.000861,0.001115
0,-0.225454,0.001959,-0.200691,0.070159,-0.177809,0.089739,0.003935,3.4e-05
0,-0.159176,0.110379,0.061731,0.136203,0.092813,0.127818,0.002778,0.001926
0,-0.242011,0.140603,-0.07555,0.008439,-0.043229,0.013773,0.004224,0.002454
0,-0.233573,0.150185,-0.008526,0.027547,-0.057966,0.045285,0.004077,0.002621
0,-0.14063,-0.020922,0.102312,-0.144244,0.082203,-0.138552,0.002454,0.000365
0,-0.292886,-0.012547,-0.128233,0.023575,-0.082824,0.07015,0.005112,0.000219
0,-0.026141,-0.141487,0.275762,-0.107621,0.312793,-0.136671,0.000456,0.002469
0,-0.152846,0.134612,-0.101403,0.275186,-0.105297,0.283313,0.002668,0.002349
0,-0.168788,0.083508,-0.020195,-0.034448,-0.010639,-0.041823,0.002946,0.001457
0,-0.151252,0.124752,0.023745,0.036038,0.060862,0.031291,0.00264,0.002177
0,-0.167563,0.055472,-0.003956,-0.085679,-0.026404,-0.118429,0.002925,0.000968
0,-0.245438,0.000556,-0.080257,-0.056489,-0.121531,-0.104222,0.004284,1e-05
0,-0.029957,-0.126009,0.217829,-0.106203,0.258676,-0.059641,0.000523,0.002199
0,0.036306,0.016194,0.087453,0.146171,0.088345,0.154297,0.000634,0.000283
0,-0.020875,0.033431,-0.038014,0.018754,-0.039584,0.017227,0.000364,0.000583
0,-0.122685,-0.046255,-0.118735,-0.065728,-0.153218,-0.067142,0.002141,0.000807
0,-0.063807,-0.084751,0.049209,-0.050927,0.090118,-0.04347,0.001114,0.001479
0,-0.098175,0.106147,-0.042087,0.202612,-0.02862,0.221043,0.001713,0.001853
0,-0.068125,-0.029378,0.054557,-0.134914,0.1017,-0.10542,0.001189,0.000513
0,0.050271,-0.142224,0.120782,-0.104076,0.081815,-0.136878,0.000877,0.002482
0,-0.01758,-0.104564,-0.05397,0.048475,-0.004225,0.020099,0.000307,0.001825
0,-0.126917,0.012103,-0.110744,0.095304,-0.155248,0.073342,0.002215,0.000211
0,-0.172782,0.041139,-0.018239,0.058168,-0.029666,0.071396,0.003016,0.000718
0,-0.084536,-0.088851,0.079004,-0.149022,0.096022,-0.178674,0.001475,0.001551
0,0.00681,-0.128665,0.080413,-0.02103,0.093922,-0.001847,0.000119,0.002246
0,0.019513,-0.016595,0.01386,0.110106,-0.022169,0.070981,0.000341,0.00029
0,-0.16897,0.129092,-0.169046,0.154342,-0.176427,0.116788,0.002949,0.002253
0,-0.179989,0.033464,0.014511,-0.07938,0.036506,-0.101382,0.003141,0.000584
0,0.032458,0.052355,0.208092,0.038339,0.239138,-0.009026,0.000566,0.000914
0,-0.022601,0.181859,-0.084351,0.115281,-0.084598,0.079047,0.000394,0.003174
0,0.02592,0.202814,0.043776,0.018409,0.028528,-0.022936,0.000452,0.00354
0,0.053703,0.185827,0.015719,-0.001299,0.04211,-0.025996,0.000937,0.003243
0,-0.125674,-0.067871,-0.163358,-0.274341,-0.114421,-0.315101,0.002193,0.001185
0,-0.107287,0.102504,0.033841,0.183147,0.057328,0.220576,0.001873,0.001789
0,-0.090665,0.132753,0.040214,0.056408,0.001367,0.043748,0.001582,0.002317
0,-0.062402,-0.090911,0.027036,-0.222813,0.004152,-0.220411,0.001089,0.001587
0,-3.350423,-1.22359,-3.295648,-1.139148,-3.286724,-1.188928,0.001977,0.002825
0,-4.531511,-1.634482,-1.157614,-0.384115,-1.123069,-0.405284,0.005544,0.004346
0,-4.206615,-2.254788,0.330827,-0.60786,0.374366,-0.584545,0.000876,0.003082
0,-4.569124,-2.644815,-0.372299,-0.41044,-0.344871,-0.454854,0.004887,0.002201
0,-4.028006,-2.295504,0.511156,0.373929,0.468406,0.352486,0.002241,0.003793
0,-3.297738,-1.773529,0.720857,0.492761,0.74178,0.46961,0.002896,0.005318
0,-2.18787,-1.399196,1.080983,0.351538,1.127366,0.330683,0.005782,0.00024
0,-8.976629,-1.155548,-6.772447,0.262205,-6.725488,0.295371,0.000505,0.004013
0,-8.901159,-0.734398,0.079767,0.440997,0.093889,0.450569,0.001822,0.000727
0,-9.07743,-0.252517,-0.184266,0.499787,-0.180465,0.539906,0.001255,0.004407
0,-9.002738,-0.006868,0.04745,0.23184,0.029187,0.27674,4.9e-05,0.00012
0,-9.089672,0.236144,-0.091901,0.241481,-0.117301,0.21927,0.001468,0.004121
0,-8.878855,0.352189,0.233493,0.110114,0.222208,0.157147,0.002211,0.005944
0,-8.866359,0.226121,0.013681,-0.122691,-0.017465,-0.133434,0.002429,0.003947
0,-8.965918,0.28391,-0.121669,0.028125,-0.112607,0.065855,0.000692,0.004955
0,-8.92272,0.415709,0.017554,0.103918,0.008877,0.106486,0.001445,0.004835
0,-8.886523,0.280226,0.054899,-0.130498,0.058837,-0.139044,0.002077,0.004891
0,-9.042055,0.181716,-0.139291,-0.110634,-0.174074,-0.13249,0.000637,0.003172
0,-9.13959,0.349667,-0.114041,0.168232,-0.159463,0.172986,0.00234,0.005988
0,-8.871937,0.186016,0.249459,-0.153705,0.224545,-0.118014,0.002332,0.003247
0,-9.146094,-0.01351,-0.248543,-0.199713,-0.287541,-0.157256,0.002453,0.000236
0,-9.122115,-0.016915,0.012162,-0.020785,-0.018398,-0.008207,0.002035,0.000295
0,-9.108144,0.055993,0.039304,0.075074,0.008894,0.037423,0.001791,0.000977
0,-8.85938,0.01764,0.231009,-0.025774,0.278615,-0.06962,0.002551,0.000308
0,-8.981621,0.062357,-0.131008,0.068996,-0.151652,0.064378,0.000417,0.001088
0,-8.931345,-0.024871,0.036332,-0.079865,0.05782,-0.090272,0.001295,0.000434
0,-8.477277,0.113109,0.47388,0.164789,0.442525,0.119559,0.002871,0.001974
0,-8.064206,0.115788,0.429346,0.03115,0.467835,0.047221,0.004339,0.002021
0,-7.580633,-0.016081,0.500359,-0.143397,0.491656,-0.09826,0.000688,0.000281
0,-7.251909,-0.035392,0.327121,-0.026855,0.358582,-0.024888,0.005665,0.000618
0,-7.04873,0.111227,0.231814,0.13259,0.199547,0.116715,0.002119,0.001941
0,-6.64496,0.021117,0.374924,-0.093541,0.398903,-0.045142,0.004928,0.000369
0,-6.148771,0.028851,0.47412,0.026601,0.510079,0.025546,0.001498,0.000504
0,-6.01113,0.183167,0.16349,0.138594,0.11832,0.09207,0.0039,0.003197
0,-5.467931,0.139193,0.546762,-0.042252,0.502057,-0.08177,0.00129,0.002429
0,-5.412367,0.02657,0.082701,-0.141857,0.063593,-0.162298,0.00226,0.000464
0,-5.233613,-0.044143,0.1615,-0.098142,0.117506,-0.05904,0.00538,0.00077
0,-4.877006,-0.078871,0.386034,-0.013637,0.434568,-0.01655,0.000486,0.001377
0,-4.494953,-0.143829,0.368322,-0.087091,0.417279,-0.058221,0.005909,0.00251
0,-4.311684,0.122319,0.207239,0.267495,0.189432,0.284043,0.00271,0.002135
0,-4.112061,-0.103808,0.201923,-0.209487,0.213631,-0.173572,0.000774,0.001812
0,-4.001287,-0.068013,0.128943,0.017695,0.139996,0.032881,0.002707,0.001187
0,-3.843603,0.087738,0.132761,0.180285,0.118646,0.220764,0.005459,0.001531
0,-3.504292,0.084554,0.362313,-0.00524,0.382956,0.03555,0.000709,0.001476
0,-3.491384,-0.083179,-0.011674,-0.154046,-0.036738,-0.117652,0.000484,0.001452
0,-3.101582,-0.083069,0.376544,-0.001784,0.37892,0.015047,0.005771,0.00145
0,-3.074216,-0.014794,-0.002274,0.084643,0.014811,0.093522,0.005293,0.000258
0,-3.002371,0.151702,0.087821,0.179155,0.057043,0.152231,0.004039,0.002648
0,-2.707377,0.142201,0.287886,-0.016064,0.252933,-0.05954,0.001109,0.002482
0,-2.643463,0.14564,0.085472,0.002077,0.040867,0.001411,0.002225,0.002542
0,-2.470371,0.108876,0.144918,-0.007982,0.162363,-0.047022,0.005246,0.0019
0,-2.139552,-0.059325,0.359048,-0.142153,0.388483,-0.099014,0.001071,0.001035
0,-1.96823,-0.078078,0.163911,0.00397,0.184416,-0.026228,0.001919,0.001363
0,-2.09432,0.072128,-0.141027,0.171947,-0.168234,0.123808,0.000281,0.001259
0,-2.061567,0.055698,0.013169,-0.001896,0.009628,-0.046694,0.00029,0.000972
0,-1.809101,-0.156982,0.280917,-0.209319,0.235181,-0.252299,0.004697,0.00274
0,-1.702272,-0.170468,0.094009,-0.011176,0.09862,0.016313,0.005529,0.002975
0,-1.76034,-0.007058,-0.048257,0.150537,-0.050845,0.155184,0.005548,0.000123
0,-1.438726,-0.111927,0.343722,-0.117586,0.377154,-0.081596,0.00093,0.001953
0,-1.546855,0.080954,-0.08587,0.170503,-0.083923,0.183313,0.002817,0.001413
0,-1.555786,0.074034,-0.024236,-0.009633,-0.012299,-0.026686,0.002973,0.001292
0,-1.251269,0.028788,0.28217,-0.032315,0.245294,-0.028146,0.002342,0.000502
0,-1.460898,-0.004061,-0.208869,-0.040828,-0.238813,-0.005215,0.001317,7.1e-05
0,-1.290342,-0.144501,0.185243,-0.150203,0.211753,-0.180276,0.00166,0.002522
0,-1.23113,-0.025744,0.042291,0.095107,0.03264,0.089537,0.002694,0.000449
0,-1.209716,-0.078159,0.002765,-0.063249,-0.008425,-0.075543,0.003067,0.001364
0,-1.016688,-0.063894,0.206369,0.000912,0.240208,-0.004423,0.005654,0.001115
0,-0.866803,-0.146622,0.13345,-0.108874,0.137811,-0.1344,0.003038,0.002559
0,-0.845171,-0.181965,0.01274,-0.060355,-0.03265,-0.043732,0.002661,0.003176
0,-0.934683,0.032057,-0.103069,0.211098,-0.099222,0.253942,0.004223,0.000559
0,-0.693088,0.073951,0.229949,0.029043,0.221153,0.012364,6e-06,0.001291
0,-0.671128,-0.024764,0.011737,-0.127701,-0.024403,-0.145424,0.000377,0.000432
0,-0.623103,-0.039082,0.021733,0.00377,0.011683,-0.014497,0.001215,0.000682
0,-0.788924,-0.163283,-0.193237,-0.153866,-0.170796,-0.191002,0.001679,0.00285
0,-0.737389,0.045205,0.031621,0.212727,-0.016201,0.242802,0.000779,0.000789
0,-0.571532,-0.112974,0.176781,-0.172507,0.182918,-0.190258,0.002115,0.001972
0,-0.66675,-0.081491,-0.088388,0.010081,-0.115033,0.046818,0.000453,0.001422
0,-0.645748,-0.159231,0.025303,-0.071689,0.00263,-0.056029,0.00082,0.002779
0,-0.381232,0.100946,0.285699,0.231558,0.283962,0.232354,0.005437,0.001762
0,-0.470257,-0.032835,-0.088156,-0.144041,-0.068553,-0.179377,0.003883,0.000573
0,-0.528561,-0.033825,-0.030725,-0.020776,-0.056574,-0.064866,0.002865,0.00059
0,-0.565373,0.050892,-0.03968,0.076703,-0.060601,0.103514,0.002223,0.000888
0,-0.464718,-0.085662,0.083165,-0.130093,0.073661,-0.102279,0.00398,0.001495
0,-0.29331,-0.068589,0.179053,-0.005972,0.137403,-0.03934,0.005119,0.001197
0,-0.373921,0.012703,-0.102028,0.071898,-0.106043,0.0366,0.005564,0.000222
0,-0.387296,-0.113173,0.011726,-0.135595,-0.013642,-0.114961,0.005331,0.001975
0,-0.338203,-0.055944,0.040316,0.079431,0.046329,0.07021,0.005903,0.000976
0,-0.305286,0.015935,0.031472,0.094304,0.004398,0.132802,0.005328,0.000278
0,-0.352551,-0.004118,-0.052843,-0.018993,-0.042184,-0.012529,0.005937,7.2e-05
0,-0.382541,0.056336,-0.006389,0.087154,0.002246,0.106023,0.005414,0.000983
0,-0.162195,-0.173606,0.209018,-0.247962,0.186897,-0.200209,0.002831,0.00303
0,-0.407607,-0.08731,-0.216718,0.077692,-0.209788,0.119835,0.004976,0.001524
0,-0.369974,0.051948,0.015436,0.111911,0.017735,0.134393,0.005633,0.000907
0,-0.392922,0.047549,-0.023315,0.007198,-0.015964,0.015547,0.005233,0.00083
0,-0.243383,-0.210139,0.135594,-0.273929,0.089207,-0.320557,0.004248,0.003668
0,-0.114956,-0.171247,0.140613,0.029975,0.10317,0.009521,0.002006,0.002989
0,-0.320496,-0.040312,-0.204724,0.156164,-0.214952,0.1554,0.005594,0.000704
0,-0.086268,0.049342,0.246665,0.096058,0.288762,0.091865,0.001506,0.000861
0,-0.293417,-0.171027,-0.227393,-0.204115,-0.246766,-0.212688,0.005121,0.002985
0,-0.05157,-0.065864,0.212724,0.123939,0.211527,0.127378,0.0009,0.00115
0,-0.162476,-0.061763,-0.097901,0.03079,-0.093327,0.025621,0.002836,0.001078
0,-0.130643,-0.001665,0.038326,0.076868,0.02123,0.077972,0.00228,2.9e-05
0,-0.105588,0.005364,0.002437,0.00703,-0.026125,-0.002656,0.001843,9.4e-05
0,-0.125026,-0.155668,0.006151,-0.169877,-0.015538,-0.218449,0.002182,0.002717
0,-0.04924,0.015253,0.077936,0.200027,0.112563,0.16338,0.000859,0.000266
0,-0.11792,0.032022,-0.056741,-0.011699,-0.02189,0.015594,0.002058,0.000559
0,-0.09591,-0.093278,0.029277,-0.148739,-0.017033,-0.103947,0.001674,0.001628
0,-0.129293,-0.023213,-0.010137,0.079972,-0.040484,0.101105,0.002257,0.000405
0,-0.046698,-0.130077,0.078973,-0.086996,0.106694,-0.042391,0.000815,0.00227
0,0.083595,0.063752,0.11943,0.180557,0.125899,0.221394,0.001459,0.001113
0,-0.133575,-0.176324,-0.22616,-0.26904,-0.203208,-0.249461,0.002331,0.003077
0,0.059048,-0.109118,0.21545,0.059381,0.207308,0.016561,0.001031,0.001904
0,0.026084,-7.6e-05,-0.042784,0.116633,0.003096,0.156465,0.000455,1e-06
0,-0.206125,0.088318,-0.237154,0.111989,-0.224116,0.139383,0.003598,0.001541
0,-0.084804,-0.145047,0.123288,-0.215442,0.111894,-0.230163,0.00148,0.002532
0,-0.111651,-0.174542,-0.03727,-0.016193,-0.08098,-0.045668,0.001949,0.003046
0,-0.012405,-0.034811,0.120175,0.163561,0.104576,0.120403,0.000217,0.000608
0,-0.040119,0.044219,-0.000639,0.062967,-0.026692,0.057991,0.0007,0.000772
0,-0.2601,-0.001951,-0.223752,-0.031396,-0.187968,0.00867,0.00454,3.4e-05
0,-0.213399,-0.041063,0.04527,-0.017272,0.000157,-0.053022,0.003725,0.000717
0,-0.283663,-0.156118,-0.071103,-0.086199,-0.044971,-0.061923,0.004951,0.002725
0,-0.082068,0.001157,0.181955,0.170472,0.205844,0.153749,0.001432,2e-05
0,-0.250363,-0.00755,-0.142587,-0.003774,-0.166381,-0.010345,0.00437,0.000132
0,-0.214537,-0.099781,0.015375,-0.096087,-0.021488,-0.090497,0.003744,0.001742
0,-0.166035,-0.076611,0.069784,0.044607,0.058316,0.064807,0.002898,0.001337
0,0.07135,-0.137288,0.233371,-0.084954,0.20711,-0.123763,0.001245,0.002396
0,0.039433,0.017157,-0.035217,0.145067,-0.068095,0.171852,0.000688,0.000299
0,-0.210271,-0.072011,-0.23953,-0.076192,-0.264725,-0.033201,0.00367,0.001257
0,-0.017653,-0.042259,0.179904,0.0288,0.188694,0.053399,0.000308,0.000738
0,-0.155208,-0.159286,-0.146605,-0.123082,-0.106493,-0.093816,0.002709,0.00278
0,-0.079484,0.055599,0.065207,0.222054,0.0297,0.242736,0.001387,0.00097
0,0.055249,0.063629,0.1224,0.001373,0.085111,0.015857,0.000964,0.001111
0,-0.04372,-0.076069,-0.112548,-0.141668,-0.137985,-0.094901,0.000763,0.001328
0,-0.067744,-0.124095,-0.031484,-0.038651,-0.036122,-0.061267,0.001182,0.002166
0,-0.087143,-0.171676,-0.014639,-0.038424,-0.026765,-0.060404,0.001521,0.002996
0,0.001438,0.043656,0.092783,0.185914,0.123254,0.172207,2.5e-05,0.000762
0,-0.018887,-0.042771,-0.027705,-0.103013,-0.045977,-0.076531,0.00033,0.000747
0,0.103982,-0.007896,0.146555,0.054485,0.128948,0.035114,0.001815,0.000138
0,0.054171,-0.105816,-0.067873,-0.098486,-0.068181,-0.146539,0.000945,0.001847
0,-0.118744,0.013113,-0.172932,0.097022,-0.169067,0.054359,0.002072,0.000229
0,-0.011537,-0.042576,0.117201,-0.042895,0.150771,-0.055165,0.000201,0.000743
0,-0.097362,-0.021066,-0.073781,0.018327,-0.070896,0.059725,0.001699,0.000368
0,-0.035496,0.028939,0.04304,0.070221,0.077934,0.025368,0.00062,0.000505
0,-0.023571,-0.12305,0.030171,-0.149476,-0.008104,-0.131402,0.000411,0.002148
0,0.129655,-0.073993,0.152126,0.046762,0.160655,0.027412,0.002263,0.001291
0,0.002043,-0.122408,-0.141267,-0.019632,-0.180938,-0.000263,3.6e-05,0.002136
0,0.111173,-0.129251,0.081606,-0.030767,0.118822,-0.008828,0.00194,0.002256
0,-0.044427,0.154994,-0.149777,0.287991,-0.18611,0.308084,0.000775,0.002705
0,-0.045514,-0.076735,-0.02511,-0.228557,-0.046543,-0.178596,0.000794,0.001339
0,0.015618,-0.111965,0.065958,-0.042811,0.076099,-0.086173,0.000273,0.001954
0,0.152324,-0.008377,0.125292,0.084001,0.168838,0.129968,0.002659,0.000146
0,0.206242,0.143708,0.06072,0.162604,0.071322,0.16789,0.0036,0.002508
0,0.014514,0.1751,-0.184262,0.052797,-0.196989,0.09979,0.000253,0.003056
0,-0.006675,0.212018,-0.032724,0.049451,-0.044844,0.031584,0.000117,0.0037
0,0.120232,0.230044,0.143719,-0.010496,0.113347,0.03898,0.002098,0.004015
0,-0.091401,0.099618,-0.210367,-0.136677,-0.248575,-0.175071,0.001595,0.001739
0,0.139727,-0.004142,0.213426,-0.127469,0.221921,-0.172012,0.002439,7.2e-05
0,-0.050745,0.059259,-0.193688,0.089341,-0.180783,0.058825,0.000886,0.001034
0,-0.029421,0.084326,0.043887,0.005171,0.023832,-0.019517,0.000513,0.001472
0,-0.024513,0.041633,-0.006623,-0.030167,-0.051621,0.00535,0.000428,0.000727
0,-0.229561,-0.101566,-0.233927,-0.117445,-0.235247,-0.103245,0.004007,0.001773
0,0.029379,-0.071361,0.249306,0.027592,0.20807,0.031303,0.000513,0.001245
0,0.057005,0.084614,0.057511,0.166737,0.092954,0.179049,0.000995,0.001477
0,-0.141278,0.176372,-0.203313,0.111506,-0.237959,0.083798,0.002466,0.003078
0,0.006155,0.105326,0.12571,-0.056748,0.083588,-0.088926,0.000107,0.001838
0,-0.083619,0.014219,-0.073517,-0.109264,-0.047747,-0.063996,0.001459,0.000248
0,0.102943,0.109776,0.199716,0.111285,0.20732,0.106969,0.001797,0.001916
0,-0.141853,0.146104,-0.215445,0.061712,-0.209676,0.093961,0.002476,0.00255
0,-0.170553,0.088195,-0.00378,-0.032136,0.013949,-0.029356,0.002977,0.001539
0,-0.009315,0.083519,0.164139,-0.034169,0.158067,-0.076592,0.000163,0.001458
0,0.039273,-0.1026,0.066456,-0.213778,0.091091,-0.203544,0.000685,0.001791
0,0.004659,0.043154,-0.037595,0.117649,-0.055768,0.092216,8.1e-05,0.000753
0,0.049061,0.00516,0.053151,-0.018906,0.073292,0.027418,0.000856,9e-05
0,-0.063371,-0.061984,-0.097986,-0.088498,-0.054386,-0.067312,0.001106,0.001082
0,-0.036696,-0.095035,0.056639,-0.056708,0.041659,-0.045704,0.00064,0.001659
0,-0.192427,0.048135,-0.144389,0.1364,-0.175371,0.119145,0.003358,0.00084
0,0.022708,0.025315,0.202363,-0.003675,0.214757,-0.02208,0.000396,0.000442
0,-0.082956,0.149709,-0.13565,0.146062,-0.142242,0.130735,0.001448,0.002613
0,-0.170353,-0.13196,-0.09174,-0.291696,-0.055499,-0.264486,0.002973,0.002303
0,-0.098214,-0.028826,0.100359,0.077513,0.079967,0.065938,0.001714,0.000503
0,-0.093007,0.037396,-0.017705,0.078714,-0.055376,0.052566,0.001623,0.000653
0,0.026413,0.162829,0.097757,0.123587,0.089492,0.119859,0.000461,0.002842
0,0.096877,-0.057863,0.074748,-0.198883,0.10408,-0.178969,0.001691,0.00101
0,0.053193,-0.053223,-0.017919,0.014633,0.008653,0.013553,0.000928,0.000929
0,-0.044132,0.092005,-0.087387,0.139855,-0.112356,0.162423,0.00077,0.001606
0,-0.162107,0.062397,-0.112345,-0.005015,-0.110554,0.028748,0.002829,0.001089
0,0.055435,-0.040325,0.238346,-0.124437,0.210079,-0.105401,0.000968,0.000704
0,0.1868,0.082145,0.158402,0.113475,0.193192,0.131364,0.00326,0.001434
0,0.065063,-0.043447,-0.099121,-0.142391,-0.141476,-0.140529,0.001136,0.000758
0,0.076911,0.059097,0.017761,0.091414,0.02594,0.08352,0.001342,0.001031
0,0.065471,0.027534,-0.018793,-0.023409,-0.056357,0.009892,0.001143,0.000481
0,0.066782,-0.13573,0.014968,-0.184965,0.038396,-0.229844,0.001166,0.002369
0,-0.074864,-0.167903,-0.12982,-0.045745,-0.161496,-0.016794,0.001307,0.00293
0,0.092882,-0.104104,0.189265,0.092162,0.229166,0.136266,0.001621,0.001817
0,0.139401,-0.11279,0.039404,-0.035087,0.064286,-0.065309,0.002433,0.001969
0,0.102278,-0.103353,-0.043903,0.015121,-0.002519,-0.02487,0.001785,0.001804
0,0.151294,-0.044626,0.029352,0.057831,0.029266,0.091304,0.002641,0.000779
0,0.206791,0.080725,0.027508,0.140432,0.038826,0.142138,0.003609,0.001409
0,0.219758,0.000844,-0.014523,-0.103137,-0.006041,-0.099577,0.003835,1.5e-05
0,0.094896,-0.007118,-0.104213,-0.000639,-0.091179,0.021121,0.001656,0.000124
0,-0.124059,0.056523,-0.205697,0.071728,-0.199541,0.09902,0.002165,0.000987
0,0.018224,-0.094428,0.133149,-0.156561,0.1112,-0.117471,0.000318,0.001648
0,0.049361,-0.043481,0.020779,0.033821,0.011948,0.023679,0.000862,0.000759
0,0.181829,-0.160699,0.155588,-0.12975,0.153914,-0.114108,0.003174,0.002805
0,0.182913,-0.149255,-0.025194,0.000143,-0.00183,0.008983,0.003192,0.002605
0,0.155624,0.056066,-0.026042,0.212612,-0.037706,0.176546,0.002716,0.000979
0,0.107282,-0.080948,-0.058682,-0.10752,-0.031259,-0.11725,0.001872,0.001413
0,-0.088746,-0.176251,-0.191051,-0.10609,-0.237118,-0.090861,0.001549,0.003076
0,-0.160521,-0.09682,-0.066934,0.060161,-0.098888,0.035707,0.002802,0.00169
0,-0.082882,0.026101,0.080377,0.12276,0.10458,0.114087,0.001447,0.000456
0,-0.088166,-0.152576,0.024141,-0.203719,0.032166,-0.243303,0.001539,0.002663
0,-0.127385,0.077679,-0.058195,0.244623,-0.094302,0.273868,0.002223,0.001356
0,-0.062249,-0.083964,0.075784,-0.185305,0.037245,-0.185161,0.001086,0.001465
0,-0.076297,-0.062961,0.012255,0.012838,0.024002,0.037772,0.001332,0.001099
0,0.138437,-0.071713,0.21536,-0.032472,0.240805,-0.065378,0.002416,0.001252
0,-0.003136,-0.093267,-0.112391,-0.018539,-0.088492,0.026856,5.5e-05,0.001628
0,-0.02792,-0.097041,-0.02783,0.026146,-0.027286,0.043803,0.000487,0.001694
0,0.084925,0.018796,0.120197,0.106951,0.112779,0.091816,0.001482,0.000328
0,0.106581,0.034861,0.01992,0.026765,-0.023899,0.075818,0.00186,0.000608
0,-0.00086,0.103253,-0.080267,0.08597,-0.101862,0.121545,1.5e-05,0.001802
0,-0.040392,0.050509,-0.030937,-0.036392,-0.027071,-0.004628,0.000705,0.000882
0,-0.093397,-0.032512,-0.046697,-0.067872,-0.007956,-0.045558,0.00163,0.000567
0,-0.046408,0.088244,0.031756,0.128487,0.077761,0.115967,0.00081,0.00154
0,0.080972,-0.046186,0.125951,-0.163704,0.163137,-0.180265,0.001413,0.000806
0,0.135332,-0.134001,0.050502,-0.106749,0.077199,-0.115883,0.002362,0.002339
0,-0.002035,-0.147436,-0.121932,0.015116,-0.086331,0.05748,3.6e-05,0.002573
0,0.040336,-0.033172,0.025113,0.139263,0.018592,0.127919,0.000704,0.000579
0,0.18888,0.082744,0.16963,0.098948,0.127524,0.098513,0.003297,0.001444
0,0.217258,-0.063178,0.029793,-0.120428,0.077461,-0.093576,0.003792,0.001103
0,0.096296,0.108613,-0.113439,0.189154,-0.073158,0.143691,0.001681,0.001896
0,0.136296,-0.014219,0.041889,-0.095137,0.015455,-0.07267,0.002379,0.000248
0,0.248039,0.022883,0.084347,0.038938,0.060383,-0.007653,0.004329,0.000399
0,0.288069,-0.029652,0.048718,-0.04067,0.033583,-0.031659,0.005028,0.000518
0,0.186539,-0.11533,-0.105397,-0.110116,-0.127872,-0.127277,0.003256,0.002013
0,0.164196,-0.053479,-0.011109,0.077151,0.037611,0.088166,0.002866,0.000933
0,0.399395,0.168728,0.243042,0.231399,0.230607,0.230176,0.00512,0.002945
0,0.116242,0.113369,-0.266499,-0.039019,-0.314442,-0.001051,0.002029,0.001979
0,0.188447,0.093343,0.090851,-0.029559,0.062271,-0.071175,0.003289,0.001629
0,0.268587,-0.043337,0.086891,-0.112804,0.039921,-0.085918,0.004688,0.000756
0,0.334083,0.000618,0.0362,0.028902,0.078896,0.05359,0.005831,1.1e-05
0,0.315568,0.187633,-0.018009,0.199653,-0.043221,0.150511,0.005508,0.003275
0,0.099108,0.037459,-0.226511,-0.165799,-0.178496,-0.20204,0.00173,0.000654
0,0.074952,0.194999,-0.018806,0.1625,-0.021963,0.1482,0.001308,0.003403
0,0.274728,0.059164,0.227817,-0.127227,0.220394,-0.147378,0.004795,0.001033
0,0.257956,0.03984,-0.027394,-0.005248,0.006917,-0.01863,0.004502,0.000695
0,0.009468,0.151197,-0.272943,0.118419,-0.2477,0.094583,0.000165,0.002639
0,0.068262,0.069025,0.063951,-0.053286,0.025475,-0.061247,0.001191,0.001205
0,0.163461,0.003466,0.120599,-0.060851,0.087525,-0.065376,0.002853,6e-05
0,0.12475,-0.122146,-0.020224,-0.115438,-0.049474,-0.144766,0.002177,0.002132
0,-0.033512,0.08857,-0.181544,0.236188,-0.203786,0.205704,0.000585,0.001546
0,-0.082247,0.089446,-0.043444,-0.011763,-0.066379,-0.057658,0.001435,0.001561
0,-0.006578,-0.005707,0.097452,-0.106312,0.057849,-0.151962,0.000115,0.0001
0,0.090874,-0.126057,0.102343,-0.091581,0.085997,-0.088116,0.001586,0.0022
0,0.040298,0.024977,-0.065337,0.135702,-0.079364,0.118332,0.000703,0.000436
0,0.035424,-0.060262,0.020057,-0.100889,0.009927,-0.114959,0.000618,0.001052
0,-0.13549,0.012978,-0.180518,0.079329,-0.157768,0.071357,0.002365,0.000227
0,0.004965,-0.178526,0.127988,-0.197493,0.144512,-0.210111,8.7e-05,0.003116
0,0.054794,0.102705,0.055061,0.274868,0.048567,0.226417,0.000956,0.001793
0,0.103324,0.082777,0.042471,0.004504,0.084774,0.027336,0.001803,0.001445
0,-0.074319,0.145808,-0.148399,0.069286,-0.103276,0.034146,0.001297,0.002545
0,-0.064777,0.084153,-0.006781,-0.057042,-0.042084,-0.096467,0.001131,0.001469
0,-0.087024,-0.08572,-0.023937,-0.176172,-0.035496,-0.220505,0.001519,0.001496
0,-0.090279,0.176647,0.000708,0.28349,-0.013949,0.240143,0.001576,0.003083
0,-0.015475,0.04002,0.077722,-0.157816,0.123195,-0.169796,0.00027,0.000698
0,0.045074,0.192142,0.081146,0.123282,0.081038,0.122225,0.000787,0.003354
0,0.05564,0.053884,0.032109,-0.124152,0.024419,-0.140163,0.000971,0.00094
0,-0.261066,0.120398,-0.311518,0.092257,-0.26488,0.094518,0.004556,0.002101
0,-0.200293,-0.101013,0.05395,-0.241871,0.072366,-0.270045,0.003496,0.001763
0,-0.094481,0.033514,0.10554,0.111685,0.087763,0.12046,0.001649,0.000585
0,-0.27412,-0.027607,-0.191806,-0.08113,-0.209976,-0.119372,0.004784,0.000482
0,-0.225736,0.138527,0.039399,0.155768,0.026148,0.116194,0.00394,0.002418
0,-0.204627,-0.062722,-0.006505,-0.19065,0.003746,-0.209305,0.003571,0.001095
0,-0.106492,-0.045195,0.124018,-0.011905,0.170251,-0.055661,0.001859,0.000789
0,-0.079907,-0.016115,0.028748,0.058069,0.033971,0.043397,0.001395,0.000281
0,-0.32873,0.103393,-0.258034,0.144228,-0.22265,0.118736,0.005737,0.001805
0,-0.177876,-0.022138,0.120883,-0.1148,0.126083,-0.09583,0.003105,0.000386
0,-0.305749,-0.130567,-0.12586,-0.13322,-0.141151,-0.140161,0.005336,0.002279
0,-0.187319,-0.083774,0.0982,0.045958,0.1088,0.046098,0.003269,0.001462
0,-0.312786,0.09285,-0.145885,0.169773,-0.112471,0.217893,0.005459,0.001621
0,-0.043621,0.035207,0.253796,-0.042017,0.289626,-0.06504,0.000761,0.000614
0,-0.2286,0.135179,-0.203007,0.070899,-0.211246,0.106561,0.00399,0.002359
0,-0.018548,-0.068376,0.233154,-0.192689,0.223317,-0.2285,0.000324,0.001193
0,-0.25855,0.12105,-0.215625,0.211468,-0.222361,0.22862,0.004513,0.002113
0,-0.050723,-0.11076,0.180209,-0.240805,0.154508,-0.248931,0.000885,0.001933
0,-0.165938,-0.02679,-0.087458,0.106136,-0.061035,0.085641,0.002896,0.000468
0,-0.018363,-0.084025,0.15268,-0.049678,0.170356,-0.036762,0.00032,0.001467
0,-0.104871,-0.118238,-0.099312,-0.024201,-0.071767,-0.070489,0.00183,0.002064
0,-0.05094,-0.089062,0.035804,0.012721,0.085659,-0.020802,0.000889,0.001554
0,0.110846,0.043865,0.156146,0.12684,0.135913,0.161508,0.001935,0.000766
0,-0.062356,0.089067,-0.187245,0.048251,-0.207835,0.010062,0.001088,0.001555
0,0.072687,-0.019334,0.154862,-0.124102,0.193547,-0.076109,0.001269,0.000337
0,-0.142453,-0.158878,-0.224687,-0.137978,-0.264914,-0.168613,0.002486,0.002773
0,0.093517,-0.069151,0.251758,0.072185,0.20509,0.070909,0.001632,0.001207
0,-0.008265,0.122429,-0.08801,0.16413,-0.111769,0.136158,0.000144,0.002137
0,-0.089372,-0.090212,-0.061753,-0.217237,-0.01462,-0.200492,0.00156,0.001574
0,-0.146984,-0.093692,-0.034358,-0.024486,-0.0634,-0.033973,0.002565,0.001635
0,-0.11455,-0.044965,0.004145,0.056133,0.053066,0.088775,0.001999,0.000785
0,0.076109,-0.046576,0.219945,-0.004308,0.228744,0.030049,0.001328,0.000813
0,-0.106908,-0.16077,-0.154019,-0.137403,-0.156838,-0.108815,0.001866,0.002806
0,0.023457,-0.076036,0.105537,0.08089,0.100739,0.106092,0.000409,0.001327
0,0.174266,-0.101891,0.173581,-0.05214,0.147794,-0.0815,0.003042,0.001778
0,-0.055678,-0.028482,-0.259057,0.101309,-0.281994,0.08983,0.000972,0.000497
0,0.077775,-0.006729,0.162251,-0.007509,0.149033,0.009617,0.001357,0.000117
0,0.020056,0.051267,-0.070026,0.054807,-0.064317,0.082324,0.00035,0.000895
0,0.063527,-0.011419,0.044976,-0.074473,0.075924,-0.097202,0.001109,0.000199
0,0.010171,-0.039835,-0.032006,-0.009611,-0.040187,-0.035779,0.000178,0.000695
0,0.072873,0.101164,0.087498,0.163595,0.095238,0.12364,0.001272,0.001766
0,-0.047175,-0.024249,-0.134152,-0.105996,-0.098112,-0.10237,0.000823,0.000423
0,-0.027367,0.08771,0.039959,0.107226,-0.007301,0.118294,0.000478,0.001531
0,0.106492,-0.137646,0.148198,-0.229442,0.125228,-0.219614,0.001859,0.002402
0,0.101964,-0.015771,-0.016121,0.118927,0.021201,0.159893,0.00178,0.000275
0,0.159521,-0.087367,0.066597,-0.076045,0.102067,-0.124284,0.002784,0.001525
0,-0.082274,0.126865,-0.256166,0.213453,-0.212901,0.169723,0.001436,0.002214
0,0.016832,0.109986,0.115393,-0.036368,0.125726,-0.032375,0.000294,0.00192
0,0.105314,-0.077771,0.06569,-0.215746,0.060004,-0.251744,0.001838,0.001357
0,0.008581,0.097014,-0.121347,0.166354,-0.098416,0.198663,0.00015,0.001693
0,0.012829,-0.041755,-0.022698,-0.115885,-0.032751,-0.135154,0.000224,0.000729
0,0.013287,0.029879,0.000529,0.066818,-0.015767,0.076485,0.000232,0.000521
0,0.042531,0.121864,0.05774,0.103031,0.102915,0.086006,0.000742,0.002127
0,0.043937,0.00476,-0.001988,-0.107236,-0.036271,-0.074146,0.000767,8.3e-05
0,0.099127,-0.029886,0.051366,-0.048646,0.073028,-0.043473,0.00173,0.000522
0,0.020042,0.116047,-0.103859,0.167768,-0.075045,0.128472,0.00035,0.002025
0,-0.02035,0.022354,-0.048667,-0.110352,-0.081709,-0.087642,0.000355,0.00039
0,0.108757,0.243635,0.136401,0.227151,0.109784,0.214758,0.001898,0.004252
0,0.158422,0.121328,0.029083,-0.126355,0.015954,-0.112406,0.002765,0.002118
0,-0.011259,0.010945,-0.155579,-0.129868,-0.128914,-0.106308,0.000197,0.000191
0,0.265872,0.087402,0.290027,0.074373,0.298007,0.045783,0.00464,0.001525
0,0.237848,0.237757,-0.022441,0.163933,0.002465,0.17606,0.004151,0.00415
0,0.269234,0.002984,0.009844,-0.21275,0.040697,-0.207583,0.004699,5.2e-05
0,0.067682,0.009607,-0.208595,0.033595,-0.223795,0.037293,0.001181,0.000168
0,0.172896,0.140459,0.095377,0.142938,0.114279,0.185013,0.003018,0.002451
0,0.224962,0.027784,0.076969,-0.090735,0.06578,-0.070274,0.003926,0.000485
0,0.323399,0.134568,0.094227,0.136419,0.092794,0.140978,0.005644,0.002349
0,0.155692,0.005156,-0.171843,-0.113645,-0.122796,-0.143603,0.002717,9e-05
0,0.103322,-0.023383,-0.041478,-0.028981,0.007959,0.000708,0.001803,0.000408
0,0.279269,0.081911,0.157871,0.125257,0.131623,0.145764,0.004874,0.00143
0,0.079838,0.012336,-0.177953,-0.057802,-0.207279,-0.096575,0.001393,0.000215
0,0.172861,0.048492,0.103963,0.065804,0.075709,0.087326,0.003017,0.000846
0,0.141166,0.088092,-0.032564,0.010537,-0.034611,-0.010537,0.002464,0.001537
0,0.405274,0.200193,0.251413,0.126447,0.286082,0.122169,0.005017,0.003494
0,0.302614,0.11823,-0.109317,-0.067877,-0.067559,-0.08393,0.005282,0.002063
0,0.283718,-0.073716,-0.043594,-0.208678,-0.038354,-0.235946,0.004952,0.001287
0,0.325185,-0.021774,0.036985,0.076013,0.081424,0.101662,0.005676,0.00038
0,0.407609,0.010699,0.110202,0.040373,0.064453,0.028789,0.004976,0.000187
0,0.200823,0.176105,-0.205676,0.162758,-0.164141,0.169756,0.003505,0.003074
0,0.335453,0.062232,0.118801,-0.089859,0.139596,-0.05099,0.005855,0.001086
0,0.126881,0.199659,-0.197387,0.135783,-0.219973,0.12282,0.002214,0.003485
0,0.166848,0.075201,0.063767,-0.129542,0.075977,-0.149645,0.002912,0.001313
0,0.143794,0.217804,-0.032948,0.16365,-0.076019,0.143421,0.00251,0.003801
0,0.297257,0.137373,0.176764,-0.051232,0.188466,-0.056524,0.005188,0.002398
0,0.179211,0.011864,-0.088192,-0.143287,-0.089766,-0.115996,0.003128,0.000207
0,0.176811,-0.008602,0.004399,-0.007889,0.018724,-0.021689,0.003086,0.00015
0,0.218566,0.183377,0.057538,0.213687,0.088919,0.1779,0.003815,0.003201
0,0.198317,0.10102,-0.033134,-0.107017,-0.005155,-0.145842,0.003461,0.001763
0,0.21903,0.044665,0.011071,-0.063365,0.049833,-0.095944,0.003823,0.00078
0,0.271935,-0.04301,0.053283,-0.07749,0.067716,-0.10313,0.004746,0.000751
0,0.28396,0.118173,0.037454,0.179601,0.054278,0.133706,0.004956,0.002063
0,0.314728,0.057747,0.03003,-0.044762,0.006519,-0.031205,0.005493,0.001008
0,0.057032,-0.022337,-0.252883,-0.094857,-0.284569,-0.066214,0.000995,0.00039
0,0.033746,0.150675,-0.042017,0.172896,0.002117,0.129419,0.000589,0.00263
0,0.101986,0.180555,0.03941,0.028466,0.006406,0.065121,0.00178,0.003151
0,0.022396,0.150308,-0.09255,-0.012655,-0.110333,-0.025081,0.000391,0.002623
0,0.187896,-0.081543,0.189786,-0.257089,0.213808,-0.269722,0.003279,0.001423
0,0.197899,0.029799,0.002601,0.088751,0.0116,0.11624,0.003454,0.00052
0,0.018428,-0.093696,-0.16116,-0.149734,-0.188423,-0.113326,0.000322,0.001635
0,0.276864,0.014992,0.257955,0.101621,0.28913,0.076182,0.004832,0.000262
0,0.329688,0.028779,0.049965,0.034295,0.035925,0.031567,0.005754,0.000502
0,0.121393,0.080985,-0.236265,0.081601,-0.217379,0.043938,0.002119,0.001413
0,0.31935,0.141068,0.20209,0.040404,0.218093,0.042076,0.005574,0.002462
0,0.165333,0.008534,-0.150025,-0.136202,-0.148277,-0.090942,0.002886,0.000149
0,0.218109,-0.015567,0.060272,-0.028981,0.109383,0.00106,0.003807,0.000272
0,0.017755,0.006324,-0.205336,0.005486,-0.232574,0.005545,0.00031,0.00011
0,0.166216,0.102802,0.153239,0.076124,0.104684,0.032654,0.002901,0.001794
0,0.229632,0.139302,0.035977,0.02065,0.084069,0.04172,0.004008,0.002431
0,0.039282,-0.114128,-0.215709,-0.256118,-0.178024,-0.256761,0.000686,0.001992
0,0.00477,-0.040062,-0.048765,0.104017,-0.00622,0.055989,8.3e-05,0.000699
0,0.131952,0.167541,0.141311,0.179622,0.183369,0.133235,0.002303,0.002924
0,0.16425,0.163089,0.046783,-0.010193,0.008003,0.033509,0.002867,0.002846
0,0.14535,0.145503,-0.045267,0.001434,-0.051758,0.039495,0.002537,0.00254
0,0.138193,0.134566,-0.014734,-0.01533,-0.033868,-0.022848,0.002412,0.002349
0,0.049445,0.124632,-0.094602,0.018174,-0.050509,0.025808,0.000863,0.002175
0,0.053052,-0.127776,-0.003009,-0.241491,-0.020599,-0.259793,0.000926,0.00223
0,0.150704,-0.081501,0.121257,0.059987,0.130436,0.019805,0.00263,0.001422
0,-1.863353,1.02601,-2.003166,1.077656,-2.012628,1.095932,0.00375,0.005817
0,-4.6867,1.02586,-2.833968,-0.023225,-2.833479,-0.070577,0.002835,0.005814
0,-5.112434,1.337159,-0.408658,0.290175,-0.438755,0.287155,0.004595,0.000843
0,-4.234105,1.413551,0.901915,0.08703,0.949798,0.046655,0.001356,0.00049
0,-4.15744,1.168754,0.076145,-0.215193,0.081896,-0.259713,1.8e-05,0.003782
0,-3.190927,0.992649,0.963621,-0.171143,0.9686,-0.195683,0.00476,0.005235
0,-2.343081,0.909236,0.865266,-0.10334,0.839208,-0.135523,0.004623,0.003779
0,-1.159145,0.374698,1.16827,-0.550118,1.148346,-0.540142,8.2e-05,0.005551
0,-8.874267,0.314719,-7.726983,-0.059293,-7.735901,-0.065268,0.002291,0.005493
0,-9.039815,0.033632,-0.142686,-0.299501,-0.156913,-0.308735,0.000598,0.000587
0,-8.932275,0.246371,0.122413,0.202901,0.120472,0.187247,0.001279,0.0043
0,-9.129364,-0.018842,-0.220878,-0.28357,-0.25288,-0.290371,0.002161,0.000329
0,-8.896171,0.105167,0.260388,0.108074,0.27615,0.156232,0.001909,0.001836
0,-9.075947,-0.026974,-0.184664,-0.129677,-0.191268,-0.101121,0.001229,0.000471
0,-9.104519,0.046047,-0.050718,0.049957,-0.01876,0.001887,0.001727,0.000804
0,-9.138988,0.138077,-0.039436,0.104264,-0.082777,0.110616,0.002329,0.00241
0,-9.044345,0.138307,0.124232,0.017469,0.15853,0.033786,0.000677,0.002414
0,-9.097258,-0.126183,-0.062002,-0.285947,-0.017299,-0.266593,0.001601,0.002202
0,-8.963004,0.094398,0.131882,0.209518,0.1419,0.25273,0.000742,0.001648
0,-9.019585,-0.125299,-0.043812,-0.215962,-0.085848,-0.248336,0.000245,0.002187
0,-8.675754,-0.114124,0.328582,-0.007829,0.324843,-0.049112,0.005756,0.001992
0,-8.019972,-0.139851,0.680642,-0.054982,0.707956,-0.052053,0.005111,0.002441
0,-7.608928,-0.018358,0.425384,0.129801,0.37834,0.175576,0.000195,0.00032
0,-7.375104,-0.000896,0.245709,-0.011478,0.242972,-0.055368,0.004276,1.6e-05
0,-6.953009,-0.129661,0.428239,-0.15086,0.455701,-0.121176,0.000448,0.002263
0,-6.586826,-0.13998,0.379032,0.006108,0.34466,-0.019419,0.005943,0.002443
0,-6.032768,-0.054508,0.548181,0.093572,0.587236,0.072844,0.003523,0.000951
0,-5.713592,-0.143029,0.319861,-0.073506,0.351355,-0.090584,0.002997,0.002496
0,-5.505884,-0.000296,0.212719,0.160815,0.194658,0.200249,0.000628,5e-06
0,-5.117105,0.035555,0.374978,0.042882,0.351962,-0.003544,0.004677,0.000621
0,-4.992538,0.090501,0.113226,0.047367,0.080322,0.011077,0.002503,0.00158
0,-4.740939,-0.09756,0.275731,-0.175909,0.292883,-0.21906,0.001888,0.001703
0,-4.464761,0.105996,0.263864,0.228547,0.313465,0.275739,0.005382,0.00185
0,-4.06294,0.12121,0.416977,-0.0048,0.442091,-0.025567,0.001631,0.002116
0,-3.843106,-0.037002,0.230849,-0.187598,0.196547,-0.191584,0.005468,0.000646
0,-3.791836,-0.052566,0.022901,-0.042767,0.046894,-0.023756,0.005728,0.000917
0,-3.690149,0.150386,0.101774,0.189138,0.061078,0.157567,0.003953,0.002625
0,-3.447562,0.111068,0.252395,-0.048927,0.281912,-0.062187,0.000281,0.001939
0,-3.234446,0.097562,0.230046,-0.001661,0.249079,0.035187,0.004001,0.001703
0,-3.066719,0.125962,0.173638,0.003484,0.168235,0.049971,0.005162,0.002198
0,-2.934753,-0.007284,0.116503,-0.128522,0.145469,-0.166104,0.002859,0.000127
0,-2.680498,0.11951,0.230061,0.119705,0.265145,0.140268,0.001578,0.002086
0,-2.757029,-0.041341,-0.073264,-0.189652,-0.09337,-0.236293,0.000243,0.000722
0,-2.41265,0.037983,0.319229,0.072047,0.312562,0.1196,0.005837,0.000663
0,-2.383333,0.10753,0.026897,0.095401,0.037082,0.076353,0.005326,0.001877
0,-2.414725,-0.095276,-0.042398,-0.183418,-0.003002,-0.177429,0.005873,0.001663
0,-2.179777,0.128682,0.222868,0.228388,0.218724,0.249418,0.001773,0.002246
0,-2.160814,0.009636,0.0211,-0.122588,0.032726,-0.140596,0.001442,0.000168
0,-2.069052,-0.003451,0.119677,-0.038678,0.11114,-0.038199,0.00016,6e-05
0,-1.788642,0.056245,0.279982,0.084665,0.243258,0.112209,0.005054,0.000982
0,-1.810315,-0.019802,-0.006736,-0.093802,0.026985,-0.127555,0.004676,0.000346
0,-1.562642,0.031083,0.221548,0.075558,0.231008,0.086384,0.003092,0.000543
0,-1.603818,-0.050396,-0.024436,-0.067295,0.019422,-0.090857,0.003811,0.00088
0,-1.629882,-0.078959,-0.050406,-0.045008,-0.057353,-0.024839,0.004266,0.001378
0,-1.403036,-0.050651,0.212618,0.028563,0.256981,-0.000842,0.000307,0.000884
0,-1.277331,-0.079131,0.131345,-0.019997,0.112594,-0.042121,0.001887,0.001381
0,-1.385368,-0.109626,-0.114867,-0.04156,-0.102346,-0.029312,2e-06,0.001913
0,-1.195923,0.037293,0.190261,0.155343,0.237081,0.14306,0.003308,0.000651
0,-1.246574,-0.033486,-0.067056,-0.049896,-0.092566,-0.090419,0.002424,0.000584
0,-1.039629,-0.133869,0.194351,-0.128475,0.172503,-0.100298,0.006036,0.002336
0,-1.011461,-0.045957,0.02774,0.072387,0.000494,0.067339,0.005563,0.000802
0,-0.923869,0.060074,0.083499,0.122207,0.075055,0.085472,0.004034,0.001048
0,-0.942519,0.108064,-0.009072,0.021725,0.012702,-0.013538,0.00436,0.001886
0,-1.099603,-0.10445,-0.179895,-0.183793,-0.169709,-0.174802,0.004989,0.001823
0,-0.840109,-0.138778,0.25644,-0.034968,0.218064,-0.008184,0.002572,0.002422
0,-0.790577,0.05725,0.041624,0.222052,0.069064,0.178685,0.001708,0.000999
0,-0.837297,-0.045166,-0.030731,-0.084643,-0.018171,-0.101363,0.002523,0.000788
0,-0.907066,-0.107091,-0.093782,-0.085081,-0.082028,-0.042424,0.003741,0.001869
0,-0.663819,-0.093473,0.228521,0.019381,0.214562,0.015922,0.000505,0.001631
0,-0.761679,-0.128597,-0.087633,-0.011259,-0.039926,-0.02019,0.001203,0.002244
0,-0.735254,-0.060547,0.040583,0.070478,0.051766,0.119376,0.000742,0.001057
0,-0.692978,-0.094782,0.030402,-0.024451,0.005437,-0.026987,4e-06,0.001654
0,-0.537994,0.109796,0.156357,0.198809,0.179314,0.237232,0.002701,0.001916
0,-0.503976,-0.125713,0.063761,-0.21857,0.023536,-0.212446,0.003294,0.002194
0,-0.630643,0.06341,-0.109991,0.196296,-0.096063,0.17245,0.001084,0.001107
0,-0.422617,-0.054068,0.180634,-0.111806,0.191226,-0.093773,0.004714,0.000944
0,-0.601856,-0.026932,-0.200646,0.03414,-0.164968,0.009406,0.001586,0.00047
0,-0.549284,0.02332,0.04474,0.070092,0.088901,0.099244,0.002504,0.000407
0,-0.339048,-0.013776,0.18115,-0.021726,0.225157,-0.015529,0.005918,0.00024
0,-0.25748,-0.164205,0.11073,-0.161353,0.097425,-0.125071,0.004494,0.002866
0,-0.403538,-0.058599,-0.142367,0.078257,-0.156065,0.093397,0.005047,0.001023
0,-0.49434,-0.036572,-0.101186,0.049381,-0.055693,0.069562,0.003463,0.000638
0,-0.207613,-0.112153,0.293413,-0.103166,0.31582,-0.090349,0.003624,0.001957
0,-0.392096,-0.108277,-0.19314,0.006863,-0.224688,0.001714,0.005247,0.00189
0,-0.250167,-0.06383,0.167624,0.021561,0.156157,0.04793,0.004366,0.001114
0,-0.383467,-0.025519,-0.158733,0.057088,-0.140216,0.014768,0.005398,0.000445
0,-0.535541,0.06226,-0.177164,0.083719,-0.166979,0.106192,0.002744,0.001087
0,-0.396822,-0.165023,0.135322,-0.218004,0.123472,-0.254576,0.005165,0.00288
0,-0.228829,0.088713,0.148237,0.23346,0.183269,0.210375,0.003994,0.001548
0,-0.414972,-0.059761,-0.21103,-0.171377,-0.209162,-0.14184,0.004848,0.001043
0,-0.289378,-0.063997,0.151549,-0.016807,0.180714,-0.014999,0.005051,0.001117
0,-0.490447,0.075426,-0.213783,0.136182,-0.255036,0.090356,0.003531,0.001316
0,-0.414376,-0.028271,0.101794,-0.096019,0.054576,-0.128966,0.004858,0.000493
0,-0.430261,-0.027413,0.012169,-0.019031,0.015283,-0.021672,0.004581,0.000478
0,-9.072128,-0.078687,-8.640724,-0.055537,-8.630944,-0.045233,0.001162,0.001373
0,-8.907322,-0.174129,0.186957,-0.115786,0.206961,-0.124022,0.001714,0.003039
0,-8.938162,-0.069157,-0.023541,0.09518,0.02433,0.064766,0.001176,0.001207
0,-9.135855,0.025847,-0.217305,0.074509,-0.229383,0.062691,0.002274,0.000451
0,-9.097151,-0.244267,0.048015,-0.277249,0.016445,-0.270065,0.001599,0.004263
0,-7.023548,-0.177119,2.06094,0.074408,2.059694,0.078097,0.001679,0.003091
0,-5.241145,-0.102959,1.808117,0.081314,1.766098,0.09669,0.005249,0.001797
0,-4.072496,-0.210028,1.139928,-0.082421,1.090929,-0.068113,0.001464,0.003666
0,-3.280255,0.039827,0.794659,0.228656,0.815071,0.225735,0.003201,0.000695
0,-1.781926,-0.159701,1.513675,-0.180391,1.510376,-0.14657,0.005171,0.002787
0,-0.917928,-0.016486,0.873374,0.166536,0.854792,0.205348,0.00393,0.000288
0,0.284434,-0.20597,1.173985,-0.168607,1.15286,-0.133045,0.004964,0.003595
0,0.992462,-0.074678,0.724528,0.11187,0.754035,0.084743,0.005231,0.001303
0,1.625944,0.008728,0.620889,0.11332,0.577136,0.073032,0.004197,0.000152
0,1.336699,-0.11726,-0.260728,-0.119065,-0.231428,-0.118937,0.000851,0.002047
0,1.600929,0.022435,0.287032,0.112615,0.307071,0.136286,0.003761,0.000392
0,1.330309,0.065747,-0.245603,0.022928,-0.287563,0.050733,0.000963,0.001147
0,0.881509,0.002096,-0.4193,-0.068353,-0.373048,-0.077991,0.003295,3.7e-05
0,0.878797,-0.211628,-0.001875,-0.221302,0.016537,-0.229851,0.003247,0.003694
0,0.596918,-0.028875,-0.292465,0.19297,-0.262753,0.164069,0.001672,0.000504
0,0.430033,-0.092713,-0.196512,-0.080564,-0.201254,-0.083067,0.004585,0.001618
0,0.113322,-0.15298,-0.314825,-0.050931,-0.290002,-0.054939,0.001978,0.00267
0,0.004808,-0.160791,-0.135891,-0.025626,-0.140022,-0.047744,8.4e-05,0.002806
0,0.09136,-0.062171,0.10354,0.113658,0.075349,0.154181,0.001595,0.001085
0,-0.069611,0.037309,-0.144002,0.071424,-0.170983,0.110698,0.001215,0.000651
0,-0.153052,-0.128609,-0.062234,-0.167039,-0.028388,-0.122377,0.002671,0.002245
0,0.040439,0.04229,0.194331,0.15071,0.202102,0.178082,0.000706,0.000738
0,-0.040744,0.003839,-0.062295,-0.015432,-0.049605,-0.048061,0.000711,6.7e-05
0,-0.189981,-0.220108,-0.122489,-0.219388,-0.123863,-0.225225,0.003316,0.003842
0,-0.113562,0.035046,0.072007,0.260714,0.042041,0.243365,0.001982,0.000612
0,-0.182295,-0.043494,-0.06795,-0.084596,-0.115964,-0.091908,0.003182,0.000759
0,0.081435,-0.047543,0.247513,-0.030289,0.252925,-0.038994,0.001421,0.00083
0,0.142496,-0.152158,0.079456,-0.085916,0.089829,-0.036935,0.002487,0.002656
0,0.089822,-0.115256,-0.075728,0.053491,-0.124817,0.025675,0.001568,0.002012
0,0.102866,-0.061898,0.029783,0.051085,0.021643,0.063196,0.001795,0.00108
0,0.114153,-0.014758,-0.017468,0.052978,-0.021287,0.077439,0.001992,0.000258
0,0.027726,0.064167,-0.097986,0.091824,-0.09573,0.107311,0.000484,0.00112
0,-0.150075,0.050657,-0.199556,-0.016322,-0.227973,-0.002066,0.002619,0.000884
0,-0.05574,-0.078927,0.103809,-0.109859,0.150375,-0.136349,0.000973,0.001378
0,0.044176,0.091766,0.102837,0.166009,0.054965,0.200627,0.000771,0.001602
0,-0.087092,-0.023431,-0.129887,-0.118535,-0.158094,-0.128669,0.00152,0.000409
0,-0.09083,-0.013667,0.02546,0.013683,0.060477,-0.022819,0.001585,0.000239
0,0.030857,0.009781,0.144035,0.026381,0.130554,0.040179,0.000539,0.000171
0,0.032751,0.014436,-0.013848,0.001754,-0.012007,-0.036399,0.000572,0.000252
0,0.129411,0.03247,0.119453,0.026674,0.088457,-0.021674,0.002259,0.000567
0,-0.139343,-0.129408,-0.263447,-0.14228,-0.257089,-0.122594,0.002432,0.002259
0,0.113785,0.069862,0.234517,0.218394,0.263077,0.182092,0.001986,0.001219
0,-0.162128,-0.16133,-0.302852,-0.245063,-0.297421,-0.281909,0.00283,0.002816
0,-0.128291,-0.185993,0.009303,-0.032759,-0.033222,-0.066958,0.002239,0.003246
0,-0.004117,-0.184743,0.133762,-0.021593,0.125381,-0.037354,7.2e-05,0.003224
0,0.133977,-0.168251,0.137784,0.021222,0.168716,0.017864,0.002338,0.002937
0,0.002799,-0.054806,-0.15984,0.08522,-0.132461,0.063008,4.9e-05,0.000957
0,0.045053,-0.168427,0.071529,-0.087133,0.080527,-0.093612,0.000786,0.00294
0,-0.051764,-0.06934,-0.122888,0.07056,-0.121402,0.02239,0.000903,0.00121
0,0.009102,-0.007513,0.084487,0.08769,0.117263,0.067049,0.000159,0.000131
0,0.099609,-0.068988,0.112908,-0.041497,0.064499,0.007549,0.001739,0.001204
0,-0.134097,-0.124054,-0.21481,-0.041225,-0.246087,-0.049897,0.00234,0.002165
0,-0.07476,0.104021,0.067349,0.208366,0.044846,0.217635,0.001305,0.001816
0,-0.142167,-0.086593,-0.059937,-0.190315,-0.087088,-0.195475,0.002481,0.001511
0,-0.023125,0.037047,0.139702,0.102918,0.155755,0.099894,0.000404,0.000647
0,-0.158287,0.065645,-0.142521,0.057717,-0.161242,0.0952,0.002763,0.001146
0,0.042545,-0.189702,0.19308,-0.264917,0.185488,-0.249818,0.000743,0.003311
0,-0.099405,-0.027411,-0.120382,0.134658,-0.158471,0.167529,0.001735,0.000478
0,0.011213,-0.083632,0.097024,-0.055999,0.106808,-0.105422,0.000196,0.00146
0,-0.069192,-0.094309,-0.100193,-0.014954,-0.122869,-0.039042,0.001208,0.001646
0,0.068134,-0.111065,0.117725,-0.003782,0.080932,-0.047913,0.001189,0.001938
0,-0.146245,-0.188945,-0.237084,-0.05711,-0.195054,-0.093297,0.002552,0.003298
0,-0.060245,-0.172846,0.092943,-0.002545,0.057215,-0.015572,0.001051,0.003017
0,0.041608,-0.172494,0.121374,0.018043,0.148085,0.050622,0.000726,0.003011
0,-0.187573,-0.044511,-0.237793,0.099429,-0.245862,0.147707,0.003274,0.000777
0,0.026394,0.009874,0.204828,0.058457,0.18723,0.042119,0.000461,0.000172
0,0.100751,-0.028791,0.053067,-0.008968,0.089631,0.027346,0.001758,0.000502
0,-0.119814,0.02079,-0.237949,0.033877,-0.211282,0.062228,0.002091,0.000363
0,0.128557,-0.120875,0.242668,-0.154673,0.250564,-0.11719,0.002244,0.00211
0,0.074077,-0.149287,-0.056234,-0.047582,-0.095022,-0.040811,0.001293,0.002606
0,0.157456,-0.134767,0.108724,0.04443,0.109797,0.046365,0.002748,0.002352
0,-0.010979,-0.015195,-0.144254,0.1048,-0.181058,0.093053,0.000192,0.000265
0,-0.142977,0.043794,-0.14906,0.088498,-0.196095,0.089794,0.002495,0.000764
0,0.011801,0.029093,0.138739,-0.029276,0.165705,0.01353,0.000206,0.000508
0,-0.040542,-0.065294,-0.070808,-0.087163,-0.067856,-0.040866,0.000708,0.00114
0,0.003975,0.062331,0.053337,0.131475,0.060588,0.160408,6.9e-05,0.001088
0,0.00472,-0.127019,0.022347,-0.160052,0.048947,-0.209092,8.2e-05,0.002217
0,-0.128982,-0.106334,-0.128349,0.040515,-0.133446,0.063759,0.002251,0.001856
0,-0.04023,0.104399,0.068464,0.208603,0.058032,0.171061,0.000702,0.001822
0,-0.141835,-0.146916,-0.07673,-0.274277,-0.036328,-0.24635,0.002475,0.002564
0,-0.147965,-0.065273,-0.020599,0.102132,-0.0424,0.140825,0.002582,0.001139
0,0.125461,0.139939,0.254076,0.183395,0.300028,0.159558,0.00219,0.002442
0,0.137499,-0.071761,0.03112,-0.205732,0.077943,-0.177753,0.0024,0.001252
0,0.05124,-0.115017,-0.109493,-0.02186,-0.118825,-0.046801,0.000894,0.002007
0,-0.126328,-0.00372,-0.14914,0.116025,-0.148538,0.144809,0.002205,6.5e-05
0,0.068484,-0.13421,0.189505,-0.159738,0.173493,-0.191297,0.001195,0.002342
0,-0.173022,0.053483,-0.23454,0.163512,-0.257733,0.148489,0.00302,0.000933
0,-0.181687,-0.092406,-0.036946,-0.175425,0.000852,-0.164215,0.003171,0.001613
0,-0.187507,0.07046,-0.028512,0.141704,-0.002724,0.099648,0.003273,0.00123
0,0.084515,0.004512,0.270435,-0.093062,0.262048,-0.104524,0.001475,7.9e-05
0,0.04929,-0.132555,-0.051244,-0.115347,-0.019126,-0.097665,0.00086,0.002314
0,-0.0301,0.120865,-0.100971,0.252197,-0.089839,0.282219,0.000525,0.002109
0,-0.044503,-0.070217,-0.010035,-0.170414,0.029212,-0.200004,0.000777,0.001226
0,0.139901,-0.038825,0.170037,0.013293,0.160875,-0.035067,0.002442,0.000678
0,-0.090825,-0.049354,-0.240848,-0.006049,-0.197394,0.022261,0.001585,0.000861
0,-0.068968,0.17465,0.023607,0.198032,0.061457,0.228329,0.001204,0.003048
0,0.009091,-0.054673,0.052987,-0.258267,0.091856,-0.296085,0.000159,0.000954
0,-0.008235,0.145854,-0.038917,0.213229,-0.007942,0.235147,0.000144,0.002546
0,0.089074,0.087174,0.072232,-0.081393,0.095376,-0.053745,0.001555,0.001521
0,0.086404,-0.090446,-0.031921,-0.193416,-0.047363,-0.178854,0.001508,0.001579
0,0.051835,0.055495,-0.022795,0.161637,-0.008025,0.201293,0.000905,0.000969
0,-0.084793,0.184688,-0.147315,0.120596,-0.102477,0.09076,0.00148,0.003223
0,-0.030391,0.149377,0.029114,-0.056049,-0.018514,-0.064654,0.00053,0.002607
0,0.092828,0.093067,0.142498,-0.05769,0.125024,-0.014516,0.00162,0.001624
0,0.068825,-0.014432,-0.041515,-0.112036,-0.01811,-0.091059,0.001201,0.000252
0,0.193728,0.011093,0.140676,0.030902,0.162013,0.021376,0.003381,0.000194
0,0.104562,0.09166,-0.084003,0.088595,-0.080585,0.117039,0.001825,0.0016
0,-0.04314,0.056439,-0.135387,-0.028708,-0.120425,-0.020584,0.000753,0.000985
0,0.114599,-0.015999,0.138397,-0.0589,0.105189,-0.0754,0.002,0.000279
0,0.117697,0.109951,0.022391,0.102701,-0.004836,0.088261,0.002054,0.001919
0,0.071839,0.076036,-0.04706,-0.015273,-0.018916,-0.02724,0.001254,0.001327
0,0.074035,0.062182,-0.027001,0.009406,0.010882,-0.021335,0.001292,0.001085
0,0.213465,-0.080941,0.117143,-0.171561,0.083109,-0.197784,0.003726,0.001413
0,0.230853,-0.048431,0.013303,0.049826,0.054769,0.098175,0.004029,0.000845
0,0.106548,0.060757,-0.12057,0.134057,-0.144493,0.160707,0.00186,0.00106
0,0.08693,-0.114717,-0.043966,-0.170645,-0.009234,-0.182406,0.001517,0.002002
0,0.154185,-0.067634,0.082978,0.060195,0.059354,0.050591,0.002691,0.00118
0,0.163798,-0.169356,0.010913,-0.111638,0.01725,-0.155688,0.002859,0.002956
0,-0.025396,-0.155961,-0.182908,0.018181,-0.17749,0.034546,0.000443,0.002722
0,0.161494,-0.135547,0.192297,0.022923,0.224522,0.024949,0.002819,0.002366
0,-0.056318,0.105773,-0.243216,0.25756,-0.234347,0.242273,0.000983,0.001846
0,-0.004059,-0.054911,0.069514,-0.174414,0.083983,-0.213793,7.1e-05,0.000958
0,0.198526,-0.017977,0.199024,0.057891,0.219197,0.101528,0.003465,0.000314
0,0.110739,0.031466,-0.086902,0.0482,-0.069049,0.038247,0.001933,0.000549
0,0.101931,-0.018782,0.002914,-0.076091,0.02182,-0.124128,0.001779,0.000328
0,0.268374,-0.123407,0.165079,-0.076154,0.157692,-0.072983,0.004684,0.002154
0,0.102765,-0.940577,-0.178473,-0.79676,-0.221236,-0.830616,0.001794,0.004326
0,0.277939,-1.822754,0.150079,-0.880743,0.186091,-0.929008,0.004851,0.004458
0,0.117192,-2.303253,-0.135065,-0.495708,-0.122513,-0.44721,0.002045,0.003928
0,0.203643,-2.452678,0.114265,-0.126914,0.131789,-0.133685,0.003554,0.005555
0,0.238096,-2.22899,0.042938,0.198037,0.069156,0.191994,0.004156,0.002632
0,0.097808,-1.733967,-0.122054,0.505168,-0.107397,0.550587,0.001707,0.006008
0,0.212708,-1.41057,0.139118,0.319528,0.137704,0.343,0.003712,0.000438
0,0.352294,-0.996036,0.12004,0.399786,0.113574,0.448305,0.005942,0.005294
0,0.161103,-0.755699,-0.194947,0.256555,-0.203806,0.22995,0.002812,0.001099
0,0.122056,-0.537103,-0.04715,0.239448,-0.078039,0.2027,0.00213,0.002716
0,0.071613,-0.385619,-0.029374,0.151137,-0.020499,0.171445,0.00125,0.00536
0,0.160125,0.257231,0.085383,0.624574,0.077262,0.579358,0.002795,0.00449
0,-0.038888,0.233407,-0.174344,0.004636,-0.174538,-0.018542,0.000679,0.004074
0,0.238426,0.384973,0.267467,0.152723,0.287094,0.108084,0.004161,0.005371
0,0.14707,0.390342,-0.112031,0.030004,-0.069365,0.039206,0.002567,0.005278
0,0.107417,0.313073,-0.016823,-0.072973,-0.016309,-0.102011,0.001875,0.005464
0,0.138676,0.145846,0.011527,-0.171959,0.04016,-0.161682,0.00242,0.002545
0,0.139147,0.201697,0.010898,0.085193,-0.020761,0.127554,0.002429,0.00352
0,0.196548,0.232347,0.068824,0.011521,0.105978,0.035159,0.00343,0.004055
0,0.022583,0.166435,-0.186813,-0.07735,-0.204543,-0.030153,0.000394,0.002905
0,0.005195,0.069918,-0.004143,-0.104879,0.027421,-0.132297,9.1e-05,0.00122
0,-0.035231,0.230029,-0.031888,0.166097,-0.048518,0.196912,0.000615,0.004015
0,0.15622,0.078221,0.208687,-0.173477,0.204585,-0.129757,0.002727,0.001365
0,0.197489,0.217712,0.030939,0.157414,0.02719,0.134805,0.003447,0.0038
0,0.102228,0.180403,-0.094854,-0.05676,-0.107878,-0.077605,0.001784,0.003149
0,0.151872,0.137382,0.024991,-0.038786,0.069037,-0.074809,0.002651,0.002398
0,0.082558,0.081636,-0.044114,-0.030488,-0.001469,0.019393,0.001441,0.001425
0,0.079287,0.114943,-0.020241,0.007679,-0.039543,-0.035367,0.001384,0.002006
0,-0.022358,0.180801,-0.11543,0.076211,-0.071746,0.119933,0.00039,0.003156
0,0.195045,0.022328,0.226907,-0.135147,0.248323,-0.171492,0.003404,0.00039
0,0.195027,0.231581,-0.004523,0.207708,-0.027361,0.238704,0.003404,0.004042
0,0.03593,0.099913,-0.159722,-0.147103,-0.190946,-0.132693,0.000627,0.001744
0,0.064931,0.056948,0.007933,-0.018432,-0.019475,0.00481,0.001133,0.000994
0,0.073057,0.029709,-0.013355,-0.000364,-0.047517,-0.046662,0.001275,0.000519
0,0.032379,0.147899,-0.012314,0.094179,-0.032525,0.045913,0.000565,0.002581
0,0.132712,0.293515,0.078321,0.128206,0.067221,0.120132,0.002316,0.005123
0,-0.005825,0.215812,-0.150638,-0.065303,-0.137653,-0.076391,0.000102,0.003767
0,0.153758,0.235244,0.168764,0.012872,0.215205,0.019231,0.002684,0.004106
0,0.035002,0.04987,-0.140385,-0.198117,-0.090998,-0.202789,0.000611,0.00087
0,0.252788,0.282427,0.243716,0.237917,0.227081,0.245098,0.004412,0.004929
0,0.185763,0.050252,-0.094601,-0.209672,-0.089529,-0.250584,0.003242,0.000877
0,0.160853,0.248784,-0.018808,0.19769,0.023506,0.196013,0.002807,0.004342
0,0.120415,0.110094,-0.057311,-0.136599,-0.079719,-0.111947,0.002102,0.001922
0,-0.021074,0.212859,-0.123806,0.075324,-0.125014,0.075814,0.000368,0.003715
0,-0.106927,0.084522,-0.100055,-0.151375,-0.065658,-0.132106,0.001866,0.001475
0,-0.006839,-0.057441,0.11939,-0.139046,0.13706,-0.150955,0.000119,0.001003
0,-0.118855,0.186436,-0.126874,0.258103,-0.080225,0.254936,0.002074,0.003254
0,-0.098617,0.160617,0.01833,-0.045255,0.010653,-0.006728,0.001721,0.002803
0,0.088596,0.204514,0.214132,0.025381,0.239437,0.066392,0.001546,0.003569
0,0.214115,0.103718,0.134144,-0.128375,0.145884,-0.130345,0.003737,0.00181
0,-0.045439,-0.059468,-0.280019,-0.182049,-0.231379,-0.214011,0.000793,0.001038
0,-0.062694,0.074156,-0.040913,0.121249,-0.072789,0.120456,0.001094,0.001294
0,-0.028075,0.0464,0.022466,-0.055915,0.047906,-0.076506,0.00049,0.00081
0,0.115414,0.165519,0.142602,0.113435,0.120793,0.103929,0.002014,0.002889
0,0.119371,0.259298,-0.022901,0.106085,-0.034648,0.149274,0.002083,0.004526
0,-0.03518,0.033383,-0.168009,-0.248182,-0.18431,-0.222162,0.000614,0.000583
0,0.078024,0.04544,0.125218,0.03233,0.125634,0.054263,0.001362,0.000793
0,0.057925,-0.068372,-0.014498,-0.116483,-0.000105,-0.14531,0.001011,0.001193
0,0.028668,0.085705,-0.051284,0.170693,-0.040933,0.171126,0.0005,0.001496
0,-0.057001,0.100354,-0.113126,0.016984,-0.115714,-0.027495,0.000995,0.001752
0,0.043488,-0.025033,0.126344,-0.11459,0.144934,-0.074706,0.000759,0.000437
0,0.11048,0.134525,0.070959,0.167954,0.024678,0.189685,0.001928,0.002348
0,-0.171258,-0.016449,-0.291358,-0.177462,-0.316308,-0.178925,0.002989,0.000287
0,0.008759,0.040569,0.163128,0.075652,0.161254,0.119123,0.000153,0.000708
0,0.001975,0.10324,-0.024605,0.075341,-0.069148,0.062634,3.4e-05,0.001802
0,0.103719,0.022782,0.082329,-0.057409,0.059393,-0.057012,0.00181,0.000398
0,0.166473,-0.011664,0.075965,-0.005843,0.063471,-0.000129,0.002906,0.000204
0,-0.052065,-0.068652,-0.234643,-0.053842,-0.209266,-0.070856,0.000909,0.001198
0,-0.027344,-0.057001,0.049883,-0.016106,0.091203,0.013324,0.000477,0.000995
0,0.079314,0.13737,0.106222,0.215823,0.108385,0.249176,0.001384,0.002398
0,0.085946,0.165201,0.002612,0.055533,-0.033477,0.015138,0.0015,0.002883
0,-0.039017,0.166659,-0.139969,0.020903,-0.109674,0.058016,0.000681,0.002909
0,-0.164429,0.065985,-0.11367,-0.120402,-0.141709,-0.157676,0.00287,0.001152
0,0.128585,0.205082,0.320683,0.111165,0.347152,0.0749,0.002244,0.003579
0,0.154257,-0.02299,-0.003224,-0.239447,-0.008305,-0.28641,0.002692,0.000401
0,-0.082762,0.06945,-0.246244,0.101258,-0.264236,0.147761,0.001444,0.001212
0,-0.021601,0.160328,0.039348,0.093178,-0.006503,0.092922,0.000377,0.002798
0,0.100032,0.134281,0.123083,-0.027875,0.075048,-0.001243,0.001746,0.002344
0,0.016255,-0.012198,-0.06554,-0.162112,-0.058845,-0.19814,0.000284,0.000213
0,-0.088606,-0.027281,-0.110409,0.009812,-0.088984,-0.029216,0.001546,0.000476
0,-0.122016,-0.083778,-0.054137,-0.054778,-0.061965,-0.074892,0.00213,0.001462
0,0.090916,-0.002594,0.231622,0.057443,0.229041,0.015804,0.001587,4.5e-05
0,0.034838,0.030014,-0.064146,0.037705,-0.073141,0.019902,0.000608,0.000524
0,0.027382,0.158301,-0.020169,0.13333,0.00295,0.168311,0.000478,0.002763
0,0.006812,0.050173,-0.000769,-0.1071,-0.048171,-0.066498,0.000119,0.000876
0,-0.183726,0.242117,-0.214328,0.173637,-0.190105,0.191423,0.003207,0.004226
0,-0.037951,0.197626,0.154861,-0.031922,0.16553,-0.056726,0.000662,0.003449
0,0.057266,-0.02305,0.108608,-0.212085,0.143064,-0.194085,0.000999,0.000402
0,-0.244986,0.221853,-0.305834,0.253414,-0.291172,0.275169,0.004276,0.003872
0,0.027649,0.047188,0.293669,-0.203436,0.252048,-0.193302,0.000483,0.000824
0,-0.093427,0.179788,-0.098429,0.120845,-0.055585,0.097337,0.001631,0.003138
0,0.001394,0.207393,0.110171,0.043748,0.107907,0.06206,2.4e-05,0.00362
0,-0.021567,0.030563,-0.032127,-0.181542,-0.074741,-0.210538,0.000376,0.000533
0,-0.03042,0.090887,0.016866,0.041459,-0.021451,0.048301,0.000531,0.001586
0,-0.142607,0.171908,-0.094622,0.109962,-0.087023,0.142994,0.002489,0.003
0,0.034108,0.14373,0.170967,-0.005412,0.185266,0.042049,0.000595,0.002509
0,-0.032678,0.197306,-0.041137,0.037422,-0.0131,0.007873,0.00057,0.003444
0,-0.240005,0.245964,-0.21904,0.063764,-0.178744,0.093009,0.004189,0.004293
0,0.021098,0.017617,0.271382,-0.206971,0.278197,-0.17105,0.000368,0.000307
0,-0.143402,0.113704,-0.147583,0.119646,-0.140486,0.082041,0.002503,0.001985
0,-0.100714,0.097986,0.062429,-0.025359,0.112317,-0.022397,0.001758,0.00171
0,-0.082674,0.009972,0.013193,-0.063665,0.003758,-0.040407,0.001443,0.000174
0,-0.247711,0.11421,-0.172585,0.100846,-0.133026,0.067584,0.004323,0.001993
0,-0.196602,0.015932,0.054491,-0.119004,0.078647,-0.128321,0.003431,0.000278
0,-0.064215,0.18911,0.107338,0.154169,0.155088,0.159292,0.001121,0.003301
0,-0.223785,-0.011884,-0.152599,-0.226914,-0.152043,-0.227623,0.003906,0.000207
0,-3.3e-05,0.157168,0.196039,0.182203,0.244995,0.145322,1e-06,0.002743
0,-0.096172,-0.040772,-0.06729,-0.224614,-0.089047,-0.247406,0.001679,0.000712
0,-0.060409,0.13754,0.03061,0.167468,0.033217,0.152215,0.001054,0.002401
0,-0.119269,0.115696,-0.068826,0.003946,-0.117535,0.005626,0.002082,0.002019
0,0.024434,-0.002239,0.132363,-0.133515,0.145897,-0.168113,0.000426,3.9e-05
0,-0.114463,0.199183,-0.113692,0.21095,-0.156443,0.195558,0.001998,0.003476
0,0.064188,0.033043,0.194399,-0.154249,0.221804,-0.17936,0.00112,0.000577
0,-0.189254,0.09543,-0.244672,0.065003,-0.210884,0.030987,0.003303,0.001666
0,0.002969,0.035449,0.173849,-0.055334,0.136493,-0.014481,5.2e-05,0.000619
0,-0.05806,0.226744,-0.052956,0.171924,-0.078599,0.202049,0.001013,0.003957
0,-0.119305,0.116663,-0.086472,-0.093267,-0.095694,-0.089081,0.002082,0.002036
0,-0.031542,0.124997,0.064859,-0.008706,0.045718,-0.032463,0.000551,0.002182
0,-0.191373,-0.016739,-0.147021,-0.152638,-0.160776,-0.188892,0.00334,0.000292
0,-0.224501,0.012657,-0.006505,0.049964,0.032063,0.034994,0.003918,0.000221
0,-0.216742,-0.017358,0.022005,-0.046754,0.040937,-0.004305,0.003783,0.000303
0,-0.293531,-0.080358,-0.073555,-0.070724,-0.07269,-0.040754,0.005123,0.001403
0,-0.267828,0.051587,0.006733,0.151618,0.032074,0.19629,0.004674,0.0009
0,-0.361031,0.066177,-0.078258,0.003731,-0.089851,-0.043453,0.005789,0.001155
0,-0.034362,0.040602,0.311273,-0.009956,0.293153,-0.002611,0.0006,0.000709
0,-0.290816,0.136534,-0.276855,0.106797,-0.28149,0.121868,0.005076,0.002383
0,-0.155906,-0.063164,0.117345,-0.203039,0.139074,-0.165235,0.002721,0.001102
0,-0.162567,-0.06525,-0.013128,0.012558,0.024072,0.035714,0.002837,0.001139
0,-0.080043,0.015586,0.081893,0.08513,0.093565,0.087722,0.001397,0.000272
0,0.062159,0.096171,0.142114,0.095352,0.106061,0.060223,0.001085,0.001678
0,0.000553,0.067811,-0.070886,-0.01699,-0.093539,-0.036508,1e-05,0.001184
0,-0.156078,-0.136035,-0.136849,-0.232937,-0.095196,-0.213047,0.002724,0.002374
0,-0.041865,-0.099738,0.130375,0.024124,0.111383,-0.023249,0.000731,0.001741
0,-0.183028,0.088575,-0.155883,0.188806,-0.204877,0.231396,0.003194,0.001546
0,-0.093161,0.061498,0.061767,-0.016882,0.014794,-0.053711,0.001626,0.001073
0,-0.037899,-0.105216,0.04994,-0.177902,0.011875,-0.136259,0.000661,0.001836
0,-0.191582,-0.078225,-0.157193,0.028381,-0.107399,0.051729,0.003344,0.001365
0,-0.198792,-0.008551,-0.014417,0.053163,-0.052701,0.06843,0.00347,0.000149
0,-0.160131,-0.156833,0.009542,-0.162244,-0.034837,-0.139914,0.002795,0.002737
0,-0.108654,-0.065261,0.064364,0.089742,0.031289,0.070615,0.001896,0.001139
0,-0.187956,0.072129,-0.067522,0.166365,-0.043174,0.180804,0.00328,0.001259
0,-0.11492,-0.130839,0.062021,-0.19229,0.074595,-0.180855,0.002006,0.002284
0,0.013444,0.013049,0.132702,0.131229,0.150602,0.121897,0.000235,0.000228
0,-0.010678,-0.038184,-0.007024,-0.070505,-0.014221,-0.024902,0.000186,0.000666
0,-0.175331,-0.073484,-0.149305,-0.049618,-0.152514,-0.055768,0.00306,0.001283
0,-0.133959,-0.115023,0.036469,-0.051877,0.012517,-0.063847,0.002338,0.002008
0,-0.09774,-0.050374,0.060181,0.068007,0.02261,0.104124,0.001706,0.000879
0,-0.070513,-0.063969,0.043452,0.003178,0.084971,0.01466,0.001231,0.001116
0,0.068255,-0.182635,0.158083,-0.144362,0.149647,-0.175936,0.001191,0.003188
0,-0.17232,-0.113677,-0.218932,0.039631,-0.232775,0.088647,0.003008,0.001984
0,-0.142575,-0.109836,0.056694,0.007057,0.053815,-0.03406,0.002488,0.001917
0,-0.129479,0.088989,0.03094,0.182859,-0.0179,0.221072,0.00226,0.001553
0,0.071785,-0.215129,0.192455,-0.312189,0.19666,-0.360795,0.001253,0.003755
0,0.012688,0.026661,-0.0356,0.252163,-0.076065,0.28079,0.000221,0.000465
0,-0.105907,-0.019797,-0.11121,-0.019902,-0.065164,-0.013847,0.001848,0.000346
0,-0.200489,-0.218793,-0.067761,-0.2002,-0.063409,-0.226887,0.003499,0.003819
0,-0.043396,-0.237293,0.135171,-0.039654,0.121923,-0.026878,0.000757,0.004142
0,0.05707,-0.160793,0.079666,0.066712,0.051642,0.071655,0.000996,0.002806
0,-0.190141,0.082147,-0.234141,0.255678,-0.214525,0.246756,0.003319,0.001434
0,0.076721,0.065591,0.27755,0.005971,0.244962,0.030801,0.001339,0.001145
0,-0.012426,-0.10772,-0.10762,-0.158719,-0.074782,-0.15541,0.000217,0.00188
0,0.07466,-0.042056,0.10899,0.082846,0.13613,0.071169,0.001303,0.000734
0,0.080862,-0.128262,0.003054,-0.065326,0.047392,-0.042517,0.001411,0.002239
0,0.062909,0.051746,-0.030012,0.199779,-0.036524,0.193601,0.001098,0.000903
0,-0.042427,-0.025784,-0.081044,-0.100689,-0.083215,-0.066747,0.00074,0.00045
0,-0.101353,-0.083134,-0.048822,-0.074552,-0.043024,-0.121646,0.001769,0.001451
0,0.023425,0.003646,0.097086,0.075093,0.085783,0.118707,0.000409,6.4e-05
0,0.024556,0.0227,0.026575,0.012205,0.021039,0.037576,0.000429,0.000396
0,-0.216596,-0.084927,-0.256571,-0.08295,-0.250923,-0.053022,0.00378,0.001482
0,-0.106885,-0.12444,0.085274,-0.020727,0.053178,-0.009626,0.001866,0.002172
0,0.020069,-0.078301,0.100499,0.073362,0.120548,0.040361,0.00035,0.001367
0,-0.137854,-0.010903,-0.184819,0.059361,-0.181832,0.070239,0.002406,0.00019
0,0.026178,-0.034759,0.155816,-0.025752,0.151705,-0.065599,0.000457,0.000607
0,-0.216429,-0.196014,-0.226571,-0.158348,-0.209929,-0.139862,0.003777,0.003421
0,-3.87539,-0.750485,-3.640166,-0.549565,-3.661004,-0.579943,0.004905,0.001008
0,-4.065286,-0.882768,-0.171119,-0.12908,-0.147599,-0.175322,0.00159,0.003317
0,-3.78244,-1.247935,0.286732,-0.386878,0.285632,-0.412042,0.005564,0.0024
0,-3.308263,-0.873747,0.5023,0.381573,0.512381,0.405735,0.002712,0.003159
0,-2.623107,-0.880853,0.706858,-0.00174,0.735915,0.028043,0.00258,0.003283
0,-2.191389,-0.883525,0.408779,0.016706,0.37221,0.012944,0.001975,0.00333
0,-1.559517,-0.558411,0.65474,0.332736,0.65629,0.374142,0.003038,0.002344
0,-1.023982,-0.443512,0.525635,0.089042,0.537657,0.116707,0.005781,0.00435
0,-0.770392,-0.403049,0.280168,0.050878,0.23296,0.060427,0.001355,0.005056
0,-0.386908,-0.303406,0.405009,0.123462,0.366127,0.078161,0.005338,0.005295
0,-0.37957,-0.196163,-0.012356,0.087647,0.003596,0.050786,0.005466,0.003424
0,-0.116439,0.052016,0.257212,0.233253,0.250615,0.186073,0.002032,0.000908
0,-0.050185,-0.117712,0.043437,-0.1414,0.018865,-0.160348,0.000876,0.002054
0,0.155099,0.199707,0.230263,0.334279,0.260414,0.32097,0.002707,0.003486
0,0.119764,0.024265,-0.02051,-0.169502,-0.043361,-0.215993,0.00209,0.000423
0,0.129497,0.054262,0.024444,0.044727,0.047189,0.075326,0.00226,0.000947
0,0.268086,0.090658,0.142134,0.065483,0.109764,0.044504,0.004679,0.001582
0,0.245087,-0.593562,-0.047195,-0.661653,-0.008567,-0.62692,0.004278,0.001731
0,0.238958,-2.211542,-0.028827,-1.605943,-0.023238,-1.562142,0.004171,0.002327
0,0.179271,-2.590043,-0.062401,-0.375076,-0.10811,-0.418796,0.003129,0.003157
0,0.008569,-2.623915,-0.200009,-0.023516,-0.152672,-0.033816,0.00015,0.002566
0,0.166977,-1.709381,0.179224,0.91033,0.190894,0.935899,0.002914,0.005653
0,0.153948,-1.639903,-0.038818,0.086291,-0.026134,0.098278,0.002687,0.004441
0,0.110834,-0.9362,-0.06115,0.718351,-0.080478,0.757741,0.001934,0.004249
0,-0.004767,-0.795801,-0.12962,0.143451,-0.166055,0.172514,8.3e-05,0.001799
0,-0.013882,-0.699733,0.005289,0.106985,-0.003192,0.126239,0.000242,0.000122
0,0.028667,-0.332698,0.023164,0.388877,-0.005477,0.43647,0.0005,0.005807
0,0.160158,-0.321193,0.120607,0.01758,0.150474,0.040763,0.002795,0.005606
0,0.038654,-0.071429,-0.132809,0.242581,-0.108743,0.193025,0.000675,0.001247
0,-0.007837,0.036236,-0.035724,0.10214,-0.066882,0.096825,0.000137,0.000632
0,0.019386,-0.003064,0.019011,-0.042663,0.039485,-0.035487,0.000338,5.3e-05
0,0.141622,-0.172607,0.150701,-0.144132,0.132594,-0.128943,0.002472,0.003013
0,0.211556,0.087211,0.064328,0.268666,0.071498,0.264701,0.003692,0.001522
0,0.001969,-0.154559,-0.22965,-0.241949,-0.27948,-0.23551,3.4e-05,0.002698
0,0.068299,0.086546,0.087808,0.26988,0.095031,0.287778,0.001192,0.001511
0,0.128852,-0.037736,0.058109,-0.10781,0.100474,-0.060216,0.002249,0.000659
0,-0.049804,0.024585,-0.164814,0.087599,-0.163272,0.087603,0.000869,0.000429
0,0.163653,0.037421,0.215489,0.000525,0.177937,-0.005318,0.002856,0.000653
0,-0.005746,0.020462,-0.193712,-0.045471,-0.223739,-0.080989,0.0001,0.000357
0,0.150833,0.079684,0.167026,0.071942,0.142859,0.05851,0.002633,0.001391
0,0.059283,-0.0665,-0.070407,-0.157831,-0.068854,-0.190674,0.001035,0.001161
0,-0.170019,-0.973737,-0.20801,-0.920109,-0.173398,-0.919425,0.002967,0.004904
0,-0.555752,-1.271521,-0.392093,-0.311807,-0.430193,-0.302796,0.002391,0.001989
0,-0.310816,-1.866918,0.216282,-0.609377,0.242819,-0.615588,0.005425,0.003688
0,-0.728496,-1.739615,-0.388033,0.136789,-0.435738,0.103453,0.000624,0.005909
0,-0.67154,-1.185671,0.034456,0.551134,0.053547,0.576767,0.00037,0.003487
0,-0.5064,-1.121346,0.144689,0.089641,0.193189,0.048086,0.003252,0.00461
0,-0.448085,-0.802241,0.048029,0.301387,0.000329,0.341101,0.00427,0.001911
0,-0.119385,-0.668395,0.320237,0.135834,0.369701,0.178791,0.005951,0.000425
0,-8.852905,-0.305701,-8.722464,0.368671,-8.701269,0.386612,0.002664,0.005335
0,-9.050624,-0.239555,-0.222789,0.09382,-0.220821,0.07379,0.000787,0.004181
0,-9.032932,-0.162772,0.003076,0.077261,0.048871,0.057491,0.000478,0.002841
0,-9.035953,-0.012436,-0.009973,0.171057,0.005376,0.19113,0.000531,0.000217
0,-8.933333,0.045305,0.098421,0.055024,0.050147,0.076755,0.00126,0.000791
0,-9.085352,0.08928,-0.148143,0.050695,-0.174804,0.057493,0.001393,0.001558
0,-9.06667,0.131978,0.013784,0.049865,0.041624,0.068572,0.001067,0.002303
0,-8.962458,-0.082568,0.129023,-0.214416,0.177366,-0.178407,0.000752,0.001441
0,-9.115604,0.120998,-0.150473,0.220972,-0.102774,0.180632,0.001921,0.002112
0,-9.136241,0.082126,-0.038763,-0.068178,-0.074925,-0.106721,0.002281,0.001433
0,-8.930496,-0.00864,0.189129,-0.0769,0.188072,-0.045324,0.00131,0.000151
0,-9.116412,0.181322,-0.16974,0.199644,-0.192917,0.210762,0.001935,0.003165
0,-9.062865,0.050941,0.026578,-0.109771,0.02175,-0.109309,0.001001,0.000889
0,-9.101844,0.024427,-0.039729,-0.007121,0.009494,0.010157,0.001681,0.000426
0,-8.599187,0.209648,0.49566,0.171064,0.500509,0.131303,0.004998,0.003659
0,-8.165205,0.159582,0.432058,-0.069952,0.395487,-0.091174,0.002576,0.002785
0,-7.715625,0.188077,0.431004,0.009733,0.417257,0.052248,0.001668,0.003283
0,-7.278364,0.134226,0.461675,-0.06121,0.435495,-0.084881,0.005964,0.002343
0,-6.970793,0.035383,0.285134,-0.1066,0.326311,-0.078185,0.000758,0.000618
0,-6.737696,-0.075001,0.208151,-0.127414,0.193127,-0.175138,0.00331,0.001309
0,-6.418838,-0.039347,0.342328,0.011333,0.313939,0.02144,0.003215,0.000687
0,-5.892881,0.055575,0.534102,0.069688,0.562839,0.095136,0.005964,0.00097
0,-5.663306,0.035955,0.230705,-0.036843,0.200917,-0.059615,0.002119,0.000628
0,-5.301025,0.090296,0.349275,0.061709,0.313355,0.058013,0.004204,0.001576
0,-5.234921,-0.058217,0.090667,-0.160578,0.123563,-0.175276,0.005357,0.001016
0,-4.861842,0.159444,0.364078,0.213328,0.390975,0.19464,0.000222,0.002783
0,-4.730826,-0.046732,0.155505,-0.233371,0.152471,-0.263483,0.002065,0.000816
0,-4.446271,-0.088852,0.2577,-0.06802,0.216858,-0.074424,0.005059,0.001551
0,-4.100065,-0.053591,0.358055,0.06184,0.36426,0.109402,0.000983,0.000935
0,-3.866705,-0.130353,0.212167,-0.076797,0.202534,-0.116428,0.005056,0.002275
0,-3.653271,-0.093074,0.209602,0.041657,0.18494,-0.005021,0.003309,0.001624
0,-3.632201,-0.064462,0.046676,0.042282,0.062286,0.01742,0.002941,0.001125
0,-3.236407,-0.076492,0.423749,-0.000252,0.406007,-0.013892,0.003966,0.001335
0,-3.062709,-0.091967,0.171133,-0.025887,0.214099,-0.035373,0.005092,0.001605
0,-2.932912,0.112721,0.127925,0.193689,0.118302,0.209253,0.002827,0.001967
0,-2.944908,0.068078,-0.038562,-0.030026,-0.07827,-0.038111,0.003036,0.001188
0,-2.601039,0.031799,0.317797,-0.01173,0.327152,-0.031156,0.002965,0.000555
0,-2.510445,0.152248,0.07272,0.114579,0.057393,0.13653,0.004546,0.002657
0,-2.326213,0.027214,0.158063,-0.136799,0.132178,-0.182503,0.004329,0.000475
0,-2.27104,-0.107678,0.081074,-0.122595,0.037318,-0.076269,0.003366,0.001879
0,-2.172687,-0.032291,0.121762,0.103043,0.118894,0.114215,0.001649,0.000564
0,-2.13907,0.032762,0.022432,0.083831,0.037181,0.132415,0.001062,0.000572
0,-6.925394,-0.622255,-4.800952,-0.680108,-4.770989,-0.713546,3.4e-05,0.00123
0,-9.038082,-0.657263,-2.141845,-0.011452,-2.11373,-0.039617,0.000568,0.000619
0,-8.859999,-1.065233,0.205276,-0.431542,0.244726,-0.445483,0.00254,0.005589
0,-9.089556,-1.057716,-0.230505,0.012198,-0.183462,0.025397,0.001466,0.00572
0,-9.019517,-0.804398,0.099433,0.266456,0.147064,0.230847,0.000244,0.001949
0,-8.953094,-0.827412,0.071169,-0.028606,0.110047,-0.026547,0.000915,0.002351
0,-9.05874,-0.854462,-0.129826,-0.033714,-0.116026,-0.030058,0.000929,0.002823
0,-9.036909,-0.370184,0.000326,0.46703,0.024268,0.431962,0.000547,0.00563
0,-8.934217,-0.5201,0.08853,-0.1433,0.042294,-0.133821,0.001245,0.003013
0,-8.961307,-0.178066,-0.051899,0.35291,-0.099336,0.339741,0.000772,0.003108
0,-7.176414,-0.257726,1.786892,-0.053028,1.797731,-0.077028,0.004347,0.004498
0,-6.304399,-0.149068,0.89416,0.131621,0.86836,0.126919,0.001218,0.002602
0,-4.031766,-0.003509,2.261705,0.15405,2.232835,0.192651,0.001693,6.1e-05
0,-9.02193,0.110088,-5.007978,0.122871,-5.05052,0.134218,0.000286,0.001921
0,-8.976923,0.036287,0.074058,-0.082259,0.123583,-0.044976,0.000499,0.000633
0,-8.90111,-0.092006,0.076196,-0.138731,0.052397,-0.128988,0.001823,0.001606
0,-8.985447,0.220373,-0.103004,0.329271,-0.122046,0.311889,0.000351,0.003846
0,-9.069862,0.203899,-0.107858,-0.043514,-0.133513,-0.080078,0.001123,0.003559
0,-8.852765,0.155908,0.245047,-0.034076,0.241669,-0.08056,0.002666,0.002721
0,-9.149069,0.026077,-0.28865,-0.151879,-0.261673,-0.196888,0.002505,0.000455
0,-9.132794,0.08698,0.000267,0.085458,-0.006974,0.083212,0.002221,0.001518
0,-9.0722,0.153289,0.056107,0.091955,0.096765,0.11707,0.001163,0.002675
0,-9.102606,0.22473,-0.006789,0.099922,0.016888,0.134521,0.001694,0.003922
0,-8.966978,-0.039662,0.15612,-0.250271,0.110672,-0.279934,0.000673,0.000692
0,-9.055363,-0.00619,-0.091153,0.046824,-0.135478,0.073451,0.00087,0.000108
0,-8.942038,-0.050174,0.098972,-0.072925,0.142988,-0.036686,0.001108,0.000876
0,-8.985157,0.032851,-0.06245,0.05357,-0.109478,0.008932,0.000356,0.000573
0,-9.121677,0.133224,-0.126983,0.11253,-0.115133,0.085895,0.002027,0.002325
0,-8.95072,0.05111,0.16169,-0.053137,0.155553,-0.041967,0.000957,0.000892
0,-8.921553,-0.029125,0.035967,-0.106741,-0.001303,-0.085207,0.001466,0.000508
0,-9.058735,0.002754,-0.137649,0.032486,-0.095862,0.073364,0.000928,4.8e-05
0,-8.858246,0.053978,0.190394,0.031264,0.190447,0.017878,0.002571,0.000942
0,-9.012499,0.046896,-0.18283,0.006487,-0.177425,-0.021402,0.000121,0.000818
0,-8.913813,0.088098,0.091422,0.035111,0.111761,0.081212,0.001601,0.001538
0,-9.044199,0.186665,-0.151584,0.125713,-0.183784,0.094866,0.000675,0.003258
0,-8.873464,0.019,0.146149,-0.185539,0.177668,-0.185001,0.002305,0.000332
0,-8.99521,0.002798,-0.111177,-0.014549,-0.141307,-0.037895,0.00018,4.9e-05
0,-9.057573,0.032366,-0.084746,0.02237,-0.102048,-0.001263,0.000908,0.000565
0,-8.617684,0.036093,0.450271,0.01493,0.45553,0.064011,0.005321,0.00063
0,-7.932109,0.171999,0.684671,0.132941,0.701448,0.147067,0.005446,0.003002
0,-7.651488,0.207984,0.26035,0.061625,0.212202,0.039593,0.000548,0.00363
0,-7.342751,0.124587,0.31474,-0.11045,0.29075,-0.134869,0.00484,0.002174
0,-6.77043,-0.07678,0.592418,-0.188591,0.622965,-0.183501,0.002739,0.00134
0,-6.394486,0.196394,0.395217,0.299753,0.348489,0.305199,0.00279,0.003428
0,-6.177303,-0.058014,0.241213,-0.234604,0.232878,-0.26913,0.001,0.001013
0,-5.859792,0.222973,0.320208,0.26082,0.347717,0.269642,0.005549,0.003892
0,-5.397312,0.062431,0.489618,-0.174802,0.492848,-0.130582,0.002523,0.00109
0,-5.218166,0.171746,0.192119,0.118175,0.202175,0.150594,0.00565,0.002998
0,-5.036183,0.217676,0.187979,0.069576,0.145642,0.063543,0.003265,0.003799
0,-4.761317,0.024378,0.294564,-0.170962,0.257633,-0.140351,0.001533,0.000425
0,-4.487703,-0.035281,0.258337,-0.073075,0.216088,-0.036223,0.005782,0.000616
0,-4.318259,-0.037546,0.146597,-0.015035,0.111322,-0.013026,0.002825,0.000655
0,-3.96557,0.128588,0.350975,0.168263,0.314298,0.21423,0.003331,0.002244
0,-3.777299,0.129046,0.186627,0.019055,0.225277,-0.018385,0.005474,0.002252
0,-3.552824,-0.103942,0.243153,-0.222287,0.232848,-0.175235,0.001556,0.001814
0,-3.574872,0.01015,-0.000839,0.089234,0.048976,0.09096,0.001941,0.000177
0,-3.37395,0.10633,0.185273,0.072209,0.198867,0.102619,0.001566,0.001856
0,-3.047765,0.109834,0.305872,0.006731,0.294795,-0.030653,0.004832,0.001917
0,-2.97354,0.09818,0.088719,-0.029927,0.100112,-0.07118,0.003536,0.001714
0,-3.008611,0.080547,-0.02324,-0.001565,0.008407,-0.03119,0.004148,0.001406
0,-2.760481,-0.022356,0.262896,-0.08602,0.277692,-0.121904,0.000182,0.00039
0,-2.776376,-0.119533,-0.042941,-0.121256,-0.033276,-0.150881,9.5e-05,0.002086
0,-2.384763,0.128716,0.404217,0.271324,0.385035,0.259684,0.005351,0.002247
0,-2.278262,0.032575,0.096047,-0.076024,0.118012,-0.113673,0.003492,0.000569
0,-2.132133,-0.077985,0.117365,-0.120549,0.147577,-0.121086,0.000941,0.001361
0,-2.00057,-0.133348,0.131348,-0.072482,0.174804,-0.072826,0.001355,0.002327
0,-2.014419,0.018685,-0.028527,0.139962,-0.073612,0.116215,0.001113,0.000326
0,-1.991785,0.083654,0.032702,0.047057,0.045196,0.030758,0.001508,0.00146
0,-1.724547,0.011192,0.253362,-0.056352,0.280705,-0.032797,0.005918,0.000195
0,-1.797952,-0.01269,-0.046689,-0.024761,-0.05793,-0.074452,0.004891,0.000221
0,-1.771211,0.067542,0.032007,0.091107,0.071569,0.062808,0.00149,0.001179
0,-1.51971,0.154063,0.222903,0.076618,0.240849,0.061024,0.002343,0.002689
0,-1.360392,0.001773,0.178805,-0.162618,0.149335,-0.203431,0.000438,3.1e-05
0,-1.454949,0.046906,-0.088154,0.021367,-0.134947,0.048356,0.001213,0.000819
0,-1.241577,0.081386,0.215844,0.015266,0.239535,0.026557,0.002511,0.00142
0,-1.117935,-0.024984,0.145201,-0.086807,0.139938,-0.05735,0.004669,0.000436
0,-1.175836,-0.048492,-0.04222,0.003282,0.006445,-0.041367,0.003659,0.000846
0,-1.044714,-0.094032,0.113162,-0.047167,0.119405,-0.059981,0.005947,0.001641
0,-0.905143,-0.005151,0.139581,0.117481,0.131974,0.113182,0.003707,9e-05
0,-1.039561,0.112252,-0.149244,0.099133,-0.169314,0.097434,0.006037,0.001959
0,-0.802162,-0.070776,0.248696,-0.190431,0.26943,-0.217965,0.00191,0.001235
0,-0.940336,-0.046774,-0.154866,0.020829,-0.114162,0.023066,0.004321,0.000816
0,-0.619199,-0.078879,0.312729,-0.054519,0.322719,-0.031357,0.001283,0.001377
0,-0.844293,0.122341,-0.246956,0.180998,-0.22288,0.135829,0.002645,0.002135
0,-0.804148,0.109194,0.027423,-0.022928,-0.021929,-0.044446,0.001945,0.001906
0,-0.737416,-0.004946,0.063585,-0.10928,0.093149,-0.142106,0.00078,8.6e-05
0,-0.617275,-0.176751,0.095336,-0.199304,0.13969,-0.20514,0.001317,0.003085
0,-0.554788,-0.104132,0.08101,0.088117,0.060785,0.04088,0.002408,0.001817
0,-0.697312,0.028208,-0.122742,0.140883,-0.085328,0.142008,8e-05,0.000492
0,-0.414391,-0.204266,0.291607,-0.258854,0.264652,-0.25754,0.004858,0.003565
0,-0.540904,-0.161369,-0.155471,0.060217,-0.174895,0.079612,0.00265,0.002816
0,-0.539217,-0.151402,0.022665,0.012938,0.010516,0.056218,0.002679,0.002642
0,-0.428794,-0.053535,0.110194,0.1208,0.084765,0.132876,0.004607,0.000934
0,-0.321602,9.3e-05,0.094313,0.076786,0.086268,0.065639,0.005613,2e-06
0,-0.449975,-0.199149,-0.141376,-0.196557,-0.141713,-0.16597,0.004237,0.003476
0,-0.352973,-0.076072,0.094469,0.131187,0.088166,0.123387,0.00593,0.001328
0,-0.328698,-0.174194,0.014503,-0.113843,-0.006025,-0.162014,0.005737,0.00304
0,-0.526594,-0.197176,-0.184754,-0.051909,-0.218089,-0.076786,0.0029,0.003441
0,-0.418176,-0.20324,0.128929,0.017508,0.177144,-0.003176,0.004792,0.003547
0,-0.464452,-0.058443,-0.055046,0.126947,-0.099908,0.093531,0.003984,0.00102
0,-0.421152,-0.158944,0.023954,-0.076469,-0.001589,-0.040622,0.00474,0.002774
0,-0.483764,-0.202058,-0.035354,-0.068859,-0.007961,-0.036106,0.003647,0.003527
0,-0.413502,-0.114579,0.057311,0.093702,0.05886,0.073296,0.004874,0.002
0,-0.372509,-0.216601,0.047981,-0.090012,0.058704,-0.114082,0.005589,0.00378
0,-0.202761,-0.072135,0.16291,0.14346,0.16175,0.111763,0.003539,0.001259
0,-0.192392,-0.06258,0.030884,0.027473,0.038857,0.002958,0.003358,0.001092
0,-0.027417,-0.015591,0.16363,0.048404,0.142097,0.025771,0.000479,0.000272
0,-0.167894,-0.031043,-0.137381,-0.036288,-0.1757,-0.044688,0.00293,0.000542
0,-0.019663,-0.193361,0.135991,-0.188346,0.166271,-0.187016,0.000343,0.003375
0,-0.105167,-0.208221,-0.091105,-0.006101,-0.094944,0.033789,0.001836,0.003634
0,-0.196926,-0.12758,-0.062451,0.107522,-0.039254,0.143868,0.003437,0.002227
0,0.01042,-0.213281,0.193706,-0.111824,0.226591,-0.159407,0.000182,0.003722
0,-0.148102,0.000138,-0.154224,0.242781,-0.139819,0.260165,0.002585,2e-06
0,-0.146659,0.058778,0.023719,0.030694,0.036991,0.04707,0.00256,0.001026
0,-0.184466,0.004788,-0.053645,-0.071307,-0.020594,-0.023535,0.00322,8.4e-05
0,-0.057491,-0.027243,0.146596,-0.027044,0.109561,-0.047998,0.001003,0.000475
0,-0.22435,-0.179132,-0.180817,-0.175092,-0.134896,-0.211743,0.003916,0.003126
0,-0.259348,-0.095106,-0.046577,0.104917,-0.069931,0.127401,0.004526,0.00166
0,-0.032555,-0.16681,0.244167,-0.055204,0.208521,-0.096648,0.000568,0.002911
0,0.049266,-0.116412,0.056103,0.056415,0.013725,0.018543,0.00086,0.002032
0,0.002535,-0.008582,-0.075849,0.131187,-0.083421,0.134928,4.4e-05,0.00015
0,-0.183983,-0.111407,-0.204495,-0.078292,-0.223143,-0.068433,0.003211,0.001944
0,-0.019541,-0.141253,0.189994,-0.01751,0.210048,-0.022668,0.000341,0.002465
0,-0.21641,0.012996,-0.196126,0.179247,-0.231668,0.177437,0.003777,0.000227
0,-0.016349,-0.07841,0.221581,-0.121217,0.215571,-0.079266,0.000285,0.001369
0,-0.125662,0.108828,-0.122267,0.213198,-0.153507,0.21403,0.002193,0.001899
0,-0.018703,-0.156877,0.130135,-0.288746,0.170943,-0.318452,0.000326,0.002738
0,-0.077733,-0.137083,-0.062914,-0.00896,-0.086602,0.033437,0.001357,0.002393
0,-0.293854,-0.07844,-0.194761,0.033206,-0.186901,-0.00173,0.005129,0.001369
0,-0.050824,-0.004694,0.264028,0.100904,0.301753,0.075587,0.000887,8.2e-05
0,-0.2611,0.098782,-0.234432,0.125157,-0.217859,0.174486,0.004557,0.001724
0,-0.268536,0.036746,-0.017975,-0.081907,-0.024071,-0.080084,0.004687,0.000641
0,-0.094836,-0.010857,0.145739,-0.04402,0.137745,-0.048476,0.001655,0.000189
0,-0.227228,0.098419,-0.132303,0.119358,-0.178556,0.116917,0.003966,0.001718
0,-0.176235,-0.076824,0.074975,-0.16403,0.060799,-0.121237,0.003076,0.001341
0,-0.001653,0.020346,0.162569,0.104704,0.146887,0.118406,2.9e-05,0.000355
0,-0.225156,-0.09083,-0.204605,-0.130661,-0.218387,-0.156172,0.00393,0.001585
0,-0.096778,-0.100533,0.145205,0.011597,0.098948,0.050647,0.001689,0.001755
0,0.03676,0.020338,0.139387,0.093171,0.116242,0.088325,0.000642,0.000355
0,-0.052192,0.093258,-0.091082,0.062295,-0.072322,0.105461,0.000911,0.001628
0,-0.097529,-0.098217,-0.040548,-0.200361,-0.042382,-0.179976,0.001702,0.001714
0,-0.028387,-0.135838,0.066004,-0.024939,0.067337,-0.028181,0.000495,0.002371
0,-0.114322,-0.121815,-0.060949,0.021497,-0.060347,0.012339,0.001995,0.002126
0,-0.212455,0.06881,-0.128091,0.212488,-0.120424,0.173087,0.003708,0.001201
0,0.057656,-0.101054,0.245522,-0.195611,0.277153,-0.180763,0.001006,0.001764
0,-0.143944,-0.078471,-0.220616,0.045901,-0.242611,0.021812,0.002512,0.00137
0,-0.128608,-0.114928,0.012817,-0.053733,0.016888,-0.102973,0.002245,0.002006
0,-0.062052,-0.133669,0.071208,-0.038177,0.085604,-0.058389,0.001083,0.002333
0,-0.031669,0.00413,0.032809,0.155278,0.05452,0.156561,0.000553,7.2e-05
0,-0.063731,-0.140365,-0.003746,-0.135602,-0.052865,-0.185179,0.001112,0.00245
0,-0.017733,-0.171104,0.041048,-0.024883,0.08836,-0.055833,0.000309,0.002986
0,-0.176705,-0.259268,-0.134154,-0.086326,-0.12613,-0.099583,0.003084,0.004525
0,-0.175842,-0.037484,0.008368,0.224344,-0.030918,0.203833,0.003069,0.000654
0,-0.169904,-0.028468,0.027885,-0.002259,0.057646,-0.022423,0.002965,0.000497
0,0.064771,-0.141849,0.220307,-0.109357,0.246545,-0.150022,0.00113,0.002476
0,0.120371,-0.084178,0.045742,0.048762,0.076557,0.08992,0.002101,0.001469
0,-0.02031,-0.172021,-0.144781,-0.091595,-0.14226,-0.080528,0.000354,0.003002
0,0.073101,0.046684,0.09355,0.229469,0.104998,0.253825,0.001276,0.000815
0,-8.856972,0.039165,-8.942692,-0.00485,-8.971718,0.026976,0.002593,0.000684
0,-8.94824,0.348517,-0.068161,0.287405,-0.058344,0.256799,0.001,0.006008
0,-9.135632,0.301069,-0.161445,-0.024594,-0.151294,0.016536,0.002271,0.005255
0,-8.957136,0.161471,0.155089,-0.126509,0.166455,-0.169064,0.000845,0.002818
0,-9.095622,0.245067,-0.114871,0.055778,-0.06539,0.052135,0.001572,0.004277
0,-9.07512,0.461357,0.011846,0.206195,-0.034141,0.220047,0.001214,0.004038
0,-8.988254,0.244549,0.081821,-0.21608,0.033521,-0.197016,0.000302,0.004268
0,-9.140009,0.375295,-0.159469,0.107839,-0.205741,0.091628,0.002347,0.00554
0,-8.957639,0.285633,0.173076,-0.060157,0.166202,-0.031472,0.000836,0.004985
0,-8.861283,-0.064555,0.089684,-0.368506,0.078118,-0.379309,0.002518,0.001127
0,-8.890501,-0.071663,-0.030918,0.011809,-0.005083,0.036933,0.002008,0.001251
0,-8.870416,-0.065591,0.048466,-0.019603,0.010622,-0.014121,0.002358,0.001145
0,-8.973269,0.011965,-0.127787,0.101738,-0.119091,0.12806,0.000563,0.000209
0,-9.111554,0.146057,-0.133655,0.15379,-0.139441,0.195462,0.00185,0.002549
0,-9.031584,-0.018228,0.058045,-0.171939,0.070463,-0.129486,0.000455,0.000318
0,-8.945983,0.062052,0.091952,0.059134,0.107578,0.108577,0.001039,0.001083
0,-9.06272,0.059046,-0.113165,-0.019625,-0.151772,-0.013249,0.000998,0.001031
0,-8.515066,0.010253,0.541501,-0.068554,0.542479,-0.104428,0.00353,0.000179
0,-7.924406,0.106788,0.567477,0.114735,0.528857,0.10745,0.005312,0.001864
0,-7.541231,-0.016471,0.409327,-0.147707,0.362619,-0.186855,0.001376,0.000287
0,-7.19902,-0.155122,0.356355,-0.110974,0.344523,-0.123728,0.004742,0.002707
0,-6.808182,-0.016805,0.364754,0.136786,0.403262,0.118421,0.00208,0.000293
0,-6.631047,-0.024168,0.190351,-0.002187,0.239239,-0.042627,0.005171,0.000422
0,-6.263469,-0.017697,0.368896,0.033508,0.397461,0.024634,0.000504,0.000309
0,-5.84739,0.052879,0.399628,0.044491,0.42039,0.031213,0.005332,0.000923
0,-5.618749,-0.091031,0.257104,-0.126741,0.23013,-0.129319,0.001342,0.001589
0,-5.399864,-0.186107,0.225296,-0.069055,0.189423,-0.11353,0.002478,0.003248
0,-4.91771,-0.005619,0.510809,0.179948,0.496308,0.143761,0.001197,9.8e-05
0,-4.870596,-0.012796,0.018895,-0.021476,0.067452,-0.03867,0.000375,0.000223
0,-4.545589,-0.169111,0.313821,-0.15438,0.332535,-0.130389,0.005298,0.002952
0,-4.224973,-0.14137,0.329567,0.047232,0.378089,0.092266,0.001197,0.002467
0,-4.077728,-0.158428,0.120896,-0.020405,0.076035,0.010217,0.001373,0.002765
0,-3.96974,-0.133751,0.11941,0.031888,0.157118,-0.017289,0.003258,0.002334
0,-3.79002,0.059381,0.208086,0.211486,0.234822,0.190421,0.005696,0.001036
0,-3.544155,0.096348,0.257823,0.057118,0.28694,0.04394,0.001405,0.001682
0,-3.298942,-0.121506,0.229801,-0.205176,0.215582,-0.231743,0.002875,0.002121
0,-3.267865,0.0855,0.043215,0.20108,0.018438,0.21536,0.003417,0.001492
0,-3.109355,0.037526,0.162368,-0.057921,0.135018,-0.034022,0.005907,0.000655
0,-2.871219,-0.125512,0.213215,-0.166307,0.177349,-0.150085,0.00175,0.002191
0,-2.642467,-0.064519,0.207115,0.076552,0.222502,0.090801,0.002242,0.001126
0,-2.634991,0.11521,0.013724,0.174765,0.021277,0.21924,0.002373,0.002011
0,-2.416656,-0.071574,0.247889,-0.171004,0.215352,-0.186101,0.005907,0.001249
0,-2.397436,-0.069839,-0.001005,-0.003061,0.047395,-0.006679,0.005572,0.001219
0,-2.252508,0.121036,0.139621,0.193859,0.189319,0.241815,0.003042,0.002112
0,-2.324383,-0.053598,-0.052672,-0.15337,-0.101994,-0.170798,0.004297,0.000935
0,-2.159425,-0.000797,0.192654,0.03455,0.222452,0.005294,0.001418,1.4e-05
0,-2.079292,0.122456,0.109367,0.097563,0.152967,0.121324,1.9e-05,0.002137
0,-1.857187,0.004685,0.223557,-0.12522,0.255536,-0.136298,0.003857,8.2e-05
0,-1.695325,-0.071675,0.172111,-0.095722,0.15147,-0.126618,0.005408,0.001251
0,-1.532435,0.044111,0.150308,0.092285,0.118018,0.070931,0.002565,0.00077
0,-1.439107,-0.126568,0.095285,-0.154675,0.047868,-0.157554,0.000936,0.002209
0,-1.54152,-0.030201,-0.131258,0.07476,-0.16863,0.07021,0.002724,0.000527
0,-1.547014,0.014782,-0.014367,0.035747,-0.001231,0.062109,0.00282,0.000258
0,-1.358842,0.004891,0.189489,0.012774,0.1436,-0.000311,0.000465,8.5e-05
0,-1.443585,-0.127679,-0.07342,-0.115986,-0.088972,-0.141588,0.001014,0.002228
0,-1.160763,-0.044926,0.264857,0.091396,0.243008,0.066465,0.003922,0.000784
0,-1.170198,0.081958,-0.023469,0.118061,-0.06639,0.097383,0.003757,0.00143
0,-1.043929,-0.096077,0.104416,-0.172517,0.146613,-0.155042,0.005961,0.001677
0,-1.227239,-0.003587,-0.206377,0.112523,-0.161233,0.064325,0.002762,6.3e-05
0,-1.17802,-0.138111,0.054077,-0.12445,0.019091,-0.156991,0.003621,0.00241
0,-0.924464,0.078228,0.254959,0.23259,0.261612,0.240441,0.004044,0.001365
0,-0.948436,0.067673,-0.044124,-0.014673,-0.01489,-0.011424,0.004463,0.001181
0,-0.952872,-0.067555,-0.013235,-0.152363,-0.029951,-0.156131,0.00454,0.001179
0,-0.844441,-0.033822,0.114269,0.012031,0.147227,-0.025785,0.002648,0.00059
0,-0.791756,0.054563,0.052324,0.093003,0.014283,0.129743,0.001728,0.000952
0,-0.824824,-0.03723,-0.030779,-0.090089,-0.068482,-0.075199,0.002305,0.00065
0,-0.704075,0.031449,0.113037,0.052928,0.075441,0.026402,0.000198,0.000549
0,-0.693378,-0.163841,0.026238,-0.190372,0.035934,-0.228076,1.1e-05,0.00286
0,-0.848494,-0.166698,-0.12873,0.004635,-0.095357,0.012777,0.002719,0.002909
0,-0.788309,-0.184369,0.036909,0.009326,0.079111,0.035829,0.001668,0.003218
0,-0.448342,1.378118,0.333707,1.588642,0.368014,1.586885,0.004265,0.000128
0,-0.28412,1.252135,0.168234,-0.103764,0.119811,-0.100863,0.004959,0.002327
0,-0.237986,1.696966,0.031709,0.414988,0.069469,0.407007,0.004154,0.005437
0,0.015519,1.927229,0.23234,0.226683,0.28065,0.250293,0.000271,0.002635
0,0.25454,1.76666,0.243898,-0.190489,0.209759,-0.196546,0.004443,0.005437
0,0.13752,1.536881,-0.106187,-0.207356,-0.140687,-0.188229,0.0024,0.002643
0,0.236444,1.018012,0.116011,-0.491054,0.093292,-0.505376,0.004127,0.005677
0,0.100877,0.632452,-0.120813,-0.39328,-0.097975,-0.362802,0.001761,0.001052
0,0.090344,0.300358,-0.023328,-0.360728,-0.033345,-0.393672,0.001577,0.005242
0,0.200865,0.060299,0.104852,-0.220837,0.073937,-0.258594,0.003506,0.001052
0,0.353975,0.047358,0.145315,-0.000473,0.149305,-0.036408,0.005912,0.000827
0,0.040638,-0.113754,-0.329664,-0.189135,-0.300006,-0.186628,0.000709,0.001985
0,0.005007,-0.071187,-0.039559,0.030467,-0.065298,0.012128,8.7e-05,0.001242
0,0.100036,-0.018192,0.107539,0.041395,0.14453,0.080104,0.001746,0.000318
0,0.131356,-0.01265,0.022983,0.02419,0.052286,-0.000625,0.002293,0.000221
0,0.118799,-0.15647,-0.009917,-0.120811,-0.020966,-0.118211,0.002073,0.002731
0,0.145609,-0.283264,0.023148,-0.117765,0.050441,-0.153175,0.002541,0.004944
0,0.18147,-0.143791,0.014591,0.119681,0.025023,0.145193,0.003167,0.00251
0,0.176975,-0.14053,-0.030049,0.002488,-0.077347,0.013208,0.003089,0.002453
0,-0.083964,-0.033582,-0.236768,0.108632,-0.215342,0.15384,0.001465,0.000586
0,0.118723,-0.038386,0.192583,0.021091,0.188876,-0.011346,0.002072,0.00067
0,0.149767,-0.208808,0.00451,-0.167966,0.014351,-0.158345,0.002614,0.003644
0,0.130541,-0.163342,0.001391,0.016799,-0.009342,-0.018139,0.002278,0.002851
0,0.058147,-0.113169,-0.078151,0.054592,-0.081354,0.007357,0.001015,0.001975
0,0.00967,-0.218653,-0.018643,-0.08594,-0.062432,-0.092305,0.000169,0.003816
0,-0.033269,-0.233764,-0.034643,-0.006989,-0.03408,0.036585,0.000581,0.00408
0,-0.059183,-0.27661,-0.003302,-0.044274,-0.037853,-0.044526,0.001033,0.004828
0,-0.115853,-0.173223,-0.039317,0.111581,0.010358,0.08838,0.002022,0.003023
0,-0.048072,-0.229425,0.044865,-0.042009,0.017743,-0.044801,0.000839,0.004004
0,-0.029472,-0.024348,0.048221,0.2279,0.083604,0.232479,0.000514,0.000425
0,0.012013,-0.209557,0.059859,-0.195453,0.088925,-0.182764,0.00021,0.003657
0,-0.131767,-0.106836,-0.162757,0.113235,-0.12256,0.145278,0.0023,0.001865
0,-0.215801,-0.214857,-0.086567,-0.088222,-0.059891,-0.089772,0.003766,0.00375
0,-0.135628,-0.032976,0.053307,0.165871,0.047004,0.132539,0.002367,0.000576
0,0.104337,-0.043479,0.256295,-0.010506,0.240401,-0.039437,0.001821,0.000759
0,-0.018871,-0.128694,-0.096629,-0.08976,-0.118282,-0.120624,0.000329,0.002246
0,-0.054972,0.025437,-0.053091,0.176263,-0.062192,0.198289,0.000959,0.000444
0,-0.056925,-0.115572,-0.026072,-0.133958,-0.018719,-0.140561,0.000994,0.002017
0,0.134822,-0.161635,0.200526,-0.058086,0.167581,-0.01322,0.002353,0.002821
0,0.179595,-0.053716,0.067783,0.091489,0.079495,0.050531,0.003135,0.000938
0,0.03232,-0.161016,-0.13721,-0.079036,-0.164967,-0.120499,0.000564,0.00281
0,0.001061,-0.215447,-0.004131,-0.029378,-0.028171,-0.040672,1.9e-05,0.00376
0,0.018781,-0.171214,0.013524,0.056638,0.011443,0.015203,0.000328,0.002988
0,-0.03052,-0.095837,-0.025073,0.088401,-0.041933,0.1226,0.000533,0.001673
0,0.128457,-0.177072,0.170789,-0.077989,0.13059,-0.093337,0.002242,0.00309
0,-0.009805,0.051477,-0.119556,0.199723,-0.071207,0.160054,0.000171,0.000898
0,-0.012128,-0.184041,-0.002017,-0.245372,-0.044421,-0.246142,0.000212,0.003212
0,-0.056695,0.049509,-0.034527,0.215363,-0.060489,0.229931,0.00099,0.000864
0,-0.103079,-0.153391,-0.069002,-0.199636,-0.091016,-0.219553,0.001799,0.002677
0,0.11906,0.015656,0.220123,0.17548,0.21308,0.170185,0.002078,0.000273
0,-0.039932,-0.097425,-0.172558,-0.088636,-0.21743,-0.057315,0.000697,0.0017
0,0.009689,-0.041301,0.03914,0.037488,0.015864,0.05681,0.000169,0.000721
0,-0.018316,-0.071649,-0.009186,-0.037539,-0.034462,-0.037159,0.00032,0.001251
0,0.141315,-0.083838,0.17362,-0.009202,0.1528,-0.048469,0.002466,0.001463
0,0.112674,-0.009587,-0.039256,0.100922,0.003729,0.122306,0.001967,0.000167
0,0.020019,-0.032205,-0.102894,0.003196,-0.076987,-0.010953,0.000349,0.000562
0,0.066499,0.092002,0.025054,0.146844,0.015355,0.170251,0.001161,0.001606
0,-0.018567,-0.048406,-0.06958,-0.146572,-0.057118,-0.111268,0.000324,0.000845
0,-0.014417,-0.138834,-0.019955,-0.085785,-0.05696,-0.041447,0.000252,0.002423
0,-0.036553,-0.130994,-0.017193,0.027838,-0.007944,-0.012414,0.000638,0.002286
0,0.010892,0.00421,0.038018,0.139609,0.078384,0.147009,0.00019,7.3e-05
0,-0.028713,0.079921,-0.066572,0.092056,-0.103016,0.091033,0.000501,0.001395
0,0.093493,-0.145299,0.108928,-0.208409,0.114108,-0.239449,0.001632,0.002536
0,-0.117381,-0.111558,-0.211362,0.006222,-0.195812,-0.00511,0.002049,0.001947
0,-0.095864,-0.04381,-0.005947,0.095558,-0.02959,0.090328,0.001673,0.000765
0,0.047418,0.023835,0.143273,0.069882,0.177637,0.104197,0.000828,0.000416
0,0.077896,-0.115371,0.020324,-0.169165,0.063324,-0.175056,0.00136,0.002014
0,0.110625,-0.075768,0.010668,0.066829,-0.014222,0.077083,0.001931,0.001322
0,-0.104614,0.001788,-0.226142,0.049076,-0.184516,0.037502,0.001826,3.1e-05
0,0.160714,-0.161378,0.259106,-0.143524,0.230408,-0.164067,0.002805,0.002817
0,-0.088775,-0.079904,-0.25538,0.091778,-0.209348,0.097622,0.001549,0.001395
0,0.005252,-0.071465,0.121171,0.018539,0.077965,0.046536,9.2e-05,0.001247
0,-0.10299,-0.212249,-0.099791,-0.161672,-0.091549,-0.154007,0.001798,0.003704
0,-0.075102,0.052209,0.018749,0.269231,0.00934,0.2319,0.001311,0.000911
0,0.199592,0.038301,0.293635,-0.014611,0.248618,0.030529,0.003484,0.000668
0,0.018169,-0.100638,-0.196622,-0.109795,-0.242991,-0.105038,0.000317,0.001756
0,0.191041,0.089275,0.175496,0.187305,0.210078,0.181907,0.003334,0.001558
0,0.195997,-0.066715,-0.002358,-0.169266,-0.001652,-0.121621,0.003421,0.001164
0,0.212477,-0.048944,0.01752,0.046092,0.034059,0.088783,0.003708,0.000854
0,0.199936,-0.044665,-0.041684,-0.005789,-0.068744,-0.05156,0.00349,0.00078
0,0.172012,0.03232,-0.048014,0.068299,-0.040177,0.072008,0.003002,0.000564
0,0.216701,0.042509,0.066041,0.033035,0.098347,0.006017,0.003782,0.000742
0,0.202316,0.078752,-0.039856,0.008104,-0.052345,0.018129,0.003531,0.001374
0,0.027451,-0.020631,-0.177861,-0.086561,-0.176304,-0.112756,0.000479,0.00036
0,0.004621,-0.039418,-0.041432,-0.016301,-0.038639,-0.031168,8.1e-05,0.000688
0,0.043243,-0.139016,0.021018,-0.112017,0.036937,-0.072145,0.000755,0.002426
0,0.104609,-0.06142,0.052518,0.08898,0.024591,0.085886,0.001826,0.001072
0,0.136302,0.104968,0.018263,0.162041,0.045413,0.149164,0.002379,0.001832
0,0.170325,-0.029188,0.045486,-0.158758,0.032186,-0.117792,0.002973,0.000509
0,0.167941,0.114755,-0.016672,0.140581,-0.02455,0.108447,0.002931,0.002003
0,0.040208,-0.057784,-0.128793,-0.172324,-0.138724,-0.135731,0.000702,0.001009
0,0.098585,-0.183439,0.058387,-0.115706,0.011606,-0.088879,0.001721,0.003202
0,0.185663,-0.046402,0.086029,0.113149,0.083161,0.14021,0.00324,0.00081
0,0.141092,-0.136814,-0.015466,-0.083942,-0.031159,-0.063044,0.002463,0.002388
0,-0.062789,-0.095334,-0.182866,0.012778,-0.13686,-0.006927,0.001096,0.001664
0,-0.10913,-0.235582,-0.036244,-0.121949,-0.042253,-0.155458,0.001905,0.004112
0,-0.083881,-0.095508,0.027807,0.133546,-0.020432,0.093987,0.001464,0.001667
0,-0.012985,-0.198023,0.078758,-0.114881,0.053885,-0.08602,0.000227,0.003456
0,0.022982,-0.007013,0.051609,0.193996,0.096997,0.149037,0.000401,0.000122
0,-0.108949,0.04317,-0.140134,0.035092,-0.110419,-0.006053,0.001902,0.000753
0,0.06973,-0.053237,0.206784,-0.079703,0.183137,-0.096917,0.001217,0.000929
0,-0.029146,-0.130682,-0.110416,-0.047914,-0.062782,-0.059187,0.000509,0.002281
0,0.007746,-0.120507,0.010085,-0.011217,0.020106,-0.054794,0.000135,0.002103
0,-0.05214,-0.042685,-0.050899,0.098033,-0.082195,0.059902,0.00091,0.000745
0,0.075196,0.01912,0.153583,0.061561,0.178051,0.067676,0.001312,0.000334
0,-0.029174,-0.139533,-0.08065,-0.182965,-0.038139,-0.187539,0.000509,0.002435
0,0.086414,0.066084,0.121595,0.199296,0.154841,0.16154,0.001508,0.001153
0,0.067083,-0.060768,0.005792,-0.155491,-0.010273,-0.120832,0.001171,0.001061
0,-0.070779,-0.070342,-0.112066,0.019446,-0.105636,0.067082,0.001235,0.001228
0,-0.014699,0.080246,0.072698,0.131498,0.040611,0.157402,0.000257,0.001401
0,-0.148488,-0.020181,-0.160151,-0.116435,-0.200992,-0.120971,0.002592,0.000352
0,-0.032811,-0.113156,0.08931,-0.100735,0.046144,-0.128378,0.000573,0.001975
0,-0.143497,0.129144,-0.084324,0.222892,-0.11643,0.272736,0.002504,0.002254
0,0.164591,0.042744,0.331044,-0.092808,0.364697,-0.04864,0.002873,0.000746
0,0.15546,0.168146,0.012522,0.121721,0.011785,0.100122,0.002713,0.002935
0,-0.105847,0.092998,-0.278206,-0.09944,-0.30853,-0.074656,0.001847,0.001623
0,-0.085619,0.11243,-0.00348,-0.000306,-0.042779,0.011858,0.001494,0.001962
0,0.060972,-0.164876,0.130456,-0.276791,0.09522,-0.235197,0.001064,0.002878
0,0.102551,0.013431,0.024814,0.175336,-0.019688,0.175971,0.00179,0.000234
0,0.038399,-0.125166,-0.080124,-0.165076,-0.087912,-0.167154,0.00067,0.002185
0,-0.028842,-0.09174,-0.065705,0.025632,-0.069304,-0.014175,0.000503,0.001601
0,-0.107904,0.097218,-0.059879,0.181139,-0.093783,0.159737,0.001883,0.001697
0,0.130156,-0.026466,0.212253,-0.115954,0.255501,-0.162095,0.002272,0.000462
0,-0.039632,-0.104021,-0.189271,-0.080948,-0.17814,-0.10321,0.000692,0.001816
0,0.092875,-0.052653,0.114612,0.07747,0.159038,0.055395,0.001621,0.000919
0,0.023566,-0.119681,-0.074394,-0.049257,-0.092992,-0.046764,0.000411,0.002089
0,-0.000543,0.036712,-0.008524,0.16693,-0.023743,0.173246,9e-06,0.000641
0,0.112438,-0.1183,0.104465,-0.182412,0.090844,-0.16951,0.001962,0.002065
0,-0.073989,-0.029866,-0.16382,0.062703,-0.148563,0.040795,0.001291,0.000521
0,-0.025172,-0.054424,0.030706,-0.019163,0.042511,-0.029307,0.000439,0.00095
0,0.020712,0.052435,0.05851,0.105854,0.046261,0.059842,0.000361,0.000915
0,-0.009001,-0.080214,-0.035475,-0.104899,-0.074435,-0.109911,0.000157,0.0014
0,0.150243,0.080735,0.183346,0.184913,0.141529,0.220036,0.002622,0.001409
0,0.024855,-0.090007,-0.151666,-0.159054,-0.188423,-0.19663,0.000434,0.001571
0,-0.002709,0.063839,-0.033303,0.15548,-0.025675,0.18438,4.7e-05,0.001114
0,0.018649,-0.146711,0.029618,-0.215469,0.037296,-0.214819,0.000325,0.002561
0,0.005278,-0.164413,-0.028795,-0.010124,0.016396,-0.001155,9.2e-05,0.00287
0,0.172076,-0.211016,0.163057,-0.042837,0.168372,-0.056065,0.003003,0.003683
0,0.232026,-0.102822,0.059681,0.088383,0.061384,0.093199,0.00405,0.001795
0,-0.025511,-0.183359,-0.23617,-0.067291,-0.279688,-0.054516,0.000445,0.0032
0,0.01566,0.067266,0.0413,0.261373,0.041028,0.263897,0.000273,0.001174
0,0.100017,0.068128,0.055801,-0.000972,0.064739,0.004695,0.001746,0.001189
0,0.140131,-0.101165,0.062685,-0.196354,0.103814,-0.150379,0.002446,0.001766
0,0.218997,0.05957,0.080344,0.155811,0.077135,0.201361,0.003822,0.00104
0,0.119315,-0.043718,-0.095545,-0.106938,-0.110165,-0.119043,0.002082,0.000763
0,0.300999,-0.024955,0.203848,0.03976,0.235814,-0.003581,0.005253,0.000436
0,0.234018,-0.089638,-0.046262,-0.064266,-0.002808,-0.055613,0.004084,0.001564
0,0.107856,-0.005973,-0.127126,0.062733,-0.148489,0.029255,0.001882,0.000104
0,0.193667,0.049754,0.086937,0.077979,0.04883,0.04242,0.00338,0.000868
0,0.056557,0.101145,-0.156064,0.045637,-0.170316,0.068857,0.000987,0.001765
0,0.252876,0.03329,0.169129,-0.080583,0.170809,-0.109647,0.004414,0.000581
0,0.154285,-0.102304,-0.069034,-0.12845,-0.069841,-0.129689,0.002693,0.001786
0,0.031262,-0.086674,-0.093887,0.024855,-0.048621,-0.004249,0.000546,0.001513
0,-0.038045,-0.040428,-0.069203,0.033067,-0.058601,0.035727,0.000664,0.000706
0,-0.024239,-0.057984,-0.003917,-0.030345,0.020611,-0.062832,0.000423,0.001012
0,0.05721,-0.063616,0.097281,-0.000384,0.11041,0.023424,0.000998,0.00111
0,0.296554,0.134632,0.225492,0.216487,0.240883,0.181024,0.005176,0.00235
0,0.208071,-0.116796,-0.081191,-0.23279,-0.121546,-0.27766,0.003632,0.002038
0,0.19326,0.000676,-0.014086,0.142366,-0.060639,0.166627,0.003373,1.2e-05
0,0.124917,-0.075711,-0.04536,-0.103407,-0.079248,-0.066546,0.00218,0.001321
0,0.134976,-0.047404,0.007735,0.033335,-0.003346,0.012629,0.002356,0.000827
0,0.175287,0.064022,0.061749,0.130646,0.074837,0.159981,0.003059,0.001117
0,0.223057,-0.006666,0.051903,-0.097934,0.072917,-0.122108,0.003893,0.000116
0,0.215133,0.099031,-0.012015,0.077208,-0.027842,0.064074,0.003755,0.001728
0,0.254098,0.013435,0.053223,-0.084098,0.054043,-0.047986,0.004435,0.000234
0,0.01,-0.043284,-0.239874,-0.044223,-0.192338,-0.058178,0.000175,0.000755
0,0.057171,0.052895,0.021111,0.071112,0.011537,0.074205,0.000998,0.000923
0,0.09647,-0.06515,0.064637,-0.093134,0.112373,-0.074598,0.001684,0.001137
0,0.244039,0.155396,0.168292,0.204951,0.214972,0.201297,0.004259,0.002712
0,0.22818,0.063714,-0.038636,-0.072379,-0.005606,-0.040037,0.003982,0.001112
0,0.295387,0.053635,0.095592,0.016117,0.120622,-0.00269,0.005155,0.000936
0,0.269512,0.164584,-0.004536,0.110039,0.030368,0.142223,0.004704,0.002873
0,0.208425,0.080797,-0.09025,-0.085296,-0.10299,-0.077183,0.003638,0.00141
0,0.312712,0.109811,0.133671,0.005598,0.129344,-0.039011,0.005458,0.001917
0,0.198828,-0.039516,-0.115401,-0.144155,-0.068463,-0.152892,0.00347,0.00069
0,0.191919,0.02092,0.003091,0.049679,-0.008869,0.040138,0.00335,0.000365
0,0.08261,-0.118121,-0.130083,-0.157105,-0.144484,-0.165543,0.001442,0.002062
0,0.23985,-0.071316,0.184519,0.034537,0.164692,-0.01497,0.004186,0.001245
0,0.168192,0.076831,-0.098478,0.152622,-0.122553,0.113995,0.002935,0.001341
0,0.111837,0.184321,-0.064223,0.108029,-0.045124,0.140179,0.001952,0.003217
0,0.09897,-0.082147,-0.011482,-0.262764,0.035833,-0.308784,0.001727,0.001434
0,0.161369,0.088957,0.047796,0.184961,0.085213,0.22072,0.002816,0.001553
0,0.298262,-0.100769,0.143573,-0.199868,0.182046,-0.171913,0.005206,0.001759
0,0.029134,-0.01237,-0.255985,0.096989,-0.2247,0.135708,0.000508,0.000216
0,0.010141,-0.057274,0.001313,-0.025324,0.018903,-0.045818,0.000177,0.001
0,0.131289,0.006373,0.140739,0.037025,0.136578,0.071285,0.002291,0.000111
0,0.170301,0.113306,0.023916,0.121041,-0.024188,0.114549,0.002972,0.001978
0,0.13812,0.03656,-0.004783,-0.082063,0.001707,-0.127177,0.002411,0.000638
0,-0.046822,0.028862,-0.163281,-0.02436,-0.16495,-0.069006,0.000817,0.000504
0,0.135871,-0.192559,0.157963,-0.2454,0.15063,-0.281021,0.002371,0.003361
0,0.094188,0.007167,-0.028294,0.176842,-0.043763,0.202683,0.001644,0.000125
0,-0.143692,-0.128559,-0.235154,-0.138479,-0.235891,-0.113041,0.002508,0.002244
0,0.115032,-0.009269,0.270532,0.120403,0.238801,0.152264,0.002008,0.000162
0,-0.036127,0.485797,-0.173335,0.467284,-0.153229,0.495936,0.000631,0.003612
0,-0.044281,1.222675,-0.021893,0.712331,-0.013202,0.664812,0.000773,0.002841
0,-0.072695,1.310992,-0.047787,0.082599,-0.078912,0.083618,0.001269,0.0013
0,-0.027505,1.210071,0.052751,-0.129114,0.056326,-0.150609,0.00048,0.003061
0,-0.045013,1.368919,-0.013832,0.140485,0.008731,0.112305,0.000786,0.000289
0,-0.228317,1.107814,-0.172715,-0.255771,-0.124732,-0.237473,0.003985,0.004846
0,-0.090543,0.90731,0.155546,-0.225247,0.191556,-0.222794,0.00158,0.003745
0,-0.004821,0.633066,0.075627,-0.257487,0.106201,-0.218494,8.4e-05,0.001041
0,-0.294985,0.575073,-0.271973,-0.068945,-0.252083,-0.030093,0.005148,0.002054
0,-0.213479,0.363264,0.063621,-0.198694,0.083113,-0.238304,0.003726,0.00575
0,-0.143051,0.241696,0.078934,-0.140919,0.094426,-0.160574,0.002497,0.004218
0,-0.205929,0.172463,-0.043041,-0.089961,-0.061907,-0.120953,0.003594,0.00301
0,-0.075191,-0.027783,0.114285,-0.221509,0.131801,-0.174535,0.001312,0.000485
0,-0.202791,0.147301,-0.124252,0.170042,-0.094928,0.138428,0.003539,0.002571
0,-0.306209,0.169054,-0.099207,0.015388,-0.058843,-0.02141,0.005344,0.002951
0,-0.067517,0.045336,0.237843,-0.132551,0.205044,-0.159971,0.001178,0.000791
0,-0.085389,-0.051312,0.005831,-0.111855,-0.039934,-0.064387,0.00149,0.000896
0,-0.300824,0.136538,-0.190955,0.202961,-0.240352,0.199055,0.00525,0.002383
0,-0.125802,0.082198,0.17862,-0.0513,0.139436,-0.090759,0.002196,0.001435
0,-0.263355,-0.091467,-0.128676,-0.144983,-0.106306,-0.136186,0.004596,0.001596
0,-0.219648,0.152743,0.071341,0.231896,0.057607,0.2203,0.003834,0.002666
0,-0.132462,0.131399,0.096963,-0.042418,0.120451,-0.001518,0.002312,0.002293
0,-0.005261,0.029885,0.129828,-0.105017,0.115775,-0.068807,9.2e-05,0.000522
0,-0.134702,0.021864,-0.129691,0.00577,-0.085782,0.004702,0.002351,0.000382
0,0.117896,0.041116,0.245856,0.007944,0.294225,-0.031175,0.002058,0.000718
0,-0.015125,-0.114995,-0.112844,-0.180117,-0.153417,-0.145638,0.000264,0.002007
0,0.052975,0.042414,0.086989,0.186893,0.059982,0.142791,0.000925,0.00074
0,-0.050383,-0.104156,-0.127532,-0.116576,-0.125551,-0.086916,0.000879,0.001818
0,-0.10164,0.095311,-0.048702,0.178517,-0.007644,0.195972,0.001774,0.001663
0,0.102627,-0.03718,0.176778,-0.111139,0.172731,-0.144529,0.001791,0.000649
0,0.007895,-0.118683,-0.106246,-0.070201,-0.139955,-0.11931,0.000138,0.002071
0,-0.046178,-0.017524,-0.074936,0.085728,-0.124692,0.110093,0.000806,0.000306
0,-0.124045,0.14032,-0.053159,0.179772,-0.036392,0.15562,0.002165,0.002449
0,-0.133016,-7.9e-05,-0.021711,-0.136815,0.014497,-0.1262,0.002322,1e-06
0,0.071016,-0.009376,0.204185,-0.008243,0.183266,-0.048544,0.001239,0.000164
0,0.004493,-0.043514,-0.095731,-0.034611,-0.047961,-0.001359,7.8e-05,0.000759
0,-0.043824,0.159503,-0.032852,0.181959,-0.055947,0.220575,0.000765,0.002784
0,-0.030458,0.120452,0.018497,-0.055615,0.067149,-0.096986,0.000532,0.002102
0,-0.054897,0.016837,-0.015407,-0.124212,-0.061634,-0.144956,0.000958,0.000294
0,-0.132086,0.000595,-0.072701,0.013129,-0.099912,0.057061,0.002305,1e-05
0,-0.104454,-0.047428,0.002269,-0.042889,-0.022546,-0.011339,0.001823,0.000828
0,0.056626,0.107302,0.132426,0.131591,0.166343,0.153853,0.000988,0.001873
0,-0.195535,-0.082741,-0.252883,-0.168427,-0.205867,-0.205617,0.003413,0.001444
0,-0.209495,0.069825,-0.024591,0.130324,0.001231,0.139406,0.003656,0.001219
0,-0.151159,-0.089872,0.029941,-0.186319,0.034288,-0.145646,0.002638,0.001569
0,-0.04684,-0.058675,0.099651,0.008847,0.105817,0.048871,0.000818,0.001024
0,-0.092845,0.131964,-0.016218,0.164277,-0.01173,0.158016,0.00162,0.002303
0,-0.213112,0.089046,-0.113486,-0.031276,-0.147882,-0.038986,0.00372,0.001554
0,-0.292515,0.035883,-0.053238,-0.040239,-0.068034,-0.05076,0.005105,0.000626
0,-0.097112,0.086778,0.185482,0.059187,0.169656,0.10322,0.001695,0.001515
0,-0.278245,-0.044258,-0.203594,-0.131381,-0.158904,-0.11682,0.004856,0.000772
0,-0.348805,-0.058137,-0.041546,-0.025651,-0.060886,0.017081,0.006003,0.001015
0,-0.323956,-0.008981,-0.001452,0.070766,0.020311,0.064964,0.005654,0.000157
0,-0.311574,0.027051,0.01654,0.018829,0.020704,-0.023506,0.005438,0.000472
0,-0.098922,-0.039141,0.238615,-0.089485,0.212702,-0.060911,0.001727,0.000683
0,-0.34153,0.021605,-0.227718,0.071225,-0.210642,0.073839,0.005961,0.000377
0,-0.111689,-0.146688,0.228867,-0.186597,0.209815,-0.208344,0.001949,0.00256
0,-0.255955,0.078175,-0.1154,0.199755,-0.133993,0.17478,0.004467,0.001364
0,-0.198155,-0.037172,0.086806,-0.133621,0.099307,-0.128033,0.003458,0.000649
0,-0.285813,-0.05962,-0.074452,-0.037614,-0.025241,0.011638,0.004988,0.001041
0,-0.349934,0.07332,-0.068744,0.129841,-0.094969,0.163772,0.005983,0.00128
0,-0.342038,0.10054,0.01244,0.05545,-0.004272,0.021564,0.00597,0.001755
0,-0.160809,0.087738,0.194729,-0.005682,0.178162,0.003872,0.002807,0.001531
0,-0.156848,0.047168,0.013964,-0.017504,0.025139,-0.039657,0.002738,0.000823
0,-0.093128,-0.034512,0.086206,-0.068351,0.102346,-0.062417,0.001625,0.000602
0,-0.011053,-0.044492,0.076775,-0.027329,0.036012,-0.012572,0.000193,0.000777
0,-0.09896,-0.059106,-0.098563,-0.044079,-0.081147,-0.067836,0.001727,0.001032
0,-0.059656,-0.008373,0.052814,0.037451,0.062563,0.053703,0.001041,0.000146
0,-0.223837,-0.092591,-0.164947,-0.065978,-0.205244,-0.059568,0.003907,0.001616
0,-0.164679,0.017881,0.078447,0.133233,0.035505,0.120698,0.002874,0.000312
0,-0.292861,0.009499,-0.157412,0.002554,-0.141227,0.038922,0.005111,0.000166
0,-0.181196,0.039695,0.091799,0.038864,0.121452,0.062318,0.003162,0.000693
0,-0.242468,0.088353,-0.072546,0.023189,-0.056222,0.040601,0.004232,0.001542
0,-0.202443,0.047766,0.056943,-0.02848,0.106865,-0.022451,0.003533,0.000834
0,0.002236,0.088653,0.227192,0.012899,0.267907,0.028684,3.9e-05,0.001547
0,-0.260455,-0.201448,-0.279488,-0.26994,-0.275183,-0.220127,0.004546,0.003516
0,-0.267151,-0.156028,-0.036096,0.046667,-0.041415,0.03112,0.004663,0.002723
0,-0.224591,0.078866,0.021754,0.240123,0.018851,0.20379,0.00392,0.001376
0,-0.114463,-0.024617,0.106103,-0.099013,0.057017,-0.148718,0.001998,0.00043
0,-0.064929,0.027607,0.065334,0.028873,0.022698,0.068263,0.001133,0.000482
0,-0.177643,-0.070442,-0.083964,-0.108151,-0.052698,-0.149325,0.0031,0.001229
0,-0.161293,-0.044025,-0.000845,0.000375,-0.0365,0.036213,0.002815,0.000768
0,0.007845,-0.125554,0.186458,-0.073371,0.188449,-0.107827,0.000137,0.002191
0,-0.041428,0.0855,-0.022705,0.183576,0.010495,0.214404,0.000723,0.001492
0,-0.044599,-0.114641,-0.004551,-0.186765,0.009214,-0.137114,0.000778,0.002001
0,-0.056309,-0.161736,0.012058,-0.076849,-0.022219,-0.097702,0.000983,0.002823
0,-0.117471,0.105572,-0.055099,0.28804,-0.077339,0.33524,0.00205,0.001843
0,-0.14389,0.002166,-0.044747,-0.083115,-0.093703,-0.040961,0.002511,3.8e-05
0,-0.172775,0.067326,-0.056124,0.076515,-0.0257,0.068119,0.003015,0.001175
0,-0.073453,-0.074412,0.117605,-0.147723,0.13992,-0.137262,0.001282,0.001299
0,0.982309,-1.424498,1.077799,-1.338762,1.077402,-1.313878,0.005054,0.000681
0,1.586353,-1.318532,0.609685,0.13477,0.649465,0.184149,0.003506,0.001168
0,1.751921,-1.429875,0.168478,-0.130616,0.199949,-0.162845,0.005695,0.000775
0,1.422013,-1.391152,-0.308718,0.020781,-0.301496,0.041695,0.000638,9.9e-05
0,1.304787,-1.207582,-0.090254,0.176376,-0.099976,0.167315,0.001408,0.003105
0,0.882489,-0.799686,-0.396939,0.404484,-0.417826,0.356263,0.003312,0.001867
0,0.784708,-0.485614,-0.097998,0.317072,-0.135288,0.277264,0.001605,0.003615
0,0.580042,-0.542538,-0.17857,-0.069695,-0.142379,-0.058068,0.001967,0.002621
0,0.525167,-0.234201,-0.03408,0.295474,-0.012605,0.335985,0.002925,0.004088
0,0.068388,0.036125,-0.439507,0.296625,-0.408637,0.338521,0.001194,0.00063
0,0.006535,-0.03941,-0.059147,-0.095982,-0.01962,-0.133687,0.000114,0.000688
0,-0.043419,0.186316,-0.069976,0.239107,-0.035769,0.195669,0.000758,0.003252
0,-0.224103,0.254888,-0.193226,0.0958,-0.189445,0.096101,0.003911,0.004449
0,-0.016578,-0.002318,0.228858,-0.260631,0.236391,-0.245978,0.000289,4e-05
0,-0.061601,0.198498,-0.067448,0.175025,-0.05463,0.130808,0.001075,0.003464
0,-0.199249,0.003448,-0.164439,-0.207242,-0.137712,-0.226409,0.003478,6e-05
0,-0.308128,0.011336,-0.102344,0.019122,-0.06871,0.035046,0.005378,0.000198
0,-0.326644,-0.015039,-0.040375,-0.017064,-0.069197,-0.000139,0.005701,0.000262
0,-0.269257,0.139032,0.084468,0.14986,0.088104,0.192861,0.004699,0.002427
0,-0.4456,0.123491,-0.176212,-0.042201,-0.21976,-0.05073,0.004313,0.002155
0,-0.094271,0.238541,0.373117,0.0855,0.377088,0.073337,0.001645,0.004163
0,-0.119952,0.118154,-0.040692,-0.093756,-0.011042,-0.088003,0.002094,0.002062
0,-0.061342,0.130322,0.078161,0.01736,0.08909,0.015062,0.001071,0.002275
0,-0.204281,0.126997,-0.15195,0.006295,-0.108044,-0.008905,0.003565,0.002217
0,-0.254714,0.141325,-0.038596,-0.005557,0.008846,0.025206,0.004446,0.002467
0,0.023465,0.048511,0.2837,-0.099922,0.304953,-0.147814,0.00041,0.000847
0,0.044798,0.143426,0.00089,0.071523,0.049476,0.062318,0.000782,0.002503
0,-0.211681,0.182425,-0.231052,0.06444,-0.266682,0.080003,0.003695,0.003184
0,0.052188,0.018556,0.292512,-0.167235,0.308799,-0.177235,0.000911,0.000324
0,-0.184337,0.228096,-0.265291,0.198856,-0.301808,0.230723,0.003217,0.003981
0,-0.098862,0.228627,0.096293,-0.027751,0.061002,-0.034879,0.001725,0.00399
0,-0.082319,0.154494,-0.011033,-0.080139,-0.021692,-0.036987,0.001437,0.002696
0,-0.129597,0.263447,-0.034563,0.114627,0.012693,0.114347,0.002262,0.004598
0,-0.157243,0.104005,-0.023674,-0.181474,-0.023987,-0.140824,0.002744,0.001815
0,-0.112513,0.118483,0.014796,0.034856,0.02097,0.02023,0.001964,0.002068
0,-0.156789,0.175356,-0.015245,0.045009,-0.029966,0.067176,0.002736,0.003061
0,0.069994,0.178674,0.219502,-0.014892,0.195464,-0.039525,0.001222,0.003118
0,-0.128196,0.162963,-0.193347,-0.040466,-0.145814,-0.042785,0.002237,0.002844
0,0.067192,0.099442,0.212787,-0.080419,0.175115,-0.121787,0.001173,0.001736
0,-0.12305,0.234497,-0.214227,0.128389,-0.221784,0.178227,0.002148,0.004093
0,-0.115462,0.158323,0.028239,-0.101099,0.070547,-0.141522,0.002015,0.002763
0,-0.09529,-0.025642,0.010906,-0.173035,0.049131,-0.209101,0.001663,0.000448
0,-0.202366,0.193712,-0.083469,0.207069,-0.078397,0.249611,0.003532,0.003381
0,-0.094889,0.135716,0.123112,-0.066995,0.105375,-0.081265,0.001656,0.002369
0,-0.014002,0.027289,0.105749,-0.082457,0.117964,-0.067718,0.000244,0.000476
0,-0.247002,0.16449,-0.22184,0.146503,-0.204057,0.099687,0.004311,0.002871
0,-0.060595,0.025736,0.189704,-0.130604,0.21107,-0.166178,0.001058,0.000449
0,-0.124519,0.005047,-0.074431,-0.001617,-0.081946,-0.013918,0.002173,8.8e-05
0,-0.090268,0.058878,0.062355,0.050711,0.05254,0.01279,0.001575,0.001028
0,-0.436705,-0.185152,-0.341077,-0.246,-0.376751,-0.257458,0.004469,0.003232
0,-1.322068,-0.099212,-0.868953,0.115883,-0.860175,0.095874,0.001107,0.001732
0,-1.23357,-0.191681,0.101624,-0.089096,0.104974,-0.064142,0.002651,0.003345
0,-1.212245,-0.252239,0.039327,-0.077508,0.052326,-0.096587,0.003023,0.004402
0,-0.659774,-0.467214,0.527724,-0.186845,0.536051,-0.17865,0.000575,0.003936
0,-0.621107,-0.309822,0.018659,0.149308,0.026614,0.105974,0.00125,0.005407
0,-0.221694,-0.416152,0.40742,-0.101109,0.427818,-0.060651,0.003869,0.004827
0,-0.364516,-0.350441,-0.138421,0.056459,-0.152996,0.045032,0.005728,0.005974
0,0.037557,-0.117275,0.428518,0.262335,0.396548,0.254128,0.000655,0.002047
0,-0.090791,-0.097831,-0.124706,0.017304,-0.076997,0.043263,0.001585,0.001707
0,0.174188,0.143894,0.236622,0.228747,0.264313,0.190751,0.00304,0.002511
0,0.079651,0.017742,-0.089738,-0.144684,-0.097098,-0.192483,0.00139,0.00031
0,0.128555,0.258509,0.07201,0.259034,0.067404,0.211372,0.002244,0.004512
0,0.253619,0.260047,0.148124,0.010576,0.147538,-0.013609,0.004426,0.004539
0,0.285934,0.261463,0.024907,0.009656,0.050219,-0.006102,0.00499,0.004563
0,0.094783,0.10425,-0.210226,-0.150831,-0.194475,-0.161539,0.001654,0.00182
0,0.117664,0.086841,0.00988,-0.027256,-0.001524,-0.049006,0.002054,0.001516
0,0.360757,0.267596,0.22932,0.189733,0.191839,0.194857,0.005794,0.00467
0,0.198036,0.243314,-0.172672,-0.015907,-0.217714,0.026232,0.003456,0.004247
0,0.021708,0.169112,-0.199602,-0.079499,-0.228774,-0.107463,0.000379,0.002952
0,0.120584,0.262746,0.1133,0.078366,0.103314,0.077569,0.002105,0.004586
0,0.084957,0.196813,-0.011199,-0.052752,-0.016715,-0.032234,0.001483,0.003435
0,0.134367,0.265829,0.049836,0.082175,0.060317,0.063384,0.002345,0.00464
0,0.172537,0.221339,0.028211,-0.058625,0.06701,-0.079974,0.003011,0.003863
0,0.042713,0.064681,-0.123427,-0.143954,-0.099919,-0.148261,0.000745,0.001129
0,0.025094,0.160543,-0.023335,0.066167,-0.000264,0.083951,0.000438,0.002802
0,0.032381,0.210204,0.032848,0.055778,0.024595,0.040576,0.000565,0.003669
0,0.035597,0.212149,0.027032,-0.001702,0.001782,-0.00776,0.000621,0.003703
0,0.105916,0.038167,0.064652,-0.165882,0.113754,-0.197213,0.001849,0.000666
0,0.057096,0.176553,-0.058598,0.159823,-0.045021,0.195531,0.000997,0.003081
0,0.005789,0.235735,-0.042778,0.070036,-0.02684,0.086479,0.000101,0.004114
0,0.135758,0.045452,0.14367,-0.203447,0.186818,-0.225264,0.002369,0.000793
0,0.059608,0.245671,-0.098454,0.210419,-0.088107,0.160904,0.00104,0.004288
0,0.104096,0.192521,0.035127,-0.067866,-0.00268,-0.080926,0.001817,0.00336
0,0.099262,0.035102,0.01811,-0.140545,0.054986,-0.12605,0.001732,0.000613
0,0.026726,0.153705,-0.091397,0.128199,-0.127674,0.084837,0.000466,0.002683
0,-0.067955,0.024158,-0.076564,-0.130916,-0.058105,-0.164394,0.001186,0.000422
0,-0.070117,0.116546,0.008078,0.072062,0.049129,0.099684,0.001224,0.002034
0,-0.101277,0.041815,-0.012727,-0.053815,-0.037481,-0.035199,0.001768,0.00073
0,-0.075734,0.140814,0.023711,0.084039,-0.004987,0.074521,0.001322,0.002458
0,-0.136123,0.207781,-0.04868,0.094006,-0.08988,0.102141,0.002376,0.003626
0,0.05516,0.081522,0.175076,-0.12944,0.189143,-0.080485,0.000963,0.001423
0,-0.000515,0.033916,-0.051589,-0.032073,-0.064829,0.005032,9e-06,0.000592
0,-0.085477,-0.091294,-0.105807,-0.09571,-0.05773,-0.122919,0.001492,0.001593
0,-0.11651,0.101395,-0.035328,0.196046,-0.029504,0.208567,0.002033,0.00177
0,0.063534,-0.060848,0.208899,-0.158815,0.253276,-0.143542,0.001109,0.001062
0,0.002525,-0.042024,-0.034421,0.048675,-0.044831,0.024776,4.4e-05,0.000733
0,-0.190884,-0.072823,-0.2007,-0.059166,-0.179693,-0.096631,0.003332,0.001271
0,-0.065977,0.029896,0.10573,0.10378,0.127307,0.11415,0.001152,0.000522
0,0.070487,0.068533,0.15492,0.058893,0.162439,0.106092,0.00123,0.001196
0,-0.110003,-0.06617,-0.195437,-0.163946,-0.173363,-0.161051,0.00192,0.001155
0,-0.025041,-0.087164,0.05615,-0.041693,0.052334,-0.045368,0.000437,0.001521
0,0.019264,0.087193,0.042832,0.145483,0.083117,0.157937,0.000336,0.001522
0,0.091968,-0.036783,0.058935,-0.139336,0.094309,-0.113199,0.001605,0.000642
0,0.021739,0.035745,-0.054037,0.101152,-0.037167,0.113033,0.000379,0.000624
0,0.014945,-0.114834,0.00112,-0.127711,-0.040103,-0.128426,0.000261,0.002004
0,0.140686,0.006965,0.101335,0.104355,0.076203,0.099767,0.002455,0.000122
0,0.04259,-0.102972,-0.092374,-0.096804,-0.047655,-0.063979,0.000743,0.001797
0,-0.013972,0.082792,-0.068273,0.194222,-0.020162,0.14798,0.000244,0.001445
0,0.179508,0.055507,0.192367,-0.015809,0.16429,0.023871,0.003133,0.000969
0,0.20885,-0.030131,0.0142,-0.06371,0.058963,-0.018588,0.003645,0.000526
0,0.129212,0.035753,-0.097047,0.0377,-0.057459,0.043485,0.002255,0.000624
0,-0.007178,0.059392,-0.124525,0.023716,-0.168835,0.004582,0.000125,0.001037
0,0.168924,0.042563,0.147661,0.005416,0.180687,0.036542,0.002948,0.000743
0,0.004378,-0.204985,-0.148916,-0.264066,-0.183107,-0.229603,7.6e-05,0.003578
0,0.102645,-0.034742,0.104185,0.154073,0.122687,0.134248,0.001791,0.000606
0,-0.025508,-0.083547,-0.152225,-0.035544,-0.170482,-0.000728,0.000445,0.001458
0,0.028065,-0.201575,0.025018,-0.130802,0.048453,-0.095948,0.00049,0.003518
0,0.229591,0.067621,0.194542,0.267676,0.183971,0.247473,0.004007,0.00118
0,0.068506,-0.064436,-0.136961,-0.129344,-0.172847,-0.170623,0.001196,0.001125
0,0.047079,-0.033983,-0.006687,0.011838,-0.014445,0.024901,0.000822,0.000593
0,0.110401,0.113234,0.034545,0.15524,-0.007931,0.133258,0.001927,0.001976
0,0.028008,-0.131419,-0.064633,-0.274344,-0.111908,-0.257461,0.000489,0.002294
0,-0.011422,0.007729,-0.05427,0.121482,-0.103345,0.115735,0.000199,0.000135
0,0.064941,0.123589,0.064318,0.094077,0.066704,0.118529,0.001133,0.002157
0,0.167164,-0.079939,0.09487,-0.183184,0.051517,-0.168088,0.002918,0.001395
0,0.126462,-0.126143,-0.022987,-0.076119,-0.023796,-0.074619,0.002207,0.002202
0,0.084449,0.065677,-0.015939,0.198039,-0.059362,0.209749,0.001474,0.001146
0,-0.035121,-0.002387,-0.145808,-0.05068,-0.153675,-0.081582,0.000613,4.2e-05
0,-0.045133,-0.089564,0.008527,-0.062899,-0.032645,-0.058307,0.000788,0.001563
0,0.088311,-0.019752,0.124046,0.096509,0.164405,0.098484,0.001541,0.000345
0,0.062967,0.081689,-0.004768,0.073924,-0.045183,0.039682,0.001099,0.001426
0,-0.00084,-0.162849,-0.042539,-0.229703,-0.018559,-0.258007,1.5e-05,0.002842
0,0.039628,-0.170257,0.034489,0.008905,0.083808,0.036803,0.000692,0.002972
0,1.321792,-0.65637,1.256272,-0.459079,1.216334,-0.461302,0.001111,0.000635
0,1.514093,-1.079245,0.180547,-0.41607,0.178759,-0.402528,0.002245,0.005345
0,2.015234,-1.255809,0.499372,-0.186192,0.4992,-0.156018,0.001099,0.002263
0,2.499612,-1.143134,0.486237,0.141573,0.498111,0.097017,0.004735,0.00423
0,1.983338,-0.852181,-0.491731,0.294269,-0.465651,0.300526,0.001656,0.002783
0,1.787452,-0.577985,-0.20712,0.246185,-0.226666,0.226237,0.005075,0.002003
0,1.304008,-0.546386,-0.474653,0.008143,-0.454594,0.013084,0.001422,0.002554
0,0.613703,-0.160663,-0.712375,0.373763,-0.729152,0.338555,0.001379,0.002804
0,0.088858,-0.225393,-0.529301,-0.080792,-0.560847,-0.037237,0.001551,0.003934
0,-0.100755,-0.153408,-0.213464,0.074107,-0.208826,0.100676,0.001759,0.002677
0,-0.261966,-0.103847,-0.153768,0.030395,-0.174229,0.073143,0.004572,0.001812
0,-0.465137,0.072392,-0.202401,0.168189,-0.222931,0.135951,0.003972,0.001263
0,-0.336818,0.185517,0.125291,0.110597,0.152814,0.152842,0.005879,0.003238
0,-0.246798,0.032064,0.068261,-0.182671,0.073866,-0.14045,0.004307,0.00056
0,-0.26385,-0.001687,0.001514,-0.03953,-0.00542,-0.085606,0.004605,2.9e-05
0,-0.218823,0.081104,0.030014,0.09511,0.07134,0.140602,0.003819,0.001416
0,-0.30101,0.173909,-0.107369,0.116943,-0.078869,0.156746,0.005254,0.003035
0,-0.19788,0.012665,0.087907,-0.187599,0.129807,-0.162166,0.003454,0.000221
0,-0.375728,0.167182,-0.163141,0.149838,-0.153905,0.133846,0.005533,0.002918
0,-0.168052,0.15803,0.213068,-0.009902,0.251025,-0.00996,0.002933,0.002758
0,-0.055697,0.039811,0.102785,-0.122807,0.115225,-0.083655,0.000972,0.000695
0,-0.021064,0.218133,0.038436,0.196185,0.033581,0.190801,0.000368,0.003807
0,-0.215816,0.148688,-0.210867,-0.053452,-0.187013,-0.050669,0.003767,0.002595
0,-0.034143,-0.019823,0.19285,-0.140049,0.179907,-0.18747,0.000596,0.000346
0,-0.120008,0.08969,-0.079169,0.099048,-0.053034,0.09782,0.002095,0.001565
0,0.005344,0.193751,0.100405,0.112054,0.075782,0.150334,9.3e-05,0.003382
0,0.015694,0.137584,0.01701,-0.084939,0.042783,-0.052712,0.000274,0.002401
0,0.050099,0.07438,0.064237,-0.043778,0.105896,-0.01778,0.000874,0.001298
0,0.045699,-0.014468,-0.009966,-0.087852,-0.030966,-0.064132,0.000798,0.000253
0,-0.0792,0.242513,-0.152877,0.237053,-0.13396,0.247017,0.001382,0.004233
0,0.034983,-0.014319,0.11139,-0.242372,0.127198,-0.196486,0.000611,0.00025
0,-0.012993,0.10017,-0.067431,0.098359,-0.047595,0.134833,0.000227,0.001748
0,-0.131167,0.16919,-0.105778,0.049025,-0.126891,0.079129,0.002289,0.002953
0,0.077319,0.123473,0.236265,-0.035369,0.217386,-0.052145,0.001349,0.002155
0,0.135083,0.025424,0.046666,-0.099335,0.00946,-0.122375,0.002358,0.000444
0,0.127806,0.190649,-0.026924,0.176385,-0.075111,0.203141,0.002231,0.003327
0,0.083263,-0.05723,-0.056441,-0.264629,-0.081015,-0.304993,0.001453,0.000999
0,-0.07129,0.034574,-0.176067,0.06449,-0.157451,0.033761,0.001244,0.000603
0,0.067727,0.216105,0.136036,0.200957,0.124139,0.158041,0.001182,0.003772
0,-0.011056,0.021455,-0.087818,-0.217512,-0.057282,-0.260761,0.000193,0.000374
0,0.061254,-0.028045,0.053705,-0.07062,0.032667,-0.070046,0.001069,0.000489
0,-0.007042,0.01962,-0.06338,0.018103,-0.112786,0.014158,0.000123,0.000342
0,-0.039569,-0.089019,-0.026075,-0.129771,-0.035026,-0.09957,0.000691,0.001554
0,0.041079,0.176003,0.063252,0.250168,0.10663,0.225117,0.000717,0.003072
0,-0.137376,0.022413,-0.203368,-0.152806,-0.217543,-0.187719,0.002398,0.000391
0,0.120453,0.085955,0.243138,0.042748,0.209268,0.054392,0.002102,0.0015
0,-0.084138,0.099892,-0.202547,0.032739,-0.171097,-0.012916,0.001468,0.001743
0,-0.050743,0.155784,0.034626,0.042927,0.060134,0.085567,0.000886,0.002719
0,0.005735,0.202069,0.056662,0.043173,0.036665,0.004084,0.0001,0.003527
0,-0.043645,0.129702,-0.052326,-0.100489,-0.050612,-0.14783,0.000762,0.002264
0,-0.029837,0.051784,0.035236,-0.085257,0.07289,-0.095299,0.000521,0.000904
0,-0.064939,-0.045146,-0.050861,-0.119154,-0.082681,-0.08338,0.001133,0.000788
0,-0.076358,-0.05244,0.000174,0.002496,0.034357,0.015745,0.001333,0.000915
0,-0.111556,0.020755,-0.033456,0.054262,-0.071801,0.070433,0.001947,0.000362
0,-0.143484,0.039569,-0.046879,0.009483,-0.067207,-0.009569,0.002504,0.000691
0,0.045044,0.022956,0.17082,0.008114,0.215158,0.00212,0.000786,0.000401
0,-0.086556,0.078678,-0.103948,0.062027,-0.122087,0.043201,0.001511,0.001373
0,0.081594,0.108968,0.167078,0.000331,0.182287,-0.047509,0.001424,0.001902
0,-0.005736,0.009459,-0.11283,-0.075329,-0.122279,-0.039719,0.0001,0.000165
0,0.1418,-0.115269,0.162327,-0.102006,0.199318,-0.147155,0.002475,0.002012
0,0.007592,-0.209376,-0.135967,-0.094029,-0.127824,-0.076813,0.000133,0.003654
0,-0.050343,0.094131,-0.047306,0.298045,-0.088127,0.313701,0.000879,0.001643
0,0.013143,-0.038555,0.036933,-0.141578,-0.010973,-0.108526,0.000229,0.000673
0,0.043328,-0.175617,0.052523,-0.142431,0.088691,-0.095329,0.000756,0.003065
0,-0.118799,-0.069457,-0.179763,0.130241,-0.14293,0.156785,0.002073,0.001212
0,-0.073142,-0.206849,0.041795,-0.116193,0.017893,-0.163954,0.001277,0.00361
0,0.003812,0.036445,0.085684,0.240484,0.134713,0.270178,6.7e-05,0.000636
0,-0.073242,0.010561,-0.082433,-0.032382,-0.085797,-0.040798,0.001278,0.000184
0,0.057983,-0.002829,0.149472,-0.005415,0.147035,-0.026643,0.001012,4.9e-05
0,0.044467,-0.057745,-0.039358,-0.07609,-0.084687,-0.063518,0.000776,0.001008
0,-0.042418,-0.170254,-0.109363,-0.09297,-0.134178,-0.046614,0.00074,0.002971
0,-0.112398,0.094789,-0.052251,0.259829,-0.039551,0.308214,0.001962,0.001654
0,-0.032512,0.002206,0.082415,-0.069978,0.093813,-0.041818,0.000567,3.8e-05
0,-0.084856,-0.175873,-0.063765,-0.200005,-0.014979,-0.20038,0.001481,0.00307
0,-0.058628,-0.184849,0.053901,-0.003076,0.102143,0.000807,0.001023,0.003226
0,0.027209,-0.113316,0.098965,0.082482,0.102282,0.108517,0.000475,0.001978
0,-0.013755,-0.002198,-0.050651,0.09582,-0.006291,0.071144,0.00024,3.8e-05
0,-0.209809,0.077907,-0.213875,0.091735,-0.234897,0.137683,0.003662,0.00136
0,-0.200268,-0.024496,0.010703,-0.100636,0.003043,-0.106331,0.003495,0.000428
0,-0.025879,-0.133014,0.195476,-0.124171,0.1545,-0.117085,0.000452,0.002322
0,-0.310506,-0.024515,-0.305453,0.13523,-0.326191,0.150581,0.005419,0.000428
0,-0.104761,-0.112053,0.19863,-0.068309,0.195682,-0.042197,0.001828,0.001956
0,-0.206188,-0.007589,-0.124734,0.128738,-0.098891,0.087118,0.003599,0.000132
0,-0.234092,-0.097398,-0.033701,-0.090231,0.013474,-0.097413,0.004086,0.0017
0,0.009611,0.092106,0.231034,0.214292,0.272691,0.249203,0.000168,0.001608
0,-0.192276,-0.01503,-0.217191,-0.098061,-0.18484,-0.118006,0.003356,0.000262
0,-0.077568,-0.091268,0.135955,-0.069665,0.128919,-0.0602,0.001354,0.001593
0,-0.25416,-0.08575,-0.17954,-0.001865,-0.208763,-0.021925,0.004436,0.001497
0,-0.269108,0.03489,0.001624,0.128464,0.025814,0.163546,0.004697,0.000609
0,-0.203962,0.011508,0.065,-0.034607,0.06292,-0.029061,0.00356,0.000201
0,-0.197384,0.178822,0.017418,0.138831,0.066752,0.102151,0.003445,0.003121
0,-0.002366,-0.067055,0.18938,-0.22963,0.168857,-0.279413,4.1e-05,0.00117
0,-0.229356,0.002364,-0.251665,0.069383,-0.23046,0.059824,0.004003,4.1e-05
0,-0.018188,0.03344,0.217674,0.004384,0.266935,-0.032204,0.000317,0.000584
0,-0.117404,-0.017994,-0.105394,-0.025145,-0.133235,-0.032385,0.002049,0.000314
0,-0.02869,0.001368,0.071917,0.024351,0.061524,0.019583,0.000501,2.4e-05
0,-0.189186,0.052911,-0.138749,0.024331,-0.093474,0.036425,0.003302,0.000923
0,-0.129763,0.027822,0.089081,-0.022374,0.089859,-0.056434,0.002265,0.000486
0,-0.015014,-0.11753,0.128217,-0.118086,0.156982,-0.130992,0.000262,0.002051
0,0.146812,0.082123,0.143176,0.20471,0.118236,0.221356,0.002562,0.001433
0,-0.031497,0.010491,-0.199289,-0.077731,-0.19033,-0.088664,0.00055,0.000183
0,0.084493,0.086791,0.107901,0.097558,0.083976,0.113023,0.001475,0.001515
0,0.184521,0.018922,0.114619,-0.046617,0.114231,-0.019413,0.00322,0.00033
0,-0.029694,-0.05735,-0.240361,-0.073548,-0.275991,-0.062392,0.000518,0.001001
0,0.02983,0.162472,0.029777,0.220453,0.072974,0.258476,0.000521,0.002836
0,0.095426,0.069833,0.051332,-0.07985,0.048937,-0.047719,0.001665,0.001219
0,-0.059142,0.074192,-0.171409,-0.005156,-0.137671,-0.048539,0.001032,0.001295
0,0.073194,0.062755,0.145097,-0.023912,0.182381,0.013469,0.001277,0.001095
0,0.179655,-0.124836,0.128277,-0.197378,0.177421,-0.184745,0.003136,0.002179
0,0.151671,-0.096712,-0.001338,0.009685,-0.030412,0.003131,0.002647,0.001688
0,0.051824,-0.087395,-0.077284,0.018173,-0.039437,0.046034,0.000904,0.001525
0,-0.032373,0.136095,-0.102047,0.247857,-0.100355,0.208954,0.000565,0.002375
0,0.182871,-0.044906,0.236105,-0.201728,0.254717,-0.231249,0.003192,0.000784
0,0.126722,-0.033576,-0.061345,0.034786,-0.027182,0.031674,0.002212,0.000586
0,0.195382,0.138347,0.048686,0.173417,0.048033,0.175408,0.00341,0.002415
0,0.264468,-0.030739,0.05448,-0.192784,0.085281,-0.182431,0.004616,0.000536
0,0.174542,0.040409,-0.118072,0.048817,-0.144158,0.07221,0.003046,0.000705
0,0.221241,0.166856,0.051147,0.098834,0.06711,0.141446,0.003861,0.002912
0,0.18011,-0.083235,-0.057423,-0.242474,-0.097587,-0.208811,0.003144,0.001453
0,0.072005,-0.062243,-0.120386,0.041791,-0.147353,0.050139,0.001257,0.001086
0,0.170748,0.122571,0.07687,0.182245,0.093344,0.176956,0.00298,0.002139
0,-0.066776,0.008866,-0.209538,-0.116996,-0.201289,-0.163752,0.001165,0.000155
0,0.01155,-0.080421,0.103955,-0.076846,0.127246,-0.125034,0.000202,0.001404
0,0.017772,-0.010478,-0.021256,0.096646,-0.063832,0.145546,0.00031,0.000183
0,0.001934,0.096345,-0.006058,0.090837,0.029918,0.069485,3.4e-05,0.001682
0,-0.135926,-0.05846,-0.119944,-0.145843,-0.128919,-0.106987,0.002372,0.00102
0,0.022338,-0.086994,0.145235,-0.054832,0.11478,-0.040273,0.00039,0.001518
0,-0.163038,-0.041282,-0.210018,0.056624,-0.17827,0.060009,0.002846,0.000721
0,0.062771,-0.04526,0.213819,0.019689,0.26359,-0.00512,0.001096,0.00079
0,-0.039161,0.134222,-0.118879,0.189746,-0.119903,0.235632,0.000683,0.002343
0,-0.16571,-0.033491,-0.154428,-0.193495,-0.140973,-0.205065,0.002892,0.000585
0,-0.10181,0.028747,0.042048,0.055971,0.013702,0.030683,0.001777,0.000502
0,-0.030346,0.035337,0.088972,0.032185,0.063365,0.051601,0.00053,0.000617
0,-0.176866,0.124822,-0.175927,0.118935,-0.129256,0.097689,0.003087,0.002179
0,0.01253,-0.139938,0.190997,-0.253786,0.211611,-0.243967,0.000219,0.002442
0,-0.183751,-0.096448,-0.190322,0.025135,-0.2361,0.051195,0.003207,0.001683
0,-0.167036,-0.025608,-0.002197,0.05296,-0.003466,0.067222,0.002915,0.000447
0,-0.107868,0.034167,0.083878,0.042566,0.067172,0.033203,0.001883,0.000596
0,-0.932677,0.602379,-0.812825,0.552677,-0.854203,0.600771,0.004188,0.001577
0,-1.252187,1.230129,-0.344329,0.632575,-0.358994,0.668551,0.002326,0.002711
0,-1.240107,1.520201,0.012502,0.301536,0.016332,0.315819,0.002537,0.002352
0,-1.284041,2.166594,-0.019055,0.627851,-0.0133,0.588124,0.00177,0.001543
0,-1.110545,2.078804,0.174166,-0.104133,0.165972,-0.138718,0.004798,1.1e-05
0,-0.806971,1.945682,0.301741,-0.153339,0.280746,-0.124201,0.001994,0.002313
0,-0.557404,1.240176,0.253179,-0.699512,0.208141,-0.711609,0.002362,0.002536
0,-0.391472,1.148018,0.189785,-0.101166,0.141979,-0.123929,0.005258,0.004144
0,-0.170818,0.527567,0.202198,-0.632152,0.160149,-0.626295,0.002981,0.002883
0,-0.068439,0.223549,0.130872,-0.332052,0.111131,-0.366532,0.001194,0.003902
0,0.167394,-0.146291,0.255754,-0.388256,0.255126,-0.412602,0.002922,0.002553
0,0.029579,-0.110585,-0.157629,0.052483,-0.13479,0.004724,0.000516,0.00193
0,0.012889,-0.287966,0.00455,-0.172712,-0.026451,-0.219844,0.000225,0.005026
0,0.107639,-0.347377,0.093443,-0.032295,0.108974,-0.021198,0.001879,0.006028
0,0.212648,-0.326638,0.126023,0.002243,0.140664,-0.008741,0.003711,0.005701
0,0.196373,-0.260262,-0.021644,0.067688,0.010626,0.03481,0.003427,0.004542
0,0.276651,-0.107185,0.100868,0.180437,0.094477,0.151234,0.004828,0.001871
0,0.120481,-0.267683,-0.16646,-0.170559,-0.148968,-0.178647,0.002103,0.004672
0,0.124177,-0.12111,-0.019466,0.131249,-0.010271,0.083889,0.002167,0.002114
0,0.213641,-0.235765,0.083419,-0.104211,0.127004,-0.114626,0.003729,0.004115
0,0.070243,-0.127317,-0.127733,0.121241,-0.104957,0.169698,0.001226,0.002222
0,0.135624,-0.055472,0.042286,0.081744,0.035484,0.124677,0.002367,0.000968
0,0.226841,-0.100345,0.111769,-0.038692,0.159432,-0.065536,0.003959,0.001751
0,0.316307,-0.268308,0.068875,-0.185239,0.108175,-0.145464,0.005521,0.004683
0,0.254887,-0.100274,-0.07789,0.196045,-0.073862,0.219661,0.004449,0.00175
0,0.227223,-0.259035,-0.050282,-0.140727,-0.062551,-0.132294,0.003966,0.004521
0,0.213973,-0.133895,-0.041077,0.148766,-0.033701,0.130587,0.003735,0.002337
0,0.059541,-0.029475,-0.156954,0.119152,-0.111263,0.091503,0.001039,0.000514
0,0.074276,-0.293175,-0.006711,-0.234464,0.004955,-0.213795,0.001296,0.005117
0,0.056033,-0.030715,-0.01535,0.270416,-0.048872,0.251553,0.000978,0.000536
0,0.244664,-0.00702,0.201863,0.034696,0.232892,0.079159,0.00427,0.000123
0,0.051488,-0.166217,-0.182755,-0.149903,-0.136886,-0.170889,0.000899,0.002901
0,0.124626,-0.145711,0.101056,0.04581,0.110663,0.070884,0.002175,0.002543
0,-0.010571,-0.155519,-0.141865,0.009188,-0.104857,0.020313,0.000185,0.002714
0,0.049836,-0.163855,0.066374,0.016676,0.05424,0.031182,0.00087,0.00286
0,0.122554,-0.251456,0.072157,-0.072023,0.081173,-0.074508,0.002139,0.004389
0,0.087938,-0.157756,-0.063851,0.086979,-0.039043,0.038054,0.001535,0.002753
0,-0.032314,-0.261505,-0.101106,-0.093604,-0.142191,-0.053763,0.000564,0.004564
0,0.019418,-0.137929,0.043641,0.096905,0.043172,0.133451,0.000339,0.002407
0,0.186417,-0.246662,0.186074,-0.125084,0.189731,-0.076659,0.003254,0.004305
0,-0.008902,-0.026086,-0.170686,0.195042,-0.170705,0.199882,0.000155,0.000455
0,0.109431,-0.150707,0.147168,-0.132513,0.143241,-0.114124,0.00191,0.00263
0,0.162349,-0.193185,0.030506,-0.068814,-0.016405,-0.036492,0.002834,0.003372
0,-0.126314,-0.092137,-0.297907,0.085557,-0.317839,0.125137,0.002205,0.001608
0,0.048512,-0.161268,0.168659,-0.064819,0.157345,-0.050858,0.000847,0.002815
0,0.106605,-0.094248,0.050734,0.048793,0.057991,0.000557,0.001861,0.001645
0,-0.072979,-0.101854,-0.173778,-0.029031,-0.139526,-0.060575,0.001274,0.001778
0,0.160057,0.038431,0.21385,0.130815,0.216415,0.087166,0.002794,0.000671
0,0.099438,-0.098422,-0.063366,-0.147532,-0.077386,-0.188218,0.001736,0.001718
0,0.112251,-0.038683,-0.014227,0.049101,-0.018968,0.09511,0.001959,0.000675
0,0.115112,-0.072333,0.003641,-0.026827,-0.039775,-0.068554,0.002009,0.001262
0,0.165543,-0.051968,0.047595,0.016662,0.079174,0.021209,0.002889,0.000907
0,0.188863,-0.095124,0.042001,-0.033551,0.062997,-0.063276,0.003296,0.00166
0,0.202694,-0.013791,0.031788,0.082877,0.049622,0.041872,0.003538,0.000241
0,-0.019808,-0.214358,-0.228958,-0.218456,-0.198416,-0.185304,0.000346,0.003741
0,0.17458,0.056388,0.209908,0.290146,0.227766,0.328585,0.003047,0.000984
0,-0.054204,-0.074084,-0.22221,-0.140813,-0.208504,-0.183717,0.000946,0.001293
0,-0.093228,0.034396,-0.028238,0.108912,-0.056327,0.103407,0.001627,0.0006
0,-0.02696,0.033561,0.056745,-0.000198,0.102935,-0.048657,0.000471,0.000586
0,0.133539,-0.145959,0.144006,-0.163653,0.181063,-0.161525,0.002331,0.002547
0,-0.009705,-0.166325,-0.117158,-0.038824,-0.103254,-0.022859,0.000169,0.002903
0,0.061251,-0.066536,0.097455,0.082189,0.06105,0.104083,0.001069,0.001161
0,0.004808,-0.084456,-0.044469,-0.005787,-0.03734,-0.052361,8.4e-05,0.001474
0,-0.11611,-0.170043,-0.144144,-0.10995,-0.097565,-0.103475,0.002027,0.002968
0,0.009735,-0.172756,0.137894,0.025777,0.138267,0.012135,0.00017,0.003015
0,-0.182534,-0.016753,-0.176912,0.133006,-0.21854,0.113649,0.003186,0.000292
0,-0.156158,-0.148904,0.048428,-0.117295,0.056152,-0.153111,0.002725,0.002599
0,-0.004911,0.062006,0.177833,0.194212,0.227505,0.213659,8.6e-05,0.001082
0,-0.218342,0.13566,-0.207282,0.07906,-0.245967,0.078888,0.003811,0.002368
0,-0.019291,-0.132525,0.215354,-0.283821,0.23699,-0.251701,0.000337,0.002313
0,-0.223101,-0.127594,-0.198014,0.003624,-0.215999,-0.000931,0.003894,0.002227
0,-0.109077,-0.155532,0.110943,-0.021394,0.108897,-0.050539,0.001904,0.002715
0,-0.088654,0.112879,0.025248,0.247781,0.033468,0.234808,0.001547,0.00197
0,0.065736,0.064168,0.131931,-0.075739,0.097021,-0.02586,0.001147,0.00112
0,-0.00428,0.017736,-0.053461,-0.055321,-0.099785,-0.085091,7.5e-05,0.00031
0,-0.187195,-0.071201,-0.176632,-0.07848,-0.176368,-0.099499,0.003267,0.001243
0,-0.069369,0.008976,0.112021,0.106011,0.14608,0.123042,0.001211,0.000157
0,-0.098397,0.067424,-0.051745,0.034989,-0.045692,-0.004788,0.001717,0.001177
0,0.06477,-0.146954,0.185696,-0.230544,0.153145,-0.219538,0.00113,0.002565
0,0.07921,-0.120226,0.01168,0.048749,0.041921,0.051876,0.001382,0.002098
0,-0.001042,-0.126209,-0.102563,0.006281,-0.105217,0.019201,1.8e-05,0.002203
0,-0.096704,-0.159584,-0.069543,-0.0121,-0.07687,-0.022398,0.001688,0.002785
0,-0.064834,-0.229215,0.003861,-0.052644,-0.00322,-0.039837,0.001132,0.004001
0,0.12174,-0.179969,0.209854,0.059474,0.248026,0.067776,0.002125,0.003141
0,-0.084631,0.034877,-0.206289,0.18513,-0.239937,0.220835,0.001477,0.000609
0,0.114558,-0.141414,0.198546,-0.16279,0.159895,-0.176283,0.001999,0.002468
0,0.01041,0.040125,-0.10082,0.155287,-0.089843,0.199744,0.000182,0.0007
0,-0.115351,0.096625,-0.111883,0.062254,-0.071968,0.078118,0.002013,0.001686
0,0.00588,-0.122237,0.091928,-0.19337,0.101619,-0.19124,0.000103,0.002133
0,-0.015749,-0.077526,-0.042657,0.038946,-0.015404,0.058661,0.000275,0.001353
0,-0.114677,-0.053859,-0.077797,0.028528,-0.042958,0.054939,0.002001,0.00094
0,-0.039188,0.132677,0.089634,0.186409,0.096247,0.183584,0.000684,0.002316
0,-0.082946,0.076122,-0.037897,-0.054671,-0.061903,-0.028237,0.001448,0.001329
0,-0.034077,-0.035608,0.072315,-0.124726,0.050219,-0.143399,0.000595,0.000621
0,-0.027579,-0.097003,0.009799,-0.090112,0.02122,-0.108957,0.000481,0.001693
0,0.045511,0.040037,0.088529,0.116785,0.071252,0.092221,0.000794,0.000699
0,-0.002536,0.054777,-0.045716,0.007705,-0.052563,-0.017153,4.4e-05,0.000956
0,0.035932,0.017923,0.043395,-0.060401,0.020361,-0.032748,0.000627,0.000313
0,0.013851,0.220909,-0.015886,0.198081,-0.022331,0.232656,0.000242,0.003856
0,0.040588,0.097764,0.02835,-0.1422,0.039524,-0.135467,0.000708,0.001706
0,-0.042348,-0.09288,-0.09673,-0.166496,-0.070204,-0.176659,0.000739,0.001621
0,-0.003631,0.021858,0.043316,0.13125,0.07701,0.133672,6.3e-05,0.000381
0,-0.032647,0.081524,-0.033287,0.04582,-0.050727,0.039984,0.00057,0.001423
0,0.173113,-0.005855,0.182803,-0.117208,0.188381,-0.098723,0.003021,0.000102
0,0.04664,0.001249,-0.143878,0.028056,-0.135932,0.003011,0.000814,2.2e-05
0,0.195452,-0.003237,0.15875,0.013646,0.127533,-0.01142,0.003411,5.6e-05
0,0.120589,0.066029,-0.048233,0.062107,-0.027593,0.024016,0.002105,0.001152
0,0.221646,0.151613,0.117752,0.108265,0.135593,0.086675,0.003868,0.002646
0,0.280906,-0.022751,0.032009,-0.158403,-0.017555,-0.128029,0.004903,0.000397
0,0.10874,0.133564,-0.174574,0.142098,-0.186527,0.121874,0.001898,0.002331
0,-0.048794,0.110526,-0.177555,-0.042863,-0.189232,-0.014375,0.000852,0.001929
0,0.136638,0.175325,0.178299,0.053656,0.173021,0.018586,0.002385,0.00306
0,-0.000257,-0.022861,-0.165829,-0.225857,-0.160322,-0.227756,4e-06,0.000399
0,-0.012872,0.180421,-0.042599,0.20124,-0.023905,0.189706,0.000225,0.003149
0,0.016861,0.107028,0.029128,-0.071049,-0.008886,-0.083791,0.000294,0.001868
0,-0.001251,-0.066522,-0.005728,-0.160421,-0.031238,-0.115207,2.2e-05,0.001161
0,0.144419,-0.100409,0.165816,-0.036699,0.179551,0.00578,0.002521,0.001752
0,0.13631,-0.142646,-0.010103,-0.049182,-0.036439,-0.057868,0.002379,0.00249
0,0.164787,-0.012114,0.00876,0.156521,0.00694,0.121887,0.002876,0.000211
0,0.118595,-0.117886,-0.056351,-0.122116,-0.092292,-0.130272,0.00207,0.002057
0,0.104642,0.05449,0.002048,0.147573,0.050617,0.163825,0.001826,0.000951
0,-0.066036,0.099886,-0.14878,0.035196,-0.168256,0.063937,0.001153,0.001743
0,-0.041979,-0.012205,0.028336,-0.083624,-0.019205,-0.09675,0.000733,0.000213
0,-0.114288,0.076412,-0.085009,0.072713,-0.055371,0.066594,0.001995,0.001334
0,0.07277,0.00091,0.174164,-0.073657,0.135797,-0.031723,0.00127,1.6e-05
0,0.171664,-0.165537,0.128434,-0.190981,0.105132,-0.223989,0.002996,0.002889
0,0.019275,-0.162742,-0.167719,0.013203,-0.13749,-0.003671,0.000336,0.00284
0,0.109126,-0.155388,0.086615,0.004537,0.075872,-0.013896,0.001905,0.002712
0,-0.087282,0.059081,-0.171591,0.235606,-0.198462,0.21715,0.001523,0.001031
0,0.002388,0.087989,0.089866,0.017472,0.082022,0.024243,4.2e-05,0.001536
0,0.169136,-0.024859,0.141535,-0.10378,0.133843,-0.081698,0.002952,0.000434
0,0.099643,-0.146294,-0.049267,-0.130086,-0.027108,-0.083336,0.001739,0.002553
0,0.118678,-0.07875,0.02086,0.080744,-0.02629,0.036247,0.002071,0.001374
0,0.092174,0.077635,-0.034753,0.170759,-0.024239,0.160404,0.001609,0.001355
0,0.205218,0.040045,0.105476,-0.0094,0.063246,-0.009952,0.003582,0.000699
0,0.14194,0.014442,-0.068828,-0.009986,-0.028521,0.003922,0.002477,0.000252
0,0.200854,-0.044515,0.059589,-0.06163,0.02162,-0.034964,0.003506,0.000777
0,0.056642,-0.074404,-0.123621,-0.02702,-0.159235,-0.067485,0.000989,0.001299
0,0.135323,-0.001442,0.100108,0.046396,0.103591,0.090519,0.002362,2.5e-05
0,-0.042838,0.138894,-0.167918,0.165662,-0.194054,0.191301,0.000748,0.002424
0,-0.074095,-0.013337,-0.036378,-0.131631,-0.064835,-0.168808,0.001293,0.000233
0,-0.007981,0.131499,0.093681,0.162832,0.066154,0.197132,0.000139,0.002295
0,-0.053462,0.04086,-0.055787,-0.067962,-0.034254,-0.056556,0.000933,0.000713
0,-0.04311,0.097722,0.019861,0.047774,0.062529,0.012392,0.000752,0.001706
0,-0.055908,-0.091369,-0.007001,-0.18227,-0.045989,-0.157631,0.000976,0.001595
0,0.048124,-0.123818,0.123602,-0.027647,0.098389,-0.042027,0.00084,0.002161
0,-0.082154,0.011953,-0.145341,0.144633,-0.163453,0.166653,0.001434,0.000209
0,-0.021635,0.037928,0.076423,0.007683,0.118798,0.054591,0.000378,0.000662
0,0.079407,-0.010446,0.125628,-0.030141,0.154153,0.004917,0.001386,0.000182
0,0.182838,-0.079869,0.085698,-0.059684,0.115319,-0.047666,0.003191,0.001394
0,0.027469,0.098448,-0.175141,0.194591,-0.135199,0.160781,0.000479,0.001718
0,0.077155,0.131169,0.033994,0.050883,0.01405,0.067307,0.001347,0.002289
0,0.063049,0.051518,0.005919,-0.109295,-0.006209,-0.098753,0.0011,0.000899
0,-0.080583,0.050293,-0.117037,0.014677,-0.110449,-0.011192,0.001406,0.000878
0,-0.03292,-0.05789,0.042516,-0.08878,0.072316,-0.134087,0.000575,0.00101
0,-0.079453,-0.010094,-0.046634,0.063281,-0.032427,0.061911,0.001387,0.000176
0,-0.059871,0.044909,-0.001728,0.053569,0.013114,0.055211,0.001045,0.000784
0,-0.109859,-0.153262,-0.067833,-0.180812,-0.114242,-0.183204,0.001917,0.002675
0,0.006835,-0.145484,0.119681,-0.008922,0.154563,-0.035925,0.000119,0.002539
0,0.152546,-0.022956,0.166827,0.146934,0.179039,0.152586,0.002662,0.000401
0,-0.047594,0.039476,-0.218982,0.07394,-0.228106,0.035927,0.000831,0.000689
0,0.144053,-0.074721,0.162809,-0.131008,0.196475,-0.13405,0.002514,0.001304
0,-0.092526,0.023912,-0.218774,0.108235,-0.231404,0.102337,0.001615,0.000417
0,-0.049241,0.067265,0.025319,0.023854,0.025206,0.064062,0.000859,0.001174
0,-0.142224,-0.01565,-0.09886,-0.065355,-0.118244,-0.080453,0.002482,0.000273
0,-0.135132,0.034096,0.032019,0.034327,0.004424,-0.01123,0.002358,0.000595
0,-0.146938,-0.130929,-0.01123,-0.164046,0.011273,-0.147114,0.002565,0.002285
0,0.123829,-0.161888,0.300326,-0.03842,0.314074,-0.033651,0.002161,0.002825
0,0.118701,-0.022234,-0.012595,0.123732,-0.032091,0.104129,0.002072,0.000388
0,-0.070408,-0.114896,-0.170782,-0.090076,-0.127832,-0.060286,0.001229,0.002005
0,-0.088903,0.042448,0.000327,0.13136,0.049798,0.132887,0.001552,0.000741
0,0.008337,-0.133187,0.084837,-0.193516,0.051429,-0.148213,0.000146,0.002325
0,-0.044998,-0.139184,-0.027489,-0.030933,-0.032153,0.007821,0.000785,0.002429
0,-0.137001,-0.141357,-0.074193,-0.012536,-0.051942,0.011977,0.002391,0.002467
0,-0.119126,-0.113286,-0.007793,0.042763,-0.042075,0.079503,0.002079,0.001977
0,-0.099177,0.059026,0.026536,0.180884,-0.018021,0.147894,0.001731,0.00103
0,0.033684,-0.024362,0.15605,-0.061107,0.178222,-0.096943,0.000588,0.000425
0,0.149489,-0.082529,0.126144,-0.041518,0.078077,-0.033504,0.002609,0.00144
0,0.037892,0.053966,-0.138647,0.158528,-0.177991,0.132455,0.000661,0.000942
0,0.153461,-0.007908,0.142542,-0.080413,0.102118,-0.105195,0.002678,0.000138
0,-0.070091,0.042522,-0.231238,0.049984,-0.203944,0.081086,0.001223,0.000742
0,-0.037364,-0.003597,0.039393,-0.073372,0.055401,-0.10747,0.000652,6.3e-05
0,0.141823,0.026541,0.176934,0.024169,0.218373,-0.005846,0.002475,0.000463
0,0.137603,0.073795,-0.019846,0.037653,-0.034035,0.066424,0.002402,0.001288
0,-0.000737,0.041076,-0.11811,-0.05154,-0.087247,-0.011761,1.3e-05,0.000717
0,0.118919,-0.025049,0.144761,-0.089556,0.111999,-0.076566,0.002076,0.000437
0,-0.080963,-0.018596,-0.174579,0.011945,-0.136899,0.041969,0.001413,0.000325
0,0.109043,-0.121045,0.166123,-0.130571,0.130786,-0.141594,0.001903,0.002113
0,0.091948,0.181027,-0.024671,0.272816,-0.029386,0.271656,0.001605,0.00316
0,-0.099618,0.005545,-0.215708,-0.182999,-0.239455,-0.220609,0.001739,9.7e-05
0,-0.106415,0.177962,-0.01131,0.148267,0.01214,0.138282,0.001857,0.003106
0,0.000514,-0.136357,0.12284,-0.304471,0.1469,-0.33261,9e-06,0.00238
0,-0.120434,0.014435,-0.130039,0.126521,-0.120556,0.09152,0.002102,0.000252
0,0.051552,0.111618,0.198404,0.122141,0.199336,0.100771,0.0009,0.001948
0,0.070454,-0.110484,0.02557,-0.202008,0.041209,-0.232342,0.00123,0.001928
0,-0.129252,0.105517,-0.172627,0.203752,-0.124452,0.214368,0.002256,0.001842
0,0.127649,0.050502,0.286631,-0.050493,0.299651,-0.031103,0.002228,0.000881
0,-0.021597,0.091535,-0.130525,0.027776,-0.118548,0.068859,0.000377,0.001598
0,-0.153933,-0.104517,-0.124931,-0.216711,-0.133427,-0.233171,0.002687,0.001824
0,-0.001928,0.107307,0.135718,0.210005,0.090251,0.209867,3.4e-05,0.001873
0,0.023596,0.022777,0.017989,-0.059547,-0.000705,-0.020953,0.000412,0.000398
0,-0.083981,-0.052786,-0.084844,-0.056798,-0.08822,-0.04233,0.001466,0.000921
0,0.124215,0.194798,0.218715,0.233915,0.224412,0.23231,0.002168,0.0034
0,0.126472,0.06434,0.013111,-0.147408,0.034727,-0.123035,0.002207,0.001123
0,0.115635,0.052457,-0.034561,0.0155,-0.049128,0.059269,0.002018,0.000916
0,-0.04639,0.062511,-0.178371,-0.001089,-0.214599,-0.026743,0.00081,0.001091
0,-0.102123,0.070657,-0.045578,0.008226,-0.02875,0.05152,0.001782,0.001233
0,0.075608,0.033731,0.148521,-0.066411,0.114598,-0.092559,0.00132,0.000589
0,-0.149009,0.149914,-0.239346,0.091594,-0.262657,0.111576,0.002601,0.002616
0,-0.138138,-0.035109,0.037065,-0.160897,-0.012052,-0.196059,0.002411,0.000613
0,-0.027203,0.00378,0.099425,0.026007,0.112197,0.025114,0.000475,6.6e-05
0,0.02601,-0.043355,0.028365,-0.018923,-0.021407,-0.003679,0.000454,0.000757
0,-0.106835,0.019624,-0.162813,0.053782,-0.136401,0.06263,0.001865,0.000342
0,0.061022,-0.072351,0.158662,-0.111375,0.137402,-0.114052,0.001065,0.001263
0,-1.349809,0.637957,-1.419123,0.718333,-1.386176,0.759095,0.000622,0.000956
0,-1.245333,0.748788,0.113495,0.127157,0.075355,0.11623,0.002446,0.000978
0,-1.326384,0.771179,-0.064582,0.048,-0.102994,0.008989,0.001031,0.001369
0,-1.363568,1.035547,-0.034629,0.244805,-0.067222,0.249922,0.000382,0.005983
0,-1.437836,0.995331,-0.101065,-0.065706,-0.053517,-0.107427,0.000914,0.005281
0,-1.191592,0.994507,0.222954,0.023674,0.195428,0.029547,0.003384,0.005267
0,-0.782593,1.021984,0.418299,0.014919,0.385967,0.017464,0.001568,0.005747
0,-0.541803,0.785061,0.263577,-0.224565,0.25599,-0.219508,0.002634,0.001611
0,-0.441904,0.550164,0.113894,-0.23062,0.131324,-0.230216,0.004378,0.002488
0,-0.220571,0.514606,0.200722,-0.058129,0.175496,-0.097326,0.00385,0.003109
0,0.096783,0.006083,0.342874,-0.488886,0.324022,-0.475256,0.001689,0.000106
0,0.007485,0.030668,-0.086031,0.049568,-0.084762,0.035245,0.000131,0.000535
0,0.144568,0.115468,0.131577,0.074404,0.13214,0.057001,0.002523,0.002015
0,0.032116,-0.083507,-0.138022,-0.189702,-0.136567,-0.164693,0.000561,0.001457
0,0.315515,0.02701,0.262517,0.117183,0.223498,0.104562,0.005507,0.000471
0,0.307428,-0.224555,0.004352,-0.232065,-0.025411,-0.196226,0.005366,0.003919
0,0.184404,-0.012944,-0.112611,0.219869,-0.068358,0.189034,0.003218,0.000226
0,0.14325,-0.103089,-0.031167,-0.1145,-0.010483,-0.102601,0.0025,0.001799
0,0.095646,-0.07931,-0.023236,0.04173,0.008064,0.079765,0.001669,0.001384
0,0.153651,-0.093473,0.071963,-0.032591,0.048933,-0.042028,0.002682,0.001631
0,0.386617,-0.039142,0.255957,0.08,0.281756,0.078266,0.005343,0.000683
0,0.18025,-0.074224,-0.221864,-0.037308,-0.216298,-0.035831,0.003146,0.001295
0,0.157469,-0.113025,-0.031135,-0.014904,-0.004904,-0.032186,0.002748,0.001973
0,0.163751,-0.097773,-0.009804,-0.012308,0.01511,-0.000608,0.002858,0.001706
0,-0.049356,-0.202077,-0.205039,-0.096116,-0.207666,-0.083528,0.000861,0.003527
0,0.098105,-0.158567,0.158635,0.054244,0.13512,0.076288,0.001712,0.002768
0,0.124773,-0.156977,0.042256,0.014728,0.020337,0.048401,0.002178,0.00274
0,-0.005251,-0.005832,-0.127379,0.178666,-0.113414,0.143265,9.2e-05,0.000102
0,-0.092526,0.033971,-0.091265,0.032745,-0.079294,0.054613,0.001615,0.000593
0,0.088626,0.051642,0.172875,0.026204,0.189947,0.060888,0.001547,0.000901
0,-0.051372,-0.006068,-0.138191,-0.042162,-0.150089,-0.089896,0.000897,0.000106
0,0.053786,-0.103136,0.076326,-0.120295,0.057075,-0.161755,0.000939,0.0018
0,-0.001758,-0.100372,-0.053915,0.022712,-0.078244,-0.007846,3.1e-05,0.001752
0,-0.053815,-0.028578,-0.035278,0.069092,-0.038662,0.04337,0.000939,0.000499
0,0.053583,-0.149772,0.127798,-0.117136,0.117809,-0.086527,0.000935,0.002614
0,-0.173322,0.002282,-0.237623,0.178658,-0.204788,0.189756,0.003025,4e-05
0,-0.140031,-0.00687,0.04863,-0.037797,0.020586,-0.023114,0.002444,0.00012
0,0.059433,-0.046246,0.180012,-0.02347,0.219955,-0.006428,0.001037,0.000807
0,0.008574,-0.050899,-0.061833,0.010614,-0.046064,-0.007759,0.00015,0.000888
0,-0.037498,0.099292,-0.047291,0.127543,-0.060152,0.093442,0.000654,0.001733
0,-0.0621,0.063537,-0.018043,-0.040286,-0.047232,-0.06364,0.001084,0.001109
0,-0.027631,0.086582,0.005743,0.031918,0.049729,0.075158,0.000482,0.001511
0,-0.22372,0.112593,-0.198897,0.044596,-0.153665,-0.001425,0.003905,0.001965
0,-0.255028,0.121007,-0.022346,0.014725,0.00859,0.036465,0.004451,0.002112
0,-0.117379,-0.013685,0.151507,-0.161728,0.194383,-0.165919,0.002049,0.000239
0,-0.066241,-0.112303,0.045272,-0.073722,0.031467,-0.068063,0.001156,0.00196
0,-0.140978,-0.074106,-0.075753,0.066995,-0.122409,0.100406,0.002461,0.001293
0,-0.274232,-0.152374,-0.121588,-0.081979,-0.106401,-0.065711,0.004786,0.002659
0,-0.011316,-0.093933,0.262686,0.062132,0.306317,0.036397,0.000198,0.001639
0,-0.059509,-0.010588,-0.078064,0.078103,-0.087073,0.082253,0.001039,0.000185
0,-0.099779,0.12348,-0.020801,0.128222,0.009043,0.078678,0.001741,0.002155
0,0.056817,-0.139508,0.170766,-0.249175,0.190626,-0.253069,0.000992,0.002435
0,-0.014053,-0.066168,-0.062049,0.046885,-0.039427,0.07387,0.000245,0.001155
0,-0.112285,-0.051565,-0.107517,0.010181,-0.072554,0.044402,0.00196,0.0009
0,-0.207965,-0.068903,-0.068749,-0.010694,-0.029483,-0.003084,0.00363,0.001203
0,-0.106999,0.007195,0.094444,0.068681,0.067645,0.025826,0.001867,0.000126
0,-0.298233,0.067109,-0.167965,0.071473,-0.137689,0.043406,0.005205,0.001171
0,-0.167796,-0.164395,0.12753,-0.209604,0.143019,-0.210175,0.002929,0.002869
0,0.039311,0.067755,0.184043,0.220849,0.179928,0.221168,0.000686,0.001183
0,-0.146597,0.005235,-0.176231,-0.043472,-0.196432,0.004529,0.002559,9.1e-05
0,0.02108,0.070406,0.184698,0.09062,0.202663,0.096453,0.000368,0.001229
0,-0.131474,-0.037081,-0.131075,-0.108331,-0.170889,-0.061939,0.002295,0.000647
0,-0.244212,-0.037074,-0.125719,-0.012606,-0.162904,0.010651,0.004262,0.000647
0,-0.285089,0.071501,-0.022051,0.132051,-0.021,0.103576,0.004976,0.001248
0,-0.099151,0.031586,0.190286,-0.040672,0.199425,-0.078908,0.001731,0.000551
0,-0.095993,0.017028,-0.016376,0.006354,-0.02904,0.049956,0.001675,0.000297
0,-0.184615,-0.049667,-0.091308,-0.090443,-0.096416,-0.109779,0.003222,0.000867
0,-0.059832,-0.029733,0.144842,0.043453,0.17715,0.009872,0.001044,0.000519
0,-0.318345,0.055004,-0.25953,0.07946,-0.283382,0.078861,0.005556,0.00096
0,-0.299998,-0.041077,0.040453,-0.07191,0.035854,-0.102517,0.005236,0.000717
0,-0.220795,-0.026497,0.076656,0.037129,0.104718,0.073817,0.003854,0.000462
0,-0.021096,-0.050268,0.215513,-0.029747,0.240687,-0.07725,0.000368,0.000877
0,-0.087366,0.046438,-0.088049,0.117063,-0.083889,0.140946,0.001525,0.000811
0,-0.129007,-0.200828,-0.035384,-0.227581,-0.00085,-0.244462,0.002252,0.003505
0,-0.061642,-0.173488,0.085775,0.014223,0.046698,0.030562,0.001076,0.003028
0,-0.122093,-0.012405,-0.045994,0.168093,-0.090367,0.18452,0.002131,0.000217
0,-0.053274,-0.075621,0.087804,-0.065824,0.063465,-0.112229,0.00093,0.00132
0,-0.199458,-0.009875,-0.133015,0.088388,-0.157162,0.082319,0.003481,0.000172
0,-0.082357,-0.057386,0.11792,-0.033683,0.095205,0.002445,0.001437,0.001002
0,-0.160826,-0.094453,-0.081721,-0.039607,-0.054906,-0.023839,0.002807,0.001649
0,-0.001321,-0.061727,0.177789,0.032075,0.199954,0.035768,2.3e-05,0.001077
0,-0.239524,-0.035757,-0.234879,-0.000581,-0.218312,-0.037036,0.00418,0.000624
0,0.016932,-0.005323,0.275119,0.010674,0.23457,-0.018067,0.000296,9.3e-05
0,-0.064279,0.000681,-0.08884,0.009199,-0.083396,-0.014754,0.001122,1.2e-05
0,-0.190204,0.006154,-0.108772,-0.02171,-0.126781,-0.005747,0.00332,0.000107
0,0.026899,-0.042969,0.195804,-0.045668,0.24115,-0.026383,0.000469,0.00075
0,0.063874,-0.20608,0.031522,-0.167462,0.045887,-0.183206,0.001115,0.003597
0,-0.024376,-0.200064,-0.106304,0.008282,-0.155425,0.000209,0.000425,0.003492
0,-0.165385,-0.180045,-0.1149,0.026325,-0.09539,-0.020181,0.002887,0.003142
0,0.03488,-0.130355,0.216523,0.059305,0.211981,0.02401,0.000609,0.002275
0,-0.227365,-0.123859,-0.281384,-0.015013,-0.307704,0.027185,0.003968,0.002162
0,-0.200915,-0.154159,-0.001942,-0.014035,-0.003873,0.011954,0.003507,0.002691
0,-0.140036,-0.071133,0.069785,0.111317,0.041221,0.128397,0.002444,0.001242
0,0.008747,-0.078207,0.157999,-0.002862,0.204357,-0.037609,0.000153,0.001365
0,0.014264,0.030311,0.016934,0.118394,0.032598,0.106497,0.000249,0.000529
0,0.059968,-0.052127,0.072313,-0.066562,0.042347,-0.074397,0.001047,0.00091
0,-0.00611,-0.19188,-0.046383,-0.144865,-0.03698,-0.148517,0.000107,0.003349
0,-0.057011,-0.103652,-0.078711,0.078379,-0.035316,0.029991,0.000995,0.001809
0,-0.077636,0.04548,-0.036115,0.145001,-0.080101,0.172504,0.001355,0.000794
0,-0.005744,-0.01033,0.091052,-0.038763,0.060024,0.000188,0.0001,0.00018
0,-0.193359,-0.133139,-0.174351,-0.126992,-0.190151,-0.082897,0.003375,0.002324
0,-0.097133,-0.097642,0.116874,0.010223,0.141718,0.002415,0.001695,0.001704
0,-0.05359,-0.108542,0.046471,-0.005278,0.043594,-0.051377,0.000935,0.001894
0,-0.000949,-0.190693,0.036553,-0.061119,0.002673,-0.092148,1.7e-05,0.003328
0,0.148295,-0.117017,0.130146,0.057499,0.112792,0.049984,0.002588,0.002042
0,0.030993,-0.169131,-0.118605,-0.02772,-0.136312,-0.047062,0.000541,0.002952
0,0.153313,-0.199094,0.145761,-0.054178,0.17926,-0.057687,0.002676,0.003475
0,0.053054,0.014398,-0.108257,0.241994,-0.07758,0.221949,0.000926,0.000251
0,0.174873,-0.148281,0.139631,-0.180413,0.16978,-0.19061,0.003052,0.002588
0,0.074066,-0.058372,-0.077958,0.100991,-0.049912,0.091247,0.001293,0.001019
0,-0.068877,-0.088341,-0.129457,-0.04882,-0.147227,-0.034291,0.001202,0.001542
0,0.090361,0.089765,0.148777,0.20227,0.106535,0.204019,0.001577,0.001567
0,-0.097939,-0.044034,-0.207078,-0.107026,-0.25646,-0.124037,0.001709,0.000769
0,-0.033524,0.128665,0.069935,0.183987,0.114764,0.182447,0.000585,0.002246
0,-0.076286,-0.105867,-0.028708,-0.245784,-0.018996,-0.254816,0.001331,0.001848
0,0.123405,0.119832,0.19151,0.205685,0.185524,0.226647,0.002154,0.002091
0,0.243256,0.180977,0.125791,0.034823,0.13723,0.04902,0.004246,0.003159
0,0.112471,0.197018,-0.146767,0.033246,-0.103513,0.068778,0.001963,0.003439
0,0.101667,0.109196,-0.024707,-0.098383,-0.018477,-0.059711,0.001774,0.001906
0,0.189333,0.214274,0.085886,0.126188,0.094169,0.154384,0.003304,0.00374
0,0.049789,0.081199,-0.164316,-0.148675,-0.160244,-0.148801,0.000869,0.001417
0,0.128042,0.230976,0.058436,0.130586,0.013191,0.092486,0.002235,0.004031
0,0.099899,0.06399,-0.009612,-0.161193,0.002867,-0.192737,0.001744,0.001117
0,0.117899,0.180359,-0.006545,0.123011,0.015741,0.139881,0.002058,0.003148
0,0.225067,-0.025542,0.113622,-0.228586,0.128517,-0.272502,0.003928,0.000446
0,0.25837,0.129522,0.01104,0.155254,0.022902,0.173467,0.004509,0.002261
0,0.133731,0.02832,-0.126386,-0.080923,-0.081158,-0.108381,0.002334,0.000494
0,0.076994,0.049735,-0.0715,0.016193,-0.056173,0.00469,0.001344,0.000868
0,0.043685,0.180334,-0.009923,0.125713,0.023574,0.128911,0.000762,0.003147
0,0.199768,0.134255,0.150318,-0.064844,0.159031,-0.050439,0.003487,0.002343
0,0.149309,0.13446,-0.053098,-0.01587,-0.042829,-0.038436,0.002606,0.002347
0,0.015644,0.222768,-0.10976,0.098563,-0.149816,0.096785,0.000273,0.003888
0,0.28416,0.187607,0.265998,-0.011225,0.235877,0.015995,0.00496,0.003274
0,0.311875,0.20548,-0.000411,0.002031,0.017638,0.046735,0.005443,0.003586
0,0.289233,0.148261,-0.011413,-0.071826,-0.015485,-0.079951,0.005048,0.002588
0,0.296406,-0.028983,-0.017898,-0.175361,0.020628,-0.159868,0.005173,0.000506
0,0.257059,0.072494,-0.063848,0.088009,-0.05069,0.039303,0.004487,0.001265
0,0.159917,0.11427,-0.121382,0.025144,-0.083601,-0.001252,0.002791,0.001994
0,0.069924,0.188682,-0.117897,0.09718,-0.100882,0.089477,0.00122,0.003293
0,0.209794,0.044674,0.164817,-0.168736,0.214283,-0.211423,0.003662,0.00078
0,0.344799,0.177493,0.109462,0.128991,0.115885,0.137762,0.006018,0.003098
0,0.167221,0.014683,-0.189258,-0.155541,-0.198957,-0.13292,0.002919,0.000256
0,0.234854,-0.073241,0.066712,-0.068169,0.034835,-0.058875,0.004099,0.001278
0,0.199696,-0.073924,-0.040396,0.014715,-0.058671,0.059084,0.003485,0.00129
0,0.054813,0.032553,-0.142675,0.088461,-0.192418,0.089809,0.000957,0.000568
0,0.109606,-0.047799,0.058831,-0.066356,0.035241,-0.020887,0.001913,0.000834
0,0.183681,0.009592,0.049885,0.032368,0.017795,0.028377,0.003206,0.000167
0,0.071489,0.184718,-0.113758,0.15829,-0.101801,0.161816,0.001248,0.003224
0,0.345785,0.125875,0.28206,-0.0671,0.277704,-0.085546,0.006035,0.002197
0,0.343115,0.224766,-0.001635,0.087762,-0.009528,0.039504,0.005988,0.003923
0,0.188458,-0.043182,-0.178628,-0.283838,-0.195357,-0.320346,0.003289,0.000754
0,0.349006,0.071859,0.151731,0.122212,0.141395,0.139847,0.005999,0.001254
0,0.163085,-0.068417,-0.157383,-0.155438,-0.171791,-0.15779,0.002846,0.001194
0,0.201493,0.029792,0.060459,0.111425,0.050389,0.157971,0.003517,0.00052
0,-0.008737,0.055304,-0.198072,0.05354,-0.182817,0.092073,0.000152,0.000965
0,0.001088,-0.057071,0.034253,-0.099581,0.040016,-0.093909,1.9e-05,0.000996
0,0.199644,-0.086831,0.193408,-0.023461,0.198524,-0.040882,0.003484,0.001515
0,0.257807,0.124718,0.034155,0.194132,0.041859,0.206981,0.0045,0.002177
0,0.123382,0.034267,-0.114726,-0.093818,-0.130722,-0.066039,0.002153,0.000598
0,0.071096,0.070161,-0.066344,0.036249,-0.042361,0.024337,0.001241,0.001225
0,0.245063,0.180228,0.173346,0.131355,0.170005,0.090104,0.004277,0.003146
0,0.021263,0.175425,-0.245669,0.001359,-0.271692,0.009719,0.000371,0.003062
0,0.307342,0.148646,0.288588,-0.016996,0.253917,0.003339,0.005364,0.002594
0,0.098725,0.019119,-0.188535,-0.138075,-0.213251,-0.185793,0.001723,0.000334
0,0.052097,0.120314,-0.053837,0.084555,-0.027303,0.115759,0.000909,0.0021
0,0.0709,0.188612,-0.003507,0.094641,0.017413,0.068747,0.001237,0.003292
0,0.223711,0.154497,0.134288,-0.062024,0.127433,-0.094845,0.003904,0.002696
0,0.2189,0.013387,-0.019827,-0.112068,-0.004543,-0.115899,0.003821,0.000234
0,0.146604,0.043589,-0.062953,0.053294,-0.078292,0.087951,0.002559,0.000761
0,0.238749,0.206307,0.063089,0.187224,0.037273,0.184265,0.004167,0.003601
0,0.074993,-0.046225,-0.159717,-0.280235,-0.170386,-0.247597,0.001309,0.000807
0,0.18367,-0.031261,0.125141,0.000425,0.136024,-0.011044,0.003206,0.000546
0,-0.05558,-0.086005,-0.26806,-0.053849,-0.285388,-0.067207,0.00097,0.001501
0,0.144278,0.18788,0.182476,0.277039,0.163725,0.270596,0.002518,0.003279
0,0.198121,0.091038,0.066474,-0.103776,0.081141,-0.146831,0.003458,0.001589
0,0.154829,0.075546,-0.065115,0.010949,-0.072065,0.027442,0.002702,0.001319
0,-0.001064,-0.070342,-0.135968,-0.140738,-0.162304,-0.176409,1.9e-05,0.001228
0,-0.011703,0.089568,-0.039426,0.171711,-0.041553,0.171182,0.000204,0.001563
0,-0.095026,-0.027459,-0.095932,-0.117647,-0.077599,-0.154693,0.001659,0.000479
0,0.081289,0.010345,0.157468,0.063339,0.127703,0.101657,0.001419,0.000181
0,-0.122358,-0.011313,-0.197434,-0.002025,-0.222656,-0.010229,0.002136,0.000197
0,-0.038296,0.105098,0.055104,0.133198,0.068743,0.141121,0.000668,0.001834
0,-0.086209,0.142441,-0.059982,0.051532,-0.088018,0.032512,0.001505,0.002486
0,0.043274,-0.051247,0.156491,-0.173161,0.112038,-0.166949,0.000755,0.000894
0,0.119988,-0.022065,0.072826,0.011804,0.101748,0.027672,0.002094,0.000385
0,0.10012,-0.076302,-0.046077,-0.059716,-0.038132,-0.078318,0.001747,0.001332
0,-0.003729,-0.131249,-0.094815,-0.055855,-0.113849,-0.057645,6.5e-05,0.002291
0,0.13094,-0.025872,0.140016,0.121917,0.09692,0.148097,0.002285,0.000452
0,0.148105,-0.025816,0.034776,-0.025055,0.015725,-0.001682,0.002585,0.000451
0,0.117717,0.060379,-0.042943,0.089147,-0.009536,0.088342,0.002055,0.001054
0,0.092351,-0.068709,-0.03195,-0.106766,-0.024996,-0.087456,0.001612,0.001199
0,0.088619,-0.056753,-0.024518,0.015367,-0.015408,-0.023804,0.001547,0.000991
0,0.013049,0.05764,-0.080656,0.102505,-0.071249,0.13054,0.000228,0.001006
0,-0.153906,0.138886,-0.171008,0.095487,-0.158488,0.048821,0.002686,0.002424
0,0.071655,0.083253,0.214272,-0.0613,0.165756,-0.058026,0.001251,0.001453
0,0.068136,-0.033073,-0.022439,-0.113415,-0.036222,-0.161591,0.001189,0.000577
0,0.233259,-0.00694,0.190338,0.015991,0.202007,-0.028117,0.004071,0.000121
0,0.163998,0.001589,-0.078745,0.004955,-0.073587,-0.020014,0.002862,2.8e-05
0,-0.022794,-0.132291,-0.158932,-0.128022,-0.167347,-0.133867,0.000398,0.002309
0,0.100806,0.072118,0.138436,0.213251,0.117846,0.177077,0.001759,0.001259
0,-0.01653,-0.123999,-0.131866,-0.171809,-0.084675,-0.189243,0.000289,0.002164
0,0.193874,0.013625,0.197024,0.152208,0.210146,0.175863,0.003384,0.000238
0,0.005139,-0.03179,-0.174805,-0.050452,-0.131134,-0.024068,9e-05,0.000555
0,0.058323,0.127478,0.033565,0.146285,0.070513,0.168103,0.001018,0.002225
0,-0.04653,0.100365,-0.10235,-0.024516,-0.114955,-0.003029,0.000812,0.001752
0,-0.080511,0.038756,-0.01232,-0.06225,-0.015251,-0.063075,0.001405,0.000676
0,0.025917,0.070983,0.104676,0.033419,0.135532,0.033316,0.000452,0.001239
0,0.035106,0.00733,-0.013619,-0.044235,0.033518,-0.032583,0.000613,0.000128
0,0.072163,-0.075146,0.066469,-0.058018,0.024175,-0.091834,0.001259,0.001312
0,-0.069979,-0.172043,-0.126026,-0.077552,-0.107009,-0.032749,0.001221,0.003003
0,-0.128701,-0.066485,-0.062241,0.111894,-0.051528,0.16014,0.002246,0.00116
0,-0.006538,-0.144956,0.137965,-0.058976,0.14069,-0.019961,0.000114,0.00253
0,-0.060446,-0.014376,-0.025614,0.138932,-0.042923,0.155086,0.001055,0.000251
0,-0.13772,-0.129478,-0.052716,-0.097304,-0.043819,-0.128931,0.002404,0.00226
0,-0.212722,-0.098634,-0.075242,0.022092,-0.115834,0.064031,0.003713,0.001721
0,-0.109427,-0.152863,0.121446,-0.043741,0.088508,-0.070165,0.00191,0.002668
0,-0.160185,0.075265,-0.029243,0.243396,0.017928,0.200472,0.002796,0.001314
0,0.016219,-0.034417,0.17982,-0.13108,0.182277,-0.099884,0.000283,0.000601
0,0.041643,-0.16032,0.005456,-0.148199,-0.010891,-0.161834,0.000727,0.002798
0,-0.135282,0.036861,-0.16234,0.176086,-0.191886,0.158597,0.002361,0.000643
0,-0.126202,-0.134312,0.008803,-0.198228,-0.0095,-0.23072,0.002203,0.002344
0,-0.077801,0.077192,0.068838,0.215626,0.072275,0.214046,0.001358,0.001347
0,-0.189673,0.036705,-0.086024,-0.031396,-0.041516,0.001634,0.00331,0.000641
0,-0.138072,-0.141715,0.066545,-0.198289,0.045812,-0.240057,0.00241,0.002473
0,0.024692,0.060872,0.156093,0.179523,0.163842,0.137136,0.000431,0.001062
0,-0.123365,-0.055108,-0.134458,-0.112592,-0.102386,-0.158166,0.002153,0.000962
0,-0.14357,0.133101,-0.021709,0.185366,-0.038065,0.232183,0.002506,0.002323
0,0.118937,0.129162,0.246278,0.021915,0.21525,-0.001913,0.002076,0.002254
0,-0.112283,-0.101733,-0.204744,-0.204961,-0.199482,-0.252753,0.00196,0.001776
0,-0.133924,-0.02534,-0.016876,0.07346,-0.003617,0.0525,0.002337,0.000442
0,-0.003218,0.084716,0.125584,0.121612,0.156839,0.149517,5.6e-05,0.001479
0,0.105507,-0.007333,0.136991,-0.101288,0.119995,-0.115989,0.001841,0.000128
0,0.032415,0.170164,-0.059036,0.205925,-0.087202,0.167956,0.000566,0.00297
0,-0.090538,0.153112,-0.143454,-0.04388,-0.130747,-0.093242,0.00158,0.002672
0,0.011851,-0.047966,0.109879,-0.185358,0.125138,-0.163683,0.000207,0.000837
0,0.114333,0.065211,0.113205,0.0923,0.132362,0.122091,0.001995,0.001138
0,-0.114984,0.063622,-0.245989,0.01542,-0.256204,0.016636,0.002007,0.00111
0,0.005122,0.012058,0.093317,-0.078987,0.099792,-0.083439,8.9e-05,0.00021
0,0.029232,0.054295,0.027594,0.017527,0.020562,0.025571,0.00051,0.000948
0,0.042906,0.169783,0.009105,0.134236,-0.002402,0.150257,0.000749,0.002963
0,-0.020598,0.004543,-0.074801,-0.184932,-0.053053,-0.22886,0.00036,7.9e-05
0,-0.08434,-0.108572,-0.057059,-0.110766,-0.098812,-0.102211,0.001472,0.001895
0,-0.086163,0.139935,-0.029671,0.240474,-0.021466,0.204939,0.001504,0.002442
0,0.126048,0.106218,0.221089,-0.038755,0.203155,-0.074098,0.0022,0.001854
0,0.040799,0.093301,-0.088197,-0.011781,-0.085369,-0.004711,0.000712,0.001628
0,0.108568,0.004925,0.074141,-0.103585,0.124127,-0.0938,0.001895,8.6e-05
0,0.072438,0.072109,-0.038809,0.071728,-0.049639,0.031674,0.001264,0.001259
0,0.028091,-0.057001,-0.029045,-0.143,0.016313,-0.140556,0.00049,0.000995
0,0.207044,0.073386,0.207188,0.103542,0.235479,0.1035,0.003614,0.001281
0,0.14649,-0.018142,-0.087461,-0.077655,-0.088573,-0.027842,0.002557,0.000317
0,0.013214,-0.08618,-0.142597,-0.088743,-0.100804,-0.083806,0.000231,0.001504
0,-0.069376,0.113373,-0.055136,0.216797,-0.023918,0.260182,0.001211,0.001979
0,-0.042259,0.130062,0.053443,0.030408,0.096774,0.048404,0.000738,0.00227
0,-0.079701,-0.080062,-0.034768,-0.206905,-0.074918,-0.167799,0.001391,0.001397
0,-0.111422,0.000159,-0.039885,0.103399,-0.006329,0.150921,0.001945,3e-06
0,-0.01323,0.03445,0.071587,0.034934,0.045034,0.08208,0.000231,0.000601
0,0.010484,0.122544,-0.003828,0.105147,-0.027303,0.127356,0.000183,0.002139
0,0.087626,0.0896,0.095539,-0.01846,0.070028,0.002162,0.001529,0.001564
0,0.140922,0.09686,0.078197,-0.013952,0.105424,-0.00331,0.00246,0.001691
0,0.15199,-0.061496,0.00562,-0.136595,0.009425,-0.120945,0.002653,0.001073
0,0.060187,-0.016961,-0.075282,0.072355,-0.070643,0.10585,0.00105,0.000296
0,-0.067193,0.011885,-0.12535,0.007464,-0.167966,0.034062,0.001173,0.000207
0,0.15462,-0.001104,0.22656,-0.024585,0.177398,-0.037927,0.002699,1.9e-05
0,-0.068685,0.086505,-0.20955,0.106924,-0.251345,0.143166,0.001199,0.00151
0,0.117483,0.033911,0.161909,-0.075798,0.143163,-0.079937,0.00205,0.000592
0,-0.166513,0.03603,-0.269649,-0.027275,-0.273672,-0.012312,0.002906,0.000629
0,-0.180074,-0.081909,-0.037246,-0.119602,-0.020497,-0.15457,0.003143,0.00143
0,0.005244,0.042505,0.172942,0.134228,0.15611,0.128035,9.2e-05,0.000742
0,0.084118,-0.145256,0.081803,-0.181041,0.073166,-0.205068,0.001468,0.002535
0,0.104595,0.140019,0.021668,0.290032,-0.00193,0.257448,0.001826,0.002444
0,-0.072338,0.160842,-0.19977,0.034404,-0.176521,0.039964,0.001263,0.002807
0,-0.050179,0.002683,0.031148,-0.18199,0.001792,-0.228081,0.000876,4.7e-05
0,0.004242,-0.010987,0.058082,-0.006019,0.080819,-0.033777,7.4e-05,0.000192
0,0.030758,-0.074775,0.011339,-0.055246,-0.003578,-0.006818,0.000537,0.001305
0,0.099075,0.149942,0.087186,0.196906,0.079439,0.156901,0.001729,0.002617
0,0.105357,-0.077261,-0.02047,-0.234429,-0.060086,-0.189216,0.001839,0.001348
0,-0.124541,-0.101598,-0.208284,-0.023596,-0.160128,-0.044782,0.002174,0.001773
0,-0.145703,0.071146,-0.023393,0.178048,-0.000308,0.134398,0.002543,0.001242
0,-0.034545,0.022215,0.08863,-0.028851,0.117294,0.002009,0.000603,0.000388
0,-0.166216,0.071909,-0.144394,0.03016,-0.095918,0.047638,0.002901,0.001255
0,0.005651,0.192013,0.148238,0.115892,0.196577,0.098701,9.9e-05,0.003351
0,-0.063672,0.186656,-0.039471,-0.0137,-0.008549,-0.012967,0.001111,0.003258
0,0.04375,-0.069656,0.123507,-0.242466,0.099652,-0.287909,0.000764,0.001216
0,-0.075398,0.143142,-0.145719,0.238207,-0.107977,0.212852,0.001316,0.002498
0,0.031263,0.110301,0.133885,-0.039209,0.090962,-0.0807,0.000546,0.001925
0,0.094313,0.10243,0.059572,-0.036481,0.10318,0.010973,0.001646,0.001788
0,-0.037966,0.12234,-0.127203,0.02252,-0.12103,0.056184,0.000663,0.002135
0,-0.057896,0.131708,-0.000133,-0.017386,0.014748,0.031083,0.00101,0.002299
0,0.241254,0.165055,0.313463,0.010545,0.286829,0.006546,0.004211,0.002881
0,0.209542,-0.075998,-0.059471,-0.269226,-0.096486,-0.261596,0.003657,0.001326
0,0.031022,0.119112,-0.162822,0.220656,-0.189678,0.201444,0.000541,0.002079
0,0.036535,0.048435,-0.019127,-0.051448,0.010928,-0.081622,0.000638,0.000845
0,0.16931,-0.014594,0.117883,-0.086033,0.138441,-0.084884,0.002955,0.000255
0,0.182393,0.048108,0.018272,0.042387,0.048819,0.048982,0.003183,0.00084
0,0.038318,0.166197,-0.169604,0.11717,-0.188268,0.074619,0.000669,0.002901
0,0.186172,-0.086444,0.162594,-0.261757,0.127625,-0.277215,0.003249,0.001509
0,0.273544,0.158735,0.067535,0.218387,0.09086,0.183074,0.004774,0.00277
0,0.241006,0.035191,-0.006052,-0.134251,-0.015815,-0.166258,0.004206,0.000614
0,0.253541,0.147227,-0.00156,0.134592,-0.020963,0.14717,0.004425,0.00257
0,0.119072,0.145092,-0.137448,0.012575,-0.182424,-0.020386,0.002078,0.002532
0,0.069905,-0.060899,-0.02054,-0.211795,-0.066373,-0.257313,0.00122,0.001063
0,0.068565,-0.065927,0.002336,-0.005952,0.010971,-0.049146,0.001197,0.001151
0,0.236457,0.170092,0.145527,0.252167,0.099541,0.244543,0.004127,0.002969
0,0.015971,-0.048605,-0.204486,-0.242333,-0.180104,-0.287346,0.000279,0.000848
0,-0.049699,0.078694,-0.092847,0.108125,-0.059032,0.113215,0.000867,0.001373
0,0.178149,0.141838,0.205685,0.08955,0.239173,0.076274,0.003109,0.002476
0,0.043609,0.090451,-0.149688,-0.058614,-0.165513,-0.067978,0.000761,0.001579
0,0.09406,-0.082086,0.028258,-0.195834,0.028811,-0.146831,0.001642,0.001433
0,-0.036326,0.057652,-0.141363,0.149082,-0.112194,0.183882,0.000634,0.001006
0,0.21045,0.143139,0.238142,0.098708,0.268049,0.103106,0.003673,0.002498
0,0.112702,-0.001738,-0.088464,-0.117421,-0.134797,-0.116852,0.001967,3e-05
0,-0.096688,-0.032421,-0.179557,-0.054996,-0.225214,-0.058626,0.001688,0.000566
0,-0.074308,0.056399,0.042691,0.098768,0.015176,0.132228,0.001297,0.000984
0,0.128741,0.141365,0.208942,0.106825,0.233997,0.126373,0.002247,0.002467
0,-0.034784,0.041185,-0.149932,-0.077154,-0.140683,-0.062078,0.000607,0.000719
0,0.07059,-0.132547,0.132449,-0.187308,0.086783,-0.145562,0.001232,0.002313
0,0.035743,0.005856,-0.043565,0.12332,-0.056497,0.150382,0.000624,0.000102
0,0.048931,0.0592,-0.00432,0.047924,-0.028465,0.029042,0.000854,0.001033
0,0.125316,-0.030829,0.096182,-0.094646,0.140238,-0.082931,0.002187,0.000538
0,-0.080586,0.098468,-0.207057,0.140316,-0.205426,0.164513,0.001406,0.001719
0,0.05998,-0.00021,0.129017,-0.112063,0.176028,-0.13172,0.001047,4e-06
0,0.077888,-0.105735,-0.009722,-0.116367,0.017568,-0.080745,0.001359,0.001845
0,-0.068841,0.11918,-0.118815,0.22246,-0.126283,0.20557,0.001201,0.00208
0,0.087919,0.164926,0.178462,0.048072,0.130983,0.003684,0.001534,0.002878
0,0.166878,-0.055924,0.069474,-0.199111,0.057212,-0.225244,0.002913,0.000976
0,-0.025311,0.092353,-0.191803,0.147328,-0.193442,0.184677,0.000442,0.001612
0,-0.083569,0.142709,-0.087963,0.03713,-0.111738,0.010157,0.001459,0.002491
0,0.030403,-0.092848,0.105033,-0.205609,0.145386,-0.226884,0.000531,0.001621
0,0.125749,0.061616,0.116624,0.156379,0.153358,0.193752,0.002195,0.001075
0,0.139798,0.062363,0.032031,-0.003975,0.073875,-0.025224,0.00244,0.001088
0,0.124093,-0.096343,0.0004,-0.163956,-0.005729,-0.13179,0.002166,0.001682
0,0.040086,-0.066704,-0.113655,0.015702,-0.146978,0.004,0.0007,0.001164
0,0.237541,0.100626,0.206145,0.153009,0.248286,0.147268,0.004146,0.001756
0,0.149752,-0.111285,-0.094432,-0.220204,-0.102229,-0.224447,0.002614,0.001942
0,0.036476,-0.114964,-0.118886,0.007471,-0.134594,-0.029414,0.000637,0.002006
0,0.118961,0.017731,0.093746,0.151278,0.069972,0.132743,0.002076,0.000309
0,0.024583,0.069334,-0.121219,0.055568,-0.074695,0.068345,0.000429,0.00121
0,0.064908,-0.060298,0.054845,-0.131735,0.069899,-0.109311,0.001133,0.001052
0,0.013686,0.036578,-0.067527,0.078047,-0.052001,0.106403,0.000239,0.000638
0,0.151644,-0.050215,0.114257,-0.096261,0.11342,-0.111618,0.002647,0.000876
0,0.081391,0.061772,-0.093381,0.130577,-0.066693,0.094366,0.001421,0.001078
0,-0.012783,0.050297,-0.096844,0.009217,-0.051082,0.04513,0.000223,0.000878
0,0.191892,0.077275,0.22818,0.014501,0.228055,0.051586,0.003349,0.001349
0,0.11468,0.128837,-0.071216,0.073109,-0.038893,0.06154,0.002002,0.002249
0,0.093814,-0.101136,-0.017688,-0.25883,-0.008132,-0.287025,0.001637,0.001765
0,-0.121974,0.06093,-0.24309,0.158988,-0.269274,0.174811,0.002129,0.001063
0,-0.036361,-0.122226,0.106012,-0.212049,0.117032,-0.1709,0.000635,0.002133
0,-0.191374,0.132692,-0.135076,0.255642,-0.156159,0.2944,0.00334,0.002316
0,-0.08451,0.01599,0.106209,-0.09605,0.118241,-0.143885,0.001475,0.000279
0,0.088526,0.106058,0.143985,0.095051,0.129869,0.059927,0.001545,0.001851
0,-0.067574,0.084804,-0.165431,-0.048715,-0.178174,-0.044831,0.001179,0.00148
0,-0.137773,-0.007584,-0.06796,-0.082936,-0.065536,-0.121104,0.002405,0.000132
0,-0.080508,-0.041144,0.027976,-0.044377,0.023778,-0.065186,0.001405,0.000718
0,-0.189095,0.06081,-0.123078,0.122578,-0.100471,0.076281,0.0033,0.001061
0,-0.195213,0.093849,0.01592,0.055241,0.035299,0.006299,0.003407,0.001638
0,0.059009,-0.065224,0.242602,-0.136045,0.245669,-0.114017,0.00103,0.001138
0,0.076806,-0.145238,0.039585,-0.050895,0.069936,-0.023684,0.001341,0.002535
0,-0.132819,0.059876,-0.20229,0.22559,-0.204054,0.274269,0.002318,0.001045
0,0.0521,0.003397,0.171207,-0.045062,0.187559,-5.4e-05,0.000909,5.9e-05
0,-0.002296,0.108929,-0.04531,0.095846,-0.084463,0.122143,4e-05,0.001901
0,0.022077,0.077374,0.004061,-0.048916,0.013073,-0.021191,0.000385,0.00135
0,0.092225,-0.101213,0.051852,-0.201903,0.044,-0.201722,0.00161,0.001766
0,0.026238,0.126034,-0.078737,0.197757,-0.096038,0.238637,0.000458,0.0022
0,-0.213302,4.4e-05,-0.257836,-0.13671,-0.302126,-0.115446,0.003723,1e-06
0,-0.059822,-0.109098,0.129827,-0.098215,0.161991,-0.132289,0.001044,0.001904
0,-0.207013,-0.063339,-0.126336,0.024154,-0.09188,0.053394,0.003613,0.001105
0,-0.002337,0.01978,0.207994,0.111762,0.224195,0.079685,4.1e-05,0.000345
0,-0.000189,-0.162842,-0.000642,-0.171237,0.043211,-0.129182,3e-06,0.002842
0,-0.184727,-0.205995,-0.180897,-0.069371,-0.160897,-0.045351,0.003224,0.003595
0,-0.134422,-0.245441,0.052856,-0.043553,0.048782,-0.038512,0.002346,0.004284
0,1.150213,-0.958202,1.27092,-0.693953,1.256889,-0.673801,0.004106,0.004633
0,3.415211,-1.96179,2.261764,-0.984294,2.260656,-0.979908,0.000846,0.002032
0,5.351122,-2.284685,1.959995,-0.333267,1.95947,-0.338952,0.003329,0.003604
0,4.229661,-2.415263,-1.099245,-0.158656,-1.139483,-0.112148,0.001279,0.005883
0,4.245465,-1.855743,-0.004493,0.531033,0.002872,0.484045,0.001554,0.003883
0,3.546222,-1.710647,-0.725065,0.156729,-0.702337,0.19071,0.001441,0.005675
0,2.619907,-1.239294,-0.934084,0.473298,-0.920965,0.482788,0.002636,0.002551
0,1.560957,-0.608777,-1.086494,0.616961,-1.106866,0.620277,0.003063,0.001465
0,1.235353,-0.425619,-0.299033,0.182514,-0.286013,0.182431,0.00262,0.004662
0,0.281596,-0.014627,-0.975464,0.418828,-1.007028,0.385761,0.004915,0.000255
0,-0.033261,0.112939,-0.302733,0.100692,-0.279287,0.117504,0.000581,0.001971
0,0.026849,0.285719,0.089181,0.153485,0.117827,0.1874,0.000469,0.004987
0,0.002906,0.318968,-0.027057,0.049304,0.000881,0.079786,5.1e-05,0.005567
0,-0.272414,0.32252,-0.295309,0.020717,-0.298181,0.053721,0.004755,0.005629
0,-0.320246,0.256402,-0.029927,-0.079843,-0.033954,-0.045681,0.005589,0.004475
0,-0.230123,0.395105,0.084639,0.140297,0.095158,0.188981,0.004016,0.005195
0,-0.129371,0.228096,0.075243,-0.18124,0.050122,-0.216139,0.002258,0.003981
0,-0.186821,0.087197,-0.048254,-0.158704,-0.056146,-0.157964,0.003261,0.001522
0,-0.258875,-0.012332,-0.092171,-0.095371,-0.1372,-0.121772,0.004518,0.000215
0,-0.215795,0.222524,0.061198,0.247253,0.074831,0.229111,0.003766,0.003884
0,-0.149943,0.070496,0.068883,-0.147674,0.062976,-0.120467,0.002617,0.00123
0,-0.140245,0.104912,0.030365,0.017251,0.044525,0.021323,0.002448,0.001831
0,-0.408491,0.173469,-0.269627,0.083368,-0.295113,0.040989,0.004961,0.003028
0,-0.082096,0.168595,0.320681,-0.022952,0.316477,-0.057335,0.001433,0.002943
0,-0.073875,0.184238,0.00377,0.009906,0.048144,-0.018298,0.001289,0.003216
0,-0.054218,0.039019,0.017992,-0.1607,-0.011135,-0.161978,0.000946,0.000681
0,-0.22661,0.165978,-0.156026,0.116845,-0.120389,0.122969,0.003955,0.002897
0,-0.3258,0.155463,-0.076612,0.015402,-0.055578,-0.015114,0.005686,0.002713
0,-0.246561,0.104617,0.05108,-0.059347,0.027738,-0.024606,0.004303,0.001826
0,-0.293224,0.237159,-0.037862,0.136933,-0.003584,0.178232,0.005118,0.004139
0,-0.402189,0.243692,-0.083708,0.00235,-0.084709,-0.037218,0.005071,0.004253
0,-0.306543,0.100067,0.082,-0.142982,0.080847,-0.107121,0.00535,0.001746
0,-0.284114,0.043924,0.029528,-0.070889,0.053718,-0.114613,0.004959,0.000767
0,-0.033722,0.008743,0.249842,-0.018951,0.206573,0.008117,0.000589,0.000153
0,-0.298815,0.103948,-0.260955,0.09987,-0.264207,0.06323,0.005215,0.001814
0,-0.332871,0.017654,-0.059943,-0.072109,-0.103932,-0.119152,0.00581,0.000308
0,-0.343604,0.050986,0.012972,0.016214,0.007464,-0.006836,0.005997,0.00089
0,-0.291407,0.157058,0.063295,0.094065,0.06276,0.110498,0.005086,0.002741
0,-0.276668,0.174912,0.036867,0.030114,0.003952,-0.003697,0.004829,0.003053
0,-0.158765,0.07162,0.120371,-0.077665,0.076391,-0.086158,0.002771,0.00125
0,1.34919,-1.527919,1.534333,-1.603796,1.563416,-1.589317,0.000633,0.002486
0,1.601073,-1.598873,0.226801,-0.061125,0.265918,-0.033758,0.003763,0.003725
0,1.535475,-2.020727,-0.057906,-0.432375,-0.078819,-0.435903,0.002618,0.001003
0,1.343125,-2.078877,-0.179086,-0.084031,-0.137686,-0.045052,0.000739,1.2e-05
0,0.834458,-1.735083,-0.507084,0.345899,-0.476535,0.304431,0.002474,0.005989
0,0.62087,-1.611371,-0.194027,0.136394,-0.228604,0.182234,0.001254,0.003943
0,0.392971,-1.569562,-0.24008,0.013361,-0.252429,-0.016309,0.005232,0.003213
0,0.207244,-0.937523,-0.166616,0.624927,-0.209039,0.660179,0.003617,0.004272
0,-0.032651,-0.783135,-0.210476,0.156771,-0.256932,0.19896,0.00057,0.001578
0,0.036629,-0.411784,0.044128,0.368664,0.0369,0.397516,0.000639,0.004904
0,-0.09826,-0.198443,-0.158173,0.19206,-0.129416,0.153253,0.001715,0.003463
0,-0.141791,-0.209083,-0.046286,-0.012734,-0.025796,-0.050776,0.002475,0.003649
0,-0.198642,-0.216379,-0.057945,0.011973,-0.061243,0.061807,0.003467,0.003777
0,-0.190025,-0.001514,-0.017727,0.206029,0.002767,0.225436,0.003317,2.6e-05
0,-0.097783,0.079233,0.088296,0.069795,0.131723,0.025874,0.001707,0.001383
0,-0.311981,0.159576,-0.216922,0.089959,-0.184901,0.136098,0.005445,0.002785
0,-0.254429,0.136017,0.065639,-0.01395,0.062113,0.033594,0.004441,0.002374
0,-0.237009,0.04239,0.041675,-0.081412,0.033792,-0.06302,0.004137,0.00074
0,-0.138485,0.089002,0.122557,0.05433,0.12147,0.084815,0.002417,0.001553
0,-0.398872,0.051074,-0.239217,-0.055418,-0.189718,-0.092595,0.005129,0.000891
0,-0.291141,0.144141,0.120526,0.118717,0.127171,0.159317,0.005081,0.002516
0,-0.087101,0.22027,0.227932,0.052347,0.25227,0.048985,0.00152,0.003844
0,-0.116449,0.21608,-0.049435,-0.02248,-0.007938,-0.008625,0.002032,0.003771
0,0.020066,0.231666,0.125848,0.010143,0.097189,-0.016849,0.00035,0.004043
0,-0.182981,0.203291,-0.176835,-0.04835,-0.161409,-0.081386,0.003194,0.003548
0,-0.027476,0.023914,0.130753,-0.187638,0.166199,-0.179142,0.00048,0.000417
0,0.084686,0.26531,0.085522,0.240148,0.115073,0.220705,0.001478,0.004631
0,0.038795,-0.015995,-0.020841,-0.267268,0.006012,-0.282526,0.000677,0.000279
0,-0.174666,0.249159,-0.213192,0.24158,-0.187365,0.226425,0.003049,0.004349
0,0.084029,0.098484,0.272321,-0.146458,0.289642,-0.114189,0.001467,0.001719
0,0.082878,0.257465,0.012663,0.182946,0.062628,0.210156,0.001446,0.004494
0,-0.142333,0.246329,-0.211091,-0.009147,-0.204587,-0.058393,0.002484,0.004299
0,0.050837,0.203594,0.210222,-0.022572,0.247449,-0.060999,0.000887,0.003553
0,-0.194655,0.237143,-0.242085,0.056498,-0.261307,0.08314,0.003397,0.004139
0,-0.043847,0.021384,0.152778,-0.203636,0.184804,-0.243166,0.000765,0.000373
0,-0.044024,0.15385,-0.018377,0.105114,0.029562,0.05919,0.000768,0.002685
0,0.005701,0.16501,0.04883,0.00097,0.026216,-0.044759,0.0001,0.00288
0,-0.153825,0.125691,-0.18826,-0.023707,-0.152575,-0.028183,0.002685,0.002194
0,-0.051769,0.118346,0.115418,-0.012265,0.12403,0.03243,0.000904,0.002066
0,-0.04962,0.015434,0.00822,-0.081426,0.047051,-0.109726,0.000866,0.000269
0,-0.155748,0.051277,-0.096622,0.054981,-0.110168,0.081379,0.002718,0.000895
0,-0.086092,0.120882,0.062939,0.087027,0.071869,0.074059,0.001503,0.00211
0,-0.088434,0.011218,0.013252,-0.09836,0.059631,-0.094741,0.001543,0.000196
0,0.199116,0.198185,0.298561,0.18254,0.308319,0.209432,0.003475,0.003459
0,0.181896,0.10175,-0.032698,-0.077909,0.000775,-0.037641,0.003175,0.001776
0,0.071879,-0.018631,-0.100473,-0.141084,-0.120029,-0.141,0.001255,0.000325
0,0.145398,0.023682,0.091024,0.032333,0.118285,0.053478,0.002538,0.000413
0,0.006707,-0.061683,-0.12434,-0.098858,-0.092143,-0.098066,0.000117,0.001077
0,0.037436,0.172514,0.032689,0.231519,-0.016389,0.267669,0.000653,0.003011
0,-0.147439,0.035039,-0.16827,-0.152927,-0.144294,-0.136042,0.002573,0.000612
0,0.013221,0.075332,0.175564,0.043183,0.132019,0.043435,0.000231,0.001315
0,0.116977,0.132176,0.110955,0.061262,0.111013,0.061784,0.002042,0.002307
0,0.055851,0.156369,-0.089951,0.034542,-0.13316,-0.003612,0.000975,0.002729
0,-0.022252,-0.002773,-0.060635,-0.179006,-0.054901,-0.158378,0.000388,4.8e-05
0,0.024862,0.092695,0.017657,0.084603,0.003075,0.116011,0.000434,0.001618
0,0.067628,-0.104828,0.022034,-0.210896,0.054952,-0.211008,0.00118,0.00183
0,-0.06282,-0.017967,-0.132241,0.090086,-0.137071,0.064515,0.001096,0.000314
0,-0.154381,0.11066,-0.063627,0.122984,-0.053186,0.164773,0.002694,0.001931
0,0.082972,-0.112558,0.237946,-0.240987,0.274065,-0.229965,0.001448,0.001965
0,-0.19368,0.011278,-0.273485,0.133797,-0.271255,0.128393,0.00338,0.000197
0,-0.023723,0.058727,0.140079,0.042489,0.115137,0.04448,0.000414,0.001025
0,0.011452,-0.058222,0.064407,-0.099937,0.061755,-0.130874,0.0002,0.001016
0,-0.150116,0.167379,-0.15073,0.21025,-0.186709,0.18236,0.00262,0.002921
0,-0.114708,-0.079501,0.051252,-0.267824,0.10098,-0.305528,0.002002,0.001388
0,-0.229015,0.011316,-0.111719,0.082144,-0.088876,0.10265,0.003997,0.000197
0,-0.079255,-0.10181,0.151235,-0.127184,0.176921,-0.154976,0.001383,0.001777
0,-0.15127,0.03495,-0.089306,0.163614,-0.064554,0.114799,0.00264,0.00061
0,-0.139281,0.073877,0.041437,0.066981,-0.00011,0.078898,0.002431,0.001289
0,-0.172733,0.061935,-0.030106,0.007066,-0.009108,-0.030725,0.003015,0.001081
0,-0.29474,0.093297,-0.125869,0.039971,-0.133478,0.049824,0.005144,0.001628
0,-0.131278,0.151508,0.18321,0.072432,0.152191,0.091331,0.002291,0.002644
0,-0.193578,-0.043912,-0.056134,-0.19787,-0.053374,-0.232326,0.003379,0.000766
0,-0.302644,-0.098699,-0.117194,-0.031608,-0.146574,-0.066425,0.005282,0.001723
0,-0.291688,0.05743,0.027667,0.158353,0.063842,0.16604,0.005091,0.001002
0,-0.219835,0.087962,0.063282,0.032645,0.064006,-0.005317,0.003837,0.001535
0,-0.236831,-0.04163,-0.025283,-0.106633,-0.066084,-0.118024,0.004133,0.000727
0,-0.403684,0.121233,-0.170917,0.14712,-0.13324,0.102021,0.005045,0.002116
0,-0.375416,0.118586,0.033547,0.01054,0.036987,0.006489,0.005538,0.00207
0,-0.300497,-0.125555,0.101406,-0.272487,0.109545,-0.281663,0.005245,0.002191
0,-0.328277,0.13791,-0.015825,0.28684,-0.005253,0.282672,0.00573,0.002407
0,-0.428383,-0.076985,-0.098222,-0.185631,-0.09074,-0.227446,0.004614,0.001344
0,-0.177469,-0.093303,0.222687,-0.019868,0.228326,-0.023417,0.003097,0.001628
0,-0.152922,-0.092726,0.019901,0.011542,0.00359,0.054364,0.002669,0.001618
0,-0.132315,-0.007355,0.026848,0.112229,-0.005011,0.129541,0.002309,0.000128
0,-0.25059,-0.115146,-0.113666,-0.116954,-0.149878,-0.084496,0.004374,0.00201
0,-0.317986,-0.05917,-0.04749,0.081528,-0.005842,0.03442,0.00555,0.001033
0,-0.214729,0.086232,0.079169,0.147401,0.10905,0.104344,0.003748,0.001505
0,-0.219809,0.086864,0.010141,-0.022156,0.033092,0.026987,0.003836,0.001516
0,-0.398543,0.167969,-0.158518,0.087228,-0.148067,0.107587,0.005135,0.002932
0,-0.175686,-0.107709,0.199019,-0.251324,0.178042,-0.267629,0.003066,0.00188
0,-0.218051,0.171467,-0.060205,0.285064,-0.035813,0.23852,0.003806,0.002993
0,-0.320985,0.094779,-0.114514,-0.085318,-0.123514,-0.05265,0.005602,0.001654
0,-0.232639,-0.05023,0.08525,-0.168268,0.127515,-0.153338,0.00406,0.000877
0,-0.413265,0.039288,-0.154166,0.105373,-0.130162,0.147338,0.004878,0.000686
0,-0.271743,0.044223,0.117921,-0.017284,0.099286,-0.002773,0.004743,0.000772
0,-0.219384,0.108611,0.064629,0.047774,0.097011,0.00755,0.003829,0.001896
0,-0.479184,0.118596,-0.284571,0.006233,-0.303269,-0.000353,0.003727,0.00207
0,-0.326103,0.135852,0.164368,0.005995,0.128073,-0.022153,0.005692,0.002371
0,-0.307885,0.101891,-0.005747,-0.022448,-0.00172,-0.027184,0.005374,0.001778
0,-0.444708,0.148197,-0.138775,0.017752,-0.152855,0.052102,0.004329,0.002587
0,-0.255448,-0.021134,0.20254,-0.140974,0.208125,-0.143552,0.004458,0.000369
0,-0.30181,0.163992,-0.037452,0.202315,-0.051284,0.16411,0.005268,0.002862
0,-0.226207,0.055337,0.068085,-0.111139,0.093641,-0.150087,0.003948,0.000966
0,-0.347687,0.036297,-0.097656,-0.025858,-0.108523,-0.033328,0.006022,0.000633
0,-0.243475,0.223366,0.078302,0.202271,0.123573,0.249367,0.004249,0.003898
0,-0.333004,0.078502,-0.116207,-0.121596,-0.110791,-0.163103,0.005812,0.00137
0,-0.174486,-0.044266,0.167843,-0.09814,0.153625,-0.060081,0.003045,0.000773
0,-0.352143,-0.70635,-0.17347,-0.664665,-0.131211,-0.622006,0.005944,0.000238
0,-0.438447,-1.799946,-0.075375,-1.098216,-0.088254,-1.082029,0.004438,0.004856
0,-0.644027,-1.911647,-0.212904,-0.139862,-0.259965,-0.18103,0.00085,0.002907
0,-0.522303,-1.827716,0.097207,0.083664,0.138209,0.079595,0.002975,0.004372
0,-0.52804,-1.330791,-0.024617,0.507991,-0.012677,0.536174,0.002874,0.000954
0,-0.199296,-0.882294,0.320032,0.438117,0.352874,0.461194,0.003478,0.003308
0,-0.127141,-0.583802,0.0735,0.273244,0.06809,0.287984,0.002219,0.001901
0,-0.061099,-0.290782,0.086039,0.273933,0.055639,0.244716,0.001066,0.005075
0,-0.119551,0.107364,-0.081901,0.371123,-0.105375,0.377236,0.002087,0.001874
0,-0.023287,0.087287,0.089477,-0.03193,0.085448,-0.081823,0.000406,0.001523
0,-0.095757,0.197369,-0.044524,0.097842,-0.038382,0.049537,0.001671,0.003445
0,-0.084284,0.122251,0.022147,-0.060125,0.041672,-0.02499,0.001471,0.002134
0,-0.130498,0.207945,-0.017222,0.057327,-0.004644,0.014053,0.002278,0.003629
0,-0.141193,0.214999,-0.033862,0.027,-0.066197,0.018967,0.002464,0.003752
0,-0.178567,0.319769,-0.058502,0.098898,-0.076803,0.070228,0.003117,0.005581
0,-0.169913,0.343636,0.031418,0.034659,0.05625,0.037605,0.002966,0.005998
0,-0.16985,0.251972,0.01779,-0.089094,0.024293,-0.044068,0.002964,0.004398
0,-0.211057,0.225146,-0.052531,-0.002133,-0.053904,-0.006302,0.003684,0.00393
0,-0.065753,0.417234,0.13724,0.191901,0.126334,0.194436,0.001148,0.004808
0,-0.085153,0.168352,-0.028304,-0.2669,-0.007219,-0.23443,0.001486,0.002938
0,0.044786,0.356174,0.127308,0.194455,0.141579,0.189975,0.000782,0.005874
0,0.028595,0.122913,0.00146,-0.216101,-0.024459,-0.256605,0.000499,0.002145
0,-0.121348,0.112116,-0.143701,-0.01122,-0.094916,0.014715,0.002118,0.001957
0,0.024273,-0.048095,0.151674,-0.165388,0.110942,-0.177905,0.000424,0.000839
0,-0.11383,0.021968,-0.143422,0.046903,-0.187103,0.013964,0.001987,0.000383
0,-0.150861,0.033868,-0.057406,-0.00232,-0.054526,-0.046541,0.002633,0.000591
0,-0.022649,-0.142401,0.138834,-0.153164,0.144986,-0.163175,0.000395,0.002485
0,-0.183891,-0.122156,-0.186231,0.017959,-0.176008,0.046815,0.003209,0.002132
0,-0.126524,-0.216854,0.052636,-0.123268,0.053031,-0.125471,0.002208,0.003785
0,0.10272,0.075031,0.227839,0.294599,0.23662,0.290324,0.001793,0.00131
0,-0.063712,0.018009,-0.152708,-0.074275,-0.145946,-0.088425,0.001112,0.000314
0,0.059899,-0.030972,0.116312,-0.022828,0.11143,-0.006867,0.001045,0.000541
0,0.135665,0.011656,0.082058,0.029808,0.096093,0.060662,0.002368,0.000203
0,-0.037128,-0.132812,-0.176041,-0.127842,-0.166979,-0.090031,0.000648,0.002318
0,0.082488,-0.088678,0.106226,0.053109,0.13078,0.090685,0.00144,0.001548
0,0.097151,-0.056087,-0.012053,0.016003,0.012756,0.044482,0.001696,0.000979
0,-0.045617,0.019538,-0.132902,0.104684,-0.14837,0.054983,0.000796,0.000341
0,0.009817,0.041918,0.055904,0.033246,0.08401,0.004949,0.000171,0.000732
0,-0.039534,-0.105538,-0.058381,-0.17101,-0.014601,-0.192009,0.00069,0.001842
0,0.166845,0.127495,0.228273,0.259033,0.181968,0.24578,0.002912,0.002225
0,0.128932,0.052192,-0.024198,-0.056145,0.01801,-0.081061,0.00225,0.000911
0,-0.058699,-0.117556,-0.161811,-0.193144,-0.153203,-0.238408,0.001024,0.002052
0,0.001532,0.05078,0.053638,0.169284,0.038161,0.184567,2.7e-05,0.000886
0,0.097681,-0.047341,0.090729,-0.071166,0.048946,-0.029716,0.001705,0.000826
0,0.013365,-0.027822,-0.078197,0.027609,-0.04461,-0.009254,0.000233,0.000486
0,0.025725,0.008223,0.014765,0.013721,0.041252,0.031764,0.000449,0.000144
0,0.011021,0.14975,-0.030962,0.167922,-0.00198,0.131925,0.000192,0.002614
0,0.021314,0.033263,0.0021,-0.120351,-0.030729,-0.155412,0.000372,0.000581
0,-0.09366,0.170017,-0.085156,0.151457,-0.085425,0.125553,0.001635,0.002967
0,-0.088354,0.071626,-0.009516,-0.127931,-0.005687,-0.169844,0.001542,0.00125
0,0.144712,0.139142,0.2162,0.09471,0.171497,0.131533,0.002526,0.002428
0,0.169591,-0.137376,0.023843,-0.253606,-0.023672,-0.253422,0.00296,0.002398
0,0.166297,-0.127726,-0.028415,-0.014895,-0.012917,-0.029613,0.002902,0.002229
0,0.048778,-0.000211,-0.131336,0.112632,-0.10827,0.144307,0.000851,4e-06
0,-0.00262,0.100271,-0.043487,0.115631,-0.026501,0.103869,4.6e-05,0.00175
0,-0.008616,0.022057,0.003562,-0.087994,-0.025223,-0.092522,0.00015,0.000385
0,0.139589,0.028032,0.124685,-0.013467,0.143732,0.008381,0.002436,0.000489
0,0.071702,-0.123645,-0.050627,-0.146077,-0.094191,-0.112379,0.001251,0.002158
0,0.126529,-0.03716,0.075825,0.105064,0.07673,0.101273,0.002208,0.000649
0,-0.029519,0.032373,-0.181357,0.05325,-0.147005,0.028979,0.000515,0.000565
0,0.096379,-0.065825,0.145116,-0.097275,0.137563,-0.118751,0.001682,0.001149
0,0.096647,-0.119001,-0.002458,-0.071889,0.024356,-0.095454,0.001687,0.002077
0,-0.009756,-0.080221,-0.130446,0.043887,-0.093931,0.081435,0.00017,0.0014
0,0.140763,-0.159965,0.175564,-0.100219,0.136171,-0.146975,0.002457,0.002792
0,0.100874,-0.121625,-0.043603,0.043151,-0.067941,0.069283,0.001761,0.002123
0,0.071405,0.079902,-0.031429,0.183459,-0.041313,0.135857,0.001246,0.001395
0,0.081524,-0.094148,0.012949,-0.158607,0.048855,-0.163205,0.001423,0.001643
0,-0.00289,-0.121942,-0.062419,-0.017494,-0.021448,-0.028642,5e-05,0.002128
0,0.096114,0.074872,0.109478,0.21892,0.104229,0.253849,0.001677,0.001307
0,0.116605,0.065609,0.002234,0.017133,-0.022221,-0.028769,0.002035,0.001145
0,-0.058177,-0.094589,-0.159565,-0.17408,-0.137485,-0.210482,0.001015,0.001651
0,-0.088719,-0.11137,-0.05001,-0.030271,-0.062018,0.018419,0.001548,0.001944
0,0.136066,-0.133211,0.235995,-0.024489,0.236038,-0.070128,0.002375,0.002325
0,0.058714,0.048978,-0.058473,0.209586,-0.034642,0.199485,0.001025,0.000855
0,1.72949,-0.954958,1.685608,-0.996927,1.705763,-0.985208,0.006004,0.004577
0,2.883919,-1.27307,1.139015,-0.333583,1.111597,-0.332076,0.001972,0.001962
0,2.8474,-1.331133,-0.018215,-0.085391,-0.067516,-0.047648,0.001335,0.000948
0,3.647385,-1.341561,0.810281,-0.032146,0.806472,-0.045206,0.003206,0.000766
0,2.923139,-1.260471,-0.718207,0.064623,-0.697566,0.03812,0.002656,0.002182
0,2.569951,-0.779804,-0.337234,0.451561,-0.333512,0.491276,0.003508,0.00152
0,1.993346,-0.359794,-0.605639,0.442754,-0.649352,0.395287,0.001481,0.005811
0,1.464543,-0.206107,-0.522929,0.147963,-0.545214,0.194066,0.00138,0.003597
0,1.324362,-0.23144,-0.152024,-0.013821,-0.176307,0.027917,0.001066,0.004039
0,0.887543,-0.206334,-0.415643,0.014647,-0.460536,-0.034716,0.0034,0.003601
0,0.129903,-0.14975,-0.780815,0.080982,-0.81431,0.071008,0.002267,0.002614
0,-0.157004,0.105726,-0.297506,0.234285,-0.2601,0.250357,0.00274,0.001845
0,-0.30514,0.112941,-0.174479,0.035047,-0.210686,-0.013957,0.005326,0.001971
0,-0.5232,0.104147,-0.197381,0.004542,-0.147842,-0.038882,0.002959,0.001818
0,-0.352106,-0.039985,0.165185,-0.169918,0.16714,-0.208618,0.005945,0.000698
0,-0.117457,0.125848,0.229902,0.194392,0.242032,0.203774,0.00205,0.002196
0,-0.238537,0.182536,-0.150077,0.06993,-0.105674,0.089127,0.004163,0.003186
0,-0.262856,0.049418,-0.017796,-0.1265,-0.039721,-0.134679,0.004588,0.000863
0,-0.009707,0.073528,0.26187,0.040691,0.295394,0.003313,0.000169,0.001283
0,-0.224207,0.151528,-0.205565,0.048887,-0.183638,0.083555,0.003913,0.002645
0,-0.194154,0.13121,0.011027,0.006342,0.059979,0.046386,0.003389,0.00229
0,-0.262271,0.0196,-0.086873,-0.090742,-0.084144,-0.120617,0.004577,0.000342
0,-0.044255,0.094301,0.194344,0.056778,0.164372,0.095967,0.000772,0.001646
0,-0.053529,0.014861,-0.037684,-0.074967,-0.082137,-0.027096,0.000934,0.000259
0,-0.15514,0.195639,-0.084708,0.183659,-0.134317,0.217422,0.002708,0.003415
0,-0.066098,0.006314,0.085168,-0.167975,0.128114,-0.198833,0.001154,0.00011
0,0.034591,0.194405,0.087619,0.179462,0.135502,0.222755,0.000604,0.003393
0,-0.176743,0.066617,-0.20549,-0.132857,-0.203636,-0.087043,0.003085,0.001163
0,-0.22051,-0.086206,-0.043847,-0.172132,-0.015636,-0.219841,0.003849,0.001505
0,0.017932,0.11996,0.248931,0.203234,0.29758,0.210181,0.000313,0.002094
0,0.037658,0.126559,-0.005724,0.011445,-0.051872,0.018058,0.000657,0.002209
0,-0.168243,-0.058539,-0.215907,-0.178529,-0.230513,-0.203637,0.002936,0.001022
0,-0.221843,0.064133,-0.058563,0.111355,-0.077565,0.09559,0.003872,0.001119
0,0.044239,-0.000845,0.264005,-0.055884,0.220639,-0.062529,0.000772,1.5e-05
0,-0.165436,-0.043902,-0.223314,-0.035159,-0.188972,-0.073728,0.002887,0.000766
0,0.038671,0.12355,0.18946,0.181935,0.160707,0.188481,0.000675,0.002156
0,-0.21204,-0.019128,-0.240664,-0.133983,-0.286433,-0.085421,0.003701,0.000334
0,-0.218544,0.061273,-0.000809,0.09033,0.015255,0.088831,0.003814,0.001069
0,-0.10796,-0.098549,0.132347,-0.181167,0.176554,-0.161481,0.001884,0.00172
0,0.500051,0.667682,0.578863,0.741446,0.625121,0.775862,0.003363,0.000437
0,1.006709,1.333404,0.500608,0.692294,0.534411,0.682865,0.00548,0.000909
0,1.216365,1.384549,0.213344,0.051521,0.215974,0.061364,0.002951,1.6e-05
0,1.466649,1.410186,0.247758,0.032552,0.225237,0.06232,0.001417,0.000431
0,1.601558,1.734844,0.145211,0.353443,0.153663,0.380473,0.003771,0.005993
0,1.400075,1.250162,-0.209697,-0.458079,-0.216448,-0.461368,0.000255,0.002362
0,5.238064,1.20888,3.812704,-0.017245,3.815992,-0.004517,0.005302,0.003082
0,6.404608,0.72268,1.170516,-0.472198,1.132675,-0.437415,0.002967,0.000523
0,5.603982,0.443396,-0.810732,-0.279935,-0.854453,-0.311646,0.001084,0.004352
0,5.14563,0.344493,-0.456697,-0.093035,-0.47016,-0.130843,0.005175,0.006013
0,4.564859,0.187807,-0.585248,-0.167157,-0.571036,-0.132949,0.004962,0.003278
0,3.527374,0.062025,-1.058296,-0.120131,-1.047956,-0.107001,0.001112,0.001083
0,2.705954,0.052477,-0.821876,-0.010277,-0.839398,-0.019414,0.001134,0.000916
0,1.626224,-0.001565,-1.075655,-0.046987,-1.094849,-0.00169,0.004202,2.7e-05
0,1.318387,-0.223601,-0.286983,-0.214582,-0.291417,-0.224895,0.001171,0.003903
0,0.119925,-0.125541,-1.210044,0.100304,-1.228862,0.148816,0.002093,0.002191
0,-0.010066,-0.238274,-0.150985,-0.101143,-0.147831,-0.132316,0.000176,0.004159
0,-0.613181,-0.299124,-0.620415,-0.060823,-0.592892,-0.06476,0.001388,0.005221
0,-0.424693,-0.239666,0.18372,0.075261,0.140269,0.099856,0.004678,0.004183
0,-0.480458,-0.223523,-0.053928,-0.011547,-0.022783,0.036306,0.003705,0.003901
0,-0.4772,-0.251968,-0.003559,-0.012875,-0.0433,0.015882,0.003762,0.004398
0,-0.307145,-0.019574,0.178768,0.212926,0.147609,0.252866,0.005361,0.000342
0,-0.403465,-0.020894,-0.116868,-0.017065,-0.067281,-0.002302,0.005049,0.000365
0,-0.323844,-0.019723,0.07042,0.012835,0.067955,-0.004867,0.005652,0.000344
0,-0.223794,-0.299055,0.123048,-0.299908,0.144942,-0.341496,0.003906,0.005219
0,-0.091171,-0.121163,0.123295,0.176262,0.089429,0.128827,0.001591,0.002115
0,-0.0916,-0.185188,0.02039,-0.079713,0.013692,-0.111448,0.001599,0.003232
0,0.062247,-0.103546,0.138336,0.070357,0.153406,0.057315,0.001086,0.001807
0,-0.139948,-0.056451,-0.198991,0.049619,-0.171686,0.074422,0.002443,0.000985
0,0.03692,-0.079836,0.206445,-0.053004,0.205893,-0.04873,0.000644,0.001393
0,0.110149,-0.314763,0.048224,-0.212411,0.083402,-0.253168,0.001922,0.005494
0,0.16433,-0.100152,0.04522,0.210112,0.036424,0.206492,0.002868,0.001748
0,0.0586,-0.169298,-0.080859,-0.065813,-0.071152,-0.107646,0.001023,0.002955
0,0.098304,-0.268452,0.026481,-0.081414,0.020231,-0.055886,0.001716,0.004685
0,-0.090839,-0.294806,-0.181772,-0.026589,-0.188784,-0.004986,0.001585,0.005145
0,-0.112682,-0.060282,-0.043877,0.257148,-0.030184,0.27068,0.001967,0.001052
0,-0.15772,-0.260652,-0.046853,-0.200215,-0.024597,-0.236351,0.002753,0.004549
0,-0.085429,-0.032241,0.054358,0.245375,0.039477,0.275011,0.001491,0.000563
0,0.062424,-0.098846,0.158734,-0.095242,0.124687,-0.103532,0.00109,0.001725
0,-0.134964,-0.215064,-0.198669,-0.123437,-0.214251,-0.158867,0.002356,0.003754
0,0.045378,-0.000877,0.199777,0.232637,0.158297,0.196632,0.000792,1.5e-05
0,0.051795,0.027584,0.00024,0.032438,0.026503,-0.002936,0.000904,0.000481
0,-0.059807,-0.042849,-0.086927,-0.042534,-0.119811,-0.089522,0.001044,0.000748
0,0.040106,-0.158537,0.083349,-0.102622,0.062494,-0.1015,0.0007,0.002767
0,-0.120752,0.079953,-0.148071,0.212394,-0.184875,0.192636,0.002108,0.001395
0,-0.003599,-0.165347,0.104184,-0.240251,0.098445,-0.258508,6.3e-05,0.002886
0,-0.124281,0.065656,-0.09637,0.239829,-0.1419,0.254066,0.002169,0.001146
0,0.096439,0.054634,0.23039,-0.023972,0.24381,-0.00749,0.001683,0.000954
0,-0.115796,-0.157319,-0.233295,-0.195009,-0.239207,-0.233435,0.002021,0.002746
0,0.017394,0.090659,0.139524,0.228285,0.132066,0.251873,0.000304,0.001582
0,-0.162637,0.006139,-0.157178,-0.073205,-0.155809,-0.056472,0.002839,0.000107
0,0.089476,-0.122325,0.253951,-0.155629,0.220803,-0.165352,0.001562,0.002135
0,0.154873,0.071233,0.088738,0.17236,0.132759,0.202722,0.002703,0.001243
0,0.129783,0.114378,-0.015154,0.064331,0.018373,0.110828,0.002265,0.001996
0,0.061238,0.115414,-0.040285,0.002888,-0.080025,-0.002815,0.001069,0.002014
0,0.042755,0.130942,0.006011,-0.003331,-0.015648,-0.009998,0.000746,0.002285
0,-0.011865,0.121711,-0.080971,0.00191,-0.122435,0.017152,0.000207,0.002124
0,-0.035711,-0.100159,-0.018594,-0.203714,-0.002896,-0.186936,0.000623,0.001748
0,0.103963,0.050445,0.168458,0.1218,0.205582,0.11244,0.001814,0.00088
0,0.099805,-0.096482,0.015353,-0.126484,-0.01885,-0.085414,0.001742,0.001684
0,0.070346,-0.115543,-0.044061,-0.021567,-0.086354,-0.040936,0.001228,0.002017
0,-0.004714,-0.02795,-0.099368,0.115511,-0.133581,0.1241,8.2e-05,0.000488
0,-0.079041,-0.086839,-0.089883,-0.061252,-0.085737,-0.086262,0.00138,0.001516
0,0.174851,-0.175801,0.270154,-0.094232,0.24341,-0.059893,0.003052,0.003068
0,-0.094341,-0.116173,-0.242524,0.044049,-0.249909,0.008593,0.001647,0.002028
0,0.140099,-0.085218,0.231725,0.009339,0.199001,-0.003601,0.002445,0.001487
0,0.105082,0.064095,-0.007313,0.162094,0.034579,0.157206,0.001834,0.001119
0,0.237464,-0.146379,0.134011,-0.238793,0.094386,-0.204786,0.004145,0.002555
0,0.211985,0.006753,-0.005065,0.182997,0.042241,0.219096,0.0037,0.000118
0,0.015898,-0.054318,-0.194808,-0.03714,-0.208517,0.011757,0.000277,0.000948
0,0.212176,-0.142895,0.167718,-0.061758,0.212946,-0.028487,0.003703,0.002494
0,0.153999,0.052876,-0.04337,0.215818,0.005583,0.214738,0.002688,0.000923
0,0.058352,-0.044381,-0.08285,-0.093576,-0.038757,-0.076367,0.001018,0.000775
0,0.038249,-0.175993,-0.024561,-0.110943,0.021366,-0.120553,0.000668,0.003072
0,0.11572,0.043287,0.097095,0.244519,0.119745,0.204798,0.00202,0.000755
0,0.027116,-0.07675,-0.066484,-0.129056,-0.104629,-0.133593,0.000473,0.00134
0,0.063953,0.057494,0.06292,0.106167,0.05869,0.101761,0.001116,0.001003
0,0.065814,-0.100895,-0.001123,-0.152653,-0.044487,-0.111738,0.001149,0.001761
0,0.154684,-0.019013,0.063894,0.073677,0.063627,0.1166,0.0027,0.000332
0,0.176492,0.006081,0.029643,0.032121,0.000233,0.072792,0.00308,0.000106
0,0.098369,0.036251,-0.097973,0.057202,-0.126349,0.025958,0.001717,0.000633
0,0.026868,-0.084601,-0.081824,-0.140424,-0.096958,-0.174231,0.000469,0.001477
0,0.094048,0.001686,0.081462,0.072739,0.077578,0.097642,0.001641,2.9e-05
0,-0.040295,0.090839,-0.108153,0.082082,-0.108758,0.072246,0.000703,0.001585
0,0.05925,-0.032937,0.116079,-0.139595,0.077518,-0.126186,0.001034,0.000575
0,0.176734,0.026037,0.139055,0.037122,0.12311,0.076373,0.003085,0.000454
0,0.208291,0.101755,0.010074,0.0599,-0.018915,0.046697,0.003635,0.001776
0,0.165261,-0.026886,-0.046195,-0.100705,-0.014952,-0.140565,0.002884,0.000469
0,0.157494,0.09289,-0.02588,0.109675,-0.04039,0.068401,0.002749,0.001621
0,0.225031,0.036693,0.069799,-0.038608,0.075901,-0.0112,0.003928,0.00064
0,0.22798,-0.016864,-0.014884,-0.033127,-0.03116,-0.053186,0.003979,0.000294
0,0.065575,-0.091218,-0.186815,-0.097471,-0.226026,-0.059583,0.001144,0.001592
0,0.237457,-0.145439,0.187216,-0.079958,0.16477,-0.105953,0.004144,0.002538
0,0.071771,0.003027,-0.186059,0.119923,-0.155608,0.100452,0.001253,5.3e-05
0,0.815919,0.424633,0.721273,0.422414,0.724098,0.412045,0.00215,0.004679
0,2.721529,0.27761,1.918231,-0.127269,1.926199,-0.085265,0.000862,0.004845
0,3.442268,0.325159,0.709628,0.076992,0.718384,0.047902,0.000374,0.005675
0,3.959802,0.355451,0.488049,0.00314,0.483056,-0.003523,0.003431,0.005887
0,3.432092,0.462337,-0.505133,0.094499,-0.499419,0.067791,0.000551,0.004021
0,2.285786,0.362756,-1.129285,-0.100422,-1.145329,-0.131377,0.003623,0.005759
0,1.719489,0.201453,-0.561441,-0.146608,-0.519558,-0.138324,0.00583,0.003516
0,1.409048,0.064451,-0.328177,-0.116415,-0.349977,-0.120467,0.000412,0.001125
0,0.930104,-0.079546,-0.480754,-0.126258,-0.477603,-0.079291,0.004143,0.001388
0,0.595216,-0.027239,-0.34242,0.049676,-0.309275,0.064058,0.001702,0.000475
0,0.322545,-0.151249,-0.264963,-0.118081,-0.242757,-0.075252,0.005629,0.00264
0,-0.215893,-0.077615,-0.517602,0.070727,-0.52419,0.120234,0.003768,0.001355
0,-0.216172,0.055935,0.005627,0.146029,-0.034508,0.137356,0.003773,0.000976
0,-0.281823,-0.201662,-0.068446,-0.272214,-0.023011,-0.224112,0.004919,0.00352
0,-0.344052,-0.152249,-0.058241,0.028536,-0.06252,0.025951,0.006005,0.002657
0,-0.362467,0.016861,-0.032335,0.149825,-0.075398,0.145864,0.005764,0.000294
0,-0.323016,-0.217611,0.039458,-0.230954,-0.00611,-0.253616,0.005638,0.003798
0,-0.349661,-0.202646,-0.014563,0.040785,-0.004235,0.089017,0.005988,0.003537
0,-0.225357,0.037287,0.142978,0.218006,0.183161,0.266393,0.003933,0.000651
0,-0.321924,-0.182078,-0.10814,-0.203218,-0.082127,-0.216796,0.005619,0.003178
0,-0.10908,-0.203132,0.207912,-0.04,0.176225,-0.08857,0.001904,0.003545
0,-0.088975,-0.081461,-0.002272,0.103253,0.017914,0.129228,0.001553,0.001422
0,-0.151481,-0.058585,-0.040253,0.006794,-0.010924,0.043426,0.002644,0.001022
0,-0.229889,-0.006796,-0.072358,0.022512,-0.056181,0.061711,0.004012,0.000119
0,0.042394,-0.044008,0.255414,-0.03303,0.253287,-0.068787,0.00074,0.000768
0,-0.125488,-0.150196,-0.149905,-0.095218,-0.140544,-0.079201,0.00219,0.002621
0,0.051062,-0.000325,0.178425,0.132284,0.171019,0.143499,0.000891,6e-06
0,-0.030164,-0.128362,-0.055445,-0.108644,-0.067079,-0.136269,0.000526,0.00224
0,-0.088088,-0.005611,-0.056702,0.122938,-0.027506,0.10566,0.001537,9.8e-05
0,-0.161355,-0.179226,-0.080855,-0.154129,-0.049635,-0.112359,0.002816,0.003128
0,-0.078503,-0.122369,0.077115,0.085163,0.125039,0.126627,0.00137,0.002136
0,0.023329,0.027515,0.093822,0.132699,0.1343,0.109546,0.000407,0.00048
0,-0.191849,-0.021976,-0.238656,-0.02503,-0.244137,-0.048793,0.003348,0.000384
0,-0.122864,-0.00042,0.060198,0.002028,0.026464,0.025573,0.002144,7e-06
0,-0.187372,-0.145745,-0.088272,-0.174533,-0.119593,-0.221128,0.00327,0.002544
0,-0.237711,-0.009437,-0.079312,0.127334,-0.087349,0.113843,0.004149,0.000165
0,-0.039279,-0.112712,0.18182,-0.125897,0.21404,-0.166009,0.000686,0.001967
0,-0.029083,0.012096,-0.017993,0.127319,-0.038817,0.081687,0.000508,0.000211
0,-0.078315,-0.276033,-0.056142,-0.279254,-0.051694,-0.27812,0.001367,0.004818
0,0.137186,-0.112023,0.237732,0.171066,0.250036,0.15593,0.002394,0.001955
0,-0.033607,-0.03153,-0.195148,0.097608,-0.146016,0.131896,0.000587,0.00055
0,0.030211,-0.03607,0.083797,0.007338,0.07323,-0.020687,0.000527,0.00063
0,-0.078999,-0.052451,-0.079492,0.005154,-0.044014,0.022466,0.001379,0.000915
0,-0.029867,-0.205754,0.031165,-0.133025,0.064023,-0.083234,0.000521,0.003591
0,0.183759,-0.155974,0.217942,0.035793,0.249269,0.001525,0.003207,0.002722
0,-0.081948,-0.205969,-0.261744,-0.074144,-0.21485,-0.093141,0.00143,0.003595
0,0.077308,-0.039795,0.189071,0.18839,0.158627,0.168679,0.001349,0.000695
0,-0.05333,-0.024885,-0.102763,0.037946,-0.053734,-0.008477,0.000931,0.000434
0,-0.092189,-0.05321,-0.063042,-0.042344,-0.10001,-0.019059,0.001609,0.000929
0,-0.036922,-0.057184,0.060644,-0.008844,0.018354,-0.003915,0.000644,0.000998
0,-0.112518,-0.099401,-0.05954,-0.014741,-0.081414,-0.016794,0.001964,0.001735
0,-0.259716,-0.172701,-0.165684,-0.069971,-0.210025,-0.082014,0.004533,0.003014
0,-0.089322,-0.203101,0.182192,-0.046113,0.221733,-0.063191,0.001559,0.003545
0,-0.191568,-0.012851,-0.084206,0.194789,-0.050219,0.203299,0.003343,0.000224
0,-0.175925,0.052494,0.03907,0.084424,0.03368,0.075861,0.00307,0.000916
0,-0.224058,-0.145439,-0.028879,-0.226463,-0.027368,-0.26354,0.003911,0.002538
0,-0.232485,-0.0455,0.009288,0.121681,0.024993,0.111352,0.004058,0.000794
0,-0.113772,-0.007987,0.093177,0.019582,0.090409,-0.004725,0.001986,0.000139
0,-0.076204,0.048484,0.067452,0.07733,0.018006,0.100526,0.00133,0.000846
0,-0.05844,-0.154542,0.02144,-0.183531,0.047242,-0.140225,0.00102,0.002697
0,-0.15098,0.082562,-0.112709,0.215967,-0.070287,0.204004,0.002635,0.001441
0,-0.1069,0.055969,0.068684,-0.047755,0.036056,-0.024952,0.001866,0.000977
0,-0.279417,-0.003631,-0.159377,-0.055542,-0.14489,-0.039396,0.004877,6.3e-05
0,-0.252272,0.090135,0.016053,0.088149,0.000746,0.088264,0.004403,0.001573
0,-0.205366,-0.075116,0.044578,-0.162079,-0.003188,-0.116961,0.003584,0.001311
0,-0.148276,-0.018359,0.082089,0.043794,0.107471,-0.00607,0.002588,0.00032
0,-0.172409,0.08308,-0.026127,0.105381,-0.023144,0.117683,0.003009,0.00145
0,0.04651,-0.04026,0.223855,-0.096557,0.238509,-0.135408,0.000812,0.000703
0,0.073057,-0.079372,0.026942,-0.018615,0.02214,0.016971,0.001275,0.001385
0,-0.033366,0.016607,-0.113921,0.070078,-0.097425,0.109706,0.000582,0.00029
0,-0.012306,-0.104089,0.025401,-0.107277,0.074074,-0.154774,0.000215,0.001817
0,0.103685,0.008168,0.089765,0.094634,0.102695,0.055407,0.00181,0.000143
0,0.132421,-0.028065,0.030193,-0.034535,0.066917,-0.048149,0.002311,0.00049
0,-0.064081,-0.08019,-0.210686,-0.047453,-0.19991,-0.039297,0.001118,0.0014
0,0.099727,-0.158705,0.162531,-0.065682,0.135816,-0.04337,0.001741,0.00277
0,0.032482,-0.182629,-0.066342,0.002814,-0.029019,-0.020827,0.000567,0.003187
0,-0.088165,-0.049428,-0.141664,0.125828,-0.182993,0.128012,0.001539,0.000863
0,-0.215621,-0.168158,-0.101223,-0.11469,-0.092787,-0.148915,0.003763,0.002935
0,0.053737,-0.131598,0.286959,0.026133,0.239931,-0.016348,0.000938,0.002297
0,-0.055703,0.044643,-0.106025,0.202292,-0.15149,0.228634,0.000972,0.000779
0,-0.186427,-0.18648,-0.159395,-0.243097,-0.117447,-0.287265,0.003254,0.003255
0,-0.23764,-0.118719,-0.072722,0.07707,-0.051856,0.077471,0.004148,0.002072
0,-0.246554,-0.201137,-0.030443,-0.106134,-0.062123,-0.068437,0.004303,0.003511
0,-0.19134,-0.117187,0.060134,0.08276,0.083787,0.071073,0.00334,0.002045
0,-0.033133,-0.066117,0.187564,0.03524,0.208102,0.060277,0.000578,0.001154
0,-0.219661,-0.216448,-0.197035,-0.135728,-0.159846,-0.096883,0.003834,0.003778
0,-0.138841,0.075254,0.103862,0.274655,0.09301,0.304773,0.002423,0.001313
0,-0.266456,-0.169787,-0.113902,-0.263265,-0.159561,-0.260261,0.004651,0.002963
0,-0.015628,0.038122,0.226323,0.230036,0.183452,0.26784,0.000273,0.000665
0,-0.009851,0.023607,-0.018994,0.013072,0.017019,0.053984,0.000172,0.000412
0,-0.010407,-0.214108,-0.003966,-0.263285,0.004881,-0.246344,0.000182,0.003737
0,-0.03023,0.016378,-0.029657,0.208507,-0.041672,0.23746,0.000528,0.000286
0,0.029979,-0.087961,0.042108,-0.108267,0.07839,-0.157968,0.000523,0.001535
0,-0.029059,-0.173956,-0.05379,-0.056599,-0.056904,-0.038925,0.000507,0.003036
0,-0.118429,-0.075632,-0.061596,0.086941,-0.066007,0.09429,0.002067,0.00132
0,-0.035082,0.080017,0.082438,0.175022,0.090191,0.127548,0.000612,0.001397
0,-0.053953,-0.055256,-0.022998,-0.107526,-0.041493,-0.059087,0.000942,0.000964
0,0.02079,-0.070034,0.096855,0.001855,0.134993,-0.023231,0.000363,0.001222
0,-0.093577,-0.098465,-0.098543,-0.038118,-0.110232,-0.082051,0.001633,0.001719
0,-0.126107,-0.136123,-0.02681,-0.065103,-0.050976,-0.105327,0.002201,0.002376
0,0.056058,0.072051,0.167662,0.207336,0.155578,0.212907,0.000978,0.001258
0,0.257398,-0.10274,0.181338,-0.176105,0.13363,-0.207933,0.004492,0.001793
0,0.088044,-0.068047,-0.150514,0.058747,-0.177742,0.026809,0.001537,0.001188
0,0.06178,0.0924,-0.018564,0.158431,-0.010644,0.161388,0.001078,0.001613
0,0.095582,0.005645,0.021514,-0.109315,0.037567,-0.14914,0.001668,9.9e-05
0,0.305389,0.049748,0.194585,0.036599,0.164272,0.020338,0.00533,0.000868
0,0.050128,0.041631,-0.246511,0.009565,-0.261511,0.008074,0.000875,0.000727
0,0.035304,0.003268,-0.020523,-0.03043,-0.052911,-0.030744,0.000616,5.7e-05
0,0.151869,-0.010669,0.111517,-0.009162,0.134165,-0.025561,0.002651,0.000186
0,0.171555,0.003955,-0.006733,-0.015132,0.033636,-0.03032,0.002994,6.9e-05
0,0.128215,0.087121,-0.053853,0.070124,-0.012972,0.041327,0.002238,0.001521
0,0.044213,-0.094673,-0.108441,-0.19683,-0.076892,-0.154035,0.000772,0.001652
0,0.051999,-0.057645,-0.002332,0.033379,0.042119,-0.008131,0.000908,0.001006
0,0.275243,0.187716,0.207433,0.229798,0.192064,0.25988,0.004804,0.003276
0,0.241862,-0.02047,-0.013,-0.215949,-0.0102,-0.197928,0.004221,0.000357
0,0.234075,0.199567,-0.006101,0.208782,-0.013978,0.222354,0.004085,0.003483
0,0.114773,0.178753,-0.102417,-0.002387,-0.064993,-0.029082,0.002003,0.00312
0,0.116494,0.151693,0.002457,-0.021354,-0.044119,-0.045405,0.002033,0.002648
0,0.147766,0.091994,0.021539,-0.045379,0.070647,-0.049965,0.002579,0.001606
0,0.15181,0.217952,-0.014526,0.11733,-0.007686,0.085416,0.00265,0.003804
0,0.183454,-0.055048,0.024589,-0.285482,0.004537,-0.275385,0.003202,0.000961
0,0.003594,-0.001863,-0.153093,0.074377,-0.195491,0.092877,6.3e-05,3.3e-05
0,0.099097,0.092896,0.107223,0.070376,0.132761,0.080662,0.00173,0.001621
0,0.360457,-0.085276,0.240431,-0.172311,0.268899,-0.190382,0.005799,0.001488
0,0.282718,0.018499,-0.094493,0.093675,-0.116168,0.132344,0.004934,0.000323
0,0.29487,0.011879,0.023314,-0.020134,-0.019137,-0.061049,0.005146,0.000207
0,0.26115,-0.027904,-0.023839,-0.059998,-0.072039,-0.01502,0.004558,0.000487
0,0.059415,0.075119,-0.196028,0.124255,-0.172665,0.138612,0.001037,0.001311
0,0.2675,-0.063595,0.23509,-0.130424,0.190177,-0.130779,0.004669,0.00111
0,0.22555,-0.061661,-0.015855,-0.026564,0.021382,-0.0274,0.003937,0.001076
0,0.012859,-0.028405,-0.209423,0.020408,-0.178629,0.010208,0.000224,0.000496
0,0.029551,0.126442,-0.008281,0.169512,-0.011848,0.135875,0.000516,0.002207
0,0.066838,0.068458,0.012299,-0.071868,0.045378,-0.043956,0.001167,0.001195
0,0.147992,-0.031875,0.073169,-0.098777,0.104998,-0.059221,0.002583,0.000556
0,0.042976,-0.014064,-0.119953,0.028378,-0.134729,0.014851,0.00075,0.000245
0,0.004716,0.015644,-0.032453,0.049044,-0.027829,0.066691,8.2e-05,0.000273
0,-0.088521,-0.033987,-0.111466,-0.047832,-0.100965,-0.081652,0.001545,0.000593
0,-0.027782,0.065669,0.067541,0.10278,0.032365,0.068439,0.000485,0.001146
0,-0.037308,0.015368,-0.028427,-0.076541,0.014087,-0.122899,0.000651,0.000268
0,-0.121199,-0.002493,-0.056761,-0.031582,-0.078682,-0.045944,0.002115,4.4e-05
0,-0.137035,0.114198,0.003735,0.100268,-0.018612,0.066059,0.002392,0.001993
0,-0.128427,0.089333,0.028828,-0.034476,0.040521,-0.010833,0.002241,0.001559
0,-0.124644,-0.029709,0.025015,-0.089799,0.059564,-0.067426,0.002175,0.000519
0,-0.195841,0.162585,-0.091674,0.215596,-0.121368,0.170559,0.003418,0.002838
0,0.000548,0.037072,0.199871,-0.150092,0.195805,-0.168488,1e-05,0.000647
0,0.112389,-0.060585,0.129003,-0.072008,0.176849,-0.080875,0.001962,0.001057
0,-0.160414,-0.086042,-0.289539,-0.022742,-0.259588,-0.065087,0.0028,0.001502
0,-0.135272,0.005078,0.018137,0.092322,0.063667,0.075502,0.002361,8.9e-05
0,0.147897,0.032991,0.288059,0.033102,0.327396,0.046897,0.002581,0.000576
0,0.05974,0.08721,-0.114327,0.034309,-0.116042,0.040156,0.001043,0.001522
0,-0.047559,0.088777,-0.083645,-0.01387,-0.10522,-0.062171,0.00083,0.001549
0,0.149787,0.051141,0.225627,-0.012245,0.272028,-0.048792,0.002614,0.000893
0,-0.038772,-0.111339,-0.175172,-0.145447,-0.12844,-0.117751,0.000677,0.001943
0,0.113542,0.166023,0.136475,0.279868,0.181271,0.28103,0.001982,0.002898
0,-0.064348,-0.042729,-0.16804,-0.211733,-0.147834,-0.222245,0.001123,0.000746
0,0.210273,0.062395,0.302957,0.124225,0.349742,0.123401,0.00367,0.001089
0,-0.034456,0.17067,-0.218404,0.09787,-0.182669,0.048983,0.000601,0.002979
0,0.008183,-0.014394,0.027803,-0.187262,0.073295,-0.142942,0.000143,0.000251
0,-0.072589,0.042314,-0.09636,0.079436,-0.124944,0.086751,0.001267,0.000739
0,0.091222,-0.00027,0.139905,-0.029696,0.144085,-0.022094,0.001592,5e-06
0,0.257623,0.074293,0.175744,0.07344,0.147191,0.040182,0.004496,0.001297
0,0.172661,-0.002312,-0.101908,-0.056459,-0.138825,-0.063279,0.003013,4e-05
0,-0.029213,0.143693,-0.215704,0.129241,-0.197066,0.117567,0.00051,0.002508
0,0.169605,0.077658,0.211057,-0.090549,0.241173,-0.09783,0.00296,0.001355
0,0.174208,-0.048002,-0.007068,-0.130411,-0.04208,-0.119118,0.00304,0.000838
0,0.06008,0.190535,-0.093236,0.220584,-0.067283,0.244977,0.001049,0.003325
0,-0.071288,0.025234,-0.133525,-0.161001,-0.153079,-0.138345,0.001244,0.00044
0,0.026809,0.074567,0.097217,0.072592,0.111773,0.049228,0.000468,0.001301
0,0.140671,0.106923,0.142509,0.005398,0.128549,0.005609,0.002455,0.001866
0,0.053497,0.088492,-0.099018,-0.045622,-0.084159,-0.012058,0.000934,0.001544
0,-0.060641,0.109504,-0.100634,0.007815,-0.099156,0.037483,0.001058,0.001911
0,-0.103674,0.09644,-0.018593,0.01644,-0.016167,-0.017182,0.001809,0.001683
0,0.134596,-0.015812,0.223874,-0.116789,0.232248,-0.082167,0.002349,0.000276
0,-0.065709,0.133684,-0.227028,0.147424,-0.207667,0.169053,0.001147,0.002333
0,-0.168247,0.065227,-0.095908,-0.055735,-0.069873,-0.043,0.002936,0.001138
0,-0.151883,0.176073,0.019165,0.133567,-0.020344,0.118444,0.002651,0.003073
0,0.084532,0.132931,0.229072,-0.057759,0.201871,-0.06638,0.001475,0.00232
0,-0.058697,-0.038991,-0.13602,-0.161991,-0.163353,-0.140637,0.001024,0.000681
0,-0.119972,-0.094145,-0.082008,-0.03853,-0.114287,-0.009056,0.002094,0.001643
0,0.018712,-0.104949,0.109188,0.01344,0.120347,0.009995,0.000327,0.001832
0,-0.05241,0.113696,-0.046576,0.222019,0.00252,0.225,0.000915,0.001984
0,0.041879,0.103041,0.086556,0.009763,0.076446,-0.014534,0.000731,0.001798
0,-0.097945,-0.115539,-0.1606,-0.192704,-0.156153,-0.177124,0.001709,0.002017
0,0.124397,-0.000735,0.226464,0.095932,0.274211,0.140853,0.002171,1.3e-05
0,0.141314,-0.024848,0.010875,-0.014003,0.011958,-0.061694,0.002466,0.000434
0,0.119073,-0.163416,-0.002769,-0.116923,0.036111,-0.07581,0.002078,0.002852
0,0.043402,-0.16154,-0.088469,0.008665,-0.055087,0.002059,0.000758,0.002819
0,-0.069084,0.029037,-0.130606,0.161136,-0.142227,0.118569,0.001206,0.000507
0,0.032826,-0.065068,0.080188,-0.09783,0.085498,-0.10621,0.000573,0.001136
0,0.061702,0.016339,0.052618,0.07148,0.017365,0.121108,0.001077,0.000285
0,0.101157,-0.128022,0.02108,-0.140798,-0.026678,-0.128576,0.001766,0.002234
0,0.033463,-0.10553,-0.083388,0.036331,-0.093116,0.005013,0.000584,0.001842
0,0.006875,0.00265,-0.045208,0.125499,-0.022225,0.16927,0.00012,4.6e-05
0,0.14175,-0.147034,0.151336,-0.12045,0.169293,-0.114024,0.002474,0.002566
0,0.072246,-0.244418,-0.04787,-0.096896,-0.061934,-0.124904,0.001261,0.004266
0,0.108154,0.010714,0.043462,0.264126,0.048404,0.310236,0.001888,0.000187
0,-0.010199,-0.135557,-0.095284,-0.168235,-0.061646,-0.217516,0.000178,0.002366
0,-0.061371,-0.026717,-0.072805,0.107292,-0.033282,0.104152,0.001071,0.000466
0,-0.029675,0.007076,0.020162,0.050585,0.02281,0.059968,0.000518,0.000124
0,-0.119312,0.021977,-0.080225,0.010211,-0.093005,-0.028637,0.002082,0.000384
0,-0.015149,-0.220147,0.106567,-0.243333,0.06132,-0.207608,0.000264,0.003842
0,-0.025447,-0.093531,0.018906,0.140864,0.003312,0.1291,0.000444,0.001632
0,-0.019616,-0.063419,0.025427,0.050084,-0.0108,0.098991,0.000342,0.001107
0,-0.041295,-0.038708,-0.040778,0.042574,-0.044586,0.027582,0.000721,0.000676
0,-0.000197,-0.18752,0.044599,-0.165392,0.081019,-0.198158,3e-06,0.003273
0,0.055818,-0.168667,0.067414,0.012786,0.064025,0.020127,0.000974,0.002944
0,0.038988,-0.06683,0.001424,0.105278,-0.005489,0.073299,0.00068,0.001166
0,-0.134779,-0.137868,-0.183731,-0.061743,-0.136939,-0.063976,0.002352,0.002406
0,-0.136792,-0.129387,-0.008666,0.022251,-0.033058,0.013978,0.002387,0.002258
0,-0.027272,-0.180434,0.089826,-0.061696,0.079239,-0.041845,0.000476,0.003149
0,-0.016328,-0.171629,0.006765,-0.018435,-0.00789,-0.010755,0.000285,0.002995
0,0.079771,-0.06171,0.094571,0.092258,0.074179,0.063938,0.001392,0.001077
0,-0.14937,-0.128776,-0.205874,-0.061138,-0.234886,-0.090878,0.002607,0.002248
0,-0.091821,-0.01909,0.064286,0.11679,0.109343,0.087336,0.001603,0.000333
0,-0.000303,0.086594,0.115156,0.097163,0.068137,0.106844,5e-06,0.001511
0,-0.080991,0.124627,-0.078016,0.042747,-0.119688,0.081789,0.001414,0.002175
0,0.046142,-0.111839,0.141682,-0.263138,0.1527,-0.213821,0.000805,0.001952
0,-0.028813,-0.00201,-0.050885,0.129374,-0.011997,0.155845,0.000503,3.5e-05
0,-0.008582,0.058441,-0.001632,0.083696,0.018801,0.045531,0.00015,0.00102
0,-0.098319,-0.080233,-0.094241,-0.158353,-0.103502,-0.142112,0.001716,0.0014
0,0.022665,-0.070063,0.148104,0.026204,0.194325,-0.01652,0.000396,0.001223
0,-0.127325,0.118431,-0.137388,0.19056,-0.128643,0.202551,0.002222,0.002067
0,-0.082376,-0.037144,0.022392,-0.182151,0.003287,-0.145227,0.001438,0.000648
0,-0.072993,-0.087173,-0.010341,-0.059571,-0.016795,-0.072104,0.001274,0.001521
0,0.117309,0.149439,0.163515,0.254516,0.167554,0.288064,0.002047,0.002608
0,-0.00812,0.139953,-0.14834,0.0011,-0.148857,0.040136,0.000142,0.002443
0,0.081781,-0.027408,0.073165,-0.156882,0.115608,-0.126939,0.001427,0.000478
0,-0.01713,-0.066107,-0.110563,-0.046391,-0.132518,-0.007622,0.000299,0.001154
0,0.006282,-0.116473,0.022962,-0.053384,-0.020996,-0.055331,0.00011,0.002033
0,-0.070489,0.115386,-0.05333,0.242909,-0.091752,0.197666,0.00123,0.002014
0,-0.104309,-0.020607,-0.053682,-0.165988,-0.061075,-0.201981,0.001821,0.00036
0,-0.056737,-0.142574,0.038132,-0.098039,0.044245,-0.081127,0.00099,0.002488
0,-0.033647,0.018168,0.011072,0.187244,-0.007827,0.216527,0.000587,0.000317
0,-0.023884,0.013002,-0.014408,-0.026448,-0.056829,-0.054071,0.000417,0.000227
0,-0.023978,0.011531,-0.01941,0.027665,0.022718,0.062303,0.000418,0.000201
0,-0.0124,0.035925,-0.009936,0.052662,-0.054523,0.032202,0.000216,0.000627
0,-0.064995,-0.133746,-0.051029,-0.179568,-0.081075,-0.15156,0.001134,0.002334
0,0.096348,-0.156716,0.169681,0.004392,0.195513,0.027849,0.001682,0.002735
0,-0.086127,-0.007986,-0.179193,0.167078,-0.216991,0.141331,0.001503,0.000139
0,0.065853,-0.045822,0.145947,-0.032271,0.162016,-0.049743,0.001149,0.0008
0,-0.099629,-0.009954,-0.156221,0.017625,-0.176467,0.035797,0.001739,0.000174
0,-0.045851,-0.105536,0.049452,-0.083423,0.080228,-0.111754,0.0008,0.001842
0,0.033695,-0.190434,0.092575,-0.060231,0.1211,-0.091699,0.000588,0.003324
0,-0.01986,-0.113075,-0.046772,0.104483,-0.078157,0.1315,0.000347,0.001974
0,-0.050565,-0.089624,-0.018645,0.014316,-0.025802,0.010748,0.000883,0.001564
0,0.069901,-0.179978,0.121022,-0.084213,0.11585,-0.122169,0.00122,0.003141
0,0.136103,-0.111702,0.088629,0.07889,0.106029,0.079369,0.002375,0.00195
0,0.207272,-0.080454,0.07296,0.002096,0.115445,-0.025049,0.003618,0.001404
0,-0.013716,-0.029437,-0.213386,0.069184,-0.178756,0.111743,0.000239,0.000514
0,0.204373,-0.001704,0.238373,0.024645,0.195176,-0.013333,0.003567,3e-05
0,0.117836,-0.108577,-0.115156,-0.116275,-0.112161,-0.090677,0.002057,0.001895
0,-0.139093,-0.033198,-0.241222,0.098293,-0.192896,0.102777,0.002428,0.000579
0,-0.108693,-0.179483,0.027388,-0.156086,0.032078,-0.198704,0.001897,0.003133
0,-0.070207,0.019436,0.043988,0.176473,0.069429,0.17812,0.001225,0.000339
0,-0.003689,0.129159,0.058849,0.128598,0.084225,0.156794,6.4e-05,0.002254
0,0.030551,0.129675,0.020532,0.003022,-0.016833,-0.017967,0.000533,0.002263
0,-0.04164,-0.093755,-0.055661,-0.219415,-0.045946,-0.255291,0.000727,0.001636
0,-0.170748,-0.137294,-0.156876,-0.041994,-0.158762,-0.027317,0.00298,0.002396
0,-0.199535,-0.060362,-0.027334,0.078866,0.009304,0.091991,0.003483,0.001054
0,-0.167163,-0.131015,0.055789,-0.093369,0.036541,-0.128761,0.002918,0.002287
0,-0.257119,0.100717,-0.097352,0.204907,-0.141625,0.190188,0.004488,0.001758
0,-0.014437,-0.10418,0.248701,-0.17778,0.261163,-0.212092,0.000252,0.001818
0,-0.08101,-0.005671,-0.083288,0.091021,-0.048478,0.092436,0.001414,9.9e-05
0,-0.156921,0.115883,-0.068994,0.09912,-0.101371,0.095729,0.002739,0.002023
0,-0.144238,-0.077218,0.010076,-0.207249,-0.000647,-0.157326,0.002517,0.001348
0,-0.039607,-0.070586,0.124103,0.033407,0.112093,0.0645,0.000691,0.001232
0,-0.206764,-0.082052,-0.166342,0.009816,-0.193816,-0.029601,0.003609,0.001432
0,-0.00354,0.012327,0.189942,0.089446,0.212297,0.086953,6.2e-05,0.000215
0,0.015806,0.978905,0.043736,0.968522,-0.001073,0.998255,0.000276,0.004995
0,0.180811,1.651876,0.145022,0.679542,0.188423,0.674168,0.003156,0.00465
0,0.507454,1.60202,0.325996,-0.078964,0.290779,-0.058774,0.003234,0.00378
0,0.521777,2.233253,0.038871,0.621757,0.086485,0.631695,0.002984,0.002706
0,0.371419,1.88947,-0.143027,-0.336896,-0.093636,-0.370244,0.005608,0.003294
0,0.342312,1.826412,-0.030136,-0.085314,-0.004864,-0.119094,0.005974,0.004395
0,0.189826,1.439114,-0.133791,-0.410459,-0.169682,-0.4279,0.003313,0.000936
0,0.1667,1.178573,0.002425,-0.289584,0.025807,-0.293627,0.002909,0.003611
0,0.050153,0.861039,-0.109255,-0.312203,-0.15887,-0.347773,0.000875,0.002937
0,0.02085,0.422187,-0.023564,-0.451496,-0.071783,-0.480591,0.000364,0.004722
0,0.011415,0.162574,0.003253,-0.258206,0.038524,-0.222032,0.000199,0.002837
0,0.097442,0.001056,0.077751,-0.140677,0.040715,-0.162211,0.001701,1.8e-05
0,0.275635,-0.084457,0.193404,-0.062748,0.198447,-0.084865,0.004811,0.001474
0,0.211139,-0.125234,-0.053692,-0.038367,-0.047198,-0.079958,0.003685,0.002186
0,0.023047,-0.065737,-0.196567,0.074548,-0.164192,0.075242,0.000402,0.001147
0,0.136658,0.156896,0.131639,0.194675,0.101703,0.211243,0.002385,0.002738
0,0.024977,0.019955,-0.08221,-0.155178,-0.06311,-0.195828,0.000436,0.000348
0,0.106382,-0.01094,0.068429,-0.008636,0.048578,-0.039444,0.001857,0.000191
0,0.228077,0.136256,0.097096,0.158356,0.130747,0.134343,0.003981,0.002378
0,0.197972,0.039181,-0.049811,-0.077746,-0.093327,-0.064788,0.003455,0.000684
0,0.169606,-0.008674,-0.054715,-0.036812,-0.094846,0.007656,0.00296,0.000151
0,0.222532,0.100978,0.04617,0.113182,0.021578,0.132602,0.003884,0.001762
0,0.203784,0.016214,-0.033357,-0.070043,-0.055523,-0.025054,0.003557,0.000283
0,0.095679,-0.10961,-0.124588,-0.144603,-0.115851,-0.138847,0.00167,0.001913
0,0.178418,-0.122496,0.080481,0.011173,0.095517,0.047901,0.003114,0.002138
0,0.11247,0.118992,-0.066528,0.226073,-0.069385,0.199039,0.001963,0.002077
0,0.147281,-0.113943,0.03771,-0.209048,0.030806,-0.207855,0.002571,0.001989
0,0.398985,0.008377,0.279029,0.121901,0.248661,0.124527,0.005127,0.000146
0,0.21548,0.038969,-0.179787,0.030506,-0.138426,0.011156,0.003761,0.00068
0,0.291616,0.046176,0.091435,-0.006874,0.09264,0.002213,0.00509,0.000806
0,0.300741,0.086837,0.022626,0.02688,0.059445,0.00826,0.005249,0.001516
0,1.030459,0.783305,0.740607,0.680758,0.735991,0.646837,0.005894,0.001581
0,1.617263,0.947729,0.557923,0.144571,0.518361,0.168384,0.004046,0.004451
0,1.726316,1.02236,0.113683,0.090511,0.137443,0.079599,0.005949,0.005753
0,1.812331,1.004015,0.076577,0.001483,0.107175,0.014551,0.00464,0.005433
0,1.902783,1.027532,0.090857,0.048531,0.102211,0.013517,0.003062,0.005843
0,1.913652,1.051335,-0.016748,0.00707,-0.001281,0.036693,0.002872,0.005832
0,1.699765,0.92088,-0.229645,-0.120898,-0.239448,-0.123727,0.005486,0.003982
0,1.041526,0.781024,-0.635154,-0.135769,-0.634649,-0.103982,0.006003,0.001541
0,0.348358,0.818744,-0.722323,0.063423,-0.731755,0.059482,0.00601,0.002199
0,0.329541,0.630286,-0.034241,-0.164535,-0.015963,-0.197311,0.005752,0.00109
0,0.181603,0.217103,-0.168817,-0.384498,-0.190969,-0.341148,0.00317,0.003789
0,-0.151507,0.31359,-0.34622,0.069449,-0.303179,0.118668,0.002644,0.005473
0,-0.144487,0.159417,0.018155,-0.178466,-0.026522,-0.138846,0.002522,0.002782
0,-0.265956,0.045447,-0.105018,-0.094376,-0.080292,-0.097573,0.004642,0.000793
0,-0.333117,-0.069967,-0.067733,-0.128957,-0.047121,-0.079513,0.005814,0.001221
0,1.030401,-0.470989,1.357368,-0.371967,1.383766,-0.36612,0.005893,0.00387
0,1.125686,-0.674782,0.08704,-0.218515,0.086708,-0.203376,0.004534,0.000313
0,0.950728,-1.058034,-0.161082,-0.356133,-0.206076,-0.337165,0.004503,0.005715
0,1.117048,-0.909179,0.164153,0.163987,0.124252,0.181561,0.004685,0.003778
0,1.047487,-1.01247,-0.089659,-0.091671,-0.079317,-0.085991,0.005899,0.00558
0,0.687952,-0.837193,-0.342245,0.145314,-0.360263,0.192102,8.3e-05,0.002521
0,0.615702,-0.36152,-0.058989,0.478068,-0.095994,0.442135,0.001344,0.005781
0,0.437541,-0.377787,-0.180891,-0.021723,-0.21389,0.00936,0.004454,0.005497
0,0.273817,0.040388,-0.149287,0.415633,-0.168294,0.46092,0.004779,0.000705
0,0.10034,-0.198,-0.203148,-0.226887,-0.252869,-0.205566,0.001751,0.003456
0,-0.053197,0.008541,-0.133744,0.228042,-0.1758,0.225594,0.000928,0.000149
0,-0.057462,0.105549,-0.01902,0.11173,0.003932,0.15148,0.001003,0.001842
0,-0.100392,-0.063461,-0.055718,-0.155294,-0.04531,-0.189791,0.001752,0.001108
0,-0.233035,0.20289,-0.14678,0.253706,-0.136867,0.280668,0.004067,0.003541
0,-0.205054,0.150962,0.032545,-0.034089,-0.003788,-0.043299,0.003579,0.002635
0,-0.084436,0.214434,0.133781,0.071996,0.15786,0.063522,0.001474,0.003743
0,-0.108895,0.093636,-0.018331,-0.12989,-0.02724,-0.127311,0.001901,0.001634
0,-0.008173,0.218672,0.071849,0.136606,0.066669,0.158979,0.000143,0.003817
0,-0.231129,0.003566,-0.201126,-0.226997,-0.217786,-0.191607,0.004034,6.2e-05
0,-0.096053,0.128672,0.107252,0.117111,0.084943,0.069852,0.001676,0.002246
0,-0.094517,-0.042982,0.004148,-0.195834,-0.023843,-0.232215,0.00165,0.00075
0,-0.022177,0.031043,0.047035,0.083409,0.055335,0.098098,0.000387,0.000542
0,-0.030859,0.101693,-0.010108,0.056347,-0.05754,0.100626,0.000539,0.001775
0,-0.055603,0.071951,-0.0371,-0.035612,-0.071101,-0.045197,0.00097,0.001256
0,-0.109681,0.035621,-0.059393,-0.055592,-0.084452,-0.037122,0.001914,0.000622
0,-0.118919,-0.031993,0.019797,-0.067059,0.00671,-0.055867,0.002076,0.000558
0,0.03196,0.198143,0.144552,0.257776,0.141617,0.288173,0.000558,0.003458
0,-0.152348,0.032221,-0.174741,-0.153959,-0.163988,-0.111825,0.002659,0.000562
0,-0.112581,0.137065,0.052968,0.112298,0.069285,0.097911,0.001965,0.002392
0,-0.150544,0.014355,-0.049202,-0.114283,-0.061299,-0.146634,0.002627,0.000251
0,0.020702,0.079667,0.191305,0.03573,0.222346,0.00724,0.000361,0.00139
0,-0.159946,-0.068541,-0.173524,-0.127432,-0.145228,-0.138442,0.002792,0.001196
0,-0.137504,0.184126,0.049066,0.224552,0.053475,0.236101,0.0024,0.003214
0,-0.162611,-0.036445,-0.00114,-0.214135,0.016575,-0.226215,0.002838,0.000636
0,-0.0393,0.156375,0.126946,0.1647,0.102102,0.148307,0.000686,0.002729
0,-0.071725,0.04519,-0.055823,-0.13393,-0.029886,-0.180562,0.001252,0.000789
0,-0.04864,0.084235,0.024626,0.064374,0.012507,0.020812,0.000849,0.00147
0,-0.10822,-0.022941,-0.070292,-0.100874,-0.096945,-0.121417,0.001889,0.0004
0,-0.292887,-0.005596,-0.195651,0.016762,-0.164389,-0.001865,0.005112,9.8e-05
0,-0.220769,0.009018,0.095963,0.032461,0.104538,0.080488,0.003853,0.000157
0,-0.039126,-0.156749,0.198041,-0.16803,0.151236,-0.170729,0.000683,0.002736
0,0.01002,-0.187325,0.045643,-0.022427,0.017662,-0.013354,0.000175,0.003269
0,-0.033184,0.069243,-0.038127,0.254772,-0.044297,0.300731,0.000579,0.001209
0,-0.075239,-0.120884,-0.030936,-0.194706,0.012854,-0.202354,0.001313,0.00211
0,-0.097494,-0.057574,0.001688,0.078487,0.047169,0.045688,0.001702,0.001005
0,-0.061714,-0.183138,0.009648,-0.120428,-0.017598,-0.116009,0.001077,0.003196
0,-0.199571,-0.025223,-0.133689,0.165323,-0.126423,0.165652,0.003483,0.00044
0,-0.092762,-0.063727,0.128935,-0.011086,0.173212,-0.043962,0.001619,0.001112
0,-0.060139,-0.081233,0.046006,-0.018963,-0.003259,-0.022023,0.00105,0.001418
0,0.029785,-0.195206,0.071403,-0.115735,0.103255,-0.144276,0.00052,0.003407
0,0.059577,-0.041817,0.029318,0.152616,0.01989,0.103408,0.00104,0.00073
0,0.166632,-0.132982,0.101547,-0.063661,0.056574,-0.021806,0.002908,0.002321
0,0.133129,-0.048099,-0.027927,0.109694,0.01191,0.103022,0.002324,0.000839
0,0.132544,-0.04507,-0.003703,0.021769,0.024839,-0.018215,0.002313,0.000787
0,-0.020939,-0.237836,-0.134202,-0.218572,-0.178788,-0.194952,0.000365,0.004151
0,0.105801,-0.188537,0.153206,0.05207,0.192824,0.048857,0.001847,0.003291
0,0.175676,-0.273386,0.06026,-0.059724,0.068244,-0.034338,0.003066,0.004771
0,0.205615,-0.003957,0.033817,0.29706,-0.011354,0.249109,0.003589,6.9e-05
0,0.119887,-0.261667,-0.066349,-0.273255,-0.073151,-0.295624,0.002092,0.004567
0,-0.050764,-0.250452,-0.199154,0.005546,-0.191638,0.042612,0.000886,0.004371
0,0.203289,-0.070874,0.278065,0.191521,0.25547,0.22983,0.003548,0.001237
0,0.160604,-0.075859,-0.036171,0.004245,-0.031888,0.051327,0.002803,0.001324
0,0.122497,-0.009924,-0.028065,0.055392,-0.028859,0.032342,0.002138,0.000173
0,0.193059,-0.143247,0.067508,-0.121049,0.020422,-0.137166,0.00337,0.0025
0,-0.029175,-0.074533,-0.211762,0.069727,-0.231474,0.093317,0.000509,0.001301
0,0.187596,-0.122935,0.209841,-0.049357,0.207359,-0.02787,0.003274,0.002146
0,0.217635,-0.09205,0.058832,0.013308,0.029229,0.04615,0.003798,0.001607
0,0.017694,-0.080616,-0.20788,0.00709,-0.177404,0.048585,0.000309,0.001407
0,0.028537,-0.065267,0.019063,0.007978,0.054344,-0.037806,0.000498,0.001139
0,0.058515,-0.101613,0.008728,-0.022904,-0.036106,0.025091,0.001021,0.001773
0,0.259404,-0.173108,0.171539,-0.053476,0.157611,-0.092736,0.004527,0.003021
0,0.012011,0.068292,-0.269771,0.214832,-0.310562,0.186561,0.00021,0.001192
0,0.006119,0.067362,-0.006061,0.012315,-0.007238,0.004932,0.000107,0.001176
0,0.041518,-0.045544,0.052262,-0.124092,0.025187,-0.093116,0.000725,0.000795
0,0.253233,-0.013225,0.194153,0.043581,0.233177,0.09,0.00442,0.000231
0,0.139334,-0.029482,-0.136389,-0.034944,-0.149438,0.000956,0.002432,0.000515
0,0.176386,0.065338,0.037765,0.123398,0.073735,0.081586,0.003079,0.00114
0,-0.005258,0.030059,-0.200381,-0.019024,-0.155848,-0.034546,9.2e-05,0.000525
0,0.094065,0.076124,0.119567,0.051912,0.139943,0.067611,0.001642,0.001329
0,-0.060804,-0.137618,-0.130597,-0.242434,-0.137631,-0.285979,0.001061,0.002402
0,0.05326,-0.003563,0.117035,0.161015,0.069618,0.210716,0.00093,6.2e-05
0,-0.046754,-0.159134,-0.100074,-0.158924,-0.064629,-0.153972,0.000816,0.002777
0,0.029781,-0.085808,0.062175,0.067766,0.075729,0.113535,0.00052,0.001498
0,-0.039027,-0.083357,-0.053658,-0.011353,-0.065635,0.002663,0.000681,0.001455
0,0.022307,-0.127689,0.04688,-0.049311,0.046802,-0.087417,0.000389,0.002229
0,-0.103608,0.092828,-0.114194,0.21138,-0.128671,0.254827,0.001808,0.00162
0,-0.142233,0.102849,-0.068273,-0.019453,-0.109761,0.028178,0.002482,0.001795
0,-0.098655,-0.121598,0.072328,-0.239241,0.086693,-0.215678,0.001722,0.002122
0,-0.07469,-0.072532,0.019989,0.070379,0.028542,0.065072,0.001304,0.001266
0,0.105145,0.074232,0.153597,0.14968,0.159422,0.164781,0.001835,0.001296
0,0.023087,-0.078912,-0.073479,-0.18115,-0.036916,-0.165098,0.000403,0.001377
0,-0.021409,0.109109,-0.057049,0.210187,-0.049806,0.214303,0.000374,0.001904
0,0.111739,-0.02388,0.127943,-0.146435,0.122799,-0.158779,0.00195,0.000417
0,0.060177,-0.053703,-0.034942,-0.057844,-0.040272,-0.020789,0.00105,0.000937
0,-0.042196,0.090825,-0.11693,0.154442,-0.154022,0.118072,0.000736,0.001585
0,-0.064357,-0.015815,0.000894,-0.087742,0.038646,-0.092182,0.001123,0.000276
0,0.079503,-0.136421,0.147178,-0.141201,0.177701,-0.159313,0.001388,0.002381
0,-0.097737,-0.106781,-0.177663,0.053126,-0.145182,0.082669,0.001706,0.001864
0,-0.065121,0.044101,0.027211,0.126339,-0.02213,0.083983,0.001137,0.00077
0,-0.196424,0.057009,-0.154219,0.031881,-0.182523,0.06229,0.003428,0.000995
0,-0.175421,-0.098942,0.002568,-0.155647,0.020393,-0.198732,0.003062,0.001727
0,0.005669,-0.092316,0.167617,0.005827,0.163409,0.016723,9.9e-05,0.001611
0,0.042068,0.021996,0.023295,0.142023,0.027531,0.178125,0.000734,0.000384
0,-0.127482,-0.034738,-0.15954,-0.06087,-0.156027,-0.056263,0.002225,0.000606
0,0.031581,-0.041286,0.136754,-0.001353,0.160659,0.045207,0.000551,0.000721
0,0.014308,-0.132646,0.001518,-0.067496,-0.02882,-0.101135,0.00025,0.002315
0,0.053278,0.051892,0.068912,0.178219,0.038154,0.15716,0.00093,0.000906
0,-0.042906,-0.10211,-0.094484,-0.153066,-0.053233,-0.198964,0.000749,0.001782
0,-0.027141,-0.017424,0.025075,0.076965,-0.020888,0.053993,0.000474,0.000304
0,0.012171,-0.054052,0.030086,-0.064347,-0.017442,-0.021131,0.000212,0.000943
0,0.020395,-0.04119,0.012828,0.021798,-0.02686,0.049019,0.000356,0.000719
0,-0.015671,0.06257,-0.008422,0.093324,0.02383,0.125418,0.000274,0.001092
0,0.067796,0.119279,0.080285,0.030588,0.083964,-0.019137,0.001183,0.002082
0,0.108067,0.048816,0.010477,-0.093406,-0.021491,-0.043586,0.001886,0.000852
0,0.010715,-0.121802,-0.09479,-0.14162,-0.139897,-0.157319,0.000187,0.002126
0,-0.010765,0.039922,-0.031864,0.148164,-0.035833,0.169669,0.000188,0.000697
0,0.10027,0.017859,0.084562,-0.015682,0.069122,0.000734,0.00175,0.000312
0,-0.059485,-0.013757,-0.14807,-0.05307,-0.146899,-0.066739,0.001038,0.00024
0,-0.135812,0.063291,-0.098674,0.05048,-0.145017,0.065682,0.00237,0.001105
0,0.073694,-0.177748,0.192016,-0.264935,0.228744,-0.297599,0.001286,0.003102
0,-0.134998,0.001521,-0.1874,0.192144,-0.228653,0.150523,0.002356,2.7e-05
0,-0.019838,-0.0543,0.085853,-0.064315,0.079968,-0.085255,0.000346,0.000948
0,-0.238871,-0.085078,-0.244493,-0.048169,-0.247015,-0.076111,0.004169,0.001485
0,-0.06973,-0.13321,0.141069,-0.061411,0.125134,-0.014066,0.001217,0.002325
0,-0.027479,0.042758,0.042609,0.171082,0.088138,0.201615,0.00048,0.000746
0,-0.052035,-0.172977,-0.046464,-0.221525,-0.093257,-0.20378,0.000908,0.003019
0,-0.151522,0.107827,-0.111749,0.303553,-0.090214,0.33435,0.002645,0.001882
0,-0.007627,-0.144381,0.159938,-0.244887,0.187887,-0.199037,0.000133,0.00252
0,-0.150838,-0.144302,-0.148562,0.012329,-0.123185,0.032881,0.002633,0.002519
0,-0.056698,-0.033282,0.109326,0.126565,0.102644,0.11095,0.00099,0.000581
0,-0.105386,-0.058723,-0.067593,-0.01544,-0.021404,-0.056915,0.001839,0.001025
0,0.084233,-0.155768,0.218264,-0.093225,0.180028,-0.142749,0.00147,0.002719
0,0.130374,-0.034321,0.029021,0.110019,0.02687,0.077817,0.002275,0.000599
0,-0.105371,-0.010821,-0.220332,0.022662,-0.234055,-0.025023,0.001839,0.000189
0,-0.187877,-0.102072,-0.094478,-0.069256,-0.068605,-0.042504,0.003279,0.001781
0,-0.000484,-0.035806,0.206034,0.052685,0.167728,0.080844,8e-06,0.000625
0,-0.181143,0.015316,-0.161444,0.058354,-0.17493,0.033092,0.003162,0.000267
0,-0.18143,-0.14827,-0.004012,-0.180191,0.015058,-0.221961,0.003167,0.002588
0,0.027929,0.04801,0.233026,0.17317,0.2296,0.213085,0.000487,0.000838
0,-0.023777,0.073728,-0.058187,-0.003818,-0.069932,-0.051055,0.000415,0.001287
0,-0.042802,-0.130178,-0.025852,-0.19858,-0.05138,-0.179591,0.000747,0.002272
0,-0.199334,0.06785,-0.183965,0.203478,-0.22927,0.209739,0.003479,0.001184
0,-0.03605,0.059038,0.151241,0.018393,0.187879,-0.016654,0.000629,0.00103
0,-0.196513,-0.108708,-0.168033,-0.138959,-0.190833,-0.114356,0.00343,0.001897
0,0.036943,-0.02494,0.242499,0.058413,0.260095,0.043284,0.000645,0.000435
0,-0.221293,0.155206,-0.274007,0.174886,-0.315201,0.136113,0.003862,0.002709
0,-0.276799,-0.073743,-0.048163,-0.248605,-0.04577,-0.228639,0.004831,0.001287
0,-0.153874,0.037765,0.117732,0.100402,0.104568,0.057455,0.002686,0.000659
0,-0.209773,-0.111189,-0.038006,-0.127154,-0.063371,-0.133922,0.003661,0.001941
0,-0.049737,0.069327,0.187198,0.175868,0.178066,0.176896,0.000868,0.00121
0,0.023233,0.010139,0.062255,-0.060852,0.059095,-0.01247,0.000405,0.000177
0,-0.180854,7.1e-05,-0.230161,-0.001187,-0.251975,0.013865,0.003157,1e-06
0,-0.008437,0.089258,0.180773,0.087873,0.212363,0.096074,0.000147,0.001558
0,0.034056,-0.016322,0.040924,-0.120715,0.080797,-0.147814,0.000594,0.000285
0,-0.000709,0.063249,-0.063977,0.087667,-0.106278,0.101537,1.2e-05,0.001104
0,-0.027448,-0.025057,-0.030983,-0.077514,-0.00315,-0.075963,0.000479,0.000437
0,0.048301,0.006881,0.050659,0.013204,0.025533,-0.029355,0.000843,0.00012
0,-0.09064,-0.074991,-0.120993,-0.070289,-0.104561,-0.06871,0.001582,0.001309
0,-0.065261,0.010091,0.037178,0.064221,0.061083,0.031726,0.001139,0.000176
0,-0.10995,0.008646,-0.025934,-0.007843,-0.049071,0.038804,0.001919,0.000151
0,0.120494,-0.036204,0.254607,-0.07333,0.242361,-0.089812,0.002103,0.000632
0,-0.01047,-0.086228,-0.14462,-0.066757,-0.16491,-0.104931,0.000183,0.001505
0,-0.024935,0.15218,0.009217,0.249774,0.010622,0.225501,0.000435,0.002656
0,-0.234478,-0.082835,-0.225587,-0.249575,-0.195183,-0.296326,0.004092,0.001446
0,-0.200731,0.053406,0.053567,0.165601,0.022535,0.133522,0.003503,0.000932
0,-0.007455,0.066697,0.174604,-0.006517,0.136359,-0.00589,0.00013,0.001164
0,0.038598,0.097307,0.017319,0.017074,0.053085,0.017564,0.000674,0.001698
0,-0.219334,-0.114619,-0.265602,-0.200238,-0.236013,-0.224385,0.003828,0.002
0,-0.110194,-0.116711,0.112101,-0.003876,0.131021,0.031931,0.001923,0.002037
0,0.039758,0.081416,0.140045,0.221799,0.159164,0.199066,0.000694,0.001421
0,-0.064145,0.129315,-0.100426,0.066469,-0.0729,0.056342,0.00112,0.002257
0,-0.178946,0.073727,-0.09945,-0.063014,-0.070501,-0.104622,0.003123,0.001287
0,0.022218,-0.005906,0.214233,-0.093011,0.178118,-0.139588,0.000388,0.000103
0,-0.029567,-0.076044,-0.03262,-0.0767,-0.043729,-0.027631,0.000516,0.001327
0,-0.228741,-0.050733,-0.186015,0.046071,-0.159583,0.081574,0.003992,0.000885
0,0.001098,-0.028842,0.228976,-0.005805,0.263426,0.020301,1.9e-05,0.000503
0,-0.02462,-0.121557,-0.034304,-0.075535,-0.003149,-0.125248,0.00043,0.002122
0,0.055365,0.074695,0.097525,0.200793,0.111959,0.155515,0.000966,0.001304
0,-0.071799,0.053513,-0.105031,-0.03233,-0.068422,-0.077362,0.001253,0.000934
0,0.025577,-0.01316,0.095616,-0.086907,0.115523,-0.067878,0.000446,0.00023
0,0.176749,0.087712,0.157478,0.126955,0.147299,0.081731,0.003085,0.001531
0,-0.094692,0.06958,-0.265606,-0.045575,-0.288624,-0.068713,0.001653,0.001214
0,-0.125312,-0.072147,-0.016997,-0.128555,-0.055243,-0.148477,0.002187,0.001259
0,-0.115798,-0.009096,0.039016,0.051905,-0.009638,0.069741,0.002021,0.000159
0,-0.189742,0.094121,-0.072674,0.119876,-0.077972,0.070862,0.003312,0.001643
0,-0.203644,-0.024278,-0.026444,-0.126929,-0.064835,-0.170809,0.003554,0.000424
0,-0.100357,0.131174,0.105211,0.179842,0.107165,0.225574,0.001752,0.002289
0,0.044105,0.050569,0.118426,-0.061522,0.16737,-0.046317,0.00077,0.000883
0,-0.06155,0.074842,-0.113962,0.012016,-0.151483,0.024778,0.001074,0.001306
0,0.03161,0.090113,0.09643,-0.000987,0.075805,-0.04144,0.000552,0.001573
0,-0.001053,-0.03592,-0.030761,-0.120022,-0.036321,-0.094353,1.8e-05,0.000627
0,-0.039478,-0.022592,-0.051618,-0.003084,-0.082775,0.003273,0.000689,0.000394
0,-0.025795,0.029195,0.018027,0.042878,0.040651,0.056056,0.00045,0.00051
0,0.086234,-0.093003,0.11221,-0.103626,0.084973,-0.110935,0.001505,0.001623
0,0.079192,-0.161521,0.016752,-0.041641,0.063261,-0.057448,0.001382,0.002819
0,-0.11316,0.016854,-0.192785,0.175275,-0.212688,0.1304,0.001975,0.000294
0,0.047408,0.048064,0.188402,0.037979,0.180167,0.018289,0.000827,0.000839
0,0.030255,-0.175388,0.004065,-0.244239,0.053214,-0.231827,0.000528,0.003061
0,0.200278,-0.069016,0.188987,0.096701,0.144918,0.062761,0.003496,0.001205
0,0.093766,-0.148472,-0.124714,-0.097396,-0.162199,-0.108504,0.001637,0.002591
0,0.056259,0.056786,-0.067316,0.221174,-0.085226,0.216806,0.000982,0.000991
0,0.197176,-0.009167,0.154976,-0.045752,0.109296,-0.045955,0.003441,0.00016
0,-0.010753,0.06311,-0.197088,0.093637,-0.20276,0.065137,0.000188,0.001101
0,0.145378,-0.140132,0.138751,-0.198592,0.162968,-0.227168,0.002537,0.002446
0,-0.086725,-0.182405,-0.231422,-0.054981,-0.230016,-0.010335,0.001514,0.003184
0,0.000667,-0.044021,0.083304,0.131085,0.07751,0.126337,1.2e-05,0.000768
0,0.189154,-0.111974,0.182107,-0.07315,0.213367,-0.090668,0.003301,0.001954
0,0.228157,-0.003363,0.055515,0.093835,0.014923,0.065252,0.003982,5.9e-05
0,0.24023,0.121488,0.022163,0.10549,-0.008263,0.073427,0.004193,0.00212
0,0.116309,-0.022171,-0.143017,-0.123702,-0.179599,-0.160193,0.00203,0.000387
0,0.016743,0.171596,-0.128215,0.202898,-0.088312,0.20713,0.000292,0.002995
0,0.259873,0.029801,0.235352,-0.1447,0.269153,-0.159848,0.004536,0.00052
0,0.164044,0.08164,-0.089776,0.044543,-0.128647,0.087373,0.002863,0.001425
0,0.078557,0.159227,-0.082376,0.066217,-0.034469,0.097713,0.001371,0.002779
0,0.04067,-0.01106,-0.063028,-0.15531,-0.056277,-0.125852,0.00071,0.000193
0,0.199035,0.021928,0.147502,0.043681,0.171871,0.007109,0.003474,0.000383
0,0.18656,0.098037,-0.009956,0.066279,-0.046778,0.023285,0.003256,0.001711
0,0.257656,-0.045005,0.092277,-0.114635,0.067997,-0.115606,0.004497,0.000785
0,0.032997,-0.076108,-0.234693,-0.007549,-0.27049,-0.042026,0.000576,0.001328
0,0.160386,0.137911,0.110158,0.207335,0.159383,0.175788,0.002799,0.002407
0,0.102747,-0.084261,-0.065939,-0.222365,-0.050109,-0.235206,0.001793,0.001471
0,0.207564,-0.05847,0.080346,-0.003164,0.093976,-0.031709,0.003623,0.00102
0,0.144425,-0.007175,-0.066377,0.03902,-0.041395,0.071738,0.002521,0.000125
0,0.218332,0.048554,0.067172,0.031042,0.06593,0.046589,0.003811,0.000847
0,0.285642,0.015085,0.091259,-0.061453,0.138643,-0.018041,0.004985,0.000263
0,0.154806,0.172972,-0.156294,0.147461,-0.202617,0.139863,0.002702,0.003019
0,0.08752,0.073072,-0.052529,-0.116657,-0.089622,-0.123183,0.001528,0.001275
0,4.217572,0.356308,4.145484,0.300364,4.097081,0.278614,0.001068,0.005872
0,3.766365,0.548593,-0.460551,0.190917,-0.47403,0.149959,0.005283,0.002516
0,4.657997,0.65412,0.910003,0.080132,0.959684,0.035294,0.003336,0.000674
0,3.630673,0.642439,-1.026168,-0.029928,-1.058263,-0.011953,0.002915,0.000878
0,3.154323,0.710925,-0.496516,0.090235,-0.525809,0.132699,0.005399,0.000317
0,2.596722,0.588598,-0.581145,-0.117612,-0.540165,-0.128641,0.003041,0.001818
0,2.314118,0.483129,-0.267093,-0.10715,-0.219976,-0.09461,0.004118,0.003658
0,1.646759,0.400212,-0.691684,-0.065675,-0.711854,-0.020346,0.00456,0.005105
0,1.176808,-0.025071,-0.467841,-0.444633,-0.500876,-0.467872,0.003642,0.000438
0,0.757454,0.080811,-0.410942,0.093553,-0.373348,0.118923,0.00113,0.00141
0,0.266427,-0.195099,-0.519508,-0.258681,-0.558525,-0.231677,0.00465,0.003405
0,-0.221642,-0.085162,-0.46119,0.110827,-0.467461,0.08552,0.003868,0.001486
0,-0.308792,0.020687,-0.060158,0.120538,-0.061472,0.082896,0.005389,0.000361
0,-0.432613,0.007726,-0.150176,-0.017889,-0.133144,-0.012377,0.00454,0.000135
0,-0.248607,0.014485,0.207159,-0.018472,0.166474,-0.000198,0.004339,0.000253
0,-0.222881,-0.018651,0.026396,-0.039557,-0.000276,-0.068994,0.00389,0.000326
0,-0.251596,-0.254915,-0.008923,-0.223867,0.038455,-0.190371,0.004391,0.004449
0,-0.229765,-0.096334,0.046434,0.172878,0.067723,0.218905,0.00401,0.001681
0,-0.396307,-0.203116,-0.153462,-0.122739,-0.187419,-0.081348,0.005174,0.003545
0,-0.242649,-0.044127,0.12445,0.176687,0.120451,0.206885,0.004235,0.00077
0,-0.172955,-0.016198,0.082144,0.042394,0.09613,0.040003,0.003019,0.000283
0,-0.099838,-0.00856,0.089522,-0.016586,0.083508,0.023238,0.001743,0.000149
0,-0.215498,-0.201952,-0.139728,-0.218905,-0.154424,-0.205625,0.003761,0.003525
0,-0.099259,-0.1923,0.100957,0.017117,0.09692,0.03661,0.001732,0.003356
0,-0.177353,-0.222796,-0.102932,-0.011873,-0.087512,0.03353,0.003095,0.003889
0,-0.059249,-0.180646,0.130175,0.018508,0.096836,0.051844,0.001034,0.003153
0,-0.103563,0.031203,-0.040143,0.211311,-0.035374,0.183889,0.001808,0.000545
0,-0.0481,-0.216946,0.082932,-0.218281,0.111955,-0.244859,0.00084,0.003786
0,0.023039,0.047505,0.046227,0.236057,0.01522,0.224995,0.000402,0.000829
0,-0.166679,0.040878,-0.174458,-0.00991,-0.218911,-0.053104,0.002909,0.000713
0,-0.078399,-0.174133,0.111088,-0.199261,0.112541,-0.181893,0.001368,0.003039
0,-0.118454,-0.079185,-0.068811,0.103677,-0.048993,0.055983,0.002067,0.001382
0,-0.183733,-0.027778,-0.044455,0.078416,-0.072289,0.08458,0.003207,0.000485
0,-0.014758,-0.004926,0.163177,0.030557,0.157706,-0.015637,0.000258,8.6e-05
0,-0.158687,0.026818,-0.121957,0.018711,-0.140424,0.049672,0.00277,0.000468
0,-0.202405,-0.138566,-0.029977,-0.165522,-0.01736,-0.16577,0.003533,0.002418
0,-0.119141,-0.152018,0.086061,-0.009637,0.049417,-0.0274,0.002079,0.002653
0,0.057783,0.033073,0.150229,0.203535,0.156778,0.175378,0.001008,0.000577
0,0.071991,-0.08397,0.026691,-0.124503,0.009625,-0.168803,0.001256,0.001466
0,0.130638,-0.183392,0.038263,-0.12112,0.038051,-0.131126,0.00228,0.003201
0,0.4097,-0.441053,0.281904,-0.229517,0.305353,-0.25702,0.00494,0.004393
0,0.276311,-0.275149,-0.154404,0.187873,-0.149287,0.176531,0.004823,0.004802
0,0.487717,-0.647743,0.236435,-0.370497,0.271963,-0.401249,0.003578,0.000785
0,0.466852,-0.49285,-0.024459,0.148305,-0.067052,0.122003,0.003942,0.003489
0,0.144151,-0.26057,-0.308365,0.259223,-0.299965,0.234171,0.002516,0.004548
0,0.30272,-0.414299,0.142186,-0.130458,0.106773,-0.105712,0.005283,0.00486
0,0.22094,-0.127682,-0.086971,0.287395,-0.039485,0.290379,0.003856,0.002228
0,0.102938,-0.083392,-0.113313,0.057654,-0.102638,0.057495,0.001797,0.001455
0,0.109244,-0.14798,0.032385,-0.084645,0.006095,-0.071752,0.001907,0.002583
0,0.023054,-0.160012,-0.079701,-0.038832,-0.117413,0.007258,0.000402,0.002793
0,0.282487,0.087029,0.275422,0.238974,0.323053,0.205248,0.00493,0.001519
0,0.079329,0.04906,-0.173737,-0.056615,-0.179798,-0.022013,0.001385,0.000856
0,0.018779,0.012229,-0.083736,-0.030489,-0.046471,-0.027623,0.000328,0.000213
0,0.01637,0.021779,-0.000367,0.002151,0.0228,0.010224,0.000286,0.00038
0,0.197928,0.150281,0.184192,0.106987,0.217203,0.116675,0.003454,0.002623
0,0.196641,0.168939,-0.028831,0.048354,-0.030772,0.04996,0.003432,0.002949
0,0.005545,0.123931,-0.175623,-0.069094,-0.204565,-0.066208,9.7e-05,0.002163
0,-0.004761,0.153223,0.016485,0.003492,-0.00481,0.014131,8.3e-05,0.002674
0,0.212243,0.013857,0.245233,-0.138522,0.204518,-0.112721,0.003704,0.000242
0,0.171611,-0.043307,-0.013163,-0.036306,0.032067,-0.012225,0.002995,0.000756
0,0.128431,0.107513,-0.040202,0.131368,-0.084447,0.123576,0.002242,0.001876
0,0.010625,-0.02517,-0.127694,-0.119214,-0.15013,-0.088285,0.000185,0.000439
0,0.062488,-0.072872,0.067814,-0.057123,0.114593,-0.105586,0.001091,0.001272
0,0.012713,0.130461,-0.046326,0.22005,-0.096029,0.187898,0.000222,0.002277
0,0.202158,0.001386,0.195401,-0.140019,0.213019,-0.096138,0.003528,2.4e-05
0,0.139065,-0.03018,-0.043921,-0.059941,-0.019133,-0.102535,0.002427,0.000527
0,0.123081,-0.021273,-0.043337,0.013606,-0.005467,-0.004784,0.002148,0.000371
0,0.053485,0.001836,-0.052809,0.048947,-0.074694,0.089353,0.000933,3.2e-05
0,0.236596,-0.032985,0.159209,-0.036824,0.114113,-0.074293,0.004129,0.000576
0,0.058774,-0.037181,-0.182323,0.004955,-0.210476,0.032772,0.001026,0.000649
0,0.072307,0.120735,-0.013395,0.131037,-0.059007,0.134798,0.001262,0.002107
0,0.197987,0.10235,0.102878,-0.003396,0.086101,-0.018923,0.003456,0.001786
0,0.312627,0.142113,0.11911,0.038739,0.14586,0.072893,0.005456,0.00248
0,0.030883,-0.098171,-0.295839,-0.244026,-0.286532,-0.245475,0.000539,0.001713
0,0.240337,0.143325,0.217076,0.243471,0.255044,0.19967,0.004195,0.002501
0,0.095978,0.010635,-0.126612,-0.137892,-0.173388,-0.092301,0.001675,0.000186
0,0.053993,0.041463,-0.017706,0.030951,-0.023686,0.006733,0.000942,0.000724
0,0.091463,-0.167802,0.018558,-0.18569,-0.004157,-0.195154,0.001596,0.002929
0,0.125124,-0.175128,0.020913,0.021061,0.021875,0.002881,0.002184,0.003057
0,0.15749,-0.172351,0.010683,-0.017091,-0.031236,0.006353,0.002749,0.003008
0,0.19523,0.044618,0.035866,0.196117,0.076198,0.213269,0.003407,0.000779
0,0.282217,-0.217565,0.111446,-0.270325,0.072436,-0.232303,0.004926,0.003797
0,0.310358,-0.192384,0.012138,0.00098,0.033527,0.036026,0.005417,0.003358
0,0.195104,-0.115529,-0.097651,0.054067,-0.060807,0.044035,0.003405,0.002016
0,0.22003,-0.152784,0.035003,-0.033833,0.065333,0.00999,0.00384,0.002667
0,0.323946,0.009552,0.096058,0.137428,0.10472,0.176804,0.005654,0.000167
0,0.106578,-0.068156,-0.247243,-0.050628,-0.273104,-0.074513,0.00186,0.00119
0,0.345694,-0.053842,0.250151,0.041886,0.219434,0.042634,0.006034,0.00094
0,0.292762,-0.056825,-0.080585,0.021584,-0.06303,0.052374,0.00511,0.000992
0,0.195235,-0.016191,-0.099603,0.042386,-0.088054,0.057278,0.003407,0.000283
0,0.167062,0.058072,-0.045159,0.101567,-0.045267,0.143473,0.002916,0.001014
0,0.147804,0.015248,0.010002,-0.042498,-0.015498,-0.016376,0.00258,0.000266
0,0.262101,-0.024787,0.092891,-0.027154,0.068176,0.013305,0.004575,0.000433
0,0.189891,-0.120229,-0.056602,-0.09835,-0.037461,-0.146916,0.003314,0.002098
0,0.315502,-0.256778,0.125063,-0.113449,0.09603,-0.109279,0.005507,0.004482
0,0.188286,-0.143355,-0.11344,0.085355,-0.122621,0.058359,0.003286,0.002502
0,0.404272,0.011282,0.205665,0.18294,0.253309,0.161187,0.005035,0.000197
0,0.19404,0.01284,-0.189561,0.013033,-0.19647,0.028386,0.003387,0.000224
0,0.113711,-0.049802,-0.107958,-0.062699,-0.126728,-0.069254,0.001985,0.000869
0,0.261579,-0.154315,0.163581,-0.121055,0.197473,-0.076636,0.004565,0.002693
0,0.077156,0.005387,-0.182628,0.153809,-0.136422,0.129141,0.001347,9.4e-05
0,0.185839,0.052227,0.089461,0.029172,0.044143,0.025946,0.003243,0.000912
0,0.152436,-0.137456,-0.008354,-0.218203,0.011779,-0.172018,0.002661,0.002399
0,-0.005139,-0.188764,-0.162942,-0.074192,-0.171176,-0.099967,9e-05,0.003295
0,0.006944,0.100017,0.039765,0.312524,0.022701,0.326689,0.000121,0.001746
0,-0.0591,0.039224,-0.059824,-0.052944,-0.06317,-0.06891,0.001031,0.000685
0,0.121882,0.103994,0.171056,0.048918,0.133837,0.025021,0.002127,0.001815
0,-0.012174,-0.018296,-0.111657,-0.118724,-0.114102,-0.159638,0.000212,0.000319
0,0.1143,-0.02406,0.154561,-0.02307,0.11888,-0.036962,0.001995,0.00042
0,-0.035155,-0.026853,-0.149302,0.007732,-0.149139,0.040274,0.000614,0.000469
0,0.019563,-0.099669,0.062145,-0.093673,0.08113,-0.046904,0.000341,0.00174
0,0.144032,0.064965,0.126724,0.179323,0.105488,0.152423,0.002514,0.001134
0,0.10409,0.14867,-0.039815,0.09503,0.000306,0.080987,0.001817,0.002595
0,0.019111,-0.156038,-0.099514,-0.316907,-0.109588,-0.349431,0.000334,0.002723
0,0.135241,-0.010338,0.102258,0.151827,0.071537,0.128258,0.00236,0.00018
0,0.180733,-0.094077,0.018306,-0.10989,-0.031227,-0.15447,0.003154,0.001642
0,0.201675,0.140173,0.002034,0.240503,0.027214,0.264042,0.00352,0.002446
0,0.180416,0.144888,-0.027966,0.001931,0.003753,-0.038507,0.003149,0.002529
0,0.074143,0.087828,-0.078003,-0.06413,-0.055626,-0.105725,0.001294,0.001533
0,2.2109,0.710756,2.146161,0.648467,2.112845,0.666423,0.002316,0.000315
0,2.16229,1.224315,-0.023421,0.532187,-0.048968,0.484717,0.001468,0.002813
0,2.36794,1.064794,0.192761,-0.158183,0.204337,-0.140833,0.005057,0.005597
0,2.458057,0.816095,0.077997,-0.22363,0.125439,-0.185766,0.005461,0.002153
0,2.024208,0.686312,-0.415794,-0.145641,-0.425007,-0.161465,0.000942,0.000112
0,1.621168,0.537242,-0.37387,-0.152654,-0.38577,-0.135124,0.004114,0.002714
0,1.144555,0.362042,-0.447661,-0.160902,-0.412179,-0.192888,0.004205,0.005772
0,0.582996,0.271918,-0.564983,-0.115348,-0.555778,-0.164614,0.001915,0.004746
0,0.135731,0.137687,-0.438332,-0.11381,-0.455485,-0.156666,0.002369,0.002403
0,-0.054647,0.193127,-0.204988,0.039799,-0.244913,0.009664,0.000954,0.003371
0,-0.144729,-0.060945,-0.112649,-0.278917,-0.149532,-0.249337,0.002526,0.001064
0,-0.290625,0.13971,-0.129647,0.198526,-0.171826,0.223238,0.005072,0.002438
0,-0.214598,0.096441,0.079365,-0.013808,0.099702,-0.017075,0.003745,0.001683
0,-0.13026,-0.044254,0.071251,-0.11838,0.098787,-0.156769,0.002273,0.000772
0,-0.401071,-0.115523,-0.242176,-0.096603,-0.269546,-0.144005,0.00509,0.002016
0,-0.153057,0.129915,0.265516,0.249847,0.218053,0.281686,0.002671,0.002267
0,-0.162279,-0.1435,0.010738,-0.255192,-0.004362,-0.288047,0.002832,0.002505
0,-0.061812,0.082983,0.093465,0.225441,0.061468,0.265155,0.001079,0.001448
0,-0.08556,0.037938,-0.042225,-0.071323,-0.088903,-0.114323,0.001493,0.000662
0,-0.243004,-0.090208,-0.144385,-0.103398,-0.171368,-0.097546,0.004241,0.001574
0,-0.098655,0.070698,0.143489,0.176402,0.140641,0.17038,0.001722,0.001234
0,-0.077426,-0.081133,0.022313,-0.17888,0.037411,-0.130633,0.001351,0.001416
0,-0.200267,-0.02662,-0.098968,0.030971,-0.078321,0.020805,0.003495,0.000465
0,-0.125299,0.064683,0.078743,0.101557,0.082115,0.071626,0.002187,0.001129
0,-0.289281,0.012256,-0.1428,-0.060267,-0.167676,-0.055363,0.005049,0.000214
0,-0.128852,0.153932,0.176949,0.135281,0.176531,0.142987,0.002249,0.002687
0,-0.082537,-0.107929,0.061187,-0.266539,0.070525,-0.310419,0.001441,0.001884
0,-0.031503,0.076983,0.080569,0.168841,0.060211,0.132399,0.00055,0.001344
0,-0.128202,0.179031,-0.070109,0.092637,-0.066285,0.118368,0.002238,0.003125
0,-0.007717,0.153179,0.131231,-0.047084,0.113596,-0.07073,0.000135,0.002673
0,-0.100146,0.179805,-0.077687,0.020916,-0.119273,0.062784,0.001748,0.003138
0,0.097421,-0.048506,0.184933,-0.249677,0.222481,-0.203165,0.0017,0.000847
0,0.055946,-0.028827,-0.059919,0.034608,-0.105062,0.06334,0.000976,0.000503
0,-0.087381,-0.064944,-0.162022,-0.007093,-0.204037,0.038694,0.001525,0.001133
0,0.126267,0.129259,0.211904,0.219917,0.254858,0.19492,0.002204,0.002256
0,0.021489,-0.070593,-0.120992,-0.227883,-0.140356,-0.232449,0.000375,0.001232
0,0.113261,-0.03749,0.090122,0.058937,0.072603,0.032628,0.001977,0.000654
0,0.048846,0.014633,-0.057228,0.027351,-0.031712,0.03302,0.000853,0.000255
0,-0.127533,0.014432,-0.200343,0.028057,-0.210183,0.034925,0.002226,0.000252
0,-0.054597,0.140563,0.066589,0.112069,0.080391,0.093981,0.000953,0.002453
0,-0.060815,0.093933,0.011841,-0.03334,-0.014112,-0.035009,0.001061,0.001639
0,0.059999,-0.022975,0.110899,-0.106945,0.065405,-0.115359,0.001047,0.000401
0,-0.028943,0.026186,-0.064971,0.039395,-0.030042,0.023027,0.000505,0.000457
0,-0.134322,0.158948,-0.108947,0.115736,-0.119381,0.082142,0.002344,0.002774
0,0.060911,-0.032699,0.186842,-0.217817,0.20406,-0.233482,0.001063,0.000571
0,-0.064279,-0.103473,-0.154294,-0.083135,-0.197944,-0.114067,0.001122,0.001806
0,0.035569,0.026406,0.081221,0.130786,0.062212,0.119231,0.000621,0.000461
0,0.097619,-0.022027,0.080178,-0.025856,0.050278,-0.039961,0.001704,0.000384
0,-0.137852,0.124276,-0.23612,0.140419,-0.245079,0.168293,0.002406,0.002169
0,-0.007861,-0.11443,0.120078,-0.214529,0.133472,-0.256492,0.000137,0.001997
0,-0.040514,-0.115346,-0.019417,0.019674,-0.024608,0.057777,0.000707,0.002013
0,-0.04837,0.000664,0.011085,0.093157,-0.018224,0.083328,0.000844,1.2e-05
0,0.111002,-0.044166,0.153186,-0.069522,0.153401,-0.025295,0.001937,0.000771
0,-0.112571,0.083024,-0.211704,0.105541,-0.186134,0.057395,0.001965,0.001449
0,-0.155104,0.060645,-0.072224,-0.00591,-0.040494,-0.008884,0.002707,0.001058
0,0.052803,-0.036512,0.213767,-0.111129,0.24361,-0.134023,0.000922,0.000637
0,-0.024014,-0.15134,-0.096851,-0.087054,-0.068725,-0.041359,0.000419,0.002641
0,-0.011302,-0.074943,0.01429,0.067121,-0.019927,0.057258,0.000197,0.001308
0,-0.206395,-0.036534,-0.211674,0.013679,-0.247664,0.011668,0.003602,0.000638
0,0.056198,0.107826,0.234843,0.166688,0.260122,0.164538,0.000981,0.001882
0,0.04395,0.070967,-0.0023,-0.058045,-0.051073,-0.062071,0.000767,0.001239
0,0.08532,0.078737,0.034435,0.020095,0.068689,0.001636,0.001489,0.001374
0,-0.022266,-0.056546,-0.117967,-0.154283,-0.111826,-0.135915,0.000389,0.000987
0,-0.209161,0.118102,-0.210886,0.178848,-0.188419,0.186737,0.003651,0.002061
0,0.05761,0.103924,0.29516,-0.00715,0.318932,-0.000933,0.001005,0.001814
0,0.023768,0.045821,-0.017231,-0.082347,0.006377,-0.128742,0.000415,0.0008
0,0.02815,-0.047585,0.000911,-0.098935,0.04735,-0.113045,0.000491,0.000831
0,-0.218958,0.115368,-0.220781,0.181263,-0.250054,0.215646,0.003822,0.002014
0,-0.217394,-0.022159,0.014459,-0.111926,0.002355,-0.105406,0.003794,0.000387
0,-0.132159,0.126547,0.101832,0.129973,0.118126,0.118917,0.002307,0.002209
0,-0.253657,0.113818,-0.138659,-0.037641,-0.123864,-0.041337,0.004427,0.001986
0,0.046426,-0.040416,0.290923,-0.152948,0.309046,-0.191158,0.00081,0.000705
0,-0.082796,-0.061564,-0.137412,0.007258,-0.184739,0.027801,0.001445,0.001074
0,0.019533,-0.065681,0.116557,0.003923,0.098694,-0.011408,0.000341,0.001146
0,-0.007121,0.167617,-0.009499,0.215054,-0.033325,0.179973,0.000124,0.002925
0,0.052666,0.183842,0.059506,-0.000676,0.082763,0.026584,0.000919,0.003209
0,-0.178961,0.118074,-0.226016,-0.056397,-0.203033,-0.020039,0.003123,0.002061
0,-0.081697,0.171874,0.086394,0.028929,0.070674,0.065644,0.001426,0.003
0,0.007803,0.170706,0.082559,0.015408,0.09996,0.03248,0.000136,0.002979
0,-0.026933,0.170653,-0.033179,0.018453,-0.06726,0.059857,0.00047,0.002978
0,0.119263,-0.062816,0.122401,-0.259343,0.160707,-0.225574,0.002082,0.001096
0,0.070114,0.167028,-0.039417,0.239965,-0.026439,0.245406,0.001224,0.002915
0,0.041873,-0.100391,-0.039529,-0.293676,-0.058562,-0.287669,0.000731,0.001752
0,-0.074805,-0.060236,-0.109959,0.034649,-0.130785,0.033887,0.001306,0.001051
0,0.062859,-0.02767,0.125548,0.048968,0.11539,0.021412,0.001097,0.000483
0,-0.239485,-0.063174,-0.327705,-0.042573,-0.376667,-0.065609,0.00418,0.001103
0,0.003355,0.192886,0.23899,0.283558,0.283856,0.292631,5.9e-05,0.003366
0,-0.110984,0.083931,-0.105342,-0.114285,-0.100223,-0.094281,0.001937,0.001465
0,-0.003104,0.165771,0.118488,0.084745,0.108179,0.039595,5.4e-05,0.002893
0,0.035535,-0.023404,0.048468,-0.166849,0.070249,-0.151347,0.00062,0.000408
0,0.050956,-0.001877,-0.001237,0.035274,0.041494,0.01939,0.000889,3.3e-05
0,0.098218,0.039795,0.061335,0.055419,0.104805,0.06366,0.001714,0.000695
0,0.028353,-0.105159,-0.067555,-0.152373,-0.03735,-0.166961,0.000495,0.001835
0,-0.139551,-0.084394,-0.156378,0.014633,-0.189191,0.051889,0.002436,0.001473
0,0.047181,0.000735,0.198193,0.073084,0.181826,0.0442,0.000823,1.3e-05
0,-0.020929,0.101495,-0.044598,0.130122,-0.057451,0.120587,0.000365,0.001771
0,-0.237542,0.042238,-0.230436,-0.037785,-0.205128,-0.076386,0.004146,0.000737
0,-0.09924,-0.028168,0.129474,-0.072336,0.137598,-0.03605,0.001732,0.000492
0,-0.261135,0.148331,-0.146396,0.201728,-0.169327,0.153225,0.004558,0.002589
0,-0.174667,0.163508,0.114141,-0.014149,0.082004,-0.034881,0.003049,0.002854
0,-0.236679,0.165608,-0.069056,0.015741,-0.098283,-0.033642,0.004131,0.00289
0,-0.269684,0.010478,-0.007275,-0.157128,0.006025,-0.20259,0.004707,0.000183
0,-0.231293,0.042614,0.030585,0.004684,-0.009989,0.050127,0.004037,0.000744
0,-0.130494,0.077314,0.100042,0.019501,0.094491,0.034714,0.002278,0.001349
0,-0.035866,0.097453,0.124546,0.017187,0.091457,0.051785,0.000626,0.001701
0,-0.012693,-0.007443,0.048857,-0.125845,0.008977,-0.093754,0.000222,0.00013
0,-0.104777,-0.041867,-0.083659,-0.033949,-0.059626,-0.026291,0.001829,0.000731
0,0.022205,0.009189,0.134355,0.03464,0.145996,0.018885,0.000388,0.00016
0,-0.181018,0.174715,-0.178468,0.139596,-0.209661,0.144207,0.003159,0.003049
0,-0.152744,0.138247,0.03822,-0.013782,0.085192,0.006733,0.002666,0.002413
0,-0.133454,-0.047302,0.005432,-0.181824,-0.035681,-0.185554,0.002329,0.000826
0,-0.023088,-0.050938,0.086346,-0.003331,0.063549,-0.010452,0.000403,0.000889
0,-0.128882,-0.068818,-0.095927,-0.010936,-0.086905,-0.007902,0.002249,0.001201
0,-0.012791,0.012846,0.086944,0.080198,0.07996,0.078736,0.000223,0.000224
0,0.035593,0.114759,0.050255,0.09858,0.067154,0.070336,0.000621,0.002003
0,0.166116,0.009498,0.116976,-0.133262,0.073338,-0.122206,0.002899,0.000166
0,0.094769,0.061114,-0.085801,0.034191,-0.052196,-0.003501,0.001654,0.001067
0,-0.064501,0.077577,-0.135823,0.033716,-0.171885,0.009541,0.001126,0.001354
0,0.049585,0.166603,0.098241,0.094548,0.123088,0.131499,0.000865,0.002908
0,-0.036965,-0.124802,-0.065786,-0.264215,-0.095812,-0.283367,0.000645,0.002178
0,-0.047964,0.012844,-0.031811,0.128307,0.012359,0.121017,0.000837,0.000224
0,0.024936,0.013228,0.064807,-0.011531,0.08912,-0.047571,0.000435,0.000231
0,0.045348,-0.046171,0.048833,-0.036966,0.084122,-0.062124,0.000791,0.000806
0,-0.007356,0.087103,-0.037768,0.163098,-0.053803,0.20595,0.000128,0.00152
0,-0.048416,0.152703,-0.01655,0.087316,0.007094,0.107336,0.000845,0.002665
0,0.048612,0.166862,0.086595,0.023495,0.053341,0.050549,0.000848,0.002912
0,-0.030658,-0.058582,-0.066357,-0.206796,-0.107067,-0.192386,0.000535,0.001022
0,0.099116,-0.075227,0.102923,-0.03094,0.092535,-0.077294,0.00173,0.001313
0,0.165302,0.052522,0.058655,0.148545,0.059051,0.145851,0.002885,0.000917
0,-0.016086,-0.063866,-0.192415,-0.091007,-0.14409,-0.068012,0.000281,0.001115
0,0.075725,-0.129454,0.085441,-0.05272,0.109522,-0.080868,0.001322,0.002259
0,-0.181393,0.03724,-0.285994,0.152247,-0.305671,0.165107,0.003166,0.00065
0,-0.113186,-0.051742,0.055235,-0.083673,0.035683,-0.040492,0.001975,0.000903
0,-0.058551,0.12872,0.083727,0.157361,0.060157,0.203491,0.001022,0.002247
0,0.061004,0.108041,0.112743,-0.039318,0.159081,-0.005322,0.001065,0.001886
0,-0.214531,0.060228,-0.270844,-0.051203,-0.295653,-0.030708,0.003744,0.001051
0,-0.145778,0.161986,0.053784,0.08226,0.071999,0.064473,0.002544,0.002827
0,-0.201008,0.159051,-0.049288,-0.000407,-0.01755,-0.023571,0.003508,0.002776
0,-0.090375,0.105075,0.10581,-0.070513,0.1163,-0.092452,0.001577,0.001834
0,-0.093219,-0.008811,-0.008294,-0.09878,0.015116,-0.140907,0.001627,0.000154
0,-0.215453,0.05839,-0.126608,0.044384,-0.161973,-0.005455,0.00376,0.001019
0,-0.12838,-0.023265,0.097418,-0.099713,0.066412,-0.140026,0.002241,0.000406
0,-0.167466,-0.052941,-0.038344,-0.013503,-0.070198,-0.00525,0.002923,0.000924
0,-0.115128,-0.050877,0.060327,-0.017695,0.064422,0.01437,0.002009,0.000888
0,-0.158193,0.042132,-0.061355,0.067557,-0.075981,0.035234,0.002761,0.000735
0,0.013189,-0.010369,0.187365,-0.052243,0.164502,-0.010129,0.00023,0.000181
0,0.025617,0.020725,-0.011939,0.056588,0.029907,0.013041,0.000447,0.000362
0,-0.175348,0.063399,-0.220019,0.034164,-0.195768,0.014335,0.00306,0.001107
0,-0.242919,0.086417,-0.093998,0.023758,-0.135669,-0.018921,0.00424,0.001508
0,-0.095573,0.106019,0.118418,0.046287,0.072732,0.021852,0.001668,0.00185
0,-0.327483,-0.049931,-0.233912,-0.179143,-0.213717,-0.215827,0.005716,0.000871
0,-0.197698,-0.045025,0.159578,-0.002147,0.188897,0.032712,0.00345,0.000786
0,-0.120434,0.090633,0.073581,0.107226,0.1165,0.126402,0.002102,0.001582
0,-0.119319,-0.050754,0.020271,-0.144426,-0.015859,-0.119654,0.002083,0.000886
0,-0.153313,-0.063299,-0.026795,-0.04148,-0.05178,-0.041051,0.002676,0.001105
0,-0.216987,0.123081,-0.039958,0.180806,0.001132,0.207657,0.003787,0.002148
0,-0.233675,-0.036277,0.011956,-0.158211,-0.018067,-0.13098,0.004078,0.000633
0,-0.164476,0.139987,0.046505,0.187908,0.020833,0.235004,0.002871,0.002443
0,-0.178022,0.102511,-0.041815,-0.026261,-0.053785,-0.040389,0.003107,0.001789
0,-0.082058,0.162447,0.087757,0.06887,0.095222,0.036229,0.001432,0.002835
0,-0.103777,-0.046413,0.003888,-0.188921,-0.040154,-0.217275,0.001811,0.00081
0,-0.133059,0.156018,-0.035867,0.191978,-0.055429,0.174997,0.002322,0.002723
0,-0.078273,0.078547,0.061606,-0.074058,0.038004,-0.085725,0.001366,0.001371
0,-0.272494,-0.003158,-0.17075,-0.098916,-0.164236,-0.059676,0.004756,5.5e-05
0,-0.052519,0.11905,0.21186,0.150617,0.204808,0.186919,0.000917,0.002078
0,-0.044518,0.093984,0.024788,-0.000666,0.06277,0.023107,0.000777,0.00164
0,-0.019539,0.061665,0.051218,-0.039947,0.004077,-0.058777,0.000341,0.001076
0,-0.01618,0.01299,0.025623,-0.021121,0.073496,0.010681,0.000282,0.000227
0,-0.019035,0.021776,0.014105,0.033374,0.020779,0.008061,0.000332,0.00038
0,-0.258084,0.101048,-0.212206,0.071429,-0.240498,0.115271,0.004504,0.001764
0,-0.21252,0.123587,0.03555,0.029503,0.020216,0.002326,0.003709,0.002157
0,-0.094602,0.030454,0.119713,-0.076706,0.080043,-0.059095,0.001651,0.000532
0,-0.776273,-0.026596,-0.656993,-0.033011,-0.627464,0.008439,0.001458,0.000464
0,-1.940519,0.012658,-1.158471,0.014272,-1.18882,0.039899,0.002403,0.000221
0,-2.155182,-0.170008,-0.206701,-0.204952,-0.222717,-0.170309,0.001344,0.002967
0,-2.815428,-0.059209,-0.654671,0.135129,-0.620302,0.167764,0.000777,0.001033
0,-3.009831,0.063695,-0.185354,0.133458,-0.198948,0.14375,0.00417,0.001112
0,-2.384114,-0.136861,0.645315,-0.222113,0.668368,-0.194295,0.005339,0.002389
0,-1.770399,-0.101563,0.60331,0.060335,0.633593,0.051619,0.005372,0.001773
0,-1.101811,-0.212011,0.68467,-0.1196,0.706296,-0.163233,0.004951,0.0037
0,-0.669034,0.006023,0.457523,0.197603,0.481909,0.244357,0.000414,0.000105
0,-0.058507,-0.091283,0.624851,-0.078092,0.666237,-0.044111,0.001021,0.001593
0,-0.049781,-0.071002,-0.012671,0.001534,-0.026421,0.04767,0.000869,0.001239
0,-0.013448,-0.050258,0.007755,0.011381,0.007695,0.010448,0.000235,0.000877
0,0.112522,-0.163233,0.101071,-0.114126,0.12015,-0.100182,0.001964,0.002849
0,0.241547,-0.114671,0.15278,0.071751,0.106564,0.035737,0.004216,0.002001
0,0.225096,-0.043016,-0.008644,0.055289,-0.019455,0.068303,0.003929,0.000751
0,0.405599,-0.077786,0.194219,-0.034856,0.243238,0.003092,0.005011,0.001358
0,0.351695,0.060209,-0.049956,0.165011,-0.06439,0.136256,0.005952,0.001051
0,0.205116,-0.130682,-0.124644,-0.176928,-0.160982,-0.1331,0.00358,0.002281
0,-0.017406,0.050217,-0.237626,0.192322,-0.25932,0.170541,0.000304,0.000876
0,0.152659,-0.223794,0.164956,-0.264083,0.211344,-0.242274,0.002664,0.003906
0,0.03098,-0.058568,-0.137318,0.158579,-0.154323,0.149767,0.000541,0.001022
0,-0.050155,-0.219734,-0.082747,-0.165433,-0.085023,-0.191083,0.000875,0.003835
0,-0.01107,-0.097796,0.026951,0.121501,0.055396,0.147895,0.000193,0.001707
0,-0.179056,-0.18441,-0.148492,-0.072299,-0.184288,-0.097225,0.003125,0.003219
0,-0.019812,-0.046659,0.171046,0.115307,0.153097,0.135745,0.000346,0.000814
0,-0.124034,-0.051806,-0.082857,-0.026362,-0.117697,-0.012826,0.002165,0.000904
0,-0.138494,-0.031072,-0.013623,0.039751,0.023392,0.081171,0.002417,0.000542
0,-0.070006,-0.186191,0.064574,-0.141578,0.032335,-0.120545,0.001222,0.00325
0,-0.084274,-0.20764,-0.036353,-0.002624,-0.024014,0.010518,0.001471,0.003624
0,-0.117619,-0.233981,-0.042409,-0.023374,-0.069781,-0.061584,0.002053,0.004084
0,0.07486,-0.025613,0.221914,0.222103,0.270912,0.204952,0.001307,0.000447
0,-0.039617,-0.121858,-0.106158,-0.082213,-0.145237,-0.074049,0.000691,0.002127
0,-0.041699,-0.118474,-0.002413,-0.023968,-0.003301,-0.054316,0.000728,0.002068
0,-0.097841,0.027493,-0.06788,0.131718,-0.051155,0.10305,0.001708,0.00048
0,-0.011295,-0.242195,0.073671,-0.247245,0.088763,-0.244904,0.000197,0.004227
0,-0.105975,-0.141998,-0.079937,0.102374,-0.048718,0.131169,0.00185,0.002478
0,-0.063445,0.024363,0.064037,0.145596,0.014334,0.120503,0.001107,0.000425
0,0.040116,-0.160994,0.085456,-0.202493,0.055951,-0.239617,0.0007,0.00281
0,0.057106,-0.201233,-0.005147,-0.025659,-0.032928,-0.001293,0.000997,0.003512
0,-0.013421,-0.127195,-0.074572,0.100133,-0.041381,0.134909,0.000234,0.00222
0,0.072607,-0.196909,0.060485,-0.052166,0.016402,-0.046018,0.001267,0.003437
0,-0.133849,-0.099963,-0.224028,0.109448,-0.235893,0.078781,0.002336,0.001745
0,-0.009663,-0.140019,0.113336,-0.038729,0.143133,-0.015954,0.000169,0.002444
0,0.011729,-0.039752,0.050071,0.127871,0.019537,0.116858,0.000205,0.000694
0,-0.151903,0.022326,-0.171678,0.043959,-0.217514,0.066456,0.002651,0.00039
0,-0.064239,-0.135417,0.077726,-0.157039,0.068213,-0.159838,0.001121,0.002363
0,-0.11329,0.022218,-0.045173,0.129513,-0.039758,0.159163,0.001977,0.000388
0,0.006875,0.086553,0.14924,0.044265,0.143653,0.06555,0.00012,0.001511
0,0.123158,0.015719,0.122782,-0.069941,0.096372,-0.093404,0.00215,0.000274
0,0.071515,-0.138786,-0.031679,-0.131402,-0.024872,-0.149238,0.001248,0.002422
0,0.180929,0.006663,0.087004,0.120244,0.053043,0.115094,0.003158,0.000116
0,0.212115,0.018284,0.010663,0.016622,0.010283,-0.006997,0.003702,0.000319
0,-0.034376,-0.067678,-0.252709,-0.104186,-0.248775,-0.060774,0.0006,0.001181
0,0.103981,0.030711,0.139806,0.104286,0.10201,0.106753,0.001815,0.000536
0,-0.124494,-0.084712,-0.255669,-0.131651,-0.206126,-0.140914,0.002173,0.001479
0,0.170846,0.057023,0.291954,0.14492,0.2865,0.18972,0.002982,0.000995
0,0.12408,-0.012945,-0.034123,-0.075555,-0.043886,-0.099195,0.002166,0.000226
0,-0.087625,0.007222,-0.182924,0.009383,-0.158319,-0.028482,0.001529,0.000126
0,-0.056875,-0.074952,0.036377,-0.073169,0.034613,-0.085003,0.000993,0.001308
0,0.075137,-0.107898,0.143685,-0.02603,0.104822,-0.020806,0.001311,0.001883
0,0.058587,-0.055257,-0.037979,0.078841,-0.067164,0.087002,0.001023,0.000964
0,0.211014,-0.053755,0.172849,-0.005707,0.218831,-0.005498,0.003683,0.000938
0,0.189056,0.02054,0.005468,0.05404,0.001472,0.100391,0.0033,0.000358
0,-0.005057,-0.147972,-0.190887,-0.17699,-0.144025,-0.181857,8.8e-05,0.002583
0,-0.072335,-0.090587,-0.060416,0.081625,-0.058767,0.043461,0.001262,0.001581
0,-0.138535,-0.153774,-0.038646,-0.075873,-0.053284,-0.048645,0.002418,0.002684
0,-0.08791,-0.056765,0.075404,0.084986,0.085471,0.071325,0.001534,0.000991
0,0.042034,0.134755,0.112568,0.169465,0.127112,0.160729,0.000734,0.002352
0,0.079721,-0.035399,0.031958,-0.19485,0.079631,-0.227849,0.001391,0.000618
0,0.102921,0.119465,0.029401,0.139681,0.070316,0.132119,0.001796,0.002085
0,-0.064429,0.069792,-0.191749,-0.077418,-0.153276,-0.029729,0.001125,0.001218
0,0.111619,0.097384,0.205709,0.017959,0.165614,0.030541,0.001948,0.0017
0,0.085442,-0.147809,-0.036387,-0.256125,-0.037406,-0.294565,0.001491,0.00258
0,-0.131646,-0.147856,-0.195007,-0.024981,-0.224914,-0.047984,0.002298,0.002581
0,-0.11144,-0.1403,0.025775,0.009799,0.05557,0.015939,0.001945,0.002449
0,0.131333,-0.022257,0.241181,0.105835,0.264456,0.070003,0.002292,0.000388
0,-1.892813,-0.820813,-2.036611,-0.818784,-2.014196,-0.85263,0.003236,0.002235
0,-1.736113,-1.609333,0.179555,-0.76569,0.139107,-0.717611,0.005971,0.003907
0,-1.831931,-1.350812,-0.07424,0.28576,-0.06617,0.267777,0.004298,0.000605
0,-1.678726,-1.197921,0.165208,0.179964,0.134286,0.20908,0.005118,0.003273
0,-1.651952,-1.07134,0.025495,0.132964,0.075202,0.085896,0.004651,0.005483
0,-1.267171,-0.680179,0.391927,0.391184,0.416233,0.390663,0.002065,0.000219
0,-0.887706,-0.509381,0.408554,0.15824,0.443672,0.113253,0.003403,0.0032
0,-0.358763,-0.23705,0.532214,0.283909,0.552337,0.269545,0.005829,0.004137
0,-0.347442,-0.327502,0.038759,-0.082705,0.010834,-0.056211,0.006026,0.005716
0,0.066515,0.052225,0.402743,0.396817,0.374942,0.358627,0.001161,0.000912
0,0.042243,-0.011371,-0.030635,-0.053885,-0.018303,-0.028022,0.000737,0.000198
0,0.059715,0.032191,0.03827,0.066968,0.072772,0.049883,0.001042,0.000562
0,0.152925,0.046847,0.0941,0.028154,0.084876,-0.001954,0.002669,0.000818
0,0.265408,0.064386,0.12001,-0.000602,0.074519,0.038953,0.004632,0.001124
0,0.376048,0.253243,0.127025,0.198586,0.152401,0.223218,0.005527,0.00442
0,0.242848,0.117554,-0.145973,-0.111957,-0.133015,-0.114914,0.004239,0.002052
0,0.275678,0.096232,0.044329,-0.035177,0.004258,-0.080996,0.004811,0.00168
0,0.370322,0.100958,0.072315,-0.016137,0.088957,-0.009633,0.005627,0.001762
0,0.138999,0.300853,-0.222084,0.189244,-0.260838,0.147161,0.002426,0.005251
0,0.151274,0.269846,0.024695,-0.057297,0.066848,-0.046974,0.00264,0.00471
0,-0.044409,0.169844,-0.220646,-0.110356,-0.210387,-0.075453,0.000775,0.002964
0,-0.043608,0.223914,-0.024956,0.08183,-0.020805,0.129194,0.000761,0.003908
0,0.08072,0.186793,0.099309,-0.028701,0.130848,-0.005055,0.001409,0.00326
0,-0.131356,0.04988,-0.19308,-0.157946,-0.17213,-0.182599,0.002293,0.000871
0,0.038599,0.067652,0.148375,0.007016,0.171068,-0.022094,0.000674,0.001181
0,0.124008,0.046514,0.109874,-0.031447,0.118792,-0.00125,0.002164,0.000812
0,-0.079996,0.34358,-0.205128,0.298016,-0.231047,0.277916,0.001396,0.005997
0,-0.016652,0.040681,0.045666,-0.31542,0.072604,-0.328876,0.000291,0.00071
0,0.097254,0.257385,0.117902,0.197002,0.119822,0.218167,0.001697,0.004492
0,0.130155,0.089946,0.004081,-0.18788,0.021781,-0.168357,0.002272,0.00157
0,0.051387,0.241442,-0.086336,0.163003,-0.06126,0.212979,0.000897,0.004214
0,-0.058301,0.111174,-0.088016,-0.108281,-0.058295,-0.121191,0.001018,0.00194
0,0.083725,0.0628,0.129623,-0.02323,0.128796,-0.057209,0.001461,0.001096
0,-0.041905,0.275158,-0.148334,0.200349,-0.141176,0.237263,0.000731,0.004802
0,-0.046795,0.045553,-0.010214,-0.228981,-0.052433,-0.25589,0.000817,0.000795
0,-0.061526,0.099424,-0.016966,0.06274,0.031014,0.07657,0.001074,0.001735
0,0.079524,0.184325,0.148432,0.070533,0.174875,0.106057,0.001388,0.003217
0,-0.087636,0.321909,-0.158657,0.154762,-0.183899,0.17286,0.00153,0.005618
0,-0.026584,0.201236,0.035921,-0.141286,0.025524,-0.190079,0.000464,0.003512
0,-0.043614,0.131011,-0.01865,-0.092269,0.030462,-0.110479,0.000761,0.002287
0,0.11339,0.246737,0.152357,0.104169,0.154159,0.147367,0.001979,0.004306
0,0.102381,0.164672,-0.017509,-0.052447,-0.005118,-0.024383,0.001787,0.002874
0,-0.026544,0.20871,-0.107743,0.068911,-0.129076,0.110233,0.000463,0.003643
0,0.06042,0.235358,0.069553,0.023675,0.04432,0.059139,0.001055,0.004108
0,-0.122536,0.092018,-0.173615,-0.14605,-0.130932,-0.169355,0.002139,0.001606
0,-0.036333,0.001287,0.104729,-0.0628,0.086559,-0.110093,0.000634,2.2e-05
0,-0.096919,-0.007707,-0.082988,-0.022485,-0.106273,-0.012534,0.001692,0.000135
0,-0.067094,0.167874,0.042626,0.175156,0.022667,0.165297,0.001171,0.00293
0,-0.028466,0.009476,0.021275,-0.159638,0.015065,-0.130355,0.000497,0.000165
0,-0.167298,0.021989,-0.16371,0.023699,-0.192573,-0.015715,0.00292,0.000384
0,-0.1464,0.024787,0.040667,-0.018711,0.060069,0.026033,0.002555,0.000433
0,-0.09804,0.119543,0.05915,0.122719,0.092843,0.140432,0.001711,0.002086
0,0.001179,0.000552,0.077942,-0.124856,0.065922,-0.16454,2.1e-05,1e-05
0,-0.23699,0.102354,-0.237248,0.114265,-0.277447,0.078842,0.004136,0.001786
0,-0.069262,0.034834,0.192372,-0.068777,0.164481,-0.063578,0.001209,0.000608
0,-0.172442,-0.046995,-0.126913,-0.073702,-0.135387,-0.06997,0.00301,0.00082
0,-0.070092,0.133376,0.082343,0.165526,0.063755,0.162895,0.001223,0.002328
0,-0.012219,-0.026539,0.063117,-0.172489,0.066734,-0.133702,0.000213,0.000463
0,-0.147454,0.103811,-0.116789,0.15673,-0.105922,0.160243,0.002574,0.001812
0,0.061259,-0.081971,0.196241,-0.167303,0.159947,-0.166259,0.001069,0.001431
0,-0.077159,0.113674,-0.111462,0.178407,-0.152252,0.13178,0.001347,0.001984
0,-0.000523,-0.093714,0.093429,-0.183286,0.091181,-0.170505,9e-06,0.001636
0,-0.139928,0.081037,-0.127245,0.182085,-0.128962,0.202345,0.002442,0.001414
0,-0.180865,-0.079211,-0.034061,-0.156982,0.003237,-0.112135,0.003157,0.001382
0,0.088906,0.09106,0.297307,0.162995,0.334559,0.118874,0.001552,0.001589
0,-0.071098,0.078199,-0.170713,-0.010139,-0.167235,0.007912,0.001241,0.001365
0,0.000866,0.081557,0.080023,0.023887,0.04899,0.033371,1.5e-05,0.001423
0,-0.044311,-0.067211,-0.069673,-0.134389,-0.080735,-0.123208,0.000773,0.001173
0,-0.058696,-0.109292,-0.013501,-0.014922,0.018718,0.014931,0.001024,0.001908
0,-0.12455,-0.000827,-0.048222,0.096096,-0.030387,0.07579,0.002174,1.4e-05
0,0.13151,0.057038,0.284626,0.046549,0.26312,0.04887,0.002295,0.000996
0,0.099278,-0.089665,-0.054875,-0.164867,-0.028305,-0.154117,0.001733,0.001565
0,-0.161162,0.024894,-0.284965,0.111203,-0.286131,0.093076,0.002813,0.000434
0,1.671485,0.760592,1.828828,0.717679,1.849986,0.742143,0.004992,0.001184
0,2.984159,1.344497,1.316977,0.604597,1.366881,0.626434,0.003721,0.000715
0,3.511755,1.591621,0.553736,0.263611,0.598516,0.217813,0.000839,0.003598
0,4.26775,1.438061,0.773205,-0.170295,0.814981,-0.170586,0.001943,0.000918
0,4.120267,1.318875,-0.169796,-0.098056,-0.191273,-0.136509,0.000631,0.001162
0,3.622345,1.162835,-0.511985,-0.142764,-0.543825,-0.120052,0.002769,0.003886
0,2.804371,0.903745,-0.790217,-0.232286,-0.819482,-0.20143,0.000584,0.003683
0,2.252406,0.68548,-0.571558,-0.192446,-0.609148,-0.212397,0.00304,0.000127
0,1.387183,0.53491,-0.878263,-0.121811,-0.878446,-0.084496,3e-05,0.002755
0,-4.176534,0.245395,-5.560156,-0.285199,-5.590958,-0.324024,0.000351,0.004283
0,-5.056955,-0.252162,-0.888335,-0.510994,-0.902367,-0.523586,0.003627,0.004401
0,-4.532454,-0.406553,0.506124,-0.131307,0.521647,-0.12824,0.005527,0.004995
0,-4.397939,-0.393176,0.133252,-0.00859,0.176505,-0.021815,0.004216,0.005228
0,-3.65608,-0.504199,0.759979,-0.081036,0.803309,-0.097798,0.003358,0.003291
0,-2.824999,-0.275303,0.848882,0.246834,0.803181,0.234435,0.000944,0.004805
0,-2.240255,-0.330282,0.579934,-0.077795,0.602615,-0.030065,0.002828,0.005765
0,-1.68439,-0.010056,0.572262,0.331489,0.61974,0.368773,0.005217,0.000176
0,-0.765066,-0.002959,0.939052,0.025989,0.947379,0.032281,0.001262,5.2e-05
0,-0.326538,-0.042584,0.422904,-0.024171,0.392111,-0.061898,0.005699,0.000743
0,-0.198748,-0.100158,0.128654,-0.070282,0.148528,-0.088993,0.003469,0.001748
0,0.314114,-0.028039,0.541008,0.065275,0.515588,0.079982,0.005482,0.000489
0,0.422905,-0.073024,0.134812,-0.060605,0.098612,-0.019255,0.004709,0.001275
0,0.401187,0.063992,0.00135,0.151968,0.018924,0.173216,0.005088,0.001117
0,0.467993,-0.178851,0.050746,-0.251923,0.0803,-0.274652,0.003922,0.003122
0,0.289325,-0.099321,-0.165078,0.096498,-0.172571,0.121013,0.00505,0.001733
0,0.358476,-0.16321,0.069548,-0.079032,0.094915,-0.100882,0.005834,0.002849
0,0.493842,-0.090639,0.156223,0.086969,0.121378,0.085466,0.003471,0.001582
0,0.341293,-0.167063,-0.175184,-0.104053,-0.214907,-0.10895,0.005957,0.002916
0,0.250592,0.008251,-0.105902,0.194392,-0.100704,0.171182,0.004374,0.000144
0,0.366671,0.076455,0.111429,0.075225,0.117469,0.032431,0.005691,0.001334
0,0.171875,-0.054565,-0.170184,-0.118613,-0.158531,-0.160689,0.003,0.000952
0,0.064657,0.024676,-0.111073,0.05646,-0.145152,0.055463,0.001128,0.000431
0,0.323181,-0.092356,0.267029,-0.098308,0.283105,-0.086821,0.005641,0.001612
0,0.137986,-0.1097,-0.206755,-0.008795,-0.245252,0.007988,0.002408,0.001915
0,0.040493,0.077701,-0.073006,0.172206,-0.078815,0.214299,0.000707,0.001356
0,0.031237,0.076985,-0.038523,0.01884,-0.005479,-0.030276,0.000545,0.001344
0,0.159,-0.13184,0.122448,-0.201673,0.11459,-0.213414,0.002775,0.002301
0,0.170659,-0.13921,-0.009426,-0.025411,-0.028261,0.018919,0.002979,0.00243
0,0.03257,0.066036,-0.121671,0.208759,-0.105338,0.181945,0.000568,0.001153
0,0.116878,-0.16249,0.09879,-0.19983,0.069296,-0.218704,0.00204,0.002836
0,0.15591,0.082758,0.046244,0.271147,0.056985,0.231358,0.002721,0.001444
0,0.134041,0.056419,-0.035213,-0.047019,-0.06493,-0.085303,0.002339,0.000985
0,-0.067112,-0.15702,-0.188956,-0.223305,-0.19276,-0.252791,0.001171,0.002741
0,-0.026148,0.041178,0.064863,0.173857,0.063043,0.151102,0.000456,0.000719
0,0.102809,-0.154244,0.108623,-0.183408,0.133083,-0.135062,0.001794,0.002692
0,0.00953,-0.179983,-0.0682,-0.034635,-0.051476,-0.023376,0.000166,0.003141
0,0.148959,0.098584,0.115997,0.295589,0.099595,0.252946,0.0026,0.001721
0,0.082852,-0.158453,-0.093089,-0.270432,-0.06377,-0.307631,0.001446,0.002766
0,-0.050927,-0.111858,-0.122042,0.06717,-0.093305,0.072916,0.000889,0.001952
0,0.056407,0.044649,0.111725,0.1309,0.141329,0.099131,0.000984,0.000779
0,-0.050241,0.095768,-0.132583,0.034142,-0.141034,0.048717,0.000877,0.001671
0,-0.082213,0.113406,-0.040184,-0.010494,-0.014455,0.03773,0.001435,0.001979
0,0.088699,0.143202,0.19194,0.0423,0.234322,0.05708,0.001548,0.002499
0,-0.011905,0.126286,-0.119508,-0.038759,-0.096839,-0.037512,0.000208,0.002204
0,0.080177,-0.019439,0.090762,-0.166259,0.125996,-0.184672,0.001399,0.000339
0,0.22453,0.076519,0.145709,0.084279,0.146669,0.111551,0.003919,0.001336
0,0.188001,-0.060114,-0.051011,-0.132138,-0.03723,-0.170973,0.003281,0.001049
0,0.1078,-0.098894,-0.085323,-0.060844,-0.070109,-0.065463,0.001881,0.001726
0,0.155477,-0.040643,0.060211,0.04136,0.056436,0.060533,0.002714,0.000709
0,0.170615,-0.061324,0.042802,-0.048192,0.00565,-0.009834,0.002978,0.00107
0,0.098452,-0.089954,-0.055754,-0.035972,-0.006451,-0.055984,0.001718,0.00157
0,0.016385,0.036732,-0.110386,0.100875,-0.096422,0.090213,0.000286,0.000641
0,-0.144906,-0.084075,-0.152212,-0.137145,-0.116615,-0.178109,0.002529,0.001467
0,0.070579,-0.117689,0.21291,-0.040099,0.244654,-0.033337,0.001232,0.002054
0,-0.01457,0.032705,-0.092705,0.127492,-0.109146,0.116163,0.000254,0.000571
0,0.02748,-0.10408,0.037813,-0.134155,0.015826,-0.103425,0.00048,0.001817
0,-0.023927,0.095569,-0.045013,0.191009,-0.005029,0.145122,0.000418,0.001668
0,0.061607,-0.177975,0.058146,-0.28731,0.075235,-0.336807,0.001075,0.003106
0,0.043233,-0.125574,-0.035054,0.053118,-0.05257,0.073192,0.000755,0.002192
0,0.035722,0.015261,0.014642,0.160557,-0.000226,0.178554,0.000623,0.000266
0,0.002443,0.011357,-0.043441,0.001583,-0.075881,-0.000418,4.3e-05,0.000198
0,0.082241,-0.014043,0.082906,-0.011507,0.055829,0.011726,0.001435,0.000245
0,-0.077346,-0.16224,-0.16096,-0.138063,-0.151822,-0.121408,0.00135,0.002832
0,0.065167,-0.070909,0.168026,0.113375,0.215803,0.132358,0.001137,0.001238
0,-0.163617,0.110408,-0.23756,0.157888,-0.230057,0.203126,0.002856,0.001927
0,0.049436,0.095324,0.228173,0.004024,0.218651,-0.037927,0.000863,0.001664
0,-0.078722,-0.014945,-0.146024,-0.132354,-0.135095,-0.094061,0.001374,0.000261
0,0.000914,-0.081554,0.107992,-0.086193,0.092119,-0.122156,1.6e-05,0.001423
0,-0.166751,0.105626,-0.15181,0.19291,-0.189698,0.157918,0.00291,0.001844
0,0.004825,-0.111131,0.155569,-0.189014,0.203663,-0.216363,8.4e-05,0.00194
0,-0.225955,0.052598,-0.259849,0.164445,-0.277644,0.189808,0.003944,0.000918
0,-0.08568,0.062851,0.116952,0.037934,0.131015,0.053885,0.001495,0.001097
0,-0.093869,0.116668,-0.025996,0.074715,-0.051106,0.037189,0.001638,0.002036
0,-0.225612,-0.083341,-0.108332,-0.210851,-0.066795,-0.201759,0.003938,0.001455
0,-0.179193,0.118258,0.06233,0.229029,0.029552,0.232155,0.003128,0.002064
0,-0.172863,0.101482,0.021462,-0.006528,-0.019614,-0.018969,0.003017,0.001771
0,-0.109594,0.024918,0.038876,-0.079653,0.052417,-0.049289,0.001913,0.000435
0,0.03663,-0.033205,0.152723,-0.074008,0.138,-0.047264,0.000639,0.00058
0,-0.17862,-0.10994,-0.207431,-0.103068,-0.234466,-0.150617,0.003118,0.001919
0,-0.033043,-0.040034,0.160757,0.069369,0.188431,0.083614,0.000577,0.000699
0,-0.033324,0.054017,-0.019772,0.102326,0.01019,0.127609,0.000582,0.000943
0,-0.044289,-0.105422,-0.010267,-0.142716,0.032248,-0.120394,0.000773,0.00184
0,-0.02312,0.14078,0.010461,0.242997,-0.027966,0.19486,0.000404,0.002457
0,0.020958,0.151835,0.021818,0.008917,-0.021217,0.024087,0.000366,0.00265
0,-0.027178,-0.144088,-0.039359,-0.303273,0.010463,-0.257176,0.000474,0.002515
0,0.033994,0.161412,0.076861,0.325173,0.073079,0.370969,0.000593,0.002817
0,0.001873,0.072016,-0.027882,-0.113778,0.01932,-0.090497,3.3e-05,0.001257
0,0.161321,0.172825,0.177191,0.127268,0.147237,0.149615,0.002816,0.003016
0,-0.091946,0.014602,-0.251341,-0.151593,-0.244287,-0.151618,0.001605,0.000255
0,0.108686,-0.097358,0.207007,-0.128841,0.157198,-0.144873,0.001897,0.001699
0,-0.072245,-0.011223,-0.181353,0.095146,-0.165337,0.107178,0.001261,0.000196
0,0.00125,-0.011635,0.044948,-0.026028,0.069069,0.00633,2.2e-05,0.000203
0,0.055063,0.044712,0.035479,0.066223,0.016559,0.112598,0.000961,0.00078
0,0.061872,-0.00415,0.000486,-0.078638,-0.018748,-0.1255,0.00108,7.2e-05
0,0.042923,-0.059721,-0.003297,-0.061077,0.022265,-0.021372,0.000749,0.001042
0,0.041136,-0.06757,0.018198,0.00566,-0.019284,-0.012736,0.000718,0.001179
0,-0.185075,-0.121573,-0.232314,-0.064269,-0.255637,-0.061314,0.00323,0.002122
0,0.03818,-0.033467,0.250748,0.079862,0.28514,0.125609,0.000666,0.000584
0,-0.100976,-0.067837,-0.164197,-0.017084,-0.201219,-0.015568,0.001762,0.001184
0,-0.056112,-0.144082,0.060433,-0.094127,0.077327,-0.101467,0.000979,0.002515
0,-0.155322,0.082718,-0.122784,0.209988,-0.143548,0.233772,0.002711,0.001444
0,0.118144,0.021758,0.269538,-0.081749,0.242812,-0.095035,0.002062,0.00038
0,0.043636,-0.099553,-0.055141,-0.107335,-0.052151,-0.060213,0.000762,0.001738
0,-0.13387,-0.037406,-0.152197,0.080558,-0.162128,0.103328,0.002336,0.000653
0,0.003741,0.053636,0.134585,0.112866,0.11848,0.14077,6.5e-05,0.000936
0,0.040613,0.024489,0.028272,-0.058108,0.017252,-0.013325,0.000709,0.000427
0,0.064028,0.056519,-0.000218,0.024657,-0.027722,0.055141,0.001117,0.000986
0,-0.211234,0.064064,-0.24827,-0.010872,-0.253991,-0.044534,0.003687,0.001118
0,-0.026859,0.135337,0.196877,0.09911,0.183114,0.125415,0.000469,0.002362
0,0.045703,0.057207,0.079738,-0.074391,0.091741,-0.092394,0.000798,0.000998
0,-0.182027,0.023549,-0.221796,-0.013179,-0.220371,0.001027,0.003177,0.000411
0,-0.225897,-0.130649,-0.07365,-0.163146,-0.02633,-0.117474,0.003943,0.00228
0,-0.074997,-0.073395,0.154314,0.079464,0.123681,0.058236,0.001309,0.001281
0,-0.048778,0.14715,0.027172,0.207978,0.041601,0.158132,0.000851,0.002568
0,-0.116857,-0.055178,-0.040789,-0.223502,0.004482,-0.26725,0.00204,0.000963
0,-0.213462,-0.09668,-0.096506,-0.014209,-0.058577,-0.051338,0.003726,0.001687
0,-0.034155,-0.140535,0.164422,-0.071396,0.159976,-0.076394,0.000596,0.002453
0,-0.210825,-0.059283,-0.177865,0.082308,-0.178612,0.107019,0.00368,0.001035
0,-0.138379,-0.050795,0.09386,0.003089,0.050972,-0.043182,0.002415,0.000887
0,-0.036817,0.000792,0.100191,0.079344,0.132844,0.036123,0.000643,1.4e-05
0,0.086398,0.002213,0.133885,-0.020738,0.159062,-0.033824,0.001508,3.9e-05
0,0.096113,-0.004446,0.028732,-0.018905,-0.002553,-0.003866,0.001677,7.8e-05
0,0.086454,-0.007759,-0.030525,0.022932,-0.052408,0.044641,0.001509,0.000135
0,-0.10646,0.032094,-0.179555,0.068977,-0.169934,0.084623,0.001858,0.00056
0,-0.0606,-0.108196,0.056788,-0.164565,0.015992,-0.179215,0.001058,0.001888
0,-0.068923,-0.000866,-0.031441,0.100791,-0.071436,0.145035,0.001203,1.5e-05
0,-0.027873,-0.073803,0.059656,-0.102586,0.038867,-0.105979,0.000486,0.001288
0,-0.186274,-0.072477,-0.177826,-0.002802,-0.149445,-0.004299,0.003251,0.001265
0,-0.195887,-0.067147,0.013475,-0.023664,-0.033243,-0.005713,0.003419,0.001172
0,-0.022457,-0.207028,0.146806,-0.160643,0.187122,-0.113573,0.000392,0.003613
0,-0.154791,-0.076681,-0.145484,0.153694,-0.1187,0.107384,0.002702,0.001338
0,-0.254948,-0.105993,-0.109273,-0.048406,-0.154726,-0.093766,0.00445,0.00185
0,-0.247025,-0.13454,-0.002326,-0.014027,-0.042391,0.025309,0.004311,0.002348
0,-0.022587,-0.083468,0.234553,0.055384,0.235781,0.044942,0.000394,0.001457
0,-0.080981,-0.014408,-0.056497,0.069119,-0.092939,0.114331,0.001413,0.000251
0,-0.25968,-0.000359,-0.185904,0.016462,-0.234213,0.029285,0.004532,6e-06
0,-0.094017,-0.132259,0.179762,-0.11311,0.186773,-0.066466,0.001641,0.002308
0,-0.208089,-0.177033,-0.137224,-0.024356,-0.179056,0.018077,0.003632,0.00309
0,0.004412,-0.048538,0.226024,0.100475,0.212825,0.118815,7.7e-05,0.000847
0,-0.013472,-0.20469,-0.019142,-0.174456,0.029939,-0.150961,0.000235,0.003573
0,-0.181787,0.057322,-0.142339,0.249442,-0.09885,0.268821,0.003173,0.001
0,-0.003473,-0.15447,0.150051,-0.186443,0.126692,-0.213928,6.1e-05,0.002696
0,-0.216364,0.077429,-0.234708,0.252673,-0.23569,0.252081,0.003776,0.001351
0,-0.123258,0.05496,0.093509,-0.033399,0.113024,-0.049002,0.002151,0.000959
0,-0.144203,-0.116434,-0.016455,-0.186436,0.024325,-0.213268,0.002517,0.002032
0,-0.066744,0.104485,0.060789,0.195522,0.028034,0.213761,0.001165,0.001824
0,-0.025501,-0.083391,0.03152,-0.191216,-0.011873,-0.183327,0.000445,0.001455
0,-0.048924,0.05648,-0.038108,0.122907,-0.034896,0.092085,0.000854,0.000986
0,0.038511,-0.018013,0.100753,-0.059549,0.083157,-0.079634,0.000672,0.000314
0,-0.018191,-0.116864,-0.042936,-0.108285,-0.089321,-0.094495,0.000318,0.00204
0,-0.047734,0.036322,-0.03784,0.167767,-0.040265,0.154809,0.000833,0.000634
0,-0.090634,0.093528,-0.057649,0.081955,-0.040411,0.11433,0.001582,0.001632
0,-0.021917,0.148249,0.088403,0.044884,0.134295,0.050007,0.000383,0.002587
0,0.107184,-0.040107,0.111655,-0.17099,0.07012,-0.199714,0.001871,0.0007
0,-0.073688,-0.129618,-0.154391,-0.103082,-0.19294,-0.130193,0.001286,0.002262
0,0.004716,-0.138882,0.048889,-0.002077,0.078084,0.005367,8.2e-05,0.002424
0,0.127679,0.093628,0.128335,0.241842,0.101734,0.208433,0.002228,0.001634
0,0.130112,0.104864,-0.016244,0.004953,-0.04207,-0.011681,0.002271,0.00183
0,0.158661,-0.153392,0.023188,-0.278564,0.056424,-0.253903,0.002769,0.002677
0,0.184062,-0.113789,0.000739,0.029517,-0.005899,0.057706,0.003212,0.001986
0,-0.076134,-0.171846,-0.249344,-0.046376,-0.24037,-0.042579,0.001329,0.002999
0,0.133997,-0.031289,0.211018,0.154933,0.236691,0.160286,0.002339,0.000546
0,-0.039762,0.062301,-0.1786,0.079519,-0.228519,0.069389,0.000694,0.001087
0,-0.025886,-0.000292,0.038238,-0.078543,0.007768,-0.05549,0.000452,5e-06
0,-0.090884,0.128201,-0.057291,0.135837,-0.021814,0.117529,0.001586,0.002238
0,0.022677,0.141273,0.134335,0.026632,0.125263,0.051728,0.000396,0.002466
0,-0.068018,0.044529,-0.092588,-0.113079,-0.085205,-0.149939,0.001187,0.000777
0,0.090897,0.633478,0.165178,0.600189,0.141207,0.566601,0.001586,0.001034
0,0.23403,1.18254,0.122855,0.552988,0.143702,0.558824,0.004085,0.003542
0,0.472969,1.866867,0.252733,0.659827,0.233385,0.698511,0.003836,0.003688
0,0.302309,2.059894,-0.193727,0.201603,-0.222281,0.211282,0.005276,0.00032
0,0.164161,1.758874,-0.163651,-0.276646,-0.1966,-0.233778,0.002865,0.005573
0,0.229694,1.337979,0.062397,-0.421534,0.086106,-0.392331,0.004009,0.000829
0,0.122868,1.124223,-0.078477,-0.236868,-0.10358,-0.245558,0.002144,0.00456
0,0.288736,0.874387,0.186676,-0.248473,0.200862,-0.276495,0.005039,0.00317
0,0.167063,0.692661,-0.146913,-0.161391,-0.135806,-0.115741,0.002916,1e-06
0,0.195449,0.375979,0.031099,-0.322631,-0.003942,-0.360123,0.003411,0.005528
0,0.116979,0.261642,-0.091778,-0.101614,-0.120271,-0.151356,0.002042,0.004567
0,0.122133,0.127075,0.006516,-0.106335,0.01647,-0.072206,0.002132,0.002218
0,0.243255,-0.171862,0.101829,-0.304667,0.105629,-0.298907,0.004246,0.003
0,0.202784,-0.050767,-0.021652,0.135421,0.00952,0.150779,0.003539,0.000886
0,0.164793,-0.161244,-0.032085,-0.098653,-0.025398,-0.082255,0.002876,0.002814
0,0.104228,-0.239474,-0.05601,-0.103953,-0.068845,-0.089263,0.001819,0.00418
0,0.202847,-0.006528,0.099373,0.243587,0.104812,0.279161,0.00354,0.000114
0,0.144361,-0.008889,-0.050883,0.006859,-0.00124,0.038835,0.00252,0.000155
0,0.006809,0.021904,-0.112269,0.05062,-0.091229,0.058718,0.000119,0.000382
0,0.076236,0.055585,0.07568,0.049726,0.109907,0.091245,0.001331,0.00097
0,0.155059,0.066807,0.068949,0.002246,0.068612,0.015104,0.002706,0.001166
0,0.09442,-0.150514,-0.04439,-0.197481,-0.05002,-0.193719,0.001648,0.002627
0,0.166803,0.011633,0.058202,0.136672,0.041472,0.113018,0.002911,0.000203
0,0.08772,-0.065469,-0.086389,-0.080552,-0.129972,-0.089596,0.001531,0.001143
0,0.030564,-0.082268,-0.073186,-0.024292,-0.092773,-0.040972,0.000533,0.001436
0,0.214965,-0.094983,0.167348,-0.007753,0.192076,-0.037327,0.003752,0.001658
0,-0.068716,-0.1037,-0.298867,0.003215,-0.283453,-0.038379,0.001199,0.00181
0,-0.05893,-0.123707,0.021641,-0.041683,0.029735,-0.040585,0.001029,0.002159
0,0.185401,0.030394,0.240713,0.157181,0.287646,0.116303,0.003236,0.00053
0,-0.038672,-0.24708,-0.25403,-0.272497,-0.227529,-0.287632,0.000675,0.004312
0,-0.101361,-0.209454,-0.053827,0.033597,-0.041175,0.0325,0.001769,0.003656
0,-0.095766,-0.213026,0.02499,0.005664,-0.009652,-0.02794,0.001671,0.003718
0,-0.022545,-0.097778,0.091629,0.096779,0.132098,0.104306,0.000393,0.001707
0,0.155661,-0.091398,0.18544,-0.00431,0.232322,-0.016258,0.002717,0.001595
0,0.014683,-0.09103,-0.147467,0.004735,-0.19109,0.031394,0.000256,0.001589
0,0.091164,-0.039853,0.103875,0.070991,0.137659,0.02831,0.001591,0.000696
0,-0.02166,-0.063445,-0.114498,-0.050648,-0.081609,-0.099243,0.000378,0.001107
0,0.001599,-0.145907,0.018667,-0.074823,-0.013025,-0.030952,2.8e-05,0.002547
0,0.06322,-0.22847,0.086004,-0.104614,0.126867,-0.107376,0.001103,0.003988
0,0.100162,-0.217108,0.041708,0.022235,0.013246,-0.001829,0.001748,0.003789
0,-0.060161,-0.074022,-0.138686,0.165557,-0.187203,0.148585,0.00105,0.001292
0,-0.026626,-0.094819,0.058812,0.006835,0.028568,0.003944,0.000465,0.001655
0,-0.049653,-0.18222,-0.029644,-0.115521,-0.023539,-0.082721,0.000867,0.00318
0,-0.008161,-0.067489,0.050547,0.096342,0.052881,0.13266,0.000142,0.001178
0,-0.069597,0.005986,-0.079892,0.084116,-0.095194,0.061048,0.001215,0.000104
0,0.095462,-0.003319,0.159474,-0.038527,0.122343,0.007154,0.001666,5.8e-05
0,-0.044208,-0.232517,-0.169107,-0.235067,-0.184332,-0.210955,0.000772,0.004058
0,0.108902,-0.059029,0.137555,0.194324,0.179385,0.172277,0.001901,0.00103
0,0.064682,-0.183097,-0.054029,-0.095163,-0.024023,-0.075965,0.001129,0.003196
0,-0.073916,-0.099854,-0.147404,0.093996,-0.129233,0.077004,0.00129,0.001743
0,0.069913,-0.079768,0.165254,0.034489,0.163978,-0.010356,0.00122,0.001392
0,0.011161,-0.065158,-0.043904,0.008545,0.005845,-0.008642,0.000195,0.001137
0,-0.081624,0.006317,-0.085252,0.095318,-0.126308,0.117462,0.001425,0.00011
0,0.154175,-0.129067,0.25493,-0.127163,0.258177,-0.078741,0.002691,0.002253
0,0.026124,-0.133722,-0.113256,-0.017422,-0.080581,0.031993,0.000456,0.002334
0,0.00349,-0.227783,-0.002139,-0.113568,-0.012419,-0.084261,6.1e-05,0.003976
0,0.097969,-0.163579,0.078715,0.071061,0.072346,0.066858,0.00171,0.002855
0,-0.045771,-0.164434,-0.132862,-0.018047,-0.121499,-0.019176,0.000799,0.00287
0,-0.069846,-0.115683,-0.011395,0.040926,0.010027,0.010953,0.001219,0.002019
0,-0.042993,0.025188,0.001054,0.163343,0.049173,0.169736,0.00075,0.00044
0,-0.005744,0.040151,0.040707,-0.004465,0.008991,0.002943,0.0001,0.000701
0,0.042825,-0.194513,0.038917,-0.237587,0.035505,-0.226101,0.000747,0.003395
0,-0.132338,-0.141304,-0.184567,0.048312,-0.135383,0.010171,0.00231,0.002466
0,0.1021,-0.141925,0.25194,0.015687,0.300839,0.059978,0.001782,0.002477
0,0.006414,-0.074351,-0.106458,0.055898,-0.124594,0.10492,0.000112,0.001298
0,0.088514,0.009298,0.102349,0.113028,0.100471,0.146069,0.001545,0.000162
0,-0.088955,0.068956,-0.20732,0.069051,-0.249446,0.097529,0.001553,0.001204
0,0.073403,0.06464,0.134167,-0.008553,0.144218,-0.053003,0.001281,0.001128
0,0.083235,-0.106093,0.012121,-0.193533,-0.033337,-0.189787,0.001453,0.001852
0,-0.056116,0.093633,-0.132292,0.210629,-0.136792,0.2287,0.000979,0.001634
0,0.029769,-0.050581,0.062988,-0.173218,0.020173,-0.190778,0.00052,0.000883
0,0.193711,0.041148,0.136322,0.094855,0.089362,0.120488,0.003381,0.000718
0,0.10573,-0.013081,-0.105221,-0.057617,-0.122963,-0.076679,0.001845,0.000228
0,-0.018129,-0.175783,-0.142388,-0.190614,-0.176974,-0.179551,0.000316,0.003068
0,0.19283,-0.082931,0.226194,0.075497,0.260275,0.037732,0.003366,0.001447
0,0.030194,-0.019724,-0.164019,0.044144,-0.120926,-0.004516,0.000527,0.000344
0,-0.093115,0.018978,-0.125402,0.034993,-0.129262,0.060806,0.001625,0.000331
0,-0.109074,0.154042,0.000747,0.135419,-0.007474,0.12656,0.001904,0.002689
0,-0.099122,0.00947,-0.015311,-0.14752,0.004447,-0.11976,0.00173,0.000165
0,0.183701,-0.128179,0.289198,-0.162929,0.3286,-0.152438,0.003206,0.002237
0,-0.040417,-0.044804,-0.202141,0.103029,-0.207176,0.109651,0.000705,0.000782
0,0.059722,0.076595,0.073366,0.121625,0.041783,0.151167,0.001042,0.001337
0,-0.06039,-0.115533,-0.115791,-0.220595,-0.112876,-0.226211,0.001054,0.002016
0,-0.074662,0.0144,0.010184,0.108374,0.037193,0.080108,0.001303,0.000251
0,-0.076727,-0.194954,0.010637,-0.214954,-0.003245,-0.177518,0.001339,0.003403
0,-0.023908,-0.076862,0.070132,0.099562,0.065396,0.053927,0.000417,0.001341
0,-0.072102,-0.207544,-0.025427,-0.122354,-0.040021,-0.085978,0.001258,0.003622
0,0.067567,-0.117781,0.148374,0.113989,0.119016,0.087154,0.001179,0.002056
0,0.196113,-0.181773,0.131044,-0.039805,0.088934,-0.059667,0.003423,0.003173
0,0.218139,-0.106827,0.001552,0.068654,-0.028378,0.074873,0.003807,0.001864
0,0.063647,0.085591,-0.130753,0.177216,-0.129711,0.15231,0.001111,0.001494
0,0.079649,-0.158764,0.004984,-0.267311,0.020571,-0.246657,0.00139,0.002771
0,0.031085,-0.085336,-0.046572,0.063937,0.000744,0.021632,0.000543,0.001489
0,-0.07733,-0.029032,-0.080267,0.078474,-0.102246,0.116814,0.00135,0.000507
0,-0.098556,0.001822,-0.038275,0.025245,-0.023816,0.071232,0.00172,3.2e-05
0,0.035973,0.115774,0.147106,0.08481,0.190726,0.062955,0.000628,0.002021
0,-0.137135,0.158444,-0.192646,0.066689,-0.217135,0.050481,0.002393,0.002765
0,-0.05126,0.102826,0.084525,-0.068207,0.083497,-0.028055,0.000895,0.001795
0,0.081786,-0.042403,0.127884,-0.119781,0.110331,-0.165904,0.001427,0.00074
0,0.049615,-0.045946,-0.038477,0.014148,-0.034635,0.026056,0.000866,0.000802
0,-0.017397,0.018174,-0.042702,0.050819,-0.029557,0.004182,0.000304,0.000317
0,-0.07665,-0.099464,-0.054941,-0.139624,-0.092599,-0.133841,0.001338,0.001736
0,-0.035836,-0.009201,0.048294,0.067706,0.021854,0.04363,0.000625,0.000161
0,0.107073,0.01267,0.158228,0.026727,0.189116,0.026572,0.001869,0.000221
0,0.158066,-0.111449,0.046915,-0.13133,0.06232,-0.127381,0.002759,0.001945
0,0.05808,-0.043065,-0.120689,0.092191,-0.098991,0.125357,0.001014,0.000752
0,0.09409,-0.133988,0.02478,-0.077224,-0.02001,-0.059899,0.001642,0.002339
0,0.084732,0.053052,0.004297,0.171315,0.017629,0.210429,0.001479,0.000926
0,-0.027145,0.128867,-0.132919,0.096539,-0.092573,0.091469,0.000474,0.002249
0,0.015068,0.096769,0.033322,-0.043383,0.071164,-0.091139,0.000263,0.001689
0,0.143352,-0.118743,0.127956,-0.205011,0.090057,-0.239244,0.002502,0.002072
0,0.031805,0.001057,-0.10771,0.147107,-0.11585,0.16157,0.000555,1.8e-05
0,-0.057448,0.109859,-0.093351,0.1066,-0.091818,0.142199,0.001003,0.001917
0,-0.142295,0.083583,-0.082741,-0.009104,-0.07105,0.021427,0.002484,0.001459
0,-0.091276,0.008656,0.064997,-0.050002,0.033625,-0.032407,0.001593,0.000151
0,-0.196474,0.004669,-0.108371,-0.022738,-0.109887,-0.009086,0.003429,8.1e-05
0,-0.210975,0.004121,0.009805,-0.020116,0.004135,-0.032409,0.003682,7.2e-05
0,-0.053762,-0.121026,0.157773,-0.09982,0.192045,-0.076307,0.000938,0.002112
0,-0.002971,0.046856,0.027238,0.150061,0.001228,0.129643,5.2e-05,0.000818
0,0.037776,-0.081296,0.049812,-0.118816,0.059861,-0.133939,0.000659,0.001419
0,-0.067195,0.025814,-0.076194,0.11204,-0.079546,0.086411,0.001173,0.000451
0,-0.018954,-0.096812,0.055876,-0.140786,0.098668,-0.165402,0.000331,0.00169
0,0.070945,-0.139396,0.087823,-0.016471,0.043078,-0.027897,0.001238,0.002433
0,-0.046654,-0.023973,-0.135082,0.129184,-0.132603,0.125146,0.000814,0.000418
0,0.072234,-0.035765,0.09188,-0.035407,0.070111,0.010988,0.001261,0.000624
0,-0.146352,-0.224623,-0.232242,-0.218759,-0.253897,-0.23709,0.002554,0.00392
0,-0.218135,0.037805,-0.062654,0.263605,-0.022889,0.307066,0.003807,0.00066
0,0.096792,0.039472,0.294634,0.000285,0.279303,-0.024816,0.001689,0.000689
0,-0.194715,-0.007664,-0.2779,-0.067529,-0.31727,-0.01964,0.003398,0.000134
0,0.081674,0.019084,0.293504,0.049733,0.295737,0.006926,0.001425,0.000333
0,-0.161247,0.094931,-0.215177,0.047851,-0.213302,0.068624,0.002814,0.001657
0,-0.052606,0.017017,0.088204,-0.06723,0.063705,-0.117201,0.000918,0.000297
0,0.097739,-0.120666,0.139811,-0.117634,0.151591,-0.072754,0.001706,0.002106
0,-0.08664,-0.0278,-0.206368,0.094893,-0.21404,0.122326,0.001512,0.000485
0,0.060512,-0.099297,0.142197,-0.088865,0.173619,-0.125686,0.001056,0.001733
0,-0.065462,-0.005845,-0.104789,0.072051,-0.06394,0.109036,0.001143,0.000102
0,-0.013569,0.057861,0.04042,0.089711,0.019151,0.085372,0.000237,0.00101
0,0.041788,-0.118233,0.054259,-0.183295,0.032932,-0.164827,0.000729,0.002064
0,-0.259907,0.033765,-0.301011,0.135227,-0.253154,0.108731,0.004536,0.000589
0,-0.220097,-0.072803,0.06616,-0.106322,0.091326,-0.075432,0.003841,0.001271
0,-0.011937,-0.019956,0.199111,0.060567,0.177985,0.08484,0.000208,0.000348
0,-0.069223,-0.108705,-0.074758,-0.083821,-0.0717,-0.092462,0.001208,0.001897
0,-0.034979,0.001128,0.044653,0.130075,0.01865,0.093988,0.00061,2e-05
0,0.028943,0.092326,0.070419,0.099601,0.070016,0.134213,0.000505,0.001611
0,-0.118948,0.043145,-0.134929,-0.067361,-0.10899,-0.076406,0.002076,0.000753
0,0.11079,-0.037051,0.252093,-0.051154,0.243071,-0.047431,0.001934,0.000647
0,-0.078378,0.08252,-0.184761,0.113544,-0.228956,0.161915,0.001368,0.00144
0,-0.008379,0.142657,0.095022,0.039738,0.085201,0.019257,0.000146,0.00249
0,-0.141389,-0.048615,-0.135762,-0.20968,-0.122546,-0.181499,0.002468,0.000848
0,-0.075359,0.15052,0.057259,0.201942,0.093848,0.17397,0.001315,0.002627
0,-0.017377,0.132543,0.08179,-0.028484,0.051513,-0.017049,0.000303,0.002313
0,0.047482,-0.079452,0.036589,-0.197388,-0.013157,-0.219946,0.000829,0.001387
0,0.092396,0.128231,0.047904,0.234867,0.033135,0.261582,0.001613,0.002238
0,-0.143589,0.066896,-0.236727,-0.048143,-0.238351,-0.039858,0.002506,0.001168
0,0.025467,-0.08197,0.182669,-0.131446,0.201034,-0.082297,0.000444,0.001431
0,-0.073463,0.150184,-0.119158,0.223553,-0.16897,0.20226,0.001282,0.002621
0,0.115792,-0.055752,0.174599,-0.194481,0.196706,-0.173661,0.002021,0.000973
0,0.167624,0.036469,0.038004,0.082282,0.017123,0.041959,0.002926,0.000637
0,0.19082,0.021916,0.01727,-0.040313,0.043715,-0.005632,0.00333,0.000383
0,0.064798,-0.007331,-0.122547,-0.044555,-0.169452,-0.053549,0.001131,0.000128
0,0.142737,-0.091343,0.094777,-0.061774,0.131346,-0.058098,0.002491,0.001594
0,0.136979,0.018211,-0.020528,0.126254,-0.0405,0.133376,0.002391,0.000318
0,0.158876,0.055359,0.011497,0.03913,0.017462,0.019249,0.002773,0.000966
0,0.157648,-0.035092,-0.002505,-0.11224,-0.032393,-0.098414,0.002751,0.000612
0,-0.04702,-0.06941,-0.228313,-0.058852,-0.183949,-0.069409,0.000821,0.001211
0,0.159591,0.144155,0.179391,0.237116,0.137591,0.20658,0.002785,0.002516
0,0.121482,0.028639,-0.020053,-0.126857,0.026847,-0.115011,0.00212,0.0005
0,0.197849,-0.00133,0.066097,-0.01214,0.100352,0.016239,0.003453,2.3e-05
0,0.185843,0.163904,-0.037634,0.187225,-0.002277,0.198007,0.003244,0.002861
0,0.2227,0.034441,0.033847,-0.14204,0.006909,-0.106054,0.003887,0.000601
0,0.18346,-0.086089,-0.039001,-0.114319,-0.086376,-0.161846,0.003202,0.001503
0,-0.069785,0.044534,-0.229608,0.15014,-0.273708,0.187907,0.001218,0.000777
0,0.165951,-0.089483,0.21908,-0.105695,0.242973,-0.136575,0.002896,0.001562
0,0.003852,0.012287,-0.178151,0.074429,-0.16048,0.043545,6.7e-05,0.000214
0,0.064332,0.152198,0.051125,0.124159,0.064256,0.146293,0.001123,0.002656
0,-0.018195,0.138317,-0.105081,0.009721,-0.089323,-0.006044,0.000318,0.002414
0,0.103778,-0.143675,0.11427,-0.280421,0.086287,-0.268976,0.001811,0.002508
0,0.049159,-0.043144,-0.04546,0.099825,-0.014335,0.12027,0.000858,0.000753
0,-0.074937,0.091165,-0.132827,0.144978,-0.091463,0.128949,0.001308,0.001591
0,0.003013,-0.093295,0.084028,-0.2067,0.038748,-0.181923,5.3e-05,0.001628
0,0.006423,-0.019614,0.016191,0.096586,0.059781,0.140776,0.000112,0.000342
0,-0.159534,0.144092,-0.144737,0.159883,-0.105424,0.189715,0.002784,0.002515
0,-0.147429,0.161668,0.025155,-0.008621,0.05016,-0.010055,0.002573,0.002822
0,-0.069073,0.081005,0.09728,-0.068455,0.049191,-0.042158,0.001206,0.001414
0,-0.143088,0.196406,-0.072876,0.141341,-0.119291,0.149374,0.002497,0.003428
0,-0.154238,-0.015426,-0.024068,-0.186698,-0.062323,-0.141982,0.002692,0.000269
0,-0.021201,0.044246,0.146788,0.064938,0.1426,0.033786,0.00037,0.000772
0,-0.06027,0.150947,-0.010054,0.077648,-0.0334,0.104989,0.001052,0.002635
0,0.119566,0.073551,0.180489,-0.069522,0.166624,-0.101235,0.002087,0.001284
0,0.033767,0.001632,-0.08158,-0.053562,-0.088282,-0.009418,0.000589,2.8e-05
0,-0.027346,-0.089472,-0.076019,-0.078124,-0.099067,-0.041969,0.000477,0.001562
0,-0.118933,-0.017679,-0.111933,0.071274,-0.097138,0.051524,0.002076,0.000309
0,0.089921,-0.000187,0.191259,0.036764,0.172963,0.024915,0.001569,3e-06
0,0.057614,0.135354,-0.029598,0.164326,-0.014792,0.11987,0.001006,0.002362
0,0.06118,0.151045,0.016794,0.039436,-0.028079,0.016561,0.001068,0.002636
0,-0.055644,-0.021396,-0.093577,-0.182323,-0.054261,-0.147407,0.000971,0.000373
0,0.063191,0.120916,0.146936,0.143593,0.192422,0.134646,0.001103,0.00211
0,0.022658,0.081291,-0.059504,-0.037764,-0.043608,-0.002853,0.000395,0.001419
0,-0.072893,0.123046,-0.11608,0.055818,-0.125623,0.066557,0.001272,0.002148
0,0.072129,0.105555,0.137709,-0.017408,0.176947,-0.011846,0.001259,0.001842
0,-0.048507,-0.06292,-0.118662,-0.162699,-0.114858,-0.195421,0.000847,0.001098
0,0.130037,-0.073205,0.1934,-0.007326,0.239955,-0.020947,0.00227,0.001278
0,-0.062733,0.018914,-0.207304,0.080839,-0.190939,0.038376,0.001095,0.00033
0,0.018343,0.173769,0.087883,0.132815,0.089042,0.093642,0.00032,0.003033
0,-0.143564,-0.032218,-0.18071,-0.210884,-0.219549,-0.25246,0.002506,0.000562
0,-0.002129,0.065117,0.123958,0.080891,0.128955,0.115181,3.7e-05,0.001137
0,-0.081596,0.034047,-0.093284,-0.029398,-0.121649,-0.027188,0.001424,0.000594
0,0.065727,-0.006306,0.16921,-0.015742,0.187225,-0.028504,0.001147,0.00011
0,-0.017008,-0.010999,-0.071075,-0.009607,-0.050455,-0.005777,0.000297,0.000192
0,-0.182964,0.056125,-0.16412,0.076317,-0.158484,0.109486,0.003193,0.00098
0,0.060635,0.187653,0.267289,0.147047,0.29768,0.177715,0.001058,0.003275
0,-0.229599,0.073915,-0.314167,-0.094395,-0.356434,-0.139556,0.004007,0.00129
0,-0.19711,0.06792,0.007152,-0.025358,-0.022306,-0.052072,0.00344,0.001185
0,-0.129178,0.150725,0.06266,0.097155,0.059649,0.079481,0.002255,0.002631
0,-0.090671,0.123313,0.030419,0.002302,0.058931,-0.041768,0.001583,0.002152
0,-0.056929,0.065954,0.028148,-0.053042,0.070797,-0.08985,0.000994,0.001151
0,0.095988,0.00479,0.144882,-0.087559,0.174556,-0.055124,0.001675,8.4e-05
0,0.035996,0.093123,-0.031445,0.096868,-0.010861,0.07535,0.000628,0.001625
0,-0.119624,-0.098413,-0.160839,-0.218517,-0.121104,-0.178772,0.002088,0.001718
0,0.163103,0.1298,0.269983,0.237974,0.283814,0.277651,0.002847,0.002265
0,0.04387,0.175352,-0.096258,0.037419,-0.053449,0.064204,0.000766,0.00306
0,-0.021756,0.163866,-0.081461,-0.01058,-0.110627,-0.04255,0.00038,0.00286
0,0.102638,-0.071363,0.104056,-0.231119,0.150395,-0.198962,0.001791,0.001246
0,-0.071388,0.085033,-0.178118,0.128665,-0.197351,0.176643,0.001246,0.001484
0,0.058916,0.130823,0.119482,0.073596,0.169465,0.08147,0.001028,0.002283
0,-0.073671,0.099191,-0.156652,-0.021258,-0.131377,-0.064398,0.001286,0.001731
0,-0.124968,0.038738,-0.033374,-0.045817,-0.003752,-0.057503,0.002181,0.000676
0,0.107802,-0.005553,0.229313,-0.052258,0.241901,-0.055722,0.001881,9.7e-05
0,-0.148609,0.075155,-0.25492,0.074808,-0.230891,0.117811,0.002594,0.001312
0,0.07742,0.044397,0.214874,-0.059633,0.235437,-0.050282,0.001351,0.000775
0,0.121095,0.098264,0.068399,0.068668,0.023982,0.051105,0.002114,0.001715
0,-0.104123,0.069089,-0.196958,-0.045845,-0.196874,-0.08691,0.001817,0.001206
0,-0.142648,0.156891,-0.046552,0.111696,-0.04604,0.096052,0.00249,0.002738
0,0.049738,0.090253,0.194009,-0.037443,0.160828,-0.063942,0.000868,0.001575
0,-0.020027,-0.071649,-0.057684,-0.186526,-0.01405,-0.165651,0.00035,0.001251
0,0.02818,0.06594,0.021303,0.11662,0.066442,0.11393,0.000492,0.001151
0,-0.143149,-0.097326,-0.154209,-0.135762,-0.160621,-0.138464,0.002498,0.001699
0,-0.084929,0.160829,0.058673,0.251099,0.093031,0.239687,0.001482,0.002807
0,0.010906,0.133165,0.092782,-0.035882,0.075431,-0.002967,0.00019,0.002324
0,-0.033943,-0.010955,-0.015164,-0.141973,0.021443,-0.169499,0.000592,0.000191
0,0.156619,-0.084146,0.216095,-0.067001,0.249327,-0.088416,0.002734,0.001469
0,0.112404,0.070443,-0.056903,0.157589,-0.015298,0.125405,0.001962,0.001229
0,0.046293,0.179016,-0.058409,0.126979,-0.039693,0.092201,0.000808,0.003124
0,0.054216,0.030114,-0.018057,-0.173104,-0.023735,-0.127836,0.000946,0.000526
0,-0.0618,-0.019142,-0.113146,-0.067897,-0.136714,-0.048117,0.001079,0.000334
0,-0.104987,0.240984,-0.065088,0.272394,-0.036218,0.281829,0.001832,0.004206
0,-0.079066,0.067372,0.044604,-0.176855,0.050982,-0.170161,0.00138,0.001176
0,-0.038272,0.114189,0.015699,0.057334,0.017195,0.084693,0.000668,0.001993
0,-0.107704,0.110853,-0.083728,0.007818,-0.060858,0.054465,0.00188,0.001935
0,-0.000628,0.076887,0.130322,-0.060219,0.175698,-0.026314,1.1e-05,0.001342
0,-0.279868,-0.014277,-0.300177,-0.087985,-0.303833,-0.090288,0.004885,0.000249
0,-0.054258,-0.058501,0.224856,-0.020942,0.186776,-0.065383,0.000947,0.001021
0,-0.177998,-0.02958,-0.145811,0.053593,-0.179414,0.033684,0.003107,0.000516
0,-0.272186,-0.037558,-0.087456,0.021234,-0.091435,0.047186,0.004751,0.000656
0,-0.09782,0.043519,0.200169,0.094447,0.187491,0.143413,0.001707,0.00076
0,-0.337823,-0.112725,-0.231187,-0.153872,-0.192921,-0.174544,0.005896,0.001967
0,-0.133483,0.01623,0.182763,0.11948,0.164294,0.109881,0.00233,0.000283
0,-0.32707,0.056291,-0.173991,0.054167,-0.13765,0.00496,0.005708,0.000982
0,-0.29232,0.114591,0.010458,0.046646,-0.021463,0.069344,0.005102,0.002
0,-0.067391,-0.118225,0.226852,-0.206156,0.243199,-0.209814,0.001176,0.002063
0,-0.248035,0.076828,-0.152417,0.21005,-0.103058,0.253926,0.004329,0.001341
0,-0.156256,0.119106,0.102756,0.059077,0.150343,0.097706,0.002727,0.002079
0,-0.212341,0.049828,-0.051618,-0.062231,-0.006687,-0.098767,0.003706,0.00087
0,-0.05337,-0.007388,0.179686,-0.056286,0.13721,-0.01369,0.000931,0.000129
0,-0.077633,0.086268,-0.049893,0.069451,-0.055333,0.035622,0.001355,0.001506
0,-0.261244,-0.081752,-0.16818,-0.16019,-0.118206,-0.193218,0.00456,0.001427
0,-0.243822,0.120955,-0.009249,0.201304,-0.003093,0.176088,0.004255,0.002111
0,-0.203924,-0.042001,0.032916,-0.13828,0.006592,-0.181099,0.003559,0.000733
0,-0.368677,0.577562,-0.18888,0.590735,-0.218112,0.598179,0.005656,0.00201
0,-0.46374,0.703773,-0.07967,0.131475,-0.083034,0.104466,0.003997,0.000193
0,-0.581208,0.842396,-0.137248,0.132869,-0.122534,0.168199,0.001946,0.002612
0,-0.17097,1.115684,0.398992,0.27429,0.444451,0.236979,0.002984,0.004709
0,-0.232575,1.116919,-0.081937,-0.015532,-0.112591,-0.030351,0.004059,0.004687
0,-0.348995,1.035624,-0.091757,-0.08098,-0.067591,-0.125881,0.005999,0.005985
0,-0.211175,1.119529,0.113515,0.054255,0.158428,0.054734,0.003686,0.004642
0,-0.10798,0.986813,0.12412,-0.157282,0.171574,-0.135401,0.001885,0.005133
0,-0.111891,0.664602,-0.031983,-0.321605,-0.074271,-0.275051,0.001953,0.000491
0,-0.176966,0.404162,-0.092937,-0.237885,-0.130277,-0.268446,0.003089,0.005037
0,0.100807,0.066549,0.286697,-0.354214,0.2446,-0.348075,0.001759,0.001161
0,0.021395,-0.062184,-0.096707,-0.128848,-0.06154,-0.080357,0.000373,0.001085
0,-0.081658,0.010076,-0.082373,0.065903,-0.033224,0.020965,0.001425,0.000176
0,-0.129101,-0.112543,-0.039534,-0.114245,-0.051949,-0.13853,0.002253,0.001964
0,0.101226,-0.170836,0.210902,-0.02974,0.246301,-0.056931,0.001767,0.002982
0,-0.007183,-0.185718,-0.118526,-0.041668,-0.117694,-0.00975,0.000125,0.003241
0,-0.108809,-0.020891,-0.109642,0.189969,-0.131525,0.175355,0.001899,0.000365
0,-0.042554,-0.256287,0.036876,-0.223895,0.0329,-0.255703,0.000743,0.004473
0,-0.149384,-0.026252,-0.07987,0.210314,-0.062948,0.249668,0.002607,0.000458
0,-0.098953,-0.202213,0.022888,-0.155371,0.055567,-0.194112,0.001727,0.003529
0,-0.120023,-0.0393,-0.025068,0.140452,0.006803,0.096881,0.002095,0.000686
0,0.205608,-0.206603,0.301044,-0.189223,0.34167,-0.232813,0.003589,0.003606
0,0.115963,-0.143268,-0.06921,0.034783,-0.020861,0.02221,0.002024,0.002501
0,-0.025675,-0.11146,-0.150787,0.036332,-0.15407,0.060359,0.000448,0.001945
0,0.184589,-0.031004,0.198725,0.059093,0.152504,0.061964,0.003222,0.000541
0,0.165069,-0.106446,0.006506,-0.053768,0.006361,-0.068975,0.002881,0.001858
0,0.102647,-0.147441,-0.080131,-0.052293,-0.056314,-0.022723,0.001792,0.002573
0,-0.121318,-0.154238,-0.242542,-0.019897,-0.226404,-0.043223,0.002117,0.002692
0,0.069511,-0.044159,0.196426,0.090156,0.214781,0.110588,0.001213,0.000771
0,-0.040982,-0.041494,-0.0843,-0.008475,-0.13201,0.005941,0.000715,0.000724
0,-0.070935,-0.151919,-0.035683,-0.118884,-0.034993,-0.143722,0.001238,0.002651
0,-0.182722,-0.007915,-0.092402,0.164199,-0.095318,0.156433,0.003189,0.000138
0,-0.09806,-0.176665,0.095042,-0.157183,0.116565,-0.197922,0.001711,0.003083
0,0.087815,-0.098621,0.193195,0.096476,0.214294,0.066846,0.001533,0.001721
0,1.522099,0.118295,1.404774,0.213439,1.448721,0.207026,0.002385,0.002065
0,2.412287,0.360064,0.897244,0.234297,0.893699,0.202809,0.005831,0.005806
0,2.910312,0.375891,0.486138,0.02295,0.475448,-0.000766,0.002433,0.00553
0,2.946927,0.423021,0.057282,0.021947,0.103461,0.070749,0.003072,0.004707
0,2.794634,0.262545,-0.143329,-0.136458,-0.185192,-0.09207,0.000414,0.004582
0,2.392825,0.457398,-0.422815,0.189418,-0.372916,0.22592,0.005491,0.004107
0,1.598469,0.392391,-0.803893,-0.035234,-0.842388,-0.014103,0.003718,0.005242
0,1.054023,0.120599,-0.557969,-0.273229,-0.588579,-0.269731,0.005785,0.002105
0,0.861362,0.091917,-0.201501,-0.015379,-0.216785,-0.002097,0.002943,0.001604
0,0.53938,-0.037967,-0.32895,-0.103655,-0.356891,-0.125169,0.002677,0.000663
0,0.38074,-0.154907,-0.154226,-0.112461,-0.116474,-0.14782,0.005445,0.002704
0,-0.081118,0.00757,-0.449899,0.164157,-0.454754,0.179313,0.001416,0.000132
0,-0.535064,-0.209729,-0.442403,-0.209493,-0.403527,-0.182546,0.002752,0.00366
0,-0.390412,-0.052822,0.140956,0.14522,0.115444,0.108404,0.005277,0.000922
0,-0.406791,-0.241667,-0.011006,-0.196955,0.035272,-0.238271,0.004991,0.004218
0,-0.488222,-0.018045,-0.0895,0.214088,-0.059853,0.225718,0.003569,0.000315
0,-0.271759,-0.155792,0.245028,-0.15705,0.197852,-0.147447,0.004743,0.002719
0,-0.223286,-0.146057,0.065048,-0.001887,0.089228,0.001359,0.003897,0.002549
0,-0.012457,-0.272021,0.182505,-0.111685,0.223552,-0.067784,0.000217,0.004748
0,0.020936,-0.056309,0.012919,0.194318,0.018135,0.147715,0.000365,0.000983
0,-0.010794,-0.13849,-0.002492,-0.089624,0.004828,-0.116897,0.000188,0.002417
0,0.095259,-0.052105,0.101264,0.104196,0.126733,0.145647,0.001663,0.000909
0,0.039439,-0.202317,-0.067743,-0.165895,-0.072206,-0.169408,0.000688,0.003531
0,0.186347,0.017975,0.125267,0.214449,0.07838,0.181154,0.003252,0.000314
0,0.150796,-0.106036,-0.064343,-0.117912,-0.104844,-0.06797,0.002632,0.001851
0,0.159947,-0.01442,0.02789,0.090466,-0.009844,0.103007,0.002792,0.000252
0,0.050564,-0.128875,-0.106997,-0.125231,-0.076294,-0.099013,0.000883,0.002249
0,-0.008163,-0.004795,-0.066382,0.098219,-0.115061,0.142605,0.000142,8.4e-05
0,0.196737,-0.134832,0.192365,-0.105499,0.198405,-0.080881,0.003434,0.002353
0,0.128136,-0.098402,-0.090797,0.014808,-0.093859,0.04053,0.002236,0.001717
0,0.208241,-0.272125,0.075539,-0.181546,0.097417,-0.221296,0.003634,0.004749
0,0.230947,-0.066207,0.052322,0.20025,0.040364,0.16116,0.004031,0.001156
0,0.170284,-0.020578,-0.055538,0.04179,-0.100472,0.05706,0.002972,0.000359
0,0.17272,0.011556,0.024334,0.028786,0.034362,0.020307,0.003015,0.000202
0,0.0941,-0.144658,-0.073447,-0.136627,-0.070192,-0.149893,0.001642,0.002525
0,0.301452,-0.208271,0.187889,-0.078617,0.148656,-0.108716,0.005261,0.003635
0,0.085494,0.011243,-0.221733,0.237465,-0.214536,0.212167,0.001492,0.000196
0,0.035839,-0.030323,-0.024835,-0.040491,-0.016642,0.008402,0.000626,0.000529
0,0.165014,-0.220878,0.152163,-0.186858,0.197114,-0.196909,0.00288,0.003855
0,0.14565,-0.245461,-0.03515,-0.005617,0.004899,0.034908,0.002542,0.004284
0,-0.001223,-0.107599,-0.17436,0.132895,-0.208949,0.088584,2.1e-05,0.001878
0,-0.05934,-0.113314,-0.067974,0.006477,-0.098381,0.026787,0.001036,0.001978
0,0.066695,-0.033054,0.144154,0.071558,0.154706,0.081781,0.001164,0.000577
0,0.028084,-0.210569,-0.017994,-0.195946,0.000713,-0.180464,0.00049,0.003675
0,0.138616,-0.23226,0.132055,-0.02917,0.16243,-0.002217,0.002419,0.004054
0,0.125865,-0.024274,0.005311,0.20558,0.027558,0.216148,0.002197,0.000424
0,0.242045,-0.022751,0.107729,0.01024,0.146372,-0.008194,0.004224,0.000397
0,0.135214,-0.142853,-0.122767,-0.131769,-0.0851,-0.140251,0.00236,0.002493
0,0.297914,-0.048625,0.135085,0.112255,0.121631,0.107206,0.0052,0.000849
0,0.095253,0.01657,-0.206206,0.092495,-0.226897,0.102896,0.001662,0.000289
0,0.148094,-0.156656,0.041407,-0.163587,0.032144,-0.205167,0.002585,0.002734
0,-0.011939,-0.110525,-0.157578,0.025843,-0.154452,0.043806,0.000208,0.001929
0,0.108039,-0.172907,0.146441,-0.073791,0.097031,-0.093529,0.001886,0.003018
0,0.037505,-0.123565,-0.092243,0.046157,-0.05621,0.089394,0.000655,0.002157
0,-0.060583,-0.047838,-0.087305,0.087158,-0.06092,0.088839,0.001057,0.000835
0,-0.095392,-0.054081,-0.056968,0.014097,-0.099504,0.008771,0.001665,0.000944
0,-0.029502,0.010318,0.076268,0.055511,0.0733,0.05581,0.000515,0.00018
0,0.117601,-0.156972,0.158969,-0.187216,0.163979,-0.150232,0.002053,0.00274
0,-0.076268,-0.123742,-0.210671,0.056289,-0.245724,0.095589,0.001331,0.00216
0,-0.073617,-0.211828,0.007721,-0.10129,-0.022342,-0.094088,0.001285,0.003697
0,0.005396,0.047767,0.087426,0.237943,0.048774,0.239898,9.4e-05,0.000834
0,0.014057,-0.066291,-0.015897,-0.093281,-0.002927,-0.065493,0.000245,0.001157
0,-0.028985,-0.101304,-0.034596,-0.023877,-0.056393,-0.062509,0.000506,0.001768
0,-0.103129,-0.203083,-0.088719,-0.07638,-0.130323,-0.078377,0.0018,0.003544
0,-0.121993,-0.195406,-0.022398,-0.016599,-0.062555,-0.02971,0.002129,0.00341
0,0.099511,0.021055,0.193146,0.190405,0.160948,0.199298,0.001737,0.000367
0,0.056801,-0.070848,-0.040894,-0.112821,-0.084763,-0.134573,0.000991,0.001237
0,0.060912,-0.110478,0.019345,-0.038396,0.005844,0.011026,0.001063,0.001928
0,0.007423,-0.044667,-0.072465,0.072996,-0.025979,0.048954,0.00013,0.00078
0,-0.052221,-0.175468,-0.033433,-0.11703,-0.067324,-0.140496,0.000911,0.003062
0,-0.02959,0.032187,0.028226,0.203716,0.037006,0.175379,0.000516,0.000562
0,0.004321,-0.001313,0.00908,-0.029258,0.036465,-0.019456,7.5e-05,2.3e-05
0,0.038594,-0.066777,0.055159,-0.087532,0.04525,-0.13413,0.000674,0.001165
0,0.141319,-0.02615,0.129915,0.041186,0.082006,0.024822,0.002466,0.000456
0,0.092595,-0.092293,-0.019324,-0.059773,0.005168,-0.032378,0.001616,0.001611
0,0.007114,-0.032926,-0.097944,0.074299,-0.133829,0.083045,0.000124,0.000575
0,-0.02223,0.012747,-0.015174,0.020853,-0.032193,0.010191,0.000388,0.000222
0,0.139875,0.052759,0.147009,0.034029,0.188023,0.002292,0.002441,0.000921
0,0.121018,0.028825,-0.008643,-0.023208,0.03149,-0.005957,0.002112,0.000503
0,-0.088009,-0.227725,-0.181113,-0.250437,-0.147226,-0.266474,0.001536,0.003975
0,0.138568,-0.198958,0.214924,0.005697,0.189664,-0.038771,0.002418,0.003472
0,-0.12493,0.059581,-0.286652,0.261655,-0.302842,0.247125,0.00218,0.00104
0,0.052102,-0.031195,0.170086,-0.111707,0.148645,-0.139726,0.000909,0.000544
0,0.050942,-0.02588,-0.021718,0.027582,-0.018506,0.018246,0.000889,0.000452
0,0.014576,-0.21241,-0.031876,-0.17921,-0.041447,-0.129304,0.000254,0.003707
0,-0.12946,-0.128375,-0.170967,0.078699,-0.214673,0.069997,0.00226,0.002241
0,0.081651,0.063839,0.22767,0.172134,0.199447,0.18044,0.001425,0.001114
0,-0.006699,-0.130714,-0.090142,-0.172665,-0.099346,-0.155116,0.000117,0.002281
0,0.020289,-0.173811,0.006159,-0.050032,-0.005483,-0.010356,0.000354,0.003034
0,1.809063,-0.330737,1.767534,-0.182781,1.779345,-0.147478,0.004697,0.005772
0,4.574539,-0.669607,2.756533,-0.341676,2.802607,-0.372254,0.004793,0.000404
0,4.651232,-0.503721,0.06734,0.17794,0.111623,0.141266,0.003454,0.003299
0,4.701657,-0.675647,0.027856,-0.180679,0.036919,-0.162332,0.002574,0.000298
0,3.861728,-0.658603,-0.857177,-0.006472,-0.873692,0.0177,0.005143,0.000596
0,3.017674,-0.596747,-0.86519,0.061592,-0.838284,0.056996,0.004306,0.001675
0,2.064994,-0.523106,-0.940851,0.048688,-0.941938,0.026355,0.000231,0.002961
0,1.519491,-0.215484,-0.570514,0.329973,-0.583098,0.342596,0.002339,0.003761
0,-1.838945,0.615288,-3.379692,0.841141,-3.392218,0.794472,0.004176,0.001352
0,-2.882723,0.96112,-1.025443,0.337935,-1.002997,0.331799,0.001951,0.004684
0,-3.576582,0.929808,-0.692018,-0.029657,-0.709989,-0.061864,0.001971,0.004138
0,-3.467136,1.163193,0.104233,0.262322,0.122612,0.289323,6.1e-05,0.003879
0,-3.889143,1.018348,-0.393029,-0.157416,-0.436069,-0.186812,0.004665,0.005683
0,-3.131346,0.957824,0.77897,-0.065471,0.7633,-0.082532,0.0058,0.004627
0,-2.436738,0.747037,0.670809,-0.226128,0.695464,-0.220868,0.005833,0.000948
0,-1.661193,0.885993,0.745616,0.114065,0.729432,0.092076,0.004812,0.003373
0,-1.233299,0.51347,0.453616,-0.398344,0.426857,-0.405162,0.002656,0.003129
0,-0.710392,0.468327,0.502189,-0.04157,0.482784,-0.047434,0.000308,0.003917
0,-0.512022,0.173177,0.210643,-0.290101,0.207146,-0.243899,0.003154,0.003023
0,-0.532511,0.091014,-0.012353,-0.111778,-0.044278,-0.156791,0.002796,0.001589
0,-0.54517,0.204294,-0.011587,0.123057,-0.038415,0.162225,0.002575,0.003566
0,-0.55693,0.259764,0.012615,0.052941,0.050575,0.012582,0.00237,0.004534
0,-0.539258,0.13362,0.011669,-0.111618,-0.020018,-0.132498,0.002679,0.002332
0,-0.413412,0.29423,0.137312,0.151473,0.150931,0.176571,0.004875,0.005135
0,-0.693967,0.028639,-0.295115,-0.248853,-0.278995,-0.28752,2.2e-05,0.0005
0,-0.408904,0.151367,0.312264,0.105515,0.353398,0.069067,0.004954,0.002642
0,-0.483726,0.186555,-0.048001,0.06082,-0.078463,0.09312,0.003648,0.003256
0,-0.393197,0.223377,0.074753,0.064378,0.054607,0.051717,0.005228,0.003899
0,-0.377751,-0.017109,0.011374,-0.21648,0.003765,-0.235411,0.005497,0.000299
0,-0.2768,-0.014158,0.102397,-0.000872,0.10437,0.038129,0.004831,0.000247
0,-0.464114,0.205094,-0.198769,0.192664,-0.200305,0.152776,0.00399,0.00358
0,-0.363413,-0.075154,0.106022,-0.254365,0.135602,-0.261196,0.005748,0.001312
0,-0.292234,0.088763,0.055593,0.16741,0.03192,0.121775,0.0051,0.001549
0,-0.321284,0.108871,-0.013868,-0.00442,-0.020696,0.012607,0.005607,0.0019
0,-0.322252,-0.019387,-0.014514,-0.157951,0.003909,-0.112224,0.005624,0.000338
0,-0.251899,-0.063977,0.081705,-0.014774,0.077292,0.01186,0.004396,0.001117
0,-0.242374,-0.073802,-0.016298,0.00142,0.014377,0.000211,0.00423,0.001288
0,-0.31032,-0.085657,-0.082134,-0.040659,-0.061015,-0.068753,0.005416,0.001495
0,-0.280311,0.131968,0.036236,0.23699,0.075567,0.242094,0.004892,0.002303
0,0.959064,-0.550395,1.225713,-0.664897,1.233216,-0.619116,0.004648,0.002484
0,1.892027,-0.888289,0.9627,-0.350621,0.959104,-0.342769,0.003249,0.003413
0,2.548168,-1.394813,0.626474,-0.497924,0.622441,-0.516272,0.003888,0.000163
0,2.047071,-1.68431,-0.489182,-0.276467,-0.466149,-0.228543,0.000543,0.005216
0,2.113412,-1.657561,0.063941,0.040678,0.024273,0.007225,0.000615,0.004749
0,2.149365,-1.370301,0.034796,0.276913,0.00578,0.273469,0.001242,0.000265
0,1.643085,-1.031658,-0.533299,0.321542,-0.528634,0.271931,0.004496,0.005915
0,1.132829,-1.108692,-0.496577,-0.102349,-0.447867,-0.067719,0.004409,0.004831
0,0.618852,-0.629824,-0.499234,0.508725,-0.485738,0.506083,0.001289,0.001098
0,0.306552,-0.306156,-0.293188,0.339347,-0.278627,0.367446,0.00535,0.005343
0,0.274539,-0.234756,-0.045742,0.045937,-0.048439,0.040212,0.004792,0.004097
0,0.158293,0.00375,-0.125916,0.246615,-0.132106,0.291669,0.002763,6.5e-05
0,-0.215886,0.109732,-0.356057,0.122773,-0.353565,0.170923,0.003768,0.001915
0,-0.039127,0.121194,0.163277,-0.001946,0.124252,-0.045859,0.000683,0.002115
0,-0.096475,0.175023,-0.050178,0.058331,-0.038822,0.079352,0.001684,0.003055
0,-0.09,0.189179,-0.011816,0.001328,-0.030756,-0.00674,0.001571,0.003302
0,-0.406511,0.187659,-0.329035,0.01436,-0.280335,-0.007905,0.004996,0.003275
0,-0.281098,0.281164,0.121918,0.112428,0.126795,0.070779,0.004906,0.004907
0,-0.064058,0.413534,0.201593,0.112327,0.233018,0.101922,0.001118,0.004873
0,-0.024746,0.266677,0.043528,-0.140292,0.071135,-0.156129,0.000432,0.004654
0,-0.157382,0.316162,-0.153161,0.055167,-0.139885,0.018817,0.002747,0.005518
0,-0.33184,0.230019,-0.176827,-0.097634,-0.138464,-0.140794,0.005792,0.004015
0,-0.091993,0.363444,0.235663,0.157437,0.196716,0.16791,0.001606,0.005747
0,-0.174442,0.134461,-0.09439,-0.200198,-0.081211,-0.212384,0.003045,0.002347
0,-0.154722,0.195338,0.009087,0.054717,0.027947,0.049055,0.0027,0.003409
0,-0.158929,0.15253,-0.021487,-0.059447,-0.062141,-0.012489,0.002774,0.002662
0,-0.258941,0.36687,-0.07568,0.190165,-0.068632,0.14798,0.004519,0.005687
0,-0.123491,0.334742,0.137694,-0.031608,0.120993,-0.030242,0.002155,0.005842
0,-0.077054,0.053273,0.02081,-0.297842,0.033887,-0.305246,0.001345,0.00093
0,-0.265257,0.261712,-0.173786,0.203308,-0.159137,0.252701,0.00463,0.004568
0,-0.219071,0.036735,0.048479,-0.224084,0.062174,-0.195949,0.003824,0.000641
0,-0.100846,0.125229,0.115111,0.087087,0.067791,0.077781,0.00176,0.002186
0,-0.110578,0.174387,0.016419,0.053177,0.053005,0.02879,0.00193,0.003044
0,-0.289211,0.224048,-0.155801,0.020539,-0.198725,0.065814,0.005048,0.00391
0,-0.216104,0.056349,0.046208,-0.154205,0.0317,-0.15027,0.003772,0.000983
0,-0.201683,0.095504,0.033098,0.021593,0.03457,0.0166,0.00352,0.001667
0,-0.217822,0.149971,-0.03961,0.07387,-0.04126,0.062114,0.003802,0.002617
0,-0.030868,-0.057685,0.158182,-0.202732,0.118231,-0.158601,0.000539,0.001007
0,-0.257242,0.03889,-0.237322,0.125377,-0.235629,0.114418,0.00449,0.000679
0,-0.173394,0.125346,0.079665,0.11417,0.032547,0.121816,0.003026,0.002188
0,-0.229653,0.012767,-0.028274,-0.127825,-0.036956,-0.147321,0.004008,0.000223
0,-0.188151,0.068209,0.019005,0.059937,0.008972,0.030978,0.003284,0.00119
0,0.037702,0.175043,0.244272,0.081515,0.198163,0.064381,0.000658,0.003055
0,0.021218,0.197896,0.002065,0.032195,-0.033496,0.022427,0.00037,0.003454
0,-0.10593,-0.069287,-0.156234,-0.240969,-0.202324,-0.225807,0.001849,0.001209
0,-0.061085,0.187176,0.06638,0.244346,0.038855,0.289053,0.001066,0.003267
0,-0.045131,0.006518,-0.012521,-0.155149,0.011226,-0.173181,0.000788,0.000114
0,-0.117505,-0.061445,-0.042491,-0.080444,-0.023609,-0.078448,0.002051,0.001072
0,0.072781,0.022726,0.188029,0.096733,0.207968,0.111682,0.00127,0.000397
0,0.13278,0.196839,0.077473,0.149889,0.088941,0.19261,0.002317,0.003435
0,0.095331,0.091843,-0.031715,-0.099228,-0.038373,-0.052476,0.001664,0.001603
0,-0.020103,0.157899,-0.1159,0.060518,-0.072886,0.106482,0.000351,0.002756
0,0.15248,-0.003454,0.153785,-0.18794,0.151025,-0.214934,0.002661,6e-05
0,0.140873,-0.102154,-0.032296,-0.107643,-0.059782,-0.093233,0.002459,0.001783
0,0.056171,0.094819,-0.100232,0.22165,-0.104375,0.175979,0.00098,0.001655
0,0.198428,-0.062768,0.136143,-0.185487,0.157909,-0.233785,0.003463,0.001096
0,0.12368,-0.005293,-0.075362,0.07461,-0.067368,0.120715,0.002159,9.2e-05
0,0.148552,-0.099087,0.000546,-0.093848,-0.00389,-0.07437,0.002593,0.001729
0,0.025433,0.111356,-0.117708,0.193098,-0.069277,0.144172,0.000444,0.001944
0,0.163782,-0.077366,0.143497,-0.209886,0.154239,-0.194461,0.002859,0.00135
0,0.091688,0.111324,-0.101347,0.178978,-0.09351,0.154501,0.0016,0.001943
0,0.310592,-0.042669,0.20576,-0.166577,0.199818,-0.202734,0.005421,0.000745
0,0.267053,-0.095805,-0.035848,-0.056747,-0.009267,-0.048207,0.004661,0.001672
0,0.177525,-0.070307,-0.063638,0.032907,-0.060096,0.074468,0.003098,0.001227
0,0.154113,-0.019879,0.004293,0.023616,0.030924,0.002752,0.00269,0.000347
0,-0.057544,-0.026998,-0.208075,-0.021444,-0.206317,-0.056531,0.001004,0.000471
0,-0.065924,0.01894,0.015322,0.032472,0.040209,0.027606,0.001151,0.000331
0,-0.06127,0.146697,0.018664,0.107192,0.058962,0.080505,0.001069,0.00256
0,0.037157,0.021938,0.077839,-0.124676,0.07529,-0.168361,0.000649,0.000383
0,0.070011,0.127189,0.059266,0.106779,0.092689,0.120103,0.001222,0.00222
0,-0.012992,-0.167453,-0.055667,-0.321164,-0.087807,-0.29317,0.000227,0.002923
0,0.036537,-0.156418,0.043186,0.009428,0.01592,0.030143,0.000638,0.00273
0,0.00144,-0.06195,-0.048133,0.100888,-0.032231,0.140458,2.5e-05,0.001081
0,-0.068965,0.081074,-0.080455,0.159729,-0.05024,0.204831,0.001204,0.001415
0,0.155529,0.035606,0.234683,-0.040368,0.224825,-0.089567,0.002714,0.000621
0,0.079227,0.056981,-0.067032,0.004392,-0.022186,0.027088,0.001383,0.000995
0,0.156308,0.015057,0.050782,-0.018569,0.066678,-0.03651,0.002728,0.000263
0,0.168484,0.096571,0.027989,0.06835,-0.016522,0.065059,0.002941,0.001685
0,0.129528,-0.081445,-0.026337,-0.203414,-0.058512,-0.203328,0.002261,0.001421
0,-0.064141,0.00813,-0.19337,0.08226,-0.237958,0.062583,0.001119,0.000142
0,0.112655,0.039854,0.195312,0.008972,0.239368,0.051471,0.001966,0.000696
0,0.053672,0.100107,-0.030307,0.065103,-0.050399,0.037291,0.000937,0.001747
0,0.026291,-0.131136,0.000197,-0.236875,0.010634,-0.23549,0.000459,0.002289
0,0.072777,0.014302,0.029334,0.156529,0.051671,0.184035,0.00127,0.00025
0,0.087822,0.010976,0.01766,-0.006239,0.047671,-0.048976,0.001533,0.000192
0,-0.005705,-0.128651,-0.121203,-0.110416,-0.098419,-0.069039,0.0001,0.002245
0,-0.051931,0.061882,-0.068881,0.201535,-0.060974,0.195908,0.000906,0.00108
0,0.049149,-0.167924,0.130358,-0.248315,0.155955,-0.237778,0.000858,0.002931
0,-0.102521,0.008051,-0.160539,0.167994,-0.190522,0.211357,0.001789,0.000141
0,-0.080071,0.016836,0.049488,-0.020622,0.063007,-0.032571,0.001398,0.000294
0,-1.553656,0.262855,-1.471969,0.245189,-1.496661,0.19598,0.002935,0.004588
0,-1.41247,1.308735,0.143857,1.070491,0.193319,1.063068,0.000471,0.001339
0,-1.58265,1.277237,-0.147027,-0.018503,-0.130201,-0.028086,0.003441,0.001889
0,-1.50209,1.403361,0.080802,0.122482,0.094148,0.124504,0.002035,0.000312
0,-1.240005,1.398015,0.234893,0.016223,0.216845,0.020698,0.002539,0.000219
0,-0.837112,1.112894,0.408434,-0.284375,0.44137,-0.273613,0.00252,0.004757
0,-0.757855,0.883571,0.083202,-0.214551,0.060578,-0.259827,0.001137,0.003331
0,-0.298483,0.609726,0.45434,-0.290714,0.459831,-0.286844,0.00521,0.001449
0,-0.273593,0.290715,-0.002301,-0.328352,0.04336,-0.320068,0.004775,0.005074
0,-0.056174,0.336075,0.213378,0.070965,0.181115,0.115039,0.00098,0.005866
0,0.047372,0.023021,0.075005,-0.29348,0.111195,-0.325898,0.000827,0.000402
0,-0.018045,0.000761,-0.071236,-0.013048,-0.039706,-0.050239,0.000315,1.3e-05
0,0.133783,0.098595,0.156021,0.09479,0.190313,0.104967,0.002335,0.001721
0,-0.016177,0.062081,-0.12089,-0.024072,-0.09827,-0.055855,0.000282,0.001084
0,-0.046853,0.021902,-0.027892,-0.041652,-0.03748,-0.051557,0.000818,0.000382
0,0.025009,0.127,0.063762,0.108148,0.072167,0.090729,0.000436,0.002217
0,0.123346,0.022914,0.079212,-0.124807,0.087526,-0.082843,0.002153,0.0004
0,0.093223,-0.110205,-0.02695,-0.124551,-0.05078,-0.077699,0.001627,0.001923
0,0.021433,-0.018147,-0.057842,0.107743,-0.023603,0.077518,0.000374,0.000317
0,0.170047,-0.081946,0.13791,-0.038004,0.120798,-0.043024,0.002968,0.00143
0,-0.041378,-0.129127,-0.18574,-0.022591,-0.202361,-0.015491,0.000722,0.002254
0,0.010357,-0.05997,0.023272,0.086078,0.072423,0.096151,0.000181,0.001047
0,0.034893,-0.011821,0.003923,0.03535,-0.000106,0.041798,0.000609,0.000206
0,0.135699,0.079104,0.109273,0.105305,0.100409,0.127608,0.002368,0.001381
0,0.051354,-0.090357,-0.071833,-0.183753,-0.066172,-0.173541,0.000896,0.001577
0,0.202475,0.010725,0.179976,0.129249,0.148041,0.166974,0.003534,0.000187
0,0.212394,0.001064,0.023579,-0.03609,-0.012988,-0.055791,0.003707,1.9e-05
0,0.017196,0.074982,-0.214945,0.075041,-0.261896,0.095244,0.0003,0.001309
0,0.088348,-0.007072,0.090079,-0.065729,0.128961,-0.017718,0.001542,0.000123
0,0.197398,-0.086207,0.111779,-0.098031,0.069038,-0.080938,0.003445,0.001505
0,0.064013,0.021216,-0.139652,0.099866,-0.163012,0.057766,0.001117,0.00037
0,0.08526,-0.013655,0.025712,-0.046041,0.047352,-0.009305,0.001488,0.000238
0,0.058736,0.073788,-0.036433,0.114864,-0.034106,0.103501,0.001025,0.001288
0,0.160245,0.045737,0.114303,-0.014733,0.093764,-0.008657,0.002797,0.000798
0,0.128215,-0.061161,-0.061786,-0.077849,-0.106149,-0.076749,0.002238,0.001067
0,0.175985,0.037667,0.024379,0.074634,-0.023997,0.101814,0.003072,0.000657
0,0.189242,0.126738,0.015738,0.117253,0.052685,0.159432,0.003303,0.002212
0,0.198538,-0.095741,0.004363,-0.225455,0.03639,-0.215889,0.003465,0.001671
0,0.114664,0.023109,-0.076694,0.092038,-0.103774,0.115392,0.002001,0.000403
0,-0.004348,-0.036874,-0.090078,-0.087204,-0.082536,-0.095049,7.6e-05,0.000644
0,-0.173158,-0.056746,-0.143252,-0.019657,-0.124236,-0.0682,0.003022,0.00099
0,-0.252964,0.11958,-0.093967,0.150393,-0.114299,0.189952,0.004415,0.002087
0,-0.261573,0.107563,0.010133,-0.01929,-0.029623,0.017684,0.004565,0.001877
0,-0.225468,0.250912,0.046,0.135218,0.052702,0.128633,0.003935,0.004379
0,-0.140786,0.002875,0.097599,-0.264575,0.097275,-0.312202,0.002457,5e-05
0,-0.286431,0.047673,-0.124781,0.046789,-0.125483,0.064328,0.004999,0.000832
0,-0.101314,0.272769,0.164434,0.215808,0.207038,0.167197,0.001768,0.004761
0,-0.255935,0.01491,-0.17719,-0.250529,-0.200877,-0.206345,0.004467,0.00026
0,-0.233423,0.059909,0.002445,0.03608,-0.002891,0.008837,0.004074,0.001046
0,-0.350567,0.186335,-0.09714,0.140978,-0.047805,0.127909,0.005972,0.003252
0,-0.046964,0.044314,0.296032,-0.16036,0.327548,-0.137158,0.00082,0.000773
0,-0.235089,0.284703,-0.170912,0.211889,-0.19555,0.248502,0.004103,0.004969
0,-0.217375,0.072676,0.038307,-0.198387,-0.002967,-0.232636,0.003794,0.001268
0,-0.209757,0.138169,0.006968,0.079432,-0.029078,0.122644,0.003661,0.002412
0,-0.121652,0.160551,0.088265,0.013508,0.074417,0.022514,0.002123,0.002802
0,-0.020889,0.253546,0.11746,0.100924,0.097308,0.149227,0.000365,0.004425
0,-0.115111,0.169365,-0.072913,-0.113454,-0.035395,-0.145359,0.002009,0.002956
0,-0.134014,0.010891,0.002295,-0.141649,0.012411,-0.109958,0.002339,0.00019
0,-0.214953,0.267406,-0.105206,0.237825,-0.138348,0.268261,0.003752,0.004667
0,-0.110125,0.067598,0.107664,-0.214199,0.137945,-0.241821,0.001922,0.00118
0,-0.074216,0.108013,0.045889,0.017429,0.004642,-0.004815,0.001295,0.001885
0,-0.095408,0.037457,-0.04887,-0.0867,-0.054757,-0.127624,0.001665,0.000654
0,-0.202639,0.112251,-0.101163,0.071826,-0.080344,0.068856,0.003537,0.001959
0,-0.071391,0.036781,0.130356,-0.102217,0.084145,-0.075855,0.001246,0.000642
0,-0.019374,0.112433,0.05122,0.0559,0.072286,0.008687,0.000338,0.001962
0,-0.018858,0.127108,0.028261,-0.015212,0.073293,-0.043047,0.000329,0.002218
0,-0.161706,0.064958,-0.168442,-0.0381,-0.156993,-0.003134,0.002822,0.001134
0,0.03577,0.107432,0.206095,0.026448,0.234302,0.018959,0.000624,0.001875
0,-0.134371,0.056418,-0.161256,-0.046104,-0.207847,-0.080198,0.002345,0.000985
0,-0.052682,0.032938,0.092961,-0.001285,0.098567,-0.024409,0.000919,0.000575
0,-0.087864,0.277476,-0.043821,0.232105,-0.088183,0.193989,0.001534,0.004843
0,0.10868,0.293211,0.202683,0.003546,0.205782,-0.023359,0.001897,0.005118
0,0.013066,0.157296,-0.098629,-0.109328,-0.090998,-0.109826,0.000228,0.002745
0,0.085784,0.153813,0.059977,0.010785,0.018689,-0.032242,0.001497,0.002685
0,0.012578,0.101796,-0.047189,-0.046526,-0.011547,-0.01686,0.00022,0.001777
0,0.00728,0.243997,0.016887,0.134154,-0.016698,0.168811,0.000127,0.004259
0,0.049883,0.047701,0.068281,-0.19655,0.035175,-0.213561,0.000871,0.000833
0,0.053215,0.118902,-0.016144,0.068662,0.015228,0.065409,0.000929,0.002075
0,0.136533,-0.023341,0.100285,-0.145786,0.133926,-0.114077,0.002383,0.000407
0,0.12971,-0.027428,-0.025854,-0.028606,-0.023728,-0.037752,0.002264,0.000479
0,-0.040415,0.152394,-0.142252,0.206621,-0.187755,0.165845,0.000705,0.00266
0,-0.011139,0.147007,0.030019,0.024541,0.067629,-0.021133,0.000194,0.002566
0,0.064032,0.065266,0.075517,-0.099278,0.116084,-0.100456,0.001118,0.001139
0,0.117634,-0.059259,0.035945,-0.145565,-0.009318,-0.102206,0.002053,0.001034
0,0.031454,0.128942,-0.110308,0.168129,-0.060497,0.135481,0.000549,0.00225
0,0.148089,0.082343,0.129862,-0.042229,0.1177,-0.06309,0.002585,0.001437
0,-0.006571,0.183868,-0.16879,0.109276,-0.159475,0.13909,0.000115,0.003209
0,0.124336,0.06971,0.123633,-0.116003,0.15169,-0.145498,0.00217,0.001217
0,0.083728,-0.013928,-0.040464,-0.104034,-0.077045,-0.075354,0.001461,0.000243
0,0.115189,0.185206,0.00581,0.190185,0.016501,0.216831,0.00201,0.003232
0,0.185166,-0.104077,0.040315,-0.292386,-0.003293,-0.295185,0.003232,0.001816
0,0.082839,0.119293,-0.085708,0.195981,-0.080635,0.156408,0.001446,0.002082
0,-0.093148,-0.018821,-0.146675,-0.143247,-0.134094,-0.164185,0.001626,0.000328
0,0.064666,0.124807,0.182177,0.159123,0.134414,0.120249,0.001129,0.002178
0,0.100802,-0.126087,0.010167,-0.267921,-0.032125,-0.248916,0.001759,0.002201
0,-0.070693,0.149818,-0.141578,0.267519,-0.185019,0.276353,0.001234,0.002615
0,0.116668,-0.041805,0.177706,-0.177791,0.132293,-0.161004,0.002036,0.00073
0,-0.118805,0.156271,-0.231931,0.18472,-0.221691,0.152031,0.002074,0.002727
0,-0.002735,-0.054337,0.091638,-0.19377,0.048493,-0.211156,4.8e-05,0.000948
0,0.056889,-0.106463,0.054208,-0.052706,0.025281,-0.09589,0.000993,0.001858
0,-0.052236,-0.11626,-0.123514,-0.002849,-0.124872,0.018517,0.000912,0.002029
0,0.016573,0.018798,0.092628,0.107161,0.122027,0.0574,0.000289,0.000328
0,0.009683,0.087202,-0.00985,0.054334,-0.010748,0.023421,0.000169,0.001522
0,-0.063435,0.129829,-0.091825,0.05854,-0.090933,0.013766,0.001107,0.002266
0,-0.226948,0.02311,-0.184532,-0.133269,-0.14734,-0.18003,0.003961,0.000403
0,0.051553,0.070965,0.266164,0.039919,0.311567,0.063407,0.0009,0.001239
0,0.025751,-0.051447,-0.007309,-0.116409,-0.006675,-0.133067,0.000449,0.000898
0,-0.054012,0.062817,-0.063354,0.11312,-0.084649,0.121306,0.000943,0.001096
0,-0.237998,0.090577,-0.197641,0.039601,-0.21452,0.052882,0.004154,0.001581
0,-0.086892,0.045274,0.133167,-0.049599,0.124452,-0.062545,0.001517,0.00079
0,0.027373,0.112242,0.089997,0.065523,0.108908,0.059912,0.000478,0.001959
0,-0.11567,-0.163137,-0.164227,-0.264288,-0.119209,-0.256956,0.002019,0.002847
0,-0.257512,-0.090619,-0.118015,0.089447,-0.128763,0.040469,0.004494,0.001582
0,-0.211258,0.106982,0.041194,0.196398,0.020229,0.186924,0.003687,0.001867
0,-0.214055,-0.072057,-0.010494,-0.164574,0.030282,-0.114672,0.003736,0.001258
0,-0.120008,-0.090766,0.097071,-0.011517,0.132164,0.030488,0.002095,0.001584
0,-0.059488,-0.134275,0.077547,-0.023066,0.09617,-0.008779,0.001038,0.002344
0,-0.091083,-0.014793,-0.028685,0.127607,-0.025803,0.103804,0.00159,0.000258
0,0.001292,-0.114023,0.096071,-0.0976,0.096636,-0.081854,2.3e-05,0.00199
0,0.158806,-0.111887,0.137468,-0.001792,0.159599,0.03002,0.002772,0.001953
0,0.242812,0.041191,0.105563,0.149476,0.075419,0.179065,0.004238,0.000719
0,0.199484,-0.050499,-0.033006,-0.089504,-0.064206,-0.090776,0.003482,0.000881
0,0.196875,0.050503,-0.014328,0.129941,-0.046465,0.158491,0.003436,0.000881
0,0.225258,-0.189142,0.027019,-0.254327,0.032185,-0.266255,0.003931,0.003301
0,0.067417,-0.093828,-0.133352,0.067884,-0.171018,0.032169,0.001177,0.001638
0,0.199392,0.035475,0.148309,0.137973,0.18828,0.158281,0.00348,0.000619
0,0.281738,0.065599,0.076542,0.029349,0.125131,0.072319,0.004917,0.001145
0,0.191179,0.010643,-0.084078,-0.064818,-0.130744,-0.064691,0.003337,0.000186
0,0.120043,-0.098786,-0.041264,-0.086476,0.004598,-0.119772,0.002095,0.001724
0,0.092491,-0.18476,-0.027157,-0.066269,0.008512,-0.090805,0.001614,0.003225
0,0.039742,0.094018,-0.0784,0.268673,-0.091821,0.288956,0.000694,0.001641
0,0.157286,-0.037223,0.132622,-0.108582,0.166033,-0.157191,0.002745,0.00065
0,0.219872,-0.039007,0.075727,-0.020143,0.026327,-0.052905,0.003837,0.000681
0,0.173162,-0.151115,-0.063761,-0.087969,-0.025213,-0.073824,0.003022,0.002637
0,0.257018,-0.041154,0.100664,0.100533,0.094725,0.145159,0.004486,0.000718
0,0.170568,-0.044377,-0.07575,-0.031525,-0.079454,-0.006252,0.002977,0.000775
0,0.091048,-0.150597,-0.07342,-0.084723,-0.122625,-0.084383,0.001589,0.002628
0,0.154182,-0.005895,0.069584,0.123303,0.106381,0.088511,0.002691,0.000103
0,0.245363,-0.057433,0.11539,-0.080775,0.162206,-0.090502,0.004282,0.001002
0,0.049889,0.043063,-0.190385,0.080732,-0.188823,0.030871,0.000871,0.000752
0,0.174638,-0.084552,0.126401,-0.098126,0.125111,-0.137173,0.003048,0.001476
0,0.17013,0.018549,0.021005,0.108459,0.030969,0.136485,0.002969,0.000324
0,-0.017961,0.072967,-0.164473,0.047727,-0.199001,0.026371,0.000313,0.001274
0,0.230753,-0.208996,0.227781,-0.301948,0.201304,-0.336444,0.004027,0.003648
0,0.101922,-0.155942,-0.143183,0.04434,-0.098775,0.08315,0.001779,0.002722
0,0.179055,-0.024498,0.066979,0.117305,0.092016,0.123625,0.003125,0.000428
0,0.25414,-0.10437,0.078185,-0.099782,0.056887,-0.060604,0.004436,0.001822
0,0.039224,-0.061994,-0.20386,0.058044,-0.250637,0.089122,0.000685,0.001082
0,0.15366,-0.015079,0.09318,0.067958,0.129245,0.037247,0.002682,0.000263
0,0.280187,0.059479,0.11726,0.082359,0.155672,0.107025,0.00489,0.001038
0,0.060226,0.088083,-0.225815,0.021017,-0.217153,0.042493,0.001051,0.001537
0,0.172626,0.063691,0.122798,-0.013445,0.100591,-0.044045,0.003013,0.001112
0,0.165513,-0.124525,-0.028991,-0.190081,0.019752,-0.213242,0.002889,0.002173
0,0.182679,-0.120984,-0.001167,0.027286,-0.009359,0.018747,0.003188,0.002112
0,-0.00109,-0.160532,-0.161463,-0.047673,-0.209563,-0.022065,1.9e-05,0.002802
0,0.258457,-0.107451,0.274301,0.048925,0.287027,0.075172,0.004511,0.001875
0,0.098117,-0.098493,-0.183289,0.019603,-0.209644,0.058415,0.001712,0.001719
0,0.287358,-0.174991,0.16722,-0.053807,0.146946,-0.048623,0.005015,0.003054
0,0.309749,-0.157851,-0.004606,-0.009947,-0.039111,0.009073,0.005406,0.002755
0,0.278919,0.012605,-0.039124,0.169034,-0.020284,0.160645,0.004868,0.00022
0,0.299781,0.097761,-0.000171,0.093984,0.024045,0.087416,0.005232,0.001706
0,0.174576,0.01357,-0.13353,-0.081071,-0.100384,-0.118716,0.003047,0.000237
0,0.030227,0.07338,-0.148377,0.08367,-0.157459,0.088703,0.000528,0.001281
0,0.149942,-0.091245,0.10035,-0.169928,0.075949,-0.156253,0.002617,0.001593
0,0.207461,-0.044113,0.041715,0.020743,0.09087,0.033895,0.003621,0.00077
0,0.010991,-0.073321,-0.196827,-0.039536,-0.21358,-0.088636,0.000192,0.00128
0,0.251126,-0.166031,0.21273,-0.096005,0.211762,-0.128903,0.004383,0.002898
0,0.192588,-0.156258,-0.078603,-0.001622,-0.07713,-0.019514,0.003361,0.002727
0,0.099522,0.063244,-0.109046,0.191796,-0.126959,0.162522,0.001737,0.001104
0,0.248424,-0.073009,0.175844,-0.122879,0.19974,-0.153827,0.004336,0.001274
0,0.157746,0.104397,-0.071653,0.156619,-0.060323,0.137799,0.002753,0.001822
0,0.161511,0.057965,-0.000332,-0.04871,-0.032151,-0.003028,0.002819,0.001012
0,-0.040814,0.072571,-0.207935,0.029247,-0.215744,0.037638,0.000712,0.001267
0,0.061904,0.066802,0.093519,0.006965,0.096821,-0.022308,0.00108,0.001166
0,-0.009808,-0.118672,-0.050654,-0.190011,-0.044974,-0.173194,0.000171,0.002071
0,-0.114918,0.089779,-0.134694,0.228053,-0.09496,0.206153,0.002006,0.001567
0,0.036604,-0.048028,0.123827,-0.152823,0.162007,-0.186599,0.000639,0.000838
0,0.174218,0.124272,0.143253,0.148406,0.192204,0.1968,0.003041,0.002169
0,0.086,0.095743,-0.066939,-0.052407,-0.027907,-0.08658,0.001501,0.001671
0,0.047031,-0.12134,-0.06298,-0.211361,-0.042202,-0.257546,0.000821,0.002118
0,-0.077364,0.12519,-0.146561,0.237177,-0.110402,0.244393,0.00135,0.002185
0,0.095932,0.111097,0.165007,0.006504,0.182527,0.010792,0.001674,0.001939
0,0.037043,-0.09453,-0.050199,-0.220117,-0.03861,-0.185522,0.000647,0.00165
0,-0.040274,0.080808,-0.076536,0.181849,-0.07927,0.221215,0.000703,0.00141
0,-0.113914,-0.118126,-0.051128,-0.189634,-0.092399,-0.190904,0.001988,0.002062
0,-0.170384,-0.124267,-0.037733,-0.020372,-0.039131,0.018211,0.002974,0.002169
0,0.030425,-0.048743,0.212185,0.105126,0.24053,0.121298,0.000531,0.000851
0,0.130462,-0.135573,0.083765,-0.079633,0.052745,-0.083734,0.002277,0.002366
0,0.06528,0.044923,-0.052431,0.15508,-0.096868,0.168383,0.001139,0.000784
0,-0.07733,0.08543,-0.137508,0.018929,-0.149779,0.000508,0.00135,0.001491
0,0.153508,0.150394,0.228372,0.052374,0.278318,0.065908,0.002679,0.002625
0,-0.035968,0.069421,-0.169926,-0.083269,-0.200089,-0.08316,0.000628,0.001212
0,-0.094167,0.058654,-0.056261,-0.039289,-0.049177,-0.013644,0.001644,0.001024
0,-0.126038,0.11425,-0.041654,0.071495,-0.09108,0.032832,0.0022,0.001994
0,0.032148,-0.083907,0.131204,-0.177272,0.107523,-0.145981,0.000561,0.001464
0,-0.091923,0.134119,-0.15288,0.22185,-0.106216,0.239255,0.001604,0.002341
0,-0.009479,-0.013349,0.06463,-0.13594,0.077279,-0.14404,0.000165,0.000233
0,0.109801,0.153489,0.124708,0.154949,0.167777,0.167134,0.001916,0.002679
0,-0.045542,-0.039881,-0.169282,-0.199358,-0.143812,-0.173475,0.000795,0.000696
0,-0.090782,-0.16034,-0.064981,-0.09756,-0.033746,-0.070324,0.001584,0.002798
0,0.06295,-0.033595,0.174528,0.1021,0.208466,0.066459,0.001099,0.000586
0,0.012262,0.059724,-0.03702,0.104627,-0.007808,0.092297,0.000214,0.001042
0,-0.083862,0.009524,-0.123906,-0.035249,-0.132375,-0.075988,0.001464,0.000166
0,-0.060688,0.010836,0.011382,0.022039,0.027907,0.045745,0.001059,0.000189
0,0.003618,0.067956,0.090467,0.082539,0.066004,0.05949,6.3e-05,0.001186
0,-0.106888,-0.081104,-0.121214,-0.175418,-0.073329,-0.201304,0.001866,0.001416
0,-0.00548,0.136136,0.077488,0.194056,0.045347,0.196549,9.6e-05,0.002376
0,0.055467,0.022325,0.052756,-0.126115,0.027234,-0.17019,0.000968,0.00039
0,-0.097369,-0.03761,-0.15748,-0.086606,-0.154029,-0.042588,0.001699,0.000656
0,-0.115671,-0.026092,-0.017434,0.030772,-0.016878,-0.011923,0.002019,0.000455
0,-0.071306,0.025186,0.029488,0.041064,-0.014581,-0.004094,0.001245,0.00044
0,-0.006737,0.123749,0.093392,0.11992,0.068167,0.164618,0.000118,0.00216
0,0.110818,-0.170668,0.142791,-0.294437,0.173512,-0.268563,0.001934,0.002979
0,-0.035928,-0.160778,-0.143214,0.008708,-0.172521,-0.015379,0.000627,0.002806
0,0.116873,-0.077165,0.165943,0.065367,0.170954,0.103522,0.00204,0.001347
0,-0.014071,0.088822,-0.116256,0.16516,-0.112053,0.198527,0.000246,0.00155
0,0.09544,0.086824,0.114578,-0.02815,0.148167,-0.077576,0.001666,0.001515
0,0.019267,0.02428,-0.080836,-0.066815,-0.092635,-0.0844,0.000336,0.000424
0,-0.072669,-0.121314,-0.093262,-0.157668,-0.107683,-0.197386,0.001268,0.002117
0,-0.192416,0.085482,-0.107401,0.18219,-0.153099,0.188139,0.003358,0.001492
0,0.017884,-0.102177,0.239713,-0.182546,0.220346,-0.180621,0.000312,0.001783
0,-0.076256,0.054053,-0.093448,0.183578,-0.092796,0.217454,0.001331,0.000943
0,-0.111269,-0.04342,-0.007567,-0.117306,0.019092,-0.165352,0.001942,0.000758
0,-0.189804,0.103656,-0.056648,0.147081,-0.073046,0.182816,0.003313,0.001809
0,0.110687,-0.126738,0.29202,-0.201706,0.276016,-0.186758,0.001932,0.002212
0,0.040554,0.026384,-0.075203,0.174135,-0.106118,0.176288,0.000708,0.00046
0,-0.015462,-0.087679,-0.028433,-0.117353,-0.013042,-0.102001,0.00027,0.00153
0,-0.077045,-0.11987,-0.060463,-0.039654,-0.063316,-0.026783,0.001345,0.002092
0,-0.033594,0.025143,0.07031,0.149311,0.040192,0.192624,0.000586,0.000439
0,-0.105291,0.061623,-0.054145,0.035192,-0.032341,0.012152,0.001838,0.001076
0,-0.098429,-0.070089,0.01296,-0.148596,0.041823,-0.102153,0.001718,0.001223
0,-0.044313,-0.029577,0.072017,0.029263,0.023303,0.07725,0.000773,0.000516
0,-0.063836,-0.011215,0.009308,-0.007668,0.009747,0.012805,0.001114,0.000196
0,-0.201625,-0.008935,-0.141401,0.029282,-0.114567,0.073191,0.003519,0.000156
0,-0.191319,0.0257,0.02039,0.062474,0.026125,0.08648,0.003339,0.000449
0,-0.270125,0.107199,-0.04961,0.082455,-0.050441,0.103048,0.004715,0.001871
0,-0.185387,0.090146,0.082293,-0.030731,0.059362,0.014112,0.003236,0.001573
0,-0.028091,-0.10768,0.168435,-0.179857,0.21335,-0.137457,0.00049,0.001879
0,-0.265346,-0.018369,-0.256512,0.1055,-0.287167,0.104754,0.004631,0.000321
0,-0.215851,-0.053214,0.059617,-0.028928,0.060552,0.005239,0.003767,0.000929
0,-0.326765,0.142202,-0.113833,0.219157,-0.110767,0.218026,0.005703,0.002482
0,-1.698651,-0.296801,-1.356075,-0.454782,-1.335269,-0.488962,0.005466,0.00518
0,-1.866395,-1.204674,-0.188027,-0.891376,-0.143213,-0.886416,0.003697,0.003155
0,-1.872516,-1.107427,-0.026797,0.120575,-0.005272,0.105071,0.00359,0.004853
0,-1.56974,-1.247745,0.331668,-0.13729,0.315399,-0.181199,0.003216,0.002404
0,-1.998276,-1.240464,-0.443288,-0.012303,-0.404489,-0.032994,0.001395,0.002531
0,-1.529604,-0.607705,0.469277,0.622485,0.455719,0.606272,0.002516,0.001484
0,-1.467731,-0.351728,0.041652,0.2783,0.002597,0.2839,0.001436,0.005952
0,-1.15085,-0.318327,0.329316,0.048019,0.349089,0.067103,0.004095,0.005556
0,-0.970124,-0.238155,0.187517,0.072475,0.214441,0.118088,0.004841,0.004157
0,-0.591001,-0.135217,0.383093,0.08027,0.401962,0.0653,0.001776,0.00236
0,-0.345703,-0.155402,0.244782,-0.004357,0.229078,-0.044839,0.006034,0.002712
0,-0.044647,0.133784,0.317091,0.315238,0.269558,0.278962,0.000779,0.002335
0,-0.088065,-0.052711,-0.022194,-0.185911,-0.031784,-0.15973,0.001537,0.00092
0,0.217553,0.194266,0.305636,0.268872,0.321903,0.265093,0.003797,0.003391
0,0.123294,0.178107,-0.082697,-0.01452,-0.06479,0.007699,0.002152,0.003109
0,0.240893,0.157827,0.127682,-0.001164,0.168742,-0.0388,0.004204,0.002755
0,0.227087,0.180039,0.000169,0.046941,0.017813,0.059409,0.003963,0.003142
0,-0.096783,0.058385,-0.300974,-0.113665,-0.349713,-0.144958,0.001689,0.001019
0,0.02733,0.174339,0.145436,0.091038,0.09711,0.11622,0.000477,0.003043
0,-0.040507,0.166766,-0.053556,0.020937,-0.041653,0.057106,0.000707,0.002911
0,-0.027616,0.183233,-0.015819,0.03797,-0.036305,0.04054,0.000482,0.003198
0,0.127083,0.130438,0.15924,-0.061568,0.128775,-0.105209,0.002218,0.002277
0,0.201935,0.010542,0.066848,-0.128401,0.104795,-0.124876,0.003524,0.000184
0,0.197968,-0.02775,-0.026043,-0.016133,-0.056621,-0.011279,0.003455,0.000484
0,0.078006,0.147125,-0.137932,0.148568,-0.146953,0.12514,0.001361,0.002568
0,-0.0804,-0.05094,-0.160798,-0.21315,-0.174694,-0.253958,0.001403,0.000889
0,0.006557,0.233196,0.113148,0.266065,0.108742,0.251537,0.000114,0.00407
0,0.258858,0.170252,0.263052,-0.055776,0.275423,-0.007936,0.004518,0.002971
0,-0.030739,0.015814,-0.269691,-0.171162,-0.221705,-0.218831,0.000536,0.000276
0,0.01674,0.116256,0.033576,0.117235,0.023816,0.074048,0.000292,0.002029
0,-0.142337,0.089412,-0.132494,-0.005244,-0.14424,0.005804,0.002484,0.001561
0,0.044352,0.142694,0.180678,0.073124,0.22767,0.093644,0.000774,0.00249
0,0.064186,0.134056,0.012978,-0.020544,0.023136,-0.006797,0.00112,0.00234
0,-0.064506,0.083592,-0.134969,-0.077798,-0.166037,-0.09296,0.001126,0.001459
0,0.018998,0.019548,0.0592,-0.062829,0.065795,-0.091971,0.000332,0.000341
0,0.062483,0.118406,0.03174,0.087706,0.062841,0.079265,0.001091,0.002067
0,0.220473,-0.058641,0.13592,-0.201192,0.108614,-0.190617,0.003848,0.001023
0,0.186914,0.14431,-0.011662,0.220782,-0.022476,0.264322,0.003262,0.002519
0,-0.000926,0.115703,-0.18914,-0.013098,-0.186262,-0.05826,1.6e-05,0.002019
0,0.269145,0.167242,0.252675,0.06027,0.288056,0.032189,0.004697,0.002919
0,0.243097,-0.10756,-0.031817,-0.29474,-0.027916,-0.32962,0.004243,0.001877
0,0.153404,0.061885,-0.080996,0.163221,-0.035168,0.156087,0.002677,0.00108
0,0.148607,-0.043516,-0.00956,-0.09755,-0.011701,-0.102268,0.002594,0.000759
0,0.091554,-0.034759,-0.038874,-0.013042,-0.001358,-0.041174,0.001598,0.000607
0,0.316726,0.064262,0.249706,0.087791,0.291506,0.042757,0.005528,0.001122
0,0.247356,-0.099013,-0.042961,-0.136131,-0.072004,-0.17154,0.004317,0.001728
0,0.127279,-0.043265,-0.134958,0.052027,-0.170345,0.066877,0.002221,0.000755
0,-0.010977,-0.05529,-0.132954,-0.040855,-0.116757,-0.087407,0.000192,0.000965
0,0.074903,0.071725,0.094911,0.153218,0.046146,0.200271,0.001307,0.001252
0,0.273835,-0.005697,0.195403,-0.092424,0.236052,-0.077786,0.004779,9.9e-05
0,0.104049,0.157818,-0.188531,0.143408,-0.157172,0.098096,0.001816,0.002754
0,0.289663,0.11112,0.169992,-0.04561,0.139512,-0.068977,0.005056,0.001939
0,0.28749,0.124947,-0.012757,0.023993,0.018933,-0.018757,0.005018,0.002181
0,0.194437,0.135089,-0.111722,0.012552,-0.133266,0.031527,0.003394,0.002358
0,0.172353,0.063522,-0.032191,-0.098854,-0.068507,-0.130126,0.003008,0.001109
0,0.257257,0.01695,0.073729,-0.027874,0.037543,-0.001478,0.00449,0.000296
0,0.226694,0.022665,-0.044888,0.019006,-0.033323,0.04822,0.003957,0.000396
0,0.096757,-0.051392,-0.157939,-0.065414,-0.114387,-0.075103,0.001689,0.000897
0,0.056641,-0.158375,-0.027092,-0.083779,0.018601,-0.067017,0.000989,0.002764
0,0.25393,-0.083879,0.197688,0.059132,0.241393,0.060877,0.004432,0.001464
0,0.022727,-0.067691,-0.201639,-0.011717,-0.193077,-0.059649,0.000397,0.001181
0,0.141777,0.019853,0.117762,0.107012,0.155793,0.064835,0.002474,0.000347
0,-0.03636,-0.051183,-0.173429,-0.073474,-0.201057,-0.050462,0.000635,0.000893
0,0.170039,0.061747,0.212877,0.123074,0.205015,0.078346,0.002968,0.001078
0,0.002697,0.003294,-0.176718,-0.031676,-0.160439,-0.039745,4.7e-05,5.7e-05
0,0.211798,-0.134933,0.201752,-0.125051,0.179583,-0.08941,0.003697,0.002355
0,0.206014,-0.033533,0.016081,0.098572,-0.019841,0.084428,0.003596,0.000585
0,-0.06073,0.034985,-0.266597,0.082275,-0.222871,0.062439,0.00106,0.000611
0,-0.07283,-0.088611,0.00599,-0.142962,-0.02538,-0.120102,0.001271,0.001547
0,-0.046627,0.115929,0.01452,0.211814,0.052671,0.24409,0.000814,0.002023
0,-4.6e-05,0.13439,0.068054,-0.003795,0.056117,-0.016555,1e-06,0.002346
0,-0.078973,-0.044621,-0.092714,-0.163665,-0.045372,-0.123023,0.001378,0.000779
0,0.071698,-0.076873,0.164923,-0.039912,0.196839,-0.063534,0.001251,0.001342
0,0.074152,0.076053,-0.018785,0.17567,0.010886,0.129904,0.001294,0.001327
0,0.092866,0.157938,0.034256,0.074625,0.039368,0.060848,0.001621,0.002757
0,-0.012943,-0.120748,-0.082824,-0.256606,-0.127921,-0.288707,0.000226,0.002107
0,-0.071887,0.04591,-0.062287,0.190891,-0.087385,0.17048,0.001255,0.000801
0,0.06603,0.136308,0.109232,0.112788,0.141223,0.134109,0.001152,0.002379
0,-0.094446,0.133634,-0.146589,-0.007512,-0.121716,-0.020681,0.001648,0.002332
0,0.018667,0.125646,0.1283,-0.001848,0.130194,-0.029293,0.000326,0.002193
0,-0.106739,0.081617,-0.125128,-0.048798,-0.104414,-0.090595,0.001863,0.001424
0,-0.086747,0.086613,0.048946,-0.012271,0.0864,-0.045806,0.001514,0.001512
0,-0.119613,0.177005,-0.049821,0.062214,-0.018824,0.109637,0.002088,0.003089
0,-0.024668,-0.072415,0.080969,-0.255187,0.05028,-0.264108,0.000431,0.001264
0,0.063244,-0.017872,0.091384,0.064445,0.061024,0.050697,0.001104,0.000312
0,0.09652,0.121406,0.046964,0.119982,0.060302,0.131822,0.001685,0.002119
0,0.061628,-0.111674,-0.036494,-0.228184,0.012252,-0.187474,0.001076,0.001949
0,-0.113101,0.125234,-0.145332,0.243935,-0.193551,0.206712,0.001974,0.002186
0,-0.024484,-0.100097,0.105438,-0.233917,0.101681,-0.239592,0.000427,0.001747
0,0.047114,-0.018051,0.091947,0.073224,0.113923,0.025004,0.000822,0.000315
0,0.071488,0.039279,0.043714,0.036807,0.03449,-0.008878,0.001248,0.000686
0,-0.000597,-0.179915,-0.073399,-0.229285,-0.120768,-0.195242,1e-05,0.00314
0,-0.116498,-0.065434,-0.093339,0.099875,-0.098724,0.106247,0.002033,0.001142
0,0.122041,-0.075632,0.25556,-0.018691,0.245292,-0.015932,0.00213,0.00132
0,0.08727,-0.157709,-0.036039,-0.085919,-0.049063,-0.054885,0.001523,0.002753
0,-0.067195,-0.017489,-0.148189,0.143333,-0.183385,0.093445,0.001173,0.000305
0,0.012785,0.061185,0.060489,0.069465,0.022926,0.048164,0.000223,0.001068
0,-0.036525,-0.065104,-0.051114,-0.153001,-0.05354,-0.122204,0.000637,0.001136
0,-0.028856,-0.008958,-0.015858,0.06384,-0.018941,0.088494,0.000504,0.000156
0,-0.066918,-0.100418,-0.011526,-0.094171,-0.00692,-0.119559,0.001168,0.001753
0,-0.075485,-0.021268,0.017444,0.070689,0.029462,0.070173,0.001317,0.000371
0,0.13165,0.069444,0.178489,0.078333,0.143043,0.069529,0.002298,0.001212
0,0.013118,-0.229057,-0.100699,-0.273202,-0.108525,-0.285799,0.000229,0.003998
0,-0.078341,0.065988,-0.080783,0.306193,-0.046675,0.307802,0.001367,0.001152
0,0.066878,0.056314,0.1634,-0.027698,0.164054,-0.056713,0.001167,0.000983
0,0.031223,0.011559,-0.026979,-0.036868,-0.007288,-0.08064,0.000545,0.000202
0,0.047665,-0.14656,0.021208,-0.128854,-0.027029,-0.127842,0.000832,0.002558
0,0.154876,0.00384,0.124395,0.169075,0.152053,0.158549,0.002703,6.7e-05
0,-0.134166,0.046855,-0.26103,0.02811,-0.220947,-0.001224,0.002342,0.000818
0,0.062448,-0.032813,0.195877,-0.082853,0.162804,-0.073599,0.00109,0.000573
0,-0.223844,0.00159,-0.31142,0.028895,-0.339126,0.035631,0.003907,2.8e-05
0,-0.155932,0.0604,0.070047,0.059854,0.070881,0.060672,0.002722,0.001054
0,0.037886,-0.021351,0.17019,-0.059525,0.129785,-0.069144,0.000661,0.000373
0,0.03137,-0.141261,0.00454,-0.118287,0.028971,-0.140876,0.000548,0.002465
0,0.079553,-0.070186,0.054113,0.041447,0.072009,0.044643,0.001388,0.001225
0,-0.146336,0.151603,-0.237452,0.243212,-0.193212,0.258219,0.002554,0.002646
0,-0.123748,0.072753,0.040696,-0.071968,0.065939,-0.063773,0.00216,0.00127
0,-0.103358,0.149896,0.045996,0.105233,0.095495,0.147012,0.001804,0.002616
0,0.116096,-0.03562,0.190661,-0.207756,0.17168,-0.234963,0.002026,0.000622
0,0.056514,0.076448,-0.071881,0.136758,-0.0636,0.091067,0.000986,0.001334
0,0.007058,-0.1029,-0.024918,-0.17929,-0.063584,-0.14869,0.000123,0.001796
0,0.065952,0.094924,0.08831,0.181658,0.052053,0.137534,0.001151,0.001657
0,0.129192,0.021682,0.087147,-0.06114,0.065493,-0.099793,0.002255,0.000378
0,-0.037879,0.136349,-0.145373,0.140076,-0.155081,0.126528,0.000661,0.00238
0,0.117197,-0.098225,0.158792,-0.218563,0.191535,-0.247971,0.002045,0.001714
0,0.069761,-0.080201,-0.076834,-0.0048,-0.054967,-0.001943,0.001218,0.0014
0,0.02585,0.083891,-0.018617,0.139889,-0.058734,0.111333,0.000451,0.001464
0,0.064141,-0.124071,0.023009,-0.2253,0.014917,-0.259824,0.001119,0.002165
0,-0.007209,0.017677,-0.082931,0.121901,-0.095043,0.072685,0.000126,0.000309
0,0.143912,0.020058,0.177676,0.014523,0.136193,0.00519,0.002512,0.00035
0,0.136966,0.011961,-0.023952,0.017486,-0.010286,0.027024,0.002391,0.000209
0,0.162569,0.110515,0.025523,0.117791,0.030429,0.074589,0.002837,0.001929
0,0.131834,0.150692,-0.045208,0.015032,-0.038513,0.064565,0.002301,0.00263
0,0.00791,-0.10092,-0.140562,-0.271101,-0.107901,-0.267034,0.000138,0.001761
0,0.161358,0.155311,0.170932,0.275363,0.191052,0.32093,0.002816,0.002711
0,-0.016738,0.004523,-0.181572,-0.130597,-0.194078,-0.175607,0.000292,7.9e-05
0,-0.022564,0.139478,-0.02999,0.128163,0.016567,0.093849,0.000394,0.002434
0,-0.032578,-0.110144,0.012019,-0.224936,0.002202,-0.25072,0.000569,0.001922
0,0.000975,0.120631,0.02835,0.208027,0.048714,0.166747,1.7e-05,0.002105
0,-0.102313,0.072828,-0.098492,-0.051262,-0.12808,-0.088103,0.001786,0.001271
0,-0.110478,0.117142,0.013439,0.030781,-0.012597,0.079333,0.001928,0.002045
0,0.112579,0.097312,0.230194,-0.044515,0.199241,-0.065137,0.001965,0.001698
0,0.025918,0.135176,-0.105403,0.064566,-0.072261,0.097515,0.000452,0.002359
0,-0.027979,0.159377,-0.048943,-0.004061,-0.04957,-0.008488,0.000488,0.002782
0,-0.065606,0.03837,-0.059833,-0.122394,-0.083124,-0.129443,0.001145,0.00067
0,0.034995,0.151666,0.073896,0.097105,0.101177,0.130451,0.000611,0.002647
0,0.193833,0.115965,0.161186,-0.024181,0.151276,-0.027835,0.003383,0.002024
0,0.044156,0.118547,-0.127382,-0.003251,-0.1594,0.044487,0.000771,0.002069
0,0.164854,0.112686,0.141968,0.00195,0.111734,0.051224,0.002877,0.001967
0,0.005089,0.019294,-0.171903,-0.119521,-0.13338,-0.112037,8.9e-05,0.000337
0,0.080516,-0.086769,0.05519,-0.085377,0.044577,-0.13,0.001405,0.001514
0,-0.005753,0.02713,-0.067258,0.102143,-0.018413,0.083365,0.0001,0.000474
0,0.073693,-0.135462,0.064002,-0.149403,0.091756,-0.159031,0.001286,0.002364
0,-0.122902,0.131993,-0.216247,0.284454,-0.208305,0.312059,0.002145,0.002304
0,-0.03088,-0.099869,0.075829,-0.248035,0.096005,-0.263302,0.000539,0.001743
0,-0.057364,-0.110465,-0.013468,-0.008744,0.030693,0.041232,0.001001,0.001928
0,0.013886,0.17683,0.041957,0.262198,-0.001493,0.306436,0.000242,0.003086
0,-0.033099,0.141629,-0.074771,-0.034989,-0.123071,-0.013267,0.000578,0.002472
0,0.149694,0.121306,0.204886,-0.015504,0.219843,-0.044563,0.002613,0.002117
0,0.060387,0.006349,-0.059389,-0.109076,-0.041478,-0.124455,0.001054,0.000111
0,-0.10952,-0.128413,-0.161944,-0.137757,-0.210572,-0.171973,0.001911,0.002241
0,0.082398,0.030434,0.162103,0.152034,0.133849,0.107147,0.001438,0.000531
0,0.097789,-0.079479,0.024371,-0.097545,0.031676,-0.050919,0.001707,0.001387
0,0.027336,0.180559,-0.090992,0.281271,-0.041558,0.260137,0.000477,0.003151
0,-0.161022,0.159199,-0.188862,-0.015049,-0.16646,-0.060085,0.00281,0.002779
0,-0.24922,0.086482,-0.068647,-0.05057,-0.08096,-0.044662,0.00435,0.001509
0,-0.239604,0.004303,0.01974,-0.085589,-0.013137,-0.099728,0.004182,7.5e-05
0,-0.248968,0.010972,0.007622,-0.014633,-0.01599,-0.014521,0.004345,0.000191
0,-0.258237,0.04117,-0.029604,0.005416,-0.034047,-0.022916,0.004507,0.000719
0,0.009382,-0.082371,0.291441,-0.143955,0.338942,-0.183998,0.000164,0.001438
0,-0.006278,0.025576,-0.004056,0.13511,-0.02395,0.151016,0.00011,0.000446
0,-0.246447,0.049332,-0.243794,0.004817,-0.20791,0.036956,0.004301,0.000861
0,-0.059755,0.002365,0.171663,-0.029316,0.197737,-0.00458,0.001043,4.1e-05
0,-0.166903,-0.030783,-0.098516,-0.007607,-0.0551,0.019739,0.002913,0.000537
0,-0.240297,0.149275,-0.075928,0.170892,-0.049939,0.189398,0.004194,0.002605
0,-0.017882,0.003581,0.228673,-0.163634,0.201592,-0.148674,0.000312,6.3e-05
0,0.01238,0.059006,0.013717,0.030154,0.057013,-0.005311,0.000216,0.00103
0,-0.047499,0.028209,-0.077885,-0.033129,-0.127531,-0.052326,0.000829,0.000492
0,-0.052835,0.129966,0.009701,0.127779,0.004409,0.135462,0.000922,0.002268
0,-0.076161,-0.002682,-0.017291,-0.142378,-0.047147,-0.18441,0.001329,4.7e-05
0,-0.100183,-0.045796,-0.012055,-0.069216,-0.022778,-0.071131,0.001749,0.000799
0,0.110597,0.150457,0.216826,0.208345,0.222671,0.227935,0.00193,0.002626
0,-0.005593,-0.049557,-0.090254,-0.209542,-0.085589,-0.162577,9.8e-05,0.000865
0,-0.012594,0.059101,0.015368,0.1018,0.060786,0.124592,0.00022,0.001032
0,0.210155,0.080842,0.223067,9.1e-05,0.196735,0.04531,0.003668,0.001411
0,0.070508,0.069839,-0.12415,-0.036708,-0.0838,-0.010762,0.001231,0.001219
0,0.100645,0.180387,0.00554,0.097772,-0.031079,0.136112,0.001757,0.003148
0,0.204457,0.145497,0.102284,-0.020707,0.092023,-0.022164,0.003568,0.002539
0,0.197513,0.15883,-0.020214,0.009841,-0.007414,0.007055,0.003447,0.002772
0,0.118801,0.149749,-0.07272,-0.032712,-0.09635,-0.070719,0.002073,0.002614
0,0.216903,-0.044006,0.084507,-0.169423,0.125368,-0.134028,0.003786,0.000768
0,0.072435,0.188694,-0.163487,0.221828,-0.14337,0.178894,0.001264,0.003293
0,0.156618,0.01743,0.077613,-0.157901,0.105905,-0.149981,0.002733,0.000304
0,0.019785,0.14307,-0.163964,0.106396,-0.168671,0.117525,0.000345,0.002497
0,0.057951,0.116436,0.059947,-0.056029,0.087709,-0.104394,0.001011,0.002032
0,-0.051433,0.150182,-0.084972,0.016982,-0.035784,0.061637,0.000898,0.002621
0,-0.001817,0.126215,0.038132,0.004276,0.051984,0.004221,3.2e-05,0.002203
0,-0.05459,-0.033275,-0.066561,-0.164303,-0.116231,-0.12323,0.000953,0.000581
0,0.178871,0.008615,0.233752,0.045334,0.279215,0.066279,0.003122,0.00015
0,0.186998,0.094725,0.011602,0.076615,0.061343,0.106518,0.003264,0.001653
0,0.166275,-0.123147,-0.021543,-0.220001,0.024192,-0.228245,0.002902,0.002149
0,0.211709,0.134883,0.027796,0.265196,-0.00539,0.257276,0.003695,0.002354
0,0.333105,-0.000702,0.148056,-0.124719,0.154685,-0.122188,0.005814,1.2e-05
0,0.106182,-0.047737,-0.241017,-0.025777,-0.275531,-0.01915,0.001853,0.000833
0,0.277042,-0.010714,0.155777,0.0186,0.199823,0.011482,0.004835,0.000187
0,0.238134,-0.0538,-0.064211,-0.04053,-0.079873,-0.01831,0.004156,0.000939
0,0.321851,-0.076158,0.067291,-0.030724,0.021258,-0.067395,0.005617,0.001329
0,0.238249,-0.122481,-0.058088,-0.061983,-0.050886,-0.019732,0.004158,0.002138
0,0.332676,-0.042546,0.10983,0.071954,0.065402,0.107147,0.005806,0.000743
0,0.294488,-0.138907,-0.029705,-0.081151,-0.031933,-0.04094,0.00514,0.002424
0,0.080768,-0.043254,-0.227006,0.081295,-0.22125,0.075914,0.00141,0.000755
0,0.280372,0.110859,0.228334,0.167135,0.266015,0.148624,0.004893,0.001935
0,0.182897,0.034238,-0.068007,-0.093637,-0.11175,-0.124204,0.003192,0.000598
0,0.247575,0.071568,0.086502,0.049448,0.071084,0.037809,0.004321,0.001249
0,0.20977,-0.085694,-0.023848,-0.134656,-0.063602,-0.107357,0.003661,0.001496
0,0.057315,0.003164,-0.164669,0.061371,-0.149094,0.090681,0.001,5.5e-05
0,0.237231,0.061504,0.188714,0.065433,0.182999,0.10486,0.00414,0.001073
0,0.215588,0.00413,-0.026827,-0.052845,-0.067801,-0.085476,0.003763,7.2e-05
0,0.124054,0.120245,-0.109713,0.119111,-0.076784,0.134032,0.002165,0.002099
0,0.142135,0.103012,0.047213,-0.00934,0.047158,-0.013814,0.002481,0.001798
0,-0.043794,0.213455,-0.158057,0.117592,-0.199277,0.084468,0.000764,0.003725
0,0.024922,0.210695,0.060701,-0.011456,0.028163,-0.015341,0.000435,0.003677
0,0.118524,-0.021257,0.087608,-0.254236,0.116905,-0.263709,0.002069,0.000371
0,-0.007679,0.12232,-0.103214,0.128458,-0.138574,0.178328,0.000134,0.002135
0,-0.015315,0.1749,-0.029626,0.056185,-0.045286,0.058236,0.000267,0.003053
0,-0.042804,0.159074,-0.049168,0.004927,-0.015687,-0.012487,0.000747,0.002776
0,-0.052082,0.08517,-0.032298,-0.100002,-0.0428,-0.118881,0.000909,0.001487
0,-0.067357,0.12826,-0.001538,0.020091,0.033123,-0.007436,0.001176,0.002239
0,0.111425,0.037562,0.162897,-0.067227,0.160215,-0.035992,0.001945,0.000656
0,0.108177,-0.039022,-0.018409,-0.054787,-0.058906,-0.039538,0.001888,0.000681
0,0.002202,0.006379,-0.116326,0.0516,-0.152205,0.073159,3.8e-05,0.000111
0,-0.131783,0.116428,-0.126555,0.116303,-0.107867,0.06733,0.0023,0.002032
0,0.065042,-0.091478,0.208556,-0.198611,0.230348,-0.239427,0.001135,0.001597
0,-0.101331,0.05015,-0.175482,0.128579,-0.160364,0.096122,0.001769,0.000875
0,-0.175615,-0.121334,-0.077638,-0.196195,-0.04315,-0.221178,0.003065,0.002118
0,0.011788,0.04524,0.212971,0.167722,0.220101,0.138277,0.000206,0.00079
0,-0.044141,0.114232,-0.066846,0.04839,-0.029322,0.037505,0.00077,0.001994
0,-0.174103,-0.108965,-0.128438,-0.25022,-0.098335,-0.234115,0.003039,0.001902
0,-0.200023,0.058555,-0.006687,0.160459,-0.043458,0.176746,0.003491,0.001022
0,-0.194746,-0.086212,0.0242,-0.1437,0.048937,-0.135229,0.003399,0.001505
0,-0.192627,0.111366,0.027911,0.192003,0.004976,0.235994,0.003362,0.001944
0,-0.100505,-0.070281,0.078126,-0.166982,0.076645,-0.126194,0.001754,0.001227
0,-0.062317,-0.104521,0.048384,-0.018658,0.060221,-0.058424,0.001088,0.001824
0,0.025447,0.182851,0.069021,0.310039,0.025099,0.267959,0.000444,0.003191
0,0.022675,-0.032976,0.004942,-0.200264,0.027968,-0.186165,0.000396,0.000576
0,-0.029319,-0.041664,-0.023284,-0.037151,0.018887,-0.054332,0.000512,0.000727
0,-0.196505,0.153146,-0.18655,0.20903,-0.197967,0.182537,0.00343,0.002673
0,0.028138,-0.020461,0.233808,-0.194948,0.235433,-0.153984,0.000491,0.000357
0,0.08701,-0.022379,0.06458,-0.00662,0.098849,-0.016953,0.001519,0.000391
0,0.125683,0.118653,0.057293,0.116108,0.045317,0.149889,0.002194,0.002071
0,-0.096656,-0.068728,-0.224419,-0.16115,-0.211768,-0.130903,0.001687,0.0012
0,-0.024877,0.125791,0.094959,0.216275,0.096394,0.245267,0.000434,0.002195
0,-0.01697,0.165732,-0.017214,0.040611,0.016021,0.019814,0.000296,0.002893
0,-0.130929,0.128344,-0.109957,-0.027743,-0.127379,-0.029414,0.002285,0.00224
0,0.117659,0.177029,0.232529,0.031383,0.20188,-0.012396,0.002054,0.00309
0,0.027533,-0.050734,-0.119137,-0.232772,-0.100758,-0.272795,0.000481,0.000885
0,0.098888,-0.09814,0.08909,-0.060536,0.07173,-0.062007,0.001726,0.001713
0,-0.131555,0.087927,-0.207351,0.171199,-0.195047,0.180147,0.002296,0.001535
0,-0.047815,0.067793,0.05716,-0.009828,0.07974,-0.038156,0.000835,0.001183
0,-0.045397,-0.010909,0.025807,-0.086198,0.063089,-0.083684,0.000792,0.00019
0,0.071349,0.146319,0.095485,0.155242,0.053712,0.156365,0.001245,0.002554
0,0.046484,0.013522,-0.038649,-0.107985,0.003691,-0.126473,0.000811,0.000236
0,-0.100805,0.093759,-0.156032,0.102404,-0.176821,0.137728,0.001759,0.001636
0,-0.02401,0.071507,0.089979,-0.008201,0.102345,0.013622,0.000419,0.001248
0,0.001649,0.034078,0.01688,-0.013997,-0.027076,-0.006941,2.9e-05,0.000595
0,-0.051477,-0.052949,-0.056943,-0.060582,-0.03156,-0.053464,0.000898,0.000924
0,0.118432,0.11709,0.184875,0.173609,0.203522,0.162469,0.002067,0.002044
0,-0.073391,0.067014,-0.194206,-0.0351,-0.177025,-0.069367,0.001281,0.00117
0,0.002043,0.051024,0.045751,-0.02216,0.009164,-0.000316,3.6e-05,0.000891
0,0.020252,0.118989,0.047678,0.059892,0.065802,0.0922,0.000353,0.002077
0,0.126476,0.206416,0.087199,0.099489,0.069718,0.067802,0.002207,0.003603
0,0.125311,0.204836,-0.026881,-0.01119,-0.000612,-0.00554,0.002187,0.003575
0,-0.057236,-0.009207,-0.212071,-0.230813,-0.203063,-0.258819,0.000999,0.000161
0,0.092318,0.038027,0.146004,0.066224,0.120238,0.083885,0.001611,0.000664
0,0.221876,0.17888,0.121012,0.131605,0.112449,0.161903,0.003872,0.003122
0,0.071585,0.135361,-0.133756,-0.034093,-0.144802,0.003358,0.001249,0.002363
0,-0.055469,0.023227,-0.122309,-0.133266,-0.134182,-0.160314,0.000968,0.000405
0,0.140516,0.277635,0.18129,0.24407,0.208664,0.270036,0.002452,0.004846
0,-0.026031,0.257798,-0.13961,-0.044482,-0.092838,-0.005079,0.000454,0.004499
0,-0.084428,0.201666,-0.033135,-0.065675,-0.030802,-0.0526,0.001474,0.00352
0,-0.142886,0.081678,-0.039098,-0.138988,-0.057971,-0.116258,0.002494,0.001426
0,-0.064544,-0.037991,0.076345,-0.099571,0.074093,-0.061834,0.001126,0.000663
0,-0.253014,-0.025304,-0.165918,-0.00884,-0.145001,-0.006698,0.004416,0.000442
0,-0.222046,-0.008165,0.054927,0.038101,0.052631,-0.000447,0.003875,0.000142
0,-0.223616,0.051175,-0.003274,0.044745,-0.003291,0.015298,0.003903,0.000893
0,-0.279324,-0.010757,-0.047826,-0.058959,-0.030885,-0.047629,0.004875,0.000188
0,-0.230068,-0.018763,0.04057,-0.032005,-0.000686,-0.033754,0.004015,0.000327
0,-0.246105,0.032264,0.010475,0.07021,0.010488,0.116114,0.004295,0.000563
0,-0.014726,-0.059759,0.257565,-0.079061,0.221227,-0.072078,0.000257,0.001043
0,-0.110502,0.149932,-0.074307,0.2007,-0.058991,0.153239,0.001929,0.002617
0,-0.271467,0.120006,-0.184704,-0.048312,-0.161685,-0.047978,0.004738,0.002095
0,-0.172316,-0.114068,0.100263,-0.261119,0.107667,-0.27013,0.003007,0.001991
0,-0.115633,-0.10346,0.066224,0.030681,0.071401,0.027955,0.002018,0.001806
0,-0.242973,0.091633,-0.140504,0.190278,-0.134607,0.148905,0.004241,0.001599
0,0.026264,-0.087522,0.272823,-0.206931,0.230939,-0.203555,0.000458,0.001528
0,-0.013646,-0.071751,-0.060675,0.009878,-0.041028,0.011101,0.000238,0.001252
0,0.100986,-0.091417,0.085671,-0.031481,0.051974,-0.025518,0.001763,0.001596
0,-0.011991,0.019728,-0.118406,0.1332,-0.148057,0.096161,0.000209,0.000344
0,0.118037,0.010184,0.121299,-0.002386,0.094867,-0.035869,0.00206,0.000178
0,0.011683,-0.131262,-0.084791,-0.118167,-0.041275,-0.122668,0.000204,0.002291
0,0.009203,-0.100996,0.00899,0.033584,0.024484,0.079043,0.000161,0.001763
0,-0.071646,0.034657,-0.059159,0.134612,-0.084001,0.181486,0.00125,0.000605
0,-0.072101,-0.013406,0.011736,-0.059132,0.005272,-0.059177,0.001258,0.000234
0,-0.084539,-0.170694,-0.00038,-0.150747,-0.02183,-0.121796,0.001475,0.002979
0,0.012297,-0.131249,0.0898,0.026965,0.060434,0.001411,0.000215,0.002291
0,-0.096857,0.09585,-0.093054,0.236306,-0.091358,0.271031,0.00169,0.001673
0,-0.245341,0.041616,-0.157907,-0.0638,-0.185639,-0.09202,0.004282,0.000726
0,-0.282595,-0.005982,-0.018484,-0.048163,0.023909,-0.077029,0.004932,0.000104
0,-0.138717,0.103067,0.136767,0.095433,0.088237,0.096212,0.002421,0.001799
0,-0.305788,0.096804,-0.171449,-0.02707,-0.1446,0.020147,0.005337,0.00169
0,-0.16537,-0.007508,0.13694,-0.110276,0.101144,-0.063326,0.002886,0.000131
0,-0.048504,0.101678,0.131929,0.12039,0.148859,0.106781,0.000847,0.001775
0,-0.305675,0.120199,-0.265656,0.032429,-0.221911,0.009506,0.005335,0.002098
0,-0.073603,-0.111432,0.25367,-0.220628,0.243396,-0.233871,0.001285,0.001945
0,-0.323386,-0.039766,-0.244396,0.065928,-0.271021,0.033246,0.005644,0.000694
0,-0.00631,0.061541,0.315152,0.110467,0.294023,0.149668,0.00011,0.001074
0,-0.265888,-0.054595,-0.251943,-0.108612,-0.234136,-0.06165,0.004641,0.000953
0,0.003915,-0.109447,0.280102,-0.031586,0.303621,-0.013853,6.8e-05,0.00191
0,-0.047558,0.040755,-0.081427,0.126227,-0.11852,0.086619,0.00083,0.000711
0,0.014075,-0.159278,0.091247,-0.211418,0.099607,-0.171976,0.000246,0.00278
0,-0.151663,-0.208074,-0.158487,-0.056362,-0.188985,-0.077541,0.002647,0.003632
0,-0.072096,-0.152681,0.05777,0.037891,0.0281,0.055708,0.001258,0.002665
0,0.008493,-0.119071,0.105676,0.026013,0.12054,-0.001558,0.000148,0.002078
0,-0.015454,-0.064408,-0.014853,0.031819,-0.014191,0.078774,0.00027,0.001124
0,-0.176182,-0.074886,-0.17157,-0.014439,-0.165411,-0.055863,0.003075,0.001307
0,-0.132429,-0.154373,0.068987,-0.091582,0.108091,-0.132212,0.002311,0.002694
0,-0.121352,-0.056734,0.011228,0.077063,0.031942,0.122355,0.002118,0.00099
0,-0.009995,0.145112,0.093652,0.184942,0.089606,0.222125,0.000174,0.002533
0,0.069143,-0.004922,0.082258,-0.138684,0.078118,-0.110906,0.001207,8.6e-05
0,-0.029794,0.087757,-0.104159,0.091411,-0.084505,0.084739,0.00052,0.001532
0,0.015499,-0.013838,0.027803,-0.110604,0.01599,-0.122612,0.000271,0.000242
0,0.105501,-0.081454,0.097758,-0.039929,0.111818,-0.076226,0.001841,0.001422
0,-0.080288,-0.094029,-0.202864,-0.033464,-0.20246,-0.02665,0.001401,0.001641
0,0.082559,-0.003804,0.184594,0.081359,0.141149,0.112675,0.001441,6.6e-05
0,0.121644,-0.043716,0.017347,-0.03521,0.040912,-0.050122,0.002123,0.000763
0,0.044903,0.082402,-0.088889,0.119399,-0.102185,0.085685,0.000784,0.001438
0,0.137181,-0.15979,0.088607,-0.22649,0.06895,-0.236125,0.002394,0.002789
0,0.153924,-0.150805,0.025421,0.001036,0.025815,0.021056,0.002686,0.002632
0,-0.062833,0.063151,-0.206708,0.185405,-0.230241,0.188269,0.001097,0.001102
0,0.150854,0.003635,0.242853,-0.05695,0.201576,-0.079872,0.002633,6.3e-05
0,-0.021726,0.026079,-0.17598,-6e-06,-0.139083,-0.019504,0.000379,0.000455
0,0.041214,0.037479,0.081976,-0.002784,0.127073,-0.033093,0.000719,0.000654
0,-0.073875,-0.16,-0.138275,-0.178108,-0.129793,-0.18854,0.001289,0.002793
0,-0.096042,-0.175394,-0.011388,-0.003754,0.035186,-0.044015,0.001676,0.003061
0,-0.00306,-0.109402,0.094031,0.063155,0.137851,0.050356,5.3e-05,0.001909
0,-0.121562,0.089868,-0.117338,0.202825,-0.080435,0.208755,0.002122,0.001568
0,0.04892,-0.193547,0.158031,-0.260599,0.112268,-0.241039,0.000854,0.003378
0,-0.077003,-0.139557,-0.151325,0.043085,-0.185819,0.091767,0.001344,0.002436
0,-0.060018,-0.036836,0.042168,0.076974,0.00399,0.061236,0.001048,0.000643
0,-0.079873,0.103316,0.002927,0.115418,-0.023507,0.113346,0.001394,0.001803
0,-0.155686,0.01266,-0.046479,-0.119214,-0.035166,-0.116417,0.002717,0.000221
0,-1.558501,0.612294,-1.405123,0.621576,-1.419467,0.590805,0.00302,0.001404
0,-2.401678,1.105684,-0.870289,0.472463,-0.836659,0.454444,0.005646,0.004883
0,-2.578767,1.062511,-0.174818,-0.042754,-0.190913,-0.019356,0.003354,0.005637
0,-2.51289,0.825632,0.076726,-0.265079,0.096004,-0.254843,0.004504,0.00232
0,-2.314021,0.718055,0.18201,-0.131357,0.148648,-0.100829,0.004116,0.000442
0,-2.074555,0.664199,0.252048,-0.062492,0.229124,-0.099437,6.4e-05,0.000498
0,-1.583296,0.437121,0.48004,-0.218053,0.497808,-0.256035,0.003453,0.004461
0,-1.292335,0.33825,0.263339,-0.11689,0.224301,-0.084516,0.001625,0.005904
0,-0.992944,0.270941,0.321373,-0.052506,0.322475,-0.028877,0.00524,0.004729
0,-0.582859,-0.026754,0.429551,-0.315861,0.474895,-0.307266,0.001918,0.000467
0,-0.223762,0.028287,0.361924,0.056582,0.3388,0.102794,0.003905,0.000494
0,-0.028345,0.00486,0.182588,-0.029161,0.221693,-0.02186,0.000495,8.5e-05
0,-0.03835,-0.090568,0.002951,-0.107052,0.014622,-0.127177,0.000669,0.001581
0,0.180283,0.06601,0.238397,0.176475,0.208568,0.161265,0.003147,0.001152
0,0.352103,-0.140392,0.1861,-0.230295,0.155366,-0.181801,0.005945,0.00245
0,0.108602,-0.064746,-0.23334,0.070372,-0.20705,0.021387,0.001895,0.00113
0,0.059391,-0.089202,-0.0698,-0.040052,-0.083188,-0.062248,0.001037,0.001557
0,0.151704,-0.115473,0.092788,-0.036052,0.058607,-0.060175,0.002648,0.002015
0,0.10847,-0.149152,-0.062933,-0.043647,-0.044784,-0.089297,0.001893,0.002603
0,0.068134,-0.058339,-0.013609,0.110578,0.023363,0.06223,0.001189,0.001018
0,0.234635,-0.042911,0.150244,0.043472,0.166697,0.048464,0.004095,0.000749
0,0.11035,0.017525,-0.130276,0.038445,-0.107352,0.046844,0.001926,0.000306
0,0.074786,-0.172608,-0.033643,-0.204779,-0.082574,-0.179975,0.001305,0.003013
0,0.064277,-0.042695,-0.006249,0.119424,-4.9e-05,0.144048,0.001122,0.000745
0,0.140859,-0.253171,0.057404,-0.238051,0.02134,-0.227101,0.002458,0.004419
0,0.129874,-0.015599,0.007532,0.231567,0.04436,0.24234,0.002267,0.000272
0,0.159571,-0.219289,0.032684,-0.202085,0.059089,-0.18365,0.002785,0.003827
0,-0.097898,0.048007,-0.25748,0.284344,-0.295511,0.333415,0.001709,0.000838
0,0.047236,-0.00931,0.152623,-0.050748,0.151061,-0.025522,0.000824,0.000162
0,-0.041389,-0.032748,-0.079575,-0.014729,-0.050626,0.018567,0.000722,0.000572
0,-0.094373,-0.057502,-0.040727,-0.052681,-0.084989,-0.013415,0.001647,0.001004
0,0.022714,-0.195905,0.132113,-0.144257,0.13476,-0.105601,0.000396,0.003419
0,-1.717772,-0.039287,-1.763197,0.130778,-1.740436,0.144581,0.0058,0.000686
0,-3.379816,0.153231,-1.689078,0.202929,-1.717134,0.157788,0.001464,0.002674
0,-3.431612,0.208225,-0.081215,0.038752,-0.128399,0.011457,0.00056,0.003634
0,-3.542932,0.174247,-0.090361,-0.055438,-0.137046,-0.104841,0.001383,0.003041
0,-3.436345,0.147178,0.104678,-0.028564,0.077973,-0.045813,0.000477,0.002569
0,-3.072513,0.158942,0.351426,0.006178,0.385828,0.037475,0.005264,0.002774
0,-2.379888,0.146775,0.673823,-0.014092,0.678946,-0.039758,0.005265,0.002562
0,-1.868282,0.266429,0.499377,0.116376,0.548444,0.118394,0.003664,0.00465
0,-1.139044,0.144284,0.728483,-0.130749,0.739765,-0.175331,0.004301,0.002518
0,-0.590284,0.208544,0.530507,0.069315,0.514651,0.036634,0.001788,0.00364
0,-0.347605,0.280929,0.238557,0.057947,0.270494,0.021692,0.006024,0.004903
0,-0.165077,0.246401,0.168916,-0.004731,0.190412,0.022414,0.002881,0.004301
0,0.087568,0.226506,0.267658,-0.026901,0.27921,-0.065998,0.001528,0.003953
0,0.323431,0.059842,0.240795,-0.179678,0.200192,-0.199568,0.005645,0.001044
0,0.494814,0.15946,0.200651,0.093201,0.153019,0.107262,0.003454,0.002783
0,0.434642,0.242751,-0.07416,0.055749,-0.07532,0.1054,0.004505,0.004237
0,0.250062,0.19516,-0.166772,-0.040967,-0.20653,-0.083933,0.004364,0.003406
0,0.318895,0.33634,0.087316,0.165316,0.088417,0.154448,0.005566,0.00587
0,0.221746,0.109106,-0.085422,-0.211009,-0.108452,-0.185198,0.00387,0.001904
0,0.375023,0.2893,0.178609,0.15305,0.150261,0.182526,0.005545,0.005049
0,0.15232,0.288925,-0.208323,-0.021937,-0.162652,-0.051544,0.002658,0.005043
0,0.216432,0.307825,0.049912,0.00847,0.098553,-0.041447,0.003777,0.005373
0,0.353252,0.148383,0.154231,-0.168557,0.16426,-0.175519,0.005925,0.00259
0,0.093049,0.296126,-0.251673,0.16507,-0.234564,0.212399,0.001624,0.005168
0,0.161364,0.124469,0.070304,-0.158924,0.069284,-0.17016,0.002816,0.002172
0,-0.074101,0.223303,-0.22951,0.101506,-0.243937,0.077017,0.001293,0.003897
0,0.193847,0.34403,0.247303,0.096102,0.240647,0.0866,0.003383,0.006004
0,0.053592,0.349381,-0.116637,0.005867,-0.157746,-0.010051,0.000935,0.005993
0,-0.132132,0.112013,-0.161807,-0.2594,-0.123523,-0.259869,0.002306,0.001955
0,-0.153041,0.189093,-0.017849,0.069699,-0.036547,0.089921,0.002671,0.0033
0,0.171701,0.18272,0.317403,-0.034485,0.356132,-0.072536,0.002997,0.003189
0,0.148504,0.17022,-0.026732,-0.010613,-0.017801,0.023228,0.002592,0.002971
0,-0.156069,0.18817,-0.319194,0.017553,-0.29774,0.014163,0.002724,0.003284
0,-0.163722,-0.008822,0.017389,-0.202769,-0.005614,-0.184643,0.002857,0.000154
0,-0.06476,0.161776,0.111128,0.176487,0.147365,0.200341,0.00113,0.002824
0,0.014972,0.152144,0.106565,-0.023106,0.091419,-0.069477,0.000261,0.002655
0,0.042555,0.003196,0.054587,-0.174526,0.019613,-0.155392,0.000743,5.6e-05
0,0.08966,0.165288,0.038351,0.16745,0.026946,0.189499,0.001565,0.002885
0,-0.009799,-0.035781,-0.079658,-0.228275,-0.103463,-0.214115,0.000171,0.000624
0,0.112922,0.113277,0.149332,0.144838,0.114801,0.120772,0.001971,0.001977
0,0.121839,0.170467,0.029134,0.070164,0.033576,0.104809,0.002126,0.002975
0,-0.191634,0.04571,-0.336734,-0.112825,-0.311361,-0.118654,0.003345,0.000798
0,-0.168744,0.026416,0.003051,0.005875,0.009944,0.024925,0.002945,0.000461
0,0.020873,0.126212,0.173937,0.125173,0.156568,0.156446,0.000364,0.002203
0,0.021706,-0.110953,0.011038,-0.220081,0.019707,-0.179268,0.000379,0.001936
0,0.084037,0.1602,0.08978,0.294112,0.045601,0.31412,0.001467,0.002796
0,-0.079827,0.112914,-0.149733,-0.067798,-0.130885,-0.061999,0.001393,0.001971
0,-0.016633,0.029658,0.04391,-0.100007,0.034222,-0.106316,0.00029,0.000518
0,0.013988,0.055814,0.021701,0.021006,0.04611,-0.001443,0.000244,0.000974
0,0.081431,-0.060616,0.097297,-0.089426,0.093589,-0.07872,0.001421,0.001058
0,-0.038618,0.055727,-0.106565,0.134719,-0.065639,0.117936,0.000674,0.000973
0,0.222739,0.184709,0.248389,0.145792,0.203089,0.109981,0.003888,0.003224
0,0.08069,0.177418,-0.154332,-0.032815,-0.129717,0.006237,0.001408,0.003097
0,-0.064458,0.165365,-0.148081,-0.011051,-0.190309,0.027224,0.001125,0.002886
0,0.033862,0.068476,0.115685,-0.077404,0.134171,-0.046534,0.000591,0.001195
0,-0.106037,0.013329,-0.162476,-0.059812,-0.197968,-0.109287,0.001851,0.000233
0,-0.182235,0.163569,-0.089,0.17887,-0.042098,0.211196,0.003181,0.002855
0,0.011966,0.102782,0.175178,-0.046823,0.189867,-0.055337,0.000209,0.001794
0,0.008849,0.053077,0.025367,-0.043274,0.03695,-0.0185,0.000154,0.000926
0,0.09648,0.042282,0.072553,-0.001866,0.098176,-0.020279,0.001684,0.000738
0,-0.099409,0.107886,-0.225046,0.09211,-0.268129,0.101451,0.001735,0.001883
0,-0.169414,-0.046899,-0.056625,-0.159355,-0.097612,-0.133426,0.002957,0.000819
0,-0.077758,0.041247,0.105582,0.063841,0.140898,0.036351,0.001357,0.00072
0,-0.146395,-0.099284,-0.062049,-0.168791,-0.023224,-0.148801,0.002555,0.001733
0,0.113543,0.000345,0.250582,0.099536,0.230887,0.110666,0.001982,6e-06
0,0.087443,-0.076642,-0.039296,-0.089934,-0.022362,-0.06643,0.001526,0.001338
0,-0.099286,-0.134115,-0.177904,-0.076367,-0.146932,-0.113477,0.001733,0.002341
0,-0.0891,0.026864,0.01471,0.185136,0.039009,0.154655,0.001555,0.000469
0,-0.130314,0.012078,-0.014678,0.001653,-0.003779,-0.002982,0.002274,0.000211
0,-0.034071,-0.06109,0.110702,-0.099426,0.103326,-0.10531,0.000595,0.001066
0,0.049721,9e-05,0.067103,0.032551,0.042387,0.004276,0.000868,2e-06
0,0.103811,0.027677,0.078223,0.050977,0.094273,0.04893,0.001812,0.000483
0,-0.052454,-0.059241,-0.1856,-0.090168,-0.143659,-0.119845,0.000916,0.001034
0,0.130883,0.008641,0.202686,0.0675,0.243027,0.057917,0.002284,0.000151
0,0.037954,-0.15756,-0.081606,-0.192754,-0.045406,-0.20727,0.000662,0.00275
0,0.040389,0.05228,-0.007385,0.239144,-0.017619,0.195194,0.000705,0.000912
0,0.011204,-0.14881,-0.013429,-0.176913,-0.040618,-0.158774,0.000196,0.002597
0,0.050879,-0.01987,0.045972,0.125976,0.027326,0.092356,0.000888,0.000347
0,0.170015,-0.086779,0.148099,-0.055361,0.195489,-0.03965,0.002967,0.001515
0,0.164357,0.055986,0.022265,0.149152,0.06725,0.120751,0.002869,0.000977
0,0.113284,-0.039848,-0.061971,-0.07034,-0.103661,-0.103489,0.001977,0.000695
0,0.197376,-0.146251,0.081403,-0.129598,0.080063,-0.091697,0.003445,0.002553
0,0.0208,-0.072527,-0.179853,0.085095,-0.182026,0.044378,0.000363,0.001266
0,0.216995,0.13914,0.21438,0.22336,0.190252,0.185391,0.003787,0.002428
0,-0.025924,0.03235,-0.26003,-0.114393,-0.251473,-0.152773,0.000452,0.000565
0,-0.062201,-0.078437,-0.060289,-0.09945,-0.012317,-0.08368,0.001086,0.001369
0,-0.010872,-0.166429,0.044398,-0.086402,-0.000526,-0.044154,0.00019,0.002905
0,-0.025306,0.092778,0.013631,0.237941,0.002538,0.202093,0.000442,0.001619
0,-0.0493,-0.081424,-0.033002,-0.162568,0.006262,-0.116405,0.00086,0.001421
0,-0.023105,-0.080892,0.051986,-0.020714,0.082772,-0.011497,0.000403,0.001412
0,-0.022606,0.127585,-0.02222,0.210212,-0.039103,0.250207,0.000395,0.002227
0,-0.162182,-0.06163,-0.159868,-0.201295,-0.120674,-0.159541,0.002831,0.001076
0,-0.19238,0.117123,-0.044403,0.183795,-0.051287,0.229181,0.003358,0.002044
0,0.004117,-0.097903,0.191156,-0.192355,0.182646,-0.186698,7.2e-05,0.001709
0,-0.014668,0.01064,-0.029611,0.130864,0.012011,0.121634,0.000256,0.000186
0,-0.268367,-0.158766,-0.246637,-0.190405,-0.265545,-0.155691,0.004684,0.002771
0,-0.03814,0.045446,0.245264,0.20178,0.27239,0.204366,0.000666,0.000793
0,0.046171,-0.210127,0.084286,-0.239964,0.075247,-0.211819,0.000806,0.003667
0,0.0483,0.014548,-0.02614,0.253429,-0.062089,0.272176,0.000843,0.000254
0,-0.090378,-0.124117,-0.116744,-0.11737,-0.147679,-0.129801,0.001577,0.002166
0,-0.183388,-0.088536,-0.119834,0.018087,-0.159226,-0.007384,0.003201,0.001545
0,-0.253608,-0.180062,-0.061691,-0.096529,-0.036353,-0.104307,0.004426,0.003143
0,-0.242523,0.06755,0.032101,0.248005,0.030947,0.227163,0.004233,0.001179
0,-0.170676,0.036789,0.097805,-0.026788,0.088101,0.005753,0.002979,0.000642
0,-0.023211,-0.014948,0.144237,-0.036628,0.168249,-0.035134,0.000405,0.000261
0,-0.015275,0.076138,-0.022012,0.079989,0.018016,0.061714,0.000267,0.001329
0,-0.050572,0.121124,-0.006639,0.035837,0.022047,0.033499,0.000883,0.002114
0,-0.126793,-0.058075,-0.048904,-0.180806,-0.024002,-0.222053,0.002213,0.001014
0,-0.271085,-0.004751,-0.161217,0.033056,-0.194146,0.081097,0.004731,8.3e-05
0,-0.01493,0.14902,0.233953,0.133239,0.273844,0.162569,0.000261,0.002601
0,-0.227489,0.020053,-0.237897,-0.133893,-0.269912,-0.14756,0.00397,0.00035
0,0.003036,0.116307,0.211605,0.118733,0.255835,0.107247,5.3e-05,0.00203
0,-0.097852,-0.037598,-0.11887,-0.127768,-0.084052,-0.173158,0.001708,0.000656
0,-0.144673,-0.092032,-0.076073,-0.029592,-0.03081,0.014166,0.002525,0.001606
0,-0.028163,-0.068941,0.144609,0.016745,0.125324,-0.014172,0.000492,0.001203
0,0.495636,-0.765995,0.532634,-0.676779,0.557741,-0.6445,0.00344,0.001279
0,0.459993,-0.953639,-0.00992,-0.177495,-0.037744,-0.162041,0.004062,0.004554
0,0.592004,-1.325994,0.102867,-0.363207,0.08781,-0.392705,0.001758,0.001038
0,0.497662,-1.557459,-0.087214,-0.257664,-0.064228,-0.26782,0.003405,0.003002
0,0.432006,-1.303433,-0.059119,0.245454,-0.06961,0.203764,0.004551,0.001432
0,0.403263,-0.994244,-0.039346,0.325257,-0.030718,0.366225,0.005052,0.005262
0,0.115822,-0.96308,-0.261972,0.012772,-0.266105,-0.002614,0.002021,0.004718
0,0.067192,-0.705297,-0.075451,0.244699,-0.030418,0.26753,0.001173,0.000219
0,-0.027522,-0.441742,-0.083226,0.265469,-0.112432,0.267163,0.00048,0.004381
0,-0.050643,-0.361345,-0.006114,0.052561,-0.040121,0.008488,0.000884,0.005784
0,0.05235,-0.107743,0.077112,0.275693,0.061974,0.226281,0.000914,0.00188
0,-0.208068,-0.021876,-0.276124,0.092741,-0.258018,0.123426,0.003631,0.000382
0,-0.172239,0.052459,0.056047,0.049107,0.028028,0.081393,0.003006,0.000916
0,0.042721,-0.069056,0.204173,-0.094994,0.251874,-0.122225,0.000746,0.001205
0,-0.075289,0.142411,-0.137816,0.189535,-0.185695,0.227943,0.001314,0.002486
0,-0.196822,0.047496,-0.131882,-0.095516,-0.0927,-0.133995,0.003435,0.000829
0,-0.112085,0.055852,0.074236,0.02881,0.095872,-0.00712,0.001956,0.000975
0,-0.149189,0.071445,-0.0578,-0.006645,-0.105896,-5.8e-05,0.002604,0.001247
0,-0.023736,0.08624,0.115918,0.02153,0.113745,0.062623,0.000414,0.001505
0,-0.062341,0.109371,-0.067392,0.052061,-0.077323,0.002671,0.001088,0.001909
0,-0.069701,0.256183,-0.033657,0.155398,0.005399,0.113214,0.001217,0.004471
0,-0.225588,0.239216,-0.147393,-0.015241,-0.140045,-0.06111,0.003937,0.004175
0,-0.207684,0.149168,0.016618,-0.081949,0.010396,-0.068597,0.003625,0.002603
0,-0.063705,0.329569,0.133954,0.17615,0.11889,0.168335,0.001112,0.005752
0,0.001426,0.179037,0.065111,-0.142299,0.045314,-0.113324,2.5e-05,0.003125
0,-0.087282,0.213886,-0.099341,0.054456,-0.12887,0.051575,0.001523,0.003733
0,-0.159471,0.209765,-0.097219,0.017773,-0.137734,0.00109,0.002783,0.003661
0,-0.125545,0.355573,0.021584,0.121671,0.002696,0.15478,0.002191,0.005885
0,0.0898,0.078948,0.217402,-0.298245,0.179188,-0.305255,0.001567,0.001378
0,-0.031074,0.115827,-0.095833,0.013209,-0.115736,0.013926,0.000542,0.002022
0,0.06007,0.236631,0.107571,0.147743,0.098175,0.128201,0.001048,0.00413
0,-0.100912,0.256859,-0.143279,-0.003682,-0.111482,-0.052296,0.001761,0.004483
0,0.001493,0.05307,0.10442,-0.223414,0.102877,-0.186931,2.6e-05,0.000926
0,-0.049068,0.247458,-0.069012,0.20623,-0.031938,0.242666,0.000856,0.004319
0,-0.185946,0.059289,-0.108617,-0.190563,-0.153512,-0.233368,0.003245,0.001035
0,-0.197467,0.223536,0.008497,0.187283,-0.030163,0.202084,0.003446,0.003901
0,-0.085775,0.101468,0.08492,-0.111147,0.043272,-0.107726,0.001497,0.001771
0,-0.106099,0.164101,0.006826,0.052083,0.051651,0.077581,0.001852,0.002864
0,0.026463,0.11339,0.111121,-0.028171,0.124441,-0.049075,0.000462,0.001979
0,-0.070792,0.127719,-0.076279,-0.013582,-0.116296,-0.000349,0.001236,0.002229
0,-0.065219,0.012503,0.01868,-0.130876,-0.001143,-0.136472,0.001138,0.000218
0,0.030993,0.226757,0.120574,0.225794,0.075983,0.200133,0.000541,0.003958
0,0.113982,0.247052,0.070431,0.018502,0.105448,0.036322,0.001989,0.004312
0,-0.107882,0.119246,-0.204604,-0.129949,-0.183955,-0.127255,0.001883,0.002081
0,0.055371,0.262641,0.13817,0.167591,0.099082,0.209505,0.000966,0.004584
0,0.097668,0.203169,0.055768,-0.044718,0.036965,-0.028743,0.001705,0.003546
0,0.055739,0.019249,-0.033262,-0.155361,0.001578,-0.156839,0.000973,0.000336
0,-0.061376,0.115693,-0.108636,0.101533,-0.096605,0.147619,0.001071,0.002019
0,0.061104,0.218199,0.094512,0.115268,0.085938,0.113636,0.001066,0.003808
0,-0.073052,-0.007828,-0.163304,-0.235035,-0.202611,-0.186172,0.001275,0.000137
0,0.025126,0.149656,0.082304,0.182538,0.099976,0.229952,0.000439,0.002612
0,0.049002,0.064268,0.003495,-0.09276,0.034511,-0.091337,0.000855,0.001122
0,-0.089574,0.165351,-0.116284,0.115199,-0.128882,0.145871,0.001563,0.002886
0,-0.159805,-0.035272,-0.075356,-0.177878,-0.075031,-0.21008,0.002789,0.000616
0,-0.131657,0.176649,0.011285,0.234519,-0.015452,0.241552,0.002298,0.003083
0,-0.020819,0.06234,0.118356,-0.139951,0.112418,-0.128214,0.000363,0.001088
0,-0.169364,0.150656,-0.178227,0.111097,-0.18767,0.080211,0.002956,0.002629
0,-0.102435,0.11258,0.044074,-0.016788,0.019888,0.026596,0.001788,0.001965
0,-0.076124,-0.036936,0.006298,-0.156247,-0.017688,-0.170474,0.001329,0.000645
0,-0.080119,0.117525,-0.028513,0.12742,-0.025642,0.143822,0.001398,0.002051
0,-0.052127,0.119574,0.040508,-0.013426,0.0672,-0.007483,0.00091,0.002087
0,-0.293963,0.114041,-0.269705,-0.021843,-0.296608,-0.004352,0.005131,0.00199
0,0.013653,0.029208,0.302399,-0.078445,0.261948,-0.060008,0.000238,0.00051
0,-0.146701,0.178383,-0.157105,0.137167,-0.194191,0.160341,0.00256,0.003113
0,-0.161689,0.167166,-0.033568,-0.020807,0.016256,-0.034618,0.002822,0.002918
0,-0.243155,0.136085,-0.075795,-0.044586,-0.075725,-0.070491,0.004244,0.002375
0,-0.161142,-0.10377,0.09049,-0.247197,0.129822,-0.235333,0.002812,0.001811
0,0.007775,0.10508,0.171266,0.214568,0.180032,0.234709,0.000136,0.001834
0,0.004352,0.045826,0.005001,-0.073358,-0.028361,-0.063921,7.6e-05,0.0008
0,0.012115,-0.067364,0.002622,-0.086993,-0.039365,-0.128925,0.000211,0.001176
0,-0.07794,-0.060238,-0.084623,-0.000974,-0.094853,0.015725,0.00136,0.001051
0,-0.070876,0.063055,0.033869,0.142143,0.080119,0.176386,0.001237,0.001101
0,0.014301,0.111922,0.103372,0.030815,0.103454,0.054831,0.00025,0.001953
0,0.004318,0.087714,-0.027916,-0.025921,-0.071263,0.008543,7.5e-05,0.001531
0,0.044768,0.123079,0.056875,0.047458,0.03816,0.031733,0.000781,0.002148
0,-0.174943,0.150452,-0.19258,0.000205,-0.147211,-0.047409,0.003053,0.002626
0,-0.134293,0.109682,0.055894,-0.067337,0.103692,-0.080995,0.002344,0.001914
0,0.105626,0.116127,0.212716,0.024477,0.178881,0.022939,0.001844,0.002027
0,-0.084218,0.018725,-0.193743,-0.080291,-0.214403,-0.081008,0.00147,0.000327
0,0.043294,-0.128229,0.09993,-0.119288,0.073594,-0.089209,0.000756,0.002238
0,0.21201,-0.00892,0.190469,0.141724,0.239966,0.157005,0.0037,0.000156
0,0.130677,-0.09155,-0.078953,-0.081775,-0.094653,-0.088532,0.002281,0.001598
0,0.177221,-0.137145,0.033099,-0.025489,0.055703,-0.02829,0.003093,0.002394
0,0.223749,-0.050731,0.032226,0.063248,0.001436,0.062928,0.003905,0.000885
0,0.103239,-0.018619,-0.12361,0.027628,-0.088968,0.02348,0.001802,0.000325
0,0.113277,-0.151296,-0.002287,-0.122979,0.0253,-0.100744,0.001977,0.002641
0,0.139024,-0.071261,0.031946,0.058679,0.039609,0.101193,0.002426,0.001244
0,0.168111,-0.101242,0.058151,-0.001006,0.077422,-0.008046,0.002934,0.001767
0,0.148093,0.080997,-0.041595,0.192905,-0.016893,0.216614,0.002585,0.001414
0,0.144911,-0.075212,-0.019968,-0.15248,-0.057157,-0.149542,0.002529,0.001313
0,0.000629,-0.012423,-0.146989,0.038537,-0.161583,0.02414,1.1e-05,0.000217
0,0.021129,0.111457,0.020866,0.119318,-0.027356,0.074131,0.000369,0.001945
0,0.159573,-0.046019,0.127752,-0.17789,0.163979,-0.152497,0.002785,0.000803
0,0.192502,0.042552,0.05317,0.077222,0.009612,0.051773,0.00336,0.000743
0,0.213661,-0.080423,0.037006,-0.11179,0.072752,-0.129686,0.003729,0.001404
0,0.115359,-0.111122,-0.097655,-0.030287,-0.136239,-0.056257,0.002013,0.001939
0,0.197274,0.004344,0.051991,0.140614,0.035452,0.104765,0.003443,7.6e-05
0,0.259804,-0.019632,0.076616,-0.05291,0.048752,-0.100131,0.004534,0.000343
0,-0.033431,0.093507,-0.284677,0.1208,-0.314192,0.103569,0.000583,0.001632
0,0.072575,-0.042792,0.089478,-0.132654,0.118633,-0.093164,0.001267,0.000747
0,-0.002548,-0.019294,-0.047949,0.040882,-0.092245,0.009845,4.4e-05,0.000337
0,0.009492,-0.160068,0.041838,-0.155274,0.060807,-0.185649,0.000166,0.002794
0,0.228912,-0.079735,0.241923,0.090652,0.266062,0.0987,0.003995,0.001392
0,0.240525,-0.078332,0.021053,-0.02479,0.027405,-0.038126,0.004198,0.001367
0,0.082562,-0.113952,-0.174806,-0.025131,-0.138843,-0.034772,0.001441,0.001989
0,0.080196,-0.107753,-0.010044,0.001275,0.013615,-0.019172,0.0014,0.001881
0,0.146972,0.074958,0.04807,0.169485,0.095058,0.136384,0.002565,0.001308
0,0.295478,-0.046007,0.17044,-0.145643,0.218802,-0.180826,0.005157,0.000803
0,0.166745,-0.093212,-0.100692,-0.065063,-0.13864,-0.023089,0.00291,0.001627
0,0.187644,-0.000701,0.01807,0.103014,0.00221,0.087893,0.003275,1.2e-05
0,0.168186,0.038625,-0.001332,0.03225,-0.022449,-0.011705,0.002935,0.000674
0,0.226168,0.026486,0.050003,-0.001451,0.026453,-0.026581,0.003947,0.000462
0,0.090398,0.104978,-0.147172,0.062033,-0.106885,0.065077,0.001578,0.001832
0,0.067297,-0.003258,-0.034631,-0.080566,-0.01288,-0.082465,0.001175,5.7e-05
0,0.214891,-0.094111,0.126256,-0.111071,0.09679,-0.093898,0.003751,0.001643
0,0.317023,0.099803,0.081482,0.209413,0.037138,0.163315,0.005533,0.001742
0,0.21928,-0.093379,-0.085473,-0.178392,-0.087065,-0.211607,0.003827,0.00163
0,0.322294,-0.089978,0.09333,-0.001042,0.093298,-0.008101,0.005625,0.00157
0,0.271604,-0.046712,-0.07821,0.024137,-0.124737,0.022615,0.00474,0.000815
0,0.044494,-0.123151,-0.208714,-0.102091,-0.165428,-0.112009,0.000777,0.002149
0,0.098227,0.027693,0.04421,0.175674,0.022206,0.181218,0.001714,0.000483
0,0.201935,-0.150591,0.100162,-0.195735,0.050469,-0.193088,0.003524,0.002628
0,0.091381,0.928437,-0.135297,1.091514,-0.093857,1.078629,0.001595,0.004114
0,0.409077,1.064151,0.33312,0.15067,0.319364,0.188655,0.004951,0.005608
0,0.241309,0.983723,-0.169648,-0.050929,-0.136253,-0.056619,0.004212,0.005079
0,0.178789,1.191583,-0.042294,0.199525,-0.053586,0.224508,0.00312,0.003384
0,0.203044,0.941302,0.045635,-0.232349,0.010894,-0.254308,0.003544,0.004338
0,0.166554,0.627262,-0.049038,-0.29928,-0.0104,-0.250118,0.002907,0.001143
0,0.155139,0.657567,-0.015912,0.002473,-0.012192,0.035232,0.002708,0.000614
0,0.352756,0.413991,0.189879,-0.247029,0.165259,-0.213915,0.005934,0.004865
0,0.235604,0.29521,-0.105718,-0.127563,-0.147008,-0.128232,0.004112,0.005152
0,0.242933,0.176982,0.011916,-0.088635,0.044634,-0.048881,0.00424,0.003089
0,0.003415,0.340604,-0.25106,0.173246,-0.230566,0.221425,6e-05,0.005945
0,0.075803,0.295919,0.047186,-0.018371,0.028976,0.025242,0.001323,0.005165
0,0.046117,0.319015,-0.054217,0.02577,-0.036814,-0.002032,0.000805,0.005568
0,0.17374,0.243924,0.151587,-0.084208,0.15454,-0.09563,0.003032,0.004257
0,0.163421,0.217867,-0.029741,-0.023564,-0.061292,0.001602,0.002852,0.003802
0,0.178007,0.348518,0.006012,0.112988,0.0456,0.098629,0.003107,0.006008
0,0.202673,0.293819,0.023627,-0.069537,-0.026242,-0.100608,0.003537,0.005128
0,0.141217,0.072929,-0.058407,-0.203429,-0.088529,-0.19311,0.002465,0.001273
0,0.176839,0.228939,0.01071,0.178599,0.010503,0.191976,0.003086,0.003996
0,0.308499,0.028032,0.138889,-0.21564,0.152627,-0.197877,0.005384,0.000489
0,0.229744,0.074428,-0.079912,0.050417,-0.085239,0.049531,0.00401,0.001299
0,0.261289,0.19699,0.033765,0.107778,0.070965,0.136039,0.00456,0.003438
0,0.027324,0.161128,-0.242256,-0.007047,-0.282802,0.026114,0.000477,0.002812
0,0.203569,0.087265,0.176733,-0.0853,0.215394,-0.094932,0.003553,0.001523
0,0.127633,0.047743,-0.048365,-0.031531,-0.038229,-0.048722,0.002228,0.000833
0,0.154943,-0.038888,0.044453,-0.089463,0.07365,-0.048642,0.002704,0.000679
0,0.226893,-0.023675,0.054473,-0.002772,0.079639,-0.03019,0.00396,0.000413
0,0.292829,0.069943,0.092733,0.0685,0.141863,0.076133,0.005111,0.001221
0,0.274777,0.140716,0.002958,0.085974,0.050861,0.098588,0.004796,0.002456
0,0.010097,0.061129,-0.293216,-0.085679,-0.289622,-0.090205,0.000176,0.001067
0,0.070695,0.074581,0.062962,0.036558,0.069078,-0.008441,0.001234,0.001302
0,0.243543,0.005705,0.198397,-0.070929,0.232084,-0.083606,0.004251,0.0001
0,0.158068,0.11481,-0.079668,0.114011,-0.052554,0.130421,0.002759,0.002004
0,-0.017736,0.166025,-0.185968,0.033846,-0.152715,0.07492,0.00031,0.002898
0,-0.006618,0.12883,-0.014556,-0.035109,0.006049,-0.058226,0.000116,0.002249
0,0.136489,0.038113,0.162436,-0.114786,0.171246,-0.156483,0.002382,0.000665
0,0.00039,-0.072149,-0.120115,-0.12741,-0.152332,-0.108831,7e-06,0.001259
0,0.016126,-0.096388,0.039704,-0.010572,0.016986,0.030041,0.000281,0.001682
0,-0.171685,0.073063,-0.1657,0.185067,-0.203954,0.14343,0.002996,0.001275
0,0.118711,0.039232,0.287326,-0.027717,0.284627,-0.02533,0.002072,0.000685
0,-0.032347,-0.124151,-0.164521,-0.149656,-0.204264,-0.175147,0.000565,0.002167
0,-0.081002,0.079701,-0.05744,0.187212,-0.067674,0.194773,0.001414,0.001391
0,-0.034726,-0.045429,0.035882,-0.104762,0.084457,-0.066393,0.000606,0.000793
0,-0.017426,-0.037944,0.047218,0.005387,0.060063,-0.044377,0.000304,0.000662
0,-0.048929,0.052387,-0.005451,0.07807,0.040747,0.09048,0.000854,0.000914
0,-0.107841,-0.090435,-0.088298,-0.156705,-0.07409,-0.186324,0.001882,0.001578
0,-0.127942,0.043768,-0.010072,0.136672,-0.054159,0.115204,0.002233,0.000764
0,-0.20672,0.161028,-0.06397,0.098088,-0.059927,0.126219,0.003608,0.00281
0,-0.046365,0.126877,0.176903,-0.013286,0.219618,0.016552,0.000809,0.002214
0,-0.153937,0.148191,-0.130153,0.043577,-0.10354,0.021138,0.002687,0.002586
0,-0.04809,0.063402,0.09044,-0.078354,0.054843,-0.078944,0.000839,0.001107
0,-0.10199,0.103371,-0.061539,0.048736,-0.106295,0.094811,0.00178,0.001804
0,0.042177,0.089937,0.140877,0.002304,0.163341,-0.019048,0.000736,0.00157
0,-0.080934,-0.10734,-0.112501,-0.206688,-0.095229,-0.231957,0.001413,0.001873
0,-0.211688,0.006077,-0.123552,0.131458,-0.130781,0.103,0.003695,0.000106
0,-0.118638,0.178687,0.108089,0.151136,0.05936,0.103623,0.002071,0.003119
0,-0.144955,0.124707,-0.038021,-0.055004,-0.057215,-0.059786,0.00253,0.002177
0,-0.009924,0.02367,0.107578,-0.073609,0.079784,-0.037214,0.000173,0.000413
0,-0.087995,0.070426,-0.094516,0.036729,-0.055713,0.012254,0.001536,0.001229
0,-0.121855,-0.028423,-0.042709,-0.105957,-0.048783,-0.110409,0.002127,0.000496
0,0.032953,0.004009,0.139247,0.046605,0.092775,0.055058,0.000575,7e-05
0,0.044406,-0.056096,-0.008753,-0.047038,-0.015356,-0.020513,0.000775,0.000979
0,-0.033874,-0.071258,-0.096494,-0.007986,-0.126457,0.016172,0.000591,0.001244
0,0.013674,-0.058264,0.066049,0.015036,0.087668,-0.009795,0.000239,0.001017
0,-0.023115,-0.112276,-0.047966,-0.07617,-0.086427,-0.055157,0.000403,0.00196
0,-0.103239,-0.128944,-0.091368,-0.003948,-0.126373,0.041103,0.001802,0.00225
0,-0.131887,-0.048248,-0.00468,0.082101,0.005143,0.115322,0.002302,0.000842
0,0.034076,-0.116115,0.193026,-0.053512,0.160159,-0.040504,0.000595,0.002027
0,-0.16376,-0.133238,-0.202413,-0.023151,-0.190726,-0.030303,0.002858,0.002325
0,-0.022076,-0.155096,0.165228,-0.014892,0.202983,-0.05784,0.000385,0.002707
0,-0.08991,-0.073932,-0.089111,0.052552,-0.134974,0.069248,0.001569,0.00129
0,-0.046896,-0.000445,0.058725,0.081114,0.104884,0.040607,0.000818,8e-06
0,0.091247,-0.04758,0.127524,-0.037296,0.091867,-0.064823,0.001593,0.00083
0,-0.058515,-0.146278,-0.144273,-0.117589,-0.139889,-0.142912,0.001021,0.002553
0,0.138425,-0.168091,0.187249,-0.037018,0.144712,-0.067719,0.002416,0.002934
0,0.200256,-0.220323,0.05596,-0.030458,0.019923,-0.000661,0.003495,0.003845
0,0.191268,-0.183546,-0.013693,0.063218,-0.053408,0.091065,0.003338,0.003203
0,0.134676,-0.127021,-0.042598,0.068168,-0.058612,0.076487,0.002351,0.002217
0,0.155639,-0.08616,0.02394,0.03309,0.068835,0.078865,0.002716,0.001504
0,0.189735,-0.028848,0.030276,0.043493,0.006717,0.033822,0.003311,0.000503
0,0.005893,-0.08041,-0.17504,-0.080794,-0.143287,-0.118179,0.000103,0.001403
0,0.202573,0.053409,0.16696,0.115164,0.137568,0.159854,0.003536,0.000932
0,0.222975,-0.016537,0.008755,-0.099098,0.024135,-0.057913,0.003892,0.000289
0,0.120003,0.04002,-0.08783,0.032743,-0.105139,0.055706,0.002094,0.000698
0,0.21592,-0.079574,0.091242,-0.10763,0.134347,-0.067384,0.003769,0.001389
0,0.087875,0.084477,-0.124694,0.166311,-0.105402,0.16369,0.001534,0.001474
0,0.07605,-0.138929,-0.036758,-0.201058,-0.006381,-0.187089,0.001327,0.002425
0,0.2489,-0.121919,0.183481,0.038775,0.202958,0.042185,0.004344,0.002128
0,0.12542,-0.053288,-0.115421,0.085987,-0.126181,0.046242,0.002189,0.00093
0,0.068657,0.025718,-0.052237,0.066974,-0.012403,0.023221,0.001198,0.000449
0,0.224922,-0.045092,0.167628,-0.070441,0.164393,-0.079235,0.003926,0.000787
0,-0.006416,0.094551,-0.257391,0.133026,-0.289082,0.175187,0.000112,0.00165
0,0.173193,0.143359,0.18553,0.033747,0.167265,0.077045,0.003023,0.002502
0,0.188564,-0.109941,-0.007615,-0.282974,0.031714,-0.332392,0.003291,0.001919
0,0.118907,-0.023799,-0.060441,0.0656,-0.069579,0.042955,0.002075,0.000415
0,-0.07484,0.002537,-0.221668,-0.002157,-0.221097,-0.01429,0.001306,4.4e-05
0,0.221754,-0.032913,0.280552,-0.031995,0.281564,0.01099,0.00387,0.000574
0,0.144993,0.153457,-0.068738,0.174903,-0.055211,0.145859,0.002531,0.002678
0,0.109511,0.076436,-0.03566,-0.055063,-0.062307,-0.057523,0.001911,0.001334
0,0.036166,-0.06974,-0.062408,-0.17206,-0.027612,-0.207863,0.000631,0.001217
0,0.093877,0.058253,0.065904,0.099521,0.097316,0.070014,0.001638,0.001017
0,-0.075181,-0.141796,-0.186659,-0.211953,-0.158361,-0.212342,0.001312,0.002475
0,0.14929,-0.074663,0.215909,0.037844,0.252819,0.062183,0.002606,0.001303
0,0.097935,-0.042558,-0.053457,0.024825,-0.046675,0.020689,0.001709,0.000743
0,0.034868,-0.071461,-0.077207,-0.054053,-0.039839,-0.098961,0.000609,0.001247
0,0.168254,0.177011,0.161435,0.223035,0.122127,0.269042,0.002937,0.003089
0,-0.066391,0.015279,-0.223485,-0.157476,-0.17545,-0.132555,0.001159,0.000267
0,0.110884,-0.073774,0.159092,-0.10556,0.199615,-0.096368,0.001935,0.001288
0,0.099917,0.068079,-0.019232,0.1412,0.008073,0.155882,0.001744,0.001188
0,0.092133,0.034473,-0.012442,-0.022375,-0.008037,-0.031551,0.001608,0.000602
0,0.03016,0.058216,-0.034016,0.035264,-0.035901,0.046789,0.000526,0.001016
0,-0.032083,0.094218,-0.072083,0.057943,-0.09306,0.069695,0.00056,0.001644
0,0.044858,-0.151781,0.052162,-0.226642,0.059818,-0.258035,0.000783,0.002649
0,-0.033381,0.065088,-0.063454,0.241826,-0.098751,0.213072,0.000583,0.001136
0,-0.034569,-0.010403,-0.006587,-0.053836,-0.017346,-0.08122,0.000603,0.000182
0,-0.005923,0.09584,0.021117,0.098059,-0.00921,0.131362,0.000103,0.001673
0,0.100341,0.002127,0.097993,-0.08691,0.08083,-0.084024,0.001751,3.7e-05
0,0.036785,0.13014,-0.056665,0.09852,-0.102945,0.120922,0.000642,0.002271
0,-0.067694,0.043297,-0.125093,-0.112497,-0.124685,-0.070101,0.001181,0.000756
0,0.137273,0.171695,0.202412,0.130215,0.222825,0.154896,0.002396,0.002997
0,-0.104936,-0.074338,-0.250355,-0.253241,-0.294751,-0.216655,0.001831,0.001297
0,-0.09416,-0.078657,0.028661,-0.002855,0.009983,-0.029032,0.001643,0.001373
0,0.072047,0.086059,0.192191,0.192011,0.238133,0.179464,0.001257,0.001502
0,-0.102769,0.026913,-0.171846,-0.071522,-0.14399,-0.058766,0.001794,0.00047
0,0.02667,-0.099631,0.148349,-0.096881,0.151969,-0.089602,0.000465,0.001739
0,-0.008794,0.10817,-0.016548,0.227625,-0.018532,0.264672,0.000153,0.001888
0,-0.176427,-0.022987,-0.147287,-0.10401,-0.197028,-0.063722,0.003079,0.000401
0,-0.207712,0.007045,-0.026511,0.00785,-0.034636,0.055617,0.003625,0.000123
0,-0.050192,0.066291,0.186551,0.032893,0.214821,0.076457,0.000876,0.001157
0,-0.007919,-0.070265,0.037868,-0.127222,0.036635,-0.081371,0.000138,0.001226
0,-0.294166,0.171188,-0.267162,0.221906,-0.278598,0.187056,0.005134,0.002988
0,-0.180554,-0.015752,0.084213,-0.215871,0.130961,-0.239646,0.003151,0.000275
0,-0.087264,0.021021,0.092755,0.034721,0.088957,0.038964,0.001523,0.000367
0,1.024406,-1.694126,1.093941,-1.730883,1.047253,-1.690608,0.005789,0.005387
0,2.764309,-1.871912,1.745753,-0.16344,1.730792,-0.209855,0.000116,0.0036
0,3.13712,-2.22622,0.400101,-0.367451,0.437767,-0.358656,0.005699,0.002583
0,3.409572,-1.86977,0.299847,0.330542,0.342597,0.28804,0.000944,0.003638
0,3.92744,-1.735213,0.505192,0.105625,0.493226,0.152611,0.003996,0.005986
0,3.777102,-1.35294,-0.123463,0.36624,-0.120657,0.35305,0.00547,0.000568
0,3.165613,-1.398566,-0.61439,-0.028447,-0.635412,-0.016167,0.005202,0.000229
0,2.009694,-1.047403,-1.148941,0.357323,-1.17142,0.395998,0.001196,0.0059
0,1.495423,-0.956389,-0.500328,0.063509,-0.489618,0.088273,0.001919,0.004602
0,1.103571,-0.393812,-0.364763,0.543915,-0.315185,0.553671,0.00492,0.005217
0,0.531054,-0.207381,-0.575343,0.190661,-0.545605,0.236434,0.002822,0.003619
0,0.337636,-0.054315,-0.194243,0.149539,-0.192562,0.158891,0.005893,0.000948
0,0.035467,0.218794,-0.320512,0.281951,-0.297986,0.319292,0.000619,0.003819
0,-0.290053,0.289436,-0.337945,0.056275,-0.302341,0.088164,0.005062,0.005052
0,-0.412043,0.057599,-0.133478,-0.211955,-0.123835,-0.182386,0.004899,0.001005
0,-0.378191,0.10515,0.061518,0.070092,0.033412,0.049127,0.00549,0.001835
0,-0.378496,0.147653,-0.004863,0.042647,0.013823,0.072295,0.005484,0.002577
0,-0.175456,0.336347,0.225308,0.206774,0.271165,0.237738,0.003062,0.00587
0,-0.165762,0.163161,-0.004862,-0.198728,-0.022963,-0.233951,0.002893,0.002848
0,-0.121559,0.364093,0.04088,0.186631,0.012288,0.139258,0.002122,0.005736
0,-0.1079,0.315793,0.012065,-0.061211,-0.001525,-0.033901,0.001883,0.005512
0,-0.138823,0.122124,-0.046589,-0.202265,0.00312,-0.221055,0.002423,0.002131
0,0.031892,0.025909,0.183478,-0.116415,0.185749,-0.123396,0.000557,0.000452
0,0.029035,0.088256,-0.024955,0.084961,-0.055854,0.039727,0.000507,0.00154
0,0.171986,-0.023198,0.125975,-0.123616,0.079827,-0.145015,0.003002,0.000405
0,-0.097592,0.116041,-0.252853,0.132895,-0.230786,0.175991,0.001703,0.002025
0,-0.069401,0.029201,0.048015,-0.075865,0.044146,-0.103947,0.001211,0.00051
0,0.177619,0.150048,0.261526,0.133851,0.296078,0.16137,0.0031,0.002619
0,0.004932,0.064574,-0.177411,-0.061439,-0.17659,-0.040705,8.6e-05,0.001127
0,0.084864,0.055327,0.092957,-0.02275,0.083091,0.008934,0.001481,0.000966
0,0.214805,-0.039723,0.123277,-0.118683,0.092864,-0.142915,0.003749,0.000693
0,-0.052117,0.213562,-0.285293,0.223499,-0.285725,0.210257,0.00091,0.003727
0,0.003107,0.022422,0.041254,-0.220091,0.028168,-0.258876,5.4e-05,0.000391
0,0.173792,0.108954,0.198684,0.090186,0.212158,0.043862,0.003033,0.001902
0,0.030912,0.140002,-0.157666,0.00823,-0.119751,-0.006537,0.00054,0.002444
0,-0.06125,0.036502,-0.103265,-0.101052,-0.100109,-0.068801,0.001069,0.000637
0,-0.020767,0.065002,0.028915,0.013065,0.045516,0.025862,0.000362,0.001134
0,-0.06177,-0.002941,-0.051065,-0.05881,-0.042628,-0.014829,0.001078,5.1e-05
0,-0.079778,0.093514,-0.023818,0.124225,-0.034827,0.120201,0.001392,0.001632
0,-0.045415,0.141334,0.052345,0.020542,0.074583,-0.000897,0.000793,0.002467
0,0.103291,-0.038733,0.119486,-0.157563,0.095587,-0.139898,0.001803,0.000676
0,0.175332,0.08315,0.051379,0.12377,0.087801,0.105524,0.00306,0.001451
0,0.155922,0.079698,0.008353,0.009489,-0.02427,-0.006839,0.002721,0.001391
0,0.091472,0.133213,-0.080818,0.067559,-0.060495,0.019918,0.001596,0.002325
0,0.143535,0.091607,0.032956,-0.068497,0.035991,-0.03687,0.002505,0.001599
0,0.03351,-0.109804,-0.092199,-0.21237,-0.108149,-0.237679,0.000585,0.001916
0,0.112227,0.092943,0.064998,0.223675,0.060949,0.193599,0.001959,0.001622
0,0.142009,0.073811,0.055325,-0.023681,0.042469,0.007446,0.002479,0.001288
0,-0.009941,-0.031796,-0.166897,-0.091931,-0.168374,-0.088209,0.000174,0.000555
0,0.108446,-0.142925,0.097633,-0.087047,0.051329,-0.13326,0.001893,0.002495
0,0.095805,-0.14744,-0.02492,-0.000755,-0.048198,0.02342,0.001672,0.002573
0,0.176522,-0.15883,0.058253,0.018267,0.02109,-0.00491,0.003081,0.002772
0,-0.150595,0.026176,-0.297666,0.207718,-0.347585,0.238712,0.002628,0.000457
0,0.094262,-0.035743,0.27428,-0.063952,0.314091,-0.061678,0.001645,0.000624
0,-0.05715,0.084248,-0.167552,0.123239,-0.209039,0.134418,0.000997,0.00147
0,0.017922,-0.155363,0.056888,-0.216788,0.102116,-0.198054,0.000313,0.002712
0,-0.21959,-0.034467,-0.232314,0.124276,-0.210888,0.161176,0.003833,0.000602
0,-0.174918,-0.007383,0.038399,0.003497,0.067995,-0.017338,0.003053,0.000129
0,-0.101935,-0.160837,0.085383,-0.17655,0.040776,-0.171594,0.001779,0.002807
0,-0.19272,0.106399,-0.076075,0.25496,-0.041799,0.256746,0.003364,0.001857
0,0.06209,-0.187221,0.281137,-0.285361,0.272647,-0.333336,0.001084,0.003268
0,0.014532,-0.088686,-0.050311,0.100534,-0.075801,0.068434,0.000254,0.001548
0,-0.10179,0.052086,-0.087814,0.166883,-0.096531,0.206571,0.001777,0.000909
0,-0.139567,-0.040387,-0.016863,-0.095547,0.029902,-0.098058,0.002436,0.000705
0,-0.059791,0.019733,0.103742,0.056099,0.062655,0.099412,0.001044,0.000344
0,-0.15223,0.094966,-0.071111,0.087325,-0.04032,0.068687,0.002657,0.001657
0,-0.117326,-0.156255,0.052715,-0.266001,0.036502,-0.286902,0.002048,0.002727
0,-0.15263,-0.112706,-0.009066,0.054173,-0.028338,0.031148,0.002664,0.001967
0,-0.029366,-0.050419,0.117663,0.062036,0.070059,0.085263,0.000513,0.00088
0,0.040869,-0.085449,0.04043,-0.025594,0.034543,-0.003867,0.000713,0.001491
0,-0.070382,0.155541,-0.091441,0.257882,-0.056449,0.244832,0.001228,0.002715
0,-0.203428,0.157016,-0.128141,0.018465,-0.126414,0.052197,0.00355,0.00274
0,-0.123507,0.13997,0.065519,0.011005,0.044682,-0.036781,0.002156,0.002443
0,-0.172026,-0.005052,-0.024307,-0.125211,-0.031323,-0.090868,0.003002,8.8e-05
0,-0.093508,0.079176,0.050065,0.106628,0.081916,0.085513,0.001632,0.001382
0,-0.13486,-0.050805,-0.029161,-0.118518,-0.047603,-0.146215,0.002354,0.000887
0,-0.069203,0.01786,0.041127,0.087191,-0.00027,0.041227,0.001208,0.000312
0,-0.186405,0.032978,-0.096012,0.013601,-0.090221,0.009784,0.003253,0.000576
0,-0.056923,0.028342,0.154244,-0.020107,0.181362,0.021371,0.000993,0.000495
0,-0.07748,0.148673,-0.033464,0.117382,0.0112,0.080011,0.001352,0.002595
0,0.059729,-0.076375,0.12907,-0.21105,0.174413,-0.179349,0.001042,0.001333
0,-0.087423,-0.014466,-0.155326,0.077217,-0.166746,0.099755,0.001526,0.000252
0,0.137264,0.027951,0.222012,0.025475,0.24036,0.039728,0.002396,0.000488
0,0.016126,-0.02109,-0.132667,-0.058141,-0.107065,-0.034585,0.000281,0.000368
0,-0.091972,-0.123393,-0.125122,-0.108182,-0.140528,-0.116174,0.001605,0.002154
0,0.104324,-0.073763,0.166346,0.044364,0.202919,0.001985,0.001821,0.001287
0,-0.147186,-0.122469,-0.252296,-0.068356,-0.246045,-0.066187,0.002569,0.002137
0,-0.069132,-0.081022,0.082307,0.037649,0.121292,0.0744,0.001207,0.001414
0,0.117278,-0.065452,0.169203,-0.005952,0.168891,0.017112,0.002047,0.001142
0,0.053485,0.079339,-0.093663,0.119509,-0.129409,0.070034,0.000933,0.001385
0,-0.024367,-0.007782,-0.070519,-0.085457,-0.027057,-0.127284,0.000425,0.000136
0,0.014259,0.030782,0.029242,0.063163,-0.005199,0.093161,0.000249,0.000537
0,0.034339,0.082885,0.048184,0.057272,0.033574,0.035444,0.000599,0.001447
0,-0.068459,-0.098989,-0.109947,-0.185879,-0.122621,-0.13893,0.001195,0.001728
0,-0.117071,-0.071385,-0.073832,0.011266,-0.041407,-0.024367,0.002043,0.001246
0,-0.078391,0.013608,0.057679,0.088303,0.088808,0.123292,0.001368,0.000238
0,0.081441,0.094962,0.187046,0.062325,0.217328,0.06882,0.001421,0.001657
0,-0.009495,0.04377,-0.117004,-0.074243,-0.099519,-0.116976,0.000166,0.000764
0,-0.003756,0.164453,0.02683,0.117593,0.008934,0.088007,6.6e-05,0.00287
0,0.072276,0.005883,0.064035,-0.13956,0.02169,-0.151407,0.001261,0.000103
0,0.190562,0.009894,0.105079,0.009063,0.09321,0.029831,0.003326,0.000173
0,0.159993,0.141244,-0.030512,0.110183,-0.043198,0.098713,0.002792,0.002465
0,0.095514,0.122076,-0.094343,-0.04474,-0.074961,-0.080523,0.001667,0.002131
0,-0.02702,0.021136,-0.10532,-0.091722,-0.087423,-0.059622,0.000472,0.000369
0,-0.094544,0.043437,-0.083034,0.037987,-0.132971,0.050348,0.00165,0.000758
0,-0.058633,0.048933,0.065752,0.009549,0.110714,0.025056,0.001023,0.000854
0,0.116876,0.127648,0.1585,0.101785,0.113515,0.132302,0.00204,0.002228
0,0.108814,0.476397,-0.004459,0.363722,0.026788,0.412755,0.001899,0.003776
0,-0.198043,0.252446,-0.318519,-0.242488,-0.31098,-0.208109,0.003457,0.004406
0,-0.260271,0.306624,-0.054215,0.027623,-0.053752,0.030135,0.004543,0.005352
0,-0.190621,0.44311,0.053205,0.138174,0.095194,0.139197,0.003327,0.004357
0,-0.26923,0.41248,-0.107087,-0.021436,-0.108461,-0.057425,0.004699,0.004891
0,-0.32855,0.291859,-0.082023,-0.131988,-0.124702,-0.130875,0.005734,0.005094
0,-0.269321,0.427056,0.08484,0.125043,0.131637,0.156991,0.004701,0.004637
0,-0.101464,0.372933,0.172751,-0.067802,0.191451,-0.064455,0.001771,0.005582
0,-0.101179,0.185924,-0.007836,-0.165813,-0.056259,-0.157475,0.001766,0.003245
0,-0.152254,0.112652,-0.066893,-0.10134,-0.080531,-0.137233,0.002657,0.001966
0,-0.080346,0.075629,0.099849,-0.008383,0.1016,-0.008867,0.001402,0.00132
0,-0.291834,0.057152,-0.196105,-0.008424,-0.155235,0.014452,0.005093,0.000997
0,-0.149318,-0.237825,0.149792,-0.316901,0.18244,-0.309815,0.002606,0.004151
0,-0.226278,-0.093682,-0.07759,0.129368,-0.124655,0.102542,0.003949,0.001635
0,-0.168107,-0.16902,0.035441,-0.09936,0.026715,-0.072322,0.002934,0.00295
0,-0.267902,-0.336661,-0.10059,-0.148918,-0.075427,-0.195864,0.004676,0.005876
0,-0.220148,-0.338001,0.058276,0.02205,0.099224,0.058753,0.003842,0.005899
0,-0.178873,-0.171528,0.067412,0.179977,0.062785,0.188553,0.003122,0.002994
0,-0.179758,-0.26802,-0.016464,-0.082837,-0.065784,-0.106059,0.003137,0.004678
0,-0.135028,-0.107579,0.042965,0.170195,0.054236,0.200809,0.002357,0.001878
0,-0.303396,-0.249125,-0.144238,-0.116887,-0.159807,-0.158288,0.005295,0.004348
0,-0.037498,-0.244599,0.248294,0.009598,0.220246,0.017152,0.000654,0.004269
0,-0.23357,0.003129,-0.16899,0.241614,-0.210817,0.238447,0.004077,5.5e-05
0,-0.204186,-0.2601,0.050478,-0.286431,0.068962,-0.274938,0.003564,0.00454
0,-0.153646,-0.033632,0.056233,0.218928,0.023283,0.185291,0.002682,0.000587
0,-0.006117,-0.035466,0.170217,-0.029619,0.172383,-0.063371,0.000107,0.000619
0,-0.021033,-0.264048,0.007846,-0.205449,0.026801,-0.216766,0.000367,0.004609
0,-0.277847,0.011246,-0.240386,0.290511,-0.202243,0.311345,0.004849,0.000196
0,-0.038535,0.016587,0.247821,-0.002245,0.258388,-0.016015,0.000673,0.000289
0,-0.034522,-0.096309,-0.02377,-0.139745,0.000999,-0.104674,0.000603,0.001681
0,-0.179264,-0.19463,-0.157694,-0.116913,-0.157327,-0.156103,0.003129,0.003397
0,-0.347283,-0.199732,-0.175873,-0.006985,-0.192777,0.029489,0.006029,0.003486
0,-0.105609,-0.154755,0.271631,0.044938,0.222206,0.081048,0.001843,0.002701
0,-0.159954,-0.092995,-0.042919,0.059956,-0.08191,0.082403,0.002792,0.001623
0,-0.168112,-0.017173,0.000881,0.099633,0.03732,0.084512,0.002934,0.0003
0,-0.183318,-0.066677,-0.008674,-0.077381,0.028426,-0.118122,0.003199,0.001164
0,-0.302313,-0.239861,-0.113441,-0.192501,-0.08025,-0.185333,0.005276,0.004186
0,-0.076006,0.030319,0.218237,0.260065,0.242168,0.296954,0.001327,0.000529
0,-0.058526,-0.076471,0.00513,-0.087459,0.023925,-0.13545,0.001021,0.001335
0,-0.065472,-0.222383,-0.033629,-0.130276,0.009074,-0.135478,0.001143,0.003881
0,-0.14672,-0.016426,-0.058263,0.184324,-0.019448,0.163089,0.002561,0.000287
0,-0.02873,-0.211987,0.106407,-0.208917,0.141399,-0.198564,0.000501,0.0037
0,-0.192308,-0.173183,-0.179642,0.016981,-0.147026,0.059954,0.003356,0.003023
0,-0.228216,-0.041398,-0.03614,0.144431,-0.05461,0.094988,0.003983,0.000723
0,-0.180763,0.027668,0.030986,0.045369,0.071887,0.088746,0.003155,0.000483
0,-0.054203,-0.108052,0.148247,-0.123036,0.153773,-0.122431,0.000946,0.001886
0,0.110461,-0.074466,0.185883,0.012792,0.164075,0.027915,0.001928,0.0013
0,-0.147393,0.024654,-0.277961,0.085694,-0.243663,0.073073,0.002572,0.00043
0,0.005976,-0.142399,0.128003,-0.165983,0.177996,-0.195653,0.000104,0.002485
0,-0.179704,-0.180189,-0.195307,-0.015822,-0.238758,-0.057894,0.003136,0.003145
0,-0.058005,-0.068479,0.118346,0.117785,0.092053,0.141372,0.001012,0.001195
0,-0.007211,-0.037565,0.059861,0.051241,0.037255,0.075575,0.000126,0.000656
0,-0.044676,-0.167597,-0.06428,-0.1367,-0.030457,-0.107138,0.00078,0.002925
0,0.043433,-0.087729,0.060545,0.086169,0.017363,0.122255,0.000758,0.001531
0,-0.087147,-0.002534,-0.101938,0.05669,-0.055613,0.037215,0.001521,4.4e-05
0,-0.173627,-0.001294,-0.101754,0.022233,-0.105905,-0.017414,0.00303,2.3e-05
0,0.024519,-0.074599,0.202448,-0.084373,0.17066,-0.058615,0.000428,0.001302
0,-0.151385,-0.213544,-0.156802,-0.114461,-0.13964,-0.083844,0.002642,0.003727
0,-0.213117,-0.224318,-0.083659,-0.016652,-0.100966,-0.015694,0.00372,0.003915
0,-0.11565,-0.027819,0.095195,0.173063,0.113482,0.167237,0.002018,0.000486
0,0.07134,0.018123,0.181101,0.03308,0.176389,0.073992,0.001245,0.000316
0,-0.090706,0.036841,-0.173217,0.043021,-0.157211,0.025391,0.001583,0.000643
0,0.072005,0.123914,0.141231,0.076819,0.103876,0.118711,0.001257,0.002163
0,-0.032108,0.038381,-0.112802,-0.064245,-0.157157,-0.101402,0.00056,0.00067
0,-0.209394,-0.060284,-0.196811,-0.108979,-0.164209,-0.138726,0.003655,0.001052
0,-0.262098,0.076303,-0.028491,0.136409,-0.003753,0.183492,0.004574,0.001332
0,-0.134014,-0.176655,0.130008,-0.238184,0.080044,-0.218575,0.002339,0.003083
0,-0.093891,0.056045,0.06291,0.220755,0.027872,0.215845,0.001639,0.000978
0,-0.105187,-0.078451,0.005009,-0.143634,-0.011872,-0.15195,0.001836,0.001369
0,-0.231356,0.077342,-0.149482,0.148699,-0.108488,0.162294,0.004038,0.00135
0,0.005624,0.114449,0.215374,0.018851,0.227437,-0.019213,9.8e-05,0.001998
0,-0.094405,0.080939,-0.129394,-0.054974,-0.138537,-0.092328,0.001648,0.001413
0,-0.230989,-0.049308,-0.114372,-0.160052,-0.099766,-0.142179,0.004032,0.000861
0,-0.208478,0.073165,-0.007355,0.148491,0.034847,0.144547,0.003639,0.001277
0,-0.134566,-0.007965,0.092922,-0.102366,0.101651,-0.11365,0.002349,0.000139
0,-0.162692,-0.121835,-0.034069,-0.091574,-0.065822,-0.134567,0.00284,0.002126
0,-0.04368,-0.120678,0.133699,-0.028152,0.151833,-0.026533,0.000762,0.002106
0,-0.047793,0.063285,0.000744,0.188975,-0.014432,0.175375,0.000834,0.001105
0,-0.136089,-0.004519,-0.083527,-0.070027,-0.092722,-0.02785,0.002375,7.9e-05
0,-0.173416,0.085823,-0.043554,0.076856,-0.089578,0.102606,0.003027,0.001498
0,-0.247737,0.111228,-0.054325,0.034515,-0.098683,0.041339,0.004324,0.001941
0,-0.096225,-0.100495,0.134462,-0.201381,0.148343,-0.184717,0.001679,0.001754
0,0.011263,0.166663,0.117855,0.270733,0.151191,0.238489,0.000197,0.002909
0,-0.188008,0.017863,-0.194742,-0.146596,-0.22654,-0.190179,0.003281,0.000312
0,-0.144188,-0.060889,0.062144,-0.099276,0.054094,-0.112394,0.002517,0.001063
0,-0.148095,0.00908,-0.0313,0.070956,-0.081214,0.063267,0.002585,0.000158
0,-0.136692,-0.098774,0.021082,-0.103058,0.024046,-0.080089,0.002386,0.001724
0,-0.009926,-0.094619,0.124326,-0.008177,0.09413,0.002153,0.000173,0.001651
0,-0.051497,0.060823,-0.049588,0.178088,-0.028061,0.216965,0.000899,0.001062
0,-0.007848,0.179405,0.062102,0.114327,0.075239,0.121965,0.000137,0.003131
0,0.099502,0.197265,0.096925,0.04528,0.131022,0.000895,0.001737,0.003443
0,-0.071139,0.119924,-0.195881,-0.097438,-0.175724,-0.096893,0.001242,0.002093
0,-0.028251,-0.070465,0.054725,-0.183431,0.085174,-0.226783,0.000493,0.00123
0,-0.141161,-0.129642,-0.109002,-0.03188,-0.092591,-0.039773,0.002464,0.002263
0,0.087533,-0.135075,0.240485,-0.004941,0.217635,-0.039048,0.001528,0.002358
0,0.000878,0.013565,-0.105038,0.163124,-0.140134,0.178912,1.5e-05,0.000237
0,-0.189482,-0.075344,-0.170912,-0.104046,-0.182928,-0.087849,0.003307,0.001315
0,0.041774,0.079936,0.21603,0.165712,0.188816,0.148559,0.000729,0.001395
0,-0.059569,-0.114373,-0.124413,-0.186413,-0.1562,-0.165451,0.00104,0.001996
0,0.047656,0.037841,0.10043,0.163073,0.136282,0.123167,0.000832,0.00066
0,-0.018429,0.09176,-0.043478,0.06491,-0.052368,0.088418,0.000322,0.001602
0,0.16233,-0.150901,0.159672,-0.237173,0.179017,-0.268795,0.002833,0.002634
0,-0.026757,-0.114115,-0.16898,0.064553,-0.207011,0.054188,0.000467,0.001992
0,0.020085,-0.053544,0.073427,0.041685,0.088732,0.075638,0.000351,0.000935
0,-0.056227,-0.091733,-0.089142,-0.036127,-0.103617,-0.083503,0.000981,0.001601
0,0.100379,0.091913,0.132699,0.174084,0.180927,0.202441,0.001752,0.001604
0,0.01556,-0.10682,-0.106151,-0.219475,-0.113591,-0.252175,0.000272,0.001864
0,-0.001878,-0.223175,-0.009072,-0.143649,-0.026483,-0.147012,3.3e-05,0.003895
0,0.036802,-0.184315,0.062851,0.017264,0.050099,-0.016643,0.000642,0.003217
0,0.099915,-0.013374,0.057745,0.189957,0.039784,0.158207,0.001744,0.000233
0,0.196298,-0.165334,0.123974,-0.153456,0.130183,-0.193898,0.003426,0.002886
0,0.104607,-0.170328,-0.090112,-0.020341,-0.140083,-0.051068,0.001826,0.002973
0,0.17931,-0.102431,0.095722,0.08392,0.121843,0.075871,0.00313,0.001788
0,-0.078252,-0.084923,-0.27858,-0.002206,-0.247942,-0.014624,0.001366,0.001482
0,-0.028406,0.034813,0.028542,0.09353,0.037106,0.062989,0.000496,0.000608
0,0.022279,0.075636,0.022392,0.027041,0.004417,0.05175,0.000389,0.00132
0,0.079393,-0.043685,0.069737,-0.094803,0.089519,-0.096974,0.001386,0.000762
0,-0.149528,-0.152697,-0.211317,-0.103153,-0.218432,-0.097586,0.00261,0.002665
0,0.033617,0.081444,0.211388,0.232757,0.200156,0.199026,0.000587,0.001421
0,0.049131,0.100691,0.039785,0.020246,0.02913,0.038208,0.000857,0.001757
0,0.119099,-0.147864,0.09468,-0.250244,0.067427,-0.228344,0.002079,0.002581
0,-0.033302,-0.098887,-0.169882,0.024368,-0.144538,-0.019216,0.000581,0.001726
0,0.077161,0.005641,0.116594,0.100948,0.166344,0.089725,0.001347,9.8e-05
0,0.022361,-0.030948,-0.026154,-0.060474,-0.060814,-0.061731,0.00039,0.00054
0,0.175782,0.034617,0.172122,0.089269,0.220051,0.101739,0.003068,0.000604
0,0.251587,0.083241,0.079557,0.070507,0.095432,0.09606,0.004391,0.001453
0,0.182821,-0.028073,-0.072502,-0.112438,-0.081181,-0.067858,0.003191,0.00049
0,0.199694,-0.02216,-0.005001,0.033877,-0.048131,0.009708,0.003485,0.000387
0,0.085643,0.104846,-0.141927,0.136989,-0.119153,0.181913,0.001495,0.00183
0,0.110857,0.11381,0.019926,0.036506,-0.006567,0.0503,0.001935,0.001986
0,0.098304,0.024482,-0.011574,-0.085076,0.01849,-0.042011,0.001716,0.000427
0,0.227912,0.14902,0.100654,0.105204,0.114001,0.106225,0.003978,0.002601
0,0.063247,-0.003384,-0.138315,-0.133614,-0.12985,-0.084686,0.001104,5.9e-05
0,0.295533,0.122861,0.260284,0.13224,0.265714,0.171395,0.005158,0.002144
0,0.206155,0.086546,-0.080398,-0.009462,-0.111031,-0.059382,0.003598,0.001511
0,0.173926,-0.076417,-0.059868,-0.17636,-0.048657,-0.208446,0.003036,0.001334
0,0.096078,-0.055915,-0.094699,-0.004017,-0.052813,-0.04202,0.001677,0.000976
0,0.008006,0.112086,-0.103136,0.154085,-0.087393,0.195323,0.00014,0.001956
0,0.203039,-0.103131,0.206654,-0.201875,0.221508,-0.204419,0.003544,0.0018
0,0.09612,-0.116965,-0.113517,0.012762,-0.144061,0.001104,0.001678,0.002041
0,0.243922,0.019304,0.154417,0.161361,0.156265,0.111501,0.004257,0.000337
0,0.174034,-0.108604,-0.094973,-0.14913,-0.069598,-0.180127,0.003037,0.001896
0,0.0898,0.017746,-0.098594,0.140811,-0.107058,0.151433,0.001567,0.00031
0,0.299957,0.063918,0.203942,0.045337,0.169997,0.056746,0.005235,0.001116
0,0.083537,-0.047079,-0.222182,-0.08396,-0.21879,-0.073789,0.001458,0.000822
0,0.00978,-0.066172,-0.0686,-0.034647,-0.088969,-0.049053,0.000171,0.001155
0,0.20839,-0.066527,0.191537,-0.0235,0.143763,-0.000101,0.003637,0.001161
0,0.184427,0.010683,-0.036137,0.089694,0.005964,0.133947,0.003219,0.000186
0,0.155416,-0.048162,-0.00262,-0.032635,0.015808,0.00419,0.002713,0.000841
0,0.061581,0.141245,-0.065062,0.185619,-0.015476,0.168325,0.001075,0.002465
0,-0.030437,0.082474,-0.073202,-0.079598,-0.056677,-0.096486,0.000531,0.001439
0,0.122504,0.103725,0.174604,-0.006227,0.156276,0.024418,0.002138,0.00181
0,0.10154,0.084861,-0.018805,-0.039418,-0.020944,-0.030294,0.001772,0.001481
0,-0.040438,0.050809,-0.150412,-0.055445,-0.192291,-0.050954,0.000706,0.000887
0,0.147186,0.049179,0.16526,-0.015224,0.15596,-0.014874,0.002569,0.000858
0,0.018627,-0.023057,-0.134308,-0.094704,-0.0998,-0.094183,0.000325,0.000402
0,-0.022818,0.087703,-0.042449,0.09304,-0.028985,0.054551,0.000398,0.001531
0,-0.098157,-0.066529,-0.06372,-0.147289,-0.037532,-0.167282,0.001713,0.001161
0,0.196616,-0.046626,0.29158,0.036321,0.273693,0.069335,0.003432,0.000814
0,-0.053685,-0.010718,-0.278385,0.057417,-0.266748,0.06019,0.000937,0.000187
0,0.009647,-0.06633,0.038523,-0.062897,0.017339,-0.062378,0.000168,0.001158
0,0.149774,0.044466,0.112492,0.098807,0.11832,0.113318,0.002614,0.000776
0,0.099619,0.061759,-0.061886,0.021193,-0.027176,0.038073,0.001739,0.001078
0,0.185026,0.002573,0.058369,-0.085042,0.019617,-0.041992,0.003229,4.5e-05
0,-0.002297,0.147452,-0.157946,0.164539,-0.182321,0.12277,4e-05,0.002574
0,0.127918,0.199648,0.155504,0.029509,0.107423,0.042664,0.002233,0.003485
0,0.160001,0.193001,0.011148,-0.017208,-0.027383,-0.052645,0.002793,0.003369
0,0.219701,0.175732,0.080095,-0.005185,0.07996,0.011424,0.003835,0.003067
0,0.024343,0.114841,-0.213264,-0.053459,-0.219717,-0.061037,0.000425,0.002004
0,0.172442,0.195868,0.126217,0.089654,0.093076,0.095855,0.00301,0.003419
0,0.207414,0.144626,0.006286,-0.05873,0.047137,-0.030384,0.00362,0.002524
0,-0.057817,0.062556,-0.274827,-0.077621,-0.31914,-0.035435,0.001009,0.001092
0,0.190466,0.102785,0.232226,0.015503,0.188036,0.001708,0.003324,0.001794
0,0.051936,-0.028614,-0.163561,-0.156598,-0.148704,-0.163028,0.000906,0.000499
0,0.126128,0.124244,0.097499,0.172721,0.0663,0.192422,0.002201,0.002168
0,0.155166,-0.031854,0.055482,-0.131789,0.070369,-0.130436,0.002708,0.000556
0,1.240431,-1.04082,1.066171,-1.003013,1.079922,-1.04652,0.002531,0.006015
0,2.162402,-1.834545,0.911359,-0.802865,0.926073,-0.788726,0.00147,0.004253
0,3.178529,-1.973022,1.034986,-0.160512,1.067094,-0.145796,0.004977,0.001836
0,2.663653,-1.905238,-0.526866,0.039474,-0.568199,0.00267,0.001872,0.003019
0,2.435041,-1.297915,-0.231425,0.586123,-0.278873,0.560879,0.005862,0.001528
0,2.422748,-1.091056,0.010184,0.204536,0.057121,0.160409,0.006013,0.005138
0,1.844983,-0.595111,-0.601876,0.520327,-0.590735,0.54744,0.00407,0.001704
0,1.343197,-0.375792,-0.517847,0.245038,-0.554348,0.259018,0.000738,0.005532
0,0.809146,-0.23998,-0.506601,0.133812,-0.507374,0.154808,0.002032,0.004188
0,0.506944,-0.073473,-0.275188,0.192975,-0.277788,0.20051,0.003243,0.001282
0,0.281816,0.045361,-0.196799,0.104568,-0.173866,0.147786,0.004919,0.000792
0,0.085753,0.104724,-0.221214,0.058874,-0.210768,0.076912,0.001497,0.001828
0,0.045965,0.137686,-0.014254,0.030575,0.025348,-0.006068,0.000802,0.002403
0,-0.254477,0.430557,-0.302186,0.305004,-0.262876,0.333636,0.004441,0.004576
0,-0.266926,0.236183,0.010562,-0.178235,0.014981,-0.183154,0.004659,0.004122
0,-0.36252,0.247184,-0.099185,0.016229,-0.118071,0.001367,0.005763,0.004314
0,-0.060126,0.254575,0.304608,0.021973,0.272935,0.033191,0.001049,0.004443
0,0.022056,0.318161,0.096379,0.055901,0.145675,0.088011,0.000385,0.005553
0,-0.012152,0.367956,-0.024249,0.049245,0.018658,0.075686,0.000212,0.005668
0,0.029811,0.276532,0.050613,-0.097791,0.010061,-0.113155,0.00052,0.004826
0,-0.028357,0.205329,-0.062048,-0.052717,-0.079442,-0.04847,0.000495,0.003584
0,0.05686,0.14449,0.05881,-0.062339,0.04552,-0.096002,0.000992,0.002522
0,0.096551,-0.063102,0.040208,-0.188518,0.064581,-0.235633,0.001685,0.001101
0,-0.015292,0.185542,-0.101666,0.270537,-0.146231,0.25881,0.000267,0.003238
0,0.033124,-0.002837,0.027897,-0.193809,0.018801,-0.233958,0.000578,5e-05
0,-0.561781,1.088371,-0.609068,1.065232,-0.642515,1.094879,0.002286,0.005185
0,-1.456657,1.906059,-0.894577,0.793079,-0.884817,0.831905,0.001242,0.003004
0,-2.484949,1.840218,-1.037056,-0.067061,-0.994077,-0.032412,0.004991,0.004154
0,-2.142068,1.741757,0.357523,-0.127962,0.327899,-0.107722,0.001115,0.005872
0,-1.798711,1.383825,0.324436,-0.364853,0.293698,-0.319026,0.004878,2.9e-05
0,-1.65223,0.951514,0.156748,-0.451006,0.150331,-0.457059,0.004656,0.004517
0,-1.268414,0.545797,0.385828,-0.377673,0.385747,-0.417206,0.002043,0.002565
0,-0.898194,0.522385,0.364973,-0.033315,0.371262,-0.051793,0.003586,0.002973
0,-0.606412,0.289795,0.271332,-0.235313,0.299578,-0.260513,0.001507,0.005058
0,-0.352067,0.228561,0.274635,-0.050043,0.244453,-0.060464,0.005946,0.003989
0,-0.192412,0.09427,0.137644,-0.136132,0.097826,-0.108067,0.003358,0.001645
0,0.155151,-0.019504,0.376956,-0.09544,0.371158,-0.050387,0.002708,0.00034
0,0.040252,0.225664,-0.109918,0.23054,-0.139086,0.217167,0.000703,0.003939
0,0.121341,0.003567,0.057155,-0.245824,0.067412,-0.250938,0.002118,6.2e-05
0,0.224263,0.15656,0.106401,0.145588,0.094853,0.100077,0.003914,0.002732
0,0.462072,0.178088,0.235099,0.025781,0.268405,0.009733,0.004026,0.003108
0,0.217316,0.037478,-0.274477,-0.153907,-0.268026,-0.129265,0.003793,0.000654
0,0.118056,0.140692,-0.118442,0.083699,-0.130879,0.089329,0.00206,0.002456
0,0.097701,0.04069,0.002573,-0.070412,-0.027455,-0.063144,0.001705,0.00071
0,0.27139,-0.024353,0.146737,-0.08717,0.178224,-0.097436,0.004737,0.000425
0,0.185287,-0.109974,-0.095144,-0.086461,-0.110573,-0.104273,0.003234,0.001919
0,0.129489,0.07927,-0.080601,0.204801,-0.102987,0.174252,0.00226,0.001384
0,0.144758,-0.063287,0.008736,-0.151214,0.000254,-0.104238,0.002527,0.001105
0,0.117503,-0.0782,-0.040539,-0.031811,-0.074754,-0.030948,0.002051,0.001365
0,0.01401,0.100985,-0.107637,0.167935,-0.096254,0.192083,0.000245,0.001763
0,0.148348,-0.088454,0.128207,-0.202511,0.114469,-0.169988,0.002589,0.001544
0,0.184646,-0.055458,0.011784,0.041762,0.033684,0.021723,0.003223,0.000968
0,0.247146,-0.067477,0.091442,-0.031159,0.053484,-0.076734,0.004314,0.001178
0,0.111202,-0.098002,-0.147824,-0.02166,-0.188472,-0.030076,0.001941,0.00171
0,0.151781,0.14759,0.070185,0.235749,0.047088,0.203657,0.002649,0.002576
0,0.027058,0.158685,-0.11382,-0.010815,-0.064216,-0.021338,0.000472,0.00277
0,0.103368,0.076593,0.056854,-0.10835,0.007144,-0.115717,0.001804,0.001337
0,0.230553,0.127819,0.14641,0.05469,0.123254,0.071569,0.004024,0.002231
0,0.041931,-0.139207,-0.166659,-0.26594,-0.124485,-0.262278,0.000732,0.00243
0,-0.059014,0.069522,-0.117155,0.196922,-0.132761,0.224285,0.00103,0.001213
0,0.081865,-0.009163,0.131262,-0.095997,0.13881,-0.075559,0.001429,0.00016
0,0.116535,0.018227,0.012676,-0.002178,0.043537,-0.044175,0.002034,0.000318
0,0.190059,0.101551,0.045201,0.111832,0.02723,0.10349,0.003317,0.001772
0,0.129824,0.078944,-0.058832,-0.004117,-0.086902,0.022846,0.002266,0.001378
0,0.276025,-0.128637,0.122154,-0.219127,0.156863,-0.179721,0.004818,0.002245
0,0.116919,-0.020461,-0.157047,0.135273,-0.166264,0.116468,0.002041,0.000357
0,0.182708,-0.17199,0.053704,-0.170087,0.009856,-0.154364,0.003189,0.003002
0,0.211668,0.069076,0.021466,0.240462,0.013183,0.247143,0.003694,0.001206
0,-0.015696,0.048815,-0.212805,-0.02366,-0.223142,-0.003012,0.000274,0.000852
0,0.144952,-0.161913,0.190012,-0.185243,0.170524,-0.181715,0.00253,0.002826
0,0.039395,-0.189793,-0.11685,-0.036205,-0.121367,-0.00829,0.000688,0.003313
0,-0.054363,-0.138634,-0.101401,0.075428,-0.108884,0.065648,0.000949,0.00242
0,0.016821,-0.164269,0.048806,-0.030077,0.083951,-0.029343,0.000294,0.002867
0,0.145011,-0.007255,0.140366,0.174634,0.154839,0.195424,0.002531,0.000127
0,0.027874,0.042928,-0.111436,0.078313,-0.070729,0.086682,0.000486,0.000749
0,0.045071,0.151351,0.023984,0.11838,0.023655,0.130237,0.000787,0.002642
0,0.039289,-0.061912,0.011398,-0.186634,0.020868,-0.198238,0.000686,0.001081
0,0.131069,0.151154,0.090771,0.204818,0.135027,0.208861,0.002288,0.002638
0,0.12563,0.132824,-0.011286,-0.023971,-0.06061,-0.002087,0.002193,0.002318
0,-0.023115,0.152516,-0.161691,0.018915,-0.179624,0.0233,0.000403,0.002662
0,-0.057832,0.2223,-0.052406,0.060363,-0.080154,0.051007,0.001009,0.00388
0,0.145111,-0.032247,0.201552,-0.252239,0.178901,-0.225564,0.002533,0.000563
0,0.140893,0.020102,0.015568,0.026818,0.02571,0.047627,0.002459,0.000351
0,0.053092,0.004754,-0.099459,-0.041145,-0.141191,-0.001115,0.000927,8.3e-05
0,0.01103,-0.084079,-0.054727,-0.092813,-0.065518,-0.108492,0.000193,0.001467
0,-0.014635,0.157981,-0.013139,0.226108,-0.042573,0.216658,0.000255,0.002757
0,-0.130313,0.123325,-0.107462,-0.064338,-0.077869,-0.066231,0.002274,0.002152
0,0.084871,0.169774,0.243722,0.071424,0.286051,0.045885,0.001481,0.002963
0,-0.127436,0.070409,-0.212471,-0.082174,-0.201226,-0.048715,0.002224,0.001229
0,0.019378,0.212383,0.16876,0.122646,0.147449,0.086243,0.000338,0.003707
0,-0.143354,0.192371,-0.179341,-0.024313,-0.135308,-0.066721,0.002502,0.003357
0,-0.199107,0.155744,-0.041354,-0.024052,-0.019641,-0.047131,0.003475,0.002718
0,0.098937,0.219712,0.300475,0.071829,0.30863,0.108007,0.001727,0.003835
0,0.04778,0.039482,-0.078733,-0.151628,-0.077157,-0.125988,0.000834,0.000689
0,-0.032461,0.086164,-0.106412,0.02197,-0.094447,-0.000807,0.000567,0.001504
0,0.082038,0.007133,0.118817,-0.049718,0.148126,-0.011722,0.001432,0.000124
0,0.132847,0.119547,0.061135,0.095182,0.103398,0.118878,0.002319,0.002086
0,-0.115971,0.017059,-0.248788,-0.094007,-0.218402,-0.053269,0.002024,0.000298
0,-0.128832,0.217688,0.01575,0.200079,-0.033607,0.232051,0.002249,0.003799
0,0.08016,0.043976,0.207514,-0.178235,0.209542,-0.184439,0.001399,0.000768
0,-0.083195,0.193902,-0.192779,0.123074,-0.152353,0.145123,0.001452,0.003384
0,0.009987,-0.033421,0.075999,-0.200803,0.047625,-0.184063,0.000174,0.000583
0,0.083693,0.055383,0.096522,0.064215,0.072158,0.081529,0.001461,0.000967
0,0.000522,0.199933,-0.073413,0.139286,-0.049581,0.149612,9e-06,0.003489
0,0.010489,0.014948,-0.003003,-0.181934,-0.018621,-0.176011,0.000183,0.000261
0,-0.123499,-0.030138,-0.118612,-0.033276,-0.122513,-0.032029,0.002155,0.000526
0,-0.117129,0.117462,-0.018972,0.130164,0.011871,0.096728,0.002044,0.00205
0,-0.011565,0.02851,0.113232,-0.062705,0.081934,-0.07261,0.000202,0.000498
0,0.065413,0.204078,0.056827,0.193615,0.047938,0.183991,0.001142,0.003562
0,-0.114778,-0.041907,-0.186191,-0.249329,-0.189273,-0.206933,0.002003,0.000731
0,-0.054638,0.132976,0.074389,0.152897,0.071917,0.195805,0.000954,0.002321
0,-0.005995,0.195177,0.021035,0.049471,0.004442,0.075632,0.000105,0.003406
0,-0.069367,0.127715,-0.05495,-0.081541,-0.09588,-0.103179,0.001211,0.002229
0,-0.174855,0.261597,-0.094375,0.141187,-0.082153,0.188402,0.003052,0.004566
0,-0.189218,0.187881,0.013352,-0.055962,0.034365,-0.059038,0.003302,0.003279
0,-0.124886,0.033013,0.091394,-0.143942,0.121476,-0.132196,0.00218,0.000576
0,-0.238307,0.197592,-0.105201,0.162244,-0.147957,0.131464,0.004159,0.003449
0,-0.070994,0.213706,0.145003,0.045009,0.106554,-0.004766,0.001239,0.00373
0,0.003843,0.178473,0.073397,-0.013954,0.102721,-0.03098,6.7e-05,0.003115
0,0.013673,-0.032084,0.039501,-0.237166,0.049154,-0.222488,0.000239,0.00056
0,-0.150131,0.012129,-0.149416,0.03373,-0.167346,0.07874,0.00262,0.000212
0,-0.184052,0.135011,-0.033347,0.146798,0.012628,0.110385,0.003212,0.002356
0,-0.181051,0.136951,0.02313,-0.005943,0.066486,-0.044873,0.00316,0.00239
0,-0.028381,0.083404,0.128436,-0.08347,0.133954,-0.110897,0.000495,0.001456
0,-0.00655,-0.047271,-0.004558,-0.124909,-0.038968,-0.112556,0.000114,0.000825
0,-0.01843,-0.030684,-0.019832,0.003229,-0.041365,-0.043331,0.000322,0.000536
0,0.076496,0.075347,0.08662,0.078906,0.084,0.060626,0.001335,0.001315
0,0.038441,0.047727,-0.037678,-0.001147,0.001419,-0.026153,0.000671,0.000833
0,-0.135654,0.203271,-0.162419,0.181437,-0.206031,0.178385,0.002368,0.003548
0,0.103993,-0.053307,0.269218,-0.24722,0.236116,-0.267967,0.001815,0.00093
0,-0.003077,0.141933,-0.079427,0.174204,-0.058725,0.212239,5.4e-05,0.002477
0,0.035385,-0.026637,0.010868,-0.1742,-0.036228,-0.126439,0.000618,0.000465
0,-0.098839,0.161199,-0.112106,0.203723,-0.080181,0.235155,0.001725,0.002813
0,-0.07813,0.158177,0.021045,0.005049,0.037634,-0.00868,0.001364,0.002761
0,0.019627,-0.047289,0.099465,-0.207896,0.065894,-0.172079,0.000343,0.000825
0,-0.040103,0.118007,-0.037351,0.137646,-0.003153,0.106265,0.0007,0.00206
0,-0.112621,0.139914,-0.078246,0.023808,-0.085326,-0.009899,0.001966,0.002442
0,0.05516,0.043039,0.19526,-0.11119,0.158318,-0.089722,0.000963,0.000751
0,-0.183127,0.248103,-0.226874,0.232067,-0.239998,0.221989,0.003196,0.00433
0,-0.519738,1.028312,-0.333533,0.794929,-0.372318,0.836465,0.003019,0.005857
0,-0.745117,1.758859,-0.201147,0.739884,-0.249091,0.722651,0.000914,0.005574
0,-0.988365,1.783768,-0.258412,0.024672,-0.254603,-0.007948,0.00516,0.005139
0,-1.333426,1.258727,-0.351247,-0.516623,-0.370297,-0.495829,0.000908,0.002212
0,-1.060184,1.129733,0.293444,-0.105664,0.244914,-0.099585,0.005677,0.004463
0,-0.935409,0.969761,0.105426,-0.162642,0.070886,-0.201417,0.004235,0.004835
0,-0.811698,0.75202,0.123921,-0.242162,0.153627,-0.280211,0.002076,0.001035
0,-0.60452,0.480274,0.1965,-0.294369,0.223206,-0.315397,0.00154,0.003708
0,-0.420892,0.371308,0.172583,-0.098696,0.190064,-0.122368,0.004745,0.00561
0,-0.191529,0.299911,0.199441,-0.068856,0.246026,-0.052575,0.003343,0.005234
0,-0.282554,0.114144,-0.069882,-0.175564,-0.057785,-0.177505,0.004932,0.001992
0,-0.244359,-0.059898,0.013089,-0.167692,-0.000536,-0.18449,0.004265,0.001045
0,-0.063534,-0.333961,0.158418,-0.302521,0.141598,-0.267252,0.001109,0.005829
0,-0.089617,-0.213013,-0.050187,0.109308,-0.027241,0.103602,0.001564,0.003718
0,0.053833,-0.096407,0.125144,0.108744,0.15476,0.116103,0.00094,0.001683
0,0.10315,-0.312244,0.058422,-0.197055,0.054538,-0.232144,0.0018,0.00545
0,-0.071901,-0.312748,-0.190152,-0.00567,-0.196979,-0.021816,0.001255,0.005458
0,0.072169,-0.341629,0.126123,-0.031625,0.166286,-0.028634,0.00126,0.005963
0,-0.078833,-0.100677,-0.148424,0.255957,-0.149344,0.214227,0.001376,0.001757
0,0.079443,-0.159434,0.149617,-0.073605,0.150681,-0.062712,0.001387,0.002783
0,0.011464,-0.33914,-0.092615,-0.16186,-0.073136,-0.175821,0.0002,0.005919
0,-0.006523,-0.330459,0.009148,0.02875,0.001216,-0.00985,0.000114,0.005768
0,-0.129028,-0.121528,-0.097196,0.232808,-0.047271,0.220366,0.002252,0.002121
0,-0.058888,-0.335409,0.073076,-0.189406,0.069636,-0.147164,0.001028,0.005854
0,0.147459,-0.374208,0.178345,-0.060645,0.13921,-0.041397,0.002574,0.005559
0,-0.064114,-0.134791,-0.205646,0.240449,-0.248081,0.244065,0.001119,0.002353
0,0.139855,-0.019295,0.201254,0.123243,0.202173,0.146873,0.002441,0.000337
0,-0.090639,-0.2036,-0.211114,-0.190777,-0.170637,-0.236202,0.001582,0.003553
0,-0.082786,-0.200903,0.00084,0.018441,0.01568,0.007399,0.001445,0.003506
0,0.123999,-0.042267,0.206372,0.175849,0.158096,0.17014,0.002164,0.000738
0,0.011112,-0.165368,-0.103669,-0.106773,-0.075723,-0.109976,0.000194,0.002886
0,0.040546,-0.101232,0.028308,0.054756,-0.009611,0.076403,0.000708,0.001767
0,0.177148,-0.005576,0.147134,0.08477,0.131138,0.124676,0.003092,9.7e-05
0,-0.060447,-0.08503,-0.258658,-0.052734,-0.296544,-0.013616,0.001055,0.001484
0,-0.060845,-0.015972,-0.018033,0.085034,-0.04997,0.064146,0.001062,0.000279
0,0.195944,-0.13228,0.243634,-0.112509,0.259045,-0.15947,0.00342,0.002309
0,0.266677,-0.033727,0.076412,0.095641,0.119326,0.099239,0.004654,0.000589
0,0.096174,-0.174487,-0.193987,-0.138925,-0.169759,-0.151074,0.001679,0.003045
0,0.195471,0.005675,0.106506,0.181392,0.0895,0.210406,0.003412,9.9e-05
0,0.234048,-0.114841,0.056911,-0.135176,0.104127,-0.117847,0.004085,0.002004
0,0.100377,-0.103405,-0.132672,0.035691,-0.099823,-0.000441,0.001752,0.001805
0,0.121138,-0.073216,0.007327,0.042558,-0.030933,0.013595,0.002114,0.001278
0,0.105365,-0.014039,-0.011525,0.046571,-0.052102,0.057207,0.001839,0.000245
0,0.077355,0.013485,-0.037342,0.003605,0.00512,-0.013065,0.00135,0.000235
0,0.148028,0.007043,0.088275,-0.009872,0.136337,0.014751,0.002584,0.000123
0,0.029008,0.024463,-0.118767,0.011157,-0.147812,0.028284,0.000506,0.000427
0,0.116224,-0.097476,0.083851,-0.144175,0.103275,-0.188984,0.002028,0.001701
0,0.170815,0.06215,0.06297,0.144893,0.09296,0.183627,0.002981,0.001085
0,0.156051,-0.03719,-0.035553,-0.097368,-0.00253,-0.054524,0.002724,0.000649
0,0.260148,0.039521,0.122575,0.08847,0.097975,0.04517,0.00454,0.00069
0,0.248937,-0.051276,-0.021237,-0.096125,-0.027446,-0.078737,0.004345,0.000895
0,0.180379,0.047703,-0.069197,0.114325,-0.091818,0.090468,0.003148,0.000833
0,0.084393,0.060749,-0.092007,0.007419,-0.083122,-0.002834,0.001473,0.00106
0,0.017414,0.014121,-0.094974,-0.04999,-0.084781,-0.047701,0.000304,0.000246
0,0.232899,0.105081,0.220948,0.106655,0.200869,0.104052,0.004065,0.001834
0,0.123361,-0.036678,-0.109738,-0.123056,-0.146449,-0.105957,0.002153,0.00064
0,0.151819,-0.047135,0.023248,-0.004873,0.000197,-0.01692,0.00265,0.000823
0,0.002921,0.142215,-0.123971,0.200333,-0.172162,0.195278,5.1e-05,0.002482
0,0.26714,-0.059037,0.283232,-0.228396,0.278358,-0.275128,0.004662,0.00103
0,0.152936,-0.08,-0.114105,-0.005231,-0.162993,-0.022717,0.002669,0.001396
0,0.213934,0.160436,0.081355,0.229216,0.039752,0.244567,0.003734,0.0028
0,0.283576,0.040225,0.055978,-0.109027,0.074057,-0.073034,0.004949,0.000702
0,-0.01471,0.125133,-0.316281,0.084655,-0.272466,0.0795,0.000257,0.002184
0,0.038321,0.069706,0.073495,-0.048932,0.05789,-0.058979,0.000669,0.001217
0,0.084343,0.085636,0.06677,-0.006955,0.081911,-0.022944,0.001472,0.001495
0,0.116427,-0.074866,0.041984,-0.161305,0.009935,-0.207185,0.002032,0.001307
0,0.024083,0.056168,-0.06721,0.126601,-0.090975,0.164271,0.00042,0.00098
0,0.020886,-0.095037,-0.025588,-0.157295,-0.069078,-0.147463,0.000365,0.001659
0,0.250778,-0.127942,0.253833,-0.014984,0.226647,-0.060286,0.004377,0.002233
0,0.176011,0.100451,-0.087867,0.213599,-0.135315,0.167105,0.003072,0.001753
0,0.106253,0.040814,-0.053662,-0.041859,-0.09426,-0.069313,0.001854,0.000712
0,0.348181,0.042087,0.264685,0.018921,0.302736,0.064794,0.006014,0.000735
0,0.236589,0.032224,-0.128931,-0.012908,-0.09703,0.025914,0.004129,0.000562
0,0.179342,0.0737,-0.038539,0.058448,-0.008434,0.057571,0.00313,0.001286
0,0.134938,0.127346,-0.064349,0.070512,-0.070481,0.062785,0.002355,0.002223
0,0.211921,0.140487,0.057978,-0.013937,0.055722,0.028096,0.003699,0.002452
0,0.215119,0.14971,-0.005867,0.024071,0.021759,0.018088,0.003755,0.002613
0,0.185389,-0.010424,-0.043332,-0.166895,-0.091782,-0.174524,0.003236,0.000182
0,0.139846,0.066266,-0.031793,0.047218,0.008924,0.050134,0.002441,0.001157
0,0.0885,0.068134,-0.057551,-0.011158,-0.038291,0.021453,0.001545,0.001189
0,0.286172,0.131932,0.216058,0.035222,0.257605,0.031101,0.004995,0.002303
0,0.353364,-0.021521,0.050867,-0.162923,0.055608,-0.138241,0.005923,0.000376
0,0.30059,0.01114,-0.043876,0.05017,-0.008008,0.000704,0.005246,0.000194
0,0.124461,0.058643,-0.15489,0.026892,-0.184951,-0.013751,0.002172,0.001024
0,0.19688,0.177021,0.055431,0.124534,0.101241,0.114042,0.003436,0.00309
0,0.209487,-0.040614,-0.010114,-0.207512,-0.002104,-0.204141,0.003656,0.000709
0,0.140877,0.143393,-0.089668,0.175409,-0.04775,0.181474,0.002459,0.002503
0,0.146049,-0.009864,0.005256,-0.147833,0.046717,-0.150393,0.002549,0.000172
0,0.056426,-0.074033,-0.086815,-0.038011,-0.083083,-0.024502,0.000985,0.001292
0,0.207977,0.022644,0.146342,0.100009,0.157881,0.061179,0.00363,0.000395
0,0.066865,0.057852,-0.130863,0.063041,-0.145147,0.104052,0.001167,0.00101
0,-0.031981,0.060832,-0.090762,0.024373,-0.116685,0.017217,0.000558,0.001062
0,0.079804,-0.030488,0.141627,-0.067411,0.162733,-0.020146,0.001393,0.000532
0,0.028116,0.172197,-0.072183,0.216086,-0.055198,0.174616,0.000491,0.003005
0,-0.09725,0.021603,-0.100538,-0.144044,-0.138215,-0.190139,0.001697,0.000377
0,0.178408,0.150804,0.255148,0.157882,0.237355,0.191228,0.003114,0.002632
0,0.106394,0.22155,-0.051335,0.098576,-0.052046,0.141011,0.001857,0.003867
0,0.041091,0.181457,-0.077576,-0.056816,-0.113476,-0.085446,0.000717,0.003167
0,0.090504,0.080489,0.058916,-0.082638,0.069247,-0.070193,0.00158,0.001405
0,0.066179,0.154884,-0.007794,0.088662,-0.053015,0.11565,0.001155,0.002703
0,0.074316,0.174857,-0.0074,0.037723,0.016578,0.007347,0.001297,0.003052
0,0.036122,0.209537,-0.055523,0.041528,-0.099301,0.005723,0.00063,0.003657
0,0.061247,0.050436,0.038118,-0.156147,0.041156,-0.156159,0.001069,0.00088
0,-0.146604,-0.051763,-0.212569,-0.119687,-0.2599,-0.135796,0.002559,0.000903
0,0.030744,0.104741,0.18859,0.150247,0.199921,0.163927,0.000537,0.001828
0,-0.05894,0.18757,-0.102584,0.063002,-0.057533,0.022852,0.001029,0.003274
0,0.077086,-0.094802,0.145563,-0.287384,0.191843,-0.24152,0.001345,0.001655
0,0.009108,0.163264,-0.060546,0.274322,-0.030743,0.258342,0.000159,0.002849
0,0.027267,-0.086906,0.011308,-0.249226,0.054032,-0.281023,0.000476,0.001517
0,-0.126539,0.086264,-0.145041,0.168149,-0.134983,0.139583,0.002209,0.001506
0,-0.030567,0.165667,0.113365,0.086971,0.127608,0.113183,0.000534,0.002891
0,0.915776,0.685974,0.946137,0.54063,0.967807,0.5397,0.003893,0.000118
0,2.345911,0.942757,1.448226,0.261923,1.430341,0.238596,0.004672,0.004364
0,2.429769,1.324099,0.113171,0.393533,0.161946,0.351632,0.005954,0.001071
0,2.578702,0.929908,0.176703,-0.379367,0.20363,-0.424532,0.003355,0.004139
0,1.92503,0.897924,-0.629494,-0.032306,-0.628512,-0.051808,0.002673,0.003581
0,1.73423,0.995676,-0.209881,0.085227,-0.252874,0.10476,0.006003,0.005287
0,1.14728,0.764955,-0.556998,-0.220888,-0.570079,-0.256364,0.004157,0.001261
0,1.019217,0.481722,-0.135188,-0.279527,-0.093718,-0.239377,0.005698,0.003683
0,0.461106,0.314509,-0.555257,-0.164048,-0.533785,-0.138923,0.004043,0.005489
0,-0.10686,0.378582,-0.566462,0.04562,-0.531994,0.065734,0.001865,0.005483
0,-0.407185,0.266086,-0.286863,-0.112634,-0.302785,-0.140884,0.004984,0.004644
0,-0.125893,0.007566,0.271351,-0.248676,0.263508,-0.246963,0.002197,0.000132
0,-0.343221,0.001227,-0.228049,-0.027879,-0.199094,-0.016381,0.00599,2.1e-05
0,-0.420792,0.008668,-0.097751,0.019711,-0.136276,0.026122,0.004746,0.000151
0,-0.104595,-0.079275,0.345962,-0.078309,0.359085,-0.070202,0.001826,0.001384
0,-0.140162,0.090107,-0.031697,0.180349,0.007759,0.19865,0.002446,0.001573
0,-0.124163,-0.067089,0.005027,-0.135879,-0.000989,-0.148134,0.002167,0.001171
0,-0.137589,-0.084003,-0.037155,-0.033068,-0.008705,-0.057149,0.002401,0.001466
0,-0.14759,-0.002303,-0.005006,0.111259,0.015543,0.097433,0.002576,4e-05
0,-0.079639,0.10837,0.051356,0.109882,0.017805,0.149009,0.00139,0.001891
0,-0.06778,-0.009653,-0.00208,-0.088883,-0.020091,-0.059194,0.001183,0.000168
0,-0.175158,0.001519,-0.103524,-0.005014,-0.084972,-0.007728,0.003057,2.7e-05
0,0.039347,-0.109318,0.219067,-0.123942,0.226348,-0.152812,0.000687,0.001908
0,0.046458,-0.021124,-0.000214,0.081783,0.008973,0.07078,0.000811,0.000369
0,0.01819,0.020231,-0.02052,0.037293,-0.025031,0.037612,0.000317,0.000353
0,-0.069033,-0.045928,-0.06932,-0.040665,-0.049032,-0.085627,0.001205,0.000802
0,-0.043087,0.015914,0.000184,0.036078,0.03529,0.044918,0.000752,0.000278
0,-0.07276,0.114635,-0.051342,0.096489,-0.079776,0.100224,0.00127,0.002001
0,-0.208449,-0.112623,-0.129794,-0.218128,-0.109201,-0.181043,0.003638,0.001966
0,-0.00365,0.039426,0.216224,0.169911,0.188428,0.16892,6.4e-05,0.000688
0,-0.155314,0.091275,-0.137753,0.081803,-0.108242,0.087455,0.002711,0.001593
0,-0.096938,0.131179,0.042968,0.040315,0.027703,0.026996,0.001692,0.00229
0,0.044161,0.040888,0.15669,-0.080557,0.185255,-0.062359,0.000771,0.000714
0,-0.157768,0.053706,-0.175331,0.039796,-0.200595,0.025395,0.002754,0.000937
0,-0.003534,-0.133739,0.183726,-0.196396,0.176116,-0.215992,6.2e-05,0.002334
0,-0.069679,-0.046317,-0.063123,0.07641,-0.046637,0.073696,0.001216,0.000808
0,-0.120973,-0.067031,-0.043919,-0.006643,-0.071964,0.018924,0.002111,0.00117
0,-0.071285,-0.046205,0.069481,0.006858,0.030094,0.042981,0.001244,0.000806
0,-0.090712,0.14362,-0.00758,0.203061,0.027366,0.25104,0.001583,0.002507
0,0.145817,0.081302,0.223711,-0.067469,0.231688,-0.041236,0.002545,0.001419
0,-0.181159,0.129223,-0.337271,0.074532,-0.314409,0.043088,0.003162,0.002255
0,-0.207691,-0.043443,-0.037698,-0.166891,-0.087447,-0.172356,0.003625,0.000758
0,-0.124857,-0.159535,0.097836,-0.109553,0.09768,-0.099121,0.002179,0.002784
0,0.007739,-0.081664,0.117361,0.07271,0.070695,0.097371,0.000135,0.001425
0,0.024986,-0.135927,0.015976,-0.062177,0.046605,-0.025002,0.000436,0.002372
0,0.162146,-0.058541,0.119946,0.063991,0.090845,0.065131,0.00283,0.001022
0,-0.059474,-0.12584,-0.219096,-0.058927,-0.226757,-0.09987,0.001038,0.002196
0,0.141204,0.01662,0.176797,0.12332,0.134887,0.119827,0.002464,0.00029
0,0.06557,0.192921,-0.052196,0.166317,-0.062824,0.135921,0.001144,0.003367
0,0.199578,0.160062,0.109358,-0.006553,0.066638,0.026165,0.003483,0.002794
0,0.076285,0.091818,-0.096299,-0.058256,-0.130692,-0.035282,0.001331,0.001603
0,-0.017519,0.063532,-0.075911,-0.047594,-0.087266,-0.082639,0.000306,0.001109
0,0.099139,0.132924,0.107125,0.055616,0.074584,0.058116,0.00173,0.00232
0,0.140097,-0.025795,0.022143,-0.146304,0.020567,-0.18788,0.002445,0.00045
0,0.110975,0.214289,-0.01861,0.257822,-0.0521,0.226123,0.001937,0.00374
0,0.079763,0.027483,-0.022434,-0.156807,-0.030934,-0.18156,0.001392,0.00048
0,-0.01297,0.223141,-0.096708,0.170327,-0.07318,0.148717,0.000226,0.003895
0,0.111207,0.253301,0.12293,0.03689,0.157304,0.017526,0.001941,0.004421
0,-0.090901,0.108326,-0.186716,-0.161742,-0.206371,-0.157519,0.001587,0.001891
0,0.003029,0.000766,0.111985,-0.092883,0.134765,-0.121128,5.3e-05,1.3e-05
0,0.048395,-0.04021,0.037886,-0.032745,0.079281,-0.04148,0.000845,0.000702
0,-0.079328,0.100598,-0.145391,0.144807,-0.188515,0.103125,0.001385,0.001756
0,0.204828,0.168553,0.302809,0.069464,0.283961,0.105167,0.003575,0.002942
0,0.009263,0.052643,-0.201398,-0.100522,-0.160151,-0.08642,0.000162,0.000919
0,0.116912,0.051397,0.132598,-0.014762,0.086538,-0.005941,0.002041,0.000897
0,-0.00206,0.022767,-0.119602,-0.042335,-0.162058,0.005058,3.6e-05,0.000397
0,0.160946,-0.073544,0.18516,-0.110253,0.208802,-0.133668,0.002809,0.001284
0,0.087307,-0.154714,-0.064228,-0.087201,-0.034875,-0.1252,0.001524,0.0027
0,0.21618,0.103869,0.134746,0.285678,0.146005,0.25345,0.003773,0.001813
0,0.04384,-0.159492,-0.185013,-0.258312,-0.148911,-0.266506,0.000765,0.002784
0,0.097299,-0.080676,0.047015,0.088106,0.066435,0.064269,0.001698,0.001408
0,0.234481,0.099495,0.124865,0.189308,0.080439,0.155769,0.004092,0.001737
0,0.150682,0.096282,-0.089936,-0.02894,-0.054069,-0.077966,0.00263,0.00168
0,0.146892,0.121961,-0.020314,0.00416,0.023652,-0.022937,0.002564,0.002129
0,0.217389,0.074562,0.073827,-0.029222,0.118225,-0.040929,0.003794,0.001301
0,0.111669,0.108858,-0.118783,0.049016,-0.102249,0.00564,0.001949,0.0019
0,0.219765,-0.015672,0.082395,-0.117774,0.066269,-0.150282,0.003836,0.000274
0,0.216907,0.099599,-0.032813,0.114787,0.006953,0.088931,0.003786,0.001738
0,0.160355,0.143289,-0.080775,0.019096,-0.068352,0.064181,0.002799,0.002501
0,0.182858,0.020296,0.038276,-0.095289,0.041071,-0.12087,0.003191,0.000354
0,0.134537,0.146694,-0.024065,0.100838,-0.029618,0.100934,0.002348,0.00256
0,0.25182,0.004763,0.090213,-0.124456,0.077066,-0.165691,0.004395,8.3e-05
0,0.151011,0.001772,-0.073219,-0.003004,-0.070214,0.020091,0.002636,3.1e-05
0,0.122165,0.041981,-0.002,0.018546,-0.01631,0.067712,0.002132,0.000733
0,0.216836,-0.093595,0.072081,-0.122532,0.089926,-0.112803,0.003785,0.001634
0,0.252401,-0.072673,0.055794,0.049729,0.083298,0.003471,0.004405,0.001268
0,0.29772,0.001208,0.03366,0.055114,0.026915,0.016623,0.005196,2.1e-05
0,0.273768,0.070404,-0.042194,0.090611,-0.060221,0.118757,0.004778,0.001229
0,0.29341,-0.036594,0.026787,-0.105561,0.051463,-0.068944,0.005121,0.000639
0,0.298157,-0.053602,-0.012556,5e-06,-0.010285,-0.014838,0.005204,0.000936
0,0.141882,0.068152,-0.147121,0.101419,-0.166359,0.117351,0.002476,0.001189
0,0.033758,0.047208,-0.084942,-0.027522,-0.08888,-0.061023,0.000589,0.000824
0,0.121102,-0.058174,0.11318,-0.094148,0.142055,-0.082418,0.002114,0.001015
0,0.04459,-0.078152,-0.073449,-0.047836,-0.11918,-0.033083,0.000778,0.001364
0,-0.125065,-0.144184,-0.15044,-0.056679,-0.159842,-0.06314,0.002183,0.002516
0,0.057892,-0.050075,0.209634,0.082054,0.170163,0.059074,0.00101,0.000874
0,-0.049571,-0.021236,-0.122718,0.02094,-0.126947,0.032152,0.000865,0.000371
0,-0.08714,0.05389,-0.052086,0.102418,-0.061744,0.109811,0.001521,0.000941
0,0.013347,0.010654,0.11342,-0.037189,0.077203,-0.080298,0.000233,0.000186
0,-0.056136,-0.101305,-0.060887,-0.11463,-0.051845,-0.14168,0.00098,0.001768
0,-0.007083,0.116304,0.065421,0.230702,0.04424,0.185768,0.000124,0.00203
0,0.048426,-0.026944,0.055158,-0.125877,0.009091,-0.116871,0.000845,0.00047
0,-0.094661,0.105155,-0.158612,0.13544,-0.187863,0.119604,0.001652,0.001835
0,0.170178,0.034973,0.250011,-0.098008,0.2143,-0.131174,0.00297,0.00061
0,-0.069695,-0.083594,-0.261802,-0.119111,-0.222159,-0.153286,0.001216,0.001459
0,0.150352,-0.071367,0.234155,0.038192,0.247829,0.016298,0.002624,0.001246
0,0.168024,0.123622,8.6e-05,0.218222,-0.004248,0.17727,0.002933,0.002158
0,0.045237,0.083671,-0.116464,-0.060993,-0.084895,-0.068689,0.00079,0.00146
0,-0.070171,-0.105498,-0.106007,-0.218099,-0.112767,-0.18822,0.001225,0.001841
0,0.193526,-0.141608,0.242484,-0.010947,0.262908,-0.023642,0.003378,0.002472
0,0.101845,-0.103384,-0.106579,0.032934,-0.084188,0.06966,0.001778,0.001804
0,0.027349,0.086515,-0.064894,0.176358,-0.100052,0.171917,0.000477,0.00151
0,0.149872,0.040438,0.141609,-0.068264,0.166101,-0.064458,0.002616,0.000706
0,-0.066313,-0.011182,-0.217903,-0.022321,-0.173546,0.023459,0.001157,0.000195
0,0.127659,-0.089641,0.188881,-0.09396,0.165522,-0.099549,0.002228,0.001565
0,0.159724,-0.081514,0.007398,-0.012035,-0.013725,-0.061757,0.002788,0.001423
0,0.206954,0.076129,0.057895,0.179352,0.015315,0.155342,0.003612,0.001329
0,-0.035899,0.09085,-0.23404,-0.004151,-0.202858,-0.019859,0.000627,0.001586
0,-0.055619,0.035268,-0.043309,-0.032469,-0.027727,0.008026,0.000971,0.000616
0,0.21916,0.091479,0.255295,0.044951,0.239362,-0.004665,0.003825,0.001597
0,0.050143,-0.011393,-0.197662,-0.108856,-0.201707,-0.066116,0.000875,0.000199
0,0.13414,0.076791,0.098358,0.080836,0.133522,0.1271,0.002341,0.00134
0,0.178759,-0.043222,0.02341,-0.106225,0.035536,-0.080557,0.00312,0.000754
0,0.04756,-0.084158,-0.135286,-0.04819,-0.113611,-0.044496,0.00083,0.001469
0,0.199108,0.038215,0.142511,0.109894,0.163148,0.136539,0.003475,0.000667
0,0.246799,0.056111,0.051251,0.043842,0.040701,0.048428,0.004307,0.000979
0,-0.000255,0.086447,-0.268117,0.009461,-0.277803,-0.030784,4e-06,0.001509
0,0.110911,-0.018214,0.131732,-0.086311,0.133766,-0.072752,0.001936,0.000318
0,0.167511,0.04898,0.055889,0.087475,0.035028,0.069286,0.002924,0.000855
0,-0.00545,-0.045776,-0.143393,-0.092451,-0.171543,-0.141031,9.5e-05,0.000799
0,0.16317,-0.020496,0.190514,0.014542,0.203327,0.03223,0.002848,0.000358
0,0.20795,-0.130397,0.026364,-0.124537,0.027299,-0.115048,0.003629,0.002276
0,-0.04943,0.073627,-0.232291,0.191086,-0.218561,0.206441,0.000863,0.001285
0,0.10788,0.095489,0.177325,0.03911,0.16242,0.045092,0.001883,0.001667
0,0.085596,0.072841,-0.023282,-0.003743,-0.031809,0.028963,0.001494,0.001271
0,-0.074193,0.012991,-0.165867,-0.038488,-0.213249,-0.001129,0.001295,0.000227
0,0.018164,-0.004559,0.109005,-0.022428,0.120941,-0.066936,0.000317,8e-05
0,0.060855,0.120396,0.017133,0.097654,-0.029682,0.07887,0.001062,0.002101
0,-0.021618,0.075294,-0.09732,-0.06877,-0.058956,-0.031279,0.000377,0.001314
0,0.078425,0.10542,0.116215,0.021529,0.077035,0.03631,0.001369,0.00184
0,-0.081405,0.145473,-0.136447,0.010985,-0.172146,0.058342,0.001421,0.002539
0,0.126858,0.061991,0.203962,-0.084104,0.198772,-0.103197,0.002214,0.001082
0,0.075091,-0.012948,-0.033588,-0.098322,-0.059551,-0.142064,0.001311,0.000226
0,-0.224151,1.335279,-0.304206,1.332861,-0.328217,1.28952,0.003912,0.000876
0,-0.384463,1.73591,-0.139562,0.390352,-0.1187,0.347703,0.00538,0.005974
0,-0.402384,1.648127,0.001025,-0.065357,0.03655,-0.024434,0.005068,0.004584
0,-0.191476,1.564044,0.222474,-0.086929,0.239354,-0.062348,0.003342,0.003117
0,-0.099199,1.5346,0.098373,0.000241,0.054866,-0.008148,0.001731,0.002603
0,-0.039563,1.327902,0.048434,-0.208314,0.084957,-0.192682,0.000691,0.001005
0,0.000383,0.853091,0.033708,-0.500855,-0.006445,-0.454422,7e-06,0.002799
0,-0.089585,0.426162,-0.07839,-0.398264,-0.104797,-0.432231,0.001564,0.004653
0,-0.11433,0.215936,-0.026277,-0.212892,-0.068071,-0.247065,0.001995,0.003769
0,-0.086971,0.168211,0.022788,-0.024686,0.056984,-0.029666,0.001518,0.002936
0,0.033213,0.005206,0.099048,-0.145102,0.072563,-0.144101,0.00058,9.1e-05
0,-0.104551,0.115645,-0.114806,0.138239,-0.123813,0.100055,0.001825,0.002018
0,-0.03819,-0.122336,0.052478,-0.255273,0.019889,-0.236658,0.000667,0.002135
0,-0.097791,0.044439,-0.03814,0.170163,0.005008,0.182995,0.001707,0.000776
0,-0.183733,-0.172063,-0.079321,-0.199633,-0.058856,-0.230981,0.003207,0.003003
0,-0.069244,-0.136579,0.139413,0.022836,0.116687,-0.026205,0.001209,0.002384
0,-0.004769,-0.191613,0.08815,-0.052436,0.068171,-0.102289,8.3e-05,0.003344
0,-0.173319,0.049538,-0.184532,0.24021,-0.196442,0.266756,0.003025,0.000865
0,-0.2103,-0.182878,-0.032583,-0.254705,-0.04619,-0.219873,0.00367,0.003192
0,-0.012659,-0.08789,0.167689,0.111962,0.19581,0.064961,0.000221,0.001534
0,0.041239,-0.06068,0.036929,-0.001354,0.040027,0.011372,0.00072,0.001059
0,-0.0743,0.01459,-0.132876,0.061232,-0.144743,0.020418,0.001297,0.000255
0,-0.018642,0.00902,0.072979,0.020182,0.107912,-0.020379,0.000325,0.000157
0,-0.071794,-0.169351,-0.056674,-0.187066,-0.032827,-0.179021,0.001253,0.002956
0,-0.028526,-0.173048,0.057346,0.008042,0.084765,-0.024401,0.000498,0.00302
0,0.027567,-0.153254,0.030887,0.029213,0.005809,0.00454,0.000481,0.002675
0,0.042852,-0.072936,0.028544,0.063615,-0.018966,0.026215,0.000748,0.001273
0,0.052473,-0.210852,-0.004493,-0.145756,-0.049738,-0.104897,0.000916,0.00368
0,-0.18211,-0.150751,-0.236596,0.069542,-0.230876,0.110867,0.003178,0.002631
0,-0.192733,-0.137057,-0.003066,-0.006788,-0.045869,-0.011306,0.003364,0.002392
0,-0.242511,-0.080284,-0.054902,0.032244,-0.038721,0.025539,0.004233,0.001401
0,-0.273659,-0.11064,-0.054893,-0.051916,-0.027378,-0.023304,0.004776,0.001931
0,-0.292459,0.035816,-0.005761,0.153068,-0.047815,0.114336,0.005104,0.000625
0,-0.017018,-0.2315,0.286349,-0.279872,0.243964,-0.238418,0.000297,0.00404
0,-0.23994,-0.190252,-0.222815,0.02923,-0.245753,-0.013353,0.004188,0.003321
0,-0.213001,-0.023198,0.025909,0.152737,0.053161,0.109489,0.003718,0.000405
0,-0.179927,-0.007782,0.012275,-0.01195,0.003397,-0.013232,0.00314,0.000136
0,-0.174331,0.018507,0.026625,0.005886,0.06663,-0.036517,0.003043,0.000323
0,-0.022315,-0.083428,0.151757,-0.082605,0.129922,-0.082854,0.000389,0.001456
0,-0.048058,-0.060278,-0.011975,0.006478,-0.019257,-0.040433,0.000839,0.001052
0,-0.030275,-0.076329,0.007247,-0.039008,0.057212,-0.019164,0.000528,0.001332
0,-0.003135,-0.145841,-0.002636,-0.063148,0.038799,-0.035062,5.5e-05,0.002545
0,-0.013185,0.016296,-0.011529,0.187142,-0.041527,0.224272,0.00023,0.000284
0,-0.08895,-0.1651,-0.096882,-0.168626,-0.075063,-0.186087,0.001552,0.002882
0,-0.001015,-0.056677,0.068863,0.085967,0.093664,0.056078,1.8e-05,0.000989
0,-0.179498,-0.223985,-0.186738,-0.158787,-0.229915,-0.165484,0.003133,0.003909
0,-0.063605,-0.201997,0.142278,0.046855,0.175539,0.052449,0.00111,0.003526
0,-0.075109,0.037304,0.013065,0.241845,-0.030896,0.232747,0.001311,0.000651
0,-0.212733,-0.011988,-0.109358,-0.026616,-0.086659,0.014711,0.003713,0.000209
0,0.054261,0.048582,0.290183,0.061401,0.285934,0.06715,0.000947,0.000848
0,0.034376,0.066562,-0.037716,0.042529,-0.072286,0.030231,0.0006,0.001162
0,0.006346,-0.211816,-0.051946,-0.307236,-0.063026,-0.270474,0.000111,0.003697
0,-0.095732,-0.013835,-0.111476,0.169888,-0.124238,0.132241,0.001671,0.000241
0,-0.093268,-0.200164,0.027041,-0.160262,-0.004507,-0.20315,0.001628,0.003494
0,0.134172,0.005836,0.201126,0.182606,0.160846,0.180158,0.002342,0.000102
0,-0.052791,-0.024857,-0.164004,-0.030207,-0.163826,-0.018419,0.000921,0.000434
0,0.020993,0.040466,0.049934,0.090348,0.093503,0.056499,0.000366,0.000706
0,0.066681,-0.076329,0.039111,-0.10887,-0.00824,-0.097171,0.001164,0.001332
0,0.128948,-0.204179,0.06411,-0.114653,0.05778,-0.094039,0.002251,0.003564
0,0.043437,-0.141473,-0.083229,0.072064,-0.108821,0.075848,0.000758,0.002469
0,-0.10396,-0.093445,-0.141697,0.070528,-0.145892,0.117708,0.001814,0.001631
0,-0.036972,-0.135567,0.077996,-0.05029,0.044892,-0.099708,0.000645,0.002366
0,0.147351,-0.060186,0.155846,0.064483,0.170562,0.083265,0.002572,0.00105
0,-0.081112,-0.01645,-0.239194,0.021281,-0.232654,0.022067,0.001416,0.000287
0,-0.116071,0.010173,-0.033907,0.032167,-0.073944,-0.003025,0.002026,0.000178
0,-0.115011,-0.263913,-0.00673,-0.298803,0.012411,-0.335151,0.002007,0.004606
0,0.085235,-0.089834,0.198561,0.200485,0.1883,0.221325,0.001488,0.001568
0,-0.050306,-0.230856,-0.130674,-0.131964,-0.158418,-0.174913,0.000878,0.004029
0,0.166868,-0.218277,0.229679,-0.010904,0.226086,-0.058424,0.002912,0.00381
0,0.13484,0.025634,-0.014437,0.26337,-0.005323,0.248852,0.002353,0.000447
0,0.133991,0.035454,-0.015014,0.013239,-0.026581,0.043429,0.002339,0.000619
0,0.133211,-0.017433,0.018401,-0.066545,-0.023224,-0.060802,0.002325,0.000304
0,-0.04464,-0.157515,-0.207568,-0.140061,-0.168641,-0.130543,0.000779,0.002749
0,0.060711,-0.096783,0.090807,0.040616,0.104685,0.054327,0.00106,0.001689
0,8e-05,-0.102566,-0.085046,-0.028589,-0.133108,-0.048366,1e-06,0.00179
0,0.104045,0.099033,0.112358,0.229288,0.107996,0.237162,0.001816,0.001728
0,0.135012,-0.093763,0.032597,-0.198424,0.004478,-0.203982,0.002356,0.001636
0,0.131883,-0.193943,0.018999,-0.116998,-0.02559,-0.093258,0.002302,0.003385
0,0.307925,-0.006297,0.152284,0.200092,0.134573,0.155284,0.005374,0.00011
0,0.047317,0.053027,-0.28022,0.047546,-0.271115,0.01421,0.000826,0.000926
0,0.12189,0.033442,0.094581,-0.014898,0.086882,0.033016,0.002127,0.000584
0,-0.010266,0.086074,-0.15655,0.024373,-0.203977,-0.010138,0.000179,0.001502
0,0.211444,-0.022875,0.233169,-0.098869,0.216598,-0.109615,0.00369,0.000399
0,0.23351,0.108686,-0.005061,0.116587,0.004321,0.108209,0.004076,0.001897
0,0.022298,0.049707,-0.225938,-0.069158,-0.262176,-0.073678,0.000389,0.000868
0,0.222469,0.132965,0.188444,0.106711,0.174865,0.122933,0.003883,0.002321
0,-0.053727,0.044388,-0.276921,-0.094274,-0.241733,-0.083542,0.000938,0.000775
0,0.204355,-0.094376,0.271239,-0.133017,0.310621,-0.089084,0.003567,0.001647
0,0.236957,0.110993,0.059154,0.225166,0.076335,0.189681,0.004136,0.001937
0,0.050694,0.058836,-0.201529,-0.052475,-0.223682,-0.078114,0.000885,0.001027
0,0.14975,-0.146529,0.103258,-0.18091,0.122814,-0.229377,0.002614,0.002557
0,0.105956,0.081712,-0.023821,0.242371,-0.067912,0.244784,0.001849,0.001426
0,0.067848,0.166879,-0.010463,0.067991,-0.032809,0.041708,0.001184,0.002913
0,0.238709,-0.102894,0.171012,-0.262544,0.21542,-0.303093,0.004166,0.001796
0,0.208309,-0.04324,-0.038449,0.05892,-0.00917,0.026153,0.003636,0.000755
0,0.003143,0.057569,-0.205062,0.09298,-0.216851,0.084145,5.5e-05,0.001005
0,0.171412,-0.014257,0.158989,-0.069941,0.20413,-0.117643,0.002992,0.000249
0,0.198225,-0.137589,0.056676,-0.141778,0.015491,-0.179188,0.00346,0.002401
0,0.223525,-0.102995,0.049369,0.019628,0.050866,-0.004821,0.003901,0.001798
0,0.140333,-0.181665,-0.085904,-0.104239,-0.071017,-0.09711,0.002449,0.003171
0,0.270086,0.027751,0.104512,0.196571,0.142091,0.179741,0.004714,0.000484
0,0.236197,0.081098,-0.05256,0.051404,-0.052634,0.058748,0.004122,0.001415
0,0.202646,-0.01681,-0.063022,-0.119014,-0.017935,-0.144102,0.003537,0.000293
0,0.0355,-0.113495,-0.145477,-0.101865,-0.135033,-0.063932,0.00062,0.001981
0,0.119537,-0.167178,0.081089,-0.034489,0.119311,-0.014547,0.002086,0.002918
0,0.250745,0.016327,0.14669,0.177555,0.107862,0.158757,0.004376,0.000285
0,0.283442,-0.057498,0.023823,-0.058334,0.010307,-0.081943,0.004947,0.001004
0,0.107476,0.066915,-0.204532,0.126761,-0.210151,0.12633,0.001876,0.001168
0,0.078026,-0.11062,-0.02979,-0.186238,-0.02174,-0.221684,0.001362,0.001931
0,0.271478,-0.022485,0.178419,0.10959,0.139445,0.158217,0.004738,0.000392
0,0.090834,0.066562,-0.155272,0.10661,-0.124823,0.102077,0.001585,0.001162
0,0.114024,0.051905,0.037371,-0.033416,0.041557,-0.066753,0.00199,0.000906
0,0.13208,-0.131422,0.026357,-0.168298,0.073898,-0.173512,0.002305,0.002294
0,0.024061,-0.140481,-0.098126,-0.036902,-0.099415,-0.064553,0.00042,0.002452
0,0.00789,0.046775,0.001481,0.184415,0.044075,0.187695,0.000138,0.000816
0,0.16892,-0.110494,0.173378,-0.160303,0.174326,-0.142039,0.002948,0.001928
0,0.061111,0.069879,-0.136022,0.151931,-0.086339,0.148214,0.001067,0.00122
0,0.058471,0.121708,-0.008047,0.067309,0.001229,0.052439,0.001021,0.002124
0,0.188852,-0.145026,0.11205,-0.2452,0.155755,-0.274286,0.003296,0.002531
0,0.05227,-0.140238,-0.147934,-0.021761,-0.114516,-0.07008,0.000912,0.002448
0,-0.00513,0.038057,-0.058238,0.181828,-0.077547,0.197093,9e-05,0.000664
0,0.276423,-0.149191,0.297971,-0.159815,0.315735,-0.175617,0.004824,0.002604
0,0.286977,0.039263,0.026587,0.193528,0.047634,0.241727,0.005009,0.000685
0,0.312512,-0.020906,0.041792,-0.062262,0.075457,-0.028993,0.005454,0.000365
0,0.22029,-0.147219,-0.070229,-0.133065,-0.051365,-0.178878,0.003845,0.002569
0,0.045923,0.044304,-0.199619,0.196986,-0.240851,0.230335,0.000802,0.000773
0,0.148332,-0.058947,0.128932,-0.101111,0.131509,-0.076499,0.002589,0.001029
0,0.293942,-0.128281,0.161391,-0.048634,0.20323,-0.027174,0.00513,0.002239
0,0.306344,-0.086124,0.021022,0.068764,0.03589,0.051101,0.005347,0.001503
0,0.040323,-0.152225,-0.274094,-0.082959,-0.255827,-0.053013,0.000704,0.002657
0,0.277963,-0.088155,0.264655,0.083739,0.255519,0.035716,0.004851,0.001539
0,0.235305,-0.152441,-0.067703,-0.08574,-0.091137,-0.058632,0.004107,0.002661
0,0.000168,-0.052886,-0.220656,0.087525,-0.241074,0.055831,3e-06,0.000923
0,0.185541,-0.015901,0.207536,0.055956,0.247113,0.041396,0.003238,0.000278
0,-0.05127,-0.085459,-0.207025,-0.097252,-0.204489,-0.05248,0.000895,0.001492
0,0.142605,-0.159413,0.186689,-0.06536,0.18571,-0.033625,0.002489,0.002782
0,-0.071091,-0.034984,-0.204319,0.132012,-0.222237,0.139001,0.001241,0.000611
0,0.093174,-0.090043,0.152175,-0.070283,0.158759,-0.082709,0.001626,0.001572
0,0.062721,-0.141542,-0.010359,-0.065489,-0.031612,-0.108155,0.001095,0.00247
0,0.095269,0.092271,0.022739,0.227693,0.010272,0.183523,0.001663,0.00161
0,-0.01401,-0.093552,-0.117587,-0.204009,-0.15074,-0.252593,0.000245,0.001633
0,-0.098389,-0.108177,-0.09463,-0.027031,-0.066404,-0.056669,0.001717,0.001888
0,-0.105469,0.079799,-0.021693,0.184567,-0.007368,0.197233,0.001841,0.001393
0,0.072921,-0.084501,0.150128,-0.13693,0.188935,-0.117931,0.001273,0.001475
0,-0.043362,-0.088985,-0.104538,0.001466,-0.076516,-0.028765,0.000757,0.001553
0,-0.04538,-0.095886,-0.011724,-0.031278,-0.028959,-0.028983,0.000792,0.001674
0,-0.076431,0.135118,-0.051903,0.24979,-0.085893,0.246366,0.001334,0.002358
0,0.033024,-0.062456,0.138433,-0.197322,0.175845,-0.216716,0.000576,0.00109
0,-0.047121,0.187317,-0.096221,0.245988,-0.112109,0.2956,0.000822,0.003269
0,0.080417,0.215556,0.127777,0.015304,0.155299,0.058402,0.001404,0.003762
0,-0.025856,0.150391,-0.087515,-0.055262,-0.122834,-0.076008,0.000451,0.002625
0,-0.050755,0.008454,-0.027584,-0.136529,0.02209,-0.1327,0.000886,0.000148
0,0.092248,0.207169,0.126685,0.218432,0.099499,0.241055,0.00161,0.003616
0,0.109569,0.190437,0.026546,-0.046271,0.044704,-0.048516,0.001912,0.003324
0,0.110915,0.024402,0.01914,-0.161928,-0.013049,-0.167497,0.001936,0.000426
0,-0.017343,0.104349,-0.156093,0.086714,-0.183496,0.039944,0.000303,0.001821
0,-0.045636,0.213097,-0.047719,0.086412,-0.000727,0.069223,0.000796,0.003719
0,-0.010566,0.055806,0.024072,-0.147461,0.02103,-0.102593,0.000184,0.000974
0,0.228021,-0.042501,0.223967,-0.125398,0.252784,-0.121958,0.00398,0.000742
0,0.029474,0.213338,-0.20802,0.284586,-0.245568,0.239605,0.000514,0.003723
0,-0.04431,0.230861,-0.089543,0.003531,-0.069692,0.013823,0.000773,0.004029
0,0.019726,-0.078038,0.054454,-0.323027,0.024169,-0.304793,0.000344,0.001362
0,0.078498,0.210728,0.039577,0.262301,0.021869,0.246872,0.00137,0.003678
0,0.287869,0.202385,0.194514,-0.006007,0.149697,-0.036263,0.005024,0.003532
0,0.188503,-0.028115,-0.112054,-0.245395,-0.157804,-0.273752,0.00329,0.000491
0,0.04743,0.104777,-0.140281,0.162865,-0.135313,0.211431,0.000828,0.001829
0,0.126108,0.025977,0.084909,-0.090752,0.043084,-0.053509,0.002201,0.000453
0,0.286701,0.17538,0.187451,0.149026,0.23092,0.189549,0.005004,0.003061
0,0.187647,-0.019476,-0.081705,-0.195794,-0.042898,-0.207696,0.003275,0.00034
0,-0.002629,-0.013444,-0.175261,0.024662,-0.131657,0.061091,4.6e-05,0.000235
0,0.082068,0.107398,0.075064,0.110268,0.033414,0.077609,0.001432,0.001874
0,0.152325,0.008841,0.075459,-0.076214,0.085162,-0.053466,0.002659,0.000154
0,-0.121695,-0.030966,-0.263626,-0.025236,-0.252668,0.011743,0.002124,0.00054
0,-0.053973,0.120564,0.075407,0.125618,0.084926,0.127217,0.000942,0.002104
0,0.048891,0.072649,0.096392,-0.054554,0.112063,-0.011694,0.000853,0.001268
0,-0.102872,0.1973,-0.154392,0.127232,-0.127053,0.085029,0.001795,0.003444
0,0.042685,-0.081874,0.132254,-0.250233,0.154302,-0.299033,0.000745,0.001429
0,-0.0389,-0.109226,-0.075425,0.002306,-0.076892,0.02724,0.000679,0.001906
0,0.048942,-0.075732,0.063148,0.041739,0.021043,0.02912,0.000854,0.001322
0,0.138987,0.089245,0.106879,0.14381,0.124707,0.155162,0.002426,0.001558
0,0.102221,-0.085096,-0.022245,-0.156823,0.003832,-0.127234,0.001784,0.001485
0,0.018797,0.192794,-0.074493,0.272763,-0.101714,0.25398,0.000328,0.003365
0,-0.104726,0.079115,-0.149117,-0.100744,-0.190326,-0.082339,0.001828,0.001381
0,-0.183564,0.155692,-0.098936,0.104948,-0.109022,0.118557,0.003204,0.002717
0,0.060052,-0.029926,0.261578,-0.215034,0.211716,-0.226889,0.001048,0.000522
0,-0.15299,-0.012174,-0.234417,0.04031,-0.235939,0.058484,0.00267,0.000212
0,-0.10283,0.236451,0.059167,0.263865,0.031989,0.24372,0.001795,0.004127
0,-0.107081,0.130182,-0.015288,-0.114818,0.022904,-0.146506,0.001869,0.002272
0,0.042256,0.034099,0.149666,-0.084108,0.17171,-0.083629,0.000738,0.000595
0,-0.021515,-0.036136,-0.077358,-0.057941,-0.115023,-0.019459,0.000376,0.000631
0,-0.168735,0.204912,-0.157802,0.213374,-0.141422,0.179767,0.002945,0.003576
0,-0.2223,0.111805,-0.029791,-0.113322,-0.053161,-0.102873,0.00388,0.001951
0,-0.219962,0.209834,-0.012094,0.115978,-0.028407,0.078666,0.003839,0.003662
0,-0.158755,0.059721,0.056654,-0.12495,0.063521,-0.151754,0.002771,0.001042
0,-0.144686,0.190723,-0.009373,0.117706,-0.027,0.130593,0.002525,0.003329
0,-0.012177,-0.007481,0.158096,-0.207031,0.192051,-0.184769,0.000213,0.000131
0,-0.05865,0.097961,-0.036863,0.096795,-0.039024,0.058377,0.001024,0.00171
0,-0.07465,0.157036,-0.041397,0.060415,-0.057295,0.080379,0.001303,0.002741
0,-0.097799,0.02968,-0.018935,-0.117805,0.014426,-0.106237,0.001707,0.000518
0,-0.02276,0.219291,0.065012,0.203721,0.088093,0.236629,0.000397,0.003827
0,-0.146713,0.008348,-0.135813,-0.199102,-0.092806,-0.204435,0.002561,0.000146
0,-0.257222,0.072108,-0.081236,0.045464,-0.123239,0.073035,0.004489,0.001259
0,0.01129,-0.06009,0.278894,-0.137449,0.325358,-0.172708,0.000197,0.001049
0,0.04717,0.116266,0.041701,0.191399,0.083399,0.164145,0.000823,0.002029
0,-0.009202,-0.068722,-0.040816,-0.167096,-0.015046,-0.147062,0.000161,0.001199
0,0.047032,-0.027337,0.044133,0.022264,0.074145,-0.021048,0.000821,0.000477
0,-0.095181,0.183483,-0.157541,0.191974,-0.108807,0.145614,0.001661,0.003202
0,-0.074463,-0.059362,0.008948,-0.258925,0.043307,-0.215791,0.0013,0.001036
0,-0.183831,0.225861,-0.085822,0.305128,-0.038108,0.318738,0.003208,0.003942
0,-0.029998,0.174332,0.170331,-0.035282,0.135247,-0.030487,0.000524,0.003043
0,-0.27657,-0.004312,-0.25228,-0.188563,-0.298518,-0.168906,0.004827,7.5e-05
0,-0.208962,0.149919,0.063848,0.148217,0.08667,0.137465,0.003647,0.002617
0,-0.293695,0.061564,-0.081499,-0.065258,-0.040109,-0.035735,0.005126,0.001074
0,-0.140777,-0.00807,0.17002,-0.09329,0.202226,-0.06967,0.002457,0.000141
0,-0.142817,0.180251,0.003376,0.181581,-0.005307,0.133561,0.002493,0.003146
0,-0.200733,0.040564,-0.080841,-0.118828,-0.119365,-0.082338,0.003503,0.000708
0,-0.123773,-0.011662,0.072445,-0.074011,0.117856,-0.040893,0.00216,0.000204
0,-0.234202,0.055589,-0.105442,0.075333,-0.108427,0.110977,0.004088,0.00097
0,-0.125085,0.048308,0.095698,-0.013302,0.098787,-0.010842,0.002183,0.000843
0,-0.147659,0.03541,-0.050049,0.000573,-0.081485,0.002242,0.002577,0.000618
0,-0.058746,-0.132774,0.059608,-0.178049,0.068122,-0.225629,0.001025,0.002317
0,-0.139523,-0.063368,-0.053942,0.063835,-0.006339,0.065613,0.002435,0.001106
0,-0.074162,-0.023036,0.082369,0.013742,0.12939,0.061037,0.001294,0.000402
0,-0.212613,0.035079,-0.121692,0.063543,-0.129117,0.083854,0.003711,0.000612
0,-0.179018,-0.141547,0.017231,-0.154508,0.021532,-0.162351,0.003124,0.00247
0,-0.092435,0.110441,0.06321,0.252097,0.018973,0.210852,0.001613,0.001928
0,-0.276482,0.108274,-0.175987,0.006761,-0.177423,0.010707,0.004826,0.00189
0,-0.081917,-0.145774,0.180394,-0.256102,0.176912,-0.292794,0.00143,0.002544
0,-0.242318,0.03047,-0.184961,0.199191,-0.1709,0.223556,0.004229,0.000532
0,-0.252452,0.043684,0.014088,0.014456,0.018787,0.017713,0.004406,0.000762
0,-0.156415,-0.10265,0.097499,-0.164453,0.142222,-0.134516,0.00273,0.001792
0,-0.283266,-0.058598,-0.0988,0.063396,-0.061283,0.078511,0.004944,0.001023
0,-0.255733,0.119499,0.046774,0.165123,0.044866,0.196338,0.004463,0.002086
0,-0.080693,-0.054362,0.160944,-0.168634,0.125213,-0.127352,0.001408,0.000949
0,-0.114671,-0.109255,-0.042301,-0.075257,-0.058321,-0.032318,0.002001,0.001907
0,-0.076716,0.002667,0.010505,0.105155,0.008717,0.082639,0.001339,4.7e-05
0,-0.246781,0.150163,-0.175176,0.127814,-0.20355,0.153914,0.004307,0.002621
0,-0.029905,-0.091508,0.2307,-0.248044,0.243529,-0.243874,0.000522,0.001597
0,-0.128351,0.03135,-0.105858,0.126775,-0.113374,0.099486,0.00224,0.000547
0,0.045386,-0.034946,0.1463,-0.036609,0.115947,-0.046219,0.000792,0.00061
0,-0.109742,-0.047811,-0.177904,0.012528,-0.18165,0.047085,0.001915,0.000834
0,-0.17918,0.064767,-0.077352,0.08728,-0.031489,0.062988,0.003127,0.00113
0,0.082529,0.053204,0.264154,0.017863,0.256303,0.061224,0.00144,0.000929
0,-0.144903,0.000232,-0.208141,-0.03199,-0.214622,-0.025406,0.002529,4e-06
0,0.063684,0.057091,0.21881,0.031979,0.187027,0.067516,0.001111,0.000996
0,-0.237877,0.156236,-0.283394,0.103659,-0.311572,0.061181,0.004152,0.002727
0,-0.195583,-0.072618,0.069961,-0.208859,0.08441,-0.213247,0.003414,0.001267
0,-0.09139,0.171801,0.117582,0.267808,0.160959,0.217863,0.001595,0.002998
0,0.061914,0.162387,0.170799,-0.018429,0.168308,0.02486,0.001081,0.002834
0,-0.178759,-0.086124,-0.240062,-0.268214,-0.255854,-0.284711,0.00312,0.001503
0,-0.07993,0.153231,0.069393,0.231405,0.117484,0.221987,0.001395,0.002674
0,-0.215546,0.068688,-0.142626,-0.078264,-0.11983,-0.089227,0.003762,0.001199
0,-0.082465,-0.071682,0.130045,-0.113575,0.097392,-0.106981,0.001439,0.001251
0,-0.098176,-0.085159,-0.029223,0.013341,-0.026832,0.026992,0.001713,0.001486
0,-0.051281,0.157403,0.054909,0.227679,0.057928,0.197171,0.000895,0.002747
0,0.044231,0.045742,0.092766,-0.130487,0.085786,-0.103543,0.000772,0.000798
0,0.151839,0.19882,0.090264,0.150719,0.08172,0.119915,0.00265,0.00347
0,0.013759,-0.04954,-0.147334,-0.276534,-0.189508,-0.269921,0.00024,0.000865
0,-0.009055,-0.074287,-0.017549,-0.039597,-0.039345,-0.057326,0.000158,0.001297
0,0.038265,-0.062438,0.057862,-0.010043,0.02224,-0.004712,0.000668,0.00109
0,0.050713,0.136984,-0.005384,0.214801,-0.007595,0.22274,0.000885,0.002391
0,0.015149,0.017006,-0.056372,-0.149781,-0.034753,-0.173263,0.000264,0.000297
0,0.053134,-0.0389,0.060182,-0.0509,0.02548,-0.005503,0.000927,0.000679
0,0.042911,-0.056491,-0.017091,-0.047544,-0.015909,-0.004929,0.000749,0.000986
0,-0.027551,0.11635,-0.042145,0.201504,-0.075977,0.224786,0.000481,0.002031
0,-0.190678,0.060589,-0.174155,-0.060608,-0.180378,-0.036221,0.003328,0.001057
0,-0.076916,0.025301,0.140614,-0.039841,0.127871,-0.014445,0.001342,0.000442
0,-0.097422,-0.019518,0.003526,-0.074367,0.02942,-0.030177,0.0017,0.000341
0,-0.147085,0.083091,-0.064664,0.076917,-0.112501,0.123686,0.002567,0.00145
0,-0.007797,0.046825,0.141412,-0.030838,0.139283,-0.036936,0.000136,0.000817
0,0.031131,0.119845,0.016041,0.092013,0.036856,0.088708,0.000543,0.002092
0,-0.117272,0.139761,-0.147513,0.013539,-0.1306,0.019551,0.002047,0.002439
0,0.057655,-0.048049,0.145297,-0.20109,0.148517,-0.200341,0.001006,0.000839
0,-0.108453,-0.017963,-0.189376,0.011895,-0.187275,0.009899,0.001893,0.000314
0,-0.05444,-0.025393,0.05816,0.012115,0.01914,-0.03727,0.00095,0.000443
0,-0.147042,0.123032,-0.080589,0.121327,-0.090705,0.152843,0.002566,0.002147
0,0.088878,0.19358,0.246203,0.064947,0.274886,0.019425,0.001551,0.003379
0,-0.098995,0.058091,-0.183443,-0.117422,-0.191583,-0.079377,0.001728,0.001014
0,-0.028801,0.147662,0.07551,0.062311,0.040773,0.059575,0.000503,0.002577
0,-0.204127,0.15013,-0.201272,-0.003343,-0.179633,-0.041599,0.003563,0.00262
0,-0.152703,0.046737,0.038925,-0.102367,0.038467,-0.099834,0.002665,0.000816
0,-0.021725,0.042561,0.120555,0.019497,0.158728,-0.020879,0.000379,0.000743
0,0.0466,0.095028,0.089655,0.065253,0.076242,0.05922,0.000813,0.001659
0,0.036641,0.077107,-0.008438,-0.031729,0.00872,-0.020958,0.00064,0.001346
0,-0.108313,0.108819,-0.167907,0.037193,-0.167791,0.040148,0.00189,0.001899
0,-0.1777,0.100977,-0.048887,-0.021296,-0.082988,-0.012294,0.003101,0.001762
0,-0.122327,-0.090985,0.046332,-0.211166,0.002493,-0.171573,0.002135,0.001588
0,-0.140835,-0.148351,-0.043599,-0.0826,0.002508,-0.104473,0.002458,0.002589
0,-0.037073,-0.13092,0.091738,0.011718,0.070234,-0.035954,0.000647,0.002285
0,-0.025314,-0.17838,0.028235,-0.057344,-0.003291,-0.050791,0.000442,0.003113
0,-0.09642,-0.086252,-0.090023,0.065309,-0.07412,0.038212,0.001683,0.001505
0,-0.317479,-0.173709,-0.222584,-0.084722,-0.227746,-0.068566,0.005541,0.003032
0,-0.209821,-0.04976,0.12176,0.107791,0.132687,0.076432,0.003662,0.000868
0,-0.126048,-0.066049,0.066037,-0.045968,0.098483,-0.05273,0.0022,0.001153
0,-0.209296,-0.009432,-0.055003,0.045086,-0.080849,0.048511,0.003653,0.000165
0,-0.027879,0.059644,0.190186,0.044719,0.240069,0.063457,0.000487,0.001041
0,-0.131217,0.034875,-0.124436,-0.053314,-0.124191,-0.082819,0.00229,0.000609
0,-0.128803,0.094667,0.010382,0.029863,0.052333,0.05621,0.002248,0.001652
0,3.148344,0.181525,3.293667,0.066121,3.274134,0.111408,0.005503,0.003168
0,3.00805,0.139966,-0.169735,-0.045745,-0.12026,-0.025057,0.004138,0.002443
0,2.726504,0.108163,-0.25333,-0.0096,-0.257118,-0.05537,0.000775,0.001888
0,2.898348,0.16936,0.146809,0.04583,0.133762,0.00768,0.002224,0.002956
0,2.151852,0.038348,-0.772163,-0.140306,-0.737786,-0.150693,0.001285,0.000669
0,1.942654,0.120289,-0.201466,0.071049,-0.187859,0.119827,0.002366,0.002099
0,1.220012,0.104906,-0.742807,-0.044712,-0.731243,-0.068377,0.002888,0.001831
0,0.702983,0.325065,-0.516916,0.194671,-0.546512,0.242746,0.000179,0.005673
0,0.622781,0.095427,-0.095878,-0.221796,-0.054923,-0.183778,0.001221,0.001666
0,0.454011,0.082907,-0.196714,-0.027159,-0.235517,0.005722,0.004166,0.001447
0,-0.17216,0.246051,-0.624884,0.143393,-0.595456,0.125537,0.003005,0.004294
0,-0.151435,0.104884,0.024054,-0.143135,-0.019396,-0.182006,0.002643,0.001831
0,-0.384485,0.083076,-0.244084,-0.020234,-0.217658,-0.035887,0.00538,0.00145
0,-0.091521,0.054908,0.270161,0.001136,0.228984,-0.018366,0.001597,0.000958
0,-0.290583,0.202475,-0.198524,0.137693,-0.164373,0.125526,0.005072,0.003534
0,-0.072548,0.137565,0.191082,-0.062722,0.174788,-0.014616,0.001266,0.002401
0,-0.168531,0.00998,-0.088312,-0.121388,-0.110794,-0.076422,0.002941,0.000174
0,-0.17695,0.280637,-0.011748,0.259447,0.006519,0.254248,0.003088,0.004898
0,-0.104283,0.288766,0.089541,0.024727,0.044371,0.016916,0.00182,0.00504
0,-0.322225,0.11773,-0.202887,-0.174153,-0.174353,-0.214159,0.005624,0.002055
0,-0.227762,0.218559,0.090561,0.072497,0.077924,0.083942,0.003975,0.003815
0,-0.07006,0.253343,0.146334,0.064358,0.172553,0.078725,0.001223,0.004422
0,-0.066763,0.181767,0.028417,-0.075788,-0.010372,-0.103411,0.001165,0.003172
0,-0.067254,0.13387,-0.008845,-0.031914,-0.017172,0.010576,0.001174,0.002336
0,-0.301373,0.048401,-0.208525,-0.096782,-0.188426,-0.05665,0.00526,0.000845
0,-0.289191,0.068886,0.011199,0.035954,0.008261,0.069662,0.005047,0.001202
0,-0.193587,0.232981,0.098839,0.135688,0.066394,0.184194,0.003379,0.004066
0,-0.325581,0.330538,-0.139829,0.083567,-0.186044,0.036961,0.005682,0.005769
0,-0.270389,0.30339,0.061493,-0.016733,0.035319,-0.063839,0.004719,0.005295
0,-0.134175,0.261157,0.119017,-0.035754,0.155054,-0.075458,0.002342,0.004558
0,-0.079819,0.118302,0.063641,-0.113563,0.075823,-0.076254,0.001393,0.002065
0,-0.026043,0.265168,0.04279,0.128823,-0.004944,0.129754,0.000455,0.004628
0,-0.103579,0.142425,-0.07437,-0.145495,-0.119802,-0.178682,0.001808,0.002486
0,-0.118194,0.296373,-0.03635,0.165984,-0.031519,0.143749,0.002063,0.005173
0,-0.265935,0.150341,-0.121367,-0.125718,-0.127772,-0.168548,0.004641,0.002624
0,-0.176974,0.213488,0.107445,0.060684,0.11971,0.090496,0.003089,0.003726
0,-0.006135,0.030428,0.180506,-0.160613,0.209613,-0.13965,0.000107,0.000531
0,-0.006566,0.047167,-0.013653,-0.004636,-0.021324,0.027048,0.000115,0.000823
0,-0.233791,0.274282,-0.213696,0.204627,-0.216101,0.250246,0.00408,0.004787
0,0.036141,0.028448,0.286761,-0.253931,0.276462,-0.282322,0.000631,0.000497
0,-0.031459,0.157854,-0.083946,0.148709,-0.119232,0.170002,0.000549,0.002755
0,0.058822,0.200161,0.096911,0.056214,0.094864,0.048717,0.001027,0.003493
0,0.002704,0.245349,-0.04956,0.052304,-0.019844,0.092622,4.7e-05,0.004282
0,0.017936,0.044792,0.019762,-0.180663,-0.017156,-0.172998,0.000313,0.000782
0,1.597705,-1.874828,1.551397,-1.940559,1.577298,-1.901633,0.003704,0.00355
0,1.795705,-2.037612,0.197714,-0.14657,0.166245,-0.165307,0.00493,0.000708
0,2.483317,-2.135819,0.705082,-0.097133,0.73497,-0.127997,0.00502,0.001006
0,3.02883,-1.794184,0.529883,0.329227,0.495719,0.357089,0.004501,0.004957
0,3.114378,-2.161725,0.07726,-0.38321,0.094107,-0.414474,0.005994,0.001458
0,3.00572,-1.977128,-0.088662,0.195319,-0.106445,0.236259,0.004098,0.001764
0,2.750592,-1.563836,-0.251895,0.43619,-0.246807,0.456874,0.000355,0.003113
0,2.205587,-1.026344,-0.548998,0.560679,-0.509767,0.597628,0.002223,0.005823
0,1.554049,-0.586527,-0.654043,0.421116,-0.607239,0.380624,0.002942,0.001854
0,1.104666,-0.226131,-0.44204,0.361996,-0.468665,0.383244,0.004901,0.003947
0,0.505698,0.058594,-0.573758,0.311127,-0.531717,0.282491,0.003264,0.001023
0,0.058233,0.130561,-0.470033,0.065526,-0.423887,0.075328,0.001016,0.002279
0,-0.150015,0.075717,-0.237058,-0.051153,-0.219916,-0.001438,0.002618,0.001322
0,-0.014491,0.064736,0.158175,0.012984,0.203861,-0.012102,0.000253,0.00113
0,-0.130176,0.165023,-0.141227,0.119229,-0.160102,0.120604,0.002272,0.00288
0,-0.38001,0.230101,-0.223714,0.059634,-0.201262,0.040405,0.005458,0.004016
0,-0.362229,0.323613,-0.000432,0.075013,-0.025624,0.081535,0.005768,0.005648
0,-0.344422,0.251964,0.01218,-0.067561,0.026028,-0.02701,0.006011,0.004398
0,-0.404494,0.075132,-0.055829,-0.147847,-0.025501,-0.189758,0.005031,0.001311
0,-0.260585,0.351335,0.157672,0.265806,0.159303,0.234608,0.004548,0.005959
0,-0.148734,0.144593,0.115197,-0.207829,0.088728,-0.170657,0.002596,0.002524
0,-0.154453,0.061929,0.009048,-0.065316,-0.039444,-0.069813,0.002696,0.001081
0,-0.113519,-0.029717,0.023311,-0.07815,-0.008116,-0.066349,0.001981,0.000519
0,-0.153147,0.243314,-0.056722,0.263936,-0.013416,0.222026,0.002673,0.004247
0,-0.198645,0.13733,-0.044736,-0.108466,-0.02622,-0.068009,0.003467,0.002397
0,-0.046391,0.083838,0.129053,-0.034434,0.158879,-0.042192,0.00081,0.001463
0,-0.02654,0.135572,-0.000994,0.023572,0.037169,0.056769,0.000463,0.002366
0,-0.036609,0.227805,-0.012221,0.08356,-0.051581,0.047548,0.000639,0.003976
0,-0.027424,0.052481,-0.017668,-0.166064,-0.035242,-0.119744,0.000479,0.000916
0,0.021775,-0.016406,0.063805,-0.056245,0.035117,-0.049364,0.00038,0.000286
0,-0.006256,0.140292,-0.001303,0.184498,0.027201,0.177401,0.000109,0.002449
0,0.016834,-0.069225,0.041064,-0.205102,0.083428,-0.218413,0.000294,0.001208
0,-0.050852,0.155203,-0.096698,0.22103,-0.115011,0.216105,0.000888,0.002709
0,-0.020822,-0.051588,0.024498,-0.184665,0.040468,-0.15438,0.000363,0.0009
0,-0.073742,-0.032138,-0.075064,0.034168,-0.06718,0.045141,0.001287,0.000561
0,0.024934,-0.027356,0.119619,0.026189,0.144863,-0.023247,0.000435,0.000477
0,0.02314,0.15986,0.01339,0.205061,0.00471,0.252857,0.000404,0.00279
0,-0.061515,0.053527,-0.062183,-0.088256,-0.024131,-0.046634,0.001074,0.000934
0,0.76354,-1.309537,0.845631,-1.369087,0.824006,-1.342144,0.001236,0.001325
0,0.926645,-1.319719,0.186305,0.014657,0.204054,0.012192,0.004083,0.001148
0,1.483546,-2.590234,0.558816,-1.241573,0.584882,-1.23393,0.001712,0.003154
0,1.833427,-2.318029,0.359755,0.246019,0.383762,0.268182,0.004272,0.004186
0,1.954427,-2.132443,0.129496,0.165846,0.097924,0.120966,0.00216,0.000947
0,1.621641,-2.017774,-0.340916,0.10107,-0.307919,0.145806,0.004122,0.001055
0,1.128386,-1.291049,-0.463549,0.725293,-0.487303,0.715982,0.004487,0.001648
0,0.461443,-0.97099,-0.69429,0.305748,-0.681768,0.334992,0.004037,0.004856
0,0.301751,-0.517064,-0.179173,0.437731,-0.223274,0.457429,0.005267,0.003066
0,0.290245,-0.613008,-0.030351,-0.081183,-0.013441,-0.089303,0.005066,0.001391
0,0.224283,-0.308832,-0.077891,0.309909,-0.10367,0.341891,0.003914,0.00539
0,-0.097934,0.014321,-0.343708,0.32027,-0.321243,0.288112,0.001709,0.00025
0,-0.123412,0.033381,-0.029239,0.001042,0.011166,0.013892,0.002154,0.000583
0,0.005584,0.269666,0.102575,0.261279,0.067607,0.261074,9.7e-05,0.004707
0,-0.180937,0.262161,-0.213935,-0.01636,-0.229717,-0.029595,0.003158,0.004576
0,-0.045034,0.340499,0.137012,0.069348,0.127486,0.070915,0.000786,0.005943
0,-0.116861,0.345834,-0.077161,0.027069,-0.037193,-0.010273,0.00204,0.006036
0,-0.16747,0.419352,-0.046669,0.048236,-0.08292,0.090147,0.002923,0.004771
0,-0.138595,0.159868,0.017454,-0.258172,0.005503,-0.218361,0.002419,0.00279
0,-0.045143,0.151923,0.097112,-0.019492,0.094977,0.010727,0.000788,0.002652
0,0.035171,0.300976,0.052077,0.137556,0.002232,0.096617,0.000614,0.005253
0,-0.084578,0.291127,-0.136321,0.015294,-0.092946,0.034594,0.001476,0.005081
0,-0.106518,0.169505,-0.02214,-0.116583,0.019953,-0.115278,0.001859,0.002958
0,0.06734,0.024403,0.176424,-0.152585,0.173297,-0.153673,0.001175,0.000426
0,-0.037249,0.066141,-0.132831,0.020558,-0.102987,0.040758,0.00065,0.001154
0,0.085443,0.105912,0.126634,0.022136,0.142306,-0.025292,0.001491,0.001849
0,-0.023739,0.180649,-0.138864,0.071758,-0.164305,0.045953,0.000414,0.003153
0,-0.027369,0.222387,0.002446,0.067839,0.021765,0.104352,0.000478,0.003881
0,0.062133,0.24581,0.06088,0.030119,0.055442,0.004066,0.001084,0.00429
0,0.027757,0.062966,-0.042399,-0.209991,-0.087916,-0.250789,0.000484,0.001099
0,-0.038817,0.213308,-0.06394,0.157283,-0.038355,0.168171,0.000677,0.003723
0,0.121531,0.18365,0.167983,-0.053867,0.136135,-0.039167,0.002121,0.003205
0,-0.169705,0.090271,-0.318308,-0.090451,-0.315654,-0.110808,0.002962,0.001576
0,-0.114284,-0.005958,0.037516,-0.082787,0.035547,-0.095107,0.001995,0.000104
0,-0.072884,0.177173,0.057805,0.211361,0.057423,0.202593,0.001272,0.003092
0,-0.115068,0.193299,-0.037188,0.029851,-0.045279,-0.019317,0.002008,0.003374
0,-0.108715,0.158732,0.010537,-0.058552,-0.015273,-0.015964,0.001897,0.00277
0,-0.139664,0.019546,-0.020508,-0.140385,-0.062006,-0.118679,0.002438,0.000341
0,0.059141,0.149264,0.190206,0.156805,0.16992,0.171564,0.001032,0.002605
0,-0.072834,0.139783,-0.148673,-0.000925,-0.18703,0.003351,0.001271,0.00244
0,-0.04322,0.01772,0.009756,-0.10224,0.031616,-0.13429,0.000754,0.000309
0,0.002752,0.127973,0.029801,0.114659,0.051812,0.160065,4.8e-05,0.002234
0,-0.000274,0.122363,0.001414,-0.028621,0.006772,-0.014391,5e-06,0.002136
0,-0.033697,0.035525,-0.054116,-0.113207,-0.09993,-0.119717,0.000588,0.00062
0,-0.008759,0.209488,-0.00446,0.187663,0.000901,0.182197,0.000153,0.003656
0,-0.199267,-0.015163,-0.202191,-0.210153,-0.22183,-0.258802,0.003478,0.000265
0,-0.146545,0.220939,0.032715,0.256367,0.077104,0.270638,0.002558,0.003856
0,-0.046824,0.050157,0.127246,-0.154908,0.149643,-0.152337,0.000817,0.000875
0,-0.002107,0.244525,0.019154,0.166402,0.010791,0.15386,3.7e-05,0.004268
0,-0.140027,0.225048,-0.158596,-0.049421,-0.197983,-0.089173,0.002444,0.003928
0,-0.110448,-0.004484,0.017535,-0.220548,-0.031784,-0.265799,0.001928,7.8e-05
0,0.128065,0.186967,0.255132,0.173701,0.254518,0.126392,0.002235,0.003263
0,0.016909,0.124691,-0.102667,-0.078799,-0.140462,-0.124858,0.000295,0.002176
0,-0.05836,-0.006258,-0.09878,-0.139411,-0.130087,-0.090852,0.001019,0.000109
0,-0.09084,-0.016685,-0.034083,-0.006999,0.010348,-0.036139,0.001585,0.000291
0,-0.018464,-0.009299,0.057668,0.014082,0.105634,-0.035535,0.000322,0.000162
0,0.177485,0.052601,0.216291,0.062841,0.25883,0.020075,0.003098,0.000918
0,0.01487,-0.049396,-0.182988,-0.096022,-0.16982,-0.124057,0.00026,0.000862
0,0.106616,0.212347,0.061855,0.239742,0.038099,0.255211,0.001861,0.003706
0,0.224898,0.011043,0.093174,-0.225109,0.105917,-0.214322,0.003925,0.000193
0,0.049578,0.169611,-0.166924,0.168888,-0.121691,0.151307,0.000865,0.00296
0,-0.065448,0.111148,-0.100828,-0.049304,-0.051671,-0.041931,0.001142,0.00194
0,-0.11994,0.038655,-0.061171,-0.089296,-0.055939,-0.124123,0.002093,0.000675
0,-0.129286,-0.004665,-0.024321,-0.058206,-0.026175,-0.068535,0.002256,8.1e-05
0,-0.059166,0.182727,0.04591,0.215165,0.053074,0.211462,0.001033,0.003189
0,0.057166,0.172285,0.127239,-0.012022,0.117756,-0.035693,0.000998,0.003007
0,-0.033165,0.221517,-0.09445,0.053538,-0.05074,0.06161,0.000579,0.003866
0,-0.008471,0.004794,0.003167,-0.201327,-0.036211,-0.191709,0.000148,8.4e-05
0,0.12766,0.04009,0.11699,0.047609,0.151416,0.066873,0.002228,0.0007
0,-0.071472,0.153245,-0.177464,0.123662,-0.169069,0.100816,0.001247,0.002675
0,0.132307,0.092318,0.200643,-0.034893,0.212546,-0.009363,0.002309,0.001611
0,-0.024875,0.059887,-0.172013,-0.05837,-0.128247,-0.072881,0.000434,0.001045
0,-0.018416,0.065916,-0.003466,0.007258,-0.014265,0.03439,0.000321,0.00115
0,-0.101798,-0.022481,-0.058934,-0.079367,-0.046756,-0.045075,0.001777,0.000392
0,-0.00037,0.052956,0.092114,0.082272,0.114032,0.05354,6e-06,0.000924
0,-0.069073,0.079213,-0.047186,-0.002652,-0.065194,0.018984,0.001206,0.001383
0,0.100713,0.150765,0.184537,0.072613,0.145185,0.085436,0.001758,0.002631
0,-0.014101,0.188293,-0.126618,0.058249,-0.083445,0.038115,0.000246,0.003286
0,-0.030717,0.072062,-0.04052,-0.129027,-0.026737,-0.158441,0.000536,0.001258
0,-0.146991,0.200453,-0.117503,0.15665,-0.090295,0.193289,0.002565,0.003499
0,-0.012062,0.119859,0.129882,-0.069767,0.134355,-0.025331,0.000211,0.002092
0,0.14691,0.010652,0.147673,-0.107046,0.125172,-0.070346,0.002564,0.000186
0,0.073927,-0.026707,-0.08698,-0.052402,-0.075542,-0.017139,0.00129,0.000466
0,0.066236,0.11734,-0.005632,0.159339,-0.015579,0.139491,0.001156,0.002048
0,-0.018512,0.025688,-0.08951,-0.07382,-0.075815,-0.079982,0.000323,0.000448
0,0.121198,0.001107,0.113662,-0.039546,0.092891,-0.016087,0.002115,1.9e-05
0,0.088018,0.155359,-0.037259,0.170391,0.003846,0.194614,0.001536,0.002712
0,0.160775,-0.010877,0.07233,-0.170842,0.061284,-0.132921,0.002806,0.00019
0,0.097982,0.100058,-0.055434,0.138749,-0.0148,0.129721,0.00171,0.001746
0,0.003493,-0.137163,-0.079082,-0.232389,-0.0337,-0.189883,6.1e-05,0.002394
0,0.157134,-0.108123,0.157326,0.053728,0.126014,0.042433,0.002743,0.001887
0,-0.076206,0.078781,-0.209706,0.189636,-0.251782,0.147197,0.00133,0.001375
0,-0.022577,0.07652,0.032047,-0.023472,0.036511,-0.062435,0.000394,0.001336
0,0.066382,0.061893,0.064956,-0.005302,0.102941,0.027344,0.001159,0.00108
0,-0.074116,-0.132221,-0.135427,-0.179941,-0.174619,-0.215283,0.001294,0.002308
0,-0.04141,0.060548,0.034633,0.175892,-0.012325,0.149733,0.000723,0.001057
0,0.059784,0.096618,0.111293,0.028921,0.108161,0.0745,0.001043,0.001686
0,0.130847,0.093266,0.047938,0.006645,0.074521,-0.02189,0.002284,0.001628
0,0.144181,0.120527,-0.013554,0.050862,-0.032983,0.005367,0.002516,0.002104
0,0.092889,-0.020783,-0.072409,-0.128442,-0.036099,-0.106013,0.001621,0.000363
0,0.094431,-0.064278,0.002926,-0.059317,-0.02208,-0.016065,0.001648,0.001122
0,-0.03768,0.005363,-0.150555,0.064254,-0.112538,0.087963,0.000658,9.4e-05
0,-0.193614,0.063694,-0.181759,0.047084,-0.13755,0.066668,0.003379,0.001112
0,-0.06941,0.074411,0.097979,0.026184,0.072104,0.043594,0.001211,0.001299
0,0.031405,-0.015666,0.122795,-0.097492,0.106565,-0.117568,0.000548,0.000273
0,-0.175971,-0.02878,-0.228326,-0.004771,-0.223709,0.008526,0.003071,0.000502
0,-0.026765,0.159272,0.120531,0.187666,0.117417,0.177976,0.000467,0.00278
0,-0.269249,0.190311,-0.224104,0.02654,-0.187501,0.053649,0.004699,0.003322
0,-0.028639,-0.069077,0.223862,-0.270166,0.214176,-0.228138,0.0005,0.001206
0,-0.280826,0.00203,-0.263337,0.075948,-0.244728,0.028085,0.004901,3.5e-05
0,-0.028331,0.052837,0.274638,0.057132,0.265045,0.072048,0.000494,0.000922
0,-0.172674,-0.054855,-0.121852,-0.078896,-0.105641,-0.094768,0.003014,0.000957
0,-0.113821,0.207858,0.037755,0.271873,0.042496,0.224942,0.001987,0.003628
0,-0.159778,-0.021569,-0.060414,-0.245236,-0.03462,-0.208081,0.002789,0.000376
0,0.000368,-0.013538,0.144764,0.007437,0.150847,0.008965,6e-06,0.000236
0,-0.084194,-0.049095,-0.103215,-0.038395,-0.118033,-0.047978,0.001469,0.000857
0,-0.27886,0.041252,-0.190419,0.076978,-0.16324,0.029025,0.004867,0.00072
0,-0.125129,0.094269,0.15994,0.082185,0.172337,0.065372,0.002184,0.001645
0,-0.075419,-0.015292,0.033606,-0.131148,0.043248,-0.125461,0.001316,0.000267
0,-0.137082,0.074353,-0.051302,0.087659,-0.043917,0.040088,0.002393,0.001298
0,-0.234068,0.02804,-0.09906,-0.074381,-0.065209,-0.055322,0.004085,0.000489
0,-0.107898,0.015795,0.117675,-0.009959,0.0881,0.03491,0.001883,0.000276
0,-0.157788,0.132492,-0.046608,0.12006,-0.048658,0.092965,0.002754,0.002312
0,-0.267931,0.153399,-0.114918,-0.003863,-0.154689,-0.030263,0.004676,0.002677
0,-0.078059,0.136793,0.194864,-0.00405,0.170695,0.005426,0.001362,0.002387
0,-0.091378,-0.036268,0.010789,-0.168147,0.024894,-0.150097,0.001595,0.000633
0,-0.2291,0.022562,-0.159218,0.083005,-0.206725,0.04889,0.003999,0.000394
0,-0.066325,0.15449,0.160879,0.132328,0.145766,0.115784,0.001158,0.002696
0,-0.203821,-0.044776,-0.115904,-0.202761,-0.148818,-0.195226,0.003557,0.000781
0,-0.145317,-0.030517,0.028715,-0.005895,0.059376,-0.018794,0.002536,0.000533
0,-0.07262,-0.028359,0.081069,0.000163,0.063764,0.017881,0.001267,0.000495
0,-0.228018,0.027685,-0.144579,0.026418,-0.121957,-0.023492,0.00398,0.000483
0,0.053387,0.04408,0.286614,0.023985,0.241008,0.020506,0.000932,0.000769
0,0.038274,0.146956,0.000599,0.074243,-0.048766,0.099197,0.000668,0.002565
0,0.054807,-0.014076,-0.000596,-0.151088,0.034568,-0.197664,0.000957,0.000246
0,0.016716,0.041899,-0.037552,0.033923,-0.03035,0.043426,0.000292,0.000731
0,-0.039178,-0.041108,-0.085682,-0.082032,-0.044397,-0.105003,0.000684,0.000717
0,-0.057511,-0.125041,-0.03751,-0.104299,0.012344,-0.108886,0.001004,0.002182
0,0.032675,-0.003895,0.060397,0.150452,0.070331,0.111987,0.00057,6.8e-05
0,-0.198395,-0.011805,-0.216825,-0.032309,-0.190674,-0.006733,0.003463,0.000206
0,-0.230049,-0.000235,-0.008003,-0.000125,-0.017488,0.014501,0.004015,4e-06
0,-0.060059,-0.081487,0.187726,-0.061268,0.234444,-0.036342,0.001048,0.001422
0,-0.20564,0.115167,-0.163034,0.167229,-0.149525,0.179656,0.003589,0.00201
0,-0.104008,-0.052027,0.130775,-0.160973,0.114629,-0.157361,0.001815,0.000908
0,-0.227299,-0.048535,-0.122649,0.030792,-0.125188,0.046611,0.003967,0.000847
0,0.04367,-0.085753,0.248219,-0.017192,0.278785,0.030751,0.000762,0.001497
0,-0.054403,-0.109784,-0.10292,-0.024176,-0.054814,-0.036735,0.00095,0.001916
0,-0.022757,0.061433,0.053926,0.181421,0.025994,0.162132,0.000397,0.001072
0,-0.157659,-0.007178,-0.160506,-0.070448,-0.160564,-0.058532,0.002752,0.000125
0,-0.037532,-0.113445,0.142782,-0.128749,0.118306,-0.121696,0.000655,0.00198
0,-0.12332,-0.131469,-0.086091,-0.040335,-0.088126,-0.057817,0.002152,0.002295
0,-0.043308,-0.118735,0.073654,0.033445,0.031455,0.002176,0.000756,0.002072
0,-0.123514,-0.064855,-0.082087,0.078984,-0.040535,0.058905,0.002156,0.001132
0,0.092967,0.018624,0.216528,0.089141,0.22785,0.109381,0.001623,0.000325
0,-0.042969,0.092197,-0.1424,0.079039,-0.136151,0.116565,0.00075,0.001609
0,0.033603,0.127148,0.054456,0.007362,0.045667,-0.01152,0.000586,0.002219
0,0.084653,-0.053974,0.054423,-0.164778,0.047036,-0.201807,0.001477,0.000942
0,-0.122266,0.064275,-0.179955,0.124693,-0.190128,0.132539,0.002134,0.001122
0,0.120204,0.097621,0.229292,0.013338,0.184004,0.030809,0.002098,0.001704
0,-0.047186,-0.093496,-0.191704,-0.212545,-0.239494,-0.241596,0.000824,0.001632
0,0.056986,-0.056763,0.121988,0.034927,0.132397,0.08341,0.000995,0.000991
0,-0.088235,0.132811,-0.168427,0.198805,-0.210824,0.150351,0.00154,0.002318
0,0.029039,0.011819,0.113443,-0.135763,0.073328,-0.169749,0.000507,0.000206
0,0.120971,0.133858,0.083693,0.12272,0.063677,0.088016,0.002111,0.002336
0,-0.036656,0.003549,-0.15154,-0.148709,-0.180836,-0.167701,0.00064,6.2e-05
0,-0.056616,0.065491,-0.002707,0.052776,0.021981,0.009333,0.000988,0.001143
0,0.133674,-0.089915,0.214716,-0.152087,0.19478,-0.192581,0.002333,0.001569
0,-0.058933,-0.08702,-0.181444,-0.02379,-0.135773,-0.069521,0.001029,0.001519
0,0.05715,0.038299,0.109577,0.138977,0.067982,0.104689,0.000997,0.000668
0,0.005614,0.119632,-0.081034,0.101644,-0.080261,0.088646,9.8e-05,0.002088
0,0.112167,0.121523,0.125232,-0.005651,0.167248,0.0209,0.001958,0.002121
0,0.137058,0.051518,0.037501,-0.063255,0.012344,-0.109776,0.002392,0.000899
0,0.008658,-0.018325,-0.139099,-0.074466,-0.171676,-0.040973,0.000151,0.00032
0,0.097397,0.14119,0.066087,0.166413,0.079819,0.18391,0.0017,0.002464
0,0.091566,0.07985,-0.029107,-0.0502,-0.005501,-0.004278,0.001598,0.001394
0,-0.046368,0.164565,-0.153813,0.092507,-0.171978,0.128628,0.000809,0.002872
0,0.123296,0.105897,0.169557,-0.083785,0.161955,-0.068057,0.002152,0.001848
0,0.124469,-0.110469,0.008759,-0.216938,-0.017079,-0.247646,0.002172,0.001928
0,0.128883,-0.117381,-0.003352,0.018184,-0.049964,0.039364,0.002249,0.002049
0,0.08763,0.087207,-0.025325,0.185095,0.004697,0.177054,0.001529,0.001522
0,-0.121969,0.149879,-0.223604,0.074302,-0.18333,0.045454,0.002129,0.002616
0,-0.060058,-0.094562,0.087825,-0.267548,0.135448,-0.260168,0.001048,0.00165
0,0.107316,0.118359,0.190028,0.225438,0.191774,0.263767,0.001873,0.002066
0,0.098171,-0.041371,-0.029851,-0.158277,0.005962,-0.193771,0.001713,0.000722
0,0.168997,0.165284,0.048474,0.211066,0.094246,0.237875,0.00295,0.002885
0,0.070571,0.066133,-0.123975,-0.096412,-0.16426,-0.085197,0.001232,0.001154
0,-0.01191,-0.035852,-0.076718,-0.104142,-0.057668,-0.143572,0.000208,0.000626
0,0.024046,0.117553,0.048742,0.131839,0.002936,0.114993,0.00042,0.002052
0,0.126626,-0.073065,0.090694,-0.166516,0.041648,-0.210974,0.00221,0.001275
0,0.045429,-0.096453,-0.106283,-0.004229,-0.089236,0.029436,0.000793,0.001683
0,0.204098,0.121075,0.134812,0.233515,0.087749,0.244029,0.003562,0.002113
0,0.221825,-0.116397,0.013971,-0.243145,-0.024653,-0.241248,0.003872,0.002032
0,0.004501,-0.083039,-0.193506,0.022691,-0.217779,-0.003846,7.9e-05,0.001449
0,0.204862,-0.10497,0.219384,-0.005679,0.173756,-0.003951,0.003576,0.001832
0,0.084542,0.030743,-0.101223,0.10848,-0.059481,0.084854,0.001476,0.000537
0,-0.051505,0.134061,-0.123887,0.083504,-0.167828,0.122225,0.000899,0.00234
0,0.048092,-0.03323,0.11806,-0.194419,0.145425,-0.196703,0.000839,0.00058
0,-0.088368,-0.068639,-0.122559,-0.053743,-0.117669,-0.029411,0.001542,0.001198
0,0.103453,0.114161,0.1674,0.152921,0.12206,0.201843,0.001806,0.001992
0,0.048594,-0.032864,-0.084511,-0.164207,-0.116759,-0.146716,0.000848,0.000574
0,0.079351,0.043458,0.018671,0.102577,0.029896,0.095711,0.001385,0.000758
0,0.034088,0.059784,-0.016124,0.010609,-0.023064,0.01262,0.000595,0.001043
0,0.047456,-0.020157,0.020105,-0.075056,-0.000306,-0.028404,0.000828,0.000352
0,0.090272,0.088342,0.048965,0.084311,0.027475,0.096113,0.001576,0.001542
0,0.112767,0.174989,0.052383,0.072723,0.070437,0.057711,0.001968,0.003054
0,0.160826,-0.074858,0.061847,-0.277855,0.084498,-0.262031,0.002807,0.001307
0,-0.019953,-0.044867,-0.17232,0.030799,-0.151517,0.037847,0.000348,0.000783
0,-0.090906,0.069752,-0.096943,0.106231,-0.098415,0.065969,0.001587,0.001217
0,-0.134802,0.01572,-0.040627,-0.040793,-0.003832,-0.027072,0.002353,0.000274
0,-0.172001,0.00109,-0.025147,-0.021481,0.01755,-0.062776,0.003002,1.9e-05
0,0.059282,0.133707,0.258421,0.148548,0.234482,0.156704,0.001035,0.002334
0,-0.105047,0.185772,-0.171859,0.061873,-0.188021,0.100829,0.001833,0.003242
0,0.002102,-0.036736,0.135964,-0.212042,0.185421,-0.240513,3.7e-05,0.000641
0,-0.047052,-0.098346,-0.042999,-0.082858,-0.052372,-0.120433,0.000821,0.001716
0,0.138148,0.065419,0.18015,0.171733,0.215715,0.144395,0.002411,0.001142
0,0.155924,-0.05213,0.0423,-0.136256,0.070109,-0.126937,0.002721,0.00091
0,0.090881,0.13939,-0.076623,0.1632,-0.027154,0.161022,0.001586,0.002433
0,0.03756,-0.075151,-0.024253,-0.226807,-0.030584,-0.234223,0.000656,0.001312
0,-0.017726,-0.098024,-0.032405,-0.04323,-0.060052,-0.087377,0.000309,0.001711
0,-0.013463,0.114233,-0.005923,0.232336,-0.033681,0.184813,0.000235,0.001994
0,-0.002831,-0.03868,0.016422,-0.140258,0.021535,-0.173935,4.9e-05,0.000675
0,0.15813,-0.124452,0.177507,-0.057805,0.175564,-0.072086,0.00276,0.002172
0,0.159021,-0.054838,-0.026976,0.058713,-0.0566,0.060541,0.002775,0.000957
0,0.097796,0.114063,-0.0791,0.174381,-0.105159,0.207619,0.001707,0.001991
0,0.235592,-0.039049,0.146763,-0.172221,0.171954,-0.148433,0.004112,0.000682
0,0.045331,0.076089,-0.191134,0.100598,-0.227485,0.085648,0.000791,0.001328
0,0.162042,-0.057605,0.105098,-0.141871,0.126484,-0.19014,0.002828,0.001005
0,0.219651,0.191188,0.071411,0.234733,0.093921,0.214265,0.003834,0.003337
0,0.074992,-0.012375,-0.173352,-0.203895,-0.158856,-0.24566,0.001309,0.000216
0,0.031461,-0.045841,-0.015957,-0.056024,-0.060183,-0.072671,0.000549,0.0008
0,0.127515,0.178729,0.094232,0.217233,0.110109,0.240619,0.002226,0.003119
0,0.201412,0.234243,0.069737,0.033598,0.032198,0.00291,0.003515,0.004088
0,0.183165,0.164687,-0.021641,-0.065889,-0.059176,-0.01696,0.003197,0.002874
0,0.064923,-0.049476,-0.11881,-0.243667,-0.145122,-0.222155,0.001133,0.000864
0,-0.028889,0.014081,-0.076837,0.058644,-0.087136,0.102362,0.000504,0.000246
0,0.073954,-0.009649,0.102305,-0.005467,0.101183,-0.012249,0.001291,0.000168
0,0.190463,-0.064883,0.103372,-0.071228,0.079272,-0.039835,0.003324,0.001132
0,0.002243,-0.054014,-0.189333,0.027135,-0.164693,0.056575,3.9e-05,0.000943
0,0.062365,0.148861,0.075609,0.208194,0.077165,0.20418,0.001088,0.002598
0,0.054426,0.062947,-0.023215,-0.072342,0.026182,-0.062975,0.00095,0.001099
0,0.188244,-0.045375,0.110656,-0.084922,0.15898,-0.118255,0.003285,0.000792
0,0.171777,-0.646854,-0.04092,-0.577323,-0.056997,-0.561964,0.002998,0.000801
0,0.210662,-1.344637,0.060615,-0.678569,0.045998,-0.652057,0.003677,0.000713
0,0.208835,-1.583195,-0.010877,-0.251725,-0.013683,-0.230554,0.003645,0.003451
0,0.187048,-1.661089,-0.008222,-0.070471,-0.011788,-0.098048,0.003265,0.00481
0,0.259832,-1.176481,0.08012,0.460156,0.034308,0.503321,0.004535,0.003648
0,0.173424,-0.74418,-0.085329,0.458975,-0.073576,0.410292,0.003027,0.000898
0,0.029178,-0.730635,-0.14672,0.01691,-0.186789,-0.010328,0.000509,0.000662
0,0.065593,-0.592935,0.056952,0.158031,0.075101,0.12388,0.001145,0.001742
0,0.224807,-0.432282,0.160836,0.156,0.195559,0.19195,0.003924,0.004546
0,0.14931,0.028426,-0.062277,0.452342,-0.098413,0.450251,0.002606,0.000496
0,0.26391,-0.038648,0.089103,-0.058005,0.088468,-0.106331,0.004606,0.000675
0,0.100793,0.01031,-0.170603,0.063533,-0.15622,0.107414,0.001759,0.00018
0,0.329755,0.199955,0.235176,0.166086,0.236425,0.199034,0.005755,0.00349
0,0.272005,0.248565,-0.077073,0.034649,-0.070734,0.062891,0.004747,0.004338
0,0.192433,0.260489,-0.071152,-0.004197,-0.051831,0.009695,0.003359,0.004546
0,0.250214,0.336562,0.080168,0.082078,0.094705,0.055174,0.004367,0.005874
0,0.037785,0.171807,-0.218368,-0.149405,-0.23633,-0.11014,0.000659,0.002999
0,0.098195,0.051295,0.088872,-0.1195,0.125235,-0.133548,0.001714,0.000895
0,0.271613,0.083875,0.145283,0.054659,0.099179,0.052906,0.004741,0.001464
0,0.005599,0.09563,-0.236414,-0.01063,-0.223239,0.012167,9.8e-05,0.001669
0,0.300491,0.257348,0.294854,0.153437,0.294615,0.199261,0.005245,0.004492
0,0.116836,0.043912,-0.166735,-0.199665,-0.185145,-0.190826,0.002039,0.000766
0,0.305584,0.234381,0.159435,0.209397,0.142866,0.183484,0.005333,0.004091
0,0.119405,0.253934,-0.204821,0.001397,-0.198408,0.046326,0.002084,0.004432
0,0.088981,0.162814,-0.017659,-0.118712,-0.041943,-0.085049,0.001553,0.002842
0,0.344451,0.229511,0.245883,0.05101,0.205705,0.057942,0.006012,0.004006
0,-0.175951,0.733525,-0.52007,0.528485,-0.551697,0.577745,0.003071,0.000712
0,-0.587343,0.688621,-0.404497,-0.041859,-0.387846,-0.005777,0.001839,7.2e-05
0,-0.626151,0.5952,-0.049156,-0.073429,-0.052489,-0.116266,0.001162,0.001702
0,-0.594323,0.711008,0.043101,0.099508,0.079234,0.144126,0.001718,0.000319
0,-0.621394,0.472201,-0.018187,-0.25989,-0.025212,-0.287103,0.001245,0.003849
0,-0.530037,0.464424,0.091131,-0.017334,0.13337,0.005431,0.00284,0.003985
0,-0.322855,0.172467,0.198006,-0.294781,0.204893,-0.294491,0.005635,0.00301
0,-0.21493,0.060678,0.121826,-0.1056,0.17111,-0.060686,0.003751,0.001059
0,-0.221319,0.179397,0.014038,0.142288,0.030319,0.16963,0.003863,0.003131
0,0.026524,0.05052,0.253634,-0.144728,0.273362,-0.118802,0.000463,0.000882
0,-0.012198,0.016748,-0.066432,-0.037937,-0.048088,-0.04866,0.000213,0.000292
0,-0.04755,-0.141407,-0.054654,-0.171256,-0.090305,-0.18787,0.00083,0.002468
0,0.100984,-0.074994,0.140419,0.044474,0.109332,0.093214,0.001763,0.001309
0,0.031243,0.032551,-0.06039,0.131292,-0.014194,0.143921,0.000545,0.000568
0,0.018168,0.087492,0.001599,0.043266,-0.043126,0.071275,0.000317,0.001527
0,0.104684,-0.075821,0.057773,-0.183585,0.064219,-0.205537,0.001827,0.001323
0,0.059827,-0.004374,-0.04597,0.095492,-0.078772,0.135468,0.001044,7.6e-05
0,-0.006289,0.076562,-0.0813,0.100249,-0.100939,0.111862,0.00011,0.001336
0,0.033015,-0.198216,0.020818,-0.268381,0.046277,-0.317524,0.000576,0.00346
0,-0.075851,-0.116197,-0.105296,0.103338,-0.062587,0.151116,0.001324,0.002028
0,0.198443,-0.176951,0.2564,-0.082136,0.217985,-0.046026,0.003463,0.003088
0,0.116796,-0.048054,-0.073916,0.118705,-0.052325,0.122078,0.002038,0.000839
0,0.050724,0.094143,-0.08355,0.146907,-0.127774,0.187276,0.000885,0.001643
0,0.027365,0.038991,-0.050584,-0.083344,-0.034062,-0.09035,0.000478,0.000681
0,0.072692,0.063096,0.056917,0.047208,0.038794,0.03257,0.001269,0.001101
0,0.086707,-0.165927,-0.007128,-0.223639,0.001074,-0.262053,0.001513,0.002896
0,-0.037198,0.04956,-0.128284,0.222385,-0.160019,0.178122,0.000649,0.000865
0,-0.03607,-0.136157,-0.007434,-0.213239,-0.008056,-0.223279,0.00063,0.002376
0,-0.085159,-0.177188,-0.046755,-0.064477,-0.03334,-0.058904,0.001486,0.003093
0,0.004323,-0.153798,0.074576,0.036676,0.101176,0.017207,7.5e-05,0.002684
0,-0.012326,-0.14996,-0.041447,0.022383,-0.058824,-0.005225,0.000215,0.002617
0,-0.069928,0.087708,-0.086131,0.236278,-0.038706,0.187737,0.00122,0.001531
0,-0.092167,-0.097634,-0.027269,-0.184908,-0.033892,-0.193434,0.001609,0.001704
0,0.094257,-0.107163,0.167445,0.00245,0.185131,0.031019,0.001645,0.00187
0,0.018982,-0.184934,-0.054373,-0.084974,-0.008671,-0.125917,0.000331,0.003228
0,0.20686,-0.186577,0.169883,-0.01461,0.166687,-0.001746,0.00361,0.003256
0,0.066797,-0.020384,-0.167946,0.194027,-0.136425,0.203958,0.001166,0.000356
0,-0.079897,-0.133631,-0.150636,-0.1236,-0.19733,-0.105181,0.001394,0.002332
0,0.013086,-0.12701,0.084977,-0.006887,0.101976,-0.024141,0.000228,0.002217
0,0.230003,0.01288,0.227932,0.142729,0.250712,0.13208,0.004014,0.000225
0,0.14584,0.060332,-0.088219,0.024287,-0.064348,-0.023402,0.002545,0.001053
0,0.030574,-0.084894,-0.090072,-0.159725,-0.128439,-0.143472,0.000534,0.001482
0,0.031335,0.076501,0.028823,0.1768,0.055759,0.138904,0.000547,0.001335
0,0.089071,0.122427,0.07271,0.06676,0.081492,0.034513,0.001555,0.002137
0,0.0379,-0.086027,-0.058227,-0.207462,-0.022062,-0.19062,0.000661,0.001501
0,0.153169,0.182982,0.086818,0.27928,0.05409,0.31094,0.002673,0.003194
0,0.067137,0.030651,-0.097759,-0.154707,-0.08125,-0.106937,0.001172,0.000535
0,-0.009068,-0.060169,-0.087789,-0.090234,-0.040373,-0.131616,0.000158,0.00105
0,0.068249,-0.014945,0.106862,0.027612,0.117231,0.002708,0.001191,0.000261
0,0.148662,-0.013512,0.057378,-0.008608,0.033422,0.004016,0.002595,0.000236
0,0.068203,0.085367,-0.065652,0.108036,-0.081814,0.071884,0.00119,0.00149
0,-0.015282,0.145855,-0.082795,0.08375,-0.051181,0.086222,0.000267,0.002546
0,0.008924,0.172318,0.009025,0.035221,0.046633,0.029273,0.000156,0.003008
0,0.079072,-0.046646,0.089443,-0.215636,0.045148,-0.17507,0.00138,0.000814
0,0.230936,-0.058591,0.16094,4.4e-05,0.198065,-0.029259,0.004031,0.001023
0,0.18696,-0.064471,-0.038777,-0.010854,-0.041423,0.005258,0.003263,0.001125
0,0.244869,0.125224,0.058573,0.186247,0.080883,0.189943,0.004274,0.002186
0,0.299628,-0.033583,0.07788,-0.137463,0.087997,-0.096931,0.005229,0.000586
0,0.266271,-0.08529,-0.035718,-0.023319,-0.083556,-0.032189,0.004647,0.001489
0,0.291804,0.133508,0.037014,0.247349,-0.003501,0.234178,0.005093,0.00233
0,0.026931,0.019558,-0.247699,-0.11001,-0.248134,-0.127622,0.00047,0.000341
0,0.106462,0.157344,0.078923,0.157743,0.1138,0.185976,0.001858,0.002746
0,0.055842,-0.124631,-0.032273,-0.301434,-0.023974,-0.302388,0.000975,0.002175
0,0.070959,0.046283,0.019513,0.177272,0.01996,0.191421,0.001238,0.000808
0,0.041444,0.04658,-0.029555,-0.001286,-0.078171,-0.049569,0.000723,0.000813
0,0.247059,-0.00582,0.194346,-0.023227,0.176805,-0.040916,0.004312,0.000102
0,0.235043,-0.074373,-0.003667,-0.064313,0.029951,-0.078168,0.004102,0.001298
0,0.05716,-0.015278,-0.174822,0.041012,-0.160317,0.025126,0.000998,0.000267
0,0.026737,0.156454,-0.03474,0.199234,-0.063526,0.170781,0.000467,0.002731
0,-0.020615,0.045853,-0.062034,-0.101729,-0.023023,-0.064844,0.00036,0.0008
0,0.071805,-0.074469,0.108404,-0.091136,0.126505,-0.060123,0.001253,0.0013
0,0.142144,0.004389,0.055599,0.055281,0.064414,0.020372,0.002481,7.7e-05
0,0.298322,-0.005028,0.145869,-0.037605,0.102848,-0.057008,0.005207,8.8e-05
0,0.065644,0.163415,-0.20362,0.185732,-0.219346,0.170639,0.001146,0.002852
0,0.271706,-0.085975,0.184161,-0.223544,0.139211,-0.200592,0.004742,0.001501
0,-1.051963,0.435153,-1.315755,0.491665,-1.332515,0.487297,0.005821,0.004496
0,-1.106108,0.259175,-0.03555,-0.168635,-0.02932,-0.186478,0.004876,0.004523
0,-0.768867,0.408695,0.314696,0.138413,0.330312,0.14947,0.001329,0.004957
0,-0.810041,0.549689,-0.026761,0.142755,-0.019541,0.173031,0.002047,0.002497
0,-0.716,0.241665,0.081047,-0.32393,0.089479,-0.295306,0.000406,0.004218
0,-0.665907,0.400861,0.030512,0.167852,0.043163,0.131863,0.000468,0.005094
0,-0.444691,0.1648,0.203488,-0.227144,0.177255,-0.23876,0.004329,0.002876
0,-0.439499,0.106968,-0.020577,-0.053197,0.016085,-0.074577,0.00442,0.001867
0,-0.306877,0.06318,0.161184,-0.031033,0.197801,-0.061378,0.005356,0.001103
0,0.017197,0.116809,0.316051,0.070237,0.287427,0.055097,0.0003,0.002039
0,0.131931,-0.025924,0.100449,-0.136682,0.119855,-0.118292,0.002303,0.000452
0,0.043221,-0.092688,-0.067919,-0.072473,-0.09732,-0.064913,0.000754,0.001618
0,0.174336,-0.024125,0.149419,0.082439,0.122895,0.087101,0.003043,0.000421
0,-0.032607,-0.169787,-0.1882,-0.125522,-0.220072,-0.077249,0.000569,0.002963
0,0.242107,-0.157161,0.252265,-0.011666,0.21617,-0.0383,0.004226,0.002743
0,0.27043,-0.080083,0.011953,0.094268,-0.002143,0.106676,0.00472,0.001398
0,0.136109,0.023669,-0.15128,0.106949,-0.107425,0.111956,0.002376,0.000413
0,0.077449,-0.153851,-0.075584,-0.201578,-0.104116,-0.153619,0.001352,0.002685
0,0.219531,-0.007479,0.144244,0.153935,0.140019,0.105284,0.003832,0.000131
0,0.297344,-0.127443,0.051294,-0.112251,0.039036,-0.114982,0.00519,0.002224
0,0.155765,-0.118605,-0.116888,-0.005795,-0.093604,0.01053,0.002719,0.00207
0,0.233607,-0.092719,0.076834,0.051747,0.072829,0.063984,0.004077,0.001618
0,0.328273,0.044962,0.109575,0.121283,0.131144,0.153291,0.005729,0.000785
0,0.138681,-0.096981,-0.181913,-0.133612,-0.149761,-0.165866,0.00242,0.001693
0,0.187284,-0.064918,0.054932,0.037374,0.075129,0.025267,0.003269,0.001133
0,0.132247,0.031226,-0.044259,0.071504,0.001443,0.103492,0.002308,0.000545
0,0.082076,-0.095221,-0.065874,-0.148566,-0.096501,-0.137268,0.001433,0.001662
0,0.033423,-0.136783,-0.075788,-0.0672,-0.060047,-0.086049,0.000583,0.002387
0,0.204599,-0.022285,0.187538,0.110578,0.219187,0.130518,0.003571,0.000389
0,0.022644,-0.199712,-0.168089,-0.161783,-0.160168,-0.177595,0.000395,0.003486
0,0.081394,-0.001356,0.045576,0.196582,0.002445,0.223839,0.001421,2.4e-05
0,0.142633,0.030038,0.077594,0.041053,0.126713,0.079541,0.002489,0.000524
0,-0.02239,-0.086924,-0.15473,-0.141927,-0.119916,-0.151867,0.000391,0.001517
0,0.136502,-0.196617,0.165671,-0.10409,0.187927,-0.094566,0.002382,0.003432
0,0.201256,-0.049322,0.044456,0.173297,0.003844,0.177096,0.003513,0.000861
0,0.209512,-0.132113,0.024313,-0.10845,0.072201,-0.081852,0.003657,0.002306
0,-0.027122,0.009674,-0.227847,0.133559,-0.235666,0.096065,0.000473,0.000169
0,0.060516,0.10365,0.078847,0.11002,0.126727,0.080783,0.001056,0.001809
0,0.130425,-0.094159,0.041373,-0.184769,0.025368,-0.166737,0.002276,0.001643
0,0.170611,0.122634,0.061164,0.229857,0.057283,0.182089,0.002978,0.00214
0,0.104382,0.026013,-0.084603,-0.068049,-0.118305,-0.042045,0.001822,0.000454
0,0.003611,0.017307,-0.106325,0.008031,-0.095386,0.043415,6.3e-05,0.000302
0,-0.063987,-0.059274,-0.056791,-0.10553,-0.058246,-0.125096,0.001117,0.001035
0,-0.056453,-0.088823,0.00709,-0.043888,0.025827,-0.027332,0.000985,0.00155
0,-0.027762,0.082226,0.045483,0.192858,0.042021,0.195186,0.000485,0.001435
0,-0.022231,-0.011544,0.028494,-0.123058,0.024288,-0.118359,0.000388,0.000201
0,0.216537,-0.060934,0.253389,-0.065756,0.241588,-0.015761,0.003779,0.001064
0,0.190856,0.011988,-0.022115,0.096437,-0.063066,0.074524,0.003331,0.000209
0,0.016569,-0.065633,-0.165757,-0.068704,-0.186813,-0.10167,0.000289,0.001146
0,0.099967,-0.180473,0.091133,-0.089544,0.070258,-0.10336,0.001745,0.00315
0,0.169374,-0.078805,0.080255,0.095327,0.097853,0.134709,0.002956,0.001375
0,0.139994,0.02469,-0.058122,0.092042,-0.020637,0.083624,0.002443,0.000431
0,0.028008,0.01243,-0.116376,-0.019725,-0.115204,-0.013905,0.000489,0.000217
0,0.035865,-0.191635,0.007237,-0.206348,0.028073,-0.238891,0.000626,0.003345
0,0.004728,-0.186805,-0.048618,0.028361,-0.050121,0.015503,8.3e-05,0.00326
0,0.10909,-0.143251,0.132137,0.024049,0.179957,-0.024248,0.001904,0.0025
0,0.193784,-0.154293,0.087278,0.00712,0.110065,-0.028362,0.003382,0.002693
0,0.093013,-0.003383,-0.081157,0.121545,-0.105332,0.082858,0.001623,5.9e-05
0,0.016875,-0.009266,-0.053574,-0.021947,-0.041178,0.016365,0.000295,0.000162
0,-0.068905,-0.002687,-0.090899,0.01275,-0.085316,0.027444,0.001203,4.7e-05
0,0.211,0.048724,0.263323,0.022948,0.311238,-0.009756,0.003683,0.00085
0,0.200437,-0.110391,-0.030688,-0.171497,0.007366,-0.143692,0.003498,0.001927
0,0.177546,-0.066609,-0.003731,0.046685,0.011621,0.079701,0.003099,0.001163
0,0.080834,0.036662,-0.072907,0.12667,-0.103441,0.1718,0.001411,0.00064
0,-0.038087,0.083048,-0.143379,0.04288,-0.141599,0.014046,0.000665,0.001449
0,0.130129,-0.071905,0.178787,-0.140847,0.137291,-0.116591,0.002271,0.001255
0,0.099043,0.045521,-0.043092,0.098439,0.002171,0.05919,0.001729,0.000794
0,0.010255,-0.067721,-0.100135,-0.114838,-0.149965,-0.109895,0.000179,0.001182
0,0.172495,-0.053475,0.188187,0.02078,0.208678,0.068376,0.003011,0.000933
0,-0.027381,-0.16453,-0.196953,-0.127491,-0.220349,-0.106555,0.000478,0.002872
0,0.189815,-0.078717,0.193104,0.082114,0.207371,0.074434,0.003313,0.001374
0,0.140188,0.037518,-0.029536,0.114697,-0.00674,0.083353,0.002447,0.000655
0,-0.037712,0.027765,-0.194704,-0.009459,-0.219518,-0.027635,0.000658,0.000485
0,0.115075,0.018131,0.13502,-0.02301,0.139117,-0.008642,0.002008,0.000316
0,-0.06025,0.038871,-0.14933,0.049897,-0.118433,0.077392,0.001052,0.000678
0,0.16879,-0.111935,0.25801,-0.177773,0.287974,-0.190942,0.002946,0.001954
0,-0.120101,-0.193346,-0.312108,-0.103651,-0.35031,-0.133105,0.002096,0.003375
0,-0.171504,0.061947,-0.041308,0.262841,-0.001023,0.274844,0.002993,0.001081
0,-0.108135,-0.138586,0.048106,-0.171365,0.051143,-0.139915,0.001887,0.002419
0,0.047816,-0.044446,0.18124,0.082026,0.203998,0.103256,0.000835,0.000776
0,0.137426,-0.135183,0.119014,-0.060974,0.142614,-0.090634,0.002399,0.002359
0,-0.193257,-0.084552,-0.358177,0.040284,-0.400679,-0.003081,0.003373,0.001476
0,0.054554,0.023064,0.268921,0.083504,0.273545,0.048583,0.000952,0.000403
0,0.085083,0.000342,0.057785,0.005723,0.089666,-0.028679,0.001485,6e-06
0,-0.128101,-0.051219,-0.189469,-0.058222,-0.183502,-0.01893,0.002236,0.000894
0,-0.093066,-0.049394,0.045531,0.0019,0.016747,-0.028277,0.001624,0.000862
0,0.128543,0.110857,0.20593,0.162857,0.2503,0.194066,0.002243,0.001935
0,0.176366,0.135995,0.051035,0.016241,0.02069,0.027112,0.003078,0.002374
0,-0.066585,0.020344,-0.248901,-0.136521,-0.298049,-0.14784,0.001162,0.000355
0,-0.013704,0.005977,0.046365,0.001788,0.033939,0.041838,0.000239,0.000104
0,0.065302,0.086075,0.056281,0.061626,0.054072,0.069912,0.00114,0.001502
0,-0.084804,0.114848,-0.154063,0.027454,-0.13201,0.03883,0.00148,0.002004
0,0.162262,-0.042019,0.258795,-0.141469,0.289418,-0.138165,0.002832,0.000733
0,0.060549,-0.086037,-0.078701,-0.054537,-0.070984,-0.05301,0.001057,0.001502
0,0.072266,0.014737,0.029816,0.124225,0.06476,0.09047,0.001261,0.000257
0,-0.046685,0.13055,-0.139868,0.129764,-0.090149,0.101058,0.000815,0.002279
0,-0.030686,0.150377,0.03948,0.046327,0.072069,0.007126,0.000536,0.002625
0,0.107065,-0.051307,0.158869,-0.230736,0.17553,-0.238313,0.001869,0.000895
0,-0.184609,-0.057835,-0.316895,-0.010312,-0.287457,-0.003814,0.003222,0.001009
0,-0.038238,-0.061845,0.121917,0.004541,0.162217,0.009026,0.000667,0.001079
0,-0.033542,-0.074103,0.017585,-0.041525,0.012604,-0.013772,0.000585,0.001293
0,0.037397,0.022288,0.089938,0.092752,0.045969,0.056156,0.000653,0.000389
0,-0.021498,0.034422,-0.0564,0.000738,-0.104966,0.036072,0.000375,0.000601
0,-0.14459,-0.083768,-0.147215,-0.108223,-0.116418,-0.136299,0.002524,0.001462
0,0.028294,-0.147716,0.167975,-0.092006,0.211223,-0.044921,0.000494,0.002578
0,-0.021885,-0.061854,-0.047166,0.112168,-0.089073,0.120266,0.000382,0.00108
0,-0.173231,-0.146977,-0.174283,-0.077723,-0.207575,-0.119593,0.003023,0.002565
0,-0.135861,-0.058703,0.022057,0.077233,0.050983,0.089954,0.002371,0.001025
0,0.020163,-0.217438,0.143611,-0.174008,0.161183,-0.193347,0.000352,0.003795
0,0.111785,-0.051495,0.115891,0.173977,0.151334,0.148908,0.001951,0.000899
0,-0.039983,-0.159134,-0.132427,-0.091305,-0.152662,-0.130574,0.000698,0.002777
0,-0.071104,0.010095,-0.033937,0.165765,-0.051561,0.212787,0.001241,0.000176
0,0.076956,-0.188457,0.14709,-0.191829,0.161638,-0.157215,0.001343,0.003289
0,0.057167,-0.033142,-0.013208,0.170149,-0.008284,0.209399,0.000998,0.000578
0,0.041823,0.005722,0.005774,0.044838,0.04821,1.8e-05,0.00073,0.0001
0,0.03006,-0.17604,0.002059,-0.164695,0.010023,-0.213694,0.000525,0.003072
0,-0.062719,0.05058,-0.086632,0.208127,-0.111438,0.163829,0.001095,0.000883
0,-0.137227,-0.050156,-0.092594,-0.090787,-0.115427,-0.084464,0.002395,0.000875
0,-0.173184,0.04163,-0.060628,0.098474,-0.055595,0.10129,0.003023,0.000727
0,-0.071064,0.018238,0.107361,-0.03801,0.138268,-0.075068,0.00124,0.000318
0,-0.224454,0.047249,-0.14935,0.04234,-0.148031,0.073839,0.003917,0.000825
0,-0.021582,-0.096144,0.174477,-0.15118,0.129177,-0.115886,0.000377,0.001678
0,0.027479,0.044225,0.04743,0.156292,-0.002099,0.140849,0.00048,0.000772
0,-0.102434,-0.000398,-0.126594,-0.041115,-0.171006,-0.057317,0.001788,7e-06
0,-0.009444,-0.107094,0.077953,-0.094325,0.083773,-0.108499,0.000165,0.001869
0,-0.070967,0.070495,-0.041389,0.156837,-0.016431,0.191935,0.001239,0.00123
0,-0.054553,-0.039007,0.02944,-0.131926,0.01312,-0.16297,0.000952,0.000681
0,-0.005422,-0.04885,0.021418,-0.002416,0.01934,-0.014798,9.5e-05,0.000853
0,-0.20652,0.073278,-0.216159,0.098882,-0.22963,0.055353,0.003604,0.001279
0,-0.162566,0.051818,0.025355,-0.011406,-0.00621,-0.006276,0.002837,0.000904
0,-0.103566,-0.165775,0.053238,-0.208039,0.017803,-0.246861,0.001808,0.002893
0,-0.01955,-0.062867,0.083054,0.106862,0.03566,0.152959,0.000341,0.001097
0,-0.194805,0.085184,-0.172065,0.155733,-0.209006,0.17165,0.0034,0.001487
0,-0.162192,-0.085256,0.012031,-0.181707,0.050994,-0.141197,0.002831,0.001488
0,-0.107329,-0.075484,0.058533,-0.004657,0.030428,-0.005058,0.001873,0.001317
0,-0.102632,0.004385,0.003598,0.064503,-0.028588,0.087434,0.001791,7.7e-05
0,-0.038565,-0.062882,0.087902,-0.052399,0.111079,-0.057215,0.000673,0.001098
0,-0.090473,-0.015686,-0.03518,0.048793,-0.053574,0.067237,0.001579,0.000274
0,-0.171093,0.022207,-0.05163,0.010344,-0.0793,0.022307,0.002986,0.000388
0,0.012152,-0.010413,0.179783,-0.024279,0.205259,0.018471,0.000212,0.000182
0,-0.146357,0.031243,-0.163437,0.068945,-0.170881,0.073421,0.002554,0.000545
0,-0.187043,0.141192,-0.029146,0.137177,0.012843,0.130076,0.003265,0.002464
0,0.029712,-0.067727,0.245758,-0.218657,0.272439,-0.218683,0.000519,0.001182
0,0.142511,-0.112928,0.128077,-0.026417,0.158995,-0.044607,0.002487,0.001971
0,0.044523,0.094838,-0.076834,0.193398,-0.093018,0.212938,0.000777,0.001655
0,-0.048119,0.050729,-0.094233,-0.040343,-0.130434,-0.08557,0.00084,0.000885
0,0.057226,0.120252,0.120504,0.091197,0.139792,0.108201,0.000999,0.002099
0,-0.091558,-0.045776,-0.149174,-0.138858,-0.161965,-0.12575,0.001598,0.000799
0,-0.127854,0.089211,-0.007103,0.127234,-0.024847,0.133655,0.002231,0.001557
0,0.03542,-0.068959,0.192872,-0.128434,0.185833,-0.133304,0.000618,0.001204
0,-0.108134,0.102431,-0.148765,0.189866,-0.197945,0.218848,0.001887,0.001788
0,0.043706,0.109546,0.166204,-0.011816,0.131164,-0.045732,0.000763,0.001912
0,0.030945,0.064521,-0.015052,-0.058849,-0.058829,-0.019863,0.00054,0.001126
0,0.073521,0.053498,0.048563,-0.012879,0.014069,0.029883,0.001283,0.000934
0,0.020764,0.179889,-0.049795,0.120122,-0.074611,0.115117,0.000362,0.00314
0,0.080494,0.061414,0.061532,-0.119622,0.033471,-0.084992,0.001405,0.001072
0,-0.114958,-0.021752,-0.215525,-0.07657,-0.233074,-0.125084,0.002006,0.00038
0,0.02223,-0.023352,0.116555,-0.01276,0.127448,-0.038751,0.000388,0.000408
0,-0.045452,-0.067192,-0.057687,-0.042933,-0.10503,-0.012037,0.000793,0.001173
0,-0.063387,0.084592,-0.003988,0.172529,-0.023976,0.222039,0.001106,0.001476
0,-0.200512,0.198397,-0.154361,0.094407,-0.115958,0.102389,0.0035,0.003463
0,-0.201031,-0.052495,0.002993,-0.249542,-0.043865,-0.274435,0.003509,0.000916
0,-0.15878,0.133493,0.015269,0.194128,0.034435,0.21635,0.002771,0.00233
0,-0.159567,-0.079273,-0.009467,-0.205041,-0.042953,-0.168077,0.002785,0.001384
0,-0.092723,-0.069391,0.05556,0.01754,0.100522,-0.011152,0.001618,0.001211
0,-0.149152,-0.066046,-0.080439,0.023787,-0.126426,-0.022521,0.002603,0.001153
0,-0.009394,-0.033533,0.116202,0.05358,0.143115,0.071119,0.000164,0.000585
0,0.168915,-1.138182,0.16926,-1.086977,0.19092,-1.081243,0.002948,0.004316
0,0.370968,-2.306578,0.175951,-1.170064,0.201926,-1.16703,0.005616,0.003986
0,0.4728,-3.029195,0.078929,-0.723018,0.043695,-0.702425,0.003839,0.004507
0,0.480034,-2.951763,0.025578,0.093118,-0.00803,0.073955,0.003712,0.003156
0,0.314456,-2.536993,-0.16353,0.398361,-0.151541,0.41201,0.005488,0.004083
0,0.333582,-1.759746,0.012032,0.803026,0.001263,0.803113,0.005822,0.005558
0,0.366604,-1.602375,0.043256,0.162154,0.014887,0.158581,0.005692,0.003786
0,0.018934,-0.801972,-0.339209,0.821967,-0.36601,0.851953,0.00033,0.001907
0,0.16745,-0.681154,0.131541,0.142636,0.100916,0.191649,0.002923,0.000202
0,0.098669,-0.297621,-0.083564,0.381237,-0.101728,0.392789,0.001722,0.005194
0,-0.059273,0.153021,-0.146759,0.458239,-0.124034,0.490815,0.001035,0.002671
0,0.093873,-0.003597,0.171802,-0.18458,0.174013,-0.154524,0.001638,6.3e-05
0,0.012168,0.234914,-0.062821,0.214709,-0.074803,0.169353,0.000212,0.0041
0,-0.05926,0.350565,-0.058194,0.103108,-0.066112,0.106496,0.001034,0.005972
0,-0.105996,0.442962,-0.049605,0.084948,-0.074979,0.080781,0.00185,0.004359
0,0.098869,0.296704,0.218019,-0.152334,0.209874,-0.179996,0.001726,0.005178
0,-0.124807,0.250575,-0.200324,-0.023469,-0.177544,-0.036818,0.002178,0.004373
0,-0.011461,0.240185,0.092168,-0.001156,0.129835,-0.039663,0.0002,0.004192
0,-0.06007,-0.034282,-0.076146,-0.303999,-0.07952,-0.339667,0.001048,0.000598
0,0.12873,0.056404,0.184576,0.077955,0.207969,0.039103,0.002247,0.000984
0,0.12502,0.043924,-0.014919,-0.017512,-0.056639,-0.017674,0.002182,0.000767
0,-0.047711,-0.016023,-0.163385,-0.06782,-0.151052,-0.050599,0.000833,0.00028
0,-0.071205,-0.05685,-0.008138,-0.058501,0.0029,-0.055466,0.001243,0.000992
0,-0.038265,0.166271,0.01631,0.245144,0.022694,0.271755,0.000668,0.002902
0,-0.062106,-0.050877,-0.04858,-0.241816,-0.041696,-0.275761,0.001084,0.000888
0,0.007992,0.119818,0.091482,0.155389,0.115181,0.151985,0.000139,0.002091
0,0.136966,0.014235,0.150864,-0.078794,0.105647,-0.103088,0.002391,0.000248
0,0.117505,-0.086408,-0.019647,-0.087574,-0.063425,-0.045399,0.002051,0.001508
0,-0.041076,-0.079918,-0.167667,0.003029,-0.161208,-0.029529,0.000717,0.001395
0,-0.036059,0.048032,0.000372,0.14265,-0.02079,0.188191,0.000629,0.000838
0,0.189384,-0.095365,0.216267,-0.148789,0.174495,-0.171789,0.003305,0.001664
0,-0.028259,-0.056889,-0.240754,0.009118,-0.252916,-0.004607,0.000493,0.000993
0,0.00442,-0.155869,0.043267,-0.117058,0.021449,-0.090494,7.7e-05,0.00272
0,-0.073513,0.091499,-0.101971,0.273607,-0.112167,0.280844,0.001283,0.001597
0,0.137594,0.09074,0.190509,0.020848,0.201625,0.007508,0.002401,0.001584
0,0.035085,-0.13216,-0.129973,-0.193931,-0.139264,-0.151572,0.000612,0.002307
0,0.082716,-0.106915,0.022121,0.016236,0.025981,-0.007642,0.001444,0.001866
0,0.07946,-0.071417,0.024415,0.037141,-0.011317,0.053951,0.001387,0.001246
0,-0.032843,-0.113129,-0.099792,-0.027577,-0.072817,0.013874,0.000573,0.001974
0,0.25445,0.067741,0.290461,0.173226,0.311351,0.161184,0.004441,0.001182
0,0.092735,-0.05891,-0.15076,-0.156021,-0.193317,-0.169521,0.001619,0.001028
0,0.075181,-0.162231,0.00247,-0.095362,0.039509,-0.061402,0.001312,0.002831
0,0.183213,0.07381,0.09599,0.239358,0.107164,0.215354,0.003198,0.001288
0,0.189382,-0.06219,0.018064,-0.163055,0.017026,-0.163697,0.003305,0.001085
0,0.033976,0.092624,-0.170144,0.171217,-0.189288,0.129033,0.000593,0.001617
0,0.265652,-0.159689,0.236991,-0.230687,0.272584,-0.235238,0.004637,0.002787
0,0.171954,0.076581,-0.090146,0.211627,-0.104611,0.240878,0.003001,0.001337
0,0.258908,0.036653,0.070017,-0.05347,0.085772,-0.060969,0.004519,0.00064
0,0.159639,0.151104,-0.096714,0.086469,-0.133522,0.105011,0.002786,0.002637
0,0.000582,-0.011426,-0.139298,-0.175895,-0.16324,-0.178003,1e-05,0.000199
0,0.205234,0.149629,0.213841,0.175947,0.194936,0.127293,0.003582,0.002612
0,0.087853,0.132505,-0.119017,-0.029495,-0.116554,-0.059532,0.001533,0.002313
0,0.19912,0.073406,0.081624,-0.08373,0.095304,-0.053171,0.003475,0.001281
0,0.009089,0.109637,-0.186203,0.010551,-0.224545,0.002682,0.000159,0.001914
0,-0.085643,-0.116943,-0.09563,-0.239907,-0.132873,-0.288847,0.001495,0.002041
0,0.077472,0.137353,0.154118,0.232296,0.135072,0.193399,0.001352,0.002397
0,-0.094893,-0.076136,-0.187732,-0.200243,-0.150143,-0.205067,0.001656,0.001329
0,-0.011079,-0.113713,0.056719,-0.052515,0.08554,-0.045401,0.000193,0.001985
0,-0.00743,-0.013799,-0.003411,0.076773,0.032638,0.124648,0.00013,0.000241
0,-0.122469,0.019678,-0.130603,0.024723,-0.105826,0.048722,0.002137,0.000343
0,-0.133822,0.115982,-0.013035,0.094788,-0.022346,0.074286,0.002336,0.002024
0,-0.099312,-0.100007,0.012581,-0.200239,0.028432,-0.192749,0.001733,0.001745
0,-0.061962,0.114886,0.025329,0.197386,0.00041,0.245328,0.001081,0.002005
0,-0.203347,-0.006891,-0.169637,-0.127268,-0.142962,-0.111192,0.003549,0.00012
0,-0.023163,0.098562,0.196743,0.098005,0.243242,0.080502,0.000404,0.00172
0,-0.264963,0.117119,-0.227926,0.036373,-0.194408,-0.011923,0.004624,0.002044
0,-0.218026,0.039139,0.053455,-0.067219,0.097793,-0.071973,0.003805,0.000683
0,-0.305439,0.106233,-0.079807,0.064817,-0.0905,0.02759,0.005331,0.001854
0,1.582632,-0.570664,1.890176,-0.647568,1.902539,-0.639563,0.003441,0.002131
0,2.120395,-0.642268,0.530814,-0.076192,0.526451,-0.046367,0.000736,0.000881
0,2.604546,-0.862417,0.463192,-0.207218,0.434521,-0.173251,0.002904,0.002962
0,3.375928,-1.16367,0.744382,-0.304327,0.712475,-0.33354,0.001531,0.003871
0,3.507432,-0.871599,0.14234,0.302525,0.131715,0.343257,0.000764,0.003122
0,3.347269,-0.6993,-0.17596,0.177412,-0.182613,0.181279,0.002032,0.000115
0,2.837389,-0.691653,-0.520883,0.018751,-0.524339,0.026498,0.00116,1.9e-05
0,2.261629,-0.51758,-0.573881,0.181505,-0.571714,0.133717,0.003201,0.003057
0,1.689466,-0.445874,-0.561137,0.074751,-0.550092,0.110855,0.005306,0.004309
0,0.445674,-0.234229,-1.24842,0.18946,-1.275673,0.195053,0.004312,0.004088
0,0.032727,0.008903,-0.41394,0.252812,-0.364143,0.219227,0.000571,0.000155
0,-0.264145,0.138511,-0.295012,0.120478,-0.271088,0.108157,0.00461,0.002417
0,-0.419373,0.019376,-0.163786,-0.100616,-0.171668,-0.10848,0.004771,0.000338
0,-0.424597,0.18813,0.00883,0.171011,0.052217,0.178699,0.00468,0.003283
0,-0.498603,0.203617,-0.093185,-0.012037,-0.11403,-0.017308,0.003388,0.003554
0,-0.38869,0.091518,0.118265,-0.117462,0.114714,-0.074224,0.005307,0.001597
0,-0.409677,0.025558,-0.026891,-0.051814,0.010243,-0.035065,0.00494,0.000446
0,-0.322231,0.219129,0.105535,0.178646,0.154691,0.154168,0.005624,0.003825
0,-0.500496,0.140431,-0.190572,-0.074098,-0.154324,-0.031044,0.003355,0.002451
0,-0.31555,0.005561,0.164403,-0.142665,0.147298,-0.155231,0.005507,9.7e-05
0,-0.457947,0.032069,-0.166668,0.02213,-0.202321,0.011475,0.004098,0.00056
0,-0.273313,0.049339,0.16733,0.043425,0.167369,0.001618,0.00477,0.000861
0,-0.392306,0.109162,-0.099601,0.057353,-0.099785,0.106641,0.005243,0.001905
0,-0.413594,0.193359,0.005892,0.063406,0.000993,0.058386,0.004872,0.003375
0,-0.231057,0.038755,0.182475,-0.130939,0.161324,-0.101756,0.004033,0.000676
0,-0.318161,0.248363,-0.062304,0.206572,-0.062191,0.219294,0.005553,0.004335
0,-0.301271,-0.041591,0.043711,-0.318694,0.056218,-0.305017,0.005258,0.000726
0,-0.280359,0.091609,0.035503,0.104524,-0.012068,0.112987,0.004893,0.001599
0,-0.408436,-0.027837,-0.12329,-0.12716,-0.081178,-0.140746,0.004962,0.000486
0,-0.163192,0.044507,0.245736,0.045881,0.288597,0.051205,0.002848,0.000777
0,-0.219592,0.099797,-0.030262,0.038903,-0.05636,0.023055,0.003833,0.001742
0,-0.233394,0.118546,-0.011309,0.028985,0.03595,0.045574,0.004073,0.002069
0,-0.182695,0.165344,0.070905,0.05782,0.034761,0.045025,0.003189,0.002886
0,-0.10731,0.106335,0.070729,-0.067161,0.061351,-0.063992,0.001873,0.001856
0,-0.262224,0.227213,-0.175951,0.094894,-0.183433,0.069086,0.004577,0.003966
0,-0.061958,-0.041329,0.193857,-0.253767,0.155983,-0.208697,0.001081,0.000721
0,-0.316669,0.064835,-0.275559,0.123844,-0.280227,0.134326,0.005527,0.001132
0,-0.063807,0.145439,0.223454,0.073588,0.263112,0.054841,0.001114,0.002538
0,0.022066,0.16389,0.104382,0.035595,0.141508,0.029989,0.000385,0.00286
0,-0.157158,0.051263,-0.179388,-0.083277,-0.159327,-0.082546,0.002743,0.000895
0,0.039616,0.045099,0.199005,0.005952,0.175986,0.043037,0.000691,0.000787
0,-0.010992,0.01733,-0.023082,-0.041767,0.004272,-0.053498,0.000192,0.000302
0,-0.041418,-0.072504,-0.006671,-0.06643,-0.046389,-0.106647,0.000723,0.001265
0,-0.133094,-0.023048,-0.094848,0.072479,-0.051917,0.055733,0.002323,0.000402
0,0.050277,-0.000926,0.176598,0.031458,0.14052,0.076243,0.000878,1.6e-05
0,-0.08104,0.093851,-0.103532,0.096737,-0.126528,0.09206,0.001414,0.001638
0,0.05998,0.032117,0.13683,-0.038576,0.168576,-0.082505,0.001047,0.000561
0,-0.061269,-0.136593,-0.111313,-0.182627,-0.158954,-0.137529,0.001069,0.002384
0,-0.079252,-0.202006,-0.010792,-0.087797,-0.015476,-0.083132,0.001383,0.003526
0,0.043208,-0.169823,0.108242,0.012487,0.157764,0.003506,0.000754,0.002964
0,-0.085111,-0.061836,-0.155405,0.091115,-0.143206,0.083917,0.001485,0.001079
0,-0.002679,-0.184454,0.076042,-0.144248,0.09646,-0.123605,4.7e-05,0.003219
0,-0.087046,-0.152374,-0.059595,0.026957,-0.017275,0.038976,0.001519,0.002659
0,1.218772,1.155507,1.281514,1.317339,1.281012,1.332941,0.002909,0.004014
0,3.594168,0.893631,2.348345,-0.258593,2.348354,-0.225462,0.002278,0.003506
0,3.443405,0.556562,-0.14445,-0.363068,-0.191303,-0.331904,0.000354,0.002377
0,3.453785,0.305239,-0.01158,-0.251157,0.018996,-0.264818,0.000173,0.005327
0,2.432119,0.268675,-1.009522,-0.035068,-1.038311,-0.057467,0.005913,0.004689
0,3.684946,1.648697,1.274777,1.396604,1.274121,1.442282,0.003862,0.004594
0,3.719757,2.2991,0.030046,0.642091,0.015999,0.615462,0.00447,0.003855
0,5.614393,3.027182,1.907574,0.739512,1.934484,0.743362,0.001266,0.004472
0,4.506534,2.523581,-1.100032,-0.491556,-1.096541,-0.487568,0.00598,0.004317
0,4.463419,2.247414,-0.034148,-0.272607,-0.010524,-0.267215,0.005358,0.002953
0,4.198038,1.495451,-0.284949,-0.745195,-0.280478,-0.712733,0.000727,0.00192
0,3.236866,1.256236,-0.94139,-0.259784,-0.973443,-0.298451,0.003958,0.002256
0,2.631969,0.862372,-0.630859,-0.42385,-0.669021,-0.421607,0.002425,0.002961
0,1.864122,0.338498,-0.756477,-0.540045,-0.76277,-0.503467,0.003736,0.005908
0,0.667917,0.008758,-1.183655,-0.309507,-1.164381,-0.318898,0.000433,0.000153
0,0.35494,0.054305,-0.288532,0.016855,-0.310653,0.007242,0.005896,0.000948
0,-0.195469,-0.063052,-0.540603,-0.13269,-0.529391,-0.110135,0.003412,0.0011
0,-0.615092,-0.139525,-0.403881,-0.086872,-0.425136,-0.103326,0.001355,0.002435
0,-0.723142,-0.129602,-0.114165,0.009301,-0.075501,0.010391,0.000531,0.002262
0,-0.907651,0.012623,-0.165663,0.127189,-0.118111,0.174546,0.003751,0.00022
0,-0.720959,-0.262373,0.196996,-0.276527,0.217291,-0.299691,0.000493,0.004579
0,-0.725608,-0.267757,-0.022324,-0.013496,-0.010798,-0.023569,0.000574,0.004673
0,-0.335737,-0.226593,0.36799,0.042083,0.343849,0.003525,0.00586,0.003955
0,-0.131671,-0.26273,0.175522,-0.054321,0.136476,-0.056415,0.002298,0.004585
0,-0.135295,-0.050846,-0.027469,0.190869,-0.024639,0.142112,0.002361,0.000887
0,-0.358753,-0.254315,-0.20506,-0.227758,-0.223312,-0.231961,0.005829,0.004439
0,-0.131973,-0.208255,0.208808,0.024232,0.165579,-0.021793,0.002303,0.003635
0,-0.106406,-0.226445,0.004364,-0.013129,-0.043895,-0.028495,0.001857,0.003952
0,-0.136763,-0.26965,-0.024505,-0.070222,-0.015508,-0.117726,0.002387,0.004706
0,-0.17692,-0.147979,-0.034507,0.148337,-0.025617,0.124946,0.003088,0.002583
0,-0.168877,-0.301537,0.026537,-0.142046,0.039957,-0.101422,0.002947,0.005263
0,0.105896,-0.076876,0.26128,0.254433,0.295478,0.253123,0.001848,0.001342
0,0.08044,-0.16323,-0.001946,-0.112719,0.037569,-0.130974,0.001404,0.002849
0,-0.026578,-0.242448,-0.129375,-0.105384,-0.15622,-0.095979,0.000464,0.004232
0,-0.133154,-0.240518,-0.115802,-0.008794,-0.148554,0.034159,0.002324,0.004198
0,0.086595,-0.229061,0.205948,0.024783,0.218308,-0.01312,0.001511,0.003998
0,0.003385,-0.22714,-0.073412,0.001386,-0.104866,-0.01514,5.9e-05,0.003964
0,-0.181965,-0.297238,-0.191927,-0.057826,-0.221179,-0.089999,0.003176,0.005188
0,-0.165745,-0.106126,0.015468,0.165527,0.056844,0.198412,0.002893,0.001852
0,-0.027947,-0.221987,0.150191,-0.116676,0.167482,-0.117401,0.000488,0.003874
0,-0.112326,-0.205653,-0.097199,0.028994,-0.057413,0.077766,0.00196,0.003589
0,-0.030473,-0.20108,0.062902,-0.022244,0.06942,-0.042483,0.000532,0.00351
0,-0.029149,-0.016584,0.011895,0.169,-0.024652,0.194122,0.000509,0.000289
0,0.016588,0.037791,0.071038,0.053864,0.102444,0.06376,0.00029,0.00066
0,0.061066,-0.116158,0.04121,-0.173589,0.060871,-0.180749,0.001066,0.002027
0,-0.055293,0.001818,-0.13758,0.136959,-0.137492,0.158323,0.000965,3.2e-05
0,0.17532,0.006198,0.23574,0.004616,0.185998,0.024339,0.00306,0.000108
0,0.132763,-0.117677,-0.056586,-0.106538,-0.01629,-0.074406,0.002317,0.002054
0,-0.12046,-0.230239,-0.242941,-0.141997,-0.225213,-0.129735,0.002102,0.004018
0,0.036556,-0.218552,0.134448,-0.012668,0.102265,0.031896,0.000638,0.003814
0,0.017494,-0.009993,-0.033028,0.234716,0.0006,0.242416,0.000305,0.000174
0,-0.106209,0.066215,-0.094,0.103332,-0.110556,0.113797,0.001854,0.001156
0,0.095121,-0.097529,0.20167,-0.187273,0.230042,-0.173208,0.00166,0.001702
0,-0.074526,0.075968,-0.144691,0.181574,-0.135376,0.226339,0.001301,0.001326
0,0.062553,-0.165706,0.153545,-0.267332,0.15751,-0.240814,0.001092,0.002892
0,0.151971,-0.098227,0.110461,0.072338,0.120785,0.104858,0.002652,0.001714
0,0.035019,-0.059531,-0.134129,0.03186,-0.111799,0.052548,0.000611,0.001039
0,0.036312,0.060134,-0.020997,0.108877,-0.040058,0.149248,0.000634,0.00105
0,0.146023,-0.08427,0.085057,-0.139185,0.063142,-0.131343,0.002549,0.001471
0,0.033407,-0.093784,-0.091003,-0.031825,-0.125704,0.01561,0.000583,0.001637
0,0.09603,0.089215,0.062983,0.21272,0.02683,0.168271,0.001676,0.001557
0,-0.019071,-0.12155,-0.097316,-0.231629,-0.132921,-0.2006,0.000333,0.002121
0,0.105545,0.080603,0.146613,0.186097,0.120735,0.143419,0.001842,0.001407
0,0.016534,-0.112032,-0.108265,-0.194533,-0.120692,-0.241909,0.000289,0.001955
0,0.028495,-0.128922,0.010164,-0.043576,0.008441,-0.042131,0.000497,0.00225
0,0.142271,-0.058222,0.099035,0.08749,0.072882,0.059234,0.002483,0.001016
0,0.027721,0.055556,-0.126576,0.092402,-0.076789,0.141841,0.000484,0.00097
0,0.15555,-0.059642,0.149918,-0.08556,0.131987,-0.096544,0.002715,0.001041
0,0.138679,-0.040277,-0.01931,0.042262,0.003959,0.070413,0.00242,0.000703
0,0.093873,0.004076,-0.030171,0.045887,-0.065587,0.010163,0.001638,7.1e-05
0,0.160097,0.03444,0.066615,0.017921,0.087035,0.049104,0.002794,0.000601
0,0.036636,-0.151878,-0.13899,-0.160875,-0.118843,-0.210246,0.000639,0.002651
0,0.07336,0.135271,0.028453,0.311753,-0.005188,0.318619,0.00128,0.002361
0,0.017853,-0.055063,-0.063063,-0.174363,-0.098182,-0.184907,0.000312,0.000961
0,-0.050755,0.020779,-0.045596,0.094304,-0.045671,0.098746,0.000886,0.000363
0,-0.139952,-0.106068,-0.060748,-0.098446,-0.093145,-0.091428,0.002443,0.001851
0,0.052319,-0.093691,0.208794,0.012752,0.204702,0.044302,0.000913,0.001635
0,0.095303,0.070791,0.035475,0.144291,0.061041,0.193835,0.001663,0.001236
0,-0.041636,0.026851,-0.113425,-0.069694,-0.101192,-0.042278,0.000727,0.000469
0,0.094621,-0.101607,0.152171,-0.152419,0.175921,-0.164001,0.001651,0.001773
0,0.143475,-0.11912,0.023269,-0.002947,-0.004083,-0.025734,0.002504,0.002079
0,0.062351,0.031326,-0.10878,0.135898,-0.076958,0.172202,0.001088,0.000547
0,0.054245,-0.050569,0.014618,-0.071229,0.024429,-0.075312,0.000947,0.000883
0,0.122381,-0.035681,0.079441,-0.008183,0.048644,-0.046747,0.002136,0.000623
0,-0.031436,-0.117203,-0.156292,-0.086194,-0.141262,-0.060813,0.000549,0.002046
0,0.013453,0.115717,0.072924,0.2213,0.057802,0.208422,0.000235,0.00202
0,-0.048833,-0.047619,-0.089654,-0.177918,-0.130188,-0.130429,0.000852,0.000831
0,0.043976,-0.029554,0.092685,0.047836,0.075278,0.037097,0.000768,0.000516
0,-0.030763,0.10559,-0.074484,0.158424,-0.088963,0.149486,0.000537,0.001843
0,0.008902,0.095444,0.016496,-0.002395,0.039195,-0.03194,0.000155,0.001666
0,0.078589,0.148725,0.07369,0.072525,0.080365,0.087928,0.001372,0.002596
0,0.106652,0.055739,0.034893,-0.097433,0.010944,-0.100069,0.001861,0.000973
0,0.253892,0.06277,0.13642,-0.016137,0.126307,0.015322,0.004431,0.001096
0,0.101607,0.046144,-0.161721,-0.042343,-0.199111,-0.088525,0.001773,0.000805
0,0.051989,-0.052268,-0.073943,-0.068735,-0.095091,-0.07598,0.000907,0.000912
0,0.176247,-0.017099,0.119849,0.029974,0.079588,0.07843,0.003076,0.000298
0,0.023363,0.161107,-0.127709,0.204218,-0.136581,0.232277,0.000408,0.002812
0,0.12159,0.007369,0.076387,-0.148631,0.097233,-0.15855,0.002122,0.000129
0,0.060608,0.104229,-0.037489,0.06858,-0.044327,0.061576,0.001058,0.001819
0,-0.014498,-0.055496,-0.072798,-0.144357,-0.077118,-0.157371,0.000253,0.000969
0,-0.056733,-0.094453,-0.057684,-0.019799,-0.083539,0.021791,0.00099,0.001649
0,0.162083,0.049881,0.22792,0.128012,0.201488,0.091983,0.002829,0.000871
0,0.157304,0.139131,0.024734,0.085008,0.052352,0.084407,0.002745,0.002428
0,-0.130939,0.097589,-0.29049,-0.069574,-0.281849,-0.113875,0.002285,0.001703
0,-2.967079,0.073479,-2.851193,-0.012063,-2.852899,0.03398,0.003423,0.001282
0,-3.62765,0.159009,-0.649308,0.058803,-0.629172,0.087965,0.002862,0.002775
0,-3.364303,0.372184,0.255745,0.208488,0.214999,0.186122,0.001734,0.005595
0,-3.254606,0.142353,0.130166,-0.206795,0.086019,-0.225794,0.003649,0.002485
0,-3.329606,0.303907,-0.097352,0.154176,-0.145457,0.176057,0.00234,0.005304
0,-2.961285,0.057192,0.38948,-0.2619,0.378373,-0.258755,0.003322,0.000998
0,-1.78018,0.085702,1.176275,0.053363,1.13516,0.015562,0.005201,0.001496
0,-1.562504,-0.011518,0.242726,-0.071649,0.272789,-0.088844,0.00309,0.000201
0,-0.856635,-0.025785,0.693565,-0.026255,0.691455,-0.060192,0.002861,0.00045
0,-0.270633,-0.010441,0.605726,-0.002847,0.621932,0.042448,0.004723,0.000182
0,-0.093915,0.112286,0.169911,0.121038,0.1404,0.092695,0.001639,0.00196
0,0.086149,0.100196,0.156953,-0.006169,0.139054,-0.047649,0.001504,0.001749
0,0.142449,-0.029011,0.076457,-0.142463,0.042313,-0.1724,0.002486,0.000506
0,0.262983,0.11111,0.129888,0.124163,0.170932,0.155968,0.00459,0.001939
0,0.194278,0.221541,-0.061411,0.136484,-0.096394,0.138512,0.003391,0.003867
0,0.266948,0.153795,0.072344,-0.048406,0.087062,-0.086477,0.004659,0.002684
0,0.113707,0.16996,-0.144942,0.037969,-0.128265,0.020866,0.001985,0.002966
0,0.19942,0.064206,0.082609,-0.076047,0.069908,-0.124787,0.003481,0.001121
0,0.384858,0.222682,0.175069,0.166468,0.196279,0.198112,0.005373,0.003887
0,0.408262,0.039228,0.004805,-0.206144,0.000434,-0.236142,0.004965,0.000685
0,0.111476,0.189164,-0.281097,0.123454,-0.301891,0.130328,0.001946,0.003302
0,-0.024615,0.097134,-0.137198,-0.103802,-0.167634,-0.143243,0.00043,0.001695
0,-0.106325,0.150779,-0.052519,0.069504,-0.04836,0.05773,0.001856,0.002632
0,0.079201,0.129138,0.197453,-0.045735,0.176073,-0.022286,0.001382,0.002254
0,0.111876,0.040164,0.016779,-0.106899,0.04892,-0.12128,0.001953,0.000701
0,-0.105864,0.16328,-0.193803,0.105245,-0.152967,0.10732,0.001848,0.00285
0,-0.088092,0.084103,0.047076,-0.052538,0.032505,-0.066977,0.001537,0.001468
0,-0.076404,0.025974,0.034563,-0.053147,0.036432,-0.079054,0.001333,0.000453
0,-0.015583,0.191994,0.057638,0.192532,0.101104,0.188447,0.000272,0.003351
0,-0.056234,-0.015401,-0.058882,-0.218838,-0.051619,-0.247164,0.000981,0.000269
0,-0.069678,0.178559,0.006526,0.165834,0.027665,0.183936,0.001216,0.003116
0,0.127951,-0.057789,0.179862,-0.23994,0.162975,-0.191255,0.002233,0.001009
0,-0.009925,0.215343,-0.133163,0.27129,-0.175971,0.227769,0.000173,0.003758
0,0.13368,0.201594,0.164971,0.005666,0.144062,0.053261,0.002333,0.003518
0,0.095706,0.033973,-0.016063,-0.145908,-0.001336,-0.103254,0.00167,0.000593
0,0.133143,0.093979,0.026958,0.04704,-0.011843,0.014769,0.002324,0.00164
0,0.10768,-0.064832,-0.035188,-0.148813,-0.01272,-0.136187,0.001879,0.001132
0,0.216226,-0.080231,0.121642,-0.015611,0.121973,0.004778,0.003774,0.0014
0,-0.03422,0.16746,-0.246639,0.231421,-0.252277,0.215653,0.000597,0.002923
0,0.050181,-0.116756,0.059731,-0.268897,0.012438,-0.2414,0.000876,0.002038
0,-0.05533,0.1076,-0.097644,0.237668,-0.048794,0.219876,0.000966,0.001878
0,0.226942,-0.130713,0.279985,-0.263871,0.274856,-0.286119,0.003961,0.002281
0,0.139128,0.114396,-0.068389,0.242566,-0.03707,0.205966,0.002428,0.001997
0,0.08463,0.04784,-0.032807,-0.066763,-0.050159,-0.02822,0.001477,0.000835
0,-0.093025,-0.016129,-0.170486,-0.034833,-0.139262,-0.038424,0.001624,0.000282
0,0.046067,-0.118881,0.122231,-0.086285,0.147022,-0.118287,0.000804,0.002075
0,0.020547,-0.085082,-0.04858,0.046347,-0.041206,0.050517,0.000359,0.001485
0,-0.115037,0.053217,-0.151299,0.113728,-0.179716,0.129749,0.002008,0.000929
0,0.13185,-0.002131,0.247157,-0.069279,0.241291,-0.069223,0.002301,3.7e-05
0,-0.029693,-0.003629,-0.139867,0.006387,-0.146613,0.028274,0.000518,6.3e-05
0,0.066944,0.062629,0.11113,0.07227,0.124939,0.075267,0.001168,0.001093
0,-0.028691,-0.083913,-0.074068,-0.16338,-0.099626,-0.155185,0.000501,0.001465
0,-0.027468,0.087495,-0.025173,0.169812,-0.034389,0.185621,0.000479,0.001527
0,0.048846,-0.143368,0.103909,-0.207037,0.127176,-0.228197,0.000853,0.002502
0,0.065291,-0.12001,0.045009,0.001229,0.029737,0.02838,0.00114,0.002095
0,0.00849,0.01474,-0.045412,0.136286,-0.023295,0.096015,0.000148,0.000257
0,0.15504,-0.094644,0.160987,-0.119085,0.201259,-0.135658,0.002706,0.001652
0,0.242886,0.122505,0.066283,0.223067,0.022131,0.230525,0.004239,0.002138
0,0.158425,-0.055933,-0.088749,-0.197927,-0.120466,-0.218086,0.002765,0.000976
0,-0.03663,-0.002236,-0.186814,0.067014,-0.18255,0.063533,0.000639,3.9e-05
0,0.00713,0.092388,0.040823,0.087055,0.084017,0.085884,0.000124,0.001612
0,0.11609,-0.10465,0.120348,-0.17303,0.121142,-0.169037,0.002026,0.001826
0,0.028175,-0.029842,-0.090292,0.04501,-0.088698,0.028792,0.000492,0.000521
0,-0.059936,0.086326,-0.083612,0.112583,-0.057199,0.069844,0.001046,0.001507
0,0.104246,-0.011377,0.174708,-0.07836,0.194085,-0.105947,0.001819,0.000199
0,-0.084956,0.148495,-0.206377,0.181515,-0.231688,0.231236,0.001483,0.002592
0,0.009131,0.096278,0.114625,-0.028225,0.160574,-0.008891,0.000159,0.00168
0,-0.003475,0.006603,-0.009357,-0.118732,-0.029979,-0.095782,6.1e-05,0.000115
0,0.156509,0.01531,0.187791,0.004974,0.208161,-0.008778,0.002732,0.000267
0,-0.051722,0.0688,-0.189126,0.037367,-0.201865,-0.002824,0.000903,0.001201
0,-0.076409,0.102668,-0.030618,0.020233,-0.030214,0.029421,0.001334,0.001792
0,0.179772,0.035979,0.249121,-0.083242,0.245264,-0.128035,0.003138,0.000628
0,-0.012917,0.131443,-0.19788,0.078972,-0.211672,0.039271,0.000225,0.002294
0,0.115049,0.089484,0.152328,-0.052509,0.10411,-0.011478,0.002008,0.001562
0,0.120424,-0.039059,0.017754,-0.119224,0.016594,-0.09793,0.002102,0.000682
0,0.164425,0.126586,0.063658,0.157609,0.028168,0.140124,0.00287,0.002209
0,0.15749,-0.049726,0.014294,-0.18776,0.038679,-0.162085,0.002749,0.000868
0,0.143552,-0.120016,-0.004636,-0.05196,-0.01991,-0.086222,0.002505,0.002095
0,-0.027366,-0.091565,-0.185939,0.029177,-0.157806,0.075942,0.000478,0.001598
0,0.20767,0.031719,0.235103,0.101714,0.208727,0.15062,0.003625,0.000554
0,0.201322,-0.017881,0.005766,-0.036721,0.003093,-0.064144,0.003514,0.000312
0,0.071171,0.013066,-0.103864,0.00429,-0.105303,0.00971,0.001242,0.000228
0,-0.035123,-0.035068,-0.122577,-0.061832,-0.129976,-0.089538,0.000613,0.000612
0,-0.04433,-0.003833,0.007312,0.035062,0.025707,0.056916,0.000774,6.7e-05
0,0.182059,0.216161,0.218805,0.207218,0.25891,0.237125,0.003178,0.003773
0,0.075335,0.115688,-0.093211,-0.103997,-0.045218,-0.143943,0.001315,0.002019
0,-0.055511,0.220973,-0.141022,0.122614,-0.167379,0.164829,0.000969,0.003857
0,-0.196226,-0.01071,-0.131621,-0.24632,-0.087726,-0.210111,0.003425,0.000187
0,-0.0059,-0.089571,0.198371,-0.055824,0.179865,-0.006079,0.000103,0.001563
0,-0.144054,-0.077285,-0.164428,0.037258,-0.143855,0.074994,0.002514,0.001349
0,-0.164895,0.180425,-0.050298,0.271984,-0.00145,0.288213,0.002878,0.003149
0,-0.067147,0.044867,0.106769,-0.149413,0.08506,-0.124755,0.001172,0.000783
0,-0.06639,-0.042744,-0.001604,-0.087438,0.044642,-0.113645,0.001159,0.000746
0,-0.142033,0.168235,-0.047658,0.184379,-0.095877,0.227163,0.002479,0.002936
0,0.062453,-0.042889,0.191928,-0.181761,0.156922,-0.231373,0.00109,0.000749
0,-0.189752,0.031655,-0.239978,0.049552,-0.273228,0.086315,0.003312,0.000552
0,-0.015647,0.067875,0.164072,0.048786,0.180045,0.008429,0.000273,0.001185
0,-0.130332,0.066568,-0.106345,0.003313,-0.094292,-0.040791,0.002275,0.001162
0,-0.146956,-0.044113,-0.031247,-0.105396,0.003775,-0.066089,0.002565,0.00077
0,0.011668,-0.025158,0.163488,0.046249,0.179639,0.035609,0.000204,0.000439
0,0.098408,0.11367,0.089508,0.145808,0.044947,0.127553,0.001718,0.001984
0,-0.091842,0.030192,-0.192542,-0.056776,-0.189057,-0.031609,0.001603,0.000527
0,-0.070898,-0.121412,0.043256,-0.152843,0.00737,-0.145451,0.001237,0.002119
0,0.06481,0.051747,0.115844,0.183782,0.082766,0.180752,0.001131,0.000903
0,0.061295,-0.068304,0.010354,-0.112488,-0.021472,-0.112255,0.00107,0.001192
0,-0.042016,0.099457,-0.074242,0.146061,-0.05268,0.191498,0.000733,0.001736
0,0.009621,0.071671,0.068427,-0.001529,0.061752,0.009507,0.000168,0.001251
0,0.144662,-0.045195,0.12217,-0.112745,0.143299,-0.105412,0.002525,0.000789
0,0.035668,0.069171,-0.082717,0.12573,-0.045746,0.077266,0.000623,0.001207
0,0.055838,0.047813,-0.008651,-0.013344,-0.011644,-0.028702,0.000975,0.000834
0,-0.02343,-0.059538,-0.101686,-0.09384,-0.121159,-0.137111,0.000409,0.001039
0,0.064786,-0.095319,0.087091,-0.024599,0.03979,-0.001292,0.001131,0.001664
0,-0.002834,0.139545,-0.067991,0.222735,-0.048629,0.197822,4.9e-05,0.002436
0,0.073226,0.088906,0.049994,-0.021345,0.079121,-0.019563,0.001278,0.001552
0,0.188776,0.067575,0.144936,-0.007038,0.108545,0.008583,0.003295,0.001179
0,-0.087868,0.153784,-0.300563,0.099912,-0.336183,0.109694,0.001534,0.002684
0,0.046895,0.185482,0.128631,0.049419,0.15862,0.0364,0.000818,0.003237
0,0.002991,-0.073522,-0.022859,-0.284051,0.007557,-0.304824,5.2e-05,0.001283
0,-0.040589,-0.006689,-0.022405,0.053546,-0.063573,0.008719,0.000708,0.000117
0,-0.229811,-0.007936,-0.211582,-0.013949,-0.260727,0.031863,0.004011,0.000139
0,-0.11436,0.171819,0.122668,0.20155,0.099692,0.216499,0.001996,0.002999
0,0.099889,0.110548,0.216523,-0.041876,0.222497,-0.087498,0.001743,0.001929
0,0.061405,0.169002,-0.01493,0.071569,-0.029207,0.029973,0.001072,0.00295
0,-0.152722,-0.049492,-0.234164,-0.239256,-0.270405,-0.288923,0.002666,0.000864
0,-0.198592,-0.078669,-0.067542,-0.029308,-0.027574,-0.042992,0.003466,0.001373
0,0.041032,-0.06256,0.212219,0.033061,0.167132,0.052819,0.000716,0.001092
0,-0.149817,0.070369,-0.179308,0.160166,-0.210503,0.197074,0.002615,0.001228
0,-0.211991,0.107122,-0.078112,0.05002,-0.083331,0.013357,0.0037,0.00187
0,-0.056055,0.047619,0.137314,-0.072681,0.182393,-0.042005,0.000978,0.000831
0,0.074176,0.012501,0.10325,-0.027726,0.144961,-0.024583,0.001295,0.000218
0,0.082517,0.023932,0.02434,0.003743,-0.024818,-0.019924,0.00144,0.000418
0,-0.150955,-0.118438,-0.239261,-0.114741,-0.239508,-0.103857,0.002635,0.002067
0,0.061894,0.073004,0.186161,0.167454,0.199064,0.191806,0.00108,0.001274
0,0.056178,0.01132,0.003297,-0.078538,0.048845,-0.083601,0.00098,0.000198
0,0.034832,-0.118756,0.007825,-0.146423,0.010255,-0.137281,0.000608,0.002073
0,0.014097,-0.018963,-0.003028,0.124479,-0.040708,0.085282,0.000246,0.000331
0,-0.106571,0.110842,-0.136998,0.115422,-0.093731,0.137554,0.00186,0.001935
0,-0.112069,0.131436,-0.000762,0.018415,-0.028474,0.067211,0.001956,0.002294
0,-0.036208,0.112975,0.082717,-0.043097,0.115857,-0.046421,0.000632,0.001972
0,-0.023489,0.127867,0.032651,-0.008904,0.053882,-0.054417,0.00041,0.002232
0,0.054872,-0.052907,0.09949,-0.202341,0.135888,-0.220455,0.000958,0.000923
0,0.041419,-0.138031,-0.025588,-0.087196,-0.029361,-0.08027,0.000723,0.002409
0,-0.12022,0.030795,-0.157385,0.16755,-0.175154,0.19496,0.002098,0.000537
0,0.060372,-0.10382,0.172007,-0.153152,0.198673,-0.125312,0.001054,0.001812
0,0.046204,-0.035565,0.001038,0.069383,-0.004909,0.026732,0.000806,0.000621
0,0.044003,0.054998,-0.003438,0.081535,0.017114,0.03713,0.000768,0.00096
0,-0.068878,0.080853,-0.129625,0.028836,-0.139437,0.034005,0.001202,0.001411
0,-0.086972,-0.125953,-0.002759,-0.192692,0.046156,-0.151224,0.001518,0.002198
0,1.653448,0.635191,1.75302,0.777081,1.78891,0.754906,0.004677,0.001004
0,2.537318,1.274726,0.870107,0.639698,0.901494,0.659968,0.004077,0.001933
0,2.595818,1.501495,0.066955,0.249685,0.053252,0.246992,0.003056,0.002025
0,3.104473,1.126496,0.499484,-0.368019,0.475466,-0.379984,0.005821,0.00452
0,3.099254,1.257885,-0.024367,0.145444,-0.06641,0.169708,0.00573,0.002227
0,2.534816,0.931986,-0.535481,-0.314655,-0.526175,-0.292002,0.004121,0.004176
0,1.893342,0.60319,-0.626462,-0.31964,-0.642462,-0.315586,0.003226,0.001563
0,1.350056,0.374798,-0.567617,-0.199049,-0.57025,-0.222994,0.000618,0.005549
0,0.957213,0.229296,-0.372906,-0.125428,-0.392263,-0.168882,0.004616,0.004002
0,0.44548,0.12922,-0.508638,-0.072669,-0.487683,-0.054644,0.004315,0.002255
0,0.374155,0.068479,-0.056048,-0.069468,-0.023244,-0.048714,0.00556,0.001195
0,0.280344,-0.004755,-0.092906,-0.076329,-0.06778,-0.120081,0.004893,8.3e-05
0,0.017395,-0.06887,-0.272749,-0.08433,-0.306182,-0.094853,0.000304,0.001202
0,-0.00044,-0.295195,-0.008644,-0.23823,-0.029058,-0.246202,8e-06,0.005152
0,-0.273284,-0.307059,-0.270272,-0.036029,-0.264507,-0.01772,0.00477,0.005359
0,-0.312601,-0.087085,-0.024954,0.194419,-0.012985,0.241531,0.005456,0.00152
0,-0.120876,-0.331332,0.175888,-0.23032,0.141143,-0.255045,0.00211,0.005783
0,-0.288751,-0.276521,-0.160956,0.0688,-0.122109,0.094619,0.00504,0.004826
0,-0.299547,-0.200967,0.003521,0.071647,-0.02249,0.03585,0.005228,0.003508
0,-0.182353,-0.261526,0.100478,-0.031768,0.111456,-0.073172,0.003183,0.004564
0,-0.268474,-0.388209,-0.07687,-0.10052,-0.043261,-0.12433,0.004686,0.005315
0,-0.421681,-0.172102,-0.15651,0.218879,-0.152669,0.26563,0.004731,0.003004
0,-0.34205,-0.143636,0.059802,0.019247,0.058936,0.026855,0.00597,0.002507
0,-0.250147,-0.039051,0.108295,0.086664,0.065568,0.083636,0.004366,0.000682
0,-0.231549,0.004897,-0.010418,0.069962,0.024147,0.032404,0.004041,8.5e-05
0,-0.193887,-0.134134,0.009366,-0.134972,0.002893,-0.164561,0.003384,0.002341
0,-0.109879,-0.101725,0.083214,0.033272,0.050647,0.058027,0.001918,0.001775
0,-0.142652,-0.066814,-0.057173,0.025809,-0.01263,0.012182,0.00249,0.001166
0,-0.177663,-0.187575,-0.054324,-0.095032,-0.084485,-0.082232,0.003101,0.003274
0,-0.149104,-0.028604,0.011546,0.145014,0.052046,0.185208,0.002602,0.000499
0,-0.22341,-0.049507,-0.091348,-0.000735,-0.134295,-0.00498,0.003899,0.000864
0,-0.099201,-0.177198,0.108398,-0.126636,0.117338,-0.131137,0.001731,0.003093
0,-0.129011,0.007865,-0.002995,0.201759,0.011432,0.192676,0.002252,0.000137
0,-0.120414,-0.222478,-0.000464,-0.217755,-0.035626,-0.222401,0.002102,0.003883
0,-0.205556,-0.039821,-0.102163,0.167982,-0.108992,0.198439,0.003588,0.000695
0,-0.099893,-0.245205,0.078861,-0.221188,0.09775,-0.220964,0.001743,0.00428
0,-0.039833,-0.004516,0.075946,0.212027,0.055892,0.167122,0.000695,7.9e-05
0,-0.195006,-0.126821,-0.133687,-0.092364,-0.133321,-0.123159,0.003403,0.002213
0,-0.005243,-0.172175,0.18715,-0.046941,0.209165,-0.022248,9.2e-05,0.003005
0,-0.14464,-0.097317,-0.141534,0.101279,-0.144748,0.120761,0.002524,0.001699
0,-0.162551,-0.138936,-0.020545,-0.067696,-0.012646,-0.10602,0.002837,0.002425
0,-0.047647,-0.258202,0.14219,-0.147618,0.154138,-0.115186,0.000832,0.004506
0,-0.029923,0.005132,0.023579,0.268866,0.00367,0.307876,0.000522,9e-05
0,-0.02753,-0.115192,-0.018941,-0.120877,-0.002951,-0.079876,0.00048,0.00201
0,-0.167418,-0.238607,-0.162456,-0.144295,-0.172072,-0.192126,0.002922,0.004164
0,0.084324,-0.070261,0.238976,0.152089,0.234011,0.19445,0.001472,0.001226
0,0.08541,-0.101221,0.009539,-0.0557,0.004761,-0.081497,0.001491,0.001767
0,0.091772,-0.14514,0.026214,-0.067886,0.069113,-0.074275,0.001602,0.002533
0,-0.030603,-0.214765,-0.144455,-0.074079,-0.14289,-0.072553,0.000534,0.003748
0,0.091475,-0.231215,0.150997,0.011483,0.101013,0.027006,0.001597,0.004035
0,0.080538,-0.201561,-0.00548,0.0143,0.012429,0.056151,0.001406,0.003518
0,0.142879,-0.225902,0.0333,0.001064,0.054215,-0.007827,0.002494,0.003943
0,0.149934,-0.083612,-0.009244,0.144674,-0.001261,0.145448,0.002617,0.001459
0,0.067236,-0.054216,-0.074134,0.058074,-0.100021,0.079753,0.001173,0.000946
0,0.233659,0.00553,0.154588,0.039356,0.163148,0.014707,0.004078,9.7e-05
0,0.05022,-0.006252,-0.16183,-0.038845,-0.199985,-0.007517,0.000877,0.000109
0,0.072944,-0.059261,0.046105,-0.053277,0.032042,-0.004366,0.001273,0.001034
0,0.219768,-0.126737,0.14881,-0.092681,0.100534,-0.048609,0.003836,0.002212
0,0.30888,0.081631,0.081696,0.190485,0.061926,0.164369,0.005391,0.001425
0,0.112659,-0.014355,-0.172293,-0.066937,-0.210874,-0.041615,0.001966,0.000251
0,0.18056,-0.013087,0.079035,0.007299,0.057715,-0.024046,0.003151,0.000228
0,0.261052,-0.219474,0.088077,-0.191773,0.051749,-0.210799,0.004556,0.003831
0,0.192856,-0.049966,-0.087446,0.183384,-0.091635,0.201928,0.003366,0.000872
0,0.263075,-0.015068,0.059937,0.028182,0.059168,0.069839,0.004592,0.000263
0,0.119033,-0.098743,-0.148071,-0.082645,-0.137194,-0.063523,0.002078,0.001723
0,0.019331,-0.233349,-0.097769,-0.14338,-0.112864,-0.094551,0.000337,0.004073
0,0.080359,-0.015732,0.068101,0.233325,0.105377,0.278164,0.001403,0.000275
0,0.045657,-0.193569,-0.043711,-0.160893,-0.093443,-0.158782,0.000797,0.003378
0,0.14202,0.004423,0.106635,0.189658,0.152471,0.186447,0.002479,7.7e-05
0,0.064806,-0.06433,-0.050683,-0.05741,-0.080403,-0.017533,0.001131,0.001123
0,0.137371,-0.153466,0.045742,-0.11745,0.003781,-0.14133,0.002398,0.002678
0,0.015301,0.019881,-0.107203,0.183617,-0.126014,0.162341,0.000267,0.000347
0,0.014697,-0.086068,0.028496,-0.09628,0.076286,-0.077039,0.000257,0.001502
0,0.071356,-0.190692,0.035083,-0.086962,0.082886,-0.058057,0.001245,0.003328
0,0.092718,-0.105693,0.049948,0.066241,0.056261,0.055224,0.001618,0.001845
0,-0.030302,0.023321,-0.098964,0.144741,-0.090772,0.165649,0.000529,0.000407
0,0.014127,0.078446,0.059294,0.077753,0.055025,0.121352,0.000247,0.001369
0,0.053407,-0.006366,0.069152,-0.064223,0.092041,-0.094964,0.000932,0.000111
0,0.124951,-0.012423,0.079908,-0.029065,0.035181,-0.012235,0.002181,0.000217
0,0.033787,-0.152649,-0.102693,-0.124931,-0.124819,-0.081342,0.00059,0.002664
0,0.075033,-0.130928,0.036732,-0.007557,0.062997,0.018511,0.00131,0.002285
0,0.174987,0.113935,0.106347,0.249381,0.05798,0.281061,0.003054,0.001989
0,-0.059071,0.09337,-0.246285,0.004699,-0.210447,0.02642,0.001031,0.00163
0,0.153436,0.073515,0.182655,-0.026325,0.230181,-0.002289,0.002678,0.001283
0,-0.067701,-0.114637,-0.207172,-0.18747,-0.17455,-0.212443,0.001182,0.002001
0,0.13853,-0.008399,0.219902,0.133701,0.174144,0.11183,0.002418,0.000147
0,0.134122,0.094218,0.024718,0.12551,-0.017536,0.113139,0.002341,0.001644
0,0.087735,0.041264,-0.048288,-0.062833,-0.087151,-0.044956,0.001531,0.00072
0,0.034262,0.060905,-0.079911,0.015184,-0.124219,0.05285,0.000598,0.001063
0,-0.072709,0.017015,-0.125391,-0.050705,-0.124893,-0.042076,0.001269,0.000297
0,0.203786,-0.010848,0.27397,-0.027636,0.26029,-0.069412,0.003557,0.000189
0,0.181234,0.046373,-0.002411,0.036231,0.01687,0.050354,0.003163,0.000809
0,0.001428,0.004753,-0.190958,-0.050164,-0.177509,-0.029387,2.5e-05,8.3e-05
0,0.237229,-0.074208,0.227845,-0.050798,0.180346,-0.031904,0.00414,0.001295
0,0.057615,-0.021178,-0.159317,0.039165,-0.127166,0.049099,0.001006,0.00037
0,-0.017485,-0.029785,-0.05618,-0.037081,-0.074738,-0.067438,0.000305,0.00052
0,0.142254,0.023299,0.17041,0.057672,0.18513,0.081086,0.002483,0.000407
0,0.12594,-0.089837,-0.010206,-0.084959,0.008799,-0.087391,0.002198,0.001568
0,0.277343,0.008982,0.148707,0.127365,0.155452,0.142678,0.004841,0.000157
0,0.288462,0.004942,0.000591,0.016954,0.028448,0.025498,0.005035,8.6e-05
0,0.167655,-0.112657,-0.101084,-0.128251,-0.126861,-0.144075,0.002926,0.001966
0,0.287582,0.034181,0.129309,0.131486,0.144796,0.170262,0.005019,0.000597
0,-0.012036,0.072461,-0.32816,0.046771,-0.363766,0.055979,0.00021,0.001265
0,-0.060409,0.062143,-0.048022,-0.037079,-0.087488,-0.076121,0.001054,0.001085
0,-0.012232,-0.020393,0.057376,-0.061419,0.021855,-0.018174,0.000213,0.000356
0,0.156106,-0.081356,0.195037,-0.054735,0.173232,-0.012355,0.002725,0.00142
0,0.220552,-0.219202,0.087033,-0.12247,0.122713,-0.08709,0.003849,0.003826
0,-0.006202,-0.004527,-0.252756,0.223586,-0.234989,0.26398,0.000108,7.9e-05
0,0.192822,-0.021983,0.210357,-0.03721,0.199392,-0.086108,0.003365,0.000384
0,0.050892,-0.115171,-0.112392,-0.085436,-0.068164,-0.101462,0.000888,0.00201
0,0.038253,-0.06576,-0.042341,0.07175,-0.072,0.068393,0.000668,0.001148
0,0.201229,-0.000703,0.174151,0.057097,0.211046,0.015643,0.003512,1.2e-05
0,0.198216,-0.031732,-0.003596,-0.003967,0.006142,-0.002685,0.00346,0.000554
0,0.102024,-0.034752,-0.118398,0.023151,-0.090977,0.033632,0.001781,0.000607
0,0.113877,-0.012749,0.036148,0.018229,0.046358,-0.000812,0.001988,0.000223
0,0.060001,-0.153792,-0.044711,-0.115944,-0.042182,-0.133802,0.001047,0.002684
0,-0.00205,-0.10119,-0.071576,0.030185,-0.070124,0.003343,3.6e-05,0.001766
0,-0.046713,-0.085636,-0.02713,-0.01233,0.001063,-0.028751,0.000815,0.001495
0,-0.073761,-0.08485,-0.018825,0.027087,0.009061,0.068003,0.001287,0.001481
0,-0.154971,0.05206,-0.087007,0.152971,-0.073638,0.161174,0.002705,0.000909
0,0.106398,-0.118487,0.282153,-0.153644,0.277852,-0.14293,0.001857,0.002068
0,0.146812,-0.058498,0.035059,0.032373,0.032254,0.010673,0.002562,0.001021
0,-0.049725,0.075984,-0.177657,0.147649,-0.170825,0.107416,0.000868,0.001326
0,-0.099303,-0.080356,-0.023058,-0.172357,-0.029864,-0.182166,0.001733,0.001402
0,0.070468,-0.103898,0.143181,-0.045578,0.151745,-0.022199,0.00123,0.001813
0,0.027278,-0.032023,-0.07013,0.049843,-0.03798,0.003215,0.000476,0.000559
0,-0.113129,-0.135893,-0.151487,-0.088646,-0.107412,-0.089732,0.001974,0.002372
0,0.037434,0.005418,0.128773,0.145713,0.141619,0.135768,0.000653,9.5e-05
0,0.074507,-0.149401,0.055344,-0.183353,0.080215,-0.222643,0.0013,0.002608
0,-0.052059,0.018038,-0.129675,0.13978,-0.097234,0.132802,0.000909,0.000315
0,-0.033203,0.091401,0.033579,0.070709,0.060948,0.119074,0.000579,0.001595
0,0.032908,0.019091,0.069487,-0.068189,0.06378,-0.087289,0.000574,0.000333
0,0.041647,-0.057202,-0.001107,-0.086145,0.02095,-0.086189,0.000727,0.000998
0,0.138956,-0.20562,0.090843,-0.147963,0.087742,-0.172194,0.002425,0.003589
0,-0.145673,-0.075074,-0.290259,0.159041,-0.301458,0.204686,0.002542,0.00131
0,-0.116563,-0.204538,0.012008,-0.124715,-0.025149,-0.080174,0.002034,0.00357
0,-0.096516,-0.037445,0.025007,0.181267,-0.01253,0.156655,0.001685,0.000654
0,-0.026584,-0.218686,0.048916,-0.17925,0.067613,-0.202766,0.000464,0.003817
0,0.076053,0.0163,0.075308,0.230016,0.085618,0.185148,0.001327,0.000284
0,0.048866,-0.095958,0.002347,-0.115309,-0.033889,-0.147742,0.000853,0.001675
0,-0.004695,-0.165446,-0.024171,-0.068366,0.019393,-0.023184,8.2e-05,0.002888
0,0.142143,-0.12836,0.166023,0.01428,0.146887,0.029765,0.002481,0.00224
0,-0.058359,-0.195449,-0.200179,-0.080679,-0.187093,-0.099888,0.001019,0.003411
0,-0.090566,-0.158653,-0.017964,0.055838,0.031477,0.018643,0.001581,0.002769
0,0.068135,0.004613,0.146218,0.170868,0.136562,0.180926,0.001189,8.1e-05
0,0.047831,-0.041939,-0.014439,-0.031668,-0.03202,-0.015562,0.000835,0.000732
0,-0.095557,-0.018996,-0.166988,0.007564,-0.216349,0.056391,0.001668,0.000332
0,-0.113337,0.125355,-0.00703,0.156461,-0.054169,0.169779,0.001978,0.002188
0,0.072112,-0.085663,0.166633,-0.221063,0.13487,-0.196933,0.001259,0.001495
0,-0.090027,-0.071915,-0.172537,0.037352,-0.133738,0.02179,0.001571,0.001255
0,0.030322,-0.137618,0.119374,-0.064022,0.095397,-0.064452,0.000529,0.002402
0,0.015299,0.069277,-0.000721,0.184494,0.014444,0.152179,0.000267,0.001209
0,0.04634,0.0162,0.013554,-0.059971,0.004028,-0.066921,0.000809,0.000283
0,0.050759,0.000849,-0.015892,-0.032688,-0.034609,-0.010338,0.000886,1.5e-05
0,0.004581,0.018322,-0.063004,0.042885,-0.01954,0.066291,8e-05,0.00032
0,-0.026173,0.123245,-0.014337,0.13441,-0.003128,0.158662,0.000457,0.002151
0,-0.092872,-0.121657,-0.039575,-0.241229,-0.000489,-0.200243,0.001621,0.002123
0,-0.113263,0.117089,-0.044794,0.259013,-0.028153,0.226889,0.001977,0.002044
0,-0.090422,-0.139784,0.010794,-0.232,-0.011045,-0.272163,0.001578,0.00244
0,-0.153305,-0.164839,-0.088432,-0.007336,-0.06181,-0.01473,0.002676,0.002877
0,-0.03198,-0.193423,0.138775,-0.008112,0.119797,-0.018477,0.000558,0.003376
0,-0.035518,0.064971,-0.026524,0.232338,0.006211,0.220696,0.00062,0.001134
0,-0.226419,-0.033721,-0.190197,-0.069042,-0.199747,-0.027849,0.003952,0.000589
0,-0.009053,-0.148959,0.18999,-0.125007,0.229238,-0.164531,0.000158,0.0026
0,0.095286,0.065829,0.096148,0.243045,0.104869,0.286466,0.001663,0.001149
0,-0.037735,-0.124796,-0.150831,-0.162454,-0.106703,-0.153985,0.000659,0.002178
0,0.009879,-0.111692,0.037552,-0.004697,-0.009419,0.043037,0.000172,0.001949
0,-0.133105,-0.094462,-0.146961,0.029015,-0.136128,-0.010408,0.002323,0.001649
0,-0.138414,-0.147841,-0.006766,-0.05993,0.035009,-0.028483,0.002416,0.00258
0,-0.156727,-0.158305,0.003,-0.014769,-0.039212,-0.031761,0.002735,0.002763
0,-0.147132,-0.107409,0.036596,0.028346,0.036816,0.050505,0.002568,0.001875
0,0.099649,-0.007984,0.259263,0.072172,0.216033,0.025836,0.001739,0.000139
0,-0.021103,0.058923,-0.140315,0.074263,-0.155445,0.051891,0.000368,0.001028
0,-0.066273,0.000197,-0.023734,-0.038556,-0.052405,-0.053839,0.001157,3e-06
0,0.11026,-0.141021,0.192861,-0.128902,0.236177,-0.17707,0.001924,0.002461
0,0.07633,-0.163329,-0.005937,-0.016235,0.014431,-0.039256,0.001332,0.002851
0,0.110936,-0.198787,0.052537,-0.012699,0.094855,0.007091,0.001936,0.003469
0,0.003341,-0.085082,-0.132207,0.142245,-0.123383,0.122413,5.8e-05,0.001485
0,0.10131,-0.020501,0.077107,0.03518,0.085618,0.01883,0.001768,0.000358
0,-0.010506,0.06395,-0.127401,0.069544,-0.139233,0.056749,0.000183,0.001116
0,-0.041935,-0.106078,-0.022946,-0.191524,-0.050239,-0.216606,0.000732,0.001851
0,-0.092909,-0.083321,-0.04619,0.049192,-0.069815,0.012272,0.001622,0.001454
0,0.19056,0.031396,0.25403,0.122529,0.275381,0.080354,0.003326,0.000548
0,-0.081453,0.691218,-0.252447,0.675062,-0.265456,0.673969,0.001422,2.6e-05
0,-0.047184,1.399712,0.056188,0.707933,0.093099,0.690525,0.000824,0.000249
0,-0.158304,1.764287,-0.135445,0.342347,-0.160919,0.311482,0.002763,0.005479
0,-0.185853,2.353973,-0.033176,0.58646,-0.002427,0.619303,0.003244,0.004813
0,-0.293579,2.379036,-0.092989,0.049673,-0.078362,0.005418,0.005124,0.005251
0,-0.241233,2.054276,0.082344,-0.331653,0.066019,-0.345463,0.00421,0.000418
0,-0.250186,1.677514,0.006837,-0.382824,-0.042862,-0.372364,0.004367,0.005097
0,-0.147152,1.197589,0.078272,-0.468391,0.046824,-0.44506,0.002568,0.003279
0,-0.305043,0.760334,-0.1876,-0.452978,-0.176109,-0.486018,0.005324,0.00118
0,-0.147155,0.297301,0.134012,-0.487218,0.182854,-0.496368,0.002568,0.005189
0,-0.174048,-0.015973,0.000735,-0.300065,-0.015816,-0.294106,0.003038,0.000279
0,-0.289419,-0.176468,-0.098404,-0.18805,-0.084738,-0.160235,0.005051,0.00308
0,-0.26967,-0.149527,-0.005405,0.020217,0.017279,-0.024367,0.004707,0.00261
0,-0.081749,-0.226518,0.200884,-0.052965,0.220165,-0.053873,0.001427,0.003953
0,-0.191024,-0.174678,-0.080875,0.034823,-0.090708,0.052622,0.003334,0.003049
0,-0.253932,-0.263108,-0.051617,-0.078494,-0.087481,-0.058641,0.004432,0.004592
0,-0.093026,-0.126588,0.155473,0.148375,0.183357,0.18207,0.001624,0.002209
0,-0.056639,-0.336988,0.034954,-0.182509,-0.003012,-0.156007,0.000989,0.005882
0,-0.267993,-0.176626,-0.203593,0.173602,-0.201404,0.149439,0.004677,0.003083
0,-0.076195,-0.332104,0.210165,-0.177397,0.199409,-0.134712,0.00133,0.005796
0,-0.05939,-0.302793,-0.001641,0.017371,-0.031356,-0.011645,0.001037,0.005285
0,-0.048039,-0.170718,0.021951,0.103516,-0.024835,0.068631,0.000838,0.00298
0,-0.115488,-0.272748,-0.037972,-0.105361,-0.08254,-0.152081,0.002016,0.00476
0,-0.05868,-0.346928,0.04837,-0.085691,0.025524,-0.134674,0.001024,0.006035
0,-0.318344,-0.167037,-0.277524,0.199097,-0.267758,0.178917,0.005556,0.002915
0,-0.333344,-0.250753,-0.009311,-0.090933,0.039674,-0.076461,0.005818,0.004376
0,-0.170564,-0.114377,0.176851,0.109885,0.145709,0.085497,0.002977,0.001996
0,-0.254331,-0.040664,-0.057542,0.055365,-0.061943,0.051087,0.004439,0.00071
0,-0.171339,-0.053007,0.055451,-0.037845,0.031693,-0.080929,0.00299,0.000925
0,-0.076149,-0.154303,0.096646,-0.111071,0.085728,-0.087064,0.001329,0.002693
0,-0.102969,-0.054372,-0.040695,0.120839,-0.067967,0.076808,0.001797,0.000949
0,-0.096667,-0.1957,0.032236,-0.130556,-0.005415,-0.150724,0.001687,0.003416
0,-0.167834,0.002006,-0.091011,0.220963,-0.05975,0.227688,0.002929,3.5e-05
0,-0.22996,-0.134914,-0.048588,-0.14395,-0.092589,-0.098982,0.004014,0.002355
0,-0.328993,-0.199056,-0.12063,-0.055958,-0.096566,-0.105083,0.005742,0.003474
0,-0.048939,-0.026508,0.30237,0.198113,0.261412,0.16941,0.000854,0.000463
0,-0.16926,-0.0037,-0.137401,0.032894,-0.104207,0.081262,0.002954,6.5e-05
0,-0.121476,-0.014292,0.053512,0.010292,0.093,0.055566,0.00212,0.000249
0,-0.229146,-0.169154,-0.135079,-0.151403,-0.182483,-0.12006,0.003999,0.002952
0,-0.087036,-0.005644,0.121192,0.173232,0.11476,0.171768,0.001519,9.9e-05
0,-0.009775,-0.087219,0.068996,-0.092303,0.076193,-0.073006,0.000171,0.001522
0,-0.173467,-0.166483,-0.140316,-0.051374,-0.172251,-0.03288,0.003028,0.002906
0,-0.182048,-0.158371,0.021021,0.005739,0.003968,0.037986,0.003177,0.002764
0,0.021422,-0.06757,0.201144,0.099329,0.239146,0.134222,0.000374,0.001179
0,-0.109875,-0.006322,-0.103077,0.056403,-0.147231,0.100845,0.001918,0.00011
0,-0.21412,-0.204,-0.079265,-0.218484,-0.041702,-0.225227,0.003737,0.00356
0,-0.026763,-0.127073,0.181435,0.076624,0.201105,0.037188,0.000467,0.002218
0,-0.194712,-0.071578,-0.192483,0.033519,-0.199396,0.005764,0.003398,0.001249
0,-0.123859,-0.10151,0.062522,-0.045339,0.070885,-0.052858,0.002162,0.001772
0,0.094084,0.103886,0.219044,0.195117,0.221856,0.237011,0.001642,0.001813
0,0.018134,-0.16377,-0.04878,-0.265605,0.000468,-0.278302,0.000317,0.002858
0,0.116657,-0.150251,0.086983,0.041376,0.066792,0.083467,0.002036,0.002622
0,0.063672,0.095791,-0.038333,0.264259,0.008107,0.246348,0.001111,0.001672
0,-0.093733,0.031438,-0.17642,-0.061224,-0.154206,-0.094809,0.001636,0.000549
0,-0.167502,0.082632,-0.071879,0.044627,-0.113173,0.051577,0.002923,0.001442
0,-0.230378,-0.003066,-0.089232,-0.067442,-0.050002,-0.067705,0.004021,5.4e-05
0,-0.029259,-0.089167,0.185116,-0.091725,0.23094,-0.118706,0.000511,0.001556
0,-0.073754,0.044128,-0.06184,0.134148,-0.019844,0.126637,0.001287,0.00077
0,-0.304422,-0.039139,-0.231576,-0.099705,-0.186209,-0.073378,0.005313,0.000683
0,-0.019117,-0.156336,0.284336,-0.096291,0.260573,-0.094988,0.000334,0.002729
0,-0.033918,0.014468,-0.025856,0.158558,-0.029967,0.149565,0.000592,0.000253
0,-0.100687,0.020295,-0.083241,-0.019689,-0.047451,-0.002778,0.001757,0.000354
0,0.054927,-0.200989,0.140898,-0.233539,0.163753,-0.272159,0.000959,0.003508
0,-0.151337,-0.203161,-0.225052,-2.9e-05,-0.176709,0.030565,0.002641,0.003546
0,-0.14753,0.041491,0.025531,0.215042,0.016652,0.183958,0.002575,0.000724
0,-0.032311,-0.152832,0.137373,-0.185945,0.123529,-0.160244,0.000564,0.002667
0,-0.18961,0.053673,-0.166774,0.215507,-0.213073,0.204426,0.003309,0.000937
0,-0.174299,-0.031816,0.018749,-0.064711,0.06795,-0.099348,0.003042,0.000555
0,-0.105876,-0.141902,0.044587,-0.139295,0.048346,-0.16942,0.001848,0.002477
0,0.005553,-0.167818,0.108079,-0.035671,0.152096,-0.013733,9.7e-05,0.002929
0,-0.20997,-0.138391,-0.224595,0.03107,-0.21689,0.055663,0.003665,0.002415
0,-0.004676,-0.092276,0.193464,0.051773,0.16751,0.006053,8.2e-05,0.001611
0,0.058861,-0.04805,0.053343,0.067028,0.089485,0.08547,0.001027,0.000839
0,0.036391,-0.132816,-0.033078,-0.077173,-0.019122,-0.062144,0.000635,0.002318
0,0.082487,-0.245974,0.069743,-0.143155,0.038276,-0.102011,0.00144,0.004293
0,0.099701,-0.109609,-0.008357,0.110516,-0.055535,0.14094,0.00174,0.001913
0,0.126035,-0.059847,0.037911,0.066832,0.010129,0.045985,0.0022,0.001045
0,0.020371,-0.07632,-0.096035,-0.034323,-0.123021,0.009061,0.000356,0.001332
0,-0.033365,5.7e-05,-0.07533,0.099295,-0.116764,0.128774,0.000582,1e-06
0,-0.064661,0.032935,-0.010011,0.026151,-0.010355,0.016689,0.001129,0.000575
0,0.011228,0.041293,0.046576,0.021719,0.063217,0.011998,0.000196,0.000721
0,-0.091435,0.047873,-0.117865,0.014906,-0.144229,0.010997,0.001596,0.000836
0,0.011477,-0.073765,0.079172,-0.123402,0.053748,-0.171046,0.0002,0.001287
0,-0.187385,0.036661,-0.218048,0.102893,-0.223046,0.05987,0.00327,0.00064
0,-0.023807,0.082158,0.174834,0.039976,0.173351,-0.007354,0.000416,0.001434
0,-0.053546,0.057015,-0.008998,-0.006239,-0.013651,0.033525,0.000935,0.000995
0,-0.090649,0.045566,-0.009289,-0.016726,-0.018984,0.014971,0.001582,0.000795
0,0.023059,-0.175411,0.087556,-0.222205,0.136276,-0.20203,0.000402,0.003061
0,-0.171162,-0.030201,-0.210006,0.165729,-0.174404,0.21115,0.002987,0.000527
0,-0.193318,-0.196375,-0.040771,-0.144074,-0.011053,-0.187201,0.003374,0.003427
0,-0.119437,-0.12438,0.07672,0.069925,0.06983,0.095734,0.002085,0.002171
0,-0.147997,-0.165356,-0.024985,-0.063458,-0.06731,-0.053092,0.002583,0.002886
0,-0.076123,0.052035,0.069353,0.207978,0.025007,0.178127,0.001329,0.000908
0,-0.209248,0.028158,-0.12529,-0.004105,-0.152762,0.026566,0.003652,0.000491
0,0.084894,-0.028483,0.299781,-0.067876,0.28074,-0.069617,0.001482,0.000497
0,0.041648,-0.150835,-0.018708,-0.138498,-0.004038,-0.11576,0.000727,0.002633
0,-0.20742,0.01266,-0.262461,0.17599,-0.233943,0.218392,0.00362,0.000221
0,-0.026237,-0.188169,0.178771,-0.192231,0.185158,-0.182897,0.000458,0.003284
0,0.09333,-0.169469,0.114593,0.025005,0.075695,-0.018546,0.001629,0.002958
0,0.079254,-0.020832,-0.040115,0.119272,-0.077734,0.167613,0.001383,0.000364
0,0.043663,-0.057062,-0.055425,-0.021068,-0.051951,-0.002297,0.000762,0.000996
0,0.089926,0.069877,0.022698,0.118419,0.071285,0.132272,0.00157,0.00122
0,-0.047584,0.045779,-0.167163,-0.025277,-0.189724,0.002409,0.000831,0.000799
0,-0.099571,-0.090446,-0.049398,-0.147381,-0.023957,-0.143489,0.001738,0.001579
0,-0.03431,0.049598,0.071084,0.118908,0.021193,0.073245,0.000599,0.000866
0,-0.096562,0.097377,-0.049741,0.074234,-0.026368,0.060517,0.001685,0.0017
0,0.104124,-0.043729,0.225305,-0.116457,0.208881,-0.107983,0.001817,0.000763
0,-0.119616,-0.191788,-0.233872,-0.16908,-0.239918,-0.17287,0.002088,0.003347
0,0.05586,-0.101816,0.203116,0.098188,0.165306,0.131903,0.000975,0.001777
0,-0.026335,-0.057108,-0.088271,0.069681,-0.088638,0.106628,0.00046,0.000997
0,-0.106828,0.041591,-0.109484,0.103122,-0.137341,0.093854,0.001865,0.000726
0,0.114106,0.130345,0.231541,0.078728,0.193041,0.087666,0.001992,0.002275
0,-0.051803,-0.07735,-0.152901,-0.215808,-0.181167,-0.223701,0.000904,0.00135
0,0.08581,0.106515,0.129797,0.15913,0.160718,0.109773,0.001498,0.001859
0,0.172138,0.118396,0.087533,0.00054,0.099954,0.024419,0.003004,0.002066
0,0.165316,0.012339,-0.002932,-0.108063,-0.012056,-0.109211,0.002885,0.000215
0,0.029211,0.086471,-0.130423,0.055174,-0.167075,0.047356,0.00051,0.001509
0,-0.107553,0.038831,-0.115253,-0.036303,-0.111812,-0.026096,0.001877,0.000678
0,-0.04457,0.064474,0.076159,0.030363,0.093244,0.06264,0.000778,0.001125
0,-0.110589,0.114998,-0.092227,0.034232,-0.12387,0.024018,0.00193,0.002007
0,-0.00286,0.098814,0.125909,-0.043654,0.173956,-0.066581,5e-05,0.001725
0,-0.150515,-0.003151,-0.140568,-0.131896,-0.159257,-0.106706,0.002627,5.5e-05
0,-0.127657,0.094089,-0.003256,0.090115,0.013016,0.100099,0.002228,0.001642
0,-0.042125,0.18056,0.059811,0.080085,0.03595,0.099187,0.000735,0.003151
0,-0.114039,0.08532,-0.088382,-0.121266,-0.105022,-0.087618,0.00199,0.001489
0,0.02074,-0.041138,0.121575,-0.14958,0.155394,-0.158904,0.000362,0.000718
0,0.025378,0.031385,0.010354,0.060327,0.047055,0.066152,0.000443,0.000548
0,0.003752,0.149173,-0.048248,0.087913,-0.02705,0.133222,6.5e-05,0.002604
0,-0.005712,0.053989,-0.0221,-0.092034,-0.043986,-0.072534,0.0001,0.000942
0,-0.024933,0.115764,-0.040905,0.0909,-0.053804,0.07067,0.000435,0.00202
0,-0.112629,-0.053786,-0.116447,-0.165191,-0.086384,-0.166876,0.001966,0.000939
0,-0.113644,0.103088,0.010597,0.157953,0.035986,0.155413,0.001983,0.001799
0,0.009685,0.151842,0.141142,0.05556,0.130412,0.074483,0.000169,0.00265
0,0.082957,-0.009851,0.058269,-0.138467,0.074916,-0.180949,0.001448,0.000172
0,0.051666,-0.060481,-0.006549,-0.04125,-0.002112,-0.034469,0.000902,0.001056
0,0.14594,0.092868,0.087111,0.178265,0.136243,0.164152,0.002547,0.001621
0,0.125109,-0.029443,-0.035092,-0.145722,-0.077082,-0.121557,0.002184,0.000514
0,-0.164784,0.053238,-0.265566,0.071127,-0.237567,0.069294,0.002876,0.000929
0,-0.123483,0.086491,0.038972,0.022163,0.075118,0.008199,0.002155,0.00151
0,0.079751,0.124276,0.185894,0.012932,0.215194,-0.036482,0.001392,0.002169
0,-0.110097,0.142681,-0.164149,0.036867,-0.140489,0.05648,0.001922,0.00249
0,0.077661,0.103413,0.185937,-0.016799,0.178886,0.002052,0.001355,0.001805
0,0.032227,0.181358,-0.061235,0.102972,-0.103127,0.145261,0.000562,0.003165
0,-0.096142,0.001429,-0.115466,-0.156507,-0.156638,-0.160927,0.001678,2.5e-05
0,-0.178,0.162912,-0.066511,0.164627,-0.044401,0.197993,0.003107,0.002843
0,-0.006559,0.05465,0.152273,-0.119378,0.187,-0.133276,0.000114,0.000954
0,0.072303,0.128977,0.060194,0.078088,0.102655,0.088408,0.001262,0.002251
0,-0.080636,-0.068274,-0.178148,-0.186774,-0.165207,-0.150765,0.001407,0.001192
0,-0.258871,0.121277,-0.158895,0.210241,-0.163274,0.198928,0.004518,0.002117
0,-0.104982,0.205509,0.130464,0.092489,0.141499,0.122724,0.001832,0.003587
0,-0.107711,0.20907,-0.012376,-0.026022,-0.04893,-0.047798,0.00188,0.003649
0,-0.185018,0.191411,-0.077617,0.006134,-0.093939,0.054136,0.003229,0.003341
0,-0.028863,-0.083705,0.162964,-0.274322,0.127012,-0.296891,0.000504,0.001461
0,-0.135402,0.045651,-0.125207,0.158361,-0.11635,0.112201,0.002363,0.000797
0,-0.110524,0.156236,-0.000752,0.129916,0.018015,0.085825,0.001929,0.002727
0,-0.06101,0.176176,0.041671,-0.008772,0.074816,-0.020493,0.001065,0.003075
0,0.12046,0.102118,0.168745,-0.095347,0.132038,-0.100583,0.002102,0.001782
0,0.085543,0.019483,-0.059484,-0.058206,-0.02316,-0.056768,0.001493,0.00034
0,-0.046052,0.122317,-0.141276,0.122383,-0.171946,0.086654,0.000804,0.002135
0,0.153868,-0.062519,0.226916,-0.186631,0.209231,-0.215843,0.002685,0.001091
0,-0.02485,0.051691,-0.20314,0.091581,-0.249191,0.057284,0.000434,0.000902
0,-0.034678,-0.022174,-0.024239,-0.085475,-0.061968,-0.057166,0.000605,0.000387
0,-0.022714,-0.020687,0.005892,-0.020471,-0.025955,0.016796,0.000396,0.000361
0,0.0009,-0.084143,0.045847,-0.075227,0.06789,-0.107679,1.6e-05,0.001469
0,-0.003547,-0.088475,-0.003688,-0.006851,0.033838,0.021096,6.2e-05,0.001544
0,0.077707,0.072365,0.072179,0.135794,0.022484,0.166192,0.001356,0.001263
0,0.050649,0.035197,-0.022435,-0.039303,-0.051058,-0.067682,0.000884,0.000614
0,-0.012894,0.156173,-0.041598,0.119673,-0.034563,0.154178,0.000225,0.002726
0,0.022238,-0.086504,0.027466,-0.231331,0.041404,-0.188883,0.000388,0.00151
0,-0.127572,0.118402,-0.163979,0.210868,-0.144142,0.251558,0.002227,0.002066
0,0.056759,-0.018238,0.170684,-0.129215,0.185188,-0.106601,0.000991,0.000318
0,0.127722,-0.12863,0.087029,-0.118996,0.119828,-0.124203,0.002229,0.002245
0,-0.139024,0.170766,-0.294324,0.322478,-0.250365,0.353875,0.002426,0.00298
0,-0.03625,0.006836,0.130865,-0.193643,0.141364,-0.223167,0.000633,0.000119
0,0.01034,0.181339,0.049854,0.194953,0.005167,0.191264,0.00018,0.003165
0,0.322476,-0.625877,0.296693,-0.826322,0.273476,-0.847956,0.005628,0.001167
0,0.507357,-0.870606,0.189447,-0.239092,0.214121,-0.199976,0.003235,0.003104
0,0.693639,-0.815881,0.174964,0.037339,0.205968,0.002273,1.6e-05,0.002149
0,0.563059,-0.61952,-0.102961,0.209765,-0.065541,0.233717,0.002263,0.001278
0,0.673231,-0.547737,0.080973,0.058402,0.116349,0.076336,0.00034,0.002531
0,0.390865,-0.252967,-0.281309,0.312476,-0.273114,0.31865,0.005269,0.004415
0,0.532969,-0.252782,0.14027,-0.028411,0.139324,-0.020462,0.002788,0.004412
0,0.442115,-0.083163,-0.105791,0.145124,-0.080781,0.102199,0.004374,0.001451
0,0.284223,0.01232,-0.148162,0.114021,-0.11922,0.133493,0.004961,0.000215
0,0.221983,-0.090551,-0.047932,-0.081554,-0.020957,-0.129008,0.003874,0.00158
0,0.005212,-0.146173,-0.195233,-0.085521,-0.169151,-0.112478,9.1e-05,0.002551
0,-0.060745,-0.117961,-0.0846,0.030739,-0.088102,0.036213,0.00106,0.002059
0,0.016865,0.031708,0.100629,0.134946,0.096448,0.167269,0.000294,0.000553
0,-0.004274,-0.150614,-0.024598,-0.2028,-0.060898,-0.181201,7.5e-05,0.002629
0,0.085475,-0.028271,0.062698,0.107508,0.079797,0.082967,0.001492,0.000493
0,-0.085398,-0.023637,-0.160756,0.015734,-0.148803,0.051143,0.00149,0.000413
0,-0.189889,0.084745,-0.09765,0.093864,-0.054042,0.120589,0.003314,0.001479
0,-0.043448,0.05978,0.139867,-0.015242,0.145687,0.033772,0.000758,0.001043
0,-0.15108,-0.04122,-0.11696,-0.091739,-0.152581,-0.069122,0.002637,0.000719
0,0.073485,0.006413,0.252892,0.043099,0.213419,0.041897,0.001283,0.000112
0,-0.197408,0.054274,-0.245431,0.05589,-0.238559,0.104151,0.003445,0.000947
0,0.019086,-0.092499,0.209609,-0.125272,0.199383,-0.118324,0.000333,0.001614
0,-0.193397,0.021315,-0.232399,0.098948,-0.21913,0.126035,0.003375,0.000372
0,0.001601,-0.164967,0.207994,-0.176801,0.205745,-0.217281,2.8e-05,0.002879
0,0.073168,-0.143671,0.087928,0.003317,0.113943,-0.033632,0.001277,0.002508
0,-0.072018,-0.038789,-0.122162,0.087616,-0.156,0.108081,0.001257,0.000677
0,-0.076995,-0.04729,-0.024787,-0.018064,-0.059635,-0.067916,0.001344,0.000825
0,-0.137808,0.012627,-0.037812,0.068644,-0.075059,0.050099,0.002405,0.00022
0,-0.039431,-0.181002,0.115973,-0.206151,0.091286,-0.187596,0.000688,0.003159
0,-0.114975,0.015175,-0.069972,0.189593,-0.101128,0.194993,0.002007,0.000265
0,0.002393,0.091584,0.097478,0.073775,0.050762,0.068892,4.2e-05,0.001598
0,-0.1221,0.10506,-0.107578,-0.005985,-0.13319,0.040117,0.002131,0.001834
0,0.037611,0.035901,0.138395,-0.064988,0.102626,-0.061023,0.000656,0.000627
0,-0.125073,-0.13913,-0.169373,-0.170463,-0.205367,-0.157022,0.002183,0.002428
0,0.015633,-0.003597,0.156541,0.125923,0.192721,0.101666,0.000273,6.3e-05
0,-0.04893,-0.004479,-0.03508,0.022349,-0.008249,0.026639,0.000854,7.8e-05
0,-0.125921,-0.066173,-0.066519,-0.088821,-0.034845,-0.116738,0.002198,0.001155
0,0.008718,0.027237,0.131413,0.097351,0.145533,0.11898,0.000152,0.000475
0,-0.211984,0.105006,-0.250591,0.08132,-0.210147,0.107862,0.0037,0.001833
0,-0.139076,0.089034,0.06027,-0.005278,0.01731,0.014598,0.002427,0.001554
0,-0.265008,-0.128826,-0.139219,-0.220239,-0.171312,-0.205349,0.004625,0.002248
0,-0.181869,-0.181092,0.0802,-0.043463,0.110313,-0.034036,0.003174,0.003161
0,-0.218882,-0.086232,-0.037244,0.080324,0.003414,0.074942,0.00382,0.001505
0,-0.285194,0.026646,-0.055134,0.112422,-0.062937,0.068986,0.004978,0.000465
0,-0.303576,-0.022472,-0.009246,-0.063878,-0.040931,-0.028345,0.005298,0.000392
0,-0.211199,-0.029365,0.109838,-0.0188,0.101965,-0.051424,0.003686,0.000513
0,-0.018672,-0.031638,0.220862,0.018352,0.261226,0.025235,0.000326,0.000552
0,-0.257344,-0.006091,-0.266487,0.011669,-0.240364,0.03374,0.004492,0.000106
0,-0.04558,-0.121042,0.181777,-0.11583,0.223682,-0.155225,0.000796,0.002113
0,-0.279873,0.133415,-0.249799,0.25121,-0.292667,0.27492,0.004885,0.002329
0,-0.127974,-0.134304,0.177937,-0.277313,0.21077,-0.323907,0.002234,0.002344
0,-0.139716,0.104752,-0.024927,0.266297,0.003469,0.312246,0.002438,0.001828
0,-0.147603,-0.083547,-0.010619,-0.18962,0.032734,-0.227612,0.002576,0.001458
0,-0.253674,-0.116889,-0.076293,-0.045248,-0.100211,-0.040455,0.004427,0.00204
0,-0.026476,0.129715,0.24544,0.230064,0.207173,0.250673,0.000462,0.002264
0,-0.193672,0.077794,-0.157913,-0.023731,-0.122337,0.012783,0.00338,0.001358
0,-0.014,0.043046,0.163259,-0.007716,0.147408,0.029395,0.000244,0.000751
0,-0.275623,0.011471,-0.282531,-0.050937,-0.261769,-0.088794,0.004811,0.0002
0,0.040025,0.007608,0.299635,0.002691,0.34636,-0.033315,0.000699,0.000133
0,-0.011214,-0.032263,-0.031559,-0.024079,-0.046412,-0.055124,0.000196,0.000563
0,-0.061947,0.006321,-0.062147,0.034966,-0.049231,0.032964,0.001081,0.00011
0,0.009281,0.069253,0.068571,0.085482,0.115347,0.069284,0.000162,0.001209
0,-0.190003,-0.033943,-0.188599,-0.123119,-0.140325,-0.080109,0.003316,0.000592
0,-0.211073,-0.122358,-0.000203,-0.088947,-0.009123,-0.103164,0.003684,0.002136
0,-0.008202,-0.118078,0.199615,0.033861,0.154667,0.001916,0.000143,0.002061
0,0.733982,0.277964,0.771728,0.384246,0.734241,0.361905,0.00072,0.004851
0,1.00678,0.535443,0.276353,0.280337,0.299319,0.260135,0.005481,0.002745
0,1.282218,1.079675,0.275973,0.526559,0.280417,0.575141,0.001802,0.005337
0,1.395439,0.928189,0.093787,-0.141932,0.083884,-0.132524,0.000174,0.004109
0,1.094289,0.72173,-0.271786,-0.187854,-0.286828,-0.155903,0.005082,0.000506
0,0.838425,0.529573,-0.264993,-0.173986,-0.239347,-0.172576,0.002543,0.002848
0,0.578628,0.531295,-0.230311,0.003059,-0.27431,0.050282,0.001992,0.002818
0,0.165837,0.148676,-0.409072,-0.372931,-0.404789,-0.379547,0.002894,0.002595
0,-0.084117,0.194284,-0.27572,0.019516,-0.309859,0.056535,0.001468,0.003391
0,0.069422,0.04485,0.146651,-0.178764,0.150095,-0.215417,0.001212,0.000783
0,-0.02555,0.100985,-0.120453,0.045021,-0.134077,0.071549,0.000446,0.001763
0,-0.163917,0.145856,-0.137005,0.058052,-0.135761,0.064901,0.002861,0.002546
0,-0.071562,-0.096344,0.067402,-0.227813,0.101476,-0.266031,0.001249,0.001682
0,-0.224669,0.072065,-0.125273,0.192105,-0.144844,0.156218,0.003921,0.001258
0,-0.30186,-0.010745,-0.061923,-0.070241,-0.067977,-0.106662,0.005268,0.000188
0,-0.049985,0.029191,0.256737,0.015997,0.271502,0.053381,0.000872,0.000509
0,-0.199495,-0.041351,-0.133885,-0.083569,-0.143726,-0.085598,0.003482,0.000722
0,-0.056284,-0.197286,0.136457,-0.132419,0.184776,-0.13927,0.000982,0.003443
0,-0.246865,-0.010818,-0.219497,0.214442,-0.175406,0.182803,0.004309,0.000189
0,-0.103047,0.018515,0.146124,0.012229,0.155955,-0.016955,0.001799,0.000323
0,-0.147636,-0.112639,-0.051939,-0.140635,-0.042879,-0.177017,0.002577,0.001966
0,-0.183977,0.063836,-0.049542,0.184646,-0.008767,0.201384,0.003211,0.001114
0,-0.143505,-0.104339,0.033469,-0.175849,0.039925,-0.196523,0.002505,0.001821
0,-0.174613,-0.185953,-0.008813,-0.056061,0.003297,-0.102875,0.003048,0.003245
0,-0.242904,-0.199994,-0.072837,-0.036387,-0.028483,-0.046258,0.004239,0.003491
0,-0.027989,-0.13802,0.195133,0.077048,0.222613,0.09581,0.000488,0.002409
0,-0.091045,0.036254,-0.088066,0.192483,-0.066223,0.221849,0.001589,0.000633
0,-0.124904,0.042949,-0.021929,0.022119,-0.022766,0.00016,0.00218,0.00075
0,-0.068334,-0.046248,0.057963,-0.097442,0.03015,-0.133386,0.001193,0.000807
0,-0.205135,-0.15038,-0.138001,-0.087923,-0.106796,-0.051846,0.00358,0.002625
0,-0.21141,0.059849,-0.025909,0.232777,-0.03027,0.217026,0.00369,0.001045
0,-0.295118,0.01221,-0.068629,-0.027462,-0.037229,-0.011343,0.005151,0.000213
0,-0.215213,-0.035034,0.052319,-0.077023,0.070875,-0.030435,0.003756,0.000611
0,-0.066258,-0.058153,0.120534,-0.011844,0.167864,-0.055693,0.001156,0.001015
0,-0.130853,0.042314,-0.044291,0.072936,-0.029325,0.068606,0.002284,0.000739
0,-0.332694,-0.01583,-0.195797,-0.071993,-0.165412,-0.098762,0.005807,0.000276
0,-0.200739,-0.051266,0.117546,-0.050959,0.070255,-0.017304,0.003504,0.000895
0,-0.266517,0.063956,-0.091921,0.09573,-0.137954,0.132892,0.004652,0.001116
0,-0.246331,-0.174535,0.047205,-0.225097,0.072304,-0.220271,0.004299,0.003046
0,-0.204864,0.043645,0.057932,0.242301,0.055118,0.26512,0.003576,0.000762
0,-0.211095,0.018232,0.022133,-0.040452,0.057343,-0.00544,0.003684,0.000318
0,-0.104381,-0.192019,0.118999,-0.208366,0.148508,-0.194467,0.001822,0.003351
0,-0.200786,-0.032305,-0.107262,0.161336,-0.085625,0.113138,0.003504,0.000564
0,-0.041075,0.081391,0.144602,0.13499,0.17485,0.107207,0.000717,0.001421
0,0.086105,-0.170555,0.097983,-0.241642,0.128686,-0.274109,0.001503,0.002977
0,0.093186,-0.054499,0.022662,0.103531,0.003169,0.084622,0.001626,0.000951
0,-0.104311,-0.137212,-0.222749,-0.070747,-0.189446,-0.098968,0.001821,0.002395
0,-0.111782,-0.1092,-0.005338,0.028255,0.029977,0.043574,0.001951,0.001906
0,0.02524,-0.026976,0.14301,0.101886,0.09821,0.075867,0.000441,0.000471
0,-0.160013,-0.147775,-0.1909,-0.096359,-0.141368,-0.133216,0.002793,0.002579
0,-0.183387,-0.140679,-0.034721,0.03222,-0.054858,0.000715,0.003201,0.002455
0,-0.20832,0.123362,-0.010928,0.279195,-0.050168,0.323517,0.003636,0.002153
0,-0.276057,-0.042961,-0.077956,-0.162034,-0.108355,-0.185711,0.004818,0.00075
0,0.000847,0.006577,0.263956,0.01974,0.248891,0.058901,1.5e-05,0.000115
0,-0.010766,-0.080265,-0.014716,-0.073008,0.002961,-0.072945,0.000188,0.001401
0,0.033808,-0.170175,0.045308,-0.093263,0.03643,-0.115811,0.00059,0.00297
0,-0.148541,-0.094991,-0.204106,0.062563,-0.24777,0.079395,0.002593,0.001658
0,0.092874,0.022038,0.244792,0.128964,0.210393,0.097675,0.001621,0.000385
0,0.036487,0.061464,-0.045419,0.011345,-0.067872,-0.013132,0.000637,0.001073
0,0.15067,-0.171783,0.110891,-0.232041,0.064004,-0.194477,0.00263,0.002998
0,0.124565,-0.19204,-0.012846,-0.019389,-0.040921,0.002015,0.002174,0.003352
0,0.168871,0.079433,0.063875,0.272819,0.074098,0.293051,0.002947,0.001386
0,-0.067069,-0.129166,-0.217138,-0.238517,-0.258247,-0.270356,0.001171,0.002254
0,-0.092901,0.089941,-0.052136,0.239612,-0.014462,0.202564,0.001621,0.00157
0,-0.126191,0.076233,-0.024225,-0.000936,0.024041,0.035072,0.002202,0.001331
0,0.112258,-0.18031,0.228543,-0.248894,0.193014,-0.210688,0.001959,0.003147
0,-0.0053,-0.007002,-0.12286,0.144557,-0.090639,0.14453,9.3e-05,0.000122
0,0.045193,-0.001606,0.075476,0.007148,0.083449,-0.011519,0.000789,2.8e-05
0,-0.047283,-0.155975,-0.07982,-0.174496,-0.033922,-0.178556,0.000825,0.002722
0,0.064936,-0.064169,0.119777,0.068766,0.122106,0.072712,0.001133,0.00112
0,0.111197,-0.069408,0.04732,0.005958,0.047607,0.008169,0.001941,0.001211
0,0.097961,-0.097193,0.014023,-0.036542,-0.014648,-0.016875,0.00171,0.001696
0,0.033511,-0.005623,-0.037275,0.087328,-0.015334,0.053456,0.000585,9.8e-05
0,0.181236,-0.085488,0.149183,-0.074812,0.099766,-0.099786,0.003163,0.001492
0,-0.050378,0.074113,-0.22708,0.144169,-0.184527,0.143801,0.000879,0.001294
0,-0.017192,-0.071005,0.010536,-0.165201,0.017872,-0.137331,0.0003,0.001239
0,0.052793,0.029172,0.075002,0.125588,0.07168,0.128631,0.000921,0.000509
0,-0.045981,0.074503,-0.069562,0.047936,-0.067729,0.088586,0.000803,0.0013
0,-0.119635,0.150362,-0.073885,0.072931,-0.079341,0.046717,0.002088,0.002624
0,0.041169,-0.071215,0.174368,-0.197048,0.162403,-0.177863,0.000719,0.001243
0,0.059557,0.001429,0.025618,0.065219,0.016457,0.108006,0.001039,2.5e-05
0,-0.210346,0.117141,-0.294329,0.140926,-0.335417,0.115729,0.003671,0.002044
0,-0.100374,-0.093705,0.122699,-0.240814,0.162649,-0.223705,0.001752,0.001635
0,-0.05223,0.151677,0.054877,0.229098,0.075841,0.254078,0.000912,0.002647
0,0.031615,0.098122,0.101109,-0.042484,0.053807,-2.9e-05,0.000552,0.001713
0,-0.123641,0.038596,-0.141772,-0.044822,-0.137068,-0.078147,0.002158,0.000674
0,-0.056697,-0.012482,0.075762,-0.064248,0.027439,-0.095722,0.00099,0.000218
0,-0.216516,0.069389,-0.167004,0.069996,-0.160355,0.091587,0.003779,0.001211
0,0.006665,-0.093963,0.249882,-0.181823,0.27781,-0.160979,0.000116,0.00164
0,0.06883,0.174288,0.058805,0.274766,0.069806,0.252545,0.001201,0.003042
0,0.036015,0.111819,-0.017433,-0.088052,-0.039458,-0.052419,0.000629,0.001952
0,-0.221782,-0.092834,-0.229722,-0.195423,-0.269864,-0.229771,0.003871,0.00162
0,-0.115296,0.195866,0.132586,0.268399,0.138048,0.238869,0.002012,0.003418
0,-0.212857,0.075363,-0.070193,-0.139348,-0.066822,-0.18655,0.003715,0.001315
0,0.063212,0.169287,0.302575,0.06854,0.29582,0.056561,0.001103,0.002955
0,0.055774,0.126063,0.010091,-0.054955,0.032185,-0.104616,0.000973,0.0022
0,-0.140915,0.141957,-0.188999,0.038215,-0.157171,0.018336,0.002459,0.002478
0,-0.202855,-0.049161,-0.048305,-0.164786,-0.068147,-0.164002,0.00354,0.000858
0,-0.027573,-0.086817,0.202682,-0.058286,0.164939,-0.103927,0.000481,0.001515
0,-0.132611,0.040664,-0.118864,0.146902,-0.148207,0.115238,0.002314,0.00071
0,0.091432,0.055145,0.234832,0.005094,0.228604,0.03769,0.001596,0.000962
0,-0.194749,-0.009105,-0.270373,-0.074451,-0.27799,-0.053565,0.003399,0.000159
0,-0.037102,-0.070266,0.1796,-0.03519,0.221741,-0.038188,0.000648,0.001226
0,0.009655,0.043652,0.033653,0.104339,0.003358,0.105666,0.000169,0.000762
0,-0.114382,0.001718,-0.102517,-0.033195,-0.068852,0.007802,0.001996,3e-05
0,-3.182534,0.397207,-3.078005,0.39145,-3.086779,0.38782,0.004907,0.005158
0,-3.856416,0.174499,-0.662114,-0.209415,-0.637004,-0.187679,0.005236,0.003046
0,-4.474196,0.319714,-0.603241,0.149463,-0.61432,0.110746,0.005547,0.00558
0,-4.342025,0.091505,0.123957,-0.243513,0.079677,-0.276912,0.00324,0.001597
0,-4.153119,0.412185,0.212139,0.308875,0.225538,0.263665,5.7e-05,0.004897
0,-3.276246,0.151149,0.890547,-0.285657,0.927997,-0.241501,0.003271,0.002638
0,-2.795128,0.269538,0.486158,0.093352,0.467045,0.09316,0.000422,0.004704
0,-2.349458,0.205993,0.44152,-0.048706,0.44883,-0.004081,0.004734,0.003595
0,-1.850161,-0.005381,0.493019,-0.215694,0.459189,-0.176888,0.00398,9.4e-05
0,-0.638632,0.108195,1.237787,0.107779,1.263306,0.156543,0.000944,0.001888
0,-0.068355,0.16575,0.572891,0.037401,0.528704,0.019107,0.001193,0.002893
0,0.41802,0.087132,0.457263,-0.06858,0.450687,-0.076909,0.004795,0.001521
0,0.588902,0.233079,0.175031,0.133149,0.20519,0.097332,0.001812,0.004068
0,0.500478,0.050645,-0.062979,-0.188962,-0.043199,-0.222859,0.003355,0.000884
0,0.35427,0.061672,-0.138665,0.038158,-0.131385,0.060736,0.005907,0.001076
0,0.125893,0.164307,-0.221697,0.12509,-0.187283,0.106837,0.002197,0.002868
0,0.066893,0.081022,-0.0436,-0.079748,-0.038479,-0.11845,0.001168,0.001414
0,0.106107,0.134944,0.058567,0.042785,0.033646,-0.006015,0.001852,0.002355
0,-1.400949,-1.651391,-1.483607,-1.794288,-1.475832,-1.751826,0.00027,0.004641
0,-1.90688,-1.888574,-0.500106,-0.261415,-0.492411,-0.26807,0.00299,0.00331
0,-2.572553,-2.120823,-0.669088,-0.22556,-0.7061,-0.219204,0.003462,0.000744
0,-2.371593,-2.38414,0.173685,-0.26336,0.169605,-0.306921,0.005121,0.00534
0,-2.59129,-1.693128,-0.205724,0.687335,-0.15641,0.729567,0.003135,0.00537
0,-1.97232,-1.244859,0.608933,0.448666,0.627531,0.466411,0.001848,0.002454
0,-1.543575,-0.89802,0.457955,0.323687,0.49318,0.274338,0.002759,0.003583
0,-1.46496,-0.750257,0.084094,0.138399,0.10397,0.136936,0.001387,0.001004
0,-0.980788,-0.537328,0.492292,0.215558,0.50784,0.216205,0.005027,0.002712
0,-0.845187,-0.438322,0.105851,0.102461,0.06552,0.126777,0.002661,0.00444
0,-0.491726,-0.203978,0.356578,0.239535,0.399052,0.201131,0.003508,0.00356
0,-0.267458,-0.301931,0.251038,-0.102158,0.267775,-0.073751,0.004668,0.00527
0,0.017434,-0.071108,0.274167,0.253616,0.239367,0.295318,0.000304,0.001241
0,-0.086105,0.084368,-0.112057,0.156578,-0.114478,0.129267,0.001503,0.001473
0,-0.023508,0.103553,0.072552,0.030609,0.062706,0.069134,0.00041,0.001807
0,0.237096,0.039678,0.242751,-0.065454,0.215774,-0.04445,0.004138,0.000693
0,0.189858,0.013879,-0.044214,-0.040426,-0.005101,-0.029709,0.003314,0.000242
0,0.154916,0.163745,-0.007861,0.159211,-0.045431,0.133081,0.002704,0.002858
0,0.265758,0.138474,0.117481,-0.002438,0.120636,0.014523,0.004638,0.002417
0,0.254243,-0.08149,-0.000916,-0.231137,-0.024993,-0.239828,0.004437,0.001422
0,0.299355,-0.044534,0.033154,0.019891,0.027795,-0.022349,0.005225,0.000777
0,0.134472,0.047693,-0.152552,0.067075,-0.144187,0.116334,0.002347,0.000832
0,0.047058,0.196799,-0.111914,0.124639,-0.14557,0.117181,0.000821,0.003435
0,0.057416,0.204743,0.007738,0.024874,-0.02172,0.007753,0.001002,0.003573
0,0.181195,0.105942,0.11639,-0.119041,0.090133,-0.107542,0.003162,0.001849
0,0.216881,0.129487,0.060115,0.040075,0.07167,0.026131,0.003785,0.00226
0,0.077356,0.190791,-0.166272,0.075115,-0.188444,0.042507,0.00135,0.00333
0,0.163348,0.181203,0.102949,-0.025201,0.14985,-0.014395,0.002851,0.003163
0,0.31771,-0.029577,0.166868,-0.231712,0.157175,-0.261887,0.005545,0.000516
0,0.071388,-0.053538,-0.266671,-0.023424,-0.227107,-0.067748,0.001246,0.000934
0,0.093411,0.019896,0.027492,0.064255,0.028146,0.078161,0.00163,0.000347
0,0.031095,-0.037661,-0.048804,-0.048237,-0.073484,-0.023589,0.000543,0.000657
0,0.118969,0.094769,0.060221,0.140782,0.095601,0.131588,0.002076,0.001654
0,0.185162,-0.103786,0.090679,-0.208064,0.049159,-0.169082,0.003232,0.001811
0,0.189312,-0.135001,0.01505,-0.037811,0.001416,-0.029139,0.003304,0.002356
0,0.091236,-0.061229,-0.084135,0.043805,-0.04458,0.007903,0.001592,0.001069
0,0.086959,0.12103,0.019496,0.160877,-0.025377,0.203092,0.001518,0.002112
0,9.8e-05,-0.022132,-0.09084,-0.159931,-0.088756,-0.119327,2e-06,0.000386
0,0.197353,-0.049227,0.175743,-0.056726,0.171137,-0.039701,0.003444,0.000859
0,0.023192,0.054596,-0.16695,0.128391,-0.130418,0.09053,0.000405,0.000953
0,-0.09585,0.037094,-0.14052,0.010603,-0.180424,-0.028161,0.001673,0.000647
0,-0.076546,-0.0162,0.007746,-0.042152,0.056159,-0.011441,0.001336,0.000283
0,0.124889,-0.079857,0.200903,-0.071018,0.181396,-0.105307,0.00218,0.001394
0,0.024133,-0.076912,-0.12342,0.005414,-0.132212,0.005059,0.000421,0.001342
0,-0.129051,0.119928,-0.142213,0.226806,-0.185851,0.257551,0.002252,0.002093
0,-0.094313,0.095432,0.011939,-0.034421,0.03053,-0.00386,0.001646,0.001666
0,0.079216,0.001191,0.203479,-0.114525,0.154676,-0.126588,0.001383,2.1e-05
0,0.027791,-0.104974,-0.040128,-0.107172,-0.01261,-0.085679,0.000485,0.001832
0,0.042226,0.072188,-0.002712,0.199926,-0.024368,0.184835,0.000737,0.00126
0,0.121809,-0.10209,0.051322,-0.146337,0.026309,-0.189998,0.002126,0.001782
0,-0.047009,-0.017439,-0.156891,0.062007,-0.148164,0.038902,0.00082,0.000304
0,-0.021852,0.01776,0.052388,0.044217,0.063046,0.05168,0.000381,0.00031
0,0.12858,-0.131152,0.131124,-0.152492,0.142673,-0.108838,0.002244,0.002289
0,0.136866,0.004641,0.015709,0.113498,0.016883,0.161346,0.002389,8.1e-05
0,0.029577,-0.120755,-0.116053,-0.11844,-0.092673,-0.145089,0.000516,0.002108
0,0.068674,0.073709,0.056737,0.211756,0.015921,0.203612,0.001199,0.001286
0,0.144793,-0.162105,0.060865,-0.251365,0.037053,-0.260979,0.002527,0.002829
0,0.268743,0.041959,0.140626,0.21256,0.138926,0.164224,0.00469,0.000732
0,0.143702,-0.042941,-0.146966,-0.103176,-0.169135,-0.107556,0.002508,0.000749
0,0.224131,0.103542,0.102894,0.163771,0.05546,0.156275,0.003912,0.001807
0,0.08577,-0.046957,-0.116586,-0.151565,-0.103084,-0.167747,0.001497,0.00082
0,0.148242,-0.037268,0.091767,0.024441,0.045325,0.011793,0.002587,0.00065
0,0.229273,-0.107317,0.085082,-0.064653,0.058255,-0.093961,0.004002,0.001873
0,0.052577,0.017721,-0.191044,0.137772,-0.174816,0.122892,0.000918,0.000309
0,0.176397,-0.167284,0.116357,-0.19897,0.122208,-0.187228,0.003079,0.00292
0,0.081038,0.02523,-0.112302,0.176065,-0.14479,0.1662,0.001414,0.00044
0,-0.040125,-0.105403,-0.150771,-0.138469,-0.125048,-0.095591,0.0007,0.00184
0,0.142184,0.144189,0.182653,0.233852,0.188775,0.19881,0.002482,0.002517
0,-0.020056,-0.035391,-0.189817,-0.188354,-0.239623,-0.220954,0.00035,0.000618
0,0.118325,-0.072036,0.111197,-0.05622,0.094945,-0.018501,0.002065,0.001257
0,0.12515,0.098541,0.024265,0.16247,0.002491,0.195987,0.002184,0.00172
0,0.214757,-0.064222,0.074927,-0.139688,0.098449,-0.113059,0.003748,0.001121
0,0.161584,0.018667,-0.051425,0.109817,-0.088582,0.125033,0.00282,0.000326
0,-0.004957,0.132445,-0.151287,0.125746,-0.146904,0.08391,8.7e-05,0.002312
0,0.151173,-0.065931,0.154393,-0.173257,0.169686,-0.141984,0.002638,0.001151
0,-0.034095,0.126537,-0.18912,0.187522,-0.158184,0.140183,0.000595,0.002208
0,-0.06782,0.030686,-0.029968,-0.076959,-0.011778,-0.040505,0.001184,0.000536
0,0.099489,-0.080273,0.178383,-0.130816,0.211737,-0.126552,0.001736,0.001401
0,0.199818,-0.14527,0.117478,-0.052187,0.160798,-0.08774,0.003487,0.002535
0,0.182069,-0.053338,-0.004558,0.110601,0.013374,0.061802,0.003178,0.000931
0,0.064248,0.111388,-0.143967,0.19222,-0.120102,0.180525,0.001121,0.001944
0,0.246215,-0.118169,0.195501,-0.201819,0.202512,-0.199552,0.004297,0.002062
0,-0.042528,-0.004358,-0.312557,0.133596,-0.331289,0.146821,0.000742,7.6e-05
0,0.029287,0.006483,0.091066,0.030882,0.044183,0.021161,0.000511,0.000113
0,0.166682,-0.149531,0.158019,-0.161359,0.195465,-0.178006,0.002909,0.00261
0,0.117969,-0.026059,-0.054345,0.107833,-0.083195,0.150056,0.002059,0.000455
0,0.286143,-0.14662,0.152054,-0.128918,0.147119,-0.089826,0.004994,0.002559
0,0.039816,-0.12609,-0.251499,0.010477,-0.259141,0.038616,0.000695,0.002201
0,-0.004403,0.033756,-0.046352,0.181034,-0.060208,0.177042,7.7e-05,0.000589
0,0.14039,0.042279,0.137598,0.010132,0.15458,0.010133,0.00245,0.000738
0,-0.077912,-0.057883,-0.222998,-0.116082,-0.250614,-0.142812,0.00136,0.00101
0,0.178661,-0.096252,0.249311,-0.021796,0.288401,-0.051495,0.003118,0.00168
0,0.082205,0.103287,-0.103246,0.204292,-0.094199,0.209552,0.001435,0.001803
0,0.078561,-0.030401,0.018436,-0.156104,-0.013283,-0.151059,0.001371,0.000531
0,-0.099297,-0.004421,-0.189132,-0.003906,-0.191785,-0.034938,0.001733,7.7e-05
0,0.131812,-0.157917,0.219017,-0.183232,0.192336,-0.22893,0.002301,0.002756
0,0.001194,-0.079728,-0.124193,0.048469,-0.12511,0.090568,2.1e-05,0.001392
0,0.177379,0.047317,0.146242,0.124637,0.155627,0.14143,0.003096,0.000826
0,0.039312,0.121724,-0.158659,0.081775,-0.135182,0.042396,0.000686,0.002124
0,-0.053172,-0.134931,-0.066645,-0.251664,-0.028298,-0.238723,0.000928,0.002355
0,0.137,-0.088703,0.20012,0.019449,0.178275,-0.009754,0.002391,0.001548
0,0.036207,0.08477,-0.075512,0.152181,-0.076603,0.178219,0.000632,0.00148
0,0.03456,0.134455,0.003259,0.03557,-0.023177,0.045799,0.000603,0.002347
0,0.025892,0.083022,0.015015,-0.023172,-0.022252,0.013745,0.000452,0.001449
0,0.111841,0.184861,0.063969,0.126406,0.092105,0.173159,0.001952,0.003226
0,-0.070814,0.148398,-0.160743,-0.057648,-0.173108,-0.028936,0.001236,0.00259
0,0.142774,0.07037,0.195006,-0.09145,0.233251,-0.077261,0.002492,0.001228
0,-0.110551,-0.014417,-0.226904,-0.079502,-0.241339,-0.123825,0.001929,0.000252
0,0.06033,-0.09843,0.151196,-0.061245,0.140095,-0.079902,0.001053,0.001718
0,0.204099,0.147975,0.114752,0.259395,0.164045,0.296678,0.003562,0.002583
0,0.185886,0.058346,-0.028914,-0.105894,-0.064626,-0.114223,0.003244,0.001018
0,0.21146,0.054111,0.039441,0.014913,0.029455,0.049685,0.003691,0.000944
0,0.084057,0.031088,-0.144094,-0.041841,-0.124922,-0.086984,0.001467,0.000543
0,-0.072503,-0.015066,-0.160708,-0.042261,-0.119894,0.000793,0.001265,0.000263
0,0.153951,0.170607,0.219257,0.165653,0.249531,0.15745,0.002687,0.002978
0,0.037559,-0.020933,-0.11033,-0.168565,-0.126334,-0.210412,0.000656,0.000365
0,0.164962,0.038092,0.140768,0.082147,0.143557,0.103213,0.002879,0.000665
0,0.036537,-0.027547,-0.136357,-0.036916,-0.185698,-0.084693,0.000638,0.000481
0,0.07747,0.079084,0.022138,0.134914,0.05438,0.09943,0.001352,0.00138
0,0.132939,0.023391,0.057013,-0.041341,0.073649,-0.075786,0.00232,0.000408
0,0.066931,0.192046,-0.05214,0.163984,-0.082645,0.118338,0.001168,0.003352
0,0.248823,0.27862,0.162452,0.098013,0.157261,0.051447,0.004343,0.004863
0,0.270413,0.006902,0.049989,-0.269366,0.09806,-0.289695,0.00472,0.00012
0,0.00958,0.257795,-0.247128,0.258635,-0.203334,0.251309,0.000167,0.004499
0,-0.012463,0.020818,-0.022375,-0.241577,0.01434,-0.255219,0.000218,0.000363
0,0.212436,0.24772,0.209625,0.216834,0.189312,0.24072,0.003708,0.004324
0,0.093533,-0.047444,-0.136202,-0.275976,-0.150565,-0.237999,0.001632,0.000828
0,2.545259,-0.150435,2.46045,-0.095208,2.459149,-0.068554,0.003939,0.002626
0,2.779431,-0.432177,0.244179,-0.280233,0.254431,-0.267449,0.000148,0.004548
0,2.807057,-0.493049,0.042208,-0.058437,0.010386,-0.053803,0.00063,0.003485
0,3.267759,-0.495155,0.457788,-0.007981,0.486832,-0.008038,0.003419,0.003448
0,3.426842,-0.441083,0.139894,0.041427,0.177407,-0.005902,0.000643,0.004392
0,2.863069,-0.13195,-0.572214,0.333044,-0.562653,0.325083,0.001608,0.002303
0,2.04805,-0.207182,-0.811996,-0.078995,-0.798128,-0.066217,0.000526,0.003616
0,1.548044,-0.096438,-0.483704,0.103511,-0.442142,0.065149,0.002837,0.001683
0,0.971347,-0.26432,-0.578903,-0.168308,-0.59923,-0.214398,0.004863,0.004613
0,0.624327,-0.153708,-0.375677,0.09667,-0.378109,0.072679,0.001194,0.002683
0,0.25405,-0.244492,-0.381575,-0.117215,-0.418803,-0.10004,0.004434,0.004267
0,-0.357164,-0.563731,-0.59788,-0.343969,-0.57794,-0.352022,0.005857,0.002252
0,-0.362832,-0.997998,0.012187,-0.449548,0.010078,-0.454113,0.005758,0.005328
0,-0.528492,-1.076331,-0.193534,-0.070183,-0.231573,-0.066892,0.002867,0.005395
0,-0.561197,-0.813635,-0.032773,0.241544,0.006291,0.195203,0.002296,0.00211
0,-0.359045,-0.567145,0.22445,0.246109,0.17642,0.253375,0.005824,0.002192
0,-0.253748,-0.323109,0.107031,0.218652,0.116241,0.249041,0.004429,0.005639
0,0.035018,-0.2884,0.296848,0.020652,0.258931,0.006812,0.000611,0.005034
0,0.060073,-0.369694,0.017129,-0.077541,0.053327,-0.061918,0.001048,0.005638
0,0.039641,-0.222115,-0.029761,0.17572,-0.052858,0.223199,0.000692,0.003877
0,-0.082405,-0.069687,-0.128813,0.128729,-0.127593,0.166907,0.001438,0.001216
0,-0.059824,-0.035174,0.045509,0.021955,0.02537,0.022566,0.001044,0.000614
0,0.025622,-0.071731,0.092972,-0.047026,0.135793,-0.093236,0.000447,0.001252
0,-1.226676,1.558121,-1.25755,1.640265,-1.21539,1.666894,0.002771,0.003013
0,-1.979551,2.380444,-0.729552,0.802794,-0.743782,0.799797,0.001722,0.005275
0,-3.3457,2.586008,-1.363498,0.225134,-1.31819,0.194009,0.002059,0.003228
0,-4.187178,2.55487,-0.826797,-0.013464,-0.812985,-0.017969,0.000537,0.003771
0,-3.919185,2.085558,0.285569,-0.489503,0.282829,-0.477884,0.00414,0.000128
0,-2.884059,1.431578,1.05205,-0.626727,1.006794,-0.579016,0.001974,0.000805
0,-2.419155,0.989636,0.454451,-0.422427,0.476595,-0.374953,0.005951,0.005182
0,-1.589826,1.034612,0.849953,0.02885,0.865505,0.045556,0.003567,0.005967
0,-0.97624,0.752635,0.619485,-0.259876,0.5894,-0.290519,0.004948,0.001045
0,-0.689945,0.370004,0.285463,-0.353288,0.255531,-0.349808,4.9e-05,0.005633
0,-0.347298,0.369984,0.363536,-0.007347,0.386176,0.003987,0.006029,0.005633
0,-0.025332,0.164224,0.324455,-0.216469,0.364454,-0.250864,0.000442,0.002866
0,0.215562,-0.127425,0.244843,-0.308776,0.241385,-0.355235,0.003762,0.002224
0,0.417512,-0.209992,0.190491,-0.098339,0.231748,-0.120026,0.004804,0.003665
0,0.393074,-0.361058,-0.051283,-0.14698,-0.032904,-0.143107,0.00523,0.005789
0,0.570794,-0.301824,0.166166,0.042845,0.135504,0.03379,0.002128,0.005268
0,0.481519,-0.101186,-0.100278,0.208061,-0.132036,0.174525,0.003686,0.001766
0,0.207068,-0.220939,-0.278576,-0.124951,-0.278259,-0.111983,0.003614,0.003856
0,0.317732,-0.188937,0.113055,0.005846,0.079416,0.050812,0.005545,0.003298
0,0.169553,-0.114364,-0.121821,0.056036,-0.165167,0.100487,0.002959,0.001996
0,0.250384,-0.195801,0.075558,-0.058582,0.086403,-0.029588,0.00437,0.003417
0,0.210381,-0.301567,-0.069135,-0.12222,-0.061915,-0.083493,0.003672,0.005263
0,0.269965,-0.236296,0.080864,0.078532,0.071071,0.065997,0.004712,0.004124
0,0.151963,-0.098605,-0.090301,0.128002,-0.077126,0.089537,0.002652,0.001721
0,0.160288,-0.027682,0.033258,0.093232,0.042122,0.076013,0.002798,0.000483
0,0.063794,-0.302303,-0.074246,-0.284505,-0.073121,-0.289533,0.001113,0.005276
0,0.152363,-0.169303,0.062706,0.125124,0.072424,0.13922,0.002659,0.002955
0,0.186372,-0.287464,0.023678,-0.145277,0.062703,-0.127977,0.003253,0.005017
0,0.285693,-0.221094,0.107371,0.087495,0.085159,0.082852,0.004986,0.003859
0,0.225504,-0.19372,-0.046821,0.051276,-0.029765,0.08529,0.003936,0.003381
0,0.138582,-0.229372,-0.057237,-0.036494,-0.104543,-0.042787,0.002419,0.004003
0,0.426139,-0.00418,0.283364,0.246419,0.245938,0.284761,0.004653,7.3e-05
0,0.338394,8e-05,-0.075766,-0.000569,-0.038527,0.011177,0.005906,1e-06
0,0.265809,-0.126136,-0.072192,-0.100346,-0.052182,-0.054389,0.004639,0.002201
0,0.33902,-0.198354,0.088177,-0.087652,0.058705,-0.073489,0.005917,0.003462
0,0.1809,-0.004773,-0.131127,0.169422,-0.092996,0.164128,0.003157,8.3e-05
0,0.362112,0.04335,0.194121,0.06594,0.19593,0.022343,0.00577,0.000757
0,0.191349,-0.011625,-0.143586,-0.028038,-0.166222,-0.062642,0.00334,0.000203
0,0.384261,-0.174593,0.176164,-0.171047,0.225512,-0.123829,0.005384,0.003047
0,0.196069,-0.194861,-0.176149,-0.038972,-0.19954,-0.051768,0.003422,0.003401
0,0.213372,-0.198513,0.043115,-0.000132,0.06313,0.037277,0.003724,0.003465
0,0.197204,0.094623,0.002408,0.310508,0.022223,0.275636,0.003442,0.001651
0,0.407014,-0.011157,0.207665,-0.135163,0.246727,-0.168171,0.004987,0.000195
0,0.317934,-0.04238,-0.092726,-0.022897,-0.057391,-0.011151,0.005549,0.00074
0,0.147188,-0.176332,-0.164318,-0.134414,-0.174407,-0.166328,0.002569,0.003078
0,0.319684,-0.054877,0.167607,0.119155,0.177373,0.107011,0.00558,0.000958
0,0.342669,-0.064844,-0.003513,-0.01097,-0.019775,-0.040129,0.005981,0.001132
0,0.286233,-0.092942,-0.037227,-0.048511,-0.040593,-0.055667,0.004996,0.001622
0,0.227225,0.092433,-0.041617,0.208286,-0.051505,0.254035,0.003966,0.001613
0,0.121282,0.035773,-0.076652,-0.032116,-0.074525,-0.063641,0.002117,0.000624
0,0.422664,0.090216,0.285597,0.032575,0.314045,0.073171,0.004714,0.001575
0,0.076297,-0.127333,-0.374638,-0.194523,-0.398682,-0.212464,0.001332,0.002222
0,0.339482,-0.006932,0.245005,0.145275,0.206136,0.131041,0.005925,0.000121
0,0.213448,0.134887,-0.124449,0.15098,-0.111463,0.158314,0.003725,0.002354
0,0.214437,-0.043645,0.003868,-0.180796,0.02895,-0.14266,0.003743,0.000762
0,0.258328,-0.058505,0.038359,-0.020155,-0.004087,-0.070005,0.004509,0.001021
0,-0.267426,0.411787,-0.523215,0.464465,-0.536903,0.474758,0.004667,0.004903
0,-1.186672,0.778283,-0.916157,0.341818,-0.962327,0.347143,0.00347,0.001493
0,-1.547101,0.993597,-0.338195,0.19948,-0.326997,0.151881,0.002821,0.005251
0,-1.2601,1.401732,0.284187,0.425891,0.32957,0.403029,0.002188,0.000284
0,-1.424112,1.48419,-0.162163,0.087839,-0.19374,0.121681,0.000674,0.001723
0,-0.945864,1.33193,0.459192,-0.154457,0.487279,-0.133213,0.004418,0.000934
0,-0.714216,1.239193,0.259512,-0.089986,0.292085,-0.088672,0.000375,0.002553
0,-0.412544,1.156062,0.285159,-0.10474,0.304762,-0.138086,0.00489,0.004004
0,-0.22447,0.919474,0.211812,-0.253512,0.181063,-0.298125,0.003918,0.003957
0,-0.206138,0.653373,0.006473,-0.282255,0.014003,-0.292568,0.003598,0.000687
0,-0.213378,0.431586,0.010925,-0.215937,0.035868,-0.25401,0.003724,0.004558
0,-0.063536,0.337708,0.142105,-0.099951,0.190735,-0.10752,0.001109,0.005894
0,0.077995,0.132908,0.153704,-0.228444,0.156453,-0.223445,0.001361,0.00232
0,-0.118028,0.071969,-0.21267,-0.036123,-0.21473,-0.028879,0.00206,0.001256
0,0.085268,-0.198823,0.182381,-0.275798,0.198943,-0.286692,0.001488,0.00347
0,0.113518,-0.064362,0.05413,0.143246,0.095192,0.146465,0.001981,0.001123
0,0.142005,-0.230024,0.031643,-0.190733,-0.017941,-0.168805,0.002478,0.004015
0,0.037827,-0.310305,-0.111574,-0.072009,-0.078668,-0.05532,0.00066,0.005416
0,0.04696,-0.299949,0.009801,-0.00294,0.032396,0.000798,0.00082,0.005235
0,0.147376,-0.324274,0.090594,-0.05202,0.099445,-0.015488,0.002572,0.00566
0,0.10833,-0.325971,-0.060836,-0.030166,-0.060449,-0.045324,0.001891,0.005689
0,0.101846,-0.340712,-0.028036,-0.013444,-0.069494,0.004211,0.001778,0.005947
0,0.168783,-0.109424,0.064702,0.221256,0.081867,0.213432,0.002946,0.00191
0,0.085769,-0.297865,-0.054778,-0.17505,-0.055706,-0.145851,0.001497,0.005199
0,-0.024208,-0.100483,-0.127033,0.171382,-0.157516,0.145858,0.000423,0.001754
0,0.144105,-0.119827,0.172178,-0.025553,0.123628,-0.060988,0.002515,0.002091
0,0.28265,-0.287916,0.125706,-0.141644,0.132642,-0.14317,0.004933,0.005025
0,0.165727,-0.316567,-0.09366,-0.051744,-0.069175,-0.023023,0.002892,0.005525
0,0.067865,-0.322092,-0.107147,-0.0176,-0.064256,-0.030527,0.001184,0.005622
0,0.094538,-0.14506,0.017908,0.203904,0.065374,0.252049,0.00165,0.002532
0,-1.304109,-1.11982,-1.386025,-0.954426,-1.430721,-0.947501,0.00142,0.004636
0,-2.137355,-1.775834,-0.830891,-0.641704,-0.858048,-0.664873,0.001032,0.005277
0,-2.604172,-1.423496,-0.483549,0.328647,-0.434158,0.350999,0.002911,0.000664
0,-3.395664,-1.439226,-0.806161,-0.004935,-0.798369,0.042269,0.001187,0.000938
0,-3.506304,-0.987571,-0.100636,0.431849,-0.071413,0.446216,0.000744,0.005146
0,-3.190383,-0.870661,0.307859,0.086967,0.277158,0.040141,0.00477,0.003105
0,-2.612027,-0.415163,0.563851,0.426121,0.582661,0.419413,0.002773,0.004845
0,-2.150384,-0.433404,0.47089,-0.019705,0.480219,-0.019828,0.00126,0.004526
0,-1.599361,-0.130176,0.530879,0.27369,0.514736,0.262857,0.003733,0.002272
0,-0.574133,-0.00361,0.995528,0.098121,0.961516,0.136531,0.00207,6.3e-05
0,-0.261703,0.030208,0.290978,0.016178,0.304397,0.033621,0.004568,0.000527
0,0.127554,0.003425,0.37444,-0.055885,0.33318,-0.105708,0.002226,6e-05
0,0.181139,0.143367,0.055889,0.1354,0.013647,0.153263,0.003161,0.002502
0,0.2911,-0.090448,0.083828,-0.220616,0.084446,-0.266654,0.005081,0.001579
0,0.492496,-0.009719,0.221021,0.055751,0.220475,0.008521,0.003495,0.00017
0,0.380163,-0.002833,-0.103349,0.026877,-0.086989,0.023417,0.005455,4.9e-05
0,0.325469,0.194333,-0.034958,0.180678,-0.010089,0.138092,0.005681,0.003392
0,0.538331,0.20455,0.185018,0.026807,0.217203,0.035751,0.002695,0.00357
0,0.431266,0.002473,-0.09954,-0.196137,-0.064495,-0.18825,0.004563,4.3e-05
0,0.405645,0.155663,-0.048106,0.153716,-0.02625,0.128033,0.005011,0.002717
0,0.39726,0.09087,-0.004344,-0.089753,0.008855,-0.056178,0.005157,0.001586
0,0.578597,0.170266,0.180452,0.092318,0.21293,0.105546,0.001992,0.002972
0,0.472083,-0.03529,-0.099925,-0.195133,-0.118599,-0.199157,0.003851,0.000616
0,0.441473,0.154354,-0.021638,0.179113,-0.015665,0.223309,0.004385,0.002694
0,0.359142,0.131299,-0.10678,-0.039068,-0.107998,-0.062095,0.005822,0.002292
0,0.513939,0.007923,0.143422,-0.112872,0.182295,-0.097498,0.003121,0.000138
0,0.272499,0.139503,-0.213512,0.12703,-0.208556,0.094942,0.004756,0.002435
0,0.396444,-0.004776,0.099741,-0.144983,0.128441,-0.175012,0.005171,8.3e-05
0,0.391473,-0.103295,-0.008122,-0.097166,-0.046416,-0.048842,0.005258,0.001803
0,0.4562,0.026392,0.058085,0.103359,0.037037,0.132686,0.004128,0.000461
0,0.319802,-0.107076,-0.113085,-0.116107,-0.150085,-0.081232,0.005582,0.001869
0,0.328033,0.064473,0.021629,0.142245,0.031105,0.122428,0.005725,0.001125
0,0.347502,-0.117963,0.036854,-0.209554,0.004634,-0.190319,0.006025,0.002059
0,0.115888,0.061971,-0.231617,0.158463,-0.261279,0.115289,0.002023,0.001082
0,0.163532,-0.167779,0.03058,-0.237231,0.051236,-0.254994,0.002854,0.002928
0,0.30048,-0.154968,0.108075,-0.004943,0.067639,-0.007304,0.005244,0.002705
0,0.210399,-0.013686,-0.112165,0.130269,-0.096421,0.091454,0.003672,0.000239
0,0.129816,0.102658,-0.102732,0.144528,-0.068538,0.105822,0.002266,0.001792
0,0.239289,-0.160921,0.129556,-0.283175,0.093726,-0.2704,0.004176,0.002809
0,0.149833,-0.109614,-0.104613,0.073429,-0.124639,0.112281,0.002615,0.001913
0,0.070038,-0.003418,-0.050493,0.1271,-0.046803,0.102887,0.001222,6e-05
0,0.102627,0.120573,0.038189,0.123509,0.084476,0.093008,0.001791,0.002104
0,0.162115,0.011642,0.088511,-0.114849,0.067429,-0.09718,0.002829,0.000203
0,0.302061,0.005451,0.166828,-0.013892,0.205131,-0.060706,0.005272,9.5e-05
0,0.089414,-0.054025,-0.18845,-0.081517,-0.235528,-0.089607,0.001561,0.000943
0,0.122825,0.065243,0.022837,0.112705,0.069493,0.139229,0.002144,0.001139
0,0.281659,-0.001157,0.162819,-0.062897,0.172158,-0.070364,0.004916,2e-05
0,0.109314,-0.010098,-0.163056,-0.031658,-0.161663,-0.030091,0.001908,0.000176
0,0.177732,-0.164472,0.059386,-0.147627,0.092234,-0.145586,0.003102,0.002871
0,0.226567,0.119564,0.070645,0.295319,0.091723,0.252087,0.003954,0.002087
0,0.246628,-0.07663,0.036803,-0.189236,0.079408,-0.202697,0.004304,0.001337
0,0.286791,0.082336,0.049224,0.139558,0.024103,0.123045,0.005005,0.001437
0,0.214116,-0.123768,-0.061882,-0.233272,-0.100802,-0.256289,0.003737,0.00216
0,0.103459,0.114506,-0.134459,0.247635,-0.101777,0.286299,0.001806,0.001999
0,0.089925,-0.130468,-0.003128,-0.250471,-0.004549,-0.261248,0.001569,0.002277
0,0.184617,0.05513,0.113931,0.165447,0.087284,0.205417,0.003222,0.000962
0,0.206065,-0.219414,0.051093,-0.254104,0.002751,-0.212071,0.003597,0.00383
0,0.08417,0.029638,-0.131811,0.278124,-0.142016,0.258261,0.001469,0.000517
0,0.240771,-0.033414,0.155232,-0.036622,0.174783,-0.061635,0.004202,0.000583
0,0.214992,-0.126746,-0.030887,-0.082943,0.011668,-0.048622,0.003752,0.002212
0,-0.021243,0.083833,-0.217237,0.202545,-0.24036,0.210645,0.000371,0.001463
0,-0.053669,0.074727,-0.01251,-0.03631,-0.047045,-0.061465,0.000937,0.001304
0,-0.049323,-0.044304,0.02646,-0.126674,0.069006,-0.151936,0.000861,0.000773
0,-0.042815,-0.078277,-0.001747,-0.007607,-0.039474,-0.048828,0.000747,0.001366
0,-0.136789,-0.072389,-0.087963,-0.008922,-0.048842,0.03443,0.002387,0.001263
0,-0.098016,-0.132127,0.068726,-0.066182,0.03899,-0.108011,0.001711,0.002306
0,-0.062961,-0.034812,0.061245,0.099622,0.011321,0.12535,0.001099,0.000608
0,-0.112706,-0.074069,-0.041419,-0.021203,-0.033716,0.02807,0.001967,0.001293
0,-0.085956,-0.150274,0.011618,-0.046729,-0.022202,-0.061704,0.0015,0.002623
0,0.124878,-0.038225,0.215179,0.130649,0.229831,0.124183,0.00218,0.000667
0,0.147609,0.060994,0.036934,0.07359,0.032741,0.031896,0.002576,0.001065
0,0.150172,-0.039976,-0.018153,-0.121147,-0.025023,-0.118301,0.002621,0.000698
0,-0.002183,-0.126465,-0.128661,-0.082252,-0.0927,-0.064138,3.8e-05,0.002207
0,0.015604,0.052649,0.021216,0.189887,-0.016096,0.151644,0.000272,0.000919
0,0.081756,-0.134705,0.043115,-0.183323,0.047518,-0.204882,0.001427,0.002351
0,-0.100625,-0.127277,-0.167267,0.034892,-0.209527,0.052274,0.001756,0.002221
0,0.03143,-0.198893,0.160768,-0.095533,0.168809,-0.097662,0.000549,0.003471
0,-0.187162,0.065942,-0.2022,0.288995,-0.19855,0.245882,0.003267,0.001151
0,-0.137471,-0.121311,0.044203,-0.176847,0.093347,-0.185315,0.002399,0.002117
0,-0.029501,0.078876,0.125708,0.201301,0.14196,0.187052,0.000515,0.001377
0,-0.169052,0.124346,-0.162927,0.027841,-0.14898,-0.021687,0.002951,0.00217
0,0.038752,0.053836,0.187151,-0.041209,0.151689,-0.083844,0.000676,0.00094
0,-0.037159,0.134852,-0.055606,0.065433,-0.06311,0.032489,0.000649,0.002354
0,-0.034381,-0.039788,0.002524,-0.190117,0.040962,-0.221809,0.0006,0.000694
0,-0.040728,-0.052127,-0.027714,0.001634,0.013418,-0.043707,0.000711,0.00091
0,-0.139707,0.071482,-0.078191,0.140646,-0.052489,0.162881,0.002438,0.001248
0,-0.124307,-0.124368,0.025463,-0.173341,-0.014884,-0.129363,0.00217,0.002171
0,-0.075765,-0.063113,0.073959,0.082137,0.091311,0.064622,0.001322,0.001102
0,0.019428,-0.070796,0.119682,0.005086,0.102351,-0.015978,0.000339,0.001236
0,0.052276,-0.121681,0.007263,-0.034156,-0.002024,-0.025104,0.000912,0.002124
0,0.136518,-0.086252,0.098724,0.017928,0.062542,-0.0083,0.002383,0.001505
0,-0.068294,-0.012693,-0.234728,0.080997,-0.194131,0.116451,0.001192,0.000222
0,0.080579,-0.011746,0.165156,0.024183,0.209107,-0.022238,0.001406,0.000205
0,0.175189,-0.027475,0.123248,-0.015983,0.090971,-0.04244,0.003058,0.00048
0,0.027614,0.03948,-0.166516,0.079785,-0.205024,0.042194,0.000482,0.000689
0,-0.101636,-0.149815,-0.135093,-0.160885,-0.17636,-0.120784,0.001774,0.002615
0,0.056483,-0.168041,0.138429,0.010349,0.176153,-0.018265,0.000986,0.002933
0,-0.122359,-0.188649,-0.183421,-0.015614,-0.212102,0.015342,0.002136,0.003293
0,0.086773,0.091413,0.195582,0.294036,0.205471,0.310843,0.001514,0.001595
0,0.004445,-0.014737,-0.070286,-0.121216,-0.06645,-0.132479,7.8e-05,0.000257
0,0.076206,-0.046377,0.048845,-0.035722,0.076633,-0.050505,0.00133,0.000809
0,-0.070183,-0.023826,-0.14784,0.030405,-0.10805,0.070171,0.001225,0.000416
0,0.054273,-0.183137,0.128681,-0.166731,0.141257,-0.196338,0.000947,0.003196
0,0.14162,-0.027207,0.081817,0.16904,0.083915,0.143918,0.002472,0.000475
0,0.16473,-0.06066,0.050753,-0.062803,0.005908,-0.040927,0.002875,0.001059
0,0.078204,0.076897,-0.098982,0.110216,-0.082163,0.153246,0.001365,0.001342
0,0.171723,-0.001419,0.075771,-0.057565,0.12277,-0.04139,0.002997,2.5e-05
0,0.211531,0.079881,0.023276,0.089296,0.033275,0.120519,0.003692,0.001394
0,0.022708,-0.139217,-0.194989,-0.208442,-0.188254,-0.257342,0.000396,0.00243
0,0.216183,-0.000469,0.196144,0.141407,0.212128,0.156284,0.003773,8e-06
0,0.212058,-0.116308,-0.008163,-0.133003,-0.023822,-0.126746,0.003701,0.00203
0,-0.006033,0.003392,-0.238073,0.149506,-0.25638,0.185332,0.000105,5.9e-05
0,0.11873,0.011356,0.112284,0.024572,0.097562,-0.005155,0.002072,0.000198
0,-0.018995,-0.050612,-0.161219,-0.037472,-0.144989,-0.069103,0.000332,0.000883
0,0.090398,0.09424,0.121036,0.163604,0.094988,0.192624,0.001578,0.001645
0,0.094466,-0.174259,-0.020907,-0.297808,-0.019554,-0.273194,0.001649,0.003041
0,0.165553,-0.078748,0.041327,0.115179,0.089091,0.145746,0.002889,0.001374
0,0.162376,-0.05692,-0.000872,0.05105,0.010343,0.001941,0.002834,0.000993
0,0.150424,0.060238,-0.002553,0.141251,-0.005378,0.124571,0.002625,0.001051
0,0.095185,0.048064,-0.077455,0.001137,-0.032916,0.023593,0.001661,0.000839
0,0.042614,0.005396,-0.048504,-0.060469,-0.062353,-0.044184,0.000744,9.4e-05
0,0.060344,-0.141181,0.002735,-0.132534,0.02618,-0.161213,0.001053,0.002464
0,-0.038482,-0.039475,-0.077327,0.117671,-0.035701,0.091312,0.000672,0.000689
0,-0.000668,-0.00131,0.012218,0.009027,0.010366,-0.021613,1.2e-05,2.3e-05
0,0.129314,-0.116003,0.123494,-0.120573,0.123787,-0.075648,0.002257,0.002025
0,0.167606,-0.168858,0.021078,-0.081556,-0.028055,-0.072451,0.002925,0.002947
0,-0.107592,0.067112,-0.261092,0.216811,-0.236376,0.175632,0.001878,0.001171
0,-0.057906,0.125932,0.037179,0.067477,0.019409,0.097179,0.001011,0.002198
0,0.158015,0.138832,0.22755,0.023503,0.208631,-0.017166,0.002758,0.002423
0,-0.016308,-0.100242,-0.173649,-0.230171,-0.210664,-0.215707,0.000285,0.00175
0,0.062129,0.044119,0.074519,0.143591,0.051979,0.16321,0.001084,0.00077
0,0.065792,0.028424,0.005252,-0.024655,-0.039981,0.005496,0.001148,0.000496
0,0.173826,-0.079829,0.135118,-0.111739,0.089345,-0.064152,0.003034,0.001393
0,-0.011976,0.131872,-0.16301,0.218059,-0.156645,0.239949,0.000209,0.002302
0,0.219201,-0.130476,0.211503,-0.291188,0.224157,-0.252733,0.003826,0.002277
0,-0.034534,0.001642,-0.250792,0.107654,-0.251211,0.115897,0.000603,2.9e-05
0,1.337177,0.259515,1.354791,0.284266,1.309579,0.262579,0.000843,0.004529
0,2.132959,0.770002,0.787376,0.493291,0.806698,0.471175,0.000956,0.001349
0,2.477819,1.494839,0.325249,0.69999,0.314163,0.705687,0.005116,0.001909
0,2.247464,1.748451,-0.202491,0.252625,-0.224108,0.266801,0.002954,0.005755
0,1.850207,1.884592,-0.372475,0.130954,-0.39939,0.138324,0.003979,0.003379
0,1.343645,1.712004,-0.480579,-0.163783,-0.445891,-0.126398,0.00073,0.005699
0,1.02891,1.373957,-0.317292,-0.355462,-0.273565,-0.315372,0.005867,0.000201
0,0.853658,1.275397,-0.159366,-0.085884,-0.157849,-0.043449,0.002809,0.001921
0,0.505437,0.914079,-0.333056,-0.345056,-0.323564,-0.308987,0.003269,0.003863
0,0.152173,0.759762,-0.360411,-0.172346,-0.330591,-0.154884,0.002656,0.00117
0,-0.219444,0.166859,-0.358806,-0.61323,-0.39006,-0.640921,0.00383,0.002912
0,-0.102087,0.023662,0.128281,-0.132381,0.112626,-0.104331,0.001782,0.000413
0,-0.384133,-0.1204,-0.280447,-0.129156,-0.270223,-0.172205,0.005386,0.002101
0,-0.096434,-0.365418,0.308643,-0.249763,0.333085,-0.240527,0.001683,0.005713
0,-0.080751,-0.190677,0.010152,0.145379,0.059239,0.107679,0.001409,0.003328
0,-0.311516,-0.329024,-0.231914,-0.12378,-0.199662,-0.120341,0.005437,0.005743
0,-0.288116,-0.258292,0.022318,0.100604,0.041001,0.12885,0.005029,0.004508
0,-0.298716,-0.057684,0.016274,0.182112,0.053323,0.181445,0.005214,0.001007
0,-0.238095,-0.26749,0.055417,-0.206718,0.012041,-0.16679,0.004156,0.004669
0,-0.036133,-0.264024,0.190436,0.021167,0.187772,-0.010397,0.000631,0.004608
0,-0.118231,-0.097755,-0.075776,0.138379,-0.073365,0.169021,0.002064,0.001706
0,-0.042015,-0.229917,0.088061,-0.102825,0.048095,-0.136935,0.000733,0.004013
0,-0.015929,0.004366,0.034325,0.210012,0.061851,0.219857,0.000278,7.6e-05
0,-0.11513,0.06975,-0.109874,0.035463,-0.10454,0.022586,0.002009,0.001217
0,0.064857,-0.080578,0.165008,-0.126065,0.212515,-0.129256,0.001132,0.001406
0,-0.031186,0.062108,-0.090496,0.117911,-0.058755,0.16202,0.000544,0.001084
0,-0.012242,0.024381,0.002643,-0.029648,0.029491,-0.070487,0.000214,0.000426
0,0.079094,-0.148634,0.06606,-0.155699,0.052394,-0.20213,0.00138,0.002594
0,-0.013308,0.037636,-0.086339,0.157496,-0.113664,0.182546,0.000232,0.000657
0,0.07175,-0.013567,0.09045,-0.041359,0.082164,-0.021242,0.001252,0.000237
0,-0.153902,0.132135,-0.237358,0.174999,-0.273037,0.20804,0.002686,0.002306
0,0.084974,0.036555,0.221847,-0.116037,0.268655,-0.100095,0.001483,0.000638
0,-0.174726,0.04975,-0.247875,0.03758,-0.29702,0.039541,0.00305,0.000868
0,0.056353,0.07223,0.230939,0.035635,0.222537,0.062909,0.000984,0.001261
0,0.09287,0.097777,0.023755,0.047834,0.02345,0.062806,0.001621,0.001707
0,-0.083789,0.101431,-0.186079,0.004187,-0.187185,0.05203,0.001462,0.00177
0,-0.116482,-0.12373,-0.016148,-0.21403,-0.016265,-0.253734,0.002033,0.002159
0,-0.025795,0.00848,0.070022,0.105671,0.044685,0.137274,0.00045,0.000148
0,-0.020102,0.034688,0.001327,0.053031,0.0052,0.092292,0.000351,0.000605
0,0.056202,-0.076908,0.090245,-0.087685,0.109837,-0.107729,0.000981,0.001342
0,0.190421,-0.097629,0.160334,-0.03097,0.125985,-0.05838,0.003323,0.001704
0,0.034927,0.002768,-0.180488,0.121414,-0.221343,0.083285,0.00061,4.8e-05
0,-0.011043,-0.091151,-0.07122,-0.064429,-0.08115,-0.044791,0.000193,0.001591
0,-0.049462,-0.15584,-0.041664,-0.046176,-0.021126,-0.049091,0.000863,0.00272
0,-0.060444,-0.011218,-0.032574,0.143967,0.014612,0.119626,0.001055,0.000196
0,0.061727,-0.051738,0.110825,-0.01789,0.111511,-0.011923,0.001077,0.000903
0,0.135049,-0.153139,0.050944,-0.08733,0.001938,-0.059772,0.002357,0.002673
0,-0.026226,-0.16852,-0.139164,-0.029925,-0.124368,-0.040459,0.000458,0.002941
0,-0.022284,-0.171786,0.029912,0.018083,0.078601,0.018545,0.000389,0.002998
0,0.044842,-0.104033,0.05474,0.05842,0.009006,0.024546,0.000783,0.001816
0,-0.156077,0.087809,-0.224075,0.163841,-0.225321,0.199272,0.002724,0.001533
0,-0.131378,0.027001,0.027471,-0.075304,0.001607,-0.030274,0.002293,0.000471
0,0.059762,0.071018,0.171678,0.03993,0.221439,0.079354,0.001043,0.001239
0,-0.150521,-0.099056,-0.232231,-0.159709,-0.213987,-0.16793,0.002627,0.001729
0,-0.126597,-0.028141,0.020508,0.088992,0.070303,0.130535,0.00221,0.000491
0,-0.038532,0.07527,0.109339,0.127127,0.12225,0.141204,0.000673,0.001314
0,-2.204667,1.72736,-2.195404,1.652678,-2.232424,1.637863,0.002207,0.005967
0,-3.010479,2.354859,-0.8042,0.635657,-0.835204,0.652107,0.004181,0.004829
0,-3.666278,2.798589,-0.63905,0.438919,-0.65077,0.448583,0.003536,0.000483
0,-3.893428,2.975814,-0.210193,0.152744,-0.180572,0.189355,0.00459,0.003576
0,-3.365934,2.505671,0.500022,-0.497438,0.466646,-0.497089,0.001706,0.00463
0,-2.595891,2.160656,0.778424,-0.320538,0.764073,-0.360256,0.003055,0.001439
0,-1.745732,0.929859,0.841733,-1.202602,0.87101,-1.15985,0.005803,0.004139
0,-0.993183,0.253964,0.768985,-0.659819,0.79929,-0.641927,0.005244,0.004433
0,-0.68429,0.131794,0.297363,-0.13399,0.343145,-0.139384,0.000147,0.0023
0,-0.347497,0.017801,0.320984,-0.094732,0.289609,-0.053648,0.006026,0.000311
0,-0.055314,-0.071628,0.272488,-0.077877,0.317929,-0.108519,0.000965,0.00125
0,0.479708,-0.240564,0.525191,-0.151866,0.504742,-0.138352,0.003718,0.004199
0,0.438114,-0.300634,-0.041056,-0.052882,-0.02406,-0.075073,0.004444,0.005247
0,0.433048,-0.228076,-0.028721,0.069684,-0.037848,0.030829,0.004532,0.003981
0,0.201032,-0.140664,-0.256376,0.077375,-0.240914,0.121056,0.003509,0.002455
0,0.21367,-0.225741,0.019369,-0.056078,0.019596,-0.099152,0.003729,0.00394
0,0.204308,-0.357201,0.018986,-0.113554,-0.016133,-0.142172,0.003566,0.005856
0,0.158754,-0.294385,-0.017096,0.071345,-0.014489,0.081317,0.002771,0.005138
0,0.321455,-0.398381,0.159787,-0.114117,0.125368,-0.069117,0.00561,0.005137
0,0.192573,-0.262887,-0.104,0.154027,-0.082994,0.115248,0.003361,0.004588
0,0.159582,-0.149701,-0.036824,0.098017,-0.028492,0.089596,0.002785,0.002613
0,0.301341,-0.148364,0.167039,0.013877,0.170269,0.02472,0.005259,0.002589
0,-1.520223,0.808039,-1.817115,0.979837,-1.835358,1.01114,0.002352,0.002012
0,-3.475833,1.589663,-1.926249,0.795236,-1.923902,0.775486,0.000212,0.003564
0,-4.0241,2.458286,-0.541824,0.869864,-0.517891,0.83802,0.002309,0.005457
0,-3.974597,2.406383,0.046976,-0.060276,0.007043,-0.065519,0.003173,0.005728
0,-3.235726,2.326069,0.74313,-0.056144,0.781959,-0.026912,0.003978,0.004326
0,-2.856108,1.652454,0.384732,-0.668888,0.372059,-0.714521,0.001487,0.00466
0,-2.427198,1.249802,0.436813,-0.407551,0.474229,-0.403152,0.005999,0.002368
0,-1.52618,0.890764,0.92731,-0.339598,0.949493,-0.296168,0.002456,0.003456
0,-0.85731,0.500588,0.647583,-0.407984,0.599847,-0.384927,0.002872,0.003354
0,-0.332752,0.334801,0.527545,-0.181904,0.510228,-0.175382,0.005808,0.005843
0,0.120769,0.037189,0.450561,-0.281437,0.480527,-0.287965,0.002108,0.000649
0,0.153031,-0.09568,0.01725,-0.145596,-0.012147,-0.155989,0.002671,0.00167
0,0.322628,-0.19299,0.177175,-0.114271,0.138707,-0.123288,0.005631,0.003368
0,0.363592,-0.176228,0.045822,-0.002924,0.043103,0.039718,0.005745,0.003076
0,0.306662,-0.248408,-0.072447,-0.08261,-0.073624,-0.068582,0.005352,0.004336
0,0.078343,-0.05543,-0.219386,0.215642,-0.186436,0.175259,0.001367,0.000967
0,0.026443,-0.138126,-0.030415,-0.088226,-0.033491,-0.071368,0.000462,0.002411
0,0.078369,-0.265161,0.041404,-0.11202,0.070265,-0.09157,0.001368,0.004628
0,0.065203,-0.133259,-0.03009,0.142426,-0.018338,0.171283,0.001138,0.002326
0,0.16045,-0.17356,0.114646,-0.050501,0.099008,-0.007265,0.0028,0.003029
0,-0.040303,-0.071203,-0.184412,0.116693,-0.208528,0.081641,0.000703,0.001243
0,0.212759,-0.10689,0.261815,-0.053971,0.221299,-0.092767,0.003713,0.001866
0,0.169036,-0.123568,-0.039317,-0.006036,-0.032445,-0.000763,0.00295,0.002157
0,0.203797,-0.002808,0.063702,0.149173,0.096357,0.12974,0.003557,4.9e-05
0,0.09876,-0.067038,-0.12272,-0.090897,-0.097475,-0.092086,0.001724,0.00117
0,0.052969,-0.020782,-0.054215,0.027184,-0.070957,0.047678,0.000924,0.000363
0,0.164017,-0.133828,0.083094,-0.117612,0.041677,-0.116005,0.002863,0.002336
0,0.171541,-0.024918,0.035467,0.110161,0.0059,0.13079,0.002994,0.000435
0,0.186576,-0.040841,0.044718,0.013347,0.055181,-0.00645,0.003256,0.000713
0,0.091372,-0.227333,-0.093758,-0.174291,-0.044267,-0.223482,0.001595,0.003968
0,0.171813,-0.153794,0.052324,0.068967,0.024735,0.070834,0.002999,0.002684
0,0.161263,-0.21844,-0.013997,-0.052865,-0.051212,-0.098909,0.002815,0.003812
0,0.184527,-0.001424,0.008814,0.24,0.007188,0.270762,0.003221,2.5e-05
0,0.185438,-0.167324,0.006937,-0.141086,0.05447,-0.138666,0.003236,0.00292
0,0.179598,-0.020275,0.010352,0.174225,0.026677,0.183651,0.003135,0.000354
0,0.030087,-0.15806,-0.128372,-0.167569,-0.157908,-0.210784,0.000525,0.002759
0,-0.131415,-0.04548,-0.142359,0.098791,-0.093254,0.127096,0.002294,0.000794
0,-0.080605,-0.144437,0.05711,-0.111245,0.077028,-0.080848,0.001407,0.002521
0,-0.1681,-0.043084,-0.10132,0.090587,-0.110042,0.088822,0.002934,0.000752
0,-0.137574,-0.118705,0.005506,-0.079713,0.033718,-0.073568,0.002401,0.002072
0,0.140307,-0.253306,0.304016,-0.159743,0.255327,-0.184916,0.002449,0.004421
0,-0.087577,0.018207,-0.207139,0.267495,-0.222191,0.298046,0.001529,0.000318
0,0.1303,-0.232451,0.203775,-0.224648,0.209147,-0.218635,0.002274,0.004057
0,-0.078937,-0.118448,-0.235482,0.119175,-0.279349,0.127569,0.001378,0.002067
0,-0.022877,-0.15602,0.077691,-0.011745,0.03991,-0.00822,0.000399,0.002723
0,-0.115276,0.036259,-0.092061,0.1989,-0.074561,0.14934,0.002012,0.000633
0,0.06606,-0.17567,0.182454,-0.18976,0.174051,-0.200848,0.001153,0.003066
0,-0.107755,-0.014748,-0.149695,0.14632,-0.120083,0.121902,0.001881,0.000257
0,0.063917,-0.044191,0.187284,-0.037231,0.217512,-0.004875,0.001116,0.000771
0,0.112815,-0.031794,0.075309,0.03576,0.046139,-0.014163,0.001969,0.000555
0,0.044829,-0.151718,-0.060067,-0.123577,-0.077665,-0.151481,0.000782,0.002648
0,0.042704,0.122528,0.023159,0.269577,0.058416,0.282042,0.000745,0.002139
0,0.036518,-0.056218,-0.022474,-0.192779,-0.056449,-0.186589,0.000637,0.000981
0,0.177815,0.121891,0.151555,0.199913,0.159512,0.224111,0.003103,0.002127
0,0.080526,-0.119251,-0.083936,-0.217939,-0.049135,-0.262022,0.001405,0.002081
0,0.191905,0.058009,0.082866,0.175156,0.081721,0.133563,0.003349,0.001012
0,-0.026717,0.019805,-0.244816,-0.033223,-0.270263,-0.035161,0.000466,0.000346
0,-0.03811,0.085528,-0.017159,0.059962,-0.020981,0.101833,0.000665,0.001493
0,0.063974,-0.107054,0.075392,-0.167731,0.106428,-0.152495,0.001117,0.001868
0,0.049663,-0.189377,-0.011512,-0.063927,-0.051712,-0.025092,0.000867,0.003305
0,0.096399,0.029321,0.028741,0.192252,0.040015,0.179158,0.001682,0.000512
0,0.262968,-0.163068,0.176116,-0.20372,0.127098,-0.209077,0.00459,0.002846
0,0.026719,0.128257,-0.217533,0.288323,-0.24747,0.289644,0.000466,0.002239
0,-0.044305,0.013634,-0.051109,-0.125428,-0.023955,-0.114499,0.000773,0.000238
0,0.20709,-0.118679,0.281153,-0.105738,0.241096,-0.137328,0.003614,0.002071
0,-0.050676,0.075953,-0.272995,0.213262,-0.286106,0.209442,0.000884,0.001326
0,0.084476,0.034565,0.161049,-0.042016,0.14854,-0.007678,0.001474,0.000603
0,0.011109,-0.07878,-0.055515,-0.136097,-0.043318,-0.170085,0.000194,0.001375
0,-0.007443,0.180059,-0.016362,0.271412,-0.019671,0.266452,0.00013,0.003143
0,-0.000956,-0.009323,-0.021515,-0.163195,-0.070923,-0.172994,1.7e-05,0.000163
0,-0.106644,-0.046856,-0.088849,-0.014293,-0.080196,-0.032722,0.001861,0.000818
0,-0.084578,-0.00883,0.033404,0.064657,0.060503,0.07259,0.001476,0.000154
0,0.065399,0.210702,0.141754,0.201456,0.138114,0.180406,0.001141,0.003677
0,0.030193,0.168789,-0.03829,-0.025473,0.001127,0.024456,0.000527,0.002946
0,-0.110332,-0.004865,-0.138425,-0.195047,-0.109691,-0.156927,0.001926,8.5e-05
0,-0.132144,-0.022614,0.002568,-0.023908,0.022982,-0.033681,0.002306,0.000395
0,-0.003026,-0.038818,0.101376,-0.035178,0.118161,-0.041649,5.3e-05,0.000677
0,0.120887,0.094472,0.139823,0.126312,0.136043,0.133058,0.00211,0.001649
0,-0.01798,0.099198,-0.131428,0.013417,-0.130248,0.050052,0.000314,0.001731
0,-0.097792,0.153036,-0.054391,0.07376,-0.087358,0.068691,0.001707,0.002671
0,-0.07909,0.066479,0.013239,-0.067854,-0.013738,-0.046503,0.00138,0.00116
0,0.029562,0.212541,0.138126,0.175384,0.128115,0.150633,0.000516,0.00371
0,0.109448,0.02518,0.092278,-0.182602,0.127234,-0.192734,0.00191,0.000439
0,-0.007206,0.160609,-0.108037,0.113342,-0.063432,0.122884,0.000126,0.002803
0,-0.037413,0.078827,-0.017909,-0.060886,0.02051,-0.081354,0.000653,0.001376
0,-0.14795,0.00315,-0.105562,-0.087684,-0.083657,-0.132147,0.002582,5.5e-05
0,-0.095014,0.169491,0.070498,0.139369,0.031184,0.111094,0.001658,0.002958
0,-0.047843,0.01725,0.023135,-0.131011,0.009162,-0.107071,0.000835,0.000301
0,0.074035,0.102175,0.137917,0.095801,0.181105,0.086944,0.001292,0.001783
0,-0.001537,-0.010427,-0.098117,-0.098348,-0.070669,-0.134644,2.7e-05,0.000182
0,-0.066335,0.125933,-0.062441,0.147146,-0.071449,0.139255,0.001158,0.002198
0,-0.051245,0.151156,0.025146,0.031691,0.001885,-0.010689,0.000894,0.002638
0,0.05883,0.039543,0.090977,-0.084066,0.093844,-0.07729,0.001027,0.00069
0,0.0169,-0.03233,-0.053879,-0.045451,-0.029913,-0.022492,0.000295,0.000564
0,0.181242,-0.056053,0.184504,-0.041226,0.191333,-0.037982,0.003163,0.000978
0,-0.072478,-0.094278,-0.23803,-0.065846,-0.195854,-0.106884,0.001265,0.001645
0,-0.102715,0.111945,-0.022065,0.189035,-0.060136,0.182299,0.001793,0.001954
0,0.140308,-0.11293,0.241052,-0.197172,0.264407,-0.241003,0.002449,0.001971
0,-0.080636,0.117042,-0.205535,0.234334,-0.234487,0.260245,0.001407,0.002043
0,0.072633,0.04423,0.175585,-0.071088,0.225286,-0.079339,0.001268,0.000772
0,-0.025514,0.147259,-0.091764,0.086945,-0.11605,0.080706,0.000445,0.00257
0,0.004886,-0.013894,0.052918,-0.171027,0.0209,-0.185352,8.5e-05,0.000243
0,0.044807,0.07589,0.030633,0.078717,0.026862,0.114685,0.000782,0.001325
0,0.163793,0.178649,0.111307,0.11059,0.086263,0.112632,0.002859,0.003118
0,0.145311,-0.057848,-0.030332,-0.211226,-0.02822,-0.220286,0.002536,0.00101
0,0.077617,0.13744,-0.090236,0.194116,-0.061852,0.206545,0.001355,0.002399
0,0.186289,-0.029692,0.115521,-0.193623,0.157643,-0.233738,0.003251,0.000518
0,0.106816,0.005031,-0.097054,0.010324,-0.072017,0.008661,0.001864,8.8e-05
0,0.037634,0.025984,-0.093376,0.049149,-0.140797,0.050324,0.000657,0.000454
0,0.105185,0.030873,0.044217,0.030587,0.008955,0.055954,0.001836,0.000539
0,0.224027,-0.027521,0.112444,-0.058134,0.10042,-0.0379,0.00391,0.00048
0,0.171367,0.008495,-0.039287,0.010743,-0.008486,-0.029069,0.002991,0.000148
0,0.051512,0.061517,-0.149557,0.025653,-0.130653,0.042305,0.000899,0.001074
0,0.108117,0.049159,0.049372,-0.037621,0.096334,-0.029801,0.001887,0.000858
0,0.091427,0.1664,-0.025013,0.141564,0.009315,0.166347,0.001596,0.002904
0,0.192158,0.024507,0.081926,-0.165351,0.035297,-0.141576,0.003354,0.000428
0,0.144517,-0.070217,-0.054543,-0.083056,-0.099457,-0.042903,0.002522,0.001226
0,-0.023737,0.170363,-0.146126,0.238211,-0.115444,0.203198,0.000414,0.002973
0,-0.006073,-0.078614,0.008547,-0.246548,0.00687,-0.271181,0.000106,0.001372
0,-0.043897,0.183778,-0.045893,0.28884,-0.090278,0.245166,0.000766,0.003208
0,-0.084965,0.030481,-0.040906,-0.136771,-0.056726,-0.128697,0.001483,0.000532
0,0.06989,0.036142,0.163095,0.032599,0.113531,0.048004,0.00122,0.000631
0,-0.047465,0.105561,-0.100746,0.052586,-0.06596,0.083759,0.000828,0.001842
0,-0.017612,0.093117,0.05075,0.01695,0.081256,0.04422,0.000307,0.001625
0,0.024389,-0.037927,0.013474,-0.15768,0.023549,-0.143594,0.000426,0.000662
0,0.029113,0.144495,-0.023137,0.159217,-0.040466,0.206709,0.000508,0.002522
0,-0.208732,0.206136,-0.21365,0.063691,-0.204154,0.09842,0.003643,0.003598
0,0.086702,0.07765,0.292849,-0.149442,0.322051,-0.150472,0.001513,0.001355
0,-0.158989,0.003783,-0.227345,-0.099683,-0.24265,-0.128677,0.002775,6.6e-05
0,0.023515,0.088493,0.194784,0.059232,0.232268,0.088424,0.00041,0.001544
0,-0.200844,-0.004753,-0.198526,-0.119449,-0.148767,-0.12027,0.003505,8.3e-05
0,-0.12107,0.157202,0.066858,0.138359,0.104839,0.118107,0.002113,0.002744
0,-0.057752,-0.039002,0.062185,-0.176531,0.085625,-0.134557,0.001008,0.000681
0,-0.207511,-0.0067,-0.163151,0.007876,-0.132594,0.05461,0.003622,0.000117
0,-0.16119,0.180855,0.048802,0.174505,0.041437,0.190501,0.002813,0.003157
0,-0.023199,-0.034719,0.149097,-0.215205,0.114873,-0.218223,0.000405,0.000606
0,-0.076456,-0.053538,-0.058713,-0.006217,-0.046971,0.040762,0.001334,0.000934
0,0.016057,0.186363,0.116122,0.218557,0.138804,0.198466,0.00028,0.003253
0,-0.204663,-0.028318,-0.233133,-0.240645,-0.278859,-0.285275,0.003572,0.000494
0,-0.218935,0.00449,-0.002178,0.04718,-0.046718,0.091859,0.003821,7.8e-05
0,0.005752,0.12825,0.202448,0.151103,0.197935,0.130825,0.0001,0.002238
0,0.032965,0.079855,0.030569,-0.070707,0.05493,-0.099884,0.000575,0.001394
0,-1.532434,-0.173607,-1.548204,-0.278194,-1.575062,-0.274626,0.002565,0.00303
0,-2.477259,-0.349405,-0.957994,-0.188361,-1.004955,-0.191977,0.005126,0.005992
0,-2.547487,-0.513695,-0.09746,-0.156069,-0.136109,-0.137993,0.0039,0.003125
0,-2.786374,-0.498749,-0.230989,0.000439,-0.209919,0.042478,0.000269,0.003386
0,-3.229496,-0.405682,-0.429046,0.080233,-0.442492,0.103551,0.004087,0.00501
0,-2.730776,-0.273989,0.511897,0.108044,0.500972,0.112566,0.000701,0.004782
0,-2.094502,-0.17861,0.607744,0.079391,0.64647,0.084401,0.000285,0.003117
0,-1.834856,-0.043195,0.288606,0.128941,0.322403,0.171069,0.004247,0.000754
0,-1.382985,0.050456,0.474588,0.088264,0.426322,0.11062,4.3e-05,0.000881
0,-0.640595,0.026748,0.717022,-0.041168,0.738382,-0.034817,0.00091,0.000467
0,-0.22027,-0.015137,0.423193,-0.03437,0.43823,-0.020833,0.003844,0.000264
0,-0.176786,-0.065531,0.015137,-0.034681,0.060775,-0.005442,0.003085,0.001144
0,0.001824,-0.00371,0.174516,0.06851,0.202148,0.11278,3.2e-05,6.5e-05
0,0.042504,0.212361,0.030328,0.230776,0.044026,0.259065,0.000742,0.003706
0,0.151399,0.09308,0.113661,-0.108236,0.121168,-0.071629,0.002642,0.001625
0,0.288081,0.151356,0.136579,0.081991,0.14561,0.090871,0.005028,0.002642
0,0.252381,0.220089,-0.044016,0.047496,-0.075661,0.082089,0.004405,0.003841
0,0.144244,0.102089,-0.12115,-0.103991,-0.151078,-0.080998,0.002518,0.001782
0,0.385146,0.163823,0.220677,0.088177,0.258291,0.093929,0.005368,0.002859
0,0.171696,0.090971,-0.243424,-0.097672,-0.261579,-0.120951,0.002997,0.001588
0,0.299355,0.07395,0.146956,-0.031265,0.142271,-0.071377,0.005225,0.001291
0,0.334273,0.246207,0.045335,0.170518,0.038206,0.122564,0.005834,0.004297
0,0.187872,-0.039503,-0.154008,-0.258923,-0.155551,-0.252566,0.003279,0.000689
0,0.132463,0.017701,-0.070796,0.045077,-0.115044,0.027914,0.002312,0.000309
0,0.22025,0.171587,0.089138,0.137162,0.126417,0.159974,0.003844,0.002995
0,0.149442,0.183349,-0.060672,0.004657,-0.056864,0.050903,0.002608,0.0032
0,-0.003059,0.009852,-0.145709,-0.162263,-0.189705,-0.154183,5.3e-05,0.000172
0,0.215513,0.023337,0.238531,0.014485,0.202651,0.016143,0.003761,0.000407
0,-0.001303,0.068942,-0.230534,0.069886,-0.205555,0.056654,2.3e-05,0.001203
0,-0.054355,0.128942,-0.080695,0.041165,-0.090262,0.090941,0.000949,0.00225
0,0.030453,-0.057484,0.089599,-0.180297,0.124055,-0.185003,0.000531,0.001003
0,-0.074177,0.195922,-0.102111,0.256637,-0.105123,0.216693,0.001295,0.003419
0,-0.124072,0.053897,-0.061284,-0.113766,-0.013675,-0.162964,0.002165,0.000941
0,-0.099459,-0.055121,0.045666,-0.124103,0.058169,-0.164912,0.001736,0.000962
0,-0.166932,-0.073995,-0.063537,-0.033859,-0.089466,-0.076735,0.002914,0.001291
0,-0.129762,0.155596,0.044572,0.208391,0.074917,0.216016,0.002265,0.002716
0,-0.105929,-0.048833,0.006404,-0.226424,-0.034053,-0.191471,0.001849,0.000852
0,0.096621,0.2023,0.209907,0.273775,0.179131,0.282425,0.001686,0.003531
0,-0.149173,-0.054394,-0.272141,-0.243662,-0.294962,-0.194873,0.002604,0.000949
0,0.116243,0.037265,0.278307,0.091761,0.302944,0.12332,0.002029,0.00065
0,-0.060703,-0.033667,-0.180834,-0.044633,-0.196718,-0.091358,0.001059,0.000588
0,-0.075244,0.005872,-0.00538,0.038692,0.015836,0.027987,0.001313,0.000102
0,-0.030328,0.14446,0.04591,0.117034,0.088847,0.144446,0.000529,0.002521
0,-0.081807,0.056891,-0.046737,-0.098932,-0.046123,-0.088003,0.001428,0.000993
0,0.111056,0.079553,0.197442,0.00937,0.166393,0.038766,0.001938,0.001388
0,-0.05341,-0.065286,-0.184513,-0.171806,-0.23218,-0.139648,0.000932,0.001139
0,-0.133502,0.024253,-0.094336,0.100346,-0.137346,0.125324,0.00233,0.000423
0,0.031089,-0.117101,0.181171,-0.170227,0.203604,-0.140503,0.000543,0.002044
0,0.014354,-0.003825,0.000421,0.133621,0.030623,0.129236,0.000251,6.7e-05
0,-0.044629,0.063161,-0.041831,0.065615,-0.023558,0.083061,0.000779,0.001102
0,0.108051,0.123144,0.143629,0.041504,0.144802,0.006205,0.001886,0.002149
0,0.154114,-0.036305,0.06235,-0.163227,0.104144,-0.168315,0.00269,0.000634
0,0.027846,-0.14021,-0.153694,-0.120088,-0.19899,-0.080338,0.000486,0.002447
0,0.14998,0.117932,0.124541,0.273493,0.13633,0.259112,0.002618,0.002058
0,0.035707,-0.020211,-0.139196,-0.108627,-0.173129,-0.109268,0.000623,0.000353
0,0.092439,-0.101896,0.056892,-0.08228,0.089462,-0.065335,0.001613,0.001778
0,0.016174,0.056975,-0.051061,0.17859,-0.024167,0.225266,0.000282,0.000994
0,-0.119617,-0.063921,-0.111228,-0.131843,-0.087056,-0.162141,0.002088,0.001116
0,-0.014833,0.097689,0.131065,0.174861,0.150301,0.139109,0.000259,0.001705
0,-0.090272,-0.113988,-0.090373,-0.224947,-0.130216,-0.260131,0.001576,0.001989
0,-0.123227,-0.048476,-0.010374,0.092838,-0.040414,0.066049,0.002151,0.000846
0,0.010715,-0.06302,0.158819,-0.018302,0.147601,-0.062674,0.000187,0.0011
0,-0.096133,-0.133436,-0.082571,-0.064856,-0.111571,-0.024171,0.001678,0.002329
0,-0.138262,0.0687,-0.014888,0.175946,-0.053689,0.203902,0.002413,0.001199
0,0.044045,-0.087049,0.194916,-0.170239,0.231223,-0.170213,0.000769,0.001519
0,-0.120301,-0.058014,-0.168729,0.051187,-0.214194,0.068238,0.0021,0.001013
0,-0.053314,-0.062626,0.06878,-0.034217,0.031772,-0.045773,0.000931,0.001093
0,0.041795,-0.133796,0.117484,-0.064282,0.143597,-0.056906,0.000729,0.002335
0,-0.063702,0.004486,-0.095778,0.146204,-0.13943,0.104334,0.001112,7.8e-05
0,0.013835,-0.018113,0.090037,-0.045255,0.094496,-0.00575,0.000241,0.000316
0,-0.05336,-0.090705,-0.06,-0.074481,-0.100748,-0.063661,0.000931,0.001583
0,-0.054756,-0.020335,0.013893,0.052731,0.058224,0.095502,0.000956,0.000355
0,0.11301,-0.140435,0.178786,-0.116872,0.203728,-0.150503,0.001972,0.002451
0,0.034917,0.067995,-0.067406,0.23785,-0.046527,0.24403,0.000609,0.001187
0,0.080003,0.03373,0.069251,-0.024703,0.076667,-0.052648,0.001396,0.000589
0,-0.200066,0.062022,-0.273222,0.002069,-0.25702,0.050987,0.003492,0.001082
0,-0.064952,-0.145478,0.123391,-0.201494,0.109011,-0.158038,0.001134,0.002539
0,-0.133616,-0.041789,-0.069398,0.10934,-0.11223,0.12153,0.002332,0.000729
0,-0.070351,0.019242,0.067459,0.041235,0.080554,0.063799,0.001228,0.000336
0,-0.166495,0.035785,-0.083227,0.032757,-0.096257,0.000262,0.002906,0.000625
0,-0.099204,0.066009,0.040601,0.006641,0.045111,-0.021573,0.001731,0.001152
0,-0.03691,-0.112677,0.046742,-0.178111,0.00572,-0.187216,0.000644,0.001967
0,-0.003402,-0.085458,0.006771,0.054556,0.000595,0.061341,5.9e-05,0.001492
0,-0.115617,-0.095058,-0.102446,-0.021733,-0.059421,-0.01276,0.002018,0.001659
0,0.00865,-0.092586,0.128429,-0.025169,0.171225,-0.025486,0.000151,0.001616
0,0.104757,-0.058979,0.112338,0.049666,0.067486,0.086574,0.001828,0.001029
0,-0.053389,-0.031291,-0.154609,-0.000508,-0.195641,-0.016984,0.000932,0.000546
0,-0.17608,-0.07532,-0.145309,-0.015772,-0.163739,0.001312,0.003073,0.001315
0,0.068858,0.04632,0.217311,0.106859,0.241074,0.132427,0.001202,0.000808
0,-0.172721,-0.189084,-0.26429,-0.240444,-0.270667,-0.265673,0.003015,0.0033
0,-0.140007,-0.148899,0.06232,0.020877,0.068678,-0.012808,0.002444,0.002599
0,-0.115044,-0.169933,0.044812,-0.046874,0.06678,-0.081792,0.002008,0.002966
0,0.017848,-0.001345,0.108538,0.192024,0.139751,0.158586,0.000312,2.3e-05
0,-0.159063,-0.09787,-0.163743,-0.103525,-0.143433,-0.14801,0.002776,0.001708
0,-0.165577,-0.043813,-0.033348,0.066244,-0.048373,0.058385,0.00289,0.000765
0,-0.097852,-0.165321,0.052298,-0.127125,0.006323,-0.107718,0.001708,0.002885
0,-0.101857,-0.085894,-0.014818,0.077321,-0.018054,0.038581,0.001778,0.001499
0,0.093507,0.091256,0.177442,0.189047,0.191214,0.207218,0.001632,0.001593
0,0.081236,-0.089186,-0.001293,-0.176061,-0.015444,-0.142857,0.001418,0.001557
0,0.131863,-0.097414,0.032972,-0.002773,0.052871,0.041164,0.002301,0.0017
0,0.099516,-0.002028,-0.021589,0.073338,-0.040205,0.076739,0.001737,3.5e-05
0,0.118511,0.084809,0.009932,0.088492,-0.031469,0.105273,0.002068,0.00148
0,0.161446,-0.072009,0.069033,-0.13774,0.040704,-0.147211,0.002818,0.001257
0,0.017874,-0.002273,-0.140635,0.040516,-0.165882,0.062755,0.000312,4e-05
0,0.134204,0.021412,0.087977,0.032359,0.100847,0.066799,0.002342,0.000374
0,0.108947,-0.027366,-0.035361,-0.040343,-0.021492,0.009571,0.001901,0.000478
0,-0.05562,-0.11057,-0.174159,-0.104839,-0.155914,-0.110903,0.000971,0.00193
0,0.153321,-0.163191,0.23211,-0.063671,0.215575,-0.037898,0.002676,0.002848
0,0.166775,0.003597,0.02154,0.145256,0.014333,0.183926,0.002911,6.3e-05
0,0.075745,-0.130466,-0.064922,-0.138396,-0.018984,-0.124915,0.001322,0.002277
0,0.181635,0.069768,0.078901,0.172625,0.044911,0.14531,0.00317,0.001218
0,0.13152,0.040125,-0.057662,-0.059515,-0.015568,-0.103021,0.002295,0.0007
0,0.224328,-0.080235,0.07561,-0.137601,0.027262,-0.157625,0.003915,0.0014
0,0.291404,-0.04227,0.068877,0.048456,0.084508,0.050522,0.005086,0.000738
0,0.180912,0.05315,-0.125234,0.106219,-0.166282,0.126748,0.003158,0.000928
0,0.223137,-0.058919,0.02647,-0.125658,0.069853,-0.083627,0.003894,0.001028
0,0.048668,0.016715,-0.163001,0.065512,-0.151166,0.095558,0.000849,0.000292
0,0.137148,0.02638,0.094528,-0.010198,0.080028,0.024267,0.002394,0.00046
0,0.229458,-0.032147,0.108656,-0.046893,0.059656,-0.047878,0.004005,0.000561
0,0.228702,0.087028,0.017068,0.103495,0.040669,0.106376,0.003992,0.001519
0,0.103604,-0.086405,-0.12173,-0.165919,-0.095909,-0.205236,0.001808,0.001508
0,0.146917,0.077374,0.043469,0.17119,0.001016,0.161515,0.002564,0.00135
0,0.099575,0.083888,-0.027587,0.032428,-0.053002,-0.003162,0.001738,0.001464
0,0.04182,0.102138,-0.043607,0.048098,-0.015112,0.038264,0.00073,0.001783
0,0.107392,0.090974,0.082189,-0.021896,0.117305,-0.012633,0.001874,0.001588
0,0.066876,-0.010331,-0.052553,-0.078407,-0.086263,-0.051821,0.001167,0.00018
0,0.113206,-0.097496,0.073306,-0.057298,0.072224,-0.020452,0.001976,0.001702
0,0.102453,0.124351,-0.015612,0.238465,-0.005778,0.226585,0.001788,0.00217
0,0.043613,0.151166,-0.034128,0.042062,0.009109,0.068861,0.000761,0.002638
0,0.12456,-0.046979,0.085766,-0.190796,0.115859,-0.174957,0.002174,0.00082
0,0.11329,-0.06797,-0.010557,-0.003904,-0.020844,-0.050324,0.001977,0.001186
0,-0.098185,0.001816,-0.221944,0.087093,-0.223188,0.076046,0.001714,3.2e-05
0,0.012543,-0.10344,0.137607,-0.104516,0.092708,-0.149145,0.000219,0.001805
0,-0.046954,-0.123613,-0.0435,-0.031443,-0.075184,0.002822,0.000819,0.002157
0,0.035294,0.054727,0.106017,0.201516,0.107626,0.236024,0.000616,0.000955
0,0.042846,0.180651,-0.01258,0.155082,0.004825,0.18475,0.000748,0.003153
0,-0.005878,-0.024836,-0.043367,-0.179067,-0.076197,-0.227862,0.000103,0.000433
0,-0.243638,0.091123,-0.233003,0.098604,-0.213802,0.106267,0.004252,0.00159
0,0.065951,-0.097491,0.310198,-0.198495,0.331218,-0.203464,0.001151,0.001702
0,0.050404,-0.080458,-0.028155,0.022249,0.00901,0.069161,0.00088,0.001404
0,-0.069634,-0.074168,-0.095949,0.032293,-0.104634,0.023933,0.001215,0.001294
0,-0.141445,-0.020444,-0.043146,0.032429,-0.039785,0.001527,0.002469,0.000357
0,-0.027113,0.101125,0.142006,0.129559,0.09214,0.131986,0.000473,0.001765
0,-0.027583,0.064247,0.009389,-0.054126,0.007695,-0.051104,0.000481,0.001121
0,-0.243057,-0.018619,-0.212283,-0.106017,-0.174825,-0.074427,0.004242,0.000325
0,-0.260979,0.10917,-0.00034,0.115217,-0.041672,0.120659,0.004555,0.001905
0,-0.116429,-0.109837,0.165269,-0.226717,0.177882,-0.245089,0.002032,0.001917
0,-0.116863,-0.032392,-0.001187,0.088497,0.048189,0.074932,0.00204,0.000565
0,-0.108354,0.084408,-0.000427,0.136347,0.033642,0.177666,0.001891,0.001473
0,-0.240081,0.059168,-0.105787,0.004322,-0.10758,-0.016984,0.00419,0.001033
0,0.004724,0.11486,0.241819,0.052467,0.194904,0.063378,8.2e-05,0.002005
0,-0.135288,-0.023906,-0.140639,-0.155031,-0.132209,-0.137645,0.002361,0.000417
0,-0.087175,0.163369,0.022507,0.180111,0.031353,0.202497,0.001521,0.002851
0,-0.147867,0.109872,-0.063444,-0.073693,-0.07223,-0.06003,0.002581,0.001918
0,0.065177,-0.026822,0.188725,-0.160803,0.167781,-0.14248,0.001138,0.000468
0,-0.044762,-0.118453,-0.084295,-0.097088,-0.116162,-0.08101,0.000781,0.002067
0,-0.090916,0.006947,-0.039112,0.113654,-0.078784,0.132534,0.001587,0.000121
0,0.001137,-0.033405,0.106891,-0.033311,0.102944,-0.014095,2e-05,0.000583
0,-0.075947,-0.112281,-0.047143,-0.052401,-0.088585,-0.004014,0.001326,0.00196
0,0.050371,-0.002664,0.124839,0.131508,0.149451,0.124592,0.000879,4.6e-05
0,-0.19006,0.038675,-0.240175,0.052431,-0.230733,0.072799,0.003317,0.000675
0,-0.250432,-0.111287,-0.034414,-0.142062,-0.061488,-0.116147,0.004371,0.001942
0,-0.213639,0.013487,0.066768,0.097649,0.035614,0.066197,0.003729,0.000235
0,-0.18815,0.111501,0.052124,0.119585,0.053849,0.153978,0.003284,0.001946
0,0.025842,0.011231,0.230703,-0.129543,0.192992,-0.084588,0.000451,0.000196
0,-0.105549,-0.043562,-0.136326,-0.064344,-0.142627,-0.110307,0.001842,0.00076
0,-0.147562,0.080119,-0.038029,0.128101,-0.085552,0.177529,0.002575,0.001398
0,-0.122618,-0.010502,0.012239,-0.104729,0.006247,-0.138173,0.00214,0.000183
0,0.005958,-0.032344,0.109364,-0.015808,0.066111,0.022543,0.000104,0.000565
0,-0.154522,-0.124121,-0.153941,-0.09642,-0.16516,-0.058841,0.002697,0.002166
0,0.006964,0.107413,0.153206,0.24549,0.11322,0.28939,0.000122,0.001875
0,-0.03438,0.041179,-0.02855,-0.079947,-0.05224,-0.119131,0.0006,0.000719
0,-0.146618,-0.066597,-0.095153,-0.134264,-0.049242,-0.132308,0.002559,0.001162
0,0.121538,0.017244,0.282827,0.087611,0.241424,0.072703,0.002121,0.000301
0,0.125485,-0.078088,-0.009746,-0.107112,-0.01461,-0.089156,0.00219,0.001363
0,0.138535,-0.047703,0.02837,0.033043,0.054388,0.002771,0.002418,0.000833
0,-0.050008,-0.023127,-0.184422,0.000755,-0.223827,-0.036382,0.000873,0.000404
0,0.039966,0.025863,0.111172,0.06402,0.074541,0.066534,0.000698,0.000451
0,0.202581,-0.104942,0.152647,-0.102034,0.113499,-0.059086,0.003536,0.001832
0,0.150084,-0.140336,-0.055207,-0.012465,-0.035108,-0.015739,0.002619,0.002449
0,0.107905,-0.148046,-0.068377,0.015561,-0.047927,0.037783,0.001883,0.002584
0,0.019365,0.018849,-0.087382,0.144818,-0.112079,0.107739,0.000338,0.000329
0,-0.007473,-0.135316,-0.018337,-0.162532,0.021341,-0.173835,0.00013,0.002362
0,0.046055,0.036167,0.052655,0.159212,0.057602,0.188946,0.000804,0.000631
0,-0.102667,-0.102951,-0.170918,-0.147205,-0.166297,-0.099528,0.001792,0.001797
0,0.061736,0.036237,0.19284,0.167884,0.169128,0.182863,0.001077,0.000632
0,-0.102536,0.036993,-0.173117,0.029913,-0.129044,0.070926,0.00179,0.000646
0,-0.208835,-0.017408,-0.076836,-0.074618,-0.038918,-0.047903,0.003645,0.000304
0,0.003537,0.040781,0.194352,0.067448,0.23624,0.030818,6.2e-05,0.000712
0,-0.19938,0.024968,-0.22259,-0.01522,-0.235847,-0.035847,0.00348,0.000436
0,-0.035931,-0.035091,0.173277,-0.077124,0.15589,-0.079708,0.000627,0.000612
0,-0.170721,-0.135086,-0.156917,-0.122201,-0.114606,-0.163704,0.00298,0.002358
0,0.007183,0.045071,0.159181,0.163022,0.142242,0.168239,0.000125,0.000787
0,-0.07294,0.132075,-0.075575,0.116622,-0.096513,0.091713,0.001273,0.002305
0,0.025817,-0.151334,0.121889,-0.284947,0.171804,-0.268503,0.000451,0.002641
0,-0.164556,0.07204,-0.220269,0.247918,-0.250818,0.253923,0.002872,0.001257
0,-0.197193,-0.064307,-0.018722,-0.109391,-0.019722,-0.145193,0.003442,0.001122
0,0.050264,0.029903,0.240548,0.077519,0.242319,0.059348,0.000877,0.000522
0,-0.054112,0.104198,-0.123689,0.078014,-0.135851,0.070311,0.000944,0.001819
0,-0.090393,0.121083,-0.027206,0.029624,-0.015693,0.039561,0.001578,0.002113
0,0.060328,-0.057232,0.145447,-0.186932,0.124934,-0.175961,0.001053,0.000999
0,-0.170909,0.045884,-0.216757,0.09368,-0.181404,0.084616,0.002983,0.000801
0,-0.020758,-0.032068,0.178805,-0.099211,0.228176,-0.058916,0.000362,0.00056
0,-0.16587,-0.098838,-0.161014,-0.07059,-0.157039,-0.048352,0.002895,0.001725
0,3.665685,0.380812,3.857583,0.483423,3.833361,0.477152,0.003526,0.005444
0,4.569521,1.569861,0.900852,1.159088,0.890782,1.180883,0.00488,0.003218
0,4.574955,1.683261,0.003856,0.12973,-0.038061,0.104176,0.004785,0.005197
0,4.91016,1.667921,0.316088,0.001131,0.348549,0.005243,0.001065,0.00493
0,5.042742,1.192061,0.132904,-0.4845,0.158195,-0.495191,0.003379,0.003376
0,3.778881,1.086605,-1.278143,-0.104371,-1.250205,-0.111064,0.005501,0.005216
0,3.059615,0.726986,-0.72289,-0.366335,-0.755559,-0.343201,0.005038,0.000967
0,1.820803,0.676448,-1.258358,-0.038415,-1.21587,-0.013564,0.004492,0.000967
0,1.278528,0.221105,-0.571652,-0.477463,-0.53371,-0.457485,0.001866,0.000967
0,0.630375,0.336381,-0.63353,0.086222,-0.590254,0.050067,0.001088,0.000967
0,0.083397,0.157997,-0.57401,-0.178867,-0.549125,-0.176968,0.001456,0.000967
0,-0.349754,0.214293,-0.418518,0.028469,-0.416432,0.010214,0.005986,0.000967
0,-0.611668,0.067517,-0.262505,-0.118674,-0.218796,-0.149547,0.001415,0.000967
0,-0.487977,0.023544,0.097309,-0.018313,0.087149,0.003852,0.003574,0.000967
0,-0.457149,-0.14344,0.038468,-0.163526,0.019235,-0.202386,0.004112,0.002504
0,-0.138685,-0.056171,0.308831,0.063794,0.340077,0.060077,0.002421,0.00098
0,-0.088004,-0.031195,0.055998,0.0511,0.081522,0.004267,0.001536,0.000967
0,-0.304705,0.130263,-0.221932,0.163844,-0.178748,0.164604,0.005318,0.000967
0,-0.078833,0.067084,0.244172,-0.066312,0.209021,-0.079887,0.001376,0.000967
0,-0.080913,0.129732,-0.025817,0.073983,0.008438,0.069916,0.001412,0.000967
0,-0.986586,-0.348691,-0.897675,-0.487883,-0.946114,-0.45838,0.005129,0.006005
0,-1.344481,-0.480155,-0.374543,-0.155428,-0.414333,-0.106356,0.000715,0.00371
0,-1.814316,-0.429748,-0.469363,0.029997,-0.421321,0.076711,0.004606,0.00459
0,-1.438164,-0.391288,0.38289,0.062859,0.367372,0.111144,0.00092,0.005261
0,-1.190268,-0.121573,0.222986,0.288472,0.210066,0.289158,0.003407,0.002122
0,-1.048627,-0.122331,0.147482,-0.008047,0.107693,-0.019943,0.005879,0.002135
0,-0.783207,0.132811,0.281354,0.234386,0.328802,0.269233,0.001579,0.002318
0,-0.457649,0.147359,0.300149,-0.003885,0.344738,-0.048178,0.004103,0.002572
0,-0.384273,-0.019632,0.058097,-0.177371,0.100523,-0.127792,0.005384,0.000343
0,-0.111805,0.179642,0.27583,0.179872,0.260699,0.215359,0.001951,0.003135
0,0.054122,-0.037748,0.164228,-0.237858,0.126198,-0.225406,0.000945,0.000659
0,0.044084,0.002785,-0.022701,0.043471,-0.0715,0.048809,0.000769,4.9e-05
0,0.235079,0.092429,0.162795,0.071547,0.182949,0.059422,0.004103,0.001613
0,0.402801,0.217529,0.175222,0.154861,0.224035,0.133855,0.00506,0.003797
0,0.235284,0.236855,-0.163027,0.041919,-0.125778,0.040481,0.004106,0.004134
0,0.165858,-0.013246,-0.045722,-0.246626,-0.085772,-0.293005,0.002895,0.000231
0,0.080786,0.064008,-0.078393,0.087679,-0.106034,0.113842,0.00141,0.001117
0,0.103419,0.15373,-0.003398,0.085687,0.027562,0.073423,0.001805,0.002683
0,0.076904,-0.030787,-0.045034,-0.182244,-0.034808,-0.194747,0.001342,0.000537
0,0.111704,0.09526,0.016929,0.117794,-0.02917,0.069204,0.00195,0.001663
0,0.195455,0.21432,0.061055,0.133938,0.100178,0.140704,0.003411,0.003741
0,0.073083,-0.039609,-0.097813,-0.270539,-0.108779,-0.265672,0.001276,0.000691
0,0.087208,0.152631,0.039528,0.173924,0.022191,0.14813,0.001522,0.002664
0,0.188642,0.175112,0.111726,0.043776,0.153545,0.059727,0.003292,0.003056
0,0.160358,0.178988,-0.048715,0.024269,-0.053081,0.071908,0.002799,0.003124
0,0.129262,-0.015452,-0.039799,-0.199608,-0.040684,-0.235257,0.002256,0.00027
0,0.126184,0.232493,-0.028349,0.246882,-0.02075,0.276395,0.002202,0.004058
0,0.185319,0.108756,0.069095,-0.128219,0.025496,-0.088504,0.003234,0.001898
0,0.217219,-0.001888,0.035144,-0.115152,0.014871,-0.082096,0.003791,3.3e-05
0,-0.012245,-0.014788,-0.239498,0.00045,-0.285562,-0.048626,0.000214,0.000258
0,-0.013056,0.007295,0.022902,0.004598,-0.021432,-0.026378,0.000228,0.000127
0,0.073495,0.17773,0.059587,0.189646,0.014863,0.181596,0.001283,0.003102
0,0.214116,4e-06,0.14438,-0.1984,0.163789,-0.197396,0.003737,0.0
0,-0.015299,0.077892,-0.247296,0.085283,-0.239074,0.047454,0.000267,0.001359
0,0.209874,0.007455,0.212594,-0.079752,0.239808,-0.067529,0.003663,0.00013
0,0.211383,0.203967,0.017545,0.201743,0.010511,0.202348,0.003689,0.00356
0,-0.030579,0.214572,-0.213005,0.014818,-0.21416,0.03662,0.000534,0.003745
0,0.05641,0.130721,0.087299,-0.107158,0.135138,-0.134936,0.000985,0.002282
0,-0.003423,0.136204,-0.049971,-0.002823,-0.092875,0.002244,6e-05,0.002377
0,-0.12405,0.105691,-0.135214,-0.03766,-0.129654,-0.048203,0.002165,0.001845
0,0.001053,-0.06898,0.128979,-0.202185,0.142222,-0.249202,1.8e-05,0.001204
0,0.099001,0.022789,0.083409,0.079716,0.082872,0.079725,0.001728,0.000398
0,-0.194973,0.019019,-0.28824,0.000354,-0.334232,-0.045481,0.003403,0.000332
0,-0.214595,0.081465,0.007714,0.073757,0.053287,0.059734,0.003745,0.001422
0,-0.001124,0.137478,0.184297,0.054282,0.202218,0.031824,2e-05,0.002399
0,0.010295,0.157424,0.004048,-0.00517,0.040475,-0.041131,0.00018,0.002748
0,-0.032934,0.151705,-0.037938,0.019549,-0.057422,0.017559,0.000575,0.002648
0,0.010722,-0.029455,0.028114,-0.164826,-0.01242,-0.199416,0.000187,0.000514
0,-0.05963,-0.063259,-0.043618,-0.03923,-0.042174,-0.068177,0.001041,0.001104
0,-0.001343,-0.111272,0.086952,-0.020078,0.077219,0.014122,2.3e-05,0.001942
0,-0.138212,-0.002873,-0.162197,0.12754,-0.182955,0.150218,0.002412,5e-05
0,0.041527,0.083826,0.158795,0.075203,0.11061,0.069266,0.000725,0.001463
0,-0.156398,-0.010171,-0.18347,-0.06842,-0.173568,-0.03289,0.00273,0.000178
0,0.135644,0.095262,0.293216,0.12511,0.26247,0.075257,0.002367,0.001663
0,0.061402,-0.04592,-0.085654,-0.156394,-0.062363,-0.1767,0.001072,0.000801
0,0.056093,-0.051165,-0.030894,0.020176,-0.050667,0.007356,0.000979,0.000893
0,0.028594,-0.009636,-0.030801,0.039979,-0.031528,0.075748,0.000499,0.000168
0,-0.091495,-0.093665,-0.113514,-0.063999,-0.080078,-0.032549,0.001597,0.001635
0,0.004592,0.098923,0.066608,0.163484,0.088498,0.198182,8e-05,0.001727
0,0.085077,0.192485,0.054089,0.106651,0.01862,0.090754,0.001485,0.003359
0,0.117863,0.03265,0.036673,-0.163254,0.027956,-0.162463,0.002057,0.00057
0,-0.005504,0.177859,-0.137297,0.140117,-0.101158,0.10449,9.6e-05,0.003104
0,-0.056949,0.009361,-0.041256,-0.192763,-0.050979,-0.188241,0.000994,0.000163
0,0.126974,-0.024625,0.161533,-0.045956,0.16155,-0.089372,0.002216,0.00043
0,-0.038815,0.136316,-0.147262,0.163779,-0.16946,0.168068,0.000677,0.002379
0,0.186286,0.064299,0.248648,-0.08433,0.213733,-0.122163,0.003251,0.001122
0,-0.120977,0.118777,-0.322851,0.044022,-0.347805,0.057289,0.002111,0.002073
0,0.125618,0.227311,0.21933,0.082743,0.245786,0.082778,0.002192,0.003967
0,0.061769,0.092497,-0.090841,-0.126879,-0.112835,-0.087332,0.001078,0.001614
0,-0.25111,-0.026166,-0.32457,-0.106079,-0.309523,-0.101526,0.004383,0.000457
0,0.005443,0.029772,0.246649,0.027771,0.204774,0.008707,9.5e-05,0.00052
0,-0.059898,0.220143,-0.043756,0.182499,-0.030329,0.216529,0.001045,0.003842
0,0.005073,0.075273,0.091763,-0.115574,0.06999,-0.071431,8.9e-05,0.001314
0,-0.089922,0.092118,-0.10941,0.041661,-0.086781,0.050557,0.001569,0.001608
0,-0.030922,-0.026811,0.071579,-0.123958,0.036125,-0.074176,0.00054,0.000468
0,-0.048877,0.097729,0.00293,0.134268,-0.03121,0.155838,0.000853,0.001706
0,-0.05197,0.165078,-0.032694,0.095936,-0.037982,0.11515,0.000907,0.002881
0,0.005967,0.029992,0.075621,-0.118267,0.042759,-0.081014,0.000104,0.000523
0,0.090038,0.016382,0.07998,-0.012067,0.032281,-0.009499,0.001571,0.000286
0,0.040012,0.110609,-0.068115,0.115413,-0.024802,0.154582,0.000698,0.00193
0,-0.078602,0.106924,-0.099474,-0.020797,-0.080623,-0.067301,0.001372,0.001866
0,0.073188,0.01424,0.151971,-0.121802,0.200726,-0.138509,0.001277,0.000249
0,-0.071184,0.151775,-0.121256,0.139366,-0.09301,0.146766,0.001242,0.002649
0,-0.055366,0.08891,0.030981,-0.046338,0.078906,-0.031955,0.000966,0.001552
0,-0.052744,0.151567,-0.020164,0.063666,-0.007647,0.018592,0.000921,0.002645
0,0.074874,-0.02251,0.121103,-0.148541,0.14782,-0.139007,0.001307,0.000393
0,0.051477,0.11391,-0.026209,0.160902,0.020352,0.171378,0.000898,0.001988
0,0.064573,0.056938,0.028102,-0.059667,-0.016911,-0.076369,0.001127,0.000994
0,-0.179384,0.007206,-0.226437,-0.053286,-0.270091,-0.101526,0.003131,0.000126
0,0.004967,0.122933,0.156984,0.144447,0.150045,0.143569,8.7e-05,0.002146
0,0.169982,-0.011966,0.175072,-0.116793,0.172078,-0.164574,0.002967,0.000209
0,-0.061081,-0.03649,-0.254132,-0.045529,-0.210682,-0.086284,0.001066,0.000637
0,0.050319,0.136538,0.130129,0.176476,0.086037,0.170789,0.000878,0.002383
0,-0.052215,0.142156,-0.098315,-0.020637,-0.115879,-0.018833,0.000911,0.002481
0,-0.051551,-0.100444,0.013114,-0.250598,-0.031206,-0.258826,0.0009,0.001753
0,0.076758,-5.6e-05,0.113822,0.088529,0.08283,0.0513,0.00134,1e-06
0,0.31086,-1.326134,0.253342,-1.297103,0.225678,-1.291765,0.005426,0.001036
0,0.212036,-2.36888,-0.089909,-1.053986,-0.130419,-1.067441,0.003701,0.005073
0,0.320125,-2.44475,0.084696,-0.096424,0.073183,-0.106756,0.005587,0.005693
0,0.106694,-2.105817,-0.201822,0.329078,-0.233021,0.364569,0.001862,0.000482
0,0.421583,-1.477858,0.313864,0.634941,0.341104,0.605303,0.004732,0.001613
0,0.302646,-1.153592,-0.116428,0.343486,-0.076702,0.296884,0.005282,0.004047
0,0.196392,-0.517554,-0.121629,0.614522,-0.135776,0.593555,0.003428,0.003057
0,0.335447,-0.537372,0.110399,-0.029923,0.140895,-0.071092,0.005855,0.002712
0,0.354065,-0.261431,0.039003,0.276343,0.000805,0.316179,0.005911,0.004563
0,0.192326,0.119497,-0.159038,0.376141,-0.159714,0.395291,0.003357,0.002086
0,0.099704,0.1282,-0.099888,0.01234,-0.092897,0.026417,0.00174,0.002238
0,0.023674,0.240354,-0.075363,0.097039,-0.070217,0.143439,0.000413,0.004195
0,-0.063013,0.209274,-0.062105,-0.037233,-0.076805,-0.06028,0.0011,0.003653
0,0.012101,0.207887,0.05172,-0.027382,0.052143,-0.043212,0.000211,0.003628
0,0.051608,0.265181,0.023163,0.039496,-0.005136,0.026854,0.000901,0.004628
0,0.052496,0.298338,-0.024105,0.040314,0.008487,0.03386,0.000916,0.005207
0,0.085594,0.134534,0.055135,-0.149035,0.064958,-0.133676,0.001494,0.002348
0,0.025504,0.412895,-0.083349,0.300605,-0.071695,0.255992,0.000445,0.004884
0,0.054616,0.145978,0.044139,-0.267915,0.063313,-0.282278,0.000953,0.002548
0,0.17317,0.144545,0.093211,0.007787,0.08368,-0.030969,0.003022,0.002523
0,0.170472,0.080642,-0.029934,-0.040155,0.016987,-0.021253,0.002975,0.001407
0,-0.052216,0.142764,-0.242217,0.088896,-0.245529,0.120999,0.000911,0.002492
0,0.03857,0.162545,0.111171,0.028318,0.089432,-0.017777,0.000673,0.002837
0,0.12123,-0.004906,0.08879,-0.166425,0.096055,-0.126038,0.002116,8.6e-05
0,-0.107891,0.110957,-0.251484,0.093107,-0.255193,0.079525,0.001883,0.001937
0,0.147359,0.207858,0.227754,0.118562,0.271258,0.108237,0.002572,0.003628
0,-0.07517,-0.018683,-0.204336,-0.228149,-0.223871,-0.207235,0.001312,0.000326
0,0.134254,0.139898,0.231355,0.147652,0.258672,0.197274,0.002343,0.002442
0,0.147781,0.004581,0.041207,-0.113782,0.052973,-0.09912,0.002579,8e-05
0,-0.029404,0.172999,-0.174046,0.188709,-0.163381,0.187799,0.000513,0.003019
0,0.031666,0.186694,0.056504,0.019413,0.045961,0.035419,0.000553,0.003258
0,0.023635,0.06507,0.000294,-0.140789,0.048365,-0.160764,0.000413,0.001136
0,-0.00043,0.058898,-0.040925,0.016114,-0.03819,0.003387,8e-06,0.001028
0,0.183967,0.014419,0.209942,-0.02516,0.253715,0.024611,0.003211,0.000252
0,0.077,0.230106,-0.128748,0.229034,-0.087374,0.259622,0.001344,0.004016
0,-0.115892,0.232837,-0.16437,0.019071,-0.147221,0.02758,0.002023,0.004064
0,0.149688,0.071164,0.288216,-0.142991,0.308318,-0.114386,0.002613,0.001242
0,0.110864,0.0077,-0.047352,-0.076754,-0.073823,-0.046637,0.001935,0.000134
0,0.007811,0.202738,-0.12456,0.193912,-0.161314,0.221871,0.000136,0.003538
0,0.192063,0.182876,0.159387,-0.030385,0.160401,-0.053737,0.003352,0.003192
0,0.173993,0.088643,-0.032925,-0.093269,-0.032311,-0.045724,0.003037,0.001547
0,-0.008721,0.165405,-0.198296,0.090502,-0.171605,0.078578,0.000152,0.002887
0,0.053068,0.149411,0.069,-0.0065,0.104381,0.017724,0.000926,0.002608
0,-0.04352,0.069627,-0.091805,-0.087625,-0.04211,-0.101956,0.00076,0.001215
0,-0.012448,0.251075,0.054441,0.196764,0.050777,0.215671,0.000217,0.004382
0,-0.195162,0.04352,-0.198801,-0.210537,-0.155831,-0.169353,0.003406,0.00076
0,-0.246161,0.146992,-0.055888,0.086731,-0.030914,0.066874,0.004296,0.002565
0,-0.043829,0.260704,0.192414,0.106059,0.180249,0.113817,0.000765,0.00455
0,-0.214821,0.0748,-0.179136,-0.178466,-0.18084,-0.213414,0.003749,0.001306
0,-0.192199,-0.013937,0.052537,-0.089008,0.034739,-0.07597,0.003354,0.000243
0,-0.01201,0.140941,0.156183,0.177468,0.175353,0.127745,0.00021,0.00246
0,-0.199973,-0.002211,-0.181835,-0.148115,-0.171722,-0.152521,0.00349,3.9e-05
0,-0.030444,0.065567,0.17062,0.059105,0.168087,0.038008,0.000531,0.001144
0,-0.09298,0.156183,-0.059325,0.114889,-0.102962,0.065588,0.001623,0.002726
0,-0.233327,0.102278,-0.145593,-0.076719,-0.136068,-0.112798,0.004072,0.001785
0,-0.025446,0.205407,0.221725,0.129191,0.218475,0.168704,0.000444,0.003585
0,-0.099864,0.114509,-0.047322,-0.074117,-0.052997,-0.045274,0.001743,0.001999
0,-0.007085,0.186852,0.107521,0.07824,0.142704,0.068504,0.000124,0.003261
0,-0.10961,-0.000864,-0.076105,-0.162029,-0.102457,-0.135183,0.001913,1.5e-05
0,0.069916,0.083835,0.200641,0.113927,0.235086,0.139779,0.00122,0.001463
0,-0.143585,0.086237,-0.233897,0.02123,-0.199879,0.023974,0.002506,0.001505
0,-0.174434,0.003582,-0.03619,-0.077396,-0.049352,-0.121208,0.003044,6.3e-05
0,2.051918,0.103415,2.211913,0.123573,2.172482,0.078588,0.000459,0.001805
0,2.514852,-0.087659,0.453792,-0.173367,0.481764,-0.15679,0.004469,0.00153
0,3.597753,0.069543,1.10651,0.172951,1.099508,0.179988,0.00234,0.001214
0,3.970323,-0.102576,0.362649,-0.152366,0.357851,-0.114134,0.003248,0.00179
0,3.360661,-0.153297,-0.614191,-0.044172,-0.566723,-0.016765,0.001798,0.002676
0,2.354427,0.031032,-1.026209,0.179332,-0.992476,0.197008,0.004821,0.000542
0,2.103673,-0.229377,-0.23712,-0.236243,-0.230286,-0.200254,0.000445,0.004003
0,1.396451,-0.224155,-0.719885,0.031113,-0.687307,0.070407,0.000192,0.003912
0,1.090887,-0.005758,-0.316351,0.229566,-0.314733,0.199837,0.005141,0.0001
0,0.882995,-0.145163,-0.203854,-0.160926,-0.186912,-0.132383,0.003321,0.002534
0,0.623694,-0.181273,-0.265676,-0.045586,-0.220992,-0.09399,0.001205,0.003164
0,0.458184,-0.080525,-0.185754,0.101637,-0.162603,0.058015,0.004094,0.001405
0,0.313168,-0.275925,-0.170177,-0.211224,-0.136117,-0.238584,0.005466,0.004816
0,0.138943,-0.223419,-0.18338,0.074121,-0.1904,0.095525,0.002425,0.003899
0,0.132665,-0.083675,-0.016319,0.138138,-0.001551,0.121096,0.002315,0.00146
0,-0.145151,-0.076632,-0.261747,0.003085,-0.221841,-0.021972,0.002533,0.001337
0,-0.053388,-0.146356,0.088266,-0.075108,0.128022,-0.043754,0.000932,0.002554
0,-0.192317,0.002976,-0.145004,0.178186,-0.133752,0.150593,0.003357,5.2e-05
0,-0.073311,-0.20379,0.11614,-0.217315,0.068662,-0.175781,0.00128,0.003557
0,-0.144005,-0.199121,-0.088371,-0.000921,-0.075623,0.028824,0.002513,0.003475
0,-0.110659,-0.065908,0.057602,0.160036,0.040888,0.121252,0.001931,0.00115
0,0.020262,-0.016021,0.129861,0.049347,0.118062,0.056203,0.000354,0.00028
0,-0.035804,-0.120546,-0.043133,-0.128697,-0.007376,-0.098294,0.000625,0.002104
0,-0.03263,-0.063994,0.014637,0.036288,-0.032306,0.02233,0.00057,0.001117
0,-0.020911,-0.278991,0.018732,-0.220747,0.018421,-0.189409,0.000365,0.004869
0,-0.102589,-0.065033,-0.09901,0.193217,-0.131091,0.160319,0.001791,0.001135
0,-0.179016,-0.109193,-0.086928,-0.069698,-0.131293,-0.094975,0.003124,0.001906
0,-0.239211,-0.009501,-0.074122,0.115604,-0.114386,0.07356,0.004175,0.000166
0,-0.021079,-0.120166,0.222937,-0.132057,0.237481,-0.169856,0.000368,0.002097
0,-0.14565,-0.033628,-0.146806,0.111373,-0.145668,0.094114,0.002542,0.000587
0,-0.018732,-0.107241,0.121454,-0.079592,0.078552,-0.061071,0.000327,0.001872
0,-0.246585,0.010372,-0.219963,0.127267,-0.211728,0.113339,0.004304,0.000181
0,-0.18113,0.011179,0.049306,0.007943,0.064563,0.054896,0.003161,0.000195
0,-0.270555,-0.165265,-0.074731,-0.179075,-0.075346,-0.21346,0.004722,0.002884
0,-0.188197,-0.139368,0.083148,0.026447,0.105749,0.039136,0.003285,0.002432
0,0.007394,-0.044441,0.204727,0.095797,0.171466,0.142337,0.000129,0.000776
0,-0.262025,-0.140039,-0.267143,-0.083103,-0.272696,-0.107399,0.004573,0.002444
0,-0.077322,-0.190602,0.157135,-0.036322,0.201463,-0.078781,0.00135,0.003327
0,-0.02477,-0.034543,0.08115,0.158695,0.085207,0.118554,0.000432,0.000603
0,0.051541,-0.10402,0.092955,-0.047656,0.108966,-0.041493,0.0009,0.001815
0,-0.198407,-0.254209,-0.235097,-0.135256,-0.276,-0.135154,0.003463,0.004437
0,0.119423,-0.000804,0.33263,0.234495,0.301057,0.210238,0.002084,1.4e-05
0,-0.180182,-0.108966,-0.281591,-0.101856,-0.27761,-0.129399,0.003145,0.001902
0,0.047357,-0.012775,0.210398,0.117913,0.233879,0.114943,0.000827,0.000223
0,-0.216527,-0.173497,-0.272371,-0.144134,-0.253611,-0.193404,0.003779,0.003028
0,-0.099668,-0.196733,0.138496,-0.001449,0.099693,0.015607,0.00174,0.003434
0,-0.140467,-0.218859,-0.044574,-0.023455,-0.063768,-0.015047,0.002452,0.00382
0,-0.03627,-0.132296,0.114786,0.102524,0.064938,0.071823,0.000633,0.002309
0,-0.127619,-0.039578,-0.078438,0.112086,-0.087229,0.096985,0.002227,0.000691
0,-0.123317,-0.155614,0.007083,-0.126823,-0.026811,-0.154168,0.002152,0.002716
0,0.060915,-0.013769,0.193702,0.114032,0.165301,0.076904,0.001063,0.00024
0,-0.198684,-0.050192,-0.272393,-0.057748,-0.300497,-0.076477,0.003468,0.000876
0,-0.04877,-0.134408,0.16314,-0.067627,0.202423,-0.027033,0.000851,0.002346
0,-0.066604,-0.056844,-0.035536,0.088158,0.013378,0.073664,0.001162,0.000992
0,-0.033508,-0.037228,0.017583,0.035504,-0.004304,0.039723,0.000585,0.00065
0,-0.026383,-0.056195,-0.0131,-0.000432,-0.049677,0.02142,0.00046,0.000981
0,-0.165979,-0.04608,-0.13026,-0.00526,-0.103283,0.013119,0.002897,0.000804
0,-0.020987,-0.19731,0.17269,-0.162113,0.166943,-0.162368,0.000366,0.003444
0,-0.081618,-0.063628,-0.049044,0.127466,-0.003026,0.17672,0.001425,0.001111
0,-0.095578,-0.113821,-0.033585,-0.041926,-0.029299,-0.034843,0.001668,0.001987
0,-0.239711,0.011637,-0.163124,0.139473,-0.120433,0.158239,0.004184,0.000203
0,-0.047188,-0.114887,0.184157,-0.144563,0.182213,-0.14502,0.000824,0.002005
0,-0.221023,-0.119506,-0.199428,0.012031,-0.219119,-0.029861,0.003858,0.002086
0,-0.227139,-0.098779,-0.030992,0.040906,-0.032938,0.082807,0.003964,0.001724
0,-0.140047,-0.130791,0.097852,-0.045873,0.086911,-0.047112,0.002444,0.002283
0,-0.076699,-0.087398,0.09274,0.056569,0.055306,0.074261,0.001339,0.001525
0,-0.212762,0.109818,-0.117043,0.182518,-0.161947,0.192179,0.003713,0.001917
0,-0.140109,0.061806,0.091391,-0.036993,0.118309,-0.053528,0.002445,0.001079
0,0.06181,0.000478,0.186677,-0.050505,0.204226,-0.040382,0.001079,8e-06
0,-0.113443,0.085361,-0.156474,0.079277,-0.107382,0.057249,0.00198,0.00149
0,-0.183782,0.028809,-0.088772,-0.02664,-0.090624,-0.019914,0.003208,0.000503
0,0.064385,0.158807,0.269648,0.12311,0.249185,0.087578,0.001124,0.002772
0,-0.096738,-0.100348,-0.15511,-0.239983,-0.175607,-0.239382,0.001688,0.001751
0,-0.095195,-0.054825,-0.015992,0.060815,-0.029473,0.082478,0.001661,0.000957
0,-0.017611,-0.060374,0.077381,-0.031484,0.070558,-0.018997,0.000307,0.001054
0,-0.192482,0.012424,-0.161172,0.083915,-0.178418,0.039491,0.003359,0.000217
0,-0.125059,0.083778,0.059899,0.0604,0.012309,0.021022,0.002183,0.001462
0,-0.046633,-0.081475,0.092895,-0.192807,0.128648,-0.23776,0.000814,0.001422
0,-0.195944,0.024677,-0.164997,0.093486,-0.135206,0.066611,0.00342,0.000431
0,-0.117442,0.028834,0.070346,0.00339,0.085675,0.037521,0.00205,0.000503
0,-0.096649,0.13264,-0.002645,0.112858,-0.011359,0.119852,0.001687,0.002315
0,0.132186,0.186635,0.226951,0.027704,0.190133,0.072821,0.002307,0.003257
0,-0.019486,0.160316,-0.132232,-0.036796,-0.102239,-0.022915,0.00034,0.002798
0,0.080159,0.025397,0.071888,-0.107108,0.106584,-0.111731,0.001399,0.000443
0,0.02054,0.120187,-0.074479,0.110622,-0.048231,0.082543,0.000358,0.002098
0,-0.083406,0.170776,-0.080682,0.058963,-0.046936,0.016468,0.001456,0.002981
0,0.00203,0.05402,0.075239,-0.133093,0.065762,-0.112715,3.5e-05,0.000943
0,-0.052502,0.074832,-0.063251,0.035148,-0.090571,0.018091,0.000916,0.001306
0,0.122254,-0.006803,0.195707,-0.085118,0.179133,-0.065661,0.002134,0.000119
0,-0.157868,0.032426,-0.291614,0.060391,-0.243823,0.083989,0.002755,0.000566
0,0.124428,0.020584,0.26636,0.002703,0.221772,-0.029127,0.002172,0.000359
0,0.047294,-0.128908,-0.103358,-0.155722,-0.10501,-0.143105,0.000825,0.00225
0,-0.000726,-0.00538,-0.072247,0.151378,-0.089829,0.143008,1.3e-05,9.4e-05
0,0.015531,0.138646,0.031448,0.136446,0.049663,0.13036,0.000271,0.00242
0,-0.139429,0.099069,-0.151241,-0.047828,-0.16292,-0.075465,0.002433,0.001729
0,-0.157652,0.037639,-0.039265,-0.08314,0.007831,-0.094623,0.002752,0.000657
0,-0.037892,0.118324,0.133456,0.083359,0.147041,0.063604,0.000661,0.002065
0,-0.112515,-0.014186,-0.057614,-0.153928,-0.051096,-0.172818,0.001964,0.000248
0,-3.045279,-0.563987,-2.906992,-0.560172,-2.941435,-0.559652,0.004788,0.002247
0,-3.401208,-0.838619,-0.350517,-0.279725,-0.380696,-0.230739,0.00109,0.002546
0,-3.149464,-0.959559,0.268987,-0.113692,0.224736,-0.111647,0.005484,0.004657
0,-2.90322,-1.04277,0.238303,-0.09544,0.216938,-0.129748,0.002309,0.005981
0,-2.992069,-0.990646,-0.080118,0.024442,-0.108166,-0.005196,0.00386,0.0052
0,-2.287332,-0.689054,0.705888,0.285328,0.740051,0.266921,0.00365,6.4e-05
0,-1.668202,-0.757045,0.623855,-0.076654,0.620602,-0.071495,0.004935,0.001122
0,-1.138166,-0.41803,0.558674,0.312047,0.531074,0.290572,0.004316,0.004794
0,-0.988095,-0.235416,0.159873,0.157224,0.157208,0.1163,0.005155,0.004109
0,-0.739505,0.112872,0.25689,0.363068,0.23345,0.343325,0.000816,0.00197
0,-0.494004,0.076253,0.224076,-0.0389,0.263972,-0.063791,0.003468,0.001331
0,-0.246476,0.011697,0.241503,-0.056351,0.245143,-0.025663,0.004302,0.000204
0,-0.118503,0.122994,0.105215,0.102855,0.061384,0.08345,0.002068,0.002147
0,0.222021,0.169188,0.343204,0.023603,0.384003,0.02342,0.003875,0.002953
0,0.533899,0.208655,0.324334,0.059887,0.365109,0.014356,0.002772,0.003642
0,0.584926,0.001266,0.029354,-0.182823,0.027092,-0.19033,0.001882,2.2e-05
0,0.444667,0.250425,-0.114573,0.257582,-0.078709,0.28481,0.00433,0.004371
0,0.286834,0.06668,-0.13075,-0.155014,-0.15162,-0.177486,0.005006,0.001164
0,0.325422,0.230331,0.048609,0.152822,0.092121,0.120625,0.00568,0.00402
0,0.248143,0.201157,-0.10007,-0.044204,-0.078929,-0.047479,0.004331,0.003511
0,0.138532,0.23328,-0.110064,0.057347,-0.129118,0.083972,0.002418,0.004072
0,0.086832,0.251222,-0.044206,0.036634,-0.070925,0.064875,0.001516,0.004385
0,0.140054,0.16049,0.070211,-0.106652,0.11902,-0.149995,0.002444,0.002801
0,-0.052682,0.226589,-0.179572,0.053387,-0.199851,0.006553,0.000919,0.003955
0,0.043239,0.175373,0.12331,-0.057353,0.167642,-0.105813,0.000755,0.003061
0,0.199979,0.264556,0.161502,0.118876,0.20186,0.127463,0.00349,0.004617
0,0.22681,0.208742,0.049482,-0.05525,0.058874,-0.085801,0.003959,0.003643
0,0.071318,-0.054071,-0.144164,-0.258599,-0.118197,-0.256399,0.001245,0.000944
0,0.157941,-0.044695,0.058141,0.0134,0.085443,0.021666,0.002757,0.00078
0,0.167878,0.085738,0.020747,0.140404,-0.025613,0.130447,0.00293,0.001496
0,0.027577,0.242195,-0.145678,0.136418,-0.115171,0.131028,0.000481,0.004227
0,0.237088,-0.0301,0.208449,-0.255578,0.196799,-0.247169,0.004138,0.000525
0,0.261531,0.151837,-0.000171,0.194981,-0.039878,0.170327,0.004565,0.00265
0,-0.04454,-0.009907,-0.282879,-0.183969,-0.256293,-0.201585,0.000777,0.000173
0,-0.089662,0.131902,-0.050884,0.163971,-0.066618,0.127298,0.001565,0.002302
0,0.122011,-0.067394,0.195515,-0.172786,0.167408,-0.220461,0.002129,0.001176
0,-0.073142,0.062148,-0.170428,0.110421,-0.192748,0.060824,0.001277,0.001085
0,0.057785,-0.058271,0.160355,-0.132263,0.195724,-0.113134,0.001009,0.001017
0,0.064499,0.163621,-0.00194,0.199178,0.037095,0.193764,0.001126,0.002856
0,0.126526,0.131974,0.091035,-0.048267,0.120689,-0.049217,0.002208,0.002303
0,0.244355,-0.057532,0.142381,-0.171648,0.192021,-0.189697,0.004265,0.001004
0,0.133146,0.131143,-0.138604,0.168967,-0.17494,0.169371,0.002324,0.002289
0,0.12702,-0.024811,-0.003186,-0.146634,0.026491,-0.196293,0.002217,0.000433
0,0.090156,-0.085674,-0.058705,-0.082311,-0.039174,-0.045543,0.001574,0.001495
0,-0.112122,-0.12444,-0.182943,-0.027825,-0.205976,0.010656,0.001957,0.002172
0,0.098523,-0.046765,0.216092,0.101719,0.202049,0.082018,0.00172,0.000816
0,-0.000557,-0.109797,-0.108318,-0.073609,-0.104282,-0.036251,1e-05,0.001916
0,0.141853,0.05231,0.163156,0.181164,0.138355,0.218024,0.002476,0.000913
0,0.008432,0.123142,-0.118913,0.065585,-0.112293,0.063211,0.000147,0.002149
0,-0.065492,0.023328,-0.0571,-0.112423,-0.078088,-0.07928,0.001143,0.000407
0,0.09923,-0.013893,0.178096,-0.06216,0.186359,-0.108763,0.001732,0.000242
0,0.053178,0.011564,-0.040808,0.031917,-0.063384,-0.001052,0.000928,0.000202
0,-0.122454,-0.079398,-0.159224,-0.104975,-0.192428,-0.096156,0.002137,0.001386
0,-0.023269,0.12719,0.110843,0.221755,0.089671,0.182677,0.000406,0.00222
0,0.045448,-0.099871,0.065066,-0.203591,0.096865,-0.171485,0.000793,0.001743
0,0.02995,0.153048,-0.002616,0.235581,0.002599,0.19479,0.000523,0.002671
0,0.015244,-0.116483,-0.032259,-0.286285,-0.080196,-0.25376,0.000266,0.002033
0,0.061451,0.118784,0.042374,0.254596,-0.006272,0.271818,0.001073,0.002073
0,-0.002057,-0.149149,-0.047514,-0.281885,-0.068551,-0.265108,3.6e-05,0.002603
0,0.018323,0.031512,0.033354,0.167709,0.031488,0.158049,0.00032,0.00055
0,-0.827997,-0.257159,-0.860681,-0.266719,-0.844818,-0.2938,0.002361,0.004488
0,-2.943929,-0.552416,-2.087215,-0.313534,-2.037297,-0.282926,0.003019,0.002449
0,-5.066784,-0.464243,-2.127128,0.077727,-2.084606,0.095926,0.003799,0.003988
0,-4.836743,-0.570657,0.233876,-0.135937,0.283704,-0.114764,0.000216,0.002131
0,-3.842576,-0.413253,1.017907,0.128462,1.025335,0.107409,0.005477,0.004878
0,-2.678627,-0.341762,1.174939,0.044015,1.125722,0.063541,0.001611,0.005965
0,-1.901548,-0.30201,0.790128,0.024921,0.836443,0.011624,0.003083,0.005271
0,-1.534273,-0.352048,0.378983,-0.054408,0.346144,-0.078323,0.002597,0.005946
0,-0.897434,-0.462483,0.618547,-0.121915,0.582859,-0.091369,0.003573,0.004019
0,-0.419665,-0.091763,0.474677,0.352929,0.454398,0.318372,0.004766,0.001602
0,-0.14847,-0.090147,0.262637,-0.026633,0.256853,-0.068671,0.002591,0.001573
0,-0.142794,0.007704,-0.02128,0.07046,-0.051828,0.038347,0.002492,0.000134
0,-0.162772,-0.063188,0.006066,-0.100395,-0.043647,-0.056015,0.002841,0.001103
0,-0.030187,0.144217,0.130341,0.184787,0.138774,0.163662,0.000527,0.002517
0,-0.117312,-0.035273,-0.088251,-0.153451,-0.092767,-0.154745,0.002047,0.000616
0,-0.23512,-0.074442,-0.144672,-0.018446,-0.141175,-0.053522,0.004104,0.001299
0,-0.048623,-0.022797,0.199331,0.068182,0.242469,0.096967,0.000849,0.000398
0,-0.177909,0.098282,-0.113136,0.13976,-0.097335,0.109151,0.003105,0.001715
0,-0.170788,-0.095645,0.004716,-0.18239,0.032116,-0.158418,0.002981,0.001669
0,-0.246607,0.082281,-0.066755,0.180874,-0.034057,0.133979,0.004304,0.001436
0,-0.185013,-0.045141,0.056183,-0.130485,0.056296,-0.117193,0.003229,0.000788
0,-0.009021,0.094469,0.200647,0.163875,0.229924,0.129394,0.000157,0.001649
0,-0.081504,0.041888,-0.069436,-0.076542,-0.069888,-0.049367,0.001423,0.000731
0,-0.242959,-0.066552,-0.189669,-0.079951,-0.185353,-0.033118,0.00424,0.001162
0,-0.11742,-0.021967,0.118816,0.044712,0.118523,0.066978,0.002049,0.000383
0,-0.107615,0.038519,0.013011,0.063851,0.060274,0.024127,0.001878,0.000672
0,-0.083942,0.137889,-0.000734,0.093426,0.007423,0.070607,0.001465,0.002407
0,-0.075929,-0.064966,-0.005346,-0.224948,0.013544,-0.24234,0.001325,0.001134
0,-0.166748,0.117755,-0.087526,0.157807,-0.06138,0.143844,0.00291,0.002055
0,-0.238711,0.156394,-0.077306,0.055829,-0.082568,0.057638,0.004166,0.00273
0,-0.281941,-0.07145,-0.035657,-0.238283,-0.037556,-0.281363,0.004921,0.001247
0,-0.090196,-0.023685,0.169044,0.051486,0.141356,0.075181,0.001574,0.000413
0,-0.136737,0.000846,-0.056837,0.052448,-0.092072,0.021722,0.002387,1.5e-05
0,-0.27787,0.082309,-0.153503,0.075612,-0.185283,0.104445,0.00485,0.001437
0,-0.155309,0.162601,0.094565,0.082865,0.10061,0.068737,0.002711,0.002838
0,-0.118854,0.068877,0.028745,-0.110012,0.03748,-0.081683,0.002074,0.001202
0,0.065869,0.108923,0.197855,0.030761,0.173921,-0.015097,0.00115,0.001901
0,-0.087206,0.101474,-0.175381,-0.02637,-0.210865,-0.034874,0.001522,0.001771
0,-0.226006,0.124065,-0.141229,0.031816,-0.162736,0.081168,0.003945,0.002165
0,-0.013982,-0.040235,0.200768,-0.142953,0.2302,-0.191784,0.000244,0.000702
0,-0.076706,-0.06833,-0.071571,-0.009374,-0.106782,-0.021912,0.001339,0.001193
0,-0.140967,0.157956,-0.037788,0.231468,-0.018289,0.19478,0.00246,0.002757
0,-0.125983,-0.139486,0.018149,-0.287354,-0.02719,-0.244417,0.002199,0.002434
0,0.001499,-0.00303,0.114628,0.12921,0.066288,0.144204,2.6e-05,5.3e-05
0,-0.087934,-0.001445,-0.076218,-0.028163,-0.031922,-0.001059,0.001535,2.5e-05
0,-0.187456,-0.156389,-0.091912,-0.167656,-0.118285,-0.201227,0.003272,0.00273
0,-0.152814,-0.11799,0.01733,0.025589,-0.005416,-0.006399,0.002667,0.002059
0,0.002941,-0.154413,0.137335,-0.023342,0.150747,-0.039814,5.1e-05,0.002695
0,-0.056126,0.023627,-0.050255,0.194785,-0.001229,0.222251,0.00098,0.000412
0,-0.046743,0.065582,0.016248,0.039059,0.011089,0.006388,0.000816,0.001145
0,0.029216,0.145047,0.077563,0.096778,0.059167,0.099262,0.00051,0.002532
0,-0.122206,-0.03715,-0.174642,-0.169846,-0.186814,-0.181586,0.002133,0.000648
0,-0.17433,-2.7e-05,-0.037616,0.034695,0.001183,-0.010737,0.003043,0.0
0,-0.054688,-0.066713,0.114556,-0.06468,0.147762,-0.050879,0.000954,0.001164
0,-0.077399,0.142359,-0.013573,0.203289,-0.031198,0.168277,0.001351,0.002485
0,-0.143022,-0.107219,-0.078246,-0.247078,-0.082373,-0.226133,0.002496,0.001871
0,-0.045802,0.166121,0.118421,0.295669,0.102474,0.291597,0.000799,0.002899
0,0.037071,-0.019475,0.09008,-0.195099,0.121869,-0.240397,0.000647,0.00034
0,0.069108,0.104729,0.011705,0.145831,0.061055,0.168817,0.001206,0.001828
0,-0.000168,0.029756,-0.056739,-0.067684,-0.028091,-0.088363,3e-06,0.000519
0,0.085538,0.060982,0.079392,0.039304,0.07628,0.060494,0.001493,0.001064
0,-0.005655,0.052384,-0.120262,-0.007083,-0.110928,0.032015,9.9e-05,0.000914
0,-0.141199,-0.07993,-0.146046,-0.111226,-0.123533,-0.082736,0.002464,0.001395
0,-0.071705,0.050075,0.055088,0.101704,0.06813,0.075884,0.001251,0.000874
0,-0.050972,0.145284,0.025063,0.115142,0.053988,0.11415,0.00089,0.002536
0,0.156778,-0.103282,0.189754,-0.265599,0.175179,-0.310691,0.002736,0.001803
0,-0.06624,0.089176,-0.245261,0.171759,-0.284819,0.180623,0.001156,0.001556
0,0.22779,-0.054687,0.273578,-0.168885,0.240668,-0.180043,0.003976,0.000954
0,-0.020688,0.011888,-0.245677,0.089435,-0.267358,0.112917,0.000361,0.000207
0,0.075468,-0.163187,0.095509,-0.147177,0.099894,-0.133895,0.001317,0.002848
0,0.158167,-0.135259,0.057437,0.043923,0.075697,0.085105,0.002761,0.002361
0,0.127079,-0.118024,-0.054171,-0.001003,-0.023121,0.020939,0.002218,0.00206
0,-0.049995,-0.157695,-0.157896,-0.017519,-0.180519,-0.021598,0.000873,0.002752
0,0.174469,-0.146263,0.23179,0.028677,0.229604,-0.005923,0.003045,0.002553
0,0.009626,-0.080434,-0.193308,0.066346,-0.202587,0.035605,0.000168,0.001404
0,0.131502,0.024495,0.095349,0.127911,0.142439,0.097351,0.002295,0.000428
0,-0.075484,0.001914,-0.234094,-0.007743,-0.213114,-0.019705,0.001317,3.3e-05
0,0.048004,0.00094,0.146793,-0.012727,0.143349,0.035937,0.000838,1.6e-05
0,-0.053911,0.077269,-0.094187,0.055572,-0.143541,0.099512,0.000941,0.001349
0,-0.022514,0.070694,0.021471,0.000978,0.064779,-0.04504,0.000393,0.001234
0,-0.049542,-0.185849,-0.035387,-0.250105,-0.055272,-0.263231,0.000865,0.003244
0,0.100281,-0.076452,0.173302,0.125342,0.168475,0.129396,0.00175,0.001334
0,0.090191,-0.186947,-0.003517,-0.129257,-0.008911,-0.153572,0.001574,0.003263
0,0.158032,0.036577,0.056328,0.219392,0.022782,0.20212,0.002758,0.000638
0,-0.082926,-0.169771,-0.262175,-0.204799,-0.230876,-0.235957,0.001447,0.002963
0,0.011774,0.026391,0.068057,0.21624,0.093893,0.228716,0.000206,0.000461
0,0.090423,-0.168306,0.05132,-0.186112,0.017786,-0.234044,0.001578,0.002937
0,-0.100239,0.034588,-0.214647,0.221516,-0.221167,0.267674,0.001749,0.000604
0,0.024031,-0.135742,0.097411,-0.154671,0.065116,-0.15138,0.000419,0.002369
0,0.168379,-0.049064,0.160321,0.114557,0.153916,0.075276,0.002939,0.000856
0,0.126238,0.147086,-0.065946,0.215963,-0.086375,0.181658,0.002203,0.002567
0,0.017714,0.06708,-0.130479,-0.078201,-0.158518,-0.101819,0.000309,0.001171
0,0.052278,0.129706,0.038753,0.054296,0.021479,0.028673,0.000912,0.002264
0,0.143108,-0.055979,0.09101,-0.171455,0.126603,-0.123903,0.002498,0.000977
0,0.094036,-0.090096,-0.061292,-0.030225,-0.09311,0.018912,0.001641,0.001572
0,0.020411,0.165956,-0.082201,0.259404,-0.060632,0.276172,0.000356,0.002896
0,-0.005824,0.200293,-0.019575,0.027964,0.002059,0.042249,0.000102,0.003496
0,-0.003277,0.131615,-0.015882,-0.091076,-0.060844,-0.101782,5.7e-05,0.002297
0,0.104679,0.15892,0.129531,0.021135,0.171227,0.029946,0.001827,0.002774
0,-0.004593,0.15621,-0.109468,0.021776,-0.084162,0.05627,8e-05,0.002726
0,-0.107995,0.154204,-0.081258,-0.028966,-0.034727,-0.066901,0.001885,0.002691
0,0.062156,0.115077,0.14756,-0.050183,0.149104,-0.030735,0.001085,0.002008
0,-0.010889,-0.046474,-0.082669,-0.153746,-0.113196,-0.107077,0.00019,0.000811
0,-0.196457,-0.095407,-0.214819,-0.04613,-0.263824,-0.027867,0.003429,0.001665
0,-0.046288,-0.059718,0.12346,0.043365,0.142749,0.042645,0.000808,0.001042
0,0.053343,0.17307,0.101923,0.2181,0.14726,0.219788,0.000931,0.003021
0,-0.199363,0.014331,-0.265308,-0.13803,-0.262191,-0.117334,0.00348,0.00025
0,-0.144039,0.0914,0.043099,0.06716,0.043056,0.032909,0.002514,0.001595
0,-0.051507,0.007551,0.109453,-0.081434,0.070831,-0.090938,0.000899,0.000132
0,-0.040666,0.101867,0.025768,0.094276,0.012127,0.142711,0.00071,0.001778
0,-0.03257,-0.131662,0.028908,-0.241016,-0.00546,-0.226244,0.000568,0.002298
0,-0.124318,0.139693,-0.062854,0.285087,-0.10691,0.331719,0.00217,0.002438
0,-0.075889,-0.029509,0.055527,-0.19176,0.060365,-0.197083,0.001325,0.000515
0,-0.276782,0.080074,-0.177987,0.126376,-0.208787,0.098612,0.004831,0.001398
0,-0.121625,-0.11194,0.134227,-0.216546,0.16735,-0.189926,0.002123,0.001954
0,-0.070642,0.096649,0.0726,0.224626,0.058924,0.204483,0.001233,0.001687
0,-0.16438,0.074753,-0.068803,-0.031468,-0.048702,-0.062063,0.002869,0.001305
0,-0.131535,0.157028,0.050987,0.07658,0.014101,0.05803,0.002296,0.002741
0,-0.216413,0.031389,-0.08496,-0.147418,-0.13059,-0.124589,0.003777,0.000548
0,-0.113422,-0.062135,0.107614,-0.067178,0.075596,-0.085765,0.00198,0.001084
0,-0.024545,-0.074964,0.105115,0.001196,0.147348,0.018788,0.000428,0.001308
0,-0.198288,-0.021095,-0.200339,0.061784,-0.243373,0.111188,0.003461,0.000368
0,-0.127843,-0.073129,0.092525,-0.055997,0.11109,-0.102411,0.002231,0.001276
0,-0.010728,-0.04492,0.141166,0.056639,0.117483,0.085491,0.000187,0.000784
0,-0.031857,-0.000696,-0.015853,0.049716,-0.010785,0.076192,0.000556,1.2e-05
0,-0.170141,-0.036977,-0.162432,-0.051154,-0.138923,-0.023197,0.00297,0.000645
0,-0.176156,-0.002249,-0.02941,0.046712,-0.037987,0.09592,0.003074,3.9e-05
0,-0.15383,0.175665,0.039412,0.172645,0.06112,0.221687,0.002685,0.003066
0,-0.132592,0.131124,0.038769,-0.069685,0.009044,-0.0228,0.002314,0.002289
0,-0.067783,0.021178,0.091409,-0.138632,0.13755,-0.12687,0.001183,0.00037
0,-0.179988,0.092516,-0.09992,0.096069,-0.056434,0.08682,0.003141,0.001615
0,4.170484,-0.932433,4.326809,-1.025832,4.3221,-1.020392,0.000246,0.004184
0,6.245281,-2.569838,2.089316,-1.661721,2.087717,-1.616721,0.000186,0.00351
0,5.881019,-2.431062,-0.362933,0.168343,-0.326998,0.169407,0.005919,0.005932
0,4.301001,-2.248694,-1.553545,0.182942,-1.540982,0.187467,0.002524,0.002976
0,3.103525,-1.903436,-1.207798,0.32983,-1.166869,0.336209,0.005805,0.00305
0,2.132045,-1.109139,-0.992192,0.806668,-1.028579,0.836899,0.00094,0.004823
0,1.586806,-0.980034,-0.516879,0.142774,-0.555009,0.100506,0.003514,0.005014
0,0.882229,-0.374624,-0.714096,0.631894,-0.708711,0.601788,0.003307,0.005552
0,0.634392,-0.257756,-0.251228,0.104997,-0.287845,0.132645,0.001018,0.004499
0,0.289912,-0.048305,-0.349241,0.2098,-0.39671,0.238415,0.00506,0.000843
0,-0.165164,0.104461,-0.44795,0.169706,-0.488363,0.144423,0.002883,0.001823
0,-0.332459,0.05053,-0.182496,-0.036628,-0.188823,-0.002274,0.005803,0.000882
0,-0.414615,0.259353,-0.081595,0.179423,-0.088596,0.145104,0.004854,0.004527
0,-0.331665,0.364672,0.103563,0.076064,0.150204,0.087521,0.005789,0.005726
0,-0.298904,0.256327,0.050981,-0.124221,0.090466,-0.083415,0.005217,0.004474
0,-0.308093,0.041417,0.002954,-0.221789,-0.001695,-0.233395,0.005377,0.000723
0,-0.212142,0.01582,0.074609,-0.050599,0.11766,-0.02656,0.003703,0.000276
0,-0.251975,0.192165,-0.014604,0.187489,-0.02108,0.165179,0.004398,0.003354
0,-0.287843,0.112655,-0.016416,-0.069392,-0.012941,-0.035521,0.005024,0.001966
0,-0.315013,0.135042,-0.044884,0.01097,-0.07123,0.028116,0.005498,0.002357
0,-0.217163,-0.016215,0.097983,-0.169124,0.130852,-0.137618,0.00379,0.000283
0,-0.578899,0.058806,-0.353136,0.098547,-0.376376,0.076386,0.001987,0.001026
0,-0.371466,-0.03677,0.212424,-0.068042,0.238116,-0.051592,0.005607,0.000642
0,-0.295909,-0.054192,0.070919,-0.011654,0.053497,0.032538,0.005165,0.000946
0,-0.039125,0.157556,0.263633,0.185822,0.276432,0.149774,0.000683,0.00275
0,-0.068844,0.156316,-0.017433,-0.020538,-0.058002,-0.02648,0.001202,0.002728
0,0.061011,0.229952,0.123879,0.059532,0.137994,0.083073,0.001065,0.004013
0,-0.127732,0.066921,-0.171098,-0.140219,-0.169695,-0.151967,0.002229,0.001168
0,-0.085071,0.154827,0.027673,0.06572,0.0098,0.072838,0.001485,0.002702
0,0.122735,0.178118,0.181036,0.020405,0.139494,0.037267,0.002142,0.003109
0,-0.008349,0.081444,-0.149374,-0.100074,-0.183673,-0.0836,0.000146,0.001421
0,0.113164,0.20329,0.105286,0.105654,0.12734,0.153609,0.001975,0.003548
0,0.035074,0.087707,-0.085466,-0.112328,-0.103431,-0.136056,0.000612,0.001531
0,-0.100563,-0.063215,-0.134784,-0.121731,-0.128904,-0.147706,0.001755,0.001103
0,-0.088797,0.079157,0.015908,0.160381,-0.02173,0.195297,0.00155,0.001382
0,-0.062033,0.179625,0.006198,0.103466,0.025418,0.131597,0.001083,0.003135
0,0.022413,-0.005384,0.062168,-0.201247,0.041933,-0.200339,0.000391,9.4e-05
0,-0.032751,-0.014246,-0.030585,-0.01869,-0.007061,0.031156,0.000572,0.000249
0,0.066253,-0.070087,0.087468,-0.027866,0.130632,-0.017305,0.001156,0.001223
0,-0.155274,-0.023782,-0.237137,0.053472,-0.19224,0.096301,0.00271,0.000415
0,0.088445,0.017398,0.260146,0.040679,0.27833,0.088589,0.001544,0.000304
0,-0.078265,0.105061,-0.137915,0.115795,-0.104078,0.111048,0.001366,0.001834
0,0.078593,-0.029614,0.149944,-0.15083,0.186819,-0.15093,0.001372,0.000517
0,-0.086234,0.023649,-0.151117,0.035328,-0.18049,0.06486,0.001505,0.000413
0,-0.02397,0.092785,0.079331,0.064981,0.076734,0.073243,0.000418,0.001619
0,-0.138055,0.104094,-0.124914,0.02259,-0.171095,0.066254,0.00241,0.001817
0,0.041068,-0.042394,0.199269,-0.145726,0.240463,-0.146051,0.000717,0.00074
0,-0.179108,0.190683,-0.19296,0.251261,-0.143665,0.22937,0.003126,0.003328
0,-0.103223,-0.008367,0.056786,-0.185229,0.064075,-0.205026,0.001802,0.000146
0,-0.011531,0.086368,0.087035,0.077296,0.097285,0.043557,0.000201,0.001507
0,-0.086793,0.154729,-0.095763,0.05834,-0.13074,0.105867,0.001515,0.002701
0,-0.184498,0.215353,-0.070207,0.048053,-0.065651,0.079133,0.00322,0.003759
0,-0.15484,0.120133,0.02593,-0.117548,0.00563,-0.070267,0.002702,0.002097
0,-0.248127,0.111389,-0.104847,0.019114,-0.07506,0.049921,0.004331,0.001944
0,-0.187811,0.087146,0.08827,-0.00513,0.053777,0.017122,0.003278,0.001521
0,-0.084787,0.149268,0.079834,0.054324,0.076423,0.046441,0.00148,0.002605
0,-0.048318,0.114848,0.010525,-0.058727,-0.006238,-0.089457,0.000843,0.002004
0,-0.247189,0.106486,-0.217474,0.014783,-0.225236,-0.002903,0.004314,0.001859
0,-0.12912,-0.075927,0.127119,-0.181384,0.088527,-0.18151,0.002254,0.001325
0,-0.044844,0.147518,0.064795,0.196584,0.110897,0.18964,0.000783,0.002575
0,-0.09381,0.156542,-0.04358,0.030367,-0.000892,0.028674,0.001637,0.002732
0,-0.062446,0.129466,0.046662,-0.028628,0.034501,-0.008555,0.00109,0.00226
0,-0.110727,0.079536,-0.030571,-0.040124,-0.073666,-0.023883,0.001933,0.001388
0,0.041908,-0.038201,0.144152,-0.115111,0.18964,-0.09985,0.000731,0.000667
0,0.232997,0.025784,0.171537,0.042773,0.137517,0.043514,0.004067,0.00045
0,0.223864,0.17068,-0.035596,0.174752,-0.033842,0.131577,0.003907,0.002979
0,0.07643,0.131569,-0.158558,-0.018314,-0.152916,-0.042681,0.001334,0.002296
0,0.221813,-0.051128,0.151798,-0.186622,0.103888,-0.138365,0.003871,0.000892
0,-0.008211,-0.026364,-0.212242,0.039616,-0.244409,-0.006781,0.000143,0.00046
0,0.090795,0.153508,0.092206,0.19075,0.128633,0.162309,0.001585,0.002679
0,-0.059804,0.118144,-0.173932,-0.011839,-0.220753,0.03417,0.001044,0.002062
0,0.015873,0.011806,0.050951,-0.113978,0.011379,-0.083804,0.000277,0.000206
0,0.08575,0.010921,0.072861,-0.011583,0.113447,-0.033401,0.001497,0.000191
0,0.15909,-0.091655,0.055775,-0.108391,0.032307,-0.14151,0.002777,0.0016
0,0.095047,0.040942,-0.034657,0.107958,-0.061963,0.105808,0.001659,0.000715
0,0.008036,0.161064,-0.059587,0.129413,-0.078464,0.087985,0.00014,0.002811
0,-0.213265,0.167083,-0.231717,-0.000645,-0.197511,0.020103,0.003722,0.002916
0,-0.086804,-0.031487,0.134138,-0.22509,0.097758,-0.25987,0.001515,0.00055
0,0.055624,0.103019,0.125984,0.158631,0.156181,0.152326,0.000971,0.001798
0,-0.098909,-0.036468,-0.175303,-0.163366,-0.138854,-0.185908,0.001726,0.000636
0,-0.112395,-0.133798,0.005944,-0.123388,0.03392,-0.127262,0.001962,0.002335
0,-0.096028,0.027139,-0.006116,0.188151,0.017914,0.138632,0.001676,0.000474
0,-0.254039,0.125304,-0.143717,0.094974,-0.115538,0.118694,0.004434,0.002187
0,-0.245312,-0.031951,-0.00362,-0.173674,-0.010429,-0.127289,0.004282,0.000558
0,0.054776,-0.075602,0.318243,-0.065691,0.317581,-0.030745,0.000956,0.001319
0,-0.191557,-0.083912,-0.265517,0.001677,-0.264833,0.033133,0.003343,0.001465
0,-0.1984,0.04121,-0.022693,0.142121,-0.010716,0.100884,0.003463,0.000719
0,-0.013999,0.040181,0.205164,0.000201,0.208367,-0.038237,0.000244,0.000701
0,-0.031849,-0.067768,-0.030814,-0.093911,0.018466,-0.094971,0.000556,0.001183
0,-0.264315,0.058152,-0.239891,0.137912,-0.261235,0.174718,0.004613,0.001015
0,-0.052731,-0.142885,0.210609,-0.203829,0.253731,-0.241191,0.00092,0.002494
0,-0.175929,0.063799,-0.140814,0.219384,-0.177739,0.217638,0.003071,0.001113
0,0.070112,-0.085586,0.233125,-0.121274,0.281018,-0.120647,0.001224,0.001494
0,-0.219598,-0.034982,-0.29851,0.034372,-0.249634,0.061495,0.003833,0.000611
0,-0.218418,-0.11816,-0.004144,-0.081055,-0.017742,-0.126557,0.003812,0.002062
0,-0.234854,-0.001276,-0.011161,0.098774,0.009202,0.053385,0.004099,2.2e-05
0,-0.243753,0.013132,0.009489,0.023612,0.034065,0.016228,0.004254,0.000229
0,-0.028328,0.062597,0.223077,0.034813,0.241853,0.030939,0.000494,0.001093
0,-0.242368,-0.175443,-0.203653,-0.267928,-0.223549,-0.314042,0.00423,0.003062
0,-0.216256,-0.104095,-0.002006,0.047421,-0.03527,0.08729,0.003774,0.001817
0,0.111526,-0.006737,0.345813,0.120555,0.351995,0.130466,0.001946,0.000118
0,-0.127632,0.048666,-0.253284,0.048716,-0.236063,0.080918,0.002228,0.000849
0,-0.213904,0.120391,-0.086664,0.053539,-0.076812,0.025206,0.003733,0.002101
0,-0.075091,-0.116711,0.14349,-0.211238,0.159672,-0.2214,0.001311,0.002037
0,-0.232288,0.138262,-0.148552,0.281531,-0.134111,0.257146,0.004054,0.002413
0,-0.014861,0.092308,0.236552,-0.072918,0.268897,-0.118554,0.000259,0.001611
0,-0.148604,0.108602,-0.152607,0.041346,-0.139556,0.080436,0.002594,0.001895
0,-0.144925,-0.096384,-0.008303,-0.186106,-0.034598,-0.139261,0.002529,0.001682
0,-0.077541,0.133861,0.096401,0.220138,0.144209,0.180451,0.001353,0.002336
0,-0.065293,0.070578,0.029699,-0.063321,0.051184,-0.067302,0.00114,0.001232
0,-0.096096,0.064626,-0.053202,0.019956,-0.037605,-0.020092,0.001677,0.001128
0,-0.030159,-0.103717,0.068603,-0.161183,0.097855,-0.13262,0.000526,0.00181
0,-0.116888,0.084086,-0.084914,0.170744,-0.130709,0.122873,0.00204,0.001468
0,-0.010103,-0.070955,0.098013,-0.150064,0.091591,-0.193296,0.000176,0.001238
0,0.017625,-0.130576,0.029046,-0.030425,0.013838,-0.020344,0.000308,0.002279
0,0.046792,0.001859,0.02485,0.162096,0.040548,0.192879,0.000817,3.2e-05
0,0.051275,-0.011638,-0.021776,0.014004,-0.043738,0.025557,0.000895,0.000203
0,-0.028244,-0.032622,-0.07216,-0.021355,-0.072519,-0.063681,0.000493,0.000569
0,-0.090046,0.040845,-0.04798,0.081883,-0.06809,0.094637,0.001572,0.000713
0,0.14928,-0.127398,0.20964,-0.179139,0.192221,-0.130889,0.002605,0.002224
0,-0.127852,-0.084659,-0.261695,0.049414,-0.228797,0.089319,0.002231,0.001478
0,-0.052772,0.070952,0.091492,0.166006,0.064282,0.209779,0.000921,0.001238
0,0.053383,0.073467,0.090871,0.001494,0.07964,0.001946,0.000932,0.001282
0,-0.039626,-0.042746,-0.116748,-0.111825,-0.070702,-0.089688,0.000692,0.000746
0,-0.047897,-0.104463,0.009724,-0.044994,-0.036864,-0.00033,0.000836,0.001823
0,-0.056263,0.022542,-0.032571,0.121507,-0.062918,0.152887,0.000982,0.000393
0,-0.157007,-0.079964,-0.101424,-0.080735,-0.147231,-0.100541,0.00274,0.001396
0,-0.079818,0.083062,0.073747,0.180911,0.071957,0.198596,0.001393,0.00145
0,-0.04302,0.012398,0.038324,-0.06973,0.006359,-0.078273,0.000751,0.000216
0,0.007834,0.003988,0.025513,-0.031965,0.064567,-0.071353,0.000137,7e-05
0,-0.129356,-0.066031,-0.119387,-0.061335,-0.084263,-0.10198,0.002258,0.001152
0,-0.084473,-0.084628,0.031324,-0.042776,0.002523,-0.049951,0.001474,0.001477
0,-0.081239,-0.063757,0.023142,0.034242,0.049786,0.008794,0.001418,0.001113
0,0.162112,0.058763,0.225761,0.146475,0.257171,0.14754,0.002829,0.001026
0,-0.042511,-0.079565,-0.223011,-0.164107,-0.203425,-0.165324,0.000742,0.001389
0,0.18084,0.160375,0.238497,0.236669,0.226975,0.19482,0.003156,0.002799
0,0.041027,0.195623,-0.143141,0.036622,-0.19257,0.010375,0.000716,0.003414
0,-0.114167,-0.057882,-0.164888,-0.233746,-0.155793,-0.271037,0.001993,0.00101
0,-0.13477,-0.108273,-0.024658,-0.062493,-0.022707,-0.030048,0.002352,0.00189
0,-0.116419,-0.046436,-0.011188,0.064256,-0.042657,0.084964,0.002032,0.00081
0,-0.095646,0.172593,0.002754,0.23258,0.00116,0.251988,0.001669,0.003012
0,-0.11063,0.116426,-0.030684,-0.02871,-0.051626,-0.032022,0.001931,0.002032
0,-0.04391,-0.115907,0.090857,-0.204384,0.138312,-0.215815,0.000766,0.002023
0,0.039249,0.034621,0.10108,0.12233,0.116635,0.113027,0.000685,0.000604
0,0.096907,-0.004747,0.05245,-0.041522,0.080177,0.006567,0.001691,8.3e-05
0,-0.020408,0.005565,-0.091489,-0.01373,-0.112145,0.009693,0.000356,9.7e-05
0,0.006591,0.043177,-0.001014,0.032397,0.015544,0.053078,0.000115,0.000754
0,0.070452,0.024715,0.045865,-0.008469,0.071272,-0.043056,0.00123,0.000431
0,0.00981,-0.037548,-0.053673,-0.037649,-0.042342,-0.057496,0.000171,0.000655
0,-0.193778,0.078569,-0.199072,0.127048,-0.182376,0.11361,0.003382,0.001371
0,-0.18341,-0.069532,0.025198,-0.154626,0.036601,-0.19812,0.003201,0.001214
0,-0.223793,-0.078512,-0.019639,0.017328,-0.039607,0.056413,0.003906,0.00137
0,0.034378,-0.016553,0.277198,0.085935,0.303267,0.048897,0.0006,0.000289
0,0.022976,0.075959,-0.0349,0.104927,-0.065597,0.069423,0.000401,0.001326
0,0.03102,0.008373,0.006177,-0.038802,0.025078,-0.037411,0.000541,0.000146
0,-0.166795,0.044394,-0.172654,0.014688,-0.124544,0.018645,0.002911,0.000775
0,-0.183751,-0.184054,-0.035499,-0.245996,0.014013,-0.227827,0.003207,0.003212
0,0.094118,0.06262,0.281268,0.219001,0.250158,0.171699,0.001643,0.001093
0,-0.155006,0.027996,-0.2634,-0.058031,-0.298179,-0.031768,0.002705,0.000489
0,0.004868,-0.038966,0.140782,-0.041815,0.134619,0.000943,8.5e-05,0.00068
0,-0.176495,0.083518,-0.184324,0.130033,-0.164889,0.166467,0.00308,0.001458
0,0.106279,-0.074058,0.256703,-0.179093,0.26238,-0.194953,0.001855,0.001293
0,-0.104712,-0.18452,-0.198353,-0.116849,-0.199514,-0.153122,0.001828,0.00322
0,-0.084231,0.108595,-0.005112,0.302989,-0.023307,0.300604,0.00147,0.001895
0,-0.019933,-0.011551,0.091477,-0.108743,0.071167,-0.144079,0.000348,0.000202
0,0.017829,0.045233,0.060507,0.084481,0.072147,0.072098,0.000311,0.000789
0,-0.205049,-0.107441,-0.228361,-0.125391,-0.220458,-0.143057,0.003579,0.001875
0,-0.070569,0.111882,0.14066,0.239062,0.187971,0.216436,0.001232,0.001953
0,-0.193521,-0.185065,-0.109921,-0.293876,-0.080017,-0.338162,0.003378,0.00323
0,0.017857,-0.166742,0.230504,0.041882,0.197273,0.074294,0.000312,0.00291
0,-0.131022,-0.079083,-0.161163,0.070132,-0.184827,0.101382,0.002287,0.00138
0,-0.211556,-0.118764,-0.081599,-0.014198,-0.082586,0.010011,0.003692,0.002073
0,-0.262952,-0.135471,-0.057543,-0.009339,-0.075738,0.035723,0.004589,0.002364
0,-0.229019,0.060786,0.052398,0.19133,0.071515,0.207157,0.003997,0.001061
0,-0.250929,0.04902,-0.009986,-0.028007,-0.048878,-0.011764,0.00438,0.000856
0,-0.107562,-0.092862,0.138482,-0.142185,0.168048,-0.10846,0.001877,0.001621
0,-0.106465,-0.077009,0.024106,-0.004955,0.029052,0.037736,0.001858,0.001344
0,-0.163972,0.163372,-0.054648,0.264971,-0.019222,0.307301,0.002862,0.002851
0,-0.190533,0.056568,-0.002048,-0.097732,0.039158,-0.055205,0.003325,0.000987
0,-0.301221,0.097808,-0.123478,0.013089,-0.126016,0.036784,0.005257,0.001707
0,-0.159396,0.112909,0.167383,0.001235,0.175797,0.041925,0.002782,0.001971
0,-0.190258,-0.089236,-0.03339,-0.188735,0.009972,-0.19245,0.003321,0.001557
0,-0.183699,-0.048667,-0.01725,0.034038,-0.013635,0.071096,0.003206,0.000849
0,-0.048848,-0.007126,0.120101,0.053158,0.128549,0.039489,0.000853,0.000124
0,-0.241323,0.077543,-0.186162,0.069245,-0.204829,0.10274,0.004212,0.001353
0,-0.16876,0.059788,0.101846,-0.010136,0.098383,0.017665,0.002945,0.001043
0,-0.084436,0.166705,0.093515,0.09486,0.054301,0.099897,0.001474,0.00291
0,-0.042312,0.129248,0.044508,-0.057527,0.034481,-0.021666,0.000738,0.002256
0,0.000895,0.020238,0.042812,-0.123743,0.00642,-0.140629,1.6e-05,0.000353
0,-0.162669,0.179139,-0.145348,0.137257,-0.194899,0.162927,0.002839,0.003127
0,-0.200997,-0.006839,-0.027687,-0.171117,-0.005769,-0.157691,0.003508,0.000119
0,-0.011528,-0.059562,0.196265,-0.072866,0.153344,-0.050301,0.000201,0.00104
0,-0.151669,-0.137629,-0.169963,-0.054851,-0.218173,-0.012252,0.002647,0.002402
0,-0.068348,-0.089109,0.072486,0.040122,0.038732,0.030965,0.001193,0.001555
0,0.049882,-0.009215,0.128347,0.081747,0.159793,0.059839,0.000871,0.000161
0,-0.02707,0.030121,-0.070892,0.067662,-0.054187,0.03165,0.000472,0.000526
0,0.101073,0.051182,0.121493,0.044124,0.090328,0.077744,0.001764,0.000893
0,0.04087,0.123061,-0.045083,0.094288,-0.072987,0.086006,0.000713,0.002148
0,0.083017,0.119793,0.030891,-0.027807,0.010423,-0.040054,0.001449,0.002091
0,0.104726,0.030203,0.044153,-0.090582,0.072592,-0.058627,0.001828,0.000527
0,-0.172431,0.127348,-0.304982,0.10858,-0.332003,0.086636,0.003009,0.002223
0,-0.031831,-0.090025,0.151591,-0.216293,0.152397,-0.216583,0.000556,0.001571
0,-0.104818,0.000852,-0.098944,0.087172,-0.063915,0.124817,0.001829,1.5e-05
0,-0.225809,0.000696,-0.096023,-0.023195,-0.059535,-0.059196,0.003941,1.2e-05
0,-0.174164,-0.035745,0.064329,-0.062383,0.025887,-0.047971,0.00304,0.000624
0,0.022632,0.124221,0.207608,0.158345,0.257417,0.129379,0.000395,0.002168
0,-0.023743,0.153201,-0.045656,0.007393,-0.021336,-0.013229,0.000414,0.002674
0,-0.241793,-0.142562,-0.193012,-0.303129,-0.170786,-0.255971,0.00422,0.002488
0,-0.086919,0.016939,0.151734,0.171292,0.113393,0.139948,0.001517,0.000296
0,-0.158117,0.082512,-0.090355,0.038065,-0.121878,0.023957,0.00276,0.00144
0,-0.154335,-0.017062,0.004197,-0.107761,0.024325,-0.151534,0.002694,0.000298
0,-0.0127,-0.052893,0.156963,-0.029225,0.181618,-0.059309,0.000222,0.000923
0,-0.019336,0.014271,0.016937,0.073386,0.041657,0.04811,0.000337,0.000249
0,-0.119334,-0.117295,-0.080159,-0.11072,-0.031138,-0.081057,0.002083,0.002047
0,-0.102447,0.097273,0.044796,0.19352,0.021765,0.20636,0.001788,0.001698
0,-0.042041,0.127128,0.064222,0.051738,0.07106,0.069826,0.000734,0.002219
0,-0.096018,-0.02889,-0.070015,-0.178126,-0.046993,-0.169689,0.001676,0.000504
0,-0.015741,-0.054513,0.083309,-0.024318,0.049583,-0.039024,0.000275,0.000951
0,-2.947098,1.245511,-2.957354,1.303103,-2.974769,1.295142,0.003075,0.002443
0,-3.776377,1.928497,-0.848817,0.705174,-0.824947,0.728238,0.005458,0.002613
0,-5.475289,1.99476,-1.716697,0.072618,-1.762841,0.04143,0.001162,0.001456
0,-5.377761,1.615872,0.095797,-0.406175,0.128075,-0.421557,0.002864,0.004021
0,-3.852064,1.328463,1.537896,-0.288194,1.48962,-0.282252,0.005312,0.000995
0,-2.818261,1.746914,1.023566,0.412382,0.98402,0.416554,0.000826,0.005782
0,-2.510679,1.884317,0.308248,0.163417,0.324558,0.115186,0.004542,0.003384
0,-1.32752,1.703466,1.207237,-0.160737,1.188995,-0.157443,0.001011,0.00555
0,-1.017821,1.632682,0.321494,-0.070029,0.273073,-0.058458,0.005674,0.004315
0,-0.507811,1.643506,0.482652,0.024912,0.474014,0.023589,0.003228,0.004504
0,-0.174152,1.2299,0.317824,-0.432817,0.314409,-0.434894,0.00304,0.002715
0,-0.105159,0.899324,0.093119,-0.327629,0.094283,-0.289534,0.001835,0.003606
0,0.122218,0.621655,0.24406,-0.281836,0.260052,-0.317836,0.002133,0.001241
0,0.075692,0.346909,-0.070697,-0.26956,-0.078165,-0.264268,0.001321,0.006036
0,0.26359,-0.202623,0.188537,-0.561822,0.156926,-0.607332,0.004601,0.003536
0,0.322946,-0.435551,0.04105,-0.237863,0.012198,-0.259538,0.005636,0.004489
0,0.192932,-0.328445,-0.136298,0.080189,-0.185629,0.056948,0.003367,0.005732
0,0.255491,-0.122684,0.066955,0.183757,0.084194,0.13567,0.004459,0.002141
0,0.547662,-0.327907,0.307306,-0.214757,0.351214,-0.213538,0.002532,0.005723
0,0.365973,-0.205872,-0.16017,0.133851,-0.176813,0.113702,0.005703,0.003593
0,0.242412,-0.194195,-0.146844,0.000299,-0.120194,0.049099,0.004231,0.003389
0,-0.031448,-0.210749,-0.278178,-0.010544,-0.288669,-0.015836,0.000549,0.003678
0,0.073454,-0.342335,0.114492,-0.144058,0.156198,-0.185055,0.001282,0.005975
0,0.011968,-0.395637,-0.083018,-0.082202,-0.116981,-0.113976,0.000209,0.005185
0,0.142333,-0.184462,0.135687,0.186379,0.179907,0.204096,0.002484,0.003219
0,0.059864,-0.267985,-0.091557,-0.107581,-0.072878,-0.08653,0.001045,0.004677
0,0.026375,0.012168,-0.004565,0.286765,0.02496,0.275986,0.00046,0.000212
0,0.178193,-0.103426,0.170114,-0.137862,0.124361,-0.093037,0.00311,0.001805
0,-0.011606,0.034483,-0.160061,0.139416,-0.183767,0.13493,0.000203,0.000602
0,0.146042,-0.198618,0.180938,-0.245365,0.210591,-0.256827,0.002549,0.003467
0,0.846244,1.054373,0.726281,1.269193,0.731267,1.226162,0.002679,0.005779
0,2.723825,2.130731,1.855572,1.078306,1.866057,1.04864,0.000822,0.000917
0,3.467059,1.938262,0.716709,-0.212506,0.759945,-0.223138,5.9e-05,0.002442
0,4.005021,1.971473,0.528016,0.021829,0.520488,0.00265,0.002642,0.001863
0,4.655164,1.59498,0.674567,-0.398105,0.644327,-0.441129,0.003385,0.003657
0,3.253112,1.241705,-1.401169,-0.334508,-1.444359,-0.355243,0.003675,0.002509
0,2.60009,0.920325,-0.669701,-0.32523,-0.692185,-0.351899,0.002982,0.003972
0,1.988762,0.33079,-0.604464,-0.567532,-0.645561,-0.524917,0.001561,0.005773
0,0.949766,0.20611,-1.017022,-0.123418,-1.041242,-0.096083,0.004486,0.003597
0,0.469016,0.190232,-0.503754,-0.033383,-0.553414,-0.04089,0.003905,0.00332
0,0.13419,0.078498,-0.319831,-0.116961,-0.294488,-0.161478,0.002342,0.00137
0,-0.274345,-0.166254,-0.424833,-0.228576,-0.417605,-0.17964,0.004788,0.002902
0,-0.157432,0.018644,0.137954,0.192182,0.123196,0.164662,0.002748,0.000325
0,-0.162856,-0.019664,-0.004964,-0.008878,0.02959,-0.001147,0.002842,0.000343
0,-0.387034,-0.251757,-0.213734,-0.251097,-0.253716,-0.28033,0.005335,0.004394
0,-0.295437,-0.157896,0.091315,0.098988,0.110134,0.121551,0.005156,0.002756
0,-0.380536,-0.019731,-0.067166,0.147456,-0.108737,0.154377,0.005449,0.000344
0,-0.252804,-0.051848,0.117464,-0.007005,0.073691,0.031451,0.004412,0.000905
0,-0.370651,-0.226414,-0.146741,-0.158082,-0.138187,-0.166137,0.005621,0.003952
0,-0.279881,-0.085025,0.080139,0.152674,0.046631,0.125017,0.004885,0.001484
0,-0.251215,-0.171739,0.001663,-0.081328,-0.033423,-0.120854,0.004385,0.002997
0,-0.200086,-0.151014,0.024381,0.037021,0.005367,0.069143,0.003492,0.002636
0,-0.280437,0.056804,-0.089382,0.229309,-0.073025,0.251785,0.004895,0.000991
0,-0.17265,-0.193388,0.104096,-0.248331,0.06548,-0.258058,0.003013,0.003375
0,-0.358036,-0.105205,-0.156447,0.099566,-0.113533,0.131226,0.005842,0.001836
0,-0.240312,-0.203576,0.131066,-0.069811,0.169667,-0.036325,0.004194,0.003553
0,-0.085522,-0.196374,0.145854,-0.003356,0.167072,-0.041917,0.001493,0.003427
0,-0.203813,-0.252871,-0.13606,-0.074348,-0.120954,-0.095247,0.003557,0.004413
0,-0.141271,-0.03259,0.050134,0.225003,0.048369,0.180646,0.002466,0.000569
0,-0.263855,0.032337,-0.116369,0.055477,-0.100295,0.047161,0.004605,0.000564
0,-0.196857,-0.049757,0.07039,-0.071855,0.061844,-0.037586,0.003436,0.000868
0,-0.218635,-0.048382,-0.042563,-0.005749,-0.025558,0.04058,0.003816,0.000844
0,-0.236395,-0.017323,-0.004807,0.040382,-0.011323,0.043411,0.004126,0.000302
0,-0.251317,-0.159342,-0.027296,-0.169047,0.010901,-0.148313,0.004386,0.002781
0,-0.089104,0.107935,0.172369,0.25967,0.169582,0.294646,0.001555,0.001884
0,-0.225874,0.108309,-0.113569,0.025568,-0.140404,0.060744,0.003942,0.00189
0,0.067363,-0.070705,0.308806,-0.187863,0.350216,-0.171281,0.001176,0.001234
0,-0.119152,0.137441,-0.214771,0.208137,-0.165972,0.207586,0.00208,0.002399
0,-0.011209,0.0272,0.106663,-0.097579,0.071712,-0.143071,0.000196,0.000475
0,0.10131,0.008034,0.090222,-0.014822,0.08657,0.012851,0.001768,0.00014
0,-0.043242,-0.060436,-0.138753,-0.092442,-0.154241,-0.07285,0.000755,0.001055
0,0.044147,-0.089608,0.111161,-0.008191,0.143046,-0.036139,0.000771,0.001564
0,0.099542,0.000544,0.053063,0.105898,0.004126,0.079794,0.001737,9e-06
0,0.094556,0.068464,-0.022278,0.043073,-0.026015,0.033064,0.00165,0.001195
0,-0.085917,0.044944,-0.209987,-0.031378,-0.220952,-0.069974,0.0015,0.000784
0,-0.096483,-0.056955,-0.016747,-0.130743,0.031894,-0.082616,0.001684,0.000994
0,0.120909,-0.117812,0.202809,-0.090155,0.223307,-0.10625,0.00211,0.002056
0,0.049434,-0.120117,-0.087204,-0.031793,-0.055394,-0.006251,0.000863,0.002096
0,-0.098759,0.076658,-0.139546,0.185973,-0.162648,0.149093,0.001724,0.001338
0,-0.162124,0.109015,-0.043811,0.060754,-0.058257,0.104366,0.00283,0.001903
0,0.010745,-0.043086,0.177143,-0.171912,0.144917,-0.155282,0.000188,0.000752
0,0.087358,-0.160352,0.103644,-0.110209,0.150403,-0.147531,0.001525,0.002799
0,-0.053159,-0.169332,-0.131797,0.020604,-0.173505,0.001185,0.000928,0.002955
0,-0.048035,-0.061561,0.005406,0.120081,0.020788,0.14411,0.000838,0.001074
0,-0.044895,-0.119855,-0.024456,-0.035552,-0.03813,-0.023659,0.000784,0.002092
0,-0.069838,0.126948,-0.000907,0.252888,-0.008083,0.20313,0.001219,0.002216
0,-0.178946,0.025013,-0.130033,-0.074738,-0.13265,-0.059355,0.003123,0.000437
0,-0.20381,-0.074224,0.002785,-0.076467,0.041994,-0.070372,0.003557,0.001295
0,-0.133638,0.118597,0.079073,0.202902,0.108375,0.179945,0.002332,0.00207
0,-0.133325,0.156241,-0.023244,0.043517,-0.005454,0.059518,0.002327,0.002727
0,-0.012968,0.159122,0.106435,0.002844,0.080846,0.025236,0.000226,0.002777
0,-0.100658,-0.029576,-0.065692,-0.198433,-0.037642,-0.220372,0.001757,0.000516
0,0.066199,-0.072046,0.154874,-0.061421,0.160834,-0.087392,0.001155,0.001257
0,-0.126472,0.177258,-0.168868,0.249905,-0.209426,0.248215,0.002207,0.003094
0,-0.082269,-0.025799,0.047388,-0.18429,0.016582,-0.228298,0.001436,0.00045
0,0.045724,0.018299,0.152439,0.0573,0.170679,0.033209,0.000798,0.000319
0,0.074914,0.030543,0.044612,0.032689,0.033268,0.064113,0.001307,0.000533
0,0.161245,0.183146,0.101093,0.163083,0.137363,0.123423,0.002814,0.003196
0,-0.028032,-0.0108,-0.166378,-0.183856,-0.212469,-0.172647,0.000489,0.000189
0,0.186837,0.145604,0.224295,0.126619,0.21952,0.081161,0.003261,0.002541
0,0.152761,-0.015244,-0.005904,-0.137982,-0.034899,-0.187752,0.002666,0.000266
0,0.221162,1.263094,0.063059,1.298106,0.10804,1.271012,0.00386,0.002136
0,0.431128,1.387685,0.200799,0.15313,0.224305,0.132792,0.004566,3.9e-05
0,0.283248,1.270675,-0.160211,-0.094982,-0.171076,-0.074297,0.004944,0.002004
0,0.408222,1.158508,0.116542,-0.109155,0.13063,-0.065297,0.004966,0.003961
0,0.248367,0.783076,-0.142378,-0.356469,-0.167918,-0.328572,0.004335,0.001577
0,0.329175,0.568396,0.073875,-0.202057,0.095073,-0.240185,0.005745,0.00217
0,0.064046,0.365979,-0.2532,-0.201968,-0.205021,-0.215771,0.001118,0.005703
0,0.177857,0.294966,0.106251,-0.090463,0.154733,-0.085901,0.003104,0.000967
0,0.23053,0.098333,0.05707,-0.220278,0.085194,-0.202294,0.004024,0.000967
0,0.233849,-0.007455,0.029406,-0.134091,0.059265,-0.166819,0.004081,0.000967
0,0.088647,-0.039263,-0.136448,-0.059619,-0.180845,-0.103037,0.001547,0.000967
0,0.02181,-0.060413,-0.047887,-0.004717,-0.031797,-0.02628,0.000381,0.001054
0,0.190516,0.070028,0.172277,0.148267,0.191824,0.178467,0.003325,0.000967
0,-0.011506,-0.097307,-0.185604,-0.194908,-0.176519,-0.182938,0.000201,0.001698
0,-0.018284,0.032151,0.002712,0.127671,0.004415,0.153528,0.000319,0.000967
0,0.182608,0.039576,0.195162,0.013854,0.232267,0.017842,0.003187,0.000967
0,0.020622,0.101631,-0.176034,0.033164,-0.13384,0.050613,0.00036,0.000967
0,-0.048298,0.008834,-0.053997,-0.07571,-0.019362,-0.094725,0.000843,0.000967
0,0.047252,0.134516,0.071646,0.148998,0.086401,0.158936,0.000825,0.000967
0,0.050658,-0.042741,-0.018386,-0.170155,-0.045101,-0.193449,0.000884,0.000967
0,0.202726,-0.127957,0.13338,-0.078278,0.160574,-0.114475,0.003538,0.002233
0,0.14667,-0.068521,-0.081594,0.077633,-0.056487,0.127053,0.00256,0.001196
0,-0.060026,0.097247,-0.225072,0.138007,-0.233602,0.183712,0.001048,0.000967
0,0.208629,-0.082361,0.298504,-0.19545,0.276362,-0.218993,0.003641,0.001437
0,-0.016497,-0.088471,-0.238079,-0.022238,-0.273922,-0.026306,0.000288,0.001544
0,0.09896,-0.181117,0.128623,-0.104358,0.161139,-0.067337,0.001727,0.003161
0,-0.018308,-0.058604,-0.130127,0.135806,-0.096058,0.119899,0.00032,0.001023
0,0.144426,-0.18042,0.168438,-0.09447,0.127566,-0.097116,0.002521,0.003149
0,-0.089693,-0.15463,-0.204984,0.008145,-0.212265,0.044756,0.001565,0.002699
0,0.028259,0.055892,0.117562,0.215402,0.166705,0.259096,0.000493,0.000967
0,0.006208,0.098055,-0.023634,0.052265,-0.012825,0.057717,0.000108,0.000967
0,-0.113474,-0.018844,-0.138676,-0.100886,-0.130748,-0.06243,0.001981,0.000967
0,0.16266,-0.124689,0.247129,-0.086547,0.279261,-0.096316,0.002839,0.002176
0,0.044081,-0.053148,-0.095449,0.064087,-0.110497,0.083525,0.000769,0.000967
0,0.090406,-0.062102,0.058261,0.000171,0.086901,-0.036885,0.001578,0.001084
0,-0.05975,-0.090852,-0.152771,-0.001669,-0.187939,-0.019719,0.001043,0.001586
0,0.035195,-0.079735,0.103707,-0.002169,0.14889,-0.049681,0.000614,0.001392
0,0.036932,-0.182058,0.018534,-0.105456,0.041389,-0.056014,0.000645,0.003178
0,0.002695,-0.027767,-0.008709,0.15306,-0.012636,0.14064,4.7e-05,0.000967
0,-0.107148,-0.12847,-0.093827,-0.079267,-0.090258,-0.092684,0.00187,0.002242
0,0.075154,-0.082137,0.165034,0.059307,0.123742,0.055122,0.001312,0.001434
0,-0.112433,0.021782,-0.180968,0.085272,-0.173997,0.096581,0.001962,0.000967
0,-0.027291,0.012899,0.085472,-0.032332,0.13434,0.012382,0.000476,0.000967
0,0.116665,-0.154838,0.133611,-0.178193,0.128289,-0.193012,0.002036,0.002702
0,-0.067638,-0.01385,-0.179138,0.126995,-0.205662,0.163733,0.001181,0.000967
0,-0.052249,0.039783,0.025538,0.043131,0.06803,0.075902,0.000912,0.000967
0,-0.146134,-0.079855,-0.097134,-0.104064,-0.086273,-0.087303,0.002551,0.001394
0,-0.051283,-0.034184,0.108604,0.067118,0.156063,0.116928,0.000895,0.000967
0,-0.039653,-0.001791,0.005549,0.002467,0.040403,0.049946,0.000692,0.000967
0,-0.005285,0.084459,0.012459,0.096127,-0.016321,0.140201,9.2e-05,0.000967
0,-0.003868,-0.131722,0.011681,-0.235849,0.044522,-0.283095,6.8e-05,0.002299
0,0.000344,0.019995,-0.015519,0.17084,-0.033424,0.216262,6e-06,0.000967
0,0.059226,0.019396,0.036069,0.021493,0.018921,0.057225,0.001034,0.000967
0,0.161811,0.102927,0.118636,0.087334,0.083052,0.039603,0.002824,0.000967
0,0.131744,0.084473,-0.036023,-0.025912,-0.020955,-0.055949,0.002299,0.000967
0,0.029861,-0.104961,-0.118889,-0.217039,-0.120712,-0.18775,0.000521,0.001832
0,0.064529,0.080394,0.036767,0.181117,0.062162,0.142138,0.001126,0.000967
0,0.055219,-0.099064,0.005535,-0.1601,0.029787,-0.163057,0.000964,0.001729
0,-0.085446,-0.160517,-0.126734,-0.050446,-0.145412,-0.090139,0.001491,0.002802
0,0.027903,-0.173533,0.136738,0.001874,0.098829,-0.046598,0.000487,0.003029
0,0.117744,0.008648,0.066949,0.175302,0.042495,0.158167,0.002055,0.000967
0,-0.097216,0.112039,-0.193117,0.073904,-0.242376,0.057755,0.001697,0.000967
0,-0.030131,-0.146687,0.096653,-0.281976,0.077945,-0.23526,0.000526,0.00256
0,0.063359,0.130679,0.085829,0.267628,0.044543,0.286196,0.001106,0.000967
0,0.09873,-0.041243,0.031873,-0.173082,-0.006214,-0.208867,0.001723,0.000967
0,0.104997,-0.036521,0.028627,0.000495,0.037825,0.049811,0.001833,0.000967
0,0.134017,0.051631,0.028262,0.076151,0.020715,0.036551,0.002339,0.000967
0,-0.047409,-0.055151,-0.194788,-0.106923,-0.176639,-0.097875,0.000827,0.000967
0,0.091883,0.07341,0.121706,0.13348,0.147013,0.139745,0.001604,0.000967
0,0.106258,-0.132961,0.029336,-0.214118,-0.007596,-0.224524,0.001855,0.002321
0,0.106035,-0.021716,-0.007608,0.09437,-0.000513,0.115999,0.001851,0.000967
0,0.154907,-0.166266,0.064444,-0.150254,0.043737,-0.17219,0.002704,0.002902
0,-0.022826,0.014956,-0.153859,0.176266,-0.152408,0.142508,0.000398,0.000967
0,0.057589,0.047919,0.087296,0.03083,0.124161,0.078,0.001005,0.000967
0,0.094771,-0.100733,0.05133,-0.14718,0.010322,-0.161438,0.001654,0.001758
0,0.237397,-0.156273,0.158889,-0.057909,0.165084,-0.078997,0.004143,0.002727
0,-0.019083,-0.066694,-0.237824,0.090165,-0.276338,0.045505,0.000333,0.001164
0,0.024961,-0.104006,0.05187,-0.049269,0.019112,-0.044661,0.000436,0.001815
0,0.123526,-0.113561,0.10379,-0.000443,0.055524,0.045166,0.002156,0.001982
0,0.039733,-0.135991,-0.062416,-0.046323,-0.065523,-0.07201,0.000693,0.002373
0,0.008544,-0.108314,-0.012943,0.027511,-0.019307,0.026026,0.000149,0.00189
0,0.105579,-0.249035,0.114416,-0.12344,0.074522,-0.135558,0.001843,0.004346
0,0.172319,-0.18957,0.06686,0.043809,0.070715,0.052491,0.003008,0.003309
0,0.253736,-0.251247,0.054226,-0.062471,0.052561,-0.064027,0.004429,0.004385
0,0.029825,-0.004176,-0.20017,0.244287,-0.244843,0.267908,0.000521,0.000967
0,0.179794,-0.199273,0.130956,-0.186349,0.095571,-0.156247,0.003138,0.003478
0,0.262795,0.037832,0.093328,0.253032,0.049312,0.24764,0.004587,0.000967
0,0.055264,0.0229,-0.207267,-0.015038,-0.210033,0.014969,0.000965,0.000967
0,0.051707,-0.053674,-0.019328,-0.050476,-0.043624,-0.052796,0.000902,0.000967
0,0.248737,-0.163585,0.208164,-0.113452,0.226199,-0.081575,0.004341,0.002855
0,0.247598,-0.115462,-0.030602,0.035004,-0.009034,0.024909,0.004321,0.002015
0,0.090663,-0.12948,-0.150231,-0.018883,-0.142834,0.014178,0.001582,0.00226
0,0.351456,-0.073304,0.257684,0.076265,0.283505,0.036915,0.005956,0.001279
0,0.086613,-0.066404,-0.282948,0.006616,-0.269036,0.05315,0.001512,0.001159
0,0.09093,-0.133858,-0.009661,-0.084652,-0.015098,-0.091472,0.001587,0.002336
0,0.278981,-0.168232,0.195344,-0.042756,0.17334,-0.00853,0.004869,0.002936
0,0.18077,-0.002497,-0.075154,0.164924,-0.12137,0.172133,0.003155,0.000967
0,-0.037209,-0.077384,-0.221611,-0.09497,-0.234081,-0.143177,0.000649,0.001351
0,0.082363,-0.1618,0.11876,-0.067888,0.117529,-0.06367,0.001438,0.002824
0,-0.024373,0.022685,-0.135547,0.165887,-0.114999,0.136066,0.000425,0.000967
0,0.055554,-0.005342,0.062384,-0.03448,0.073292,-0.021605,0.00097,0.000967
0,0.094476,-0.117721,0.057777,-0.131869,0.031038,-0.09459,0.001649,0.002055
0,0.043181,-0.006772,-0.044011,0.110302,-0.033897,0.066487,0.000754,0.000967
0,0.075261,0.031443,0.03068,0.019944,0.028781,0.011176,0.001314,0.000967
0,0.007785,0.007594,-0.080566,-0.032821,-0.08072,0.016685,0.000136,0.000967
0,0.046673,-0.019544,0.060179,-0.017698,0.107125,-0.066418,0.000815,0.000967
0,-0.051607,0.065779,-0.101301,0.095157,-0.073488,0.056165,0.000901,0.000967
0,-0.080713,-0.157681,-0.037149,-0.218333,-0.019466,-0.243896,0.001409,0.002752
0,-0.075077,0.083605,0.001724,0.227998,0.020549,0.187807,0.00131,0.000967
0,-0.139297,-0.159011,-0.039689,-0.215816,-0.068502,-0.194769,0.002431,0.002775
0,0.052847,0.065394,0.198891,0.215547,0.163553,0.228392,0.000922,0.000967
0,-0.091877,-0.022377,-0.133729,-0.093527,-0.166362,-0.08107,0.001604,0.000967
0,0.071622,-0.200198,0.168058,-0.178808,0.153286,-0.136793,0.00125,0.003494
0,0.023635,-0.017968,-0.028752,0.19701,-0.000761,0.157823,0.000413,0.000967
0,0.127952,-0.085867,0.108869,-0.057825,0.126908,-0.021014,0.002233,0.001499
0,0.108095,0.033657,-0.01024,0.11244,0.026607,0.071886,0.001887,0.000967
0,0.026127,-0.053092,-0.087651,-0.09361,-0.087567,-0.086191,0.000456,0.000967
0,0.071338,-0.114533,0.032093,-0.053663,0.076102,-0.077541,0.001245,0.001999
0,-0.181046,-0.125318,-0.276216,0.012698,-0.26619,0.042861,0.00316,0.002187
0,-0.13728,-0.07685,0.067581,0.047335,0.10373,0.068223,0.002396,0.001341
0,-0.025262,0.116058,0.08613,0.172395,0.068075,0.195422,0.000441,0.000967
0,-0.153579,-0.139833,-0.105668,-0.274543,-0.075126,-0.272483,0.00268,0.002441
0,0.045018,0.080549,0.191548,0.192726,0.17517,0.179377,0.000786,0.000967
0,-0.062227,0.028592,-0.078451,-0.031242,-0.039385,-0.003099,0.001086,0.000967
0,-0.14895,-0.060156,-0.106935,-0.110507,-0.138657,-0.159619,0.0026,0.00105
0,-0.173327,-0.03662,-0.00313,0.040437,-0.011384,0.012864,0.003025,0.000967
0,-0.12847,0.074686,0.02691,0.092093,0.039431,0.135912,0.002242,0.000967
0,-0.172814,0.079906,-0.020388,0.027941,-0.03998,0.03659,0.003016,0.000967
0,-0.044474,0.040602,0.131816,-0.010625,0.127471,0.033257,0.000776,0.000967
0,-0.148388,0.034337,-0.126308,-0.003529,-0.138269,-0.028832,0.00259,0.000967
0,-0.108095,0.016029,0.014448,-0.009133,-0.000279,-0.008792,0.001887,0.000967
0,-0.102166,0.087877,-0.020838,0.078353,0.004491,0.037653,0.001783,0.000967
0,-0.110418,0.126779,-0.007513,0.059342,0.040186,0.070041,0.001927,0.000967
0,0.004167,0.074842,0.117034,-0.058344,0.075176,-0.058711,7.3e-05,0.000967
0,-0.097781,0.110624,-0.101371,0.036285,-0.087566,0.011142,0.001707,0.000967
0,-0.217813,0.069824,-0.094714,-0.017054,-0.078848,-0.05927,0.003802,0.000967
0,0.018564,0.155437,0.210528,0.057768,0.166531,0.070173,0.000324,0.000967
0,0.053828,0.064865,0.043254,-0.070907,0.090585,-0.049293,0.000939,0.000967
0,0.050716,0.028851,0.023645,-0.03672,0.070039,0.01067,0.000885,0.000967
0,0.173234,-0.137939,0.110932,-0.144174,0.08947,-0.113066,0.003024,0.002407
0,0.066296,-0.110021,-0.092076,-9e-05,-0.052535,-0.034656,0.001157,0.00192
0,-0.096272,-0.100771,-0.161045,0.038485,-0.197323,0.065178,0.00168,0.001759
0,0.08478,0.128387,0.159783,0.216575,0.161708,0.223706,0.00148,0.000967
0,0.011812,-0.040153,-0.048247,-0.165713,-0.025053,-0.136919,0.000206,0.000967
0,0.226326,0.16866,0.21041,0.210271,0.19626,0.171001,0.00395,0.000967
0,0.075333,0.091129,-0.155938,-0.074667,-0.13643,-0.102306,0.001315,0.000967
0,0.088273,-0.030899,0.012439,-0.109689,-0.037019,-0.13362,0.001541,0.000967
0,0.119931,0.098835,0.008487,0.127188,-0.039303,0.156666,0.002093,0.000967
0,0.115454,0.082992,0.023403,-0.037212,0.003276,-0.016959,0.002015,0.000967
0,0.174458,-0.057276,0.081869,-0.15231,0.064007,-0.140118,0.003045,0.001
0,0.217882,0.005101,0.042228,0.059225,-0.006411,0.062102,0.003803,0.000967
0,0.360126,0.050948,0.151421,0.058552,0.117867,0.043105,0.005805,0.000967
0,0.297546,0.153613,-0.033768,0.094778,-0.009482,0.079651,0.005193,0.000967
0,0.103936,0.226164,-0.185497,0.07535,-0.146048,0.043762,0.001814,0.000967
0,0.095579,0.148507,-0.015197,-0.09492,-0.031482,-0.056484,0.001668,0.000967
0,0.134595,0.237881,0.034928,0.105277,-0.00726,0.108466,0.002349,0.000967
0,0.172949,0.244682,0.057563,-0.018987,0.094405,-0.059086,0.003019,0.000967
0,0.035299,0.016552,-0.163279,-0.200854,-0.188176,-0.226738,0.000616,0.000967
0,0.061438,0.046662,0.014607,0.003487,-0.023979,0.043691,0.001072,0.000967
0,0.072133,0.01101,-0.007655,-0.038388,-0.055171,-0.039223,0.001259,0.000967
0,0.054599,-0.00085,-0.028141,0.002481,0.015281,0.046914,0.000953,0.000967
0,0.235298,0.116073,0.157833,0.087013,0.18703,0.108823,0.004107,0.000967
0,0.283043,0.23559,0.041103,0.136701,0.03299,0.143339,0.00494,0.000967
0,0.096416,0.076205,-0.158273,-0.168027,-0.113342,-0.128665,0.001683,0.000967
0,0.253496,-0.00514,0.160031,-0.097015,0.12329,-0.077739,0.004424,0.000967
0,0.163143,0.029089,-0.070743,0.031221,-0.037714,0.021924,0.002847,0.000967
0,0.373512,0.05787,0.22806,0.043792,0.267733,0.081566,0.005571,0.000967
0,0.170777,0.116089,-0.197823,0.030856,-0.224688,0.044494,0.002981,0.000967
0,0.280528,0.107213,0.113862,0.012516,0.095732,0.005112,0.004896,0.000967
0,0.239937,0.10878,-0.067197,-0.019273,-0.033978,-0.027647,0.004188,0.000967
0,0.115632,0.130088,-0.127506,-0.004493,-0.162547,-0.038304,0.002018,0.000967
0,0.185291,0.037257,0.046574,-0.104472,0.091192,-0.092548,0.003234,0.000967
0,0.102561,0.208776,-0.104766,0.173259,-0.154067,0.140162,0.00179,0.000967
0,0.156671,0.154055,0.032651,-0.048707,0.077808,-0.086168,0.002734,0.000967
0,0.108779,0.104719,-0.039039,-0.058111,-0.016543,-0.008407,0.001899,0.000967
0,0.10837,-0.06816,0.001627,-0.163299,-0.022681,-0.147597,0.001891,0.00119
0,0.195555,0.182904,0.093678,0.24644,0.095478,0.209988,0.003413,0.000967
0,0.063411,-0.076401,-0.143702,-0.274424,-0.151088,-0.289576,0.001107,0.001333
0,-0.062603,0.061305,-0.10518,0.158115,-0.099968,0.198784,0.001093,0.000967
0,0.115379,-0.046157,0.149769,-0.134931,0.174392,-0.174405,0.002014,0.000967
0,0.005216,-0.079398,-0.089713,-0.041524,-0.052867,-0.088762,9.1e-05,0.001386
0,-0.038456,0.080048,-0.030406,0.182643,-0.034126,0.161204,0.000671,0.000967
0,0.095707,-0.044667,0.133357,-0.101251,0.172848,-0.143781,0.00167,0.000967
0,0.073596,-0.005056,-0.002462,0.031629,-0.005032,0.059006,0.001284,0.000967
0,0.044526,0.111624,-0.039389,0.136303,-0.08106,0.152524,0.000777,0.000967
0,-0.064561,0.005076,-0.092676,-0.12768,-0.063944,-0.127969,0.001127,0.000967
0,0.13355,0.05679,0.21978,0.032707,0.195544,0.043859,0.002331,0.000967
0,-0.100188,-0.006316,-0.242792,-0.043613,-0.282031,-0.01688,0.001749,0.000967
0,0.047022,-0.112371,0.172848,-0.079022,0.172236,-0.118468,0.000821,0.001961
0,0.119487,-0.097353,0.080606,0.024044,0.101884,-0.020418,0.002085,0.001699
0,0.0977,-0.070125,-0.050072,0.047783,-0.08241,0.039116,0.001705,0.001224
0,-0.050436,-0.122615,-0.145765,-0.063303,-0.167073,-0.086093,0.00088,0.00214
0,0.097187,-0.023543,0.126736,0.121901,0.173138,0.129797,0.001696,0.000967
0,-0.005947,-0.166118,-0.077753,-0.161675,-0.11885,-0.174424,0.000104,0.002899
0,-0.016328,0.098857,0.005902,0.245431,-0.006484,0.275054,0.000285,0.000967
0,-0.121793,0.02327,-0.077092,-0.08069,-0.059942,-0.058343,0.002126,0.000967
0,0.126679,0.031705,0.255834,0.019963,0.247305,0.034858,0.002211,0.000967
0,0.103038,0.110759,0.001467,0.06374,0.046581,0.060116,0.001798,0.000967
0,-0.007366,-0.151881,-0.135805,-0.234849,-0.166021,-0.230932,0.000129,0.002651
0,-0.014929,0.088648,-0.003869,0.241089,-0.028728,0.223644,0.000261,0.000967
0,0.119706,-0.12629,0.136024,-0.232091,0.119076,-0.281496,0.002089,0.002204
0,0.148434,-0.127437,0.021952,-0.015422,0.058507,-0.043763,0.002591,0.002224
0,0.092284,-0.197081,-0.072552,-0.052507,-0.071142,-0.101278,0.001611,0.00344
0,0.058622,-0.085566,-0.050011,0.087338,-0.048893,0.073431,0.001023,0.001493
0,0.154271,0.1034,0.110036,0.161003,0.080538,0.180001,0.002693,0.000967
0,0.145921,-0.201651,-0.007102,-0.307047,-0.019645,-0.274973,0.002547,0.003519
0,0.10321,-0.122532,-0.051393,0.078262,-0.033651,0.103639,0.001801,0.002139
0,0.155502,-0.083772,0.035082,0.027937,-0.006792,-0.00179,0.002714,0.001462
0,0.032331,-0.06976,-0.135897,-0.004462,-0.161574,0.025618,0.000564,0.001218
0,0.205233,0.06496,0.178752,0.125782,0.161407,0.079696,0.003582,0.000967
0,0.056218,-0.012395,-0.156552,-0.081999,-0.185466,-0.098655,0.000981,0.000967
0,0.062835,-0.015337,0.01206,-0.018632,-0.013064,0.018002,0.001097,0.000967
0,0.13666,-0.038876,0.072561,-0.036378,0.071877,0.003014,0.002385,0.000967
0,-0.000832,-0.155295,-0.153834,-0.111158,-0.163906,-0.106022,1.5e-05,0.00271
0,0.055146,0.132119,0.08468,0.306235,0.042251,0.353227,0.000962,0.000967
0,0.143653,-0.09359,0.113252,-0.224462,0.124328,-0.209002,0.002507,0.001633
0,0.095875,0.032911,-0.065671,0.115954,-0.066093,0.130694,0.001673,0.000967
0,-0.008783,0.013133,-0.090381,0.001584,-0.13507,0.030598,0.000153,0.000967
0,-0.052592,0.045303,-0.060535,0.046843,-0.047969,0.046914,0.000918,0.000967
0,-0.136885,0.124017,-0.066594,0.091693,-0.02978,0.12959,0.002389,0.000967
0,-0.181671,0.072889,-0.053818,-0.039041,-0.048748,-0.032499,0.003171,0.000967
0,-0.09522,0.091628,0.105223,0.000801,0.107047,-0.026767,0.001662,0.000967
0,0.003613,-0.083833,0.07699,-0.183257,0.116678,-0.207631,6.3e-05,0.001463
0,-0.190496,-0.083941,-0.223784,0.000137,-0.212759,-0.021922,0.003325,0.001465
0,-0.213475,0.006962,-0.012043,0.111752,-0.057052,0.149657,0.003726,0.000967
0,-0.246848,-0.091962,-0.00906,-0.080356,-0.056666,-0.072075,0.004308,0.001605
0,-0.04345,-0.067909,0.183304,0.050267,0.224681,0.088066,0.000758,0.001185
0,-0.235281,-0.013209,-0.205392,0.065464,-0.226143,0.086348,0.004106,0.000967
0,-0.139096,-0.137017,0.088458,-0.145185,0.132429,-0.136313,0.002428,0.002391
0,0.097124,0.077404,0.260288,0.240633,0.298298,0.207796,0.001695,0.000967
0,-0.197222,-0.04289,-0.294398,-0.129997,-0.260274,-0.130063,0.003442,0.000967
0,-0.141786,-0.074349,0.077141,-0.049777,0.060161,-0.029279,0.002475,0.001298
0,0.054883,-0.074815,0.210286,-0.003331,0.177171,0.044889,0.000958,0.001306
0,0.000939,0.064113,-0.034162,0.109372,-0.035214,0.066862,1.6e-05,0.000967
0,-0.155891,-0.104635,-0.155074,-0.149357,-0.121555,-0.173904,0.002721,0.001826
0,0.043731,-0.048564,0.182948,0.032283,0.224079,0.028492,0.000763,0.000967
0,-0.039738,0.066666,-0.09338,0.110813,-0.075277,0.147139,0.000694,0.000967
0,-0.180673,-0.127699,-0.169715,-0.199142,-0.150469,-0.172126,0.003153,0.002229
0,-0.036628,-0.077948,0.147132,0.044244,0.175844,0.060929,0.000639,0.00136
0,-0.111528,-0.1173,-0.058769,-0.051927,-0.020213,-0.046357,0.001947,0.002047
0,-0.04192,0.057136,0.085044,0.145848,0.037877,0.17439,0.000732,0.000967
0,0.121038,0.011573,0.14873,-0.053519,0.133709,-0.015566,0.002113,0.000967
0,-0.019258,-0.175359,-0.160801,-0.204789,-0.149252,-0.202679,0.000336,0.003061
0,-0.06072,-0.003518,-0.038928,0.178039,-0.081413,0.210672,0.00106,0.000967
0,-0.042591,0.100106,-0.002903,0.121674,0.019258,0.076359,0.000743,0.000967
0,-0.204235,0.004376,-0.13802,-0.104403,-0.09067,-0.125986,0.003565,0.000967
0,0.040963,-0.024808,0.250309,-0.006786,0.211686,-0.001058,0.000715,0.000967
0,-0.163926,-0.138228,-0.204387,-0.095557,-0.218075,-0.072797,0.002861,0.002413
0,-0.079619,0.087202,0.095431,0.218202,0.105158,0.192835,0.00139,0.000967
0,0.038841,-0.011368,0.132593,-0.096984,0.08751,-0.084234,0.000678,0.000967
0,-0.054405,-0.185894,-0.064173,-0.193633,-0.07576,-0.151111,0.00095,0.003244
0,0.016096,-0.141484,0.048295,0.038639,0.002188,0.048304,0.000281,0.002469
0,0.147817,-0.194782,0.139439,-0.062627,0.184545,-0.032867,0.00258,0.0034
0,-0.102814,-0.102884,-0.22866,0.121122,-0.193104,0.10684,0.001794,0.001796
0,0.081927,-0.014721,0.163779,0.080729,0.157891,0.035602,0.00143,0.000967
0,0.016301,-0.097598,-0.081019,-0.100748,-0.086167,-0.103746,0.000285,0.001703
0,-0.112433,-0.104005,-0.14926,0.021203,-0.19157,0.044652,0.001962,0.001815
0,-0.12258,0.066949,-0.014062,0.179045,-0.058423,0.188198,0.002139,0.000967
0,-0.010399,-0.011284,0.113781,-0.080278,0.120362,-0.067614,0.000181,0.000967
0,-0.209623,-0.174851,-0.192139,-0.147423,-0.157602,-0.13454,0.003659,0.003052
0,-0.277406,-0.206922,-0.0392,-0.030407,-0.056986,-0.074576,0.004842,0.003611
0,-0.006798,-0.232993,0.280823,-0.024441,0.236601,-0.022776,0.000119,0.004066
0,-0.222642,-0.219338,-0.186075,-0.003248,-0.138999,0.031886,0.003886,0.003828
0,-0.000175,0.016877,0.207238,0.243975,0.255373,0.23085,3e-06,0.000967
0,-0.049819,-0.101043,-0.049691,-0.142452,-0.087532,-0.167594,0.00087,0.001764
0,0.017519,-0.082354,0.049992,-0.005585,0.017181,0.029684,0.000306,0.001437
0,-0.068687,-0.180167,-0.091291,-0.069588,-0.084619,-0.09036,0.001199,0.003145
0,-0.045628,0.031842,0.050114,0.184012,0.065243,0.218706,0.000796,0.000967
0,0.061684,0.068129,0.095511,0.042004,0.134202,0.066783,0.001077,0.000967
0,0.035221,0.080971,-0.002361,-0.005933,-0.016624,-0.038469,0.000615,0.000967
0,0.049935,-0.060319,0.021482,-0.144597,-0.014267,-0.179162,0.000872,0.001053
0,0.015384,-0.065573,-0.02355,-0.024278,-0.014544,-0.038995,0.000268,0.001144
0,-0.150274,-0.092351,-0.153164,-0.025166,-0.140022,-0.043173,0.002623,0.001612
0,0.102494,0.012126,0.238871,0.097426,0.194467,0.117418,0.001789,0.000967
0,-0.046412,-0.051822,-0.150529,-0.051184,-0.111867,-0.009951,0.00081,0.000967
0,0.013178,-0.099122,0.084078,-0.050326,0.034736,-0.011233,0.00023,0.00173
0,-0.074532,0.036427,-0.097996,0.164508,-0.079566,0.193315,0.001301,0.000967
0,-0.021989,-0.016377,0.062395,-0.044146,0.083448,-0.037591,0.000384,0.000967
0,-0.032053,-0.023223,-0.016496,0.010346,-0.019227,-0.013635,0.000559,0.000967
0,0.097013,0.060398,0.13578,0.053937,0.182695,0.066819,0.001693,0.000967
0,-0.106787,-0.0203,-0.18188,-0.104067,-0.192839,-0.084694,0.001864,0.000967
0,-0.029005,0.020922,0.098228,0.064842,0.050583,0.046251,0.000506,0.000967
0,-0.152584,-0.095473,-0.099647,-0.115311,-0.068907,-0.155502,0.002663,0.001666
0,0.040133,-0.027231,0.203555,0.086769,0.202775,0.112307,0.0007,0.000967
0,-0.030397,-0.169139,-0.046973,-0.169698,-0.094677,-0.120433,0.000531,0.002952
0,0.099681,-0.050366,0.155068,0.148354,0.151178,0.098688,0.00174,0.000967
0,0.017149,-0.194588,-0.078302,-0.134662,-0.068119,-0.107696,0.000299,0.003396
0,0.020991,-0.172398,0.001939,0.021112,0.015124,-0.015718,0.000366,0.003009
0,-0.06663,-0.139111,-0.08928,0.060829,-0.117426,0.016537,0.001163,0.002428
0,0.073022,0.039504,0.122298,0.155858,0.086499,0.168714,0.001274,0.000967
0,0.070238,-0.086908,-0.022827,-0.114065,0.016262,-0.150524,0.001226,0.001517
0,-0.114454,-0.110519,-0.171355,-0.045968,-0.131197,-0.000559,0.001998,0.001929
0,-0.122689,-0.068275,0.017254,0.05055,0.02189,0.055276,0.002141,0.001192
0,0.013427,-0.050973,0.14166,0.017044,0.190419,0.015537,0.000234,0.000967
0,-0.060844,-0.009631,-0.10138,0.040632,-0.053257,0.085476,0.001062,0.000967
0,0.031014,-0.020942,0.111951,-0.027315,0.072054,-0.018274,0.000541,0.000967
0,0.028911,0.072971,-0.015048,0.115374,0.026491,0.127914,0.000505,0.000967
0,-0.106205,0.000942,-0.117226,-0.092413,-0.127102,-0.04527,0.001854,0.000967
0,0.140487,-0.075811,0.232819,-0.052885,0.210137,-0.042173,0.002452,0.001323
0,-0.016996,0.086163,-0.152476,0.156012,-0.159005,0.167318,0.000297,0.000967
0,0.091442,-0.062442,0.137786,-0.131547,0.138465,-0.141964,0.001596,0.00109
0,-0.001449,-0.070747,-0.121887,-0.019315,-0.110016,0.017257,2.5e-05,0.001235
0,-0.029199,-0.058219,-0.033591,0.024792,-0.025866,0.016468,0.00051,0.001016
0,0.003026,0.179563,0.048714,0.267577,0.054662,0.284305,5.3e-05,0.000967
0,0.075843,-0.013263,0.060242,-0.18865,0.097823,-0.220926,0.001324,0.000967
0,0.044836,0.025222,-0.03197,0.041132,-0.00923,0.001542,0.000783,0.000967
0,-0.232575,0.243852,-0.256638,0.193126,-0.210068,0.196704,0.004059,0.000967
0,-0.210311,0.135567,0.04587,-0.090139,0.077569,-0.087317,0.003671,0.000967
0,-0.209061,0.082648,0.004772,-0.080032,0.022611,-0.057015,0.003649,0.000967
0,0.070614,0.000706,0.255773,-0.111662,0.248869,-0.083337,0.001232,0.000967
0,-0.088525,0.006756,-0.152503,0.003011,-0.131376,0.029783,0.001545,0.000967
0,-0.063821,0.122601,0.017897,0.098509,0.063093,0.094954,0.001114,0.000967
0,-0.172795,0.20143,-0.124711,0.05307,-0.10654,0.101712,0.003016,0.000967
0,0.063593,0.190892,0.231021,0.013911,0.194328,0.006078,0.00111,0.000967
0,-0.102494,-0.037212,-0.18334,-0.246179,-0.168073,-0.241084,0.001789,0.000967
0,0.07327,0.148453,0.190867,0.188977,0.18638,0.191625,0.001279,0.000967
0,-0.100581,0.162242,-0.186042,-0.00825,-0.214669,0.040737,0.001755,0.000967
0,-0.022202,0.134441,0.094038,-0.054326,0.054417,-0.044393,0.000387,0.000967
0,0.195515,0.103546,0.214489,-0.042676,0.205198,-0.026972,0.003412,0.000967
0,0.231211,-0.039936,0.031542,-0.146374,0.066402,-0.191498,0.004035,0.000967
0,0.185575,0.19037,-0.062443,0.202105,-0.048902,0.154439,0.003239,0.000967
0,0.094213,0.010821,-0.106792,-0.19358,-0.089374,-0.177737,0.001644,0.000967
0,-0.060246,0.020324,-0.138473,0.030478,-0.136593,0.02447,0.001051,0.000967
0,0.102637,6.4e-05,0.159221,-0.019859,0.135167,0.00481,0.001791,0.000967
0,0.099938,0.146147,0.019662,0.150448,0.06873,0.119168,0.001744,0.000967
0,-4.323411,0.117441,-4.404284,-0.037436,-4.451784,-0.016996,0.002915,0.000967
0,-6.57606,0.051609,-2.233918,-0.068829,-2.263351,-0.065382,0.00596,0.000967
0,-5.875323,0.030498,0.687256,-0.031108,0.681511,-0.028536,0.00582,0.000967
0,-5.518599,-0.005635,0.328698,-0.033699,0.33368,-0.045857,0.000406,0.000967
0,-4.692575,0.008015,0.80717,-0.012539,0.845229,-0.050251,0.002733,0.000967
0,-3.154115,0.048784,1.526743,0.03899,1.535497,0.063862,0.005403,0.000967
0,-2.138641,-0.075435,1.042288,-0.098076,1.040973,-0.065309,0.001055,0.001317
0,-1.176712,-0.095493,0.953697,0.008496,0.960552,-0.031565,0.003643,0.001667
0,-0.367525,-0.09231,0.795876,-0.000799,0.842739,0.038337,0.005676,0.001611
0,-0.161188,-0.001885,0.187926,0.111041,0.138366,0.072479,0.002813,0.000967
0,0.085023,0.108824,0.226795,0.134789,0.2081,0.145375,0.001484,0.000967
0,0.165799,0.079938,0.096145,-0.046747,0.129716,-0.084898,0.002894,0.000967
0,0.484097,0.090961,0.303037,-0.011393,0.334402,-0.04839,0.003641,0.000967
0,0.563248,-0.111622,0.104259,-0.1726,0.13694,-0.126516,0.00226,0.001948
0,0.517928,-0.058827,-0.071718,0.055591,-0.023059,0.036829,0.003051,0.001027
0,0.279956,0.063038,-0.256049,0.112126,-0.299058,0.072295,0.004886,0.000967
0,0.141105,0.112804,-0.116306,0.067591,-0.082066,0.114667,0.002463,0.000967
0,0.252867,0.082704,0.135996,-0.032744,0.141845,-0.049513,0.004413,0.000967
0,0.057545,-0.016494,-0.194323,-0.1252,-0.161899,-0.15702,0.001004,0.000967
0,0.196357,-0.128421,0.130724,-0.092815,0.104739,-0.142164,0.003427,0.002241
0,0.244456,0.004695,0.020953,0.145379,0.054634,0.168702,0.004267,0.000967
0,0.0667,-0.104129,-0.189239,-0.09755,-0.211396,-0.056135,0.001164,0.001817
0,0.223389,-0.048452,0.142294,0.083591,0.170832,0.131287,0.003899,0.000967
0,0.153617,0.092882,-0.088248,0.152082,-0.072815,0.193692,0.002681,0.000967
0,0.22881,-0.121309,0.093275,-0.237511,0.142432,-0.264984,0.003993,0.002117
0,0.299593,-0.099323,0.082003,0.033144,0.082293,0.035477,0.005229,0.001734
0,0.080713,-0.07596,-0.242093,0.011962,-0.248201,-0.002812,0.001409,0.001326
0,-0.049141,0.050847,-0.138039,0.130851,-0.135071,0.084831,0.000858,0.000967
0,0.070126,-0.146617,0.09471,-0.22115,0.080862,-0.243898,0.001224,0.002559
0,-0.147878,0.021129,-0.210258,0.14022,-0.17504,0.118183,0.002581,0.000967
0,-0.052074,0.081615,0.098507,0.075315,0.06249,0.054989,0.000909,0.000967
0,0.112516,-0.127991,0.153167,-0.189743,0.201663,-0.189715,0.001964,0.002234
0,-0.0557,-0.033819,-0.179043,0.108537,-0.188023,0.071932,0.000972,0.000967
0,0.18796,-0.095367,0.251815,-0.032191,0.290839,-0.07344,0.003281,0.001664
0,0.202796,-0.025137,-0.014019,0.091085,-0.054,0.140268,0.003539,0.000967
0,0.066667,-0.168746,-0.13858,-0.163928,-0.185948,-0.197992,0.001164,0.002945
0,-0.146849,-0.013621,-0.242168,0.179166,-0.225095,0.149602,0.002563,0.000967
0,-0.136287,-0.009316,-0.016532,0.032012,-0.022579,0.053356,0.002379,0.000967
0,-0.159507,0.014626,-0.038101,0.037671,0.000882,0.024871,0.002784,0.000967
0,-0.089144,-0.09925,0.045892,-0.102375,0.066844,-0.092706,0.001556,0.001732
0,-0.107943,0.019891,-0.018325,0.132114,0.005498,0.17329,0.001884,0.000967
0,-0.091606,-0.053466,0.009483,-0.080952,-0.005798,-0.054959,0.001599,0.000967
0,1.88905,0.012779,1.952994,0.050372,1.916447,0.013609,0.003301,0.000967
0,3.405985,-0.051599,1.517522,-0.044034,1.502764,-0.011871,0.001007,0.000967
0,3.394891,0.100091,-0.019977,0.160365,-0.045825,0.120183,0.0012,0.000967
0,3.468988,-0.010684,0.087152,-0.093031,0.039683,-0.120232,9.3e-05,0.000967
0,3.119515,0.065892,-0.365008,0.058448,-0.325276,0.028725,0.006007,0.000967
0,2.759639,-0.165658,-0.334283,-0.23226,-0.349718,-0.27033,0.000197,0.002891
0,2.3061,0.088119,-0.446183,0.268456,-0.448641,0.223339,0.003978,0.000967
0,2.22219,0.115618,-0.103231,0.021443,-0.15108,-0.02842,0.002513,0.000967
0,1.869424,-0.094562,-0.350588,-0.212154,-0.348352,-0.214428,0.003644,0.00165
0,1.23683,-0.146212,-0.61328,-0.038678,-0.620062,-0.081043,0.002594,0.002552
0,0.91174,0.003056,-0.302254,0.176591,-0.300329,0.224523,0.003822,0.000967
0,0.724912,-0.130897,-0.165014,-0.143986,-0.129538,-0.151396,0.000562,0.002285
0,0.731501,-0.025978,-0.022478,0.085559,-0.068575,0.075994,0.000677,0.000967
0,0.772712,0.037826,0.015068,0.083719,0.01165,0.108409,0.001396,0.000967
0,0.552354,-0.009618,-0.208711,-0.040371,-0.191338,-0.035411,0.00245,0.000967
0,0.575979,-0.115096,0.007345,-0.105089,0.036731,-0.072315,0.002038,0.002009
0,0.69683,-0.072517,0.131259,0.021383,0.14709,0.015365,7.1e-05,0.001266
0,0.756998,-0.008064,0.039259,0.075704,0.057943,0.089889,0.001122,0.000967
0,0.438548,-0.066828,-0.308421,-0.079665,-0.355572,-0.092732,0.004436,0.001166
0,0.45742,0.11671,0.044506,0.205024,0.00846,0.246214,0.004107,0.000967
0,0.422325,0.024376,-0.018371,-0.100091,-0.006723,-0.069044,0.00472,0.000967
0,0.557249,0.088188,0.125308,0.068457,0.153207,0.089935,0.002365,0.000967
0,0.365057,-0.015096,-0.166192,-0.113593,-0.129233,-0.118002,0.005719,0.000967
0,0.471157,-0.091914,0.105648,-0.080934,0.08817,-0.074079,0.003867,0.001604
0,0.495849,-0.114282,-0.00455,-0.032491,-0.005152,-0.059256,0.003436,0.001995
0,0.459926,0.074614,-0.028243,0.188307,0.020106,0.191186,0.004063,0.000967
0,0.434188,0.159209,-0.026313,0.094466,-0.030247,0.1269,0.004512,0.000967
0,0.312532,0.0338,-0.097922,-0.137764,-0.084755,-0.117122,0.005455,0.000967
0,0.508174,0.070719,0.225066,0.055972,0.234432,0.071152,0.003221,0.000967
0,0.534344,0.149013,0.013937,0.073751,0.050492,0.091292,0.002764,0.000967
0,0.35666,0.197206,-0.149557,0.03197,-0.10917,0.077451,0.005866,0.000967
0,0.289896,0.007044,-0.038931,-0.209314,-0.075334,-0.18282,0.00506,0.000967
0,0.292717,0.060952,0.007229,0.063253,0.018484,0.082797,0.005109,0.000967
0,0.307874,-0.008515,0.044319,-0.093999,0.062091,-0.091311,0.005373,0.000967
0,0.163159,0.149511,-0.12179,0.13585,-0.080687,0.145613,0.002848,0.000967
0,0.304733,0.006014,0.115334,-0.124416,0.084991,-0.148579,0.005319,0.000967
0,0.367425,0.004411,0.083342,-0.030707,0.036624,-0.043225,0.005678,0.000967
0,0.22114,0.078717,-0.151872,0.087749,-0.158582,0.079202,0.00386,0.000967
0,0.339578,0.139518,0.121447,0.07686,0.134321,0.108246,0.005927,0.000967
0,0.290488,0.034631,-0.051034,-0.092035,-0.043345,-0.074459,0.00507,0.000967
0,0.10549,0.164584,-0.207156,0.133732,-0.25479,0.102565,0.001841,0.000967
0,0.220845,0.192465,0.111096,0.005956,0.145824,-0.043502,0.003854,0.000967
0,0.10164,0.224648,-0.126212,0.027976,-0.104275,0.023941,0.001774,0.000967
0,0.041219,0.101586,-0.051771,-0.111517,-0.083791,-0.096661,0.000719,0.000967
0,0.157861,-0.075861,0.138692,-0.170239,0.1506,-0.137599,0.002755,0.001324
0,0.142986,-0.047628,-0.040427,0.002057,-0.002166,0.017509,0.002496,0.000967
0,0.202608,-0.085449,0.034085,-0.053205,0.027826,-0.035419,0.003536,0.001491
0,0.150348,0.014757,-0.022831,0.103148,-0.040434,0.147777,0.002624,0.000967
0,0.243961,0.041133,0.101597,0.047394,0.05935,0.023844,0.004258,0.000967
0,0.296227,-0.111769,0.081125,-0.146099,0.055797,-0.157971,0.00517,0.001951
0,0.301127,-0.010071,-0.018662,0.082098,-0.030467,0.069024,0.005256,0.000967
0,0.065021,0.064399,-0.211995,0.094595,-0.174042,0.127906,0.001135,0.000967
0,0.198498,0.034719,0.123018,-0.026864,0.104988,-0.003634,0.003464,0.000967
0,0.081037,-0.018066,-0.1137,-0.059692,-0.161667,-0.022692,0.001414,0.000967
0,0.28757,0.040472,0.178207,0.031435,0.181062,-0.005257,0.005019,0.000967
0,0.232254,0.116615,-0.051402,0.046773,-0.026529,0.08218,0.004054,0.000967
0,0.206026,0.116432,-0.026485,0.020619,0.002487,0.002927,0.003596,0.000967
0,0.254748,0.020637,0.044127,-0.070005,0.008263,-0.10524,0.004446,0.000967
0,0.107563,0.138054,-0.129516,0.144902,-0.104628,0.117707,0.001877,0.000967
0,0.155074,-0.075375,0.02035,-0.241886,0.028781,-0.230951,0.002707,0.001316
0,0.252005,0.043652,0.072798,0.109975,0.023418,0.092431,0.004398,0.000967
0,-0.02934,-0.027261,-0.256473,-0.083587,-0.252534,-0.10154,0.000512,0.000967
0,0.052211,0.09235,0.082433,0.125925,0.11452,0.142444,0.000911,0.000967
0,0.079888,0.093878,0.028256,0.021604,0.07537,-0.010492,0.001394,0.000967
0,0.089564,0.180822,0.034396,0.05776,0.042478,0.051944,0.001563,0.000967
0,0.177708,0.113417,0.093657,-0.077821,0.054035,-0.077057,0.003102,0.000967
0,-0.101153,0.058496,-0.260642,-0.058473,-0.230722,-0.086824,0.001765,0.000967
0,0.089372,-0.011508,0.173612,-0.04983,0.207947,-0.093047,0.00156,0.000967
0,-0.14837,0.05637,-0.214151,0.0486,-0.244509,0.094429,0.00259,0.000967
0,0.075561,0.172832,0.253171,0.109177,0.257908,0.091364,0.001319,0.000967
0,-0.202921,0.071768,-0.296234,-0.077452,-0.255382,-0.052157,0.003542,0.000967
0,-0.04525,-0.072816,0.179412,-0.129092,0.173333,-0.163942,0.00079,0.001271
0,-0.107116,-0.0657,-0.053077,0.018062,-0.08139,0.029531,0.00187,0.001147
0,0.064347,-0.010277,0.185715,0.081446,0.189561,0.044469,0.001123,0.000967
0,-0.043549,0.173896,-0.113797,0.196106,-0.156686,0.230454,0.00076,0.000967
0,-0.113763,0.163726,-0.057057,-0.008819,-0.083269,0.027472,0.001986,0.000967
0,-0.200771,-0.014472,-0.077374,-0.169508,-0.032492,-0.185329,0.003504,0.000967
0,-0.121987,0.196736,0.088359,0.231501,0.047086,0.219079,0.002129,0.000967
0,-0.117364,0.041898,-0.022762,-0.162324,0.018999,-0.171278,0.002048,0.000967
0,-0.218696,0.024805,-0.128384,-0.023546,-0.150747,-0.011986,0.003817,0.000967
0,-0.27749,-0.034619,-0.044427,-0.042399,-0.036841,-0.043107,0.004843,0.000967
0,-0.158188,0.045252,0.114797,0.092959,0.12303,0.087515,0.002761,0.000967
0,-0.085035,0.117192,0.087338,0.094518,0.129889,0.049875,0.001484,0.000967
0,-0.700385,0.167881,-0.630734,0.028596,-0.630065,-0.011117,0.000134,0.000967
0,-1.952354,0.122084,-1.270943,-0.04033,-1.234126,0.002662,0.002196,0.000967
0,-1.811242,0.044057,0.119777,-0.065584,0.142571,-0.104429,0.004659,0.000967
0,-1.603378,-0.087009,0.199982,-0.15404,0.216293,-0.141386,0.003803,0.001519
0,-1.442287,0.086729,0.146883,0.173762,0.194949,0.175294,0.000992,0.000967
0,-1.372531,-0.066745,0.076669,-0.13345,0.049596,-0.118698,0.000226,0.001165
0,-0.988141,0.13108,0.389881,0.18594,0.416241,0.205426,0.005156,0.000967
0,-0.566338,-0.1191,0.439294,-0.252585,0.394235,-0.232476,0.002206,0.002079
0,-0.308885,0.103033,0.25877,0.224872,0.265731,0.26536,0.005391,0.000967
0,-0.385897,-0.070367,-0.098861,-0.195668,-0.070952,-0.157354,0.005355,0.001228
0,-0.24543,-0.069022,0.147595,0.030389,0.102025,0.009606,0.004284,0.001205
0,-0.125739,0.057302,0.113146,0.113282,0.146778,0.150666,0.002195,0.000967
0,0.150353,-0.090623,0.297746,-0.140599,0.321668,-0.11837,0.002624,0.001582
0,0.063663,-0.052728,-0.070662,0.038304,-0.091081,0.045809,0.001111,0.000967
0,0.022016,0.068535,-0.063068,0.113121,-0.059313,0.085398,0.000384,0.000967
0,-0.013494,-0.0721,-0.029675,-0.139452,0.019875,-0.114839,0.000236,0.001258
0,0.089792,-0.062471,0.109305,0.001964,0.121318,0.03693,0.001567,0.00109
0,0.013792,-0.00753,-0.047837,0.0673,-0.00052,0.106288,0.000241,0.000967
0,0.143037,-0.111857,0.126547,-0.132641,0.082555,-0.134087,0.002496,0.001952
0,0.138773,0.014652,0.00585,0.148671,-0.025603,0.144489,0.002422,0.000967
0,0.274185,-0.067111,0.115049,-0.090845,0.162709,-0.088744,0.004785,0.001171
0,0.079478,0.086429,-0.22194,0.158607,-0.176783,0.189145,0.001387,0.000967
0,0.105522,0.013038,0.015044,-0.051491,0.031719,-0.030983,0.001842,0.000967
0,0.222801,-0.021448,0.101169,-0.063462,0.116905,-0.024168,0.003889,0.000967
0,0.03673,0.072545,-0.207047,0.093848,-0.235963,0.121761,0.000641,0.000967
0,0.278161,-0.050276,0.212113,-0.127139,0.201294,-0.11808,0.004855,0.000967
0,0.116903,-0.081611,-0.15454,-0.044541,-0.109155,-0.058914,0.00204,0.001424
0,0.072605,-0.090229,-0.06668,0.019316,-0.115823,0.025152,0.001267,0.001575
0,0.005698,0.060935,-0.078344,0.15857,-0.048073,0.200164,9.9e-05,0.000967
0,0.235402,-0.032415,0.211206,-0.093322,0.180049,-0.046794,0.004109,0.000967
0,0.098156,-0.105738,-0.119943,-0.082802,-0.077603,-0.072751,0.001713,0.001845
0,0.139132,0.025635,0.027596,0.139704,0.02973,0.10057,0.002428,0.000967
0,-0.033903,0.031599,-0.202826,0.009464,-0.156034,-0.032669,0.000592,0.000967
0,-0.001686,-0.146933,0.034933,-0.1926,0.027149,-0.177622,2.9e-05,0.002564
0,-0.056621,-0.08579,-0.073849,0.08974,-0.039545,0.102616,0.000988,0.001497
0,0.012743,-0.076483,0.073564,-0.008009,0.02795,-0.008439,0.000222,0.001335
0,-0.107481,0.073773,-0.12582,0.172163,-0.090417,0.158133,0.001876,0.000967
0,0.104156,-0.098194,0.233597,-0.153243,0.240651,-0.14846,0.001818,0.001714
0,0.011528,-0.016195,-0.118421,0.057884,-0.088348,0.066551,0.000201,0.000967
0,-0.018406,0.052284,-0.053754,0.062878,-0.021438,0.087607,0.000321,0.000967
0,0.108906,-0.151905,0.098331,-0.183292,0.142257,-0.150774,0.001901,0.002651
0,-0.090627,0.107506,-0.217729,0.276136,-0.254182,0.28464,0.001582,0.000967
0,-0.003007,-0.07079,0.079091,-0.158892,0.084914,-0.119523,5.2e-05,0.001236
0,0.038211,-0.011263,0.017824,0.039224,0.013517,0.033405,0.000667,0.000967
0,0.124883,-0.093604,0.068063,-0.101732,0.108041,-0.070659,0.00218,0.001634
0,-0.056078,-0.033479,-0.189031,0.082312,-0.155513,0.03955,0.000979,0.000967
0,-0.07686,-0.138555,-0.049408,-0.092902,-0.059996,-0.142541,0.001341,0.002418
0,-0.078745,-0.135617,0.007348,0.007317,0.00202,0.035107,0.001374,0.002367
0,0.06781,-0.070751,0.121482,0.081586,0.133896,0.125968,0.001184,0.001235
0,0.008684,-0.136623,-0.03857,-0.085753,0.00855,-0.130878,0.000152,0.002385
0,-0.166313,-0.124835,-0.16704,0.034266,-0.209267,0.007916,0.002903,0.002179
0,-0.196612,0.015193,-0.015037,0.152838,0.005979,0.167085,0.003432,0.000967
0,-0.026848,-0.041477,0.180728,-0.071366,0.180469,-0.078522,0.000469,0.000967
0,-0.134979,-0.064631,-0.104411,-0.008763,-0.141902,0.020271,0.002356,0.001128
0,0.02319,-0.182297,0.136541,-0.129021,0.103954,-0.134116,0.000405,0.003182
0,0.031775,-0.069997,0.018693,0.103241,-0.004173,0.136053,0.000555,0.001222
0,0.027462,-0.007195,0.020318,0.071546,0.002873,0.060427,0.000479,0.000967
0,-0.058515,-0.165766,-0.075177,-0.176747,-0.114064,-0.221774,0.001021,0.002893
0,-0.065436,0.063458,-0.035996,0.248762,-0.078363,0.291413,0.001142,0.000967
0,0.035913,-0.114014,0.087047,-0.197804,0.11591,-0.216866,0.000627,0.00199
0,0.014593,-0.015671,-0.041882,0.106993,-0.088979,0.068899,0.000255,0.000967
0,0.040666,0.072016,0.024199,0.087381,0.02675,0.060596,0.00071,0.000967
0,0.051685,0.064525,0.035372,-0.010607,0.054008,-0.013367,0.000902,0.000967
0,-0.068208,-0.094138,-0.111328,-0.128704,-0.06352,-0.125843,0.00119,0.001643
0,0.163629,-0.084615,0.213649,0.004026,0.22508,0.037012,0.002856,0.001477
0,0.075293,-0.191823,-0.102965,-0.124051,-0.11303,-0.14057,0.001314,0.003348
0,0.116481,-0.085308,0.04449,0.093677,0.038055,0.052064,0.002033,0.001489
0,0.094805,0.104318,0.000703,0.200727,-0.004557,0.239541,0.001655,0.000967
0,0.10935,0.027028,0.001953,-0.080321,-0.042136,-0.08464,0.001909,0.000967
0,0.205771,-0.004172,0.087806,-0.038917,0.129516,-0.073484,0.003591,0.000967
0,0.067754,0.044473,-0.143584,0.042054,-0.147027,0.028127,0.001183,0.000967
0,0.134825,-0.152875,0.085502,-0.185257,0.069624,-0.181053,0.002353,0.002668
0,0.078133,0.077435,-0.078043,0.25826,-0.090575,0.260382,0.001364,0.000967
0,0.242378,0.080382,0.17015,0.016944,0.17813,0.02041,0.00423,0.000967
0,0.23151,0.0196,-0.000151,-0.071656,0.033177,-0.033212,0.004041,0.000967
0,0.167508,-0.142648,-0.049905,-0.181998,-0.081534,-0.195777,0.002924,0.00249
0,0.158446,-0.027876,-0.037838,0.123931,-0.081156,0.084219,0.002765,0.000967
0,0.158042,-0.061215,-0.004786,-0.027209,-0.003408,-0.04223,0.002758,0.001068
0,0.159017,0.051789,0.020434,0.107581,0.033929,0.110637,0.002775,0.000967
0,0.131663,0.093659,-0.008253,0.032209,0.038999,0.057263,0.002298,0.000967
0,0.001939,-0.112017,-0.120235,-0.230286,-0.104754,-0.20901,3.4e-05,0.001955
0,-0.085207,0.147891,-0.114945,0.240132,-0.148945,0.25455,0.001487,0.000967
0,-0.100131,-0.08826,-0.009791,-0.235312,-0.010123,-0.254477,0.001748,0.00154
0,-0.111815,-0.046178,-0.035064,0.068185,-0.016079,0.056194,0.001952,0.000967
0,-0.06914,0.059277,0.036811,0.093294,0.01556,0.06897,0.001207,0.000967
0,0.081562,0.121762,0.121591,0.064308,0.120088,0.069575,0.001424,0.000967
0,-0.138349,-0.108421,-0.209016,-0.203998,-0.194593,-0.250023,0.002415,0.001892
0,-0.121384,-0.027044,-0.00449,0.079389,0.042352,0.093671,0.002119,0.000967
0,-0.156177,-0.049537,-0.006039,-0.023649,-0.046493,0.024262,0.002726,0.000967
0,-0.20401,-0.091781,-0.045313,-0.023503,-0.024259,-0.05476,0.003561,0.001602
0,0.021517,0.024765,0.250725,0.10807,0.269869,0.126391,0.000376,0.000967
0,0.029431,0.132734,-0.012472,0.097431,0.028062,0.080089,0.000514,0.000967
0,-0.211999,0.131855,-0.262547,0.006729,-0.267516,-0.011434,0.0037,0.000967
0,0.043152,-0.112427,0.277621,-0.249118,0.326476,-0.24908,0.000753,0.001962
0,0.015716,-0.106501,-0.029036,0.022657,-0.040768,0.028159,0.000274,0.001859
0,0.072315,0.13519,0.083243,0.260947,0.071869,0.22397,0.001262,0.000967
0,-0.066167,0.018752,-0.109568,-0.142461,-0.06711,-0.097821,0.001155,0.000967
0,0.126179,0.156131,0.206595,0.164606,0.236726,0.128673,0.002202,0.000967
0,-0.076634,-0.040424,-0.220357,-0.166869,-0.188067,-0.158205,0.001338,0.000967
0,-0.078759,0.037308,-0.009315,0.084746,0.02288,0.078173,0.001375,0.000967
0,0.180596,0.024109,0.251897,-0.032515,0.291654,0.013,0.003152,0.000967
0,0.019144,0.069795,-0.160158,0.048558,-0.148556,0.000704,0.000334,0.000967
0,0.151344,-0.035283,0.115984,-0.123985,0.162612,-0.107102,0.002641,0.000967
0,-0.089273,0.051124,-0.252527,0.0727,-0.244986,0.110091,0.001558,0.000967
0,0.17202,-0.111692,0.281173,-0.134575,0.284048,-0.152806,0.003002,0.001949
0,0.969788,-0.135125,0.827656,-0.026504,0.826022,-0.010651,0.004835,0.002358
0,1.43458,-0.141964,0.447627,-0.020704,0.46741,-0.040203,0.000857,0.002478
0,1.495362,-0.011206,0.049708,0.124543,0.047367,0.080452,0.001918,0.000967
0,3.032026,0.088092,1.521545,0.109144,1.562264,0.124045,0.004557,0.000967
0,6.947902,0.050504,3.933853,-0.021245,3.963845,-0.048666,0.000359,0.000967
0,6.342691,-0.087862,-0.635004,-0.155212,-0.663124,-0.198327,0.001886,0.001533
0,6.36053,0.008483,0.043095,0.116121,0.036839,0.111086,0.002198,0.000967
0,5.88776,-0.053405,-0.490239,-0.04432,-0.469203,-0.027616,0.006037,0.000967
0,4.526939,0.130288,-1.361662,0.185833,-1.361041,0.209319,0.005623,0.000967
0,3.479563,-0.103813,-1.034827,-0.252106,-1.030461,-0.288172,0.000277,0.001812
0,1.966927,-0.156349,-1.513856,-0.067689,-1.547769,-0.108437,0.001942,0.002729
0,1.26645,-0.088691,-0.729517,0.087905,-0.682674,0.105252,0.002077,0.001548
0,-0.146515,-0.028171,-1.397055,0.068416,-1.446944,0.043234,0.002557,0.000967
0,-0.523265,0.033818,-0.356834,0.035126,-0.313309,0.014799,0.002958,0.000967
0,-1.349722,0.129944,-0.80147,0.077161,-0.760554,0.064728,0.000624,0.000967
0,-1.683403,0.049371,-0.309806,-0.08601,-0.343806,-0.132872,0.0052,0.000967
0,-1.242797,-0.091548,0.422569,-0.132599,0.429034,-0.110602,0.00249,0.001598
0,-1.21739,0.059754,0.002678,0.177958,-0.020246,0.159788,0.002934,0.000967
0,-1.102792,0.117852,0.105189,0.055299,0.084661,0.092629,0.004934,0.000967
0,-1.117338,0.119689,-0.042788,-0.01268,-0.020587,0.001408,0.00468,0.000967
0,-1.072862,0.122261,0.044599,-0.02073,0.005795,-0.000547,0.005456,0.000967
0,-0.927753,0.123014,0.118151,0.006236,0.131764,0.041975,0.004102,0.000967
0,-0.999959,-0.017277,-0.058836,-0.125131,-0.055412,-0.123035,0.005362,0.000967
0,-0.784222,-0.095466,0.205817,-0.083624,0.220697,-0.06766,0.001597,0.001666
0,-0.729153,-0.032042,0.07264,0.038614,0.096905,0.080467,0.000636,0.000967
0,-0.682336,-0.090528,0.048852,-0.074439,0.045403,-0.106724,0.000181,0.00158
0,-0.691033,-0.091566,-0.023743,-0.013634,0.006286,-0.020297,3e-05,0.001598
0,-0.835195,0.107483,-0.166624,0.195337,-0.193772,0.204033,0.002486,0.000967
0,-0.612945,-0.076266,0.209369,-0.206011,0.237315,-0.23914,0.001393,0.001331
0,-0.601094,0.135029,0.036784,0.187543,0.070065,0.169409,0.001599,0.000967
0,-0.739446,-0.085479,-0.161012,-0.224569,-0.164165,-0.216916,0.000815,0.001492
0,-0.547359,0.049841,0.173072,0.115976,0.139492,0.160866,0.002537,0.000967
0,-0.396287,-0.167211,0.1422,-0.192473,0.180626,-0.206317,0.005174,0.002918
0,-0.397907,-0.155266,0.002841,0.015364,-0.043403,0.038575,0.005146,0.00271
0,-0.404372,-0.154134,0.013582,0.000204,0.054433,-0.031887,0.005033,0.00269
0,-0.474925,-0.093696,-0.074816,0.071775,-0.104013,0.03919,0.003801,0.001635
0,-0.495821,0.023381,-0.050681,0.127856,-0.091721,0.17207,0.003437,0.000967
0,-0.338475,-0.070662,0.175789,-0.116467,0.160072,-0.112262,0.005907,0.001233
0,-0.398087,0.023406,-0.064807,0.083418,-0.054291,0.126668,0.005143,0.000967
0,-0.458928,-0.083385,-0.069067,-0.094319,-0.042504,-0.067824,0.004081,0.001455
0,-0.316463,-0.078394,0.163254,0.007587,0.192116,0.025941,0.005523,0.001368
0,-0.352815,0.084196,-0.062817,0.160218,-0.074773,0.156161,0.005933,0.000967
0,-0.518441,-0.067359,-0.141975,-0.136168,-0.091979,-0.180429,0.003042,0.001176
0,-0.440371,0.005744,0.062886,0.074134,0.057984,0.06691,0.004405,0.000967
0,-0.474353,-0.163094,-0.04055,-0.153493,-0.059552,-0.160273,0.003811,0.002847
0,-0.494168,-0.175473,-0.042287,-0.000851,-0.074175,-0.028782,0.003466,0.003063
0,-0.521812,0.016357,-0.002748,0.201439,-0.021112,0.187554,0.002983,0.000967
0,-0.474479,-0.062625,0.073396,-0.08321,0.103606,-0.059635,0.003809,0.001093
0,-0.376734,0.100123,0.12634,0.162111,0.129339,0.152977,0.005515,0.000967
0,-0.360502,-0.159171,0.032821,-0.284811,0.059783,-0.272525,0.005799,0.002778
0,-0.354756,-0.106087,-0.015356,0.065873,-0.042281,0.058683,0.005899,0.001852
0,-0.259418,-0.124017,0.072965,-0.022192,0.108518,0.014513,0.004528,0.002165
0,-0.285135,-0.137075,-0.050501,-0.023842,-0.057612,-0.007781,0.004977,0.002392
0,-0.358376,0.046972,-0.054964,0.203695,-0.009717,0.162809,0.005836,0.000967
0,-0.349073,0.072807,0.024316,0.051487,0.021115,0.044901,0.005998,0.000967
0,-0.240136,0.021989,0.091983,-0.055863,0.070558,-0.097887,0.004191,0.000967
0,-0.139169,-0.042145,0.074422,-0.03701,0.087775,-0.067947,0.002429,0.000967
0,-0.182396,0.034217,-0.052936,0.100064,-0.044981,0.091513,0.003183,0.000967
0,-0.221619,-0.019837,-0.04251,-0.040465,-0.084951,0.006118,0.003868,0.000967
0,-0.299777,0.107407,-0.108125,0.141118,-0.118166,0.105998,0.005232,0.000967
0,-0.247109,0.094504,0.04103,0.00061,0.02776,0.003422,0.004313,0.000967
0,-0.090189,0.081067,0.185357,0.005195,0.221169,-0.04304,0.001574,0.000967
0,-0.140664,0.205859,-0.031245,0.115348,0.000634,0.1334,0.002455,0.000967
0,-0.231823,0.220184,-0.06983,0.031922,-0.060661,0.037006,0.004046,0.000967
0,-0.142718,0.133326,0.071122,-0.071531,0.07924,-0.046364,0.002491,0.000967
0,-0.29487,-0.031822,-0.129571,-0.146619,-0.083643,-0.115321,0.005146,0.000967
0,-0.259474,0.146909,0.016618,0.206273,0.014802,0.190637,0.004529,0.000967
0,-0.246733,-0.028503,0.028607,-0.187432,0.006872,-0.164355,0.004306,0.000967
0,-0.191968,-0.068419,0.041583,-0.055179,0.059791,-0.092609,0.00335,0.001194
0,0.014596,0.172633,0.20666,0.262458,0.158777,0.3075,0.000255,0.000967
0,0.082277,0.187266,0.063292,0.038419,0.110562,0.047566,0.001436,0.000967
0,-0.12336,0.178461,-0.225374,0.020669,-0.209248,0.052696,0.002153,0.000967
0,-0.075763,0.125988,0.029757,-0.032798,0.079568,-0.024558,0.001322,0.000967
0,-0.011498,0.081911,0.059504,-0.06034,0.083297,-0.09823,0.000201,0.000967
0,-0.046388,-0.005289,-0.014169,-0.096209,-0.031344,-0.049622,0.00081,0.000967
0,0.12947,0.191162,0.175768,0.183236,0.211423,0.214785,0.00226,0.000967
0,-0.007936,0.055307,-0.147383,-0.153573,-0.129444,-0.185448,0.000139,0.000967
0,0.059365,-0.09138,0.084381,-0.150718,0.044815,-0.195239,0.001036,0.001595
0,0.059005,0.104939,-0.0056,0.200407,-0.012626,0.21455,0.00103,0.000967
0,0.299048,0.160301,0.230342,0.046872,0.182988,0.069624,0.005219,0.000967
0,0.045596,0.138114,-0.281883,-0.008786,-0.291953,-0.01073,0.000796,0.000967
0,0.196591,-0.052268,0.157449,-0.189426,0.176935,-0.17192,0.003431,0.000967
0,0.155747,0.092921,-0.048816,0.134227,-0.004611,0.108251,0.002718,0.000967
0,0.279488,0.174125,0.09564,0.053053,0.117337,0.089491,0.004878,0.000967
0,0.268211,0.172516,-0.011334,-0.013982,0.023591,0.026751,0.004681,0.000967
0,0.128476,0.077222,-0.143112,-0.088856,-0.15209,-0.086556,0.002242,0.000967
0,0.277628,0.102973,0.169733,0.049979,0.183423,0.049905,0.004846,0.000967
0,0.208378,0.174548,-0.099224,0.091692,-0.057605,0.060785,0.003637,0.000967
0,0.093019,0.168815,-0.087254,0.01115,-0.089663,-0.017299,0.001623,0.000967
0,0.180416,0.131896,0.096743,-0.01704,0.098108,-0.034323,0.003149,0.000967
0,0.086446,0.081739,-0.078841,-0.039809,-0.067453,-0.011296,0.001509,0.000967
0,0.055553,0.128589,-0.013959,0.068145,-0.015452,0.037289,0.00097,0.000967
0,0.128601,-0.064451,0.092739,-0.165728,0.11029,-0.159445,0.002245,0.001125
0,0.084204,0.090477,-0.042956,0.147188,-0.029674,0.139222,0.00147,0.000967
0,0.068006,-0.030175,-0.000552,-0.108193,0.015051,-0.111498,0.001187,0.000967
0,0.173767,0.101185,0.077709,0.104701,0.032991,0.068907,0.003033,0.000967
0,0.181548,-0.124284,0.01169,-0.218066,0.023946,-0.233762,0.003169,0.002169
0,0.228168,0.070379,0.073257,0.200352,0.112221,0.202158,0.003982,0.000967
0,2.603454,0.120968,2.348855,0.052593,2.372514,0.092799,0.002923,0.000967
0,4.293034,-0.047278,1.70578,-0.190662,1.70138,-0.195052,0.002385,0.000967
0,6.126506,-0.014129,1.854956,0.050471,1.876102,0.067502,0.001887,0.000967
0,5.501994,0.079115,-0.605937,0.102494,-0.588002,0.053227,0.000696,0.000967
0,4.837014,0.115223,-0.645231,0.052532,-0.680894,0.069105,0.000212,0.000967
0,3.483363,-0.073125,-1.327027,-0.21467,-1.362476,-0.242414,0.000344,0.001276
0,2.735659,-0.146462,-0.72897,-0.056357,-0.739204,-0.063154,0.000616,0.002556
0,2.307025,-0.025102,-0.412963,0.093254,-0.415581,0.11915,0.003994,0.000967
0,1.399118,0.088481,-0.909264,0.100474,-0.87288,0.098412,0.000238,0.000967
0,0.324093,-0.116339,-1.091118,-0.211364,-1.128139,-0.201742,0.005656,0.00203
0,0.077097,-0.100955,-0.267842,0.009974,-0.229017,0.041625,0.001346,0.001762
0,-0.059668,-0.001281,-0.154085,0.110066,-0.168674,0.078205,0.001041,0.000967
0,-0.219276,0.023668,-0.15607,0.02564,-0.144475,0.069548,0.003827,0.000967
0,-0.364419,-0.094973,-0.145488,-0.114862,-0.187673,-0.070325,0.00573,0.001658
0,-0.489032,-0.163967,-0.094676,-0.076555,-0.060935,-0.051342,0.003555,0.002862
0,-0.301247,0.073861,0.204825,0.236008,0.192129,0.230631,0.005258,0.000967
0,-0.361003,0.069782,-0.030671,0.020575,-0.019836,0.027383,0.00579,0.000967
0,-0.321571,-0.162535,0.012717,-0.209628,0.052967,-0.252933,0.005612,0.002837
0,-0.214781,0.10628,0.101017,0.271846,0.063053,0.247997,0.003749,0.000967
0,-0.032941,0.043132,0.188521,-0.066225,0.148894,-0.071691,0.000575,0.000967
0,0.060303,-0.070669,0.107075,-0.090803,0.082457,-0.059177,0.001052,0.001233
0,-0.037137,0.014647,-0.090189,0.106413,-0.079624,0.112972,0.000648,0.000967
0,-0.09249,0.120168,-0.032876,0.111834,-0.014212,0.087604,0.001614,0.000967
0,-0.017532,-0.11674,0.101462,-0.252354,0.097953,-0.241136,0.000306,0.002038
0,0.085586,-0.020803,0.073552,0.109699,0.030529,0.079309,0.001494,0.000967
0,0.058024,-0.131451,-0.003364,-0.094212,0.018615,-0.074241,0.001013,0.002294
0,-0.011668,-0.134614,-0.097599,-0.014974,-0.135189,0.02705,0.000204,0.002349
0,0.09421,0.025322,0.099432,0.175172,0.09426,0.202083,0.001644,0.000967
0,0.035704,0.031298,-0.083064,-0.010946,-0.08267,0.038746,0.000623,0.000967
0,0.010367,0.069603,-0.042412,0.03063,0.004207,0.049789,0.000181,0.000967
0,-0.145158,-0.1071,-0.136998,-0.176126,-0.117757,-0.150811,0.002533,0.001869
0,-0.026741,0.111118,0.142929,0.189633,0.153643,0.181437,0.000467,0.000967
0,-0.026118,0.004376,-0.014439,-0.079094,-0.054465,-0.086578,0.000456,0.000967
0,-0.009287,0.071949,-0.000712,0.054002,-0.008732,0.094702,0.000162,0.000967
0,0.081359,-0.081624,0.099796,-0.153283,0.077126,-0.114422,0.00142,0.001425
0,-0.19618,-0.105084,-0.273421,-0.016343,-0.250845,-0.045956,0.003424,0.001834
0,-0.164037,0.012605,0.038068,0.126758,0.009222,0.13321,0.002863,0.000967
0,-0.027476,-0.065288,0.126006,-0.048852,0.169905,-0.073995,0.00048,0.001139
0,0.032504,-0.036485,0.043765,0.024098,0.030078,-0.000999,0.000567,0.000967
0,-0.175749,0.072288,-0.207695,0.126364,-0.223014,0.091106,0.003067,0.000967
0,-0.202471,0.010805,0.002989,-0.037167,0.004761,-0.029959,0.003534,0.000967
0,-0.006927,0.109528,0.186114,0.095667,0.157241,0.065315,0.000121,0.000967
0,0.064306,-0.072106,0.079377,-0.190258,0.087279,-0.190548,0.001122,0.001258
0,-0.082186,0.009595,-0.16477,0.061297,-0.159144,0.084092,0.001434,0.000967
0,-0.021476,-0.077148,0.073602,-0.06106,0.071233,-0.09324,0.000375,0.001346
0,-0.271207,0.037717,-0.225223,0.091319,-0.199341,0.097164,0.004733,0.000967
0,-0.034189,0.092986,0.245299,0.036467,0.290753,0.006228,0.000597,0.000967
0,-0.095147,-0.086656,-0.040439,-0.20913,-0.086109,-0.250885,0.001661,0.001512
0,-1.688973,-0.111337,-1.593426,-0.030321,-1.602318,-0.020229,0.005297,0.001943
0,-2.826889,0.079109,-1.15465,0.17672,-1.116039,0.194965,0.000977,0.000967
0,-2.777519,-0.034915,0.027907,-0.120488,-0.017406,-0.155212,0.000115,0.000967
0,-3.21845,-0.054787,-0.457313,-0.021584,-0.434112,-0.05051,0.00428,0.000967
0,-2.597588,0.015779,0.629032,0.062717,0.602381,0.016425,0.003025,0.000967
0,-1.808508,0.008493,0.811988,-0.003866,0.811482,0.014725,0.004707,0.000967
0,-1.251393,-0.046856,0.5726,-0.057326,0.523921,-0.035388,0.00234,0.000967
0,-0.973624,-0.161576,0.294208,-0.101274,0.342897,-0.147228,0.004902,0.00282
0,-0.322265,-0.015592,0.67205,0.12342,0.71849,0.097234,0.005625,0.000967
0,-0.085009,0.014777,0.23983,0.033238,0.219673,0.013528,0.001484,0.000967
0,-0.038418,-0.012968,0.046206,-0.032675,0.050336,-0.011716,0.000671,0.000967
0,-0.017267,-0.128154,0.02199,-0.121881,-0.002398,-0.104989,0.000301,0.002237
0,0.223517,-0.095518,0.236832,0.047018,0.227574,0.045093,0.003901,0.001667
0,0.210845,-0.070533,-0.016058,0.054899,0.033267,0.066202,0.00368,0.001231
0,0.348211,0.068056,0.122143,0.126657,0.126427,0.113677,0.006013,0.000967
0,0.372115,0.103779,0.020102,0.007081,0.026509,-0.042919,0.005596,0.000967
0,-0.007046,0.021399,-0.360873,-0.07075,-0.391139,-0.028152,0.000123,0.000967
0,0.022228,-0.15796,0.005637,-0.201292,-0.009805,-0.191506,0.000388,0.002757
0,-0.0622,0.006197,-0.06424,0.176513,-0.06742,0.162986,0.001086,0.000967
0,0.01103,0.046342,0.054322,0.017292,0.016911,0.054163,0.000193,0.000967
0,-0.161011,-0.127204,-0.151979,-0.145997,-0.156034,-0.106924,0.00281,0.00222
0,0.109147,-0.110537,0.285078,0.043079,0.310103,0.00066,0.001905,0.001929
0,0.044988,-0.149193,-0.069281,-0.050894,-0.078777,-0.056843,0.000785,0.002604
0,0.126083,-0.034817,0.093342,0.094517,0.124915,0.045637,0.002201,0.000967
0,0.110935,-0.116681,-0.005848,-0.110009,0.043894,-0.138738,0.001936,0.002036
0,0.125468,0.125269,0.042385,0.219104,0.021514,0.190189,0.00219,0.000967
0,0.16395,-0.076033,0.021247,-0.214554,0.0275,-0.177021,0.002861,0.001327
0,-0.073816,-0.118218,-0.253645,-0.024658,-0.298583,-0.068064,0.001288,0.002063
0,0.216616,0.01884,0.318413,0.128031,0.330706,0.151532,0.003781,0.000967
0,0.118689,0.052828,-0.093643,0.063661,-0.068157,0.060983,0.002072,0.000967
0,0.093031,-0.083056,-0.041768,-0.156246,-0.004504,-0.166798,0.001624,0.00145
0,0.059989,0.029561,-0.021396,0.121016,-0.048722,0.126014,0.001047,0.000967
0,0.100227,0.062037,0.05336,0.060382,0.074821,0.089065,0.001749,0.000967
0,-0.059534,0.088041,-0.17827,0.008223,-0.207547,0.020606,0.001039,0.000967
0,0.154279,-0.078314,0.242024,-0.148356,0.232287,-0.175664,0.002693,0.001367
0,-0.015409,-0.071602,-0.160677,-0.010425,-0.208013,-0.046752,0.000269,0.00125
0,-0.033048,-0.063094,-0.01298,-0.009758,-0.057848,-0.005027,0.000577,0.001101
0,-0.074496,0.015727,-0.042127,0.074306,-0.003459,0.063629,0.0013,0.000967
0,-0.128642,0.115844,-0.06709,0.117101,-0.024055,0.070499,0.002245,0.000967
0,0.09966,0.084902,0.245798,-0.034441,0.278951,0.005956,0.001739,0.000967
0,0.089246,-0.024307,-0.016631,-0.114292,-0.033801,-0.084239,0.001558,0.000967
0,-0.072356,-0.094057,-0.133875,-0.071638,-0.125803,-0.08043,0.001263,0.001642
0,0.051482,-0.180141,0.144986,-0.087214,0.192697,-0.110651,0.000899,0.003144
0,0.04898,0.002938,0.021343,0.181118,-0.002926,0.150898,0.000855,0.000967
0,-0.003346,-0.156245,-0.058294,-0.165477,-0.01063,-0.205291,5.8e-05,0.002727
0,0.127139,-0.16171,0.131912,0.005891,0.097905,-0.005674,0.002219,0.002822
0,-0.02187,0.060228,-0.126968,0.245999,-0.094046,0.2251,0.000382,0.000967
0,0.183337,0.09383,0.188034,0.048717,0.147906,0.078699,0.0032,0.000967
0,0.022142,0.138476,-0.152702,0.036339,-0.159025,0.056121,0.000386,0.000967
0,0.176509,-0.109509,0.137824,-0.244443,0.142089,-0.26605,0.003081,0.001911
0,-0.065854,-0.026551,-0.272303,0.071251,-0.296046,0.07249,0.001149,0.000967
0,-0.014302,0.029719,0.030672,0.084964,0.020794,0.054116,0.00025,0.000967
0,0.204309,0.084734,0.224155,0.074133,0.192402,0.025744,0.003566,0.000967
0,0.156085,-0.107019,-0.018676,-0.215616,0.024368,-0.225505,0.002724,0.001868
0,-0.048126,-0.027248,-0.190898,0.101123,-0.192561,0.092788,0.00084,0.000967
0,0.166148,0.084188,0.209287,0.086159,0.236787,0.07487,0.0029,0.000967
0,-0.082202,-0.075349,-0.245279,-0.171423,-0.269728,-0.17373,0.001435,0.001315
0,0.115467,0.016518,0.210872,0.086994,0.227029,0.130811,0.002015,0.000967
0,0.02012,-0.129595,-0.075991,-0.151994,-0.067078,-0.141466,0.000351,0.002262
0,-0.069854,-0.056383,-0.060149,0.077011,-0.05022,0.111755,0.001219,0.000984
0,0.132674,-0.059391,0.217659,0.004411,0.267094,0.023939,0.002316,0.001037
0,-0.039234,0.073731,-0.169823,0.140558,-0.139316,0.1114,0.000685,0.000967
0,0.152814,-0.091931,0.175763,-0.168864,0.142505,-0.216088,0.002667,0.001604
0,-0.027946,0.138162,-0.166434,0.246833,-0.161449,0.280752,0.000488,0.000967
0,0.14612,-0.130362,0.175806,-0.257466,0.151239,-0.22567,0.00255,0.002275
0,0.057986,0.013511,-0.095103,0.142592,-0.047726,0.180058,0.001012,0.000967
0,0.230854,-0.127996,0.15278,-0.148202,0.16339,-0.16303,0.004029,0.002234
0,0.250313,-0.074775,0.039325,0.028042,0.072441,0.020818,0.004369,0.001305
0,0.230383,0.033284,-0.047122,0.100044,-0.054756,0.078433,0.004021,0.000967
0,0.264645,-0.088396,0.061968,-0.125241,0.061496,-0.159979,0.004619,0.001543
0,0.25677,-0.053358,-0.001509,0.049478,0.009665,0.058393,0.004481,0.000967
0,0.038981,-0.040924,-0.221973,-0.002391,-0.247568,-0.010843,0.00068,0.000967
0,0.175741,-0.115575,0.144361,-0.059219,0.131782,-0.052916,0.003067,0.002017
0,0.096543,-0.06758,-0.102446,0.019487,-0.129566,-0.024255,0.001685,0.001179
0,-0.032778,-0.166108,-0.147864,-0.100251,-0.107811,-0.102843,0.000572,0.002899
0,-0.022549,0.0852,0.03845,0.264968,0.0055,0.303218,0.000394,0.000967
0,-0.018616,-0.169304,-0.00035,-0.242308,0.021621,-0.214194,0.000325,0.002955
0,0.136989,0.049869,0.182192,0.241293,0.177855,0.200921,0.002391,0.000967
0,0.090931,0.089482,-0.070617,0.063922,-0.117106,0.050517,0.001587,0.000967
0,0.098696,-0.069281,0.03701,-0.173269,0.076681,-0.211539,0.001723,0.001209
0,-0.051736,0.114131,-0.178401,0.161836,-0.206716,0.191115,0.000903,0.000967
0,0.092488,0.033873,0.155937,-0.104917,0.202679,-0.113358,0.001614,0.000967
0,-0.048743,-0.17439,-0.119425,-0.219264,-0.129583,-0.25551,0.000851,0.003044
0,-0.087757,0.025701,-0.016228,0.203774,0.003231,0.202557,0.001532,0.000967
0,0.055896,0.073876,0.170143,0.019885,0.171949,0.049453,0.000976,0.000967
0,-0.028562,-0.029307,-0.103687,-0.092652,-0.099418,-0.121897,0.000499,0.000967
0,0.118198,0.030327,0.17568,0.050604,0.166091,0.00277,0.002063,0.000967
0,0.097595,-0.112607,-0.014885,-0.160783,0.024049,-0.117869,0.001703,0.001965
0,-0.018363,0.020498,-0.130166,0.12989,-0.175538,0.173923,0.00032,0.000967
0,-0.099547,-0.087364,-0.083664,-0.080995,-0.065516,-0.110783,0.001737,0.001525
0,0.041003,-0.075427,0.154103,0.041454,0.149244,0.04717,0.000716,0.001316
0,0.076934,-0.056921,0.007766,0.022524,0.041482,0.068214,0.001343,0.000993
0,-0.030111,0.087977,-0.100727,0.163161,-0.077049,0.134768,0.000526,0.000967
0,0.07166,-0.019144,0.100165,-0.100095,0.14584,-0.079024,0.001251,0.000967
0,-0.000809,0.041341,-0.09989,0.040912,-0.120333,-0.000924,1.4e-05,0.000967
0,-0.083775,0.018207,-0.060275,-0.048295,-0.051036,-0.032005,0.001462,0.000967
0,0.061924,0.043606,0.149823,0.015351,0.104184,-0.012878,0.001081,0.000967
0,0.029832,-0.115844,-0.024083,-0.164269,-0.057542,-0.173566,0.000521,0.002022
0,0.081616,0.022014,0.072445,0.147607,0.065328,0.184586,0.001424,0.000967
0,0.124403,-0.124013,0.065488,-0.128994,0.017973,-0.129208,0.002171,0.002164
0,0.204832,0.132759,0.055732,0.265842,0.104941,0.283984,0.003575,0.000967
0,0.046558,-0.022078,-0.181944,-0.140682,-0.198789,-0.184869,0.000813,0.000967
0,0.095161,-0.133578,0.039174,-0.129379,0.059851,-0.177551,0.001661,0.002331
0,0.097438,-0.053181,0.032007,0.075153,0.067774,0.067919,0.001701,0.000967
0,0.003989,0.116775,-0.077919,0.195981,-0.120424,0.203928,7e-05,0.000967
0,0.226866,-0.102446,0.23107,-0.20004,0.251735,-0.216477,0.00396,0.001788
0,0.094766,0.005725,-0.112295,0.09669,-0.100124,0.05849,0.001654,0.000967
0,-0.009919,-0.075653,-0.108167,-0.080429,-0.126722,-0.087887,0.000173,0.00132
0,-0.045802,-0.110888,-0.006666,-0.054539,0.025093,-0.071519,0.000799,0.001935
0,0.125554,-0.026694,0.162772,0.105913,0.12877,0.09186,0.002191,0.000967
0,0.141477,0.011358,-0.002086,0.062065,-0.02724,0.061621,0.002469,0.000967
0,0.24216,0.086037,0.090363,0.088513,0.053385,0.091169,0.004226,0.000967
0,0.28467,-0.061917,0.025243,-0.134947,0.005129,-0.130197,0.004968,0.001081
0,0.161209,0.164768,-0.118461,0.210233,-0.098687,0.163996,0.002814,0.000967
0,0.240208,0.07595,0.061918,-0.118579,0.096973,-0.08747,0.004192,0.000967
0,0.009774,0.073973,-0.254389,-0.011185,-0.225788,-0.040582,0.000171,0.000967
0,0.182513,-0.026461,0.199397,-0.0793,0.226912,-0.045683,0.003185,0.000967
0,0.30726,-0.085782,0.138577,-0.088498,0.136712,-0.085331,0.005363,0.001497
0,0.32683,0.025159,0.023815,0.096871,0.071446,0.082062,0.005704,0.000967
0,0.196697,0.006927,-0.116848,-0.046713,-0.152071,-0.013538,0.003433,0.000967
0,0.133916,-0.136745,-0.081278,-0.144719,-0.093589,-0.12332,0.002337,0.002387
0,0.090797,0.131802,-0.05235,0.282017,-0.048574,0.330164,0.001585,0.000967
0,-0.001404,0.051349,-0.087059,-0.065097,-0.055443,-0.092991,2.5e-05,0.000967
0,0.077938,-0.001417,0.097009,-0.062062,0.055039,-0.053687,0.00136,0.000967
0,0.19102,0.064744,0.121442,0.056864,0.08482,0.078916,0.003334,0.000967
0,0.039363,-0.112216,-0.174552,-0.15394,-0.12608,-0.120039,0.000687,0.001959
0,-0.059738,0.004846,-0.076304,0.093804,-0.111169,0.109044,0.001043,0.000967
0,0.203506,-0.124307,0.263235,-0.100122,0.229556,-0.070795,0.003552,0.00217
0,0.14506,-0.147362,-0.04451,-0.023449,-0.072584,-0.017886,0.002532,0.002572
0,0.109434,-0.079595,-0.023168,0.04211,-0.015673,0.062336,0.00191,0.001389
0,-0.018355,-0.120484,-0.097949,-0.065785,-0.102322,-0.111932,0.00032,0.002103
0,-0.168204,-0.127916,-0.176388,-0.004277,-0.133975,0.000776,0.002936,0.002233
0,-0.067772,0.114395,0.113504,0.223706,0.145209,0.253922,0.001183,0.000967
0,0.084878,0.048905,0.147338,-0.05178,0.127214,-0.028179,0.001481,0.000967
0,-0.005878,-0.062633,-0.077842,-0.11028,-0.102482,-0.097665,0.000103,0.001093
0,-0.143405,-0.109685,-0.143542,-0.038779,-0.159065,0.002198,0.002503,0.001914
0,-0.115308,-0.153687,0.053093,-0.030054,0.018679,-0.049421,0.002013,0.002682
0,-0.099395,-0.028877,0.010058,0.145403,0.037561,0.176109,0.001735,0.000967
0,0.058401,-0.021086,0.166143,0.004901,0.200731,-0.018517,0.001019,0.000967
0,-0.065119,-0.136583,-0.116293,-0.145467,-0.066886,-0.098451,0.001137,0.002384
0,-0.213336,-0.071651,-0.155012,0.080148,-0.171316,0.08651,0.003723,0.001251
0,0.025643,-0.161532,0.228787,-0.074002,0.268317,-0.033237,0.000448,0.002819
0,-0.098753,-0.165079,-0.110915,0.009185,-0.068983,0.047099,0.001724,0.002881
0,-0.010478,0.01079,0.077999,0.204227,0.061877,0.248403,0.000183,0.000967
0,-0.211818,-0.042214,-0.192521,-0.039976,-0.150446,-0.087822,0.003697,0.000967
0,-0.105368,-0.067121,0.101386,-0.0065,0.066985,-0.04767,0.001839,0.001171
0,-0.112299,0.127234,0.000475,0.198448,-0.022102,0.201134,0.00196,0.000967
0,-0.078599,0.031951,0.033305,-0.110811,-0.010352,-0.143803,0.001372,0.000967
0,-0.056763,-0.052423,0.031528,-0.094656,-0.015951,-0.063051,0.000991,0.000967
0,-0.312973,0.086179,-0.27309,0.120988,-0.296163,0.123433,0.005462,0.000967
0,-0.151387,-0.095447,0.155762,-0.185966,0.205574,-0.136985,0.002642,0.001666
0,-0.227187,-0.040978,-0.05715,0.050848,-0.030199,0.014117,0.003965,0.000967
0,-0.182582,-0.01728,0.018665,0.022283,0.037092,-0.018406,0.003187,0.000967
0,-0.206129,-0.149478,-0.015982,-0.132528,-9.4e-05,-0.084731,0.003598,0.002609
0,-0.189618,0.004602,0.036692,0.133538,0.074065,0.111794,0.003309,0.000967
0,-0.407181,0.018727,-0.193468,0.001002,-0.227101,-0.048586,0.004984,0.000967
0,-0.326246,-0.039964,0.061815,-0.037585,0.013466,-0.042478,0.005694,0.000967
0,-0.149886,-0.132461,0.184816,-0.076495,0.182704,-0.068989,0.002616,0.002312
0,-0.063285,-0.11941,0.091454,0.0317,0.095747,0.048719,0.001105,0.002084
0,-0.11554,-0.144588,-0.082197,-0.009134,-0.067826,0.029066,0.002017,0.002524
0,-0.17726,0.094092,-0.079485,0.213495,-0.087605,0.214457,0.003094,0.000967
0,-0.221699,-0.098925,-0.038292,-0.200726,-0.042164,-0.207186,0.003869,0.001727
0,-0.258702,0.053841,-0.053763,0.163017,-0.0365,0.115144,0.004515,0.000967
0,-0.118305,-0.093392,0.164103,-0.121963,0.198708,-0.128938,0.002065,0.00163
0,-0.237308,0.022897,-0.124287,0.115592,-0.091649,0.156137,0.004142,0.000967
0,-0.244796,-0.105637,-0.00935,-0.158327,-0.007711,-0.14477,0.004272,0.001844
0,-0.201044,-0.007604,0.061051,0.115884,0.022191,0.122191,0.003509,0.000967
0,-0.359851,0.164872,-0.149232,0.181547,-0.13305,0.184374,0.00581,0.000967
0,-0.098545,0.104655,0.267064,-0.039122,0.264476,-0.065407,0.00172,0.000967
0,-0.113368,0.131759,0.00017,0.048669,0.006178,0.092616,0.001979,0.000967
0,-0.17884,0.159855,-0.048604,0.049137,-0.075536,0.014897,0.003121,0.000967
0,-0.086619,0.008451,0.1097,-0.166728,0.078227,-0.216566,0.001512,0.000967
0,-0.233389,-0.153357,-0.138826,-0.190486,-0.14768,-0.174988,0.004073,0.002677
0,-0.114132,0.059624,0.126709,0.225453,0.077584,0.257105,0.001992,0.000967
0,-0.087912,0.086404,0.03975,0.02834,0.053374,0.022742,0.001534,0.000967
0,0.006596,-0.133887,0.122828,-0.197958,0.123408,-0.240424,0.000115,0.002337
0,-0.217859,-0.085751,-0.24608,0.062451,-0.196948,0.018868,0.003802,0.001497
0,-0.213775,-0.137146,-0.018337,-0.065193,0.013509,-0.067377,0.003731,0.002394
0,0.029329,0.023743,0.256891,0.156648,0.286107,0.205138,0.000512,0.000967
0,-0.018316,0.002744,-0.052239,-0.045984,-0.081688,-0.005404,0.00032,0.000967
0,-0.034443,-0.129095,-0.031488,-0.147677,-0.047787,-0.191788,0.000601,0.002253
0,0.01581,0.07404,0.028061,0.212071,0.049207,0.244802,0.000276,0.000967
0,0.103478,-0.112321,0.094466,-0.180857,0.088186,-0.191595,0.001806,0.00196
0,-0.007933,-0.047901,-0.091942,0.078152,-0.096212,0.080153,0.000138,0.000967
0,0.012751,-0.126881,0.028294,-0.061339,-0.012758,-0.087702,0.000223,0.002214
0,0.007981,0.011344,-0.029881,0.146285,-0.06614,0.133805,0.000139,0.000967
0,-0.026366,-0.030977,-0.060578,-0.026663,-0.018487,-0.058986,0.00046,0.000967
0,-0.01357,-0.046531,0.037676,-0.028427,0.044695,0.008593,0.000237,0.000967
0,0.266519,0.049758,0.273982,0.08817,0.235419,0.126292,0.004652,0.000967
0,0.224415,0.004539,-0.052961,-0.050676,-0.05595,-0.056232,0.003917,0.000967
0,0.196616,0.029247,0.000899,-0.003307,0.036297,0.031166,0.003432,0.000967
0,0.078149,-0.122511,-0.125345,-0.170515,-0.15018,-0.133549,0.001364,0.002138
0,-0.028172,-0.059673,-0.087317,0.061542,-0.039183,0.06951,0.000492,0.001041
0,0.053554,-0.002795,0.065208,0.029183,0.038908,0.076464,0.000935,0.000967
0,-0.052987,-0.089899,-0.081051,-0.057194,-0.113729,-0.085184,0.000925,0.001569
0,-0.052578,-0.005706,0.028363,0.109335,0.044758,0.106452,0.000918,0.000967
0,-0.118425,-0.001042,-0.093758,0.026619,-0.047182,0.054889,0.002067,0.000967
0,-0.097642,0.084282,0.002028,0.073948,-0.033804,0.092756,0.001704,0.000967
0,-0.062509,-0.027275,0.012782,-0.130069,0.01035,-0.16642,0.001091,0.000967
0,-0.04167,0.009361,0.0409,0.046319,-0.00633,0.080706,0.000727,0.000967
0,0.036128,-0.103439,0.078175,-0.141986,0.033527,-0.189945,0.000631,0.001805
0,0.040317,-0.054475,0.023299,0.077824,0.070543,0.076565,0.000704,0.000967
0,0.117941,0.147118,0.050801,0.181182,0.019992,0.159083,0.002058,0.000967
0,-0.070658,-0.029772,-0.211992,-0.204276,-0.258388,-0.190893,0.001233,0.000967
0,0.003029,0.10371,0.065031,0.115185,0.077716,0.156637,5.3e-05,0.000967
0,-0.137213,0.143098,-0.113645,0.036751,-0.069476,0.001476,0.002395,0.000967
0,-0.186724,-0.11246,-0.033142,-0.25608,-0.011237,-0.27256,0.003259,0.001963
0,-0.051653,-0.113525,0.162775,0.028801,0.187321,0.059793,0.000902,0.001981
0,-0.228806,-0.004104,-0.206975,0.081706,-0.166402,0.092496,0.003993,0.000967
0,-0.220582,0.120745,0.037773,0.097781,-0.005724,0.082876,0.00385,0.000967
0,-0.177162,-0.083923,0.067031,-0.18831,0.025306,-0.200815,0.003092,0.001465
0,-0.063476,0.042906,0.105292,0.120187,0.103677,0.110131,0.001108,0.000967
0,-0.132465,-0.120687,-0.042063,-0.137565,-0.042156,-0.143787,0.002312,0.002106
0,0.036009,0.021661,0.192703,0.157215,0.164507,0.190326,0.000628,0.000967
0,-0.012602,0.097563,-0.056851,0.105292,-0.027387,0.089737,0.00022,0.000967
0,0.054386,0.013002,0.091913,-0.113071,0.122017,-0.146624,0.000949,0.000967
0,0.191534,-0.06708,0.130988,-0.080932,0.156493,-0.102137,0.003343,0.001171
0,0.124659,0.064562,-0.055225,0.112491,-0.015865,0.067193,0.002176,0.000967
0,0.102764,-0.029991,0.007153,-0.074822,0.037462,-0.062436,0.001794,0.000967
0,0.127735,0.046529,0.016074,0.097816,0.054678,0.097974,0.002229,0.000967
0,0.159384,-0.029036,0.00838,-0.049104,0.056686,-0.092976,0.002782,0.000967
0,0.175476,0.118859,0.026511,0.153595,0.063104,0.148961,0.003063,0.000967
0,0.356808,0.09856,0.164793,0.000938,0.157309,-0.01133,0.005863,0.000967
0,0.370688,0.153326,0.014885,0.083584,0.016408,0.078575,0.005621,0.000967
0,0.163669,0.090935,-0.208488,-0.058456,-0.180301,-0.090229,0.002857,0.000967
0,0.356818,0.146016,0.218684,0.032846,0.17573,-0.013152,0.005863,0.000967
0,0.410031,0.130323,0.052108,0.001591,0.088553,0.047995,0.004934,0.000967
0,0.25338,0.031615,-0.160435,-0.083047,-0.159496,-0.033751,0.004422,0.000967
0,0.376487,-0.001372,0.100261,-0.012191,0.122858,-0.001869,0.00552,0.000967
0,0.390601,-0.106779,0.028594,-0.099017,0.031654,-0.077396,0.005273,0.001864
0,0.212758,0.045114,-0.173675,0.145671,-0.207758,0.183749,0.003713,0.000967
0,0.348716,0.084291,0.129002,0.026845,0.135681,0.031613,0.006004,0.000967
0,0.089069,0.067318,-0.255488,-0.019675,-0.298813,-0.008923,0.001555,0.000967
0,0.001777,0.03777,-0.069756,-0.03305,-0.075071,-0.071811,3.1e-05,0.000967
0,0.019741,-0.065481,0.025419,-0.128306,0.04679,-0.118742,0.000345,0.001143
0,0.043204,-0.049668,0.023451,0.025892,0.024761,0.067881,0.000754,0.000967
0,-0.000602,-0.057409,-0.042144,0.019905,-0.077557,0.021792,1.1e-05,0.001002
0,0.066279,0.115463,0.060107,0.181222,0.085208,0.224288,0.001157,0.000967
0,-1.523153,0.153744,-1.614727,0.021099,-1.615657,-0.025994,0.002403,0.000967
0,-2.673296,-0.085375,-1.127482,-0.221255,-1.12252,-0.220162,0.001704,0.00149
0,-3.217791,0.142307,-0.533167,0.220565,-0.508439,0.230017,0.004291,0.000967
0,-3.04711,0.107791,0.184243,-0.063399,0.136853,-0.026116,0.00482,0.000967
0,-3.711646,0.081687,-0.674198,-0.009066,-0.708269,0.032979,0.004328,0.000967
0,-3.73933,0.044788,-0.008084,-0.033673,-0.037361,-0.072041,0.004811,0.000967
0,-2.935616,0.107324,0.783689,0.035407,0.7989,0.059297,0.002874,0.000967
0,-2.276865,-0.124596,0.675668,-0.206215,0.649326,-0.198572,0.003467,0.002175
0,-1.539305,-0.104692,0.753529,0.009946,0.738947,0.018261,0.002685,0.001827
0,-1.085112,0.110671,0.445692,0.195256,0.399576,0.162079,0.005242,0.000967
0,-0.505816,-0.127494,0.576651,-0.213954,0.596647,-0.261116,0.003262,0.002225
0,-0.179829,0.00049,0.296356,0.110095,0.292869,0.075167,0.003139,0.000967
0,0.011471,-0.075858,0.20535,-0.071729,0.20736,-0.041467,0.0002,0.001324
0,0.277017,0.061274,0.280232,0.139115,0.258759,0.145787,0.004835,0.000967
0,0.433159,0.100357,0.165679,0.017747,0.145781,-0.029306,0.00453,0.000967
0,0.250264,-0.040469,-0.153375,-0.155836,-0.134435,-0.146673,0.004368,0.000967
0,0.456639,0.10746,0.231185,0.148917,0.236286,0.152112,0.004121,0.000967
0,0.393865,0.090631,-0.04386,-0.005065,-0.022347,0.007519,0.005216,0.000967
0,0.326404,0.069682,-0.047376,-0.004572,-0.013616,0.027175,0.005697,0.000967
0,0.015558,-0.146352,-0.317538,-0.224022,-0.284238,-0.249223,0.000272,0.002554
0,0.164764,-0.022603,0.13879,0.148043,0.188274,0.156103,0.002876,0.000967
0,-0.026523,0.040657,-0.180152,0.062176,-0.133055,0.100761,0.000463,0.000967
0,-0.046927,-0.05933,-0.009355,-0.097726,-0.000692,-0.127224,0.000819,0.001035
0,-0.063195,0.045264,-0.03491,0.124736,-0.04261,0.08824,0.001103,0.000967
0,0.079306,-0.141151,0.136068,-0.189292,0.130864,-0.18802,0.001384,0.002464
0,0.008564,-0.105059,-0.067622,0.04801,-0.072083,0.084742,0.000149,0.001834
0,0.044403,0.004962,0.027933,0.126093,0.046363,0.132416,0.000775,0.000967
0,-0.020882,-0.109506,-0.036699,-0.092893,0.006842,-0.074576,0.000364,0.001911
0,0.041901,-0.118003,0.062075,-0.035612,0.04918,-0.018197,0.000731,0.00206
0,0.038389,-0.124268,-0.031017,-0.030426,-0.037883,0.018772,0.00067,0.002169
0,-0.059713,-0.083156,-0.121622,0.069686,-0.133266,0.096321,0.001042,0.001451
0,-0.085141,-0.009638,0.000182,0.084671,-0.047258,0.12027,0.001486,0.000967
0,-0.088517,-0.135014,-0.012407,-0.123272,0.011803,-0.119569,0.001545,0.002356
0,-0.236171,-0.053873,-0.172632,0.107478,-0.159252,0.13776,0.004122,0.000967
0,-0.092458,0.049085,0.172474,0.07774,0.162727,0.059404,0.001614,0.000967
0,-0.06347,-0.123678,0.020069,-0.191434,-0.009625,-0.186832,0.001108,0.002159
0,-0.077953,-0.07368,-0.024912,0.029852,-0.063183,0.043513,0.001361,0.001286
0,0.05022,-0.075033,0.138693,0.022778,0.126843,0.062422,0.000877,0.00131
0,0.007039,-0.037025,-0.018794,0.023559,-0.037826,0.025387,0.000123,0.000967
0,0.100084,-0.156514,0.096891,-0.110104,0.129985,-0.116248,0.001747,0.002732
0,0.169717,-0.005509,0.097501,0.129734,0.117199,0.170528,0.002962,0.000967
0,-0.00708,-0.036866,-0.186644,-0.032286,-0.206201,-0.076888,0.000124,0.000967
0,-0.070016,-0.024451,-0.085616,-0.003948,-0.10844,0.029061,0.001222,0.000967
0,0.236907,-0.088322,0.326358,-0.046134,0.305774,-0.033459,0.004135,0.001542
0,0.160692,-0.147208,-0.10402,-0.057604,-0.102355,-0.046473,0.002805,0.002569
0,-0.012201,-0.086459,-0.191132,0.05502,-0.155932,0.089231,0.000213,0.001509
0,0.203254,-0.11288,0.231955,-0.032326,0.201389,-0.021314,0.003547,0.00197
0,-0.033311,-0.059586,-0.253395,0.060784,-0.267252,0.042286,0.000581,0.00104
0,-0.073418,0.072076,-0.022224,0.159567,-0.064362,0.155785,0.001281,0.000967
0,0.050594,-0.049779,0.094312,-0.130727,0.094735,-0.122706,0.000883,0.000967
0,0.022187,-0.059238,-0.041319,-0.005087,-0.06598,-0.024861,0.000387,0.001034
0,-0.016538,0.063519,-0.030576,0.101215,-0.048384,0.060132,0.000289,0.000967
0,0.130364,-0.162662,0.172638,-0.226595,0.153649,-0.207139,0.002275,0.002839
0,0.19279,-0.137926,0.068292,0.000635,0.027771,-0.046447,0.003365,0.002407
0,-0.09,-0.138667,-0.253432,0.001526,-0.296053,-0.005654,0.001571,0.00242
0,0.006758,-0.134855,0.114105,0.009555,0.16198,0.044091,0.000118,0.002354
0,0.017939,-0.096612,0.025133,0.041605,0.039101,0.029441,0.000313,0.001686
0,-0.046637,0.066338,-0.073583,0.17121,-0.030755,0.203293,0.000814,0.000967
0,-0.117635,0.095222,-0.047138,0.00903,-0.045983,-0.008709,0.002053,0.000967
0,0.061774,0.088568,0.202052,0.019617,0.249529,0.033311,0.001078,0.000967
0,0.089032,0.005754,0.018209,-0.065199,-0.01501,-0.02586,0.001554,0.000967
0,0.145873,-0.016606,0.086067,-0.046717,0.12971,-0.09617,0.002546,0.000967
0,-0.029782,0.140007,-0.187387,0.162882,-0.205396,0.129798,0.00052,0.000967
0,-0.035584,-0.025114,0.011186,-0.185274,0.035028,-0.157766,0.000621,0.000967
0,-0.015558,-0.027313,0.038527,-0.005552,0.039719,-0.021294,0.000272,0.000967
0,-0.020112,-0.056344,-0.020467,-0.026792,0.026226,0.006104,0.000351,0.000983
0,0.003178,0.137715,0.026721,0.1807,-0.017126,0.190397,5.5e-05,0.000967
0,0.001229,-0.132851,-0.005105,-0.257576,0.036458,-0.213304,2.1e-05,0.002319
0,-0.016831,0.006817,0.002912,0.164208,0.036309,0.1965,0.000294,0.000967
0,0.12894,-0.016983,0.146301,-0.009403,0.170265,0.003421,0.00225,0.000967
0,0.143052,-0.013683,0.007294,-0.010256,0.050227,-0.020784,0.002497,0.000967
0,-0.038267,0.069364,-0.171596,0.07907,-0.198834,0.032795,0.000668,0.000967
0,0.156092,-0.190187,0.198356,-0.25459,0.220655,-0.2782,0.002724,0.003319
0,0.217084,-0.123847,0.059977,0.052568,0.09814,0.098035,0.003789,0.002162
0,0.05906,-0.037333,-0.169893,0.109105,-0.148435,0.108065,0.001031,0.000967
0,-0.052123,-0.037697,-0.101968,-0.008857,-0.120639,0.002418,0.00091,0.000967
0,0.026442,-0.159123,0.082534,-0.13518,0.125966,-0.13496,0.000461,0.002777
0,0.006238,-0.045497,-0.029238,0.143441,-0.062344,0.100843,0.000109,0.000967
0,0.070428,0.053284,0.092814,0.09009,0.130132,0.116536,0.001229,0.000967
0,-0.024555,-0.09353,-0.103417,-0.118481,-0.077539,-0.157389,0.000429,0.001632
0,0.055538,0.064862,0.09084,0.137585,0.136397,0.094782,0.000969,0.000967
0,-0.022047,-0.094119,-0.097219,-0.180265,-0.079834,-0.136673,0.000385,0.001643
0,0.047661,0.03635,0.062016,0.124284,0.037162,0.128373,0.000832,0.000967
0,0.16036,-0.02101,0.139596,-0.053008,0.172009,-0.054664,0.002799,0.000967
0,-0.014209,0.037357,-0.169331,0.041921,-0.202954,0.046902,0.000248,0.000967
0,0.053293,-0.124469,0.050867,-0.160458,0.009716,-0.156012,0.00093,0.002172
0,0.136041,-0.127735,0.067127,0.020027,0.058553,0.02326,0.002374,0.002229
0,0.009385,0.051243,-0.140438,0.167305,-0.159599,0.175077,0.000164,0.000967
0,0.148728,0.008539,0.153087,-0.02409,0.159695,-0.036421,0.002596,0.000967
0,0.067851,-0.104088,-0.096257,-0.096591,-0.056903,-0.134112,0.001184,0.001817
0,0.022333,-0.120953,-0.057744,0.01171,-0.088791,0.040147,0.00039,0.002111
0,0.037983,-0.184645,0.019853,-0.035294,0.054461,-0.078935,0.000663,0.003223
0,0.06514,0.056583,-0.002446,0.250399,-0.047656,0.221346,0.001137,0.000967
0,-0.14813,0.063435,-0.236952,-0.01331,-0.195252,-0.014517,0.002585,0.000967
0,-0.057759,-0.139553,0.09127,-0.183398,0.050005,-0.196215,0.001008,0.002436
0,-0.026975,-0.091026,0.006781,0.029905,-0.041296,0.006293,0.000471,0.001589
0,-0.25749,-0.044821,-0.217434,0.045562,-0.184228,0.042439,0.004494,0.000967
0,-0.183518,-0.177778,0.085254,-0.138919,0.11535,-0.138497,0.003203,0.003103
0,-0.027832,-0.128647,0.17843,0.038656,0.210619,0.000983,0.000486,0.002245
0,-0.039479,0.085002,-0.004393,0.227597,-0.029052,0.181991,0.000689,0.000967
0,-0.142565,-0.072012,-0.106222,-0.180286,-0.090375,-0.176785,0.002488,0.001257
0,-0.059574,-0.083816,0.060695,-0.037266,0.012258,-0.059421,0.00104,0.001463
0,0.027414,-0.082023,0.101222,0.021353,0.075838,0.023433,0.000478,0.001432
0,-0.074205,-0.002126,-0.130255,0.089648,-0.12867,0.054787,0.001295,0.000967
0,-0.105345,0.058708,-0.060905,0.047896,-0.033055,0.078351,0.001839,0.000967
0,-0.142186,-0.146189,-0.048818,-0.198694,-0.037096,-0.245808,0.002482,0.002551
0,-0.174195,-0.024109,-0.023414,0.092495,0.001018,0.080488,0.00304,0.000967
0,-0.183885,-0.1406,-0.011209,-0.098092,-0.011849,-0.083377,0.003209,0.002454
0,0.100438,-0.111473,0.285766,0.028578,0.318181,0.027081,0.001753,0.001946
0,-0.143535,0.030621,-0.248688,0.165045,-0.273266,0.119696,0.002505,0.000967
0,-0.15446,0.114178,-0.013427,0.081187,-0.007844,0.101941,0.002696,0.000967
0,0.126993,0.062649,0.270763,-0.030488,0.25598,-0.055654,0.002216,0.000967
0,0.112098,0.087233,-0.041644,0.042222,-0.059383,0.07081,0.001956,0.000967
0,-0.099037,-0.06278,-0.18885,-0.125968,-0.220936,-0.102351,0.001729,0.001096
0,0.107309,0.097955,0.181213,0.13459,0.163008,0.111941,0.001873,0.000967
0,0.167985,0.078365,0.072532,0.000883,0.078454,-0.048282,0.002932,0.000967
0,0.206736,-0.161648,0.010351,-0.26589,0.036126,-0.287237,0.003608,0.002821
0,0.025671,0.006508,-0.202119,0.157914,-0.160284,0.174142,0.000448,0.000967
0,0.085839,0.002125,0.085854,-0.030757,0.079958,-0.036924,0.001498,0.000967
0,0.073938,-0.121355,0.000606,-0.121786,-0.033474,-0.13329,0.00129,0.002118
0,0.179977,0.094581,0.133077,0.243606,0.091251,0.246815,0.003141,0.000967
0,0.08121,-0.094935,-0.100162,-0.19688,-0.128654,-0.199107,0.001417,0.001657
0,-0.035179,-0.012251,-0.11546,0.08959,-0.147866,0.069,0.000614,0.000967
0,0.156815,0.08724,0.219538,0.085277,0.219909,0.087705,0.002737,0.000967
0,0.12626,-0.161916,-0.014983,-0.270922,0.012357,-0.315335,0.002204,0.002826
0,0.077121,-0.135056,-0.033129,0.020181,-0.041447,0.042199,0.001346,0.002357
0,-0.036441,-0.124371,-0.119909,-0.009754,-0.083426,-0.033401,0.000636,0.002171
0,-0.094697,-0.093068,-0.044166,0.009476,-0.012538,0.047268,0.001653,0.001624
0,0.057313,0.131607,0.131505,0.214571,0.102678,0.261647,0.001,0.000967
0,-0.024934,0.156703,-0.108475,-0.00222,-0.146038,0.036769,0.000435,0.000967
0,-0.073029,0.037798,-0.031597,-0.110491,-0.056552,-0.143981,0.001275,0.000967
0,-0.038151,0.118954,0.024215,0.103839,0.020771,0.070142,0.000666,0.000967
0,0.054605,0.020139,0.077398,-0.086507,0.073435,-0.047834,0.000953,0.000967
0,0.171425,-0.037066,0.101444,-0.053,0.132149,-0.005538,0.002992,0.000967
0,-0.078054,0.000604,-0.239915,0.03303,-0.199484,0.032266,0.001362,0.000967
0,0.053157,-0.084611,0.113772,-0.073082,0.115189,-0.051537,0.000928,0.001477
0,0.089986,-0.007822,0.015897,0.069321,0.063958,0.098251,0.001571,0.000967
0,0.047468,-0.025264,-0.052121,0.007942,-0.041883,0.023326,0.000828,0.000967
0,-0.022253,0.072667,-0.041463,0.10984,-0.016127,0.067888,0.000388,0.000967
0,-0.065821,0.009806,-0.020309,-0.057593,-0.01127,-0.047501,0.001149,0.000967
0,0.062131,0.119225,0.144141,0.126269,0.162397,0.097378,0.001084,0.000967
0,-0.107789,0.026795,-0.199481,-0.114411,-0.201297,-0.131923,0.001881,0.000967
0,-0.151039,0.069595,-0.02973,0.015274,0.011029,0.000122,0.002636,0.000967
0,-0.130541,0.097806,-0.00686,0.052498,0.013331,0.005763,0.002278,0.000967
0,-0.05782,0.163353,0.05721,0.062593,0.062451,0.07545,0.001009,0.000967
0,-0.035441,0.098712,0.032699,-0.064467,0.000786,-0.052036,0.000619,0.000967
0,0.032759,0.130697,0.050807,0.023171,0.001515,0.068321,0.000572,0.000967
0,-0.064881,0.015609,-0.100305,-0.112484,-0.082601,-0.084367,0.001132,0.000967
0,0.080389,-0.044801,0.1355,-0.080609,0.131558,-0.123113,0.001403,0.000967
0,0.084617,0.122371,0.007697,0.158827,-0.030707,0.185236,0.001477,0.000967
0,0.048514,0.128526,-0.049163,-0.000933,-0.071895,-0.005533,0.000847,0.000967
0,0.14019,-0.033512,0.107084,-0.173549,0.063477,-0.197004,0.002447,0.000967
0,0.083565,-0.116372,-0.02927,-0.053064,0.015553,-0.048789,0.001458,0.002031
0,-0.029984,0.013538,-0.11987,0.134841,-0.118303,0.169859,0.000523,0.000967
0,0.014302,0.197685,0.042858,0.196329,0.038801,0.156573,0.00025,0.000967
0,0.185096,0.165156,0.148088,-0.014799,0.183859,0.018333,0.003231,0.000967
0,-0.011505,0.077005,-0.17851,-0.08877,-0.16129,-0.071279,0.000201,0.000967
0,0.016342,0.038236,0.031392,-0.011941,0.073942,-0.024396,0.000285,0.000967
0,0.065645,0.094299,0.043193,0.027516,-0.001067,0.022685,0.001146,0.000967
0,0.109076,-0.018905,0.052755,-0.110264,0.008813,-0.084703,0.001904,0.000967
0,0.304733,0.055604,0.22158,0.088203,0.201157,0.069377,0.005319,0.000967
0,0.027055,0.08389,-0.277289,0.017407,-0.320252,-0.029538,0.000472,0.000967
0,0.117971,-0.091517,0.100718,-0.163623,0.079231,-0.123291,0.002059,0.001597
0,0.276712,0.093886,0.181813,0.178751,0.228493,0.202139,0.00483,0.000967
0,-0.002675,0.178188,-0.281287,0.094122,-0.276205,0.133181,4.7e-05,0.000967
0,0.290991,-0.013355,0.291979,-0.216855,0.278818,-0.184945,0.005079,0.000967
0,0.172691,0.147111,-0.136358,0.172044,-0.108546,0.134606,0.003014,0.000967
0,0.275746,0.151847,0.12042,-0.000871,0.167366,0.034337,0.004813,0.000967
0,0.165502,0.166765,-0.084183,0.027025,-0.053254,0.036461,0.002889,0.000967
0,0.101823,0.026094,-0.042569,-0.163723,-0.070202,-0.165668,0.001777,0.000967
0,0.204763,0.027863,0.092549,0.0239,0.087094,-0.014435,0.003574,0.000967
0,0.171275,-0.061556,-0.024886,-0.062016,-0.044476,-0.038621,0.002989,0.001074
0,0.250339,0.058393,0.051581,0.118634,0.090667,0.084915,0.004369,0.000967
0,0.069731,0.082015,-0.182227,0.018364,-0.194486,-0.01331,0.001217,0.000967
0,0.077338,0.131923,0.024934,0.072298,-0.018461,0.083217,0.00135,0.000967
0,0.218361,-0.129726,0.157088,-0.261474,0.172884,-0.222539,0.003811,0.002264
0,0.144562,-0.178845,-0.045756,-0.03085,-0.012882,-0.048643,0.002523,0.003121
0,-0.101552,0.076762,-0.248648,0.243782,-0.269,0.259897,0.001772,0.000967
0,0.113304,0.095211,0.233797,0.001602,0.282058,0.019012,0.001978,0.000967
0,0.0781,0.004703,-0.052046,-0.11128,-0.04236,-0.131879,0.001363,0.000967
0,-0.039377,0.011985,-0.106169,0.009808,-0.090878,0.017073,0.000687,0.000967
0,-0.04172,0.002122,-0.008675,-0.01525,-0.029543,-0.003888,0.000728,0.000967
0,0.067403,-0.070684,0.131594,-0.062894,0.136256,-0.079615,0.001176,0.001234
0,0.010442,0.052384,-0.063041,0.136505,-0.032849,0.109882,0.000182,0.000967
0,-0.011691,0.00502,-0.005566,-0.058101,-0.022103,-0.062939,0.000204,0.000967
0,0.112019,-0.123968,0.152234,-0.143766,0.192684,-0.170753,0.001955,0.002164
0,0.126042,0.013341,0.033513,0.162687,0.020948,0.144303,0.0022,0.000967
0,0.042956,-0.144873,-0.084647,-0.170016,-0.105121,-0.174911,0.00075,0.002529
0,-0.020702,-0.226142,-0.045819,-0.100899,-0.068274,-0.123828,0.000361,0.003947
0,0.101805,-0.166002,0.096282,0.048587,0.112427,0.095064,0.001777,0.002897
0,0.022125,-0.083696,-0.077308,0.055846,-0.122159,0.045732,0.000386,0.001461
0,0.154655,-0.232265,0.141029,-0.140899,0.105147,-0.110089,0.002699,0.004054
0,-0.066892,-0.042365,-0.198804,0.180624,-0.236628,0.1849,0.001167,0.000967
0,-0.069959,-0.078755,0.025634,-0.061043,-0.022687,-0.023574,0.001221,0.001375
0,-0.102176,-0.041024,-0.027711,0.038489,-0.062568,0.085888,0.001783,0.000967
0,-0.13535,-0.106724,-0.059127,-0.045038,-0.106424,-0.018001,0.002362,0.001863
0,-0.180581,-0.030618,-0.058076,0.047121,-0.106316,0.029288,0.003152,0.000967
0,0.024144,-0.00558,0.181719,0.023595,0.224714,0.026339,0.000421,0.000967
0,-0.055282,-0.137879,-0.075715,-0.157898,-0.030918,-0.133822,0.000965,0.002406
0,-0.16477,-0.163402,-0.118894,-0.04649,-0.14638,-0.009212,0.002876,0.002852
0,0.053156,-0.005566,0.192983,0.158598,0.164368,0.163009,0.000928,0.000967
0,0.048572,-0.03113,0.006846,-0.015869,0.021037,0.00055,0.000848,0.000967
0,0.12236,-0.154357,0.076933,-0.142111,0.116223,-0.125906,0.002136,0.002694
0,0.072695,-0.106983,-0.032517,0.046458,-0.046539,0.030139,0.001269,0.001867
0,-0.095183,-0.212353,-0.165596,-0.1296,-0.181967,-0.128677,0.001661,0.003706
0,0.018716,-0.188892,0.137885,0.035575,0.156471,0.053587,0.000327,0.003297
0,0.048276,-0.18989,0.043278,0.019309,0.019135,0.015778,0.000843,0.003314
0,-0.083117,-0.136373,-0.106061,0.070057,-0.091053,0.043507,0.001451,0.00238
0,-0.167804,-0.112902,-0.069907,0.039886,-0.095698,0.085379,0.002929,0.001971
0,-0.009947,-0.090647,0.159326,0.047771,0.127205,0.009663,0.000174,0.001582
0,0.014043,-0.050621,0.027807,0.038317,0.002647,0.022259,0.000245,0.000967
0,-0.081515,-0.042698,-0.074509,-0.009404,-0.115174,-0.019692,0.001423,0.000967
0,-0.120524,-0.085604,-0.04787,-0.048514,-0.095555,-0.030819,0.002104,0.001494
0,0.141783,0.139294,0.28847,0.229098,0.285135,0.198151,0.002475,0.000967
0,0.09632,0.070625,-0.029462,-0.095154,0.005872,-0.112057,0.001681,0.000967
0,-0.088317,0.038595,-0.1812,-0.022461,-0.222015,0.022684,0.001541,0.000967
0,-0.121868,-0.109162,-0.036848,-0.132635,0.000687,-0.136151,0.002127,0.001905
0,0.107479,-0.018528,0.213588,0.090933,0.173624,0.044848,0.001876,0.000967
0,0.058749,0.029595,-0.053381,0.062649,-0.058713,0.040905,0.001025,0.000967
0,-0.013575,0.048219,-0.072619,0.02194,-0.09207,0.041146,0.000237,0.000967
0,-0.196023,0.062065,-0.1712,0.013542,-0.208157,0.060264,0.003421,0.000967
0,-0.180979,0.025104,-0.001038,-0.052674,0.028717,-0.051743,0.003159,0.000967
0,-0.149303,-0.145897,0.043967,-0.196803,-0.005389,-0.227348,0.002606,0.002546
0,0.096362,-0.082416,0.260672,0.081433,0.245915,0.055632,0.001682,0.001438
0,-0.144156,-0.042869,-0.242043,0.040156,-0.19849,0.021614,0.002516,0.000967
0,-0.082534,-0.09739,0.058558,-0.062489,0.06428,-0.051385,0.00144,0.0017
0,0.087266,0.006783,0.169372,0.12571,0.157709,0.094516,0.001523,0.000967
0,-0.091277,0.032869,-0.203655,0.052585,-0.169289,0.096441,0.001593,0.000967
0,0.075621,0.155052,0.193299,0.145713,0.189368,0.146433,0.00132,0.000967
0,0.080834,0.011165,-0.008604,-0.148337,-0.051909,-0.192926,0.001411,0.000967
0,-0.142265,0.17188,-0.24436,0.164441,-0.248623,0.184315,0.002483,0.000967
0,-0.046936,0.059999,0.096831,-0.133901,0.098502,-0.144626,0.000819,0.000967
0,-0.079263,-0.032164,-0.025633,-0.078698,-0.027014,-0.123608,0.001383,0.000967
0,0.017463,-0.057139,0.114789,-0.001029,0.146498,-0.002383,0.000305,0.000997
0,0.016453,-0.120053,0.026333,-0.057596,0.031644,-0.007926,0.000287,0.002095
0,-0.141132,-0.115628,-0.156255,-0.023147,-0.176185,-0.069405,0.002463,0.002018
0,0.031982,-0.133213,0.157448,-0.034573,0.127275,-0.061568,0.000558,0.002325
0,-0.097252,0.046851,-0.13477,0.207503,-0.10247,0.192304,0.001697,0.000967
0,0.006905,-0.122061,0.120965,-0.156342,0.117589,-0.129516,0.000121,0.00213
0,0.112286,-0.009696,0.076892,0.137354,0.090485,0.112892,0.00196,0.000967
0,-0.07623,-0.095435,-0.181089,-0.105969,-0.157863,-0.067626,0.00133,0.001666
0,0.052707,-0.164659,0.153672,-0.079269,0.183211,-0.128827,0.00092,0.002874
0,-0.012706,0.116605,-0.043888,0.25662,-0.054358,0.212638,0.000222,0.000967
0,0.175306,0.000831,0.158574,-0.090178,0.207518,-0.107891,0.00306,0.000967
0,0.073424,0.05011,-0.106599,0.030717,-0.061937,0.018681,0.001281,0.000967
0,-0.073638,0.022121,-0.13348,-0.002195,-0.175974,0.028748,0.001285,0.000967
0,0.093384,0.031069,0.167836,-0.00299,0.137188,-0.017705,0.00163,0.000967
0,-0.004206,0.004902,-0.06967,-0.023635,-0.097155,-0.041102,7.3e-05,0.000967
0,-0.004394,0.09395,-0.028007,0.073008,-0.071017,0.110433,7.7e-05,0.000967
0,0.24871,-0.017819,0.261901,-0.137141,0.261712,-0.138536,0.004341,0.000967
0,0.159722,0.117923,-0.098152,0.153313,-0.089478,0.106606,0.002788,0.000967
0,0.084356,-0.067415,-0.080758,-0.210952,-0.107008,-0.173771,0.001472,0.001177
0,0.074502,-0.039331,0.012083,0.054852,0.002005,0.050033,0.0013,0.000967
0,0.032659,-0.116814,-0.015557,-0.057724,0.004637,-0.065736,0.00057,0.002039
0,-0.088059,0.113257,-0.138404,0.251369,-0.137395,0.210007,0.001537,0.000967
0,0.008819,0.133822,0.089774,0.005118,0.122518,-0.014786,0.000154,0.000967
0,-0.063387,-0.083871,-0.072312,-0.200027,-0.078414,-0.169385,0.001106,0.001464
0,0.040704,0.093961,0.098252,0.178267,0.100344,0.195993,0.00071,0.000967
0,0.020612,0.086046,0.001508,-0.010493,-0.013541,0.035542,0.00036,0.000967
0,0.053701,-0.109073,0.043231,-0.197156,-0.004262,-0.219673,0.000937,0.001904
0,0.01544,0.083384,-0.01904,0.187827,-0.061728,0.164434,0.000269,0.000967
0,-0.090298,-0.064119,-0.111566,-0.133094,-0.076846,-0.133604,0.001576,0.001119
0,-0.171906,-0.06899,-0.099714,-0.032847,-0.130743,-0.021736,0.003,0.001204
0,0.060297,0.090321,0.210398,0.172256,0.189747,0.138877,0.001052,0.000967
0,-1.294765,-0.958006,-1.344177,-1.046134,-1.382707,-1.027444,0.001583,0.00463
0,-2.123933,-1.061659,-0.846821,-0.084992,-0.896212,-0.110967,0.000798,0.005652
0,-3.374867,-1.507592,-1.272528,-0.422364,-1.26287,-0.430299,0.00155,0.002131
0,-7.099563,-1.123464,-3.698073,0.377784,-3.658469,0.406851,0.003006,0.004573
0,-8.617412,-0.923577,-1.542483,0.208747,-1.539506,0.19754,0.005316,0.004029
0,-8.488316,-0.494647,0.123432,0.454531,0.167638,0.473413,0.003063,0.003457
0,-7.478429,-0.248021,1.037406,0.256784,1.046406,0.245664,0.002472,0.004329
0,-5.882511,-0.141976,1.574722,0.100707,1.566053,0.134747,0.005945,0.002478
0,-4.262016,-0.0469,1.612607,0.115622,1.577917,0.155129,0.001843,0.000819
0,-1.877018,-0.074791,2.406177,-0.020308,2.39203,0.010909,0.003511,0.001305
0,-0.883676,-0.172164,0.99496,-0.119226,1.031794,-0.104113,0.003333,0.003005
0,-0.212221,0.117951,0.654384,0.275405,0.649586,0.296225,0.003704,0.002059
0,0.948202,-0.103987,1.14782,-0.239656,1.171403,-0.282538,0.004459,0.001815
0,1.495044,0.093043,0.555393,0.221094,0.570209,0.179996,0.001912,0.001624
0,1.674481,0.125334,0.184518,0.025892,0.222253,-0.000884,0.005044,0.002187
0,1.324385,0.06553,-0.355238,-0.05104,-0.374016,-0.04522,0.001066,0.001144
0,1.322131,0.08283,0.015998,0.015786,-0.017271,0.030297,0.001105,0.001446
0,0.890467,-0.067403,-0.433966,-0.137175,-0.429252,-0.160057,0.003451,0.001176
0,0.546298,7.6e-05,-0.323048,0.038363,-0.330037,0.014154,0.002556,1e-06
0,0.596347,-0.09806,0.070429,-0.111855,0.046543,-0.093845,0.001682,0.001711
0,0.30538,-0.048943,-0.315969,0.035262,-0.320812,0.0826,0.00533,0.000854
0,0.18352,0.049322,-0.142804,0.076991,-0.128038,0.066586,0.003203,0.000861
0,-0.122615,-0.004381,-0.33078,-0.056541,-0.308243,-0.101874,0.00214,7.6e-05
0,-0.056893,0.143481,0.078155,0.150105,0.10161,0.127833,0.000993,0.002504
0,-0.262241,-0.009729,-0.216877,-0.1408,-0.220203,-0.181831,0.004577,0.00017
0,-0.343446,0.07409,-0.08022,0.110769,-0.04998,0.073535,0.005994,0.001293
0,-0.169039,-0.009176,0.188752,-0.078918,0.203758,-0.123659,0.00295,0.00016
0,-0.188633,0.052809,-0.015372,0.079574,-0.059056,0.103312,0.003292,0.000922
0,-0.169754,0.046378,-0.002354,-0.002123,0.038899,0.044292,0.002963,0.000809
0,-0.358942,-0.017519,-0.176265,-0.08988,-0.170599,-0.103436,0.005826,0.000306
0,-0.284193,0.136698,0.099697,0.137986,0.130473,0.175109,0.00496,0.002386
0,-0.14668,-0.051915,0.153043,-0.175469,0.180636,-0.182354,0.00256,0.000906
0,-0.1399,-0.101309,-0.002974,-0.023716,-0.009761,-0.067225,0.002442,0.001768
0,0.025306,0.108664,0.162656,0.210922,0.176985,0.212653,0.000442,0.001897
0,-0.084677,0.019688,-0.103663,-0.05966,-0.11854,-0.058838,0.001478,0.000344
0,0.023927,0.144323,0.090703,0.103966,0.118618,0.074577,0.000418,0.002519
0,-0.131788,-0.096613,-0.137837,-0.248902,-0.156858,-0.227802,0.0023,0.001686
0,-0.104064,0.037949,0.054096,0.105311,0.068257,0.118737,0.001816,0.000662
0,-0.000748,0.025994,0.077634,-0.02306,0.068304,-0.026183,1.3e-05,0.000454
0,-0.007458,0.111041,0.020245,0.088119,-0.019582,0.068212,0.00013,0.001938
0,-0.134837,-0.018964,-0.100069,-0.126152,-0.050245,-0.089364,0.002353,0.000331
0,-0.079834,0.062332,0.080643,0.055951,0.041587,0.105722,0.001393,0.001088
0,-0.07409,-0.052436,-0.016028,-0.140347,0.030859,-0.173117,0.001293,0.000915
0,-3.391872,-0.861985,-3.338412,-0.799803,-3.289664,-0.776543,0.001253,0.002954
0,-3.708899,-1.572966,-0.300407,-0.732641,-0.264242,-0.696621,0.00428,0.003272
0,-3.708377,-1.839125,0.021232,-0.281523,0.025898,-0.314777,0.004271,0.004173
0,-3.381765,-2.24657,0.338489,-0.378963,0.349603,-0.385544,0.001429,0.002939
0,-2.704398,-2.074144,0.695041,0.14918,0.678577,0.198783,0.001161,7.1e-05
0,-1.934344,-1.575058,0.771831,0.506853,0.793405,0.543205,0.002511,0.003309
0,-1.015219,-1.066455,0.922343,0.483197,0.923613,0.435487,0.005628,0.005568
0,-0.603368,-0.750779,0.435137,0.315763,0.44587,0.333699,0.00156,0.001013
0,-0.509021,-0.676032,0.080037,0.068821,0.046047,0.027302,0.003206,0.000292
0,-0.238797,-0.407077,0.275587,0.241216,0.231778,0.268175,0.004168,0.004986
0,0.025314,-0.028757,0.23956,0.377521,0.280314,0.379133,0.000442,0.000502
0,0.133788,-0.151287,0.134462,-0.110081,0.097638,-0.106606,0.002335,0.00264
0,0.272624,0.122762,0.130352,0.282317,0.170184,0.267793,0.004758,0.002143
0,0.228264,0.106626,-0.07205,-0.015461,-0.11458,-0.03125,0.003984,0.001861
0,0.1878,0.188693,-0.063495,0.084398,-0.060049,0.089488,0.003278,0.003293
0,0.30524,0.001008,0.122892,-0.197423,0.135579,-0.161729,0.005327,1.8e-05
0,0.23998,0.198934,-0.056548,0.209784,-0.011068,0.165834,0.004188,0.003472
0,0.248796,0.098628,-0.00595,-0.109265,0.021159,-0.066614,0.004342,0.001721
0,0.25781,0.234424,-0.016957,0.1459,-0.027048,0.168896,0.0045,0.004091
0,0.337569,0.170143,0.068718,-0.059052,0.116175,-0.092565,0.005892,0.00297
0,0.181334,0.060247,-0.160393,-0.102327,-0.125202,-0.082343,0.003165,0.001052
0,0.26292,0.214303,0.0993,0.136221,0.11439,0.160883,0.004589,0.00374
0,0.152836,0.180099,-0.081975,-0.025422,-0.058708,-0.014212,0.002667,0.003143
0,0.225136,0.188955,0.088321,-0.006586,0.121455,0.022287,0.003929,0.003298
0,0.217906,0.226781,-0.035345,0.055437,-0.039807,0.085618,0.003803,0.003958
0,0.344869,0.112461,0.150509,-0.087478,0.114436,-0.108298,0.006019,0.001963
0,0.16561,0.040142,-0.154406,-0.054205,-0.113633,-0.007149,0.00289,0.000701
0,0.157754,0.107303,-0.001752,0.059684,0.03114,0.013237,0.002753,0.001873
0,0.270854,0.018765,0.135903,-0.069142,0.158201,-0.118037,0.004727,0.000328
0,0.31208,0.264664,0.019802,0.223336,0.059081,0.21732,0.005447,0.004619
0,0.45847,0.096845,0.174384,-0.150281,0.205641,-0.136393,0.004089,0.00169
0,0.356585,0.132453,-0.074804,0.042591,-0.123713,0.008902,0.005867,0.002312
0,0.020911,0.100605,-0.361,-0.011985,-0.356059,-0.000264,0.000365,0.001756
0,0.066671,0.057082,0.0222,-0.020191,0.028236,-0.045827,0.001164,0.000996
0,-0.097389,0.241647,-0.141215,0.161888,-0.121338,0.140857,0.0017,0.004218
0,-0.068832,0.224681,0.003891,-0.010958,0.035028,-0.035816,0.001201,0.003921
0,-0.150281,0.017194,-0.059842,-0.232236,-0.067003,-0.278439,0.002623,0.0003
0,-0.18811,-0.025891,-0.011067,-0.070307,-0.018913,-0.040929,0.003283,0.000452
0,-0.145283,0.061422,0.057531,0.07418,0.098849,0.058483,0.002536,0.001072
0,-0.050736,0.185911,0.109863,0.135734,0.076401,0.102479,0.000886,0.003245
0,0.112211,0.095613,0.145945,-0.110178,0.159864,-0.157045,0.001958,0.001669
0,-0.075064,0.143016,-0.183448,0.025075,-0.184346,0.028682,0.00131,0.002496
0,-0.048292,0.237177,0.051296,0.065976,0.031839,0.097232,0.000843,0.00414
0,0.073629,0.219405,0.107313,-0.03003,0.156352,-0.009549,0.001285,0.003829
0,-0.198308,-0.009437,-0.24371,-0.257298,-0.245667,-0.295004,0.003461,0.000165
0,-0.154959,-0.024901,0.017963,-0.040174,0.001764,-0.004318,0.002705,0.000435
0,-0.034877,0.07199,0.103069,0.091114,0.140249,0.082905,0.000609,0.001256
0,-0.031258,0.042123,-0.020037,-0.05244,0.008063,-0.08315,0.000546,0.000735
0,-0.207223,0.156986,-0.198327,0.120839,-0.18036,0.146755,0.003617,0.00274
0,-0.159343,0.182762,0.038437,0.04485,0.074061,0.00863,0.002781,0.00319
0,-0.10149,0.102958,0.078758,-0.087474,0.106033,-0.049036,0.001771,0.001797
0,-0.104997,0.108071,-0.00489,0.019003,0.023468,0.04171,0.001833,0.001886
0,-0.200205,0.070215,-0.065871,-0.052224,-0.084876,-0.056541,0.003494,0.001225
0,-0.12518,-0.021129,0.097372,-0.088646,0.12538,-0.060964,0.002185,0.000369
0,-0.056803,0.133995,0.093624,0.1282,0.077149,0.163686,0.000991,0.002339
0,-0.102853,0.01151,-0.034134,-0.117482,-0.005695,-0.154595,0.001795,0.000201
0,-0.131742,0.073636,-0.004153,0.085704,-0.043537,0.039987,0.002299,0.001285
0,0.045809,0.170774,0.198007,0.125348,0.210348,0.112201,0.0008,0.002981
0,-0.034245,0.154967,-0.054768,0.000352,-0.095912,0.036027,0.000598,0.002705
0,0.109557,0.07672,0.127679,-0.08907,0.153779,-0.067514,0.001912,0.001339
0,-0.151684,0.19503,-0.242779,0.094275,-0.208598,0.101186,0.002647,0.003404
0,-0.140921,0.048318,-0.012887,-0.159156,-0.014157,-0.15097,0.00246,0.000843
0,-0.103369,-0.080025,0.067496,-0.151817,0.095219,-0.175247,0.001804,0.001397
0,-0.09342,-0.063921,0.003021,-0.012697,0.003806,-0.025808,0.00163,0.001116
0,-0.043727,0.109156,0.066905,0.173587,0.0508,0.169441,0.000763,0.001905
0,0.076248,0.023091,0.122505,-0.066614,0.156611,-0.021791,0.001331,0.000403
0,0.037347,0.195284,-0.034616,0.150345,-0.006684,0.191865,0.000652,0.003408
0,-0.01515,0.038313,-0.08086,-0.169008,-0.058645,-0.215598,0.000264,0.000669
0,0.120077,0.120842,0.127788,0.107932,0.152955,0.132647,0.002096,0.002109
0,0.026928,0.159702,-0.094627,0.011125,-0.089057,-0.017261,0.00047,0.002787
0,-0.137122,0.112095,-0.184265,-0.041656,-0.187057,-0.057758,0.002393,0.001956
0,0.088259,-0.06267,0.204765,-0.150166,0.242141,-0.17578,0.00154,0.001094
0,0.031848,-0.092834,-0.048031,-0.003313,-0.062521,0.013745,0.000556,0.00162
0,0.154827,0.167245,0.135,0.255101,0.134563,0.304343,0.002702,0.002919
0,0.187897,0.107485,0.03977,-0.055763,-0.005671,-0.059514,0.003279,0.001876
0,-0.045455,0.019324,-0.223052,-0.107878,-0.235426,-0.155255,0.000793,0.000337
0,-0.068397,0.090261,-0.011629,0.067399,-0.040394,0.022026,0.001194,0.001575
0,-0.055794,0.139785,0.032809,0.024104,0.000471,0.019824,0.000974,0.00244
0,-0.006954,-0.086125,0.045092,-0.233573,0.063949,-0.209953,0.000121,0.001503
0,0.0724,0.009204,0.059474,0.096549,0.021893,0.057048,0.001264,0.000161
0,-0.057067,-0.074574,-0.141343,-0.102315,-0.149579,-0.133289,0.000996,0.001302
0,0.145707,-0.13546,0.217772,-0.035099,0.206337,-0.055142,0.002543,0.002364
0,-0.093974,-0.057832,-0.230954,0.070684,-0.267697,0.106898,0.00164,0.001009
0,-0.02756,-0.015419,0.075663,0.040802,0.107774,0.049128,0.000481,0.000269
0,-0.004035,-0.006321,0.006694,-0.003856,0.027723,-0.044042,7e-05,0.00011
0,0.089233,-0.070597,0.097887,-0.050634,0.078713,-0.011447,0.001557,0.001232
0,-0.047173,0.074217,-0.138287,0.172987,-0.13633,0.148736,0.000823,0.001295
0,-0.083066,-0.144675,-0.065547,-0.212221,-0.097744,-0.248941,0.00145,0.002525
0,0.038833,-0.135399,0.1488,-0.007044,0.190931,0.009042,0.000678,0.002363
0,0.145447,-0.070957,0.09381,0.035038,0.133249,0.003222,0.002539,0.001238
0,0.117288,-0.022965,-0.003217,0.058623,-0.03576,0.078315,0.002047,0.000401
0,0.195051,-0.007857,0.071257,0.0314,0.030667,0.044159,0.003404,0.000137
0,-0.029644,-0.044347,-0.204553,-0.015064,-0.218121,-0.062778,0.000517,0.000774
0,-0.112579,0.08851,-0.056625,0.130708,-0.082882,0.122487,0.001965,0.001545
0,0.023477,0.031109,0.124568,-0.057137,0.17265,-0.10074,0.00041,0.000543
0,0.216512,0.128876,0.213888,0.104153,0.19609,0.075067,0.003779,0.002249
0,0.093336,0.161298,-0.117652,0.062179,-0.080209,0.103957,0.001629,0.002815
0,0.076636,-0.112903,-0.037159,-0.287564,-0.017901,-0.324549,0.001338,0.001971
0,0.055112,-0.036422,0.005853,0.078564,-0.003018,0.077088,0.000962,0.000636
0,0.037267,0.091121,0.000729,0.147701,-0.031557,0.113732,0.00065,0.00159
0,-0.117825,-0.134874,-0.131478,-0.231163,-0.175796,-0.26926,0.002056,0.002354
0,-0.013604,-0.2186,0.08353,-0.084933,0.060919,-0.088502,0.000237,0.003815
0,-0.029757,-0.040334,0.006527,0.206131,-0.02926,0.166305,0.000519,0.000704
0,0.227321,-0.095702,0.277427,-0.057425,0.244587,-0.025105,0.003968,0.00167
0,-0.092325,0.065244,-0.316948,0.137386,-0.286717,0.128579,0.001611,0.001139
0,0.215406,0.119132,0.29325,0.0532,0.28848,0.077654,0.00376,0.002079
0,0.159345,-0.043486,-0.058577,-0.177338,-0.015555,-0.19595,0.002781,0.000759
0,0.028757,0.020546,-0.153698,0.077579,-0.179225,0.089457,0.000502,0.000359
0,0.215668,-0.12591,0.210963,-0.158778,0.232043,-0.207343,0.003764,0.002198
0,0.251029,0.021001,0.017001,0.134119,0.036342,0.148792,0.004381,0.000367
0,0.212932,-0.035223,-0.048779,-0.048767,-0.092089,-0.094991,0.003716,0.000615
0,0.175853,-0.166772,-0.028551,-0.135016,-0.056453,-0.150374,0.003069,0.002911
0,-0.023632,-0.123399,-0.180014,0.022421,-0.157264,0.01342,0.000412,0.002154
0,0.097276,-0.134176,0.138226,-0.033784,0.11096,-0.044635,0.001698,0.002342
0,0.129288,-0.088576,0.040312,0.053918,-0.00462,0.037495,0.002257,0.001546
0,-0.079608,-0.107993,-0.206191,0.005895,-0.165609,0.051189,0.001389,0.001885
0,-2.40339,0.14253,-2.340276,0.235457,-2.360831,0.228904,0.005676,0.002488
0,-2.340116,0.561801,0.085494,0.425058,0.122424,0.399066,0.004571,0.002285
0,-3.687895,0.505663,-1.367707,-0.084379,-1.365777,-0.071417,0.003913,0.003265
0,-3.096508,0.425317,0.591814,-0.079642,0.601222,-0.107925,0.005682,0.004667
0,-2.45723,0.285492,0.661148,-0.113592,0.698852,-0.143559,0.005475,0.004983
0,-1.923814,0.27973,0.555513,-0.009108,0.506637,-0.042809,0.002695,0.004882
0,-1.116436,0.31387,0.807936,0.031276,0.796328,0.053043,0.004695,0.005478
0,-0.785269,0.304723,0.314391,0.008003,0.348879,0.005922,0.001615,0.005318
0,-0.249888,0.345775,0.542869,0.019334,0.58474,-0.007857,0.004361,0.006035
0,-0.1015,0.433558,0.123996,0.077192,0.091446,0.111308,0.001772,0.004523
0,-0.032948,0.447136,0.047954,0.000723,0.073988,-0.024137,0.000575,0.004286
0,0.021552,0.297993,0.08324,-0.152096,0.12429,-0.183308,0.000376,0.005201
0,0.091554,0.050483,0.058883,-0.259162,0.100264,-0.221595,0.001598,0.000881
0,-0.104644,0.23255,-0.169238,0.166317,-0.141086,0.152308,0.001826,0.004059
0,-0.117081,0.145832,-0.004282,-0.106165,-0.03618,-0.080535,0.002043,0.002545
0,-0.050382,0.074551,0.064664,-0.078376,0.101184,-0.12168,0.000879,0.001301
0,-0.011641,0.091999,0.038297,0.021497,0.051418,0.024804,0.000203,0.001606
0,0.012242,-0.106334,0.002606,-0.196678,0.023275,-0.194558,0.000214,0.001856
0,0.119716,0.121825,0.092095,0.219565,0.099308,0.241156,0.002089,0.002126
0,0.065546,0.126043,-0.06061,0.014102,-0.033906,-0.011837,0.001144,0.0022
0,-0.025564,-0.04583,-0.096768,-0.182468,-0.10334,-0.144829,0.000446,0.0008
0,-0.001648,-0.110181,0.034304,-0.053243,-0.0067,-0.005381,2.9e-05,0.001923
0,0.004138,-0.104277,0.0171,0.025097,0.009554,0.036529,7.2e-05,0.00182
0,-0.059028,0.023103,-0.065543,0.118172,-0.032492,0.162663,0.00103,0.000403
0,0.107939,0.133129,0.16925,0.115646,0.191991,0.149713,0.001884,0.002324
0,0.083977,0.007956,-0.049923,-0.100597,-0.086586,-0.133634,0.001466,0.000139
0,0.055621,0.075578,0.000225,0.057071,-0.019678,0.015919,0.000971,0.001319
0,-0.052084,0.10196,-0.135172,-0.00105,-0.09607,0.027475,0.000909,0.00178
0,0.021994,0.086534,0.090545,-0.031626,0.117069,-0.057137,0.000384,0.00151
0,-0.076789,-0.069495,-0.095056,-0.167071,-0.067728,-0.125726,0.00134,0.001213
0,-0.045864,-0.045046,0.049941,0.009893,0.006033,0.05665,0.0008,0.000786
0,-0.004407,-0.042375,0.047129,0.02146,0.067658,-0.006666,7.7e-05,0.00074
0,-0.019664,-0.051951,-0.020359,-0.021276,-0.038615,-0.053098,0.000343,0.000907
0,0.121333,0.151955,0.149306,0.204652,0.119667,0.183412,0.002118,0.002652
0,0.165075,0.192692,0.053541,0.013944,0.006736,0.023819,0.002881,0.003363
0,0.163183,0.136662,-0.012794,-0.039195,-0.060221,-0.058928,0.002848,0.002385
0,0.200288,0.232447,0.038852,0.122728,0.077824,0.138362,0.003496,0.004057
0,0.171851,0.08914,-0.024705,-0.116848,-0.00247,-0.136747,0.002999,0.001556
0,0.138614,-0.039674,-0.047292,-0.108444,-0.057415,-0.100918,0.002419,0.000692
0,-0.006366,-0.042337,-0.116492,0.002028,-0.145742,0.014127,0.000111,0.000739
0,-0.072641,0.024546,-0.051416,0.081457,-0.029197,0.10775,0.001268,0.000428
0,0.198669,0.081639,0.265745,0.028319,0.240561,0.069768,0.003467,0.001425
0,0.028441,0.085779,-0.153389,-0.005421,-0.198727,-0.038718,0.000496,0.001497
0,0.015477,0.111155,-0.026016,0.041549,-0.005533,0.03062,0.00027,0.00194
0,-0.156369,0.093085,-0.147596,-0.044304,-0.123025,-0.068888,0.002729,0.001625
0,-0.185452,0.096509,-0.025614,-0.005338,-0.063599,0.039102,0.003237,0.001684
0,-0.167769,0.150276,-0.009219,0.040693,-0.030559,-0.006428,0.002928,0.002623
0,0.013515,-0.114712,0.190568,-0.240295,0.174276,-0.19368,0.000236,0.002002
0,-0.049881,0.022547,-0.034835,0.148287,-0.029393,0.169098,0.000871,0.000394
0,0.014462,-0.080458,0.054666,-0.07578,0.098502,-0.121548,0.000252,0.001404
0,0.085378,-0.076412,0.041029,-0.011785,0.053429,0.001362,0.00149,0.001334
0,0.039403,-0.010245,-0.069168,0.082294,-0.024519,0.075837,0.000688,0.000179
0,0.058336,0.123647,-0.004254,0.147733,-0.022,0.127314,0.001018,0.002158
0,-0.087726,-0.079152,-0.168159,-0.226075,-0.167592,-0.263287,0.001531,0.001381
0,-0.113024,-0.106175,-0.030469,-0.041373,-0.010577,-0.053228,0.001973,0.001853
0,-0.071265,0.079611,0.032364,0.19176,0.07158,0.197238,0.001244,0.001389
0,0.147665,0.014675,0.226676,-0.047032,0.219489,-0.022725,0.002577,0.000256
0,-0.000192,-0.046411,-0.15554,-0.083472,-0.188323,-0.117904,3e-06,0.00081
0,0.05742,-0.048617,0.03184,-0.025067,0.054192,-0.042218,0.001002,0.000849
0,-0.073493,-0.034591,-0.151075,0.00847,-0.196046,-0.023192,0.001283,0.000604
0,0.074775,-0.076969,0.149579,-0.035309,0.106317,-0.068961,0.001305,0.001343
0,0.139666,-0.149736,0.054376,-0.062607,0.05385,-0.063488,0.002438,0.002613
0,0.01746,-0.082349,-0.09417,0.086467,-0.048305,0.112704,0.000305,0.001437
0,-0.093111,0.00424,-0.132458,0.094194,-0.182348,0.112124,0.001625,7.4e-05
0,0.015791,0.106867,0.106673,0.087298,0.064007,0.0462,0.000276,0.001865
0,-0.006658,-0.061714,-0.02891,-0.152035,0.002491,-0.183172,0.000116,0.001077
0,-0.194226,0.022851,-0.168024,0.067245,-0.173633,0.034919,0.00339,0.000399
0,-0.096834,-0.144502,0.125335,-0.17722,0.108039,-0.196719,0.00169,0.002522
0,-0.111443,-0.170295,-0.021456,-0.039352,-0.045551,0.004887,0.001945,0.002972
0,-0.036087,0.09413,0.076203,0.270361,0.113325,0.280969,0.00063,0.001643
0,-0.070482,0.057913,-0.004967,-0.016073,-0.049235,-0.04116,0.00123,0.001011
0,-0.116115,0.038472,-0.030655,0.008304,-0.021126,0.013105,0.002027,0.000671
0,-0.10692,-0.09064,0.010777,-0.148164,0.00711,-0.16618,0.001866,0.001582
0,-0.052741,-0.178381,0.044704,-0.075358,0.014748,-0.060048,0.000921,0.003113
0,-0.073953,-0.056334,-0.019617,0.111035,-0.052576,0.113212,0.001291,0.000983
0,-0.156027,-0.168846,-0.083306,-0.091045,-0.059706,-0.119239,0.002723,0.002947
0,-0.10958,-0.042137,0.022404,0.149898,0.035916,0.148394,0.001913,0.000735
0,0.085816,0.018866,0.178294,0.082117,0.159531,0.045402,0.001498,0.000329
0,-0.127011,-0.116894,-0.196802,-0.108737,-0.200901,-0.081812,0.002217,0.00204
0,-0.085777,-0.154871,0.022256,-0.061254,0.032846,-0.036779,0.001497,0.002703
0,0.126755,0.063079,0.22815,0.212821,0.182857,0.245618,0.002212,0.001101
0,-0.039231,0.065624,-0.163445,-0.026683,-0.197243,-0.063213,0.000685,0.001145
0,-0.026573,-0.015547,-0.005461,-0.095413,0.010262,-0.138199,0.000464,0.000271
0,0.129252,-0.115203,0.134119,-0.086601,0.096784,-0.119875,0.002256,0.002011
0,-0.158717,-0.030018,-0.294685,0.06047,-0.339827,0.102289,0.00277,0.000524
0,-0.013377,-0.090543,0.116562,-0.076607,0.115469,-0.114147,0.000233,0.00158
0,0.032478,-0.178071,0.052556,-0.100202,0.070927,-0.068864,0.000567,0.003108
0,0.044104,-0.002068,0.014655,0.193388,-0.034149,0.209618,0.00077,3.6e-05
0,-0.162145,-0.236326,-0.188175,-0.248883,-0.179393,-0.22748,0.00283,0.004125
0,0.045679,-0.005338,0.192131,0.229838,0.2284,0.188992,0.000797,9.3e-05
0,-0.133673,0.02726,-0.203086,0.011642,-0.175034,0.056493,0.002333,0.000476
0,-0.19586,-0.00966,-0.075871,-0.061433,-0.070708,-0.044545,0.003418,0.000169
0,-0.03101,-0.123026,0.135593,-0.105272,0.100149,-0.152112,0.000541,0.002147
0,-0.0705,-0.189118,-0.055638,-0.088534,-0.062373,-0.072277,0.00123,0.003301
0,-0.125692,-0.111069,-0.067726,0.100691,-0.080327,0.141145,0.002194,0.001939
0,-0.017251,0.033572,0.101193,0.116872,0.113456,0.111713,0.000301,0.000586
0,-0.179487,-0.125933,-0.14875,-0.185907,-0.114803,-0.211199,0.003133,0.002198
0,0.025237,-0.236542,0.22486,-0.105944,0.190003,-0.069084,0.00044,0.004128
0,0.019698,-0.212351,-0.005759,0.004422,-0.005356,0.036962,0.000344,0.003706
0,-0.097325,-0.200891,-0.089958,-0.000808,-0.04527,-0.005654,0.001699,0.003506
0,0.085994,-0.188251,0.178448,0.027089,0.192206,0.06568,0.001501,0.003286
0,0.091592,0.049501,0.015626,0.266852,0.002199,0.253486,0.001599,0.000864
0,0.110547,0.057968,-0.006387,0.012665,-0.030179,-0.006718,0.001929,0.001012
0,0.074032,-0.125894,-0.060269,-0.207434,-0.04708,-0.162611,0.001292,0.002197
0,0.075349,-0.164571,0.013319,-0.032216,0.002431,-0.002657,0.001315,0.002872
0,0.217666,0.046691,0.141294,0.213441,0.156843,0.184835,0.003799,0.000815
0,0.095349,0.052386,-0.127158,0.024906,-0.150833,0.018143,0.001664,0.000914
0,0.106921,-0.119301,0.011469,-0.17219,0.03505,-0.188368,0.001866,0.002082
0,-0.082486,-0.068056,-0.166604,0.026079,-0.155865,-0.023405,0.00144,0.001188
0,0.013872,-0.074598,0.118624,-0.003676,0.142128,-0.044296,0.000242,0.001302
0,-0.025074,-0.003286,-0.033883,0.048106,-0.025058,0.096633,0.000438,5.7e-05
0,0.093429,0.029615,0.14437,0.00527,0.144733,0.027339,0.001631,0.000517
0,0.003997,-0.06474,-0.112642,-0.123508,-0.071824,-0.085605,7e-05,0.00113
0,-0.018684,0.081307,0.002581,0.122714,0.050778,0.113655,0.000326,0.001419
0,-0.055081,-0.203631,-0.017697,-0.308078,0.015431,-0.313363,0.000961,0.003554
0,0.025113,-0.145002,0.08713,0.044549,0.083566,0.031439,0.000438,0.002531
0,-0.044875,-0.197331,-0.088079,-0.060864,-0.087784,-0.062464,0.000783,0.003444
0,0.029633,-0.002722,0.10144,0.224176,0.105794,0.209726,0.000517,4.8e-05
0,0.074275,-0.135022,0.045652,-0.106277,0.031405,-0.150859,0.001296,0.002357
0,0.067793,-0.177424,-0.027623,-0.056933,0.011549,-0.10383,0.001183,0.003097
0,0.996328,-0.792128,0.917691,-0.600408,0.901828,-0.61632,0.005299,0.001735
0,1.463246,-1.242624,0.464234,-0.463963,0.467978,-0.480671,0.001357,0.002493
0,1.996186,-1.264094,0.520252,-0.014414,0.561049,-0.026615,0.001431,0.002118
0,2.658226,-1.184413,0.665764,0.049869,0.679687,0.044857,0.001967,0.003509
0,2.271012,-0.983106,-0.414489,0.223105,-0.388818,0.271865,0.003365,0.005068
0,2.015052,-0.787801,-0.254901,0.179294,-0.284284,0.199728,0.001102,0.001659
0,1.892322,-0.546887,-0.123794,0.229417,-0.106913,0.216007,0.003244,0.002546
0,1.50716,-0.242124,-0.404668,0.311709,-0.402756,0.325523,0.002124,0.004226
0,0.862169,-0.103478,-0.6316,0.130525,-0.626302,0.169563,0.002957,0.001806
0,0.467996,-0.048336,-0.418907,0.077832,-0.430007,0.079413,0.003922,0.000844
0,-0.019543,-0.096363,-0.464994,-0.074288,-0.437609,-0.072306,0.000341,0.001682
0,-0.096176,0.068097,-0.051652,0.173573,-0.057144,0.210979,0.001679,0.001189
0,-0.380326,-0.1549,-0.259033,-0.240395,-0.291031,-0.204687,0.005453,0.002704
0,-0.267743,-0.013456,0.091819,0.149351,0.102964,0.112163,0.004673,0.000235
0,-0.289744,0.025604,-0.012556,0.018026,0.028916,-0.003803,0.005057,0.000447
0,-0.520375,0.111821,-0.214947,0.06154,-0.19218,0.091149,0.003008,0.001952
0,-0.403986,0.026545,0.09705,-0.075458,0.089345,-0.064915,0.00504,0.000463
0,-0.060999,-0.114428,0.35976,-0.131345,0.32071,-0.11626,0.001065,0.001997
0,-0.120837,0.087523,-0.038454,0.220382,-0.018455,0.187701,0.002109,0.001528
0,-0.062968,-0.015864,0.058319,-0.100733,0.064892,-0.052618,0.001099,0.000277
0,-0.1858,-0.064071,-0.140006,-0.075311,-0.112208,-0.108436,0.003243,0.001118
0,-0.079572,0.119296,0.119668,0.166186,0.14496,0.155607,0.001389,0.002082
0,-0.1628,-0.006063,-0.0781,-0.135288,-0.112911,-0.178228,0.002841,0.000106
0,-0.161867,0.036424,0.025843,0.04762,0.050241,0.034596,0.002825,0.000636
0,0.107913,0.112731,0.24442,0.054511,0.209723,0.007051,0.001883,0.001968
0,-0.15247,0.066228,-0.254333,-0.040913,-0.219472,-0.01675,0.002661,0.001156
0,0.08987,0.119928,0.259853,0.073023,0.263354,0.08882,0.001569,0.002093
0,-0.084246,0.085084,-0.203733,-0.029379,-0.21785,0.016788,0.00147,0.001485
0,-0.038831,0.071692,0.02758,-0.040131,0.052477,-0.088901,0.000678,0.001251
0,0.064323,0.01025,0.117844,-0.080849,0.136395,-0.110018,0.001123,0.000179
0,-0.083558,-0.047841,-0.147527,-0.040137,-0.193877,-0.071587,0.001458,0.000835
0,-0.181728,-0.108151,-0.09702,-0.031792,-0.055567,-0.070303,0.003172,0.001888
0,-0.240684,-0.020896,-0.030929,0.108435,-0.026909,0.119558,0.004201,0.000365
0,-0.103572,-0.052938,0.128764,-0.043839,0.11227,-0.054122,0.001808,0.000924
0,-0.119155,0.034661,0.008759,0.105778,0.01096,0.098913,0.00208,0.000605
0,-0.090598,0.102605,0.016686,0.074166,-0.026427,0.04666,0.001581,0.001791
0,-0.017235,0.087855,0.051805,0.007067,0.045287,-0.024731,0.000301,0.001533
0,0.051299,0.087524,0.07351,-0.002932,0.087273,-0.025147,0.000895,0.001528
0,-0.08017,0.125289,-0.139336,0.015549,-0.15635,0.022448,0.001399,0.002187
0,0.009152,-0.023558,0.082553,-0.119487,0.055756,-0.118446,0.00016,0.000411
0,0.007442,-0.103451,-0.010067,-0.103546,-0.003045,-0.123856,0.00013,0.001806
0,0.177835,-0.029517,0.195567,0.066339,0.190364,0.054282,0.003104,0.000515
0,-0.107962,0.041299,-0.256545,0.048386,-0.263362,-0.001525,0.001884,0.000721
0,0.006511,-0.043731,0.093078,-0.055043,0.116355,-0.091343,0.000114,0.000763
0,-0.089962,0.122183,-0.116303,0.165102,-0.098133,0.187859,0.00157,0.002132
0,0.006213,0.001755,0.073395,-0.11823,0.064165,-0.096746,0.000108,3.1e-05
0,-0.118635,0.096828,-0.146038,0.109207,-0.183094,0.131161,0.002071,0.00169
0,-0.027374,-0.066005,0.103049,-0.143866,0.082136,-0.10776,0.000478,0.001152
0,0.065416,0.144942,0.09082,0.180995,0.108777,0.149448,0.001142,0.00253
0,-0.0849,-0.12118,-0.173005,-0.295792,-0.124274,-0.277376,0.001482,0.002115
0,-0.10612,0.001897,-0.051156,0.096047,-0.068392,0.119362,0.001852,3.3e-05
0,0.017648,0.10729,0.117827,0.09668,0.12088,0.139411,0.000308,0.001873
0,-0.117525,0.109383,-0.11647,0.004172,-0.149849,-0.033258,0.002051,0.001909
0,-0.113511,0.082866,-0.013975,0.000447,0.028496,0.004717,0.001981,0.001446
0,-0.077066,-0.102147,0.049391,-0.197654,0.032695,-0.161913,0.001345,0.001783
0,1.222245,0.356709,1.325612,0.475478,1.362334,0.502981,0.002849,0.005865
0,1.61303,0.783897,0.373028,0.453028,0.416191,0.404181,0.003972,0.001591
0,2.407593,1.159939,0.806222,0.397312,0.763258,0.445187,0.005749,0.003936
0,2.47442,1.22511,0.093561,0.078033,0.057108,0.116094,0.005175,0.002799
0,2.563307,1.307933,0.070115,0.099744,0.10612,0.076765,0.003624,0.001353
0,1.982183,0.954491,-0.608827,-0.334438,-0.567256,-0.340302,0.001676,0.004569
0,1.721691,0.738852,-0.269657,-0.245175,-0.301923,-0.216618,0.005868,0.000805
0,1.474913,0.439095,-0.263018,-0.291114,-0.235199,-0.277609,0.001561,0.004427
0,0.976423,0.284451,-0.525687,-0.156126,-0.516541,-0.13895,0.004951,0.004965
0,1.01035,0.149165,0.051197,-0.120446,0.054083,-0.09107,0.005543,0.002603
0,0.445464,0.242373,-0.573628,0.063358,-0.574557,0.036415,0.004316,0.00423
0,0.455653,0.109794,-0.00977,-0.114456,-0.02061,-0.093925,0.004138,0.001916
0,0.156668,0.297812,-0.274637,0.215968,-0.315312,0.18995,0.002734,0.005198
0,-0.094129,0.181633,-0.224911,-0.086845,-0.247829,-0.12219,0.001643,0.00317
0,-0.192468,0.245986,-0.099099,0.064906,-0.076234,0.025104,0.003359,0.004293
0,-0.107161,0.197862,0.096673,-0.044795,0.063812,-0.053949,0.00187,0.003453
0,-0.044066,0.167416,0.089858,-0.019009,0.052235,-0.011077,0.000769,0.002922
0,-0.047416,0.140517,0.01895,-0.027025,0.012098,-0.074345,0.000828,0.002452
0,-0.214102,0.023709,-0.183406,-0.118424,-0.177731,-0.091109,0.003737,0.000414
0,-0.304907,0.136676,-0.112754,0.119278,-0.095792,0.133661,0.005322,0.002385
0,-0.359015,0.015873,-0.07943,-0.114295,-0.08956,-0.126583,0.005824,0.000277
0,-0.226258,0.072876,0.112279,0.058237,0.091351,0.095626,0.003949,0.001272
0,-0.061917,0.224232,0.172589,0.156264,0.191284,0.156909,0.001081,0.003914
0,-0.224784,0.166253,-0.184022,-0.030565,-0.196413,-0.071423,0.003923,0.002902
0,0.037844,0.033768,0.286704,-0.113475,0.262913,-0.133637,0.00066,0.000589
0,-0.00552,0.006909,-0.017906,-0.038602,-0.022601,0.001926,9.6e-05,0.000121
0,-0.197673,0.045207,-0.221202,0.008344,-0.221914,0.046565,0.00345,0.000789
0,-0.051328,0.132251,0.156289,0.1128,0.116372,0.144401,0.000896,0.002308
0,-0.117104,0.046869,-0.089481,-0.086898,-0.098424,-0.090994,0.002044,0.000818
0,-0.152145,0.189337,-0.049661,0.133323,-0.043528,0.086631,0.002655,0.003305
0,-0.122059,0.008397,0.039846,-0.191517,0.019669,-0.17264,0.00213,0.000147
0,-0.040714,0.25516,0.084072,0.255233,0.118709,0.241199,0.000711,0.004453
0,0.048774,-0.011071,0.064002,-0.24394,0.068357,-0.237633,0.000851,0.000193
0,0.063143,0.206557,-0.008864,0.209474,-0.053856,0.254629,0.001102,0.003605
0,-0.069203,0.180482,-0.124035,-0.055434,-0.124109,-0.059405,0.001208,0.00315
0,-0.053612,0.223761,-0.012774,0.030129,-0.012219,0.024552,0.000936,0.003905
0,-0.051466,0.101949,0.031414,-0.125653,0.001069,-0.092702,0.000898,0.001779
0,-0.184478,0.093861,-0.103989,-0.033537,-0.096399,0.007331,0.00322,0.001638
0,-0.110815,0.09948,0.083745,0.018996,0.121487,-0.025938,0.001934,0.001736
0,-0.213314,0.079803,-0.110737,0.007025,-0.065648,-0.030434,0.003723,0.001393
0,-0.032687,0.132945,0.186364,0.081013,0.144485,0.11208,0.000571,0.00232
0,0.036853,-0.020049,0.087694,-0.177233,0.111503,-0.183034,0.000643,0.00035
0,-0.107992,-0.032622,-0.13971,-0.006165,-0.18309,-0.051424,0.001885,0.000569
0,0.034749,-0.018756,0.146445,0.041751,0.178731,0.03466,0.000606,0.000327
0,-0.180618,0.224365,-0.21376,0.251977,-0.216558,0.272408,0.003152,0.003916
0,0.02151,0.003038,0.178816,-0.228229,0.197691,-0.245237,0.000375,5.3e-05
0,0.079965,0.233141,0.061584,0.229967,0.103291,0.213368,0.001396,0.004069
0,0.06626,0.177574,-0.020651,-0.071007,-0.026642,-0.02425,0.001156,0.003099
0,0.098056,-0.017565,0.016948,-0.182288,-0.00931,-0.205287,0.001711,0.000307
0,0.055452,0.216483,-0.031086,0.208072,-0.027884,0.160285,0.000968,0.003778
0,-0.252275,0.192903,-0.321746,-0.005178,-0.336679,-0.040776,0.004403,0.003367
0,-0.045324,0.207359,0.21266,0.005889,0.208345,0.023855,0.000791,0.003619
0,-0.050482,-0.097774,-0.024587,-0.335026,-0.016688,-0.37353,0.000881,0.001706
0,0.045435,-0.089746,0.105918,0.023786,0.065628,0.02656,0.000793,0.001566
0,-0.023758,-0.020074,-0.051425,0.07837,-0.049875,0.087983,0.000415,0.00035
0,0.0687,0.142307,0.088432,0.1904,0.12132,0.192532,0.001199,0.002484
0,0.07238,-0.050232,-0.021341,-0.206142,-0.053667,-0.198063,0.001263,0.000877
0,0.069153,-0.070912,-0.028382,0.003027,-0.023998,0.028729,0.001207,0.001238
0,-0.088959,0.015511,-0.152701,0.059558,-0.106759,0.105103,0.001553,0.000271
0,0.034034,0.028726,0.120594,-0.012562,0.114786,0.018364,0.000594,0.000501
0,-0.138614,-0.02132,-0.183704,-0.046749,-0.194886,-0.085595,0.002419,0.000372
0,0.071438,0.138191,0.229192,0.1813,0.200681,0.136343,0.001247,0.002412
0,-0.044422,0.045923,-0.104006,-0.107448,-0.12333,-0.155755,0.000775,0.000802
0,0.054247,0.130142,0.127227,0.080321,0.145029,0.12581,0.000947,0.002271
0,0.052647,0.033385,0.009256,-0.121083,0.017804,-0.100271,0.000919,0.000583
0,0.072561,-0.067202,-0.003048,-0.089701,-0.033592,-0.05621,0.001266,0.001173
0,0.135617,0.083673,0.046597,0.158392,-0.002837,0.122543,0.002367,0.00146
0,0.051729,0.07573,-0.085891,0.016696,-0.124949,0.014834,0.000903,0.001322
0,-0.089821,0.154074,-0.167446,0.071329,-0.154108,0.109097,0.001568,0.002689
0,-0.047387,-0.094639,0.05244,-0.277791,0.062277,-0.31805,0.000827,0.001652
0,0.031884,0.071802,0.050739,0.168161,0.092365,0.212928,0.000556,0.001253
0,-0.118446,0.159138,-0.165131,0.111967,-0.182545,0.07645,0.002067,0.002777
0,-0.062035,0.089447,0.079055,-0.047258,0.104724,-0.023204,0.001083,0.001561
0,0.177413,-0.129714,0.268485,-0.215081,0.265231,-0.1673,0.003096,0.002264
0,0.151507,-0.018837,-0.007712,0.125079,0.012951,0.13113,0.002644,0.000329
0,0.113836,0.100264,-0.054583,0.139484,-0.056197,0.149968,0.001987,0.00175
0,0.022287,0.041379,-0.102121,-0.087418,-0.091161,-0.091375,0.000389,0.000722
0,-0.001806,0.007578,0.001505,-0.047288,-0.023711,-0.053377,3.2e-05,0.000132
0,0.066281,0.115186,0.055674,0.100249,0.024879,0.061101,0.001157,0.00201
0,0.014484,0.107268,-0.070364,-0.017865,-0.046906,-0.036204,0.000253,0.001872
0,0.093036,-0.086946,0.092425,-0.184859,0.128657,-0.171996,0.001624,0.001517
0,0.110961,-0.12276,-0.008956,-0.052925,-0.049757,-0.086598,0.001937,0.002143
0,0.233766,0.105993,0.137584,0.201713,0.102557,0.241732,0.00408,0.00185
0,0.066354,-0.011399,-0.164109,-0.102968,-0.167915,-0.054808,0.001158,0.000199
0,0.006305,-0.100964,-0.075631,-0.115938,-0.028253,-0.111665,0.00011,0.001762
0,-0.067839,-0.141951,-0.052131,-0.04465,-0.082423,-0.032006,0.001184,0.002478
0,-0.13253,-0.02424,-0.054692,0.104499,-0.010608,0.153954,0.002313,0.000423
0,0.085172,0.065969,0.192989,0.065482,0.193926,0.033213,0.001487,0.001151
0,0.087735,-0.074663,-0.006996,-0.16467,0.013968,-0.19142,0.001531,0.001303
0,-0.114918,0.117488,-0.19762,0.184143,-0.173437,0.19597,0.002006,0.002051
0,0.140075,-0.064032,0.254711,-0.174525,0.251459,-0.159921,0.002445,0.001118
0,0.026029,0.226771,-0.11603,0.299311,-0.105005,0.334459,0.000454,0.003958
0,-0.047634,0.090422,-0.06009,-0.16481,-0.069376,-0.137115,0.000831,0.001578
0,0.054828,0.186215,0.110234,0.075291,0.147878,0.102562,0.000957,0.00325
0,-0.059623,0.211495,-0.101647,0.032018,-0.131278,0.02302,0.001041,0.003691
0,0.109329,-0.050613,0.180659,-0.280355,0.193148,-0.321616,0.001908,0.000883
0,0.138621,0.123514,0.046184,0.148758,0.070206,0.192241,0.002419,0.002156
0,-0.110124,-0.018115,-0.268784,-0.15049,-0.273625,-0.150247,0.001922,0.000316
0,0.019133,-0.051841,0.155342,-0.01833,0.177616,-0.003737,0.000334,0.000905
0,0.022166,0.128716,-0.010488,0.169339,-0.03559,0.162718,0.000387,0.002247
0,0.052207,-0.0209,0.036381,-0.139398,0.036181,-0.16666,0.000911,0.000365
0,0.018312,-0.082354,-0.022739,-0.078349,0.006046,-0.058575,0.00032,0.001437
0,0.10639,0.112401,0.098628,0.212438,0.066265,0.203102,0.001857,0.001962
0,-0.115634,-0.07318,-0.235149,-0.186138,-0.233688,-0.181668,0.002018,0.001277
0,-0.104743,0.076104,0.002687,0.13785,0.009515,0.100789,0.001828,0.001328
0,-0.153567,0.150572,-0.073871,0.073399,-0.115092,0.030261,0.00268,0.002628
0,-0.162659,0.096988,-0.030264,-0.028942,-0.073912,-0.070664,0.002839,0.001693
0,-0.153217,-0.127138,0.035776,-0.201647,-0.01224,-0.199082,0.002674,0.002219
0,-0.232871,0.064537,-0.072376,0.199759,-0.030277,0.221444,0.004064,0.001126
0,-0.18575,-0.112449,0.052082,-0.202729,0.092958,-0.220296,0.003242,0.001963
0,0.016378,0.00061,0.174097,0.142752,0.210499,0.146765,0.000286,1.1e-05
0,0.007705,-0.076963,0.008507,-0.052502,-0.000156,-0.049762,0.000134,0.001343
0,-0.239729,-0.036164,-0.235804,0.069218,-0.266208,0.099226,0.004184,0.000631
0,-0.195133,0.071885,0.031517,0.084386,0.028654,0.075796,0.003406,0.001255
0,-0.16804,0.142582,-0.001618,0.070277,0.036981,0.041033,0.002933,0.002489
0,-0.147905,0.086005,0.023594,-0.064309,0.067866,-0.101656,0.002581,0.001501
0,-0.179913,-0.114737,-0.036753,-0.183415,-0.086253,-0.143538,0.00314,0.002003
0,-0.293028,0.098828,-0.124961,0.183615,-0.103996,0.170105,0.005114,0.001725
0,-0.087828,-0.05715,0.228576,-0.15308,0.212462,-0.178651,0.001533,0.000997
0,-0.334675,0.119813,-0.26821,0.154248,-0.29207,0.115589,0.005841,0.002091
0,-0.332477,-0.089773,0.020251,-0.195966,0.055771,-0.200062,0.005803,0.001567
0,-0.220145,0.024324,0.106918,0.118524,0.127265,0.10065,0.003842,0.000425
0,-0.078492,-0.10081,0.126283,-0.137407,0.175025,-0.182144,0.00137,0.001759
0,-0.251336,0.114752,-0.191294,0.238774,-0.178032,0.223161,0.004387,0.002003
0,-0.300913,0.07497,-0.069678,-0.035726,-0.107813,-0.021632,0.005252,0.001308
0,-0.009011,0.184294,0.299147,0.13175,0.268585,0.166487,0.000157,0.003217
0,-0.033407,0.125261,-0.001412,-0.06688,0.011531,-0.114456,0.000583,0.002186
0,-0.09113,0.047208,-0.072101,-0.050458,-0.116115,-0.077335,0.001591,0.000824
0,-0.180511,0.099459,-0.073341,0.029534,-0.073625,-0.01026,0.003151,0.001736
0,-0.306735,-0.015193,-0.136671,-0.106189,-0.161009,-0.134998,0.005354,0.000265
0,-0.122929,-0.003694,0.157817,0.034608,0.148445,0.059624,0.002146,6.4e-05
0,-0.340733,0.205039,-0.225843,0.195079,-0.198165,0.24209,0.005947,0.003579
0,-0.090722,-0.027034,0.270012,-0.23747,0.268725,-0.262388,0.001583,0.000472
0,-0.202359,0.01382,-0.127888,0.067243,-0.14644,0.076706,0.003532,0.000241
0,-0.00746,0.032031,0.194712,0.027575,0.159181,0.045493,0.00013,0.000559
0,-0.172282,-0.060113,-0.179974,-0.077617,-0.151755,-0.127012,0.003007,0.001049
0,-0.065552,-0.031963,0.114253,0.03095,0.093489,0.050281,0.001144,0.000558
0,-0.289648,-0.021532,-0.242286,0.027065,-0.196556,0.004172,0.005055,0.000376
0,-0.181546,0.111125,0.131328,0.106613,0.148401,0.113303,0.003169,0.001939
0,-0.123265,-0.087247,0.053831,-0.227325,0.063431,-0.192875,0.002151,0.001523
0,0.026188,0.176794,0.146836,0.25727,0.177662,0.222651,0.000457,0.003086
0,-0.258994,-0.08349,-0.288722,-0.267863,-0.251391,-0.270382,0.00452,0.001457
0,-0.096907,0.166351,0.163651,0.271467,0.206077,0.275496,0.001691,0.002903
0,-0.23191,-0.121035,-0.146665,-0.276795,-0.1931,-0.315605,0.004048,0.002112
0,-0.197126,0.093391,0.01967,0.234736,-0.029027,0.276092,0.00344,0.00163
0,-0.181724,-0.131288,0.025135,-0.20568,0.026021,-0.218987,0.003172,0.002291
0,-0.074278,-0.035783,0.135332,0.087851,0.143035,0.053671,0.001296,0.000625
0,-0.155479,0.001474,-0.064569,0.028875,-0.061759,0.051058,0.002714,2.6e-05
0,0.008701,0.040907,0.14808,0.04415,0.141876,-0.005533,0.000152,0.000714
0,-0.081908,0.075982,-0.064403,0.054155,-0.02611,0.04625,0.00143,0.001326
0,-0.157856,0.081462,-0.047321,0.007309,-0.088572,0.023706,0.002755,0.001422
0,-0.202975,-0.124988,-0.046296,-0.182706,0.002808,-0.210042,0.003543,0.002181
0,-0.060552,-0.092919,0.129007,0.024796,0.125283,-0.010312,0.001057,0.001622
0,-0.26227,0.025683,-0.203646,0.104294,-0.15419,0.075905,0.004577,0.000448
0,-0.135641,-0.040513,0.118047,-0.037805,0.130491,-0.022383,0.002367,0.000707
0,0.011429,-0.016185,0.136865,0.026022,0.137765,0.062099,0.000199,0.000282
0,-0.268516,0.062152,-0.251855,0.067296,-0.2539,0.021872,0.004686,0.001085
0,-0.202377,-0.028514,0.080373,-0.068433,0.072234,-0.067476,0.003532,0.000498
0,-0.186034,0.011049,-0.006366,0.033534,-0.042835,0.021748,0.003247,0.000193
0,-0.063209,0.15916,0.107858,0.134971,0.107359,0.150382,0.001103,0.002778
0,-0.378005,-0.082177,-0.312624,-0.216047,-0.298723,-0.261188,0.005493,0.001434
0,-0.322764,0.110972,0.045225,0.176091,0.002188,0.219315,0.005633,0.001937
0,-0.357307,-0.106251,-0.028526,-0.233468,-0.010281,-0.211566,0.005854,0.001854
0,-0.290913,-0.142229,0.043488,-0.011405,0.052445,-0.029443,0.005077,0.002482
0,-0.343229,-0.067049,-0.063574,0.065493,-0.10325,0.03358,0.00599,0.00117
0,-0.26234,0.022862,0.100101,0.070778,0.089786,0.11381,0.004579,0.000399
0,-0.153331,-0.032583,0.09338,-0.035087,0.107078,-0.049262,0.002676,0.000569
0,-0.12799,0.031097,0.047537,0.069489,0.078077,0.092327,0.002234,0.000543
0,-0.537234,1.87343,-0.403601,1.823729,-0.38548,1.78096,0.002714,0.003574
0,-0.737121,2.358057,-0.179445,0.500673,-0.166867,0.48138,0.000775,0.004884
0,-1.021734,3.124613,-0.25835,0.772566,-0.249648,0.777573,0.005742,0.005918
0,-0.833669,2.747863,0.196033,-0.367106,0.187947,-0.325779,0.00246,0.000403
0,-0.787788,2.184533,0.060941,-0.589097,0.100806,-0.56315,0.001659,0.001856
0,-0.678607,1.5953,0.1331,-0.560959,0.128991,-0.522977,0.000247,0.003662
0,-0.545106,0.977094,0.151813,-0.633843,0.190147,-0.588785,0.002577,0.004963
0,-0.224944,0.845836,0.326656,-0.118691,0.358894,-0.164591,0.003926,0.000967
0,-0.316842,0.353579,-0.101437,-0.467689,-0.149751,-0.450186,0.00553,0.000967
0,-0.05776,0.372037,0.234419,-0.007277,0.213275,0.025042,0.001008,0.000967
0,-0.072416,0.110541,-0.027066,-0.267461,-0.016953,-0.230169,0.001264,0.000967
0,0.018608,0.002146,0.104842,-0.122822,0.145541,-0.16301,0.000325,0.000967
0,0.040153,0.048845,0.008344,0.063786,0.017786,0.014338,0.000701,0.000967
0,-0.121898,-0.208647,-0.18314,-0.229357,-0.219211,-0.235118,0.002128,0.003642
0,-0.074626,-0.329285,0.046649,-0.131064,0.065416,-0.1139,0.001302,0.005747
0,-0.091111,-0.299441,0.002205,0.049481,-0.031034,0.004363,0.00159,0.005226
0,-0.044354,-0.263235,0.028424,0.048788,0.015906,0.059554,0.000774,0.004594
0,-0.14336,-0.402174,-0.127412,-0.15039,-0.092126,-0.149124,0.002502,0.005071
0,-0.1376,-0.262795,-0.009484,0.16653,0.024127,0.153961,0.002402,0.004587
0,0.04012,-0.232436,0.188479,0.022961,0.171595,-0.021165,0.0007,0.004057
0,0.012017,-0.031531,-0.022969,0.210099,-0.017645,0.259912,0.00021,0.00055
0,-0.130539,-0.233914,-0.125169,-0.180661,-0.167376,-0.146532,0.002278,0.004083
0,0.071666,-0.093986,0.17538,0.130376,0.144094,0.112997,0.001251,0.00164
0,0.014345,-0.0478,-0.075779,0.066719,-0.109558,0.050961,0.00025,0.000834
0,-0.086476,-0.089002,-0.103334,-0.060371,-0.086529,-0.032899,0.001509,0.001553
0,0.063855,-0.035252,0.138063,0.040437,0.123386,0.013899,0.001114,0.000615
0,0.041224,-0.13323,-0.045044,-0.098877,-0.055463,-0.0883,0.000719,0.002325
0,0.069999,-0.004896,0.038388,0.123355,0.02292,0.163544,0.001222,8.5e-05
0,-0.093734,-0.09263,-0.152594,-0.099119,-0.135282,-0.110271,0.001636,0.001617
0,0.084197,-0.077748,0.196199,0.020766,0.156851,0.044001,0.00147,0.001357
0,0.061661,-0.012824,-0.023348,0.083476,-0.03758,0.114471,0.001076,0.000224
0,-0.015865,0.033576,-0.073691,0.074451,-0.049739,0.026956,0.000277,0.000586
0,0.050752,-0.177783,0.088063,-0.216798,0.091879,-0.177038,0.000886,0.003103
0,-0.008969,0.030361,-0.044142,0.20956,-0.089736,0.223364,0.000157,0.00053
0,0.084048,-0.005714,0.073083,-0.033843,0.116826,0.007886,0.001467,0.0001
0,-0.024161,-0.230232,-0.11092,-0.206833,-0.120228,-0.202368,0.000422,0.004018
0,0.037431,-0.038361,0.037652,0.182461,0.043917,0.175057,0.000653,0.00067
0,0.080309,-0.115288,0.046532,-0.088018,0.031054,-0.047124,0.001402,0.002012
0,0.044531,-0.00049,-0.006825,0.097198,-0.001671,0.142252,0.000777,9e-06
0,-0.065741,-0.036102,-0.126625,-0.05124,-0.132944,-0.01975,0.001147,0.00063
0,-0.031714,0.016491,0.05881,0.059631,0.092725,0.029663,0.000554,0.000288
0,0.114036,0.059502,0.117416,0.054568,0.106303,0.074819,0.00199,0.001039
0,0.096863,0.031805,-0.020158,-0.020275,-0.062394,0.014565,0.001691,0.000555
0,0.191274,-0.096645,0.104789,-0.135984,0.080127,-0.103798,0.003338,0.001687
0,0.211932,-0.163854,0.030655,-0.083778,0.054662,-0.038674,0.003699,0.00286
0,-0.012052,0.059781,-0.220608,0.20443,-0.205904,0.202288,0.00021,0.001043
0,0.082995,-0.111449,0.092631,-0.15621,0.051292,-0.117761,0.001449,0.001945
0,-0.088791,-0.019527,-0.161987,0.073204,-0.205004,0.097837,0.00155,0.000341
0,0.022958,-0.154312,0.127468,-0.159544,0.086251,-0.144846,0.000401,0.002693
0,0.259394,-0.061228,0.263743,0.069371,0.290709,0.023262,0.004527,0.001069
0,0.060112,-0.088778,-0.185661,-0.030367,-0.196231,-0.05203,0.001049,0.001549
0,0.127016,-0.080114,0.07423,-0.010856,0.082933,-0.013695,0.002217,0.001398
0,0.079364,-0.098991,-0.074317,-0.047506,-0.115407,-0.028327,0.001385,0.001728
0,0.291702,-0.14706,0.207292,-0.067109,0.216858,-0.088146,0.005091,0.002567
0,0.175885,-0.126934,-0.090099,-0.002865,-0.066986,0.034336,0.00307,0.002215
0,0.212305,-0.069136,0.014408,0.077999,0.014216,0.028798,0.003705,0.001207
0,0.233096,-0.036661,0.038701,0.052207,0.073119,0.007518,0.004068,0.00064
0,0.055999,0.166828,-0.202179,0.180879,-0.178963,0.219316,0.000977,0.002912
0,0.237456,-0.047129,0.205517,-0.184413,0.194096,-0.190471,0.004144,0.000823
0,0.288221,-0.044213,0.061412,0.011755,0.068182,-0.031134,0.00503,0.000772
0,0.092068,0.096172,-0.216252,0.115033,-0.202661,0.092561,0.001607,0.001679
0,-0.018218,-0.030853,-0.083985,-0.124338,-0.097371,-0.094772,0.000318,0.000538
0,0.238059,0.042031,0.253664,0.061056,0.228463,0.036186,0.004155,0.000734
0,-0.025744,0.061342,-0.254216,0.044013,-0.287023,0.066928,0.000449,0.001071
0,0.030807,0.126027,0.075661,0.035303,0.085919,-0.000217,0.000538,0.0022
0,0.089968,0.133343,0.088258,0.024434,0.048288,-0.014145,0.00157,0.002327
0,0.073013,0.080539,0.01162,-0.069428,-0.03324,-0.029055,0.001274,0.001406
0,0.18901,0.111161,0.120687,0.047194,0.142732,0.002717,0.003299,0.00194
0,0.215868,-0.167683,0.046129,-0.28086,-0.000861,-0.255729,0.003768,0.002927
0,0.116765,-0.138778,-0.077607,0.032192,-0.122908,0.081897,0.002038,0.002422
0,0.056298,0.066446,-0.076258,0.211623,-0.078542,0.198249,0.000983,0.00116
0,0.297153,-0.099534,0.212998,-0.137407,0.205494,-0.169381,0.005186,0.001737
0,0.250497,-0.142037,-0.040425,-0.049464,-0.074847,-0.062067,0.004372,0.002479
0,0.137048,-0.027347,-0.097254,0.099611,-0.143519,0.12718,0.002392,0.000477
0,0.102486,0.087517,-0.033747,0.094445,-0.062963,0.137235,0.001789,0.001527
0,0.059827,-0.128318,-0.037633,-0.228511,-0.063178,-0.193129,0.001044,0.00224
0,0.12132,0.049268,0.039859,0.163191,0.057701,0.20162,0.002117,0.00086
0,0.082729,-0.099068,-0.026364,-0.148148,-0.017697,-0.156182,0.001444,0.001729
0,0.10863,-0.154094,0.054871,-0.038033,0.043755,-0.02577,0.001896,0.002689
0,0.047785,-0.101419,-0.032559,0.059341,-0.00202,0.050484,0.000834,0.00177
0,0.103781,-0.041974,0.070795,0.07149,0.034675,0.063085,0.001811,0.000733
0,0.243624,-0.091828,0.151703,-0.032493,0.184065,0.004753,0.004252,0.001603
0,-0.005232,0.050357,-0.252257,0.151563,-0.210246,0.187481,9.1e-05,0.000879
0,0.242825,0.015215,0.231716,-0.059164,0.217453,-0.075057,0.004238,0.000266
0,0.042536,-4.6e-05,-0.174099,0.010582,-0.147752,-0.033916,0.000742,1e-06
0,0.232339,-0.046363,0.164949,-0.03687,0.148342,-0.065947,0.004055,0.000809
0,0.212247,0.02978,-0.013011,0.063187,-0.058341,0.059469,0.003704,0.00052
0,-0.03924,-0.035117,-0.233333,-0.084334,-0.217263,-0.083234,0.000685,0.000613
0,0.101867,-0.079277,0.169286,-0.060995,0.167595,-0.0549,0.001778,0.001384
0,0.212165,0.113176,0.128522,0.167821,0.142105,0.186846,0.003703,0.001975
0,0.018222,-0.003007,-0.196621,-0.138081,-0.221471,-0.151454,0.000318,5.2e-05
0,0.057244,-0.036627,0.05452,-0.062098,0.005108,-0.049254,0.000999,0.000639
0,-0.038695,0.07551,-0.11442,0.119704,-0.158991,0.086599,0.000675,0.001318
0,0.0318,-0.100429,0.041738,-0.165878,0.009592,-0.189722,0.000555,0.001753
0,-0.033792,-0.060389,-0.057864,0.026921,-0.021937,0.069793,0.00059,0.001054
0,0.048016,0.061589,0.104016,0.098708,0.12814,0.104688,0.000838,0.001075
0,0.167556,0.136398,0.138767,0.076805,0.097468,0.085367,0.002924,0.002381
0,0.031125,0.025274,-0.133864,-0.128946,-0.094937,-0.124594,0.000543,0.000441
0,0.053006,0.033814,-0.006746,0.00927,0.024751,0.007228,0.000925,0.00059
0,0.266627,-0.095752,0.184127,-0.136372,0.166837,-0.135695,0.004654,0.001671
0,0.183979,-0.009172,-0.090096,0.066015,-0.058635,0.112527,0.003211,0.00016
0,0.189241,0.19044,-0.004301,0.188141,-0.022122,0.145528,0.003303,0.003324
0,-0.017609,0.002926,-0.183408,-0.212132,-0.214143,-0.250723,0.000307,5.1e-05
0,0.142289,-0.020974,0.171813,-0.050194,0.129095,-0.012748,0.002483,0.000366
0,-0.031659,0.008402,-0.197435,0.000899,-0.242845,0.012053,0.000553,0.000147
0,-0.045572,0.041257,-0.003848,0.052434,-0.011792,0.030073,0.000795,0.00072
0,-0.013935,-0.052515,0.020984,-0.088006,0.012289,-0.075059,0.000243,0.000917
0,-0.046524,0.043402,-0.036491,0.083167,-0.036586,0.041607,0.000812,0.000758
0,0.018855,0.218541,0.052471,0.193902,0.089111,0.232946,0.000329,0.003814
0,0.081346,0.012885,0.079465,-0.224461,0.092527,-0.186533,0.00142,0.000225
0,0.029413,-0.019726,-0.053122,-0.021602,-0.046766,-0.014953,0.000513,0.000344
0,0.101537,0.106627,0.093365,0.118912,0.089878,0.123386,0.001772,0.001861
0,0.015455,0.163415,-0.091569,0.070215,-0.12522,0.108745,0.00027,0.002852
0,0.040091,-0.010876,0.009562,-0.154497,-0.003127,-0.166877,0.0007,0.00019
0,-0.104552,0.084334,-0.162256,0.11707,-0.197972,0.088528,0.001825,0.001472
0,0.040986,0.039114,0.140349,-0.025869,0.120412,-0.025568,0.000715,0.000683
0,0.122121,-0.00154,0.091751,-0.021447,0.12626,0.017752,0.002131,2.7e-05
0,0.157188,0.155158,0.02591,0.162821,0.032946,0.172017,0.002743,0.002708
0,-0.013434,0.111834,-0.169931,-0.040897,-0.205244,0.005145,0.000234,0.001952
0,-0.088621,-0.025087,-0.098239,-0.110207,-0.099932,-0.087714,0.001547,0.000438
0,0.059737,0.140643,0.173846,0.180448,0.171752,0.146331,0.001043,0.002455
0,-0.038686,0.181572,-0.091114,0.038944,-0.098856,0.076989,0.000675,0.003169
0,-0.146843,0.180384,-0.128274,0.023504,-0.159723,0.034451,0.002563,0.003148
0,-0.146665,0.155331,0.000662,-0.043627,0.034554,-0.088773,0.00256,0.002711
0,-0.053378,0.236322,0.087771,0.089349,0.046647,0.102553,0.000932,0.004125
0,-0.210121,0.06671,-0.146086,-0.167976,-0.122393,-0.158208,0.003667,0.001164
0,-0.016639,-0.053079,0.169539,-0.123671,0.130556,-0.079392,0.00029,0.000926
0,-0.2324,0.032881,-0.212465,0.097891,-0.210227,0.056875,0.004056,0.000574
0,-0.138965,0.163506,0.079709,0.146653,0.043279,0.109977,0.002425,0.002854
0,0.036745,0.068083,0.153307,-0.073319,0.202975,-0.047492,0.000641,0.001188
0,-0.270621,-0.102976,-0.294886,-0.194786,-0.281907,-0.184918,0.004723,0.001797
0,-0.170866,-0.042027,0.128831,0.053869,0.127486,0.017683,0.002982,0.000734
0,-0.27443,-0.144962,-0.127466,-0.087556,-0.11379,-0.137395,0.00479,0.00253
0,-0.116483,-0.045479,0.164995,0.105462,0.170235,0.132783,0.002033,0.000794
0,-0.05814,-0.027502,0.053668,0.044094,0.055605,0.087983,0.001015,0.00048
0,-0.173689,0.093821,-0.096676,0.120829,-0.090364,0.148564,0.003031,0.001637
0,0.035015,-0.099669,0.228096,-0.194039,0.181492,-0.234488,0.000611,0.00174
0,-0.142194,-0.132524,-0.161688,-0.041587,-0.117523,-0.04862,0.002482,0.002313
0,-0.019875,-0.076932,0.12609,0.032025,0.12866,-0.009007,0.000347,0.001343
0,0.002844,0.125321,0.000382,0.217602,-0.047339,0.261505,5e-05,0.002187
0,-0.18547,-0.098488,-0.179939,-0.199729,-0.130256,-0.177272,0.003237,0.001719
0,-0.206284,-0.018639,-0.048265,0.094184,-0.026801,0.107118,0.0036,0.000325
0,-0.121386,0.176646,0.099224,0.204208,0.071424,0.225344,0.002119,0.003083
0,-0.068728,-0.046362,0.081313,-0.220833,0.114245,-0.23751,0.0012,0.000809
0,-0.04655,0.018574,0.001666,0.047878,0.001215,0.016943,0.000812,0.000324
0,-0.113384,-0.105628,-0.079916,-0.141624,-0.083638,-0.127739,0.001979,0.001844
0,-0.124917,-0.024508,0.009957,0.052857,0.031064,0.042856,0.00218,0.000428
0,0.015706,0.130225,0.145479,0.146745,0.194653,0.142926,0.000274,0.002273
0,-0.084312,-0.040513,-0.094014,-0.1912,-0.083188,-0.166648,0.001472,0.000707
0,-0.043023,0.147632,0.06299,0.192959,0.027693,0.161357,0.000751,0.002577
0,0.212257,0.127211,0.257957,-0.023731,0.302119,0.016784,0.003705,0.00222
0,0.042779,-0.018301,-0.184389,-0.12298,-0.156287,-0.166062,0.000747,0.000319
0,-0.051259,-0.129283,-0.105136,-0.093176,-0.146311,-0.080655,0.000895,0.002256
0,0.082812,0.030321,0.133473,0.143207,0.144551,0.119672,0.001445,0.000529
0,-0.04539,-0.032921,-0.118394,-0.070004,-0.144935,-0.034525,0.000792,0.000575
0,-0.039423,0.118303,0.013915,0.169428,0.061639,0.12504,0.000688,0.002065
0,-0.008855,0.169237,0.004224,0.050641,0.047289,0.028278,0.000155,0.002954
0,-0.141385,-0.018875,-0.124224,-0.183476,-0.17367,-0.228978,0.002468,0.000329
0,-0.121172,0.036305,-0.002482,0.036146,0.04284,0.035071,0.002115,0.000634
0,-0.0652,0.030889,0.076059,-0.024566,0.058466,-0.018925,0.001138,0.000539
0,-0.067517,-0.000997,-0.027158,-0.054773,-0.016051,-0.059617,0.001178,1.7e-05
0,0.102303,-0.008636,0.185566,-0.010613,0.143898,0.034945,0.001786,0.000151
0,0.126987,0.035923,0.050496,0.025473,0.098823,-0.0227,0.002216,0.000627
0,0.119943,0.167189,0.022003,0.101897,-0.009665,0.06649,0.002093,0.002918
0,-0.005379,-0.0558,-0.134984,-0.236273,-0.146391,-0.226395,9.4e-05,0.000974
0,-0.010675,0.09366,-0.03209,0.161757,-0.026821,0.129087,0.000186,0.001635
0,0.019803,0.062968,0.036601,-0.008057,0.053759,-0.001553,0.000346,0.001099
0,0.099949,-0.019865,0.087356,-0.102091,0.131992,-0.151211,0.001744,0.000347
0,-0.083395,0.112913,-0.175557,0.108134,-0.151434,0.131664,0.001456,0.001971
0,-0.203748,-0.03233,-0.143853,-0.148835,-0.170235,-0.160951,0.003556,0.000564
0,-0.065463,0.187599,0.122402,0.227456,0.087594,0.23646,0.001143,0.003274
0,-0.165214,-0.024839,-0.117334,-0.238199,-0.119597,-0.232392,0.002884,0.000434
0,-0.068519,-0.025048,0.082962,-0.000827,0.067974,0.019783,0.001196,0.000437
0,-0.172767,0.106353,-0.076025,0.103068,-0.057802,0.082391,0.003015,0.001856
0,-0.132283,0.083171,0.060633,-0.018182,0.054154,0.003182,0.002309,0.001452
0,0.04153,0.198458,0.168552,0.126281,0.187931,0.124477,0.000725,0.003464
0,-0.064965,0.062079,-0.099271,-0.165957,-0.148311,-0.146925,0.001134,0.001083
0,-0.081942,0.090383,-0.036299,0.046416,-0.060638,0.045976,0.00143,0.001577
0,-0.138928,0.210816,-0.062323,0.143649,-0.068273,0.182895,0.002425,0.003679
0,-0.005411,-0.036977,0.133391,-0.256874,0.176622,-0.230401,9.4e-05,0.000645
0,0.051102,0.161006,0.070676,0.188995,0.099382,0.143891,0.000892,0.00281
0,0.057053,-0.006373,0.015529,-0.15999,0.03128,-0.195432,0.000996,0.000111
0,-0.198679,0.024928,-0.274373,0.01393,-0.252347,0.039606,0.003468,0.000435
0,-0.131686,-0.076349,0.082398,-0.124886,0.09016,-0.11267,0.002298,0.001333
0,0.006569,-0.130022,0.15395,-0.049847,0.105627,-0.023172,0.000115,0.002269
0,0.087208,0.051559,0.059428,0.209129,0.014586,0.222096,0.001522,0.0009
0,-0.106324,0.137889,-0.192016,0.063769,-0.156543,0.066952,0.001856,0.002407
0,0.094404,-0.059875,0.171362,-0.169611,0.142952,-0.129622,0.001648,0.001045
0,-0.057533,0.13015,-0.138424,0.180477,-0.129886,0.189997,0.001004,0.002272
0,-0.097224,0.18141,-0.04408,0.040966,-0.080034,-0.004357,0.001697,0.003166
0,0.076181,0.065061,0.181425,-0.103275,0.175609,-0.138809,0.00133,0.001136
0,-0.050449,0.082014,-0.145617,-0.012808,-0.172875,0.021773,0.00088,0.001431
0,0.000152,0.076658,0.041447,-0.016741,0.045598,-0.008275,3e-06,0.001338
0,-0.084124,-0.036758,-0.084279,-0.121324,-0.03541,-0.150175,0.001468,0.000642
0,-0.034849,-0.05704,0.044993,-0.031728,0.023439,-0.037591,0.000608,0.000996
0,-0.180326,-0.089962,-0.142888,-0.060048,-0.18674,-0.052694,0.003147,0.00157
0,-0.055911,-0.022882,0.121344,0.048032,0.075563,0.059963,0.000976,0.000399
0,-0.274006,0.048522,-0.227145,0.057341,-0.214234,0.074834,0.004782,0.000847
0,-0.209369,0.153955,0.048751,0.097734,0.015452,0.078184,0.003654,0.002687
0,-0.167446,0.036048,0.017657,-0.107238,-0.010723,-0.144744,0.002922,0.000629
0,-0.043517,0.060102,0.143199,0.019237,0.124675,0.049967,0.00076,0.001049
0,0.06249,0.049472,0.127502,-0.001661,0.090321,0.032876,0.001091,0.000863
0,-0.116574,0.030303,-0.189426,-0.005684,-0.217581,-0.036838,0.002035,0.000529
0,0.031241,0.20871,0.164714,0.195278,0.1274,0.220738,0.000545,0.003643
0,-0.163627,0.074066,-0.223616,-0.161069,-0.18123,-0.182141,0.002856,0.001293
0,0.016434,0.189485,0.182493,0.126656,0.204698,0.078099,0.000287,0.003307
0,0.02466,0.19063,0.00867,-0.001625,-0.001242,0.018713,0.00043,0.003327
0,0.010836,-0.019222,-0.032562,-0.214504,-0.031715,-0.170333,0.000189,0.000335
0,-0.139805,0.227723,-0.126799,0.276718,-0.124592,0.27107,0.00244,0.003975
0,-0.115529,0.1878,0.052518,-0.063207,0.050441,-0.013367,0.002016,0.003278
0,-0.235053,0.143973,-0.115521,-0.046737,-0.112596,-0.02883,0.004102,0.002513
0,-0.015774,0.178276,0.243795,0.062191,0.233542,0.067668,0.000275,0.003112
0,0.006347,0.086396,0.032842,-0.084256,-0.014731,-0.132896,0.000111,0.001508
0,-0.186587,0.199012,-0.209064,0.124827,-0.247907,0.089737,0.003257,0.003473
0,-0.022788,0.187036,0.151613,0.013262,0.199616,-0.029706,0.000398,0.003264
0,-0.078468,-0.016422,-0.055551,-0.200877,-0.01683,-0.167526,0.00137,0.000287
0,-0.020743,-0.056129,0.066673,-0.055654,0.110176,-0.066241,0.000362,0.00098
0,-0.11552,-0.005611,-0.097164,0.020743,-0.081914,0.016278,0.002016,9.8e-05
0,0.081231,0.160759,0.217672,0.151774,0.220281,0.109086,0.001418,0.002806
0,0.049963,0.03687,-0.049726,-0.118876,-0.037209,-0.099807,0.000872,0.000644
0,0.019609,0.07754,-0.018642,0.05382,-0.011006,0.084821,0.000342,0.001353
0,-0.0925,0.039235,-0.128274,-0.063603,-0.083657,-0.071959,0.001614,0.000685
0,-1.806012,0.203125,-1.684652,0.18303,-1.710001,0.208136,0.004751,0.003545
0,-1.89271,0.038008,-0.11165,-0.185171,-0.061701,-0.175494,0.003237,0.000663
0,-1.869946,0.287884,0.005211,0.220461,-0.040924,0.219693,0.003635,0.005025
0,-1.762142,0.181338,0.124861,-0.10912,0.108608,-0.080666,0.005516,0.003165
0,-1.516474,0.14948,0.258925,-0.03427,0.235277,-0.000682,0.002286,0.002609
0,-1.29641,0.053508,0.193832,-0.125155,0.218883,-0.173095,0.001554,0.000934
0,-0.781455,0.267474,0.505642,0.211908,0.553277,0.261571,0.001548,0.004668
0,-0.754957,0.293265,0.042017,0.037764,0.0614,0.071693,0.001086,0.005118
0,-0.512927,0.229681,0.249344,-0.084013,0.201444,-0.073884,0.003138,0.004009
0,-0.341784,0.09953,0.145044,-0.102224,0.186286,-0.097347,0.005965,0.001737
0,0.058027,0.223996,0.419389,0.124672,0.436826,0.091887,0.001013,0.003909
0,0.014845,0.074083,-0.033622,-0.150953,-0.053397,-0.176768,0.000259,0.001293
0,0.067478,0.304223,0.045019,0.202275,0.084178,0.231229,0.001178,0.00531
0,0.14912,0.324561,0.106253,0.042601,0.126713,-0.002917,0.002603,0.005665
0,-0.053171,0.080012,-0.199062,-0.217551,-0.247451,-0.16882,0.000928,0.001396
0,-0.015121,0.247463,0.014666,0.182125,0.051637,0.188142,0.000264,0.004319
0,0.072943,0.031306,0.077352,-0.196169,0.113118,-0.222472,0.001273,0.000546
0,0.113975,0.042799,0.021549,-0.010126,-0.00613,-0.050747,0.001989,0.000747
0,0.876905,0.138692,0.749066,0.069333,0.719347,0.052034,0.003214,0.002421
0,1.914032,0.154541,1.046838,0.014077,1.081499,0.040264,0.002865,0.002697
0,1.820521,0.056111,-0.082381,-0.125144,-0.040313,-0.097479,0.004497,0.000979
0,1.666804,0.150223,-0.159404,0.112537,-0.197744,0.138359,0.00491,0.002622
0,1.533365,0.166325,-0.130401,-0.013065,-0.134936,0.028226,0.002581,0.002903
0,1.208808,0.185463,-0.336472,0.001048,-0.333271,0.02619,0.003083,0.003237
0,1.190884,0.065535,-0.015639,-0.12138,-0.013321,-0.093937,0.003396,0.001144
0,0.713829,0.254558,-0.470425,0.167281,-0.459392,0.162257,0.000368,0.004443
0,0.42787,0.05746,-0.257118,-0.178063,-0.231533,-0.138187,0.004623,0.001003
0,0.194809,0.214496,-0.213087,0.161364,-0.171028,0.145404,0.0034,0.003744
0,0.077309,0.298218,-0.12177,0.095211,-0.130872,0.12692,0.001349,0.005205
0,-0.057157,0.043784,-0.146736,-0.225869,-0.113508,-0.214074,0.000998,0.000764
0,-0.261333,0.01165,-0.208467,-0.007045,-0.186781,-0.016234,0.004561,0.000203
0,-0.208431,0.127858,0.067953,0.116402,0.024609,0.13777,0.003638,0.002232
0,-0.085206,0.072035,0.111003,-0.038292,0.154965,-0.021145,0.001487,0.001257
0,-0.219737,0.009535,-0.143413,-0.060417,-0.189293,-0.02686,0.003835,0.000166
0,-0.385162,0.214146,-0.17917,0.183739,-0.221343,0.154923,0.005368,0.003738
0,-0.355995,0.156433,0.042171,-0.050386,0.018294,-0.099884,0.005877,0.00273
0,-0.140649,0.103558,0.220896,-0.081977,0.236022,-0.112035,0.002455,0.001807
0,-0.135665,0.209697,0.015968,0.078157,0.062674,0.111465,0.002368,0.00366
0,-0.336667,0.224772,-0.20647,0.033812,-0.244934,0.046421,0.005876,0.003923
0,-0.330013,0.117361,-0.003228,-0.133123,0.022496,-0.176094,0.00576,0.002048
0,-0.272926,0.033339,0.058064,-0.07409,0.046222,-0.029968,0.004763,0.000582
0,-0.213235,0.092716,0.063728,0.047161,0.030862,0.072871,0.003722,0.001618
0,-0.111541,0.035213,0.120338,-0.040449,0.070733,-0.083186,0.001947,0.000615
0,-0.226397,0.062622,-0.085013,0.024282,-0.077635,0.015357,0.003951,0.001093
0,-0.100191,0.059095,0.127337,-0.027879,0.169295,-0.063249,0.001749,0.001031
0,-0.262443,0.04045,-0.132773,0.011286,-0.132238,0.057947,0.00458,0.000706
0,-0.058257,0.222227,0.211992,0.188277,0.247746,0.229654,0.001017,0.003879
0,-0.196187,0.193968,-0.139342,-0.024534,-0.18039,-0.042378,0.003424,0.003385
0,-0.101039,-0.055989,0.110602,-0.260981,0.108506,-0.277803,0.001763,0.000977
0,0.0273,-0.078463,0.146877,-0.020445,0.116452,0.018579,0.000476,0.001369
0,-0.131396,0.154999,-0.165255,0.239872,-0.188853,0.230151,0.002293,0.002705
0,-0.083738,-0.031856,0.032994,-0.162495,0.031461,-0.154766,0.001461,0.000556
0,-0.09443,0.149979,0.008641,0.163391,0.024426,0.164488,0.001648,0.002618
0,0.077185,0.001196,0.150041,-0.119065,0.146242,-0.112,0.001347,2.1e-05
0,0.105181,-0.055989,0.009183,-0.076243,-0.025459,-0.07882,0.001836,0.000977
0,-0.018634,0.102187,-0.100645,0.163225,-0.106594,0.118055,0.000325,0.001784
0,-0.084942,0.182176,-0.064019,0.10256,-0.029903,0.087022,0.001483,0.00318
0,-0.159076,-0.003051,-0.062693,-0.168505,-0.089181,-0.198481,0.002776,5.3e-05
0,-0.153908,0.171832,0.021369,0.177404,0.047749,0.143975,0.002686,0.002999
0,-0.096284,0.061882,0.067464,-0.136838,0.035701,-0.147997,0.00168,0.00108
0,-0.048376,0.102522,0.055371,0.068017,0.006059,0.060863,0.000844,0.001789
0,0.072183,0.088857,0.112492,-0.003814,0.106331,-0.031584,0.00126,0.001551
0,-0.129832,0.189929,-0.195914,0.128368,-0.229899,0.132056,0.002266,0.003315
0,-0.149058,-0.024986,-0.045408,-0.242783,-0.061337,-0.211774,0.002602,0.000436
0,-0.088031,0.092319,0.066065,0.128628,0.07614,0.108869,0.001536,0.001611
0,-0.147528,-0.00259,-0.060268,-0.105031,-0.01299,-0.057591,0.002575,4.5e-05
0,-0.037396,0.168377,0.137257,0.159151,0.172668,0.137413,0.000653,0.002939
0,-0.040293,0.027065,0.025636,-0.160536,0.032692,-0.151824,0.000703,0.000472
0,0.021785,0.04537,0.063,0.000742,0.100731,-0.039348,0.00038,0.000792
0,0.021852,0.094999,0.013702,0.021598,-0.018421,0.061632,0.000381,0.001658
0,0.117172,-0.013751,0.067608,-0.081692,0.024635,-0.08182,0.002045,0.00024
0,-0.025517,-0.00598,-0.119057,0.011862,-0.081118,0.002058,0.000445,0.000104
0,0.017265,0.133366,0.018542,0.138283,0.054358,0.140331,0.000301,0.002328
0,0.144893,0.050091,0.1225,-0.109659,0.161679,-0.128378,0.002529,0.000874
0,0.072929,0.009466,-0.081716,-0.041305,-0.109211,-0.009242,0.001273,0.000165
0,-0.007977,-0.033398,-0.105491,-0.027753,-0.130379,-0.077582,0.000139,0.000583
0,0.044215,-0.078633,0.068756,-0.045618,0.070904,-0.074265,0.000772,0.001372
0,0.056905,-0.015353,0.025162,0.039171,0.074666,0.061601,0.000993,0.000268
0,0.165498,0.061121,0.128286,0.10019,0.109733,0.139343,0.002888,0.001067
0,-0.083869,0.0381,-0.249205,-0.033045,-0.276689,-0.074521,0.001464,0.000665
0,0.044246,-0.081223,0.127504,-0.138328,0.152396,-0.147586,0.000772,0.001418
0,-0.023841,-0.08242,-0.060954,0.008804,-0.024034,-0.027969,0.000416,0.001439
0,0.153519,-0.182888,0.20626,-0.107573,0.179636,-0.081557,0.002679,0.003192
0,0.254216,-0.062067,0.120659,0.106139,0.156753,0.093203,0.004437,0.001083
0,0.02826,-0.057033,-0.2049,0.028022,-0.24091,0.075515,0.000493,0.000995
0,-0.002729,-0.027065,-0.021747,0.046115,-0.02556,-0.001694,4.8e-05,0.000472
0,0.243853,-0.085684,0.274724,-0.041836,0.289661,-0.069939,0.004256,0.001495
0,0.012527,-0.110302,-0.217099,-0.041178,-0.216982,0.008534,0.000219,0.001925
0,0.157965,0.001472,0.168266,0.086606,0.166899,0.085197,0.002757,2.6e-05
0,0.227388,0.083085,0.064864,0.093336,0.063919,0.073932,0.003969,0.00145
0,0.165446,0.001119,-0.055351,-0.097389,-0.097137,-0.085404,0.002888,2e-05
0,0.260313,-0.054941,0.115294,-0.043592,0.089786,-0.048819,0.004543,0.000959
0,0.222584,-0.099087,-0.018198,-0.049088,-0.001763,-0.053698,0.003885,0.001729
0,0.226937,-0.13553,0.024808,-0.040367,-0.024322,-0.047214,0.003961,0.002365
0,0.09217,-0.084123,-0.134655,0.071019,-0.112818,0.056623,0.001609,0.001468
0,0.170526,-0.064714,0.097337,-0.007453,0.134957,0.013204,0.002976,0.001129
0,0.152997,-0.116397,-0.042392,-0.074991,-0.005734,-0.031738,0.00267,0.002032
0,0.035425,-0.047349,-0.103993,0.062901,-0.086781,0.078443,0.000618,0.000826
0,-0.024214,-0.189139,-0.056343,-0.141619,-0.067053,-0.14466,0.000423,0.003301
0,0.093633,0.062711,0.091651,0.234101,0.081579,0.193793,0.001634,0.001095
0,0.137161,-0.131255,0.014943,-0.19713,-0.029824,-0.219126,0.002394,0.002291
0,0.035092,-0.03969,-0.080614,0.09541,-0.037648,0.086948,0.000612,0.000693
0,-0.158508,0.063877,-0.168959,0.0878,-0.192827,0.115682,0.002766,0.001115
0,-0.138278,-0.173821,0.049922,-0.207791,0.066288,-0.187877,0.002413,0.003034
0,0.057921,0.007102,0.195999,0.188309,0.204475,0.153622,0.001011,0.000124
0,0.098273,0.003153,0.01597,0.001891,0.031224,-0.024352,0.001715,5.5e-05
0,-0.135172,-0.100459,-0.230905,-0.13207,-0.223632,-0.093179,0.002359,0.001753
0,-0.121298,-0.073846,0.013838,0.02732,0.055064,0.008382,0.002117,0.001289
0,0.025687,-0.076136,0.159692,-0.010089,0.137042,-0.04415,0.000448,0.001329
0,-0.023536,0.020733,-0.066551,0.110102,-0.057831,0.062122,0.000411,0.000362
0,0.090562,0.061155,0.127128,0.042612,0.100778,0.042185,0.001581,0.001067
0,0.106392,-0.115451,0.042961,-0.18864,0.0416,-0.160026,0.001857,0.002015
0,0.015333,0.048585,-0.069949,0.18095,-0.057098,0.218735,0.000268,0.000848
0,-0.055386,-0.055582,-0.066072,-0.091254,-0.085604,-0.071633,0.000967,0.00097
0,-0.013705,-0.066965,0.037802,-0.026513,0.058388,-0.052281,0.000239,0.001169
0,0.03183,0.017075,0.046655,0.058893,0.076642,0.015409,0.000556,0.000298
0,-0.148576,0.047439,-0.176802,0.032973,-0.195864,0.050691,0.002593,0.000828
0,-0.090301,-0.216478,0.053447,-0.248537,0.061226,-0.201886,0.001576,0.003778
0,-0.07634,-0.21445,0.043644,0.001297,0.005671,-0.018381,0.001332,0.003743
0,-0.086439,-0.190942,-0.022851,0.013305,0.016996,0.062069,0.001509,0.003333
0,0.08893,-0.15594,0.189957,0.051029,0.199396,0.024975,0.001552,0.002722
0,0.100939,-0.163483,-0.007819,0.003188,-0.024934,-0.039329,0.001762,0.002853
0,0.152465,-0.065547,0.045191,0.127864,0.038653,0.092443,0.002661,0.001144
0,0.132318,-0.08315,0.003323,-0.041119,-0.015115,-0.051243,0.002309,0.001451
0,0.124342,-0.191477,-0.025239,-0.116146,-0.074618,-0.160657,0.00217,0.003342
0,-0.044053,-0.033695,-0.173486,0.132602,-0.154787,0.133096,0.000769,0.000588
0,0.02238,-0.176772,0.093265,-0.163152,0.098228,-0.154697,0.000391,0.003085
0,0.218629,-0.041308,0.195459,0.118308,0.165078,0.09156,0.003816,0.000721
0,0.057907,-0.156226,-0.157407,-0.131777,-0.126327,-0.128508,0.001011,0.002727
0,-0.021218,-0.016281,-0.09179,0.165542,-0.048959,0.188533,0.00037,0.000284
0,-0.026772,-0.21823,-0.021866,-0.174908,-0.009474,-0.132113,0.000467,0.003809
0,0.08298,-0.09118,0.121818,0.101075,0.168552,0.107061,0.001448,0.001591
0,0.07352,0.073099,-0.02292,0.149765,-0.028878,0.197482,0.001283,0.001276
0,0.065874,-0.062427,-0.019614,-0.161635,-0.022741,-0.190124,0.00115,0.00109
0,0.066187,0.069284,0.00991,0.142956,-0.001141,0.177483,0.001155,0.001209
0,-0.053354,0.010255,-0.129562,-0.060589,-0.108695,-0.042175,0.000931,0.000179
0,0.028629,-0.146309,0.07309,-0.128136,0.094698,-0.081028,0.0005,0.002554
0,0.020999,-0.153441,-0.019582,-0.010029,-0.03875,-0.004834,0.000367,0.002678
0,-0.126939,-0.039675,-0.167445,0.140457,-0.16884,0.130112,0.002215,0.000692
0,0.100107,0.131897,0.200159,0.161903,0.241786,0.174137,0.001747,0.002302
0,0.103823,0.0429,-0.014209,-0.064101,0.017071,-0.053138,0.001812,0.000749
0,-0.057269,0.160662,-0.174555,0.142377,-0.194533,0.125346,0.001,0.002804
0,0.06405,0.039426,0.147177,-0.100732,0.108472,-0.104572,0.001118,0.000688
0,0.162502,-0.017089,0.106153,-0.028311,0.134239,-0.036941,0.002836,0.000298
0,0.033181,0.071605,-0.145835,0.06848,-0.098937,0.065557,0.000579,0.00125
0,0.007304,0.118294,-0.017892,0.040787,0.011749,0.074806,0.000127,0.002065
0,-0.000282,-0.105001,-0.01982,-0.211871,-0.049544,-0.210661,5e-06,0.001833
0,-0.010996,0.05923,-0.026788,0.179911,-0.073805,0.203474,0.000192,0.001034
0,-0.091743,-0.003501,-0.07929,-0.051326,-0.029924,-0.099814,0.001601,6.1e-05
0,0.038044,0.066183,0.119759,0.057639,0.097255,0.033615,0.000664,0.001155
0,0.039286,-0.111525,-0.004267,-0.163265,-0.00869,-0.203106,0.000686,0.001946
0,0.013863,0.057915,-0.050281,0.186458,-0.022995,0.159237,0.000242,0.001011
0,-0.033059,0.101698,-0.045977,0.06508,-0.082786,0.016562,0.000577,0.001775
0,-0.01816,-0.078701,-0.011046,-0.152371,0.0096,-0.131584,0.000317,0.001374
0,0.031865,-0.101869,0.047723,-0.016408,0.032671,-0.003078,0.000556,0.001778
0,0.047766,0.111962,0.010162,0.219308,0.004678,0.181895,0.000834,0.001954
0,0.182468,0.1293,0.132222,0.016394,0.14987,-0.008627,0.003185,0.002257
0,-0.016803,-0.101377,-0.199838,-0.222087,-0.203843,-0.239055,0.000293,0.001769
0,0.121962,0.084406,0.142492,0.215777,0.130803,0.183297,0.002129,0.001473
0,0.095701,-0.088544,-0.026971,-0.16873,0.002999,-0.140632,0.00167,0.001545
0,-0.026932,-0.10174,-0.12847,-0.034359,-0.156811,-0.040604,0.00047,0.001776
0,0.03667,0.028696,0.049867,0.156707,0.095854,0.114744,0.00064,0.000501
0,0.019159,-0.086928,0.008224,-0.139923,0.055357,-0.159596,0.000334,0.001517
0,0.087924,-0.087459,0.093479,0.000389,0.138401,0.044037,0.001535,0.001526
0,0.191438,0.127944,0.078192,0.213235,0.119709,0.164265,0.003341,0.002233
0,0.021237,-0.059021,-0.183564,-0.164659,-0.147738,-0.152831,0.000371,0.00103
0,0.095096,-0.133882,0.08379,-0.052993,0.110328,-0.092892,0.00166,0.002337
0,0.127116,-0.0503,0.055421,0.079659,0.038333,0.107049,0.002219,0.000878
0,0.243895,0.005033,0.090153,0.082295,0.112875,0.11902,0.004257,8.8e-05
0,0.206202,-0.059546,-0.012064,-0.047137,-0.027598,-0.054956,0.003599,0.001039
0,-0.035547,0.018946,-0.234848,0.079219,-0.226794,0.084707,0.00062,0.000331
0,0.195859,0.158452,0.226116,0.152999,0.26838,0.113445,0.003418,0.002766
0,0.026675,0.036093,-0.187588,-0.15163,-0.193205,-0.186137,0.000466,0.00063
0,0.070866,0.036217,0.059171,-0.014442,0.107608,-0.028073,0.001237,0.000632
0,0.148854,-0.000889,0.107056,-0.015603,0.066207,0.024462,0.002598,1.6e-05
0,-0.008892,0.073201,-0.172857,0.080639,-0.176023,0.112423,0.000155,0.001278
0,-0.000574,0.104944,0.03585,0.061318,-0.007897,0.082769,1e-05,0.001832
0,-0.000484,0.040591,-0.026911,-0.046653,-0.005219,-0.051744,8e-06,0.000708
0,0.238152,-0.066369,0.221504,-0.104646,0.222576,-0.15101,0.004157,0.001158
0,1.992777,-0.194722,1.772066,-0.157275,1.740356,-0.126734,0.001491,0.003399
0,2.786256,-0.326852,0.77678,-0.123683,0.730737,-0.107263,0.000267,0.005705
0,2.925049,-0.280679,0.167871,0.01912,0.11919,0.064833,0.00269,0.004899
0,2.705748,-0.313374,-0.203525,-0.038134,-0.185396,-0.030505,0.001138,0.005469
0,2.684131,-0.284537,-0.008435,0.003032,0.030827,-0.033172,0.001515,0.004966
0,2.118191,-0.328345,-0.568282,-0.017949,-0.52271,0.015038,0.000698,0.005731
0,1.402241,-0.472057,-0.745531,-0.12901,-0.726237,-0.138724,0.000293,0.003852
0,1.138989,-0.225449,-0.254572,0.24815,-0.294501,0.257919,0.004302,0.003935
0,0.727256,-0.112547,-0.42147,0.129926,-0.406937,0.100428,0.000603,0.001964
0,0.387653,-0.252441,-0.343364,-0.119588,-0.344505,-0.164967,0.005325,0.004406
0,0.262222,-0.274352,-0.1081,-0.040267,-0.149579,-0.044636,0.004577,0.004788
0,-0.22955,-0.21185,-0.512508,0.040923,-0.465753,0.000279,0.004006,0.003697
0,-0.480759,-0.350241,-0.235603,-0.14045,-0.254074,-0.146694,0.0037,0.005978
0,-0.466746,-0.141963,0.028707,0.228995,0.068488,0.191627,0.003944,0.002478
0,-0.258115,-0.05236,0.19978,0.101924,0.190623,0.093185,0.004505,0.000914
0,-0.366968,-0.149689,-0.133959,-0.08442,-0.108326,-0.073784,0.005686,0.002613
0,-0.171692,0.072198,0.219664,0.223384,0.204185,0.266742,0.002997,0.00126
0,-0.226903,0.039918,-0.0626,-0.010201,-0.04515,-0.02388,0.00396,0.000697
0,-0.203068,0.070438,0.032389,0.043675,0.050676,0.075158,0.003544,0.001229
0,-0.126854,-0.053866,0.097148,-0.098839,0.075106,-0.054933,0.002214,0.00094
0,-0.12433,0.144737,0.024047,0.17012,-0.005923,0.153347,0.00217,0.002526
0,-0.057529,0.013558,0.095246,-0.156948,0.046846,-0.124141,0.001004,0.000237
0,-0.018077,0.070162,0.041728,0.038252,-0.002394,0.038674,0.000315,0.001225
0,-0.133628,-0.100398,-0.102608,-0.174757,-0.054628,-0.214799,0.002332,0.001752
0,-0.130988,-0.091166,0.008342,-0.016029,-0.0192,0.029376,0.002286,0.001591
0,-0.068366,0.043897,0.054149,0.133979,0.051363,0.132568,0.001193,0.000766
0,-0.166815,-0.092936,-0.069675,-0.134063,-0.10438,-0.122274,0.002911,0.001622
0,-0.107545,-0.127357,0.050907,-0.063138,0.002588,-0.075739,0.001877,0.002223
0,0.041796,-0.084939,0.159077,0.042033,0.177851,0.023676,0.000729,0.001482
0,-0.078205,-0.106205,-0.148857,-0.050249,-0.108513,-0.056957,0.001365,0.001854
0,-0.045634,0.13726,0.007369,0.221668,0.02577,0.266095,0.000796,0.002396
0,-0.109543,0.006396,-0.038079,-0.119503,-0.065922,-0.091628,0.001912,0.000112
0,0.033137,0.08602,0.133053,0.091519,0.109243,0.10468,0.000578,0.001501
0,-0.036039,0.026074,-0.087236,-0.033576,-0.040785,-0.029015,0.000629,0.000455
0,-0.172213,-0.014216,-0.109115,-0.054885,-0.138911,-0.058474,0.003006,0.000248
0,-0.028275,0.076291,0.119195,0.080006,0.107163,0.050169,0.000493,0.001332
0,-0.148758,-0.065386,-0.111683,-0.114689,-0.065015,-0.066453,0.002596,0.001141
0,-0.179493,0.015041,-0.029706,0.086365,-0.056757,0.045922,0.003133,0.000263
0,-0.120732,0.003265,0.032251,0.005462,0.061842,-0.035963,0.002107,5.7e-05
0,-0.135288,0.044246,0.010017,0.067639,-0.035179,0.056988,0.002361,0.000772
0,-0.109576,-0.098868,0.018289,-0.168076,-0.030849,-0.129461,0.001912,0.001726
0,-0.253773,0.031462,-0.147139,0.15395,-0.113654,0.152219,0.004429,0.000549
0,-0.064727,-0.120212,0.200553,-0.181487,0.182214,-0.172066,0.00113,0.002098
0,-0.308105,0.034087,-0.252388,0.174671,-0.268588,0.134335,0.005377,0.000595
0,-0.245286,0.0727,0.034973,0.034821,0.026767,-0.010746,0.004281,0.001269
0,-0.333797,-0.000642,-0.059077,-0.07859,-0.056287,-0.044683,0.005826,1.1e-05
0,-0.353574,0.150205,0.001579,0.152298,0.036594,0.109721,0.005919,0.002622
0,-0.230607,0.043921,0.127043,-0.131477,0.118844,-0.176892,0.004025,0.000767
0,-0.34102,0.028292,-0.12054,-0.006342,-0.143223,0.032534,0.005952,0.000494
0,-0.26409,-0.028093,0.103446,-0.05164,0.108601,-0.015759,0.004609,0.00049
0,-0.063308,0.085047,0.187334,0.101693,0.231084,0.060076,0.001105,0.001484
0,-0.143623,0.006349,-0.051649,-0.095581,-0.069819,-0.100285,0.002507,0.000111
0,-0.337372,-0.017345,-0.175405,0.003999,-0.129568,-0.043972,0.005888,0.000303
0,-0.204159,0.110897,0.133586,0.156361,0.155988,0.195198,0.003563,0.001936
0,-0.320088,0.027933,-0.101862,-0.095532,-0.133801,-0.104504,0.005587,0.000488
0,-0.111742,0.140167,0.212793,0.082265,0.187248,0.046092,0.00195,0.002446
0,-0.027265,-0.092373,0.109031,-0.262128,0.129103,-0.258349,0.000476,0.001612
0,-0.290208,0.017773,-0.290854,0.101945,-0.254932,0.140076,0.005065,0.00031
0,-0.308611,0.023423,-0.01664,-0.009396,-0.055334,0.025856,0.005386,0.000409
0,-0.087088,-0.110446,0.193459,-0.130561,0.186808,-0.162814,0.00152,0.001928
0,-0.235811,0.021979,-0.13345,0.146424,-0.113046,0.104271,0.004116,0.000384
0,-0.01444,0.028415,0.23515,0.000374,0.267929,0.01544,0.000252,0.000496
0,-0.174894,0.108162,-0.177389,0.101495,-0.160816,0.146336,0.003052,0.001888
0,0.00941,-0.011823,0.158524,-0.124556,0.199053,-0.133998,0.000164,0.000206
0,-0.067246,-0.142297,-0.083189,-0.134248,-0.080765,-0.168418,0.001174,0.002484
0,-0.167674,-0.200757,-0.093728,-0.029312,-0.134138,-0.005711,0.002926,0.003504
0,-0.201699,-0.103935,-0.062183,0.084431,-0.077751,0.11827,0.00352,0.001814
0,0.002242,0.040376,0.185506,0.163359,0.174745,0.118709,3.9e-05,0.000705
0,-0.275102,-0.191821,-0.264747,-0.204695,-0.252842,-0.204542,0.004801,0.003348
0,-0.082439,-0.025975,0.207796,0.165699,0.230608,0.143049,0.001439,0.000453
0,-0.188357,-0.13038,-0.079223,-0.112832,-0.108626,-0.141188,0.003287,0.002276
0,-0.193082,-0.108541,-0.032477,0.022544,-0.07686,-0.019048,0.00337,0.001894
0,-0.236668,0.06667,-0.015372,0.180313,-0.045387,0.22204,0.004131,0.001164
0,-0.165909,0.156574,0.076913,0.101083,0.062199,0.067234,0.002896,0.002733
0,-0.050615,0.115926,0.110913,-0.025947,0.073905,-0.066861,0.000883,0.002023
0,-0.202003,0.126023,-0.168267,0.032512,-0.189203,-0.014819,0.003526,0.0022
0,0.039771,-0.047231,0.269902,-0.16619,0.260634,-0.157784,0.000694,0.000824
0,-0.128936,0.079761,-0.161723,0.09729,-0.183602,0.101952,0.00225,0.001392
0,0.028227,-0.031999,0.18084,-0.107783,0.168985,-0.059424,0.000493,0.000558
0,0.069694,-0.02274,0.040816,0.018895,0.071013,0.03344,0.001216,0.000397
0,-0.003845,-0.059575,-0.065248,-0.023509,-0.114743,-0.004126,6.7e-05,0.00104
0,0.082263,-0.14631,0.103556,-0.082819,0.104257,-0.055499,0.001436,0.002554
0,0.081197,-0.024961,-0.005006,0.113229,-0.022974,0.156036,0.001417,0.000436
0,-0.022417,0.101593,-0.121149,0.101471,-0.133986,0.133628,0.000391,0.001773
0,-0.033745,-0.025691,0.011135,-0.098835,0.035787,-0.079272,0.000589,0.000448
0,0.198682,0.04697,0.232614,0.085695,0.274462,0.107686,0.003468,0.00082
0,0.052377,-0.039336,-0.148373,-0.076219,-0.136386,-0.110739,0.000914,0.000687
0,-0.014864,-0.013995,-0.06067,0.045667,-0.048918,0.063308,0.000259,0.000244
0,0.147412,0.03653,0.147966,0.022026,0.100521,-0.017028,0.002573,0.000638
0,0.232844,0.03208,0.106915,-0.028275,0.13315,-0.023919,0.004064,0.00056
0,0.256353,-0.096271,0.01888,-0.105358,0.044334,-0.105238,0.004474,0.00168
0,0.020529,0.050027,-0.234535,0.125226,-0.266371,0.126677,0.000358,0.000873
0,-0.0144,-0.168337,-0.062132,-0.23357,-0.02477,-0.241827,0.000251,0.002938
0,0.042346,-0.10728,0.058498,0.089342,0.081982,0.052248,0.000739,0.001872
0,0.05736,-0.170965,0.044875,-0.080405,0.026177,-0.130357,0.001001,0.002984
0,0.012836,0.025994,-0.044598,0.215728,-0.094047,0.169549,0.000224,0.000454
0,0.089119,-0.099116,0.061,-0.126603,0.069511,-0.153535,0.001555,0.00173
0,0.210046,0.038317,0.094612,0.1149,0.099635,0.158462,0.003666,0.000669
0,0.119257,0.033886,-0.064902,-0.004171,-0.025265,-0.020363,0.002081,0.000591
0,0.160882,-0.037091,0.022024,-0.068734,0.037073,-0.094597,0.002808,0.000647
0,0.014713,-0.110816,-0.153932,-0.046665,-0.121588,-0.053688,0.000257,0.001934
0,0.054851,-0.089782,0.053912,0.021683,0.053957,0.030107,0.000957,0.001567
0,0.124295,-0.175622,0.075482,-0.108826,0.119761,-0.105423,0.002169,0.003065
0,0.204366,-0.027589,0.109471,0.120265,0.154724,0.115857,0.003567,0.000482
0,0.326132,-0.196086,0.103728,-0.191887,0.124624,-0.209116,0.005692,0.003422
0,0.321728,-0.012986,-0.02086,0.175328,-0.070678,0.15302,0.005615,0.000227
0,0.148944,-0.111686,-0.172921,-0.111143,-0.167746,-0.141061,0.0026,0.001949
0,0.065612,-0.098147,-0.105707,0.025125,-0.069096,0.030207,0.001145,0.001713
0,0.168654,-0.103585,0.089585,-0.032783,0.098276,-0.069522,0.002944,0.001808
0,0.34829,-0.159436,0.156082,-0.07642,0.124218,-0.062475,0.006012,0.002783
0,0.242892,-0.151844,-0.129488,0.017418,-0.172366,0.041389,0.004239,0.00265
0,0.220461,-0.189887,-0.030227,-0.04803,-0.006581,-0.055265,0.003848,0.003314
0,0.314428,0.026681,0.10081,0.187116,0.093773,0.188437,0.005488,0.000466
0,0.267877,-0.186785,-0.05056,-0.229755,-0.058679,-0.256512,0.004675,0.00326
0,0.202929,0.076835,-0.078478,0.248155,-0.065341,0.253487,0.003542,0.001341
0,0.202281,0.049114,-0.030609,-0.001745,0.014435,0.047048,0.00353,0.000857
0,0.280531,-0.163798,0.071352,-0.23589,0.068541,-0.223047,0.004896,0.002859
0,0.285493,0.004394,-0.016958,0.156081,0.002679,0.122465,0.004983,7.7e-05
0,0.233781,-0.062788,-0.038801,-0.07078,-0.041832,-0.055851,0.00408,0.001096
0,0.039862,0.01722,-0.206768,0.108369,-0.182558,0.075995,0.000696,0.000301
0,0.010584,-0.140093,-0.020308,-0.144527,0.016992,-0.190605,0.000185,0.002445
0,0.174041,0.000899,0.178194,0.145417,0.132611,0.101178,0.003038,1.6e-05
0,0.029621,0.111181,-0.167674,0.11637,-0.128757,0.116566,0.000517,0.00194
0,0.231807,0.0628,0.176596,-0.034635,0.193122,-0.056017,0.004046,0.001096
0,0.127576,-0.04747,-0.110758,-0.121822,-0.10018,-0.092004,0.002227,0.000829
0,0.168653,0.008399,0.051929,0.071556,0.070312,0.03603,0.002944,0.000147
0,0.216195,0.135499,0.049339,0.097299,0.049451,0.076263,0.003773,0.002365
0,0.01521,0.142737,-0.182748,-0.008322,-0.207715,-0.041781,0.000265,0.002491
0,0.078017,0.143747,0.079538,0.028829,0.109166,0.06249,0.001362,0.002509
0,0.191616,-0.086422,0.120537,-0.233494,0.138281,-0.262149,0.003344,0.001508
0,-0.041149,0.091635,-0.253139,0.207182,-0.294927,0.189115,0.000718,0.001599
0,0.041492,0.069705,0.091714,-0.03205,0.093032,-0.032816,0.000724,0.001217
0,0.146331,-0.118888,0.087537,-0.18632,0.101357,-0.161553,0.002554,0.002075
0,0.108677,-0.044605,-0.033071,0.098452,-0.057987,0.123933,0.001897,0.000779
0,-0.021794,-0.091833,-0.134875,-0.057351,-0.168053,-0.031903,0.00038,0.001603
0,0.161963,0.153014,0.175373,0.258131,0.148381,0.283437,0.002827,0.002671
0,0.163107,0.012909,0.004235,-0.170055,0.015899,-0.122405,0.002847,0.000225
0,0.034446,0.182833,-0.100759,0.184299,-0.142302,0.191798,0.000601,0.003191
0,-0.125173,0.134309,-0.132323,-0.058174,-0.178195,-0.106262,0.002185,0.002344
0,0.133656,0.001785,0.230136,-0.138321,0.199478,-0.176497,0.002333,3.1e-05
0,-0.104282,-0.077853,-0.218736,-0.081856,-0.24728,-0.125882,0.00182,0.001359
0,-0.084111,-0.011729,0.03377,0.093082,-0.00279,0.082919,0.001468,0.000205
0,0.087473,-0.068712,0.157168,-0.082491,0.194655,-0.099042,0.001527,0.001199
0,0.075272,0.163097,-0.01224,0.227426,0.028068,0.208745,0.001314,0.002847
0,0.159601,0.008133,0.057107,-0.170282,0.105118,-0.123181,0.002786,0.000142
0,0.134046,0.072089,0.002108,0.08482,0.047862,0.049513,0.00234,0.001258
0,-0.056454,0.116479,-0.175961,0.061905,-0.157472,0.036065,0.000985,0.002033
0,0.105082,0.171802,0.171236,0.079316,0.187486,0.03044,0.001834,0.002999
0,0.177991,-0.060582,0.092081,-0.248732,0.108705,-0.219474,0.003107,0.001057
0,-0.039496,-0.007027,-0.247466,0.068277,-0.297362,0.116875,0.000689,0.000123
0,0.195458,0.144808,0.260403,0.131039,0.262595,0.131874,0.003411,0.002527
0,-0.040072,0.106558,-0.264076,-0.030012,-0.245286,0.01472,0.000699,0.00186
0,0.16581,0.183645,0.233813,0.065751,0.26979,0.08352,0.002894,0.003205
0,0.156062,-0.04249,-0.026688,-0.254008,-0.0199,-0.302105,0.002724,0.000742
0,0.129877,0.181317,-0.052278,0.233346,-0.032893,0.279714,0.002267,0.003165
0,0.06675,0.032153,-0.068941,-0.125664,-0.087411,-0.151016,0.001165,0.000561
0,-0.102016,0.036264,-0.165873,-0.01783,-0.152821,-0.013767,0.001781,0.000633
0,0.177704,0.058113,0.252991,0.008946,0.270165,-0.037862,0.003102,0.001014
0,0.19283,0.09976,-0.011306,0.046443,-0.026558,0.081925,0.003366,0.001741
0,0.05438,0.00883,-0.164984,-0.082584,-0.121786,-0.042184,0.000949,0.000154
0,0.181066,0.053494,0.145417,0.055363,0.111497,0.011344,0.00316,0.000934
0,-0.001603,-0.042811,-0.19776,-0.118406,-0.22483,-0.14664,2.8e-05,0.000747
0,0.128537,0.238071,0.137701,0.260007,0.18362,0.287872,0.002243,0.004155
0,0.136679,0.141424,0.018785,-0.091333,0.043862,-0.082526,0.002385,0.002468
0,-0.011238,0.123351,-0.156181,0.008625,-0.145089,0.023112,0.000196,0.002153
0,0.21768,0.034144,0.228904,-0.059209,0.250841,-0.071923,0.003799,0.000596
0,0.111944,-0.031354,-0.087705,-0.061575,-0.060696,-0.041958,0.001954,0.000547
0,0.191228,-0.110573,0.063193,-0.060237,0.039908,-0.037088,0.003338,0.00193
0,0.048198,-0.026499,-0.136178,0.091737,-0.119651,0.10995,0.000841,0.000462
0,0.112333,-0.035834,0.084444,-0.028187,0.118324,-0.046573,0.001961,0.000625
0,0.210424,-0.048674,0.077748,0.003494,0.039961,-0.04511,0.003673,0.00085
0,-0.02122,0.132769,-0.225515,0.157338,-0.209197,0.156213,0.00037,0.002317
0,0.198601,0.014755,0.197129,-0.108571,0.158657,-0.109358,0.003466,0.000258
0,0.010344,0.119732,-0.20655,0.079685,-0.190872,0.088912,0.000181,0.00209
0,0.037449,0.017106,0.020233,-0.089424,0.004936,-0.077605,0.000654,0.000299
0,0.064893,0.057027,0.010292,0.036446,-0.029543,0.004378,0.001133,0.000995
0,0.157761,0.096058,0.100838,0.059236,0.143673,0.057929,0.002753,0.001677
0,0.081451,0.07355,-0.08872,8e-06,-0.074844,0.008868,0.001422,0.001284
0,0.09694,-0.005914,0.040775,-0.098891,0.058705,-0.060388,0.001692,0.000103
0,0.077737,0.075131,-0.029276,0.100058,-0.061212,0.135665,0.001357,0.001311
0,0.169394,0.080223,0.067773,0.000695,0.045466,0.039436,0.002956,0.0014
0,0.135563,0.1471,-0.004284,0.059043,0.006188,0.105346,0.002366,0.002567
0,0.019823,0.138933,-0.141062,-0.023642,-0.188666,-0.040011,0.000346,0.002425
0,0.090782,-0.155873,0.096838,-0.274986,0.053348,-0.234158,0.001584,0.00272
0,-0.007463,0.11911,-0.093932,0.28867,-0.140771,0.246873,0.00013,0.002079
0,0.131734,-0.02545,0.148621,-0.174272,0.188181,-0.159758,0.002299,0.000444
0,-0.106925,0.079336,-0.266738,0.081865,-0.218868,0.035599,0.001866,0.001385
0,0.038931,0.052019,0.15761,-0.011864,0.1495,0.030206,0.000679,0.000908
0,1.872703,0.004654,1.822086,-0.065086,1.840493,-0.103098,0.003587,8.1e-05
0,3.151273,-9.8e-05,1.276012,-0.027045,1.285278,-0.034793,0.005452,2e-06
0,2.912214,-0.015822,-0.264773,-0.043756,-0.294382,-0.062391,0.002466,0.000276
0,0.561003,0.305628,-2.341519,0.300689,-2.317771,0.290204,0.002299,0.005334
0,-1.006204,0.44938,-1.588749,0.115397,-1.580963,0.142819,0.005471,0.004247
0,-1.333013,0.501284,-0.342419,0.024245,-0.319966,0.072855,0.000916,0.003341
0,-1.845183,0.274836,-0.519273,-0.217239,-0.518846,-0.223367,0.004067,0.004797
0,-1.522892,0.26129,0.34255,-0.017886,0.346929,-0.023591,0.002399,0.00456
0,-1.625529,0.404885,-0.119112,0.122475,-0.108965,0.139159,0.00419,0.005024
0,-1.313171,0.144154,0.333159,-0.262306,0.296463,-0.241384,0.001262,0.000967
0,-1.074418,0.106047,0.253223,-0.01347,0.294875,-0.032787,0.005429,0.000967
0,-0.739584,0.207728,0.349541,0.074245,0.3526,0.040088,0.000818,0.000967
0,-0.58872,0.062251,0.121561,-0.135378,0.154996,-0.172394,0.001815,0.000967
0,-0.569499,-0.069726,0.035775,-0.159479,0.00914,-0.1192,0.002151,0.001217
0,-0.320444,-0.072701,0.244816,0.003695,0.211855,-0.041224,0.005593,0.001269
0,-0.579076,-0.079957,-0.264892,0.020465,-0.245249,-0.001644,0.001984,0.001396
0,-0.418214,0.116507,0.168876,0.169848,0.205105,0.199625,0.004791,0.000967
0,-0.350729,-0.091664,0.094998,-0.200505,0.131896,-0.204712,0.005969,0.0016
0,-0.282649,0.114479,0.078817,0.185028,0.078875,0.150495,0.004933,0.000967
0,-0.443431,0.098651,-0.174565,0.012127,-0.147439,0.047277,0.004351,0.000967
0,-0.395497,0.024141,0.01823,-0.075685,0.024387,-0.060017,0.005188,0.000967
0,-0.247832,-0.066024,0.119612,-0.112441,0.112323,-0.142596,0.004325,0.001152
0,-0.42043,-0.056637,-0.183375,0.007139,-0.159225,0.055356,0.004753,0.000989
0,-0.288669,-0.040977,0.141696,0.040496,0.162657,0.002352,0.005038,0.000967
0,-0.224026,-0.100441,0.076497,-0.044194,0.109901,-0.055976,0.00391,0.001753
0,-0.211059,0.050695,0.021344,0.180121,0.016836,0.133125,0.003684,0.000967
0,-0.213884,0.051386,-0.02003,0.026712,-0.013199,0.024713,0.003733,0.000967
0,-0.321572,0.046699,-0.085862,0.014836,-0.098503,0.024896,0.005612,0.000967
0,-0.131141,-0.058269,0.202608,-0.117906,0.161611,-0.078599,0.002289,0.001017
0,-0.244943,-0.004148,-0.139956,0.08215,-0.174014,0.078525,0.004275,0.000967
0,-0.19465,-0.13954,0.053572,-0.142534,0.073298,-0.191113,0.003397,0.002435
0,-0.219565,-0.095206,0.003113,0.02617,0.050657,0.001841,0.003832,0.001662
0,0.885828,-0.101725,1.098956,-0.030028,1.140174,-0.072276,0.00337,0.001775
0,3.000382,0.012801,2.09624,0.102622,2.059104,0.079613,0.004005,0.000967
0,5.858768,-0.163253,2.883673,-0.205733,2.923694,-0.18114,0.005531,0.002849
0,6.234076,-0.046237,0.392302,0.102002,0.406151,0.145024,9e-06,0.000967
0,5.793622,-0.110616,-0.45749,-0.080342,-0.428,-0.105373,0.004394,0.001931
0,5.355862,-0.015739,-0.410713,0.065882,-0.427157,0.019462,0.003246,0.000967
0,4.84227,0.038314,-0.52785,0.039806,-0.566685,0.077048,0.00012,0.000967
0,3.556165,-0.114914,-1.260144,-0.156855,-1.271372,-0.206661,0.001614,0.002006
0,1.906145,0.092944,-1.670161,0.229604,-1.691967,0.211858,0.003003,0.000967
0,0.847615,-0.12001,-1.08803,-0.197707,-1.068462,-0.228389,0.002703,0.002095
0,0.400265,-0.0348,-0.473065,0.063838,-0.431909,0.055866,0.005105,0.000967
0,-0.200153,-0.136485,-0.619573,-0.075924,-0.611476,-0.056293,0.003493,0.002382
0,-0.412767,0.122888,-0.198423,0.266356,-0.208005,0.249699,0.004886,0.000967
0,-0.593366,0.03089,-0.171741,-0.120592,-0.19069,-0.070729,0.001734,0.000967
0,-0.469416,-0.160204,0.101999,-0.184416,0.077636,-0.177703,0.003898,0.002796
0,-0.354437,0.086692,0.104579,0.246965,0.094206,0.213654,0.005904,0.000967
0,-0.271021,0.009181,0.058232,-0.057096,0.043399,-0.053881,0.00473,0.000967
0,-0.07369,0.055283,0.19646,0.023862,0.192601,-0.014517,0.001286,0.000967
0,-0.085735,0.021711,-0.0156,-0.030057,0.003924,-0.016781,0.001496,0.000967
0,0.013731,-0.083716,0.119337,-0.133625,0.101414,-0.107101,0.00024,0.001461
0,-0.015282,-0.113377,-0.016499,-0.018854,-0.003994,-0.061641,0.000267,0.001979
0,1.992725,-0.363079,2.03698,-0.235262,1.991874,-0.267237,0.001492,0.005754
0,2.342574,-0.513912,0.369263,-0.135109,0.347763,-0.153455,0.004614,0.003121
0,2.216245,-0.984306,-0.106127,-0.466913,-0.139116,-0.487467,0.002409,0.005089
0,1.968226,-0.940719,-0.274768,0.021023,-0.268672,0.017063,0.001919,0.004328
0,1.668329,-0.978082,-0.319365,-0.055703,-0.319407,-0.025241,0.004937,0.00498
0,1.290747,-0.728265,-0.348659,0.220791,-0.35943,0.195824,0.001653,0.00062
0,0.96114,-0.779287,-0.338772,-0.055385,-0.350659,-0.076164,0.004685,0.001511
0,0.730768,-0.668336,-0.243933,0.135989,-0.246863,0.13684,0.000664,0.000426
0,0.278771,-0.47598,-0.461678,0.217867,-0.449085,0.240182,0.004865,0.003783
0,0.236744,-0.296553,-0.053,0.192689,-0.018033,0.189646,0.004132,0.005176
0,-0.065301,-0.009614,-0.275502,0.27576,-0.272113,0.308265,0.00114,0.000168
0,-0.058661,-0.186373,0.030854,-0.167816,0.003395,-0.19882,0.001024,0.003253
0,-0.048671,-0.100312,-0.002856,0.058864,-0.028345,0.045784,0.000849,0.001751
0,0.066144,-0.112429,0.129164,-0.030928,0.158434,-0.024469,0.001154,0.001962
0,0.103977,-0.069009,0.029986,0.022031,0.014702,0.045442,0.001815,0.001204
0,-0.059865,-0.175503,-0.179649,-0.119045,-0.142097,-0.107498,0.001045,0.003063
0,-0.085785,-0.146776,-0.023013,0.047905,-0.000395,0.085351,0.001497,0.002562
0,0.061854,0.017212,0.172122,0.140706,0.138645,0.178096,0.00108,0.0003
0,0.057313,-0.139471,-0.020782,-0.164413,-0.033268,-0.208273,0.001,0.002434
0,0.174403,-0.192473,0.094516,-0.072278,0.082175,-0.077193,0.003044,0.003359
0,0.026466,-0.017828,-0.126502,0.146449,-0.117914,0.130295,0.000462,0.000311
0,-0.069709,-0.157259,-0.071668,-0.13989,-0.057425,-0.130301,0.001217,0.002745
0,-0.024859,0.044772,0.071303,0.178455,0.071853,0.14333,0.000434,0.000781
0,-0.069554,-0.006651,-0.07026,-0.063097,-0.048585,-0.074466,0.001214,0.000116
0,0.073939,-0.119903,0.11897,-0.092955,0.158136,-0.125997,0.00129,0.002093
0,-0.004273,0.037849,-0.089572,0.159905,-0.078032,0.149636,7.5e-05,0.000661
0,0.065247,-0.109293,0.079283,-0.133802,0.044058,-0.090372,0.001139,0.001908
0,0.13905,-0.040785,0.09876,0.09785,0.142992,0.074259,0.002427,0.000712
0,-0.133354,0.000474,-0.246589,0.030937,-0.263776,-0.01859,0.002327,8e-06
0,0.012492,-0.027053,0.157024,-0.027416,0.202337,-0.041028,0.000218,0.000472
0,-0.149205,0.093307,-0.159358,0.139776,-0.126233,0.107302,0.002604,0.001629
0,0.045086,-0.049891,0.216338,-0.147497,0.265954,-0.184766,0.000787,0.000871
0,-0.057114,-0.003354,-0.07873,0.06337,-0.099664,0.048206,0.000997,5.9e-05
0,0.098211,0.099913,0.147132,0.116502,0.122927,0.120259,0.001714,0.001744
0,0.009812,-0.010884,-0.05868,-0.101589,-0.013239,-0.150829,0.000171,0.00019
0,-0.028858,-0.051875,-0.027389,-0.012874,0.018383,-0.013908,0.000504,0.000905
0,-0.000257,-0.136275,0.02002,-0.061407,0.064258,-0.08321,4e-06,0.002378
0,-0.11662,-0.045278,-0.103491,0.094474,-0.138006,0.068634,0.002035,0.00079
0,-0.041606,-0.136268,0.094805,-0.104378,0.069419,-0.121933,0.000726,0.002378
0,-0.022273,0.053921,0.012639,0.201292,0.019169,0.178401,0.000389,0.000941
0,-0.11985,0.02991,-0.082241,0.005093,-0.058065,0.053193,0.002092,0.000522
0,-0.066651,0.049962,0.057938,0.028762,0.061973,-0.015903,0.001163,0.000872
0,0.080681,-0.124756,0.168882,-0.19681,0.134602,-0.14939,0.001408,0.002177
0,-0.035328,-0.195679,-0.096411,-0.053497,-0.14266,-0.046115,0.000617,0.003415
0,-0.032214,0.08563,-0.017587,0.282524,-0.005857,0.283111,0.000562,0.001495
0,-0.071907,-0.17232,-0.012671,-0.274271,0.02295,-0.299151,0.001255,0.003008
0,-0.029721,-0.074673,0.068471,0.069465,0.113248,0.118857,0.000519,0.001303
0,-0.037758,-0.063578,-0.001779,-0.006973,0.026221,0.038903,0.000659,0.00111
0,-0.068711,0.015672,-0.026822,0.070176,-0.005929,0.061659,0.001199,0.000274
0,0.073564,-0.031792,0.121788,-0.019408,0.097621,-0.040808,0.001284,0.000555
0,0.022879,0.068603,-0.042883,0.09591,-0.061597,0.081892,0.000399,0.001197
0,0.06032,-0.057075,0.016409,-0.118035,0.057047,-0.084315,0.001053,0.000996
0,-0.031715,0.084403,-0.104837,0.136626,-0.142486,0.138253,0.000554,0.001473
0,-0.046373,-0.138301,0.006666,-0.239216,0.017279,-0.259405,0.000809,0.002414
0,0.149381,-0.136817,0.214354,-0.028229,0.228496,-0.070823,0.002607,0.002388
0,0.140295,-0.126534,-0.021455,0.025483,-0.059119,0.023078,0.002449,0.002208
0,-0.052083,-0.105996,-0.196292,0.045279,-0.212896,0.062973,0.000909,0.00185
0,-0.105503,-0.053626,-0.033234,0.027761,-0.055534,0.038371,0.001841,0.000936
0,0.069069,0.002759,0.185309,0.038929,0.219271,0.01083,0.001205,4.8e-05
0,0.198275,-0.09333,0.111786,-0.119166,0.157977,-0.140613,0.003461,0.001629
0,-0.074463,-0.063733,-0.268199,0.041279,-0.305422,0.010881,0.0013,0.001112
0,-1.562291,-0.914482,-1.51705,-0.852758,-1.539681,-0.840806,0.003086,0.00387
0,-2.312702,-1.526391,-0.779646,-0.634926,-0.755018,-0.678437,0.004093,0.00246
0,-2.516463,-1.607356,-0.184442,-0.09922,-0.172181,-0.096437,0.004441,0.003873
0,-2.316441,-1.627837,0.19731,0.005957,0.158922,0.023987,0.004158,0.00423
0,-2.004574,-1.344677,0.33044,0.310071,0.326688,0.267135,0.001285,0.000712
0,-1.263509,-1.15384,0.752073,0.169305,0.710647,0.217759,0.002129,0.004043
0,-0.964897,-1.050214,0.283759,0.095937,0.290375,0.076048,0.00475,0.005851
0,-0.543547,-0.799932,0.432211,0.222806,0.480773,0.175624,0.002604,0.001871
0,-0.395701,-0.531412,0.14514,0.270208,0.188884,0.258405,0.005184,0.002816
0,-0.243845,-0.29326,0.174771,0.223118,0.152409,0.190888,0.004256,0.005118
0,0.062741,-0.069388,0.318849,0.224293,0.368687,0.19433,0.001095,0.001211
0,-0.069833,-0.112943,-0.1594,-0.014907,-0.152892,-0.00773,0.001219,0.001971
0,0.17747,0.072256,0.273857,0.18595,0.249021,0.168853,0.003097,0.001261
0,0.378041,0.1187,0.18522,0.052168,0.161227,0.054655,0.005492,0.002072
0,0.125947,0.014946,-0.228822,-0.122777,-0.275873,-0.144826,0.002198,0.000261
0,0.3659,0.138598,0.229787,0.118811,0.219852,0.106847,0.005704,0.002419
0,0.191623,-0.00153,-0.178105,-0.162552,-0.177581,-0.143952,0.003344,2.7e-05
0,0.14054,0.165955,-0.060672,0.17312,-0.063559,0.140083,0.002453,0.002896
0,0.13119,0.228947,-0.02555,0.090279,-0.043175,0.04906,0.00229,0.003996
0,0.036489,0.289843,-0.12078,0.069437,-0.164472,0.021023,0.000637,0.005059
0,0.017007,0.055147,-0.046291,-0.225247,-0.011595,-0.236422,0.000297,0.000962
0,-0.123878,0.148385,-0.123239,0.121517,-0.16022,0.144254,0.002162,0.00259
0,-0.026809,0.089303,0.092695,-0.070119,0.073316,-0.027492,0.000468,0.001559
0,-0.086529,0.042703,-0.07936,-0.067856,-0.123524,-0.028798,0.00151,0.000745
0,-0.0037,0.193954,0.068002,0.153722,0.053513,0.148544,6.5e-05,0.003385
0,-0.131848,0.067793,-0.145498,-0.107312,-0.112327,-0.142272,0.002301,0.001183
0,0.092169,0.131547,0.244106,0.076035,0.270407,0.043264,0.001609,0.002296
0,0.084075,0.12034,-0.005805,-0.008282,-0.013883,-0.029499,0.001467,0.0021
0,0.112962,0.240844,0.022231,0.106956,0.007125,0.082571,0.001972,0.004204
0,-0.201418,0.219217,-0.34334,-0.013777,-0.333553,-0.05322,0.003515,0.003826
0,-0.052564,0.02804,0.136514,-0.171968,0.111235,-0.152855,0.000917,0.000489
0,-0.136137,-0.002473,-0.09704,-0.034151,-0.101133,-0.047698,0.002376,4.3e-05
0,0.005278,-0.0163,0.13093,0.014634,0.123874,0.013342,9.2e-05,0.000284
0,-0.161022,0.152823,-0.161256,0.193328,-0.123013,0.196457,0.00281,0.002667
0,-0.021747,0.149141,0.150805,0.00397,0.190843,-0.036571,0.00038,0.002603
0,-0.148072,0.102519,-0.100214,-0.049811,-0.098394,-0.037421,0.002584,0.001789
0,-0.027123,0.145291,0.098862,0.055086,0.148088,0.058844,0.000473,0.002536
0,-0.204166,0.026179,-0.204492,-0.125469,-0.207245,-0.100594,0.003563,0.000457
0,-0.108539,-0.123188,0.068873,-0.153099,0.097991,-0.169732,0.001894,0.00215
0,0.06986,-0.128837,0.162176,-0.03006,0.152836,-0.031255,0.001219,0.002249
0,0.050767,-0.075664,-0.019736,0.038637,-0.047309,0.070594,0.000886,0.001321
0,0.124621,-0.095065,0.073425,-0.013779,0.079549,-0.000979,0.002175,0.001659
0,-0.135602,0.058931,-0.273477,0.144203,-0.272754,0.164294,0.002367,0.001029
0,0.044386,0.165175,0.156534,0.09302,0.184884,0.138549,0.000775,0.002883
0,-0.134791,0.124758,-0.176423,-0.029594,-0.167032,0.012216,0.002353,0.002177
0,-0.062111,-0.01158,0.068477,-0.13576,0.084665,-0.100782,0.001084,0.000202
0,-0.025051,-0.018446,0.045624,-0.015538,0.030025,-0.001601,0.000437,0.000322
0,-0.134866,0.137724,-0.101742,0.183167,-0.066361,0.18703,0.002354,0.002404
0,0.072285,-0.016487,0.199429,-0.129105,0.212687,-0.151268,0.001262,0.000288
0,-0.136542,-0.007706,-0.226202,0.034804,-0.189343,-0.007137,0.002383,0.000135
0,0.025959,0.113075,0.179988,0.127028,0.156786,0.136701,0.000453,0.001974
0,-0.074797,0.239286,-0.08056,0.151855,-0.064354,0.113028,0.001305,0.004176
0,0.038852,0.105885,0.112486,-0.148324,0.096335,-0.142069,0.000678,0.001848
0,-0.076116,0.068392,-0.097926,-0.023625,-0.077442,-0.015034,0.001328,0.001194
0,-0.206649,-0.005417,-0.112914,-0.04945,-0.121734,-0.014316,0.003607,9.5e-05
0,-0.00503,0.043087,0.20469,0.021127,0.196621,-0.016725,8.8e-05,0.000752
0,0.061067,0.056695,0.095831,0.012361,0.145686,0.029039,0.001066,0.00099
0,-0.122722,0.157535,-0.188548,0.080878,-0.228581,0.103946,0.002142,0.002749
0,-0.059079,-0.007484,0.037781,-0.186674,0.086394,-0.190937,0.001031,0.000131
0,-0.060074,0.180756,-0.019041,0.185395,-0.04707,0.225133,0.001048,0.003155
0,-0.050239,0.135885,0.025733,-0.041446,-0.020521,-0.031063,0.000877,0.002372
0,-0.093732,0.134645,-0.042492,0.01862,-0.003787,-0.009958,0.001636,0.00235
0,-0.014469,0.071134,0.053046,-0.087174,0.070539,-0.054299,0.000253,0.001242
0,-0.042699,0.000702,-0.053222,-0.052454,-0.030133,-0.09805,0.000745,1.2e-05
0,-0.234268,0.249206,-0.183565,0.247304,-0.159192,0.273797,0.004089,0.004349
0,-0.16066,-0.011881,0.075122,-0.270511,0.066367,-0.296344,0.002804,0.000207
0,-0.121743,0.04093,0.030803,0.033861,0.026086,-0.012539,0.002125,0.000714
0,0.015492,0.037266,0.141562,-0.031245,0.16495,-0.065934,0.00027,0.00065
0,-0.148493,0.130918,-0.17312,0.098241,-0.183836,0.080314,0.002592,0.002285
0,-0.159515,-0.007943,-0.025215,-0.157677,-0.007534,-0.194877,0.002784,0.000139
0,0.013634,0.176794,0.153019,0.159287,0.176982,0.183815,0.000238,0.003086
0,-0.069794,-0.033919,-0.07573,-0.233707,-0.107212,-0.272352,0.001218,0.000592
0,-0.075531,0.024269,0.011465,0.069725,0.022459,0.062943,0.001318,0.000424
0,-0.066676,0.168477,-0.017714,0.129765,0.010485,0.110055,0.001164,0.00294
0,-0.166837,0.188274,-0.076818,0.042555,-0.056872,0.088853,0.002912,0.003286
0,-0.078195,0.10558,0.075163,-0.099925,0.100229,-0.129954,0.001365,0.001843
0,-2.5e-05,0.171179,0.049469,0.082711,0.08299,0.086979,0.0,0.002988
0,-0.003646,0.232778,-0.029353,0.071337,-0.044902,0.08533,6.4e-05,0.004063
0,0.096222,-0.028719,0.103555,-0.26968,0.113385,-0.297626,0.001679,0.000501
0,-0.105438,0.114101,-0.18002,0.132601,-0.181594,0.092284,0.00184,0.001991
0,0.038682,-0.040978,0.154176,-0.130956,0.114612,-0.167976,0.000675,0.000715
0,0.027703,0.122872,0.013943,0.144348,0.055046,0.174417,0.000484,0.002145
0,0.066037,0.063728,0.019223,-0.041411,-0.027159,-0.024764,0.001153,0.001112
0,-0.101894,0.013608,-0.195506,-0.065642,-0.158348,-0.048407,0.001778,0.000238
0,-0.174324,0.043693,-0.051,0.001112,-0.010753,-0.011109,0.003043,0.000763
0,-0.167309,0.050365,0.011087,-0.012519,-0.001475,0.031418,0.00292,0.000879
0,0.06147,0.065013,0.217811,-0.00388,0.249618,-0.009499,0.001073,0.001135
0,0.019366,0.02982,-0.069,-0.047383,-0.037022,-0.005049,0.000338,0.00052
0,-0.137924,-0.057351,-0.133186,-0.09254,-0.125173,-0.053229,0.002407,0.001001
0,0.07474,-0.025459,0.226683,0.026491,0.18504,0.065936,0.001304,0.000444
0,0.005759,0.094298,-0.042278,0.092749,-0.034379,0.078776,0.000101,0.001646
0,-0.060823,-0.147176,-0.044155,-0.269467,-0.028852,-0.316377,0.001062,0.002569
0,0.044561,-0.188632,0.120825,-0.013361,0.09348,-0.051844,0.000778,0.003292
0,-0.086861,-0.147757,-0.148057,0.033243,-0.182095,-0.006189,0.001516,0.002579
0,0.033896,0.07798,0.139084,0.251575,0.110669,0.260879,0.000592,0.001361
0,-0.203162,-0.068058,-0.20741,-0.118272,-0.169651,-0.089258,0.003546,0.001188
0,-0.096194,-0.197812,0.086733,-0.151179,0.111067,-0.110255,0.001679,0.003452
0,-0.255861,-0.12676,-0.187959,0.060196,-0.147631,0.012981,0.004466,0.002212
0,-0.057214,-0.133313,0.202335,-0.001181,0.224323,-0.03787,0.000999,0.002327
0,0.005439,0.01884,0.086537,0.173206,0.041285,0.14854,9.5e-05,0.000329
0,-0.094515,-0.026866,-0.106546,-0.021334,-0.13964,-0.011593,0.00165,0.000469
0,-0.217653,-0.088632,-0.14693,-0.038527,-0.111199,-0.07717,0.003799,0.001547
0,-0.002227,0.037304,0.230817,0.139527,0.23491,0.129495,3.9e-05,0.000651
0,0.040631,-0.046964,0.049412,-0.098175,0.004753,-0.114346,0.000709,0.00082
0,0.069612,0.036245,0.020575,0.098166,0.065889,0.131428,0.001215,0.000633
0,0.054236,-0.066975,-0.041199,-0.131542,0.005577,-0.114127,0.000947,0.001169
0,0.079492,-0.028807,-0.001516,0.048877,-0.036234,0.074443,0.001387,0.000503
0,0.100428,-0.004384,0.005321,0.029101,-0.011476,-0.00474,0.001753,7.7e-05
0,-0.022909,-0.065381,-0.13303,-0.034101,-0.129454,0.00493,0.0004,0.001141
0,-0.079617,-0.120211,-0.031989,-0.073785,-0.058548,-0.032817,0.00139,0.002098
0,0.061128,-0.107814,0.12091,0.002942,0.096024,-0.03877,0.001067,0.001882
0,-0.044863,-0.124797,-0.105768,-0.044923,-0.071304,-0.048851,0.000783,0.002178
0,-0.082663,-0.166441,-0.01412,-0.062272,0.017554,-0.086452,0.001443,0.002905
0,-0.163124,-0.251447,-0.074751,-0.086865,-0.110303,-0.124811,0.002847,0.004389
0,-0.106537,-0.121662,0.072442,0.143157,0.0649,0.171961,0.001859,0.002123
0,-0.149826,-0.185361,-0.060206,-0.062372,-0.070963,-0.099595,0.002615,0.003235
0,-0.160387,-0.214139,0.00826,-0.005397,0.013984,0.011065,0.002799,0.003737
0,-0.153494,-0.197684,0.019086,0.005151,0.037456,0.007705,0.002679,0.00345
0,-0.249718,-0.014809,-0.066797,0.191323,-0.050713,0.205672,0.004358,0.000258
0,-0.236877,-0.051121,0.040767,-0.042284,0.078829,0.000254,0.004134,0.000892
0,-0.078544,0.034231,0.132345,0.084063,0.12573,0.091481,0.001371,0.000597
0,-0.254981,-0.017451,-0.178654,-0.040177,-0.1432,-0.084324,0.00445,0.000305
0,-0.117971,0.026052,0.164579,0.050338,0.125898,0.096436,0.002059,0.000455
0,-0.116391,-0.035271,-0.020185,-0.091094,-0.02892,-0.084093,0.002031,0.000616
0,0.014528,-0.207358,0.1373,-0.178264,0.101043,-0.171089,0.000254,0.003619
0,-0.08851,0.080748,-0.093217,0.310263,-0.059014,0.267075,0.001545,0.001409
0,-0.050156,-0.127361,0.043574,-0.188996,0.071552,-0.190222,0.000875,0.002223
0,0.03983,-0.180277,0.071761,-0.052059,0.085267,-0.013605,0.000695,0.003146
0,-0.087034,-0.198539,-0.149143,-0.033011,-0.181828,-0.042723,0.001519,0.003465
0,-0.056194,-0.205001,0.002204,-0.022998,-0.018601,-0.063516,0.000981,0.003578
0,-0.17249,0.078847,-0.109333,0.308702,-0.119228,0.276114,0.003011,0.001376
0,-0.071158,-0.143332,0.115442,-0.244074,0.106016,-0.226775,0.001242,0.002502
0,0.031102,0.033908,0.096807,0.163801,0.071208,0.164006,0.000543,0.000592
0,-0.175726,0.107705,-0.217641,0.082236,-0.250132,0.092004,0.003067,0.00188
0,0.09332,-0.092015,0.287711,-0.198104,0.269964,-0.153948,0.001629,0.001606
0,0.047064,-0.123164,-0.034543,-0.060903,-0.015881,-0.085929,0.000821,0.00215
0,0.112614,0.044197,0.064026,0.183138,0.020868,0.212534,0.001965,0.000771
0,-0.140771,0.074157,-0.256377,0.052457,-0.272987,0.025578,0.002457,0.001294
0,0.07634,-0.013011,0.199104,-0.067706,0.208802,-0.027372,0.001332,0.000227
0,-0.162026,0.012438,-0.216411,0.044162,-0.195632,0.025187,0.002828,0.000217
0,-0.068887,-0.070162,0.114075,-0.076166,0.137403,-0.104443,0.001202,0.001225
0,-0.175763,-0.099203,-0.085225,-0.040872,-0.081521,-0.055822,0.003068,0.001731
0,-0.184446,0.014003,0.00793,0.090244,0.05771,0.130781,0.003219,0.000244
0,-0.116999,-0.09546,0.062788,-0.114116,0.076413,-0.089106,0.002042,0.001666
0,-0.078852,0.155605,0.048313,0.276011,0.07763,0.238766,0.001376,0.002716
0,-0.121649,0.027764,-0.053616,-0.156714,-0.069145,-0.154338,0.002123,0.000485
0,-0.002029,0.120094,0.116178,0.120151,0.087961,0.081457,3.5e-05,0.002096
0,-0.019865,-0.067894,-0.04452,-0.166336,-0.03364,-0.140213,0.000347,0.001185
0,-0.0879,0.122103,-0.038294,0.213589,-0.009323,0.176779,0.001534,0.002131
0,-0.052755,0.166815,0.045821,0.034618,0.07153,0.004432,0.000921,0.002911
0,-0.193129,-0.05433,-0.161794,-0.217594,-0.207197,-0.229681,0.003371,0.000948
0,0.073206,0.080363,0.249256,0.132075,0.259875,0.112431,0.001278,0.001403
0,0.01779,-0.070632,-0.083789,-0.157117,-0.129655,-0.143973,0.00031,0.001233
0,0.014613,0.730142,0.026316,0.789961,-0.017147,0.801912,0.000255,0.000653
0,0.03724,1.787733,0.030786,1.050604,0.015128,1.016512,0.00065,0.00507
0,-0.156558,1.498855,-0.175302,-0.268827,-0.160758,-0.245823,0.002732,0.001979
0,-0.138745,1.855635,0.024623,0.330623,0.019151,0.376909,0.002422,0.003885
0,-0.136968,1.864916,-0.011102,0.027727,0.009859,0.060777,0.002391,0.003723
0,-0.157228,1.52465,-0.037016,-0.315537,-0.019851,-0.30551,0.002744,0.002429
0,-0.171156,0.769421,-0.028967,-0.76335,-0.061146,-0.78875,0.002987,0.001338
0,-0.204843,0.558035,-0.062676,-0.213146,-0.098846,-0.210202,0.003575,0.002351
0,-0.15641,0.27804,0.067578,-0.302447,0.064562,-0.342301,0.00273,0.004853
0,-0.016998,0.122779,0.123466,-0.182361,0.134947,-0.203238,0.000297,0.002143
0,-0.138867,0.052756,-0.133715,-0.085736,-0.098938,-0.098453,0.002424,0.000921
0,0.056865,-0.014975,0.224465,-0.063561,0.271593,-0.074371,0.000992,0.000261
0,-0.226736,-0.255394,-0.287214,-0.253128,-0.301105,-0.257017,0.003957,0.004457
0,-0.062841,-0.040179,0.185953,0.198867,0.150899,0.156089,0.001097,0.000701
0,-0.075889,-0.1218,0.013843,-0.101723,0.061239,-0.080683,0.001325,0.002126
0,-0.002321,-0.192931,0.060197,-0.045953,0.091675,-0.023256,4.1e-05,0.003367
0,-0.156141,-0.141342,-0.175332,0.071003,-0.164425,0.085259,0.002725,0.002467
0,-0.141042,-0.131522,0.024738,-0.012841,0.002659,-0.018508,0.002462,0.002295
0,-0.189685,-0.098188,-0.047321,0.019682,-0.019256,-0.029381,0.003311,0.001714
0,0.031456,-0.164533,0.192864,-0.040219,0.15168,-0.045766,0.000549,0.002872
0,-0.178144,-0.274414,-0.213831,-0.133696,-0.191517,-0.14055,0.003109,0.004789
0,-0.002479,-0.274883,0.152648,-0.006787,0.199681,0.015507,4.3e-05,0.004798
0,0.050604,-0.287464,0.051156,-0.036572,0.016597,-0.002781,0.000883,0.005017
0,-0.199045,-0.170006,-0.221333,0.099612,-0.26692,0.069599,0.003474,0.002967
0,-0.116314,-0.255077,0.064796,-0.072347,0.057351,-0.063664,0.00203,0.004452
0,0.080042,-0.103375,0.225138,0.125903,0.274905,0.11291,0.001397,0.001804
0,0.032458,0.006341,-0.057254,0.09607,-0.014129,0.144853,0.000566,0.000111
0,-0.007516,-0.086366,-0.023307,-0.071586,-0.006882,-0.07183,0.000131,0.001507
0,0.021043,0.043847,0.005336,0.141816,0.054296,0.186905,0.000367,0.000765
0,0.147613,-0.069876,0.126677,-0.136915,0.155857,-0.108817,0.002576,0.00122
0,0.126944,-0.17472,-0.003234,-0.131901,0.018194,-0.124358,0.002216,0.003049
0,-0.010768,-0.139703,-0.163845,0.037122,-0.16467,0.062452,0.000188,0.002438
0,0.1622,0.071588,0.153228,0.215547,0.149124,0.229766,0.002831,0.001249
0,0.00669,0.062836,-0.152595,-0.026529,-0.18282,-0.029876,0.000117,0.001097
0,0.15149,-0.121219,0.161894,-0.210406,0.16313,-0.16117,0.002644,0.002116
0,0.056357,-0.14607,-0.105858,-0.019888,-0.068677,-0.05653,0.000984,0.002549
0,0.157894,-0.189444,0.11198,-0.038244,0.110443,-0.057883,0.002756,0.003306
0,0.185089,0.017475,0.045133,0.209104,0.03682,0.181194,0.00323,0.000305
0,0.1256,-0.177991,-0.086877,-0.177845,-0.100102,-0.202014,0.002192,0.003107
0,0.092715,-0.098277,-0.041321,0.075418,-0.065986,0.038217,0.001618,0.001715
0,-0.066474,0.045412,-0.172506,0.145511,-0.221628,0.126643,0.00116,0.000793
0,-0.000264,-0.100241,0.047554,-0.136539,-0.001946,-0.152657,5e-06,0.00175
0,0.004495,-0.050117,-0.01725,0.077031,-0.035519,0.027121,7.8e-05,0.000875
0,0.091332,0.088653,0.113223,0.156794,0.133979,0.111715,0.001594,0.001547
0,0.085385,-0.14866,0.008933,-0.234194,0.03317,-0.249348,0.00149,0.002595
0,0.007167,-0.133107,-0.097305,0.035367,-0.093704,0.039463,0.000125,0.002323
0,-0.026157,-0.050557,-0.039818,0.053055,-0.054746,0.016469,0.000457,0.000882
0,-0.102608,-0.167305,-0.054097,-0.116203,-0.06938,-0.089438,0.001791,0.00292
0,0.165,0.114897,0.261188,0.266521,0.300154,0.288515,0.00288,0.002005
0,0.132807,-0.009482,-0.049783,-0.152747,-0.003706,-0.140518,0.002318,0.000165
0,-0.165293,-0.120508,-0.301187,-0.102029,-0.332317,-0.090729,0.002885,0.002103
0,0.050931,-0.108572,0.232722,-0.003746,0.208688,0.023762,0.000889,0.001895
0,-0.056374,0.033718,-0.078263,0.1712,-0.043692,0.173702,0.000984,0.000588
0,-0.013782,-0.103583,0.060198,-0.128876,0.012737,-0.138965,0.000241,0.001808
0,-0.148773,0.111103,-0.105737,0.204556,-0.139678,0.213308,0.002597,0.001939
0,-0.066843,0.055033,0.078145,-0.042201,0.065525,-0.077279,0.001167,0.000961
0,-0.087727,-0.06089,-0.027883,-0.143577,-0.071137,-0.174374,0.001531,0.001063
0,0.026947,0.051216,0.111492,0.141753,0.155756,0.099376,0.00047,0.000894
0,-0.199559,0.048025,-0.213645,-0.031237,-0.23542,-0.040604,0.003483,0.000838
0,-0.173998,-0.17478,0.036491,-0.219575,0.05652,-0.189441,0.003037,0.00305
0,-0.115101,-0.039997,0.08123,0.112267,0.119526,0.151152,0.002009,0.000698
0,0.098804,0.012188,0.20446,0.030414,0.206697,-0.000239,0.001724,0.000213
0,0.102654,-0.105419,-0.020575,-0.140797,-0.006373,-0.094345,0.001792,0.00184
0,0.104033,-0.179161,-0.014337,-0.097049,-0.060972,-0.057981,0.001816,0.003127
0,0.107102,-0.150739,-0.015667,0.031899,-0.049361,0.045573,0.001869,0.002631
0,-0.521089,0.665909,-0.621496,0.841631,-0.608353,0.880309,0.002996,0.000468
0,-0.696573,0.857449,-0.151385,0.215668,-0.176629,0.206581,6.7e-05,0.002875
0,-0.525809,1.214701,0.170029,0.383586,0.183633,0.397069,0.002913,0.00298
0,-0.606928,1.021861,-0.097226,-0.204046,-0.113383,-0.167335,0.001498,0.005744
0,-0.68005,0.795337,-0.063476,-0.235481,-0.015589,-0.271466,0.000221,0.001791
0,-0.655083,0.705918,0.022482,-0.069687,0.068592,-0.108273,0.000657,0.00023
0,-0.436549,0.496068,0.199918,-0.221832,0.249438,-0.173415,0.004471,0.003432
0,-0.397003,0.289978,0.03874,-0.219135,0.02241,-0.244525,0.005161,0.000967
0,-0.143172,0.23726,0.27708,-0.062551,0.325916,-0.081417,0.002499,0.000967
0,-0.129601,0.189837,0.029102,-0.036342,0.026644,-0.020264,0.002262,0.000967
0,0.064907,0.021136,0.20927,-0.177453,0.203011,-0.135378,0.001133,0.000967
0,0.140119,-0.062509,0.084739,-0.092348,0.067545,-0.115437,0.002446,0.001091
0,0.275323,0.082168,0.134587,0.116392,0.087648,0.068195,0.004805,0.000967
0,0.295093,0.059047,0.02451,-0.017465,0.002682,0.005894,0.00515,0.000967
0,0.313941,0.109034,0.023683,0.021358,-0.016745,0.065081,0.005479,0.000967
0,0.083095,-0.0886,-0.242615,-0.179833,-0.228676,-0.176981,0.00145,0.001546
0,0.30432,-0.121944,0.192841,-0.008627,0.188739,0.038466,0.005311,0.002128
0,0.199785,0.007331,-0.087795,0.139793,-0.092312,0.109724,0.003487,0.000967
0,0.055645,-0.12834,-0.122328,-0.16252,-0.105952,-0.187425,0.000971,0.00224
0,0.095311,0.012593,0.029715,0.124203,0.017789,0.13855,0.001663,0.000967
0,0.158462,0.031662,0.085416,0.03838,0.123619,0.030356,0.002766,0.000967
0,0.097083,-0.08443,-0.052531,-0.087941,-0.072254,-0.092494,0.001694,0.001474
0,0.089552,-0.133097,-0.012616,-0.072473,-0.039514,-0.023598,0.001563,0.002323
0,0.106526,0.032889,0.018192,0.181,0.034538,0.183071,0.001859,0.000967
0,0.133089,0.107851,0.042812,0.057217,0.02285,0.013742,0.002323,0.000967
0,0.121673,0.128163,-0.03478,0.010596,-0.017679,0.036782,0.002124,0.000967
0,0.082767,0.104228,-0.068565,-0.046138,-0.08038,-0.009986,0.001445,0.000967
0,0.185268,-0.04797,0.131372,-0.171149,0.095265,-0.215023,0.003234,0.000967
0,0.029008,0.013297,-0.170986,0.053735,-0.136314,0.056332,0.000506,0.000967
0,0.222989,-0.061646,0.223818,-0.0474,0.216054,-0.043304,0.003892,0.001076
0,0.255312,-0.043434,0.007373,-0.005025,0.027834,0.036164,0.004456,0.000967
0,0.02714,-0.015636,-0.199983,0.045269,-0.245285,0.052073,0.000474,0.000967
0,0.284904,0.000557,0.232391,0.014267,0.239657,0.052685,0.004973,0.000967
0,0.056954,-0.105893,-0.247836,-0.12068,-0.230124,-0.128349,0.000994,0.001848
0,0.092725,0.102348,0.05435,0.203963,0.037794,0.211344,0.001618,0.000967
0,0.233204,-0.015628,0.152703,-0.145441,0.193735,-0.095591,0.00407,0.000967
0,0.333305,0.083901,0.077248,0.110376,0.063064,0.156647,0.005817,0.000967
0,0.153342,-0.016966,-0.156417,-0.079776,-0.145818,-0.073655,0.002676,0.000967
0,0.041905,-0.106301,-0.111603,-0.071126,-0.116775,-0.085376,0.000731,0.001855
0,0.108962,0.02991,0.045949,0.119762,0.002804,0.084064,0.001902,0.000967
0,0.260435,-0.033958,0.157039,-0.081057,0.201199,-0.10254,0.004545,0.000967
0,0.185568,0.092463,-0.056526,0.122135,-0.094601,0.110044,0.003239,0.000967
0,0.096065,0.022057,-0.111317,-0.072813,-0.111435,-0.039219,0.001677,0.000967
0,0.089897,-0.014348,0.016949,-0.034956,-0.019309,-0.012201,0.001569,0.000967
0,0.052192,-0.078474,-0.016174,-0.060633,-0.005252,-0.046741,0.000911,0.00137
0,0.188107,-0.034593,0.124383,0.019414,0.117285,0.063579,0.003283,0.000967
0,0.161923,-0.076285,-0.008234,-0.067578,0.018299,-0.053685,0.002826,0.001331
0,0.229805,0.11091,0.055245,0.215455,0.071198,0.228522,0.004011,0.000967
0,0.115055,0.049044,-0.094142,-0.075538,-0.109397,-0.067324,0.002008,0.000967
0,0.081095,-0.130503,-0.051585,-0.187765,-0.075606,-0.183799,0.001415,0.002278
0,0.037961,0.027941,-0.046452,0.151264,-0.029994,0.150882,0.000663,0.000967
0,-0.016282,0.050837,-0.062726,0.035869,-0.05388,0.023958,0.000284,0.000967
0,0.08405,-0.063112,0.102231,-0.132638,0.122205,-0.154541,0.001467,0.001102
0,0.1403,-0.02591,0.059839,0.029277,0.016443,0.020123,0.002449,0.000967
0,0.055362,-0.042096,-0.063843,-0.020521,-0.110946,0.025533,0.000966,0.000967
0,0.124542,0.097136,0.050347,0.147222,0.025439,0.183323,0.002174,0.000967
0,-0.078734,-0.124081,-0.20297,-0.240175,-0.159382,-0.222212,0.001374,0.002166
0,0.032134,0.012738,0.105895,0.152521,0.150787,0.145269,0.000561,0.000967
0,0.154016,-0.087838,0.136679,-0.102035,0.134311,-0.061717,0.002688,0.001533
0,-0.058749,0.04977,-0.20705,0.111302,-0.213552,0.119472,0.001025,0.000967
0,0.130059,0.141621,0.203521,0.073712,0.194181,0.030926,0.00227,0.000967
0,-0.162681,0.088219,-0.286729,-0.07486,-0.250827,-0.025863,0.002839,0.000967
0,-0.121194,0.071148,0.028068,0.002909,-0.01014,0.027548,0.002115,0.000967
0,-0.077991,-0.023429,0.028655,-0.117521,-0.018363,-0.127378,0.001361,0.000967
0,0.042158,0.01198,0.093552,0.010866,0.132751,0.024173,0.000736,0.000967
0,-0.013029,0.027125,-0.040123,0.039111,-0.089841,0.025439,0.000227,0.000967
0,-0.066965,0.015197,-0.026659,0.017167,-0.070282,0.020351,0.001169,0.000967
0,0.099952,0.078006,0.17323,0.077878,0.139121,0.048423,0.001744,0.000967
0,-0.142748,0.062868,-0.214014,-0.045095,-0.190237,-0.066447,0.002491,0.000967
0,0.013979,-0.013308,0.174495,-0.062664,0.222715,-0.073344,0.000244,0.000967
0,-0.171635,0.021286,-0.196318,0.042127,-0.222525,0.030227,0.002996,0.000967
0,-0.16409,-0.048864,-0.000422,-0.056419,0.000121,-0.013759,0.002864,0.000967
0,-0.024842,-0.093858,0.138345,-0.025568,0.175051,-0.07372,0.000434,0.001638
0,-0.140679,0.115882,-0.092749,0.231724,-0.061559,0.208655,0.002455,0.000967
0,-0.033531,-0.170304,0.118765,-0.271328,0.076366,-0.24983,0.000585,0.002972
0,0.023351,0.111869,0.061521,0.28315,0.068794,0.246913,0.000408,0.000967
0,0.025841,-0.105777,-0.010513,-0.199229,-0.056098,-0.213436,0.000451,0.001846
0,-0.02839,-0.042474,-0.045695,0.052353,-0.009944,0.079186,0.000496,0.000967
0,-0.183438,-0.027496,-0.180676,0.00748,-0.189397,0.020928,0.003202,0.000967
0,-0.103173,-0.108416,0.054207,-0.065569,0.056082,-0.053477,0.001801,0.001892
0,0.000441,0.069847,0.078415,0.150894,0.076269,0.15126,8e-06,0.000967
0,0.03545,-0.157931,0.042185,-0.251082,0.06385,-0.203989,0.000619,0.002756
0,-0.181284,-0.138475,-0.225912,-0.003506,-0.249051,-0.003337,0.003164,0.002417
0,0.072173,-0.190031,0.241747,-0.050751,0.278893,-0.097487,0.00126,0.003317
0,0.082139,0.003668,-0.011185,0.181185,-0.001207,0.223215,0.001434,0.000967
0,-0.092784,-0.005949,-0.155975,0.015263,-0.19496,0.009949,0.001619,0.000967
0,-0.026224,0.096045,0.058984,0.097961,0.081245,0.065754,0.000458,0.000967
0,-0.135255,-0.162065,-0.09199,-0.241666,-0.065578,-0.19617,0.002361,0.002829
0,-0.039211,0.094597,0.116929,0.277256,0.164122,0.273561,0.000684,0.000967
0,-0.088306,-0.130709,-0.020753,-0.225712,-0.014067,-0.191685,0.001541,0.002281
0,0.014904,-0.139892,0.103663,0.004358,0.109293,0.050502,0.00026,0.002442
0,-0.08668,-0.049677,-0.10511,0.0995,-0.056287,0.140801,0.001513,0.000967
0,-0.174904,0.09001,-0.087793,0.150401,-0.071459,0.12321,0.003053,0.000967
0,-0.024298,-0.114057,0.177057,-0.22128,0.191369,-0.241685,0.000424,0.001991
0,-0.004856,-0.1385,0.013765,-0.017242,-0.000683,0.020391,8.5e-05,0.002417
0,-0.0512,-0.044481,-0.065311,0.10176,-0.016583,0.148294,0.000894,0.000967
0,-0.050121,-0.019902,-0.02505,0.034268,-0.051625,0.000598,0.000875,0.000967
0,-0.0131,-0.110767,0.016992,-0.092545,0.006265,-0.084356,0.000229,0.001933
0,0.061585,0.105776,0.093095,0.188402,0.122941,0.238029,0.001075,0.000967
0,-0.151341,-0.072545,-0.239041,-0.157796,-0.201524,-0.13056,0.002641,0.001266
0,-0.139814,0.018944,0.036307,0.067105,-0.008255,0.110108,0.00244,0.000967
0,-0.006375,0.065434,0.12797,0.045988,0.138556,0.026229,0.000111,0.000967
0,0.038533,-0.103536,0.054558,-0.139303,0.017287,-0.141487,0.000673,0.001807
0,0.029666,0.011391,0.020043,0.097057,0.045717,0.102114,0.000518,0.000967
0,0.095632,-0.066714,0.046991,-0.094314,0.080517,-0.075175,0.001669,0.001164
0,-0.118773,-0.06184,-0.194995,0.018266,-0.195847,0.066882,0.002073,0.001079
0,-0.103507,-0.054733,0.018894,-0.000488,-0.002554,-0.007986,0.001807,0.000967
0,0.148564,0.033238,0.27295,0.115749,0.283093,0.144897,0.002593,0.000967
0,0.021701,0.084413,-0.115028,0.074367,-0.138289,0.091455,0.000379,0.000967
0,-0.02703,0.049261,-0.048066,-0.025008,-0.043638,-0.03496,0.000472,0.000967
0,-0.117472,-0.104425,-0.066517,-0.165495,-0.06708,-0.121633,0.00205,0.001823
0,-0.008916,0.020529,0.110159,0.149862,0.121625,0.184482,0.000156,0.000967
0,-0.13567,0.163176,-0.127914,0.130375,-0.101902,0.14222,0.002368,0.000967
0,-0.152798,-0.062642,-0.028088,-0.225717,-0.057224,-0.231008,0.002667,0.001093
0,-0.056379,-0.110202,0.111596,-0.049624,0.131431,-0.020976,0.000984,0.001923
0,0.059362,-0.065643,0.095098,0.042296,0.115762,0.074772,0.001036,0.001146
0,0.053848,0.00193,-0.027973,0.055945,-0.034537,0.062661,0.00094,0.000967
0,0.054064,-0.03626,0.000264,-0.01531,0.0212,-0.063639,0.000944,0.000967
0,-0.13261,0.089733,-0.176114,0.130575,-0.185809,0.171328,0.002314,0.000967
0,0.021141,0.028597,0.180656,-0.071773,0.132897,-0.061625,0.000369,0.000967
0,-0.112846,-0.014087,-0.123299,-0.044872,-0.109852,-0.059757,0.00197,0.000967
0,0.009669,0.115165,0.131435,0.156845,0.172223,0.109365,0.000169,0.000967
0,0.035114,0.111269,0.043516,-0.008119,0.087198,-0.009505,0.000613,0.000967
0,-0.144451,0.01641,-0.180475,-0.096633,-0.185209,-0.094881,0.002521,0.000967
0,0.049058,-0.152269,0.198476,-0.146151,0.19008,-0.160859,0.000856,0.002658
0,0.06337,0.050227,-0.010418,0.192851,-0.014749,0.238513,0.001106,0.000967
0,-0.154704,0.06303,-0.226464,-0.00617,-0.212662,-0.002687,0.0027,0.000967
0,-0.074458,-0.055377,0.064446,-0.110556,0.067213,-0.154292,0.0013,0.000967
0,-0.096985,0.00987,-0.008586,0.063651,-0.037988,0.105647,0.001693,0.000967
0,-0.086071,0.119495,-0.018642,0.083173,-0.001297,0.066919,0.001502,0.000967
0,-0.190367,-0.144616,-0.129667,-0.245815,-0.149543,-0.227219,0.003323,0.002524
0,-0.121986,-0.152195,0.040118,0.018308,0.044199,0.017481,0.002129,0.002656
0,0.055586,-0.141431,0.183405,-0.005875,0.153792,0.003403,0.00097,0.002468
0,-0.0831,0.001177,-0.151931,0.128882,-0.195539,0.166585,0.00145,0.000967
0,0.069423,-0.115808,0.130994,-0.087342,0.16698,-0.133554,0.001212,0.002021
0,-0.105531,-0.059795,-0.182575,0.045975,-0.149641,0.017656,0.001842,0.001044
0,0.012239,0.036828,0.143582,0.105707,0.095557,0.139216,0.000214,0.000967
0,0.04673,-0.087492,0.042807,-0.103715,-0.006926,-0.106105,0.000816,0.001527
0,0.141146,0.066703,0.075311,0.15416,0.088482,0.170216,0.002463,0.000967
0,0.05616,-0.078155,-0.100442,-0.142289,-0.089077,-0.174851,0.00098,0.001364
0,0.157341,-0.010758,0.125449,0.089388,0.155164,0.069089,0.002746,0.000967
0,0.044805,-0.074453,-0.088498,-0.038056,-0.097078,-0.011024,0.000782,0.001299
0,-0.075604,0.167492,-0.092879,0.240592,-0.121087,0.199623,0.00132,0.000967
0,-0.118661,0.119386,-0.022981,-0.068875,-0.003437,-0.102961,0.002071,0.000967
0,0.125919,0.086266,0.238664,-0.03252,0.236196,-0.066948,0.002198,0.000967
0,-0.057155,0.000746,-0.175349,-0.069591,-0.202472,-0.103766,0.000998,0.000967
0,0.143932,0.063162,0.188557,0.075544,0.213972,0.114687,0.002512,0.000967
0,0.140907,-0.03751,-0.019402,-0.12909,-0.006381,-0.088086,0.002459,0.000967
0,-0.112886,0.021316,-0.253846,0.064452,-0.229252,0.089175,0.00197,0.000967
0,0.05238,-0.041961,0.143143,-0.067109,0.167815,-0.053414,0.000914,0.000967
0,0.059026,0.067342,0.000694,0.124982,-0.003619,0.136066,0.00103,0.000967
0,-0.013552,0.134629,-0.068337,0.089929,-0.05194,0.082273,0.000237,0.000967
0,0.009834,0.074678,0.031376,-0.053634,0.070695,-0.032034,0.000172,0.000967
0,-0.011736,0.0673,-0.01945,0.000118,0.018448,0.019572,0.000205,0.000967
0,0.147255,-0.076446,0.16849,-0.144211,0.215663,-0.108875,0.00257,0.001334
0,-0.074109,-0.075919,-0.237796,0.018693,-0.215022,0.054331,0.001293,0.001325
0,-0.116315,-0.124471,-0.034406,-0.072662,-0.042061,-0.108912,0.00203,0.002172
0,-0.079326,-0.020857,0.037104,0.102158,0.028482,0.074338,0.001384,0.000967
0,0.039924,-0.130473,0.117996,-0.115513,0.085566,-0.141194,0.000697,0.002277
0,0.007785,0.044089,-0.046302,0.164105,-0.031382,0.201973,0.000136,0.000967
0,-0.015986,0.006588,0.001683,-0.009796,0.010114,-0.056735,0.000279,0.000967
0,0.048528,-0.052884,0.083074,-0.040023,0.102188,-0.00991,0.000847,0.000967
0,0.233459,0.105141,0.182079,0.133581,0.176969,0.167581,0.004075,0.000967
0,-0.019823,-0.146466,-0.264595,-0.222795,-0.281869,-0.215261,0.000346,0.002556
0,1.213221,-0.531998,1.238786,-0.360067,1.228344,-0.311464,0.003006,0.002805
0,3.313461,-0.522557,2.119972,-0.017491,2.155527,-0.039951,0.002622,0.00297
0,3.063989,-0.749883,-0.258723,-0.223361,-0.235056,-0.210076,0.005115,0.000997
0,3.067127,-0.801903,0.026791,-0.059593,0.050014,-0.083817,0.00517,0.001905
0,2.663776,-0.690588,-0.375906,0.098887,-0.327589,0.056944,0.00187,3.7e-05
0,2.177207,-0.79563,-0.482946,-0.095523,-0.52094,-0.10393,0.001728,0.001796
0,1.704858,-0.670603,-0.465936,0.147227,-0.474882,0.166539,0.005574,0.000386
0,1.525522,-0.679876,-0.152873,-0.010356,-0.111899,0.011763,0.002444,0.000224
0,1.143449,-0.414794,-0.402531,0.238496,-0.397497,0.252894,0.004224,0.004851
0,0.51734,-0.067653,-0.600168,0.323336,-0.605778,0.284843,0.003061,0.001181
0,0.113136,-0.115364,-0.409691,-0.069949,-0.439413,-0.061345,0.001975,0.002013
0,0.163846,-0.037284,0.027169,0.05667,0.027849,0.011729,0.00286,0.000651
0,0.153208,-0.063884,-0.018438,-0.021206,-0.011735,-0.005791,0.002674,0.001115
0,-0.080076,0.108811,-0.249638,0.182336,-0.242614,0.202743,0.001398,0.001899
0,-0.166997,0.087456,-0.063328,-0.025579,-0.013976,-0.036413,0.002915,0.001526
0,-0.064351,-0.066046,0.098519,-0.138051,0.061298,-0.105789,0.001123,0.001153
0,-0.084358,-0.044732,-0.031457,0.045682,-0.013036,0.021321,0.001472,0.000781
0,-0.361391,-0.077213,-0.25068,-0.003423,-0.281145,-0.016689,0.005783,0.001348
0,1.353205,0.314839,1.739029,0.375499,1.702185,0.329263,0.000563,0.005495
0,2.44814,1.207533,1.10067,0.91047,1.074225,0.921734,0.005634,0.003106
0,2.32447,0.90856,-0.114107,-0.31211,-0.14558,-0.305051,0.004298,0.003767
0,2.874719,1.138695,0.521392,0.257768,0.506134,0.272472,0.001811,0.004307
0,2.868283,0.814165,0.001369,-0.335102,-0.042418,-0.313331,0.001699,0.002119
0,2.404022,0.642741,-0.438535,-0.163932,-0.442723,-0.157585,0.005687,0.000873
0,2.084589,0.415998,-0.337316,-0.252161,-0.34621,-0.292655,0.000111,0.00483
0,1.449817,0.251496,-0.6241,-0.134552,-0.599333,-0.158026,0.001123,0.004389
0,0.967509,0.121895,-0.47655,-0.151054,-0.500868,-0.175012,0.004796,0.002127
0,0.509929,0.027255,-0.458744,-0.118407,-0.417198,-0.126167,0.003191,0.000476
0,0.246026,0.207526,-0.271381,0.179841,-0.258509,0.156062,0.004294,0.003622
0,0.146841,-0.052092,-0.074663,-0.286234,-0.070687,-0.312453,0.002563,0.000909
0,-0.151945,0.007026,-0.28325,0.056327,-0.303958,0.048055,0.002652,0.000123
0,-0.062466,-0.016388,0.077381,-0.008939,0.110985,0.033275,0.00109,0.000286
0,-0.199962,0.0007,-0.1212,0.018353,-0.071567,-0.001791,0.00349,1.2e-05
0,-0.178294,-0.034061,0.002288,-0.03522,-0.046963,0.011406,0.003112,0.000594
0,-0.234315,0.165438,-0.043068,0.171451,-0.065372,0.218063,0.00409,0.002887
0,-0.357583,-0.061805,-0.132681,-0.231829,-0.149809,-0.19648,0.005849,0.001079
0,-0.067603,0.061293,0.307934,0.102354,0.308692,0.104825,0.00118,0.00107
0,-0.145888,-0.089452,-0.070807,-0.175306,-0.084178,-0.135223,0.002546,0.001561
0,0.019763,0.000411,0.145837,0.098392,0.126912,0.111186,0.000345,7e-06
0,0.06315,0.13137,0.021369,0.13152,0.031161,0.123877,0.001102,0.002293
0,-0.070354,-0.073623,-0.152096,-0.185902,-0.139132,-0.178082,0.001228,0.001285
0,0.027606,-0.090424,0.096503,-0.036942,0.047014,-0.082557,0.000482,0.001578
0,0.011526,-0.06144,0.011915,0.03649,0.048556,-0.002366,0.000201,0.001072
0,-0.121944,-0.030908,-0.157306,0.004568,-0.137313,0.021879,0.002128,0.000539
0,0.125592,0.188846,0.21864,0.232498,0.188541,0.277621,0.002192,0.003296
0,-0.166164,0.079652,-0.286649,-0.10789,-0.292412,-0.140657,0.0029,0.00139
0,-0.00567,-0.039343,0.178954,-0.128649,0.209244,-0.097266,9.9e-05,0.000687
0,-0.049745,-0.050022,-0.035496,-0.033753,-0.004058,0.012939,0.000868,0.000873
0,-0.146267,0.090898,-0.082319,0.118313,-0.043945,0.102151,0.002553,0.001586
0,-0.045319,0.015164,0.09789,-0.102951,0.082782,-0.093949,0.000791,0.000265
0,-0.162139,0.049758,-0.105526,0.010531,-0.121136,0.017283,0.00283,0.000868
0,-0.002306,-0.067884,0.179885,-0.137266,0.148803,-0.182435,4e-05,0.001185
0,-0.166994,0.173419,-0.165492,0.255434,-0.184997,0.262045,0.002915,0.003027
0,0.079103,0.010344,0.24728,-0.155574,0.264209,-0.164182,0.001381,0.000181
0,-0.140834,0.0492,-0.235505,0.01685,-0.284967,-0.024192,0.002458,0.000859
0,-0.153101,0.0093,-0.009326,-0.055815,-0.049502,-0.08647,0.002672,0.000162
0,-0.119487,-0.002162,0.017488,-0.014275,0.061827,-0.001768,0.002085,3.8e-05
0,-0.149045,-0.003269,-0.051996,-0.026013,-0.004477,-0.062342,0.002601,5.7e-05
0,-0.026495,0.008763,0.095776,-0.011676,0.073728,0.007011,0.000462,0.000153
0,-0.225147,0.156139,-0.225848,0.145448,-0.245869,0.172003,0.00393,0.002725
0,-0.096769,0.052439,0.110482,-0.121217,0.102453,-0.1497,0.001689,0.000915
0,-0.082209,-0.05892,0.028349,-0.106922,0.063969,-0.149904,0.001435,0.001028
0,-0.191588,0.083731,-0.10509,0.143354,-0.063787,0.12114,0.003344,0.001461
0,-0.037981,0.15298,0.159055,0.089763,0.203484,0.134124,0.000663,0.00267
0,0.072371,0.098637,0.082314,-0.029299,0.049268,-0.003711,0.001263,0.001722
0,0.053484,0.142558,0.002265,0.062711,0.046036,0.106394,0.000933,0.002488
0,-0.049052,-0.032038,-0.095707,-0.148345,-0.09075,-0.194889,0.000856,0.000559
0,0.087665,-0.074949,0.15982,-0.044834,0.177742,-0.048357,0.00153,0.001308
0,-0.049381,0.005791,-0.155211,0.057151,-0.113093,0.023097,0.000862,0.000101
0,0.070138,0.18927,0.146942,0.167799,0.163106,0.193637,0.001224,0.003303
0,-0.039268,-0.065696,-0.097231,-0.270945,-0.057128,-0.285996,0.000685,0.001147
0,0.043067,-0.06155,0.097324,0.007954,0.060216,0.036943,0.000752,0.001074
0,-0.155012,0.020119,-0.219717,0.10731,-0.213678,0.068857,0.002705,0.000351
0,-0.152642,-0.111838,0.01652,-0.134577,0.032904,-0.098139,0.002664,0.001952
0,-0.20235,0.02315,-0.042747,0.126132,-0.027828,0.09381,0.003532,0.000404
0,-0.203113,0.17325,-0.027453,0.158028,-0.013694,0.148542,0.003545,0.003024
0,-0.13951,0.144908,0.04559,-0.044875,0.046513,0.003455,0.002435,0.002529
0,-0.183225,-0.006491,-0.0255,-0.130967,-0.014372,-0.151463,0.003198,0.000113
0,0.040436,-0.002915,0.236944,0.016349,0.263811,0.00734,0.000706,5.1e-05
0,-0.003725,-0.139245,-0.054382,-0.136965,-0.062701,-0.145606,6.5e-05,0.00243
0,-0.182699,-0.07351,-0.179592,0.064405,-0.199325,0.021773,0.003189,0.001283
0,-0.108028,-0.059356,0.100107,0.015106,0.122554,0.065105,0.001885,0.001036
0,-0.08756,-0.073421,0.001775,0.015361,-0.038971,0.061417,0.001528,0.001281
0,-0.103599,-0.111625,-0.002079,-0.01265,0.009306,0.026008,0.001808,0.001948
0,0.087189,0.048828,0.187636,0.158235,0.191131,0.131068,0.001522,0.000852
0,0.113734,0.12919,0.040554,0.067452,-0.004562,0.024104,0.001985,0.002255
0,-0.117567,0.008542,-0.260658,-0.098258,-0.214085,-0.116855,0.002052,0.000149
0,0.053397,-0.173899,0.175878,-0.165125,0.194248,-0.205373,0.000932,0.003035
0,0.11149,-0.141711,0.080164,0.047821,0.045641,0.037865,0.001946,0.002473
0,-0.127074,-0.13794,-0.228056,0.001956,-0.199592,0.025506,0.002218,0.002408
0,-0.017095,-0.095326,0.09966,0.030404,0.112777,0.017254,0.000298,0.001664
0,-0.047211,0.040797,-0.02462,0.106334,-0.073007,0.104838,0.000824,0.000712
0,-0.015639,0.082138,0.054489,0.050783,0.057898,0.015633,0.000273,0.001434
0,0.039491,-0.05003,0.08301,-0.153457,0.08649,-0.19619,0.000689,0.000873
0,-0.107118,-0.027169,-0.131017,0.03397,-0.16608,-0.011498,0.00187,0.000474
0,-0.126099,0.092151,-0.02153,0.129981,0.014945,0.16579,0.002201,0.001608
0,0.026003,0.011988,0.158951,-0.103413,0.125198,-0.116825,0.000454,0.000209
0,0.121975,-0.109694,0.072765,-0.106589,0.058244,-0.152638,0.002129,0.001915
0,0.063862,0.074985,-0.035147,0.167842,-0.008208,0.19102,0.001115,0.001309
0,0.113016,0.089146,0.020972,-0.003122,-0.007821,0.017233,0.001973,0.001556
0,-0.053349,0.093112,-0.165598,-0.004102,-0.148124,0.01727,0.000931,0.001625
0,1.520454,-0.160436,1.578133,-0.279268,1.564914,-0.27361,0.002356,0.0028
0,2.732975,-0.591333,1.222163,-0.455507,1.220595,-0.45361,0.000663,0.00177
0,4.432496,-0.51795,1.720189,0.047157,1.69965,0.066562,0.004819,0.003051
0,4.394809,-0.390211,-0.032388,0.106434,-0.059903,0.086898,0.004161,0.00528
0,4.213828,-0.335488,-0.207161,0.053686,-0.25496,0.008485,0.001002,0.005855
0,3.781605,-0.103274,-0.448842,0.202348,-0.491603,0.211603,0.005549,0.001802
0,2.502232,-0.042411,-1.303865,0.034256,-1.300815,-0.001965,0.00469,0.00074
0,1.654478,-0.092426,-0.877046,-0.070786,-0.831564,-0.079159,0.004695,0.001613
0,1.312045,-0.019767,-0.359771,0.065449,-0.325739,0.042781,0.001281,0.000345
0,0.612992,-0.025243,-0.718428,0.008624,-0.703822,0.043157,0.001392,0.000441
0,0.564445,-0.121998,-0.04236,-0.091682,-0.065494,-0.131227,0.002239,0.002129
0,0.00787,-0.083567,-0.584612,0.024483,-0.547319,0.05684,0.000137,0.001459
0,-0.047205,-0.026821,-0.030802,0.030618,0.008618,0.024811,0.000824,0.000468
0,-0.085973,-0.075492,-0.049358,-0.036892,-0.086855,-0.021058,0.001501,0.001318
0,-0.189602,0.082919,-0.106929,0.183493,-0.130561,0.183448,0.003309,0.001447
0,-0.167124,-0.007123,0.041061,-0.103872,0.026824,-0.059162,0.002917,0.000124
0,-0.215734,-0.099686,-0.024712,-0.070061,0.001922,-0.065642,0.003765,0.00174
0,-0.188951,0.06293,0.045985,0.176603,0.079968,0.167738,0.003298,0.001098
0,0.010549,-0.057581,0.219043,-0.147256,0.245642,-0.168555,0.000184,0.001005
0,-0.289813,0.076492,-0.298127,0.123294,-0.276923,0.128047,0.005058,0.001335
0,-0.310156,0.009894,-0.044903,-0.037838,-0.017118,-0.012274,0.005413,0.000173
0,-0.278026,-0.164068,0.00765,-0.169141,0.042548,-0.126369,0.004852,0.002864
0,0.006748,-0.120255,0.290396,0.045264,0.24962,0.047149,0.000118,0.002099
0,-0.138393,-0.027486,-0.151338,0.12243,-0.182287,0.110279,0.002415,0.00048
0,-0.146411,0.097524,-0.022479,0.141205,0.020297,0.123069,0.002555,0.001702
0,-0.064489,-0.120321,0.057213,-0.225586,0.028862,-0.183671,0.001126,0.0021
0,-0.038551,0.049377,0.026971,0.188921,0.018255,0.16016,0.000673,0.000862
0,-0.085455,-0.201357,-0.058696,-0.265643,-0.013289,-0.217651,0.001491,0.003514
0,-0.145465,-0.082859,-0.03108,0.146736,0.004962,0.16176,0.002539,0.001446
0,-0.186317,0.037306,-0.069334,0.132078,-0.088495,0.14308,0.003252,0.000651
0,-0.149529,0.074903,0.02372,0.062543,0.003941,0.100416,0.00261,0.001307
0,-0.148545,-0.065358,0.023092,-0.143235,0.00085,-0.120379,0.002593,0.001141
0,-0.157158,-0.185875,-0.004217,-0.099763,0.027963,-0.077495,0.002743,0.003244
0,-0.040232,-0.152899,0.098246,0.011488,0.070705,0.022027,0.000702,0.002669
0,-0.24982,0.080753,-0.191318,0.207273,-0.167735,0.185842,0.00436,0.001409
0,0.027207,-0.017824,0.281806,-0.112118,0.238532,-0.076899,0.000475,0.000311
0,-0.048704,0.054902,-0.092013,0.06137,-0.083067,0.106269,0.00085,0.000958
0,0.034964,0.092778,0.068225,0.053249,0.087446,0.085889,0.00061,0.001619
0,-0.130341,-0.138975,-0.179668,-0.249153,-0.13997,-0.280279,0.002275,0.002426
0,-0.243905,0.093435,-0.09516,0.241566,-0.082729,0.26144,0.004257,0.001631
0,-0.03101,0.101693,0.218732,-0.000522,0.201207,-0.003555,0.000541,0.001775
0,0.020466,-0.135004,0.054278,-0.22056,0.005786,-0.217801,0.000357,0.002356
0,0.003267,0.118032,-0.026567,0.251704,-0.053408,0.291342,5.7e-05,0.00206
0,0.074873,0.001651,0.069554,-0.086805,0.075938,-0.125419,0.001307,2.9e-05
0,0.044323,-0.10643,-0.053568,-0.095189,-0.06185,-0.054522,0.000774,0.001858
0,-0.038057,0.035029,-0.094335,0.140117,-0.085429,0.127024,0.000664,0.000611
0,0.050286,-0.071536,0.105901,-0.132746,0.087663,-0.09546,0.000878,0.001249
0,-0.242439,-0.124821,-0.294092,-0.038848,-0.314773,0.007133,0.004231,0.002179
0,-0.224329,0.044919,-0.008383,0.19305,0.003875,0.208092,0.003915,0.000784
0,0.043504,-0.120759,0.276386,-0.155346,0.242377,-0.10789,0.000759,0.002108
0,0.026275,-0.056764,-0.036331,0.070508,-0.016938,0.090549,0.000459,0.000991
0,-0.22073,0.025294,-0.235808,0.069468,-0.246252,0.070916,0.003852,0.000441
0,0.040789,0.038337,0.290259,0.000581,0.315703,-0.021186,0.000712,0.000669
0,-0.056678,-0.089668,-0.107408,-0.12153,-0.061737,-0.081126,0.000989,0.001565
0,-0.076829,-0.129099,-0.015128,-0.066801,0.013222,-0.085766,0.001341,0.002253
0,0.016452,-0.026915,0.094652,0.081452,0.111342,0.109033,0.000287,0.00047
0,0.059853,-0.024882,0.050944,0.005241,0.072914,0.002864,0.001045,0.000434
0,-0.216635,0.029149,-0.25537,0.026466,-0.22134,0.056907,0.003781,0.000509
0,-0.177312,-0.069567,0.03747,-0.076189,0.078772,-0.030418,0.003095,0.001214
0,0.032709,-0.166778,0.238517,-0.087031,0.25711,-0.112315,0.000571,0.002911
0,0.100045,-0.001587,0.048049,0.176351,0.050787,0.155207,0.001746,2.8e-05
0,0.106615,0.085003,0.028642,0.074873,0.046946,0.069336,0.001861,0.001484
0,0.068678,-0.12436,-0.047645,-0.197715,-0.034569,-0.206527,0.001199,0.00217
0,-0.015391,0.076236,-0.057002,0.203786,-0.014775,0.221808,0.000269,0.001331
0,-0.035558,-0.166234,-0.04702,-0.248117,-0.05669,-0.252552,0.000621,0.002901
0,-0.072328,-0.029495,-0.047792,0.14525,-0.056796,0.194677,0.001262,0.000515
0,-0.09744,-0.084289,-0.035473,-0.073986,-0.007906,-0.043095,0.001701,0.001471
0,-0.044908,-0.05127,0.054612,0.045681,0.050111,0.078561,0.000784,0.000895
0,-0.093404,-0.197096,-0.061581,-0.140231,-0.018294,-0.103241,0.00163,0.00344
0,-0.010325,-0.036693,0.104439,0.173239,0.116378,0.193048,0.00018,0.00064
0,-0.128676,0.028268,-0.13156,0.046709,-0.106023,0.094701,0.002246,0.000493
0,0.001023,-0.059259,0.149359,-0.064858,0.192395,-0.02811,1.8e-05,0.001034
0,-0.04707,0.044428,-0.022399,0.092201,-0.019299,0.061527,0.000822,0.000775
0,-0.083227,-0.185521,-0.064232,-0.200906,-0.064302,-0.243043,0.001453,0.003238
0,0.007012,-0.06961,0.113912,0.126025,0.127005,0.087496,0.000122,0.001215
0,-0.10603,0.004611,-0.122366,0.093365,-0.163488,0.086893,0.001851,8e-05
0,-0.187178,-0.018092,-0.106035,-0.019845,-0.125102,0.003332,0.003267,0.000316
0,-0.088763,-0.143786,0.09865,-0.103966,0.132932,-0.094534,0.001549,0.00251
0,0.028652,-0.009161,0.13236,0.138314,0.09578,0.10756,0.0005,0.00016
0,-0.182039,-0.11266,-0.191137,-0.106109,-0.226088,-0.06564,0.003177,0.001966
0,0.053508,-0.01109,0.248473,0.090302,0.269569,0.132376,0.000934,0.000194
0,0.043921,-0.062838,0.009758,-0.027364,0.001269,0.000278,0.000767,0.001097
0,-0.165271,0.001748,-0.222169,0.037016,-0.189293,0.027652,0.002885,3.1e-05
0,-0.017921,-0.097316,0.136536,-0.095781,0.182949,-0.049179,0.000313,0.001698
0,0.053625,-0.113997,0.052401,0.008003,0.0279,-0.033186,0.000936,0.00199
0,-0.049606,-0.158904,-0.113645,-0.037044,-0.065105,-0.039569,0.000866,0.002773
0,-0.117758,-0.071359,-0.096234,0.063391,-0.119104,0.057437,0.002055,0.001245
0,0.125561,0.07238,0.247064,0.165422,0.19738,0.134543,0.002191,0.001263
0,-0.017547,-0.047401,-0.114371,-0.137738,-0.158843,-0.187103,0.000306,0.000827
0,0.037665,-0.043803,0.069967,0.015541,0.060436,0.015235,0.000657,0.000765
0,0.048204,0.06592,0.036893,0.107375,0.006385,0.148654,0.000841,0.001151
0,0.010672,0.11983,-0.06399,0.038412,-0.076533,0.054158,0.000186,0.002091
0,0.162545,-0.166336,0.142147,-0.301699,0.139538,-0.327095,0.002837,0.002903
0,0.063067,-0.011796,-0.074859,0.125958,-0.07746,0.154406,0.001101,0.000206
0,-0.034162,-0.048423,-0.076407,-0.025712,-0.05492,-0.00047,0.000596,0.000845
0,0.032328,0.019901,0.091928,0.07119,0.099679,0.090231,0.000564,0.000347
0,0.135999,-0.220164,0.092523,-0.240297,0.110816,-0.280568,0.002374,0.003843
0,0.146766,-0.202071,0.011886,0.028937,-0.020814,0.067803,0.002562,0.003527
0,0.03447,-0.259978,-0.124106,-0.085337,-0.154241,-0.085624,0.000602,0.004537
0,0.267962,-0.193282,0.256645,0.078147,0.22508,0.031699,0.004677,0.003373
0,0.164169,-0.201648,-0.130407,-0.030885,-0.110257,-0.053563,0.002865,0.003519
0,0.062118,-0.156924,-0.081287,0.060227,-0.062606,0.024676,0.001084,0.002739
0,0.211932,-0.033978,0.145183,0.099395,0.107402,0.127298,0.003699,0.000593
0,0.158311,0.059565,-0.073785,0.109938,-0.032068,0.087553,0.002763,0.00104
0,0.038942,-0.00116,-0.093985,-0.085375,-0.136369,-0.104853,0.00068,2e-05
0,0.219726,-0.229215,0.154796,-0.249125,0.189368,-0.233947,0.003835,0.004001
0,0.037997,-0.04219,-0.172539,0.205433,-0.17233,0.22963,0.000663,0.000736
0,0.137463,-0.107209,0.092826,-0.078022,0.100691,-0.084376,0.002399,0.001871
0,0.101958,-0.176576,-0.03025,-0.080831,-0.049016,-0.093291,0.00178,0.003082
0,-0.112428,-0.15724,-0.216803,0.013259,-0.180862,-0.021619,0.001962,0.002744
0,0.155501,0.061005,0.245092,0.197966,0.259863,0.234863,0.002714,0.001065
0,0.081456,-0.073631,-0.075521,-0.116235,-0.093994,-0.083283,0.001422,0.001285
0,0.102079,-0.131374,0.000788,-0.052417,-0.000584,-0.011574,0.001782,0.002293
0,-0.018776,-0.034044,-0.122332,0.104097,-0.12758,0.148214,0.000328,0.000594
0,-0.031386,0.091203,-0.02608,0.1428,0.016928,0.120793,0.000548,0.001592
0,0.119002,0.085164,0.126801,-0.002046,0.097705,0.045889,0.002077,0.001486
0,-0.091655,-0.00962,-0.190303,-0.099009,-0.231628,-0.128221,0.0016,0.000168
0,0.137073,-0.030693,0.258374,-0.048967,0.245291,-0.070389,0.002392,0.000536
0,-0.019229,0.042933,-0.161904,0.062052,-0.129146,0.048786,0.000336,0.000749
0,-0.068091,-0.088683,-0.053725,-0.148034,-0.071131,-0.175991,0.001188,0.001548
0,-0.091384,-0.094519,-0.04926,-0.033062,-0.048432,-0.058297,0.001595,0.00165
0,0.054666,0.064783,0.136972,0.154743,0.168386,0.192698,0.000954,0.001131
0,-0.018404,0.163614,-0.05284,0.074903,-0.006019,0.048211,0.000321,0.002856
0,-0.038106,-0.080058,-0.001075,-0.251329,0.014217,-0.203361,0.000665,0.001397
0,-0.062781,0.015268,-0.016573,0.093302,-0.004201,0.084067,0.001096,0.000266
0,0.002717,0.0486,0.043148,0.00533,0.010802,0.046688,4.7e-05,0.000848
0,0.066622,0.159428,0.06389,0.094069,0.082551,0.131052,0.001163,0.002783
0,0.101706,0.125684,0.030501,-0.010796,0.011545,-0.010542,0.001775,0.002194
0,-0.034191,0.067169,-0.1466,-0.037394,-0.186899,-0.085744,0.000597,0.001172
0,0.012772,-0.076072,0.019576,-0.150479,-0.010127,-0.129161,0.000223,0.001328
0,-0.079224,0.086551,-0.074219,0.155988,-0.027029,0.161361,0.001383,0.001511
0,-0.022631,0.030438,0.071926,-0.031632,0.110251,-0.011629,0.000395,0.000531
0,-0.068604,0.137111,-0.054304,0.124946,-0.085382,0.168403,0.001197,0.002393
0,0.069344,0.078081,0.109234,-0.060821,0.12728,-0.047261,0.00121,0.001363
0,0.100498,0.100125,0.028499,0.01736,0.07439,0.04528,0.001754,0.001748
0,-0.169231,0.035413,-0.271269,-0.065484,-0.237132,-0.033793,0.002954,0.000618
0,-0.05715,-0.054103,0.087629,-0.103133,0.114887,-0.097204,0.000997,0.000944
0,0.003574,0.237847,0.03406,0.319116,-0.000269,0.32251,6.2e-05,0.004151
0,-0.013461,0.256199,0.002222,0.022063,-0.035917,0.020251,0.000235,0.004472
0,-0.075291,0.053555,-0.047496,-0.185938,-0.002285,-0.151806,0.001314,0.000935
0,0.178845,0.129698,0.256464,0.086532,0.210806,0.10302,0.003121,0.002264
0,0.176831,0.214808,0.010228,0.097973,-0.037615,0.120888,0.003086,0.003749
0,0.093723,0.15921,-0.086241,-0.079119,-0.072214,-0.12767,0.001636,0.002779
0,-0.087223,0.091768,-0.208256,-0.050904,-0.243568,-0.059835,0.001522,0.001602
0,-0.111376,0.087774,0.002903,-0.010848,-0.010176,0.019049,0.001944,0.001532
0,0.073199,0.112659,0.196684,0.000214,0.182544,-0.041755,0.001278,0.001966
0,-0.003132,0.15774,-0.082767,0.043549,-0.040623,0.066746,5.5e-05,0.002753
0,-0.013788,0.135914,0.009263,0.004019,-0.01139,0.034038,0.000241,0.002372
0,0.011904,0.237382,0.048234,0.096748,0.017788,0.074588,0.000208,0.004143
0,0.052887,0.094119,0.051815,-0.168374,0.038074,-0.140024,0.000923,0.001643
0,0.123078,0.14313,0.057499,0.022804,0.037785,-0.012454,0.002148,0.002498
0,0.040534,0.128996,-0.100842,-0.04115,-0.055234,-0.002079,0.000707,0.002251
0,0.093538,0.145296,0.068457,0.044468,0.115765,0.023599,0.001633,0.002536
0,0.171438,0.144397,0.080524,0.005887,0.069982,-0.011868,0.002992,0.00252
0,0.108304,-0.007706,-0.075077,-0.165338,-0.091672,-0.151598,0.00189,0.000134
0,-0.005225,0.022881,-0.127188,0.001535,-0.16123,-0.006227,9.1e-05,0.000399
0,-0.082184,0.039696,-0.087647,0.039648,-0.051517,0.049255,0.001434,0.000693
0,0.014285,0.104639,0.085274,0.092812,0.106614,0.088866,0.000249,0.001826
0,0.079541,0.128505,0.078362,-0.001024,0.106701,0.003093,0.001388,0.002243
0,0.247403,0.020268,0.163541,-0.137505,0.173684,-0.181401,0.004318,0.000354
0,0.247851,0.160714,0.007453,0.167152,0.013119,0.143058,0.004326,0.002805
0,0.205057,0.045633,-0.070645,-0.144765,-0.065014,-0.138428,0.003579,0.000796
0,0.023633,0.07048,-0.197036,0.05415,-0.185635,0.094606,0.000412,0.00123
0,0.237786,0.149481,0.225213,0.08755,0.271639,0.105327,0.00415,0.002609
0,0.112072,-0.064246,-0.136209,-0.194284,-0.150786,-0.192138,0.001956,0.001121
0,0.072094,0.203369,-0.060119,0.24381,-0.057155,0.211112,0.001258,0.003549
0,0.102294,0.045087,0.023988,-0.136455,0.072004,-0.113005,0.001785,0.000787
0,-0.129022,-0.058995,-0.237306,-0.081095,-0.270092,-0.042351,0.002252,0.00103
0,0.070189,0.157704,0.220296,0.228133,0.177654,0.204871,0.001225,0.002752
0,0.145189,-0.05568,0.074338,-0.219194,0.067119,-0.242243,0.002534,0.000972
0,0.078363,-0.047259,-0.037722,0.020122,-0.006252,0.040524,0.001368,0.000825
0,0.071151,-0.067975,-0.013223,-0.004916,-0.050735,0.012562,0.001242,0.001186
0,-0.06116,0.123999,-0.151395,0.194758,-0.191601,0.210005,0.001067,0.002164
0,0.044489,-0.10524,0.115118,-0.251032,0.066584,-0.21342,0.000776,0.001837
0,0.193091,0.109994,0.124805,0.24286,0.130107,0.252172,0.00337,0.00192
0,0.194691,-0.062077,-0.027372,-0.198734,-0.011335,-0.245493,0.003398,0.001083
0,0.162611,0.057635,-0.055227,0.097713,-0.059109,0.128053,0.002838,0.001006
0,0.012656,0.151171,-0.161314,0.107178,-0.200804,0.076727,0.000221,0.002638
0,0.101312,-0.110017,0.086316,-0.240056,0.06591,-0.225263,0.001768,0.00192
0,0.181043,0.048515,0.068256,0.16464,0.078261,0.151292,0.00316,0.000847
0,0.123849,0.085142,-0.03424,0.008816,-0.04512,0.026834,0.002162,0.001486
0,-0.002938,-0.00873,-0.1314,-0.121506,-0.130571,-0.16112,5.1e-05,0.000152
0,0.151423,-0.10155,0.127371,-0.107151,0.116694,-0.090775,0.002643,0.001772
0,0.09418,-0.127758,-0.069093,-0.015669,-0.071699,-0.00869,0.001644,0.00223
0,0.183734,0.151501,0.097026,0.306087,0.060436,0.28624,0.003207,0.002644
0,0.015064,0.007713,-0.165311,-0.156866,-0.126877,-0.160667,0.000263,0.000135
0,-0.014942,-0.079039,-0.050194,-0.103749,-0.051519,-0.081085,0.000261,0.001379
0,0.043696,0.121171,0.039567,0.177373,-0.005572,0.202871,0.000763,0.002115
0,-0.140105,-0.006444,-0.203115,-0.132251,-0.158565,-0.167216,0.002445,0.000112
0,-2.824139,-1.43321,-2.667035,-1.407895,-2.639495,-1.367044,0.000929,0.000833
0,-3.75138,-1.845957,-0.914364,-0.427125,-0.91125,-0.432473,0.005022,0.004053
0,-4.116132,-1.970152,-0.348956,-0.140703,-0.389055,-0.160554,0.000703,0.001886
0,-3.590207,-1.161808,0.533305,0.817719,0.519835,0.786032,0.002208,0.003904
0,-3.627554,-0.88283,-0.061597,0.268684,-0.104694,0.237902,0.00286,0.003318
0,-3.072892,-0.646986,0.547018,0.265122,0.55061,0.235065,0.00527,0.000798
0,-2.271291,-0.510251,0.825713,0.124593,0.799289,0.159994,0.00337,0.003185
0,-2.398082,-0.206416,-0.145091,0.310637,-0.099223,0.354337,0.005583,0.003603
0,-1.655201,-0.254743,0.759101,-0.063544,0.7891,-0.098684,0.004708,0.004446
0,-1.322516,-0.240483,0.310235,0.001975,0.320792,-0.017444,0.001099,0.004197
0,-0.997812,-0.259467,0.33996,0.007261,0.29125,-0.00464,0.005325,0.004529
0,-1.030019,-0.108285,-0.044702,0.130478,-0.007532,0.138417,0.005887,0.00189
0,-0.823218,-0.104422,0.205995,0.001937,0.165713,0.033124,0.002277,0.001823
0,-0.792221,-0.109461,0.041333,0.007253,0.027143,0.040567,0.001736,0.00191
0,-0.857432,-0.287231,-0.048269,-0.167991,-0.010023,-0.133821,0.002875,0.005013
0,-0.761944,-0.097342,0.076266,0.179341,0.113301,0.185137,0.001208,0.001699
0,-0.627463,-0.054304,0.147504,0.030037,0.122554,0.076094,0.001139,0.000948
0,-0.571394,-0.111447,0.034614,-0.056492,0.014783,-0.103213,0.002118,0.001945
0,-0.709991,-0.190892,-0.12822,-0.107823,-0.167053,-0.155795,0.000301,0.003332
0,-0.514994,-0.105798,0.183029,0.085179,0.221735,0.088885,0.003102,0.001847
0,-0.435096,-0.088438,0.109763,0.032627,0.084714,0.018878,0.004497,0.001544
0,-0.685486,-0.033492,-0.223168,0.053248,-0.271055,0.075672,0.000126,0.000585
0,-0.568307,-0.179344,0.088103,-0.144111,0.078161,-0.190148,0.002172,0.00313
0,-0.55833,-0.208608,0.024754,-0.053467,0.059111,-0.092938,0.002346,0.003641
0,-0.442034,-0.223345,0.111861,-0.017425,0.083928,-0.003552,0.004376,0.003898
0,-0.357969,-0.1807,0.083179,0.068934,0.051934,0.095779,0.005843,0.003154
0,-0.332106,0.053858,0.011908,0.236362,0.043606,0.210923,0.005796,0.00094
0,-0.420684,-0.16623,-0.066996,-0.232123,-0.087279,-0.273402,0.004748,0.002901
0,-0.362012,-0.0299,0.05201,0.156076,0.056073,0.14608,0.005772,0.000522
0,-0.387552,0.101738,-0.001877,0.157563,-0.009,0.134588,0.005326,0.001776
0,-0.367338,0.095849,0.026438,-0.022516,0.070013,-0.007563,0.005679,0.001673
0,-0.43422,-0.019915,-0.073385,-0.111599,-0.060512,-0.110128,0.004512,0.000348
0,-0.393269,0.11722,0.070596,0.120503,0.067635,0.109215,0.005227,0.002046
0,-0.42736,-0.093303,-0.014197,-0.201663,0.017714,-0.217888,0.004632,0.001628
0,-0.189032,-0.131728,0.222969,-0.024195,0.240518,0.002233,0.003299,0.002299
0,-0.23153,0.08123,-0.046984,0.234241,-0.069723,0.191162,0.004041,0.001418
0,-0.075623,-0.154679,0.159146,-0.222705,0.131642,-0.215923,0.00132,0.0027
0,-0.325349,0.065675,-0.266796,0.218393,-0.229186,0.264016,0.005678,0.001146
0,-0.03962,0.067234,0.301632,0.019417,0.285452,0.025475,0.000691,0.001173
0,-0.109743,-0.017579,-0.041953,-0.095289,-0.085012,-0.135917,0.001915,0.000307
0,-0.329519,-0.031411,-0.237547,0.00572,-0.239232,-0.015698,0.005751,0.000548
0,-0.268302,-0.224032,0.044959,-0.175911,0.000291,-0.19147,0.004683,0.00391
0,-0.04283,-0.033335,0.25485,0.190755,0.265756,0.165553,0.000748,0.000582
0,-0.196756,-0.113128,-0.178065,-0.063072,-0.131662,-0.078061,0.003434,0.001974
0,-0.042876,0.069677,0.153562,0.179854,0.11892,0.135003,0.000748,0.001216
0,-0.073863,-0.04496,-0.015846,-0.104435,-0.045514,-0.107407,0.001289,0.000785
0,-0.264965,-0.145994,-0.195696,-0.123647,-0.175955,-0.172805,0.004625,0.002548
0,-0.212626,-0.058026,0.025888,0.092101,0.022142,0.095829,0.003711,0.001013
0,-0.061311,-0.030759,0.129358,0.04977,0.096715,0.003404,0.00107,0.000537
0,-0.033136,0.004051,0.045672,0.034744,0.093637,0.030021,0.000578,7.1e-05
0,-0.166474,-0.193733,-0.109323,-0.191055,-0.096105,-0.185309,0.002906,0.003381
0,-0.11974,0.01625,0.036265,0.220714,0.082342,0.209113,0.00209,0.000284
0,-0.176678,0.085043,-0.057941,0.074322,-0.089117,0.072906,0.003084,0.001484
0,-0.314493,-0.175434,-0.141197,-0.257313,-0.176383,-0.207978,0.005489,0.003062
0,-0.096813,-0.022343,0.201725,0.177529,0.21003,0.189224,0.00169,0.00039
0,-0.240543,-0.019985,-0.125049,0.028045,-0.15809,-0.004691,0.004198,0.000349
0,-0.037485,0.024886,0.177776,0.036892,0.130991,0.061108,0.000654,0.000434
0,-0.118704,-0.117792,-0.055404,-0.141077,-0.04193,-0.13494,0.002072,0.002056
0,0.053442,-0.146134,0.153313,-0.026786,0.12409,0.018067,0.000933,0.002551
0,-0.026625,0.012851,-0.086592,0.159017,-0.119887,0.120137,0.000465,0.000224
0,-0.038054,-0.01229,-0.0196,-0.027861,-0.019246,0.009698,0.000664,0.000215
0,-0.25777,-0.015896,-0.240117,-0.033341,-0.253735,-0.054805,0.004499,0.000277
0,-0.176258,-0.134916,0.079432,-0.094732,0.095971,-0.056421,0.003076,0.002355
0,-0.107237,-0.000459,0.096555,0.160351,0.101283,0.134899,0.001872,8e-06
0,-0.157028,-0.17613,-0.045237,-0.188078,-0.044215,-0.195643,0.002741,0.003074
0,-0.198591,-0.088581,-0.035906,0.075019,-0.020418,0.074175,0.003466,0.001546
0,-0.140083,0.050879,0.060257,0.154517,0.068162,0.138015,0.002445,0.000888
0,-0.135614,0.015549,0.015582,-0.061835,-0.01865,-0.07462,0.002367,0.000271
0,-0.163299,-0.055667,-0.002085,-0.056397,-0.019582,-0.103883,0.00285,0.000972
0,-0.036675,0.052597,0.153066,0.098062,0.154388,0.136081,0.00064,0.000918
0,-0.073314,0.066383,-0.036109,-0.016093,-0.05627,-0.045208,0.00128,0.001159
0,-0.23577,-0.165911,-0.160127,-0.225022,-0.190298,-0.235236,0.004115,0.002896
0,-0.212373,-0.18149,0.047004,-0.007579,-0.002086,-0.0389,0.003707,0.003168
0,-0.09612,0.103349,0.133762,0.264746,0.099261,0.227512,0.001678,0.001804
0,-0.001872,-0.092879,0.115241,-0.210035,0.098852,-0.166528,3.3e-05,0.001621
0,-0.040942,0.020497,-0.038212,0.113387,-0.072631,0.113851,0.000715,0.000358
0,0.015916,0.125844,0.077651,0.130322,0.079317,0.1702,0.000278,0.002196
0,-0.153536,0.026731,-0.146531,-0.099952,-0.13596,-0.147073,0.00268,0.000467
0,-0.167882,0.094739,-0.007938,0.056951,-0.041751,0.031735,0.00293,0.001654
0,-0.096733,-0.025292,0.053216,-0.140607,0.088826,-0.18076,0.001688,0.000441
0,-0.182379,0.116342,-0.065361,0.154372,-0.040408,0.171644,0.003183,0.002031
0,-0.087216,0.009764,0.070393,-0.136214,0.073162,-0.15794,0.001522,0.00017
0,0.062054,-0.09134,0.121846,-0.101049,0.149479,-0.108511,0.001083,0.001594
0,0.045,0.112504,-0.006213,0.205301,-0.04002,0.169524,0.000785,0.001964
0,-0.012463,0.0922,-0.03775,0.007073,0.009584,0.031656,0.000218,0.001609
0,0.072429,0.043629,0.113455,-0.06843,0.159642,-0.041229,0.001264,0.000761
0,0.120638,0.137811,0.027863,0.084192,0.021578,0.049996,0.002106,0.002405
0,-0.063449,-0.078542,-0.190289,-0.238243,-0.168595,-0.285765,0.001107,0.001371
0,-0.174058,0.036458,-0.115229,0.113609,-0.160175,0.06521,0.003038,0.000636
0,0.148013,-0.021329,0.325029,-0.052349,0.368435,-0.021304,0.002583,0.000372
0,-0.044648,0.117813,-0.167908,0.112154,-0.126622,0.122256,0.000779,0.002056
0,-0.076833,0.026002,-0.05422,-0.119546,-0.048889,-0.153184,0.001341,0.000454
0,-0.144954,0.022851,-0.055947,-0.008462,-0.071248,-0.046831,0.00253,0.000399
0,0.066685,0.169542,0.229638,0.155186,0.199519,0.148364,0.001164,0.002959
0,-0.093622,-0.088189,-0.158621,-0.228554,-0.119485,-0.278145,0.001634,0.001539
0,0.063803,0.111567,0.144792,0.198021,0.116392,0.24234,0.001114,0.001947
0,0.06315,-0.128392,-0.010304,-0.26101,-0.002976,-0.213994,0.001102,0.002241
0,-0.097365,0.137629,-0.132415,0.268487,-0.092717,0.311542,0.001699,0.002402
0,-0.027195,0.022644,0.080341,-0.115042,0.045672,-0.093432,0.000475,0.000395
0,-0.024368,-0.012918,-0.017772,-0.010114,0.008863,-0.008269,0.000425,0.000225
0,0.054259,0.015451,0.074772,0.004923,0.109622,-0.043017,0.000947,0.00027
0,0.020547,-0.099172,-0.023733,-0.138331,-0.015975,-0.143286,0.000359,0.001731
0,-0.118517,0.029777,-0.153609,0.129746,-0.195288,0.161807,0.002069,0.00052
0,-0.13893,-0.00629,-0.028061,-0.024737,-0.052364,-0.066053,0.002425,0.00011
0,0.057778,-0.176714,0.209185,-0.177127,0.203424,-0.158373,0.001008,0.003084
0,0.092681,0.051016,0.006003,0.245627,-0.00275,0.276065,0.001618,0.00089
0,-0.193262,-0.117166,-0.278837,-0.174521,-0.229513,-0.21554,0.003373,0.002045
0,-0.038126,0.109763,0.166737,0.203595,0.164863,0.192277,0.000665,0.001916
0,-0.096529,0.039233,-0.028604,-0.084662,-0.013463,-0.123015,0.001685,0.000685
0,-0.076279,-0.085541,0.02492,-0.138887,0.033521,-0.112657,0.001331,0.001493
0,-0.020832,0.140561,0.030885,0.216451,-0.012676,0.211269,0.000364,0.002453
0,-0.000678,0.13583,0.041746,-0.015138,0.062164,0.012697,1.2e-05,0.002371
0,-0.066052,-0.131514,-0.083745,-0.260815,-0.061688,-0.241805,0.001153,0.002295
0,-0.0693,0.087493,0.007054,0.240246,-0.01268,0.233374,0.00121,0.001527
0,-0.088687,0.082198,-0.015157,-0.016499,-0.044412,0.028544,0.001548,0.001435
0,0.192945,0.090854,0.272774,0.030853,0.317734,0.032876,0.003368,0.001586
0,-0.096135,0.048935,-0.262707,-0.018533,-0.276885,-0.032356,0.001678,0.000854
0,0.116272,-0.054645,0.184704,-0.120322,0.225885,-0.111596,0.002029,0.000954
0,0.13783,0.021289,0.022108,0.066732,0.014305,0.058052,0.002406,0.000372
0,0.019948,0.144655,-0.127154,0.095998,-0.141238,0.076817,0.000348,0.002525
0,-0.013043,0.048563,-0.037302,-0.09505,0.004721,-0.08346,0.000228,0.000848
0,0.004861,0.062265,0.021914,0.011478,-0.015521,0.017244,8.5e-05,0.001087
0,-0.101618,0.181721,-0.124446,0.105618,-0.111783,0.057284,0.001774,0.003172
0,0.126361,0.161011,0.239882,-0.018521,0.191128,-0.011744,0.002205,0.00281
0,-0.033162,-0.035523,-0.175641,-0.212678,-0.179045,-0.248496,0.000579,0.00062
0,-0.12493,-0.095457,-0.079782,-0.063733,-0.098748,-0.112457,0.00218,0.001666
0,0.112721,-0.031388,0.265141,0.090629,0.233154,0.043572,0.001967,0.000548
0,-0.14364,-0.102565,-0.263487,-0.061283,-0.309428,-0.088156,0.002507,0.00179
0,-0.004599,0.055173,0.14372,0.155354,0.15037,0.163706,8e-05,0.000963
0,-0.26116,0.054275,-0.257044,0.005024,-0.306282,0.007488,0.004558,0.000947
0,-0.030107,0.203857,0.2245,0.15541,0.175276,0.108091,0.000525,0.003558
0,-0.017075,0.067407,-0.004036,-0.133492,-0.009025,-0.135567,0.000298,0.001176
0,-0.202302,0.039678,-0.210448,-0.033394,-0.17614,-0.065804,0.003531,0.000693
0,-0.138361,0.120445,0.0605,0.060313,0.093715,0.050112,0.002415,0.002102
0,-0.154691,0.087834,-0.018018,-0.0285,0.013356,-0.027346,0.0027,0.001533
0,0.12189,0.069704,0.289791,-0.025446,0.264971,0.024423,0.002127,0.001217
0,0.067627,0.073019,-0.044733,0.020868,-0.017972,0.030539,0.00118,0.001274
0,-0.132349,0.167135,-0.214596,0.06555,-0.176454,0.092855,0.00231,0.002917
0,-0.056699,-0.038123,0.096866,-0.191796,0.146302,-0.207052,0.00099,0.000665
0,-0.085618,0.046343,-0.032627,0.104187,0.007235,0.112368,0.001494,0.000809
0,0.052456,0.086166,0.164204,0.032636,0.167775,0.05051,0.000916,0.001504
0,0.023688,-0.081189,-0.039819,-0.14522,0.004353,-0.138244,0.000413,0.001417
0,0.015057,-0.006521,-0.001687,0.044985,0.019775,-0.001247,0.000263,0.000114
0,0.142307,-0.099012,0.147126,-0.066872,0.161623,-0.112775,0.002484,0.001728
0,-0.144382,-0.05302,-0.277594,0.023943,-0.308008,0.001724,0.00252,0.000925
0,-0.019583,-0.130592,0.123271,-0.085481,0.163829,-0.133051,0.000342,0.002279
0,-0.023421,-0.126188,0.010561,0.011252,-0.01249,-0.000169,0.000409,0.002202
0,0.062135,-0.023747,0.066655,0.07597,0.079065,0.118725,0.001084,0.000414
0,-0.03896,0.035079,-0.116718,0.066908,-0.080517,0.056233,0.00068,0.000612
0,-0.094001,0.114324,-0.0391,0.057704,-0.015437,0.05155,0.001641,0.001995
0,-0.017218,0.034074,0.07198,-0.058405,0.039314,-0.078556,0.000301,0.000595
0,0.082439,-0.108907,0.122463,-0.119891,0.111302,-0.150405,0.001439,0.001901
0,-0.096391,0.014217,-0.186122,0.147303,-0.181227,0.164336,0.001682,0.000248
0,0.072849,-0.067562,0.156412,-0.104725,0.196507,-0.122441,0.001271,0.001179
0,-0.121895,0.134137,-0.211115,0.230789,-0.235446,0.225304,0.002127,0.002341
0,-0.108345,0.063421,0.010297,-0.080209,8.3e-05,-0.040118,0.001891,0.001107
0,-0.015588,0.123293,0.117488,0.089184,0.095754,0.074572,0.000272,0.002152
0,0.03521,-0.054667,0.057483,-0.177139,0.02776,-0.183258,0.000615,0.000954
0,-0.275185,0.079368,-0.312949,0.122377,-0.348521,0.097709,0.004803,0.001385
0,-0.038659,-0.028241,0.243435,-0.110823,0.206013,-0.063146,0.000675,0.000493
0,-0.2551,0.074713,-0.214882,0.088612,-0.259971,0.069488,0.004452,0.001304
0,-0.091689,0.015785,0.182604,-0.045494,0.221648,-0.009456,0.0016,0.000276
0,-0.16787,0.076929,-0.08826,0.066553,-0.111511,0.067714,0.00293,0.001343
0,-0.072445,-0.09906,0.07961,-0.193711,0.107798,-0.159484,0.001264,0.001729
0,-0.314577,-0.048266,-0.271029,0.026112,-0.29205,0.02753,0.00549,0.000842
0,-0.253372,-0.1492,0.064078,-0.12908,0.065584,-0.164239,0.004422,0.002604
0,-0.237043,-0.037761,0.019946,0.115571,0.069724,0.077649,0.004137,0.000659
0,-0.195513,-0.120412,0.013482,-0.106577,0.062661,-0.095611,0.003412,0.002102
0,-0.058121,-0.083444,0.115551,0.055684,0.078356,0.08432,0.001014,0.001456
0,-0.073799,0.087116,-0.003836,0.200316,-0.023386,0.20847,0.001288,0.00152
0,-0.174933,-0.106534,-0.076019,-0.195451,-0.038425,-0.224567,0.003053,0.001859
0,-0.056779,0.035706,0.122246,0.154441,0.136767,0.117984,0.000991,0.000623
0,0.06775,-0.01935,0.10274,-0.06567,0.074432,-0.054709,0.001182,0.000338
0,-0.044198,0.129493,-0.087387,0.166141,-0.120176,0.121839,0.000771,0.00226
0,0.102876,0.029608,0.119947,-0.124839,0.093926,-0.143441,0.001796,0.000517
0,0.151187,-0.13618,0.069383,-0.146576,0.03918,-0.190866,0.002639,0.002377
0,-0.073832,-0.115781,-0.226963,0.049713,-0.21854,0.010949,0.001289,0.002021
0,0.150519,0.010274,0.195759,0.127906,0.242445,0.168123,0.002627,0.000179
0,0.112424,-0.069334,-0.067023,-0.082454,-0.087331,-0.102988,0.001962,0.00121
0,-0.168069,0.10628,-0.275462,0.189914,-0.238655,0.178394,0.002933,0.001855
0,0.034644,0.088479,0.20149,-0.046825,0.153435,-0.024084,0.000605,0.001544
0,0.033955,-0.18044,-0.016496,-0.25675,0.033213,-0.257527,0.000593,0.003149
0,0.0444,-0.157514,0.024476,0.013122,0.063967,0.061057,0.000775,0.002749
0,-0.10018,0.069238,-0.149043,0.22663,-0.100333,0.24454,0.001748,0.001208
0,-0.196806,-0.153774,-0.118625,-0.203007,-0.10895,-0.20027,0.003435,0.002684
0,0.035095,-0.014069,0.25248,0.165315,0.213918,0.134489,0.000613,0.000246
0,0.034376,0.080248,0.027652,0.088499,0.055682,0.119979,0.0006,0.001401
0,0.005825,0.006398,-0.050512,-0.073878,-0.051943,-0.0514,0.000102,0.000112
0,-0.040106,0.074654,-0.057853,0.044005,-0.088372,0.083367,0.0007,0.001303
0,0.082245,-0.076619,0.101788,-0.168961,0.106039,-0.19296,0.001435,0.001337
0,-0.126711,0.171132,-0.208318,0.219052,-0.234166,0.213904,0.002212,0.002987
0,-0.063434,-0.033101,0.060932,-0.22735,0.100488,-0.22737,0.001107,0.000578
0,-0.011815,0.010528,0.053987,0.029773,0.030297,-0.007117,0.000206,0.000184
0,0.034927,0.058105,0.038747,0.070814,0.000143,0.112663,0.00061,0.001014
0,0.049572,0.132985,0.007397,0.052993,0.006036,0.075468,0.000865,0.002321
0,0.014683,0.049245,-0.048171,-0.076313,-0.035272,-0.112812,0.000256,0.000859
0,-0.060251,-0.011626,-0.054302,-0.053096,-0.089274,-0.096201,0.001052,0.000203
0,0.09652,0.198441,0.185172,0.184535,0.198791,0.137239,0.001685,0.003463
0,0.156421,0.027488,0.079775,-0.198381,0.05676,-0.179368,0.00273,0.00048
0,-0.108301,0.105274,-0.254133,0.107111,-0.292464,0.130564,0.00189,0.001837
0,0.054507,0.048682,0.151362,-0.036301,0.140319,0.00622,0.000951,0.00085
0,-0.016858,0.006877,-0.042421,-0.034602,-0.082429,-0.055305,0.000294,0.00012
0,0.056885,-0.023629,0.079345,-0.008162,0.039801,0.008674,0.000993,0.000412
0,-0.078494,0.101842,-0.110258,0.155004,-0.150879,0.173461,0.00137,0.001777
0,0.087406,0.009297,0.172915,-0.073187,0.150548,-0.118931,0.001526,0.000162
0,-0.028625,-0.037392,-0.13082,-0.022323,-0.169096,0.015734,0.0005,0.000653
0,0.034823,0.204458,0.046905,0.237188,-0.001462,0.261531,0.000608,0.003568
0,-0.087088,-0.0901,-0.147203,-0.321318,-0.183379,-0.321667,0.00152,0.001573
0,-0.064574,0.000754,0.03091,0.064199,0.024947,0.089989,0.001127,1.3e-05
0,-0.035978,-0.119543,0.021436,-0.096525,0.021325,-0.04866,0.000628,0.002086
0,-0.14201,0.027585,-0.099102,0.163241,-0.095364,0.150802,0.002479,0.000481
0,-0.120515,-0.021957,-0.007459,-0.020347,-0.04172,-0.008983,0.002103,0.000383
0,-0.043079,0.07548,0.0817,0.075565,0.059178,0.121786,0.000752,0.001317
0,0.010775,0.077033,0.045768,0.024624,0.021245,0.043092,0.000188,0.001344
0,0.104576,-0.118004,0.087219,-0.208071,0.087342,-0.16552,0.001825,0.00206
0,0.058659,0.111997,-0.044441,0.212332,-0.022528,0.178771,0.001024,0.001955
0,-0.147007,0.017066,-0.176202,-0.105767,-0.204849,-0.070451,0.002566,0.000298
0,-0.058476,0.031786,0.062995,-0.010776,0.096917,-0.057881,0.001021,0.000555
0,-0.03006,-0.037212,0.011909,-0.057659,0.012055,-0.104861,0.000525,0.000649
0,-0.030062,-0.105166,0.003802,-0.068442,0.043824,-0.034237,0.000525,0.001835
0,0.049899,0.116161,0.108382,0.195897,0.096293,0.224397,0.000871,0.002027
0,-0.160952,0.15118,-0.230809,0.051398,-0.244017,0.065057,0.002809,0.002639
0,0.029073,-0.130491,0.207798,-0.310611,0.238528,-0.336932,0.000507,0.002277
0,-0.086575,-0.102926,-0.126389,0.009541,-0.135503,-0.026537,0.001511,0.001796
0,-0.004966,-0.10179,0.066243,0.005202,0.042277,0.021228,8.7e-05,0.001777
0,-0.155553,0.043787,-0.140934,0.15574,-0.09505,0.148975,0.002715,0.000764
0,-0.042755,0.173145,0.112689,0.123704,0.141485,0.16483,0.000746,0.003022
0,0.063279,-0.015232,0.078029,-0.203813,0.075258,-0.232931,0.001104,0.000266
0,-0.170996,0.100767,-0.204808,0.113775,-0.213545,0.159213,0.002984,0.001759
0,0.058655,0.072173,0.221333,-0.021643,0.233168,0.00368,0.001024,0.00126
0,-0.084401,0.161708,-0.119575,0.086311,-0.12231,0.066276,0.001473,0.002822
0,0.173067,0.127121,0.256893,-0.032099,0.252602,0.001091,0.003021,0.002219
0,0.054314,-0.0038,-0.135877,-0.160838,-0.181792,-0.138345,0.000948,6.6e-05
0,-0.06566,0.056989,-0.125635,0.064203,-0.152784,0.073676,0.001146,0.000995
0,0.037178,0.135684,0.131109,0.052627,0.171828,0.101238,0.000649,0.002368
0,0.143703,-0.055368,0.116625,-0.203866,0.163564,-0.245081,0.002508,0.000966
0,-0.080688,0.063975,-0.230304,0.108986,-0.272614,0.15532,0.001408,0.001117
0,-0.008481,-0.009603,0.097619,-0.07512,0.098023,-0.056687,0.000148,0.000168
0,-0.04708,0.082812,-0.065116,0.119902,-0.033686,0.146771,0.000822,0.001445
0,-0.109254,0.040132,-0.08407,-0.051155,-0.091757,-0.017804,0.001907,0.0007
0,-0.163655,0.1195,-0.057739,0.057335,-0.087687,0.091836,0.002856,0.002086
0,-0.186815,-0.059651,-0.017922,-0.19769,-0.036685,-0.204479,0.003261,0.001041
0,0.083843,0.194815,0.255922,0.278227,0.277903,0.234134,0.001463,0.0034
0,0.020576,0.164068,-0.068887,-0.032374,-0.082488,-0.07852,0.000359,0.002864
0,0.017767,-0.068093,-0.001615,-0.215527,0.038233,-0.16804,0.00031,0.001188
0,-0.191491,-0.039726,-0.225907,0.026452,-0.176428,0.02979,0.003342,0.000693
0,-0.026283,0.005365,0.15428,0.044975,0.117567,0.074284,0.000459,9.4e-05
0,-0.091433,0.113671,-0.071851,0.108639,-0.105027,0.072136,0.001596,0.001984
0,-0.069922,0.17269,-0.004939,0.054558,-0.022631,0.042804,0.00122,0.003014
0,-0.033288,0.16523,0.028382,-0.021001,0.071279,0.001019,0.000581,0.002884
0,-0.098652,0.004121,-0.055173,-0.131333,-0.076064,-0.123632,0.001722,7.2e-05
0,-0.102456,0.175717,0.002687,0.16668,-0.046554,0.193414,0.001788,0.003067
0,0.05361,0.022521,0.126532,-0.153033,0.13121,-0.174729,0.000936,0.000393
0,-0.13802,-0.02164,-0.178223,-0.041999,-0.159401,-0.069855,0.002409,0.000378
0,-0.098489,0.084219,0.068455,0.130764,0.070301,0.178986,0.001719,0.00147
0,-0.065215,0.103694,0.058508,-0.008583,0.104809,-0.047483,0.001138,0.00181
0,0.001553,0.068067,0.042809,-0.014588,0.050779,0.023568,2.7e-05,0.001188
0,-0.00808,0.210275,0.011886,0.126074,0.022119,0.161663,0.000141,0.00367
0,-0.054213,0.150259,-0.073071,-0.088756,-0.10054,-0.128087,0.000946,0.002623
0,0.185767,0.120521,0.231376,-0.046633,0.193167,-0.067074,0.003242,0.002103
0,0.139521,0.181584,-0.021701,0.036999,-0.004104,0.075155,0.002435,0.003169
0,0.067084,-0.035771,-0.101572,-0.245494,-0.119652,-0.270886,0.001171,0.000624
0,0.100273,0.099091,0.046461,0.150685,0.004081,0.185641,0.00175,0.001729
0,0.043808,-0.004325,-0.084241,-0.087144,-0.122738,-0.085794,0.000765,7.5e-05
0,0.171619,0.073127,0.102534,0.090012,0.112729,0.112991,0.002995,0.001276
0,0.143852,0.102022,-0.054395,0.053961,-0.0669,0.055514,0.002511,0.001781
0,-0.061828,-0.051861,-0.182305,-0.151759,-0.179607,-0.138083,0.001079,0.000905
0,0.097085,0.000967,0.13131,0.032707,0.151858,0.042897,0.001694,1.7e-05
0,-0.000722,0.034088,-0.090272,0.050166,-0.134207,0.03543,1.3e-05,0.000595
0,0.083303,-0.042806,0.083881,-0.105579,0.090028,-0.058888,0.001454,0.000747
0,0.061185,-0.052742,-0.006255,0.004946,-0.013724,-0.01201,0.001068,0.000921
0,0.031763,0.17076,-0.054136,0.236581,-0.019849,0.224613,0.000554,0.00298
0,0.170528,-0.037948,0.149353,-0.216092,0.120795,-0.246166,0.002976,0.000662
0,0.142873,0.113858,-0.046638,0.167344,-0.072627,0.146947,0.002494,0.001987
0,0.098211,0.178886,-0.029672,0.071629,-0.004032,0.034502,0.001714,0.003122
0,0.220874,-0.057896,0.138201,-0.212832,0.136546,-0.192581,0.003855,0.00101
0,0.172913,0.093032,-0.031283,0.168944,-0.023311,0.14363,0.003018,0.001624
0,0.147696,0.069448,-0.025685,-0.010587,-0.052251,-0.001797,0.002578,0.001212
0,-0.030616,0.141316,-0.14841,0.048897,-0.140377,0.009398,0.000534,0.002466
0,-0.012729,0.077127,0.028754,-0.081845,0.047161,-0.062418,0.000222,0.001346
0,0.159032,-0.012813,0.169162,-0.119871,0.216888,-0.15932,0.002776,0.000224
0,0.157872,0.19527,-0.017527,0.214912,-0.011933,0.227212,0.002755,0.003408
0,0.153901,0.164177,-0.028465,-0.009467,0.003073,0.02368,0.002686,0.002865
0,0.147825,0.061904,-0.027691,-0.103248,-0.007553,-0.059747,0.00258,0.00108
0,0.282432,0.044497,0.155709,-0.029285,0.111097,-0.078862,0.004929,0.000777
0,0.090365,-0.031689,-0.187394,-0.078966,-0.202729,-0.107922,0.001577,0.000553
0,0.164784,-0.075907,0.081989,-0.045079,0.037802,-0.034361,0.002876,0.001325
0,0.099821,-0.08904,-0.082262,-0.017887,-0.039002,-0.026584,0.001742,0.001554
0,0.218656,-0.03025,0.136789,0.064774,0.108455,0.051936,0.003816,0.000528
0,0.104545,0.098002,-0.14284,0.15502,-0.131239,0.150607,0.001825,0.00171
0,0.200528,0.155299,0.085567,0.08139,0.075966,0.06725,0.0035,0.00271
0,-0.017265,-0.079345,-0.208299,-0.263017,-0.251149,-0.275219,0.000301,0.001385
0,0.197613,0.122796,0.218291,0.209293,0.17626,0.200218,0.003449,0.002143
0,0.257662,0.157054,0.082306,0.036654,0.102874,0.030447,0.004497,0.002741
0,0.205244,0.110289,-0.032541,-0.076711,-0.068258,-0.108563,0.003582,0.001925
0,0.126076,-0.069112,-0.066117,-0.173138,-0.016854,-0.168864,0.0022,0.001206
0,0.186077,-0.118528,0.043942,-0.0392,0.080789,-0.033402,0.003248,0.002069
0,0.123011,-0.126669,-0.051271,-0.030726,-0.019248,0.010072,0.002147,0.002211
0,0.130433,-0.08258,-0.009593,0.045809,-0.039055,0.078931,0.002276,0.001441
0,0.075184,0.077002,-0.027923,0.18935,0.009923,0.15682,0.001312,0.001344
0,0.181626,0.031029,0.124194,-0.069741,0.146075,-0.080531,0.00317,0.000542
0,0.25203,-0.143689,0.048691,-0.168571,0.045758,-0.130803,0.004399,0.002508
0,0.153608,-0.053002,-0.068805,0.119996,-0.111215,0.108566,0.002681,0.000925
0,0.127626,-0.119505,-0.004145,-0.084222,0.034608,-0.108563,0.002227,0.002086
0,0.009083,-0.044939,-0.092571,0.061231,-0.081485,0.105053,0.000159,0.000784
0,-0.120152,0.023459,-0.10534,0.092794,-0.123552,0.124399,0.002097,0.000409
0,0.009121,-0.029273,0.158051,-0.055684,0.193272,-0.038163,0.000159,0.000511
0,-0.102337,0.046312,-0.139686,0.071691,-0.14706,0.058519,0.001786,0.000808
0,0.077224,0.006887,0.180016,-0.03464,0.153827,-0.044623,0.001348,0.00012
0,-0.010698,-0.030331,-0.064605,-0.063848,-0.056842,-0.047778,0.000187,0.000529
0,-0.04585,-0.11295,-0.041389,-0.10509,-0.048212,-0.109083,0.0008,0.001971
0,-0.202244,0.083532,-0.131722,0.201019,-0.084098,0.23424,0.00353,0.001458
0,-0.110464,-0.002325,0.06347,-0.095197,0.097492,-0.113365,0.001928,4.1e-05
0,-0.014822,-0.003551,0.102409,-0.019459,0.075613,0.01724,0.000259,6.2e-05
0,-0.023982,-0.062227,-0.012852,-0.052623,0.037074,-0.034404,0.000419,0.001086
0,0.038788,-0.157331,0.091596,-0.07937,0.120803,-0.092102,0.000677,0.002746
0,-0.044878,-0.014095,-0.083367,0.132777,-0.1262,0.084428,0.000783,0.000246
0,-0.044169,-0.087526,0.027146,-0.052991,0.029834,-0.080394,0.000771,0.001528
0,0.010584,0.035903,0.027063,0.149187,0.011654,0.114857,0.000185,0.000627
0,0.098218,0.082481,0.07993,0.039635,0.123363,0.008418,0.001714,0.00144
0,-0.031148,-0.142017,-0.10854,-0.251556,-0.150907,-0.289883,0.000544,0.002479
0,0.164197,-0.058107,0.190905,0.104176,0.160698,0.065594,0.002866,0.001014
0,0.002085,0.108553,-0.147625,0.19072,-0.14616,0.229252,3.6e-05,0.001895
0,0.129104,0.132603,0.15681,0.025525,0.133967,-0.002417,0.002253,0.002314
0,0.127438,0.096301,-0.003007,-0.047812,0.023287,-0.030719,0.002224,0.001681
0,0.060128,0.047053,-0.050992,-0.041106,-0.075358,-0.003933,0.001049,0.000821
0,0.094209,-0.034018,0.05357,-0.075099,0.091453,-0.035732,0.001644,0.000594
0,0.249546,0.144914,0.13227,0.149175,0.152468,0.108487,0.004355,0.002529
0,0.12818,0.089693,-0.146546,-0.072918,-0.183397,-0.07459,0.002237,0.001565
0,0.059032,0.039574,-0.058142,-0.028944,-0.031691,0.009057,0.00103,0.000691
0,0.168867,-0.070244,0.115721,-0.092865,0.067691,-0.108347,0.002947,0.001226
0,0.200834,-0.044927,0.05672,0.054087,0.019354,0.091561,0.003505,0.000784
0,0.04304,-0.041147,-0.168161,-0.010424,-0.170753,-0.037631,0.000751,0.000718
0,0.054585,-0.157971,-2.8e-05,-0.102495,-0.026743,-0.100831,0.000953,0.002757
0,0.002802,0.023134,-0.04032,0.201073,-0.040298,0.246979,4.9e-05,0.000404
0,0.116457,-0.043974,0.112278,-0.090646,0.105908,-0.118036,0.002033,0.000767
0,0.122288,-0.020709,0.003592,-4.9e-05,-0.016656,-0.021137,0.002134,0.000361
0,0.218214,-0.066609,0.094138,-0.07155,0.108242,-0.115605,0.003809,0.001163
0,0.210942,-0.04768,-6.6e-05,0.008922,-0.012494,0.000494,0.003682,0.000832
0,0.120765,0.017748,-0.107812,0.08875,-0.149838,0.041443,0.002108,0.00031
0,0.157802,0.072456,0.023759,0.049159,0.02708,0.031623,0.002754,0.001265
0,0.156237,-0.056364,0.027741,-0.144562,0.067803,-0.123851,0.002727,0.000984
0,0.050896,-0.152402,-0.09301,-0.07969,-0.08746,-0.058999,0.000888,0.00266
0,0.294407,-0.027305,0.27168,0.1234,0.264354,0.136445,0.005138,0.000477
0,0.370805,-0.032334,0.067843,-0.0179,0.05152,-0.008724,0.005619,0.000564
0,0.163912,0.07158,-0.222371,0.126429,-0.178069,0.15297,0.002861,0.001249
0,0.19688,0.095091,0.009758,0.027281,0.012828,0.033529,0.003436,0.00166
0,0.293455,0.095824,0.088292,0.004759,0.105303,0.027264,0.005122,0.001672
0,0.17054,-0.094463,-0.135824,-0.189257,-0.117749,-0.205619,0.002976,0.001649
0,0.24127,-0.16375,0.074904,-0.055717,0.085482,-0.052289,0.004211,0.002858
0,0.237307,0.084692,-0.005276,0.26434,-0.048814,0.266336,0.004142,0.001478
0,0.000217,-0.127984,-0.21584,-0.20408,-0.246387,-0.19825,4e-06,0.002234
0,0.135143,0.088165,0.160664,0.187774,0.174271,0.194195,0.002359,0.001539
0,0.1218,-0.015861,-0.009696,-0.079893,-0.044076,-0.072072,0.002126,0.000277
0,0.170373,-0.088915,0.027833,-0.084483,0.032869,-0.133533,0.002974,0.001552
0,0.26543,-0.039814,0.068985,0.034214,0.080566,0.082487,0.004633,0.000695
0,0.114336,-0.114024,-0.179873,-0.069196,-0.180903,-0.097176,0.001996,0.00199
0,0.245517,-0.000184,0.144909,0.120311,0.123605,0.145071,0.004285,3e-06
0,0.298923,0.130363,0.045006,0.133943,0.038281,0.097796,0.005217,0.002275
0,0.275777,0.11831,-0.018766,9.1e-05,-0.059866,-0.040066,0.004813,0.002065
0,0.338087,0.036718,0.083303,-0.051767,0.128822,-0.032618,0.005901,0.000641
0,0.282361,0.008985,-0.042443,-0.033603,-0.063828,-0.046922,0.004928,0.000157
0,0.327491,0.093604,0.01778,0.102397,0.05489,0.082218,0.005716,0.001634
0,0.233792,0.050415,-0.122345,-0.067489,-0.114409,-0.061731,0.00408,0.00088
0,0.295292,-0.224087,0.049601,-0.277385,0.05369,-0.286282,0.005154,0.003911
0,0.310567,-0.122389,1.5e-05,0.085822,-0.00326,0.0657,0.00542,0.002136
0,0.313512,0.066803,0.009214,0.168863,-0.026377,0.142282,0.005472,0.001166
0,0.143648,-0.123558,-0.14131,-0.175109,-0.107393,-0.209797,0.002507,0.002156
0,0.126425,-0.087616,-0.025139,0.028891,-0.014273,0.004153,0.002207,0.001529
0,0.306847,-0.018582,0.171787,0.046562,0.200694,0.033386,0.005355,0.000324
0,0.180906,-0.16347,-0.111865,-0.138974,-0.150902,-0.095545,0.003157,0.002853
0,0.076256,-0.145009,-0.119663,0.021708,-0.082786,0.050255,0.001331,0.002531
0,0.239459,0.024143,0.152021,0.159938,0.15156,0.128747,0.004179,0.000421
0,0.06633,-0.083622,-0.163968,-0.100496,-0.152076,-0.066838,0.001158,0.001459
0,0.041269,-0.073201,-0.013391,0.040369,-0.015375,0.049612,0.00072,0.001278
0,0.127653,-0.043269,0.087651,0.025887,0.136937,0.027672,0.002228,0.000755
0,0.049716,0.079701,-0.07824,0.119947,-0.079323,0.144053,0.000868,0.001391
0,0.033256,0.125295,-0.045219,0.068521,-0.063267,0.102018,0.00058,0.002187
0,-0.059947,0.038851,-0.118382,-0.111759,-0.157152,-0.073003,0.001046,0.000678
0,0.01418,0.017879,0.088573,0.004364,0.082934,-0.023537,0.000247,0.000312
0,0.012875,0.035088,-0.025332,-0.010537,-0.019641,0.023251,0.000225,0.000612
0,0.121099,0.087893,0.102251,0.076513,0.126878,0.110955,0.002114,0.001534
0,0.010465,-0.1329,-0.122225,-0.233415,-0.142605,-0.203487,0.000183,0.00232
0,-0.025483,-0.144292,-0.006741,0.006854,-0.032501,0.046964,0.000445,0.002518
0,0.213889,-0.092237,0.227906,0.028638,0.260139,0.072907,0.003733,0.00161
0,0.118345,-0.022648,-0.096561,0.059275,-0.076315,0.061351,0.002066,0.000395
0,0.158774,0.008504,0.065276,0.016499,0.043434,0.064462,0.002771,0.000148
0,0.036855,0.048193,-0.101527,0.052808,-0.074369,0.052747,0.000643,0.000841
0,0.161321,0.067124,0.129302,0.017874,0.082399,0.033708,0.002816,0.001172
0,-0.01213,-0.127265,-0.175626,-0.199296,-0.175744,-0.190891,0.000212,0.002221
0,0.205311,-0.142238,0.245266,-0.021971,0.269666,-0.0351,0.003583,0.002483
0,0.036081,-0.074679,-0.177993,0.047819,-0.143261,0.093408,0.00063,0.001303
0,0.176599,-0.08766,0.132917,-0.006066,0.096193,-0.032621,0.003082,0.00153
0,-0.060367,0.109859,-0.221186,0.205613,-0.225306,0.177683,0.001054,0.001917
0,0.173484,-0.031997,0.231353,-0.144699,0.196782,-0.148336,0.003028,0.000558
0,-0.010915,-0.130716,-0.211992,-0.071139,-0.211503,-0.063469,0.00019,0.002281
0,0.006803,0.016315,0.046329,0.169395,0.03041,0.120282,0.000119,0.000285
0,0.004946,-0.167987,-0.014585,-0.208764,0.030908,-0.205136,8.6e-05,0.002932
0,-0.144411,-0.02288,-0.159597,0.124568,-0.173126,0.074855,0.00252,0.000399
0,-0.072084,-0.04934,0.101827,-0.038832,0.060703,0.009015,0.001258,0.000861
0,0.002503,0.011821,0.05387,0.078023,0.096709,0.096368,4.4e-05,0.000206
0,0.12666,-0.04225,0.144741,-0.045043,0.1799,-0.016096,0.002211,0.000737
0,0.200311,-0.039891,0.04399,-0.005218,0.072501,-0.019069,0.003496,0.000696
0,0.028888,0.057122,-0.153013,0.12058,-0.113324,0.15099,0.000504,0.000997
0,0.192827,-0.042611,0.135717,-0.080813,0.09711,-0.113254,0.003365,0.000744
0,0.204336,0.068471,0.001751,0.12099,0.014317,0.103636,0.003566,0.001195
0,0.13211,-0.031844,-0.066358,-0.082779,-0.021344,-0.118248,0.002306,0.000556
0,0.063907,0.075725,-0.077204,0.107606,-0.059162,0.077602,0.001115,0.001322
0,0.139998,-0.007375,0.102052,-0.095397,0.0619,-0.13316,0.002443,0.000129
0,-0.013362,-0.013016,-0.169013,0.003324,-0.186397,0.013304,0.000233,0.000227
0,0.024531,-0.03108,0.04303,0.005102,0.054538,-0.039515,0.000428,0.000542
0,0.061412,0.025794,0.036415,0.050482,0.080483,0.021964,0.001072,0.00045
0,0.056308,0.044438,-0.02682,0.043347,0.014878,0.029747,0.000983,0.000776
0,0.102082,-0.084076,0.021362,-0.134374,0.042866,-0.111456,0.001782,0.001467
0,0.010322,0.04051,-0.082151,0.131781,-0.082997,0.146697,0.00018,0.000707
0,0.187194,0.03591,0.161769,0.008451,0.197636,-0.005433,0.003267,0.000627
0,0.02043,0.001215,-0.167429,-0.034789,-0.17724,-0.036018,0.000357,2.1e-05
0,0.081538,-0.169723,0.068088,-0.174833,0.117998,-0.169623,0.001423,0.002962
0,0.101749,0.025439,0.046438,0.17992,0.002075,0.178195,0.001776,0.000444
0,0.036289,0.077147,-0.089805,0.053517,-0.095411,0.071218,0.000633,0.001346
0,-0.117553,0.087081,-0.134645,0.008611,-0.161925,-0.030651,0.002052,0.00152
0,0.050259,-0.076512,0.172024,-0.187359,0.191612,-0.198958,0.000877,0.001335
0,0.107065,-0.072461,0.050596,-0.013152,0.089188,-0.042474,0.001869,0.001265
0,0.103422,-0.130412,-0.017625,-0.042061,0.009096,-0.039591,0.001805,0.002276
0,-0.094212,0.002636,-0.196437,0.143677,-0.236392,0.128076,0.001644,4.6e-05
0,0.20929,-0.195314,0.313614,-0.199169,0.352269,-0.188499,0.003653,0.003409
0,0.034067,-0.129836,-0.170727,0.046378,-0.125809,0.045263,0.000595,0.002266
0,-0.062028,0.078614,-0.081439,0.2296,-0.038572,0.197477,0.001083,0.001372
0,0.067443,-0.045269,0.146145,-0.113241,0.164885,-0.154533,0.001177,0.00079
0,-0.079763,0.015304,-0.15155,0.048932,-0.154898,0.032977,0.001392,0.000267
0,0.139928,-0.029341,0.191685,-0.031943,0.212091,-0.069037,0.002442,0.000512
0,0.095661,0.019547,-0.063998,0.034308,-0.046877,0.000242,0.00167,0.000341
0,0.017428,-0.157097,-0.054757,-0.205084,-0.018799,-0.227257,0.000304,0.002742
0,-0.17798,0.060295,-0.219227,0.201992,-0.21516,0.224126,0.003106,0.001052
0,-0.011228,-0.126367,0.181449,-0.2119,0.144333,-0.165671,0.000196,0.002206
0,0.116958,-0.186938,0.115426,-0.039652,0.068353,-0.024669,0.002041,0.003263
0,-0.015942,0.035296,-0.125564,0.203277,-0.082338,0.20595,0.000278,0.000616
0,-0.122702,-0.133346,-0.131365,-0.154319,-0.124509,-0.194611,0.002142,0.002327
0,-0.048112,-0.145676,0.061047,0.015249,0.037182,0.026303,0.00084,0.002543
0,-0.110112,-0.055297,-0.083439,0.090556,-0.083704,0.06324,0.001922,0.000965
0,-0.127993,-0.053786,0.00701,-0.025622,0.056126,-0.047546,0.002234,0.000939
0,-0.148667,-0.036483,-0.007794,0.001055,0.002694,-0.046314,0.002595,0.000637
0,-0.088245,0.02919,0.038068,0.040908,0.081849,0.085106,0.00154,0.000509
0,0.044101,-0.126066,0.142257,-0.141329,0.131274,-0.102176,0.00077,0.0022
0,0.000709,-0.094602,-0.022747,0.016962,-0.024925,-0.008737,1.2e-05,0.001651
0,-0.177556,-0.129629,-0.195291,-0.060039,-0.169913,-0.024593,0.003099,0.002262
0,0.010032,-0.16821,0.18703,-0.045798,0.197865,-0.024661,0.000175,0.002936
0,-0.074324,0.063589,-0.066404,0.240498,-0.067175,0.227558,0.001297,0.00111
0,-0.195319,0.027674,-0.097652,-0.019262,-0.126686,-0.055605,0.003409,0.000483
0,-0.084748,-0.176,0.109321,-0.220971,0.097736,-0.188658,0.001479,0.003072
0,-0.18661,-0.168774,-0.091588,-0.0158,-0.068293,-0.018804,0.003257,0.002946
0,-0.077217,-0.011765,0.092565,0.135723,0.137899,0.107765,0.001348,0.000205
0,-0.154492,-0.107356,-0.09486,-0.079107,-0.070379,-0.090326,0.002696,0.001874
0,-0.104732,-0.173947,0.063362,-0.038762,0.052373,-0.079825,0.001828,0.003036
0,-0.048315,-0.059769,0.045679,0.134822,0.024549,0.112996,0.000843,0.001043
0,0.012263,0.000624,0.053695,0.040827,0.060079,0.081292,0.000214,1.1e-05
0,-0.026353,-0.151157,-0.02419,-0.138665,-0.032345,-0.171781,0.00046,0.002638
0,-0.007882,-0.135439,0.023406,0.04523,-0.023591,0.015795,0.000138,0.002364
0,-0.126003,-0.110407,-0.098132,0.041599,-0.076445,0.034926,0.002199,0.001927
0,-0.035248,-0.056534,0.096641,0.033898,0.061657,0.081247,0.000615,0.000987
0,-0.035242,0.064773,0.024079,0.138228,0.04568,0.127113,0.000615,0.001131
0,-0.04247,0.044061,0.018552,-0.041036,0.04938,-0.047593,0.000741,0.000769
0,0.108952,0.107209,0.136949,0.063149,0.155882,0.031859,0.001902,0.001871
0,0.113294,0.091455,0.033657,-0.018649,0.060643,-0.000256,0.001977,0.001596
0,-0.175939,-0.023673,-0.286821,-0.111623,-0.259225,-0.153872,0.003071,0.000413
0,-0.196598,0.051079,-0.045496,0.051056,-0.034823,0.086888,0.003431,0.000891
0,-0.158815,-0.016153,0.066299,-0.080771,0.053284,-0.104748,0.002772,0.000282
0,0.107343,-0.052602,0.256376,-0.036626,0.257333,-0.037608,0.001873,0.000918
0,-0.023498,-0.010947,-0.113747,0.054129,-0.076501,0.101202,0.00041,0.000191
0,0.029823,0.069987,0.033989,0.095981,0.05261,0.145611,0.000521,0.001222
0,0.042553,-0.004353,-0.016178,-0.062421,-0.028648,-0.021541,0.000743,7.6e-05
0,-0.092909,-0.02032,-0.132199,-0.009974,-0.179137,0.012842,0.001622,0.000355
0,0.042677,-0.00723,0.124196,-0.006527,0.158253,0.004803,0.000745,0.000126
0,0.170632,-0.126293,0.1477,-0.120356,0.105504,-0.138887,0.002978,0.002204
0,-0.037253,-0.124013,-0.226622,0.000439,-0.2315,0.001373,0.00065,0.002164
0,0.133898,0.02823,0.171567,0.174775,0.188952,0.128821,0.002337,0.000493
0,0.007483,0.081838,-0.107278,0.078704,-0.145726,0.125369,0.000131,0.001428
0,-0.033724,0.090478,-0.022828,-0.016739,-0.011569,-0.037595,0.000589,0.001579
0,0.063875,-0.02024,0.127153,-0.136616,0.106195,-0.099311,0.001115,0.000353
0,-0.050934,-0.101203,-0.141006,-0.069244,-0.150599,-0.036606,0.000889,0.001766
0,-0.170066,0.041043,-0.090629,0.136556,-0.100422,0.103713,0.002968,0.000716
0,-0.224329,0.080891,-0.078963,0.041638,-0.04511,0.06914,0.003915,0.001412
0,0.03127,0.023468,0.270263,-0.050747,0.318085,-0.020747,0.000546,0.00041
0,-0.17081,0.067659,-0.207527,0.026468,-0.210469,0.062348,0.002981,0.001181
0,-0.098075,-0.110007,0.071641,-0.184607,0.065442,-0.22905,0.001712,0.00192
0,0.035962,-0.09265,0.134675,0.045344,0.182809,0.065373,0.000628,0.001617
0,-0.002694,-0.012145,-0.016562,0.078344,-0.039277,0.070719,4.7e-05,0.000212
0,-0.067361,0.163629,-0.066712,0.176064,-0.062664,0.210104,0.001176,0.002856
0,0.06748,0.00281,0.156483,-0.148614,0.1581,-0.150743,0.001178,4.9e-05
0,-0.129726,-0.088764,-0.169086,-0.096676,-0.210265,-0.139016,0.002264,0.001549
0,-0.00979,0.077679,0.131013,0.164306,0.160522,0.148206,0.000171,0.001356
0,-0.078244,0.132654,-0.045178,0.073974,-0.088277,0.058323,0.001366,0.002315
0,0.033893,-0.089099,0.134662,-0.194543,0.184073,-0.153213,0.000592,0.001555
0,-0.0532,-0.097769,-0.061738,-0.001176,-0.022557,0.030352,0.000929,0.001706
0,0.036918,-0.066607,0.111545,0.05397,0.09461,0.103643,0.000644,0.001163
0,-0.197253,0.161914,-0.259381,0.228905,-0.306199,0.192694,0.003443,0.002826
0,-0.18169,0.131541,0.007858,-0.043858,-0.001373,-0.010702,0.003171,0.002296
0,-0.065278,0.11557,0.096654,-0.033159,0.05079,-0.006725,0.001139,0.002017
0,-0.170105,-0.013016,-0.086929,-0.158419,-0.103416,-0.156486,0.002969,0.000227
0,-0.143809,-0.04343,0.001616,-0.003556,-0.046715,0.029876,0.00251,0.000758
0,-0.157172,0.086347,-0.001721,0.103361,0.038994,0.11979,0.002743,0.001507
0,0.010523,-0.068058,0.179866,-0.148966,0.216533,-0.129293,0.000184,0.001188
0,0.04424,0.131106,0.050459,0.201659,0.020096,0.198716,0.000772,0.002288
0,0.103415,0.036908,0.049647,-0.098381,0.036974,-0.112012,0.001805,0.000644
0,-0.125806,0.052349,-0.249204,-0.008426,-0.219906,-0.054688,0.002196,0.000914
0,0.091829,-0.025304,0.229081,-0.107245,0.211894,-0.097126,0.001603,0.000442
0,-0.053463,0.094545,-0.135327,0.122698,-0.096015,0.130748,0.000933,0.00165
0,-0.103159,-0.068484,-0.04483,-0.172281,-0.015932,-0.132229,0.0018,0.001195
0,-0.123981,0.132377,-0.0174,0.198525,-0.004918,0.226968,0.002164,0.00231
0,0.133249,0.020553,0.279841,-0.09433,0.235558,-0.107709,0.002326,0.000359
0,-0.013836,0.094683,-0.150197,0.049552,-0.166877,0.024658,0.000241,0.001653
0,0.191091,0.134455,0.18106,0.053071,0.215804,0.070765,0.003335,0.002347
0,0.012067,0.167851,-0.15296,0.060589,-0.191652,0.095532,0.000211,0.00293
0,0.091161,0.121658,0.07248,-0.067493,0.029004,-0.090181,0.001591,0.002123
0,0.227001,-0.115693,0.138918,-0.233365,0.168642,-0.255649,0.003962,0.002019
0,0.187408,-0.014818,-0.03775,0.110965,0.008943,0.114391,0.003271,0.000259
0,0.056353,0.162537,-0.114182,0.172948,-0.094497,0.203613,0.000984,0.002837
0,0.007572,0.140291,-0.028075,-0.044742,-0.014207,-0.020767,0.000132,0.002449
0,0.06973,0.006845,0.081258,-0.148743,0.04822,-0.173986,0.001217,0.000119
0,0.116733,0.140168,0.069308,0.130395,0.035741,0.099781,0.002037,0.002446
0,0.192917,0.219047,0.103576,0.079094,0.07539,0.088312,0.003367,0.003823
0,0.084391,0.146675,-0.098941,-0.07431,-0.123395,-0.032892,0.001473,0.00256
0,0.049897,0.149278,-0.055385,0.010377,-0.071147,0.051712,0.000871,0.002605
0,-0.02476,0.105836,-0.058128,-0.051792,-0.016249,-0.095241,0.000432,0.001847
0,-0.006132,-0.038543,0.02278,-0.152153,-0.022889,-0.173068,0.000107,0.000673
0,0.124044,-0.043645,0.108263,-0.011219,0.109367,-0.001007,0.002165,0.000762
0,0.107344,0.040211,-0.002215,0.091478,-0.034976,0.137466,0.001874,0.000702
0,0.252224,0.1376,0.132765,0.122945,0.110819,0.091379,0.004402,0.002402
0,0.156043,0.109996,-0.12081,-0.01489,-0.113244,-0.026074,0.002723,0.00192
0,0.282752,-0.014075,0.128251,-0.100462,0.177275,-0.09231,0.004935,0.000246
0,0.1982,0.204095,-0.109667,0.233909,-0.126316,0.21708,0.003459,0.003562
0,0.196893,0.194364,0.006684,-0.000475,0.008237,-0.027586,0.003436,0.003392
0,0.195205,-0.098567,0.007848,-0.27732,-0.028225,-0.302672,0.003407,0.00172
0,0.219976,-0.056307,0.025739,0.05319,0.001726,0.095342,0.003839,0.000983
0,-0.045082,0.06721,-0.2352,0.145172,-0.200963,0.139391,0.000787,0.001173
0,0.164309,0.001738,0.23101,-0.092099,0.259021,-0.096658,0.002868,3e-05
0,0.185428,-0.101528,0.039152,-0.085976,0.00451,-0.123689,0.003236,0.001772
0,0.070567,0.058871,-0.131336,0.161829,-0.170122,0.211661,0.001232,0.001027
0,0.060822,-0.07314,0.001561,-0.109694,0.044622,-0.14912,0.001062,0.001277
0,-0.07379,-0.084311,-0.104976,-0.040249,-0.093567,-0.044612,0.001288,0.001472
0,0.066463,0.166511,0.14921,0.24541,0.189697,0.277993,0.00116,0.002906
0,0.201209,0.200168,0.127321,0.035961,0.089183,0.005674,0.003512,0.003494
0,-0.080623,0.228621,-0.260304,0.01626,-0.296342,-0.032195,0.001407,0.00399
0,-0.041954,0.11861,0.027185,-0.089551,0.07152,-0.122534,0.000732,0.00207
0,0.189453,0.055516,0.236397,-0.039908,0.193422,-0.026349,0.003307,0.000969
0,0.041108,0.067851,-0.152414,0.031969,-0.103611,0.052436,0.000717,0.001184
0,0.03458,0.018953,-0.036228,-0.059765,-0.022259,-0.044396,0.000604,0.000331
0,0.033531,-0.074189,-0.030151,-0.095535,-0.022675,-0.076435,0.000585,0.001295
0,0.21539,0.166634,0.19453,0.268308,0.202136,0.305032,0.003759,0.002908
0,-0.005963,0.15981,-0.221112,0.004889,-0.186978,0.028767,0.000104,0.002789
0,0.066903,-0.051152,0.097606,-0.216382,0.053533,-0.2423,0.001168,0.000893
0,-0.017021,0.064844,-0.06402,0.134418,-0.053409,0.177681,0.000297,0.001132
0,0.124064,0.039588,0.140482,-0.039042,0.10852,-0.022254,0.002165,0.000691
0,0.101799,0.082145,-0.011671,0.015012,0.000476,0.039496,0.001777,0.001434
0,0.517426,0.201431,0.391036,0.132441,0.420527,0.153356,0.00306,0.003516
0,0.991054,0.157722,0.47252,-0.068401,0.520414,-0.072268,0.005207,0.002753
0,0.947396,0.10224,-0.015849,-0.033295,0.023744,-0.001324,0.004445,0.001784
0,1.21789,0.215698,0.246472,0.108222,0.281022,0.115095,0.002925,0.003765
0,1.011842,0.013586,-0.233042,-0.20987,-0.245509,-0.247678,0.005569,0.000237
0,0.727052,0.009592,-0.305939,-0.024984,-0.347049,0.019044,0.000599,0.000167
0,0.888857,0.176162,0.177219,0.145934,0.178948,0.188606,0.003423,0.003075
0,0.654667,-0.065071,-0.212073,-0.212905,-0.231803,-0.258755,0.000664,0.001136
0,0.475697,0.197504,-0.193798,0.241358,-0.182966,0.257518,0.003788,0.003447
0,0.077023,0.030054,-0.394032,-0.171376,-0.399372,-0.190349,0.001344,0.000525
0,0.204121,-0.065309,0.102343,-0.110813,0.147392,-0.103655,0.003563,0.00114
0,-0.042351,0.057472,-0.220929,0.150939,-0.254762,0.158487,0.000739,0.001003
0,0.082763,-0.060121,0.103831,-0.12169,0.130406,-0.072635,0.001444,0.001049
0,-0.07447,-0.043678,-0.178157,0.026073,-0.138734,0.018161,0.0013,0.000762
0,-0.191304,-0.03507,-0.118365,-0.002304,-0.092094,0.042998,0.003339,0.000612
0,-0.067435,0.210152,0.099039,0.263426,0.049868,0.310078,0.001177,0.003668
0,-0.14396,0.149561,-0.099418,-0.040314,-0.109124,-0.043672,0.002513,0.00261
0,-0.074263,0.015663,0.075116,-0.163855,0.025322,-0.196899,0.001296,0.000273
0,0.044501,0.240724,0.121913,0.214125,0.104318,0.218624,0.000777,0.004201
0,-0.176617,0.247855,-0.198868,0.001355,-0.226353,0.015393,0.003083,0.004326
0,0.026161,0.196694,0.191004,-0.051613,0.188541,-0.093648,0.000457,0.003433
0,-0.177022,0.136061,-0.18385,-0.035921,-0.207987,-0.050017,0.00309,0.002375
0,-0.183712,0.098317,-0.006102,-0.062368,0.039192,-0.016042,0.003206,0.001716
0,-0.096715,-0.003888,0.112103,-0.088212,0.14697,-0.116548,0.001688,6.8e-05
0,-0.080338,0.062031,0.041183,0.089919,0.031147,0.139236,0.001402,0.001083
0,-0.026904,0.228794,0.037583,0.146128,0.008928,0.107566,0.00047,0.003993
0,0.058261,0.015222,0.10747,-0.197235,0.109559,-0.173583,0.001017,0.000266
0,-0.046645,0.23256,-0.113681,0.202112,-0.119622,0.152652,0.000814,0.004059
0,-0.061058,0.106516,-0.04249,-0.105914,-0.032461,-0.111572,0.001066,0.001859
0,-0.183711,0.189173,-0.149775,0.074295,-0.152376,0.121512,0.003206,0.003302
0,0.012121,0.02145,0.178061,-0.14537,0.217278,-0.179464,0.000212,0.000374
0,-0.063639,0.129007,-0.051351,0.127861,-0.023078,0.099892,0.001111,0.002252
0,-0.163668,0.002165,-0.072922,-0.131708,-0.094785,-0.174389,0.002857,3.8e-05
0,-0.127309,-0.046489,0.032363,-0.075448,0.068115,-0.073999,0.002222,0.000811
0,-0.076777,0.11386,0.043943,0.144152,0.035785,0.191447,0.00134,0.001987
0,0.135194,0.08453,0.190425,-0.005702,0.143969,-0.040464,0.00236,0.001475
0,0.088848,0.044293,-0.066039,-0.024498,-0.01866,-0.025575,0.001551,0.000773
0,-0.021718,-0.014213,-0.105531,-0.063949,-0.059514,-0.090288,0.000379,0.000248
0,0.199134,0.027237,0.241006,0.066378,0.227642,0.029629,0.003476,0.000475
0,0.073785,0.108585,-0.113923,0.110905,-0.120167,0.077591,0.001288,0.001895
0,0.196787,0.173867,0.146939,0.08441,0.165386,0.101702,0.003435,0.003035
0,0.21273,-0.046178,0.005666,-0.208141,-0.023594,-0.21721,0.003713,0.000806
0,0.273993,0.056414,0.062996,0.08176,0.09619,0.095629,0.004782,0.000985
0,0.052426,-0.039833,-0.209287,-0.072377,-0.229747,-0.028744,0.000915,0.000695
0,0.117814,0.128197,0.077303,0.184565,0.098165,0.197046,0.002056,0.002237
0,0.367687,-0.005908,0.250658,-0.163775,0.254605,-0.213089,0.005673,0.000103
0,0.219138,0.070659,-0.142943,0.093357,-0.094124,0.07923,0.003825,0.001233
0,0.186317,0.092074,-0.028246,0.015495,-0.069568,-0.034223,0.003252,0.001607
0,0.170735,0.107475,-0.017902,-0.006403,-0.013118,-0.019721,0.00298,0.001876
0,0.107219,-0.020528,-0.063338,-0.121081,-0.105806,-0.075228,0.001871,0.000358
0,0.172428,-0.006738,0.053196,-0.002581,0.051102,-0.015868,0.003009,0.000118
0,0.113826,-0.074284,-0.05504,-0.054363,-0.063616,-0.086345,0.001987,0.001296
0,0.233482,-0.066987,0.128024,0.033187,0.170438,0.018432,0.004075,0.001169
0,0.330673,-0.040786,0.083583,0.030129,0.089355,0.07305,0.005771,0.000712
0,0.375503,0.072143,0.029289,0.140397,0.059541,0.132531,0.005537,0.001259
0,0.206809,0.161098,-0.174504,0.092297,-0.148553,0.050331,0.003609,0.002812
0,0.221095,0.144257,0.013733,0.008145,0.029934,0.000709,0.003859,0.002518
0,0.17234,0.062276,-0.071898,-0.052734,-0.113603,-0.080663,0.003008,0.001087
0,0.128361,-0.089009,-0.069467,-0.177697,-0.079072,-0.225268,0.00224,0.001553
0,0.27561,-0.071189,0.121684,-0.002842,0.129944,-0.045561,0.00481,0.001242
0,0.244857,0.068675,-0.016289,0.148151,-0.062701,0.131065,0.004274,0.001199
0,0.189248,-0.060377,-0.040521,-0.137978,-0.077698,-0.113602,0.003303,0.001054
0,0.114614,-0.03399,-0.09797,0.042882,-0.121607,0.045239,0.002,0.000593
0,0.158405,-0.074552,0.046759,-0.051936,0.048078,-0.024347,0.002765,0.001301
0,0.206843,-0.043327,0.023865,0.056834,0.020426,0.066782,0.00361,0.000756
0,0.019234,0.012937,-0.180625,0.059718,-0.204235,0.068151,0.000336,0.000226
0,0.090437,0.173675,0.065775,0.144749,0.02398,0.137359,0.001578,0.003031
0,0.079042,0.099464,-0.033389,-0.071881,-0.078135,-0.096478,0.00138,0.001736
0,0.002399,0.131623,-0.096592,0.030097,-0.066976,0.026371,4.2e-05,0.002297
0,0.068157,-0.016931,0.059165,-0.124525,0.092212,-0.113302,0.00119,0.000296
0,0.289753,0.022517,0.202673,0.063113,0.247568,0.047463,0.005057,0.000393
0,0.092049,0.083077,-0.220801,0.061045,-0.225316,0.037843,0.001607,0.00145
0,0.187431,0.049479,0.103418,-0.012761,0.109544,-0.007296,0.003271,0.000864
0,0.217533,0.033077,0.04279,-0.010503,0.000232,0.010804,0.003797,0.000577
0,0.088924,-0.062995,-0.142217,-0.069662,-0.17981,-0.085268,0.001552,0.001099
0,0.178758,0.000244,0.07284,0.066929,0.031551,0.062279,0.00312,4e-06
0,0.181893,-0.094127,0.009686,-0.084808,-0.010138,-0.035221,0.003175,0.001643
0,0.035568,0.107098,-0.138341,0.216857,-0.143783,0.234829,0.000621,0.001869
0,0.034413,-0.005712,0.004932,-0.094177,0.049767,-0.045535,0.000601,0.0001
0,-0.093057,0.18047,-0.105889,0.214702,-0.080213,0.261962,0.001624,0.00315
0,0.092105,0.217738,0.177179,0.0139,0.2173,0.014057,0.001608,0.0038
0,0.027824,-0.01241,-0.035403,-0.258417,0.000484,-0.239718,0.000486,0.000217
0,-0.02207,0.14323,-0.044106,0.157182,-0.072364,0.191999,0.000385,0.0025
0,0.175751,0.001542,0.218946,-0.124272,0.186452,-0.111528,0.003067,2.7e-05
0,0.681241,0.338356,0.498186,0.335701,0.527138,0.300483,0.000201,0.005905
0,0.883421,0.499972,0.173139,0.132459,0.150012,0.114353,0.003328,0.003364
0,0.777316,0.329197,-0.102895,-0.179119,-0.094212,-0.180306,0.001476,0.005746
0,1.154433,0.249716,0.354366,-0.098847,0.351813,-0.11363,0.004032,0.004358
0,0.773119,0.23286,-0.409535,0.00805,-0.459434,-0.020062,0.001403,0.004064
0,0.912592,0.203986,0.129979,-0.013054,0.175327,0.034827,0.003837,0.00356
0,0.585727,0.312504,-0.335091,0.127372,-0.371759,0.099065,0.001868,0.005454
0,0.688473,0.394381,0.118849,0.073885,0.097941,0.11286,7.4e-05,0.005207
0,0.469603,0.137954,-0.232587,-0.279135,-0.243155,-0.27148,0.003894,0.002408
0,-1.731832,0.047519,-2.176668,-0.113799,-2.138034,-0.159369,0.006045,0.000829
0,-2.503555,-0.363352,-0.742821,-0.425409,-0.771747,-0.425989,0.004667,0.005749
0,-2.526742,-0.387922,6.7e-05,-0.008825,0.036157,0.010209,0.004262,0.00532
0,-2.367479,-0.368647,0.147405,0.003524,0.163578,-0.027276,0.005049,0.005656
0,-1.768256,-0.276166,0.607196,0.072309,0.56302,0.110091,0.00541,0.00482
0,-1.247184,-0.099875,0.510125,0.194449,0.502557,0.219578,0.002414,0.001743
0,-0.638064,-0.212755,0.62429,-0.13606,0.623325,-0.159683,0.000954,0.003713
0,-0.123715,0.067774,0.507062,0.273075,0.503503,0.224646,0.002159,0.001183
0,0.054239,-0.054952,0.18883,-0.136397,0.167334,-0.090951,0.000947,0.000959
0,-0.00131,-0.069782,-0.029923,-0.027399,-0.017849,-0.063578,2.3e-05,0.001218
0,-0.079485,0.049281,-0.101981,0.11722,-0.094929,0.14314,0.001387,0.00086
0,0.196585,-0.107174,0.288339,-0.147699,0.296381,-0.112684,0.003431,0.001871
0,0.169402,-0.068488,-0.002647,0.038708,0.039692,0.075714,0.002957,0.001195
0,0.241744,0.106517,0.061368,0.154546,0.021137,0.127829,0.004219,0.001859
0,0.341122,0.106183,0.118351,-0.010215,0.126818,-0.014802,0.005954,0.001853
0,0.141256,-0.000773,-0.224858,-0.100285,-0.249372,-0.133208,0.002465,1.3e-05
0,0.152463,-0.031871,0.006437,-0.017692,0.02089,-0.045044,0.002661,0.000556
0,0.329527,-0.064751,0.205694,-0.049236,0.167427,-0.036348,0.005751,0.00113
0,0.247577,-0.110182,-0.055373,-0.047338,-0.078404,-0.035168,0.004321,0.001923
0,0.112988,0.059626,-0.138618,0.154501,-0.115118,0.105619,0.001972,0.001041
0,0.275597,-0.05319,0.144904,-0.110931,0.148146,-0.061976,0.00481,0.000928
0,0.067072,0.074771,-0.20098,0.133452,-0.246312,0.101875,0.001171,0.001305
0,0.215998,-0.062991,0.11992,-0.136226,0.071999,-0.145408,0.00377,0.001099
0,0.180625,-0.128329,-0.047829,-0.061978,-0.076614,-0.036946,0.003153,0.00224
0,0.192139,-0.02032,-0.014312,0.127276,-0.037906,0.09174,0.003353,0.000355
0,0.218956,-0.072552,0.021498,-0.066076,0.05549,-0.08301,0.003822,0.001266
0,0.086616,-0.079761,-0.107155,0.003685,-0.132806,-0.025223,0.001512,0.001392
0,0.24944,0.099243,0.133644,0.198367,0.177955,0.212789,0.004354,0.001732
0,0.213071,0.089677,-0.030177,0.005703,-0.05573,0.049551,0.003719,0.001565
0,0.282617,-0.047715,0.058485,-0.160651,0.04481,-0.159008,0.004933,0.000833
0,0.317563,0.087426,0.052819,0.144226,0.102017,0.095351,0.005543,0.001526
0,0.323564,0.053119,-0.003171,-0.053586,0.016512,-0.030022,0.005647,0.000927
0,0.150821,-0.043499,-0.186841,-0.109378,-0.219833,-0.094996,0.002632,0.000759
0,0.249495,-0.04202,0.096171,-0.018315,0.055115,-0.009416,0.004355,0.000733
0,0.113422,-0.160547,-0.119352,-0.108271,-0.123951,-0.078284,0.00198,0.002802
0,-0.015634,-0.130969,-0.123956,0.019359,-0.14624,0.028512,0.000273,0.002286
0,0.028126,-0.118213,0.069677,0.021069,0.045427,-0.008711,0.000491,0.002063
0,0.037135,0.101907,0.000124,0.193666,-0.008954,0.216862,0.000648,0.001779
0,0.050168,-0.142487,-0.015385,-0.252644,-0.037557,-0.262765,0.000876,0.002487
0,0.270858,0.102998,0.230829,0.224597,0.252685,0.250529,0.004727,0.001798
0,0.200343,-0.070726,-0.04671,-0.158528,-0.035402,-0.123757,0.003497,0.001234
0,0.167816,-0.114885,-0.011443,-0.031927,0.021038,-0.004934,0.002929,0.002005
0,0.01295,0.097146,-0.157656,0.224737,-0.17933,0.240916,0.000226,0.001696
0,0.23779,0.022439,0.241567,-0.093611,0.202312,-0.118808,0.00415,0.000392
0,0.069153,0.061406,-0.164149,0.063591,-0.151282,0.06205,0.001207,0.001072
0,0.062893,0.134198,0.00096,0.088518,0.045512,0.065957,0.001098,0.002342
0,0.214562,0.1152,0.13217,-0.04181,0.085065,-0.016613,0.003745,0.002011
0,0.247084,0.022024,0.012654,-0.080492,-0.035916,-0.072154,0.004312,0.000384
0,0.16926,0.168507,-0.059754,0.141816,-0.075515,0.161311,0.002954,0.002941
0,-0.034678,-0.034738,-0.205008,-0.209653,-0.186976,-0.204523,0.000605,0.000606
0,-0.05637,0.039033,-0.03456,0.078835,-0.075681,0.071955,0.000984,0.000681
0,0.17772,0.168945,0.212289,0.134012,0.198057,0.111431,0.003102,0.002949
0,0.17628,-0.080512,-0.012752,-0.267491,0.036243,-0.269755,0.003077,0.001405
0,0.186451,-0.056372,0.040061,0.007181,0.012081,0.055919,0.003254,0.000984
0,0.185887,-0.12812,-0.015769,-0.075831,-0.000336,-0.079788,0.003244,0.002236
0,-0.011456,0.092889,-0.222912,0.206811,-0.235881,0.226899,0.0002,0.001621
0,0.236774,-0.135306,0.233352,-0.217045,0.261527,-0.169307,0.004132,0.002362
0,0.274642,-0.087911,0.066721,0.057964,0.095561,0.084744,0.004793,0.001534
0,0.165137,-0.035105,-0.121758,0.046102,-0.087171,0.087222,0.002882,0.000613
0,0.147899,-0.029531,0.001269,-0.018347,-0.031994,-0.014992,0.002581,0.000515
0,0.241447,-0.118848,0.073054,-0.110707,0.10528,-0.076206,0.004214,0.002074
0,0.274851,-0.106906,0.059337,0.034654,0.103326,0.0228,0.004797,0.001866
0,0.139144,-0.104186,-0.131793,0.011447,-0.086771,0.017312,0.002429,0.001818
0,0.073141,-0.034509,-0.076597,0.07761,-0.077826,0.030701,0.001277,0.000602
0,0.076751,0.170638,0.011765,0.21488,0.053125,0.170258,0.00134,0.002978
0,0.255778,0.090594,0.185476,-0.107099,0.147403,-0.092005,0.004464,0.001581
0,0.308013,0.107351,0.043989,0.028883,0.072389,0.030077,0.005376,0.001874
0,0.262147,-0.050386,-0.039904,-0.142033,-0.04938,-0.188904,0.004575,0.000879
0,0.179254,-0.051087,-0.106133,-0.002531,-0.077973,0.002862,0.003129,0.000892
0,0.185322,0.007771,0.014765,0.078078,-0.020808,0.122794,0.003234,0.000136
0,0.300876,0.084427,0.139087,0.060504,0.18665,0.035347,0.005251,0.001474
0,0.102409,0.085035,-0.205997,-0.028043,-0.174789,-0.024797,0.001787,0.001484
0,0.363458,0.017871,0.27965,-0.04506,0.264789,-0.045461,0.005747,0.000312
0,0.165248,0.112782,-0.213552,0.123897,-0.185179,0.153501,0.002884,0.001968
0,0.355488,0.040149,0.17861,-0.058317,0.146724,-0.023099,0.005886,0.000701
0,0.29985,-0.064946,-0.050316,-0.130491,-0.055735,-0.152829,0.005233,0.001134
0,0.139688,0.06408,-0.169098,0.136585,-0.216736,0.17995,0.002438,0.001118
0,0.307077,0.017498,0.150018,-0.039892,0.181142,-0.0497,0.005359,0.000305
0,0.298794,-0.129608,-0.035,-0.174133,0.010535,-0.163705,0.005215,0.002262
0,0.28594,0.005489,-0.041735,0.127452,-0.085981,0.149938,0.004991,9.6e-05
0,0.338294,0.078637,0.053879,0.073643,0.101438,0.104635,0.005904,0.001372
0,0.225614,0.009297,-0.095122,-0.077692,-0.072285,-0.075632,0.003938,0.000162
0,0.102315,-0.023837,-0.141369,-0.014192,-0.113975,0.019472,0.001786,0.000416
0,0.19772,0.119955,0.091172,0.159767,0.076534,0.172934,0.003451,0.002094
0,0.207368,0.051066,-0.010268,-0.074383,-0.016894,-0.045032,0.003619,0.000891
0,0.195917,-0.152708,-0.014848,-0.233751,0.005829,-0.271891,0.003419,0.002665
0,0.168316,-0.068978,-0.053655,0.084267,-0.095933,0.064833,0.002938,0.001204
0,0.243646,-0.000935,0.050485,0.095015,0.06289,0.107112,0.004252,1.6e-05
0,0.061479,-0.128859,-0.198995,-0.150775,-0.19604,-0.120272,0.001073,0.002249
0,0.052867,-0.1808,-0.020727,-0.075046,-0.049988,-0.08079,0.000923,0.003156
0,0.127813,-0.050882,0.059978,0.142286,0.084408,0.095362,0.002231,0.000888
0,0.089582,0.013767,-0.045595,0.048404,-0.073913,0.044509,0.001563,0.00024
0,0.130563,-0.127964,0.025718,-0.167948,0.060902,-0.189927,0.002279,0.002233
0,0.175516,-0.067502,0.032475,0.0407,0.049041,0.060176,0.003063,0.001178
0,0.101107,-0.172463,-0.097317,-0.102725,-0.120181,-0.068406,0.001765,0.00301
0,-0.042259,0.085099,-0.16775,0.242199,-0.217686,0.213343,0.000738,0.001485
0,-0.026839,-0.151628,-0.003261,-0.213046,0.03733,-0.242579,0.000468,0.002646
0,0.230168,-0.011754,0.278629,0.146127,0.246974,0.109242,0.004017,0.000205
0,0.144865,-0.066467,-0.080153,-0.068923,-0.054736,-0.102191,0.002528,0.00116
0,0.189591,0.066717,0.026715,0.161446,0.047385,0.114624,0.003309,0.001164
0,0.156467,-0.075186,-0.022757,-0.138993,-0.003484,-0.176914,0.002731,0.001312
0,0.156993,-0.16153,0.006621,-0.105491,0.009395,-0.078344,0.00274,0.002819
0,0.064943,0.047516,-0.121457,0.234698,-0.166881,0.204235,0.001133,0.000829
0,-0.030171,-0.103996,-0.115258,-0.166792,-0.127443,-0.20006,0.000527,0.001815
0,0.175724,0.056005,0.187349,0.153923,0.229169,0.124296,0.003067,0.000977
0,0.161026,-0.113931,-0.020144,-0.150503,0.023668,-0.166529,0.00281,0.001988
0,0.064844,-0.03171,-0.100188,0.096003,-0.098322,0.083813,0.001132,0.000553
0,0.23419,-0.037684,0.150796,-0.007981,0.146382,-0.033869,0.004087,0.000658
0,0.07498,-0.03094,-0.162003,-0.011976,-0.177378,-0.033435,0.001309,0.00054
0,0.237272,-0.144862,0.185549,-0.109502,0.201725,-0.099176,0.004141,0.002528
0,0.290855,0.024809,0.029875,0.198079,-0.00334,0.155996,0.005076,0.000433
0,0.35207,0.089177,0.037069,0.079352,0.069662,0.086175,0.005946,0.001556
0,0.210961,0.09284,-0.143002,0.018395,-0.186028,0.030105,0.003682,0.00162
0,0.291674,0.097096,0.081622,-0.002805,0.076868,-0.045524,0.005091,0.001695
0,0.269628,-0.121747,-0.049186,-0.243019,-0.017287,-0.25728,0.004706,0.002125
0,0.053935,-0.118009,-0.215034,0.022107,-0.231651,-0.005671,0.000941,0.00206
0,0.17537,-0.048153,0.109227,0.091695,0.12317,0.094041,0.003061,0.00084
0,0.084722,-0.026974,-0.072429,0.00964,-0.051808,0.026899,0.001479,0.000471
0,0.124315,0.054334,0.033945,0.107674,-0.013519,0.124537,0.00217,0.000948
0,0.213105,-0.127085,0.095024,-0.164147,0.046487,-0.182388,0.003719,0.002218
0,0.216593,-0.16644,-0.016191,-0.038852,-0.028625,-0.069885,0.00378,0.002905
0,0.307444,0.068284,0.094194,0.257203,0.122459,0.222243,0.005366,0.001192
0,0.037836,-0.081242,-0.292228,-0.16602,-0.317252,-0.184701,0.00066,0.001418
0,0.113287,0.005995,0.094159,0.065846,0.07999,0.111016,0.001977,0.000105
0,0.086515,0.074303,-0.013862,0.073444,-0.059315,0.102915,0.00151,0.001297
0,-0.010759,-0.134513,-0.102353,-0.209538,-0.083552,-0.253474,0.000188,0.002348
0,0.085358,-0.108081,0.097866,0.026671,0.065217,0.070751,0.00149,0.001886
0,0.247659,-0.001091,0.191119,0.122475,0.193513,0.160773,0.004322,1.9e-05
0,0.298038,-0.247282,0.065312,-0.226475,0.0242,-0.268664,0.005202,0.004316
0,0.326846,-0.140258,0.014196,0.120686,0.022497,0.150978,0.005705,0.002448
0,0.171379,-0.22508,-0.166647,-0.112137,-0.182786,-0.142312,0.002991,0.003928
0,0.19625,-0.220206,0.021924,0.001688,0.027828,-0.002764,0.003425,0.003843
0,0.239097,-0.123128,0.018463,0.091948,0.014414,0.122665,0.004173,0.002149
0,0.08627,-0.032266,-0.146907,0.069177,-0.117643,0.021049,0.001506,0.000563
0,0.0977,-0.117231,-0.000329,-0.077558,0.028897,-0.091898,0.001705,0.002046
0,-0.102953,-0.206583,-0.209468,-0.114418,-0.198253,-0.112309,0.001797,0.003606
0,0.21724,-0.034009,0.337019,0.16454,0.335512,0.175442,0.003792,0.000594
0,0.028317,-0.008857,-0.203235,0.019535,-0.195124,-0.014074,0.000494,0.000155
0,0.162556,-0.031197,0.159441,-0.010939,0.169803,-0.037115,0.002837,0.000544
0,0.056129,-0.121693,-0.132516,-0.095539,-0.145313,-0.089756,0.00098,0.002124
0,0.116468,-0.136625,0.067921,0.003918,0.018584,-0.026721,0.002033,0.002385
0,-0.126388,-0.139761,-0.229136,0.002434,-0.229078,0.016925,0.002206,0.002439
0,0.064183,0.011193,0.209129,0.14906,0.213171,0.102509,0.00112,0.000195
0,0.134835,-0.040522,0.048678,-0.040015,0.016511,-0.042171,0.002353,0.000707
0,0.08532,-0.073349,-0.050426,-0.060101,-0.004492,-0.043769,0.001489,0.00128
0,0.033522,-0.057845,-0.040857,0.022035,-0.074641,-0.002866,0.000585,0.00101
0,0.074938,-0.109733,0.043686,-0.069782,0.031201,-0.090421,0.001308,0.001915
0,0.043186,0.052807,-0.015814,0.155769,-0.021194,0.169262,0.000754,0.000922
0,0.00347,-0.13946,-0.052921,-0.20381,-0.050608,-0.168667,6.1e-05,0.002434
0,-0.067654,0.041702,-0.089974,0.200628,-0.095766,0.164732,0.001181,0.000728
0,0.087058,0.082536,0.129297,0.057378,0.175817,0.070537,0.001519,0.001441
0,-0.06248,-0.001714,-0.134547,-0.066634,-0.172685,-0.031681,0.00109,3e-05
0,0.123241,0.085378,0.175787,0.100571,0.202617,0.117032,0.002151,0.00149
0,0.145644,-0.140054,0.023521,-0.209924,0.055003,-0.182234,0.002542,0.002444
0,-0.082681,0.085732,-0.254488,0.252589,-0.30256,0.264564,0.001443,0.001496
0,-0.105935,-0.136965,-0.04195,-0.234714,-0.069322,-0.267821,0.001849,0.00239
0,0.200198,-0.058709,0.321422,0.090262,0.346356,0.134105,0.003494,0.001025
0,-2.79892,-1.332159,-2.970395,-1.270833,-3.009492,-1.273113,0.000488,0.00093
0,-3.150509,-1.936374,-0.350923,-0.593603,-0.39565,-0.612366,0.005466,0.002475
0,-3.205337,-2.304596,-0.037472,-0.364324,-0.006815,-0.408212,0.004509,0.003951
0,-3.635371,-2.252742,-0.447984,0.040338,-0.44134,0.002356,0.002997,0.003046
0,-3.115001,-2.115638,0.536216,0.138838,0.518262,0.090575,0.006005,0.000653
0,-2.510902,-1.593845,0.61089,0.526006,0.656055,0.570444,0.004538,0.003637
0,-1.947049,-1.47181,0.545038,0.135285,0.549175,0.117679,0.002289,0.001507
0,-1.544116,-1.018082,0.379784,0.449751,0.342995,0.442252,0.002769,0.005678
0,-0.866543,-0.917968,0.659027,0.09908,0.698096,0.086189,0.003034,0.003931
0,-0.648675,-0.524728,0.19026,0.38001,0.182289,0.361614,0.000769,0.002932
0,-0.442749,-0.381692,0.200142,0.169248,0.227344,0.145794,0.004363,0.005429
0,-0.05512,-0.006043,0.374252,0.34796,0.366992,0.357172,0.000962,0.000105
0,0.035651,-0.107126,0.06631,-0.127336,0.022586,-0.100865,0.000622,0.00187
0,-0.048762,-0.034195,-0.089522,0.063829,-0.0888,0.089006,0.000851,0.000597
0,0.231181,0.049621,0.251735,0.092528,0.244903,0.127538,0.004035,0.000866
0,0.208304,0.200725,-0.048701,0.179278,-0.050106,0.187611,0.003636,0.003503
0,0.042143,0.057237,-0.155853,-0.152358,-0.139513,-0.149866,0.000736,0.000999
0,0.061585,0.319385,0.002619,0.232779,0.010335,0.222085,0.001075,0.005574
0,0.212068,0.130517,0.168338,-0.2185,0.191829,-0.237476,0.003701,0.002278
0,0.151924,0.166996,-0.085864,0.042802,-0.093319,0.026921,0.002652,0.002915
0,0.226266,0.264191,0.099982,0.115645,0.05646,0.162114,0.003949,0.004611
0,0.157518,0.131077,-0.057469,-0.131015,-0.106069,-0.137824,0.002749,0.002288
0,0.115198,0.174564,-0.06741,0.026273,-0.100931,0.056848,0.002011,0.003047
0,0.343733,0.293097,0.248684,0.1423,0.256475,0.109131,0.005999,0.005116
0,0.293595,0.238725,-0.061509,-0.034024,-0.065068,-0.039277,0.005124,0.004167
0,0.105027,0.308861,-0.159366,0.05844,-0.167079,0.088366,0.001833,0.005391
0,0.253954,0.304519,0.167411,0.023417,0.189118,0.001494,0.004432,0.005315
0,0.307291,0.376905,0.032292,0.046428,0.041319,0.007921,0.005363,0.005512
0,0.318581,0.210997,0.023559,-0.181085,-0.005049,-0.142929,0.00556,0.003683
0,0.313607,0.126077,0.018153,-0.093657,0.041593,-0.06022,0.005473,0.0022
0,0.177421,0.085865,-0.122242,-0.04163,-0.101618,-0.061298,0.003097,0.001499
0,0.218461,-0.042136,0.029387,-0.157161,0.068935,-0.138649,0.003813,0.000735
0,0.111503,-0.043321,-0.098754,0.006772,-0.147273,-0.025824,0.001946,0.000756
0,0.375076,0.029351,0.268825,0.057837,0.24959,0.083933,0.005544,0.000512
0,0.190797,-0.062842,-0.213653,-0.081954,-0.253519,-0.105925,0.00333,0.001097
0,0.04191,0.180857,-0.121593,0.256314,-0.167278,0.298125,0.000731,0.003157
0,0.055476,0.07283,0.03588,-0.104423,0.071465,-0.084096,0.000968,0.001271
0,0.024549,-0.052861,-0.039452,-0.146713,-0.077603,-0.122213,0.000428,0.000923
0,0.181499,0.032766,0.162937,0.076702,0.206759,0.090206,0.003168,0.000572
0,0.088559,-0.014692,-0.120059,-0.056352,-0.104564,-0.100685,0.001546,0.000256
0,0.221506,0.081459,0.16225,0.11389,0.150157,0.089288,0.003866,0.001422
0,0.093782,-0.065419,-0.135621,-0.123552,-0.139154,-0.160733,0.001637,0.001142
0,0.051569,-0.011286,-0.047007,0.054069,-0.060177,0.083865,0.0009,0.000197
0,0.037821,-0.010059,-0.003198,0.01153,0.01375,0.026319,0.00066,0.000176
0,0.08574,0.00827,0.065773,-0.000952,0.090643,0.007109,0.001496,0.000144
0,0.002884,-0.087886,-0.105972,-0.11784,-0.11193,-0.073083,5e-05,0.001534
0,0.176305,-0.060703,0.193431,0.023732,0.207062,-0.015619,0.003077,0.001059
0,0.098934,-0.115961,-0.08314,-0.068161,-0.035818,-0.113601,0.001727,0.002024
0,0.276245,0.129114,0.183798,0.258065,0.200238,0.28292,0.004821,0.002253
0,0.054196,-0.036495,-0.19728,-0.150688,-0.189126,-0.177932,0.000946,0.000637
0,0.065157,0.038904,0.016622,0.088924,-0.00347,0.109592,0.001137,0.000679
0,0.053523,-0.066968,0.01682,-0.076941,0.048899,-0.043989,0.000934,0.001169
0,0.239341,0.015734,0.164337,0.084444,0.11693,0.108762,0.004177,0.000275
0,0.162395,0.127717,-0.070474,0.134003,-0.094466,0.110076,0.002834,0.002229
0,-0.047304,-0.017049,-0.20373,-0.141941,-0.215673,-0.189247,0.000826,0.000298
0,-0.008532,-0.116726,0.062432,-0.105721,0.053739,-0.137943,0.000149,0.002037
0,0.25256,-0.009163,0.261187,0.118374,0.266766,0.120649,0.004408,0.00016
0,-0.02878,0.073497,-0.251394,0.081862,-0.269803,0.087341,0.000502,0.001283
0,-0.003562,-0.021083,0.051929,-0.079022,0.02524,-0.083,6.2e-05,0.000368
0,0.078369,-0.080292,0.079539,-0.057263,0.101155,-0.018608,0.001368,0.001401
0,0.058072,0.090013,0.008633,0.164281,0.022217,0.135312,0.001014,0.001571
0,0.122727,-0.098169,0.063317,-0.212187,0.092223,-0.22055,0.002142,0.001713
0,0.239783,-0.085768,0.114508,0.034442,0.083198,0.046624,0.004185,0.001497
0,0.045262,-0.125407,-0.202749,-0.046004,-0.250019,-0.074847,0.00079,0.002189
0,0.005471,0.067737,-0.012619,0.17412,0.029538,0.21388,9.5e-05,0.001182
0,0.201521,0.091233,0.208328,0.010087,0.181478,0.045539,0.003517,0.001592
0,0.124796,0.051352,-0.084668,-0.038239,-0.096354,-0.021787,0.002178,0.000896
0,0.081187,-0.010225,-0.022157,-0.037526,0.016022,-0.029603,0.001417,0.000178
0,0.058867,-0.048392,-0.006477,-0.062425,0.041354,-0.054353,0.001027,0.000845
0,0.146733,-0.009283,0.076327,0.050345,0.056103,0.049769,0.002561,0.000162
0,0.200836,-0.111931,0.061918,-0.106957,0.015181,-0.130539,0.003505,0.001954
0,0.263719,0.172128,0.040585,0.261502,0.059363,0.27213,0.004603,0.003004
0,0.027833,0.079828,-0.208622,-0.067136,-0.160136,-0.093398,0.000486,0.001393
0,0.14948,0.141157,0.136163,0.054418,0.134049,0.077185,0.002609,0.002464
0,0.238135,0.009075,0.070618,-0.156602,0.068672,-0.164774,0.004156,0.000158
0,0.146903,-0.060286,-0.066427,-0.04925,-0.047512,-0.005621,0.002564,0.001052
0,0.232537,-0.003201,0.066887,0.078439,0.041304,0.041735,0.004059,5.6e-05
0,0.228777,0.059567,-0.009547,0.064742,-0.015314,0.078883,0.003993,0.00104
0,0.144064,-0.041526,-0.103692,-0.089085,-0.110033,-0.137358,0.002514,0.000725
0,0.152561,-0.014946,0.027097,0.019696,0.003392,-0.000495,0.002663,0.000261
0,0.156258,0.079234,-0.01474,0.096833,-0.008219,0.056617,0.002727,0.001383
0,0.148231,0.036894,0.010786,-0.025176,-0.016043,-0.058893,0.002587,0.000644
0,0.19585,0.031536,0.021479,-0.010323,0.017566,-0.05987,0.003418,0.00055
0,0.069682,0.157385,-0.154759,0.102407,-0.180876,0.072009,0.001216,0.002747
0,0.14824,-0.070602,0.10192,-0.198795,0.132157,-0.228876,0.002587,0.001232
0,0.162307,-0.105186,0.034603,-0.039881,0.081499,-0.052638,0.002833,0.001836
0,0.149379,0.045562,0.009755,0.126109,0.049661,0.135781,0.002607,0.000795
0,-0.085257,0.148663,-0.241303,0.074993,-0.221752,0.080086,0.001488,0.002595
0,0.008129,-0.076459,0.114485,-0.24365,0.130252,-0.277525,0.000142,0.001334
0,0.052577,0.029933,0.033304,0.104628,-0.015372,0.152464,0.000918,0.000522
0,-0.567158,1.195626,-0.628111,1.169302,-0.607265,1.149713,0.002192,0.003313
0,-0.468946,1.967217,0.098779,0.75466,0.0693,0.778022,0.003906,0.001937
0,-0.684121,2.011964,-0.210977,0.03095,-0.247837,0.050751,0.00015,0.001156
0,-0.737629,1.412064,-0.04604,-0.620492,-0.072777,-0.606003,0.000784,0.000464
0,-0.944743,1.06354,-0.181159,-0.378416,-0.17864,-0.340015,0.004398,0.005619
0,-0.563415,0.988915,0.402913,-0.094095,0.426698,-0.090705,0.002257,0.005169
0,-0.448874,0.574982,0.089714,-0.424887,0.075465,-0.389432,0.004256,0.002055
0,-0.436826,0.27255,-0.015411,-0.326961,-0.042287,-0.318326,0.004466,0.004757
0,-0.175299,0.131505,0.275605,-0.117958,0.238292,-0.111011,0.00306,0.002295
0,-0.289435,0.207817,-0.089411,0.081842,-0.128796,0.097814,0.005052,0.003627
0,-0.090223,-0.124872,0.199526,-0.350345,0.160122,-0.393881,0.001575,0.002179
0,-0.221078,-0.163714,-0.143119,-0.016037,-0.158769,-0.060911,0.003859,0.002857
0,-0.005845,-0.195591,0.196128,-0.035233,0.193807,-0.044596,0.000102,0.003414
0,-0.024138,0.033066,-0.016451,0.252814,-0.03804,0.274447,0.000421,0.000577
0,-0.125008,-0.122836,-0.104464,-0.146234,-0.149716,-0.135985,0.002182,0.002144
0,-0.046205,0.019081,0.089629,0.161581,0.10266,0.209305,0.000806,0.000333
0,-0.054399,-0.117842,-0.034713,-0.108205,-0.01579,-0.125533,0.000949,0.002057
0,-0.212248,-0.238761,-0.148943,-0.148293,-0.116239,-0.117195,0.003704,0.004167
0,0.016976,-0.119304,0.23456,0.108023,0.194008,0.079243,0.000296,0.002082
0,0.077383,-0.098581,0.047169,0.011617,-0.001498,0.021781,0.001351,0.001721
0,-0.077115,0.02354,-0.147449,0.104377,-0.102712,0.063913,0.001346,0.000411
0,-0.144225,-0.022943,-0.063334,-0.065587,-0.059241,-0.06045,0.002517,0.0004
0,0.025686,-0.184604,0.173948,-0.162453,0.147253,-0.120387,0.000448,0.003222
0,0.020004,-0.138746,0.005831,0.050203,0.01814,0.021474,0.000349,0.002422
0,0.109229,-0.118909,0.080769,7e-05,0.107359,-0.018097,0.001906,0.002075
0,0.063381,0.005202,-0.02583,0.100121,-0.029828,0.068136,0.001106,9.1e-05
0,-0.15873,0.112757,-0.213751,0.087155,-0.166717,0.099943,0.00277,0.001968
0,-0.009894,-0.029151,0.161641,-0.125484,0.135736,-0.150788,0.000173,0.000509
0,-0.014912,-0.042403,0.014479,0.012542,0.010436,0.017104,0.00026,0.00074
0,0.076986,0.055926,0.112816,0.086143,0.105929,0.077723,0.001344,0.000976
0,-0.018427,-0.078355,-0.070984,-0.157646,-0.071091,-0.171069,0.000322,0.001368
0,0.176652,-0.040444,0.182615,0.047664,0.142546,0.056141,0.003083,0.000706
0,-0.029208,-0.095845,-0.188341,-0.073074,-0.206293,-0.099835,0.00051,0.001673
0,-0.027917,0.115459,0.02304,0.225423,0.026365,0.196904,0.000487,0.002015
0,-0.016825,0.008144,0.033506,-0.115948,0.046063,-0.130068,0.000294,0.000142
0,0.170816,-0.00659,0.172094,-0.012416,0.18748,-0.016306,0.002981,0.000115
0,0.14669,-0.131399,-0.029634,-0.153295,0.003392,-0.142163,0.00256,0.002293
0,-0.053092,0.078221,-0.189035,0.232527,-0.210762,0.275427,0.000927,0.001365
0,-0.093527,0.083716,-0.050777,0.026687,-0.092385,-0.010928,0.001632,0.001461
0,0.0335,0.123182,0.146087,0.068323,0.17668,0.092331,0.000585,0.00215
0,0.053858,0.086977,0.048493,-0.016452,0.077984,-0.000855,0.00094,0.001518
0,0.053463,-0.104878,0.028338,-0.186938,0.073474,-0.184212,0.000933,0.00183
0,0.007037,0.058669,-0.048317,0.167105,-0.084719,0.150084,0.000123,0.001024
0,0.030632,0.129677,0.007654,0.055373,0.026412,0.089703,0.000535,0.002263
0,0.006083,-0.010161,-0.00529,-0.121306,-0.038005,-0.13303,0.000106,0.000177
0,0.054139,0.036474,0.050144,0.046059,0.028981,0.014857,0.000945,0.000637
0,0.036157,0.022931,-0.021978,-0.02191,-0.068621,0.00469,0.000631,0.0004
0,-0.019476,0.095154,-0.041839,0.063289,-0.012138,0.01373,0.00034,0.001661
0,0.154961,0.023033,0.15203,-0.088448,0.137503,-0.079921,0.002705,0.000402
0,0.109954,0.095291,-0.050854,0.065785,-0.020925,0.109036,0.001919,0.001663
0,0.047778,0.036341,-0.040007,-0.067639,-0.025205,-0.085538,0.000834,0.000634
0,0.216399,-0.000433,0.156761,-0.012304,0.192991,0.019938,0.003777,8e-06
0,0.002684,0.020104,-0.186723,0.01838,-0.198673,-0.006567,4.7e-05,0.000351
0,0.139842,0.118426,0.166505,0.120904,0.134648,0.135784,0.002441,0.002067
0,0.117323,-0.103249,-0.015362,-0.240338,-0.048528,-0.243029,0.002048,0.001802
0,0.271002,0.05179,0.157884,0.135407,0.162581,0.171786,0.00473,0.000904
0,0.220589,0.015059,-0.033162,-0.038549,-0.076131,-0.068611,0.00385,0.000263
0,0.084757,-0.18616,-0.151741,-0.229775,-0.179077,-0.251373,0.001479,0.003249
0,0.124218,0.013229,0.040812,0.195883,0.004294,0.228276,0.002168,0.000231
0,0.102886,-0.050001,-0.013224,-0.056205,0.003304,-0.060823,0.001796,0.000873
0,0.091661,0.061598,-0.020419,0.110378,-0.018831,0.08152,0.0016,0.001075
0,0.226582,-0.002463,0.126261,-0.049812,0.096829,-0.088342,0.003955,4.3e-05
0,0.297957,0.049061,0.043831,0.076106,0.080921,0.122955,0.0052,0.000856
0,0.207876,0.000365,-0.082569,-0.070997,-0.126141,-0.08255,0.003628,6e-06
0,0.17454,-0.117296,-0.008309,-0.091669,0.038839,-0.068174,0.003046,0.002047
0,0.080505,-0.140719,-0.095955,-0.030366,-0.06194,-0.013037,0.001405,0.002456
0,-0.032821,0.092703,-0.123912,0.241493,-0.115197,0.260548,0.000573,0.001618
0,-0.092604,0.081039,-0.08694,-0.033423,-0.121737,0.007462,0.001616,0.001414
0,0.073992,0.045431,0.136675,-0.030284,0.147897,-0.009131,0.001291,0.000793
0,0.153307,0.079821,0.05221,0.062206,0.079834,0.044559,0.002676,0.001393
0,-0.063662,0.01522,-0.246586,-0.05606,-0.258169,-0.096521,0.001111,0.000266
0,-0.085914,0.094483,0.005792,0.068493,0.010585,0.055427,0.001499,0.001649
0,0.006452,0.07762,0.092991,-0.012216,0.103769,0.014457,0.000113,0.001355
0,0.192213,-0.047366,0.156273,-0.110302,0.11787,-0.094186,0.003355,0.000827
0,0.144493,-0.003804,-0.052051,0.033941,-0.068568,0.002286,0.002522,6.6e-05
0,-0.034631,0.080495,-0.188891,0.10107,-0.213617,0.134884,0.000604,0.001405
0,2.494858,-0.388316,2.501244,-0.482651,2.540433,-0.488402,0.004818,0.005313
0,2.581271,-1.10756,0.071882,-0.720256,0.02284,-0.673022,0.00331,0.00485
0,2.865376,-1.172217,0.267857,-0.044874,0.251736,-0.054704,0.001648,0.003722
0,2.791096,-0.933742,-0.048959,0.234332,-0.012569,0.232541,0.000352,0.004206
0,2.637028,-0.758466,-0.156298,0.19624,-0.120139,0.154354,0.002337,0.001147
0,2.155252,-0.612608,-0.48781,0.166553,-0.491586,0.215148,0.001345,0.001398
0,1.908231,-0.426653,-0.27065,0.179773,-0.240813,0.145819,0.002967,0.004644
0,1.207528,-0.119243,-0.726244,0.323902,-0.74033,0.330234,0.003106,0.002081
0,1.165709,-0.110212,-0.01517,0.020273,-0.002646,-0.005538,0.003836,0.001924
0,0.762244,0.035865,-0.432792,0.131754,-0.395349,0.169243,0.001213,0.000626
0,0.126365,0.026233,-0.635759,0.012703,-0.626175,0.017139,0.002205,0.000458
0,0.162086,0.068852,0.007209,0.039954,0.003187,0.072091,0.002829,0.001202
0,-0.055826,0.148497,-0.202754,0.099747,-0.217787,0.119234,0.000974,0.002592
0,-0.22082,0.225974,-0.167931,0.07898,-0.207474,0.098266,0.003854,0.003944
0,-0.216866,0.137694,0.00908,-0.059342,0.043055,-0.064301,0.003785,0.002403
0,0.021389,0.16244,0.256582,0.027713,0.253417,-0.007738,0.000373,0.002835
0,-0.100672,0.199005,-0.132394,0.019816,-0.154505,0.022261,0.001757,0.003473
0,0.028121,0.163353,0.137233,-0.058691,0.140381,-0.037218,0.000491,0.002851
0,1.27596,-1.174042,1.246599,-1.337328,1.277776,-1.365011,0.001911,0.00369
0,1.740445,-1.940099,0.443477,-0.737147,0.486012,-0.780395,0.005895,0.00241
0,2.143575,-2.302064,0.400301,-0.375395,0.435745,-0.392469,0.001141,0.003907
0,2.390004,-2.274712,0.220045,0.010349,0.236584,0.038924,0.005442,0.00343
0,2.574773,-1.78658,0.160035,0.506565,0.11462,0.491156,0.003424,0.00509
0,2.062779,-1.477235,-0.505887,0.286309,-0.460171,0.301886,0.000269,0.001602
0,1.794377,-1.07389,-0.260592,0.394588,-0.222887,0.344754,0.004954,0.005438
0,1.332,-0.900647,-0.479981,0.15391,-0.4763,0.116894,0.000933,0.003629
0,0.768529,-0.548356,-0.574732,0.34617,-0.539142,0.370668,0.001323,0.00252
0,0.303437,-0.357711,-0.455219,0.194874,-0.444422,0.168941,0.005296,0.005847
0,0.046708,-0.261335,-0.274185,0.110286,-0.31142,0.060851,0.000815,0.004561
0,0.037392,-0.116817,0.004415,0.116235,0.043755,0.073347,0.000653,0.002039
0,-0.097057,0.019958,-0.153722,0.140151,-0.196607,0.178767,0.001694,0.000348
0,0.008942,-0.111907,0.117006,-0.154927,0.134331,-0.122045,0.000156,0.001953
0,-0.275224,0.085713,-0.290015,0.216787,-0.244762,0.218061,0.004804,0.001496
0,-0.212295,0.143582,0.078761,0.070384,0.12657,0.100507,0.003705,0.002506
0,-0.100779,0.15002,0.092362,-0.006645,0.121042,0.017717,0.001759,0.002618
0,-0.247696,-0.054984,-0.13953,-0.207621,-0.15236,-0.233741,0.004323,0.00096
0,-0.102957,0.116915,0.117083,0.163496,0.079189,0.140009,0.001797,0.002041
0,-0.166597,0.242381,-0.041089,0.122122,-0.021075,0.077647,0.002908,0.00423
0,-0.116716,0.131405,0.042842,-0.101648,0.031168,-0.071927,0.002037,0.002293
0,-0.009289,-0.050824,0.108884,-0.187088,0.143429,-0.174895,0.000162,0.000887
0,0.081041,-0.084595,0.08297,-0.054331,0.050424,-0.078412,0.001414,0.001476
0,-0.156331,0.169131,-0.232347,0.263586,-0.232177,0.279352,0.002728,0.002952
0,0.047764,0.053809,0.204996,-0.12235,0.233606,-0.141531,0.000834,0.000939
0,-0.030341,-0.138132,-0.072664,-0.188516,-0.043953,-0.215954,0.00053,0.002411
0,-0.162503,-0.065438,-0.114859,0.057974,-0.125538,0.022708,0.002836,0.001142
0,0.036685,0.035,0.218356,0.087686,0.176359,0.043794,0.00064,0.000611
0,-0.133466,-0.05335,-0.172249,-0.062949,-0.128696,-0.080659,0.002329,0.000931
0,-0.047903,-0.112778,0.070431,-0.063322,0.060358,-0.058976,0.000836,0.001968
0,-0.019537,-0.098355,0.037473,-0.00247,0.019797,-0.00425,0.000341,0.001717
0,-0.17301,-0.038503,-0.144883,0.061751,-0.099212,0.064081,0.00302,0.000672
0,-0.117828,0.002152,0.074887,0.067852,0.102182,0.051759,0.002056,3.8e-05
0,0.024157,0.076115,0.135974,0.083245,0.099985,0.081767,0.000422,0.001328
0,-0.08656,0.107818,-0.086039,0.013266,-0.0386,0.029936,0.001511,0.001882
0,-0.020089,0.099724,0.079487,-0.012948,0.048358,0.005813,0.000351,0.001741
0,0.130748,0.183382,0.163065,0.056085,0.18853,0.104693,0.002282,0.003201
0,-0.072211,-0.079235,-0.194104,-0.264258,-0.176044,-0.232589,0.00126,0.001383
0,-0.035841,0.11318,0.01739,0.163833,0.007629,0.123997,0.000626,0.001975
0,0.103202,-0.074345,0.122436,-0.180934,0.155185,-0.214589,0.001801,0.001298
0,-0.043519,0.099863,-0.141782,0.18624,-0.135861,0.168195,0.00076,0.001743
0,0.055692,0.008506,0.075994,-0.079586,0.11824,-0.064285,0.000972,0.000148
0,-0.184021,0.031623,-0.261867,0.030433,-0.224828,0.031334,0.003212,0.000552
0,-0.052372,-0.004649,0.126675,-0.021839,0.137253,0.027843,0.000914,8.1e-05
0,-0.030701,-0.026446,0.012436,-0.008473,-0.020668,0.025591,0.000536,0.000462
0,-0.080508,0.09951,-0.064522,0.113847,-0.039307,0.12941,0.001405,0.001737
0,-0.023939,0.078899,0.068054,-0.003061,0.08385,-0.030126,0.000418,0.001377
0,-0.163967,-0.005797,-0.161079,-0.113514,-0.129697,-0.072005,0.002862,0.000101
0,0.0516,0.161565,0.209195,0.147105,0.251372,0.139492,0.000901,0.00282
0,-1.641959,1.863409,-1.674286,1.688935,-1.659181,1.660798,0.004477,0.003749
0,-2.887192,2.534917,-1.243209,0.693567,-1.231402,0.681634,0.002029,0.004119
0,-3.331657,2.648958,-0.456617,0.086351,-0.452847,0.120995,0.002304,0.002129
0,-2.605511,2.351952,0.753146,-0.291245,0.773283,-0.323627,0.002887,0.004778
0,-2.185546,1.834162,0.398136,-0.533996,0.401204,-0.567116,0.001874,0.004259
0,-1.75505,1.717832,0.440057,-0.092513,0.436253,-0.075884,0.00564,0.005801
0,-1.092692,0.90267,0.691561,-0.788777,0.731458,-0.757472,0.00511,0.003664
0,-0.62989,0.608408,0.439713,-0.319514,0.473032,-0.298422,0.001097,0.001472
0,-0.351648,0.313356,0.270396,-0.292335,0.225394,-0.334306,0.005953,0.005469
0,0.10423,0.228307,0.448519,-0.06711,0.4232,-0.101916,0.001819,0.003985
0,0.157539,0.087522,0.072061,-0.116174,0.094658,-0.074484,0.00275,0.001528
0,0.239163,0.153764,0.055435,0.088656,0.095452,0.070423,0.004174,0.002684
0,0.450904,0.152362,0.201577,-0.029826,0.221864,0.01272,0.004221,0.002659
0,0.56066,0.129411,0.127417,-0.022087,0.104737,-0.039381,0.002305,0.002259
0,0.530451,-0.018217,-0.022381,-0.118024,-0.020253,-0.141731,0.002832,0.000318
0,0.172901,0.02034,-0.37166,0.016225,-0.324308,0.009309,0.003018,0.000355
0,0.125608,-0.145501,-0.075792,-0.155435,-0.063334,-0.184637,0.002192,0.002539
0,0.291817,0.016247,0.159895,0.177161,0.183295,0.171067,0.005093,0.000284
0,0.065876,-0.067718,-0.247926,-0.103272,-0.246138,-0.127685,0.00115,0.001182
0,0.080201,-0.07115,0.015246,0.007092,0.027088,-0.028958,0.0014,0.001242
0,0.0172,-0.122199,-0.08837,-0.070893,-0.060975,-0.092057,0.0003,0.002133
0,0.188945,-0.119326,0.185849,-0.005919,0.153631,0.024405,0.003298,0.002083
0,0.0133,-0.068422,-0.194958,0.042553,-0.160828,0.058656,0.000232,0.001194
0,0.075768,-0.023753,0.068443,0.065158,0.08202,0.038113,0.001322,0.000415
0,-0.002297,-0.135733,-0.10697,-0.111391,-0.066307,-0.085006,4e-05,0.002369
0,0.175697,-0.057953,0.15831,0.097813,0.192666,0.078158,0.003066,0.001011
0,0.083205,0.070004,-0.068012,0.127224,-0.04859,0.132361,0.001452,0.001222
0,0.22243,-0.030007,0.113045,-0.071984,0.122936,-0.095009,0.003882,0.000524
0,0.013782,0.01349,-0.198564,0.020303,-0.233652,0.062494,0.000241,0.000235
0,0.198367,-0.16695,0.204157,-0.159582,0.163299,-0.152085,0.003462,0.002914
0,-0.01892,-0.133805,-0.244116,0.042099,-0.202317,0.08863,0.00033,0.002335
0,0.160309,0.080874,0.151374,0.185727,0.133415,0.159563,0.002798,0.001412
0,-0.03019,-0.025916,-0.170195,-0.114144,-0.14632,-0.153678,0.000527,0.000452
0,-0.071278,0.097594,-0.069053,0.133467,-0.019326,0.119087,0.001244,0.001703
0,-0.029746,0.092171,0.048308,-0.019445,0.031074,0.016208,0.000519,0.001609
0,-0.000729,0.126005,0.035105,0.017407,0.056601,-0.030891,1.3e-05,0.002199
0,7e-05,-0.038933,0.003035,-0.184811,-0.040795,-0.224015,1e-06,0.00068
0,0.166908,-0.041039,0.153947,-0.000226,0.200318,-0.030766,0.002913,0.000716
0,0.095949,-0.100679,-0.065215,-0.038623,-0.035249,-0.026726,0.001675,0.001757
0,0.067383,0.063686,-0.058188,0.139467,-0.009414,0.180024,0.001176,0.001112
0,0.091305,0.071093,0.028969,0.016728,0.064601,0.039087,0.001594,0.001241
0,-0.080446,0.085401,-0.176613,0.042033,-0.170486,0.015478,0.001404,0.001491
0,-0.023782,-0.041702,0.046364,-0.141447,0.043196,-0.12136,0.000415,0.000728
0,0.115905,0.051808,0.14479,0.11242,0.131696,0.077593,0.002023,0.000904
0,-0.09175,-0.120176,-0.199475,-0.16053,-0.225243,-0.190871,0.001601,0.002097
0,0.094981,0.12259,0.183929,0.248083,0.216405,0.23047,0.001658,0.00214
0,-0.031765,0.075524,-0.133359,-0.042363,-0.138363,-0.004253,0.000554,0.001318
0,-0.030736,0.024512,-0.014624,-0.03836,-0.001122,-0.008821,0.000536,0.000428
0,-0.009334,0.197198,0.022082,0.174582,-0.024113,0.155306,0.000163,0.003442
0,-0.028525,-0.030028,-0.027384,-0.216535,-0.003211,-0.199283,0.000498,0.000524
0,0.079815,0.022751,0.11136,0.06318,0.124443,0.10867,0.001393,0.000397
0,-0.100011,-0.033317,-0.202421,-0.026314,-0.179361,0.023076,0.001746,0.000581
0,-0.039446,0.010911,0.04476,0.052429,0.015949,0.062657,0.000688,0.00019
0,-0.10041,-0.015174,-0.062728,-0.038379,-0.030762,-0.001307,0.001752,0.000265
0,0.021769,-0.039943,0.107553,-0.041056,0.115104,-0.068423,0.00038,0.000697
0,-0.024237,-0.082286,-0.046037,-0.066046,-0.090871,-0.04815,0.000423,0.001436
0,0.161679,0.082702,0.191591,0.143186,0.237377,0.191667,0.002822,0.001443
0,0.091618,0.186586,-0.051529,0.074649,-0.079419,0.115197,0.001599,0.003257
0,-0.035917,0.044042,-0.12442,-0.140262,-0.144778,-0.154907,0.000627,0.000769
0,0.018843,0.052029,0.058463,-0.016281,0.049151,-0.024558,0.000329,0.000908
0,-0.116205,0.164057,-0.160471,0.088698,-0.203898,0.112531,0.002028,0.002863
0,0.033599,0.073442,0.162579,-0.077063,0.182902,-0.056702,0.000586,0.001282
0,-0.179223,0.234669,-0.191157,0.146697,-0.195932,0.193204,0.003128,0.004096
0,-0.132028,0.136859,0.025686,-0.126684,0.064866,-0.128369,0.002304,0.002389
0,-0.009812,0.00065,0.103014,-0.159066,0.1024,-0.157458,0.000171,1.1e-05
0,0.074566,0.050358,0.070082,0.076297,0.0756,0.061267,0.001301,0.000879
0,0.07772,0.035656,0.008444,0.011391,0.045287,0.008712,0.001356,0.000622
0,-0.108346,0.120743,-0.204715,0.077155,-0.254226,0.049082,0.001891,0.002107
0,0.029991,0.07712,0.159878,-0.058502,0.181591,-0.090132,0.000523,0.001346
0,0.024432,0.018372,-0.026281,-0.059521,-0.057675,-0.062595,0.000426,0.000321
0,-0.15974,0.150404,-0.193119,0.129847,-0.189469,0.143553,0.002788,0.002625
0,-0.10358,-0.075064,0.057295,-0.25542,0.05761,-0.222982,0.001808,0.00131
0,-0.097007,0.096976,-0.000796,0.194243,0.001783,0.192733,0.001693,0.001693
0,-0.146292,-0.025114,-0.038529,-0.123046,-0.011569,-0.128263,0.002553,0.000438
0,0.028981,-0.04693,0.169619,-0.037524,0.185612,-0.020515,0.000506,0.000819
0,0.075977,0.201063,0.073276,0.233273,0.093856,0.204128,0.001326,0.003509
0,0.029312,0.084394,-0.041612,-0.103875,-0.072919,-0.12481,0.000512,0.001473
0,-0.051755,0.173071,-0.055565,0.093622,-0.094722,0.10099,0.000903,0.003021
0,0.077974,0.035399,0.119768,-0.129987,0.136669,-0.155579,0.001361,0.000618
0,-0.02684,0.099546,-0.112277,0.064565,-0.099875,0.050482,0.000468,0.001737
0,0.032298,0.132831,0.07882,0.041121,0.11847,0.016046,0.000564,0.002318
0,0.12491,-0.092976,0.120528,-0.228077,0.154976,-0.242536,0.00218,0.001623
0,0.15195,0.155296,0.014477,0.273896,0.053795,0.264689,0.002652,0.00271
0,0.102242,0.070522,-0.063816,-0.058019,-0.026017,-0.057444,0.001784,0.001231
0,0.073998,-0.016764,-0.033698,-0.073169,-0.03111,-0.074487,0.001292,0.000293
0,0.218541,0.020667,0.158201,0.03827,0.184316,0.000123,0.003814,0.000361
0,0.03435,-0.139682,-0.190392,-0.173886,-0.215265,-0.176891,0.0006,0.002438
0,0.049573,-0.0383,-0.012107,0.112675,-0.034035,0.097743,0.000865,0.000668
0,0.086293,0.184074,0.044957,0.201241,0.007209,0.173726,0.001506,0.003213
0,0.060772,-0.005577,-0.02441,-0.172035,-0.012751,-0.126865,0.001061,9.7e-05
0,-0.076109,0.087394,-0.122542,0.111331,-0.140053,0.15932,0.001328,0.001525
0,0.207274,-0.015729,0.271076,-0.116936,0.258698,-0.082477,0.003618,0.000275
0,-0.10133,-0.026272,-0.333516,0.009525,-0.372699,0.028345,0.001769,0.000459
0,0.095664,0.00193,0.174749,0.025036,0.125619,0.012595,0.00167,3.4e-05
0,0.082917,0.154235,-0.008634,0.13002,0.022455,0.097409,0.001447,0.002692
0,-0.01071,-0.124917,-0.079318,-0.256281,-0.099279,-0.230358,0.000187,0.00218
0,0.013373,0.049228,0.019165,0.151841,0.064737,0.151296,0.000233,0.000859
0,0.033536,0.008838,-0.003389,-0.036981,0.011402,-0.03753,0.000585,0.000154
0,0.101453,-0.007881,0.072657,-0.007866,0.074046,0.018825,0.001771,0.000138
0,-0.041885,-0.050376,-0.172095,-0.024952,-0.220717,-0.017464,0.000731,0.000879
0,0.057734,-0.074487,0.105872,-0.014655,0.135954,-0.015244,0.001008,0.0013
0,0.083395,-0.012025,0.028028,0.057745,0.062836,0.061287,0.001456,0.00021
0,0.143313,0.028558,0.039434,0.025054,0.020079,0.037958,0.002501,0.000498
0,-0.029251,0.079718,-0.189189,0.024453,-0.166851,0.052953,0.000511,0.001391
0,-0.177883,-0.069114,-0.163994,-0.159165,-0.212937,-0.162105,0.003105,0.001206
0,-0.205426,-0.097345,-0.049791,-0.036297,-0.044151,-0.083099,0.003585,0.001699
0,-0.01936,-0.103083,0.202051,-0.00164,0.172574,-0.004212,0.000338,0.001799
0,-0.017771,-0.049223,0.030533,0.041831,0.076972,0.025015,0.00031,0.000859
0,0.061078,0.082119,0.09141,0.143313,0.108624,0.110137,0.001066,0.001433
0,0.053208,0.138146,0.015084,0.035827,0.010258,0.080624,0.000929,0.002411
0,-0.014474,-0.023648,-0.052263,-0.151145,-0.014038,-0.189597,0.000253,0.000413
0,-0.029307,0.110421,-0.024489,0.106886,0.005647,0.138761,0.000512,0.001927
0,-0.018723,-0.042422,0.025088,-0.149711,-0.007175,-0.171519,0.000327,0.00074
0,-0.049811,0.016706,-0.028058,0.052296,-0.054627,0.020737,0.000869,0.000292
0,0.125813,-0.04739,0.18128,-0.054643,0.176665,-0.07067,0.002196,0.000827
0,0.023621,0.009786,-0.089406,0.027977,-0.055655,0.061503,0.000412,0.000171
0,0.062783,-0.080041,0.050392,-0.110609,0.035116,-0.062208,0.001096,0.001397
0,-0.1286,0.006634,-0.181531,0.094437,-0.199889,0.055962,0.002244,0.000116
0,0.04008,-0.039851,0.197259,-0.031695,0.2101,-0.003649,0.0007,0.000696
0,-0.043041,-0.155636,-0.071349,-0.116301,-0.111914,-0.150782,0.000751,0.002716
0,-0.133623,-0.163935,-0.06631,-0.02316,-0.045709,-0.061652,0.002332,0.002861
0,-0.077982,-0.17153,0.060201,-0.011478,0.021905,-0.033249,0.001361,0.002994
0,-0.071757,-0.119319,-0.010123,0.054247,0.025726,0.029783,0.001252,0.002083
0,0.060595,-0.030525,0.114744,0.066911,0.139184,0.056657,0.001058,0.000533
0,-0.060716,-0.011374,-0.102912,0.016042,-0.069548,0.010033,0.00106,0.000199
0,-0.122775,0.000289,-0.043506,0.028301,-0.043594,-0.010514,0.002143,5e-06
0,-0.085607,-0.034363,0.032399,-0.018707,0.054669,0.023788,0.001494,0.0006
0,-0.034089,0.068572,0.026114,0.094761,-0.019039,0.059506,0.000595,0.001197
0,-0.146547,-0.013442,-0.0873,-0.091603,-0.108682,-0.051581,0.002558,0.000235
0,-0.155128,-0.001427,-0.003008,0.029893,-0.039568,0.03966,0.002707,2.5e-05
0,-0.335775,0.07893,-0.181653,0.079694,-0.147158,0.062015,0.00586,0.001378
0,-0.348575,0.108722,-0.024948,0.039442,0.017785,0.032515,0.006007,0.001898
0,-0.094644,-0.170616,0.226516,-0.287306,0.180398,-0.28353,0.001652,0.002978
0,-0.211879,-0.10172,-0.092965,0.07524,-0.067625,0.046025,0.003698,0.001775
0,-0.128754,0.023204,0.109325,0.130353,0.119336,0.107931,0.002247,0.000405
0,-0.101132,-0.146313,0.015943,-0.153001,0.012753,-0.13295,0.001765,0.002554
0,-0.350831,0.098524,-0.234731,0.231554,-0.237866,0.212948,0.005967,0.00172
0,-0.192525,0.06138,0.142858,-0.021109,0.101247,-0.035632,0.00336,0.001071
0,-0.196117,0.079321,-0.030061,-0.007354,-0.057438,0.00475,0.003423,0.001384
0,-0.311113,-0.006163,-0.107583,-0.079994,-0.121491,-0.04606,0.00543,0.000108
0,-0.104343,0.014443,0.187251,0.033211,0.157148,0.079461,0.001821,0.000252
0,-0.06888,-0.104883,0.060235,-0.089434,0.024424,-0.113451,0.001202,0.001831
0,-0.192151,-0.109228,-0.150739,-0.00575,-0.135996,-0.006694,0.003354,0.001906
0,-0.171229,0.047074,0.045468,0.145167,0.079732,0.180035,0.002989,0.000822
0,-0.130684,0.079925,0.064971,0.050705,0.047469,0.007903,0.002281,0.001395
0,-0.11023,-0.012068,0.002067,-0.083582,-0.035938,-0.06258,0.001924,0.000211
0,-0.049858,-0.060083,0.038259,-0.029147,-0.003002,0.009495,0.00087,0.001049
0,-0.050178,0.013867,-0.003785,0.065317,-0.018432,0.076464,0.000876,0.000242
0,0.032629,0.1072,0.1036,0.086137,0.062152,0.039847,0.000569,0.001871
0,-0.022061,-0.166257,-0.070608,-0.287895,-0.042428,-0.327595,0.000385,0.002902
0,-0.170099,0.076995,-0.145844,0.250082,-0.10135,0.233875,0.002969,0.001344
0,-0.156078,0.064197,0.016552,0.010215,-0.006735,0.059972,0.002724,0.00112
0,-0.17209,0.102449,-0.005553,0.061863,-0.0382,0.059192,0.003004,0.001788
0,-0.057382,-0.081503,0.102735,-0.159067,0.110155,-0.11729,0.001002,0.001422
0,-0.11289,-0.156343,-0.042872,-0.081909,-0.017692,-0.130483,0.00197,0.002729
0,-0.210141,-0.18784,-0.126189,-0.036137,-0.112927,-0.044319,0.003668,0.003278
0,-0.011412,-0.064306,0.205567,0.117099,0.2373,0.116704,0.000199,0.001122
0,-0.027118,-0.20124,-0.041961,-0.14814,-0.003953,-0.150116,0.000473,0.003512
0,-0.018153,-0.100805,0.004833,0.081691,-0.03824,0.076943,0.000317,0.001759
0,0.068473,0.036674,0.072401,0.125994,0.076689,0.092448,0.001195,0.00064
0,-0.074174,-0.171958,-0.144543,-0.209139,-0.179408,-0.169444,0.001295,0.003001
0,0.065355,-0.055845,0.160155,0.10765,0.120201,0.074467,0.001141,0.000975
0,0.076562,0.000668,0.014037,0.066185,0.036638,0.035102,0.001336,1.2e-05
0,-0.010355,-0.120254,-0.085464,-0.09265,-0.061374,-0.088402,0.000181,0.002099
0,0.191909,-0.142506,0.19891,-0.038746,0.223145,-0.00965,0.003349,0.002487
0,0.175422,0.044013,-0.03879,0.208677,-0.072605,0.164604,0.003062,0.000768
0,0.072681,-0.023207,-0.075165,-0.096818,-0.10012,-0.055417,0.001269,0.000405
0,0.121269,0.138429,0.05061,0.178009,0.050692,0.142933,0.002117,0.002416
0,0.128155,-0.04127,0.015649,-0.175001,0.032739,-0.132061,0.002237,0.00072
0,0.26254,-0.144438,0.124406,-0.119473,0.099623,-0.164221,0.004582,0.002521
0,0.227281,0.078593,-0.039399,0.195305,-0.046119,0.175909,0.003967,0.001372
0,0.224863,0.073785,0.011969,-0.015416,0.011932,-0.001529,0.003925,0.001288
0,0.245182,0.04672,0.018831,-0.053538,0.027441,-0.089516,0.004279,0.000815
0,0.190256,0.137369,-0.05973,0.09148,-0.046272,0.051965,0.003321,0.002398
0,0.176833,-0.049411,-0.015031,-0.191324,-0.004874,-0.207671,0.003086,0.000862
0,0.263666,0.146848,0.061288,0.225342,0.1059,0.225429,0.004602,0.002563
0,0.261007,-0.123604,0.018859,-0.292949,0.040269,-0.31644,0.004555,0.002157
0,0.075217,0.065053,-0.204821,0.17656,-0.175474,0.156027,0.001313,0.001135
0,0.211109,-0.058921,0.121874,-0.148059,0.156254,-0.159438,0.003685,0.001028
0,0.222315,-0.00801,-0.000945,0.033417,-0.005361,0.013948,0.00388,0.00014
0,0.024355,0.016466,-0.179582,0.032551,-0.135065,0.033484,0.000425,0.000287
0,0.088777,0.136207,0.068216,0.096776,0.050411,0.051693,0.001549,0.002377
0,0.234518,0.092417,0.122609,-0.018637,0.093837,-0.003012,0.004093,0.001613
0,0.131059,0.101176,-0.100161,0.024579,-0.061131,0.04415,0.002287,0.001766
0,0.270703,-0.057256,0.165107,-0.175853,0.169508,-0.209142,0.004725,0.000999
0,0.186275,-0.125617,-0.060562,-0.042406,-0.07051,-0.017689,0.003251,0.002192
0,-0.014476,0.097043,-0.192933,0.193343,-0.18616,0.166228,0.000253,0.001694
0,0.098276,0.074946,0.113415,0.006386,0.15233,-0.021267,0.001715,0.001308
0,-0.047441,0.156527,-0.174157,0.105844,-0.140757,0.12918,0.000828,0.002732
0,0.226308,-0.104629,0.2488,-0.284283,0.221303,-0.272538,0.00395,0.001826
0,0.047577,0.183315,-0.183427,0.313124,-0.223989,0.35939,0.00083,0.003199
0,0.074819,-0.038904,0.016537,-0.19229,-0.020445,-0.148698,0.001306,0.000679
0,0.047899,0.099501,-0.022988,0.137621,-0.034432,0.128382,0.000836,0.001737
0,0.149083,0.120392,0.073878,0.045086,0.110288,0.052557,0.002602,0.002101
0,0.161053,-0.066207,0.004462,-0.178923,0.004981,-0.142953,0.002811,0.001156
0,0.074809,-0.055303,-0.07817,0.004105,-0.085108,-0.023532,0.001306,0.000965
0,-0.120994,0.159906,-0.208146,0.193557,-0.241097,0.220278,0.002112,0.002791
0,0.036261,-0.136291,0.134947,-0.309476,0.103773,-0.298868,0.000633,0.002379
0,-0.068428,0.127216,-0.086659,0.260623,-0.094272,0.234945,0.001194,0.00222
0,-0.163717,0.107624,-0.113184,-0.028803,-0.130875,-0.039187,0.002857,0.001878
0,-0.16041,0.056897,0.01063,-0.05,0.005292,-0.003093,0.0028,0.000993
0,0.096519,-0.102241,0.280272,-0.143263,0.307428,-0.111912,0.001685,0.001784
0,0.119572,0.065006,0.050214,0.170308,0.0898,0.208957,0.002087,0.001135
0,0.000661,0.091536,-0.090149,-0.001874,-0.066025,-0.037949,1.2e-05,0.001598
0,0.147671,-0.001361,0.139947,-0.065649,0.107952,-0.05873,0.002577,2.4e-05
0,0.095226,-0.087962,-0.02487,-0.091439,0.022198,-0.045884,0.001662,0.001535
0,-0.102789,-0.006259,-0.191776,0.096207,-0.210225,0.11233,0.001794,0.000109
0,-0.089784,0.101806,-0.00343,0.085021,-0.029391,0.078545,0.001567,0.001777
0,-0.029443,-0.095522,0.075448,-0.196916,0.042034,-0.228276,0.000514,0.001667
0,0.138694,-0.018909,0.179614,0.068435,0.151183,0.068153,0.002421,0.00033
0,-0.128952,-0.074059,-0.279661,-0.060765,-0.28025,-0.051373,0.002251,0.001293
0,-0.021426,0.139382,0.105764,0.210008,0.136849,0.20987,0.000374,0.002433
0,-0.099584,-0.003209,-0.06891,-0.131212,-0.022104,-0.13316,0.001738,5.6e-05
0,-0.144342,-0.092575,-0.016377,-0.061331,0.00962,-0.058497,0.002519,0.001616
0,-0.103978,-0.022518,0.057798,0.052849,0.01987,0.087184,0.001815,0.000393
0,-0.033718,0.132699,0.041816,0.177249,0.004374,0.14611,0.000588,0.002316
0,0.058068,0.140187,0.109055,-0.020638,0.084165,0.016943,0.001013,0.002447
0,-0.117917,0.131783,-0.163569,-0.026384,-0.20983,0.022147,0.002058,0.0023
0,-0.183183,-0.092716,-0.075027,-0.218878,-0.056149,-0.242717,0.003197,0.001618
0,0.01268,-0.006905,0.222906,0.109334,0.190838,0.123455,0.000221,0.000121
0,-0.124484,0.052147,-0.16292,0.031491,-0.140675,-0.016521,0.002173,0.00091
0,-0.238711,0.049761,-0.086373,0.005225,-0.090214,0.023151,0.004166,0.000868
0,0.001675,-0.037845,0.2266,-0.117061,0.271155,-0.118027,2.9e-05,0.000661
0,-0.029342,0.086114,-0.002259,0.113014,-0.048007,0.09183,0.000512,0.001503
0,-0.054093,0.001004,-0.049187,-0.07948,-0.041334,-0.070499,0.000944,1.8e-05
0,-0.261764,0.112188,-0.183005,0.138822,-0.23127,0.162074,0.004569,0.001958
0,-0.079928,0.067274,0.207386,-0.055292,0.215381,-0.038949,0.001395,0.001174
0,-0.068275,-0.103084,0.037895,-0.198743,0.072255,-0.220747,0.001192,0.001799
0,-0.279556,0.116381,-0.182364,0.195549,-0.133185,0.19972,0.004879,0.002031
0,-0.207973,0.003284,0.091041,-0.132676,0.057141,-0.120045,0.00363,5.7e-05
0,-0.280105,-0.018467,-0.087515,-0.037695,-0.119006,-0.054723,0.004889,0.000322
0,-0.192733,-0.017485,0.06459,-0.019267,0.062499,0.002572,0.003364,0.000305
0,-0.118726,-9e-05,0.057969,0.007956,0.049084,0.002915,0.002072,2e-06
0,0.057897,0.151794,0.178092,0.171451,0.145966,0.202349,0.00101,0.002649
0,-0.063532,0.014602,-0.1296,-0.160561,-0.105999,-0.141733,0.001109,0.000255
0,-0.253651,0.087734,-0.170751,0.045836,-0.217165,0.042201,0.004427,0.001531
0,-0.208793,-0.062633,0.0455,-0.142087,0.064363,-0.14951,0.003644,0.001093
0,-0.065528,0.113385,0.138341,0.199822,0.162101,0.196711,0.001144,0.001979
0,-0.191331,-0.103616,-0.118221,-0.229464,-0.156341,-0.194523,0.003339,0.001808
0,0.097491,-0.099473,0.296834,-0.020728,0.269186,-0.056354,0.001702,0.001736
0,-0.137869,0.096162,-0.255592,0.210481,-0.287206,0.254548,0.002406,0.001678
0,-0.241738,0.080171,-0.13238,-0.025055,-0.170928,-0.02364,0.004219,0.001399
0,0.024268,-0.073225,0.249028,-0.13563,0.246555,-0.175307,0.000424,0.001278
0,-0.176949,0.119261,-0.213021,0.214089,-0.254417,0.171258,0.003088,0.002082
0,-0.06041,-0.094427,0.106069,-0.219698,0.121671,-0.238161,0.001054,0.001648
0,-0.102604,-0.103701,-0.039949,0.020416,-0.062584,-0.004918,0.001791,0.00181
0,-0.22259,-0.169076,-0.098707,-0.053589,-0.138603,-0.010174,0.003885,0.002951
0,-0.059349,-0.101407,0.186576,0.083135,0.188474,0.039025,0.001036,0.00177
0,-0.014165,-0.161932,0.055631,-0.042744,0.057643,-0.083741,0.000247,0.002826
0,-0.049636,-0.071362,-0.062363,0.100795,-0.023881,0.110036,0.000866,0.001246
0,-0.023885,-0.096885,0.013332,-0.031288,-0.022181,-0.046488,0.000417,0.001691
0,-0.054898,-0.091974,-0.014022,0.020188,-0.047458,0.03629,0.000958,0.001605
0,-0.237695,-0.093263,-0.158223,-0.005292,-0.153531,0.007338,0.004149,0.001628
0,-0.065826,0.147676,0.148468,0.270221,0.188695,0.239113,0.001149,0.002577
0,-0.042846,-0.062966,0.04913,-0.230362,0.079392,-0.24102,0.000748,0.001099
0,-0.037227,-0.094345,-0.017515,-0.046663,-0.013333,-0.073253,0.00065,0.001647
0,-0.157218,0.014059,-0.123941,0.132456,-0.130996,0.166529,0.002744,0.000245
0,0.032447,-0.017565,0.218502,-0.0415,0.256842,-0.070965,0.000566,0.000307
0,-0.092834,-0.034702,-0.109721,-0.029247,-0.072998,-0.056443,0.00162,0.000606
0,0.012194,0.218763,0.093604,0.251349,0.074174,0.209002,0.000213,0.003818
0,0.020158,0.054211,-0.016168,-0.183028,-0.018102,-0.146876,0.000352,0.000946
0,-0.04995,-0.075813,-0.079399,-0.1569,-0.04792,-0.109202,0.000872,0.001323
0,-0.014887,0.074343,0.065019,0.134696,0.058632,0.134352,0.00026,0.001298
0,0.015453,0.05299,0.059221,-0.038729,0.057635,-0.024616,0.00027,0.000925
0,0.111459,0.231445,0.116358,0.166393,0.159023,0.155166,0.001945,0.004039
0,0.095407,0.224053,-0.021988,-0.018123,-0.029647,-0.024567,0.001665,0.00391
0,0.001132,0.120698,-0.103846,-0.121397,-0.111462,-0.075356,2e-05,0.002107
0,-0.093293,0.111004,-0.123386,-0.007454,-0.154318,-0.044176,0.001628,0.001937
0,0.12774,0.175062,0.21689,0.079857,0.206125,0.043915,0.002229,0.003055
0,-0.110588,0.075547,-0.216262,-0.086521,-0.170143,-0.087314,0.00193,0.001319
0,0.046147,-0.044675,0.135668,-0.132786,0.183769,-0.107145,0.000805,0.00078
0,-0.219045,0.196885,-0.243986,0.225624,-0.205713,0.231541,0.003823,0.003436
0,-0.161884,-0.047255,0.051553,-0.26231,0.016932,-0.311574,0.002825,0.000825
0,-0.070732,0.109134,0.070058,0.169126,0.030646,0.1376,0.001235,0.001905
0,0.047757,-0.093042,0.136613,-0.190287,0.105328,-0.173977,0.000834,0.001624
0,-0.000813,0.160775,-0.025681,0.255671,0.023421,0.271713,1.4e-05,0.002806
0,-0.199158,0.006293,-0.218975,-0.178808,-0.182727,-0.166504,0.003476,0.00011
0,0.01441,0.018817,0.191319,-0.016324,0.226898,-0.064453,0.000252,0.000328
0,0.026889,0.070013,-0.014915,0.077339,0.007459,0.050558,0.000469,0.001222
0,-0.185433,-0.015647,-0.228787,-0.093392,-0.24564,-0.080982,0.003236,0.000273
0,-0.082116,0.140428,0.118494,0.161338,0.098893,0.14706,0.001433,0.002451
0,-0.154763,0.155988,-0.086636,0.03804,-0.055463,0.01744,0.002701,0.002722
0,-0.22531,0.089848,-0.043962,-0.057065,-0.069757,-0.085319,0.003932,0.001568
0,-0.248356,-0.086358,-0.042869,-0.182973,-0.048562,-0.169152,0.004335,0.001507
0,-0.085047,0.028568,0.163533,0.121792,0.197471,0.124817,0.001484,0.000499
0,-0.035773,-0.065366,0.037678,-0.070203,0.053156,-0.061401,0.000624,0.001141
0,-2.07127,0.68451,-2.013748,0.751904,-2.035434,0.703332,0.000121,0.000144
0,-2.570878,1.09742,-0.472613,0.397598,-0.503714,0.428644,0.003492,0.005027
0,-2.623535,1.775786,-0.03337,0.671871,-0.078477,0.666468,0.002573,0.005278
0,-2.216516,1.667878,0.413559,-0.094523,0.460275,-0.097813,0.002414,0.004929
0,-2.261918,1.85654,-0.033585,0.21379,-0.004146,0.171777,0.003206,0.003869
0,-2.223412,1.804973,0.066243,-0.040281,0.104179,-0.079755,0.002534,0.004769
0,-1.733948,1.686466,0.464127,-0.120122,0.470579,-0.155346,0.006008,0.005253
0,-1.017768,1.217199,0.723649,-0.459785,0.76679,-0.499984,0.005673,0.002937
0,-0.768506,0.771448,0.230992,-0.447585,0.237746,-0.439469,0.001322,0.001374
0,-0.459093,0.758592,0.307875,-0.03623,0.320521,-0.011285,0.004078,0.001149
0,-0.10123,0.545581,0.385222,-0.19484,0.428845,-0.16008,0.001767,0.002568
0,-0.094485,0.12112,-0.016033,-0.426567,-0.014191,-0.408293,0.001649,0.002114
0,0.120319,-0.003165,0.236065,-0.145898,0.23202,-0.166022,0.0021,5.5e-05
0,0.061563,-0.167797,-0.067421,-0.141726,-0.07946,-0.114755,0.001074,0.002929
0,0.1512,-0.113399,0.071079,0.033485,0.070311,0.06961,0.002639,0.001979
0,0.144764,-0.088249,0.004547,0.002693,-0.015412,-0.046971,0.002527,0.00154
0,0.090002,-0.347853,-0.068944,-0.27016,-0.048937,-0.298588,0.001571,0.006019
0,0.337798,-0.139034,0.23099,0.183833,0.255861,0.184191,0.005896,0.002427
0,0.241868,-0.23949,-0.090271,-0.080644,-0.044226,-0.072211,0.004221,0.00418
0,0.210466,-0.363965,-0.005483,-0.130419,0.004954,-0.119613,0.003673,0.005738
0,0.252768,-0.143766,0.051178,0.246117,0.056172,0.248781,0.004412,0.002509
0,0.202198,-0.114045,-0.020911,0.054038,-0.042814,0.016981,0.003529,0.00199
0,0.266594,-0.124754,0.053174,-0.032964,0.075052,-0.010263,0.004653,0.002177
0,0.148182,0.093648,-0.108803,0.191277,-0.114654,0.141949,0.002586,0.001634
0,0.313045,-0.129201,0.17638,-0.215085,0.130742,-0.235707,0.005464,0.002255
0,0.410235,0.118401,0.091904,0.231291,0.078016,0.223098,0.004931,0.002066
0,0.17018,0.099863,-0.221534,0.000704,-0.19143,0.044631,0.00297,0.001743
0,0.194726,0.103622,0.008084,0.013034,0.040324,0.032284,0.003399,0.001809
0,0.117006,0.095314,-0.083617,0.001672,-0.11689,0.000373,0.002042,0.001664
0,0.115119,-0.072034,0.027067,-0.17574,0.008205,-0.140714,0.002009,0.001257
0,0.128718,0.074774,0.041853,0.143376,0.043915,0.125767,0.002247,0.001305
0,0.092527,0.081697,-0.042987,-0.012806,-0.050301,-0.036315,0.001615,0.001426
0,0.246426,0.057187,0.146392,0.001581,0.122978,0.01511,0.004301,0.000998
0,0.240417,-0.120434,-0.010603,-0.204724,-0.035668,-0.198753,0.004196,0.002102
0,0.160333,-0.126736,-0.083805,0.022071,-0.04149,0.041829,0.002798,0.002212
0,0.023584,0.072668,-0.135596,0.202098,-0.10173,0.184877,0.000412,0.001268
0,0.007151,0.054788,-0.035795,-0.045112,-0.070119,-0.071691,0.000125,0.000956
0,-0.053126,0.068403,-0.046396,-0.01343,-0.061299,-0.020054,0.000927,0.001194
0,0.056901,-0.132589,0.129222,-0.188521,0.10826,-0.143305,0.000993,0.002314
0,-0.11208,-0.134305,-0.148053,0.023914,-0.136976,-0.014572,0.001956,0.002344
0,-0.064583,0.131065,0.073229,0.269738,0.044328,0.269433,0.001127,0.002288
0,-0.108817,-0.133146,-0.035363,-0.288225,-0.000186,-0.286508,0.001899,0.002324
0,-0.163546,0.003521,-0.074237,0.123995,-0.044255,0.172111,0.002854,6.1e-05
0,-0.041935,-0.125896,0.121166,-0.136092,0.130899,-0.115194,0.000732,0.002197
0,-0.019556,-0.149301,0.034095,-0.012057,0.042603,0.004955,0.000341,0.002606
0,0.035764,-0.040221,0.049172,0.118508,0.08375,0.075771,0.000624,0.000702
0,0.137069,-0.057618,0.113447,-0.02197,0.073497,-0.018576,0.002392,0.001006
0,0.103701,-0.128729,-0.017029,-0.069369,0.023234,-0.067379,0.00181,0.002247
0,-0.085825,-0.113699,-0.165614,-0.008421,-0.150177,0.021547,0.001498,0.001984
0,-0.009285,-0.043138,0.071837,0.072506,0.119352,0.11436,0.000162,0.000753
0,0.108726,0.142961,0.1332,0.199397,0.178077,0.17155,0.001898,0.002495
0,-0.036359,0.091118,-0.169904,-0.0244,-0.183547,-0.018541,0.000635,0.00159
0,0.107998,0.031067,0.142774,-0.032019,0.165363,-0.009644,0.001885,0.000542
0,0.18833,0.099948,0.063053,0.072727,0.028734,0.04258,0.003287,0.001744
0,0.120036,-0.030181,-0.095987,-0.144238,-0.109652,-0.160944,0.002095,0.000527
0,0.257665,0.073674,0.128409,0.113296,0.086812,0.117818,0.004497,0.001286
0,0.119081,0.061702,-0.157948,-0.030736,-0.143285,-0.002327,0.002078,0.001077
0,0.077386,0.007613,-0.019975,-0.06878,-0.030473,-0.028308,0.001351,0.000133
0,0.150781,0.091562,0.045632,0.095571,0.08848,0.102824,0.002632,0.001598
0,0.121985,-0.085176,-0.032949,-0.174555,-0.051431,-0.138881,0.002129,0.001487
0,0.06504,-0.129367,-0.082192,-0.066187,-0.113153,-0.054785,0.001135,0.002258
0,0.010099,-0.035985,-0.078966,0.088501,-0.068338,0.116874,0.000176,0.000628
0,-0.066132,-0.150555,-0.070698,-0.141684,-0.042928,-0.122725,0.001154,0.002628
0,-0.00128,-0.079658,0.045317,0.047367,0.038453,0.065541,2.2e-05,0.00139
0,0.145842,0.076523,0.160981,0.163187,0.160368,0.176821,0.002545,0.001336
0,-0.061856,-0.079117,-0.236473,-0.183403,-0.188384,-0.224401,0.00108,0.001381
0,-0.029489,-0.077395,0.04417,-0.013573,0.06631,0.021904,0.000515,0.001351
0,-0.137137,0.083446,-0.094176,0.174951,-0.044946,0.173707,0.002393,0.001456
0,-0.013592,0.043342,0.153051,-0.026943,0.168121,0.008638,0.000237,0.000756
0,-0.082217,-0.002138,-0.03931,-0.044391,-0.058482,-0.033702,0.001435,3.7e-05
0,0.008527,-0.115224,0.091358,-0.105327,0.074919,-0.120521,0.000149,0.002011
0,-0.124537,0.07074,-0.156708,0.17112,-0.204566,0.143453,0.002174,0.001235
0,-0.076122,-0.025363,0.033205,-0.088982,0.012423,-0.071975,0.001329,0.000443
0,-0.007984,0.050409,0.039842,0.073414,0.089196,0.041177,0.000139,0.00088
0,-0.134845,0.035464,-0.14488,-0.029665,-0.172064,-0.063755,0.002353,0.000619
0,-0.049347,-0.056852,0.089584,-0.096939,0.094104,-0.08994,0.000861,0.000992
0,-0.170223,-0.138685,-0.101035,-0.094951,-0.057858,-0.105061,0.002971,0.002421
0,-0.203373,-0.011745,-0.008645,0.1296,0.003433,0.096768,0.00355,0.000205
0,-0.078999,-0.146533,0.144403,-0.162263,0.18333,-0.147505,0.001379,0.002557
0,-0.097054,0.000828,-0.047599,0.172973,-0.010939,0.15017,0.001694,1.4e-05
0,0.01805,0.120088,0.135524,0.119319,0.156652,0.098301,0.000315,0.002096
0,-0.098175,-0.089476,-0.119203,-0.230995,-0.163324,-0.228144,0.001713,0.001562
0,0.10762,-0.091113,0.183729,0.026753,0.185962,0.047223,0.001878,0.00159
0,0.058044,0.042493,-0.024805,0.133574,-0.055918,0.153013,0.001013,0.000742
0,-0.152118,-0.071269,-0.214121,-0.093441,-0.190285,-0.079493,0.002655,0.001244
0,0.004659,0.077663,0.163733,0.147989,0.184085,0.170252,8.1e-05,0.001355
0,0.118943,0.029316,0.142885,-0.060142,0.104172,-0.06154,0.002076,0.000512
0,0.08202,-0.129675,-0.066569,-0.153704,-0.102051,-0.185106,0.001432,0.002263
0,-0.059547,-0.027326,-0.161197,0.11418,-0.166127,0.123287,0.001039,0.000477
0,0.023571,0.144686,0.106313,0.200262,0.079061,0.158761,0.000411,0.002525
0,-0.019432,0.064358,-0.019035,-0.102438,-0.058096,-0.078276,0.000339,0.001123
0,-0.037268,0.121977,-0.040833,0.033649,-0.035666,0.026947,0.00065,0.002129
0,0.022711,0.163165,0.089117,0.017908,0.121779,0.05287,0.000396,0.002848
0,-0.123772,0.013194,-0.12059,-0.130091,-0.118598,-0.10267,0.00216,0.00023
0,-0.168608,0.164706,-0.043567,0.127495,-0.017256,0.132442,0.002943,0.002875
0,0.064352,-0.047776,0.234359,-0.204829,0.216429,-0.192007,0.001123,0.000834
0,-0.067738,0.023748,-0.122778,0.081166,-0.170738,0.081747,0.001182,0.000414
0,-0.135722,0.149352,-0.03821,0.130376,-0.00396,0.131696,0.002369,0.002607
0,-0.058862,0.076247,0.05349,-0.099079,0.10232,-0.099395,0.001027,0.001331
0,-0.144743,-0.009125,-0.067872,-0.056787,-0.105892,-0.051386,0.002526,0.000159
0,-0.112854,-0.061792,0.052473,-0.03406,0.082768,-0.059647,0.00197,0.001078
0,-0.062637,-0.133126,0.052498,-0.046567,0.084521,-0.04971,0.001093,0.002323
0,-0.032928,-0.057691,0.028898,0.100867,0.001833,0.073606,0.000575,0.001007
0,0.05667,-0.078009,0.10439,0.000771,0.145653,-0.02488,0.000989,0.001362
0,0.061149,-0.117528,-0.010446,-0.010302,-0.040701,-0.013294,0.001067,0.002051
0,0.072215,0.136174,0.01516,0.236715,-0.024586,0.197869,0.00126,0.002377
0,-0.166199,0.134672,-0.256589,0.022049,-0.305467,0.068995,0.002901,0.00235
0,-0.060968,-0.04246,0.116146,-0.169586,0.140388,-0.134829,0.001064,0.000741
0,0.003512,-0.114149,0.086918,-0.045127,0.102627,-0.034471,6.1e-05,0.001992
0,-0.048263,-0.031336,-0.034859,0.083118,-0.001222,0.087594,0.000842,0.000547
0,0.055219,-0.008993,0.112605,0.006827,0.063912,-0.007228,0.000964,0.000157
0,-0.112568,-0.042693,-0.18081,-0.012931,-0.211159,-0.020578,0.001965,0.000745
0,-0.109371,0.014527,0.014157,0.063171,-0.010923,0.063208,0.001909,0.000254
0,-0.016378,0.070088,0.088595,0.049231,0.12808,0.073976,0.000286,0.001223
0,2.441593,1.170518,2.4681,1.095462,2.508062,1.126816,0.005748,0.003752
0,3.647667,1.554248,1.234694,0.382433,1.271265,0.353343,0.003211,0.002946
0,3.982035,1.960834,0.353178,0.419953,0.30713,0.46551,0.003043,0.002048
0,4.025665,1.635807,0.02607,-0.321309,0.056561,-0.297104,0.002282,0.004369
0,2.951216,1.35301,-1.053299,-0.309219,-1.0119,-0.31025,0.003146,0.000566
0,2.561381,0.943811,-0.395283,-0.388823,-0.425459,-0.350551,0.003657,0.004382
0,1.991461,0.758517,-0.593578,-0.2086,-0.545726,-0.220525,0.001514,0.001148
0,1.313853,0.555704,-0.693155,-0.209888,-0.670283,-0.25159,0.00125,0.002392
0,1.030347,0.536572,-0.268063,-0.008821,-0.252863,-0.0231,0.005892,0.002726
0,0.464183,0.17735,-0.57915,-0.368487,-0.577458,-0.381294,0.003989,0.000967
0,0.134534,0.134018,-0.339216,-0.045624,-0.347728,-0.034993,0.002348,0.000967
0,-0.082559,0.100657,-0.220639,-0.051341,-0.268442,-0.075104,0.001441,0.000967
0,-0.190578,0.17235,-0.109882,0.088618,-0.063483,0.078088,0.003326,0.000967
0,-0.185444,-0.096879,-0.004999,-0.273535,0.039455,-0.315389,0.003237,0.001691
0,-0.301858,0.086185,-0.10602,0.195692,-0.102693,0.208538,0.005268,0.000967
0,-0.503668,-0.06458,-0.208432,-0.149991,-0.236614,-0.104952,0.0033,0.001127
0,-0.511912,0.050284,-0.033259,0.090682,-0.052374,0.059923,0.003156,0.000967
0,-0.407949,0.085622,0.122526,0.052643,0.076384,0.050129,0.00497,0.000967
0,-0.254304,-0.108391,0.170365,-0.176151,0.169482,-0.126742,0.004438,0.001892
0,-0.149946,-0.018148,0.096509,0.090997,0.142578,0.051577,0.002617,0.000967
0,-0.053822,0.12858,0.112232,0.168391,0.15163,0.204582,0.000939,0.000967
0,0.002697,-0.113299,0.06422,-0.233909,0.04219,-0.19856,4.7e-05,0.001977
0,0.128741,0.033317,0.151838,0.172537,0.137846,0.207923,0.002247,0.000967
0,0.031696,-0.017391,-0.104975,-0.0662,-0.140562,-0.046864,0.000553,0.000967
0,0.160208,0.120786,0.105371,0.159091,0.078529,0.180352,0.002796,0.000967
0,0.136635,-0.110748,-0.023072,-0.218905,-0.053449,-0.253871,0.002385,0.001933
0,0.078065,-0.062257,-0.048999,0.035589,-0.056756,0.027993,0.001362,0.001087
0,0.103632,0.118498,0.041974,0.197342,0.034701,0.180681,0.001809,0.000967
0,-0.008853,-0.056725,-0.094939,-0.16797,-0.046089,-0.122255,0.000155,0.00099
0,0.172021,0.067862,0.177886,0.152206,0.136712,0.113317,0.003002,0.000967
0,0.02502,0.142405,-0.142501,0.052455,-0.139607,0.098601,0.000437,0.000967
0,0.091995,-0.109801,0.038289,-0.262027,0.003851,-0.296585,0.001606,0.001916
0,0.061868,-0.062001,-0.033976,0.074714,-0.00284,0.076746,0.00108,0.001082
0,-0.133642,-0.012127,-0.202987,0.020375,-0.220772,0.009198,0.002332,0.000967
0,-0.106835,-0.006912,0.012909,0.015792,-0.005471,0.021121,0.001865,0.000967
0,-0.161825,-0.011883,-0.065876,0.018363,-0.087661,-0.019347,0.002824,0.000967
0,-0.071253,-0.014403,0.117097,-0.027958,0.152532,-0.015639,0.001244,0.000967
0,-0.162299,0.065215,-0.061871,0.093028,-0.09831,0.060537,0.002833,0.000967
0,0.078613,-0.080908,0.227757,-0.153076,0.221076,-0.181801,0.001372,0.001412
0,-0.088486,0.067626,-0.141065,0.135902,-0.129568,0.116305,0.001544,0.000967
0,-0.026652,-0.032336,0.089666,-0.115232,0.121046,-0.118918,0.000465,0.000967
0,-0.083813,-0.066186,-0.077057,-0.039314,-0.120041,-0.023113,0.001463,0.001155
0,-0.102767,-0.003681,-0.001958,0.083146,-0.046646,0.08159,0.001794,0.000967
0,-0.044288,0.031623,0.071084,0.062581,0.120544,0.084399,0.000773,0.000967
0,0.049131,-0.027538,0.089943,-0.039675,0.112903,-0.05924,0.000858,0.000967
0,0.075558,-0.092591,0.027434,-0.043513,0.045109,-0.034804,0.001319,0.001616
0,0.020444,-0.153257,-0.058611,-0.064436,-0.048765,-0.100987,0.000357,0.002675
0,-0.044797,0.140274,-0.08798,0.304803,-0.112939,0.328878,0.000782,0.000967
0,0.073098,0.055347,0.1358,-0.082409,0.111086,-0.05604,0.001276,0.000967
0,-0.139729,0.082787,-0.188954,0.021627,-0.153418,0.051999,0.002439,0.000967
0,-0.15371,-0.004638,-0.027358,-0.111258,0.021779,-0.13487,0.002683,0.000967
0,0.155767,0.05719,0.31529,0.076495,0.269136,0.064902,0.002719,0.000967
0,-0.049063,0.046391,-0.199189,-0.009517,-0.18366,0.007052,0.000856,0.000967
0,0.056118,0.133007,0.130256,0.060767,0.151241,0.052905,0.000979,0.000967
0,0.132205,0.141697,0.102942,0.017361,0.058419,-0.004134,0.002307,0.000967
0,-0.095418,0.139188,-0.211028,-0.007018,-0.175207,-0.044837,0.001665,0.000967
0,-0.09436,0.031808,0.030122,-0.079162,0.010133,-0.105314,0.001647,0.000967
0,0.008831,0.05589,0.08091,0.032419,0.045571,0.069044,0.000154,0.000967
0,0.123017,0.084044,0.138889,0.028839,0.136799,0.015832,0.002147,0.000967
0,0.069522,0.063046,-0.039117,-0.04113,-0.059543,-0.011125,0.001213,0.000967
0,0.139264,0.077136,0.063325,-0.009962,0.073972,-0.021715,0.002431,0.000967
0,0.213623,0.049423,0.062145,-0.012766,0.037365,-0.001086,0.003728,0.000967
0,0.295021,0.118715,0.077105,0.051033,0.073863,0.038002,0.005149,0.000967
0,0.26841,-0.110548,-0.037457,-0.25641,0.010133,-0.234536,0.004685,0.001929
0,0.055842,-0.055953,-0.189197,0.039946,-0.211968,0.082323,0.000975,0.000977
0,0.205052,0.014499,0.126083,0.068139,0.16106,0.085246,0.003579,0.000967
0,0.210157,-0.087522,0.003818,-0.091333,0.047569,-0.138075,0.003668,0.001528
0,0.250956,0.155564,0.061445,0.221842,0.079266,0.235766,0.00438,0.000967
0,0.336094,0.062359,0.092257,-0.092183,0.110815,-0.138889,0.005866,0.000967
0,0.202193,-0.074778,-0.158681,-0.141816,-0.181437,-0.174311,0.003529,0.001305
0,0.072442,0.018033,-0.113955,0.100479,-0.088434,0.074793,0.001264,0.000967
0,0.342462,-0.052251,0.292225,-0.067696,0.32978,-0.06116,0.005977,0.000967
0,0.119814,-0.059622,-0.233366,0.019947,-0.242351,0.038184,0.002091,0.001041
0,0.28712,0.133807,0.153321,0.22236,0.143956,0.239783,0.005011,0.000967
0,0.341582,-0.069347,0.036777,-0.232193,0.067178,-0.233229,0.005962,0.00121
0,0.303202,1.2e-05,-0.021825,0.092315,0.000708,0.103185,0.005292,0.000967
0,0.104127,0.113646,-0.192396,0.106613,-0.16846,0.147617,0.001817,0.000967
0,0.24674,0.020614,0.116613,-0.065834,0.123143,-0.056984,0.004306,0.000967
0,0.255895,-0.038408,-0.016385,-0.05033,-0.036251,-0.061328,0.004466,0.000967
0,0.082723,-0.114872,-0.172278,-0.077795,-0.196366,-0.090055,0.001444,0.002005
0,0.142224,0.036541,0.031603,0.158709,0.050283,0.18868,0.002482,0.000967
0,0.09591,-0.084169,-0.051274,-0.115786,-0.079346,-0.101233,0.001674,0.001469
0,0.727467,-1.740642,0.636196,-1.671776,0.625777,-1.63303,0.000606,0.005892
0,1.953673,-2.132826,1.242125,-0.419087,1.261363,-0.419175,0.002173,0.000953
0,2.515488,-1.822681,0.58451,0.312194,0.620338,0.272599,0.004458,0.00446
0,2.45302,-1.496577,-0.070861,0.347266,-0.112453,0.370148,0.005549,0.001939
0,2.262244,-1.625461,-0.188668,-0.10769,-0.237145,-0.077526,0.003212,0.004189
0,2.069444,-1.287392,-0.166643,0.363845,-0.186623,0.319799,0.000153,0.001712
0,1.575392,-1.004162,-0.485884,0.264207,-0.508925,0.284222,0.003315,0.005435
0,1.18417,-0.679642,-0.385208,0.304249,-0.359007,0.344587,0.003513,0.000228
0,0.668102,-0.323324,-0.508952,0.379056,-0.490515,0.392615,0.00043,0.005643
0,-0.120116,-0.195015,-0.758301,0.134263,-0.712893,0.126813,0.002096,0.003404
0,-0.071163,-0.241265,0.069933,-0.072188,0.108095,-0.029724,0.001242,0.004211
0,-0.158953,-0.202156,-0.096209,0.061223,-0.0502,0.053608,0.002774,0.003528
0,-0.249864,0.068322,-0.092008,0.261722,-0.088789,0.215793,0.004361,0.001192
0,-0.40508,-0.176702,-0.161347,-0.219698,-0.13112,-0.193945,0.005021,0.003084
0,-0.490309,-0.035869,-0.065123,0.113114,-0.094137,0.098776,0.003533,0.000626
0,-0.385109,-0.079218,0.130649,-0.044103,0.180367,-0.03335,0.005369,0.001383
0,-0.142527,0.019465,0.253488,0.070193,0.241181,0.080444,0.002488,0.00034
0,0.070644,0.073775,0.197647,0.077283,0.200475,0.124963,0.001233,0.001288
0,-0.114576,-0.106955,-0.165522,-0.150809,-0.132457,-0.125114,0.002,0.001867
0,0.084509,-0.144812,0.189379,-0.049165,0.167744,-0.08746,0.001475,0.002527
0,0.080392,0.037458,-0.004578,0.185589,-0.034772,0.226855,0.001403,0.000654
0,-0.09136,0.07363,-0.197866,0.047279,-0.218758,0.020517,0.001595,0.001285
0,0.073105,0.074375,0.18594,-0.017509,0.235428,-0.038514,0.001276,0.001298
0,0.01207,0.026324,-0.061275,-0.036271,-0.028951,-0.055737,0.000211,0.000459
0,0.051476,-0.070862,0.010621,-0.122247,0.030727,-0.088561,0.000898,0.001237
0,0.066488,-0.027833,0.018309,0.069271,-0.026471,0.071168,0.00116,0.000486
0,-0.186497,0.057671,-0.258456,0.091146,-0.225518,0.070799,0.003255,0.001007
0,-0.192832,0.012094,-0.012578,-0.069549,4.7e-05,-0.1033,0.003366,0.000211
0,-0.137935,-0.037371,0.038837,-0.058506,0.003308,-0.033697,0.002407,0.000652
0,0.069058,0.056257,0.180942,0.110544,0.173379,0.106139,0.001205,0.000982
0,-0.15495,0.121483,-0.244502,0.089391,-0.207509,0.135162,0.002704,0.00212
0,-0.114958,-0.114417,0.045183,-0.206534,0.069041,-0.163896,0.002006,0.001997
0,-0.192294,-0.077191,-0.078661,0.052916,-0.070572,0.037115,0.003356,0.001347
0,0.025076,-0.06562,0.245439,0.008859,0.267917,-0.001952,0.000438,0.001145
0,-0.014019,-0.107441,-0.052966,-0.015429,-0.099565,-0.020203,0.000245,0.001875
0,-0.144081,0.140317,-0.103758,0.259143,-0.134247,0.295057,0.002515,0.002449
0,0.027794,0.058696,0.185507,-0.054529,0.212929,-0.044429,0.000485,0.001024
0,-0.17854,0.114393,-0.191047,0.068202,-0.150971,0.026707,0.003116,0.001997
0,-0.015671,0.113232,0.165528,-0.019955,0.157893,0.000958,0.000274,0.001976
0,-0.208065,-0.11872,-0.211144,-0.239156,-0.186014,-0.240324,0.003631,0.002072
0,0.036971,0.128053,0.25342,0.250296,0.252178,0.275793,0.000645,0.002235
0,-0.047007,0.076226,-0.08412,-0.048095,-0.062099,-0.083228,0.00082,0.00133
0,0.101913,-0.039305,0.138865,-0.103838,0.152584,-0.145342,0.001779,0.000686
0,-0.050014,0.128978,-0.178979,0.181644,-0.15163,0.159522,0.000873,0.002251
0,-0.106176,-0.169757,-0.046081,-0.301846,-0.020836,-0.280465,0.001853,0.002963
0,-0.209062,0.041117,-0.120923,0.217405,-0.100181,0.196092,0.003649,0.000718
0,-0.123107,-0.18084,0.081649,-0.238822,0.065866,-0.218689,0.002149,0.003156
0,-0.055463,0.053931,0.064744,0.223925,0.022776,0.208618,0.000968,0.000941
0,-0.000858,0.03645,0.029012,0.005481,0.062386,-0.000533,1.5e-05,0.000636
0,0.039708,-0.015421,0.02689,-0.030298,0.051475,-0.071265,0.000693,0.000269
0,0.039682,-0.124237,-0.020214,-0.128498,-0.011282,-0.080043,0.000693,0.002168
0,0.000731,-0.147633,-0.066874,-0.010448,-0.097715,-0.027742,1.3e-05,0.002577
0,-0.219262,0.103739,-0.233065,0.226525,-0.265763,0.178264,0.003827,0.001811
0,-0.150674,-0.011122,0.043082,-0.103384,0.009647,-0.111822,0.00263,0.000194
0,-0.117713,-0.029773,0.033943,-0.04347,0.050712,-0.006307,0.002054,0.00052
0,-0.042688,0.130988,0.049982,0.150528,0.003453,0.188092,0.000745,0.002286
0,0.841992,-2.156603,0.891029,-2.279241,0.859159,-2.243941,0.002605,0.001368
0,2.168945,-2.828457,1.320855,-0.686734,1.320379,-0.682052,0.001584,0.001004
0,2.646731,-2.585694,0.465661,0.242337,0.439479,0.252957,0.002168,0.003233
0,2.146912,-2.402036,-0.470093,0.201666,-0.487962,0.23923,0.001199,0.005652
0,1.743745,-1.801854,-0.409172,0.597779,-0.364073,0.548236,0.005837,0.004823
0,1.330684,-1.256757,-0.398362,0.558339,-0.399891,0.566074,0.000956,0.002246
0,0.698014,-1.074954,-0.612732,0.166333,-0.609822,0.13355,9.2e-05,0.005419
0,0.67994,-0.643276,-0.021494,0.432186,-0.032296,0.443722,0.000223,0.000863
0,0.293028,-0.263,-0.357731,0.377838,-0.349836,0.348707,0.005114,0.00459
0,0.079255,-0.08706,-0.214281,0.184298,-0.22154,0.171072,0.001383,0.001519
0,0.112426,-0.01508,0.043831,0.074155,0.089204,0.056751,0.001962,0.000263
0,-0.19661,0.071638,-0.33716,0.090489,-0.293541,0.045749,0.003431,0.00125
0,-0.264433,0.125036,-0.076584,0.047486,-0.105546,0.021623,0.004615,0.002182
0,-0.257979,0.082382,0.019655,-0.065237,-0.024131,-0.038193,0.004503,0.001438
0,-0.184659,0.244897,0.064934,0.180971,0.092947,0.205212,0.003223,0.004274
0,-0.276383,0.142797,-0.065032,-0.090902,-0.100021,-0.083721,0.004824,0.002492
0,-0.279636,0.048766,0.008613,-0.094668,-0.030209,-0.111925,0.004881,0.000851
0,-0.09333,0.166459,0.214322,0.101291,0.174864,0.149445,0.001629,0.002905
0,-0.358039,0.117823,-0.236861,-0.04268,-0.26568,-0.023522,0.005842,0.002056
0,-0.405681,0.048028,-0.075302,-0.071881,-0.045883,-0.104233,0.00501,0.000838
0,-0.11842,0.193615,0.315651,0.13376,0.273579,0.156032,0.002067,0.003379
0,-0.243734,0.269777,-0.154767,0.049801,-0.12654,0.044244,0.004254,0.004708
0,-0.415301,0.140153,-0.1821,-0.110881,-0.194676,-0.158029,0.004842,0.002446
0,-0.235644,0.05225,0.208322,-0.058693,0.231507,-0.05683,0.004113,0.000912
0,-0.361344,0.141758,-0.14211,0.115716,-0.103193,0.071626,0.005784,0.002474
0,-0.069354,0.115844,0.264984,-0.004855,0.31409,-0.045991,0.00121,0.002022
0,-0.197349,0.101518,-0.108332,0.014489,-0.136684,-0.025646,0.003444,0.001772
0,-0.338455,-0.024903,-0.121794,-0.10182,-0.151103,-0.104956,0.005907,0.000435
0,-0.155474,0.076513,0.199806,0.081289,0.23534,0.122529,0.002714,0.001335
0,-0.034206,0.019656,0.131667,-0.028304,0.098584,-0.068949,0.000597,0.000343
0,-0.094453,-0.08861,-0.057213,-0.12246,-0.083927,-0.157704,0.001649,0.001547
0,-0.135286,-0.018237,-0.024087,0.058183,0.015832,0.101934,0.002361,0.000318
0,0.004624,0.224843,0.160908,0.232427,0.170872,0.260685,8.1e-05,0.003924
0,-0.120535,0.115077,-0.12902,-0.089505,-0.086595,-0.052275,0.002104,0.002008
0,0.009728,0.102686,0.116233,-0.006967,0.119751,-0.004195,0.00017,0.001792
0,-0.102122,0.082446,-0.132282,-0.0421,-0.082425,-0.04235,0.001782,0.001439
0,-0.162885,-0.024813,-0.051998,-0.099402,-0.038182,-0.064735,0.002843,0.000433
0,-0.012447,-0.103761,0.179688,-0.056613,0.146807,-0.058316,0.000217,0.001811
0,0.030728,-0.033874,0.020031,0.06884,-0.024922,0.033663,0.000536,0.000591
0,-0.098959,-0.114011,-0.122323,-0.093366,-0.072616,-0.068371,0.001727,0.00199
0,-0.033929,-0.079142,0.064112,0.018452,0.111216,0.00959,0.000592,0.001381
0,0.03886,-0.001271,0.054802,0.106546,0.0228,0.059809,0.000678,2.2e-05
0,0.040722,-0.039882,0.018807,-0.010894,0.059872,-0.058727,0.000711,0.000696
0,-0.077554,0.138713,-0.092601,0.156359,-0.131955,0.174656,0.001354,0.002421
0,-0.024931,-0.082529,0.034126,-0.245264,0.034036,-0.210619,0.000435,0.00144
0,0.062043,0.07574,0.073676,0.15645,0.047335,0.176228,0.001083,0.001322
0,0.069178,0.12746,0.019191,0.033935,0.005757,0.067466,0.001207,0.002225
0,0.153015,0.023769,0.106247,-0.121196,0.103397,-0.078564,0.002671,0.000415
0,-0.025566,-0.130331,-0.176705,-0.143769,-0.197798,-0.101495,0.000446,0.002275
0,0.201665,-0.039024,0.243537,0.108301,0.225578,0.08776,0.00352,0.000681
0,0.097138,0.101939,-0.11666,0.139986,-0.081724,0.134515,0.001695,0.001779
0,-0.057858,0.048643,-0.131392,-0.056192,-0.176089,-0.021108,0.00101,0.000849
0,-0.023938,-0.014874,0.018934,-0.043972,-0.022991,-0.003379,0.000418,0.00026
0,0.062112,0.121903,0.073402,0.135654,0.028858,0.130556,0.001084,0.002128
0,0.074733,0.060221,0.01241,-0.07162,-0.0145,-0.059056,0.001304,0.001051
0,0.229055,0.003013,0.158957,-0.082346,0.151175,-0.113113,0.003998,5.3e-05
0,-0.029187,0.093783,-0.24359,0.110075,-0.243862,0.062275,0.000509,0.001637
0,0.259947,-0.174218,0.299736,-0.266369,0.340414,-0.218345,0.004537,0.003041
0,0.051903,0.037093,-0.226493,0.232233,-0.211548,0.259294,0.000906,0.000647
0,0.121051,-0.067925,0.081195,-0.109427,0.076504,-0.077833,0.002113,0.001186
0,0.079947,0.081456,-0.045088,0.142059,-0.06066,0.152975,0.001395,0.001422
0,0.232937,-0.089375,0.131215,-0.165084,0.14359,-0.135031,0.004066,0.00156
0,0.216188,-0.074693,-0.004493,0.001534,-0.001398,-0.017573,0.003773,0.001304
0,-0.082471,-0.129903,-0.293272,-0.058863,-0.298726,-0.046199,0.001439,0.002267
0,0.041287,-0.091884,0.123159,0.037575,0.118572,0.011618,0.000721,0.001604
0,-0.030148,-0.030051,-0.081981,0.074189,-0.090941,0.091513,0.000526,0.000524
0,-0.152105,-0.013267,-0.149076,0.028451,-0.106652,0.036179,0.002655,0.000232
0,-0.014255,-0.089468,0.150537,-0.063834,0.195953,-0.069528,0.000249,0.001562
0,-0.01692,0.07367,0.007741,0.157342,-0.018034,0.138568,0.000295,0.001286
0,-0.150067,0.047104,-0.148983,-0.035368,-0.164723,-0.042942,0.002619,0.000822
0,-0.128131,-0.149782,-0.00464,-0.193495,-0.04767,-0.232798,0.002236,0.002614
0,0.178979,-0.04882,0.314673,0.103002,0.334016,0.139716,0.003124,0.000852
0,0.12207,-0.005916,-0.027543,0.072781,-0.001758,0.107306,0.002131,0.000103
0,0.028531,-0.008896,-0.089236,0.003401,-0.043776,-0.040518,0.000498,0.000155
0,-0.007219,0.0622,-0.060478,0.054637,-0.014882,0.064068,0.000126,0.001086
0,0.095822,0.013541,0.130799,-0.03325,0.094623,-0.061376,0.001672,0.000236
0,0.025651,0.099941,-0.050451,0.086977,-0.052087,0.097473,0.000448,0.001744
0,0.199674,0.076673,0.184158,0.001588,0.160925,-0.019711,0.003485,0.001338
0,0.052519,0.185269,-0.155196,0.132383,-0.120112,0.09751,0.000917,0.003234
0,0.151763,0.133762,0.104513,-0.046767,0.101979,-0.067703,0.002649,0.002335
0,0.100672,0.095566,-0.068138,-0.04746,-0.058487,-0.078424,0.001757,0.001668
0,-0.001622,0.104922,-0.099586,0.034334,-0.09897,-0.014742,2.8e-05,0.001831
0,0.118926,0.144448,0.112786,0.035462,0.089853,0.04086,0.002076,0.002521
0,0.084793,-0.043327,-0.027451,-0.18768,-0.041782,-0.234624,0.00148,0.000756
0,-0.056227,-0.071329,-0.121626,-0.031323,-0.127861,-0.026746,0.000981,0.001245
0,-0.061676,0.162771,-0.002131,0.254667,0.04027,0.270796,0.001076,0.002841
0,0.214054,0.17521,0.292944,0.017014,0.251014,0.053424,0.003736,0.003058
0,-0.019158,-0.045167,-0.240861,-0.21896,-0.259385,-0.216344,0.000334,0.000788
0,0.094491,0.015135,0.108467,0.078812,0.12339,0.122039,0.001649,0.000264
0,0.155399,-0.093419,0.042305,-0.126067,0.019689,-0.139198,0.002712,0.00163
0,0.023959,-0.090969,-0.106654,0.018836,-0.084125,0.028078,0.000418,0.001588
0,-0.049247,-0.027645,-0.073498,0.073462,-0.105911,0.118099,0.00086,0.000482
0,0.220842,0.015982,0.254517,0.070966,0.233558,0.032068,0.003854,0.000279
0,0.184261,-0.076325,-0.046598,-0.111869,-0.012902,-0.154626,0.003216,0.001332
0,0.017522,0.071696,-0.145788,0.134553,-0.11236,0.183682,0.000306,0.001251
0,0.055614,0.088196,0.044901,0.013878,0.080791,0.026876,0.000971,0.001539
0,0.042515,-0.025151,0.010247,-0.096893,0.056114,-0.088111,0.000742,0.000439
0,0.03996,-0.073796,0.017692,-0.022873,0.059751,0.012224,0.000697,0.001288
0,-0.082061,0.056991,-0.1168,0.153924,-0.104509,0.142372,0.001432,0.000995
0,0.126024,0.064488,0.223193,-0.009516,0.261543,-0.040092,0.0022,0.001126
0,0.106769,0.053453,-0.043063,-0.013952,-0.024821,-0.055071,0.001863,0.000933
0,0.003713,0.024482,-0.104216,-0.046042,-0.089601,-0.044101,6.5e-05,0.000427
0,0.095541,0.031336,0.101847,0.032627,0.147345,0.065058,0.001668,0.000547
0,-0.116815,-0.076844,-0.185402,-0.081394,-0.220044,-0.060353,0.002039,0.001341
0,0.024927,-0.081939,0.113992,-0.012203,0.133538,0.037515,0.000435,0.00143
0,0.066886,0.118584,0.035951,0.201907,0.05698,0.153516,0.001167,0.00207
0,-0.078827,0.102185,-0.11811,-0.009964,-0.139251,-0.024586,0.001376,0.001783
0,-0.005281,-0.085696,0.06603,-0.208601,0.016958,-0.248694,9.2e-05,0.001496
0,0.090183,0.070783,0.117255,0.181537,0.09788,0.151976,0.001574,0.001235
0,0.029358,0.01425,-0.044158,-0.038798,-0.00473,-0.06948,0.000512,0.000249
0,-0.152496,0.069972,-0.161728,0.059076,-0.15317,0.089886,0.002662,0.001221
0,-0.046632,-0.068459,0.096045,-0.128695,0.128748,-0.177733,0.000814,0.001195
0,0.077928,-0.00537,0.124875,0.084182,0.092272,0.038929,0.00136,9.4e-05
0,-0.048382,-0.070805,-0.112486,-0.066153,-0.142186,-0.084543,0.000844,0.001236
0,-0.008985,0.110313,0.053608,0.160508,0.071325,0.147566,0.000157,0.001925
0,-0.081968,-0.113942,-0.088777,-0.202395,-0.078826,-0.24113,0.001431,0.001989
0,-0.021553,-0.085059,0.049619,0.021068,0.051548,0.016111,0.000376,0.001485
0,-0.018616,-0.03703,-0.01312,0.064352,0.021857,0.104158,0.000325,0.000646
0,0.012966,-0.045609,0.011519,-0.034118,0.041587,-0.056128,0.000226,0.000796
0,0.032725,0.021996,0.044639,0.055554,0.009557,0.048571,0.000571,0.000384
0,0.021095,-0.102638,-0.038933,-0.114116,-0.006148,-0.106604,0.000368,0.001791
0,0.100063,0.07611,0.090577,0.187374,0.105148,0.148079,0.001746,0.001328
0,0.109978,0.132914,-0.00282,0.080997,-0.052193,0.03279,0.001919,0.00232
0,-0.044834,0.011576,-0.145581,-0.137649,-0.134254,-0.145148,0.000783,0.000202
0,0.110754,0.10257,0.185462,0.099539,0.220748,0.110654,0.001933,0.00179
0,-0.09888,-0.136332,-0.207283,-0.212926,-0.219549,-0.225479,0.001726,0.002379
0,0.048218,0.137784,0.157865,0.281611,0.167601,0.246829,0.000842,0.002405
0,-0.076431,0.115018,-0.098988,0.002537,-0.115084,0.006683,0.001334,0.002007
0,-0.064832,-0.09983,0.021647,-0.195953,0.008774,-0.156802,0.001132,0.001742
0,-0.161938,0.041631,-0.094997,0.143922,-0.078197,0.114,0.002826,0.000727
0,0.099086,0.018286,0.258773,-0.02248,0.27518,-0.059257,0.001729,0.000319
0,0.040031,-0.064839,-0.051131,-0.075944,-0.057875,-0.076169,0.000699,0.001132
0,0.03742,0.00819,0.003576,0.077751,0.052373,0.075633,0.000653,0.000143
0,-0.181382,0.04168,-0.199099,0.026892,-0.241153,0.057981,0.003166,0.000727
0,-0.067291,0.008673,0.112408,-0.056137,0.109994,-0.060685,0.001174,0.000151
0,0.101826,-0.037987,0.158472,-0.065197,0.196722,-0.066616,0.001777,0.000663
0,0.047419,0.074733,-0.072493,0.114571,-0.070377,0.093517,0.000828,0.001304
0,-0.000411,-0.057138,-0.018897,-0.144685,-0.003775,-0.193902,7e-06,0.000997
0,-0.056016,-0.020455,-0.043123,0.031643,-0.073438,0.067223,0.000978,0.000357
0,-0.031818,0.066853,0.006648,0.113309,-0.011658,0.095439,0.000555,0.001167
0,-0.164158,0.11273,-0.143111,0.056256,-0.105905,0.081104,0.002865,0.001968
0,-0.049723,0.188703,0.100968,0.092121,0.148716,0.091258,0.000868,0.003293
0,-0.186908,-0.118057,-0.112734,-0.281543,-0.135149,-0.248045,0.003262,0.00206
0,-0.176201,0.102988,0.021225,0.206743,-0.002036,0.250637,0.003075,0.001797
0,-0.035819,-0.09422,0.1326,-0.226811,0.11046,-0.190948,0.000625,0.001644
0,-0.119764,0.06347,-0.075955,0.171502,-0.060305,0.160238,0.00209,0.001108
0,-0.134729,0.014685,-0.004231,-0.066282,0.030417,-0.082712,0.002351,0.000256
0,-0.080289,0.063994,0.065601,0.034314,0.096422,0.018532,0.001401,0.001117
0,-0.247741,-0.136777,-0.181497,-0.186676,-0.229461,-0.233796,0.004324,0.002387
0,-0.151754,-0.026741,0.104605,0.108455,0.153112,0.133105,0.002649,0.000467
0,-0.045098,0.128648,0.131318,0.179379,0.153508,0.200715,0.000787,0.002245
0,-0.238188,-0.107323,-0.164872,-0.255759,-0.17201,-0.211802,0.004157,0.001873
0,-0.055377,-0.130281,0.206588,-0.033307,0.171343,-0.04308,0.000967,0.002274
0,-0.138046,-0.120176,-0.072871,-0.013695,-0.041103,-0.001997,0.002409,0.002097
0,-0.149519,0.16425,-0.034961,0.280375,-0.06316,0.244878,0.00261,0.002867
0,0.04657,-0.079657,0.190053,-0.247704,0.232237,-0.278893,0.000813,0.00139
0,-0.051087,-0.101652,-0.089057,-0.049374,-0.085073,-0.065148,0.000892,0.001774
0,0.072007,-0.051286,0.113506,0.059134,0.135969,0.058835,0.001257,0.000895
0,-0.136898,-0.085504,-0.186856,-0.038627,-0.148875,-0.066456,0.002389,0.001492
0,-0.197071,-0.022424,-0.035316,0.078439,-0.083438,0.074321,0.00344,0.000391
0,-0.155697,0.123738,0.055691,0.126884,0.085726,0.081371,0.002717,0.00216
0,-0.11821,0.169687,0.063837,0.034771,0.056629,0.05667,0.002063,0.002962
0,-0.263691,-0.014051,-0.140234,-0.186011,-0.150024,-0.217096,0.004602,0.000245
0,-0.188971,-0.045283,0.055059,-0.048498,0.036926,-0.011017,0.003298,0.00079
0,0.009182,0.140817,0.180971,0.196584,0.15467,0.246213,0.00016,0.002458
0,-0.107517,-0.105403,-0.109183,-0.233207,-0.094061,-0.280145,0.001877,0.00184
0,-0.261795,0.052913,-0.178986,0.180924,-0.208038,0.139173,0.004569,0.000924
0,-0.191993,-0.123986,0.097853,-0.156789,0.140622,-0.18213,0.003351,0.002164
0,-0.074056,-0.090789,0.108505,0.010992,0.099631,-0.02666,0.001293,0.001585
0,-0.049672,0.103529,0.012843,0.220656,0.058798,0.258798,0.000867,0.001807
0,-0.207892,0.030995,-0.167562,-0.05089,-0.164641,-0.031869,0.003628,0.000541
0,-0.187145,0.014537,-0.004768,-0.039759,0.04104,0.009354,0.003266,0.000254
0,0.095762,0.092937,0.273687,0.068437,0.321009,0.07055,0.001671,0.001622
0,0.070348,0.094885,-0.009822,0.025945,-0.040485,0.071272,0.001228,0.001656
0,-0.132375,-0.108494,-0.226707,-0.180979,-0.263516,-0.229683,0.00231,0.001894
0,-0.109988,0.043979,0.025086,0.122672,0.024347,0.125341,0.00192,0.000768
0,-0.207917,-0.129557,-0.081505,-0.168549,-0.056958,-0.200944,0.003629,0.002261
0,-0.090889,-0.041783,0.126746,0.078175,0.148176,0.099328,0.001586,0.000729
0,0.030479,0.612019,0.091394,0.682206,0.106146,0.643688,0.000532,0.001409
0,0.138483,0.968826,0.089431,0.344629,0.064221,0.3908,0.002417,0.004819
0,0.315246,0.931138,0.172502,-0.042388,0.196218,-0.04701,0.005502,0.004161
0,0.371665,0.889336,0.027836,-0.066236,0.030533,-0.052448,0.005604,0.003431
0,0.416849,0.819971,0.017909,-0.090923,0.040667,-0.130158,0.004815,0.002221
0,0.324136,1.08827,-0.089615,0.293151,-0.113477,0.327303,0.005657,0.005187
0,0.249033,0.92644,-0.07317,-0.140926,-0.120561,-0.153231,0.004346,0.004079
0,0.202944,0.895656,-0.066176,-0.032183,-0.05627,-0.0384,0.003542,0.003542
0,0.126453,0.537771,-0.083985,-0.348651,-0.081689,-0.305116,0.002207,0.002705
0,0.005785,0.30531,-0.092014,-0.226575,-0.0494,-0.228906,0.000101,0.005329
0,0.097601,0.277785,0.068217,-0.053102,0.09857,-0.019619,0.001703,0.004848
0,0.131499,0.195239,0.057577,-0.054156,0.087599,-0.070532,0.002295,0.003408
0,0.055799,0.127403,-0.097039,-0.092771,-0.070996,-0.10472,0.000974,0.002224
0,0.103244,-0.056042,0.07121,-0.185586,0.069045,-0.226324,0.001802,0.000978
0,0.165276,0.077551,0.085167,0.113668,0.133597,0.077446,0.002885,0.001354
0,0.002302,0.180369,-0.149384,0.088787,-0.149323,0.052545,4e-05,0.003148
0,-0.047681,0.065342,-0.058696,-0.120175,-0.026318,-0.161271,0.000832,0.00114
0,0.167364,-0.001728,0.240533,-0.058742,0.223569,-0.068516,0.002921,3e-05
0,0.144484,0.119034,-0.032374,0.129427,-0.068412,0.105395,0.002522,0.002078
0,0.012028,-0.025593,-0.107084,-0.13535,-0.086578,-0.086176,0.00021,0.000447
0,0.251006,-0.057496,0.220962,-0.050197,0.239568,-0.046241,0.004381,0.001003
0,0.106569,0.017935,-0.122085,0.093807,-0.094363,0.141369,0.00186,0.000313
0,0.118606,0.048912,0.016311,0.007485,0.046882,-0.004915,0.00207,0.000854
0,0.277458,0.215333,0.131313,0.187039,0.100937,0.225874,0.004843,0.003758
0,0.142168,0.071649,-0.135959,-0.147437,-0.151869,-0.145984,0.002481,0.001251
0,0.105374,0.193947,-0.055685,0.13541,-0.094095,0.121146,0.001839,0.003385
0,0.057931,0.117011,-0.047904,-0.062013,-0.06431,-0.070842,0.001011,0.002042
0,-0.032657,0.204952,-0.085868,0.087611,-0.07211,0.045604,0.00057,0.003577
0,-0.022622,0.046568,0.014361,-0.130076,-0.001871,-0.136613,0.000395,0.000813
0,-0.047969,-0.048695,-0.013747,-0.121811,-0.033787,-0.083603,0.000837,0.00085
0,0.18475,0.078169,0.230611,0.152837,0.241157,0.104916,0.003224,0.001364
0,0.026707,0.020809,-0.176632,-0.074452,-0.205487,-0.031419,0.000466,0.000363
0,0.130011,0.110149,0.104008,0.113222,0.125062,0.113306,0.002269,0.001922
0,-0.047985,0.03577,-0.167603,-0.061824,-0.212634,-0.046391,0.000837,0.000624
0,-0.106181,0.167647,-0.071044,0.11726,-0.083925,0.112382,0.001853,0.002926
0,0.028703,-0.021887,0.106926,-0.202784,0.103022,-0.179415,0.000501,0.000382
0,0.010541,-0.040524,-0.040528,0.003554,-0.062716,-0.013324,0.000184,0.000707
0,0.132954,0.103063,0.146977,0.151511,0.111277,0.151938,0.00232,0.001799
0,0.066458,0.016077,-0.056274,-0.06159,-0.083321,-0.03269,0.00116,0.000281
0,-0.110185,0.082649,-0.160793,0.075773,-0.119115,0.051669,0.001923,0.001442
0,-0.001379,0.053302,0.116931,-0.043468,0.126248,-0.080559,2.4e-05,0.00093
0,-0.168799,-0.06002,-0.189957,-0.102223,-0.224393,-0.07298,0.002946,0.001048
0,-0.074149,-0.105105,0.093751,-0.059138,0.068656,-0.052785,0.001294,0.001834
0,0.033325,-0.02799,0.137268,0.093682,0.17507,0.096455,0.000582,0.000489
0,-0.053407,0.086865,-0.100351,0.126593,-0.110929,0.174265,0.000932,0.001516
0,-0.079953,-0.188126,-0.004028,-0.291988,-0.018403,-0.311185,0.001395,0.003283
0,-0.158194,0.00353,-0.088805,0.188812,-0.130955,0.227824,0.002761,6.2e-05
0,-0.023551,-0.099697,0.120567,-0.108924,0.130427,-0.114831,0.000411,0.00174
0,-0.140924,-0.17672,-0.128446,-0.050473,-0.131861,-0.032733,0.00246,0.003084
0,-0.279541,-0.119672,-0.13575,0.029851,-0.112561,0.029647,0.004879,0.002089
0,-0.124825,-0.039927,0.132793,0.081258,0.094949,0.11656,0.002179,0.000697
0,-0.097279,-0.031685,0.05321,0.032814,0.089315,0.034033,0.001698,0.000553
0,-0.14621,-0.17632,-0.073953,-0.119858,-0.037373,-0.137076,0.002552,0.003077
0,-0.137085,-0.18082,-0.000833,-0.017141,-0.029617,-0.002298,0.002393,0.003156
0,0.039536,-0.216114,0.185965,-0.053272,0.224647,-0.064636,0.00069,0.003772
0,-0.184269,-0.093494,-0.247715,0.129025,-0.279525,0.169397,0.003216,0.001632
0,-0.049074,-0.118252,0.125719,-0.015604,0.085161,-0.028525,0.000856,0.002064
0,-0.136192,-0.007814,-0.087242,0.096215,-0.03802,0.05737,0.002377,0.000136
0,-0.140313,-0.039561,0.021183,-0.002931,0.040901,-0.02145,0.002449,0.00069
0,-0.160502,-0.189471,-0.004257,-0.159127,0.008803,-0.164573,0.002801,0.003307
0,-0.062548,0.02483,0.112001,0.187201,0.090349,0.222276,0.001092,0.000433
0,-0.105729,-0.081578,-0.033979,-0.12251,-0.00102,-0.080318,0.001845,0.001424
0,-0.174117,-0.010824,-0.075257,0.093804,-0.034787,0.066164,0.003039,0.000189
0,-0.25833,-0.003129,-0.080826,0.035137,-0.101307,0.040544,0.004509,5.5e-05
0,0.00688,-0.013697,0.274113,-0.010282,0.298746,-0.010232,0.00012,0.000239
0,-0.180674,0.007109,-0.214209,0.037811,-0.183435,-0.002149,0.003153,0.000124
0,-0.028672,-0.064299,0.174553,-0.08607,0.21328,-0.083054,0.0005,0.001122
0,-0.136426,0.078985,-0.120807,0.136286,-0.098711,0.169757,0.002381,0.001379
0,-0.025436,0.112149,0.092615,0.013848,0.052528,0.061266,0.000444,0.001957
0,-0.080898,-0.017426,-0.050325,-0.133166,-0.011079,-0.099009,0.001412,0.000304
0,-0.10012,0.16587,-0.035784,0.15436,-0.046568,0.140306,0.001747,0.002895
0,-0.051691,0.06725,0.067872,-0.078793,0.076247,-0.098561,0.000902,0.001174
0,-0.216118,0.155954,-0.14162,0.079418,-0.119147,0.123953,0.003772,0.002722
0,-0.344259,-0.015707,-0.114603,-0.162214,-0.093323,-0.208786,0.006008,0.000274
0,-0.199488,-0.000165,0.16732,0.000421,0.18229,-0.038064,0.003482,3e-06
0,-0.030622,-0.147191,0.18284,-0.143705,0.160328,-0.10478,0.000534,0.002569
0,-0.283795,-0.096096,-0.267647,0.077602,-0.315642,0.077961,0.004953,0.001677
0,-0.28408,0.077451,-0.021353,0.181884,0.0172,0.154237,0.004958,0.001352
0,-0.132053,0.003925,0.175776,-0.051533,0.152077,-0.046188,0.002305,6.9e-05
0,-0.038548,-0.071697,0.093122,-0.086128,0.111462,-0.052981,0.000673,0.001251
0,-0.150305,-0.121215,-0.124193,-0.052627,-0.116261,-0.08719,0.002623,0.002116
0,-0.010104,-0.119318,0.113736,0.004708,0.087033,-0.027303,0.000176,0.002082
0,-0.054503,-0.132,-0.045981,-0.017745,-0.071564,-0.02576,0.000951,0.002304
0,-0.270483,-0.039228,-0.241341,0.080311,-0.213806,0.101736,0.004721,0.000685
0,-0.165734,0.057901,0.111137,0.0673,0.113493,0.05882,0.002893,0.001011
0,-0.069286,-0.138656,0.108255,-0.172492,0.155086,-0.189427,0.001209,0.00242
0,-0.210823,0.07404,-0.139705,0.208971,-0.176441,0.204395,0.00368,0.001292
0,-0.174802,0.125911,0.048705,0.036012,0.035373,0.004079,0.003051,0.002198
0,-0.186417,-0.149649,-0.035476,-0.247653,0.008666,-0.250381,0.003254,0.002612
0,-0.044945,-0.111505,0.157253,0.053423,0.180148,0.049179,0.000784,0.001946
0,-0.089456,-0.065993,-0.058871,0.045293,-0.034333,0.084716,0.001561,0.001152
0,-0.227428,-0.079055,-0.131924,-0.015411,-0.152058,-0.03303,0.003969,0.00138
0,-0.014799,0.11333,0.222709,0.203386,0.175146,0.19441,0.000258,0.001978
0,-0.102223,0.063216,-0.059998,-0.02068,-0.054295,-0.050964,0.001784,0.001103
0,-0.269602,-0.104605,-0.138207,-0.154766,-0.099826,-0.181203,0.004705,0.001826
0,-0.275737,-0.008342,-0.013911,0.076919,-0.012613,0.041592,0.004813,0.000146
0,-0.185349,0.115192,0.117118,0.102074,0.068905,0.121052,0.003235,0.00201
0,-0.12272,0.020257,0.077443,-0.110916,0.062487,-0.137392,0.002142,0.000354
0,-2.978494,1.271924,-2.870273,1.230829,-2.91329,1.274321,0.003623,0.001982
0,-3.737862,2.339193,-0.761247,1.057472,-0.769941,1.046165,0.004786,0.004555
0,-4.228314,2.162096,-0.467251,-0.168865,-0.493004,-0.125939,0.001255,0.001464
0,-3.443177,2.361102,0.776673,0.201649,0.758239,0.17118,0.000358,0.004938
0,-3.461868,2.285909,-0.016734,-0.051103,-0.032395,-0.026439,3.1e-05,0.003625
0,-2.836141,1.622375,0.635806,-0.651273,0.600099,-0.658428,0.001138,0.004135
0,-1.941854,1.216897,0.887349,-0.392199,0.935821,-0.416402,0.00238,0.002942
0,-1.374292,0.872721,0.596223,-0.325952,0.603752,-0.352329,0.000195,0.003141
0,-0.529486,0.570244,0.843233,-0.278971,0.892642,-0.241306,0.002849,0.002138
0,-0.293077,0.393511,0.261652,-0.205605,0.266416,-0.175194,0.005115,0.005222
0,-0.03711,0.029764,0.248106,-0.335696,0.242076,-0.310631,0.000648,0.000519
0,0.253019,-0.208948,0.285528,-0.21276,0.247639,-0.221462,0.004416,0.003647
0,0.066391,-0.226966,-0.185025,-0.029832,-0.179186,-0.00588,0.001159,0.003961
0,0.338249,-0.31299,0.257897,-0.077446,0.297404,-0.123536,0.005904,0.005463
0,0.517826,-0.560002,0.177219,-0.275415,0.131921,-0.246407,0.003053,0.002317
0,0.389349,-0.58029,-0.117671,-0.032929,-0.133744,-0.066243,0.005295,0.001963
0,0.42093,-0.207235,0.003474,0.343988,-0.025988,0.384087,0.004744,0.003617
0,0.347928,-0.190394,-0.06222,0.04374,-0.088246,0.084117,0.006018,0.003323
0,0.110604,-0.236392,-0.209652,-0.041384,-0.206843,-0.029716,0.00193,0.004126
0,0.05093,-0.138346,-0.04209,0.100263,-0.030461,0.10831,0.000889,0.002415
0,-0.105165,-0.127382,-0.16541,0.030256,-0.206031,-0.007062,0.001835,0.002223
0,-0.159843,-0.230883,-0.044764,-0.124161,-0.039207,-0.154861,0.00279,0.00403
0,-0.040693,-0.065644,0.117049,0.166251,0.10621,0.209615,0.00071,0.001146
0,-0.187448,-0.152413,-0.142475,-0.066461,-0.139981,-0.026869,0.003272,0.00266
0,-0.260988,-0.224055,-0.102554,-0.097666,-0.143935,-0.076424,0.004555,0.00391
0,-0.056417,-0.229158,0.230864,0.002241,0.216677,0.04001,0.000985,0.004
0,-0.228487,0.0132,-0.158896,0.237793,-0.145718,0.243961,0.003988,0.00023
0,-0.04988,-0.109876,0.206996,-0.129293,0.21386,-0.100604,0.000871,0.001918
0,-0.246922,-0.004673,-0.208549,0.129485,-0.179732,0.089872,0.00431,8.2e-05
0,-0.152339,-0.206411,0.083639,-0.196912,0.080593,-0.160293,0.002659,0.003603
0,-0.286458,-0.15685,-0.162778,0.025169,-0.135613,0.001524,0.005,0.002738
0,-0.337056,-0.186238,-0.064826,-0.031806,-0.075488,-0.071271,0.005883,0.00325
0,-0.161083,-0.096332,0.166334,0.072671,0.181545,0.11931,0.002811,0.001681
0,-0.112165,-0.143993,0.072792,-0.02106,0.048756,-0.000835,0.001958,0.002513
0,-0.343179,-0.039418,-0.243537,0.094561,-0.257349,0.070255,0.00599,0.000688
0,-0.12357,-0.166663,0.248842,-0.112849,0.297022,-0.091364,0.002157,0.002909
0,-0.255887,-0.042194,-0.146966,0.1349,-0.116609,0.086363,0.004466,0.000736
0,-0.195375,-0.081795,0.047636,-0.032809,0.095796,-0.000216,0.00341,0.001428
0,0.039527,-0.030396,0.262697,0.035044,0.300596,0.020076,0.00069,0.000531
0,-0.051221,-0.175864,-0.090898,-0.150587,-0.045631,-0.124709,0.000894,0.003069
0,-0.139746,0.088305,-0.062508,0.258194,-0.073736,0.277612,0.002439,0.001541
0,-0.239702,0.063523,-0.121855,-0.024629,-0.131944,-0.047679,0.004184,0.001109
0,-0.204933,-0.099865,0.051299,-0.181886,0.019204,-0.208179,0.003577,0.001743
0,-0.260721,0.089415,-0.059469,0.211415,-0.02198,0.179771,0.00455,0.001561
0,-0.206047,-0.071221,0.031166,-0.178534,0.036276,-0.165183,0.003596,0.001243
0,-0.022159,0.129227,0.192488,0.183803,0.214849,0.178168,0.000387,0.002255
0,-0.137301,0.153768,-0.142761,0.036071,-0.102857,0.067692,0.002396,0.002684
0,-0.128953,0.131916,-0.012895,-0.008804,-0.038953,-0.056433,0.002251,0.002302
0,-0.105734,-0.089564,0.006187,-0.224474,-0.021656,-0.196906,0.001845,0.001563
0,-0.111682,-0.044505,0.022499,0.069414,0.069903,0.119245,0.001949,0.000777
0,-0.101337,0.001081,0.02878,0.060509,0.004989,0.02454,0.001769,1.9e-05
0,-0.014215,0.012767,0.064288,0.033479,0.086815,-0.015871,0.000248,0.000223
0,0.062618,0.078919,0.064853,0.038,0.104505,0.007418,0.001093,0.001377
0,-0.060543,-0.037197,-0.12831,-0.122902,-0.174135,-0.089575,0.001057,0.000649
0,0.001471,0.169026,0.079378,0.206766,0.085484,0.195225,2.6e-05,0.00295
0,0.043819,-0.041248,0.012991,-0.221666,-0.021677,-0.189018,0.000765,0.00072
0,-0.054312,-0.081678,-0.096641,-0.057545,-0.062929,-0.096156,0.000948,0.001426
0,0.223016,0.156561,0.261759,0.25764,0.240448,0.294875,0.003892,0.002732
0,0.131951,-0.00802,-0.094336,-0.144706,-0.087438,-0.182279,0.002303,0.00014
0,0.159002,-0.034771,0.049349,-0.049991,0.050049,-0.089767,0.002775,0.000607
0,-0.040706,0.010075,-0.194179,0.051338,-0.231016,0.048068,0.00071,0.000176
0,-0.032787,0.190209,0.005399,0.190115,0.00024,0.197028,0.000572,0.00332
0,0.211048,0.002296,0.258875,-0.217455,0.228786,-0.259438,0.003683,4e-05
0,-0.003306,0.084289,-0.191238,0.063926,-0.145138,0.04814,5.8e-05,0.001471
0,-0.010512,-0.053503,-0.027698,-0.133277,-0.069077,-0.107014,0.000183,0.000934
0,0.146532,0.070381,0.166543,0.144816,0.17788,0.139888,0.002557,0.001228
0,0.273962,0.019194,0.125821,-0.028407,0.118663,-0.024703,0.004782,0.000335
0,0.039019,-0.083899,-0.236206,-0.11974,-0.194035,-0.081618,0.000681,0.001464
0,0.039151,-0.00819,-0.016901,0.051002,-0.056682,0.059744,0.000683,0.000143
0,0.095249,0.149051,0.062421,0.162226,0.021868,0.179042,0.001662,0.002601
0,0.108911,0.014259,-0.002658,-0.136866,0.008714,-0.13447,0.001901,0.000249
0,0.049398,0.027174,-0.032672,0.013861,-0.067465,0.015744,0.000862,0.000474
0,-0.051283,0.09954,-0.103942,0.043465,-0.139401,0.022217,0.000895,0.001737
0,0.241826,0.14185,0.294279,0.044205,0.300213,0.01434,0.004221,0.002476
0,0.166474,0.13471,-0.055639,-0.035233,-0.047142,-0.069779,0.002906,0.002351
0,-0.050339,0.218642,-0.227538,0.105983,-0.220417,0.067347,0.000879,0.003816
0,0.102242,-0.01278,0.162884,-0.221743,0.175055,-0.188351,0.001784,0.000223
0,0.026605,0.228583,-0.082202,0.238565,-0.093515,0.218086,0.000464,0.00399
0,-0.018309,0.215493,-0.063242,-0.02203,-0.074734,-0.069751,0.00032,0.003761
0,-0.015234,0.015134,0.019901,-0.197653,0.06889,-0.193066,0.000266,0.000264
0,0.082551,0.012333,0.069752,0.020736,0.109648,0.012285,0.001441,0.000215
0,0.009009,0.097344,-0.084535,0.055744,-0.098697,0.102102,0.000157,0.001699
0,0.039082,0.145507,0.034932,0.057551,0.010192,0.085874,0.000682,0.00254
0,0.063077,0.284061,0.040453,0.114533,-0.008028,0.092071,0.001101,0.004958
0,0.024868,0.226398,-0.043926,-0.061003,-0.086011,-0.055764,0.000434,0.003951
0,-0.124363,-0.013506,-0.13226,-0.211081,-0.08315,-0.168447,0.002171,0.000236
0,0.05326,0.163762,0.185606,0.194666,0.202113,0.243572,0.00093,0.002858
0,0.062984,0.107491,0.036563,-0.084891,0.03688,-0.113399,0.001099,0.001876
0,-0.090329,0.077963,-0.137085,-0.052344,-0.158049,-0.034595,0.001577,0.001361
0,-0.150862,0.000917,-0.065326,-0.077604,-0.079527,-0.052096,0.002633,1.6e-05
0,-0.176447,0.248937,-0.016959,0.246953,0.003022,0.205545,0.00308,0.004345
0,0.069433,0.003314,0.265352,-0.243623,0.25816,-0.258981,0.001212,5.8e-05
0,0.037301,0.187227,-0.024463,0.200191,-0.044404,0.24467,0.000651,0.003268
0,-0.078678,0.21281,-0.133305,0.044152,-0.148158,0.088596,0.001373,0.003714
0,0.06074,0.01852,0.140239,-0.196797,0.162354,-0.183454,0.00106,0.000323
0,0.065337,0.23719,-0.008983,0.247196,-0.057179,0.291199,0.00114,0.00414
0,-0.134604,0.032292,-0.210413,-0.209566,-0.230315,-0.23186,0.002349,0.000564
0,0.04026,0.188197,0.156668,0.150994,0.106883,0.147658,0.000703,0.003285
0,-0.141107,0.125134,-0.153353,-0.084248,-0.109959,-0.128031,0.002463,0.002184
0,-0.091927,0.194484,0.020366,0.080141,0.064278,0.091562,0.001604,0.003394
0,-0.124553,-0.023515,-0.019541,-0.206584,-0.057412,-0.229515,0.002174,0.00041
0,-0.13124,0.134729,0.010726,0.152718,-0.008987,0.1944,0.002291,0.002351
0,0.02164,0.097091,0.140196,-0.009431,0.115121,-0.016824,0.000378,0.001695
0,0.150768,-0.122211,0.125528,-0.208507,0.135677,-0.252506,0.002631,0.002133
0,-0.136175,-0.117462,-0.296005,-0.020112,-0.282455,-0.026363,0.002377,0.00205
0,-0.092454,-0.019618,0.024845,0.070352,0.018031,0.110856,0.001614,0.000342
0,0.008159,0.084675,0.081245,0.108082,0.114358,0.118988,0.000142,0.001478
0,-0.009783,0.127983,0.008092,0.029331,0.042792,0.017566,0.000171,0.002234
0,0.030147,0.172533,0.010431,0.073025,0.011663,0.036292,0.000526,0.003011
0,-0.013428,0.035373,-0.053158,-0.164151,-0.092594,-0.129554,0.000234,0.000617
0,-0.151831,0.006165,-0.157879,-0.002725,-0.134962,0.021193,0.00265,0.000108
0,-0.095167,0.159647,0.076858,0.135191,0.048278,0.173595,0.001661,0.002786
0,-0.063104,-0.100076,0.0026,-0.255724,-0.042556,-0.226143,0.001101,0.001747
0,0.014139,-0.026141,0.079274,0.101198,0.114032,0.123479,0.000247,0.000456
0,-0.010486,0.077132,-0.048085,0.106649,-0.03666,0.065519,0.000183,0.001346
0,-0.068413,-0.026303,-0.04546,-0.121228,-0.045493,-0.155468,0.001194,0.000459
0,-0.011954,-0.097372,0.039397,-0.05932,0.075147,-0.093661,0.000209,0.001699
0,0.135373,0.018888,0.15397,0.13399,0.134245,0.115264,0.002363,0.00033
0,-0.074868,0.004097,-0.206195,-0.008861,-0.210461,-0.042673,0.001307,7.2e-05
0,0.233022,0.011288,0.309238,0.014243,0.259786,-0.031857,0.004067,0.000197
0,0.201781,-0.017835,-0.059577,-0.030929,-0.095898,0.017347,0.003522,0.000311
0,0.155994,0.204344,-0.03812,0.201998,-0.058725,0.188923,0.002723,0.003566
0,-0.066263,-0.011615,-0.239937,-0.197199,-0.276493,-0.225216,0.001157,0.000203
0,0.063012,0.152756,0.153293,0.148985,0.182769,0.164791,0.0011,0.002666
0,0.027961,-0.059466,-0.052022,-0.188129,-0.035384,-0.151448,0.000488,0.001038
0,-0.13647,-0.028166,-0.157397,0.034972,-0.143785,0.017222,0.002382,0.000492
0,-0.090965,-0.053806,0.018553,-0.05143,-0.023738,-0.025063,0.001588,0.000939
0,-0.161978,-0.009372,-0.067472,0.054395,-0.019964,0.061738,0.002827,0.000164
0,-0.125776,-0.023147,0.017224,-0.000403,0.044682,-0.036203,0.002195,0.000404
0,-0.096878,0.218461,0.005147,0.236282,0.019988,0.277904,0.001691,0.003813
0,-0.097999,0.069783,-0.018999,-0.141054,0.015907,-0.160554,0.00171,0.001218
0,0.006752,0.206706,0.120367,0.132053,0.166909,0.157029,0.000118,0.003608
0,-0.127804,0.137278,-0.135551,-0.064129,-0.124079,-0.08695,0.002231,0.002396
0,0.02401,0.100547,0.176813,-0.031211,0.188826,-0.079217,0.000419,0.001755
0,0.038168,0.117713,0.038472,0.041623,0.035457,0.000632,0.000666,0.002054
0,0.136875,0.194997,0.113302,0.086327,0.141892,0.067593,0.002389,0.003403
0,0.054121,0.126876,-0.054923,-0.079191,-0.035223,-0.07421,0.000945,0.002214
0,0.138133,0.073361,0.058289,-0.028867,0.09317,-0.029273,0.002411,0.00128
0,-0.076858,-0.042013,-0.21893,-0.123039,-0.20711,-0.095671,0.001341,0.000733
0,-0.060217,0.187251,0.005792,0.21236,-0.00212,0.167797,0.001051,0.003268
0,0.147513,-0.016897,0.23168,-0.232744,0.275544,-0.183045,0.002575,0.000295
0,-0.003176,0.107484,-0.151777,0.134978,-0.142,0.175247,5.5e-05,0.001876
0,-0.061559,0.018156,-0.045165,-0.093136,-0.009017,-0.070669,0.001074,0.000317
0,0.122738,-0.047167,0.190292,-0.087161,0.16595,-0.072365,0.002142,0.000823
0,-0.139555,0.116518,-0.249699,0.143381,-0.25864,0.123997,0.002436,0.002034
0,0.074855,0.132519,0.201848,-0.004508,0.184972,-0.035269,0.001306,0.002313
0,0.052832,0.035406,-0.017363,-0.085049,0.019487,-0.111731,0.000922,0.000618
0,-0.095755,0.136843,-0.157097,0.1007,-0.116147,0.079673,0.001671,0.002388
0,0.052141,0.086914,0.169743,-0.03993,0.123032,-0.034894,0.00091,0.001517
0,-0.117813,0.038227,-0.164669,-0.049272,-0.133538,-0.064013,0.002056,0.000667
0,-0.047065,-0.095353,0.04213,-0.119947,0.09113,-0.070861,0.000821,0.001664
0,0.097067,0.109739,0.144556,0.211265,0.11565,0.191332,0.001694,0.001915
0,0.062111,-0.002212,-0.023909,-0.127931,-0.006346,-0.124222,0.001084,3.9e-05
0,0.173419,0.010996,0.083041,0.037229,0.114459,0.038144,0.003027,0.000192
0,-0.065788,0.056085,-0.267006,0.047004,-0.23824,0.038936,0.001148,0.000979
0,0.106445,0.139747,0.196293,0.110689,0.18389,0.090287,0.001858,0.002439
0,0.137481,0.065214,0.007027,-0.056577,0.050289,-0.015782,0.0024,0.001138
0,0.013381,-0.119468,-0.143379,-0.177368,-0.185912,-0.161947,0.000234,0.002085
0,0.01922,0.010795,-0.012433,0.124795,-0.046525,0.094622,0.000335,0.000188
0,0.199585,0.09452,0.190942,0.071455,0.21568,0.072028,0.003483,0.00165
0,0.170515,0.113722,-0.004811,0.035027,0.016366,0.040796,0.002976,0.001985
0,-0.014891,0.122788,-0.167002,0.01552,-0.18013,0.053532,0.00026,0.002143
0,-0.038083,-0.128513,-0.052588,-0.259829,-0.009686,-0.28288,0.000665,0.002243
0,0.094814,-0.130576,0.119349,-0.002728,0.080322,-0.002117,0.001655,0.002279
0,0.161572,0.067478,0.087695,0.176488,0.054125,0.189656,0.00282,0.001178
0,0.137172,-0.015783,-0.041922,-0.108488,-0.088317,-0.073055,0.002394,0.000275
0,0.050391,0.052749,-0.108163,0.055703,-0.105104,0.022456,0.000879,0.000921
0,-0.098168,0.113693,-0.136928,0.069459,-0.175527,0.0852,0.001713,0.001984
0,-0.114325,-0.190938,-0.029561,-0.280242,-0.056581,-0.310311,0.001995,0.003332
0,-0.042949,0.05836,0.068603,0.274898,0.032808,0.307545,0.00075,0.001019
0,-0.002914,0.082478,0.012087,0.026527,-0.037563,-0.016475,5.1e-05,0.00144
0,-0.162277,0.056144,-0.164944,-0.038219,-0.132301,-0.064356,0.002832,0.00098
0,-0.153669,0.032506,0.00284,-0.028432,-0.00806,-0.000239,0.002682,0.000567
0,0.143565,-0.188098,0.325026,-0.24108,0.308611,-0.208662,0.002506,0.003283
0,0.125149,-0.011609,-0.008417,0.205726,-0.004713,0.244522,0.002184,0.000203
0,0.025973,0.002852,-0.089871,0.014582,-0.119541,0.004721,0.000453,5e-05
0,0.162611,-0.087711,0.123718,-0.062278,0.092049,-0.084081,0.002838,0.001531
0,-0.066973,-0.107019,-0.235525,-0.02997,-0.264395,-0.016542,0.001169,0.001868
0,-0.063728,0.11111,0.021375,0.191471,0.003826,0.185027,0.001112,0.001939
0,-0.096067,-0.079618,-0.004598,-0.18861,0.014127,-0.199558,0.001677,0.00139
0,0.080124,-0.08604,0.164302,-0.036414,0.163607,0.002697,0.001398,0.001502
0,-0.152389,0.010823,-0.220954,0.098742,-0.248344,0.133993,0.00266,0.000189
0,-0.046124,-0.082371,0.113579,-0.111566,0.063931,-0.075147,0.000805,0.001438
0,-0.135237,-0.040521,-0.063187,0.021238,-0.052303,0.041079,0.00236,0.000707
0,-0.155129,0.113974,0.008498,0.133008,0.008709,0.139989,0.002708,0.001989
0,0.02051,0.02079,0.202639,-0.120607,0.201129,-0.122122,0.000358,0.000363
0,-0.137838,-0.135455,-0.174619,-0.167456,-0.189251,-0.175082,0.002406,0.002364
0,0.05166,-0.13013,0.206915,0.030233,0.160062,0.054967,0.000902,0.002271
0,0.024291,-0.132197,-0.056104,-0.00791,-0.03032,-0.007502,0.000424,0.002307
0,-0.014091,0.062943,-0.057392,0.183043,-0.075361,0.150271,0.000246,0.001099
0,-0.12683,0.094149,-0.105882,0.056679,-0.144299,0.065972,0.002214,0.001643
0,-0.18635,-0.035084,-0.034987,-0.101318,-0.005664,-0.05914,0.003252,0.000612
0,-0.134028,0.017304,0.022667,0.03196,0.018219,0.065571,0.002339,0.000302
0,-0.064553,0.064199,0.076309,0.01898,0.042062,0.053077,0.001127,0.00112
0,0.105924,0.022737,0.157458,-0.069475,0.175469,-0.118481,0.001849,0.000397
0,-0.048183,0.072794,-0.152681,0.074243,-0.152368,0.110343,0.000841,0.00127
0,0.010586,0.044049,0.056819,-0.027252,0.076023,-0.040259,0.000185,0.000769
0,0.127513,-0.013478,0.111421,-0.059042,0.1212,-0.039943,0.002226,0.000235
0,0.047651,0.168789,-0.104833,0.193249,-0.0679,0.219531,0.000832,0.002946
0,-0.008953,0.095225,-0.04237,-0.079253,-0.04886,-0.098997,0.000156,0.001662
0,0.084192,-0.043867,0.089257,-0.16607,0.099671,-0.186489,0.001469,0.000766
0,-0.02184,-0.134675,-0.10709,-0.097437,-0.155014,-0.141023,0.000381,0.002351
0,-0.073384,0.057139,-0.060196,0.219267,-0.093099,0.210689,0.001281,0.000997
0,-0.175549,-0.010949,-0.0943,-0.094307,-0.082239,-0.087634,0.003064,0.000191
0,-0.138708,0.113766,0.007683,0.130054,-0.017552,0.174489,0.002421,0.001986
0,-0.088925,-0.036397,0.03993,-0.167741,-0.007257,-0.166493,0.001552,0.000635
0,-0.039545,-0.042354,0.039856,0.020812,0.033986,0.002367,0.00069,0.000739
0,-0.113063,0.034928,-0.101999,0.068632,-0.113501,0.089471,0.001973,0.00061
0,0.099574,0.023009,0.202983,0.008957,0.194029,0.058604,0.001738,0.000402
0,0.093065,0.051669,-0.004818,0.033424,0.026302,-0.012311,0.001624,0.000902
0,0.162963,-0.047833,0.040951,-0.116743,0.042248,-0.1516,0.002844,0.000835
0,0.198419,0.095822,0.017848,0.125475,-0.000355,0.08326,0.003463,0.001672
0,0.057653,0.158421,-0.148612,0.056781,-0.185129,0.075848,0.001006,0.002765
0,-0.023885,0.097466,-0.054821,-0.068551,-0.080727,-0.085745,0.000417,0.001701
0,0.009206,0.066384,0.010418,-0.003549,0.038266,-0.01031,0.000161,0.001159
0,0.020546,-0.000876,-0.01462,-0.064352,0.02431,-0.031259,0.000359,1.5e-05
0,0.074648,-0.086488,0.053233,-0.076277,0.057874,-0.103647,0.001303,0.001509
0,0.094743,-0.089258,0.013629,0.011915,0.016947,0.009168,0.001654,0.001558
0,0.05546,-0.057992,-0.045545,0.007725,0.004306,0.02377,0.000968,0.001012
0,0.033686,0.123757,-0.03852,0.162726,-0.03649,0.166508,0.000588,0.00216
0,0.07514,-0.05485,0.041387,-0.158888,0.04792,-0.205206,0.001311,0.000957
0,-0.064514,-0.099366,-0.122959,-0.060354,-0.123512,-0.035009,0.001126,0.001734
0,0.113137,0.150672,0.16458,0.270882,0.157678,0.233279,0.001975,0.00263
0,-0.097279,0.021037,-0.223169,-0.152972,-0.242209,-0.137624,0.001698,0.000367
0,-0.196708,0.081279,-0.123603,0.056915,-0.142161,0.099022,0.003433,0.001419
0,-0.141799,0.107362,0.055327,0.028342,0.007494,0.057083,0.002475,0.001874
0,-0.11623,0.00297,0.013616,-0.082903,-0.012456,-0.094954,0.002029,5.2e-05
0,-0.064694,0.132725,0.077921,0.126879,0.081315,0.159499,0.001129,0.002316
0,-0.152154,-0.108548,-0.077343,-0.240064,-0.062294,-0.248867,0.002656,0.001895
0,0.027568,-0.080518,0.179924,0.025657,0.139859,-0.009716,0.000481,0.001405
0,0.073515,-0.145901,0.041295,-0.037473,0.055383,-0.03382,0.001283,0.002546
0,0.006241,0.154103,-0.06993,0.294385,-0.088947,0.283844,0.000109,0.00269
0,-0.254282,0.118544,-0.246896,-0.0302,-0.208,0.015249,0.004438,0.002069
0,-0.218086,-0.00786,0.030712,-0.096503,0.045,-0.110919,0.003806,0.000137
0,-0.168467,0.126757,0.042947,0.108717,0.066297,0.102756,0.00294,0.002212
0,-0.193465,-0.075132,-0.026655,-0.177434,-0.063949,-0.204379,0.003377,0.001311
0,0.017614,0.02377,0.234361,0.094728,0.262807,0.059979,0.000307,0.000415
0,-0.18568,0.066636,-0.202251,0.015729,-0.168461,0.005708,0.003241,0.001163
0,-0.03399,-0.076978,0.169943,-0.16658,0.214852,-0.175731,0.000593,0.001344
0,-0.089249,-0.085192,-0.037028,-0.017339,-0.062631,-0.04716,0.001558,0.001487
0,-0.118256,0.138321,-0.032509,0.234439,-0.028839,0.245721,0.002064,0.002414
0,-0.22189,-0.061076,-0.114161,-0.216368,-0.066625,-0.230796,0.003873,0.001066
0,-0.237209,0.056062,-0.013547,0.109032,0.0184,0.138424,0.00414,0.000978
0,-0.058191,0.035593,0.192457,-0.017821,0.162943,-0.066608,0.001016,0.000621
0,0.052787,-0.057391,0.104412,-0.086552,0.071712,-0.109807,0.000921,0.001002
0,0.040136,0.055625,-0.038585,0.104843,0.007449,0.124998,0.0007,0.000971
0,-0.112127,0.061195,-0.124391,0.020522,-0.109825,0.04018,0.001957,0.001068
0,0.163769,-0.03239,0.262546,-0.10558,0.265195,-0.090599,0.002858,0.000565
0,-0.065956,0.007166,-0.237639,0.034314,-0.247236,0.05996,0.001151,0.000125
0,0.004013,0.081888,0.094782,0.062619,0.067605,0.079634,7e-05,0.001429
0,-0.079047,0.085532,-0.091513,0.025069,-0.07555,0.010942,0.00138,0.001493
0,-0.084005,-0.001962,-0.017483,-0.057808,-0.032464,-0.032104,0.001466,3.4e-05
0,0.052189,0.026973,0.116406,0.00434,0.126251,0.020434,0.000911,0.000471
0,-0.129857,-0.080899,-0.171941,-0.126586,-0.149068,-0.168779,0.002266,0.001412
0,-0.115621,0.108739,0.031195,0.199929,0.024889,0.168363,0.002018,0.001898
0,0.151944,-0.025464,0.280026,-0.124729,0.264018,-0.086602,0.002652,0.000444
0,0.09478,0.024702,-0.040361,0.035061,0.000751,0.060058,0.001654,0.000431
0,0.167585,0.054508,0.048525,0.04634,0.021769,0.039495,0.002925,0.000951
0,0.123482,0.118165,-0.063672,0.076116,-0.112674,0.062391,0.002155,0.002062
0,0.011263,-0.099425,-0.123292,-0.246785,-0.076933,-0.204822,0.000197,0.001735
0,-0.023611,0.059291,-0.019037,0.147718,-0.008306,0.118308,0.000412,0.001035
0,-0.104579,0.104652,-0.07198,0.068888,-0.034925,0.095752,0.001825,0.001827
0,-0.094019,-0.139329,3.8e-05,-0.25876,0.030293,-0.277308,0.001641,0.002432
0,0.047366,-0.145996,0.118135,-0.0341,0.141218,-0.079942,0.000827,0.002548
0,-0.165548,-0.084215,-0.187161,0.039948,-0.177389,0.001814,0.002889,0.00147
0,-0.03369,0.054659,0.150126,0.121691,0.121299,0.099443,0.000588,0.000954
0,-0.050128,-0.172645,-0.017235,-0.238462,-0.051431,-0.263943,0.000875,0.003013
0,-0.167464,-0.065703,-0.100212,0.093199,-0.076374,0.09603,0.002923,0.001147
0,-0.147448,0.096047,0.020151,0.140407,0.026745,0.128847,0.002573,0.001676
0,-0.14513,-0.142893,0.000873,-0.238531,-0.03411,-0.251973,0.002533,0.002494
0,-0.041908,0.025133,0.074149,0.151825,0.076539,0.195881,0.000731,0.000439
0,-0.106017,-0.056623,-0.048042,-0.095009,-0.071019,-0.131774,0.00185,0.000988
0,0.066244,0.051441,0.189454,0.1,0.193054,0.14919,0.001156,0.000898
0,0.076891,-0.034912,0.03484,-0.057611,0.026043,-0.072639,0.001342,0.000609
0,-0.103484,-0.056453,-0.179328,-0.008282,-0.197957,0.031674,0.001806,0.000985
0,-0.013472,-0.005097,0.086052,0.077228,0.075799,0.057848,0.000235,8.9e-05
0,-0.023538,-0.10432,0.007527,-0.083154,-0.011215,-0.060104,0.000411,0.001821
0,-0.110848,0.145881,-0.082793,0.232833,-0.050542,0.250726,0.001935,0.002546
0,-0.165563,0.105801,-0.049832,-0.027419,-0.052433,0.00293,0.00289,0.001847
0,-0.052486,0.137832,0.100157,0.041396,0.105502,-0.002997,0.000916,0.002406
0,-0.071326,0.00556,-0.04068,-0.150443,-0.070746,-0.166275,0.001245,9.7e-05
0,0.070318,-0.102969,0.119148,-0.133706,0.128092,-0.146545,0.001227,0.001797
0,-0.039334,-0.078893,-0.121525,0.03456,-0.12989,0.025912,0.000687,0.001377
0,-0.00638,0.172601,0.020062,0.248386,0.046832,0.277499,0.000111,0.003012
0,-0.143292,0.017465,-0.127792,-0.172268,-0.104982,-0.129665,0.002501,0.000305
0,0.074971,0.025403,0.226113,0.00224,0.263908,0.020438,0.001308,0.000443
0,-0.125486,-0.133861,-0.207637,-0.144454,-0.196278,-0.116396,0.00219,0.002336
0,-0.077026,0.022677,0.044022,0.169648,0.04155,0.123343,0.001344,0.000396
0,0.054118,-0.09535,0.11885,-0.14469,0.151802,-0.151804,0.000945,0.001664
0,0.144263,-0.06066,0.064551,0.050697,0.086993,0.100689,0.002518,0.001059
0,0.086918,0.020226,-0.038671,0.068227,-0.047192,0.106674,0.001517,0.000353
0,0.001114,0.093054,-0.103968,0.073166,-0.08807,0.061133,1.9e-05,0.001624
0,-0.014827,-0.14353,-0.029424,-0.222154,-0.027871,-0.264546,0.000259,0.002505
0,0.072847,-0.089066,0.110629,0.041448,0.143564,0.044071,0.001271,0.001554
0,0.003077,0.080817,-0.095012,0.193,-0.098455,0.220977,5.4e-05,0.001411
0,-0.111248,0.069359,-0.1399,0.002534,-0.113623,0.034263,0.001942,0.001211
0,0.182243,0.070925,0.291913,0.02953,0.312372,-0.011135,0.003181,0.001238
0,0.120167,-0.040672,-0.077786,-0.137178,-0.030218,-0.164262,0.002097,0.00071
0,-0.06563,-0.075344,-0.21483,-0.031407,-0.253679,-0.066568,0.001145,0.001315
0,-0.001141,-0.131516,0.037664,-0.040302,0.06534,-0.031321,2e-05,0.002295
0,0.114622,0.081354,0.118162,0.241037,0.153687,0.276476,0.002001,0.00142
0,0.012858,-0.068593,-0.072563,-0.140426,-0.034517,-0.177307,0.000224,0.001197
0,-0.048704,-0.169975,-0.038516,-0.129096,-0.002582,-0.103773,0.00085,0.002967
0,-0.081242,-0.121117,-0.005821,0.071187,-0.014794,0.119397,0.001418,0.002114
0,-0.042961,-0.003979,0.033846,0.145819,0.076882,0.108508,0.00075,6.9e-05
0,-0.037467,0.074425,-0.014707,0.08045,-0.016936,0.042519,0.000654,0.001299
0,-0.175492,0.049661,-0.153301,0.000211,-0.159045,0.022542,0.003063,0.000867
0,0.018563,0.019766,0.201025,-0.003521,0.210765,-0.034687,0.000324,0.000345
0,-0.180027,-0.114059,-0.195531,-0.10802,-0.164979,-0.156124,0.003142,0.001991
0,-0.027164,0.04638,0.161388,0.160565,0.171977,0.123172,0.000474,0.000809
0,0.043953,-0.00346,0.097363,-0.0764,0.077124,-0.048483,0.000767,6e-05
0,0.019635,-0.040211,-0.046782,-0.059054,-0.078649,-0.107269,0.000343,0.000702
0,0.0008,-0.147747,0.000905,-0.097083,0.050887,-0.098439,1.4e-05,0.002579
0,-0.133804,0.037652,-0.120754,0.162086,-0.162765,0.195027,0.002335,0.000657
0,-0.004076,0.049744,0.134192,-0.000993,0.115789,0.026361,7.1e-05,0.000868
0,-0.081887,-0.101945,-0.081429,-0.141197,-0.035706,-0.132789,0.001429,0.001779
0,-0.104322,-0.123419,0.003333,-0.026144,0.035771,-0.053524,0.001821,0.002154
0,-0.248063,0.071519,-0.134461,0.177113,-0.110331,0.179964,0.00433,0.001248
0,-0.107331,-0.014731,0.132542,-0.11612,0.129384,-0.08646,0.001873,0.000257
0,-0.207043,0.055663,-0.099045,0.072907,-0.117332,0.095895,0.003614,0.000972
0,-0.15953,0.00117,0.043574,-0.080546,0.018023,-0.104458,0.002784,2e-05
0,-0.096151,0.017203,0.073329,0.007983,0.057113,0.002854,0.001678,0.0003
0,-0.0952,0.034496,0.023111,0.042597,0.060997,0.080577,0.001662,0.000602
0,-0.273017,-0.036614,-0.153665,-0.050215,-0.189321,-0.016118,0.004765,0.000639
0,-0.17129,0.041362,0.09627,0.104115,0.141279,0.100555,0.00299,0.000722
0,-0.082568,-0.058391,0.077172,-0.115701,0.081274,-0.148276,0.001441,0.001019
0,-0.072113,-0.184721,0.017747,-0.110775,0.0153,-0.115317,0.001259,0.003224
0,-0.047617,0.054959,0.009302,0.268056,-0.009149,0.304747,0.000831,0.000959
0,-0.154809,-0.083358,-0.117103,-0.141965,-0.148683,-0.156612,0.002702,0.001455
0,-0.154698,-0.063082,0.002281,0.017573,-0.03576,-0.032218,0.0027,0.001101
0,-0.050094,0.132868,0.091316,0.210748,0.105787,0.201127,0.000874,0.002319
0,-0.208908,-0.049058,-0.165018,-0.17067,-0.11542,-0.174102,0.003646,0.000856
0,-0.220115,-0.106436,-0.012537,-0.05963,0.024796,-0.107776,0.003842,0.001858
0,-0.066235,-0.007118,0.162475,0.074541,0.140139,0.069589,0.001156,0.000124
0,-0.054207,-0.119635,0.015909,-0.108058,-0.000951,-0.099447,0.000946,0.002088
0,-0.158649,0.083748,-0.127898,0.209366,-0.099354,0.224868,0.002769,0.001462
0,-0.010778,-0.011028,0.155635,-0.106244,0.118471,-0.136751,0.000188,0.000192
0,-0.137332,0.028904,-0.107722,0.013004,-0.072525,0.041576,0.002397,0.000504
0,0.016027,0.044609,0.149106,-0.003797,0.123496,0.03409,0.00028,0.000779
0,-0.013807,0.091314,-0.030092,0.075501,-0.026903,0.036624,0.000241,0.001594
0,-0.127524,-0.084169,-0.094021,-0.197622,-0.134754,-0.221161,0.002226,0.001469
0,-0.10212,0.041145,-0.001398,0.155161,-0.041806,0.188098,0.001782,0.000718
0,-0.195839,-0.06679,-0.06861,-0.088192,-0.034912,-0.136092,0.003418,0.001166
0,-0.178642,-0.084345,0.045421,-0.029704,0.046557,-0.042753,0.003118,0.001472
0,-0.208795,-0.103939,-0.045452,0.004744,-0.023779,-0.029296,0.003644,0.001814
0,-0.075514,0.09042,0.122125,0.199409,0.110078,0.205534,0.001318,0.001578
0,-0.075572,-0.110073,0.012182,-0.196587,-0.008594,-0.186513,0.001319,0.001921
0,-0.194687,-0.136935,-0.123257,-0.05671,-0.158886,-0.007673,0.003398,0.00239
0,-0.000331,-0.114758,0.206927,0.030909,0.253086,-0.005692,6e-06,0.002003
0,-0.1928,0.090861,-0.17619,0.209387,-0.151264,0.224083,0.003365,0.001586
0,-0.198977,-0.041212,-0.035111,-0.102202,-0.074588,-0.128432,0.003473,0.000719
0,-0.067337,-0.120907,0.140454,-0.092129,0.111313,-0.129394,0.001175,0.00211
0,-0.196073,0.039311,-0.125356,0.132685,-0.122276,0.123129,0.003422,0.000686
0,-0.09726,0.023249,0.074594,-0.001702,0.030696,-0.006234,0.001698,0.000406
0,-0.247171,-0.047872,-0.163193,-0.043511,-0.167328,-0.058678,0.004314,0.000836
0,-0.271412,-0.077605,-0.031056,-0.054173,-0.067211,-0.00666,0.004737,0.001354
0,-0.090112,0.010424,0.203683,0.099244,0.232614,0.067538,0.001573,0.000182
0,-0.037288,0.143134,0.050656,0.129237,0.002275,0.176009,0.000651,0.002498
0,-0.115363,0.086049,-0.082582,-0.086894,-0.044194,-0.077363,0.002013,0.001502
0,0.009204,0.150616,0.142415,0.0544,0.162153,0.069705,0.000161,0.002629
0,-0.078693,0.018737,-0.063475,-0.155512,-0.014992,-0.12136,0.001373,0.000327
0,-0.181848,0.177805,-0.122746,0.180494,-0.147838,0.205465,0.003174,0.003103
0,-0.14796,-0.012885,0.046937,-0.171804,0.043743,-0.156079,0.002582,0.000225
0,-0.18783,0.203667,-0.017277,0.19141,-0.047222,0.235901,0.003278,0.003555
0,-0.222537,-0.107745,-0.034548,-0.296037,-0.005679,-0.324439,0.003884,0.001881
0,-0.196199,0.19664,0.011245,0.275728,-0.031865,0.258258,0.003424,0.003432
0,-0.055979,0.173031,0.163764,-0.032656,0.173066,-0.02602,0.000977,0.00302
0,0.025134,-0.008404,0.078433,-0.196744,0.070293,-0.191751,0.000439,0.000147
0,-0.167849,-0.037111,-0.190502,-0.047031,-0.223236,-0.042123,0.00293,0.000648
0,0.036808,0.002482,0.220198,0.040866,0.220342,0.028388,0.000642,4.3e-05
0,0.024205,-0.08222,-0.019491,-0.075577,-0.053012,-0.068393,0.000422,0.001435
0,-0.12072,-0.042628,-0.148281,0.061767,-0.151181,0.094358,0.002107,0.000744
0,0.011505,-0.050783,0.132295,-0.00264,0.125234,-0.044711,0.000201,0.000886
0,-0.140133,0.016825,-0.152268,0.047885,-0.119325,0.066669,0.002446,0.000294
0,0.048417,-0.057836,0.189721,-0.085686,0.226479,-0.036135,0.000845,0.001009
0,0.039289,-0.111997,0.014127,-0.064755,0.025237,-0.086461,0.000686,0.001955
0,-0.089235,-0.128153,-0.142215,0.000174,-0.147378,0.008331,0.001557,0.002237
0,-0.218127,0.147703,-0.110063,0.287651,-0.104457,0.264841,0.003807,0.002578
0,-0.026929,-0.036841,0.175772,-0.175958,0.16298,-0.162692,0.00047,0.000643
0,-0.128532,0.030874,-0.116687,0.082278,-0.158394,0.046303,0.002243,0.000539
0,-0.201129,-0.059934,-0.042795,-0.092795,-0.010039,-0.084932,0.00351,0.001046
0,-0.199275,0.130333,0.004205,0.219284,0.028424,0.242697,0.003478,0.002275
0,-0.010784,0.021903,0.15852,-0.130886,0.150173,-0.094062,0.000188,0.000382
0,-0.077364,0.000827,-0.076507,-0.028286,-0.072258,0.018091,0.00135,1.4e-05
0,-0.027101,0.195414,0.063447,0.204676,0.053243,0.246391,0.000473,0.003411
0,-0.058913,0.035996,-0.041634,-0.131406,0.006921,-0.143855,0.001028,0.000628
0,-0.174252,0.001892,-0.085858,-0.049486,-0.086008,-0.091452,0.003041,3.3e-05
0,-0.091094,-0.060723,0.097994,-0.089041,0.116786,-0.11016,0.00159,0.00106
0,-0.08328,0.175917,0.01532,0.258414,0.062737,0.2377,0.001454,0.00307
0,-0.026614,0.055836,0.068553,-0.134326,0.028539,-0.118422,0.000464,0.000975
0,0.018629,0.197774,0.064963,0.153685,0.014977,0.19975,0.000325,0.003452
0,0.017264,0.165935,-0.016145,-0.058208,0.012027,-0.037377,0.000301,0.002896
0,-0.140879,0.063141,-0.183462,-0.123378,-0.201779,-0.079308,0.002459,0.001102
0,-0.097864,0.07019,0.031426,-0.019999,-0.006128,0.019818,0.001708,0.001225
0,0.021055,0.154232,0.08982,0.095269,0.083475,0.104862,0.000367,0.002692
0,-0.139147,-0.107673,-0.162659,-0.254771,-0.170773,-0.294528,0.002429,0.001879
0,-0.145416,-0.051985,0.003131,0.038414,-0.012431,0.031548,0.002538,0.000907
0,0.053087,0.016788,0.224698,0.076591,0.234978,0.063752,0.000927,0.000293
0,-0.102891,0.165541,-0.129254,0.121062,-0.096427,0.095804,0.001796,0.002889
0,0.016441,-0.007044,0.122971,-0.15577,0.105735,-0.121778,0.000287,0.000123
0,-0.188857,0.204366,-0.233059,0.206419,-0.185718,0.218584,0.003296,0.003567
0,-0.113985,0.221043,0.046543,-0.008183,0.018089,-0.019504,0.001989,0.003858
0,-0.151989,0.184787,-0.012839,-0.028478,-0.047897,0.018149,0.002653,0.003225
0,-0.213691,0.066704,-0.089215,-0.090634,-0.100233,-0.057776,0.00373,0.001164
0,-0.00283,0.087693,0.2369,0.00562,0.196188,-0.039162,4.9e-05,0.001531
0,0.042304,-0.042924,0.05151,-0.103287,0.055618,-0.146766,0.000738,0.000749
0,0.127578,0.016022,0.093312,0.049416,0.080387,0.065121,0.002227,0.00028
0,0.00489,0.199166,-0.115974,0.199782,-0.08717,0.153108,8.5e-05,0.003476
0,-0.12339,0.241202,-0.106337,0.027752,-0.110852,0.066077,0.002154,0.00421
0,-0.11028,0.032118,-0.003754,-0.188136,0.009768,-0.231159,0.001925,0.000561
0,0.010571,0.186557,0.094834,0.162914,0.075634,0.124499,0.000185,0.003256
0,0.017447,0.133159,0.012434,-0.048576,-0.013289,-0.062038,0.000305,0.002324
0,0.113552,0.225057,0.073573,0.066025,0.033269,0.094335,0.001982,0.003928
0,-0.025456,0.246394,-0.146836,0.00063,-0.114054,0.021721,0.000444,0.0043
0,-0.052564,0.1902,-0.012394,-0.037768,0.020388,-0.025441,0.000917,0.00332
0,-0.01892,0.121343,0.028507,-0.05753,-0.011283,-0.032494,0.00033,0.002118
0,0.132937,0.109887,0.141966,0.014676,0.149453,0.004769,0.00232,0.001918
0,0.089501,0.002096,-0.048776,-0.121377,-0.085174,-0.082257,0.001562,3.7e-05
0,0.084542,0.147019,0.007526,0.163859,0.009447,0.201415,0.001476,0.002566
0,0.066673,0.109171,0.006904,-0.056674,0.054703,-0.031611,0.001164,0.001905
0,0.102971,-0.035233,0.066154,-0.161186,0.025535,-0.20047,0.001797,0.000615
0,-0.054304,0.035864,-0.139951,0.088357,-0.10412,0.071772,0.000948,0.000626
0,-0.024815,0.14593,0.00764,0.107672,0.038677,0.072331,0.000433,0.002547
0,0.025156,-0.013816,0.042789,-0.133531,0.032727,-0.121254,0.000439,0.000241
0,-0.014899,0.150246,-0.044138,0.178742,-0.02381,0.132239,0.00026,0.002622
0,-0.029958,0.19704,-0.012717,0.031985,-0.041775,0.045472,0.000523,0.003439
0,0.030239,0.049651,0.085688,-0.164811,0.101305,-0.139297,0.000528,0.000867
0,0.120534,0.198097,0.115053,0.134828,0.133973,0.094292,0.002104,0.003457
0,-0.029602,0.032194,-0.166585,-0.193743,-0.213118,-0.171404,0.000517,0.000562
0,0.156022,0.203533,0.191406,0.189563,0.189495,0.166349,0.002723,0.003552
0,0.101419,0.126053,-0.039692,-0.070065,0.005285,-0.092863,0.00177,0.0022
0,-0.070694,0.047734,-0.156773,-0.08674,-0.126212,-0.124958,0.001234,0.000833
0,-0.017954,0.095892,0.062907,0.03633,0.084764,0.053413,0.000313,0.001674
0,0.143236,0.117254,0.138858,0.034771,0.116205,0.007193,0.0025,0.002046
0,0.005912,0.084396,-0.126541,-0.022367,-0.113004,-0.068639,0.000103,0.001473
0,0.063167,0.076534,0.06971,0.016389,0.032225,0.043448,0.001102,0.001336
0,0.097748,-0.08795,0.029939,-0.155587,0.029906,-0.17416,0.001706,0.001535
0,-0.033193,0.142788,-0.146854,0.232776,-0.167187,0.27562,0.000579,0.002492
0,-0.11028,0.1276,-0.062161,0.008394,-0.10225,-0.019497,0.001925,0.002227
0,0.00231,0.147393,0.095871,-0.008495,0.144497,-0.023798,4e-05,0.002573
0,-0.092323,0.037533,-0.088002,-0.088938,-0.11267,-0.114211,0.001611,0.000655
0,0.094612,0.062418,0.201835,0.054775,0.249256,0.10473,0.001651,0.001089
0,-0.050591,-0.006098,-0.134001,-0.047467,-0.152146,-0.091305,0.000883,0.000106
0,-0.05274,0.004549,0.02627,0.022956,0.00277,0.032306,0.00092,7.9e-05
0,0.172919,0.000788,0.205101,-0.016395,0.187218,-0.029685,0.003018,1.4e-05
0,0.197299,0.152725,0.010047,0.135232,-0.021075,0.130621,0.003444,0.002666
0,0.054844,0.108348,-0.158785,-0.053253,-0.114777,-0.011626,0.000957,0.001891
0,0.106623,0.138269,0.055868,0.019842,0.033086,0.020151,0.001861,0.002413
0,0.101261,0.136734,-0.008165,-0.008099,-0.004216,-0.042686,0.001767,0.002386
0,-0.093571,0.126573,-0.181854,0.01495,-0.154692,0.027838,0.001633,0.002209
0,0.033304,-0.026524,0.102869,-0.177373,0.114485,-0.160626,0.000581,0.000463
0,0.064369,0.122101,0.044069,0.124404,0.029451,0.082328,0.001123,0.002131
0,-0.073836,0.19768,-0.167019,0.097079,-0.126597,0.110065,0.001289,0.00345
0,0.016811,0.05653,0.112258,-0.161307,0.086187,-0.168387,0.000293,0.000987
0,-0.128337,0.101584,-0.120338,0.067143,-0.15604,0.036926,0.00224,0.001773
0,-0.06728,0.099577,0.090684,-0.014678,0.138393,-0.032359,0.001174,0.001738
0,-0.159833,-0.002223,-0.114723,-0.104951,-0.116532,-0.071949,0.00279,3.9e-05
0,0.128366,0.11516,0.261705,0.145025,0.262393,0.155577,0.00224,0.00201
0,-0.111957,0.175331,-0.250628,0.088613,-0.284749,0.137101,0.001954,0.00306
0,-0.142073,-0.066903,-0.008108,-0.221494,0.0049,-0.216668,0.00248,0.001168
0,-0.004054,0.071642,0.139244,0.129499,0.165345,0.091067,7.1e-05,0.00125
0,0.076065,-0.032176,0.102426,-0.098422,0.134328,-0.074428,0.001328,0.000562
0,0.048957,-0.074404,-0.045947,-0.043639,-0.00464,-0.057508,0.000854,0.001299
0,0.120758,0.113663,0.045963,0.213279,0.0653,0.175093,0.002108,0.001984
0,-0.159424,0.10868,-0.260463,-0.034412,-0.211858,0.008024,0.002782,0.001897
0,-0.15613,0.066771,-0.024286,-0.023189,-0.027785,-0.03562,0.002725,0.001165
0,-0.088208,0.128726,0.059764,0.072247,0.03211,0.08924,0.00154,0.002247
0,0.030612,0.222388,0.122197,0.098293,0.108825,0.097309,0.000534,0.003881
0,-0.116182,0.135709,-0.162167,-0.097423,-0.149831,-0.145355,0.002028,0.002369
0,-0.122556,0.115636,-0.003594,-0.041791,0.010555,-0.063346,0.002139,0.002018
0,0.179841,-0.008573,0.314751,-0.101071,0.277855,-0.115632,0.003139,0.00015
0,-0.037358,-0.03359,-0.246868,-0.000605,-0.263682,0.031218,0.000652,0.000586
0,-0.095796,0.151302,-0.060685,0.171473,-0.012404,0.170384,0.001672,0.002641
0,-0.045448,0.077109,0.071982,-0.094231,0.092704,-0.109474,0.000793,0.001346
0,0.039183,0.063453,0.080248,0.015926,0.102138,0.047941,0.000684,0.001107
0,-0.049401,0.173227,-0.096484,0.115495,-0.105782,0.149523,0.000862,0.003023
0,0.143476,0.089806,0.195683,-0.078167,0.241292,-0.072204,0.002504,0.001567
0,0.031502,-0.039271,-0.127592,-0.110504,-0.177497,-0.070149,0.00055,0.000685
0,-0.071684,-0.018717,-0.082165,0.04781,-0.103842,0.061443,0.001251,0.000327
0,0.112153,0.132774,0.181199,0.13349,0.152589,0.133143,0.001957,0.002317
0,0.138764,0.128066,0.010354,-0.027283,0.048165,-0.024296,0.002422,0.002235
0,0.183046,0.215736,0.045631,0.068022,0.090479,0.117538,0.003195,0.003765
0,0.17734,0.202931,0.015779,-0.000172,-0.022446,-0.049787,0.003095,0.003542
0,0.053528,-0.026621,-0.134414,-0.248686,-0.1722,-0.259573,0.000934,0.000465
0,0.042235,0.078135,-0.03252,0.107443,-0.059025,0.078765,0.000737,0.001364
0,0.038172,0.222998,-0.033395,0.135025,0.007696,0.150976,0.000666,0.003892
0,-0.037439,0.010499,-0.085786,-0.237339,-0.108104,-0.235538,0.000653,0.000183
0,0.122557,0.225757,0.177381,0.219884,0.169256,0.227974,0.002139,0.00394
0,0.164184,0.028717,0.039807,-0.168429,0.029707,-0.163554,0.002866,0.000501
0,0.147634,0.0913,0.00874,0.089451,0.031383,0.041097,0.002577,0.001593
0,0.223033,0.187909,0.079422,0.118997,0.063312,0.149362,0.003893,0.00328
0,0.103281,0.042007,-0.10302,-0.119438,-0.137514,-0.092792,0.001803,0.000733
0,0.025792,0.122118,-0.065208,0.100097,-0.110566,0.132487,0.00045,0.002131
0,0.218775,-0.052723,0.222024,-0.167496,0.208397,-0.143157,0.003818,0.00092
0,0.260107,0.149141,0.022439,0.223019,0.062171,0.182334,0.00454,0.002603
0,0.125886,0.067246,-0.136025,-0.089555,-0.133936,-0.084174,0.002197,0.001174
0,-0.020085,0.165591,-0.118381,0.119984,-0.068523,0.148877,0.000351,0.00289
0,-0.053516,0.118538,-0.049619,-0.062005,-0.071111,-0.037373,0.000934,0.002069
0,0.086125,0.15847,0.166603,0.017163,0.153377,0.009266,0.001503,0.002766
0,-0.120399,0.076937,-0.228668,-0.071253,-0.23571,-0.083972,0.002101,0.001343
0,0.021707,-0.10334,0.159584,-0.17591,0.161137,-0.151364,0.000379,0.001804
0,-0.058861,0.008885,-0.103365,0.116443,-0.059161,0.131453,0.001027,0.000155
0,0.00079,0.124653,0.03098,0.140484,0.072063,0.172661,1.4e-05,0.002176
0,0.010193,0.048461,0.033798,-0.074444,0.012491,-0.111215,0.000178,0.000846
0,-0.033177,-0.16277,-0.02678,-0.215392,-0.059752,-0.21189,0.000579,0.002841
0,-0.208617,0.019904,-0.167087,0.180497,-0.133031,0.196018,0.003641,0.000347
0,-0.082141,-0.196724,0.117281,-0.246587,0.154902,-0.282689,0.001434,0.003433
0,3.333807,-0.075647,3.386129,0.131082,3.427422,0.170078,0.002267,0.00132
0,4.138292,-0.144996,0.797653,-0.069952,0.805637,-0.074485,0.000316,0.002531
0,4.484641,-0.332459,0.376241,-0.188346,0.383625,-0.186814,0.005729,0.005802
0,4.038373,-0.185008,-0.421576,0.125232,-0.410672,0.094448,0.00206,0.003229
0,3.732153,-0.317644,-0.331567,-0.159036,-0.328712,-0.202055,0.004686,0.005544
0,2.795206,-0.19461,-0.9586,0.147351,-0.957952,0.162263,0.000424,0.003397
0,2.120722,-0.424013,-0.689037,-0.247103,-0.645549,-0.261948,0.000742,0.00469
0,1.652488,-0.306606,-0.485278,0.119385,-0.509901,0.155621,0.00466,0.005351
0,0.957989,-0.168898,-0.707723,0.16763,-0.735315,0.184176,0.00463,0.002948
0,0.520882,-0.342267,-0.415067,-0.153086,-0.439102,-0.160932,0.002999,0.005974
0,-0.104061,-0.123389,-0.601458,0.192921,-0.648342,0.155044,0.001816,0.002154
0,-0.199129,-0.341767,-0.109588,-0.22258,-0.099377,-0.256414,0.003475,0.005965
0,-0.550394,-0.32422,-0.362577,-0.008276,-0.374241,0.004168,0.002484,0.005659
0,-0.586117,-0.065052,-0.011902,0.252739,-0.023283,0.223754,0.001861,0.001135
0,-0.284346,-0.239875,0.324561,-0.18212,0.316251,-0.16524,0.004963,0.004187
0,-0.419834,-0.226952,-0.120199,0.028406,-0.096067,0.043869,0.004763,0.003961
0,-0.387513,-0.164883,0.061435,0.054149,0.109657,0.043654,0.005327,0.002878
0,-0.059502,-0.015127,0.303443,0.133124,0.263943,0.143597,0.001039,0.000264
0,-0.17228,-0.047811,-0.094459,-0.051132,-0.09506,-0.009957,0.003007,0.000834
0,0.019159,-0.238922,0.210044,-0.190583,0.194056,-0.212409,0.000334,0.00417
0,-0.057361,-0.04477,-0.070171,0.18325,-0.10738,0.187758,0.001001,0.000781
0,0.109464,-0.047699,0.152087,0.003305,0.159518,-0.003016,0.001911,0.000833
0,-0.023931,-0.099606,-0.121003,-0.048527,-0.090773,-0.049995,0.000418,0.001738
0,0.154704,-0.173623,0.189885,-0.057785,0.1404,-0.103987,0.0027,0.00303
0,-0.122164,-0.266129,-0.276313,-0.079166,-0.238779,-0.096526,0.002132,0.004645
0,0.010506,-0.092804,0.136233,0.19057,0.108745,0.211471,0.000183,0.00162
0,-0.092727,-0.331764,-0.096859,-0.233608,-0.131903,-0.218882,0.001618,0.00579
0,-0.110347,-0.252888,-0.045075,0.088529,-0.073356,0.085739,0.001926,0.004414
0,0.03708,-0.12255,0.170157,0.157507,0.190032,0.147803,0.000647,0.002139
0,-0.078175,-0.108879,-0.122962,0.000819,-0.073465,0.02791,0.001364,0.0019
0,-0.045953,-0.074148,0.020447,0.036347,0.011376,0.046018,0.000802,0.001294
0,0.105638,-0.112511,0.165106,-0.035882,0.21044,-0.029617,0.001844,0.001964
0,-0.108878,-0.179962,-0.18966,-0.065288,-0.220936,-0.053033,0.0019,0.003141
0,-0.088605,-0.161076,0.001257,0.010484,-0.032499,-0.017763,0.001546,0.002811
0,0.190475,-0.218544,0.301828,-0.047884,0.322523,-0.013157,0.003324,0.003814
0,0.018597,-0.083496,-0.150186,0.129045,-0.13945,0.095589,0.000325,0.001457
0,0.084019,-0.254832,0.06477,-0.155623,0.020839,-0.161839,0.001466,0.004448
0,-0.056185,-0.065584,-0.143171,0.204264,-0.133973,0.223988,0.000981,0.001145
0,0.186601,-0.241468,0.263514,-0.153295,0.262701,-0.130935,0.003257,0.004214
0,-0.029401,-0.104068,-0.214046,0.139039,-0.197757,0.183117,0.000513,0.001816
0,0.055564,-0.284261,0.081817,-0.156163,0.036825,-0.124719,0.00097,0.004961
0,0.057393,-0.195118,-0.023059,0.070994,-0.004213,0.067966,0.001002,0.003405
0,0.128521,-0.118439,0.093903,0.04836,0.067749,0.040715,0.002243,0.002067
0,0.036045,0.000702,-0.099193,0.114915,-0.073357,0.084087,0.000629,1.2e-05
0,-0.114142,-0.169175,-0.136157,-0.147638,-0.175011,-0.138505,0.001992,0.002953
0,0.077578,-0.15727,0.177256,-0.014945,0.168618,-0.061893,0.001354,0.002745
0,0.030673,-0.10807,-0.069775,0.036024,-0.11784,0.027147,0.000535,0.001886
0,0.076915,-0.067066,0.075603,0.053504,0.097635,0.084823,0.001342,0.001171
0,-0.032693,0.037972,-0.133536,0.106365,-0.08453,0.100801,0.000571,0.000663
0,-0.11621,-0.074636,-0.095697,-0.083612,-0.111121,-0.054372,0.002028,0.001303
0,0.052803,-0.013865,0.147941,0.079469,0.130755,0.059316,0.000922,0.000242
0,0.111134,-0.03689,0.039784,-0.029271,0.082291,-0.009786,0.00194,0.000644
0,0.021876,-0.08828,-0.086965,-0.056154,-0.073101,-0.064947,0.000382,0.001541
0,-0.208255,-0.203252,-0.213382,-0.133166,-0.223459,-0.146795,0.003635,0.003547
0,0.025775,-0.212472,0.226906,-0.014275,0.259231,-0.036353,0.00045,0.003708
0,-0.130294,-0.208306,-0.164221,-0.021494,-0.204493,-0.023679,0.002274,0.003636
0,-0.174429,-0.017723,-0.056772,0.175209,-0.078307,0.21212,0.003044,0.000309
0,-0.254657,-0.121245,-0.085916,-0.096086,-0.114588,-0.141369,0.004445,0.002116
0,-0.221217,-0.103389,0.028021,0.04677,0.076395,0.027701,0.003861,0.001804
0,-0.188809,-0.143257,0.018047,-0.025211,0.008655,-0.025445,0.003295,0.0025
0,-0.082269,0.031194,0.099054,0.179391,0.057353,0.133349,0.001436,0.000544
0,-0.040552,-0.104935,0.068635,-0.122313,0.034691,-0.078145,0.000708,0.001831
0,-0.000528,-0.098404,0.055271,0.032635,0.09851,0.039759,9e-06,0.001717
0,-0.0541,-0.139168,-0.050987,-0.057304,-0.071542,-0.026754,0.000944,0.002429
0,-0.067559,0.028004,0.012289,0.193505,0.049462,0.18286,0.001179,0.000489
0,-0.087038,-0.117595,-0.04561,-0.116624,-0.067633,-0.067561,0.001519,0.002052
0,-0.15856,-0.106928,-0.072864,-0.003264,-0.04933,0.001141,0.002767,0.001866
0,0.03603,-0.039636,0.189448,0.047192,0.232471,0.036681,0.000629,0.000692
0,-0.115572,-0.147165,-0.148094,-0.10201,-0.152374,-0.147777,0.002017,0.002569
0,0.057323,0.085904,0.197596,0.252557,0.216409,0.203784,0.001,0.001499
0,0.102117,0.067918,0.050327,-0.02529,0.07114,-0.017851,0.001782,0.001185
0,0.092849,0.090919,0.009315,-0.004327,0.054193,-0.012387,0.001621,0.001587
0,-0.142303,0.087347,-0.225491,-0.010617,-0.252337,-0.004944,0.002484,0.001524
0,0.0956,-0.103047,0.211201,-0.165817,0.183079,-0.214009,0.001669,0.001799
0,0.002279,-0.078244,-0.083189,0.021131,-0.064577,0.035793,4e-05,0.001366
0,-0.09405,0.080435,-0.094237,0.167939,-0.135332,0.128071,0.001641,0.001404
0,0.060944,-0.119211,0.159691,-0.200923,0.135246,-0.233836,0.001064,0.002081
0,0.129075,0.082007,0.040552,0.179264,0.026566,0.152126,0.002253,0.001431
0,0.007206,0.137378,-0.102175,0.059894,-0.139014,0.024979,0.000126,0.002398
0,0.168894,-0.097138,0.148127,-0.245715,0.170118,-0.286715,0.002948,0.001695
0,0.035109,-0.079194,-0.162249,0.029618,-0.204021,0.03436,0.000613,0.001382
0,0.022977,-0.038352,-0.025485,0.048757,0.006345,0.086764,0.000401,0.000669
0,0.205377,0.100127,0.18784,0.115815,0.220254,0.109586,0.003585,0.001748
0,0.062341,-0.123431,-0.15158,-0.228971,-0.139309,-0.276148,0.001088,0.002154
0,0.153712,-0.064047,0.09587,0.064315,0.102743,0.066347,0.002683,0.001118
0,0.122999,-0.122338,-0.0569,-0.080074,-0.093834,-0.030957,0.002147,0.002135
0,-0.017266,0.069694,-0.114109,0.174609,-0.128858,0.153342,0.000301,0.001216
0,0.014556,0.01344,0.050357,-0.067066,0.044497,-0.079838,0.000254,0.000235
0,0.00513,-0.067038,-0.00299,-0.071593,-0.033108,-0.086032,9e-05,0.00117
0,-0.131812,0.0934,-0.158505,0.149238,-0.143169,0.146925,0.002301,0.00163
0,0.144909,-0.181788,0.273624,-0.257871,0.268828,-0.286076,0.002529,0.003173
0,0.085174,-0.111961,-0.08002,0.043747,-0.071961,0.040583,0.001487,0.001954
0,0.124745,-0.107398,0.01341,0.002179,-0.019385,0.019633,0.002177,0.001874
0,0.123367,0.060044,0.00531,0.176622,0.032042,0.175597,0.002153,0.001048
0,0.049293,0.108753,-0.051475,0.025251,-0.050813,0.021627,0.00086,0.001898
0,-0.030213,0.072557,-0.060027,-0.027817,-0.034218,0.004862,0.000527,0.001266
0,0.089761,-0.133856,0.109102,-0.202337,0.095201,-0.179818,0.001567,0.002336
0,0.144986,-0.075931,0.075578,0.069287,0.062401,0.075811,0.00253,0.001325
0,0.064943,-0.11197,-0.093831,-0.044868,-0.071649,-0.019492,0.001133,0.001954
0,0.108681,0.174835,0.056696,0.293731,0.061027,0.269061,0.001897,0.003051
0,0.112018,0.126542,-0.004507,-0.055304,-0.011783,-0.045338,0.001955,0.002209
0,0.120535,-0.009708,0.02759,-0.117583,-0.008217,-0.163795,0.002104,0.000169
0,-0.011686,-0.063947,-0.120724,-0.060802,-0.106798,-0.072187,0.000204,0.001116
0,0.143174,0.104893,0.134299,0.194358,0.114927,0.238331,0.002499,0.001831
0,0.061366,-0.028775,-0.081629,-0.151068,-0.074812,-0.198852,0.001071,0.000502
0,0.164445,-0.070507,0.084252,-0.051826,0.06762,-0.035303,0.00287,0.001231
0,-0.110195,0.128024,-0.276874,0.210566,-0.319552,0.232887,0.001923,0.002234
0,0.107865,0.05873,0.235846,-0.064255,0.284528,-0.021301,0.001883,0.001025
0,0.10177,0.050807,-0.00702,0.007809,-0.024158,0.004637,0.001776,0.000887
0,0.000814,-0.074378,-0.084304,-0.113302,-0.059382,-0.101968,1.4e-05,0.001298
0,0.126398,-0.124523,0.148818,-0.055976,0.119865,-0.0398,0.002206,0.002173
0,0.047562,0.010056,-0.088593,0.115661,-0.046133,0.164424,0.00083,0.000176
0,0.112017,-0.02691,0.084561,-0.059341,0.035355,-0.032366,0.001955,0.00047
0,0.003186,-0.060843,-0.135,-0.048261,-0.10342,-0.028365,5.6e-05,0.001062
0,0.162588,-0.002449,0.175534,0.072828,0.177722,0.092004,0.002838,4.3e-05
0,0.110666,0.074785,-0.059302,0.057677,-0.039593,0.031856,0.001931,0.001305
0,0.172658,-0.106011,0.048705,-0.165124,0.081257,-0.163401,0.003013,0.00185
0,0.032281,-0.010901,-0.143484,0.072999,-0.126904,0.033181,0.000563,0.00019
0,0.030557,-0.011041,-0.029043,-0.020566,-0.048864,-0.00843,0.000533,0.000193
0,0.225578,0.17354,0.199501,0.19037,0.174583,0.230658,0.003937,0.003029
0,0.13249,-0.094317,-0.070534,-0.284688,-0.077743,-0.290649,0.002312,0.001646
0,0.002648,0.098238,-0.150423,0.198615,-0.199238,0.163243,4.6e-05,0.001715
0,0.075836,0.051601,0.048657,-0.017356,0.015665,-0.020733,0.001324,0.000901
0,0.163122,0.119394,0.090441,0.060478,0.061435,0.07763,0.002847,0.002084
0,-0.003536,-0.024712,-0.14821,-0.163821,-0.174453,-0.158425,6.2e-05,0.000431
0,-0.055262,0.000492,-0.068861,0.017969,-0.028489,0.063914,0.000964,9e-06
0,-0.122795,-0.030702,-0.063909,-0.040691,-0.11379,0.001767,0.002143,0.000536
0,-0.122975,-0.017862,-0.002582,0.031707,-0.050654,0.00432,0.002146,0.000312
0,0.040059,0.085266,0.16025,0.111201,0.199236,0.129722,0.000699,0.001488
0,-0.129605,0.175865,-0.156455,0.071592,-0.170263,0.027186,0.002262,0.003069
0,-0.094508,0.117784,0.048794,-0.067077,0.057676,-0.090631,0.001649,0.002056
0,0.087703,0.021418,0.204163,-0.093193,0.24781,-0.099015,0.001531,0.000374
0,-0.11224,0.176523,-0.202414,0.125181,-0.204586,0.151352,0.001959,0.003081
0,-0.105513,-0.084266,-0.003173,-0.262455,-0.031197,-0.302754,0.001842,0.001471
0,-0.091302,0.176528,0.031826,0.247534,-0.007081,0.293462,0.001594,0.003081
0,-0.153129,0.155072,-0.062547,-0.022138,-0.093567,-0.02141,0.002673,0.002707
0,-0.059796,0.140536,0.094091,-0.025026,0.117788,-0.02663,0.001044,0.002453
0,-0.061912,0.096059,0.019258,-0.046583,-0.007271,-0.037072,0.001081,0.001677
0,-0.024518,-0.0852,0.063676,-0.196573,0.047889,-0.182363,0.000428,0.001487
0,0.063352,0.016229,0.103734,0.118629,0.152964,0.090041,0.001106,0.000283
0,0.025195,-0.048262,-0.062415,-0.066065,-0.112342,-0.042716,0.00044,0.000842
0,-0.222742,0.160005,-0.257029,0.181067,-0.3063,0.161376,0.003888,0.002793
0,-0.19487,0.044999,0.003425,-0.111141,0.035619,-0.110177,0.003401,0.000785
0,0.07085,0.096207,0.264773,0.021913,0.224546,0.063469,0.001237,0.001679
0,0.006299,0.066768,-0.065402,-0.044043,-0.063281,-0.040144,0.00011,0.001165
0,0.06492,0.008189,0.073996,-0.055931,0.029751,-0.070989,0.001133,0.000143
0,-0.204413,0.183902,-0.293935,0.188177,-0.264488,0.221411,0.003568,0.00321
0,0.032684,0.172765,0.221562,-0.034963,0.21879,-0.042245,0.00057,0.003015
0,-0.007025,0.087306,-0.037964,-0.09189,-0.079987,-0.097993,0.000123,0.001524
0,-0.008502,0.203381,0.024765,0.117204,-0.003654,0.067875,0.000148,0.00355
0,-0.238591,0.111765,-0.242292,-0.114574,-0.230892,-0.065295,0.004164,0.001951
0,-0.08387,0.05383,0.147442,-0.032594,0.107094,-0.061877,0.001464,0.00094
0,-0.102015,0.118881,-0.037129,0.041793,-0.050797,0.075395,0.00178,0.002075
0,0.001873,-0.037705,0.114871,-0.185321,0.119972,-0.143743,3.3e-05,0.000658
0,-0.048139,0.140217,-0.069496,0.199865,-0.06493,0.213607,0.00084,0.002447
0,-0.05991,0.113034,0.017703,-0.022711,-0.0156,-0.031902,0.001046,0.001973
0,-0.157721,0.000403,-0.074936,-0.139873,-0.090449,-0.134962,0.002753,7e-06
0,-0.208189,-0.085761,-0.062816,-0.098849,-0.040891,-0.105615,0.003634,0.001497
0,-0.15592,-0.072805,0.048231,0.031967,0.029423,0.015953,0.002721,0.001271
0,-0.294568,-0.093303,-0.139615,-0.013175,-0.164015,-0.016807,0.005141,0.001628
0,-0.220834,-0.12047,0.046415,-0.057019,0.074308,-0.096255,0.003854,0.002103
0,-0.236885,0.106652,0.008302,0.200964,0.003763,0.163441,0.004134,0.001861
0,-0.252298,-0.143126,-0.033509,-0.275621,-0.034665,-0.31607,0.004403,0.002498
0,-0.143018,0.008606,0.091495,0.178611,0.109359,0.154175,0.002496,0.00015
0,-0.021965,0.086881,0.141008,0.100269,0.142175,0.090749,0.000383,0.001516
0,-0.172049,0.163064,-0.171412,0.069733,-0.163521,0.070874,0.003003,0.002846
0,-0.114969,0.082058,0.075481,-0.097088,0.058667,-0.107241,0.002007,0.001432
0,-0.011148,0.060063,0.091083,-0.023901,0.131611,-0.034998,0.000195,0.001048
0,0.075138,0.050241,0.083142,-0.022871,0.042404,-0.024922,0.001311,0.000877
0,-0.065956,0.011712,-0.162769,-0.052271,-0.121358,-0.019397,0.001151,0.000204
0,-0.124886,-0.112238,-0.079638,-0.11907,-0.105666,-0.130131,0.00218,0.001959
0,0.119401,0.065606,0.270118,0.185004,0.297981,0.23205,0.002084,0.001145
0,0.102699,-0.145222,-0.002153,-0.181915,0.032163,-0.212386,0.001792,0.002535
0,-0.078597,0.060428,-0.163518,0.190627,-0.184025,0.170713,0.001372,0.001055
0,-0.225343,0.062084,-0.141032,0.006927,-0.158393,0.032432,0.003933,0.001084
0,-0.115808,-0.046052,0.105111,-0.098911,0.13236,-0.113552,0.002021,0.000804
0,0.024575,-0.018139,0.139166,0.030137,0.097888,0.069746,0.000429,0.000317
0,0.052224,-0.006083,0.047182,-0.013911,0.094128,0.000577,0.000911,0.000106
0,-0.098069,-0.062555,-0.128373,-0.081091,-0.117065,-0.063317,0.001712,0.001092
0,-0.0429,0.06171,0.038541,0.123192,0.053085,0.167223,0.000749,0.001077
0,-0.01475,0.056589,0.034252,-0.006173,0.035094,0.015515,0.000257,0.000988
0,0.051912,-0.14364,0.068945,-0.181036,0.086244,-0.214301,0.000906,0.002507
0,0.034994,-0.025048,-0.021008,0.104715,-0.04752,0.067529,0.000611,0.000437
0,-0.112081,0.050816,-0.12136,0.052413,-0.129911,0.0716,0.001956,0.000887
0,0.136055,-0.021937,0.240883,-0.06617,0.248274,-0.052948,0.002375,0.000383
0,-0.086276,0.106988,-0.233699,0.109146,-0.196165,0.141661,0.001506,0.001867
0,-0.110388,-0.127552,-0.024171,-0.232939,-0.072765,-0.260466,0.001927,0.002226
0,-0.12234,-0.087456,-0.037242,0.038207,0.007718,0.012263,0.002135,0.001526
0,-0.244649,0.025953,-0.147799,0.127249,-0.107862,0.093218,0.00427,0.000453
0,0.007665,-0.072264,0.223958,-0.11752,0.269193,-0.071448,0.000134,0.001261
0,-0.236601,-0.238479,-0.235049,-0.190959,-0.27391,-0.212795,0.004129,0.004162
0,-0.068868,-0.025848,0.163325,0.200747,0.202929,0.177852,0.001202,0.000451
0,-0.170187,-0.06753,-0.117301,-0.0431,-0.080908,-0.072823,0.00297,0.001179
0,-0.197029,-0.241854,-0.036985,-0.200047,-0.071614,-0.166085,0.003439,0.004221
0,-0.115269,-0.114487,0.060955,0.108523,0.104641,0.076171,0.002012,0.001998
0,-0.238125,-0.038635,-0.139179,0.089929,-0.172948,0.132913,0.004156,0.000674
0,-0.043836,0.002253,0.208696,0.069545,0.223425,0.110149,0.000765,3.9e-05
0,-0.232042,-0.211294,-0.172825,-0.210285,-0.168702,-0.189304,0.00405,0.003688
0,-0.233845,-0.040047,0.009844,0.143252,0.041318,0.186587,0.004081,0.000699
0,-0.161248,-0.088946,0.059445,-0.067966,0.071808,-0.108424,0.002814,0.001552
0,0.02516,-0.002405,0.190087,0.065853,0.233879,0.08406,0.000439,4.2e-05
0,0.111681,-0.121338,0.108516,-0.097836,0.145845,-0.119446,0.001949,0.002118
0,0.096472,-0.193838,0.000708,-0.060099,-0.004036,-0.086008,0.001684,0.003383
0,0.060016,-0.217256,-0.017447,-0.040767,0.022153,-0.05701,0.001047,0.003792
0,0.103384,-0.236298,0.028109,-0.037097,0.056612,0.003563,0.001804,0.004124
0,0.077191,-0.022215,-0.019631,0.223749,-0.031544,0.204114,0.001347,0.000388
0,-0.046405,-0.110882,-0.146773,-0.115344,-0.165538,-0.140076,0.00081,0.001935
0,-0.052175,-0.247195,0.011951,-0.12832,-0.015723,-0.112829,0.000911,0.004314
0,0.069212,0.003424,0.10917,0.262151,0.122478,0.243453,0.001208,6e-05
0,-0.071767,-0.155796,-0.151887,-0.172655,-0.103566,-0.179944,0.001253,0.002719
0,-0.012507,0.035574,0.031256,0.212492,0.032981,0.167042,0.000218,0.000621
0,0.063868,-0.062025,0.056801,-0.100818,0.088553,-0.142835,0.001115,0.001083
0,-0.051425,-0.214435,-0.116279,-0.170921,-0.129818,-0.158518,0.000898,0.003743
0,-0.035483,-0.209604,-0.004455,0.018898,-0.031302,0.029781,0.000619,0.003658
0,0.059909,-0.176832,0.100218,0.014157,0.107649,0.044135,0.001046,0.003086
0,0.033528,-0.162532,-0.018114,-0.005018,0.020686,0.005467,0.000585,0.002837
0,0.016175,-0.154607,-0.046522,0.02156,-0.089504,0.024546,0.000282,0.002698
0,-0.05169,0.049337,-0.073912,0.225753,-0.079221,0.193003,0.000902,0.000861
0,-0.074439,-0.036353,-0.044603,-0.100205,-0.074435,-0.132754,0.001299,0.000634
0,-0.003291,-0.148844,0.041633,-0.085172,0.029282,-0.050101,5.7e-05,0.002598
0,-0.210614,0.0509,-0.204716,0.189085,-0.228276,0.188334,0.003676,0.000888
0,-0.046882,-0.075307,0.181501,-0.1365,0.192891,-0.089438,0.000818,0.001314
0,-0.076579,-0.10205,-0.038694,-0.02293,-0.031265,-0.064692,0.001337,0.001781
0,-0.207465,0.139948,-0.106387,0.261533,-0.08105,0.258407,0.003621,0.002443
0,-0.025662,-0.067538,0.207573,-0.192764,0.248258,-0.205811,0.000448,0.001179
0,-0.146276,-0.145687,-0.099507,-0.095407,-0.091605,-0.049055,0.002553,0.002543
0,-0.05309,-0.058971,0.075008,0.088905,0.05904,0.043899,0.000927,0.001029
0,-0.009111,0.069816,0.065924,0.115113,0.109109,0.122922,0.000159,0.001219
0,-0.211809,-0.008589,-0.200783,-0.074135,-0.16584,-0.122548,0.003697,0.00015
0,-0.099339,-0.053609,0.097204,-0.023215,0.138944,-0.071725,0.001734,0.000936
0,0.00244,-0.086104,0.088018,-0.033387,0.06902,-0.0494,4.3e-05,0.001503
0,-0.063181,0.046836,-0.075782,0.145764,-0.037245,0.178693,0.001103,0.000817
0,0.15485,0.084539,0.200254,0.067276,0.242296,0.106754,0.002703,0.001475
0,0.104567,0.05752,-0.053392,-0.014149,-0.077303,-0.013804,0.001825,0.001004
0,0.107398,-0.07657,-0.010463,-0.136714,-0.057072,-0.165171,0.001874,0.001336
0,-0.135043,0.0135,-0.223685,0.061796,-0.224285,0.02004,0.002357,0.000236
0,0.00778,0.020017,0.168187,-0.010323,0.166767,0.020209,0.000136,0.000349
0,-0.172252,-0.006901,-0.194734,-0.033848,-0.203562,-0.052182,0.003006,0.00012
0,0.134993,-0.062402,0.291808,-0.066301,0.3275,-0.112156,0.002356,0.001089
0,0.032575,0.147005,-0.10993,0.222139,-0.134815,0.251143,0.000569,0.002566
0,0.197396,-0.108024,0.143526,-0.261243,0.108709,-0.213804,0.003445,0.001885
0,0.051366,0.136291,-0.133795,0.246338,-0.171636,0.206502,0.000896,0.002379
0,0.091882,0.123209,0.055116,0.007952,0.039138,0.054564,0.001604,0.00215
0,0.128632,-0.136072,0.051399,-0.255355,0.019043,-0.216485,0.002245,0.002375
0,0.201675,-0.129509,0.06232,0.01544,0.084173,0.032534,0.00352,0.00226
0,0.192427,-0.137748,-0.016818,-0.024984,0.022383,-0.074731,0.003358,0.002404
0,-0.04625,0.057821,-0.265249,0.221582,-0.218653,0.18939,0.000807,0.001009
0,0.103925,-0.017811,0.148662,-0.083962,0.157904,-0.07614,0.001814,0.000311
0,0.125397,-0.022435,0.031388,-0.000782,0.044142,-0.034374,0.002189,0.000392
0,-0.036633,-0.138488,-0.190556,-0.108421,-0.171659,-0.121,0.000639,0.002417
0,0.030342,-0.116372,0.090969,0.040587,0.12324,0.061919,0.00053,0.002031
0,-0.135828,0.002077,-0.152762,0.135443,-0.182956,0.093798,0.002371,3.6e-05
0,-0.008446,-0.098768,0.10144,-0.113319,0.123016,-0.153723,0.000147,0.001724
0,0.167786,-0.074709,0.147075,0.034748,0.131403,0.027531,0.002928,0.001304
0,-0.039034,0.075177,-0.194585,0.146262,-0.191997,0.137549,0.000681,0.001312
0,0.091976,0.096575,0.102523,0.039926,0.111831,0.052035,0.001605,0.001686
0,-0.094866,0.155957,-0.193705,0.041853,-0.235594,0.067438,0.001656,0.002722
0,0.007447,0.07844,0.123434,-0.062263,0.168377,-0.04814,0.00013,0.001369
0,0.189201,-0.060975,0.209803,-0.112776,0.18974,-0.094178,0.003302,0.001064
0,-0.087172,0.074142,-0.299984,0.156549,-0.296529,0.201646,0.001521,0.001294
0,0.173353,0.048628,0.268145,-0.008259,0.284993,-0.054833,0.003026,0.000849
0,0.148203,0.206987,-0.048243,0.163551,-0.00262,0.206088,0.002587,0.003613
0,-0.045312,0.024623,-0.221853,-0.164543,-0.201385,-0.196963,0.000791,0.00043
0,-0.060649,-0.057336,0.009772,-0.10877,-0.034106,-0.105898,0.001059,0.001001
0,0.165927,-0.06551,0.256093,-0.023275,0.253876,-0.010543,0.002896,0.001143
0,0.092339,-0.052441,-0.077497,-0.009528,-0.048485,-0.059165,0.001612,0.000915
0,0.11914,0.104903,0.022471,0.174351,0.01868,0.141939,0.002079,0.001831
0,0.06175,-0.104132,-0.059535,-0.237224,-0.05674,-0.285264,0.001078,0.001817
0,-0.031221,-0.051953,-0.088507,0.038688,-0.121422,0.034212,0.000545,0.000907
0,0.179495,0.102178,0.231602,0.143427,0.275032,0.107854,0.003133,0.001783
0,0.126936,0.015343,-0.050506,-0.077021,-0.023486,-0.058159,0.002215,0.000268
0,-0.015263,0.065875,-0.169006,0.055252,-0.196409,0.010035,0.000266,0.00115
0,0.210753,-0.059821,0.224753,-0.100863,0.221392,-0.110211,0.003678,0.001044
0,-0.095794,-0.090067,-0.300617,-0.044148,-0.334747,-0.005873,0.001672,0.001572
0,0.006651,0.054038,0.117301,0.171645,0.135677,0.181466,0.000116,0.000943
0,0.027684,-0.010381,0.025954,-0.084865,0.060775,-0.071907,0.000483,0.000181
0,0.12978,0.030557,0.078654,0.019957,0.111611,0.020811,0.002265,0.000533
0,-0.008594,0.041923,-0.141625,0.006061,-0.180707,-0.003628,0.00015,0.000732
0,0.019872,-0.085153,0.011623,-0.146559,0.045605,-0.157095,0.000347,0.001486
0,0.117421,0.080306,0.127476,0.161089,0.108512,0.167881,0.002049,0.001402
0,0.071664,0.004132,-0.055438,-0.100187,-0.062778,-0.129777,0.001251,7.2e-05
0,0.141378,-0.040377,0.095802,-0.048843,0.139335,-0.095645,0.002468,0.000705
0,0.18535,0.133604,0.036081,0.148471,-0.002653,0.140059,0.003235,0.002332
0,0.249458,0.110086,0.046867,-0.028284,0.084434,-0.010344,0.004354,0.001921
0,-0.01525,-0.129533,-0.276044,-0.266766,-0.255708,-0.288444,0.000266,0.002261
0,0.236989,-0.079934,0.225569,0.061864,0.25582,0.094349,0.004136,0.001395
0,-0.001307,-0.096773,-0.224769,-0.004456,-0.274368,0.034622,2.3e-05,0.001689
0,0.09937,0.041952,0.075362,0.162707,0.035256,0.209152,0.001734,0.000732
0,0.200674,0.057017,0.092842,0.043195,0.113705,0.087452,0.003502,0.000995
0,0.076962,-0.04376,-0.103457,-0.126589,-0.077731,-0.155841,0.001343,0.000764
0,0.161523,0.102198,0.088557,0.172473,0.071996,0.200222,0.002819,0.001784
0,-0.073081,-0.033929,-0.213842,-0.143465,-0.19901,-0.116424,0.001276,0.000592
0,-0.01517,0.114666,0.078318,0.175061,0.045624,0.129159,0.000265,0.002001
0,-0.090554,0.033226,-0.10511,-0.108956,-0.093109,-0.124079,0.00158,0.00058
0,-0.112537,-0.043689,-0.024433,-0.082118,-0.005068,-0.10754,0.001964,0.000763
0,-0.00732,-0.046982,0.110863,-0.031032,0.128283,-0.003137,0.000128,0.00082
0,0.108465,-0.030543,0.108985,0.021518,0.076912,0.06411,0.001893,0.000533
0,0.102985,0.005335,-0.00209,0.050432,0.025892,0.043028,0.001797,9.3e-05
0,-0.039005,-0.099448,-0.155613,-0.129357,-0.187788,-0.082102,0.000681,0.001736
0,0.075674,-0.06344,0.104036,0.050668,0.116497,0.033485,0.001321,0.001107
0,0.164446,0.138533,0.07091,0.178466,0.058353,0.222474,0.00287,0.002418
0,0.071319,0.049654,-0.097588,-0.087515,-0.143685,-0.124608,0.001245,0.000867
0,0.020431,-0.095766,-0.028432,-0.161828,-0.031953,-0.179699,0.000357,0.001671
0,0.063745,-0.101829,0.03898,0.001941,-0.002315,0.018732,0.001113,0.001777
0,-0.012041,0.023044,-0.104117,0.096869,-0.140917,0.146142,0.00021,0.000402
0,-0.014889,-0.031949,-0.015284,-0.06676,-0.054497,-0.064156,0.00026,0.000558
0,-0.126771,-0.073195,-0.136159,-0.067531,-0.123355,-0.10654,0.002213,0.001278
0,0.088275,0.092399,0.187265,0.153913,0.159426,0.171765,0.001541,0.001613
0,-0.104341,-0.077251,-0.214967,-0.189475,-0.237849,-0.208444,0.001821,0.001348
0,0.069791,-0.168911,0.17793,-0.081212,0.172686,-0.058684,0.001218,0.002948
0,-0.011383,-0.190242,-0.067146,-0.049615,-0.018761,-0.019272,0.000199,0.00332
0,-0.0843,-0.126607,-0.086304,0.059095,-0.038304,0.049102,0.001471,0.00221
0,-0.146047,0.003997,-0.049019,0.136676,-0.000214,0.176938,0.002549,7e-05
0,0.070716,-0.04514,0.197111,-0.053826,0.156367,-0.023765,0.001234,0.000788
0,-0.016702,-0.205237,-0.067775,-0.164624,-0.099406,-0.198723,0.000292,0.003582
0,-0.077105,0.087681,-0.082348,0.296229,-0.073157,0.29864,0.001346,0.00153
0,0.044439,-0.100064,0.118435,-0.217617,0.151945,-0.175364,0.000776,0.001746
0,0.049415,-0.127369,0.002833,-0.050888,0.026203,-0.075316,0.000862,0.002223
0,0.067576,-0.054308,0.040086,0.083008,0.051708,0.077599,0.001179,0.000948
0,-0.074436,0.043009,-0.134136,0.077294,-0.177998,0.068138,0.001299,0.000751
0,-0.011359,0.040164,0.085562,-0.012485,0.087184,-0.043503,0.000198,0.000701
0,0.098742,-0.213103,0.132726,-0.227969,0.094963,-0.229613,0.001723,0.003719
0,0.074898,-0.04136,0.003468,0.189801,0.043731,0.149978,0.001307,0.000722
0,0.004572,-0.191601,-0.082157,-0.159067,-0.074728,-0.149372,8e-05,0.003344
0,-0.095853,-0.230973,-0.103005,-0.061323,-0.086687,-0.013221,0.001673,0.004031
0,0.018709,-0.024793,0.144215,0.215641,0.154031,0.244541,0.000327,0.000433
0,0.010015,-0.185314,0.003795,-0.133178,-0.003841,-0.127904,0.000175,0.003234
0,0.009549,-0.147978,-0.027591,0.021837,-0.054978,0.056818,0.000167,0.002583
0,0.017303,-0.006748,-0.012598,0.141044,-0.016374,0.126948,0.000302,0.000118
0,-0.016761,-0.142053,-0.012663,-0.110349,0.01361,-0.091401,0.000293,0.002479
0,-0.172639,-0.027031,-0.153421,0.132333,-0.131404,0.104052,0.003013,0.000472
0,-0.135803,-0.142468,0.024736,-0.092854,0.053951,-0.130296,0.00237,0.002487
0,-0.096283,0.007797,0.039206,0.160126,0.014829,0.19786,0.00168,0.000136
0,-0.069563,-0.134307,0.007038,-0.165465,0.016491,-0.126871,0.001214,0.002344
0,-0.079892,0.045298,0.019292,0.186986,0.028857,0.205236,0.001394,0.000791
0,0.096734,-0.007995,0.167592,-0.052093,0.14619,-0.023798,0.001688,0.00014
0,0.020798,-0.124655,-0.055688,-0.113649,-0.02046,-0.12072,0.000363,0.002176
0,-0.042147,-0.152793,-0.045363,-0.016086,-0.031607,0.003875,0.000736,0.002667
0,0.111866,-0.045828,0.178192,0.09532,0.198188,0.04552,0.001952,0.0008
0,0.096434,-0.170595,-0.020289,-0.137735,-0.035065,-0.089366,0.001683,0.002977
0,0.120728,-0.094242,0.042357,0.089225,0.016867,0.099361,0.002107,0.001645
0,-0.101638,-0.158138,-0.236598,-0.063285,-0.188967,-0.054028,0.001774,0.00276
0,0.049361,0.041179,0.131405,0.185114,0.178762,0.20082,0.000862,0.000719
0,-0.124173,0.064135,-0.164664,-0.002477,-0.203862,-0.007951,0.002167,0.001119
0,-0.010383,0.067397,0.097731,0.029459,0.059405,0.049134,0.000181,0.001176
0,0.124096,0.04057,0.150553,-0.03114,0.117297,-0.042057,0.002166,0.000708
0,-0.152361,-0.056982,-0.272944,-0.105161,-0.245216,-0.063637,0.002659,0.000995
0,0.074957,-0.095477,0.250362,-0.017031,0.266264,0.028761,0.001308,0.001666
0,-0.036569,-0.158728,-0.120235,-0.038515,-0.086902,-0.025273,0.000638,0.00277
0,-0.105097,0.116375,-0.072581,0.254764,-0.09172,0.288954,0.001834,0.002031
0,-0.092782,0.048348,0.032762,-0.075555,0.074805,-0.105958,0.001619,0.000844
0,0.034762,-0.061629,0.145756,-0.092895,0.117151,-0.12052,0.000607,0.001076
0,0.012462,0.091182,-0.051652,0.157143,-0.030987,0.205616,0.000217,0.001591
0,-0.166193,-0.093664,-0.190422,-0.182138,-0.150388,-0.151465,0.002901,0.001635
0,-0.035238,-0.089531,0.147701,0.031892,0.109146,0.006183,0.000615,0.001563
0,0.078135,-0.088346,0.123017,0.014233,0.149632,0.036402,0.001364,0.001542
0,0.078353,0.048024,-0.001515,0.162433,0.017476,0.13445,0.001368,0.000838
0,-0.085427,-0.132393,-0.134131,-0.175528,-0.116017,-0.19352,0.001491,0.002311
0,-0.240074,-9.4e-05,-0.133663,0.140509,-0.100295,0.099177,0.00419,2e-06
0,-0.14197,0.067035,0.093314,0.073638,0.12596,0.05577,0.002478,0.00117
0,-0.046464,0.119561,0.069203,0.051464,0.074821,0.032804,0.000811,0.002087
0,0.063032,0.081273,0.088785,-0.06225,0.039468,-0.015168,0.0011,0.001418
0,-0.008484,0.006485,-0.087042,-0.102225,-0.072264,-0.135962,0.000148,0.000113
0,0.013502,0.178336,0.038676,0.161666,0.078585,0.154869,0.000236,0.003113
0,-0.181037,0.07256,-0.174206,-0.115701,-0.209684,-0.123908,0.00316,0.001266
0,-0.132101,0.046322,0.032062,-0.044819,0.002985,-0.01813,0.002306,0.000808
0,-0.263036,0.135296,-0.125754,0.05932,-0.092641,0.03431,0.004591,0.002361
0,-0.048641,0.139026,0.240549,-0.005901,0.246882,0.037036,0.000849,0.002426
0,-0.294052,0.057716,-0.25931,-0.055499,-0.295981,-0.040506,0.005132,0.001007
0,-0.184634,0.117533,0.133904,0.066039,0.111999,0.025336,0.003222,0.002051
0,-0.41902,-1.490259,-0.224378,-1.57916,-0.191336,-1.555343,0.004777,0.001829
0,-0.390969,-2.098935,0.030714,-0.586142,0.04357,-0.626327,0.005267,0.000362
0,-0.340156,-2.97048,0.057331,-0.901407,0.079683,-0.882394,0.005937,0.003483
0,-0.287169,-2.719802,0.080985,0.246387,0.124758,0.206199,0.005012,0.000892
0,-0.368366,-2.320413,-0.051481,0.421948,-0.093453,0.382551,0.005661,0.004227
0,-0.391388,-1.543961,-0.035752,0.804551,-0.02721,0.758218,0.005259,0.002766
0,-0.339504,-0.66846,0.037962,0.8695,-0.00131,0.823391,0.005925,0.000424
0,-0.176949,-0.279119,0.166737,0.402643,0.188039,0.413608,0.003088,0.004872
0,0.066023,-0.104884,0.255558,0.155049,0.243041,0.20334,0.001152,0.001831
0,-0.017627,-0.014161,-0.082145,0.065239,-0.036006,0.025317,0.000308,0.000247
0,0.012305,0.157815,0.020815,0.182504,-0.012315,0.146714,0.000215,0.002754
0,1.432732,-0.944308,1.447572,-1.082572,1.44949,-1.121959,0.000825,0.004391
0,2.279948,-1.34224,0.86038,-0.382592,0.833328,-0.398548,0.003521,0.000754
0,2.862117,-1.246486,0.563807,0.090189,0.583631,0.077281,0.001591,0.002426
0,2.792049,-1.480998,-0.061476,-0.216554,-0.027468,-0.181135,0.000369,0.001667
0,2.194921,-1.663684,-0.612572,-0.19992,-0.661064,-0.20486,0.002037,0.004856
0,1.488522,-1.427497,-0.686568,0.219565,-0.716911,0.268473,0.001799,0.000734
0,1.217386,-1.034971,-0.269374,0.363691,-0.241628,0.35881,0.002934,0.005973
0,0.778315,-0.790456,-0.44206,0.235992,-0.394118,0.191516,0.001494,0.001706
0,0.269191,-0.654262,-0.491849,0.166022,-0.534784,0.192423,0.004698,0.000671
0,-0.126281,-0.484273,-0.377357,0.165099,-0.417619,0.201475,0.002204,0.003638
0,-0.223255,-0.511467,-0.087723,-0.029717,-0.064954,0.01786,0.003897,0.003164
0,-0.101249,-0.400704,0.125824,0.127071,0.110846,0.146319,0.001767,0.005097
0,-0.421794,-0.027897,-0.300287,0.381947,-0.325366,0.418448,0.004729,0.000487
0,-0.308691,0.154569,0.135244,0.193524,0.16694,0.15377,0.005388,0.002698
0,-0.224891,0.041136,0.088974,-0.092998,0.055418,-0.059356,0.003925,0.000718
0,-0.165098,0.177346,0.033136,0.128669,0.009406,0.097014,0.002882,0.003095
0,-0.211071,0.182342,-0.066726,-0.016243,-0.095361,0.031921,0.003684,0.003182
0,-0.165351,0.330076,0.030963,0.1687,0.042236,0.135076,0.002886,0.005761
0,-0.115863,0.259194,0.06527,-0.051837,0.094598,-0.005821,0.002022,0.004524
0,-0.076446,0.197609,0.019068,-0.06108,-0.018341,-0.090995,0.001334,0.003449
0,-0.214214,0.047469,-0.108079,-0.153896,-0.139017,-0.169384,0.003739,0.000828
0,-0.217303,0.175757,-0.005828,0.12777,-0.005811,0.087063,0.003793,0.003068
0,-0.012275,0.207592,0.199531,0.05286,0.194619,0.068087,0.000214,0.003623
0,-0.203102,0.131294,-0.174539,-0.060245,-0.150219,-0.061105,0.003545,0.002292
0,-0.200252,0.313698,-0.019545,0.210511,-0.029203,0.181342,0.003495,0.005475
0,-0.135326,0.18305,0.048669,-0.136293,0.006172,-0.180421,0.002362,0.003195
0,-0.259895,0.274135,-0.129813,0.080611,-0.120558,0.115345,0.004536,0.004785
0,-0.048403,0.101548,0.216053,-0.185656,0.237206,-0.216003,0.000845,0.001772
0,0.01857,0.145906,0.037503,0.065486,0.025385,0.057385,0.000324,0.002547
0,-0.254803,0.134792,-0.278268,-0.02832,-0.258469,-0.056228,0.004447,0.002353
0,-0.074673,0.150171,0.179494,0.033864,0.227968,0.027752,0.001303,0.002621
0,-0.167818,0.153033,-0.111487,0.004948,-0.111687,0.019482,0.002929,0.002671
0,-0.097758,0.219927,0.040382,0.085836,-0.003874,0.108562,0.001706,0.003838
0,-0.017198,0.280985,0.070071,0.074078,0.060875,0.120374,0.0003,0.004904
0,-0.12002,0.361201,-0.088185,0.074179,-0.096653,0.055422,0.002095,0.005786
0,-0.150406,0.170507,-0.017833,-0.190672,-0.012042,-0.143778,0.002625,0.002976
0,-0.2414,0.262696,-0.062868,0.11566,-0.061271,0.142848,0.004213,0.004585
0,-0.063524,0.120932,0.185085,-0.152833,0.221408,-0.169855,0.001109,0.002111
0,0.017051,-0.036872,0.099204,-0.16984,0.0536,-0.12729,0.000298,0.000644
0,0.050881,0.138835,0.058456,0.197583,0.041615,0.189841,0.000888,0.002423
0,-0.117073,0.064805,-0.17155,-0.046749,-0.215181,-0.011081,0.002043,0.001131
0,0.07575,0.137484,0.178398,0.059685,0.146725,0.035833,0.001322,0.0024
0,-0.1461,0.063795,-0.25184,-0.083676,-0.269318,-0.080789,0.00255,0.001113
0,0.023583,0.086247,0.163656,0.036854,0.203101,0.052688,0.000412,0.001505
0,-0.074191,0.030402,-0.076064,-0.032049,-0.053083,-0.072088,0.001295,0.000531
0,-0.131618,0.211558,-0.064925,0.165177,-0.023758,0.124434,0.002297,0.003692
0,0.030559,0.17797,0.154606,-0.054503,0.154693,-0.020267,0.000533,0.003106
0,-0.115547,0.181126,-0.11655,-0.024963,-0.131437,-0.010419,0.002017,0.003161
0,-0.167722,0.098844,-0.049755,-0.090575,-0.023487,-0.07291,0.002927,0.001725
0,-0.073673,-0.014187,0.081909,-0.127107,0.062022,-0.169428,0.001286,0.000248
0,0.003618,0.212886,0.056503,0.224333,0.04873,0.193082,6.3e-05,0.003716
0,-0.115039,0.088753,-0.103828,-0.127143,-0.114359,-0.108104,0.002008,0.001549
0,-0.067493,0.175976,0.018517,0.084269,0.049476,0.115,0.001178,0.003071
0,-0.022015,0.101042,0.075291,-0.08304,0.097779,-0.045115,0.000384,0.001764
0,-0.08269,-0.069588,-0.04876,-0.152167,-0.056412,-0.136145,0.001443,0.001215
0,-0.156042,0.107268,-0.070114,0.196682,-0.117466,0.228654,0.002723,0.001872
0,-0.080598,0.062567,0.105309,-0.06264,0.098312,-0.051044,0.001407,0.001092
0,0.018068,0.12528,0.090983,0.067658,0.094383,0.091404,0.000315,0.002187
0,-0.100674,-0.059603,-0.106452,-0.214557,-0.148138,-0.176643,0.001757,0.00104
0,0.012514,0.030794,0.104969,0.11811,0.143988,0.154445,0.000218,0.000537
0,-0.020062,0.085109,-0.048622,0.056628,-0.080672,0.014591,0.00035,0.001485
0,0.041916,0.175555,0.074224,0.096109,0.107239,0.068535,0.000732,0.003064
0,0.039628,0.105442,-0.000948,-0.082903,-0.025666,-0.093537,0.000692,0.00184
0,-0.166446,0.094129,-0.222185,-0.013124,-0.196846,-0.058492,0.002905,0.001643
0,-0.120214,0.207268,0.071645,0.139047,0.079838,0.136181,0.002098,0.003618
0,0.068137,0.166245,0.16722,-0.044294,0.177225,0.000981,0.001189,0.002902
0,0.078517,0.163058,0.016792,0.01295,0.039061,0.060385,0.00137,0.002846
0,0.002882,-0.021176,-0.058445,-0.174625,-0.047807,-0.159087,5e-05,0.00037
0,-0.05031,0.215877,-0.049104,0.225549,-0.097392,0.245889,0.000878,0.003768
0,-0.145304,0.187032,-0.114684,-0.029416,-0.144015,0.012897,0.002536,0.003264
0,-0.114079,0.021586,0.025652,-0.152211,-0.016719,-0.139557,0.001991,0.000377
0,-0.058619,0.100806,0.080455,0.099015,0.056331,0.136556,0.001023,0.001759
0,-0.026197,0.000205,0.042666,-0.090922,0.084979,-0.110735,0.000457,4e-06
0,-0.112552,0.201977,-0.085745,0.1999,-0.049511,0.207522,0.001964,0.003525
0,0.07462,0.221242,0.208411,0.038636,0.255923,0.025197,0.001302,0.003861
0,-0.019348,0.02317,-0.097092,-0.191193,-0.055933,-0.19295,0.000338,0.000404
0,-0.097897,-0.037352,-0.065512,-0.071543,-0.05608,-0.037475,0.001709,0.000652
0,0.006775,-0.04755,0.128143,-0.005872,0.163549,0.003189,0.000118,0.00083
0,0.112025,0.050574,0.080391,0.098457,0.107625,0.087873,0.001955,0.000883
0,0.087446,0.03438,-0.035429,0.004902,-0.077767,-0.017799,0.001526,0.0006
0,0.110304,-0.058483,0.015209,-0.116584,0.053135,-0.142701,0.001925,0.001021
0,0.15284,0.093574,0.033469,0.170342,0.031274,0.162128,0.002668,0.001633
0,0.165978,0.011433,0.001992,-0.054977,-0.046145,-0.041768,0.002897,0.0002
0,0.175061,-0.01148,0.021511,-0.011823,-0.022165,-0.055721,0.003055,0.0002
0,-0.037393,0.23999,-0.194775,0.258207,-0.1983,0.256268,0.000653,0.004189
0,0.193191,-0.050202,0.219873,-0.285841,0.21429,-0.295157,0.003372,0.000876
0,-0.012099,0.14132,-0.188617,0.17861,-0.16567,0.147245,0.000211,0.002466
0,0.00655,-0.039895,0.011581,-0.153519,3.6e-05,-0.197102,0.000114,0.000696
0,-0.036081,0.075494,-0.038576,0.095242,-0.017398,0.140433,0.00063,0.001318
0,0.149101,-0.114096,0.163883,-0.164502,0.137714,-0.128082,0.002602,0.001991
0,0.038544,-0.051367,-0.08225,0.089784,-0.046551,0.131719,0.000673,0.000897
0,0.122907,0.127942,0.093244,0.197233,0.141449,0.180995,0.002145,0.002233
0,0.138951,-0.141873,0.008093,-0.259644,0.023924,-0.270713,0.002425,0.002476
0,-0.028374,0.090993,-0.190805,0.226266,-0.199842,0.264784,0.000495,0.001588
0,0.251556,0.031257,0.277793,-0.068838,0.291462,-0.101829,0.00439,0.000546
0,0.136268,0.101036,-0.131241,0.082473,-0.159248,0.043241,0.002378,0.001763
0,0.071693,0.018142,-0.035075,-0.075774,0.012704,-0.05643,0.001251,0.000317
0,0.21974,-0.043808,0.149964,-0.06284,0.179654,-0.058236,0.003835,0.000765
0,0.178791,0.095499,-0.034896,0.164776,-0.080898,0.168173,0.00312,0.001667
0,0.182367,-0.031877,-0.006856,-0.141074,-0.032658,-0.09669,0.003183,0.000556
0,0.064956,0.060901,-0.142629,0.106901,-0.16921,0.140548,0.001134,0.001063
0,0.210473,-0.212446,0.137751,-0.246114,0.127312,-0.226178,0.003673,0.003708
0,0.080298,-0.200976,-0.125274,-0.002357,-0.090301,-0.025173,0.001401,0.003508
0,-0.031461,-0.083752,-0.103884,0.090911,-0.119855,0.116314,0.000549,0.001462
0,0.067724,-0.067319,0.072139,0.032655,0.073535,0.060607,0.001182,0.001175
0,-0.072007,0.064033,-0.15565,0.122634,-0.135565,0.105827,0.001257,0.001118
0,-0.048527,0.042938,-0.005071,0.006659,0.034614,0.03025,0.000847,0.000749
0,0.248657,-0.051369,0.32617,-0.123703,0.375387,-0.108452,0.00434,0.000897
0,0.169425,-0.047871,-0.098376,-0.018279,-0.072503,-0.041793,0.002957,0.000836
0,-0.013107,0.069044,-0.205086,0.105811,-0.175782,0.134275,0.000229,0.001205
0,0.057095,0.050059,0.065743,-0.040215,0.108218,-0.012872,0.000996,0.000874
0,0.157109,-0.052008,0.100731,-0.114066,0.129693,-0.146671,0.002742,0.000908
0,-0.038125,-0.115224,-0.177522,-0.090595,-0.144597,-0.070193,0.000665,0.002011
0,-0.022738,-0.070129,-0.013673,0.069149,-0.052559,0.061118,0.000397,0.001224
0,0.136227,-0.085868,0.173606,-0.007605,0.219863,0.002592,0.002378,0.001499
0,0.11085,0.073708,-0.013442,0.142548,-0.036447,0.119124,0.001935,0.001286
0,0.229974,-0.145263,0.145813,-0.237239,0.118733,-0.27259,0.004014,0.002535
0,0.146152,0.008871,-0.094199,0.131248,-0.080089,0.089346,0.002551,0.000155
0,-0.007528,-0.087595,-0.160317,-0.079061,-0.203154,-0.080106,0.000131,0.001529
0,-0.021077,-0.018605,0.005267,0.07959,0.017941,0.103727,0.000368,0.000325
0,-0.071403,0.00692,-0.078018,0.007563,-0.03208,0.03714,0.001246,0.000121
0,-0.093069,0.131912,-0.029935,0.111023,-0.000251,0.150237,0.001624,0.002302
0,0.205755,0.081109,0.311403,-0.06193,0.329398,-0.056819,0.003591,0.001416
0,0.081054,0.007737,-0.147094,-0.071738,-0.108226,-0.081284,0.001415,0.000135
0,0.135999,0.010245,0.064358,-0.024491,0.087549,-0.003145,0.002374,0.000179
0,0.619037,-2.203945,0.485473,-2.194436,0.468853,-2.16465,0.001286,0.002195
0,1.329762,-2.653953,0.702943,-0.434953,0.713168,-0.48468,0.000972,0.002042
0,1.386283,-2.266913,0.059744,0.387486,0.08628,0.389125,1.4e-05,0.003294
0,1.224039,-2.204394,-0.147292,0.081822,-0.190333,0.047637,0.002817,0.002202
0,0.84909,-1.852509,-0.376223,0.350039,-0.385605,0.319267,0.002729,0.003939
0,0.864803,-1.644534,-0.00246,0.209089,0.037245,0.159958,0.003003,0.004522
0,0.782515,-0.775068,-0.089846,0.897245,-0.11441,0.904135,0.001567,0.001437
0,0.412238,-0.381104,-0.391199,0.412957,-0.423969,0.399726,0.004896,0.005439
0,0.306292,-0.165386,-0.119517,0.214976,-0.077436,0.173025,0.005346,0.002887
0,0.192475,-0.032912,-0.08875,0.139465,-0.138601,0.095488,0.003359,0.000574
0,0.089304,-0.062148,-0.12939,-0.044668,-0.135121,-0.038005,0.001559,0.001085
0,0.129996,-0.09769,0.055301,-0.06123,0.093624,-0.069642,0.002269,0.001705
0,0.268104,-0.060039,0.129423,0.043669,0.094766,0.089444,0.004679,0.001048
0,0.248038,0.032166,0.008226,0.087485,0.04378,0.096655,0.004329,0.000561
0,0.067608,0.127357,-0.168577,0.116908,-0.18513,0.127486,0.00118,0.002223
0,0.250006,-0.098555,0.171507,-0.209684,0.214602,-0.198465,0.004363,0.00172
0,0.188267,-0.118059,-0.078476,0.002391,-0.120217,0.012589,0.003286,0.002061
0,0.020105,0.003555,-0.165943,0.137112,-0.130927,0.164887,0.000351,6.2e-05
0,0.061531,-0.099407,0.06103,-0.127372,0.036024,-0.157731,0.001074,0.001735
0,0.311998,0.107425,0.275584,0.17822,0.236894,0.217871,0.005445,0.001875
0,0.237498,-0.000411,-0.050051,-0.129154,-0.057574,-0.169858,0.004145,7e-06
0,0.171655,-0.122906,-0.062805,-0.101395,-0.084728,-0.122752,0.002996,0.002145
0,0.185919,-0.116399,0.035705,0.010528,0.051239,-0.011363,0.003245,0.002032
0,0.228349,-0.018125,0.052903,0.097358,0.076372,0.117295,0.003985,0.000316
0,0.336405,-0.106672,0.117348,-0.08311,0.085934,-0.091079,0.005871,0.001862
0,0.229972,0.051833,-0.107798,0.167427,-0.142861,0.182407,0.004014,0.000905
0,0.131427,0.018205,-0.087856,-0.021408,-0.07425,-0.008015,0.002294,0.000318
0,0.001645,-0.042022,-0.14889,-0.03744,-0.143006,0.000109,2.9e-05,0.000733
0,-0.003259,-0.0785,0.022184,-0.065215,-0.001206,-0.058504,5.7e-05,0.00137
0,-0.050045,0.102535,-0.062499,0.197279,-0.018259,0.237238,0.000873,0.00179
0,0.097157,-0.154969,0.123948,-0.284986,0.101982,-0.288084,0.001696,0.002705
0,-0.081797,-0.16407,-0.206436,-0.004936,-0.203005,0.005708,0.001428,0.002864
0,0.063439,-0.1406,0.171175,0.046479,0.20429,0.071342,0.001107,0.002454
0,-0.039327,-0.055858,-0.109698,0.089687,-0.111303,0.068985,0.000686,0.000975
0,-0.11435,-0.075764,-0.091119,-0.000739,-0.081432,-0.035252,0.001996,0.001322
0,0.028699,0.026647,0.168086,0.099492,0.142891,0.120801,0.000501,0.000465
0,0.014194,-0.171861,-0.028484,-0.188316,-0.07842,-0.208803,0.000248,0.003
0,-0.128758,-0.17776,-0.141129,-0.001646,-0.148252,0.024824,0.002247,0.003103
0,-0.052642,-0.118736,0.074065,0.04977,0.030908,0.027411,0.000919,0.002072
0,-0.010227,-0.011879,0.070339,0.131364,0.086259,0.092492,0.000178,0.000207
0,-0.126201,-0.186576,-0.098288,-0.152314,-0.078952,-0.195414,0.002203,0.003256
0,0.006412,-0.133446,0.121303,0.063645,0.157276,0.016325,0.000112,0.002329
0,-0.100619,0.062322,-0.082156,0.175383,-0.121141,0.176465,0.001756,0.001088
0,0.068059,-0.205849,0.171882,-0.275181,0.165461,-0.316773,0.001188,0.003593
0,0.03013,0.01493,-0.043127,0.219882,-0.089046,0.22737,0.000526,0.000261
0,-0.172904,0.060428,-0.185528,0.036425,-0.185504,0.028993,0.003018,0.001055
0,0.009841,0.055219,0.199759,0.001955,0.159095,-0.037415,0.000172,0.000964
0,-0.116308,-0.108461,-0.133986,-0.160807,-0.157145,-0.204521,0.00203,0.001893
0,0.209927,-0.106207,0.318392,0.022154,0.3221,-0.022863,0.003664,0.001854
0,0.005485,-0.192595,-0.182993,-0.063198,-0.159832,-0.029162,9.6e-05,0.003361
0,0.028452,-0.087546,0.023812,0.104422,0.00975,0.09775,0.000497,0.001528
0,0.031068,-0.176233,-0.001394,-0.093161,-0.039153,-0.142325,0.000542,0.003076
0,-0.117897,0.109498,-0.121444,0.271508,-0.163247,0.252239,0.002058,0.001911
0,0.091827,-0.103719,0.208115,-0.202228,0.225736,-0.160655,0.001603,0.00181
0,0.033071,-0.074917,-0.032808,0.036061,0.006868,0.082008,0.000577,0.001308
0,0.175746,-0.069723,0.153666,0.009258,0.168706,-0.029359,0.003067,0.001217
0,-0.102695,-0.005916,-0.291419,0.079127,-0.304108,0.069474,0.001792,0.000103
0,-0.02738,-0.168989,0.074157,-0.180352,0.026396,-0.211134,0.000478,0.002949
0,-0.060243,0.041022,-0.050179,0.21647,-0.038435,0.224746,0.001051,0.000716
0,-0.14867,-0.0106,-0.109286,-0.058597,-0.148156,-0.099845,0.002595,0.000185
0,0.090237,-0.250261,0.217796,-0.223839,0.176383,-0.261714,0.001575,0.004368
0,0.049815,-0.243446,-0.025672,-0.005922,-0.045374,-0.022149,0.000869,0.004249
0,-0.023584,-0.176003,-0.059811,0.069338,-0.037587,0.055737,0.000412,0.003072
0,0.090336,-0.026764,0.117681,0.177373,0.13012,0.132576,0.001577,0.000467
0,-0.005569,-0.237958,-0.074144,-0.21601,-0.093541,-0.211639,9.7e-05,0.004153
0,-0.133096,-0.013115,-0.112079,0.205102,-0.102387,0.200086,0.002323,0.000229
0,-0.034031,-0.158175,0.105553,-0.159644,0.085963,-0.198716,0.000594,0.002761
0,0.084784,-0.286473,0.125851,-0.127867,0.145016,-0.1357,0.00148,0.005
0,-0.116131,-0.036659,-0.208541,0.246366,-0.256718,0.288557,0.002027,0.00064
0,-0.245044,-0.218834,-0.1507,-0.196231,-0.167269,-0.232703,0.004277,0.003819
0,0.061842,-0.119642,0.335736,0.090128,0.346515,0.083662,0.001079,0.002088
0,0.116483,-0.090722,0.075343,0.00827,0.100923,-0.008973,0.002033,0.001583
0,-0.107985,-0.231114,-0.24419,-0.167683,-0.268685,-0.204882,0.001885,0.004034
0,-0.050433,-0.071988,0.046218,0.174196,0.026802,0.162346,0.00088,0.001256
0,-0.152739,-0.025862,-0.120209,0.067163,-0.140455,0.089861,0.002666,0.000451
0,-0.061307,-0.105857,0.072637,-0.056678,0.053619,-0.093359,0.00107,0.001848
0,0.039977,0.02146,0.117591,0.148474,0.077401,0.154586,0.000698,0.000375
0,-0.02811,0.057134,-0.081199,0.014526,-0.125953,0.062801,0.000491,0.000997
0,-0.051521,-0.007012,-0.052358,-0.061151,-0.068631,-0.053317,0.000899,0.000122
0,0.047929,-0.194272,0.097897,-0.193577,0.062217,-0.161997,0.000837,0.003391
0,3.020179,0.0549,2.979546,0.23269,2.976986,0.258594,0.00435,0.000958
0,3.836546,0.503675,0.839874,0.458674,0.855355,0.476637,0.005583,0.0033
0,4.060744,0.358215,0.198256,-0.155639,0.231832,-0.109367,0.00167,0.005838
0,3.609264,0.471797,-0.441606,0.110316,-0.447908,0.085114,0.002541,0.003856
0,3.112304,0.287261,-0.469312,-0.194481,-0.473253,-0.169929,0.005958,0.005014
0,2.752134,0.063963,-0.340279,-0.203152,-0.346968,-0.224235,0.000328,0.001116
0,2.22453,0.236575,-0.549833,0.169822,-0.577164,0.16411,0.002554,0.004129
0,1.920084,0.270479,-0.307524,0.057739,-0.269638,0.094324,0.00276,0.004721
0,1.103691,0.193674,-0.792973,-0.090895,-0.761407,-0.108752,0.004918,0.00338
0,0.584516,-0.002242,-0.531665,-0.21549,-0.490817,-0.185094,0.001889,3.9e-05
0,0.278853,-0.030301,-0.310414,8.2e-05,-0.309581,0.011071,0.004867,0.000529
0,-0.094533,0.028361,-0.348313,0.05636,-0.360117,0.070689,0.00165,0.000495
0,-0.427313,0.173478,-0.356861,0.156654,-0.317538,0.189882,0.004632,0.003028
0,-0.430632,0.087033,0.020992,-0.0776,0.04925,-0.070382,0.004575,0.001519
0,-0.121066,0.04469,0.284428,-0.066582,0.282875,-0.032843,0.002113,0.00078
0,-0.105266,0.18086,0.043396,0.152689,0.072141,0.166499,0.001837,0.003157
0,0.010116,0.175867,0.121397,0.007446,0.150802,0.019936,0.000177,0.003069
0,-0.173107,0.002036,-0.19264,-0.196633,-0.215116,-0.213975,0.003021,3.6e-05
0,-0.137191,0.104476,0.016851,0.077051,0.034725,0.079368,0.002394,0.001823
0,-0.087732,0.020883,0.040758,-0.064053,0.049381,-0.071034,0.001531,0.000364
0,-0.043058,0.202932,0.045854,0.20768,0.041119,0.165707,0.000752,0.003542
0,-0.128353,0.145192,-0.115132,-0.039528,-0.121412,-0.02348,0.00224,0.002534
0,-0.282163,0.216378,-0.168151,0.084151,-0.210217,0.133209,0.004925,0.003777
0,-0.245916,0.149455,0.028665,-0.047017,-0.013025,-0.032448,0.004292,0.002608
0,-0.202678,0.17331,0.072763,0.032474,0.044181,-0.006276,0.003537,0.003025
0,-0.217657,0.059358,-0.019979,-0.099722,-0.043505,-0.114472,0.003799,0.001036
0,-0.170758,0.054561,0.064288,-0.010321,0.045381,0.02296,0.00298,0.000952
0,-0.240887,0.176321,-0.067511,0.135708,-0.052963,0.136306,0.004204,0.003077
0,-0.062545,0.146342,0.206186,-0.017782,0.215244,0.029572,0.001092,0.002554
0,-0.165417,-0.054425,-0.092739,-0.204055,-0.047784,-0.158335,0.002887,0.00095
0,-0.079427,0.173992,0.098155,0.248811,0.110416,0.207139,0.001386,0.003037
0,-0.06069,0.055774,0.033671,-0.128267,0.049267,-0.156728,0.001059,0.000973
0,0.039918,0.186275,0.087341,0.119526,0.083579,0.128188,0.000697,0.003251
0,0.028257,0.082561,-0.035468,-0.114544,-0.075232,-0.148038,0.000493,0.001441
0,-0.08126,-0.102685,-0.105268,-0.209859,-0.120508,-0.197805,0.001418,0.001792
0,-0.107886,0.204559,-0.016134,0.327954,-0.038182,0.354499,0.001883,0.00357
0,-0.058953,-0.063301,0.065842,-0.252947,0.017022,-0.239044,0.001029,0.001105
0,-0.089802,0.004529,-0.054913,0.053128,-0.049939,0.092948,0.001567,7.9e-05
0,-0.196298,0.074847,-0.104707,0.062797,-0.118844,0.029954,0.003426,0.001306
0,-0.133621,0.001275,0.03277,-0.081397,0.05546,-0.07875,0.002332,2.2e-05
0,-0.016488,0.14427,0.097447,0.171255,0.110565,0.165992,0.000288,0.002518
0,-0.042616,-0.134402,-0.010092,-0.299892,-0.023938,-0.260036,0.000744,0.002346
0,-0.175784,-0.044932,-0.156204,0.108025,-0.190968,0.145752,0.003068,0.000784
0,0.091567,0.116781,0.273351,0.153416,0.273025,0.152707,0.001598,0.002038
0,-0.010951,-0.010961,-0.07255,-0.127893,-0.108461,-0.147168,0.000191,0.000191
0,0.045078,0.123744,0.060018,0.161653,0.030682,0.142486,0.000787,0.00216
0,0.184869,0.113739,0.154291,-0.002069,0.187845,-0.041236,0.003227,0.001985
0,0.109581,0.166057,-0.090938,0.031543,-0.065729,0.071386,0.001913,0.002898
0,-0.122399,-0.056058,-0.236041,-0.235328,-0.199301,-0.283371,0.002136,0.000978
0,0.031739,0.098916,0.131269,0.148463,0.126014,0.127196,0.000554,0.001726
0,0.043632,-0.093603,0.018993,-0.214396,0.048035,-0.220006,0.000762,0.001634
0,-0.162086,0.090684,-0.230586,0.200449,-0.229668,0.18705,0.002829,0.001583
0,0.106699,0.09614,0.283701,-0.006686,0.323587,0.024144,0.001862,0.001678
0,-0.157842,-0.087518,-0.280363,-0.20385,-0.238019,-0.160503,0.002755,0.001527
0,0.062553,0.097393,0.231414,0.160193,0.261364,0.180515,0.001092,0.0017
0,-0.110944,0.04189,-0.198811,-0.054751,-0.207395,-0.0338,0.001936,0.000731
0,-0.113512,0.012405,-0.024054,-0.047483,-0.00122,-0.066088,0.001981,0.000217
0,-0.106434,0.073946,0.034398,0.0717,0.025045,0.066395,0.001858,0.001291
0,0.020277,0.01155,0.150318,-0.052509,0.171301,-0.04614,0.000354,0.000202
0,0.021036,0.036637,-0.02728,0.02705,0.010946,0.040049,0.000367,0.000639
0,-0.193344,-0.034897,-0.231918,-0.043286,-0.182503,-0.087177,0.003374,0.000609
0,-0.079004,-0.05759,0.099036,-0.025611,0.09273,-0.004633,0.001379,0.001005
0,-0.228117,0.075557,-0.168891,0.144362,-0.169278,0.121674,0.003981,0.001319
0,-0.055186,-0.047234,0.162134,-0.118797,0.177425,-0.166955,0.000963,0.000824
0,-0.089733,-0.013813,-0.056155,0.020732,-0.04593,0.035266,0.001566,0.000241
0,-0.178269,-0.064405,-0.100871,-0.075526,-0.119141,-0.060608,0.003111,0.001124
0,-0.195697,0.014767,-0.01374,0.103389,-0.013756,0.094046,0.003416,0.000258
0,-0.027126,-0.028192,0.185037,-0.041574,0.170794,-0.067769,0.000473,0.000492
0,-0.031393,0.214872,0.017275,0.252965,-0.002071,0.26194,0.000548,0.00375
0,-0.01188,0.187956,-0.002277,-0.00059,-0.026361,0.03037,0.000207,0.00328
0,0.034827,0.073331,0.041587,-0.121212,0.057183,-0.135146,0.000608,0.00128
0,-0.091387,0.02321,-0.127207,-0.063078,-0.117006,-0.023965,0.001595,0.000405
0,-0.070743,0.079031,0.012723,0.078091,-0.001038,0.043469,0.001235,0.001379
0,-0.103007,0.106787,-0.012714,-0.000905,0.034592,-0.009841,0.001798,0.001864
0,-0.238601,-0.024018,-0.133761,-0.126672,-0.159081,-0.144182,0.004164,0.000419
0,-0.159281,-0.084127,0.09623,-0.082333,0.140271,-0.086196,0.00278,0.001468
0,-0.19976,0.188408,-0.018668,0.258706,0.009767,0.272551,0.003486,0.003288
0,-0.100315,0.147379,0.085439,-0.045946,0.087428,-0.095171,0.001751,0.002572
0,-0.083958,0.173226,0.014263,-0.003838,-0.023919,-0.037201,0.001465,0.003023
0,-0.155654,0.03404,-0.081098,-0.156006,-0.129916,-0.157881,0.002717,0.000594
0,-0.092511,0.13499,0.075965,0.112162,0.079485,0.063831,0.001615,0.002356
0,-0.181259,0.181795,-0.081472,0.073164,-0.129825,0.102664,0.003164,0.003173
0,-0.040076,0.131462,0.137437,-0.065851,0.127034,-0.062439,0.000699,0.002294
0,-0.2601,-0.085431,-0.209799,-0.227914,-0.212276,-0.219221,0.00454,0.001491
0,-0.05332,0.038261,0.18301,0.131893,0.217598,0.108508,0.000931,0.000668
0,-0.215835,-0.034894,-0.15721,-0.054353,-0.14573,-0.090079,0.003767,0.000609
0,-0.145816,0.074229,0.075881,0.085324,0.06844,0.121209,0.002545,0.001296
0,-0.248674,-0.046378,-0.079067,-0.150283,-0.079998,-0.127514,0.00434,0.000809
0,-0.231996,0.042531,0.009117,0.092332,0.021529,0.101805,0.004049,0.000742
0,-0.18189,0.073331,0.055695,0.048251,0.085263,0.094676,0.003175,0.00128
0,-0.187691,-0.087947,0.011392,-0.147016,-0.01757,-0.133274,0.003276,0.001535
0,-0.259404,-0.038594,-0.080119,0.078132,-0.110288,0.058328,0.004527,0.000674
0,-0.377608,0.099817,-0.099433,0.142695,-0.109391,0.121724,0.0055,0.001742
0,-0.201888,0.059785,0.162589,-0.06155,0.134403,-0.098394,0.003524,0.001043
0,-0.179204,-0.032316,0.037904,-0.112693,0.045154,-0.074361,0.003128,0.000564
0,-0.156454,4e-06,0.03786,0.04795,0.034159,0.058365,0.002731,0.0
0,-0.133591,-0.02336,0.046954,-0.042617,0.094419,-0.011842,0.002332,0.000408
0,-0.259715,0.093802,-0.131816,0.130881,-0.135363,0.134447,0.004533,0.001637
0,-0.340454,0.062984,-0.075358,-0.027796,-0.049033,-0.051455,0.005942,0.001099
0,-0.223093,0.112162,0.100255,0.034457,0.133918,0.0205,0.003894,0.001958
0,-0.045583,0.005182,0.148154,-0.108091,0.16194,-0.084119,0.000796,9e-05
0,-0.205641,0.060623,-0.136575,0.066097,-0.134566,0.062961,0.003589,0.001058
0,-0.29192,0.01534,-0.082528,-0.030621,-0.035087,-0.06493,0.005095,0.000268
0,0.045814,0.069702,0.355588,0.072885,0.31053,0.08964,0.0008,0.001217
0,-0.151544,-0.090896,-0.207102,-0.180997,-0.249157,-0.158767,0.002645,0.001586
0,-0.160434,0.085935,0.014907,0.180629,0.019841,0.160234,0.0028,0.0015
0,-0.056158,-0.081007,0.117,-0.175177,0.132391,-0.198723,0.00098,0.001414
0,-0.134017,-0.097305,-0.054837,0.00058,-0.014839,0.035064,0.002339,0.001698
0,0.074149,0.15317,0.178218,0.251122,0.204327,0.219069,0.001294,0.002673
0,0.067151,-0.015554,0.016705,-0.174263,0.037009,-0.20185,0.001172,0.000271
0,0.083207,0.032278,-0.009994,0.032831,-0.051563,0.018265,0.001452,0.000563
0,0.100676,-0.015519,0.038672,-0.022058,0.079913,-0.017322,0.001757,0.000271
0,0.086787,0.11764,-0.039889,0.138314,-0.067257,0.105027,0.001515,0.002053
0,-0.141633,-0.000832,-0.217701,-0.102731,-0.175042,-0.075378,0.002472,1.5e-05
0,-0.00206,0.103009,0.158261,0.126469,0.129896,0.144069,3.6e-05,0.001798
0,-0.086406,0.067942,-0.082918,-0.048196,-0.036972,-0.013757,0.001508,0.001186
0,-0.086709,0.106872,0.024129,0.05658,0.036286,0.01125,0.001513,0.001865
0,-0.129637,-0.108834,-0.032562,-0.201435,-0.06195,-0.197491,0.002263,0.0019
0,-0.070748,0.090626,0.036526,0.196511,0.048821,0.240476,0.001235,0.001582
0,0.12073,0.071611,0.190957,-0.005982,0.171814,-0.041078,0.002107,0.00125
0,0.088813,-0.05565,-0.021407,-0.147346,-0.049266,-0.166384,0.00155,0.000971
0,0.05566,0.068327,-0.014268,0.132677,-0.054054,0.14438,0.000971,0.001193
0,-0.022201,0.0523,-0.064116,-0.031352,-0.053675,-0.070593,0.000387,0.000913
0,0.040722,-0.130716,0.049024,-0.176258,0.074516,-0.211432,0.000711,0.002281
0,-0.113062,0.046352,-0.178285,0.202435,-0.196853,0.213651,0.001973,0.000809
0,0.116648,0.107163,0.223159,0.073809,0.26682,0.044073,0.002036,0.00187
0,-0.090802,-0.0777,-0.204584,-0.172672,-0.172517,-0.177631,0.001585,0.001356
0,0.117997,0.12684,0.194218,0.201551,0.197821,0.16758,0.002059,0.002214
0,0.048416,0.096351,-0.074806,-0.010092,-0.027754,-0.022329,0.000845,0.001682
0,-0.010032,0.024182,-0.04227,-0.090518,-0.080295,-0.092493,0.000175,0.000422
0,-0.101588,-0.100134,-0.100716,-0.118477,-0.104214,-0.161742,0.001773,0.001748
0,-0.065963,0.009955,0.019589,0.12197,0.03921,0.161433,0.001151,0.000174
0,0.058805,0.140988,0.095451,0.105793,0.046367,0.108378,0.001026,0.002461
0,0.126935,-0.009509,0.073286,-0.146532,0.119381,-0.165968,0.002215,0.000166
0,0.001357,0.100045,-0.102808,0.136358,-0.08608,0.139714,2.4e-05,0.001746
0,0.046074,-0.0826,0.023487,-0.172215,0.046651,-0.194298,0.000804,0.001442
0,0.081297,0.108698,0.038312,0.206225,0.021082,0.157012,0.001419,0.001897
0,-0.099592,0.048906,-0.176416,-0.047478,-0.194731,-0.054469,0.001738,0.000854
0,0.113783,0.163847,0.201941,0.09627,0.239258,0.072003,0.001986,0.00286
0,-0.037004,0.0753,-0.148219,-0.079361,-0.167246,-0.040908,0.000646,0.001314
0,-0.005653,0.203456,0.038536,0.131591,-0.005992,0.173796,9.9e-05,0.003551
0,0.059283,-0.014756,0.060975,-0.216049,0.033275,-0.207013,0.001035,0.000258
0,0.023273,0.173338,-0.008131,0.16247,-0.027144,0.131571,0.000406,0.003025
0,-0.000499,-0.053773,0.003084,-0.209155,0.051471,-0.197622,9e-06,0.000939
0,0.164801,0.024094,0.161245,0.051358,0.179757,0.078085,0.002876,0.000421
0,0.163328,0.1717,0.024301,0.132842,0.05104,0.180962,0.002851,0.002997
0,0.215753,-0.000937,0.081089,-0.201059,0.122788,-0.183056,0.003766,1.6e-05
0,-0.014898,-0.024356,-0.2556,-0.048537,-0.257676,-0.090922,0.00026,0.000425
0,-0.036322,-0.023785,-0.035795,-0.006929,0.000238,-0.016567,0.000634,0.000415
0,0.141769,0.100921,0.200394,0.13243,0.199994,0.17627,0.002474,0.001761
0,0.109193,0.138219,-0.028571,0.031518,-0.026589,-0.011384,0.001906,0.002412
0,0.266751,-0.135876,0.145156,-0.266924,0.194562,-0.266401,0.004656,0.002371
0,0.134131,-0.076598,-0.105135,0.070128,-0.120419,0.100374,0.002341,0.001337
0,0.082539,-0.151894,-0.057969,-0.081335,-0.020612,-0.086785,0.001441,0.002651
0,0.009389,0.054795,-0.073805,0.210456,-0.114235,0.259662,0.000164,0.000956
0,0.204737,-0.068725,0.176735,-0.147423,0.142805,-0.194812,0.003573,0.001199
0,-0.047763,0.023504,-0.244069,0.070849,-0.227414,0.056097,0.000834,0.00041
0,0.239484,-0.198137,0.271188,-0.23913,0.283139,-0.205082,0.00418,0.003458
0,0.127695,-0.080966,-0.129235,0.09375,-0.130948,0.07297,0.002229,0.001413
0,0.182453,-0.098685,0.075419,-0.04672,0.029373,-0.041287,0.003184,0.001722
0,3.1488,0.52609,2.961792,0.625779,2.957501,0.629317,0.005495,0.002908
0,3.483734,1.004834,0.328534,0.477658,0.375855,0.454251,0.00035,0.005447
0,3.256303,1.384124,-0.201287,0.373809,-0.177003,0.357554,0.003619,2.3e-05
0,3.38749,2.157953,0.143982,0.779469,0.160741,0.82635,0.00133,0.001392
0,3.514972,2.22337,0.110497,0.094197,0.079618,0.097053,0.000895,0.002534
0,2.946054,2.038029,-0.56744,-0.178041,-0.608104,-0.208857,0.003056,0.000701
0,2.355666,1.858236,-0.576932,-0.159179,-0.570037,-0.145898,0.004843,0.003839
0,1.698814,1.550236,-0.64659,-0.27866,-0.678829,-0.28092,0.005469,0.002876
0,1.245288,1.000771,-0.478967,-0.553238,-0.501519,-0.573906,0.002447,0.005376
0,0.775608,0.656747,-0.460541,-0.328754,-0.45077,-0.35674,0.001446,0.000628
0,0.412255,0.496324,-0.364376,-0.134356,-0.385693,-0.125209,0.004895,0.003428
0,0.15365,0.182057,-0.253137,-0.31027,-0.25903,-0.298084,0.002682,0.003178
0,-0.298126,-0.021096,-0.466908,-0.191713,-0.42714,-0.219003,0.005203,0.000368
0,-0.790757,-0.17492,-0.509207,-0.162945,-0.467592,-0.205227,0.001711,0.003053
0,-0.742568,-0.287995,0.063777,-0.139001,0.067445,-0.165496,0.00087,0.005026
0,-0.448771,-0.319581,0.312887,-0.010039,0.3499,-0.027156,0.004258,0.005578
0,-0.491987,-0.238695,-0.043656,0.103342,-0.074892,0.093321,0.003504,0.004166
0,-0.366773,-0.389386,0.108707,-0.16684,0.155732,-0.210712,0.005689,0.005294
0,-0.229471,-0.362236,0.125408,0.033359,0.171395,0.075626,0.004005,0.005768
0,0.071983,-0.040726,0.298738,0.350724,0.323123,0.3143,0.001256,0.000711
0,0.232738,0.060945,0.141123,0.117929,0.126156,0.167281,0.004062,0.001064
0,0.188841,-0.093547,-0.047069,-0.125295,-0.091152,-0.095663,0.003296,0.001633
0,0.186036,-0.089512,-0.010755,-0.023868,-0.035053,-0.061589,0.003247,0.001562
0,0.050465,-0.032133,-0.134357,0.081473,-0.151928,0.03861,0.000881,0.000561
0,0.248527,0.134663,0.212632,0.192785,0.182589,0.151223,0.004338,0.00235
0,0.315097,0.102021,0.092257,-0.029914,0.047727,-0.028154,0.005499,0.001781
0,0.182081,0.024967,-0.132243,-0.047118,-0.135567,-0.037828,0.003178,0.000436
0,0.071377,-0.090941,-0.11717,-0.121986,-0.162102,-0.140972,0.001246,0.001587
0,0.068711,-0.118132,0.007023,-0.033728,-0.024866,-0.073527,0.001199,0.002062
0,0.144185,0.025729,0.046236,0.170845,0.00835,0.170021,0.002516,0.000449
0,0.0347,-0.056071,-0.111425,-0.106625,-0.089989,-0.144614,0.000606,0.000979
0,0.107626,0.12089,0.043921,0.198364,0.001641,0.211094,0.001878,0.00211
0,-0.064658,-0.06379,-0.15225,-0.162936,-0.169004,-0.205388,0.001128,0.001113
0,-0.056538,-0.079648,0.013821,0.008928,0.027905,0.039802,0.000987,0.00139
0,0.070448,0.192006,0.107547,0.26548,0.07299,0.250815,0.00123,0.003351
0,-0.150079,-0.014609,-0.237884,-0.222536,-0.237314,-0.21714,0.002619,0.000255
0,-0.059487,-0.014577,0.1058,0.002658,0.058292,-0.010109,0.001038,0.000254
0,0.031698,0.12851,0.072305,0.168265,0.031457,0.159179,0.000553,0.002243
0,0.09369,-0.050421,0.066234,-0.15472,0.115474,-0.112057,0.001635,0.00088
0,-0.105034,-0.121053,-0.219731,-0.04858,-0.217402,-0.011204,0.001833,0.002113
0,0.077057,0.057654,0.155674,0.162559,0.116212,0.149095,0.001345,0.001006
0,0.068038,-0.098298,0.017706,-0.182112,0.001945,-0.20462,0.001187,0.001716
0,-0.096721,-0.019298,-0.192098,0.076059,-0.205752,0.048766,0.001688,0.000337
0,0.052394,-0.090697,0.169433,-0.070282,0.205249,-0.087717,0.000914,0.001583
0,-0.200464,-0.059887,-0.278486,0.006862,-0.313053,0.003768,0.003499,0.001045
0,-0.095184,0.062282,0.110563,0.129472,0.098085,0.149393,0.001661,0.001087
0,-0.183365,0.117249,-0.097543,0.071325,-0.099001,0.062011,0.0032,0.002046
0,-0.140097,-0.089172,0.051566,-0.178748,0.074213,-0.220334,0.002445,0.001556
0,0.023321,0.003014,0.150326,0.108685,0.190683,0.095935,0.000407,5.3e-05
0,-0.199175,0.182201,-0.215674,0.188297,-0.195248,0.194494,0.003476,0.00318
0,-0.168461,0.126329,0.002624,-0.075149,-0.025525,-0.035738,0.00294,0.002205
0,0.075298,0.145712,0.239849,-0.003539,0.233642,0.038537,0.001314,0.002543
0,-0.088912,0.082393,-0.136465,-0.061452,-0.103782,-0.02102,0.001552,0.001438
0,-0.034656,0.101087,0.039232,0.03724,0.045232,0.085566,0.000605,0.001764
0,-0.038236,0.184621,-0.033059,0.095238,0.005786,0.092545,0.000667,0.003222
0,0.081459,0.044695,0.099262,-0.115515,0.05241,-0.114999,0.001422,0.00078
0,0.03048,-0.022923,-0.057292,-0.080456,-0.027738,-0.056128,0.000532,0.0004
0,-0.020284,0.240606,-0.055693,0.281946,-0.100189,0.278915,0.000354,0.004199
0,0.05457,0.020294,0.102288,-0.21505,0.074144,-0.251082,0.000952,0.000354
0,0.053217,0.166824,0.027537,0.159484,0.065226,0.200612,0.000929,0.002912
0,0.145554,0.176964,0.094166,0.02574,0.05648,0.054249,0.00254,0.003089
0,0.090596,0.121788,-0.036656,-0.042588,0.00229,-0.088429,0.001581,0.002126
0,0.183787,0.144223,0.073033,0.045242,0.047095,0.001231,0.003208,0.002517
0,0.043391,0.208542,-0.142281,0.090873,-0.105562,0.094128,0.000757,0.00364
0,-0.012868,0.212486,-0.084259,0.009251,-0.078541,0.058683,0.000225,0.003709
0,0.044702,0.171489,0.056726,-0.022177,0.012165,-0.017514,0.00078,0.002993
0,2.848254,-0.112173,2.778594,-0.290744,2.822614,-0.309123,0.001349,0.001958
0,3.270228,-0.18789,0.396632,-0.063185,0.359055,-0.068686,0.003376,0.003279
0,3.575122,0.002133,0.283594,0.163854,0.278416,0.157024,0.001945,3.7e-05
0,3.044256,-0.16637,-0.526745,-0.173045,-0.526901,-0.217687,0.00477,0.002904
0,2.666363,-0.180598,-0.407156,-0.008469,-0.443456,-0.027434,0.001825,0.003152
0,1.494127,-0.216856,-1.162096,-0.017006,-1.151718,-0.023462,0.001896,0.003785
0,0.915274,-0.34653,-0.558745,-0.127237,-0.57521,-0.148524,0.003884,0.006042
0,0.596298,-0.022916,-0.318919,0.333474,-0.32285,0.338723,0.001683,0.0004
0,0.26876,-0.25354,-0.329071,-0.231895,-0.32814,-0.227813,0.004691,0.004425
0,0.181625,-0.147704,-0.108454,0.089455,-0.140539,0.11165,0.00317,0.002578
0,-0.075241,-0.168014,-0.236745,-0.020038,-0.258566,-0.05009,0.001313,0.002932
0,-0.088138,-0.072812,-0.023253,0.077876,-0.020975,0.091201,0.001538,0.001271
0,-0.158915,-0.158093,-0.053824,-0.085,-0.054768,-0.131554,0.002774,0.002759
0,-0.235788,-0.046338,-0.100833,0.117608,-0.106289,0.12455,0.004115,0.000809
0,-0.191288,-0.154545,0.025336,-0.136575,0.011518,-0.103986,0.003339,0.002697
0,-0.183418,-0.016967,0.036742,0.147814,0.064058,0.192736,0.003201,0.000296
0,-0.157355,-0.147905,0.001986,-0.122742,-0.013319,-0.131837,0.002746,0.002581
0,-0.104656,0.078626,0.064062,0.204442,0.081785,0.206173,0.001827,0.001372
0,-0.327521,0.000801,-0.242827,-0.097008,-0.251832,-0.108544,0.005716,1.4e-05
0,-0.188354,0.058136,0.162661,0.040662,0.187691,-0.000735,0.003287,0.001015
0,-0.197997,0.009022,0.018862,-0.036583,0.031438,-0.055968,0.003456,0.000157
0,-0.281903,0.03046,-0.067092,0.021752,-0.0326,0.039565,0.00492,0.000532
0,-0.296028,0.053105,-0.034923,0.039209,-0.008833,0.052928,0.005167,0.000927
0,-0.195562,-0.045165,0.108982,-0.115225,0.108286,-0.068186,0.003413,0.000788
0,-0.096769,-0.106145,0.079222,-0.048364,0.057949,-0.070662,0.001689,0.001853
0,-0.187191,0.051685,-0.096125,0.166613,-0.08319,0.163268,0.003267,0.000902
0,-0.138862,0.096825,0.029918,0.067735,0.020254,0.110209,0.002424,0.00169
0,-0.158427,-0.051648,0.004087,-0.150952,0.016609,-0.104465,0.002765,0.000901
0,-0.351265,-0.046821,-0.204468,-0.019884,-0.167811,-0.058272,0.00596,0.000817
0,-0.027287,0.121615,0.310376,0.146978,0.298447,0.113458,0.000476,0.002123
0,-0.098017,-0.072487,-0.065645,-0.217409,-0.112373,-0.206186,0.001711,0.001265
0,0.029217,-0.019328,0.136554,0.0389,0.103826,-0.003099,0.00051,0.000337
0,-0.083194,0.066607,-0.120025,0.0925,-0.166279,0.079916,0.001452,0.001163
0,0.068278,0.019235,0.13067,-0.039609,0.179333,-0.020654,0.001192,0.000336
0,0.052525,-0.114374,0.012525,-0.159725,-0.01204,-0.173102,0.000917,0.001996
0,0.015359,0.125556,-0.058867,0.262228,-0.099865,0.287758,0.000268,0.002191
0,-0.087805,-0.037028,-0.113807,-0.156617,-0.107298,-0.143736,0.001532,0.000646
0,-0.018318,-0.152096,0.069518,-0.118083,0.055034,-0.108903,0.00032,0.002655
0,0.075744,0.010214,0.122234,0.14797,0.103231,0.148628,0.001322,0.000178
0,0.023382,-0.047143,-0.067828,-0.034026,-0.061215,-0.047698,0.000408,0.000823
0,0.146347,-0.128896,0.130684,-0.098754,0.09233,-0.14393,0.002554,0.00225
0,0.02542,-0.110752,-0.143412,0.025749,-0.098188,0.060575,0.000444,0.001933
0,-0.060156,0.077588,-0.062022,0.194319,-0.106444,0.210729,0.00105,0.001354
0,-0.07395,-0.162928,-0.042992,-0.223083,-0.05938,-0.204498,0.001291,0.002844
0,0.078631,-0.082978,0.165695,0.064657,0.214722,0.112967,0.001372,0.001448
0,0.151499,-0.076753,0.068188,-0.019462,0.02371,-0.066328,0.002644,0.00134
0,0.018308,-0.065993,-0.117687,0.020825,-0.133247,0.049205,0.00032,0.001152
0,-0.009145,-0.156633,-0.043273,-0.111808,0.002583,-0.128096,0.00016,0.002734
0,0.15396,-0.087607,0.180331,0.089949,0.176515,0.084203,0.002687,0.001529
0,0.003343,-0.137642,-0.166984,-0.038167,-0.139987,-0.062595,5.8e-05,0.002402
0,0.178781,0.014622,0.189071,0.16994,0.235903,0.123673,0.00312,0.000255
0,0.02065,-0.018809,-0.180507,-0.00536,-0.211099,0.033172,0.00036,0.000328
0,0.247923,0.135668,0.2198,0.153296,0.227709,0.169258,0.004327,0.002368
0,0.323195,-0.062675,0.066942,-0.185364,0.093195,-0.163844,0.005641,0.001094
0,0.273622,0.082289,-0.06139,0.128392,-0.067623,0.134229,0.004776,0.001436
0,0.137366,-0.070214,-0.121002,-0.132972,-0.168151,-0.086934,0.002397,0.001225
0,0.077231,-0.028867,-0.087331,0.032794,-0.057231,0.043756,0.001348,0.000504
0,0.102006,-0.086999,0.048817,-0.078376,0.005326,-0.035894,0.00178,0.001518
0,0.023004,0.030142,-0.105655,0.133444,-0.123124,0.129389,0.000401,0.000526
0,0.023324,-0.020368,-0.019411,-0.024095,-0.009729,-0.046086,0.000407,0.000355
0,0.068489,-0.145241,0.039335,-0.131073,0.069291,-0.082037,0.001195,0.002535
0,0.119597,0.090713,0.063769,0.211188,0.076384,0.174369,0.002087,0.001583
0,-0.049922,-0.088019,-0.161133,-0.180627,-0.13707,-0.174686,0.000871,0.001536
0,0.148287,-0.039488,0.187616,0.055316,0.178396,0.059408,0.002588,0.000689
0,0.081941,-0.085373,-0.057058,-0.01591,-0.085276,0.010838,0.00143,0.00149
0,0.092572,-0.152921,0.027492,-0.059959,-0.001396,-0.068774,0.001616,0.002669
0,0.010478,0.031607,-0.111494,0.182813,-0.085009,0.173337,0.000183,0.000552
0,0.250157,0.049167,0.244871,-0.003109,0.252787,-0.008289,0.004366,0.000858
0,0.095024,-0.063097,-0.160413,-0.087315,-0.202132,-0.069539,0.001658,0.001101
0,-0.001907,-0.047523,-0.091856,0.01826,-0.044155,0.006706,3.3e-05,0.000829
0,0.294613,0.004584,0.296755,0.079,0.344992,0.046552,0.005142,8e-05
0,0.123073,-0.077199,-0.155418,-0.108374,-0.14732,-0.120224,0.002148,0.001347
0,0.021804,0.064059,-0.12935,0.125142,-0.162172,0.124519,0.000381,0.001118
0,0.219656,-0.2094,0.202915,-0.260497,0.166961,-0.281076,0.003834,0.003655
0,0.152518,0.029084,-0.039595,0.246643,-0.046556,0.199844,0.002662,0.000508
0,0.095683,0.00254,-0.052496,-0.029364,-0.026402,-0.052645,0.00167,4.4e-05
0,0.243924,-0.033694,0.128747,-0.034259,0.141494,-0.002914,0.004257,0.000588
0,0.276179,-0.179494,0.042614,-0.1508,0.067079,-0.159214,0.00482,0.003133
0,0.272949,-0.111606,-0.013537,0.05701,0.01486,0.062633,0.004764,0.001948
0,0.18584,-0.232501,-0.088847,-0.140187,-0.136518,-0.126947,0.003244,0.004058
0,0.247577,-0.079621,0.046557,0.15182,0.049806,0.128316,0.004321,0.00139
0,0.13385,-0.185828,-0.099382,-0.083155,-0.112387,-0.066678,0.002336,0.003243
0,0.201425,-0.088799,0.087455,0.080785,0.09344,0.083502,0.003516,0.00155
0,0.225805,-0.108872,0.024697,0.001427,0.041118,-0.037661,0.003941,0.0019
0,-0.033153,-0.229762,-0.267578,-0.132386,-0.311468,-0.121014,0.000579,0.00401
0,-0.021352,-0.142404,0.005254,0.113086,0.028393,0.097989,0.000373,0.002485
0,0.133104,-0.257831,0.167638,-0.124435,0.126417,-0.152764,0.002323,0.0045
0,-0.056128,-0.104587,-0.162107,0.134381,-0.144532,0.136602,0.00098,0.001825
0,-0.127,-0.276207,-0.064199,-0.150341,-0.053105,-0.152202,0.002217,0.004821
0,0.181731,-0.035759,0.336223,0.225928,0.310295,0.18476,0.003172,0.000624
0,0.09454,0.016872,-0.097271,0.028778,-0.120239,-0.020892,0.00165,0.000294
0,-0.0502,-0.20146,-0.130854,-0.242471,-0.120261,-0.209662,0.000876,0.003516
0,-0.042766,-0.066939,-0.006092,0.121595,0.00295,0.120482,0.000746,0.001168
0,0.093485,-0.171244,0.107151,-0.09874,0.073326,-0.145282,0.001632,0.002989
0,0.028479,-0.045758,-0.066022,0.112322,-0.074223,0.128814,0.000497,0.000799
0,-0.021359,-0.021081,-0.054825,0.007582,-0.034837,0.054884,0.000373,0.000368
0,0.069237,-0.172796,0.060944,-0.154891,0.029292,-0.194737,0.001208,0.003016
0,0.036851,0.074368,-0.012983,0.257033,0.03688,0.207263,0.000643,0.001298
0,0.051578,0.058938,0.022948,0.003298,0.014424,-0.019415,0.0009,0.001029
0,-0.046188,0.027285,-0.083852,-0.003259,-0.103624,-0.019651,0.000806,0.000476
0,-0.020602,-0.021073,-0.002395,-0.049564,-0.034955,-0.01072,0.00036,0.000368
0,0.138483,-0.098056,0.166432,-0.049933,0.130008,-0.047489,0.002417,0.001711
0,-0.193076,0.020701,-0.34699,0.140231,-0.363377,0.103294,0.00337,0.000361
0,-0.119254,-0.052989,0.057108,-0.047234,0.050786,-0.012083,0.002081,0.000925
0,-0.106465,0.001516,-0.000161,0.049801,0.000229,0.07209,0.001858,2.6e-05
0,-0.134407,-0.076876,-0.020221,-0.081145,0.022648,-0.080213,0.002346,0.001342
0,-0.052403,-0.186684,0.069466,-0.110043,0.033319,-0.117289,0.000915,0.003258
0,-0.034089,0.038037,0.019926,0.237681,0.016982,0.198584,0.000595,0.000664
0,0.041489,-0.160491,0.074147,-0.188107,0.057288,-0.177341,0.000724,0.002801
0,0.025874,-0.14434,-0.020978,0.039517,-0.006587,-0.006736,0.000452,0.002519
0,-0.093404,-0.166344,-0.103003,-0.025383,-0.071005,-0.07431,0.00163,0.002903
0,-0.048686,-0.122365,0.040203,0.063156,0.046207,0.020844,0.00085,0.002136
0,-0.129823,0.10724,-0.09837,0.206594,-0.074245,0.206474,0.002266,0.001872
0,0.005086,0.08258,0.142565,-0.017785,0.186309,0.014508,8.9e-05,0.001441
0,-0.119585,-0.150553,-0.146753,-0.252511,-0.182348,-0.204762,0.002087,0.002628
0,-0.172016,-0.047214,-0.080878,0.086514,-0.040023,0.136412,0.003002,0.000824
0,-0.194529,0.089612,-0.031865,0.111674,-0.075847,0.146998,0.003395,0.001564
0,0.014425,0.007501,0.238736,-0.068894,0.239722,-0.034087,0.000252,0.000131
0,-0.216385,-0.166017,-0.231036,-0.202146,-0.200534,-0.208957,0.003777,0.002898
0,-0.044588,-0.088065,0.142965,0.048648,0.17009,0.064033,0.000778,0.001537
0,-0.092729,-0.003021,-0.032559,0.078125,-0.010474,0.056404,0.001618,5.3e-05
0,-0.1505,0.076101,-0.071734,0.088154,-0.106039,0.135862,0.002627,0.001328
0,-0.016981,0.078304,0.151227,-0.012196,0.129294,-0.05451,0.000296,0.001367
0,0.062168,0.013346,0.052345,-0.039463,0.056898,-0.020514,0.001085,0.000233
0,-0.092813,-0.007447,-0.13023,-0.035493,-0.12947,-0.010205,0.00162,0.00013
0,-0.077516,-0.033473,-0.010507,-0.025873,-0.029414,0.022104,0.001353,0.000584
0,0.070682,-0.024746,0.151391,0.026313,0.148643,-0.022079,0.001234,0.000432
0,-0.078023,-0.066731,-0.130477,-0.020951,-0.109284,-0.045367,0.001362,0.001165
0,0.165614,0.184358,0.233767,0.235832,0.20636,0.217241,0.002891,0.003218
0,-0.431824,-1.747861,-0.625075,-1.939433,-0.669815,-1.923386,0.004554,0.005766
0,-0.898172,-1.67711,-0.495016,0.069618,-0.497356,0.099802,0.003586,0.00509
0,-0.911783,-2.372132,-0.040007,-0.705998,-0.048934,-0.755139,0.003823,0.00513
0,-1.276349,-2.210878,-0.391668,0.149031,-0.353127,0.123149,0.001904,0.002316
0,-0.863138,-2.110274,0.387184,0.079203,0.39592,0.038185,0.002974,0.00056
0,-0.839984,-1.796984,0.037104,0.336849,0.078105,0.357195,0.00257,0.004908
0,-0.37559,-1.385926,0.471223,0.433497,0.423447,0.436805,0.005535,8e-06
0,-0.135386,-0.918402,0.235871,0.455675,0.198499,0.461864,0.002363,0.003939
0,-0.189354,-0.645067,-0.061662,0.30179,-0.085698,0.302691,0.003305,0.000832
0,-0.208987,-0.26905,-0.00484,0.369032,-0.012963,0.363661,0.003648,0.004696
0,0.073431,0.117449,0.264501,0.358453,0.26426,0.391473,0.001282,0.00205
0,-0.102243,0.190471,-0.177042,0.098644,-0.185873,0.141643,0.001784,0.003324
0,-0.140245,-0.00478,-0.035095,-0.184408,0.012957,-0.138357,0.002448,8.3e-05
0,-0.128841,0.144097,0.037028,0.163478,-0.011905,0.150428,0.002249,0.002515
0,-0.022273,0.244579,0.094213,0.130025,0.111457,0.08998,0.000389,0.004269
0,-0.031941,0.002073,-0.016035,-0.240156,-0.02911,-0.252305,0.000557,3.6e-05
0,0.043546,-0.001746,0.080986,-0.003168,0.044125,-0.001899,0.00076,3e-05
0,0.087899,-0.013577,0.054442,-0.000412,0.089944,-0.03121,0.001534,0.000237
0,-0.124605,0.133417,-0.239569,0.143968,-0.194388,0.190661,0.002175,0.002329
0,-0.115767,0.164469,-0.00377,0.053562,0.013149,0.042521,0.002021,0.002871
0,0.104666,-0.036861,0.22204,-0.221263,0.212564,-0.260314,0.001827,0.000643
0,0.014343,0.023856,-0.11357,0.064282,-0.092752,0.01728,0.00025,0.000416
0,0.02048,0.079139,0.00541,0.081093,0.047867,0.049333,0.000357,0.001381
0,0.082181,0.021985,0.043417,-0.035185,0.079564,-0.057793,0.001434,0.000384
0,0.189645,0.014332,0.087215,-0.001571,0.098442,0.002685,0.00331,0.00025
0,0.16378,0.05435,-0.047931,0.06763,-0.036974,0.096488,0.002859,0.000949
0,0.040582,0.014903,-0.095389,-0.055352,-0.124752,-0.028886,0.000708,0.00026
0,0.322498,-0.065319,0.270325,-0.06666,0.270875,-0.084642,0.005629,0.00114
0,0.054504,-0.013213,-0.280559,0.050127,-0.293793,0.073566,0.000951,0.000231
0,0.300624,0.094969,0.245052,0.125193,0.285121,0.077628,0.005247,0.001658
0,0.124695,-0.091127,-0.14613,-0.199092,-0.171831,-0.234522,0.002176,0.00159
0,0.231693,0.023998,0.102846,0.138931,0.117465,0.138578,0.004044,0.000419
0,0.081811,0.030404,-0.121039,0.005385,-0.14532,-0.010165,0.001428,0.000531
0,0.079882,0.154423,-0.031188,0.131319,0.003113,0.122951,0.001394,0.002695
0,0.129028,0.036262,0.055182,-0.105936,0.094591,-0.110948,0.002252,0.000633
0,0.149062,0.045602,0.015438,0.037358,0.052717,0.06031,0.002602,0.000796
0,0.125995,-0.126483,-0.047718,-0.175989,-0.041135,-0.196794,0.002199,0.002208
0,0.097621,-0.017591,-0.001018,0.122493,0.041777,0.147669,0.001704,0.000307
0,-0.096365,0.141893,-0.168631,0.173008,-0.137413,0.156039,0.001682,0.002477
0,0.038485,0.169117,0.15709,0.046458,0.188156,0.090271,0.000672,0.002952
0,0.002207,0.092049,-0.044714,-0.064697,-0.025607,-0.042065,3.9e-05,0.001607
0,-0.132851,-0.05558,-0.12194,-0.129534,-0.154296,-0.159342,0.002319,0.00097
0,0.083785,0.010444,0.228764,0.06434,0.265669,0.110652,0.001462,0.000182
0,0.131029,1.156043,0.034263,1.145328,0.05868,1.135853,0.002287,0.004004
0,-0.05375,2.107173,-0.202673,0.965666,-0.19342,0.977519,0.000938,0.000506
0,0.035628,2.825862,0.088102,0.729635,0.110821,0.698947,0.000622,0.000959
0,0.122249,2.613277,0.080886,-0.202547,0.054932,-0.24966,0.002134,0.002752
0,0.176626,2.270095,0.080679,-0.318672,0.036128,-0.321375,0.003083,0.003349
0,0.185881,1.900979,0.03519,-0.339199,0.042423,-0.370053,0.003244,0.003093
0,0.312893,1.336606,0.120998,-0.552142,0.126353,-0.528999,0.005461,0.000853
0,0.347377,1.172936,0.039943,-0.141731,0.040494,-0.156279,0.006028,0.003709
0,0.081975,0.816322,-0.272493,-0.335369,-0.275729,-0.298732,0.001431,0.002157
0,-0.015971,0.207516,-0.095062,-0.58951,-0.080318,-0.593588,0.000279,0.003622
0,0.115999,-0.018634,0.104913,-0.220505,0.124083,-0.233869,0.002025,0.000325
0,0.158317,0.00472,0.032295,0.00868,0.070747,-0.036671,0.002763,8.2e-05
0,-0.048881,-0.230764,-0.190217,-0.257347,-0.18982,-0.279792,0.000853,0.004028
0,0.047805,-0.190646,0.08132,0.059718,0.097038,0.077705,0.000834,0.003327
0,0.167326,-0.227937,0.106757,-0.049035,0.124205,-0.042556,0.00292,0.003978
0,0.08776,-0.322451,-0.051737,-0.111944,-0.02871,-0.06407,0.001532,0.005628
0,-0.067649,-0.14791,-0.164525,0.180869,-0.176495,0.169945,0.001181,0.002582
0,0.141411,-0.196583,0.185149,-0.03663,0.208911,-0.018866,0.002468,0.003431
0,0.235937,-0.258477,0.072845,-0.070339,0.100876,-0.109589,0.004118,0.004511
0,0.186011,-0.117002,-0.074732,0.159894,-0.042314,0.183476,0.003247,0.002042
0,0.229341,-0.326974,0.040971,-0.218536,0.041051,-0.200506,0.004003,0.005707
0,-0.074155,-0.229591,-0.286073,0.102874,-0.246056,0.147992,0.001294,0.004007
0,0.031708,-0.350513,0.097066,-0.110877,0.097749,-0.111197,0.000553,0.005973
0,-0.052564,-0.129678,-0.103189,0.227821,-0.096935,0.209065,0.000917,0.002263
0,0.052515,-0.140706,0.083101,0.006481,0.121205,0.012476,0.000917,0.002456
0,0.209833,-0.056584,0.152572,0.11153,0.104883,0.084583,0.003662,0.000988
0,0.119779,0.013567,-0.119751,0.093086,-0.164842,0.13559,0.002091,0.000237
0,0.059591,-0.02623,-0.045294,-0.033724,-0.031863,0.007018,0.00104,0.000458
0,0.081904,-0.25886,0.02297,-0.232887,0.022665,-0.261122,0.001429,0.004518
0,-0.02266,-0.059528,-0.109463,0.20018,-0.087502,0.218132,0.000395,0.001039
0,0.00953,-0.258787,0.036921,-0.19675,0.084838,-0.165505,0.000166,0.004517
0,0.203762,-0.265469,0.168539,0.013674,0.174062,0.038646,0.003556,0.004633
0,0.012018,-0.185344,-0.179484,0.081166,-0.174795,0.096182,0.00021,0.003235
0,0.279725,-0.004338,0.297355,0.193399,0.247848,0.22352,0.004882,7.6e-05
0,0.089948,-0.042645,-0.172719,-0.037372,-0.193054,-0.009983,0.00157,0.000744
0,-0.004516,-0.172615,-0.090886,-0.139502,-0.080028,-0.118457,7.9e-05,0.003013
0,0.084874,-0.226464,0.067193,-0.031663,0.106196,-0.025827,0.001481,0.003953
0,0.22707,-0.177318,0.156541,0.078978,0.128924,0.104534,0.003963,0.003095
0,0.00349,-0.180695,-0.236204,-0.029714,-0.234972,-0.035062,6.1e-05,0.003154
0,0.131251,-0.11151,0.107711,0.046806,0.132232,0.08876,0.002291,0.001946
0,0.206931,0.028536,0.063518,0.131572,0.088567,0.087266,0.003612,0.000498
0,0.269166,-0.207438,0.085884,-0.216757,0.05523,-0.254176,0.004698,0.00362
0,0.101669,-0.104354,-0.141272,0.127132,-0.128991,0.122913,0.001774,0.001821
0,0.263431,-0.155358,0.176686,-0.059548,0.17175,-0.057411,0.004598,0.002712
0,0.174069,-0.085522,-0.0705,0.09428,-0.040429,0.1179,0.003038,0.001493
0,0.121822,-0.218394,-0.029761,-0.146454,-0.061839,-0.171868,0.002126,0.003812
0,-0.025841,-0.084521,-0.140618,0.163814,-0.093686,0.134573,0.000451,0.001475
0,0.202287,-0.139835,0.235749,-0.052981,0.200858,-0.043399,0.003531,0.002441
0,0.193625,-0.146543,-0.035329,0.011719,-0.065945,-0.004106,0.003379,0.002558
0,0.161338,-0.132807,-0.016012,0.014937,-0.044362,0.057447,0.002816,0.002318
0,0.05418,-0.194689,-0.118304,-0.087386,-0.108126,-0.092587,0.000946,0.003398
0,0.042257,-0.026256,-0.004584,0.159384,0.017627,0.157929,0.000738,0.000458
0,0.095139,-0.095216,0.027349,-0.057641,-0.001626,-0.065626,0.00166,0.001662
0,0.064459,-0.246221,-0.055397,-0.154898,-0.043696,-0.149614,0.001125,0.004297
0,0.006151,-0.226138,-0.045373,0.026913,-0.069591,0.035098,0.000107,0.003947
0,0.046264,-0.069682,0.030307,0.174797,0.06606,0.215111,0.000807,0.001216
0,-0.027112,-0.220679,-0.049819,-0.129987,-0.003933,-0.156151,0.000473,0.003852
0,-0.032272,-0.092478,-0.007369,0.137862,0.04058,0.123429,0.000563,0.001614
0,0.146812,0.030797,0.187471,0.120502,0.15256,0.093107,0.002562,0.000538
0,-0.080781,0.026841,-0.245815,-0.012479,-0.235,-0.006746,0.00141,0.000468
0,0.131458,0.00647,0.220638,-0.005891,0.233763,0.03182,0.002294,0.000113
0,0.012246,-0.193749,-0.102696,-0.185699,-0.113833,-0.215544,0.000214,0.003382
0,-0.024352,-0.184187,-0.042904,0.018644,-0.023872,-0.014209,0.000425,0.003215
0,0.136536,-0.072168,0.181202,0.102415,0.144355,0.125195,0.002383,0.00126
0,0.100246,-0.168842,-0.025887,-0.093212,-0.062683,-0.115467,0.00175,0.002947
0,0.160219,-0.238061,0.084376,-0.052846,0.133009,-0.096928,0.002796,0.004155
0,0.03759,-0.244947,-0.125622,0.01157,-0.168021,0.018646,0.000656,0.004275
0,-0.003122,-0.218369,-0.049544,0.001433,-0.095624,0.025368,5.4e-05,0.003811
0,0.058872,-0.146852,0.050426,0.06699,0.085853,0.051915,0.001028,0.002563
0,-0.132592,-0.119588,-0.192711,0.045499,-0.220695,0.064129,0.002314,0.002087
0,0.132526,-0.108676,0.251854,0.035016,0.25625,0.044439,0.002313,0.001897
0,0.147155,-0.155267,0.003337,-0.065832,-0.019283,-0.100957,0.002568,0.00271
0,-0.038984,-0.07897,-0.198181,0.082095,-0.196638,0.081027,0.00068,0.001378
0,-0.154621,-0.219344,-0.098298,-0.135461,-0.127156,-0.095725,0.002699,0.003828
0,0.035085,0.069495,0.210162,0.284118,0.242397,0.26688,0.000612,0.001213
0,-0.037219,-0.051138,-0.046268,-0.092841,-0.084171,-0.096587,0.00065,0.000893
0,0.021917,0.077681,0.057898,0.109682,0.008202,0.154715,0.000383,0.001356
0,-0.055776,0.013619,-0.055781,-0.046609,-0.084136,-0.081196,0.000973,0.000238
0,0.002939,0.051044,0.073215,0.047082,0.076805,0.071796,5.1e-05,0.000891
0,-0.020907,0.007527,-0.007324,-0.06328,-0.03139,-0.030508,0.000365,0.000131
0,-0.198919,-0.104867,-0.154986,-0.136593,-0.168805,-0.141691,0.003472,0.00183
0,-0.226943,0.047164,-0.011904,0.181432,-0.026745,0.147274,0.003961,0.000823
0,0.003847,-0.024316,0.259843,-0.089499,0.281197,-0.088667,6.7e-05,0.000424
0,0.04379,-0.004051,0.027607,0.011569,-0.007675,0.047447,0.000764,7.1e-05
0,-0.147751,-0.14019,-0.190948,-0.143906,-0.223603,-0.105958,0.002579,0.002447
0,0.091057,0.058234,0.230869,0.20899,0.207325,0.16519,0.001589,0.001016
0,-0.023741,-0.007202,-0.112478,-0.091185,-0.126742,-0.067075,0.000414,0.000126
0,0.111351,-0.090046,0.162131,-0.072231,0.174116,-0.089157,0.001943,0.001572
0,-0.034074,-0.087055,-0.136243,-0.023118,-0.178816,0.006545,0.000595,0.001519
0,0.033616,0.005052,0.048424,0.091277,0.06985,0.122478,0.000587,8.8e-05
0,0.162361,-0.154896,0.112561,-0.136625,0.116771,-0.095811,0.002834,0.002703
0,0.047682,0.027979,-0.116732,0.191978,-0.075125,0.151137,0.000832,0.000488
0,0.041904,0.107112,0.011375,0.107042,0.03056,0.118796,0.000731,0.001869
0,0.113567,-0.090698,0.087387,-0.171381,0.117335,-0.151911,0.001982,0.001583
0,-0.134196,-0.116399,-0.242245,-0.036319,-0.208236,0.01039,0.002342,0.002032
0,0.096067,0.092297,0.204799,0.219137,0.207865,0.189999,0.001677,0.001611
0,0.005787,-0.117727,-0.072914,-0.180555,-0.090563,-0.211823,0.000101,0.002055
0,-0.163607,-0.139341,-0.173269,-0.033204,-0.210138,-0.058931,0.002855,0.002432
0,0.054515,0.048594,0.231502,0.190337,0.2211,0.158368,0.000951,0.000848
0,-0.1595,0.020509,-0.192958,-0.054168,-0.153426,-0.09764,0.002784,0.000358
0,-0.069176,-0.015273,0.10248,-0.058009,0.067989,-0.043904,0.001207,0.000267
0,0.087775,-0.153089,0.184263,-0.11568,0.135431,-0.076709,0.001532,0.002672
0,-1.119778,-0.260318,-1.207738,-0.08972,-1.173285,-0.060708,0.004637,0.004543
0,-1.415834,-0.635047,-0.284621,-0.375049,-0.271063,-0.403725,0.00053,0.001007
0,-1.390297,-0.809876,0.004794,-0.18146,-0.011417,-0.131638,8.4e-05,0.002045
0,-1.519596,-0.981987,-0.117021,-0.147507,-0.15217,-0.144944,0.002341,0.005048
0,-1.1558,-1.161746,0.37577,-0.182613,0.383992,-0.206247,0.004008,0.003905
0,-0.861541,-0.912579,0.280484,0.273204,0.292833,0.226662,0.002946,0.003837
0,-0.514993,-0.867352,0.369425,0.018984,0.381375,-0.009869,0.003102,0.003048
0,-0.386293,-0.694349,0.154381,0.156211,0.157087,0.193183,0.005348,2.8e-05
0,-0.113653,-0.613673,0.278015,0.081324,0.280808,0.076902,0.001984,0.00138
0,-0.129856,-0.217081,-0.02395,0.41061,0.012797,0.428605,0.002266,0.003789
0,0.229028,-0.320828,0.380446,-0.125683,0.345588,-0.0963,0.003997,0.0056
0,0.099881,-0.076523,-0.158992,0.266077,-0.206511,0.27239,0.001743,0.001336
0,0.189319,-0.192073,0.085164,-0.101711,0.132171,-0.13397,0.003304,0.003352
0,0.094113,-0.18454,-0.122517,0.018061,-0.093311,-0.009694,0.001643,0.003221
0,0.197036,-0.108313,0.108943,0.063609,0.154141,0.110099,0.003439,0.00189
0,0.145127,-0.071443,-0.027957,0.030055,0.000265,0.069275,0.002533,0.001247
0,0.139213,0.008963,-0.021559,0.07929,-0.064707,0.085835,0.00243,0.000156
0,0.294473,-0.14196,0.178877,-0.144878,0.204829,-0.189931,0.00514,0.002478
0,0.068187,-0.005843,-0.252605,0.145032,-0.264371,0.160922,0.00119,0.000102
0,0.091518,0.027726,0.046479,0.020426,0.068841,-0.017411,0.001597,0.000484
0,0.31782,0.079645,0.249477,0.044017,0.29531,0.077407,0.005547,0.00139
0,0.133449,-0.091095,-0.17344,-0.198535,-0.135863,-0.203994,0.002329,0.00159
0,0.069083,0.158977,-0.051725,0.235241,-0.062628,0.284099,0.001206,0.002775
0,0.317534,0.14293,0.264182,-0.045908,0.29268,-0.002188,0.005542,0.002495
0,0.366296,0.129305,0.078415,0.008494,0.079382,-0.030722,0.005697,0.002257
0,0.390979,0.046885,0.024233,-0.112273,-0.01433,-0.071932,0.005267,0.000818
0,0.324746,-0.025343,-0.077833,-0.086068,-0.068815,-0.132661,0.005668,0.000442
0,0.160355,-0.11486,-0.170556,-0.077571,-0.183813,-0.060351,0.002799,0.002005
0,0.339801,0.142456,0.164361,0.228285,0.12606,0.195117,0.005931,0.002486
0,0.30662,0.041724,-0.036717,-0.115044,-0.01696,-0.161416,0.005352,0.000728
0,0.235221,0.100556,-0.090066,0.056932,-0.12843,0.009833,0.004105,0.001755
0,0.394367,0.057659,0.132458,-0.053097,0.101895,-0.027432,0.005207,0.001006
0,0.169777,0.053684,-0.213495,0.012983,-0.25059,-0.020784,0.002963,0.000937
0,0.36391,0.12038,0.192747,0.070611,0.168035,0.107355,0.005739,0.002101
0,0.339836,0.058302,-0.043317,-0.03769,-0.028913,-0.033347,0.005931,0.001018
0,0.310987,-0.100806,-0.003195,-0.174444,-0.012982,-0.185603,0.005428,0.001759
0,0.190665,0.134913,-0.133385,0.212112,-0.149368,0.176387,0.003328,0.002355
0,0.219348,0.115375,0.042444,0.00535,0.016758,0.028473,0.003828,0.002014
0,0.36712,0.133942,0.161995,0.015976,0.191819,-0.011651,0.005683,0.002338
0,0.118907,0.067016,-0.277902,-0.06693,-0.241632,-0.023955,0.002075,0.00117
0,0.13132,-0.113854,0.01414,-0.153175,0.020277,-0.166808,0.002292,0.001987
0,0.116648,-0.091799,-0.026504,0.033445,-0.006671,0.038157,0.002036,0.001602
0,0.295444,-0.043652,0.201647,0.041094,0.238647,0.090687,0.005156,0.000762
0,0.172884,0.170325,-0.115104,0.200677,-0.106933,0.210369,0.003017,0.002973
0,0.15161,-0.011995,0.006035,-0.186497,-2.7e-05,-0.198657,0.002646,0.000209
0,0.220013,0.032138,0.070192,0.034705,0.043067,0.022484,0.00384,0.000561
0,0.332409,0.119296,0.139137,0.08923,0.100118,0.066043,0.005802,0.002082
0,0.154573,0.088275,-0.190897,-0.058696,-0.16344,-0.020918,0.002698,0.001541
0,0.261766,0.001848,0.130405,-0.101458,0.120845,-0.145445,0.004569,3.2e-05
0,0.089491,0.093767,-0.197375,0.096218,-0.15114,0.092455,0.001562,0.001637
0,0.246172,-0.152973,0.148597,-0.265939,0.182576,-0.293126,0.004297,0.00267
0,0.140496,-0.011786,-0.125832,0.138606,-0.132197,0.179641,0.002452,0.000206
0,0.188193,-0.157748,0.046352,-0.149088,0.033896,-0.194953,0.003285,0.002753
0,0.002028,-0.152078,-0.162381,0.033516,-0.198463,0.026883,3.5e-05,0.002654
0,0.092668,-0.125695,0.072655,0.006075,0.120804,0.030697,0.001617,0.002194
0,0.103713,0.03379,0.019875,0.163284,0.032245,0.187808,0.00181,0.00059
0,-0.011532,-0.101976,-0.12549,-0.12662,-0.119935,-0.093509,0.000201,0.00178
0,0.062161,-0.106063,0.072008,-0.026614,0.026441,-0.010284,0.001085,0.001851
0,-0.036457,0.098732,-0.076737,0.234572,-0.106095,0.187207,0.000636,0.001723
0,0.073496,0.078524,0.132834,-0.040158,0.161279,0.009076,0.001283,0.001371
0,0.028845,0.096509,-0.022726,0.024573,-0.013611,0.027368,0.000503,0.001684
0,0.043863,-0.015883,-0.001522,-0.135412,0.028227,-0.126139,0.000766,0.000277
0,-0.210013,-0.038458,-0.233323,0.005707,-0.27227,-0.00877,0.003665,0.000671
0,-0.114916,-0.101878,0.067639,-0.093183,0.085308,-0.111369,0.002006,0.001778
0,-0.153627,0.038015,-0.051826,0.142269,-0.091735,0.107372,0.002681,0.000663
0,-0.054148,0.017398,0.108316,-0.00416,0.141045,-0.018352,0.000945,0.000304
0,0.017147,-0.094548,0.062573,-0.133334,0.108797,-0.107239,0.000299,0.00165
0,-0.087864,0.078284,-0.110223,0.163749,-0.083274,0.187005,0.001534,0.001366
0,-0.043651,-0.141836,0.046149,-0.241706,0.000316,-0.283544,0.000762,0.002476
0,-0.130289,-0.074988,-0.102924,0.095098,-0.089213,0.083689,0.002274,0.001309
0,-0.086334,0.037255,0.064802,0.129548,0.044407,0.121016,0.001507,0.00065
0,0.01641,0.15985,0.083962,0.132019,0.080321,0.141583,0.000286,0.00279
0,0.012216,0.174875,-0.029039,0.043133,-0.039982,0.063385,0.000213,0.003052
0,0.020901,0.147273,0.015149,-0.053377,0.044207,-0.054994,0.000365,0.00257
0,0.014073,0.05157,0.008098,-0.10398,0.035015,-0.13877,0.000246,0.0009
0,0.003134,-0.065022,0.008853,-0.120866,0.041119,-0.149503,5.5e-05,0.001135
0,-0.017224,0.043801,0.004066,0.117797,0.02635,0.115828,0.000301,0.000764
0,-0.009081,0.187178,0.019258,0.16771,0.046666,0.199927,0.000158,0.003267
0,-0.29538,0.129774,-0.274567,-0.032021,-0.277399,-0.080409,0.005155,0.002265
0,-0.147861,0.202592,0.128063,0.069613,0.153101,0.075264,0.002581,0.003536
0,-0.05041,-0.059098,0.079803,-0.281812,0.109618,-0.307176,0.00088,0.001031
0,-0.069466,0.016152,-0.024034,0.06792,-0.051101,0.085404,0.001212,0.000282
0,-0.173464,-0.045903,-0.084844,-0.071366,-0.108501,-0.079216,0.003028,0.000801
0,-0.101069,0.060764,0.048364,0.130634,0.038373,0.116671,0.001764,0.001061
0,0.081012,-0.031964,0.155416,-0.109075,0.172658,-0.130794,0.001414,0.000558
0,-0.055569,0.049518,-0.155998,0.107856,-0.133525,0.124501,0.00097,0.000864
0,-0.08396,0.112751,-0.004462,0.08305,0.004454,0.040025,0.001465,0.001968
0,-0.042533,-0.076211,0.027533,-0.21302,-0.020571,-0.240389,0.000742,0.00133
0,0.119996,0.004966,0.140961,0.099909,0.136872,0.117691,0.002094,8.7e-05
0,-0.124731,0.112458,-0.225527,0.097185,-0.184691,0.07958,0.002177,0.001963
0,-0.013438,0.078266,0.094638,-0.052232,0.077033,-0.012285,0.000235,0.001366
0,0.113489,0.024193,0.137646,-0.031619,0.141317,-0.03358,0.001981,0.000422
0,-0.132952,0.225985,-0.270454,0.218152,-0.259677,0.185997,0.00232,0.003944
0,-0.094662,0.205145,0.034489,-0.012916,-0.002405,0.027002,0.001652,0.00358
0,-0.101031,-0.006927,0.005323,-0.233394,-0.003141,-0.196466,0.001763,0.000121
0,0.009947,0.001321,0.096441,0.013555,0.144181,-0.030665,0.000174,2.3e-05
0,0.066955,0.18501,0.079569,0.15813,0.118458,0.152591,0.001169,0.003229
0,0.039736,0.121128,-0.003699,-0.064593,-6.8e-05,-0.082641,0.000694,0.002114
0,0.055467,-0.088625,0.022952,-0.198288,-0.009171,-0.19734,0.000968,0.001547
0,0.042649,0.068273,0.008648,0.134718,0.037278,0.144481,0.000744,0.001192
0,0.146861,-0.008899,0.117256,-0.074975,0.076248,-0.124552,0.002563,0.000155
0,0.320035,0.193221,0.161823,0.230564,0.125392,0.183156,0.005586,0.003372
0,0.07453,0.309178,-0.265811,0.105746,-0.310604,0.087492,0.001301,0.005396
0,0.132432,0.269746,0.03816,-0.026232,0.040515,0.015702,0.002311,0.004708
0,0.069086,0.67052,-0.042825,0.373969,0.001676,0.408746,0.001206,0.000388
0,0.113676,0.332008,0.043821,-0.34693,0.039664,-0.359149,0.001984,0.005795
0,0.230314,0.332512,0.142427,0.002821,0.178088,-0.014365,0.00402,0.005803
0,0.368698,0.571424,0.158383,0.261724,0.138621,0.256266,0.005655,0.002117
0,0.167803,0.274115,-0.219058,-0.287739,-0.251731,-0.31005,0.002929,0.004784
0,0.197435,0.356751,0.032486,0.101165,-0.004883,0.132369,0.003446,0.005864
0,0.178313,0.269195,-0.039357,-0.070573,-0.085238,-0.035755,0.003112,0.004698
0,0.21165,0.053248,0.024703,-0.224362,0.006244,-0.208756,0.003694,0.000929
0,0.201965,0.04578,0.000896,0.010639,0.042091,0.040677,0.003525,0.000799
0,0.185054,0.004319,-0.026192,-0.027353,-0.024176,-0.025697,0.00323,7.5e-05
0,0.150395,-0.0762,-0.026247,-0.05412,0.002332,-0.037075,0.002625,0.00133
0,0.173651,-0.025032,0.048437,0.038059,0.067518,0.029745,0.003031,0.000437
0,0.019136,0.051873,-0.128132,0.106073,-0.099547,0.130237,0.000334,0.000905
0,0.23795,0.072646,0.226168,0.002561,0.224173,0.04177,0.004153,0.001268
0,0.045852,0.128057,-0.193973,0.082481,-0.187663,0.060979,0.0008,0.002235
0,0.042165,-0.041025,0.011671,-0.154113,0.021622,-0.200537,0.000736,0.000716
0,-0.023917,0.086407,-0.061875,0.15244,-0.089532,0.136296,0.000417,0.001508
0,0.195555,0.044686,0.191622,-0.025198,0.143568,-0.056116,0.003413,0.00078
0,0.161262,0.000519,-0.058097,-0.046505,-0.067617,-0.079006,0.002815,9e-06
0,-0.002912,0.047785,-0.134812,0.029606,-0.183922,0.059517,5.1e-05,0.000834
0,-0.00811,-0.08675,-0.033485,-0.110309,-0.021502,-0.150982,0.000142,0.001514
0,0.142058,-0.055018,0.140799,0.018348,0.110191,0.041477,0.002479,0.00096
0,-0.036687,0.020247,-0.183363,0.073956,-0.226373,0.037841,0.00064,0.000353
0,0.136053,-0.039695,0.182048,-0.056462,0.157902,-0.101188,0.002375,0.000693
0,0.079008,-0.079876,-0.050546,-0.055789,-0.082911,-0.090158,0.001379,0.001394
0,-0.045727,-0.04212,-0.135229,0.0242,-0.154221,-0.023985,0.000798,0.000735
0,0.136226,-0.124548,0.154645,-0.099801,0.129759,-0.118399,0.002378,0.002174
0,0.147816,-0.000604,0.041285,0.12252,0.08972,0.081594,0.00258,1.1e-05
0,0.116814,0.037853,-0.022495,0.023011,0.010198,0.065887,0.002039,0.000661
0,0.084434,0.081386,-0.011123,0.029139,0.036034,0.023884,0.001474,0.00142
0,0.069093,0.016338,-0.040319,-0.03518,-0.024339,-0.061059,0.001206,0.000285
0,0.069404,0.137586,0.025478,0.137197,0.007486,0.090089,0.001211,0.002401
0,0.006012,0.076908,-0.06284,-0.054014,-0.034376,-0.022852,0.000105,0.001342
0,0.139128,0.090123,0.13567,0.027361,0.143108,-0.018679,0.002428,0.001573
0,0.074357,-0.076302,-0.03608,-0.152763,0.00812,-0.119279,0.001298,0.001332
0,0.089067,-0.053347,0.034232,-0.000539,0.036749,-0.009235,0.001555,0.000931
0,0.148792,0.135562,0.060401,0.171837,0.088545,0.213864,0.002597,0.002366
0,0.09016,-0.050261,-0.029304,-0.158381,-0.031631,-0.130959,0.001574,0.000877
0,0.169847,-0.09659,0.076415,-0.075152,0.124457,-0.091118,0.002964,0.001686
0,0.194768,-0.048972,0.043776,0.038618,0.032501,0.051389,0.003399,0.000855
0,0.132073,-0.063181,-0.091219,-0.031268,-0.066559,-0.077469,0.002305,0.001103
0,0.083517,-0.149563,-0.067597,-0.087679,-0.031441,-0.055644,0.001458,0.00261
0,0.035977,-0.04,-0.042512,0.112651,-0.055976,0.146378,0.000628,0.000698
0,0.170256,-0.032344,0.162148,-0.007076,0.199014,0.034388,0.002972,0.000565
0,0.116957,0.028308,-0.038274,0.068388,-0.003803,0.039355,0.002041,0.000494
0,0.087694,-0.039081,-0.038239,-0.078449,-0.01895,-0.07159,0.001531,0.000682
0,-0.025384,0.024566,-0.112135,0.085628,-0.143372,0.094481,0.000443,0.000429
0,-0.110485,0.077445,-0.114995,0.056209,-0.099532,0.039343,0.001928,0.001352
0,-0.003349,0.050555,0.117535,-0.008138,0.070684,-0.005142,5.8e-05,0.000882
0,0.018308,-0.118193,0.041537,-0.182222,0.035475,-0.158834,0.00032,0.002063
0,0.001893,-0.169827,-0.037263,-0.08061,-0.006903,-0.074385,3.3e-05,0.002964
0,-0.039756,-0.09325,-0.028883,0.087067,-0.02513,0.115128,0.000694,0.001628
0,0.119447,-0.01923,0.163402,0.100705,0.175231,0.071797,0.002085,0.000336
0,0.17837,0.022421,0.061981,0.025441,0.030312,0.041279,0.003113,0.000391
0,0.076514,-0.006975,-0.131195,-0.008619,-0.133598,-0.00759,0.001335,0.000122
0,0.181399,-0.05907,0.122695,-0.063649,0.16781,-0.105166,0.003166,0.001031
0,0.123053,-0.056973,-0.073896,0.004355,-0.041671,-0.022459,0.002148,0.000994
0,0.177254,-0.141297,0.070046,-0.084159,0.065191,-0.095189,0.003094,0.002466
0,0.025475,0.069529,-0.16505,0.233759,-0.18786,0.192992,0.000445,0.001214
0,-0.017962,0.041261,-0.05691,-0.02306,-0.071838,0.009483,0.000314,0.00072
0,0.174854,0.019733,0.169159,-0.023778,0.127153,-0.011101,0.003052,0.000344
0,0.272018,-0.026775,0.087144,-0.017137,0.070491,0.003053,0.004748,0.000467
0,0.232403,-0.11504,-0.009865,-0.061527,-0.04692,-0.013305,0.004056,0.002008
0,0.022122,-0.052176,-0.237469,0.048718,-0.267365,0.039238,0.000386,0.000911
0,0.223155,-0.059597,0.17574,-0.029683,0.147512,-0.052018,0.003895,0.00104
0,0.069566,-0.041388,-0.168708,-0.003011,-0.156518,-0.003723,0.001214,0.000722
0,0.145531,0.061585,0.052709,0.122487,0.052476,0.145822,0.00254,0.001075
0,0.104375,0.015763,-0.051102,-0.050394,-0.053274,-0.053089,0.001822,0.000275
0,0.149078,0.059198,0.050491,0.070922,0.067138,0.032396,0.002602,0.001033
0,-0.067686,-0.043611,-0.216528,-0.089276,-0.204027,-0.055494,0.001181,0.000761
0,-0.012454,0.11336,0.062532,0.131936,0.068279,0.167008,0.000217,0.001979
0,-0.026599,-0.106138,-0.036613,-0.199749,-0.063161,-0.170166,0.000464,0.001852
0,0.243709,0.148201,0.291373,0.23378,0.295706,0.22272,0.004254,0.002587
0,0.200804,0.039361,-0.072713,-0.128748,-0.041317,-0.10709,0.003505,0.000687
0,0.114644,0.009171,-0.111473,-0.004403,-0.147057,0.041021,0.002001,0.00016
0,0.181264,0.010763,0.090124,0.028837,0.067924,-0.015919,0.003164,0.000188
0,0.161955,0.012012,-0.019854,0.006126,-0.037023,0.026125,0.002827,0.00021
0,0.313473,-0.079568,0.156905,-0.075956,0.196135,-0.038275,0.005471,0.001389
0,0.226673,0.143507,-0.057003,0.238815,-0.099703,0.26905,0.003956,0.002505
0,0.028842,-0.06846,-0.203708,-0.218703,-0.228237,-0.224084,0.000503,0.001195
0,0.244803,0.066923,0.187067,0.147219,0.14356,0.141481,0.004273,0.001168
0,0.058716,-0.005259,-0.172528,-0.068779,-0.206337,-0.110118,0.001025,9.2e-05
0,0.012706,0.072783,-0.057754,0.048823,-0.071776,0.000681,0.000222,0.00127
0,0.140996,0.027278,0.150157,-0.054935,0.153496,-0.081016,0.002461,0.000476
0,0.065698,0.078702,-0.091675,0.053712,-0.10466,0.036934,0.001147,0.001374
0,0.115128,0.036223,0.036474,-0.062588,0.065584,-0.096974,0.002009,0.000632
0,0.021782,0.104375,-0.071536,0.087736,-0.059935,0.093017,0.00038,0.001822
0,0.04127,0.079408,0.044061,-0.004131,0.00875,0.008156,0.00072,0.001386
0,0.198227,0.199927,0.142905,0.147431,0.162752,0.130106,0.00346,0.003489
0,-0.062407,0.012265,-0.241965,-0.168952,-0.204801,-0.12795,0.001089,0.000214
0,0.0765,-0.070447,0.134832,-0.080808,0.16964,-0.091842,0.001335,0.00123
0,0.145799,0.043334,0.088429,0.134386,0.080404,0.084973,0.002545,0.000756
0,0.112484,0.214623,-0.01298,0.164873,0.026557,0.13003,0.001963,0.003746
0,-0.026597,-0.014149,-0.125389,-0.251734,-0.092641,-0.24852,0.000464,0.000247
0,0.077297,0.071115,0.115669,0.064513,0.155863,0.090753,0.001349,0.001241
0,-0.012831,-0.039374,-0.118988,-0.120083,-0.089052,-0.168543,0.000224,0.000687
0,-0.081898,0.038562,-0.044906,0.059925,-0.075426,0.0827,0.001429,0.000673
0,-0.041597,0.0253,0.052165,-0.00558,0.098581,-0.007945,0.000726,0.000442
0,0.173964,0.172376,0.21357,0.168238,0.211039,0.189777,0.003036,0.003009
0,0.241075,0.040898,0.079312,-0.136948,0.111657,-0.139601,0.004208,0.000714
0,0.137772,-0.085719,-0.124097,-0.129595,-0.115521,-0.134646,0.002405,0.001496
0,0.073957,-0.003828,-0.074231,0.07409,-0.088442,0.033668,0.001291,6.7e-05
0,0.057527,0.030939,-0.031549,0.045974,-0.073241,0.051694,0.001004,0.00054
0,0.112534,0.146678,0.054172,0.127841,0.062234,0.111835,0.001964,0.00256
0,0.053227,0.028363,-0.034009,-0.121054,-0.009062,-0.085155,0.000929,0.000495
0,0.091871,0.093125,0.021471,0.081578,0.045667,0.098678,0.001603,0.001625
0,0.146137,0.07966,0.026031,-0.023064,0.043262,-0.037086,0.002551,0.00139
0,-0.034981,0.149819,-0.209631,0.075635,-0.192944,0.102217,0.000611,0.002615
0,0.123724,0.140235,0.143162,0.001014,0.098934,0.01309,0.002159,0.002448
0,0.021092,-0.068292,-0.128655,-0.190292,-0.167084,-0.154828,0.000368,0.001192
0,-0.096681,0.025074,-0.099381,0.084687,-0.121922,0.110436,0.001687,0.000438
0,-0.005203,0.134808,0.091164,0.092686,0.051382,0.136702,9.1e-05,0.002353
0,-0.094075,0.099067,-0.076177,-0.010836,-0.037714,0.028864,0.001642,0.001729
0,0.16441,-0.049108,0.285806,-0.161263,0.31127,-0.181813,0.00287,0.000857
0,0.181208,0.036587,0.025956,0.085422,0.074667,0.042659,0.003163,0.000639
0,-0.021708,0.003941,-0.213896,-0.051459,-0.215713,-0.075545,0.000379,6.9e-05
0,-0.06503,0.118306,-0.040137,0.139393,-0.01754,0.126693,0.001135,0.002065
0,-0.104737,-0.05316,-0.064573,-0.17135,-0.029781,-0.154292,0.001828,0.000928
0,0.015938,-0.036843,0.150272,0.035601,0.133165,0.051192,0.000278,0.000643
0,0.135565,-0.022524,0.102941,0.000172,0.07713,0.028792,0.002366,0.000393
0,0.069601,0.072747,-0.063924,0.089771,-0.023731,0.081841,0.001215,0.00127
0,0.078496,0.081059,0.030691,0.036316,0.011167,0.02873,0.00137,0.001415
0,0.102922,0.103224,0.044334,0.034806,0.003572,0.04569,0.001796,0.001802
0,0.139002,-0.152145,0.014904,-0.248627,0.036172,-0.247006,0.002426,0.002655
0,0.198796,0.021614,0.063344,0.183369,0.089767,0.166895,0.00347,0.000377
0,0.233599,-0.162335,0.021532,-0.180931,0.06821,-0.168619,0.004077,0.002833
0,0.171196,0.008921,-0.044337,0.14407,-0.069791,0.127004,0.002988,0.000156
0,-0.000737,0.001599,-0.189089,0.00432,-0.192728,0.00535,1.3e-05,2.8e-05
0,0.123028,0.062197,0.126552,0.073037,0.086927,0.080865,0.002147,0.001086
0,0.074148,-0.074966,-0.034225,-0.148414,-0.027947,-0.167336,0.001294,0.001308
0,0.057384,-0.12289,0.000969,-0.077689,0.018385,-0.084444,0.001002,0.002145
0,0.119195,-0.098657,0.042177,0.00152,0.026426,-0.00532,0.00208,0.001722
0,0.026275,-0.156961,-0.083338,-0.076001,-0.099162,-0.053568,0.000459,0.002739
0,0.208217,-0.131652,0.207002,0.035365,0.17506,0.041575,0.003634,0.002298
0,0.041104,-0.162107,-0.193644,-0.00694,-0.233056,-0.052224,0.000717,0.002829
0,0.068628,-0.088093,0.008964,0.046934,-0.007306,0.093253,0.001198,0.001538
0,0.117191,-0.008445,0.040287,0.103106,0.06501,0.065729,0.002045,0.000147
0,-0.029995,-0.151686,-0.157051,-0.120691,-0.128692,-0.140707,0.000524,0.002647
0,-0.113739,-0.144048,-0.099977,-0.009679,-0.057705,-0.059586,0.001985,0.002514
0,-0.072998,-0.178485,0.056181,-0.030698,0.049239,-0.056353,0.001274,0.003115
0,0.132038,-0.219296,0.22849,-0.070183,0.229123,-0.08949,0.002304,0.003827
0,-0.116508,-0.200656,-0.251101,0.036261,-0.251606,-0.006599,0.002033,0.003502
0,0.146824,-0.199776,0.275259,-0.019013,0.251464,-0.061353,0.002563,0.003487
0,0.063678,-0.058782,-0.084692,0.114999,-0.064386,0.11266,0.001111,0.001026
0,-0.00717,-0.083455,-0.06362,-0.034661,-0.066895,-0.077368,0.000125,0.001457
0,-0.07319,-0.135616,-0.055399,-0.081769,-0.063617,-0.126492,0.001277,0.002367
0,0.120335,-0.587172,0.220452,-0.445856,0.227963,-0.407602,0.0021,0.001842
0,0.032196,-0.843272,-0.058559,-0.23773,-0.072988,-0.23417,0.000562,0.002627
0,-0.008628,-1.295549,-0.066514,-0.471339,-0.071524,-0.456925,0.000151,0.001569
0,-0.014033,-1.122224,0.002796,0.146291,-0.001788,0.114688,0.000245,0.004594
0,-0.116857,-1.17904,-0.113834,-0.029551,-0.081005,-0.007787,0.00204,0.003603
0,-0.114052,-1.113967,-0.012236,0.04226,0.004901,0.009533,0.001991,0.004739
0,-0.151608,-0.825434,-0.066925,0.282972,-0.092544,0.328367,0.002646,0.002316
0,-0.117184,-0.510121,0.014732,0.323469,-0.026461,0.324486,0.002045,0.003187
0,0.041163,-0.463905,0.148484,0.031734,0.116224,0.017484,0.000718,0.003994
0,-0.008535,-0.127119,-0.068667,0.333211,-0.086275,0.327973,0.000149,0.002219
0,0.04857,0.022673,0.057359,0.165131,0.09852,0.125147,0.000848,0.000396
0,0.006965,0.179049,-0.055904,0.162758,-0.066417,0.165981,0.000122,0.003125
0,-0.10946,0.188548,-0.097469,0.01163,-0.061468,0.051112,0.00191,0.003291
0,0.074127,0.102194,0.203801,-0.065989,0.227251,-0.035686,0.001294,0.001784
0,-0.044264,0.209048,-0.137475,0.10018,-0.091141,0.128262,0.000773,0.003649
0,0.073891,0.105049,0.120149,-0.103769,0.147953,-0.05953,0.00129,0.001833
0,-0.146585,0.246948,-0.196027,0.165144,-0.237119,0.192443,0.002558,0.00431
0,0.025902,0.320051,0.181849,0.07305,0.202165,0.023638,0.000452,0.005586
0,0.110164,0.077864,0.067439,-0.241865,0.037825,-0.221345,0.001923,0.001359
0,-0.134118,0.180635,-0.219158,0.098406,-0.244841,0.131494,0.002341,0.003153
0,-0.098713,0.170454,0.060994,-0.016304,0.080583,-0.05341,0.001723,0.002975
0,0.067536,0.039962,0.189423,-0.127255,0.200649,-0.115185,0.001179,0.000697
0,-0.083605,0.023893,-0.145841,-0.002902,-0.167794,-0.037341,0.001459,0.000417
0,0.080971,0.15216,0.184461,0.154504,0.158039,0.146866,0.001413,0.002656
0,0.044618,0.032529,-0.006484,-0.107694,-0.000394,-0.09351,0.000779,0.000568
0,-0.067878,0.154987,-0.086687,0.13331,-0.072346,0.114326,0.001185,0.002705
0,0.021574,0.285825,0.113035,0.127247,0.138745,0.079139,0.000377,0.004989
0,0.06221,0.020146,0.057669,-0.29379,0.084762,-0.340326,0.001086,0.000352
0,-0.105437,0.05549,-0.17079,0.033825,-0.175521,-0.005409,0.00184,0.000968
0,0.096342,0.231657,0.19995,0.199987,0.204324,0.184409,0.001681,0.004043
0,-0.026668,0.30488,-0.144644,0.068093,-0.157738,0.07646,0.000465,0.005321
0,0.038917,0.134534,0.071702,-0.153529,0.104291,-0.142801,0.000679,0.002348
0,-0.109261,0.11478,-0.149992,-0.026118,-0.133401,-0.024103,0.001907,0.002003
0,-0.108421,0.277524,0.01136,0.18942,0.057465,0.204886,0.001892,0.004844
0,-0.110685,0.099447,0.00808,-0.206095,0.013367,-0.216844,0.001932,0.001736
0,0.070754,0.189254,0.192743,0.074181,0.16744,0.121221,0.001235,0.003303
0,0.124655,0.024984,0.060602,-0.172508,0.055274,-0.151715,0.002176,0.000436
0,0.140583,0.239505,0.012505,0.19788,-0.015278,0.150517,0.002454,0.00418
0,-0.077868,0.165783,-0.213287,-0.061479,-0.240368,-0.02598,0.001359,0.002893
0,0.073142,0.189591,0.140011,0.020091,0.100898,0.042565,0.001277,0.003309
0,0.068851,0.17003,-0.018112,-0.012494,-0.017354,0.005064,0.001202,0.002968
0,-0.158038,0.124266,-0.23091,-0.068404,-0.206784,-0.020037,0.002758,0.002169
0,-0.101912,0.043066,0.05117,-0.077268,0.002407,-0.116161,0.001779,0.000752
0,0.018675,0.110728,0.101431,0.087419,0.110962,0.098774,0.000326,0.001933
0,-0.181453,0.099784,-0.219681,-0.012346,-0.264314,-0.009445,0.003167,0.001742
0,0.077648,0.109242,0.235575,0.037668,0.279774,0.031867,0.001355,0.001907
0,0.011531,-0.05166,-0.076403,-0.155845,-0.08731,-0.140707,0.000201,0.000902
0,0.109622,-0.107802,0.103363,-0.044578,0.093852,-0.05854,0.001913,0.001882
0,-0.039061,0.157654,-0.17781,0.248514,-0.153806,0.252142,0.000682,0.002752
0,0.156109,0.128398,0.170185,-0.050999,0.151455,-0.031618,0.002725,0.002241
0,-0.014775,0.003465,-0.16718,-0.134751,-0.170519,-0.184237,0.000258,6e-05
0,0.101771,0.009149,0.112084,0.019847,0.132436,0.046519,0.001776,0.00016
0,0.026584,0.071515,-0.072899,0.055474,-0.053827,0.101577,0.000464,0.001248
0,-0.029237,0.06293,-0.069947,-0.026576,-0.028393,-0.052584,0.00051,0.001098
0,0.10061,-0.141898,0.130691,-0.190655,0.162894,-0.186148,0.001756,0.002477
0,0.112501,-0.026668,0.007719,0.135743,-0.00807,0.161977,0.001964,0.000465
0,0.237226,0.035656,0.119719,0.046537,0.103581,0.070942,0.00414,0.000622
0,0.063801,-0.134401,-0.191219,-0.157766,-0.198144,-0.201234,0.001114,0.002346
0,0.163983,-0.108404,0.115461,0.012007,0.073517,0.051609,0.002862,0.001892
0,0.284053,-0.094394,0.118747,0.006648,0.165098,0.038877,0.004958,0.001647
0,0.256531,-0.033253,-0.046097,0.078136,-0.068581,0.107976,0.004477,0.00058
0,0.074431,0.03335,-0.17627,0.092436,-0.179114,0.103656,0.001299,0.000582
0,0.043026,-0.145018,-0.057892,-0.162658,-0.078047,-0.176404,0.000751,0.002531
0,0.141576,0.037098,0.102401,0.210794,0.122689,0.253358,0.002471,0.000647
0,-0.142193,0.057349,-0.276815,0.042329,-0.267278,0.067545,0.002482,0.001001
0,-0.061219,-0.021155,0.07827,-0.09463,0.037211,-0.108823,0.001068,0.000369
0,-1.029498,0.101577,-0.955008,0.115834,-0.995081,0.114059,0.005878,0.001773
0,-2.54684,0.755138,-1.489046,0.668156,-1.51304,0.666883,0.003911,0.001089
0,-2.693398,0.938973,-0.130322,0.154395,-0.097653,0.188137,0.001353,0.004298
0,-3.028873,0.627306,-0.339156,-0.292912,-0.289558,-0.327812,0.004502,0.001142
0,-3.458534,0.717764,-0.425768,0.061027,-0.449595,0.025298,9e-05,0.000437
0,-2.857658,0.440667,0.579461,-0.279638,0.546058,-0.305655,0.001514,0.004399
0,-2.861363,0.439031,-0.009658,0.011137,-0.011729,0.033101,0.001578,0.004428
0,-2.201996,0.364967,0.641796,-0.05613,0.633025,-0.057942,0.002161,0.005721
0,-1.569377,0.121137,0.619007,-0.246085,0.618932,-0.234081,0.00321,0.002114
0,-0.99613,-0.262799,0.55972,-0.405801,0.601388,-0.438108,0.005295,0.004587
0,-0.60426,-0.254799,0.419087,0.011353,0.409364,0.017134,0.001544,0.004447
0,-0.398424,-0.15154,0.207113,0.101344,0.206412,0.059996,0.005137,0.002645
0,-0.143333,-0.321275,0.280249,-0.184506,0.296954,-0.222196,0.002502,0.005607
0,0.082183,-0.200333,0.21185,0.13798,0.168621,0.1517,0.001434,0.003496
0,0.300195,-0.15837,0.23359,0.026992,0.186778,0.007793,0.005239,0.002764
0,0.347058,-0.362724,0.055936,-0.205843,0.093818,-0.220768,0.006033,0.00576
0,0.242912,-0.288988,-0.106319,0.102326,-0.097366,0.083177,0.00424,0.005044
0,0.256702,-0.217631,0.025503,0.068908,0.059806,0.089487,0.00448,0.003798
0,0.397003,-0.254374,0.166966,-0.02319,0.126356,0.004396,0.005161,0.00444
0,0.343823,-0.021883,-0.025409,0.212599,0.01372,0.183401,0.006001,0.000382
0,0.242055,-0.011785,-0.122274,0.028832,-0.149493,0.034704,0.004225,0.000206
0,0.143076,-0.131852,-0.08469,-0.123954,-0.127636,-0.172993,0.002497,0.002301
0,0.185785,-0.211951,0.025689,-0.087216,0.024657,-0.056234,0.003243,0.003699
0,-0.004894,-0.178958,-0.199733,0.025458,-0.232521,0.028549,8.5e-05,0.003123
0,0.085225,0.023824,0.104853,0.177671,0.082238,0.175842,0.001487,0.000416
0,0.113918,-0.004133,0.007755,-0.018292,-0.021092,-0.03072,0.001988,7.2e-05
0,-0.039526,-0.209152,-0.163229,-0.179757,-0.16939,-0.198985,0.00069,0.00365
0,0.138378,-0.055047,0.202802,0.134056,0.243067,0.160916,0.002415,0.000961
0,-0.008996,-0.162588,-0.127993,-0.112474,-0.124756,-0.109958,0.000157,0.002838
0,0.111451,-0.079676,0.14382,0.111762,0.177635,0.152919,0.001945,0.001391
0,0.141557,0.076151,0.047162,0.177919,0.072222,0.220246,0.002471,0.001329
0,-0.015361,0.001726,-0.132812,-0.056139,-0.091707,-0.051835,0.000268,3e-05
0,0.019927,-0.206142,0.055149,-0.190539,0.063337,-0.142404,0.000348,0.003598
0,-0.071601,-0.183536,-0.070125,0.018185,-0.102733,0.035037,0.00125,0.003203
0,-0.035952,-0.03963,0.026786,0.130202,-0.022151,0.106815,0.000627,0.000692
0,0.116398,0.022787,0.161759,0.049645,0.143527,0.037055,0.002032,0.000398
0,0.228041,0.00803,0.094092,-0.04313,0.074489,-0.048046,0.00398,0.00014
0,0.26921,-0.165923,0.059268,-0.151906,0.04668,-0.177307,0.004699,0.002896
0,0.1216,-0.078055,-0.149686,0.113843,-0.143307,0.153392,0.002122,0.001362
0,-0.036081,-0.008656,-0.140506,0.076343,-0.100311,0.049037,0.00063,0.000151
0,0.155986,-0.062539,0.1936,-0.060554,0.189025,-0.05048,0.002722,0.001092
0,0.162104,0.001748,0.015838,0.050669,0.025785,0.086952,0.002829,3.1e-05
0,0.260072,-0.142979,0.1252,-0.15271,0.100621,-0.10932,0.004539,0.002495
0,0.041164,-0.095452,-0.231808,0.05577,-0.270189,0.099144,0.000718,0.001666
0,0.070255,-0.070724,0.043414,0.025334,0.077854,0.0626,0.001226,0.001234
0,0.080151,0.04142,-0.004748,0.13722,0.043595,0.124353,0.001399,0.000723
0,0.154384,-0.151153,0.079658,-0.177578,0.114445,-0.179995,0.002695,0.002638
0,0.087385,0.134651,-0.084757,0.282741,-0.103225,0.291126,0.001525,0.00235
0,0.146306,-0.011895,0.087203,-0.121302,0.049241,-0.170439,0.002554,0.000208
0,0.091485,0.036158,-0.029277,0.041535,-0.016805,0.0782,0.001597,0.000631
0,-0.091821,0.016302,-0.184428,-0.031608,-0.14638,-0.073397,0.001603,0.000285
0,0.064102,0.076658,0.156676,0.043394,0.115478,0.021421,0.001119,0.001338
0,0.047099,0.079217,-0.038282,0.016717,-0.081952,-0.026169,0.000822,0.001383
0,0.046731,0.085422,-0.005243,-0.021957,0.037749,-0.047732,0.000816,0.001491
0,-0.0257,-0.020255,-0.102288,-0.116124,-0.10256,-0.116973,0.000449,0.000354
0,-0.104035,-0.046124,-0.051126,-0.052689,-0.039423,-0.026089,0.001816,0.000805
0,0.075143,0.147875,0.168457,0.182199,0.136251,0.195003,0.001312,0.002581
0,-0.166273,0.181128,-0.25826,0.021763,-0.306608,-0.01357,0.002902,0.003161
0,-0.070051,-0.059199,0.068155,-0.265232,0.109384,-0.249225,0.001223,0.001033
0,0.071174,-0.093119,0.147206,-0.035703,0.14506,-0.001445,0.001242,0.001625
0,-0.013823,0.022375,-0.072045,0.138221,-0.048804,0.163482,0.000241,0.000391
0,-0.144227,0.109965,-0.146423,0.064092,-0.108185,0.098945,0.002517,0.001919
0,0.072039,0.173935,0.225133,0.081911,0.234951,0.101727,0.001257,0.003036
0,-0.10571,0.022434,-0.168631,-0.174867,-0.199267,-0.211158,0.001845,0.000392
0,-0.051234,-0.058801,0.060338,-0.062407,0.053458,-0.071102,0.000894,0.001026
0,0.037179,-0.096948,0.063955,-0.049494,0.025479,-0.017128,0.000649,0.001692
0,-0.0584,0.167899,-0.120829,0.291342,-0.142324,0.274043,0.001019,0.00293
0,-0.011968,-0.039342,0.047305,-0.234463,0.003537,-0.240568,0.000209,0.000687
0,-0.042298,-0.033045,-0.048734,-0.00733,-0.051262,-0.022638,0.000738,0.000577
0,-0.061672,0.099419,-0.013235,0.140349,-0.005337,0.112026,0.001076,0.001735
0,-0.12538,0.083294,-0.034969,-0.029503,0.005889,-0.024762,0.002188,0.001454
0,-0.266282,0.114097,-0.137168,0.056751,-0.171715,0.010604,0.004647,0.001991
0,-0.148938,0.137689,0.120356,-0.001846,0.168832,-0.026423,0.002599,0.002403
0,-0.08045,-0.097648,0.047729,-0.217181,0.011754,-0.199349,0.001404,0.001704
0,-0.280019,-0.085715,-0.229081,0.020975,-0.232922,-0.004517,0.004887,0.001496
0,-0.052385,0.0329,0.256653,0.12678,0.25959,0.149679,0.000914,0.000574
0,-0.154865,0.103033,-0.127688,0.057259,-0.13732,0.06983,0.002703,0.001798
0,-0.10365,0.004628,0.057474,-0.080393,0.089977,-0.037748,0.001809,8.1e-05
0,-0.073411,-0.074146,0.017667,-0.06614,0.016849,-0.103361,0.001281,0.001294
0,-0.224701,-0.017105,-0.128348,0.042362,-0.091533,-0.00361,0.003922,0.000299
0,-0.176316,0.045894,0.036066,0.07553,0.037715,0.046502,0.003077,0.000801
0,-0.16506,0.160892,0.008609,0.088529,0.02441,0.075356,0.002881,0.002808
0,-0.089859,0.119807,0.055661,-0.038277,0.050874,-0.02171,0.001568,0.002091
0,-0.06671,0.024176,0.036501,-0.084618,0.08142,-0.057194,0.001164,0.000422
0,0.0845,-0.06711,0.128047,-0.104033,0.086453,-0.099872,0.001475,0.001171
0,-0.167144,0.045745,-0.221905,0.136453,-0.190985,0.185289,0.002917,0.000798
0,0.070337,0.132287,0.218856,0.10797,0.242778,0.133414,0.001228,0.002309
0,0.123683,0.096335,0.064732,-0.033922,0.021584,-0.019394,0.002159,0.001681
0,0.124831,0.061658,0.004111,-0.062799,0.021187,-0.062734,0.002179,0.001076
0,0.041912,-0.05312,-0.084071,-0.13335,-0.082838,-0.117763,0.000731,0.000927
0,0.153256,0.079823,0.132778,0.104758,0.134137,0.15233,0.002675,0.001393
0,0.042651,-0.048512,-0.089183,-0.104826,-0.126077,-0.098663,0.000744,0.000847
0,-0.115554,-0.059222,-0.157909,-0.006855,-0.188256,-0.045616,0.002017,0.001034
0,0.02828,-0.044675,0.138977,-0.013607,0.117521,0.030839,0.000494,0.00078
0,0.00284,-0.074502,-0.04226,-0.026141,0.004619,-0.034767,5e-05,0.0013
0,0.116867,-0.039345,0.099402,0.018468,0.145709,-0.018551,0.00204,0.000687
0,0.031824,-0.128503,-0.079984,-0.065264,-0.073952,-0.024852,0.000555,0.002243
0,-0.027642,-0.038395,-0.039099,0.082334,-0.065791,0.082432,0.000482,0.00067
0,-0.004767,-0.061125,0.011459,-0.033859,0.053636,-0.012547,8.3e-05,0.001067
0,-0.002306,-0.166972,0.015057,-0.119268,0.055016,-0.134983,4e-05,0.002914
0,0.04808,-0.040728,0.059965,0.132341,0.02741,0.128319,0.000839,0.000711
0,0.078346,0.003095,0.057219,0.045551,0.034792,0.025071,0.001367,5.4e-05
0,0.073086,-0.138427,-0.02234,-0.163411,0.005667,-0.18412,0.001276,0.002416
0,0.203802,-0.075431,0.114348,0.039687,0.093612,0.057094,0.003557,0.001317
0,0.012177,-0.147508,-0.208134,-0.052517,-0.182116,-0.054543,0.000213,0.002574
0,0.207191,-0.17583,0.19444,-0.024788,0.222283,-0.055436,0.003616,0.003069
0,0.03473,-0.135159,-0.174984,0.062305,-0.192491,0.081532,0.000606,0.002359
0,0.137032,-0.237261,0.074867,-0.101542,0.108472,-0.120954,0.002392,0.004141
0,0.06764,-0.004989,-0.090261,0.224095,-0.050615,0.2307,0.001181,8.7e-05
0,0.179078,-0.091358,0.112323,-0.114845,0.117332,-0.142893,0.003125,0.001594
0,0.11031,-0.182517,-0.0937,-0.120954,-0.093103,-0.166707,0.001925,0.003186
0,0.119676,-0.083842,0.011332,0.073222,-0.015828,0.085672,0.002089,0.001463
0,0.013225,-0.227865,-0.112657,-0.12829,-0.088784,-0.155235,0.000231,0.003977
0,-0.172615,-0.183009,-0.209438,0.040019,-0.197291,-0.0005,0.003013,0.003194
0,-0.004227,0.055828,0.157763,0.248614,0.177974,0.251989,7.4e-05,0.000974
0,-0.07511,-0.022972,-0.041654,-0.074579,-0.011632,-0.082358,0.001311,0.000401
0,-0.039137,0.065518,0.044401,0.069027,0.089147,0.068594,0.000683,0.001144
0,-0.047793,-0.000165,-0.022315,-0.0614,-0.072259,-0.066647,0.000834,3e-06
0,-0.227032,0.056836,-0.180125,0.070595,-0.151518,0.101553,0.003962,0.000992
0,-0.072458,0.056779,0.145956,0.025332,0.158197,0.005052,0.001265,0.000991
0,0.001482,0.053356,0.091707,-0.004985,0.065458,-0.008741,2.6e-05,0.000931
0,-0.005744,0.01241,0.00422,-0.037671,0.015068,-0.037602,0.0001,0.000217
0,0.030579,0.080848,0.04335,0.058253,0.080815,0.097993,0.000534,0.001411
0,0.038381,-0.032586,0.001002,-0.111803,0.042038,-0.116267,0.00067,0.000569
0,0.072146,-0.114408,0.042083,-0.094469,0.000732,-0.047598,0.001259,0.001997
0,0.134999,-0.028462,0.070099,0.058797,0.07793,0.105357,0.002356,0.000497
0,0.015262,-0.169322,-0.131345,-0.140371,-0.169907,-0.124574,0.000266,0.002955
0,0.091491,0.008789,0.084349,0.180346,0.053503,0.137855,0.001597,0.000153
0,-0.031992,-0.087204,-0.094163,-0.083929,-0.085223,-0.040647,0.000558,0.001522
0,0.102193,-0.149475,0.127256,-0.034167,0.084632,-0.047029,0.001784,0.002609
0,0.008243,-0.067553,-0.119653,0.073774,-0.093709,0.081982,0.000144,0.001179
0,-0.09628,0.022826,-0.081917,0.093534,-0.052495,0.092377,0.00168,0.000398
0,0.202556,-0.062523,0.294607,-0.084429,0.307461,-0.053691,0.003535,0.001091
0,0.177979,0.084506,-0.049498,0.129971,-0.04118,0.095391,0.003106,0.001475
0,0.153496,-0.000441,-0.007324,-0.065236,0.01288,-0.090333,0.002679,8e-06
0,0.124128,-0.133475,-0.056398,-0.123267,-0.030643,-0.127843,0.002166,0.00233
0,0.217128,-0.070662,0.073244,0.048079,0.095651,0.075967,0.00379,0.001233
0,-0.093459,-0.133201,-0.339821,-0.081738,-0.361108,-0.064312,0.001631,0.002325
0,0.051471,-0.135262,0.116373,-0.00592,0.15574,0.041052,0.000898,0.002361
0,-0.056433,-0.057675,-0.099037,0.095291,-0.146982,0.071038,0.000985,0.001007
0,-0.08433,0.012118,-0.001889,0.073747,0.00877,0.035248,0.001472,0.000212
0,-0.079136,-0.176812,-0.007511,-0.196776,0.039048,-0.211272,0.001381,0.003086
0,0.144164,0.008377,0.232297,0.165529,0.266785,0.214613,0.002516,0.000146
0,-0.094529,-0.215895,-0.248053,-0.227139,-0.247972,-0.191336,0.00165,0.003768
0,-0.096173,-0.106966,-0.00639,0.084477,-0.056243,0.060532,0.001679,0.001867
0,0.011594,0.09631,0.129928,0.207356,0.105693,0.2336,0.000202,0.001681
0,-0.140804,0.088291,-0.166145,0.002112,-0.148091,-0.004026,0.002457,0.001541
0,0.051897,0.034557,0.176717,-0.048932,0.163409,-0.066543,0.000906,0.000603
0,0.052365,-0.095862,-0.008661,-0.127792,-0.042926,-0.119612,0.000914,0.001673
0,-0.037194,0.031584,-0.067186,0.156984,-0.115299,0.195093,0.000649,0.000551
0,-0.118944,-0.101855,-0.08398,-0.119149,-0.068793,-0.133263,0.002076,0.001778
0,-0.001553,0.095604,0.119689,0.172757,0.157169,0.166728,2.7e-05,0.001669
0,0.025919,-0.066497,0.052664,-0.133638,0.038171,-0.109656,0.000452,0.001161
0,-0.025747,0.098546,-0.036818,0.188301,-0.025933,0.23691,0.000449,0.00172
0,-0.144727,0.07914,-0.100937,-0.017807,-0.061053,0.005954,0.002526,0.001381
0,0.084065,-0.022843,0.226799,-0.076587,0.186641,-0.079002,0.001467,0.000399
0,0.06286,-0.051206,0.00605,-0.033291,-0.020801,0.016367,0.001097,0.000894
0,-0.044167,0.108676,-0.086336,0.178606,-0.058775,0.17467,0.000771,0.001897
0,0.155024,0.017578,0.173308,-0.097984,0.126861,-0.130604,0.002706,0.000307
0,-0.023088,-0.062988,-0.173361,-0.07074,-0.216641,-0.022682,0.000403,0.001099
0,0.059897,0.059206,0.098852,0.101597,0.0673,0.129476,0.001045,0.001033
0,-0.001164,0.211333,-0.060529,0.157615,-0.026874,0.176827,2e-05,0.003688
0,-0.034348,-0.027164,-0.042803,-0.245272,-0.031145,-0.218446,0.000599,0.000474
0,0.197462,-0.03045,0.247628,0.009625,0.274251,0.02158,0.003446,0.000531
0,0.048369,0.120672,-0.124592,0.166391,-0.080444,0.180424,0.000844,0.002106
0,0.15879,0.001587,0.114608,-0.103684,0.124906,-0.067367,0.002771,2.8e-05
0,0.134446,-0.117177,0.004913,-0.094033,0.002415,-0.106833,0.002347,0.002045
0,0.097782,0.128548,-0.065127,0.236357,-0.081813,0.247538,0.001707,0.002244
0,0.06155,-0.11866,-0.051134,-0.260733,-0.024238,-0.275778,0.001074,0.002071
0,-0.10594,-0.054928,-0.187367,0.040222,-0.208257,0.015323,0.001849,0.000959
0,0.07507,0.133119,0.17416,0.19257,0.149075,0.18935,0.00131,0.002323
0,0.123472,0.014397,0.059556,-0.141027,0.088774,-0.150361,0.002155,0.000251
0,-0.114761,-0.156133,-0.218405,-0.177628,-0.205292,-0.193749,0.002003,0.002725
0,0.178597,0.122544,0.274379,0.296337,0.288437,0.263175,0.003117,0.002139
0,-0.023471,0.1068,-0.231404,-0.010634,-0.188607,-0.047406,0.00041,0.001864
0,-0.063171,-0.143276,-0.017476,-0.246591,-0.013138,-0.231863,0.001103,0.002501
0,0.034518,-0.077218,0.116307,0.094203,0.099593,0.142874,0.000602,0.001348
0,-0.038809,-0.036912,-0.101388,0.067479,-0.055649,0.081657,0.000677,0.000644
0,0.015724,0.000759,0.057994,0.027742,0.056701,0.073357,0.000274,1.3e-05
0,-0.060741,0.088157,-0.102944,0.07512,-0.137874,0.084822,0.00106,0.001539
0,-0.061494,-0.108715,-0.010125,-0.212808,-0.030328,-0.258617,0.001073,0.001897
0,-0.021388,-0.035129,0.016862,0.089508,-0.030198,0.088217,0.000373,0.000613
0,-0.046675,0.005097,-0.011527,0.05183,-0.005395,0.032896,0.000815,8.9e-05
0,-0.161098,0.054015,-0.120254,0.056607,-0.094104,0.041235,0.002812,0.000943
0,-0.119327,-0.126521,0.013692,-0.196175,0.024283,-0.194638,0.002083,0.002208
0,-0.113276,-0.034206,-0.016732,0.117924,-0.051453,0.157149,0.001977,0.000597
0,0.042139,-0.119544,0.170629,-0.078039,0.217784,-0.067188,0.000735,0.002086
0,-0.07601,0.006889,-0.129809,0.131691,-0.095131,0.09993,0.001327,0.00012
0,-0.05569,-0.145672,0.025809,-0.159276,0.063241,-0.13618,0.000972,0.002542
0,-0.122104,-0.020509,-0.078992,0.101419,-0.03031,0.145266,0.002131,0.000358
0,-0.112425,-0.130086,0.009069,-0.115859,-0.037147,-0.075842,0.001962,0.00227
0,0.113092,0.104059,0.220816,0.21126,0.250978,0.2478,0.001974,0.001816
0,-0.089814,0.141493,-0.180582,0.037229,-0.16971,-0.007009,0.001568,0.00247
0,0.094102,-0.087963,0.209345,-0.21126,0.257714,-0.237752,0.001642,0.001535
0,-0.012259,-0.103574,-0.125807,-0.004991,-0.16305,0.036692,0.000214,0.001808
0,0.068552,0.052524,0.06041,0.140777,0.083528,0.103961,0.001196,0.000917
0,-0.036307,0.143888,-0.133529,0.091506,-0.141473,0.082264,0.000634,0.002511
0,0.041254,0.203981,0.10738,0.048304,0.084755,0.008317,0.00072,0.00356
0,0.015364,-0.083015,-0.025021,-0.285665,-0.027845,-0.311393,0.000268,0.001449
0,0.028688,-0.093128,0.00244,-0.029378,0.046674,-0.001291,0.000501,0.001625
0,-0.093707,0.186788,-0.113653,0.273619,-0.117928,0.299421,0.001635,0.00326
0,-0.066407,0.114204,0.012199,-0.068873,0.01662,-0.021913,0.001159,0.001993
0,0.059564,0.093265,0.127511,-0.044143,0.091669,-0.057022,0.00104,0.001628
0,0.139467,-0.038541,0.05715,-0.153017,0.055956,-0.183621,0.002434,0.000673
0,-0.097511,0.054664,-0.208657,0.076525,-0.192596,0.042384,0.001702,0.000954
0,-0.136448,0.012714,-0.01923,-0.016023,-0.066932,-0.06223,0.002381,0.000222
0,-0.132026,0.046234,-0.014401,0.038073,0.027777,0.050362,0.002304,0.000807
0,-0.022024,0.004074,0.113373,-0.036205,0.139736,-0.023837,0.000384,7.1e-05
0,-0.128913,-0.031986,-0.123517,-0.021207,-0.162328,0.00527,0.00225,0.000558
0,-0.010308,0.118146,0.128686,0.151545,0.094847,0.198936,0.00018,0.002062
0,0.061842,0.100193,0.073939,0.005258,0.061639,-0.002909,0.001079,0.001749
0,-0.199953,-0.053182,-0.273327,-0.127957,-0.23554,-0.098471,0.00349,0.000928
0,-0.118561,-0.078126,0.059804,-0.033479,0.053629,0.01148,0.002069,0.001364
0,-0.217725,0.13707,-0.093412,0.22384,-0.076405,0.221463,0.0038,0.002392
0,-0.003071,-0.063574,0.20554,-0.217248,0.174816,-0.259393,5.4e-05,0.00111
0,0.095611,0.136057,0.105919,0.212061,0.076381,0.25009,0.001669,0.002375
0,-0.133898,-0.083546,-0.23683,-0.192978,-0.189886,-0.224067,0.002337,0.001458
0,0.113633,-0.083606,0.238142,0.019704,0.23142,-0.011636,0.001983,0.001459
0,-0.023948,-0.00632,-0.1597,0.052682,-0.176966,0.09699,0.000418,0.00011
0,-0.154422,-0.004079,-0.13732,0.028031,-0.145777,-0.012648,0.002695,7.1e-05
0,0.030792,-0.143932,0.178912,-0.16656,0.186697,-0.213704,0.000537,0.002512
0,-1.746915,2.112843,-1.774436,2.285912,-1.81429,2.260888,0.005782,0.000605
0,-2.58626,2.11039,-0.854728,0.023682,-0.848018,0.060423,0.003223,0.000562
0,-3.472477,2.462524,-0.914165,0.341731,-0.945212,0.364606,0.000154,0.005383
0,-4.416534,2.185609,-0.951777,-0.295369,-0.939958,-0.2661,0.00454,0.001875
0,-4.082951,1.859657,0.352697,-0.309806,0.401195,-0.34338,0.001282,0.003814
0,-3.245798,0.954336,0.860658,-0.904964,0.850446,-0.912621,0.003803,0.004566
0,-2.909525,0.690161,0.318655,-0.264607,0.306039,-0.270862,0.002419,4.5e-05
0,-2.23489,0.320675,0.68073,-0.358951,0.697085,-0.380949,0.002735,0.005597
0,-1.569802,0.195668,0.679059,-0.138565,0.697421,-0.089038,0.003217,0.003415
0,-0.608126,0.302901,0.967074,0.096851,0.937515,0.086313,0.001477,0.005287
0,0.086985,0.092465,0.678165,-0.239547,0.645087,-0.200934,0.001518,0.001614
0,0.317282,0.081023,0.210911,0.010536,0.246402,0.002486,0.005538,0.001414
0,0.356508,0.09214,0.054261,-0.015552,0.049861,-0.040473,0.005868,0.001608
0,0.355851,0.194054,0.018296,0.075402,0.001828,0.026133,0.00588,0.003387
0,0.315654,0.182523,-0.050789,-0.027817,-0.056519,0.009593,0.005509,0.003186
0,0.06315,0.247972,-0.268087,0.087839,-0.289639,0.100023,0.001102,0.004328
0,0.187995,0.103927,0.146098,-0.137249,0.194949,-0.090547,0.003281,0.001814
0,0.113121,0.035397,-0.071653,-0.070795,-0.099976,-0.119321,0.001974,0.000618
0,0.086562,-0.048943,-0.002487,-0.077683,0.008835,-0.094694,0.001511,0.000854
0,0.021071,0.183327,-0.066834,0.256056,-0.078458,0.222763,0.000368,0.0032
0,0.140001,-0.037764,0.134038,-0.207267,0.150488,-0.234647,0.002443,0.000659
0,0.13491,0.234572,-0.001814,0.252774,-0.043654,0.297142,0.002355,0.004094
0,0.04419,0.140709,-0.078835,-0.117594,-0.074802,-0.143972,0.000771,0.002456
0,0.064255,0.014226,0.010701,-0.108627,0.056088,-0.148698,0.001121,0.000248
0,0.126597,0.211897,0.055458,0.223991,0.006815,0.215851,0.00221,0.003698
0,0.02562,0.232003,-0.095996,0.021389,-0.052009,-0.010982,0.000447,0.004049
0,0.075789,0.019295,0.068568,-0.188224,0.045146,-0.186156,0.001323,0.000337
0,0.005372,0.001333,-0.083475,-0.039643,-0.038735,-0.052138,9.4e-05,2.3e-05
0,-0.058266,-0.014142,-0.060902,-0.024963,-0.098122,0.002621,0.001017,0.000247
0,0.017016,-0.006088,0.078511,0.015784,0.124868,-0.004701,0.000297,0.000106
0,0.02335,-0.041155,-0.010137,-0.038417,-0.046917,-0.029046,0.000408,0.000718
0,-0.07764,0.241263,-0.079433,0.302058,-0.054215,0.344041,0.001355,0.004211
0,0.170159,0.032217,0.242206,-0.199002,0.271783,-0.163113,0.00297,0.000562
0,0.048634,0.011963,-0.0965,0.002574,-0.057644,0.025809,0.000849,0.000209
0,0.133019,0.207358,0.066919,0.203164,0.081684,0.156069,0.002322,0.003619
0,0.010777,-0.005445,-0.117552,-0.208254,-0.073053,-0.256354,0.000188,9.5e-05
0,0.246864,-0.054064,0.249982,-0.069682,0.273955,-0.090631,0.004309,0.000944
0,0.001061,0.052898,-0.260205,0.100637,-0.272327,0.07947,1.9e-05,0.000923
0,0.095833,0.064791,0.1029,-0.008828,0.149742,-0.056675,0.001673,0.001131
0,0.199596,0.190189,0.103152,0.097495,0.082667,0.120814,0.003484,0.003319
0,0.092093,-0.093556,-0.092698,-0.274547,-0.071948,-0.28946,0.001607,0.001633
0,0.076033,0.003464,-0.043678,0.07857,-0.000607,0.087919,0.001327,6e-05
0,0.239461,-0.068813,0.185461,-0.074557,0.137385,-0.038491,0.004179,0.001201
0,0.120689,0.159033,-0.118389,0.236758,-0.156466,0.244192,0.002106,0.002776
0,-0.537628,-0.764687,-0.644246,-0.902529,-0.692614,-0.931679,0.002707,0.001256
0,-0.633529,-1.527692,-0.094112,-0.753554,-0.136384,-0.792259,0.001033,0.002482
0,-1.022121,-2.626752,-0.40737,-1.126969,-0.393306,-1.078046,0.005749,0.002516
0,-1.356871,-2.895694,-0.343606,-0.258964,-0.381983,-0.276545,0.000499,0.002177
0,-1.603833,-2.574651,-0.229719,0.312309,-0.180311,0.350902,0.003811,0.003426
0,-1.241565,-1.875137,0.377957,0.680701,0.389722,0.665242,0.002512,0.003544
0,-1.234562,-1.689395,0.027229,0.169149,-0.001244,0.175384,0.002634,0.005305
0,-0.775615,-1.014991,0.485723,0.70263,0.442768,0.68109,0.001447,0.005624
0,-0.431023,-0.518546,0.368261,0.512934,0.380778,0.538238,0.004568,0.00304
0,-0.212857,-0.520895,0.196072,0.020708,0.164558,0.038333,0.003715,0.002999
0,-0.150205,0.268955,0.087652,0.778204,0.075227,0.811763,0.002622,0.004694
0,-0.016774,0.354881,0.107343,0.113145,0.07808,0.097127,0.000293,0.005897
0,0.112067,0.155479,0.136804,-0.176716,0.119752,-0.217028,0.001956,0.002714
0,0.04012,0.398778,-0.088622,0.239997,-0.043435,0.281333,0.0007,0.005131
0,0.137649,0.108804,0.114618,-0.306936,0.077662,-0.283421,0.002402,0.001899
0,0.07627,0.03821,-0.055444,-0.082359,-0.034328,-0.115882,0.001331,0.000667
0,0.128408,0.222972,0.026469,0.21008,-0.019954,0.226095,0.002241,0.003892
0,0.251809,0.205197,0.129372,0.0019,0.143016,0.007101,0.004395,0.003581
0,0.016676,0.266934,-0.234014,0.046652,-0.246673,-0.003094,0.000291,0.004659
0,0.087382,-0.0077,0.079764,-0.290846,0.125316,-0.318993,0.001525,0.000134
0,-0.006843,-0.031516,-0.121228,-0.006066,-0.129665,0.036465,0.000119,0.00055
0,0.035518,0.286387,0.04539,0.327933,0.071027,0.372806,0.00062,0.004998
0,0.075028,0.010846,0.068778,-0.286357,0.106953,-0.262848,0.001309,0.000189
0,0.331781,0.091955,0.283561,0.093282,0.243368,0.107576,0.005791,0.001605
0,0.245281,0.173398,-0.100806,0.084733,-0.147857,0.0474,0.004281,0.003026
0,0.282771,0.03739,0.049149,-0.130846,0.048957,-0.092496,0.004935,0.000653
0,0.192722,0.201989,-0.115689,0.145408,-0.095227,0.18582,0.003364,0.003525
0,0.130354,0.124136,-0.069437,-0.061293,-0.05526,-0.076323,0.002275,0.002167
0,0.15689,-0.073966,0.02064,-0.197799,0.017717,-0.221398,0.002738,0.001291
0,0.085586,0.043008,-0.083948,0.126792,-0.128513,0.156021,0.001494,0.000751
0,0.060321,0.177762,-0.029352,0.152707,-0.066257,0.11572,0.001053,0.003103
0,-0.095775,0.176208,-0.134273,-0.02657,-0.144031,-0.062997,0.001672,0.003075
0,0.004747,0.027284,0.086298,-0.122479,0.077828,-0.08551,8.3e-05,0.000476
0,-0.084729,0.227497,-0.107349,0.1889,-0.080927,0.148409,0.001479,0.003971
0,0.09568,0.041989,0.181332,-0.179291,0.204398,-0.161769,0.00167,0.000733
0,0.218464,-0.032554,0.093123,-0.048126,0.069335,-0.035918,0.003813,0.000568
0,-0.99883,-0.457941,-1.207784,-0.399354,-1.222122,-0.371524,0.005342,0.004098
0,-1.511898,-1.411877,-0.532427,-0.942332,-0.511314,-0.946523,0.002207,0.000461
0,-2.324509,-1.956472,-0.801592,-0.56933,-0.804441,-0.57981,0.004299,0.002125
0,-2.229723,-1.681686,0.077559,0.26851,0.051297,0.2197,0.002645,0.00517
0,-1.81596,-1.756052,0.406571,-0.09722,0.413429,-0.108215,0.004577,0.005623
0,-1.225925,-1.638423,0.596896,0.091026,0.585695,0.07811,0.002785,0.004415
0,-0.910286,-1.215576,0.341956,0.446255,0.352957,0.415135,0.003797,0.002965
0,-0.476066,-0.622802,0.415815,0.594904,0.418458,0.568669,0.003782,0.001221
0,-0.328075,-0.251861,0.150061,0.368201,0.18843,0.387857,0.005726,0.004396
0,0.11146,-0.168212,0.410589,0.082048,0.389349,0.068133,0.001945,0.002936
0,-0.086841,0.061389,-0.196263,0.24349,-0.173637,0.245715,0.001516,0.001071
0,-0.097379,-0.084908,-0.020202,-0.128764,0.021539,-0.090348,0.0017,0.001482
0,0.008103,0.184623,0.101417,0.296838,0.100051,0.331267,0.000141,0.003222
0,0.061693,-0.063965,0.0452,-0.240992,0.067039,-0.214364,0.001077,0.001116
0,0.020384,0.172223,-0.053873,0.256337,-0.059056,0.302199,0.000356,0.003006
0,0.104859,0.219024,0.089136,0.025236,0.11995,0.018302,0.00183,0.003823
0,0.237532,0.154546,0.134593,-0.084665,0.101811,-0.134555,0.004146,0.002697
0,0.002218,0.126945,-0.25316,-0.012491,-0.263383,-0.002076,3.9e-05,0.002216
0,0.150701,0.211576,0.168039,0.091644,0.160044,0.07724,0.00263,0.003693
0,0.00438,0.106744,-0.175896,-0.087617,-0.166514,-0.049797,7.6e-05,0.001863
0,0.231562,0.028739,0.256775,-0.053746,0.212541,-0.046466,0.004042,0.000502
0,0.210283,-0.00331,-0.039472,-0.033802,-0.063446,-0.080981,0.00367,5.8e-05
0,0.152721,0.276036,-0.072247,0.260542,-0.109623,0.244901,0.002665,0.004818
0,0.083044,0.151805,-0.056123,-0.113092,-0.089509,-0.080552,0.001449,0.002649
0,-0.040831,0.267505,-0.101668,0.104056,-0.135462,0.135349,0.000713,0.004669
0,0.054075,0.070718,0.117564,-0.216066,0.134719,-0.263527,0.000944,0.001234
0,0.206242,0.089627,0.149048,0.00984,0.144844,-0.018189,0.0036,0.001564
0,0.154512,0.210674,-0.076145,0.146397,-0.033056,0.167748,0.002697,0.003677
0,0.067531,0.002366,-0.074798,-0.219825,-0.05761,-0.257669,0.001179,4.1e-05
0,0.167455,0.151311,0.086937,0.175947,0.06055,0.18274,0.002923,0.002641
0,0.039679,0.077833,-0.123696,-0.055787,-0.133121,-0.103135,0.000693,0.001358
0,0.018275,0.204094,0.001478,0.096399,0.032103,0.098138,0.000319,0.003562
0,-0.007551,0.063791,-0.052778,-0.135231,-0.100539,-0.17986,0.000132,0.001113
0,0.272126,0.093994,0.300808,0.041829,0.279445,0.047342,0.00475,0.001641
0,0.062945,0.030944,-0.209227,-0.071006,-0.167218,-0.108877,0.001099,0.00054
0,0.202454,0.275373,0.145733,0.26804,0.105873,0.252667,0.003533,0.004806
0,0.170788,0.079937,-0.047259,-0.218842,-0.035223,-0.228767,0.002981,0.001395
0,0.068144,0.23264,-0.080381,0.160885,-0.110512,0.195917,0.001189,0.00406
0,0.115308,0.034024,0.019426,-0.224628,-0.023694,-0.239339,0.002013,0.000594
0,0.229412,0.090776,0.123304,0.060542,0.097335,0.054099,0.004004,0.001584
0,0.193824,0.076428,-0.021359,-0.006863,-0.02357,-0.019663,0.003383,0.001334
0,0.180155,0.120493,-0.03417,0.052572,-0.037075,0.046926,0.003144,0.002103
0,0.256145,0.068823,0.100341,-0.069588,0.143254,-0.046445,0.004471,0.001201
0,0.142647,0.042644,-0.113497,-0.016272,-0.06946,-0.018508,0.00249,0.000744
0,-2.527954,-0.134377,-2.697565,-0.19057,-2.660746,-0.165346,0.004241,0.002345
0,-3.720886,-0.21552,-1.180663,-0.086458,-1.188383,-0.07451,0.004489,0.003762
0,-4.215304,-0.491057,-0.471088,-0.304317,-0.457601,-0.32282,0.001028,0.00352
0,-4.330167,-0.408799,-0.127937,0.098268,-0.175823,0.0935,0.003033,0.004956
0,-3.201006,-0.442533,1.144512,-0.053392,1.098356,-0.062123,0.004584,0.004367
0,-2.289667,-0.234571,0.894422,0.205226,0.867231,0.238665,0.003691,0.004094
0,-2.01914,-0.252653,0.294731,-0.019654,0.310934,0.012848,0.001031,0.00441
0,-1.481844,-0.147569,0.528499,0.081301,0.482698,0.111752,0.001682,0.002576
0,-0.936782,-0.109134,0.517293,0.010682,0.480279,-0.03422,0.004259,0.001905
0,-0.45247,-0.15606,0.50097,-0.075509,0.522866,-0.053201,0.004193,0.002724
0,-0.009719,-0.067894,0.468289,0.073964,0.496511,0.109922,0.00017,0.001185
0,0.172538,-0.168138,0.172743,-0.109175,0.13878,-0.105815,0.003011,0.002935
0,0.335373,0.010217,0.176879,0.174042,0.21054,0.15934,0.005853,0.000178
0,0.27391,-0.224816,-0.078823,-0.252963,-0.071702,-0.274325,0.004781,0.003924
0,0.34245,-0.036473,0.057557,0.189241,0.078544,0.180018,0.005977,0.000637
0,0.192087,-0.160167,-0.136687,-0.141709,-0.090227,-0.172555,0.003353,0.002795
0,0.262881,0.05667,0.045471,0.2368,0.069093,0.214635,0.004588,0.000989
0,0.177894,-0.231637,-0.101234,-0.301213,-0.119925,-0.348257,0.003105,0.004043
0,0.359332,-0.095801,0.17305,0.109804,0.162255,0.158495,0.005819,0.001672
0,0.083573,-0.037435,-0.28756,0.033644,-0.329022,0.029985,0.001459,0.000653
0,0.10974,-0.187486,0.018976,-0.130089,-0.003326,-0.114644,0.001915,0.003272
0,0.137544,0.011865,0.047649,0.214564,0.002503,0.232452,0.002401,0.000207
0,0.063761,-0.182295,-0.072658,-0.189141,-0.04958,-0.213666,0.001113,0.003182
0,0.295381,-0.123444,0.230509,0.063852,0.185625,0.030525,0.005155,0.002155
0,0.09413,-0.02044,-0.173105,0.110664,-0.152154,0.075469,0.001643,0.000357
0,0.209669,-0.014442,0.13134,-0.012756,0.131258,-0.005784,0.003659,0.000252
0,0.077285,0.037153,-0.150416,0.044978,-0.121158,0.043764,0.001349,0.000648
0,0.090982,-0.094915,-0.008968,-0.124461,0.03683,-0.129308,0.001588,0.001657
0,0.041375,0.105958,-0.053054,0.202869,-0.08829,0.179924,0.000722,0.001849
0,-0.004589,0.130292,-0.028827,0.025273,-0.048806,0.027172,8e-05,0.002274
0,0.075873,0.070954,0.058507,-0.029694,0.091193,0.003587,0.001324,0.001238
0,0.018941,0.092843,-0.056765,0.045627,-0.102709,0.014419,0.000331,0.00162
0,0.193751,-0.031783,0.199293,-0.11643,0.222343,-0.127125,0.003382,0.000555
0,0.053939,0.09052,-0.168744,0.124199,-0.191723,0.08388,0.000941,0.00158
0,0.063017,-0.059341,0.004767,-0.133955,0.037133,-0.145131,0.0011,0.001036
0,0.112331,0.006672,0.03798,0.088059,0.03601,0.118652,0.001961,0.000116
0,-0.00207,0.053512,-0.107824,0.05408,-0.058011,0.065521,3.6e-05,0.000934
0,-0.03476,0.061224,-0.019331,0.010446,0.008271,-0.006321,0.000607,0.001069
0,0.08262,0.020229,0.143748,-0.036307,0.101804,-0.041204,0.001442,0.000353
0,-0.062742,0.003227,-0.12127,-0.045135,-0.092346,-0.004444,0.001095,5.6e-05
0,0.131982,0.043499,0.166341,0.027977,0.126136,0.034114,0.002304,0.000759
0,-0.010966,-0.120104,-0.170581,-0.181732,-0.121959,-0.168174,0.000191,0.002096
0,0.123691,0.04422,0.126574,0.163153,0.12013,0.119319,0.002159,0.000772
0,0.187965,0.058143,0.035885,-0.005106,-0.000585,-0.012133,0.003281,0.001015
0,0.170901,0.054146,0.012082,-0.006271,0.054117,-0.011199,0.002983,0.000945
0,0.084418,0.086204,-0.094718,0.040771,-0.075437,0.032892,0.001473,0.001505
0,0.017761,0.124473,-0.087577,0.067467,-0.042023,0.030206,0.00031,0.002172
0,-0.078601,0.077632,-0.114515,-0.065979,-0.12752,-0.049839,0.001372,0.001355
0,0.161962,0.03108,0.231898,-0.031222,0.189677,-0.021963,0.002827,0.000542
0,-0.060935,-0.098366,-0.242041,-0.151092,-0.259999,-0.174873,0.001064,0.001717
0,-0.016227,0.137751,0.053639,0.209509,0.019071,0.229729,0.000283,0.002404
0,0.107414,-0.05541,0.102696,-0.165006,0.119854,-0.124621,0.001875,0.000967
0,0.040394,0.062367,-0.057661,0.113777,-0.050689,0.103875,0.000705,0.001089
0,0.065789,-0.016239,0.02394,-0.095485,-0.016754,-0.090576,0.001148,0.000283
0,0.173268,-0.15545,0.123536,-0.146513,0.125234,-0.106143,0.003024,0.002713
0,-0.115556,-0.020533,-0.270816,0.139737,-0.319724,0.185908,0.002017,0.000358
0,0.120491,-0.144713,0.220716,-0.097633,0.176856,-0.14499,0.002103,0.002526
0,0.063674,-0.21736,-0.080973,-0.058999,-0.123991,-0.014707,0.001111,0.003794
0,0.024835,-0.104781,-0.012506,0.08751,-0.030876,0.123058,0.000433,0.001829
0,0.091092,-0.09861,0.053924,0.025093,0.029689,0.027228,0.00159,0.001721
0,0.050831,-0.056382,-0.049699,0.057561,-0.091173,0.048856,0.000887,0.000984
0,-0.075057,-0.022484,-0.122489,0.059937,-0.073511,0.023804,0.00131,0.000392
0,0.194388,0.032401,0.248484,0.034862,0.229369,-0.008798,0.003393,0.000566
0,0.233408,-0.126213,0.041528,-0.1371,0.044994,-0.100456,0.004074,0.002203
0,0.003746,-0.037254,-0.20718,0.090782,-0.178822,0.119519,6.5e-05,0.00065
0,0.196832,-0.109466,0.178341,-0.090163,0.147177,-0.084903,0.003435,0.001911
0,0.275375,-0.05045,0.073294,0.086754,0.120305,0.11651,0.004806,0.000881
0,0.140688,0.065508,-0.149157,0.123177,-0.157867,0.099286,0.002455,0.001143
0,-0.023405,-0.025399,-0.154432,-0.072475,-0.128392,-0.066168,0.000408,0.000443
0,0.094615,0.034502,0.098019,0.087054,0.061214,0.120104,0.001651,0.000602
0,0.205744,0.02298,0.139953,-0.017149,0.153244,-0.039348,0.003591,0.000401
0,0.142953,0.024113,-0.062011,-0.006217,-0.031524,-0.045379,0.002495,0.000421
0,1.495179,-1.137952,1.361324,-1.157727,1.403462,-1.190853,0.001915,0.00432
0,2.158005,-1.76621,0.637763,-0.629702,0.625438,-0.602013,0.001393,0.005445
0,2.650107,-1.841643,0.501304,-0.093434,0.477019,-0.10004,0.002109,0.004129
0,4.292748,-2.117612,1.615047,-0.278227,1.605785,-0.235161,0.00238,0.000688
0,3.983281,-1.71618,-0.307668,0.395166,-0.260905,0.428784,0.003022,0.005772
0,2.919106,-1.475344,-1.04905,0.23096,-1.032176,0.216584,0.002586,0.001569
0,2.53678,-1.287636,-0.407757,0.183718,-0.380167,0.187322,0.004087,0.001707
0,1.803169,-1.054852,-0.744151,0.236915,-0.762185,0.269837,0.0048,0.00577
0,1.474789,-0.669032,-0.355577,0.363076,-0.322059,0.339302,0.001559,0.000414
0,0.798368,-0.508771,-0.679392,0.173262,-0.636279,0.193872,0.001844,0.003211
0,0.157534,0.091717,-0.651162,0.625292,-0.604364,0.587381,0.002749,0.001601
0,-0.183856,0.257551,-0.343138,0.193047,-0.335014,0.169786,0.003209,0.004495
0,-0.148356,0.363506,0.055887,0.103221,0.102803,0.10017,0.002589,0.005746
0,-0.099801,0.315229,0.064454,-0.023417,0.048628,-0.00666,0.001742,0.005502
0,-0.295244,0.228645,-0.214592,-0.112703,-0.207387,-0.111657,0.005153,0.003991
0,-0.400326,0.345214,-0.083329,0.142059,-0.038485,0.155884,0.005103,0.006025
0,-0.289655,0.214821,0.127471,-0.109444,0.164093,-0.112622,0.005055,0.003749
0,-0.386371,0.280029,-0.088671,0.074976,-0.122931,0.072869,0.005347,0.004887
0,-0.262756,0.424558,0.110855,0.173727,0.110302,0.15032,0.004586,0.004681
0,-0.186845,0.170796,0.101886,-0.256712,0.13307,-0.234978,0.003261,0.002981
0,-0.171334,0.337035,-0.014307,0.154527,-0.017154,0.143369,0.00299,0.005882
0,-0.177588,0.205638,-0.007271,-0.153732,0.033304,-0.186653,0.003099,0.003589
0,-0.179515,0.12111,-0.021722,-0.10304,-0.01436,-0.069255,0.003133,0.002114
0,-0.059002,0.120174,0.149605,-0.023092,0.181403,-0.033873,0.00103,0.002097
0,-0.027453,0.245993,0.034803,0.152846,0.076118,0.142068,0.000479,0.004293
0,-0.205456,0.217314,-0.174123,-0.02509,-0.125897,-0.005429,0.003586,0.003793
0,-0.078364,0.257345,0.105745,0.051165,0.115406,0.07036,0.001368,0.004492
0,-0.046376,0.085905,0.020092,-0.155545,0.039889,-0.174481,0.000809,0.001499
0,-0.146087,0.06511,-0.112084,-0.01133,-0.084204,-0.036313,0.00255,0.001136
0,-0.034154,0.104626,0.104156,0.030448,0.064518,-0.01676,0.000596,0.001826
0,0.00773,0.057699,0.032987,-0.044606,0.043193,-0.027828,0.000135,0.001007
0,-0.130733,0.00135,-0.110864,-0.034457,-0.119972,-0.055855,0.002282,2.4e-05
0,-0.028024,-0.068794,0.081918,-0.086523,0.09787,-0.039254,0.000489,0.001201
0,0.170715,0.203546,0.194958,0.260435,0.228115,0.222738,0.00298,0.003553
0,0.05188,0.111733,-0.136406,-0.079526,-0.172433,-0.07042,0.000905,0.00195
0,-0.05033,0.110176,-0.072645,-0.030691,-0.066167,-0.073345,0.000878,0.001923
0,0.136372,-0.086438,0.184139,-0.170555,0.231952,-0.156705,0.00238,0.001509
0,0.060535,-0.047847,-0.075828,0.066894,-0.051055,0.029672,0.001057,0.000835
0,0.134262,-0.079457,0.087789,-0.049228,0.094762,-0.021541,0.002343,0.001387
0,0.158925,-0.078981,0.015098,0.012807,0.019745,0.053496,0.002774,0.001378
0,0.127359,-0.026265,-0.042827,0.034953,0.002924,0.073388,0.002223,0.000458
0,-0.049411,0.015868,-0.202105,0.039724,-0.241542,0.065548,0.000862,0.000277
0,-0.085898,0.171668,-0.063584,0.174733,-0.077564,0.157701,0.001499,0.002996
0,0.017017,-0.002162,0.108516,-0.190851,0.136833,-0.214511,0.000297,3.8e-05
0,-0.087434,0.225189,-0.123894,0.232906,-0.152744,0.189589,0.001526,0.00393
0,-0.163924,0.225135,-0.072631,0.006664,-0.04301,-0.016229,0.002861,0.003929
0,-0.149897,0.136659,0.041522,-0.07453,0.000303,-0.120519,0.002616,0.002385
0,-0.100044,-0.007036,0.041414,-0.138607,-3e-05,-0.102702,0.001746,0.000123
0,-0.084817,0.123976,-0.003738,0.123209,0.007443,0.161872,0.00148,0.002164
0,-0.105626,0.133283,-0.000445,-0.000806,0.014325,-0.028427,0.001844,0.002326
0,-0.17555,0.01598,-0.045333,-0.110917,-0.035937,-0.112919,0.003064,0.000279
0,-0.23166,0.075139,-0.033245,0.081378,-0.07055,0.069853,0.004043,0.001311
0,0.037898,0.001309,0.262432,-0.06292,0.256053,-0.047672,0.000661,2.3e-05
0,-0.070209,0.157585,-0.091516,0.151242,-0.123007,0.157051,0.001225,0.00275
0,-0.07587,-0.05508,-0.008135,-0.194479,-0.033924,-0.215592,0.001324,0.000961
0,-0.125864,0.045617,-0.023648,0.09781,-0.053334,0.138015,0.002197,0.000796
0,-0.017842,-0.011765,0.106917,-0.0301,0.087855,-0.05499,0.000311,0.000205
0,-0.096301,0.0708,-0.061039,0.103696,-0.104043,0.139123,0.001681,0.001236
0,0.142883,0.008678,0.24482,-0.076308,0.209839,-0.123356,0.002494,0.000151
0,0.167317,0.101885,0.050911,0.079365,0.066553,0.095593,0.00292,0.001778
0,-0.051667,-0.07603,-0.200982,-0.179429,-0.201413,-0.165303,0.000902,0.001327
0,0.008721,0.166593,0.065397,0.244643,0.077995,0.233052,0.000152,0.002908
0,0.072242,-0.088055,0.04922,-0.263311,0.078758,-0.2632,0.001261,0.001537
0,-0.00458,-0.031265,-0.06919,0.073804,-0.054051,0.041872,8e-05,0.000546
0,-0.085171,0.167657,-0.104554,0.177899,-0.070356,0.194003,0.001487,0.002926
0,-0.153141,-0.036402,-0.066266,-0.210547,-0.082882,-0.215071,0.002673,0.000635
0,0.015943,-0.124827,0.182069,-0.09883,0.172863,-0.147822,0.000278,0.002179
0,-0.028964,0.117204,-0.024967,0.267805,-0.029363,0.218806,0.000506,0.002046
0,-0.005384,0.049714,0.010273,-0.069498,0.054752,-0.096187,9.4e-05,0.000868
0,-0.143374,-0.112418,-0.141779,-0.138956,-0.156665,-0.174018,0.002502,0.001962
0,-0.060943,0.04134,0.086541,0.181433,0.112199,0.18081,0.001064,0.000722
0,-0.169712,0.038081,-0.110004,-0.018057,-0.132282,-0.000849,0.002962,0.000665
0,-0.177159,0.126729,-0.024108,0.063121,-0.051471,0.043521,0.003092,0.002212
0,-0.06908,0.064081,0.103196,-0.058102,0.099866,-0.067285,0.001206,0.001118
0,-0.009822,0.082304,0.043825,0.005758,0.032782,-0.006265,0.000171,0.001436
0,-0.072912,-0.050481,-0.081734,-0.113993,-0.123042,-0.064606,0.001273,0.000881
0,0.045673,0.087363,0.140362,0.147219,0.169875,0.146258,0.000797,0.001525
0,-0.099046,0.008644,-0.166684,-0.084493,-0.210636,-0.044894,0.001729,0.000151
0,-0.117773,-0.084989,-0.033651,-0.065533,-0.070031,-0.090094,0.002056,0.001483
0,0.117608,-0.063307,0.215557,-0.002277,0.232437,-0.011978,0.002053,0.001105
0,0.008565,-0.158733,-0.104978,-0.106931,-0.061727,-0.091425,0.000149,0.00277
0,-0.034088,-0.037607,-0.024283,0.119478,-0.037435,0.129408,0.000595,0.000656
0,0.025942,0.11908,0.038468,0.153846,0.029571,0.143703,0.000453,0.002078
0,-0.222183,0.049762,-0.250836,-0.054935,-0.283843,-0.020143,0.003878,0.000869
0,-0.100587,-0.107594,0.10534,-0.132123,0.062642,-0.176782,0.001756,0.001878
0,0.009525,0.131223,0.137686,0.232029,0.160865,0.248091,0.000166,0.00229
0,-0.096245,0.162388,-0.097001,0.010944,-0.138338,0.031723,0.00168,0.002834
0,0.127343,0.150985,0.250298,0.014038,0.234572,0.041038,0.002223,0.002635
0,-0.002319,-0.036459,-0.144203,-0.1684,-0.160352,-0.173045,4e-05,0.000636
0,0.028006,-0.049729,0.013919,-0.002258,0.057554,0.019074,0.000489,0.000868
0,-0.066179,0.137662,-0.075385,0.191373,-0.090769,0.146636,0.001155,0.002403
0,-0.068141,0.142975,-0.031926,-0.006712,-0.012823,-0.025211,0.001189,0.002495
0,0.006377,0.060693,0.044995,-0.095553,0.081907,-0.062352,0.000111,0.001059
0,-0.02943,0.114343,-0.055707,0.061799,-0.042646,0.032958,0.000514,0.001996
0,0.042405,-0.118778,0.064761,-0.247425,0.110858,-0.222113,0.00074,0.002073
0,-0.051145,0.149103,-0.083837,0.294513,-0.053987,0.289177,0.000893,0.002602
0,0.019416,0.16754,0.093075,0.00083,0.100103,-0.002114,0.000339,0.002924
0,0.068366,0.071532,0.053153,-0.093428,0.015165,-0.12399,0.001193,0.001248
0,-0.097955,-0.026213,-0.170974,-0.087703,-0.122593,-0.132406,0.00171,0.000457
0,0.097949,0.081843,0.19041,0.085985,0.197695,0.056742,0.00171,0.001428
0,-0.009269,0.113313,-0.112401,0.040732,-0.112093,0.008708,0.000162,0.001978
0,0.086534,0.056561,0.06867,-0.048881,0.074751,-0.02679,0.00151,0.000987
0,0.180687,0.176252,0.08171,0.116424,0.119295,0.098161,0.003154,0.003076
0,0.016607,0.084947,-0.187491,-0.118817,-0.192374,-0.105731,0.00029,0.001483
0,0.054082,-0.054893,0.030907,-0.157134,0.025671,-0.194846,0.000944,0.000958
0,0.228159,0.177422,0.175889,0.23427,0.156431,0.222921,0.003982,0.003097
0,0.106345,-0.006059,-0.103443,-0.175996,-0.14738,-0.209117,0.001856,0.000106
0,0.072818,0.194913,-0.013615,0.191725,0.011611,0.210904,0.001271,0.003402
0,0.227877,0.107155,0.169438,-0.088745,0.218086,-0.111482,0.003977,0.00187
0,0.238288,0.11972,-0.007277,0.017496,-0.055114,-0.02939,0.004159,0.00209
0,0.158138,-0.088218,-0.089858,-0.18677,-0.131941,-0.146478,0.00276,0.00154
0,0.18664,0.00966,0.053185,0.067903,0.036234,0.065666,0.003257,0.000169
0,-0.012626,0.121515,-0.178346,0.11553,-0.150794,0.153351,0.00022,0.002121
0,0.178758,-0.106166,0.215001,-0.250422,0.248267,-0.225321,0.00312,0.001853
0,-0.012147,-0.091656,-0.201548,0.013773,-0.251229,0.010296,0.000212,0.0016
0,0.098281,0.067417,0.109541,0.18278,0.096174,0.145687,0.001715,0.001177
0,0.145025,-0.018624,0.030913,-0.10161,0.025374,-0.054851,0.002531,0.000325
0,0.089806,0.056393,-0.037714,0.070649,-0.077207,0.068542,0.001567,0.000984
0,0.212487,-0.020433,0.124571,-0.053472,0.166828,-0.005439,0.003709,0.000357
0,0.018422,-0.069972,-0.175073,-0.029291,-0.222827,-0.065999,0.000322,0.001221
0,0.133205,-0.06965,0.136675,0.001399,0.121034,0.040825,0.002325,0.001216
0,0.208442,-0.122458,0.089282,-0.070213,0.118519,-0.049726,0.003638,0.002137
0,0.080761,0.06845,-0.118128,0.213719,-0.111573,0.224553,0.00141,0.001195
0,0.139528,0.068357,0.044202,-0.011319,0.091582,-0.049709,0.002435,0.001193
0,0.185984,0.097145,0.073041,0.012831,0.040598,0.054804,0.003246,0.001696
0,-0.113546,0.003245,-0.280511,-0.075911,-0.263646,-0.09343,0.001982,5.7e-05
0,-0.033097,0.027995,0.060963,0.009657,0.028321,0.006843,0.000578,0.000489
0,-0.012775,-0.138369,-0.0034,-0.146529,-0.030068,-0.117158,0.000223,0.002415
0,-0.068723,-0.04218,-0.075213,0.075972,-0.030888,0.034385,0.001199,0.000736
0,-0.123206,-0.089771,-0.037968,-0.052443,-0.07844,-0.037631,0.00215,0.001567
0,-0.123504,-0.084461,-0.019763,-0.017513,-0.042839,-0.019464,0.002156,0.001474
0,0.087243,-0.041336,0.189251,0.019556,0.218753,-0.019306,0.001523,0.000721
0,-0.002291,0.115627,-0.067998,0.18627,-0.02388,0.190778,4e-05,0.002018
0,0.046374,-0.066353,0.058854,-0.16211,0.041613,-0.156171,0.000809,0.001158
0,0.045525,0.063718,-0.015257,0.128266,0.015659,0.104919,0.000795,0.001112
0,0.013994,-0.065143,-0.059936,-0.147244,-0.027045,-0.192228,0.000244,0.001137
0,-0.012621,-0.001917,-0.005623,0.034813,-0.051136,0.019914,0.00022,3.3e-05
0,-0.007176,-0.031489,-0.007987,-0.059043,0.01916,-0.05401,0.000125,0.00055
0,-0.062394,-0.057216,-0.05386,-0.045066,-0.076228,-0.036263,0.001089,0.000999
0,-0.04748,0.054823,0.041803,0.11074,0.07906,0.084968,0.000829,0.000957
0,-0.053782,-0.026882,0.003051,-0.058408,-0.008032,-0.054122,0.000939,0.000469
0,0.205447,-0.038759,0.252077,-0.013928,0.203248,-0.024288,0.003586,0.000676
0,0.069938,-0.00267,-0.128273,0.027165,-0.082706,0.039494,0.001221,4.7e-05
0,0.073364,-0.122184,-0.017263,-0.122406,-0.044408,-0.106015,0.00128,0.002133
0,0.097971,-0.033251,0.000311,0.110134,-0.037572,0.063142,0.00171,0.00058
0,0.169896,-0.054172,0.097202,0.007271,0.077858,0.048747,0.002965,0.000945
0,0.218599,0.108548,0.076224,0.145678,0.042902,0.095858,0.003815,0.001895
0,0.125043,0.063108,-0.097284,-0.02604,-0.052832,-0.045031,0.002182,0.001101
0,0.054914,0.078631,-0.082319,0.018308,-0.090274,0.017675,0.000958,0.001372
0,0.039251,-0.010366,0.011769,-0.083365,-0.023837,-0.102019,0.000685,0.000181
0,-0.023865,0.104942,-0.044638,0.143523,-0.066704,0.168737,0.000417,0.001832
0,0.076487,-0.06334,0.113523,-0.197304,0.081855,-0.182125,0.001335,0.001105
0,-0.046527,-0.082891,-0.11776,-0.030666,-0.101168,-0.020914,0.000812,0.001447
0,0.096643,-0.045615,0.142416,0.05823,0.102869,0.092852,0.001687,0.000796
0,0.118804,-0.114701,0.037402,-0.07416,0.052722,-0.030166,0.002074,0.002002
0,-0.11363,-0.113588,-0.219213,-0.003205,-0.212158,-0.000563,0.001983,0.001982
0,-0.055124,0.004092,0.063579,0.132477,0.041208,0.14714,0.000962,7.1e-05
0,0.031989,-0.004236,0.082915,0.013435,0.111984,0.048296,0.000558,7.4e-05
0,-0.026588,-0.164656,-0.048801,-0.184524,-0.045556,-0.232143,0.000464,0.002874
0,0.004274,-0.045202,0.002571,0.128512,0.043576,0.175803,7.5e-05,0.000789
0,0.080192,-0.056073,0.084631,-0.007783,0.055175,-0.0119,0.0014,0.000979
0,0.13273,0.04589,0.03512,0.095707,0.078731,0.145226,0.002317,0.000801
0,0.019875,0.087131,-0.110177,0.057002,-0.107932,0.019397,0.000347,0.001521
0,0.075195,-0.080079,0.029397,-0.178943,0.027782,-0.221614,0.001312,0.001398
0,0.137757,-0.048459,0.051887,0.058331,0.026571,0.094956,0.002404,0.000846
0,0.049703,-0.155285,-0.059153,-0.124924,-0.06515,-0.157812,0.000867,0.00271
0,0.00224,-0.159874,-0.030257,-0.024119,-0.01449,-0.055714,3.9e-05,0.00279
0,0.198966,-0.115272,0.202637,0.051548,0.160188,0.05961,0.003473,0.002012
0,0.014497,0.035149,-0.213118,0.150841,-0.193565,0.123828,0.000253,0.000613
0,0.073063,-0.127917,0.065448,-0.154186,0.03308,-0.170944,0.001275,0.002233
0,0.056501,0.066517,-0.012489,0.222799,-0.036328,0.194397,0.000986,0.001161
0,0.114611,0.095053,0.075105,0.049406,0.054547,0.000386,0.002,0.001659
0,-0.100362,0.076689,-0.196553,0.007999,-0.230353,0.024623,0.001752,0.001338
0,0.052059,0.006956,0.155142,-0.093975,0.203409,-0.105345,0.000909,0.000121
0,-0.017725,-0.07893,-0.039814,-0.085012,-0.001434,-0.134012,0.000309,0.001378
0,0.043985,0.014297,0.081813,0.084424,0.112233,0.04502,0.000768,0.00025
0,-0.013021,-0.05981,-0.064916,-0.072137,-0.03775,-0.029595,0.000227,0.001044
0,-0.056139,-0.03478,-0.046853,0.027382,-0.028165,0.066241,0.00098,0.000607
0,-0.000109,0.002714,0.063813,0.064506,0.03519,0.049851,2e-06,4.7e-05
0,0.072547,0.023159,0.084406,0.008271,0.04003,-0.002727,0.001266,0.000404
0,-0.014722,0.045088,-0.111311,0.012251,-0.149129,0.04553,0.000257,0.000787
0,-0.164563,0.016996,-0.149827,-0.026731,-0.17859,-0.055735,0.002872,0.000297
0,-0.078,-0.147426,0.082527,-0.158063,0.115328,-0.184463,0.001361,0.002573
0,0.014173,0.030089,0.06274,0.19983,0.107094,0.224733,0.000247,0.000525
0,-0.109518,-0.103964,-0.128443,-0.151911,-0.09021,-0.132616,0.001911,0.001815
0,-0.086491,0.058877,0.010424,0.190722,0.012285,0.236693,0.00151,0.001028
0,0.150806,0.140849,0.215975,0.082721,0.210524,0.073307,0.002632,0.002458
0,0.143596,-0.078121,0.009411,-0.200023,0.006254,-0.213869,0.002506,0.001363
0,0.117282,-0.114087,-0.017568,-0.037093,-0.05618,-0.068296,0.002047,0.001991
0,0.08003,-0.052938,-0.01869,0.038759,0.029807,0.072386,0.001397,0.000924
0,0.178787,0.159621,0.102588,0.18743,0.097713,0.194301,0.00312,0.002786
0,0.266607,0.124538,0.109696,-0.06161,0.103724,-0.031602,0.004653,0.002174
0,-0.006601,0.018969,-0.297004,-0.120931,-0.329906,-0.079913,0.000115,0.000331
0,0.178819,-0.133664,0.202059,-0.131902,0.154767,-0.136449,0.003121,0.002333
0,-0.08301,-0.00523,-0.255024,0.116184,-0.29188,0.070078,0.001449,9.1e-05
0,0.106553,0.038628,0.183621,0.073379,0.179561,0.115744,0.00186,0.000674
0,-0.111736,-0.057264,-0.203642,-0.101212,-0.185601,-0.087902,0.00195,0.000999
0,0.016307,-0.145501,0.099613,-0.102203,0.138066,-0.106515,0.000285,0.002539
0,-0.132706,-0.009088,-0.176936,0.136451,-0.196645,0.146586,0.002316,0.000159
0,-0.034098,0.009001,0.120139,0.000161,0.129546,0.044708,0.000595,0.000157
0,-0.048354,0.063073,0.01053,0.057044,0.004168,0.084801,0.000844,0.001101
0,0.179725,0.092063,0.206141,-0.000458,0.159746,-0.024533,0.003137,0.001607
0,-0.019239,0.022864,-0.195989,-0.078798,-0.225102,-0.064467,0.000336,0.000399
0,0.169908,-0.105284,0.199801,-0.12188,0.166344,-0.167507,0.002965,0.001838
0,-0.021898,-0.0817,-0.176224,-0.004271,-0.133002,-0.035119,0.000382,0.001426
0,-0.012546,-0.150899,-0.014416,-0.041375,-0.052043,-0.040846,0.000219,0.002634
0,0.104844,-0.054321,0.117838,0.068219,0.121998,0.034279,0.00183,0.000948
0,0.04778,0.101944,-0.059792,0.167608,-0.100964,0.188933,0.000834,0.001779
0,0.167455,-0.066392,0.128091,-0.195465,0.151264,-0.214943,0.002923,0.001159
0,0.00496,-0.022962,-0.139724,0.025954,-0.122132,0.001468,8.7e-05,0.000401
0,0.059171,-0.091811,0.07804,-0.09678,0.091593,-0.109713,0.001033,0.001602
0,-0.120848,0.087189,-0.180746,0.194142,-0.178316,0.179074,0.002109,0.001522
0,0.082484,0.082934,0.191761,0.021014,0.217917,-0.021999,0.00144,0.001447
0,-0.078115,0.089556,-0.150907,-0.01617,-0.191953,-0.010918,0.001363,0.001563
0,0.184448,0.149666,0.285649,0.063616,0.263193,0.051278,0.003219,0.002612
0,0.08791,-0.101083,-0.090994,-0.262089,-0.050583,-0.262151,0.001534,0.001764
0,0.157062,0.058594,0.078019,0.181899,0.035714,0.21322,0.002741,0.001023
0,0.187298,0.069989,0.0477,-0.005563,0.018013,-0.05133,0.003269,0.001222
0,0.09942,0.136491,-0.104036,0.068281,-0.097388,0.108171,0.001735,0.002382
0,-0.032294,-0.02967,-0.139556,-0.154258,-0.15134,-0.104719,0.000564,0.000518
0,-0.021644,0.005111,0.034365,0.009709,0.065616,0.021465,0.000378,8.9e-05
0,0.214798,0.03012,0.242075,0.051121,0.271411,0.048818,0.003749,0.000526
0,0.159187,-0.016482,-0.035975,-0.057767,-0.04308,-0.097649,0.002778,0.000288
0,0.117548,0.232141,-0.03188,0.229142,-0.056321,0.254287,0.002052,0.004052
0,0.074468,0.081181,-0.058248,-0.156941,-0.050526,-0.19746,0.0013,0.001417
0,0.175863,0.092824,0.080026,0.027638,0.066374,-0.004789,0.003069,0.00162
0,0.051064,0.224004,-0.106615,0.129378,-0.07614,0.162954,0.000891,0.00391
0,-6.3e-05,0.213796,-0.031821,0.005877,0.015604,-0.03191,1e-06,0.003731
0,0.264799,0.187077,0.269703,0.002002,0.314509,-0.00175,0.004622,0.003265
0,0.095645,-0.012757,-0.168648,-0.213741,-0.18064,-0.175031,0.001669,0.000223
0,0.257233,-0.095694,0.135374,-0.103671,0.130869,-0.058036,0.00449,0.00167
0,0.313483,0.11437,0.06052,0.183526,0.049098,0.218907,0.005471,0.001996
0,0.012254,-0.017676,-0.287019,-0.153073,-0.285067,-0.114692,0.000214,0.000308
0,0.184258,-0.03241,0.142761,-0.027978,0.174603,0.015159,0.003216,0.000566
0,0.140939,-0.04868,-0.03869,-0.039896,-0.086028,-0.028244,0.00246,0.00085
0,-0.045062,0.142567,-0.214899,0.166231,-0.184387,0.177843,0.000786,0.002488
0,-0.031761,-0.076425,0.024592,-0.218915,-0.001921,-0.219872,0.000554,0.001334
0,0.126384,0.122777,0.147798,0.179502,0.179621,0.163923,0.002206,0.002143
0,2.432006,-0.406207,2.334555,-0.500622,2.299931,-0.483923,0.005915,0.005001
0,4.067237,-0.702818,1.618136,-0.318742,1.62223,-0.312621,0.001556,0.000176
0,4.105491,-1.16685,0.025093,-0.465294,0.040519,-0.450616,0.000889,0.003816
0,4.013539,-0.908569,-0.114824,0.244075,-0.160238,0.265218,0.002493,0.003767
0,2.761628,-1.175119,-1.22267,-0.254653,-1.249634,-0.212117,0.000162,0.003671
0,2.195623,-0.927446,-0.553677,0.232855,-0.558427,0.262764,0.002049,0.004096
0,1.629326,-0.808729,-0.5784,0.123122,-0.597,0.140188,0.004256,0.002024
0,0.892821,-0.508856,-0.726584,0.294821,-0.740514,0.276347,0.003492,0.003209
0,0.294518,-0.476621,-0.583936,0.048364,-0.569704,0.004012,0.00514,0.003772
0,0.190086,-0.061559,-0.108392,0.400233,-0.10662,0.385952,0.003318,0.001074
0,0.175337,-0.061225,-0.004079,0.02595,-0.046379,-0.023434,0.00306,0.001069
0,0.022428,0.017391,-0.174695,0.091666,-0.207232,0.054437,0.000391,0.000304
0,0.025827,0.089365,0.002941,0.091005,0.027815,0.063393,0.000451,0.00156
0,0.004723,0.201044,-0.011452,0.108737,-0.020917,0.085879,8.2e-05,0.003509
0,-0.015011,0.144686,-0.025143,-0.035475,0.014506,-0.042506,0.000262,0.002525
0,-0.000639,0.213284,0.035724,0.089711,0.071909,0.047354,1.1e-05,0.003723
0,-0.185448,0.129736,-0.180653,-0.054151,-0.195616,-0.04732,0.003237,0.002264
0,-0.226251,0.236642,-0.058349,0.105521,-0.093981,0.152885,0.003949,0.00413
0,-0.151004,0.013415,0.092132,-0.2335,0.088305,-0.277483,0.002636,0.000234
0,-0.126472,0.13533,0.034703,0.108029,0.010161,0.081332,0.002207,0.002362
0,-0.110325,0.131006,-0.004887,0.01038,0.039726,-0.038938,0.001926,0.002286
0,-0.13046,0.270086,-0.009582,0.133543,-0.002683,0.096254,0.002277,0.004714
0,-0.063772,0.275929,0.088977,0.026294,0.051301,0.004051,0.001113,0.004816
0,-0.111039,0.052966,-0.04876,-0.221686,-0.035306,-0.22183,0.001938,0.000924
0,-0.052205,0.240426,0.073507,0.159172,0.090966,0.140399,0.000911,0.004196
0,-0.111511,0.036435,-0.076123,-0.204019,-0.033835,-0.195464,0.001946,0.000636
0,-0.297069,-0.005734,-0.179921,-0.04931,-0.192382,-0.042784,0.005185,0.0001
0,-0.19137,0.204197,0.077663,0.235044,0.055711,0.276126,0.00334,0.003564
0,-0.070398,0.253983,0.141322,0.068873,0.129491,0.05185,0.001229,0.004433
0,-0.013573,0.145556,0.044068,-0.130761,0.092314,-0.162977,0.000237,0.00254
0,-0.19944,0.178181,-0.210129,0.029586,-0.191153,0.076079,0.003481,0.00311
0,-0.215024,0.227447,0.013262,0.076827,0.035921,0.039849,0.003753,0.00397
0,-0.189448,0.096307,0.030882,-0.108635,0.016067,-0.127459,0.003306,0.001681
0,0.012411,0.266356,0.189467,0.165946,0.141786,0.145274,0.000217,0.004649
0,-0.22337,0.080018,-0.222168,-0.192158,-0.256764,-0.231615,0.003899,0.001397
0,-0.281891,0.05898,-0.060635,-0.049932,-0.015531,-0.026647,0.00492,0.001029
0,-0.152823,0.255591,0.147652,0.171897,0.183577,0.196625,0.002667,0.004461
0,-0.238892,0.200979,-0.096846,-0.035362,-0.095345,-0.029005,0.004169,0.003508
0,-0.285076,0.106037,-0.022118,-0.080664,0.003805,-0.109112,0.004976,0.001851
0,-0.162078,0.172225,0.128849,0.09458,0.106982,0.110234,0.002829,0.003006
0,-0.052714,0.231746,0.134562,0.081915,0.17309,0.055826,0.00092,0.004045
0,-0.021297,0.289841,0.005236,0.032807,0.046259,0.008337,0.000372,0.005059
0,0.010027,0.139271,0.03847,-0.157542,0.001997,-0.161539,0.000175,0.002431
0,-0.154379,0.072516,-0.167108,-0.076743,-0.128175,-0.04293,0.002694,0.001266
0,0.061365,0.175296,0.2217,0.099106,0.209892,0.084072,0.001071,0.003059
0,0.028301,0.197914,-0.021733,0.046585,0.002216,0.06699,0.000494,0.003454
0,-0.096609,0.194708,-0.114343,-0.014369,-0.103776,0.022136,0.001686,0.003398
0,-0.092125,0.164906,0.020538,-0.048076,-0.010508,-0.081379,0.001608,0.002878
0,-0.118251,0.208815,-0.055408,0.052602,-0.076721,0.096419,0.002064,0.003645
0,-0.070366,0.245789,0.0402,0.018658,0.017361,0.035041,0.001228,0.00429
0,-0.114074,0.200876,-0.026481,-0.06226,-0.046675,-0.067001,0.001991,0.003506
0,-0.105501,0.04069,0.010981,-0.184411,-0.016484,-0.184082,0.001841,0.00071
0,0.026551,0.209968,0.130622,0.156246,0.172804,0.195665,0.000463,0.003665
0,-0.092987,-0.030806,-0.098695,-0.26661,-0.090072,-0.281651,0.001623,0.000538
0,0.005003,0.148667,0.076308,0.18994,0.08315,0.176927,8.7e-05,0.002595
0,0.004808,0.002893,-0.005289,-0.129706,-0.041958,-0.10125,8.4e-05,5e-05
0,0.227913,-0.064343,0.198789,-0.056608,0.229111,-0.020543,0.003978,0.001123
0,0.087842,0.13249,-0.114356,0.195258,-0.144853,0.177536,0.001533,0.002312
0,-0.031653,0.083616,-0.111618,-0.04974,-0.065183,-0.077424,0.000552,0.001459
0,0.124402,0.040755,0.182141,-0.029908,0.208491,-0.028979,0.002171,0.000711
0,0.043858,-0.00172,-0.07079,-0.031853,-0.077357,-0.01226,0.000765,3e-05
0,-0.041435,0.156818,-0.059313,0.183148,-0.090964,0.158413,0.000723,0.002737
0,-0.050498,-0.013302,-0.026544,-0.153432,0.011178,-0.141383,0.000881,0.000232
0,0.071823,0.002553,0.096515,-0.008936,0.089291,0.02139,0.001254,4.5e-05
0,0.00502,0.03144,-0.052049,0.035997,-0.077815,0.077153,8.8e-05,0.000549
0,0.017679,0.130967,-0.003052,0.079931,0.023132,0.086053,0.000309,0.002286
0,-0.110462,0.011735,-0.121678,-0.145774,-0.085468,-0.180235,0.001928,0.000205
0,-0.02877,-0.032747,0.068095,-0.039225,0.020274,-0.043663,0.000502,0.000572
0,0.005828,0.028156,0.046122,0.040798,0.09008,0.018598,0.000102,0.000491
0,-0.001192,0.103759,0.00621,0.086925,0.052946,0.076771,2.1e-05,0.001811
0,0.026541,0.08739,0.018713,-0.032854,0.033834,-0.073445,0.000463,0.001525
0,-0.046055,0.143299,-0.089371,0.075596,-0.119748,0.039227,0.000804,0.002501
0,-0.03668,0.091175,0.00076,-0.043493,-0.031895,-0.020391,0.00064,0.001591
0,-0.095327,0.024131,-0.070059,-0.04353,-0.020191,-0.009266,0.001664,0.000421
0,0.075283,0.061306,0.144063,0.054722,0.187483,0.030424,0.001314,0.00107
0,-0.053524,0.053209,-0.137513,0.0171,-0.168385,0.066908,0.000934,0.000929
0,-0.16985,-0.072283,-0.138323,-0.124598,-0.12435,-0.109165,0.002964,0.001262
0,0.087245,0.155143,0.227384,0.236987,0.268297,0.222698,0.001523,0.002708
0,-0.083874,0.135167,-0.18597,-0.027893,-0.209613,-0.008709,0.001464,0.002359
0,-0.178163,-0.126734,-0.07695,-0.274422,-0.028541,-0.28079,0.00311,0.002212
0,0.031613,0.088984,0.181562,0.240419,0.13704,0.203825,0.000552,0.001553
0,-0.115797,0.039076,-0.138221,-0.06254,-0.100515,-0.035485,0.002021,0.000682
0,-0.077212,-0.086243,0.049089,-0.118451,0.006856,-0.150008,0.001348,0.001505
0,-0.194529,0.03796,-0.135857,0.10724,-0.123587,0.101353,0.003395,0.000663
0,-0.011751,0.013718,0.200472,-0.033482,0.22945,0.011073,0.000205,0.000239
0,-0.044507,0.022041,-0.009539,0.005427,-0.051813,-0.014102,0.000777,0.000385
0,-0.100608,0.035918,-0.044432,-0.003555,-0.050877,0.010749,0.001756,0.000627
0,-0.082912,-0.05238,0.021989,-0.081269,0.009501,-0.08785,0.001447,0.000914
0,-0.278051,0.042432,-0.217055,0.093159,-0.237388,0.106839,0.004853,0.000741
0,-0.276521,-0.011743,0.006866,-0.055213,0.01768,-0.030104,0.004826,0.000205
0,-0.150447,0.146293,0.102642,0.187889,0.117104,0.231013,0.002626,0.002553
0,-0.169277,-0.018629,-0.044005,-0.180502,-0.019221,-0.178346,0.002954,0.000325
0,-0.038654,-0.079742,0.120866,-0.077247,0.088848,-0.125504,0.000675,0.001392
0,-0.208223,0.0258,-0.155389,0.12382,-0.163026,0.120288,0.003634,0.00045
0,-0.281132,-0.014557,-0.068217,-0.016991,-0.044814,-0.044069,0.004907,0.000254
0,-0.174878,0.017013,0.107897,0.019065,0.089274,-0.004872,0.003052,0.000297
0,6.9e-05,0.029133,0.201771,-0.011127,0.18981,0.01274,1e-06,0.000508
0,-0.049056,0.134453,-0.067793,0.097441,-0.03308,0.093681,0.000856,0.002347
0,-0.199448,0.04087,-0.145537,-0.070312,-0.141957,-0.095792,0.003481,0.000713
0,-0.248176,-0.03392,-0.03383,-0.080128,-0.027323,-0.122644,0.004331,0.000592
0,-0.096,-0.001596,0.178829,0.055154,0.194241,0.046356,0.001676,2.8e-05
0,-0.009851,-0.104649,0.102011,-0.090274,0.103311,-0.134139,0.000172,0.001826
0,-0.225822,-0.029179,-0.236406,0.065135,-0.255771,0.048539,0.003941,0.000509
0,-0.309171,0.01602,-0.08247,0.021334,-0.051033,-0.010989,0.005396,0.00028
0,-0.133026,0.009415,0.148664,0.007636,0.110907,0.037903,0.002322,0.000164
0,-0.214594,0.122752,-0.083241,0.093364,-0.067851,0.053318,0.003745,0.002142
0,-0.168647,0.037275,0.042775,-0.111994,0.029729,-0.12952,0.002943,0.000651
0,-0.060563,0.096503,0.09442,0.05359,0.090016,0.04306,0.001057,0.001684
0,-0.20639,-0.066867,-0.16572,-0.182373,-0.131035,-0.204621,0.003602,0.001167
0,-0.039152,0.013696,0.144802,0.082314,0.153317,0.113064,0.000683,0.000239
0,-0.144873,-0.035232,-0.103608,-0.041467,-0.148526,-0.035987,0.002529,0.000615
0,-0.172048,0.149393,-0.055949,0.176971,-0.033213,0.220877,0.003003,0.002607
0,-0.157677,0.071572,0.029037,-0.05155,0.032598,-0.094777,0.002752,0.001249
0,-0.157814,-0.007293,-0.003432,-0.06785,0.041851,-0.064578,0.002754,0.000127
0,-0.197652,-0.020993,-0.066304,-0.010994,-0.019715,-0.012168,0.00345,0.000366
0,0.018524,0.082148,0.220008,0.129847,0.245458,0.138879,0.000323,0.001434
0,-0.124581,-0.006211,-0.170544,-0.115635,-0.160902,-0.118541,0.002174,0.000108
0,-0.162347,-0.023908,-0.048155,0.006672,-0.037502,0.04393,0.002833,0.000417
0,-0.145101,0.179517,0.037726,0.185316,0.069038,0.15471,0.002532,0.003133
0,-0.153803,-0.01182,-0.015007,-0.173288,-0.00057,-0.176452,0.002684,0.000206
0,0.046393,0.042963,0.17811,0.069422,0.222727,0.095771,0.00081,0.00075
0,0.080658,-0.083776,0.043569,-0.151881,0.069068,-0.104717,0.001408,0.001462
0,-0.198769,-0.140383,-0.254902,-0.041612,-0.263432,-0.080634,0.003469,0.00245
0,0.106463,0.111125,0.287741,0.242839,0.26435,0.224024,0.001858,0.001939
0,-0.074143,0.166989,-0.154921,0.082508,-0.134259,0.085749,0.001294,0.002915
0,0.158496,-0.104093,0.254876,-0.248229,0.257425,-0.223246,0.002766,0.001817
0,-0.098139,0.141485,-0.265833,0.242251,-0.294612,0.274578,0.001713,0.002469
0,0.057074,-0.034784,0.136872,-0.190438,0.150778,-0.141111,0.000996,0.000607
0,0.024492,0.008612,-0.035834,0.024393,-0.024956,-0.024485,0.000427,0.00015
0,-0.040899,-0.049114,-0.045684,-0.081342,-0.003073,-0.065587,0.000714,0.000857
0,0.040033,-0.163858,0.108507,-0.133943,0.114978,-0.157955,0.000699,0.00286
0,-0.01173,-0.057685,-0.026189,0.097054,-0.045286,0.088977,0.000205,0.001007
0,-0.101148,0.036639,-0.082603,0.107147,-0.065428,0.142067,0.001765,0.000639
0,0.102586,-0.160621,0.214306,-0.172247,0.185762,-0.171689,0.00179,0.002803
0,-0.156104,-0.023268,-0.251391,0.128518,-0.220707,0.078805,0.002725,0.000406
0,-0.107315,0.035772,0.054386,0.073384,0.01365,0.07387,0.001873,0.000624
0,-0.046874,0.106729,0.053093,0.068159,0.095423,0.101348,0.000818,0.001863
0,-0.076721,0.072087,-0.045682,-0.0254,-0.034606,-0.03914,0.001339,0.001258
0,-0.079568,-0.162314,-0.022165,-0.228394,-0.050771,-0.232017,0.001389,0.002833
0,0.109424,-0.000712,0.216953,0.182769,0.227106,0.170407,0.00191,1.2e-05
0,0.186243,-0.037543,0.064756,-0.059122,0.083961,-0.028284,0.003251,0.000655
0,0.059105,0.138268,-0.15712,0.19002,-0.118301,0.201445,0.001032,0.002413
0,-0.049335,-0.118314,-0.126908,-0.226675,-0.147188,-0.231896,0.000861,0.002065
0,0.006613,0.167759,0.055295,0.30425,0.076472,0.30901,0.000115,0.002928
0,-0.045379,0.012373,-0.055575,-0.145673,-0.082248,-0.129814,0.000792,0.000216
0,-0.01248,0.133704,0.02705,0.137754,0.031532,0.095536,0.000218,0.002334
0,-0.007157,0.010222,0.027469,-0.149785,-0.006021,-0.149529,0.000125,0.000178
0,-0.010537,0.049271,-0.007249,0.021894,-0.027029,0.036737,0.000184,0.00086
0,0.030595,0.143007,0.057265,0.118562,0.099,0.081943,0.000534,0.002496
0,0.000831,-0.033457,-0.053615,-0.157176,-0.060548,-0.128337,1.5e-05,0.000584
0,0.120459,-0.067187,0.111895,-0.063399,0.153035,-0.061884,0.002102,0.001173
0,0.077528,0.102841,-0.060322,0.164849,-0.060722,0.177682,0.001353,0.001795
0,0.091362,-0.0032,0.008206,-0.102149,0.037572,-0.135891,0.001595,5.6e-05
0,-0.094223,-0.105346,-0.20653,-0.126253,-0.167946,-0.088438,0.001645,0.001839
0,0.168674,0.169764,0.277833,0.291686,0.232456,0.266856,0.002944,0.002963
0,-0.118142,-0.028744,-0.280744,-0.197575,-0.238994,-0.162084,0.002062,0.000502
0,-0.000152,0.097754,0.136469,0.119324,0.183671,0.133938,3e-06,0.001706
0,-0.028551,0.161447,-0.018926,0.071054,0.027414,0.073762,0.000498,0.002818
0,0.010892,0.111712,0.017818,-0.025298,0.040076,-0.013688,0.00019,0.00195
0,-0.085582,-0.018992,-0.075716,-0.13597,-0.068869,-0.175141,0.001494,0.000331
0,-0.032893,-0.101882,0.073709,-0.089932,0.098135,-0.138008,0.000574,0.001778
0,0.107048,-0.065242,0.14977,0.044003,0.103041,0.062026,0.001868,0.001139
0,-0.017022,0.074224,-0.122998,0.151387,-0.157135,0.192445,0.000297,0.001295
0,-0.020992,0.066667,-0.032409,-0.00659,-0.052659,-0.026249,0.000366,0.001164
0,0.120953,-0.147575,0.165047,-0.240592,0.183509,-0.219094,0.002111,0.002576
0,-0.0737,-0.12428,-0.214455,0.049072,-0.205211,0.066131,0.001286,0.002169
0,0.141563,-0.051642,0.195618,0.056179,0.231143,0.048589,0.002471,0.000901
0,0.02531,0.004308,-0.107611,0.059711,-0.148684,0.103931,0.000442,7.5e-05
0,-0.171283,0.070933,-0.1716,0.075687,-0.202,0.07875,0.002989,0.001238
0,0.011783,-0.104217,0.170808,-0.158432,0.156695,-0.206067,0.000206,0.001819
0,0.051244,-0.055313,0.037856,0.020977,-0.00235,0.024769,0.000894,0.000965
0,0.00163,-0.0481,-0.072177,-0.005507,-0.084255,0.04312,2.8e-05,0.000839
0,-0.069775,-0.080534,-0.059163,-0.020786,-0.025482,-0.061464,0.001218,0.001406
0,-0.113172,-0.084243,-0.051757,-0.030188,-0.062677,-0.067917,0.001975,0.00147
0,-0.095575,0.128054,0.018274,0.231827,-0.012923,0.281657,0.001668,0.002235
0,-0.038806,0.119839,0.052603,0.01771,0.026765,0.000913,0.000677,0.002092
0,-0.108948,-0.063559,-0.06078,-0.21071,-0.09157,-0.246853,0.001902,0.001109
0,-0.017815,0.09942,0.083569,0.159502,0.088197,0.162033,0.000311,0.001735
0,-0.18516,0.16216,-0.156453,0.066109,-0.107902,0.106169,0.003232,0.00283
0,0.025077,-0.06337,0.219348,-0.25205,0.223174,-0.241381,0.000438,0.001106
0,0.038083,0.074029,0.004766,0.165933,-0.026658,0.170661,0.000665,0.001292
0,0.015374,-0.091359,-0.032908,-0.156723,-0.031484,-0.140523,0.000268,0.001595
0,-0.106452,0.153098,-0.146522,0.250677,-0.159315,0.24047,0.001858,0.002672
0,-0.113546,-0.009663,-0.026509,-0.138377,0.01279,-0.143291,0.001982,0.000169
0,0.06219,0.114738,0.172593,0.13151,0.159804,0.164213,0.001085,0.002003
0,-0.101756,0.053443,-0.142369,-0.045255,-0.139114,-0.09319,0.001776,0.000933
0,-0.053548,0.081788,0.031574,0.009525,0.066645,-0.006107,0.000935,0.001427
0,-0.074006,0.004083,-0.040304,-0.062406,-0.024609,-0.057587,0.001292,7.1e-05
0,-0.141875,0.202788,-0.078276,0.205883,-0.070106,0.251063,0.002476,0.003539
0,0.154269,0.18159,0.308578,-0.026528,0.273847,-0.015325,0.002693,0.003169
0,0.134632,-0.053742,-0.030398,-0.207569,-0.066772,-0.206327,0.00235,0.000938
0,0.16788,0.152055,0.011913,0.178296,-0.026752,0.177161,0.00293,0.002654
0,-0.009727,0.028151,-0.174391,-0.108944,-0.164589,-0.133638,0.00017,0.000491
0,0.169806,0.008278,0.172077,-0.04702,0.146986,-0.081659,0.002964,0.000144
0,0.125122,0.186473,-0.054111,0.192135,-0.075567,0.14254,0.002184,0.003255
0,0.106616,0.067529,-0.011628,-0.142042,0.006041,-0.184962,0.001861,0.001179
0,0.070943,0.221618,-0.021709,0.16725,-0.058257,0.184414,0.001238,0.003868
0,0.188466,-0.004304,0.103662,-0.252199,0.08379,-0.216989,0.003289,7.5e-05
0,0.041647,0.109444,-0.166952,0.11407,-0.196539,0.121925,0.000727,0.00191
0,0.241181,0.22428,0.170044,0.137451,0.147935,0.116485,0.004209,0.003914
0,0.292349,0.206035,0.047809,-0.040905,0.044169,-0.031316,0.005102,0.003596
0,0.223292,0.10154,-0.080371,-0.125015,-0.104019,-0.080287,0.003897,0.001772
0,0.033317,-0.001091,-0.195529,-0.098753,-0.199079,-0.049426,0.000581,1.9e-05
0,0.120477,0.163753,0.059752,0.186547,0.025379,0.146087,0.002103,0.002858
0,0.15354,0.189339,0.047545,0.01666,0.053501,-0.028831,0.00268,0.003305
0,0.074672,0.163904,-0.071318,0.001861,-0.026318,-0.041214,0.001303,0.002861
0,0.15921,0.117267,0.112072,-0.029339,0.085326,-0.005023,0.002779,0.002047
0,0.177357,0.064326,0.030265,-0.074531,-0.01448,-0.054219,0.003095,0.001123
0,0.232976,-0.019852,0.072821,-0.088685,0.055833,-0.135113,0.004066,0.000346
0,0.101245,0.046901,-0.149867,0.087988,-0.139618,0.039097,0.001767,0.000819
0,0.166452,-0.038014,0.059876,-0.060841,0.049533,-0.064119,0.002905,0.000663
0,0.137647,0.059656,-0.057413,0.101834,-0.096724,0.088292,0.002402,0.001041
0,0.029784,0.073271,-0.119926,0.019796,-0.087267,0.058109,0.00052,0.001279
0,0.096837,0.008708,0.081599,-0.047539,0.058282,-0.058791,0.00169,0.000152
0,0.117407,0.178799,0.027354,0.146895,-0.016931,0.146705,0.002049,0.003121
0,-0.022727,0.199334,-0.155234,0.022747,-0.135212,0.052653,0.000397,0.003479
0,-0.062846,-0.006107,-0.019344,-0.205354,-0.05327,-0.17377,0.001097,0.000107
0,0.196471,0.011716,0.240497,0.029984,0.269463,0.044933,0.003429,0.000204
0,0.024833,0.030525,-0.194684,0.01661,-0.170852,0.03654,0.000433,0.000533
0,0.213847,-0.031373,0.185449,-0.040772,0.201059,-0.039135,0.003732,0.000548
0,0.089473,0.067582,-0.14404,0.075411,-0.138761,0.071788,0.001562,0.00118
0,-0.023319,0.050121,-0.096863,-0.027794,-0.097494,-0.07142,0.000407,0.000875
0,0.162135,0.173172,0.192286,0.096325,0.238183,0.13784,0.00283,0.003022
0,0.002804,-0.026169,-0.148052,-0.189561,-0.112756,-0.181623,4.9e-05,0.000457
0,-0.007176,0.031561,-0.019625,0.077285,0.019492,0.050108,0.000125,0.000551
0,-0.123376,0.051295,-0.106005,0.044749,-0.104334,0.032529,0.002153,0.000895
0,-0.066773,0.152331,0.064729,0.111725,0.094755,0.140625,0.001165,0.002659
0,-0.156852,0.017153,-0.095501,-0.120141,-0.056304,-0.105757,0.002738,0.000299
0,-0.11355,0.095166,0.060788,0.097525,0.065465,0.124724,0.001982,0.001661
0,0.147505,0.115969,0.256843,0.01267,0.242527,0.032905,0.002574,0.002024
0,-0.034096,0.09841,-0.163538,-0.045678,-0.161255,-0.047676,0.000595,0.001718
0,-0.01502,-0.056254,0.048995,-0.163596,0.072781,-0.138708,0.000262,0.000982
0,-0.063886,-0.048892,-0.043777,0.02084,-0.018248,0.069589,0.001115,0.000853
0,0.155112,-0.010393,0.200144,0.047215,0.218674,0.069854,0.002707,0.000181
0,0.164584,0.097878,0.00666,0.091662,-0.018531,0.064848,0.002873,0.001708
0,-0.096184,0.137704,-0.251531,0.017013,-0.27775,-0.016798,0.001679,0.002403
0,-0.094878,0.045569,-0.008931,-0.079136,0.040623,-0.041411,0.001656,0.000795
0,0.19978,0.126154,0.295507,0.05743,0.320415,0.057793,0.003487,0.002202
0,0.168251,0.160012,-0.0197,0.04063,-0.002072,0.08863,0.002937,0.002793
0,0.082184,0.045446,-0.086423,-0.119056,-0.052848,-0.147958,0.001434,0.000793
0,0.014609,0.116735,-0.075715,0.070547,-0.036415,0.064688,0.000255,0.002037
0,0.017525,-0.155318,-0.021927,-0.291469,-0.068293,-0.26144,0.000306,0.002711
0,0.005402,-0.043507,-0.034202,0.115249,-0.074423,0.145185,9.4e-05,0.000759
0,0.018718,0.045151,-0.009431,0.080901,-0.036761,0.035645,0.000327,0.000788
0,0.05294,-0.1618,0.05569,-0.234195,0.104385,-0.234959,0.000924,0.002824
0,0.184267,0.09315,0.151396,0.233815,0.196894,0.23005,0.003216,0.001626
0,0.017486,0.019311,-0.160161,-0.051366,-0.175433,-0.051156,0.000305,0.000337
0,-0.004916,-0.003461,-0.014346,-0.03412,0.007873,-0.032567,8.6e-05,6e-05
0,0.186213,0.107685,0.172358,0.09217,0.191789,0.079846,0.00325,0.001879
0,0.166901,0.024146,-0.030408,-0.092467,-0.05921,-0.057623,0.002913,0.000421
0,-0.003888,-0.007818,-0.192429,-0.021607,-0.162854,0.028261,6.8e-05,0.000136
0,-0.04998,-0.022414,-0.053095,-0.034534,-0.089281,-0.001021,0.000872,0.000391
0,0.013656,-0.112937,0.044742,-0.089045,0.019933,-0.04519,0.000238,0.001971
0,0.152052,0.093164,0.160478,0.195257,0.183914,0.175601,0.002654,0.001626
0,0.247366,-0.060323,0.094683,-0.139812,0.067917,-0.106681,0.004317,0.001053
0,0.059444,0.051233,-0.190512,0.09563,-0.196149,0.121594,0.001037,0.000894
0,0.164201,0.116056,0.123052,0.086756,0.094918,0.047253,0.002866,0.002026
0,0.024426,-0.084434,-0.116528,-0.219322,-0.139936,-0.22536,0.000426,0.001474
0,0.17602,0.116401,0.169643,0.190737,0.203586,0.143235,0.003072,0.002032
0,0.105104,0.134488,-0.042617,0.025888,-0.05239,0.001748,0.001834,0.002347
0,-0.042194,0.042891,-0.174143,-0.114447,-0.172656,-0.155616,0.000736,0.000749
0,0.140466,-0.088521,0.174748,-0.120743,0.145579,-0.149132,0.002452,0.001545
0,0.100243,0.128187,-0.031517,0.192514,-0.05402,0.220424,0.00175,0.002237
0,0.166443,-0.098365,0.036258,-0.251104,0.08214,-0.297209,0.002905,0.001717
0,0.034028,0.011759,-0.113772,0.106627,-0.116593,0.12959,0.000594,0.000205
0,0.193696,0.134805,0.165072,0.118192,0.187907,0.091272,0.003381,0.002353
0,0.225049,-0.093455,0.05081,-0.234773,0.069676,-0.191073,0.003928,0.001631
0,0.285011,-0.016493,0.055856,0.080833,0.011938,0.056265,0.004974,0.000288
0,0.255307,0.048722,-0.009277,0.079926,-0.048211,0.095236,0.004456,0.00085
0,0.052402,-0.050327,-0.195968,-0.088362,-0.151411,-0.099524,0.000915,0.000878
0,0.223305,0.07336,0.1605,0.144768,0.132056,0.145551,0.003897,0.00128
0,0.121213,0.062299,-0.124123,-0.013923,-0.15075,-0.02464,0.002116,0.001087
0,0.02596,0.08934,-0.113726,0.054153,-0.071318,0.043451,0.000453,0.001559
0,-0.031518,-0.02494,-0.029865,-0.102589,0.009575,-0.117296,0.00055,0.000435
0,0.124716,-0.060094,0.148544,-0.021121,0.1669,-0.066916,0.002177,0.001049
0,0.255642,-0.134539,0.101178,-0.078452,0.077961,-0.126034,0.004462,0.002348
0,0.117928,0.059761,-0.14113,0.191071,-0.181102,0.194017,0.002058,0.001043
0,0.087339,0.127533,-0.015963,0.070867,-0.053903,0.114773,0.001524,0.002226
0,0.1527,-0.056748,0.047333,-0.197214,0.085374,-0.246817,0.002665,0.00099
0,0.046234,-0.065773,-0.096797,-0.01601,-0.111315,-0.015579,0.000807,0.001148
0,0.014953,0.029844,-0.027399,0.073441,-0.064361,0.049515,0.000261,0.000521
0,0.222917,0.132296,0.230369,0.08551,0.203677,0.080844,0.003891,0.002309
0,0.006845,0.017594,-0.230947,-0.117366,-0.18612,-0.15708,0.000119,0.000307
0,0.173951,0.104568,0.152218,0.085662,0.123787,0.046698,0.003036,0.001825
0,0.070273,-0.115407,-0.108276,-0.210956,-0.067795,-0.202652,0.001226,0.002014
0,-0.058945,-0.084453,-0.150955,0.022743,-0.173859,0.014263,0.001029,0.001474
0,-0.138513,0.651847,-0.081781,0.732513,-0.097572,0.700638,0.002418,0.000714
0,-0.159057,1.735974,-0.031026,1.090917,-0.035701,1.077187,0.002776,0.005973
0,-0.097247,1.971752,0.048897,0.250024,0.020134,0.200868,0.001697,0.001858
0,-0.051719,2.056029,0.060959,0.082215,0.021031,0.093988,0.000903,0.000387
0,-0.279319,1.761657,-0.237806,-0.285772,-0.207441,-0.28486,0.004875,0.005525
0,-0.121797,1.769551,0.167902,-0.004998,0.198744,-0.006572,0.002126,0.005387
0,-0.188718,1.318319,-0.080456,-0.462719,-0.064148,-0.49129,0.003294,0.001172
0,-0.063803,1.159039,0.109143,-0.12982,0.066177,-0.114125,0.001114,0.003952
0,-0.265233,0.844935,-0.191929,-0.335459,-0.15474,-0.287799,0.004629,0.002656
0,-0.169009,0.44649,0.121411,-0.39174,0.108454,-0.430905,0.00295,0.004298
0,-0.319687,0.318576,-0.121379,-0.105891,-0.133189,-0.151578,0.00558,0.00556
0,-0.3788,0.1141,-0.06333,-0.229056,-0.081875,-0.220531,0.005479,0.001991
0,-0.304306,0.340973,0.0851,0.20501,0.119585,0.250008,0.005311,0.005951
0,-0.306994,0.256356,0.018609,-0.085043,0.025262,-0.12921,0.005358,0.004474
0,-0.115623,0.364751,0.164101,0.07986,0.162095,0.073106,0.002018,0.005724
0,-0.265314,0.323066,-0.147906,-0.039134,-0.154412,-0.061011,0.004631,0.005639
0,-0.13585,0.293347,0.10292,-0.052833,0.116259,-0.025979,0.002371,0.00512
0,-0.080298,0.347793,0.034694,0.058185,0.044767,0.106469,0.001401,0.00602
0,-0.153553,0.31558,-0.080895,-0.039338,-0.057741,-0.042928,0.00268,0.005508
0,-0.151334,0.258585,-0.003345,-0.050519,-0.010971,-0.069983,0.002641,0.004513
0,-0.866245,-1.478311,-0.71583,-1.743048,-0.754611,-1.765774,0.003028,0.00162
0,-1.393248,-2.290842,-0.543423,-0.818356,-0.575199,-0.822996,0.000136,0.003711
0,-1.197217,-1.845619,0.178442,0.432028,0.138848,0.382215,0.003286,0.004059
0,-1.291254,-1.803767,-0.065123,0.050606,-0.101851,0.06286,0.001644,0.00479
0,-1.075337,-1.616236,0.245283,0.215478,0.258519,0.253673,0.005413,0.004028
0,-0.801167,-1.268928,0.283401,0.367982,0.260536,0.331759,0.001893,0.002034
0,-0.319831,-0.938584,0.475868,0.308348,0.483915,0.311129,0.005582,0.004291
0,-0.312105,-0.913079,0.017233,0.042911,-0.015928,0.028253,0.005447,0.003846
0,-0.25237,-0.59281,0.04141,0.339316,0.071151,0.370105,0.004405,0.001744
0,-0.120017,-0.158887,0.12434,0.405484,0.144251,0.369756,0.002095,0.002773
0,-0.027101,-0.207581,0.081911,-0.056356,0.04463,-0.070365,0.000473,0.003623
0,-0.111044,0.006947,-0.082286,0.200346,-0.083961,0.154705,0.001938,0.000121
0,-0.13299,-0.097339,-0.04249,-0.075054,-0.023393,-0.065935,0.002321,0.001699
0,-0.1511,-0.112399,-0.021006,-0.011128,-0.017092,-0.054753,0.002637,0.001962
0,-0.067178,-0.010302,0.058186,0.082271,0.0084,0.083277,0.001172,0.00018
0,-0.244624,-0.07719,-0.206678,-0.078663,-0.254285,-0.055109,0.00427,0.001347
0,-0.086889,0.044631,0.171561,0.131507,0.221117,0.152935,0.001516,0.000779
0,-0.096997,0.193639,0.012074,0.171722,0.035349,0.219799,0.001693,0.00338
0,-0.108985,-0.018871,-0.031052,-0.2422,-0.039647,-0.204749,0.001902,0.000329
0,-0.051975,-0.013315,0.043655,0.033589,0.03963,0.036107,0.000907,0.000232
0,-0.197785,0.169059,-0.160941,0.203553,-0.163548,0.194658,0.003452,0.002951
0,0.067455,0.082722,0.272704,-0.070505,0.315773,-0.088696,0.001177,0.001444
0,-0.005278,-0.092406,-0.09425,-0.186827,-0.12569,-0.157959,9.2e-05,0.001613
0,-0.124565,0.085836,-0.100305,0.190629,-0.087247,0.140991,0.002174,0.001498
0,-0.232844,0.097893,-0.121692,0.030868,-0.144185,0.07413,0.004064,0.001709
0,-0.220943,0.108833,-0.000931,0.001448,-0.044124,0.042073,0.003856,0.0019
0,-0.027385,0.182797,0.174266,0.07438,0.203847,0.083297,0.000478,0.00319
0,0.07153,0.052556,0.114343,-0.15386,0.160857,-0.114319,0.001248,0.000917
0,0.024219,0.096486,-0.035422,0.063914,-0.031126,0.104723,0.000423,0.001684
0,-0.146395,0.087675,-0.165111,-0.005107,-0.197973,0.000234,0.002555,0.00153
0,0.033724,0.08847,0.182445,0.003935,0.173292,-0.008834,0.000589,0.001544
0,-0.092614,-0.066778,-0.149888,-0.16344,-0.137934,-0.138119,0.001616,0.001165
0,-0.000692,-0.086037,0.100098,-0.023126,0.12675,0.025896,1.2e-05,0.001502
0,-0.05091,-0.160231,-0.074022,-0.071136,-0.099316,-0.030349,0.000889,0.002797
0,0.06172,0.07878,0.13606,0.261834,0.159541,0.296609,0.001077,0.001375
0,-0.04245,-0.021756,-0.111378,-0.118406,-0.070063,-0.118684,0.000741,0.00038
0,0.015515,0.044849,0.073714,0.04883,0.050142,0.006492,0.000271,0.000783
0,0.003829,0.084437,-0.013489,0.025308,-0.00066,0.071497,6.7e-05,0.001474
0,0.029326,-0.060082,0.032705,-0.139685,0.043791,-0.169627,0.000512,0.001049
0,0.072006,-0.05384,0.062073,-0.004124,0.054082,-0.005719,0.001257,0.00094
0,-0.023985,-0.00567,-0.07897,0.023679,-0.096824,0.040468,0.000419,9.9e-05
0,0.017556,-0.034455,0.037193,-0.049986,0.012906,-0.03732,0.000306,0.000601
0,0.155109,0.112965,0.156457,0.167698,0.155713,0.208429,0.002707,0.001972
0,0.101447,-0.030774,-0.056913,-0.140061,-0.056925,-0.104876,0.001771,0.000537
0,0.094984,-0.133337,-0.030132,-0.11356,-0.019168,-0.064544,0.001658,0.002327
0,-0.026428,-0.007713,-0.1452,0.11458,-0.154439,0.145647,0.000461,0.000135
0,0.085011,0.101923,0.086496,0.115512,0.099673,0.124749,0.001484,0.001779
0,0.183392,-0.089939,0.081347,-0.19673,0.049256,-0.188556,0.003201,0.00157
0,0.14021,-0.085694,-0.022936,0.001462,-0.059966,-0.010171,0.002447,0.001496
0,0.133574,0.134707,0.020844,0.236477,-0.018889,0.187457,0.002331,0.002351
0,-0.024158,-0.032447,-0.171678,-0.16132,-0.193032,-0.21085,0.000422,0.000566
0,0.077913,-0.058562,0.131307,-0.043936,0.087979,-0.046748,0.00136,0.001022
0,0.132738,-0.096145,0.054021,-0.063593,0.081398,-0.079017,0.002317,0.001678
0,-0.104188,0.102217,-0.252437,0.174497,-0.29658,0.179619,0.001818,0.001784
0,0.052958,-0.028567,0.155932,-0.136191,0.144585,-0.156056,0.000924,0.000499
0,0.031335,-0.138214,-0.028857,-0.109607,-0.051065,-0.122561,0.000547,0.002412
0,0.155783,-0.076157,0.150847,0.069929,0.16268,0.078284,0.002719,0.001329
0,-0.049422,0.053544,-0.230369,0.146491,-0.195057,0.160668,0.000863,0.000935
0,-0.028175,-0.090196,0.00897,-0.158583,-0.019473,-0.133328,0.000492,0.001574
0,0.091367,-0.110923,0.099247,-0.018143,0.061662,-0.062816,0.001595,0.001936
0,-0.119823,-0.027581,-0.229985,0.097393,-0.242877,0.099463,0.002091,0.000481
0,0.091305,0.013146,0.222571,0.058643,0.211566,0.021251,0.001594,0.000229
0,0.107418,0.041042,0.032062,0.004344,0.019576,-0.02382,0.001875,0.000716
0,0.171036,0.000886,0.089078,-0.026297,0.131497,-0.004064,0.002985,1.5e-05
0,0.181009,0.164484,0.033693,0.176975,0.053035,0.212102,0.003159,0.002871
0,0.170078,0.14124,-0.013958,-0.031979,-0.021882,-0.024529,0.002968,0.002465
0,0.126279,-0.127053,-0.069355,-0.243497,-0.068292,-0.264026,0.002204,0.002217
0,-0.038878,-0.087701,-0.150523,0.056439,-0.171643,0.055962,0.000679,0.001531
0,0.138427,0.160612,0.164141,0.233254,0.147201,0.251716,0.002416,0.002803
0,-0.001782,-0.06242,-0.165234,-0.213723,-0.191315,-0.206601,3.1e-05,0.001089
0,-0.047064,-0.068803,-0.015834,0.00427,-0.032095,0.044565,0.000821,0.001201
0,0.146009,-0.057475,0.163926,0.004818,0.117571,0.018477,0.002548,0.001003
0,0.114641,0.127541,-0.035858,0.171037,0.011051,0.208934,0.002001,0.002226
0,0.013201,-0.116396,-0.12074,-0.232698,-0.088939,-0.243265,0.00023,0.002031
0,0.124704,-0.063073,0.095021,0.0623,0.118162,0.040613,0.002176,0.001101
0,0.050683,0.110593,-0.089574,0.164899,-0.06071,0.184137,0.000885,0.00193
0,-0.121356,0.060461,-0.199383,-0.028194,-0.176115,-0.006667,0.002118,0.001055
0,0.062387,0.029636,0.182896,-0.053091,0.221725,-0.057655,0.001089,0.000517
0,0.072166,0.100639,-0.012069,0.098866,-0.01294,0.147785,0.00126,0.001756
0,0.088804,0.177538,-0.004431,0.08464,0.014669,0.126822,0.00155,0.003099
0,-0.056568,-0.08699,-0.12866,-0.271191,-0.156344,-0.247657,0.000987,0.001518
0,-0.055596,0.015649,-0.001744,0.122475,0.014195,0.122075,0.00097,0.000273
0,-0.014735,0.217669,0.024843,0.222469,-0.005758,0.225831,0.000257,0.003799
0,-0.041872,0.098723,-0.031987,-0.144278,0.003149,-0.161635,0.000731,0.001723
0,0.186171,0.2032,0.213024,0.10568,0.253124,0.151895,0.003249,0.003547
0,0.056206,0.016934,-0.107235,-0.176169,-0.125852,-0.206899,0.000981,0.000296
0,0.183757,-0.108917,0.133822,-0.143737,0.156948,-0.112968,0.003207,0.001901
0,-0.059857,0.185357,-0.223316,0.318214,-0.227445,0.359032,0.001045,0.003235
0,0.20665,0.03425,0.286537,-0.180519,0.258563,-0.178187,0.003607,0.000598
0,-0.060369,-0.093818,-0.274965,-0.122402,-0.227133,-0.166309,0.001054,0.001637
0,0.066417,0.0185,0.108034,0.137399,0.125893,0.10457,0.001159,0.000323
0,0.152203,0.160306,0.093601,0.15586,0.132733,0.190982,0.002656,0.002798
0,0.157643,-0.038398,0.021568,-0.219094,0.009168,-0.18809,0.002751,0.00067
0,0.003334,0.135664,-0.162203,0.155567,-0.151239,0.173418,5.8e-05,0.002368
0,-0.02579,0.205623,-0.001392,0.087106,0.044549,0.093484,0.00045,0.003589
0,0.004088,0.209933,0.046788,-0.015318,0.025083,0.028924,7.1e-05,0.003664
0,-0.10359,0.015688,-0.08942,-0.171111,-0.137214,-0.163703,0.001808,0.000274
0,0.012603,0.162508,0.126522,0.147293,0.175126,0.172755,0.00022,0.002836
0,0.024546,0.111659,0.023342,-0.041228,0.052197,-0.013489,0.000428,0.001949
0,0.170546,0.154813,0.12083,0.055494,0.100858,0.029106,0.002977,0.002702
0,0.168451,0.12935,0.014281,-0.009601,-0.018546,-0.01015,0.00294,0.002258
0,-0.033403,0.238104,-0.185677,0.11074,-0.172489,0.132535,0.000583,0.004156
0,-0.089114,0.095204,-0.077773,-0.156652,-0.092066,-0.201843,0.001555,0.001662
0,-0.049339,0.112303,0.060729,-0.009142,0.0655,-0.048302,0.000861,0.00196
0,0.13549,-0.009037,0.199924,-0.115706,0.21677,-0.091886,0.002365,0.000158
0,0.017075,0.16666,-0.091939,0.199528,-0.077771,0.206231,0.000298,0.002909
0,0.070631,0.032152,0.059042,-0.122564,0.010479,-0.15813,0.001233,0.000561
0,0.077495,0.031153,-0.012433,0.003321,-0.034614,-0.033784,0.001353,0.000544
0,-0.109642,0.124903,-0.202326,0.118528,-0.228587,0.155985,0.001914,0.00218
0,0.030796,0.047598,0.147133,-0.099089,0.103752,-0.071543,0.000537,0.000831
0,-0.098611,0.062245,-0.138863,-0.005137,-0.121521,-0.053401,0.001721,0.001086
0,-0.132829,0.009687,-0.044429,-0.075323,-0.033283,-0.049537,0.002318,0.000169
0,-0.147726,0.183489,-0.012616,0.185382,-0.020321,0.21728,0.002578,0.003202
0,0.056609,-0.074914,0.223036,-0.240103,0.182112,-0.269553,0.000988,0.001307
0,-0.097187,0.119951,-0.145807,0.169511,-0.100827,0.183706,0.001696,0.002094
0,0.053856,-0.013644,0.15376,-0.158177,0.112536,-0.116565,0.00094,0.000238
0,0.044709,-0.009739,-0.031653,-0.012961,-0.009075,0.021269,0.00078,0.00017
0,0.177659,0.213502,0.142096,0.252621,0.106434,0.222551,0.003101,0.003726
0,0.07044,0.015777,-0.117662,-0.175506,-0.131194,-0.200628,0.001229,0.000275
0,0.076284,-0.010878,0.015187,-0.011612,-0.005692,-0.046317,0.001331,0.00019
0,0.047679,-0.101775,-0.023068,-0.091931,-0.03173,-0.137795,0.000832,0.001776
0,-0.123138,-0.101941,-0.191625,0.009465,-0.150851,-0.014479,0.002149,0.001779
0,0.0238,-0.016219,0.137864,0.101937,0.172159,0.10022,0.000415,0.000283
0,0.075286,-0.105035,0.045784,-0.090932,0.01597,-0.080428,0.001314,0.001833
0,0.116249,0.050253,0.024575,0.164292,0.066775,0.14133,0.002029,0.000877
0,0.108888,-0.064022,-0.013563,-0.143098,-0.032584,-0.16816,0.0019,0.001117
0,-0.009123,-0.104948,-0.122783,-0.040111,-0.101562,-0.021221,0.000159,0.001832
0,-0.150444,0.150579,-0.124394,0.270718,-0.091942,0.289748,0.002626,0.002628
0,0.080841,-0.101182,0.237278,-0.237803,0.232182,-0.280785,0.001411,0.001766
0,-0.15014,-0.117032,-0.20193,-0.027073,-0.215492,0.017005,0.00262,0.002043
0,0.090539,0.089177,0.21915,0.193603,0.190174,0.179392,0.00158,0.001556
0,0.014537,0.091731,-0.06912,0.029984,-0.062228,0.023091,0.000254,0.001601
0,-0.135997,-0.096888,-0.147411,-0.188213,-0.146513,-0.227946,0.002374,0.001691
0,-0.013619,-0.112118,0.135848,-0.023039,0.150805,-0.063375,0.000238,0.001957
0,0.027171,-0.157252,0.060547,-0.066252,0.067878,-0.101791,0.000474,0.002745
0,0.018171,-0.097297,0.007476,0.079236,-0.021903,0.032729,0.000317,0.001698
0,0.086029,-0.139383,0.09561,-0.042135,0.063678,-0.057853,0.001501,0.002433
0,-0.16858,0.035038,-0.283499,0.188588,-0.245925,0.237509,0.002942,0.000612
0,0.032915,-0.168462,0.224614,-0.184801,0.201585,-0.194501,0.000574,0.00294
0,0.042975,-0.044979,0.036748,0.143033,0.080698,0.106773,0.00075,0.000785
0,0.133323,-0.151976,0.113329,-0.127388,0.089889,-0.111756,0.002327,0.002652
0,-0.088594,-0.015407,-0.208063,0.115749,-0.197008,0.157763,0.001546,0.000269
0,0.172982,0.120662,0.26047,0.148708,0.249015,0.160345,0.003019,0.002106
0,0.13222,0.119349,-0.051586,0.019438,-0.048088,0.056851,0.002308,0.002083
0,0.227331,0.007051,0.109373,-0.096626,0.067913,-0.118938,0.003968,0.000123
0,0.222626,-0.101068,0.017805,-0.082619,0.020337,-0.074313,0.003886,0.001764
0,0.122107,-0.061359,-0.071388,0.058757,-0.084691,0.081987,0.002131,0.001071
0,-0.066056,0.014284,-0.167116,0.095018,-0.137935,0.130291,0.001153,0.000249
0,-0.090459,0.173292,-0.007311,0.141732,0.013968,0.113162,0.001579,0.003025
0,-0.013307,0.021408,0.106638,-0.173928,0.089467,-0.223554,0.000232,0.000374
0,-0.036691,0.026916,-0.007611,-0.022976,0.023415,-0.03291,0.00064,0.00047
0,0.098838,0.025512,0.123159,-0.018962,0.10322,0.017191,0.001725,0.000445
0,0.081302,0.0868,-0.022782,0.079872,-0.018579,0.08209,0.001419,0.001515
0,-0.076324,0.135823,-0.149516,0.035358,-0.157033,0.010203,0.001332,0.002371
0,0.115701,0.06449,0.202382,-0.042316,0.248317,-0.021866,0.002019,0.001126
0,0.021433,-0.051998,-0.087485,-0.093173,-0.092058,-0.138635,0.000374,0.000908
0,-0.016876,-0.06969,-0.032443,-0.042838,-0.034077,-0.06671,0.000295,0.001216
0,-0.037413,0.009341,-0.015388,0.091434,0.024304,0.046518,0.000653,0.000163
0,-0.075843,-0.073564,-0.037114,-0.110732,-0.035068,-0.109218,0.001324,0.001284
0,-0.134794,0.004505,-0.071304,0.06496,-0.028875,0.027463,0.002353,7.9e-05
0,-0.033763,0.059725,0.078741,0.051452,0.080637,0.095409,0.000589,0.001042
0,-0.006737,0.005162,0.023771,-0.077546,0.053345,-0.107509,0.000118,9e-05
0,-0.212076,-0.155494,-0.220292,-0.175992,-0.188865,-0.127722,0.003701,0.002714
0,-0.057648,-0.053735,0.158779,0.07264,0.204706,0.08779,0.001006,0.000938
0,-0.231691,0.064133,-0.164708,0.120688,-0.134197,0.07543,0.004044,0.001119
0,-0.049742,-0.125323,0.153933,-0.203596,0.109241,-0.213726,0.000868,0.002187
0,-0.042905,-0.008102,0.018533,0.088924,-0.006302,0.085254,0.000749,0.000141
0,-0.129231,0.01566,-0.061465,0.004959,-0.024185,-0.029581,0.002256,0.000273
0,-0.156836,0.023898,-0.000839,0.015287,-0.041819,0.021396,0.002737,0.000417
0,-0.192416,-0.059893,-0.061388,-0.06795,-0.083271,-0.058138,0.003358,0.001045
0,-0.036779,0.094107,0.146062,0.140404,0.160326,0.139571,0.000642,0.001642
0,-0.148167,0.074399,-0.090936,-0.049605,-0.118416,-0.016032,0.002586,0.001299
0,-0.301011,0.002821,-0.155887,-0.07712,-0.20313,-0.082812,0.005254,4.9e-05
0,0.032932,-0.118886,0.333553,-0.150021,0.367354,-0.128252,0.000575,0.002075
0,0.063538,0.037393,0.029985,0.142116,0.013304,0.148308,0.001109,0.000653
0,-0.031658,0.070588,-0.083887,0.042753,-0.06431,0.080479,0.000553,0.001232
0,-0.245634,0.029807,-0.208937,-0.06759,-0.163517,-0.020033,0.004287,0.00052
0,-0.09967,0.161534,0.128883,0.122275,0.101161,0.162236,0.00174,0.002819
0,-0.152478,0.106546,-0.04836,-0.033385,-0.048705,-0.024453,0.002661,0.00186
0,-0.132297,-0.082336,-0.006986,-0.193293,0.026849,-0.160645,0.002309,0.001437
0,0.063389,0.020853,0.206595,0.119292,0.243291,0.11144,0.001106,0.000364
0,-0.066954,-0.033683,-0.138964,-0.059202,-0.110179,-0.090558,0.001169,0.000588
0,0.045664,-0.060187,0.097231,-0.05079,0.143415,-0.065489,0.000797,0.00105
0,-0.094167,0.036847,-0.144257,0.091041,-0.125081,0.044289,0.001644,0.000643
0,0.092593,-0.136256,0.174814,-0.153082,0.220424,-0.186071,0.001616,0.002378
0,0.13008,0.173424,0.032917,0.331561,0.076317,0.338265,0.00227,0.003027
0,0.248487,0.037937,0.104256,-0.106953,0.148011,-0.062785,0.004337,0.000662
0,0.096024,-0.131138,-0.158503,-0.172334,-0.130459,-0.134552,0.001676,0.002289
0,0.218699,-0.005696,0.125793,0.119321,0.126493,0.105942,0.003817,9.9e-05
0,0.0,0.058148,-0.205661,0.038553,-0.226505,0.085174,0.0,0.001015
0,0.130893,-0.131611,0.129831,-0.193918,0.143843,-0.167637,0.002285,0.002297
0,0.14192,-0.109409,0.013728,0.004619,0.02455,-0.003827,0.002477,0.00191
0,0.181553,-0.036366,0.030977,0.07745,0.003047,0.093477,0.003169,0.000635
0,0.101413,0.045349,-0.083819,0.062456,-0.067653,0.035539,0.00177,0.000791
0,0.020304,-0.054953,-0.070522,-0.123445,-0.059915,-0.169154,0.000354,0.000959
0,-0.014493,-0.041273,-0.058146,0.043342,-0.029772,0.066924,0.000253,0.00072
0,0.04053,-0.064667,0.065535,0.00178,0.09083,0.028444,0.000707,0.001129
0,0.080094,-0.039057,0.066682,0.021553,0.067136,-0.015357,0.001398,0.000682
0,-0.009143,0.09635,-0.082197,0.120107,-0.040819,0.143147,0.00016,0.001682
0,0.014272,0.048061,0.024697,-0.021538,0.001093,-0.063244,0.000249,0.000839
0,0.110604,-0.085012,0.106057,-0.119896,0.066154,-0.156168,0.00193,0.001484
0,-0.098907,0.104546,-0.223973,0.211638,-0.267621,0.174392,0.001726,0.001825
0,-0.07213,-0.110783,-0.000562,-0.223592,0.033196,-0.24689,0.001259,0.001934
0,0.0321,-0.109922,0.121544,0.001406,0.121165,0.031982,0.00056,0.001918
0,0.151712,0.114782,0.117829,0.23236,0.125508,0.235896,0.002648,0.002003
0,0.066637,-0.035715,-0.10354,-0.162132,-0.114493,-0.181541,0.001163,0.000623
0,0.00886,-0.086017,-0.071512,-0.042105,-0.043316,-0.082982,0.000155,0.001501
0,0.152896,0.045709,0.15643,0.103571,0.198827,0.079714,0.002669,0.000798
0,0.148167,0.129119,-0.00973,0.072745,0.02775,0.027798,0.002586,0.002254
0,0.23849,-0.029831,0.09136,-0.146997,0.122932,-0.180447,0.004162,0.000521
0,0.077527,0.059109,-0.14854,0.115558,-0.14484,0.093233,0.001353,0.001032
0,0.030291,0.034711,-0.074065,-0.031685,-0.083079,-0.012786,0.000529,0.000606
0,0.1009,-0.160071,0.068667,-0.211482,0.034205,-0.218677,0.001761,0.002794
0,0.054349,0.031463,-0.053196,0.166257,-0.078431,0.156651,0.000949,0.000549
0,0.092406,-0.02954,0.017171,-0.086253,0.053617,-0.118969,0.001613,0.000516
0,0.09607,0.003619,-0.018235,0.014661,0.004789,0.048787,0.001677,6.3e-05
0,-0.098109,0.069212,-0.18701,0.039388,-0.194913,0.088046,0.001712,0.001208
0,-0.128839,-0.080521,-0.02884,-0.176472,-0.046513,-0.215438,0.002249,0.001405
0,-0.157617,-0.014804,-0.020069,0.069231,0.014115,0.111829,0.002751,0.000258
0,-0.135211,-0.06736,0.004499,-0.065123,0.024516,-0.028132,0.00236,0.001176
0,0.055753,-0.143502,0.197293,-0.092227,0.237577,-0.043212,0.000973,0.002505
0,-0.014854,-0.079065,-0.096416,0.053983,-0.140812,0.016551,0.000259,0.00138
0,-0.069869,-0.093646,-0.068928,-0.041177,-0.113196,-0.035966,0.001219,0.001634
0,-0.193744,0.118344,-0.138071,0.226078,-0.099073,0.254999,0.003381,0.002065
0,-0.077096,0.083168,0.114037,-0.047742,0.12135,-0.036967,0.001346,0.001452
0,-0.046833,0.084342,0.059319,0.016263,0.097366,0.010565,0.000817,0.001472
0,-0.195155,0.018629,-0.165433,-0.074155,-0.157211,-0.082807,0.003406,0.000325
0,-0.176168,0.191676,0.044212,0.196262,0.041914,0.236645,0.003075,0.003345
0,-0.199147,0.00605,-0.036427,-0.164796,-0.034161,-0.211075,0.003476,0.000106
0,-0.166328,-0.012081,0.015811,0.000792,-0.016882,0.007497,0.002903,0.000211
0,0.05692,0.067459,0.230706,0.066053,0.269415,0.059783,0.000993,0.001177
0,-0.15978,0.024023,-0.188891,-0.034887,-0.179003,-0.076562,0.002789,0.000419
0,-0.139941,0.020954,0.024007,0.00316,0.027584,0.010943,0.002442,0.000366
0,-0.064551,0.010611,0.054168,-0.006287,0.029959,-0.051247,0.001127,0.000185
0,-0.026061,0.178494,0.058508,0.164439,0.093567,0.185522,0.000455,0.003115
0,0.099967,-0.106062,0.150125,-0.296721,0.111813,-0.296641,0.001745,0.001851
0,0.049352,0.129784,-0.064174,0.244921,-0.023843,0.269537,0.000861,0.002265
0,-0.098691,0.155627,-0.160723,0.042044,-0.206461,0.082551,0.001722,0.002716
0,0.190635,0.096111,0.301178,-0.059539,0.33621,-0.058219,0.003327,0.001677
0,0.02008,0.087347,-0.17753,0.014354,-0.214396,0.044213,0.00035,0.001524
0,0.022694,0.048673,0.023169,-0.015558,-0.006186,-0.024132,0.000396,0.00085
0,0.127035,0.136275,0.09982,0.070417,0.093665,0.066521,0.002217,0.002378
0,0.164972,0.18784,0.011594,0.021774,0.051066,0.003591,0.002879,0.003278
0,0.039082,0.027819,-0.139281,-0.169647,-0.134348,-0.207418,0.000682,0.000486
0,0.126615,0.194465,0.068793,0.156537,0.032232,0.119858,0.00221,0.003394
0,0.110638,0.093327,-0.003333,-0.098509,-0.013911,-0.04946,0.001931,0.001629
0,0.161164,-0.00691,0.064265,-0.128524,0.110966,-0.114247,0.002813,0.000121
0,0.076365,0.067381,-0.070577,0.081435,-0.083426,0.087839,0.001333,0.001176
0,0.142944,0.109708,0.071249,0.029794,0.063303,0.030307,0.002495,0.001915
0,0.032059,0.028031,-0.119443,-0.08146,-0.125446,-0.106404,0.00056,0.000489
0,-0.157507,0.102099,-0.190522,0.047799,-0.181874,0.097749,0.002749,0.001782
0,-0.03158,-0.052175,0.14391,-0.169747,0.180334,-0.160392,0.000551,0.000911
0,0.028584,0.05305,0.083537,0.088226,0.127287,0.071042,0.000499,0.000926
0,0.020808,0.001722,-0.012944,-0.065144,-0.0394,-0.059399,0.000363,3e-05
0,-0.117302,-0.024521,-0.110407,-0.002042,-0.093384,-0.003733,0.002047,0.000428
0,0.093899,-0.017553,0.215072,0.019012,0.204828,0.051042,0.001639,0.000306
0,-0.119628,0.133287,-0.191507,0.125268,-0.215252,0.116223,0.002088,0.002326
0,-0.155829,0.03701,-0.01712,-0.105705,-0.027324,-0.129291,0.00272,0.000646
0,0.001521,-0.108849,0.147823,-0.150797,0.132231,-0.132871,2.7e-05,0.0019
0,0.113941,0.153925,0.102692,0.254165,0.074976,0.221626,0.001989,0.002686
0,-0.143368,0.084139,-0.246574,-0.062333,-0.248059,-0.104107,0.002502,0.001469
0,0.035359,0.111252,0.20096,0.02653,0.153939,0.042375,0.000617,0.001942
0,-0.13018,-0.012762,-0.157215,-0.122506,-0.149414,-0.162336,0.002272,0.000223
0,-0.031717,-0.062793,0.082436,-0.04827,0.095381,-0.095229,0.000554,0.001096
0,0.066711,0.113931,0.083306,0.197049,0.076021,0.220571,0.001164,0.001988
0,-0.02609,-0.074424,-0.078181,-0.206049,-0.073016,-0.21299,0.000455,0.001299
0,-0.025896,0.093252,0.027766,0.168544,0.051387,0.203901,0.000452,0.001628
0,-0.186761,-0.149736,-0.169085,-0.253265,-0.146717,-0.24251,0.00326,0.002613
0,-0.263552,0.053817,-0.079404,0.175626,-0.09143,0.131626,0.0046,0.000939
0,-0.132334,0.036083,0.112206,-0.018788,0.13744,-0.04039,0.00231,0.00063
0,-0.186885,-0.079767,-0.027092,-0.087029,0.010096,-0.058356,0.003262,0.001392
0,-0.242449,-0.111785,-0.05566,-0.034862,-0.013666,-0.068658,0.004232,0.001951
0,-0.101196,-0.120363,0.118943,-0.028188,0.101079,-0.060316,0.001766,0.002101
0,0.02236,-0.023234,0.112322,0.080192,0.064473,0.080853,0.00039,0.000406
0,0.00672,0.004934,-0.041967,0.044608,-0.010265,0.061188,0.000117,8.6e-05
0,0.094389,-0.073912,0.070866,-0.088497,0.100739,-0.05224,0.001647,0.00129
0,-0.067138,-0.200852,-0.147301,-0.129094,-0.126517,-0.1323,0.001172,0.003506
0,-0.104636,-0.209791,-0.06674,-0.016865,-0.024894,0.007868,0.001826,0.003662
0,-0.105979,-0.039862,0.026127,0.141052,0.051542,0.166876,0.00185,0.000696
0,0.012688,0.043917,0.090435,0.109376,0.102788,0.079577,0.000221,0.000766
0,-0.059013,-0.000137,-0.046029,-0.068385,-0.005445,-0.075899,0.00103,2e-06
0,-0.138216,0.061541,-0.094818,0.077995,-0.099387,0.113656,0.002412,0.001074
0,0.14619,-0.117931,0.290609,-0.193968,0.292915,-0.215548,0.002551,0.002058
0,-0.072863,0.030922,-0.234366,0.158302,-0.25803,0.11987,0.001272,0.00054
0,0.161157,0.068317,0.220942,0.017307,0.20433,0.005784,0.002813,0.001192
0,0.081434,0.015259,-0.091501,-0.060697,-0.082964,-0.024863,0.001421,0.000266
0,-0.005808,0.026562,-0.087873,0.027973,-0.135088,0.020688,0.000101,0.000464
0,0.037638,-0.197851,0.024478,-0.234858,0.029074,-0.271016,0.000657,0.003453
0,-0.083403,-0.150365,-0.148207,0.062497,-0.15546,0.021473,0.001456,0.002624
0,-0.126959,-0.04156,-0.051789,0.13714,-0.057143,0.161978,0.002216,0.000725
0,-0.117308,-0.060103,0.014044,0.002437,0.040671,0.02179,0.002047,0.001049
0,0.000504,-0.045225,0.119834,0.006749,0.088743,-0.004825,9e-06,0.000789
0,-0.106551,-0.213087,-0.092893,-0.19656,-0.097353,-0.245917,0.00186,0.003719
0,0.129564,-0.020036,0.242308,0.179777,0.280625,0.212837,0.002261,0.00035
0,0.177477,0.004774,0.045115,0.029423,0.065556,0.040952,0.003098,8.3e-05
0,0.169242,0.002086,-0.013978,-0.014558,-0.053575,0.014346,0.002954,3.6e-05
0,0.219753,-0.196179,0.064511,-0.214319,0.07932,-0.198013,0.003835,0.003424
0,-0.0115,0.060455,-0.244347,0.274919,-0.249272,0.306928,0.000201,0.001055
0,0.058541,-0.171112,0.050499,-0.252506,0.031667,-0.280776,0.001022,0.002986
0,-0.00975,-0.135001,-0.085987,0.050314,-0.064743,0.086393,0.00017,0.002356
0,0.154989,0.068323,0.152389,0.200007,0.136354,0.233403,0.002705,0.001192
0,0.182501,-0.123835,0.022298,-0.175226,0.062705,-0.148998,0.003185,0.002161
0,0.125239,0.020837,-0.058486,0.119115,-0.099464,0.164669,0.002186,0.000364
0,0.177138,-0.002516,0.078303,-0.000637,0.068706,0.027101,0.003092,4.4e-05
0,0.120308,-0.12011,-0.028192,-0.095142,-0.00777,-0.1144,0.0021,0.002096
0,-0.014644,-0.077899,-0.163105,0.061999,-0.169003,0.038832,0.000256,0.00136
0,0.041227,-0.054514,0.082981,0.001712,0.073878,0.026469,0.00072,0.000951
0,0.148327,0.079339,0.108388,0.118376,0.081676,0.121395,0.002589,0.001385
0,0.023895,-0.163658,-0.124535,-0.24504,-0.090558,-0.251278,0.000417,0.002856
0,0.132558,-0.013999,0.092098,0.133943,0.065078,0.084524,0.002314,0.000244
0,0.06147,-0.044169,-0.073824,-0.02731,-0.094294,-0.056114,0.001073,0.000771
0,-0.07471,-0.124636,-0.130912,-0.080402,-0.13733,-0.106531,0.001304,0.002175
0,0.089428,-0.139293,0.160345,-0.027016,0.125333,0.020425,0.001561,0.002431
0,0.195841,-0.030492,0.103995,0.129354,0.062299,0.144882,0.003418,0.000532
0,0.159718,0.011853,-0.065081,0.030524,-0.078609,0.044139,0.002788,0.000207
0,0.246545,-0.067528,0.059738,-0.09333,0.107642,-0.072133,0.004303,0.001179
0,0.299611,0.063036,0.02608,0.149955,0.062213,0.189452,0.005229,0.0011
0,0.255313,0.052026,-0.022612,0.01771,-0.053309,0.018843,0.004456,0.000908
0,0.181612,0.023991,-0.044194,-0.033464,-0.005719,-0.06836,0.00317,0.000419
0,0.101307,-0.122117,-0.058309,-0.172232,-0.029048,-0.217672,0.001768,0.002131
0,0.078547,-0.168667,-0.040165,-0.036159,-0.08693,-0.04506,0.001371,0.002944
0,0.164311,-0.000871,0.063149,0.191406,0.032101,0.154213,0.002868,1.5e-05
0,0.141867,0.085359,-0.020059,0.072044,0.007901,0.110817,0.002476,0.00149
0,0.187124,0.128972,0.050991,0.032438,0.044977,0.030881,0.003266,0.002251
0,0.179469,0.039543,0.007659,-0.069288,0.053825,-0.114323,0.003132,0.00069
0,0.066252,0.075753,-0.097164,0.010879,-0.066825,0.039265,0.001156,0.001322
0,0.107165,-0.037531,0.013173,-0.120157,0.022574,-0.095031,0.00187,0.000655
0,0.03131,0.096383,-0.088198,0.117918,-0.065501,0.118075,0.000546,0.001682
0,0.15217,-0.133266,0.144344,-0.235024,0.10118,-0.209819,0.002656,0.002326
0,0.052154,0.042603,-0.113949,0.146049,-0.075998,0.164691,0.00091,0.000744
0,-0.115371,-0.120092,-0.147207,-0.15906,-0.111801,-0.111758,0.002014,0.002096
0,0.076682,-0.070507,0.214739,0.058949,0.260405,0.031484,0.001338,0.001231
0,0.056537,0.13432,-0.003977,0.199436,0.014694,0.227589,0.000987,0.002344
0,-0.103879,0.028815,-0.13605,-0.076058,-0.108975,-0.052939,0.001813,0.000503
0,-0.006305,0.085959,0.119126,0.059297,0.108453,0.027207,0.00011,0.0015
0,0.09242,0.025372,0.069233,-0.056897,0.039699,-0.103232,0.001613,0.000443
0,-0.069622,-0.085686,-0.187379,-0.090911,-0.163996,-0.074168,0.001215,0.001495
0,0.219386,0.121661,0.259779,0.208542,0.264008,0.164845,0.003829,0.002123
0,0.152402,0.009926,-0.042356,-0.111705,-0.060073,-0.14998,0.00266,0.000173
0,0.173274,-0.152565,0.026011,-0.176179,-0.023714,-0.135627,0.003024,0.002663
0,0.216462,-0.018178,0.027262,0.148293,-0.001727,0.144429,0.003778,0.000317
0,0.121544,-0.039757,-0.078502,-0.034234,-0.091096,0.003649,0.002121,0.000694
0,0.093545,0.085509,-0.046073,0.105034,-0.012561,0.064439,0.001633,0.001492
0,0.196072,0.093817,0.12609,0.01753,0.083946,0.00601,0.003422,0.001637
0,0.153849,-0.00554,-0.052682,-0.071377,-0.082807,-0.099268,0.002685,9.7e-05
0,0.024785,0.187398,-0.09983,0.218705,-0.079134,0.24835,0.000433,0.003271
0,0.149945,0.026636,0.151942,-0.143787,0.157985,-0.097155,0.002617,0.000465
0,0.031912,-0.004929,-0.102406,-0.047119,-0.085605,-0.034402,0.000557,8.6e-05
0,0.101083,-0.041957,0.067075,-0.06186,0.067379,-0.027077,0.001764,0.000732
0,-0.025431,0.056812,-0.131355,0.107364,-0.100084,0.067216,0.000444,0.000992
0,-0.018847,0.037343,0.021222,-0.039503,-0.004178,-0.015588,0.000329,0.000652
0,0.021214,-0.102865,0.012665,-0.135538,-0.036837,-0.0874,0.00037,0.001795
0,0.136682,-0.050633,0.098236,0.038879,0.139871,0.058006,0.002386,0.000884
0,0.157592,-0.033829,-0.006646,-0.008197,-0.010085,0.020943,0.002751,0.00059
0,0.294929,-0.036074,0.160495,0.005735,0.128345,0.008057,0.005147,0.00063
0,0.124069,0.11726,-0.166309,0.161685,-0.156998,0.191746,0.002165,0.002047
0,0.266171,0.157022,0.11393,0.047542,0.077293,0.018075,0.004646,0.002741
0,0.109561,0.023138,-0.174885,-0.139458,-0.208912,-0.139075,0.001912,0.000404
0,-0.000821,-0.005952,-0.084923,-0.04566,-0.056304,-0.079071,1.4e-05,0.000104
0,-0.014167,-0.024651,-0.026078,-0.027953,-0.048818,0.00234,0.000247,0.00043
0,0.153062,0.028721,0.172944,0.040933,0.142951,0.047,0.002671,0.000501
0,0.220002,-0.101928,0.054972,-0.159075,0.024121,-0.148764,0.00384,0.001779
0,0.136675,-0.037517,-0.112895,0.069412,-0.084383,0.077168,0.002385,0.000655
0,0.016321,0.145275,-0.091885,0.187253,-0.11759,0.23482,0.000285,0.002536
0,0.149675,0.14146,0.115343,-0.001945,0.128608,-0.045954,0.002612,0.002469
0,-0.024453,-0.003191,-0.203912,-0.14176,-0.214569,-0.092347,0.000427,5.6e-05
0,0.18998,0.096139,0.225331,0.119829,0.213916,0.167156,0.003316,0.001678
0,0.098658,0.186191,-0.071112,0.114233,-0.025403,0.162475,0.001722,0.00325
0,0.196576,0.137664,0.106679,-0.046253,0.140834,-0.073177,0.003431,0.002403
0,0.178166,-0.035944,0.007908,-0.154391,0.031407,-0.142809,0.00311,0.000627
0,0.165483,0.187797,-0.011244,0.212617,0.007401,0.229264,0.002888,0.003278
0,0.214864,0.134877,0.046953,-0.057126,-0.000442,-0.050888,0.00375,0.002354
0,0.099352,0.205039,-0.118066,0.07333,-0.141931,0.058419,0.001734,0.003579
0,0.018851,-0.03117,-0.072687,-0.214286,-0.026432,-0.225157,0.000329,0.000544
0,-0.018003,0.003439,-0.023507,0.004864,-0.064256,-0.027957,0.000314,6e-05
0,0.191401,0.14701,0.208216,0.159731,0.242203,0.145064,0.003341,0.002566
0,0.239361,-0.110658,0.04303,-0.258556,0.010021,-0.218458,0.004178,0.001931
0,-0.039433,0.030169,-0.249697,0.117113,-0.285878,0.076696,0.000688,0.000527
0,-0.054137,-0.008738,-0.001161,-0.010634,-0.033446,-0.015843,0.000945,0.000153
0,0.064528,0.083388,0.103994,0.103339,0.153541,0.05553,0.001126,0.001455
0,0.047853,-0.055739,-0.031082,-0.16728,-0.068867,-0.208358,0.000835,0.000973
0,0.162635,0.067928,0.11603,0.127828,0.093663,0.164303,0.002839,0.001186
0,0.182617,0.116689,0.014006,0.046852,0.063784,0.067389,0.003187,0.002037
0,0.114538,0.149959,-0.075031,0.016879,-0.067031,0.022506,0.001999,0.002617
0,0.049735,0.149813,-0.072094,-0.0199,-0.118768,-0.015986,0.000868,0.002615
0,0.03258,0.074469,0.000978,-0.064617,0.044062,-0.090687,0.000569,0.0013
0,-0.036602,-0.110182,-0.059818,-0.204592,-0.071063,-0.220756,0.000639,0.001923
0,-0.101048,0.026586,-0.036445,0.146395,-0.050969,0.166716,0.001764,0.000464
0,0.019216,-0.158665,0.125211,-0.176655,0.159014,-0.158075,0.000335,0.002769
0,-0.044064,-0.048096,-0.040764,0.127937,-0.031081,0.132241,0.000769,0.000839
0,-0.055644,0.011846,-0.004927,0.080893,-0.046357,0.093901,0.000971,0.000207
0,0.118556,-0.1095,0.150352,-0.103403,0.196574,-0.055498,0.002069,0.001911
0,-0.119654,-0.040204,-0.228025,0.083805,-0.195403,0.123629,0.002088,0.000702
0,0.096851,-0.022503,0.2168,0.001231,0.20432,0.040563,0.00169,0.000393
0,0.005456,-0.175016,-0.072183,-0.1655,-0.046818,-0.191958,9.5e-05,0.003055
0,-0.084468,-0.13759,-0.088637,0.008751,-0.090922,0.025031,0.001474,0.002401
0,-0.056118,-0.095263,0.004543,0.038745,0.025226,0.08148,0.000979,0.001663
0,0.098772,0.052807,0.18132,0.153331,0.190672,0.135577,0.001724,0.000922
0,-0.061303,0.056298,-0.130154,0.0065,-0.138079,0.055085,0.00107,0.000983
0,0.055939,-0.093595,0.110712,-0.123874,0.073282,-0.153492,0.000976,0.001634
0,-0.072557,0.122595,-0.148743,0.220312,-0.099583,0.197772,0.001266,0.00214
0,-0.040781,0.069382,0.043523,-0.041672,0.036878,-0.087408,0.000712,0.001211
0,0.113593,-0.061031,0.149514,-0.102959,0.139174,-0.056937,0.001983,0.001065
0,-0.051869,-0.076477,-0.167537,-0.026769,-0.136322,0.000283,0.000905,0.001335
0,-0.035072,0.084932,0.038973,0.168987,0.028817,0.174729,0.000612,0.001482
0,-0.006828,-0.073371,0.039822,-0.14232,0.039831,-0.151454,0.000119,0.001281
0,-0.039883,-0.056767,-0.015769,0.008778,-0.009711,0.056587,0.000696,0.000991
0,0.133112,0.107866,0.193121,0.15404,0.223231,0.165154,0.002323,0.001883
0,0.079078,-0.000802,-0.051904,-0.129362,-0.080808,-0.083818,0.00138,1.4e-05
0,-0.153614,0.084322,-0.221342,0.08535,-0.246714,0.053288,0.002681,0.001472
0,-0.214501,0.035001,-0.03754,-0.064419,-0.066471,-0.03809,0.003744,0.000611
0,-0.160115,0.036109,0.03057,-0.016239,0.035748,0.016184,0.002795,0.00063
0,0.036279,-0.049505,0.198535,-0.083339,0.244356,-0.079616,0.000633,0.000864
0,-0.185808,0.085339,-0.210335,0.159039,-0.203438,0.195205,0.003243,0.001489
0,-0.097898,-0.060623,0.068508,-0.117544,0.117962,-0.119587,0.001709,0.001058
0,-0.232531,0.137368,-0.126511,0.171313,-0.175199,0.164772,0.004058,0.002398
0,-0.272224,-0.078512,-0.027121,-0.199702,0.003635,-0.172464,0.004751,0.00137
0,-0.170585,0.066293,0.109142,0.135928,0.067616,0.173966,0.002977,0.001157
0,-0.122562,0.073791,0.037505,0.016906,0.081469,-0.005016,0.002139,0.001288
0,-0.202415,0.017695,-0.098856,-0.033369,-0.084799,-0.007869,0.003533,0.000309
0,-0.109708,0.127382,0.077669,0.080004,0.122679,0.093235,0.001915,0.002223
0,-0.087704,-0.128587,0.013014,-0.268322,-0.006679,-0.288231,0.001531,0.002244
0,-0.289985,0.108633,-0.194467,0.263013,-0.228407,0.277688,0.005061,0.001896
0,-0.033814,0.060753,0.230338,-0.030151,0.213147,-0.031974,0.00059,0.00106
0,-0.038568,-0.006583,0.020309,-0.04739,0.029766,-0.014593,0.000673,0.000115
0,-0.287736,0.097012,-0.266788,0.094898,-0.280037,0.131499,0.005022,0.001693
0,-0.28158,0.200263,0.015318,0.102845,0.016965,0.100729,0.004914,0.003495
0,-0.166236,-0.009347,0.120233,-0.189884,0.158364,-0.154107,0.002901,0.000163
0,-0.060581,0.097786,0.119815,0.119463,0.087404,0.094553,0.001057,0.001707
0,-0.195954,0.012309,-0.115026,-0.085917,-0.086574,-0.127427,0.00342,0.000215
0,-0.100514,-0.067491,0.082226,-0.075875,0.055676,-0.103937,0.001754,0.001178
0,-0.080239,-0.015615,0.042571,0.04401,0.037828,0.078648,0.0014,0.000273
0,0.13643,-0.071804,0.215717,-0.027403,0.191501,-0.043828,0.002381,0.001253
0,-0.088237,0.125438,-0.206884,0.21072,-0.213868,0.207223,0.00154,0.002189
0,0.14717,-0.122454,0.253118,-0.238292,0.235273,-0.191115,0.002569,0.002137
0,0.072556,-0.087324,-0.062289,0.011701,-0.02139,-0.007696,0.001266,0.001524
0,-0.124446,-0.089971,-0.221601,0.019087,-0.252359,0.010905,0.002172,0.00157
0,0.082998,0.009213,0.190851,0.082711,0.204481,0.046498,0.001449,0.000161
0,-0.112343,0.050703,-0.190764,0.062676,-0.153683,0.027694,0.001961,0.000885
0,-0.198165,-0.084086,-0.102941,-0.152842,-0.129272,-0.165027,0.003459,0.001468
0,-0.097356,0.113177,0.077063,0.197251,0.109147,0.198518,0.001699,0.001975
0,-0.136617,-0.077012,-0.021985,-0.203665,-0.03226,-0.197912,0.002384,0.001344
0,-0.128185,-0.020728,0.00787,0.054738,0.055885,0.01322,0.002237,0.000362
0,-0.134997,0.085462,0.007504,0.085925,0.033045,0.113441,0.002356,0.001492
0,-0.230556,0.046842,-0.086452,-0.039493,-0.04365,-0.065206,0.004024,0.000818
0,-0.304622,-0.018567,-0.096022,-0.040561,-0.100101,-0.027803,0.005317,0.000324
0,-0.092871,0.025078,0.201522,0.030743,0.196285,-0.018319,0.001621,0.000438
0,-0.054517,0.071122,0.00964,0.042739,-0.021934,0.055487,0.000951,0.001241
0,-0.327327,0.122422,-0.279939,0.048037,-0.31967,0.012612,0.005713,0.002137
0,-0.178229,0.126776,0.124248,-0.024413,0.162839,-0.028765,0.003111,0.002213
0,-0.248568,-0.006583,-0.072952,-0.109327,-0.045165,-0.120708,0.004338,0.000115
0,-0.325461,0.020683,-0.063152,0.005957,-0.03693,-0.022051,0.00568,0.000361
0,-0.088413,-0.078357,0.248336,-0.104299,0.248453,-0.089745,0.001543,0.001368
0,-0.122934,-0.008699,-0.011075,0.054902,-0.033339,0.079842,0.002146,0.000152
0,-0.089093,0.123824,0.02838,0.162161,0.061764,0.208846,0.001555,0.002161
0,-0.279187,-0.06134,-0.17127,-0.186522,-0.176697,-0.233971,0.004873,0.001071
0,-0.018015,0.084016,0.278212,0.175353,0.27387,0.179009,0.000314,0.001466
0,-0.226131,0.076524,-0.181369,0.000121,-0.184187,-0.032361,0.003947,0.001336
0,0.025114,-0.063608,0.254886,-0.160247,0.302305,-0.153486,0.000438,0.00111
0,-0.048587,-0.002697,-0.051768,0.039008,-0.007761,0.081705,0.000848,4.7e-05
0,-0.181298,-0.121744,-0.102859,-0.148413,-0.07772,-0.119591,0.003164,0.002125
0,-0.062371,0.001022,0.124379,0.122652,0.121705,0.154741,0.001089,1.8e-05
0,-0.21378,-0.183812,-0.121554,-0.169851,-0.101619,-0.141489,0.003731,0.003208
0,-0.17993,-0.142869,0.056104,0.054963,0.100708,0.033798,0.00314,0.002494
0,-0.175369,-0.095208,0.023695,0.046941,0.02651,0.000983,0.003061,0.001662
0,0.024546,0.069686,0.214864,0.153953,0.245,0.165975,0.000428,0.001216
0,-0.057244,-0.041023,-0.083021,-0.109115,-0.036163,-0.130746,0.000999,0.000716
0,-0.23618,-0.111515,-0.154233,-0.066484,-0.137613,-0.04142,0.004122,0.001946
0,-0.024484,-0.060319,0.230069,0.049379,0.195469,0.052616,0.000427,0.001053
0,-0.01895,-0.055421,0.011175,-0.006944,0.043272,0.003198,0.000331,0.000967
0,-0.130099,-0.081393,-0.120403,-0.009365,-0.169938,-0.001594,0.002271,0.001421
0,-0.10627,-0.028012,0.022712,0.042189,0.035306,0.080713,0.001855,0.000489
0,-0.186015,-0.137385,-0.057891,-0.135901,-0.089831,-0.185718,0.003247,0.002398
0,-0.123427,0.049686,0.072863,0.185129,0.058888,0.148219,0.002154,0.000867
0,-0.050144,0.151502,0.087165,0.128129,0.059259,0.140493,0.000875,0.002644
0,-0.036325,0.042565,-0.007624,-0.127218,0.010388,-0.171709,0.000634,0.000743
0,-0.188124,0.144868,-0.137975,0.114051,-0.187163,0.148773,0.003283,0.002528
0,0.058866,0.156054,0.230272,-0.012999,0.232154,0.029704,0.001027,0.002724
0,-0.021331,0.076096,-0.065701,-0.074177,-0.024556,-0.109524,0.000372,0.001328
0,-0.068373,-0.016746,-0.049166,-0.122354,-0.02902,-0.077732,0.001193,0.000292
0,-0.07836,-0.007208,-0.006734,0.033089,-0.002883,0.012695,0.001368,0.000126
0,-0.05645,-0.030199,0.013477,0.006617,0.010027,0.021515,0.000985,0.000527
0,-0.035396,0.132908,0.01986,0.151839,-0.018474,0.163454,0.000618,0.00232
0,0.042684,0.054284,0.074502,-0.104333,0.068925,-0.113905,0.000745,0.000947
0,-0.086475,0.037439,-0.122332,-0.036803,-0.102346,-0.03936,0.001509,0.000653
0,0.157069,-0.022122,0.246146,-0.037803,0.259992,-0.028918,0.002741,0.000386
0,0.123908,0.122352,-0.024176,0.121311,0.025205,0.077044,0.002163,0.002135
0,0.110756,-0.072418,0.014612,-0.18848,0.041747,-0.177507,0.001933,0.001264
0,0.177267,-0.069475,0.066766,0.015089,0.033551,0.004983,0.003094,0.001213
0,-0.023439,0.142685,-0.222747,0.191755,-0.209105,0.156892,0.000409,0.00249
0,0.16312,0.029597,0.169912,-0.115698,0.153968,-0.125634,0.002847,0.000517
0,-0.040745,0.004481,-0.200143,-0.05467,-0.212425,-0.071751,0.000711,7.8e-05
0,0.051717,0.106073,0.102633,0.123414,0.122067,0.091759,0.000903,0.001851
0,0.09601,0.117589,0.043352,0.008198,0.048206,-0.036083,0.001676,0.002052
0,0.004484,0.108264,-0.086182,0.002572,-0.100186,-0.046075,7.8e-05,0.00189
0,0.225459,0.005725,0.196697,-0.111173,0.169902,-0.133727,0.003935,0.0001
0,0.007761,-0.119472,-0.188674,-0.109859,-0.160767,-0.144325,0.000135,0.002085
0,0.254266,0.155058,0.272843,0.25403,0.280081,0.215007,0.004438,0.002706
0,0.086673,-0.132007,-0.172804,-0.296216,-0.187691,-0.246487,0.001513,0.002304
0,0.272188,-0.098037,0.174998,0.02929,0.18128,0.078308,0.004751,0.001711
0,0.179194,0.129393,-0.068815,0.243749,-0.106336,0.196647,0.003128,0.002258
0,0.06986,0.073494,-0.092621,-0.047004,-0.085175,-0.064814,0.001219,0.001283
0,-0.006275,0.086608,-0.077651,0.036989,-0.055558,0.053048,0.00011,0.001512
0,-0.770686,-0.29172,-0.786455,-0.350766,-0.748709,-0.344147,0.001361,0.005091
0,-2.074831,-0.120635,-1.278398,0.177831,-1.228909,0.180664,5.9e-05,0.002105
0,-2.913558,-0.348776,-0.815741,-0.227042,-0.852114,-0.230849,0.002489,0.006003
0,-2.725019,-0.306098,0.214264,0.046833,0.199503,0.067875,0.000801,0.005342
0,-2.699335,-0.134652,0.031988,0.162106,0.020425,0.203698,0.00125,0.00235
0,-3.130815,0.056204,-0.456945,0.217038,-0.482985,0.200259,0.005809,0.000981
0,-5.2529,0.098185,-2.130817,0.04674,-2.159758,0.056517,0.005044,0.001714
0,-5.205691,0.04685,0.032862,-0.068526,0.062157,-0.109855,0.005867,0.000818
0,-3.451171,0.019399,1.775497,-0.028486,1.728317,-0.067897,0.000218,0.000339
0,-2.92761,0.300746,0.508914,0.30726,0.534619,0.33663,0.002734,0.005249
0,-2.493199,0.282042,0.407509,-0.015025,0.38543,-0.050354,0.004847,0.004923
0,-1.664534,0.404104,0.850167,0.116944,0.838296,0.105508,0.004871,0.005038
0,-0.499856,0.278155,1.166081,-0.112101,1.159782,-0.08189,0.003366,0.004855
0,0.130605,0.280496,0.658246,0.01118,0.658366,0.022388,0.002279,0.004896
0,0.243147,0.284044,0.102396,-0.001439,0.117701,-0.026846,0.004244,0.004958
0,0.556412,0.331026,0.291968,0.066403,0.319089,0.07294,0.002379,0.005777
0,0.535521,0.439664,-0.034392,0.103537,-0.064685,0.106978,0.002744,0.004417
0,0.498199,0.20638,-0.03115,-0.218255,-0.067363,-0.218468,0.003395,0.003602
0,0.413237,0.318078,-0.113318,0.131369,-0.132876,0.167147,0.004878,0.005552
0,0.189109,0.027321,-0.234544,-0.309707,-0.204153,-0.266912,0.003301,0.000477
0,0.257904,-0.009472,0.044032,-0.045464,0.006284,-0.02224,0.004501,0.000165
0,0.060788,0.222116,-0.222707,0.235103,-0.234366,0.232468,0.001061,0.003877
0,0.263842,-0.055233,0.176459,-0.266162,0.157602,-0.240936,0.004605,0.000964
0,0.257372,0.144249,0.015723,0.192082,0.051731,0.143099,0.004492,0.002518
0,0.12949,0.109438,-0.11713,-0.039306,-0.157294,-0.01717,0.00226,0.00191
0,0.049259,0.067275,-0.102901,-0.072138,-0.10927,-0.10756,0.00086,0.001174
0,0.069888,0.180803,0.029141,0.116346,-0.000132,0.131016,0.00122,0.003156
0,0.078661,0.143098,0.024241,-0.049516,-0.001526,-0.04924,0.001373,0.002498
0,-0.049843,0.1343,-0.148428,-0.031909,-0.122079,-0.002788,0.00087,0.002344
0,0.006349,0.153587,0.080162,0.039562,0.048859,0.010467,0.000111,0.002681
0,0.23443,0.057162,0.214229,-0.107854,0.164999,-0.155237,0.004092,0.000998
0,0.130192,0.106226,-0.076829,0.07887,-0.114323,0.055531,0.002272,0.001854
0,0.001227,0.077755,-0.139636,-0.045878,-0.164129,-0.085498,2.1e-05,0.001357
0,0.122164,-0.091113,0.127565,-0.187756,0.124702,-0.190868,0.002132,0.00159
0,-0.145753,-0.088363,-0.241467,-0.001008,-0.258065,-0.02024,0.002544,0.001542
0,-1.147825,-0.028198,-0.981255,0.060835,-0.980841,0.063198,0.004148,0.000492
0,-2.999149,-0.071326,-1.878406,-0.039907,-1.90515,-0.021344,0.003983,0.001245
0,-3.674452,0.034585,-0.68501,0.11755,-0.666826,0.102858,0.003679,0.000604
0,-3.437437,0.164044,0.231585,0.149613,0.207543,0.100621,0.000458,0.002863
0,-3.008282,0.016691,0.424409,-0.150769,0.419531,-0.163154,0.004142,0.000291
0,-2.097338,0.211437,0.938006,0.16637,0.888956,0.168879,0.000334,0.00369
0,-1.202448,0.110263,0.904703,-0.102927,0.911731,-0.065254,0.003194,0.001924
0,-1.125854,-0.010196,0.07077,-0.134527,0.114651,-0.127729,0.004531,0.000178
0,-0.477997,0.130042,0.654711,0.114906,0.677579,0.162043,0.003748,0.00227
0,-0.112907,0.021901,0.391075,-0.082412,0.352127,-0.045292,0.001971,0.000382
0,0.232066,0.133635,0.347183,0.099655,0.353955,0.079816,0.00405,0.002332
0,0.296499,0.03764,0.067463,-0.086318,0.027758,-0.063013,0.005175,0.000657
0,0.377166,0.22604,0.051817,0.163145,0.04471,0.19879,0.005508,0.003945
0,0.366109,0.138484,-0.021926,-0.10633,-0.039633,-0.096604,0.005701,0.002417
0,0.300479,0.190884,-0.079705,0.060775,-0.034587,0.107132,0.005244,0.003332
0,0.06153,-0.0451,-0.237266,-0.209885,-0.242181,-0.190179,0.001074,0.000787
0,0.107457,0.007819,0.053731,0.066371,0.024147,0.040984,0.001875,0.000136
0,0.093802,0.013971,-0.043391,0.004054,-0.056213,-0.034895,0.001637,0.000244
0,0.115945,0.21334,0.027292,0.169912,0.050396,0.213828,0.002024,0.003723
0,0.153111,0.137649,0.064172,-0.092577,0.042788,-0.061339,0.002672,0.002402
0,0.110136,0.177679,-0.059766,0.033786,-0.046324,0.070669,0.001922,0.003101
0,0.178266,-0.029266,0.09063,-0.224552,0.067982,-0.235423,0.003111,0.000511
0,0.258287,0.213087,0.094486,0.252451,0.070787,0.276845,0.004508,0.003719
0,0.152902,0.040114,-0.079441,-0.17389,-0.03673,-0.211372,0.002669,0.0007
0,0.281413,0.055266,0.121856,0.027639,0.108573,0.037877,0.004912,0.000965
0,0.081488,0.207364,-0.227178,0.152023,-0.178723,0.107454,0.001422,0.003619
0,0.098956,0.105916,0.024567,-0.098542,0.035531,-0.143987,0.001727,0.001849
0,0.282993,0.219018,0.211452,0.115897,0.217525,0.073949,0.004939,0.003823
0,0.122701,0.111576,-0.148398,-0.110172,-0.157365,-0.151391,0.002142,0.001947
0,0.03222,0.197261,-0.089439,0.064263,-0.059432,0.02614,0.000562,0.003443
0,1.494282,-0.801846,1.483608,-0.970311,1.485255,-0.928516,0.001899,0.001904
0,2.081908,-0.383811,0.579241,0.406786,0.531589,0.37022,6.5e-05,0.005392
0,2.544201,-0.04355,0.484826,0.319774,0.48017,0.321508,0.003957,0.00076
0,2.67822,0.019443,0.117123,0.079208,0.084882,0.052102,0.001618,0.000339
0,2.481211,0.35543,-0.22164,0.349761,-0.247623,0.347628,0.005057,0.005887
0,2.293908,0.074297,-0.211864,-0.263122,-0.176624,-0.273819,0.003765,0.001297
0,1.526727,0.215709,-0.752955,0.151352,-0.743444,0.174361,0.002465,0.003765
0,0.961078,0.128895,-0.548253,-0.075657,-0.572278,-0.08593,0.004683,0.00225
0,0.539351,0.130168,-0.433771,0.024604,-0.458358,0.029156,0.002677,0.002272
0,0.022709,0.189812,-0.524884,0.071653,-0.566698,0.066454,0.000396,0.003313
0,-0.132738,0.351225,-0.140152,0.191264,-0.151287,0.190169,0.002317,0.00596
0,-0.336281,0.308327,-0.228249,-0.063601,-0.24368,-0.02794,0.005869,0.005381
0,-0.264874,0.112873,0.074358,-0.195153,0.082687,-0.163016,0.004623,0.00197
0,-0.339793,0.124584,-0.050973,0.008267,-0.070183,0.050915,0.005931,0.002174
0,-0.324359,-0.034734,0.01632,-0.141654,0.031988,-0.188685,0.005661,0.000606
0,-0.595914,-0.033851,-0.297245,0.010405,-0.258635,0.02223,0.00169,0.000591
0,-0.445015,-0.025208,0.148681,0.002552,0.139199,-0.026595,0.004324,0.00044
0,-0.51172,0.088727,-0.085464,0.086993,-0.105436,0.119877,0.003159,0.001549
0,-0.148408,-0.097834,0.339568,-0.214604,0.323146,-0.218466,0.00259,0.001708
0,-0.038267,0.132784,0.081518,0.201967,0.069172,0.154401,0.000668,0.002318
0,-0.113035,0.047696,-0.103206,-0.114701,-0.129305,-0.146336,0.001973,0.000832
0,-0.096927,0.016318,0.003189,-0.028343,0.029599,-0.0672,0.001692,0.000285
0,-0.060938,0.164594,0.026314,0.161513,0.041255,0.176792,0.001064,0.002873
0,0.151115,-0.054539,0.234946,-0.210033,0.204919,-0.181976,0.002637,0.000952
0,-0.072398,0.168581,-0.210362,0.233773,-0.166198,0.248773,0.001264,0.002942
0,0.126004,0.030391,0.205442,-0.114888,0.202832,-0.121383,0.002199,0.00053
0,0.071425,-0.004498,-0.048863,-0.011779,-0.036088,0.000452,0.001247,7.8e-05
0,-0.047791,-0.111884,-0.107665,-0.086004,-0.123908,-0.107667,0.000834,0.001953
0,-0.068747,0.083503,-0.022356,0.220432,-0.068483,0.194263,0.0012,0.001457
0,-0.061672,0.188065,0.02474,0.093553,-0.000259,0.122565,0.001076,0.003282
0,-0.003771,0.087119,0.078348,-0.074792,0.103955,-0.085287,6.6e-05,0.001521
0,-0.000449,0.091988,0.010869,0.013934,0.024414,-0.001222,8e-06,0.001605
0,-0.14209,0.154497,-0.115903,0.080069,-0.118472,0.09501,0.00248,0.002696
0,-0.002864,0.131097,0.145228,-0.049536,0.103215,-0.02381,5e-05,0.002288
0,0.013706,-0.061194,0.033746,-0.213343,0.037933,-0.262806,0.000239,0.001068
0,0.028003,-0.102139,0.007016,-0.055429,0.022534,-0.014819,0.000489,0.001783
0,-0.034178,0.096416,-0.054226,0.200633,-0.014057,0.164664,0.000597,0.001683
0,0.053997,-0.042471,0.10634,-0.165715,0.065731,-0.129841,0.000942,0.000741
0,0.004409,0.093643,-0.070101,0.1205,-0.10119,0.115094,7.7e-05,0.001634
0,0.050168,0.002015,0.026712,-0.115288,0.016532,-0.07424,0.000876,3.5e-05
0,-0.057237,0.085301,-0.100447,0.06002,-0.062162,0.048905,0.000999,0.001489
0,0.039273,0.033016,0.080515,-0.0743,0.117286,-0.123325,0.000685,0.000576
0,0.000839,0.041031,-0.035139,0.002492,0.002816,0.033679,1.5e-05,0.000716
0,-0.092107,-0.111292,-0.070379,-0.165997,-0.043969,-0.172112,0.001608,0.001942
0,0.145954,-0.060096,0.225483,0.042356,0.17837,0.042742,0.002547,0.001049
0,0.207913,0.159336,0.089633,0.209794,0.082321,0.214308,0.003629,0.002781
0,0.228379,-0.103697,0.048486,-0.262569,0.022513,-0.228638,0.003986,0.00181
0,0.034741,-0.014821,-0.212297,0.097023,-0.228167,0.10975,0.000606,0.000259
0,0.208448,0.080558,0.172429,0.092246,0.150112,0.106273,0.003638,0.001406
0,-0.018237,0.075977,-0.225305,0.005514,-0.265238,0.029648,0.000318,0.001326
0,0.15436,0.177167,0.146953,0.095333,0.161241,0.113228,0.002694,0.003092
0,-0.112633,0.186466,-0.279575,0.007831,-0.319909,-0.030866,0.001966,0.003254
0,0.198491,0.153881,0.303743,-0.055804,0.307995,-0.015823,0.003464,0.002686
0,0.130207,0.160384,-0.044441,-0.006461,-0.026737,-0.02056,0.002273,0.002799
0,0.085173,0.114149,-0.036168,-0.03892,0.012255,-0.066257,0.001487,0.001992
0,0.222677,0.157444,0.142671,0.017804,0.159322,-0.016186,0.003886,0.002748
0,0.004951,0.15535,-0.203897,-0.023254,-0.202619,-0.029944,8.6e-05,0.002711
0,-0.020251,0.150176,-0.02579,0.01962,-0.028453,0.040521,0.000353,0.002621
0,-0.032614,0.054641,-0.038401,-0.093847,0.010284,-0.131246,0.000569,0.000954
0,0.052642,-0.050691,0.059736,-0.130187,0.083347,-0.170334,0.000919,0.000885
0,-0.009497,0.091949,-0.07712,0.141066,-0.115827,0.098675,0.000166,0.001605
0,0.167562,-0.125326,0.180967,-0.245633,0.161538,-0.208344,0.002925,0.002187
0,0.071843,-0.016316,-0.079661,0.136857,-0.116915,0.098655,0.001254,0.000285
0,0.191351,-0.15919,0.139866,-0.137612,0.150719,-0.107178,0.00334,0.002778
0,0.086643,-0.023503,-0.115663,0.140077,-0.134129,0.119624,0.001512,0.00041
0,0.212476,0.040469,0.125688,0.089085,0.10988,0.072323,0.003708,0.000706
0,0.038346,-0.161768,-0.161148,-0.199534,-0.190801,-0.196481,0.000669,0.002823
0,0.062729,-0.236719,0.025938,-0.068123,0.061517,-0.099783,0.001095,0.004132
0,0.230206,-0.015714,0.142382,0.216139,0.161344,0.230158,0.004018,0.000274
0,0.20059,-0.150207,-0.05295,-0.119559,-0.029227,-0.105594,0.003501,0.002622
0,0.027032,-0.165951,-0.179438,-0.017192,-0.130081,-0.028532,0.000472,0.002896
0,-0.060381,0.038637,-0.067782,0.186134,-0.048376,0.216632,0.001054,0.000674
0,0.163712,-0.173116,0.209377,-0.199136,0.25778,-0.240423,0.002857,0.003021
0,0.104912,-0.145015,-0.065794,0.048325,-0.032656,0.091791,0.001831,0.002531
0,0.014497,-0.143882,-0.077789,0.007673,-0.104015,0.052909,0.000253,0.002511
0,0.122243,0.091037,0.126575,0.237724,0.082317,0.1955,0.002134,0.001589
0,0.043987,0.001067,-0.071239,-0.096947,-0.056754,-0.095288,0.000768,1.9e-05
0,0.061061,-0.032306,0.017115,-0.042062,0.034636,-0.017152,0.001066,0.000564
0,-0.007747,-0.191604,-0.044263,-0.177674,-0.090895,-0.133038,0.000135,0.003344
0,-0.05807,-0.18914,-0.022544,-0.006046,-0.01497,0.020078,0.001014,0.003301
0,0.20517,-0.045217,0.254724,0.130837,0.254564,0.133961,0.003581,0.000789
0,0.244277,0.041886,0.023237,0.076616,-0.003351,0.035458,0.004263,0.000731
0,0.19347,-0.195774,-0.04169,-0.266014,-0.025742,-0.256855,0.003377,0.003417
0,0.165877,-0.10036,-0.027479,0.121776,-0.026687,0.109384,0.002895,0.001752
0,-0.021638,-0.053259,-0.198787,0.075437,-0.150693,0.048091,0.000378,0.00093
0,0.012292,-0.13936,0.006598,-0.091674,-0.013159,-0.11959,0.000215,0.002432
0,0.100801,-0.06041,0.060568,0.080738,0.053909,0.044717,0.001759,0.001054
0,0.15242,-0.277556,0.022049,-0.23134,0.007763,-0.267569,0.00266,0.004844
0,0.094068,0.009203,-0.051078,0.277241,-0.085179,0.279509,0.001642,0.000161
0,0.154238,-0.154659,0.038203,-0.185825,0.061287,-0.223028,0.002692,0.002699
0,7.8e-05,-0.139324,-0.153013,0.019301,-0.161823,0.002259,1e-06,0.002432
0,0.088461,-0.066714,0.086806,0.070315,0.12171,0.025945,0.001544,0.001164
0,0.153809,-0.180706,0.051332,-0.104247,0.018745,-0.131252,0.002684,0.003154
0,0.087829,-0.078829,-0.09024,0.100745,-0.064441,0.111425,0.001533,0.001376
0,0.206504,0.025357,0.1018,0.119956,0.084095,0.168108,0.003604,0.000443
0,0.001963,-0.230135,-0.201938,-0.256071,-0.203925,-0.266341,3.4e-05,0.004017
0,0.069673,-0.177844,0.068852,0.07104,0.034717,0.083413,0.001216,0.003104
0,-0.020504,-0.006686,-0.11116,0.175808,-0.12112,0.173485,0.000358,0.000117
0,0.22805,-0.109008,0.241405,-0.084476,0.241592,-0.055598,0.00398,0.001903
0,0.099548,-0.124627,-0.107752,-0.003219,-0.070731,0.033342,0.001737,0.002175
0,0.231382,-0.012194,0.159671,0.10676,0.186127,0.072249,0.004038,0.000213
0,0.063037,-0.082224,-0.170359,-0.051588,-0.160704,-0.009281,0.0011,0.001435
0,0.164439,-0.155496,0.122096,-0.082589,0.165408,-0.047739,0.00287,0.002714
0,-0.096883,-0.126799,-0.233296,0.053714,-0.185548,0.06048,0.001691,0.002213
0,-0.093663,-0.186568,-0.023819,-0.084852,-0.00567,-0.116588,0.001635,0.003256
0,-0.066403,-0.003917,0.030358,0.159441,2.7e-05,0.140427,0.001159,6.8e-05
0,0.059242,-0.062722,0.138676,-0.047449,0.167251,-0.093292,0.001034,0.001095
0,-0.034707,-0.13177,-0.096738,-0.052052,-0.052948,-0.029065,0.000606,0.0023
0,0.172643,-0.121025,0.181441,-0.001853,0.175863,0.029767,0.003013,0.002112
0,0.133779,-0.02113,-0.048541,0.078008,-0.093154,0.092242,0.002335,0.000369
0,-0.003312,-0.09384,-0.135372,-0.090519,-0.14735,-0.097409,5.8e-05,0.001638
0,0.001076,-0.091852,0.006839,0.025001,0.049336,-0.017969,1.9e-05,0.001603
0,-0.047822,-0.219533,-0.070168,-0.138322,-0.11419,-0.135258,0.000835,0.003832
0,0.120555,-0.042596,0.171422,0.170817,0.182562,0.189875,0.002104,0.000743
0,-0.128204,-0.095862,-0.270955,-0.080274,-0.25791,-0.031952,0.002238,0.001673
0,0.123942,-0.27305,0.264789,-0.186327,0.244502,-0.170991,0.002163,0.004766
0,-0.135104,-0.273653,-0.247096,0.009127,-0.27799,0.006581,0.002358,0.004776
0,0.06945,0.003376,0.226256,0.270171,0.230165,0.30329,0.001212,5.9e-05
0,-0.041049,-0.170713,-0.114326,-0.157801,-0.151231,-0.204536,0.000716,0.00298
0,-0.058513,0.004839,-0.003828,0.196057,0.017731,0.236437,0.001021,8.4e-05
0,-0.079904,-0.023744,-0.021704,-0.053844,-0.024068,-0.050024,0.001395,0.000414
0,-0.210379,-0.113644,-0.102483,-0.107183,-0.075067,-0.103646,0.003672,0.001983
0,0.02598,-0.125746,0.250641,-0.010594,0.213103,0.003165,0.000453,0.002195
0,-0.080618,-0.204399,-0.088028,-0.077018,-0.112082,-0.117625,0.001407,0.003567
0,-0.074723,-0.24142,0.009622,-0.060014,-0.002952,-0.069428,0.001304,0.004214
0,-0.071669,-0.185479,0.019284,0.030662,0.026166,0.016242,0.001251,0.003237
0,-0.242816,-0.17638,-0.188636,0.025821,-0.177218,0.042732,0.004238,0.003078
0,-0.168673,-0.212137,0.098976,-0.052528,0.128547,-0.04385,0.002944,0.003702
0,-0.090656,-0.205245,0.081818,0.006444,0.12574,0.047384,0.001582,0.003582
0,-0.11119,-0.115432,-0.029969,0.113959,-0.035785,0.134934,0.001941,0.002015
0,-0.290741,-0.14501,-0.199514,-0.008075,-0.248724,0.030686,0.005074,0.002531
0,-0.117898,-0.127812,0.162597,0.017599,0.13306,-0.027134,0.002058,0.002231
0,-0.251133,-0.141449,-0.127251,-0.04087,-0.139834,0.006123,0.004383,0.002469
0,-0.173588,-0.013408,0.060142,0.13614,0.081723,0.117252,0.00303,0.000234
0,-0.134214,-0.148169,0.068897,-0.136715,0.024067,-0.158505,0.002342,0.002586
0,-0.199536,-0.24523,-0.046467,-0.114828,-0.060597,-0.125769,0.003483,0.00428
0,-0.115703,-0.185745,0.066611,0.082873,0.107079,0.099791,0.002019,0.003242
0,-0.262882,0.00617,-0.161066,0.162553,-0.160183,0.177633,0.004588,0.000108
0,-0.33545,-0.25265,-0.095463,-0.271202,-0.098303,-0.310854,0.005855,0.00441
0,-0.033286,0.017327,0.283731,0.293673,0.332415,0.322464,0.000581,0.000302
0,-0.137182,-0.225212,-0.07801,-0.257276,-0.123419,-0.258127,0.002394,0.003931
0,0.024513,-0.186032,0.167678,0.060374,0.136273,0.099924,0.000428,0.003247
0,-0.194465,-0.006303,-0.195274,0.187067,-0.148916,0.171599,0.003394,0.00011
0,-0.127837,-0.016867,0.08576,-0.010977,0.061279,0.033439,0.002231,0.000294
0,0.02601,-0.194116,0.134956,-0.181466,0.129728,-0.166021,0.000454,0.003388
0,-0.216523,-0.216131,-0.270501,-0.013557,-0.2449,-0.037187,0.003779,0.003772
0,-0.073241,-0.060554,0.161441,0.13589,0.120648,0.159206,0.001278,0.001057
0,-0.189853,-0.044471,-0.088369,0.00443,-0.045027,0.038586,0.003314,0.000776
0,-0.034517,-0.065824,0.126566,-0.018231,0.161206,0.014736,0.000602,0.001149
0,0.037958,-0.086979,0.042612,-0.039119,0.009849,0.009365,0.000662,0.001518
0,-0.205173,-0.083287,-0.232429,-0.024411,-0.196466,-0.009461,0.003581,0.001454
0,0.000308,0.03956,0.213292,0.097096,0.222154,0.103182,5e-06,0.00069
0,-0.20375,-0.060301,-0.213002,-0.103209,-0.234736,-0.10185,0.003556,0.001052
0,-0.219148,-0.012881,0.000782,0.066814,-0.034971,0.034941,0.003825,0.000225
0,-0.003272,-0.021663,0.207472,-0.03118,0.229034,-0.050919,5.7e-05,0.000378
0,0.008558,0.052314,0.034511,0.052157,0.036786,0.048876,0.000149,0.000913
0,-0.09811,-0.034433,-0.093758,-0.070949,-0.056029,-0.051961,0.001712,0.000601
0,-0.015773,0.028989,0.082357,0.057312,0.119127,0.087296,0.000275,0.000506
0,-0.194745,-0.161818,-0.191511,-0.190541,-0.231074,-0.229781,0.003399,0.002824
0,-0.096473,-0.002928,0.124974,0.177022,0.137152,0.168447,0.001684,5.1e-05
0,-0.154854,0.105535,-0.054905,0.081511,-0.033645,0.100317,0.002703,0.001842
0,0.071502,-0.00096,0.253877,-0.121421,0.28168,-0.164485,0.001248,1.7e-05
0,-0.148194,0.072391,-0.240098,0.083295,-0.219798,0.047466,0.002586,0.001263
0,-0.147296,-0.032683,0.026139,-0.096877,-0.017179,-0.072586,0.002571,0.00057
0,0.030546,0.074527,0.182871,0.0789,0.225543,0.11059,0.000533,0.001301
0,0.091936,0.033563,0.084124,-0.062737,0.084154,-0.068167,0.001605,0.000586
0,0.129357,0.101036,0.039449,0.055827,0.079561,0.075083,0.002258,0.001763
0,0.09109,-0.110177,-0.032029,-0.215828,-0.051413,-0.198019,0.00159,0.001923
0,-0.150111,-0.110319,-0.230078,-0.02564,-0.270091,-0.027215,0.00262,0.001925
0,0.013199,-0.115839,0.17755,-0.021802,0.195082,-0.05496,0.00023,0.002022
0,0.119337,0.095054,0.126277,0.227093,0.102078,0.252109,0.002083,0.001659
0,0.111806,-0.002815,0.010007,-0.099316,-0.004011,-0.104972,0.001951,4.9e-05
0,0.07008,0.106504,-0.036461,0.136281,-0.050209,0.091593,0.001223,0.001859
0,0.093517,-0.036913,0.021284,-0.11555,0.05685,-0.146288,0.001632,0.000644
0,-1.065895,1.248484,-1.15448,1.29676,-1.15081,1.317788,0.005578,0.002391
0,-1.586208,1.658913,-0.527289,0.422777,-0.53614,0.446278,0.003504,0.004773
0,-1.96072,1.594043,-0.377338,-0.043199,-0.387317,0.000866,0.00205,0.00364
0,-2.495681,1.777146,-0.54015,0.155119,-0.536653,0.148536,0.004804,0.005254
0,-2.265043,1.674268,0.229799,-0.104192,0.237866,-0.05491,0.003261,0.005041
0,-2.100378,1.428773,0.170979,-0.216757,0.181521,-0.175652,0.000387,0.000756
0,-1.668836,1.223765,0.428081,-0.228332,0.432426,-0.268062,0.004946,0.002822
0,-1.388358,0.794727,0.285375,-0.422109,0.27041,-0.426995,5e-05,0.00178
0,-0.823494,0.414863,0.567316,-0.409824,0.521667,-0.387734,0.002282,0.00485
0,-0.189216,0.137051,0.644097,-0.257351,0.669003,-0.294113,0.003302,0.002392
0,-0.336761,0.060421,-0.148534,-0.086303,-0.175682,-0.079613,0.005878,0.001055
0,-0.056854,-0.054925,0.251896,-0.116466,0.260241,-0.116389,0.000992,0.000959
0,0.030113,-0.032423,0.070226,0.04652,0.078845,0.082183,0.000526,0.000566
0,0.047923,-0.156469,0.029362,-0.120504,0.017914,-0.164905,0.000836,0.002731
0,0.041733,-0.34212,-0.009881,-0.158947,0.012236,-0.137369,0.000728,0.005971
0,0.19526,-0.208581,0.173151,0.106115,0.191267,0.080104,0.003408,0.00364
0,0.228702,-0.388,0.054604,-0.207301,0.095895,-0.24109,0.003992,0.005319
0,0.01343,-0.324857,-0.218171,0.058698,-0.236135,0.076105,0.000234,0.00567
0,0.191426,-0.271887,0.199532,0.043654,0.246169,0.050593,0.003341,0.004745
0,0.033887,-0.29961,-0.139686,0.001132,-0.187254,0.042916,0.000591,0.005229
0,0.135986,-0.248267,0.131256,0.054779,0.15835,0.008554,0.002373,0.004333
0,0.245359,-0.25983,0.081082,-0.03387,0.037706,-0.01246,0.004282,0.004535
0,0.271989,-0.314496,0.039431,-0.047083,0.03752,-0.045604,0.004747,0.005489
0,0.061334,-0.329912,-0.192572,0.011877,-0.226863,0.020456,0.00107,0.005758
0,0.045966,-0.184197,0.01339,0.153011,0.00561,0.122447,0.000802,0.003215
0,0.05211,-0.314111,0.027315,-0.149076,-0.011525,-0.182371,0.000909,0.005482
0,0.105113,-0.336461,0.023764,-0.033675,0.053398,-0.049051,0.001835,0.005872
0,0.109421,-0.16474,0.032709,0.168979,0.021986,0.18473,0.00191,0.002875
0,-0.039684,-0.282202,-0.169907,-0.139812,-0.174922,-0.106707,0.000693,0.004925
0,0.078787,-0.197879,0.090893,0.105495,0.060735,0.149633,0.001375,0.003454
0,-0.064196,-0.229547,-0.130748,-0.035889,-0.107725,-0.031921,0.00112,0.004006
0,0.107892,-0.244351,0.174582,0.005088,0.134959,-0.006659,0.001883,0.004265
0,-0.011282,-0.047078,-0.110177,0.2198,-0.096004,0.245137,0.000197,0.000822
0,-0.048579,-0.254511,-0.052464,-0.18428,-0.048442,-0.136992,0.000848,0.004442
0,0.09045,-0.052085,0.138096,0.184367,0.115645,0.217764,0.001579,0.000909
0,-0.021657,0.020023,-0.110098,0.09703,-0.075361,0.07994,0.000378,0.000349
0,0.186594,-0.231356,0.191922,-0.229566,0.198417,-0.220261,0.003257,0.004038
0,0.036574,-0.081982,-0.156559,0.130228,-0.143485,0.164314,0.000638,0.001431
0,-0.119103,-0.077168,-0.173512,-0.014821,-0.195805,-0.057801,0.002079,0.001347
0,-0.01223,0.020048,0.126074,0.122141,0.16794,0.131788,0.000213,0.00035
0,-0.10248,-0.09171,-0.072223,-0.139936,-0.113389,-0.129702,0.001789,0.001601
0,-0.104725,-0.104608,-0.004598,-0.000718,-0.003799,0.028025,0.001828,0.001826
0,0.056192,-0.234916,0.140453,-0.119751,0.119689,-0.133894,0.000981,0.0041
0,0.017981,-0.158677,-0.016986,0.050899,-0.007271,0.074576,0.000314,0.002769
0,-0.018044,-0.171965,-0.04203,0.011329,-0.07561,-0.035574,0.000315,0.003001
0,0.003671,0.02648,0.027547,0.223678,-0.013209,0.229814,6.4e-05,0.000462
0,0.083554,-0.175152,0.089953,-0.205304,0.134829,-0.215965,0.001458,0.003057
0,-0.117237,-0.027257,-0.1751,0.130776,-0.159263,0.160835,0.002046,0.000476
0,-0.122212,0.025628,0.013317,0.067121,-0.017068,0.046402,0.002133,0.000447
0,-0.110415,-0.076036,0.01548,-0.074732,0.035533,-0.032917,0.001927,0.001327
0,-0.222421,-0.043485,-0.136897,0.06084,-0.11407,0.060038,0.003882,0.000759
0,0.057012,-0.093477,0.26049,-0.051082,0.249761,-0.100556,0.000995,0.001631
0,0.046852,-0.012439,-0.018587,0.061497,-0.061844,0.023874,0.000818,0.000217
0,-0.014149,-0.104138,-0.08967,-0.091499,-0.134188,-0.041846,0.000247,0.001818
0,0.039823,-0.01059,0.072514,0.101484,0.10149,0.078571,0.000695,0.000185
0,-0.030918,0.028108,-0.091522,0.043969,-0.080817,0.074541,0.00054,0.000491
0,0.119794,-0.069702,0.172988,-0.108967,0.142525,-0.13215,0.002091,0.001217
0,0.184404,-0.105543,0.075681,-0.056511,0.030824,-0.075557,0.003218,0.001842
0,0.012841,-0.090086,-0.199112,0.014832,-0.154535,0.024019,0.000224,0.001572
0,-0.03628,0.00538,-0.059508,0.066784,-0.017038,0.058619,0.000633,9.4e-05
0,0.182548,0.037077,0.223696,0.041643,0.206372,0.072207,0.003186,0.000647
0,0.027385,0.037795,-0.127333,-0.019951,-0.171854,-0.002921,0.000478,0.00066
0,0.202595,0.057797,0.193434,0.042736,0.155639,-0.005788,0.003536,0.001009
0,0.084691,-0.112435,-0.094985,-0.179233,-0.128544,-0.205844,0.001478,0.001962
0,0.21331,0.089511,0.148829,0.226283,0.177227,0.236083,0.003723,0.001562
0,0.004664,-0.202521,-0.206202,-0.27492,-0.163754,-0.304632,8.1e-05,0.003535
0,-0.024228,-0.200139,-0.012884,-0.000689,-0.048602,-0.013516,0.000423,0.003493
0,0.243163,-0.158504,0.247503,0.026324,0.247581,0.00445,0.004244,0.002766
0,0.138276,-0.085219,-0.107691,0.102551,-0.078649,0.140461,0.002413,0.001487
0,0.14957,0.081069,0.01082,0.185918,0.059412,0.200377,0.00261,0.001415
0,0.072936,0.05772,-0.099938,-0.019256,-0.07979,0.007455,0.001273,0.001007
0,0.213903,-0.049466,0.144029,-0.086342,0.171664,-0.128163,0.003733,0.000863
0,0.004314,-0.162018,-0.189922,-0.096061,-0.226853,-0.085903,7.5e-05,0.002828
0,0.101331,0.023353,0.107493,0.165758,0.058882,0.171615,0.001769,0.000408
0,0.128793,-0.104052,0.007393,-0.107242,-0.013681,-0.156487,0.002248,0.001816
0,-0.067449,-0.157209,-0.202674,-0.031917,-0.223239,0.015371,0.001177,0.002744
0,0.086188,0.052751,0.139128,0.205539,0.137622,0.17948,0.001504,0.000921
0,0.200973,0.081324,0.104403,0.058555,0.135967,0.03592,0.003508,0.001419
0,-0.071065,-0.039878,-0.284895,-0.093697,-0.306647,-0.076261,0.00124,0.000696
0,0.04968,0.083385,0.093826,0.125259,0.06551,0.154058,0.000867,0.001455
0,-0.057652,-0.014302,-0.111434,-0.084958,-0.150415,-0.09117,0.001006,0.00025
0,0.158944,0.09262,0.230058,0.126412,0.240979,0.100195,0.002774,0.001617
0,0.04651,0.118922,-0.134634,0.037257,-0.088083,0.085471,0.000812,0.002076
0,0.004482,0.000675,-0.038303,-0.131058,-0.039675,-0.177731,7.8e-05,1.2e-05
0,0.069344,-0.027498,0.09414,-0.026574,0.069221,-0.070104,0.00121,0.00048
0,-0.027834,0.032568,-0.104312,0.088193,-0.079633,0.07691,0.000486,0.000568
0,-0.1213,-0.069019,-0.110412,-0.114323,-0.062152,-0.06472,0.002117,0.001205
0,-0.057891,-0.092512,0.078718,-0.008933,0.03407,-0.017718,0.00101,0.001615
0,-0.091699,0.054362,-0.015189,0.176151,-0.010459,0.189666,0.0016,0.000949
0,-0.12528,-0.008603,-0.035468,-0.067107,-0.05244,-0.114159,0.002187,0.00015
0,-0.166538,0.183937,-0.033952,0.177665,-0.074083,0.159969,0.002907,0.00321
0,-0.128552,0.097501,0.032067,-0.095407,0.038462,-0.123589,0.002244,0.001702
0,-0.05336,0.14347,0.084409,0.057776,0.114197,0.10401,0.000931,0.002504
0,0.072663,0.15129,0.119806,0.005051,0.095613,0.020241,0.001268,0.002641
0,-0.045564,0.057342,-0.110237,-0.111641,-0.105642,-0.151733,0.000795,0.001001
0,0.065605,0.064959,0.084647,0.036424,0.067879,-0.003572,0.001145,0.001134
0,0.128933,-0.025082,0.039684,-0.077766,0.012175,-0.084522,0.00225,0.000438
0,0.060555,0.12978,-0.08903,0.180513,-0.065795,0.177334,0.001057,0.002265
0,-0.138781,0.065582,-0.229329,-0.082298,-0.210107,-0.123938,0.002422,0.001145
0,0.108529,-0.055894,0.254287,-0.136622,0.267325,-0.117046,0.001894,0.000976
0,0.110568,0.15911,-0.0132,0.240666,-0.009132,0.241608,0.00193,0.002777
0,-0.015037,0.062934,-0.116822,-0.099495,-0.14253,-0.108707,0.000262,0.001098
0,-0.04694,0.167487,-0.029116,0.109146,-0.076567,0.150826,0.000819,0.002923
0,-0.040794,0.084736,0.002916,-0.084313,0.022806,-0.097474,0.000712,0.001479
0,-0.107566,0.179045,-0.076184,0.118061,-0.072563,0.155873,0.001877,0.003125
0,0.083072,-0.037017,0.205755,-0.207905,0.236476,-0.185977,0.00145,0.000646
0,0.067769,0.113177,-0.032801,0.177223,0.011856,0.138662,0.001183,0.001975
0,-0.132636,0.156115,-0.199944,0.023803,-0.237045,0.023778,0.002315,0.002725
0,-0.020003,0.020638,0.121325,-0.112667,0.086063,-0.091258,0.000349,0.00036
0,0.090239,0.182735,0.081552,0.162709,0.093217,0.160357,0.001575,0.003189
0,0.010328,0.183293,-0.078344,0.008553,-0.037722,0.017309,0.00018,0.003199
0,-0.158998,0.065677,-0.158855,-0.123624,-0.125778,-0.080484,0.002775,0.001146
0,-0.157223,-0.049557,0.009946,-0.122202,0.010441,-0.12452,0.002744,0.000865
0,-0.077949,0.095504,0.081459,0.173698,0.071421,0.200972,0.00136,0.001667
0,-0.109764,-0.050799,-0.003558,-0.165393,0.041805,-0.158756,0.001916,0.000887
0,-0.047404,0.074458,0.087297,0.146649,0.0411,0.12844,0.000827,0.0013
0,-0.097169,0.116536,-0.054392,0.064741,-0.094893,0.057158,0.001696,0.002034
0,-0.137852,-0.03152,-0.041922,-0.137508,0.006513,-0.12062,0.002406,0.00055
0,-0.175157,0.132786,-0.027298,0.176983,-0.008337,0.193483,0.003057,0.002318
0,0.114876,0.229937,0.291001,0.078904,0.313152,0.104632,0.002005,0.004013
0,0.137285,0.080231,0.047249,-0.163101,0.077361,-0.202228,0.002396,0.0014
0,0.109209,0.049486,-0.012626,-0.03925,-0.059498,-0.007896,0.001906,0.000864
0,0.141797,-0.073842,0.029656,-0.151616,0.040088,-0.141254,0.002475,0.001289
0,0.174712,-0.100997,0.023736,-0.056502,0.002716,-0.010154,0.003049,0.001763
0,-0.077583,0.022306,-0.238644,0.145186,-0.265457,0.111212,0.001354,0.000389
0,0.148727,-0.041531,0.245675,-0.082126,0.213507,-0.038544,0.002596,0.000725
0,0.067797,-0.088207,-0.093005,-0.06686,-0.094679,-0.04707,0.001183,0.00154
0,0.072613,-0.030545,0.010131,0.039282,-0.032546,0.007055,0.001267,0.000533
0,0.113193,-0.036293,0.034711,0.011464,0.055419,-0.03457,0.001976,0.000633
0,-0.112263,-0.108667,-0.201359,-0.090758,-0.249037,-0.139657,0.001959,0.001897
0,-0.222529,0.110375,-0.111512,0.23116,-0.089202,0.189997,0.003884,0.001926
0,0.047006,0.009788,0.27979,-0.100955,0.317827,-0.124965,0.00082,0.000171
0,0.103998,0.057116,0.086472,0.039627,0.083478,0.07871,0.001815,0.000997
0,0.111909,0.038699,-0.00315,-0.021038,-0.002887,-0.05126,0.001953,0.000675
0,0.17433,0.089941,0.037666,0.033838,0.070795,0.015312,0.003043,0.00157
0,0.06874,-0.105723,-0.076037,-0.168632,-0.063022,-0.166455,0.0012,0.001845
0,0.041155,-0.106268,-0.008977,0.00899,-0.024331,0.025914,0.000718,0.001855
0,0.208972,-0.073879,0.190613,0.022886,0.235273,0.006455,0.003647,0.001289
0,0.085505,0.03976,-0.107802,0.113796,-0.08928,0.105989,0.001492,0.000694
0,0.110027,0.002594,0.051176,-0.060324,0.099242,-0.023872,0.00192,4.5e-05
0,-0.001056,-0.149586,-0.131895,-0.144853,-0.174884,-0.121649,1.8e-05,0.002611
0,0.022977,0.043417,0.008524,0.178162,0.028456,0.1518,0.000401,0.000758
0,0.195372,-0.150593,0.158317,-0.205323,0.169773,-0.243312,0.00341,0.002628
0,-0.085044,-0.039144,-0.309029,0.136072,-0.344949,0.146373,0.001484,0.000683
0,-0.125054,0.062658,-0.057775,0.093312,-0.072522,0.107387,0.002183,0.001094
0,-0.052284,-0.071903,0.090695,-0.104994,0.102513,-0.096351,0.000913,0.001255
0,-0.113391,0.062496,-0.082698,0.106853,-0.078686,0.06724,0.001979,0.001091
0,0.041072,0.152412,0.168533,0.112428,0.207285,0.10165,0.000717,0.00266
0,0.091841,0.121158,0.065667,-0.028278,0.079308,-0.008834,0.001603,0.002115
0,0.235394,-0.016576,0.14782,-0.110079,0.174105,-0.070252,0.004108,0.000289
0,-0.019448,-0.124815,-0.253774,-0.100244,-0.222045,-0.122949,0.000339,0.002178
0,0.172152,0.016046,0.20515,0.162972,0.170345,0.185987,0.003005,0.00028
0,0.074365,-0.00315,-0.125076,0.00761,-0.138704,0.008345,0.001298,5.5e-05
0,-0.099675,0.116878,-0.197902,0.102753,-0.167066,0.08579,0.00174,0.00204
0,0.15059,-0.023003,0.275604,-0.147236,0.258675,-0.125329,0.002628,0.000401
0,0.146422,0.060152,0.024615,0.064293,-0.013349,0.077294,0.002556,0.00105
0,0.001562,0.094927,-0.132184,0.045928,-0.132591,0.01919,2.7e-05,0.001657
0,0.002093,-0.097719,-0.028818,-0.19011,-0.04273,-0.160913,3.7e-05,0.001706
0,0.213927,-0.052177,0.235562,0.065156,0.2838,0.114716,0.003734,0.000911
0,0.148843,0.131916,-0.044604,0.196296,-0.054798,0.206544,0.002598,0.002302
0,0.049704,-0.058909,-0.109661,-0.211463,-0.146561,-0.168729,0.000868,0.001028
0,0.124449,0.153947,0.072734,0.210814,0.079877,0.188892,0.002172,0.002687
0,0.216053,-0.030298,0.07715,-0.1953,0.106216,-0.241866,0.003771,0.000529
0,0.203317,0.093389,0.014962,0.120955,-0.010807,0.105121,0.003549,0.00163
0,0.193245,-0.076158,-0.000762,-0.185239,0.002027,-0.234846,0.003373,0.001329
0,0.049581,0.087426,-0.154407,0.161152,-0.131477,0.114134,0.000865,0.001526
0,-0.019708,0.118554,-0.077063,0.020211,-0.118327,0.042338,0.000344,0.002069
0,0.253871,-0.054566,0.251166,-0.157382,0.240084,-0.15278,0.004431,0.000952
0,0.055607,-0.088213,-0.205561,-0.035523,-0.214643,-0.002298,0.000971,0.00154
0,0.185665,0.101707,0.103428,0.201181,0.114648,0.239749,0.00324,0.001775
0,0.07856,0.028227,-0.119503,-0.075785,-0.098955,-0.039773,0.001371,0.000493
0,0.077502,0.021419,0.013185,-0.002818,0.044874,-0.006673,0.001353,0.000374
0,0.023003,0.018408,-0.068125,0.020174,-0.055821,0.037386,0.000401,0.000321
0,0.118244,-0.035763,0.06741,-0.052792,0.034883,-0.06283,0.002064,0.000624
0,0.09351,-0.10249,-0.042322,-0.087154,-0.064761,-0.132086,0.001632,0.001789
0,0.122888,-0.147495,0.020015,-0.016023,0.046558,-0.046106,0.002145,0.002574
0,0.009701,-0.134207,-0.113417,0.009341,-0.110438,0.05216,0.000169,0.002342
0,-0.010899,-0.076765,-0.021236,0.06917,0.000421,0.055407,0.00019,0.00134
0,0.128686,-0.104399,0.124781,-0.033812,0.172939,-0.069442,0.002246,0.001822
0,0.077764,-0.005958,-0.024658,0.08913,-0.061904,0.10595,0.001357,0.000104
0,0.045852,-0.011982,-0.002729,-0.02747,0.022059,-0.059396,0.0008,0.000209
0,0.033657,-0.0269,-0.02978,0.004902,-0.019805,0.053696,0.000587,0.000469
0,0.118455,-0.129551,0.093669,-0.073132,0.131441,-0.051157,0.002067,0.002261
0,0.138534,-0.127497,0.026238,0.03081,-0.009759,0.058259,0.002418,0.002225
0,-0.039423,0.016516,-0.192109,0.151296,-0.230678,0.104679,0.000688,0.000288
0,-0.115245,0.031365,-0.076616,-0.001158,-0.095557,0.014486,0.002011,0.000547
0,-0.117956,-0.011549,-0.02692,-0.05485,0.009101,-0.050066,0.002059,0.000202
0,0.109994,-0.100859,0.223554,-0.077182,0.182503,-0.088237,0.00192,0.00176
0,0.067708,0.020603,-0.021072,0.101186,0.009733,0.068615,0.001182,0.00036
0,-0.028622,0.142207,-0.122684,0.095391,-0.118653,0.072968,0.0005,0.002482
0,0.151238,-0.127767,0.186097,-0.281784,0.154489,-0.236499,0.00264,0.00223
0,-0.020929,-0.002999,-0.168519,0.140274,-0.134916,0.125186,0.000365,5.2e-05
0,0.021066,-0.137466,0.025681,-0.162301,-0.021657,-0.193818,0.000368,0.002399
0,0.114376,0.006227,0.111612,0.162077,0.114177,0.117635,0.001996,0.000109
0,0.104073,-0.087097,-0.009118,-0.114523,-0.013804,-0.13655,0.001816,0.00152
0,-0.057584,-0.132903,-0.180936,-0.053423,-0.167352,-0.092224,0.001005,0.00232
0,0.14769,0.120781,0.190988,0.231261,0.161053,0.267826,0.002578,0.002108
0,-0.081265,0.123151,-0.24277,0.019618,-0.237533,0.023905,0.001418,0.002149
0,0.133518,0.055754,0.243291,-0.03938,0.274468,-0.058646,0.00233,0.000973
0,-0.148773,0.087477,-0.295212,0.052615,-0.278095,0.045254,0.002597,0.001527
0,0.010139,-0.105227,0.132541,-0.205864,0.121595,-0.16199,0.000177,0.001837
0,-0.007406,0.106782,-0.013746,0.228598,0.017327,0.204915,0.000129,0.001864
0,0.007271,-0.094419,0.044118,-0.209008,0.004671,-0.20473,0.000127,0.001648
0,-0.041012,-0.042533,-0.059174,0.0563,-0.035809,0.007838,0.000716,0.000742
0,-0.106247,0.094653,-0.060297,0.144577,-0.059903,0.155928,0.001854,0.001652
0,0.059311,0.073554,0.137876,-0.014818,0.175706,0.028436,0.001035,0.001284
0,0.080809,0.189567,0.050556,0.128111,0.071314,0.144405,0.00141,0.003309
0,0.007373,0.012727,-0.045436,-0.202638,0.004073,-0.212087,0.000129,0.000222
0,0.058653,-0.015626,0.030251,-0.050709,-0.003676,-0.029982,0.001024,0.000273
0,0.032792,0.146567,-0.019473,0.155405,-0.029214,0.123668,0.000572,0.002558
0,-0.063536,0.105864,-0.100691,-0.03059,-0.055634,-0.060467,0.001109,0.001848
0,-0.136784,0.040663,-0.064806,-0.056306,-0.054577,-0.039079,0.002387,0.00071
0,-0.111123,-0.012162,0.009064,-0.072233,0.015472,-0.029816,0.001939,0.000212
0,-0.137794,0.033784,0.000924,0.029545,-0.008872,0.057338,0.002405,0.00059
0,-0.064657,-0.026932,0.051551,-0.059179,0.014354,-0.058918,0.001128,0.00047
0,-0.133891,-0.0564,-0.098993,-0.045436,-0.132564,-0.008448,0.002337,0.000984
0,-0.120219,-0.099471,-0.014241,-0.032689,-0.039317,-0.033788,0.002098,0.001736
0,-0.136622,-0.113635,-0.044765,-0.03248,-0.032239,-0.069914,0.002385,0.001983
0,-0.153832,0.125837,-0.015111,0.217273,-0.049618,0.24731,0.002685,0.002196
0,0.130324,0.060269,0.267906,-0.0913,0.23196,-0.118286,0.002275,0.001052
0,-0.022893,0.074036,-0.155581,-0.006414,-0.1354,0.038517,0.0004,0.001292
0,-0.031516,-0.076668,0.018127,-0.124221,0.053793,-0.131409,0.00055,0.001338
0,-0.006429,0.080889,0.018726,0.145405,0.016735,0.188569,0.000112,0.001412
0,0.065394,-0.115854,0.06242,-0.211692,0.097842,-0.167606,0.001141,0.002022
0,0.107828,-0.009292,0.070755,0.092231,0.066893,0.115425,0.001882,0.000162
0,-0.117764,0.134554,-0.21647,0.136195,-0.234713,0.135771,0.002055,0.002348
0,-0.022971,0.000422,0.08201,-0.109026,0.099198,-0.122409,0.000401,7e-06
0,0.052807,0.086588,0.072342,0.080146,0.072453,0.058688,0.000922,0.001511
0,0.048432,0.156105,0.00073,0.070416,-0.010327,0.095895,0.000845,0.002725
0,0.028849,0.037711,-0.002174,-0.109589,0.002989,-0.119371,0.000504,0.000658
0,-0.060971,-0.066734,-0.087159,-0.086311,-0.05209,-0.136078,0.001064,0.001165
0,-0.039494,0.129952,0.025051,0.188079,0.016968,0.166488,0.000689,0.002268
0,0.055089,-0.005571,0.093004,-0.147042,0.061669,-0.119004,0.000961,9.7e-05
0,0.029464,0.068572,-0.011329,0.059763,-0.007365,0.052711,0.000514,0.001197
0,0.008841,0.088397,0.007485,0.011798,0.009125,0.03025,0.000154,0.001543
0,-0.05497,0.107078,-0.079461,0.026464,-0.05341,0.031676,0.000959,0.001869
0,0.104944,-0.027938,0.133912,-0.123615,0.134139,-0.106425,0.001832,0.000488
0,-0.10673,0.122123,-0.218865,0.142228,-0.211298,0.181756,0.001863,0.002131
0,0.027565,-0.000878,0.143088,-0.097355,0.105995,-0.048744,0.000481,1.5e-05
0,-0.056727,0.12295,-0.086241,0.105092,-0.075945,0.103993,0.00099,0.002146
0,0.023673,0.123308,0.097917,-0.02702,0.132368,-0.06073,0.000413,0.002152
0,-0.073413,-0.023242,-0.099052,-0.117895,-0.070431,-0.080419,0.001281,0.000406
0,0.153353,-0.120253,0.235443,-0.068919,0.2218,-0.11569,0.002677,0.002099
0,0.05379,-0.01587,-0.12029,0.104939,-0.0941,0.146337,0.000939,0.000277
0,0.045593,-0.121216,-0.010165,-0.124861,-0.000995,-0.115446,0.000796,0.002116
0,0.044018,-0.14663,0.015315,-0.002315,-0.014096,-0.018396,0.000768,0.002559
0,0.014182,0.04724,-0.036215,0.197144,0.003859,0.172955,0.000248,0.000824
0,0.046342,-0.068088,0.005491,-0.098267,-0.002598,-0.11368,0.000809,0.001188
0,-0.025038,0.050313,-0.064026,0.091131,-0.06893,0.093116,0.000437,0.000878
0,-0.003893,-0.016219,0.014286,-0.045945,-0.017202,-0.084093,6.8e-05,0.000283
0,-0.06804,-0.110315,-0.067436,-0.077883,-0.077419,-0.075351,0.001188,0.001925
0,0.112262,-0.116601,0.204291,-0.017246,0.219652,-0.0512,0.001959,0.002035
0,0.152071,-0.209323,0.035249,-0.067253,0.050839,-0.066248,0.002654,0.003653
0,-0.05243,0.017567,-0.221969,0.207491,-0.204206,0.161907,0.000915,0.000307
0,0.234632,-0.217044,0.284607,-0.214399,0.290134,-0.244497,0.004095,0.003788
0,0.077127,-0.136601,-0.161704,0.08734,-0.195319,0.121374,0.001346,0.002384
0,-0.081951,-0.121209,-0.133233,0.025754,-0.107173,0.055826,0.00143,0.002115
0,-0.033474,0.107978,0.05518,0.236792,0.102427,0.227269,0.000584,0.001885
0,0.148677,-0.152715,0.152213,-0.280391,0.170229,-0.260735,0.002595,0.002665
0,0.026437,0.017626,-0.139977,0.14494,-0.145977,0.108105,0.000461,0.000308
0,-0.11498,0.128559,-0.121595,0.104348,-0.137401,0.060839,0.002007,0.002244
0,-0.11655,-0.150719,-0.003378,-0.257299,-0.003893,-0.227891,0.002034,0.002631
0,0.094952,-0.111519,0.235312,0.029282,0.213335,0.000482,0.001657,0.001946
0,-0.110001,0.041546,-0.188373,0.129274,-0.16095,0.130258,0.00192,0.000725
0,0.011556,0.096468,0.132783,0.04367,0.090493,-0.004852,0.000202,0.001684
0,-0.041961,0.020808,-0.047894,-0.057537,-0.058029,-0.086641,0.000732,0.000363
0,-0.079457,-0.131355,-0.047053,-0.135251,-0.058076,-0.114477,0.001387,0.002293
0,-0.010417,0.068028,0.092246,0.174419,0.086087,0.185838,0.000182,0.001187
0,-0.197121,-0.086723,-0.211841,-0.170625,-0.200863,-0.134111,0.00344,0.001514
0,-0.165193,-0.059997,0.019841,0.01011,-0.019906,0.034801,0.002883,0.001047
0,-0.106039,-0.189114,0.050271,-0.10816,0.094916,-0.136887,0.001851,0.003301
0,0.015571,0.023983,0.137318,0.241528,0.088002,0.221726,0.000272,0.000419
0,-0.015448,-0.1539,-0.042694,-0.206178,-0.046031,-0.246105,0.00027,0.002686
0,-0.050948,-0.081421,-0.061009,0.091822,-0.031504,0.106698,0.000889,0.001421
0,-0.042696,-0.117871,0.007431,-0.040422,-0.002589,-0.008569,0.000745,0.002057
0,-0.123014,-0.019481,-0.053068,0.115963,-0.070406,0.099762,0.002147,0.00034
0,-0.000737,0.042905,0.108508,0.08225,0.07198,0.088255,1.3e-05,0.000749
0,0.012115,-0.036001,0.018747,-0.101466,0.064341,-0.1427,0.000211,0.000628
0,-0.019672,-0.19086,-0.061055,-0.137535,-0.110792,-0.117458,0.000343,0.003331
0,-0.130584,0.011077,-0.13456,0.172781,-0.087121,0.126489,0.002279,0.000193
0,-0.167474,0.05889,-0.019566,0.060191,-0.015126,0.083639,0.002923,0.001028
0,-0.064359,-0.001344,0.111809,-0.079052,0.079153,-0.090168,0.001123,2.3e-05
0,-0.135828,-0.107692,-0.055114,-0.081969,-0.086845,-0.122903,0.002371,0.00188
0,-0.195583,-0.05934,-0.083944,0.064416,-0.127321,0.084145,0.003414,0.001036
0,-0.257802,0.086505,-0.063604,0.154213,-0.091798,0.132552,0.0045,0.00151
0,-0.068787,-0.009631,0.201731,-0.12475,0.17857,-0.106144,0.001201,0.000168
0,-0.212262,-0.053301,-0.121231,-0.070474,-0.127095,-0.049779,0.003705,0.00093
0,-0.002989,0.031112,0.225044,0.107629,0.193401,0.109259,5.2e-05,0.000543
0,-0.2772,0.091331,-0.260933,0.043828,-0.272172,0.068431,0.004838,0.001594
0,-0.087043,-0.13543,0.184513,-0.232512,0.147744,-0.189759,0.001519,0.002364
0,-0.224843,0.017298,-0.166108,0.139019,-0.197629,0.132399,0.003924,0.000302
0,-0.101935,-0.106324,0.102738,-0.112225,0.087582,-0.064507,0.001779,0.001856
0,-0.261757,-0.008692,-0.150715,0.076972,-0.112191,0.091394,0.004569,0.000152
0,-0.186629,-0.108651,0.049312,-0.07635,0.041499,-0.096166,0.003257,0.001896
0,-0.05872,-0.035526,0.118899,0.071731,0.113633,0.06857,0.001025,0.00062
0,-0.051789,-0.103559,0.007896,-0.075314,-0.031342,-0.032401,0.000904,0.001807
0,-0.10735,-0.174583,-0.067296,-0.087804,-0.023503,-0.077335,0.001874,0.003047
0,-0.203886,0.015408,-0.082318,0.174602,-0.049149,0.201327,0.003558,0.000269
0,-0.08564,0.014301,0.117925,-0.016488,0.140101,-0.065011,0.001495,0.00025
0,0.004096,-0.131183,0.078354,-0.118219,0.102352,-0.08869,7.1e-05,0.00229
0,-0.034182,0.009446,-0.06221,0.114985,-0.0192,0.078838,0.000597,0.000165
0,0.000404,-0.116193,0.055082,-0.104283,0.031988,-0.071687,7e-06,0.002028
0,-0.035751,-0.230497,-0.018535,-0.090662,-0.0411,-0.056596,0.000624,0.004023
0,-0.013441,-0.008354,0.009064,0.221997,-0.011482,0.183637,0.000235,0.000146
0,-0.121688,-0.211964,-0.130802,-0.23284,-0.115055,-0.260255,0.002124,0.003699
0,-0.096554,-0.237038,0.0074,0.00391,-0.018302,0.018403,0.001685,0.004137
0,-0.142263,-0.086514,-0.043313,0.131332,-0.0712,0.17548,0.002483,0.00151
0,-0.201291,0.055399,-0.068588,0.123379,-0.084769,0.074638,0.003513,0.000967
0,0.006441,-0.056362,0.201236,-0.090075,0.22741,-0.088546,0.000112,0.000984
0,0.09474,-0.090152,0.095889,-0.023793,0.092237,-0.011089,0.001654,0.001573
0,-0.048816,-0.006292,-0.116349,0.090208,-0.141254,0.136081,0.000852,0.00011
0,-0.090217,-0.035146,-0.067583,-0.011769,-0.072681,-0.031052,0.001575,0.000613
0,-0.020138,-0.066295,0.094216,-0.033607,0.115794,-0.014225,0.000351,0.001157
0,-0.115195,0.102703,-0.079203,0.163608,-0.041471,0.179156,0.002011,0.001793
0,-0.05754,0.025959,0.034932,-0.059091,0.004827,-0.011597,0.001004,0.000453
0,-0.026364,0.015625,0.046215,-0.023109,0.084586,0.001025,0.00046,0.000273
0,0.015731,-0.058413,0.057969,-0.059254,0.10666,-0.076746,0.000275,0.00102
0,0.032686,-0.052412,-0.007384,0.025868,-0.004171,0.048119,0.00057,0.000915
0,-0.099975,-0.073876,-0.153581,-0.000381,-0.118648,0.044287,0.001745,0.001289
0,0.136674,-0.096483,0.219022,0.004227,0.195015,0.002658,0.002385,0.001684
0,0.18139,-0.129796,0.061532,-0.06081,0.086837,-0.080783,0.003166,0.002265
0,0.15149,-0.169134,-0.004364,-0.010198,-0.03931,-0.056412,0.002644,0.002952
0,0.154037,-0.069911,0.01573,0.085153,0.014781,0.092155,0.002688,0.00122
0,-0.066307,0.008032,-0.2446,0.059174,-0.259654,0.037694,0.001157,0.00014
0,-0.125932,0.124965,-0.084708,0.110778,-0.079498,0.1325,0.002198,0.002181
0,0.053641,-0.02012,0.186845,-0.118831,0.144969,-0.070033,0.000936,0.000351
0,-0.041697,0.088286,-0.081977,0.119957,-0.048718,0.115461,0.000728,0.001541
0,-0.00036,0.038328,0.020913,-0.050476,0.023965,-0.06766,6e-06,0.000669
0,0.16935,-0.095646,0.142631,-0.137449,0.132911,-0.163751,0.002956,0.001669
0,0.149974,0.081076,0.003016,0.182313,-0.026887,0.18185,0.002618,0.001415
0,-0.128952,0.142975,-0.251913,0.03214,-0.209508,-0.003426,0.002251,0.002495
0,0.015156,-0.110287,0.155945,-0.229207,0.118971,-0.273546,0.000265,0.001925
0,-0.108823,0.012911,-0.095531,0.115002,-0.120455,0.075551,0.001899,0.000225
0,0.029688,0.05653,0.162282,0.046276,0.114242,0.014829,0.000518,0.000987
0,0.088416,0.143672,0.05,0.083759,0.073435,0.128919,0.001543,0.002508
0,0.018891,0.098464,-0.058815,-0.021454,-0.061173,0.018651,0.00033,0.001719
0,0.122961,0.006597,0.105645,-0.113387,0.0931,-0.096222,0.002146,0.000115
0,0.1469,-0.053912,0.007014,-0.064376,0.007078,-0.098614,0.002564,0.000941
0,0.010095,0.057935,-0.107931,0.137705,-0.10898,0.183155,0.000176,0.001011
0,0.180188,-0.096565,0.141688,-0.148187,0.138675,-0.145832,0.003145,0.001685
0,0.027645,0.055334,-0.174431,0.136366,-0.147263,0.16332,0.000482,0.000966
0,0.053791,0.104832,0.003368,0.057346,-0.000601,0.013567,0.000939,0.00183
0,-0.103487,0.016653,-0.166162,-0.101579,-0.172412,-0.141245,0.001806,0.000291
0,0.12972,0.007175,0.236924,-0.01208,0.275073,-0.024245,0.002264,0.000125
0,-0.094367,-0.123235,-0.252363,-0.115872,-0.261266,-0.101702,0.001647,0.002151
0,0.087973,-0.022314,0.158258,0.110212,0.15613,0.110024,0.001535,0.000389
0,0.042483,-0.049824,-0.019743,-0.023109,-0.024519,0.001346,0.000741,0.00087
0,-0.083396,0.139772,-0.155649,0.213177,-0.152367,0.249858,0.001456,0.002439
0,0.009705,0.022228,0.083527,-0.094895,0.083451,-0.064717,0.000169,0.000388
0,0.135863,0.023459,0.138087,0.009033,0.093297,0.04609,0.002371,0.000409
0,-0.004016,0.004865,-0.142347,-0.045836,-0.147747,-0.0808,7e-05,8.5e-05
0,-0.188336,0.06826,-0.167677,0.072715,-0.130388,0.099761,0.003287,0.001191
0,-0.129808,-0.018564,0.053613,-0.106893,0.01607,-0.15484,0.002266,0.000324
0,-0.125744,-0.013428,-0.011626,0.029027,0.013971,0.029455,0.002195,0.000234
0,-0.01948,-0.111098,0.090338,-0.113462,0.087089,-0.127176,0.00034,0.001939
0,0.089578,-0.088344,0.093368,0.000812,0.061324,0.044741,0.001563,0.001542
0,0.170373,-0.015298,0.051388,0.079315,0.054596,0.051914,0.002974,0.000267
0,0.163768,-0.17896,-0.017179,-0.191592,-0.06626,-0.14249,0.002858,0.003123
0,-0.129167,-0.137496,-0.304928,0.015175,-0.327543,0.054611,0.002254,0.0024
0,0.14371,-0.019417,0.255714,0.127348,0.224465,0.144318,0.002508,0.000339
0,0.114434,-0.087778,-0.039238,-0.073403,-0.004347,-0.084641,0.001997,0.001532
0,-0.021172,-0.200805,-0.133183,-0.094789,-0.177844,-0.086769,0.00037,0.003505
0,-0.133447,0.058278,-0.126225,0.265218,-0.105082,0.285938,0.002329,0.001017
0,0.105702,-0.007541,0.245065,-0.070194,0.204274,-0.064401,0.001845,0.000132
0,-0.101871,-0.103528,-0.179911,-0.113892,-0.193165,-0.076615,0.001778,0.001807
0,0.002773,0.126032,0.104112,0.229985,0.088413,0.245044,4.8e-05,0.0022
0,-0.024393,-0.146574,0.000379,-0.287464,-0.004065,-0.292689,0.000426,0.002558
0,-0.158613,-0.089085,-0.111477,0.050028,-0.07217,0.07637,0.002768,0.001555
0,-0.010139,-0.115383,0.120123,-0.05169,0.127217,-0.101143,0.000177,0.002014
0,0.106786,0.111924,0.087527,0.220425,0.065227,0.228952,0.001864,0.001953
0,-0.008669,0.024722,-0.115367,-0.069654,-0.154039,-0.116407,0.000151,0.000431
0,-0.064231,-0.154767,-0.076929,-0.20754,-0.033836,-0.220811,0.001121,0.002701
0,-0.1075,0.00437,-0.050987,0.164373,-0.053078,0.121537,0.001876,7.6e-05
0,0.091695,-0.100102,0.191105,-0.124204,0.164522,-0.104464,0.0016,0.001747
0,-0.072352,-0.057678,-0.179912,0.04587,-0.148078,0.012581,0.001263,0.001007
0,-0.133587,-0.138766,-0.075015,-0.083588,-0.107864,-0.070513,0.002332,0.002422
0,-0.176623,-0.077013,-0.059438,0.077373,-0.100245,0.039998,0.003083,0.001344
0,-0.153765,-0.0688,0.025146,0.001449,0.041505,-0.04232,0.002684,0.001201
0,-0.168401,-0.127659,0.001515,-0.085874,-0.024892,-0.091783,0.002939,0.002228
0,0.026965,-0.132846,0.187099,-0.023341,0.228127,-0.060136,0.000471,0.002319
0,0.022157,-0.131849,-0.022657,-0.021808,0.00406,-0.037285,0.000387,0.002301
0,-0.126278,-0.069685,-0.160075,0.065319,-0.144812,0.035261,0.002204,0.001216
0,-0.007423,-0.082753,0.138896,-0.003557,0.129769,0.033001,0.00013,0.001444
0,0.015582,-0.138866,0.049956,-0.033185,0.07049,-0.073018,0.000272,0.002424
0,-0.043125,-0.073484,-0.08639,0.067674,-0.098078,0.084943,0.000753,0.001283
0,0.105392,-0.204203,0.168943,-0.14989,0.17999,-0.099906,0.001839,0.003564
0,0.068379,0.059671,-0.016257,0.277345,-0.06114,0.240203,0.001193,0.001041
0,0.01562,-0.128019,-0.045805,-0.212079,-0.079085,-0.164485,0.000273,0.002234
0,-0.86549,-0.456037,-0.885425,-0.325124,-0.860749,-0.295776,0.003015,0.004131
0,-2.616219,-1.829558,-1.759767,-1.358239,-1.781596,-1.360981,0.0027,0.00434
0,-2.984437,-1.546921,-0.376321,0.266146,-0.394028,0.268471,0.003726,0.002818
0,-2.73556,-1.551719,0.232432,-0.018072,0.249117,0.023044,0.000617,0.002902
0,-2.221856,-1.253268,0.503213,0.311521,0.477398,0.29867,0.002507,0.002307
0,-1.629553,-0.804377,0.57878,0.425375,0.606692,0.43951,0.00426,0.001949
0,-0.983561,-0.514248,0.674703,0.276851,0.724642,0.234756,0.005076,0.003115
0,-0.811633,-0.433729,0.19864,0.088697,0.156941,0.086827,0.002075,0.00452
0,-0.403329,-0.315005,0.384079,0.118759,0.393369,0.131755,0.005051,0.005498
0,-0.160147,0.052279,0.23184,0.363932,0.217938,0.357997,0.002795,0.000912
0,-0.106132,-0.061599,0.075547,-0.120218,0.056717,-0.104954,0.001852,0.001075
0,-0.257298,-0.111204,-0.154661,-0.073171,-0.141169,-0.114442,0.004491,0.001941
0,-0.076815,-0.050453,0.194439,0.064858,0.188917,0.029159,0.001341,0.000881
0,0.001974,0.216212,0.103747,0.267638,0.09641,0.239262,3.4e-05,0.003774
0,-0.161478,0.076622,-0.16529,-0.155863,-0.155964,-0.173821,0.002818,0.001337
0,0.031997,0.231711,0.185091,0.133305,0.197002,0.119635,0.000558,0.004044
0,0.085995,-0.034626,0.072362,-0.283714,0.107537,-0.272153,0.001501,0.000604
0,-0.029739,0.079157,-0.095705,0.129772,-0.112364,0.12274,0.000519,0.001382
0,-0.073444,-0.053003,-0.040637,-0.113206,-0.013033,-0.088367,0.001282,0.000925
0,0.114423,0.057869,0.163815,0.120764,0.117009,0.157803,0.001997,0.00101
0,-0.112006,0.090193,-0.240049,0.017221,-0.242666,0.065367,0.001955,0.001574
0,0.116672,0.040991,0.222568,-0.031468,0.196423,-0.06432,0.002036,0.000715
0,-0.056354,0.167396,-0.166603,0.119202,-0.144441,0.143129,0.000984,0.002922
0,0.059896,0.002808,0.105789,-0.152798,0.07397,-0.121342,0.001045,4.9e-05
0,0.088383,0.262384,0.056118,0.25692,0.021731,0.241064,0.001543,0.004579
0,0.11277,0.006974,0.041617,-0.254514,0.060342,-0.277259,0.001968,0.000122
0,0.108855,0.017352,-0.00562,0.00026,0.012746,-0.029513,0.0019,0.000303
0,-0.032973,0.185115,-0.150542,0.138171,-0.10116,0.098497,0.000575,0.003231
0,0.122428,0.24415,0.127064,0.062814,0.1534,0.084247,0.002137,0.004261
0,-0.005123,0.001781,-0.124088,-0.24097,-0.087366,-0.220027,8.9e-05,3.1e-05
0,0.032342,-0.009385,0.020438,-0.038901,0.012448,-0.085314,0.000564,0.000164
0,-0.180015,0.018753,-0.225751,0.007731,-0.21357,0.018539,0.003142,0.000327
0,-0.122645,0.163154,0.087271,0.139969,0.054926,0.147934,0.002141,0.002848
0,-0.15935,-0.017154,-0.051586,-0.190662,-0.046962,-0.197043,0.002781,0.000299
0,-0.15139,-0.056234,0.026488,-0.024925,-0.016996,-0.004972,0.002642,0.000981
0,0.001093,0.015084,0.149377,0.080159,0.100127,0.047557,1.9e-05,0.000263
0,-0.154999,0.017874,-0.184055,0.012923,-0.220504,0.050386,0.002705,0.000312
0,-0.124677,0.120859,0.036319,0.074017,-0.002328,0.055191,0.002176,0.002109
0,-0.185081,0.102487,-0.088239,-0.01404,-0.043894,0.028892,0.00323,0.001789
0,-1.874242,0.518418,-1.711128,0.428986,-1.723234,0.406895,0.00356,0.003042
0,-2.124436,0.967628,-0.24505,0.433496,-0.28543,0.387377,0.000807,0.004798
0,-2.093504,1.486296,0.047421,0.515101,-0.001834,0.55233,0.000267,0.00176
0,-1.791331,1.578315,0.328382,0.089698,0.359528,0.115379,0.005007,0.003366
0,-1.362019,1.280956,0.411362,-0.271706,0.403632,-0.310834,0.000409,0.001824
0,-1.25711,1.365575,0.12808,0.091117,0.116742,0.085566,0.00224,0.000347
0,-0.983627,1.095479,0.279202,-0.278643,0.317738,-0.285216,0.005077,0.005061
0,-0.813782,0.845968,0.176058,-0.266377,0.140268,-0.263264,0.002113,0.002674
0,-0.407047,0.350702,0.420266,-0.503829,0.422101,-0.489863,0.004986,0.00597
0,-0.278054,0.068453,0.141261,-0.267984,0.141956,-0.257434,0.004853,0.001195
0,-0.181921,0.043282,0.113078,-0.053764,0.152482,-0.042978,0.003175,0.000755
0,0.089478,-0.000515,0.258788,-0.035123,0.280819,-0.013176,0.001562,9e-06
0,0.012817,-0.232915,-0.068933,-0.227874,-0.092198,-0.230334,0.000224,0.004065
0,0.015843,-0.182659,0.016096,0.065716,0.052957,0.089716,0.000277,0.003188
0,0.111196,-0.104395,0.083519,0.103663,0.088867,0.055513,0.001941,0.001822
0,0.294554,-0.312329,0.212906,-0.220768,0.182429,-0.18753,0.005141,0.005451
0,0.064792,-0.238647,-0.24992,0.072538,-0.293133,0.028839,0.001131,0.004165
0,0.179598,-0.314256,0.142082,-0.10323,0.135323,-0.110665,0.003135,0.005485
0,0.064172,-0.103976,-0.1075,0.224655,-0.069096,0.194166,0.00112,0.001815
0,0.194264,-0.270771,0.102803,-0.158216,0.080856,-0.193736,0.003391,0.004726
0,0.04895,-0.21777,-0.123995,0.076389,-0.101995,0.082282,0.000854,0.003801
0,0.279268,-0.270878,0.228509,-0.040941,0.207104,-0.051048,0.004874,0.004728
0,0.117212,-0.068939,-0.136115,0.195184,-0.143274,0.149665,0.002046,0.001203
0,0.238664,-0.226597,0.129511,-0.166618,0.165718,-0.127299,0.004165,0.003955
0,0.256906,-0.114762,0.03941,0.129526,-0.002029,0.122575,0.004484,0.002003
0,0.107448,-0.306584,-0.140708,-0.165942,-0.125503,-0.215792,0.001875,0.005351
0,0.247566,-0.26708,0.115982,0.065837,0.068493,0.114428,0.004321,0.004661
0,0.088443,-0.106197,-0.187128,0.190697,-0.233699,0.23472,0.001544,0.001853
0,0.036541,-0.269592,-0.052021,-0.179236,-0.005579,-0.190192,0.000638,0.004705
0,0.275029,-0.152729,0.261389,0.095893,0.309803,0.098567,0.0048,0.002666
0,0.224621,-0.324815,-0.078794,-0.186917,-0.094305,-0.181278,0.00392,0.005669
0,0.137969,-0.23332,-0.083537,0.100348,-0.080648,0.056011,0.002408,0.004072
0,0.210263,-0.192045,0.089601,0.011611,0.105047,-0.038279,0.00367,0.003352
0,0.046248,-0.105678,-0.141218,0.074827,-0.095587,0.050159,0.000807,0.001844
0,0.203201,-0.29367,0.168422,-0.164495,0.158353,-0.195019,0.003547,0.005126
0,0.269795,-0.24782,0.073617,0.042015,0.026046,0.004323,0.004709,0.004325
0,0.007054,-0.245211,-0.257993,0.010624,-0.209654,0.018853,0.000123,0.00428
0,0.038377,-0.212481,0.011981,0.045853,0.009746,0.068454,0.00067,0.003708
0,0.215035,-0.190049,0.175532,0.015351,0.155699,0.050025,0.003753,0.003317
0,0.085137,-0.154678,-0.140615,0.031091,-0.162975,0.062597,0.001486,0.0027
0,0.218922,-0.207954,0.123646,-0.048857,0.157282,-0.086825,0.003821,0.003629
0,0.12457,-0.090527,-0.08707,0.146811,-0.115357,0.15367,0.002174,0.00158
0,0.044425,-0.22386,-0.097762,-0.134022,-0.134054,-0.118285,0.000775,0.003907
0,0.118008,-0.179238,0.062692,0.073443,0.017636,0.079011,0.00206,0.003128
0,-0.094421,-0.294694,-0.238932,-0.129658,-0.222099,-0.131278,0.001648,0.005143
0,-0.17671,-0.048934,-0.096979,0.236286,-0.130142,0.265612,0.003084,0.000854
0,0.138172,-0.19333,0.293229,-0.169822,0.27303,-0.219516,0.002412,0.003374
0,-0.05722,-0.023892,-0.180013,0.140775,-0.219607,0.115334,0.000999,0.000417
0,0.035327,-0.047822,0.08302,-0.029051,0.080949,-0.064888,0.000617,0.000835
0,-0.063504,-0.222352,-0.10128,-0.172647,-0.11929,-0.1413,0.001108,0.003881
0,0.058693,-0.088238,0.128417,0.148008,0.108335,0.18394,0.001024,0.00154
0,-0.045704,-0.104022,-0.095032,0.006107,-0.100611,0.046555,0.000798,0.001816
0,-0.00179,-0.006047,0.043652,0.092401,0.031968,0.068278,3.1e-05,0.000106
0,0.070097,-0.066121,0.077518,-0.08766,0.067897,-0.059113,0.001223,0.001154
0,0.04047,-0.155517,-0.038585,-0.097273,-0.010623,-0.111403,0.000706,0.002714
0,0.057472,-0.023318,0.034993,0.15649,0.035052,0.188995,0.001003,0.000407
0,0.042069,-0.042775,-0.040956,-0.048376,-0.060678,-0.0527,0.000734,0.000747
0,-0.046605,-0.016897,-0.066036,0.047256,-0.103417,0.016626,0.000813,0.000295
0,0.105278,0.034146,0.140873,0.022655,0.140318,-0.0003,0.001837,0.000596
0,0.074208,-0.007164,-0.0106,-0.016443,0.001582,-0.049721,0.001295,0.000125
0,0.027862,-0.229342,-0.075356,-0.204064,-0.103953,-0.245416,0.000486,0.004003
0,-0.020311,-0.086011,-0.075049,0.124635,-0.042227,0.097895,0.000354,0.001501
0,-0.066196,-0.058481,-0.033453,0.039674,-0.007574,0.085978,0.001155,0.001021
0,0.14044,-0.148988,0.20749,-0.085834,0.169343,-0.077571,0.002451,0.0026
0,0.160277,0.080544,0.000931,0.219145,0.037132,0.241525,0.002797,0.001406
0,0.018406,-0.018273,-0.16962,-0.082427,-0.210208,-0.085196,0.000321,0.000319
0,-0.040537,0.042111,-0.035361,0.074015,-0.066182,0.025426,0.000708,0.000735
0,0.05012,-0.020407,0.087031,-0.038558,0.079488,-0.041413,0.000875,0.000356
0,0.018272,-0.153221,-0.042731,-0.149546,-0.00194,-0.162566,0.000319,0.002674
0,-0.100303,-0.091583,-0.109383,0.074249,-0.070349,0.041091,0.001751,0.001598
0,-0.102493,-0.021752,-0.013786,0.042116,-0.017321,0.070714,0.001789,0.00038
0,-0.07287,-0.063915,0.020132,-0.014757,0.056447,-0.050607,0.001272,0.001116
0,0.049408,-0.045088,0.098815,0.004223,0.138072,0.002724,0.000862,0.000787
0,0.042907,-0.195821,0.022173,-0.147496,0.001549,-0.197244,0.000749,0.003418
0,-0.069706,0.080576,-0.087209,0.296152,-0.095941,0.31072,0.001217,0.001406
0,-0.117751,-0.163065,-0.032175,-0.225587,-0.012492,-0.200121,0.002055,0.002846
0,-0.209952,0.009225,-0.096838,0.188686,-0.064287,0.233156,0.003664,0.000161
0,-0.282823,0.016426,-0.097949,-0.01406,-0.113391,-0.028496,0.004936,0.000287
0,-0.092336,0.000734,0.162468,-0.029682,0.145488,0.013908,0.001612,1.3e-05
0,-0.112961,0.163989,0.004388,0.141488,-0.009145,0.127791,0.001972,0.002862
0,-0.068089,-0.095468,0.025437,-0.287083,0.034711,-0.296896,0.001188,0.001666
0,-0.222559,0.117345,-0.147599,0.198973,-0.170417,0.15802,0.003884,0.002048
0,-0.182147,-0.039563,0.063541,-0.158155,0.018262,-0.175247,0.003179,0.000691
0,-0.174227,0.134204,0.03442,0.182713,0.048525,0.175437,0.003041,0.002342
0,-0.276886,0.058458,-0.073087,-0.0485,-0.082848,-0.080643,0.004833,0.00102
0,-0.025766,-0.051021,0.273552,-0.103268,0.235829,-0.093385,0.00045,0.00089
0,-0.164167,-0.117683,-0.162735,-0.08575,-0.200621,-0.103664,0.002865,0.002054
0,-0.05034,0.077139,0.119859,0.206631,0.11476,0.242474,0.000879,0.001346
0,0.033045,0.13696,0.08816,0.045061,0.106153,-0.002206,0.000577,0.00239
0,-0.11164,0.087184,-0.14349,-0.043682,-0.137293,0.000511,0.001948,0.001522
0,-0.143188,-0.103457,-0.022803,-0.175063,-0.002737,-0.140277,0.002499,0.001806
0,-0.135637,-0.010617,0.01823,0.075631,0.038386,0.054141,0.002367,0.000185
0,-0.153326,0.136302,-0.004871,0.159279,0.033515,0.140512,0.002676,0.002379
0,-0.231339,0.08076,-0.056563,-0.084026,-0.012287,-0.046908,0.004038,0.00141
0,-0.104884,-0.014127,0.116675,-0.078249,0.087279,-0.049064,0.001831,0.000247
0,-0.202524,-0.021072,-0.109888,-0.018885,-0.13566,0.014269,0.003535,0.000368
0,-0.209029,-0.086398,-0.027237,-0.055112,-0.030351,-0.061592,0.003648,0.001508
0,-0.063198,-0.05002,0.146163,0.015921,0.164545,0.065745,0.001103,0.000873
0,-0.158375,0.055317,-0.099779,0.090799,-0.11688,0.112483,0.002764,0.000965
0,-0.158779,0.16216,0.011081,0.117789,0.004322,0.086487,0.002771,0.00283
0,-0.268266,0.082877,-0.128943,-0.087065,-0.145126,-0.068725,0.004682,0.001446
0,-0.0308,-0.131345,0.215861,-0.200154,0.240565,-0.171373,0.000538,0.002292
0,0.032781,0.124735,0.078836,0.258335,0.070989,0.264321,0.000572,0.002177
0,-0.002673,0.001322,-0.020834,-0.141509,0.011236,-0.108024,4.7e-05,2.3e-05
0,-0.213946,0.108401,-0.186068,0.128559,-0.155826,0.115822,0.003734,0.001892
0,-0.197016,-0.099805,-0.008506,-0.206911,-0.028838,-0.247233,0.003439,0.001742
0,-0.023664,-0.114282,0.186604,-0.010214,0.177194,-0.005516,0.000413,0.001995
0,-0.084737,0.025751,-0.052618,0.165522,-0.098137,0.157163,0.001479,0.000449
0,-0.028038,0.144996,0.039511,0.102407,-0.002287,0.13106,0.000489,0.002531
0,-0.156039,-0.075477,-0.154749,-0.21475,-0.158824,-0.230152,0.002723,0.001317
0,0.023615,0.148937,0.170565,0.213005,0.195571,0.232535,0.000412,0.002599
0,-0.123444,0.089416,-0.128169,-0.0474,-0.092252,-0.061325,0.002155,0.001561
0,0.074218,-0.113436,0.182312,-0.192109,0.14808,-0.159922,0.001295,0.00198
0,-0.098856,0.182615,-0.183324,0.270199,-0.135384,0.258028,0.001725,0.003187
0,0.124232,-0.073263,0.211553,-0.270166,0.178889,-0.245985,0.002168,0.001279
0,-0.063646,0.087224,-0.20211,0.157581,-0.212512,0.153867,0.001111,0.001522
0,-0.084451,0.196575,-0.012891,0.136859,-0.027059,0.101752,0.001474,0.003431
0,-0.090762,0.042076,-0.02546,-0.149869,-0.006157,-0.142766,0.001584,0.000734
0,0.088647,0.089762,0.167739,0.045733,0.122866,0.05829,0.001547,0.001567
0,-0.092642,0.073474,-0.153264,-0.00741,-0.183126,-0.030916,0.001617,0.001282
0,-0.168264,0.100571,-0.064831,0.043783,-0.113157,0.064205,0.002937,0.001755
0,-0.110101,0.120146,0.083443,0.005303,0.051513,-0.013685,0.001922,0.002097
0,0.029817,0.153648,0.131912,0.004509,0.125621,0.017631,0.00052,0.002682
0,-0.117629,-0.115121,-0.162923,-0.254231,-0.200028,-0.244413,0.002053,0.002009
0,-0.142434,-0.129207,0.000512,-0.025374,0.043944,-0.01738,0.002486,0.002255
0,-0.143476,-0.03265,-0.016639,0.084436,-0.027487,0.075132,0.002504,0.00057
0,0.003393,0.083333,0.127762,0.108975,0.090792,0.112314,5.9e-05,0.001454
0,-0.090724,-0.033358,-0.123135,-0.108879,-0.136162,-0.079346,0.001583,0.000582
0,-0.19344,0.055859,-0.118869,0.117113,-0.15502,0.08816,0.003376,0.000975
0,-0.04919,-0.080687,0.140454,-0.11899,0.171933,-0.102856,0.000859,0.001408
0,-0.130304,-0.083084,-0.105896,-0.032155,-0.153135,-0.037677,0.002274,0.00145
0,-0.184546,0.03244,-0.045353,0.123102,-0.078947,0.173027,0.003221,0.000566
0,-0.204801,-0.112895,-0.02672,-0.166611,-0.067665,-0.170865,0.003574,0.00197
0,-0.155157,-0.148921,0.027132,-0.008613,0.013525,-0.019213,0.002708,0.002599
0,-0.130925,-0.01266,0.043783,0.163276,0.048868,0.175411,0.002285,0.000221
0,-0.17727,0.093242,-0.071066,0.107241,-0.096553,0.081047,0.003094,0.001627
0,-0.171095,-0.162506,0.011217,-0.285565,0.028119,-0.329542,0.002986,0.002836
0,-0.400596,-0.136241,-0.227615,0.049411,-0.269051,0.097386,0.005099,0.002378
0,-0.136688,-0.053489,0.251376,0.062508,0.241931,0.040206,0.002386,0.000934
0,-0.314469,-0.072899,-0.165277,-0.041595,-0.162066,-0.068505,0.005489,0.001272
0,-0.150336,-0.118048,0.180809,-0.027606,0.163217,-0.026263,0.002624,0.00206
0,-0.388828,-0.039206,-0.245741,0.068201,-0.219438,0.1083,0.005304,0.000684
0,-0.171082,0.020917,0.196642,0.046052,0.206377,-0.002604,0.002986,0.000365
0,-0.145759,-0.14169,0.003125,-0.152614,-0.045834,-0.158511,0.002544,0.002473
0,-0.145824,0.09537,-0.022183,0.23795,-0.029159,0.285677,0.002545,0.001665
0,-0.211654,0.08608,-0.09566,-0.022599,-0.092797,-0.033095,0.003694,0.001502
0,-0.315983,-0.108929,-0.101218,-0.18165,-0.06217,-0.169205,0.005515,0.001901
0,-0.441005,-0.011521,-0.11836,0.083393,-0.14368,0.045326,0.004393,0.000201
0,-0.350248,0.044737,0.075034,0.084544,0.101439,0.058564,0.005978,0.000781
0,-0.205903,-0.043078,0.132743,-0.078091,0.090286,-0.089567,0.003594,0.000752
0,-0.486279,-0.136316,-0.296893,-0.097153,-0.301388,-0.109542,0.003603,0.002379
0,-0.354663,-0.093963,0.134495,0.061374,0.169216,0.051817,0.0059,0.00164
0,-0.227529,-0.005169,0.146663,0.072848,0.145533,0.046516,0.003971,9e-05
0,-0.334841,0.103343,-0.118872,0.132712,-0.149174,0.095506,0.005844,0.001804
0,-0.371829,-0.067943,-0.026539,-0.174672,-0.004513,-0.1518,0.005601,0.001186
0,-0.255606,-0.148644,0.143051,-0.0924,0.105591,-0.109171,0.004461,0.002594
0,-0.085468,-0.116193,0.193231,0.030011,0.171443,-0.018498,0.001492,0.002028
0,-0.360724,-0.014613,-0.29617,0.096575,-0.312444,0.052348,0.005795,0.000255
0,-0.204641,-0.128412,0.183232,-0.131803,0.182182,-0.140158,0.003572,0.002241
0,-0.115225,-0.053559,0.11283,0.06757,0.097734,0.034451,0.002011,0.000935
0,-0.093554,-0.060603,0.04095,-0.021843,0.02012,-0.011883,0.001633,0.001058
0,-0.311287,0.072119,-0.230131,0.122953,-0.266954,0.145054,0.005433,0.001259
0,-0.143122,0.006843,0.151243,-0.08937,0.159399,-0.111881,0.002498,0.000119
0,-0.287402,0.174525,-0.167779,0.197378,-0.170335,0.168508,0.005016,0.003046
0,-0.29705,0.165569,-0.018868,-0.006453,-0.040282,0.028134,0.005185,0.00289
0,-0.066952,0.149627,0.215335,-0.006554,0.185645,0.000398,0.001169,0.002611
0,-0.112167,0.01892,-0.043739,-0.156431,-0.029069,-0.168182,0.001958,0.00033
0,-0.330512,-0.048542,-0.201881,-0.079397,-0.15216,-0.032938,0.005769,0.000847
0,-0.289304,-0.01208,0.023968,0.023773,0.052266,0.057697,0.005049,0.000211
0,-0.302935,0.155066,-0.011631,0.14825,-0.025148,0.15146,0.005287,0.002706
0,-0.318901,-0.020721,0.005629,-0.193447,0.03029,-0.191136,0.005566,0.000362
0,-0.254804,0.083486,0.039966,0.117961,0.061024,0.090588,0.004447,0.001457
0,-0.189078,-0.038516,0.090333,-0.128409,0.092403,-0.12989,0.0033,0.000672
0,-0.309771,-0.131803,-0.101913,-0.121985,-0.132331,-0.099583,0.005407,0.0023
0,-0.028391,0.025398,0.289958,0.141574,0.273521,0.186809,0.000496,0.000443
0,-0.161053,-0.134815,-0.109992,-0.173773,-0.134665,-0.19869,0.002811,0.002353
0,-0.143717,-0.065019,0.012205,0.070405,0.049012,0.035714,0.002508,0.001135
0,-0.06629,0.114815,0.067497,0.180367,0.111495,0.159735,0.001157,0.002004
0,-0.112634,-0.009865,-0.021096,-0.120193,-0.013745,-0.160846,0.001966,0.000172
0,-0.238013,0.04334,-0.131012,0.03761,-0.150005,0.084574,0.004154,0.000756
0,-0.100913,-0.039054,0.144805,-0.065329,0.173104,-0.041366,0.001761,0.000682
0,-0.057316,-0.079581,0.044751,-0.031006,0.020188,-0.023211,0.001,0.001389
0,-0.079589,0.119201,-0.003286,0.180521,0.008516,0.220833,0.001389,0.00208
0,-0.092014,0.162678,0.008263,0.052451,0.033552,0.037775,0.001606,0.002839
0,-0.064503,0.074558,0.046591,-0.094887,-0.002174,-0.117313,0.001126,0.001301
0,0.133251,0.055776,0.193889,-0.007006,0.153636,0.014703,0.002326,0.000973
0,-0.096633,-0.024559,-0.217427,-0.051498,-0.171669,-0.017241,0.001687,0.000429
0,-0.176637,0.064249,-0.064658,0.096297,-0.058828,0.089712,0.003083,0.001121
0,-0.028673,-0.048417,0.175241,-0.093951,0.154563,-0.097063,0.0005,0.000845
0,0.077939,-0.014016,0.078294,0.039315,0.118838,0.003238,0.00136,0.000245
0,-0.179855,-0.120439,-0.25584,-0.107108,-0.253128,-0.156668,0.003139,0.002102
0,-0.022244,-0.1452,0.161013,-0.009884,0.195181,0.018868,0.000388,0.002534
0,0.124152,-0.042235,0.165304,0.09591,0.189115,0.079378,0.002167,0.000737
0,-0.115872,-0.068866,-0.235319,-0.041985,-0.282287,-0.078549,0.002022,0.001202
0,0.071749,-0.147861,0.197321,-0.051308,0.154235,-0.095328,0.001252,0.002581
0,0.130717,-0.016976,0.032408,0.103892,0.008304,0.071655,0.002281,0.000296
0,0.053259,-0.036013,-0.082745,-0.002999,-0.124459,-0.042058,0.00093,0.000629
0,0.001064,-0.027308,-0.049982,0.012559,-0.006216,-0.013114,1.9e-05,0.000477
0,0.163547,-0.027935,0.149075,0.020639,0.12083,0.069977,0.002854,0.000488
0,-0.1024,0.075646,-0.293394,0.091444,-0.306892,0.064372,0.001787,0.00132
0,-0.011099,-0.078989,0.081237,-0.166097,0.099143,-0.175415,0.000194,0.001379
0,0.192371,0.111741,0.191491,0.210825,0.186186,0.189974,0.003358,0.00195
0,-0.027856,0.028072,-0.237708,-0.079453,-0.246616,-0.042965,0.000486,0.00049
0,0.025177,-0.04663,0.066242,-0.080554,0.070584,-0.037006,0.000439,0.000814
0,0.033331,-0.11781,0.032089,-0.071106,0.032396,-0.098174,0.000582,0.002056
0,-0.013718,0.065812,-0.047876,0.210808,-0.015613,0.225205,0.000239,0.001149
0,0.055062,0.098125,0.069735,0.058031,0.036529,0.048777,0.000961,0.001713
0,0.134696,-0.008856,0.057265,-0.135547,0.056565,-0.134909,0.002351,0.000155
0,0.063561,0.097728,-0.066654,0.131119,-0.095251,0.084645,0.001109,0.001706
0,0.048147,0.060631,-0.018725,-0.059545,-0.008991,-0.089474,0.00084,0.001058
0,-0.069779,0.04989,-0.129493,-0.009388,-0.124714,-0.024321,0.001218,0.000871
0,-0.063365,0.095196,-0.01214,0.061197,-0.026656,0.099038,0.001106,0.001661
0,0.095921,-0.028793,0.17375,-0.140697,0.149196,-0.126654,0.001674,0.000503
0,0.180739,0.022837,0.062686,0.040236,0.069975,0.08113,0.003154,0.000399
0,0.048845,-0.099433,-0.151981,-0.121789,-0.138643,-0.158584,0.000852,0.001735
0,0.00652,-0.167851,-0.049562,-0.079748,-0.034433,-0.085327,0.000114,0.00293
0,0.12079,-0.025442,0.125023,0.160938,0.153062,0.137373,0.002108,0.000444
0,0.048704,-0.133896,-0.046937,-0.125851,0.002602,-0.106024,0.00085,0.002337
0,0.181165,0.093595,0.109289,0.221879,0.140798,0.225615,0.003162,0.001634
0,0.034233,0.033572,-0.153274,-0.075255,-0.179569,-0.113568,0.000597,0.000586
0,-0.041816,0.003063,-0.096276,-0.015336,-0.133922,-0.050524,0.00073,5.3e-05
0,0.113688,0.010461,0.149337,-0.020127,0.18245,0.005819,0.001984,0.000183
0,-0.06847,-0.119992,-0.193132,-0.103446,-0.146494,-0.110908,0.001195,0.002094
0,0.198388,0.040149,0.252317,0.15933,0.232065,0.115876,0.003463,0.000701
0,0.217665,0.068597,0.006125,0.002052,-0.014077,0.008197,0.003799,0.001197
0,0.136997,0.016826,-0.082312,-0.081043,-0.089503,-0.106711,0.002391,0.000294
0,0.114966,-0.117507,-0.012156,-0.132287,-0.03844,-0.150454,0.002007,0.002051
0,0.141867,0.080364,-0.002102,0.181623,0.016277,0.136208,0.002476,0.001403
0,-0.086625,0.132872,-0.226806,0.039873,-0.228152,0.039022,0.001512,0.002319
0,0.057259,-0.067276,0.164052,-0.17845,0.116462,-0.21886,0.000999,0.001174
0,-0.089409,0.057156,-0.152719,0.138698,-0.138855,0.118868,0.00156,0.000998
0,0.09612,-0.044464,0.156082,-0.111519,0.182406,-0.155099,0.001678,0.000776
0,-0.061962,-0.034071,-0.153453,0.005393,-0.117705,-0.012346,0.001081,0.000595
0,-0.130491,0.073905,-0.069026,0.136325,-0.066201,0.148799,0.002277,0.00129
0,-0.075243,0.034864,0.028405,-0.045216,-0.000347,-0.001278,0.001313,0.000608
0,-0.130939,0.168573,-0.066653,0.118143,-0.09643,0.089681,0.002285,0.002942
0,-0.217421,-0.0278,-0.063586,-0.19756,-0.055162,-0.172766,0.003795,0.000485
0,-0.057499,0.015313,0.150677,0.037034,0.195975,0.070654,0.001004,0.000267
0,-0.068415,0.004088,-0.009495,-0.003679,0.005683,-0.031424,0.001194,7.1e-05
0,-0.074106,-0.115535,-0.017172,-0.138333,0.023657,-0.116383,0.001293,0.002016
0,-0.182608,-0.115895,-0.08188,0.016437,-0.068106,0.004178,0.003187,0.002023
0,-0.326942,0.112441,-0.169388,0.200291,-0.148751,0.157625,0.005706,0.001962
0,-0.193232,0.098537,0.129462,-0.008564,0.162618,-0.050919,0.003373,0.00172
0,-0.302082,0.003537,-0.127773,-0.078002,-0.097145,-0.100283,0.005272,6.2e-05
0,-0.144322,-0.095983,0.168799,-0.100019,0.141682,-0.113589,0.002519,0.001675
0,-0.227839,-0.019055,-0.090068,0.069511,-0.133155,0.111887,0.003977,0.000333
0,-0.055185,-0.158862,0.194133,-0.113866,0.215658,-0.117091,0.000963,0.002773
0,-0.260895,0.107216,-0.195976,0.28572,-0.157532,0.294983,0.004553,0.001871
0,-0.195435,-0.130698,0.037638,-0.247692,0.082108,-0.246127,0.003411,0.002281
0,0.033659,-0.153391,0.242912,-0.00866,0.281935,-0.006595,0.000587,0.002677
0,-0.187526,-0.057245,-0.211985,0.110775,-0.246004,0.088792,0.003273,0.000999
0,-0.147952,0.061709,0.013627,0.119063,-0.034818,0.149548,0.002582,0.001077
0,-0.092232,-0.156322,0.085368,-0.207366,0.048902,-0.238694,0.00161,0.002728
0,-0.024059,-0.065593,0.0762,0.118121,0.105867,0.104401,0.00042,0.001145
0,0.107124,0.01678,0.104457,0.095474,0.100404,0.050538,0.00187,0.000293
0,0.11636,0.020337,0.002062,0.013913,-0.038022,0.028297,0.002031,0.000355
0,-0.015966,-0.217326,-0.149131,-0.247454,-0.145186,-0.246989,0.000279,0.003793
0,0.067166,-0.13116,0.105085,0.115044,0.097177,0.080405,0.001172,0.002289
0,0.075619,0.000428,0.03178,0.139925,0.063499,0.126466,0.00132,7e-06
0,-0.117332,-0.115244,-0.222041,-0.144008,-0.188211,-0.139742,0.002048,0.002011
0,0.086668,-0.054082,0.179892,0.058189,0.160265,0.041238,0.001513,0.000944
0,-0.035521,-0.041457,-0.139603,0.017018,-0.100108,0.034096,0.00062,0.000724
0,0.046316,0.058208,0.083192,0.102473,0.08593,0.098814,0.000808,0.001016
0,0.030607,-0.220828,0.000245,-0.252974,0.0127,-0.216787,0.000534,0.003854
0,-0.019365,-0.196724,-0.053649,0.049276,-0.043712,0.027966,0.000338,0.003433
0,-0.097918,-0.01607,-0.08432,0.176932,-0.051248,0.140205,0.001709,0.00028
0,0.051969,0.008046,0.158006,0.002869,0.197524,-0.031643,0.000907,0.00014
0,-0.257588,-0.087935,-0.299242,-0.106522,-0.318737,-0.154526,0.004496,0.001535
0,0.031439,0.083869,0.306605,0.153321,0.290932,0.202219,0.000549,0.001464
0,0.084307,0.085847,0.027492,-0.020244,0.002479,0.014333,0.001471,0.001498
0,0.072934,0.127247,0.010637,0.060729,-0.005333,0.084051,0.001273,0.002221
0,0.070365,0.008392,0.020207,-0.145948,0.009572,-0.128004,0.001228,0.000146
0,-0.0809,-0.092395,-0.153784,-0.103416,-0.184492,-0.123266,0.001412,0.001613
0,-0.142435,-0.036426,-0.088095,0.033613,-0.114084,0.039344,0.002486,0.000636
0,-0.119062,-0.140737,-0.004235,-0.090141,0.00943,-0.110784,0.002078,0.002456
0,0.068634,-0.118931,0.18297,0.00331,0.160025,-0.03521,0.001198,0.002076
0,-0.122946,0.085511,-0.175126,0.206538,-0.196834,0.166746,0.002146,0.001492
0,0.078396,-0.01703,0.221159,-0.089738,0.191678,-0.098378,0.001368,0.000297
0,-0.046876,0.082808,-0.114329,0.078678,-0.076488,0.060291,0.000818,0.001445
0,-0.233725,0.055751,-0.163565,-0.051532,-0.172875,-0.101333,0.004079,0.000973
0,-0.086224,-0.025358,0.128678,-0.085166,0.123037,-0.102658,0.001505,0.000443
0,0.004369,0.073455,0.113291,0.127604,0.073678,0.081768,7.6e-05,0.001282
0,-0.050501,-0.169873,-0.045454,-0.249186,-0.024759,-0.241291,0.000881,0.002965
0,0.060301,-0.229846,0.098906,-0.033585,0.123221,-0.005053,0.001052,0.004012
0,0.007797,0.013404,-0.046336,0.268205,-0.022154,0.23923,0.000136,0.000234
0,-0.212444,0.071107,-0.220152,0.035665,-0.26735,0.085503,0.003708,0.001241
0,-0.066759,0.099083,0.156235,0.018675,0.147585,0.027247,0.001165,0.001729
0,-0.130868,-0.011152,-0.072125,-0.125479,-0.115385,-0.121489,0.002284,0.000195
0,-0.091055,-0.202699,0.023383,-0.17852,-0.021978,-0.197602,0.001589,0.003538
0,-0.149159,-0.134442,-0.079473,0.046048,-0.051736,0.00792,0.002603,0.002346
0,0.030634,0.011584,0.151275,0.136771,0.1893,0.147897,0.000535,0.000202
0,-0.025319,-0.193684,-0.081426,-0.181415,-0.033558,-0.140277,0.000442,0.00338
0,-0.118754,-0.16189,-0.091674,0.004776,-0.097197,-0.007809,0.002073,0.002826
0,0.015445,-0.130272,0.119976,0.022697,0.072839,-0.015313,0.00027,0.002274
0,0.011977,-8.5e-05,0.014366,0.158239,-0.019886,0.119744,0.000209,1e-06
0,0.080411,0.049688,0.083051,0.058293,0.130982,0.0192,0.001403,0.000867
0,-0.042004,-0.079319,-0.108088,-0.155957,-0.126892,-0.118437,0.000733,0.001384
0,0.178942,-0.018397,0.242033,0.050132,0.212384,0.0083,0.003123,0.000321
0,0.006882,-0.111029,-0.187969,-0.089578,-0.233598,-0.085935,0.00012,0.001938
0,0.105529,-0.156463,0.102369,-0.03255,0.120944,-0.035614,0.001842,0.002731
0,-0.074847,-0.060636,-0.201164,0.081538,-0.234079,0.05149,0.001306,0.001058
0,0.01976,0.079816,0.07318,0.163198,0.029929,0.19654,0.000345,0.001393
0,0.078952,-0.173776,0.083966,-0.22997,0.051661,-0.229958,0.001378,0.003033
0,0.061258,-0.131823,-0.029526,0.01662,-0.059478,0.010654,0.001069,0.002301
0,-0.154026,-0.015039,-0.222649,0.08716,-0.199068,0.102449,0.002688,0.000262
0,0.018089,-0.125024,0.146332,-0.105585,0.110049,-0.148156,0.000316,0.002182
0,0.037213,-0.086873,0.020923,0.03055,0.062982,0.043314,0.000649,0.001516
0,-0.129139,-0.092623,-0.186162,0.017639,-0.229129,0.06726,0.002254,0.001617
0,0.064922,-0.047931,0.172908,0.02472,0.213389,-0.001932,0.001133,0.000837
0,0.091368,0.084802,0.027155,0.133556,0.011701,0.153149,0.001595,0.00148
0,0.022917,-0.092111,-0.056408,-0.155721,-0.085921,-0.127001,0.0004,0.001608
0,0.158591,-0.018006,0.113291,0.07057,0.127263,0.039481,0.002768,0.000314
0,-0.083098,0.08029,-0.227348,0.106591,-0.217347,0.094085,0.00145,0.001401
0,0.016219,0.087901,0.095475,0.000875,0.111133,-0.048721,0.000283,0.001534
0,-0.023151,-0.091987,-0.034622,-0.177095,-0.05043,-0.133069,0.000404,0.001605
0,-0.054203,-0.092452,-0.023246,-0.021576,-0.0235,-0.004594,0.000946,0.001614
0,-0.103214,-0.01074,-0.042339,0.088038,-0.05513,0.043343,0.001801,0.000187
0,0.087251,0.010901,0.165932,0.015023,0.194615,-0.026154,0.001523,0.00019
0,0.0222,-0.014697,-0.051651,-0.006406,-0.053674,-0.024595,0.000387,0.000257
0,0.046065,-0.088219,0.037253,-0.064201,0.023181,-0.04625,0.000804,0.00154
0,0.00109,0.01841,-0.031528,0.119534,-0.02301,0.092154,1.9e-05,0.000321
0,0.000709,-0.101094,-0.025197,-0.121762,-0.005397,-0.087062,1.2e-05,0.001764
0,0.099822,0.039331,0.115791,0.145803,0.117562,0.137693,0.001742,0.000686
0,0.050278,0.139468,-0.047228,0.106384,-0.055363,0.071411,0.000878,0.002434
0,-0.035198,-0.066191,-0.059861,-0.235624,-0.091235,-0.275257,0.000614,0.001155
0,-0.203035,-0.007591,-0.14473,0.076903,-0.156414,0.055536,0.003544,0.000132
0,0.07483,-0.080828,0.297061,-0.087218,0.264576,-0.114786,0.001306,0.001411
0,0.039577,0.149513,-0.048919,0.208579,-0.090024,0.168525,0.000691,0.002609
0,-0.04246,-0.093606,-0.060873,-0.241365,-0.092398,-0.290315,0.000741,0.001634
0,-0.120194,0.048478,-0.081245,0.137837,-0.064565,0.17809,0.002098,0.000846
0,-0.124789,-0.095497,0.009442,-0.133708,0.013341,-0.167891,0.002178,0.001667
0,-0.231789,0.050574,-0.096075,0.143681,-0.121957,0.167257,0.004045,0.000883
0,0.07986,0.00741,0.335613,-0.018179,0.299009,-0.012426,0.001394,0.000129
0,-0.135053,0.137852,-0.243544,0.128806,-0.291398,0.112414,0.002357,0.002406
0,0.060162,-0.067052,0.169692,-0.195748,0.171326,-0.19301,0.00105,0.00117
0,-0.156511,-0.045638,-0.18992,0.037293,-0.162387,0.068698,0.002732,0.000797
0,0.068167,-0.081517,0.218438,-0.054169,0.230283,-0.020793,0.00119,0.001423
0,-0.023387,-0.069867,-0.112832,0.007347,-0.069568,-0.008638,0.000408,0.001219
0,-0.14395,0.107975,-0.114022,0.17791,-0.108255,0.17161,0.002512,0.001885
0,-0.014306,-0.100096,0.109952,-0.194169,0.15426,-0.173928,0.00025,0.001747
0,-0.102,-0.047515,-0.074543,0.069205,-0.048129,0.037824,0.00178,0.000829
0,-0.037097,-0.119057,0.092351,-0.070959,0.080216,-0.099055,0.000647,0.002078
0,-0.185228,-0.067438,-0.175577,0.032231,-0.142411,0.003791,0.003233,0.001177
0,-0.148076,-0.045755,0.052928,0.001741,0.087364,0.029692,0.002584,0.000799
0,-0.214875,0.033978,-0.050385,0.067173,-0.068175,0.023973,0.00375,0.000593
0,0.041182,-0.023173,0.250053,-0.086096,0.262575,-0.06285,0.000719,0.000404
0,0.029979,-0.048795,-0.013058,-0.022493,-0.049494,-0.009373,0.000523,0.000852
0,-0.23701,-0.131012,-0.246213,-0.110809,-0.25954,-0.105555,0.004137,0.002287
0,-0.260712,0.013682,-0.017063,0.168583,-0.008883,0.177593,0.00455,0.000239
0,-0.008927,0.119585,0.251334,0.119689,0.269004,0.108437,0.000156,0.002087
0,-0.140435,0.108549,-0.160192,-0.010825,-0.152598,0.027128,0.002451,0.001895
0,-0.041059,-0.068182,0.114838,-0.156871,0.154645,-0.116602,0.000717,0.00119
0,-0.093077,0.129481,-0.056012,0.21717,-0.034129,0.228,0.001624,0.00226
0,-0.068116,0.04304,0.02989,-0.108141,-0.010932,-0.137137,0.001189,0.000751
0,-0.208587,0.051209,-0.136942,0.007072,-0.182827,-0.024822,0.003641,0.000894
0,-0.154752,-0.070045,0.025948,-0.097446,0.009611,-0.091674,0.002701,0.001223
0,-0.100897,0.045067,0.054393,0.099675,0.046755,0.09413,0.001761,0.000787
0,-0.112106,0.171078,0.009887,0.120277,0.052432,0.115942,0.001957,0.002986
0,-0.036725,-0.041116,0.086653,-0.199991,0.096581,-0.17561,0.000641,0.000718
0,0.015401,-0.11202,0.055816,-0.092713,0.10534,-0.09628,0.000269,0.001955
0,0.112515,0.1782,0.081837,0.306233,0.089762,0.258598,0.001964,0.00311
0,0.03915,-0.036547,-0.072173,-0.224915,-0.032061,-0.18396,0.000683,0.000638
0,-0.02028,0.050542,-0.067833,0.10075,-0.108235,0.104193,0.000354,0.000882
0,-0.139145,0.112433,-0.095431,0.079414,-0.144927,0.105121,0.002429,0.001962
0,-0.087899,-0.042492,0.046652,-0.177016,0.031295,-0.13125,0.001534,0.000742
0,0.008576,-0.088065,0.111841,-0.060208,0.090189,-0.028889,0.00015,0.001537
0,0.022802,0.153913,0.029173,0.232397,0.068622,0.192854,0.000398,0.002686
0,-0.226818,-0.045075,-0.238089,-0.204033,-0.21097,-0.204863,0.003959,0.000787
0,0.094914,0.051962,0.293371,0.079829,0.300744,0.073407,0.001657,0.000907
0,-0.200295,0.010356,-0.272592,-0.064443,-0.262673,-0.039159,0.003496,0.000181
0,-0.034141,-0.123098,0.165662,-0.119974,0.176624,-0.102805,0.000596,0.002148
0,-0.024088,1.627881,-0.002539,1.768223,0.018696,1.745987,0.00042,0.004231
0,0.490638,2.415737,0.521755,0.794851,0.480381,0.787915,0.003527,0.005891
0,0.314344,2.185547,-0.167564,-0.209455,-0.123644,-0.188931,0.005486,0.001874
0,0.479099,1.697468,0.146222,-0.486979,0.162459,-0.454706,0.003729,0.005445
0,0.388375,1.793646,-0.119907,0.12088,-0.116334,0.148475,0.005312,0.004966
0,0.2977,1.262039,-0.078562,-0.530003,-0.095264,-0.522983,0.005196,0.002154
0,0.075002,0.992926,-0.205828,-0.255102,-0.232847,-0.261319,0.001309,0.005239
0,0.098793,0.982833,-0.006076,0.016282,-0.038131,0.055145,0.001724,0.005063
0,0.197814,0.587666,0.092201,-0.384006,0.092888,-0.356958,0.003453,0.001834
0,0.125456,0.291343,-0.100735,-0.286577,-0.121191,-0.304626,0.00219,0.005085
0,0.098242,0.309911,-0.010512,0.038322,-0.043868,0.039731,0.001715,0.005409
0,0.01135,0.279229,-0.05911,-0.014264,-0.09089,-0.030352,0.000198,0.004873
0,0.041217,0.186409,0.034839,-0.103707,0.061298,-0.061596,0.000719,0.003253
0,-0.082387,0.089087,-0.109233,-0.115445,-0.097763,-0.132286,0.001438,0.001555
0,0.144273,0.085644,0.197638,-0.029983,0.238134,-0.057648,0.002518,0.001495
0,-0.045419,0.28639,-0.19961,0.20457,-0.229938,0.202248,0.000793,0.004998
0,0.162929,0.223933,0.191246,-0.059417,0.234476,-0.037884,0.002844,0.003908
0,-0.06422,0.241571,-0.237138,0.021391,-0.252234,0.069725,0.001121,0.004216
0,-0.030415,0.190371,0.005937,-0.044787,-0.016913,-0.082626,0.000531,0.003323
0,0.038048,0.208383,0.098121,0.010472,0.053032,-0.00541,0.000664,0.003637
0,0.009356,0.213719,-0.018358,0.020419,-0.01398,0.05865,0.000163,0.00373
0,-0.101245,0.308143,-0.119314,0.121801,-0.160159,0.07228,0.001767,0.005378
0,-0.023273,0.024317,0.05239,-0.253976,0.048265,-0.248446,0.000406,0.000424
0,-0.099673,0.208751,-0.07864,0.195347,-0.096775,0.238145,0.00174,0.003643
0,0.147102,0.151446,0.262789,-0.083848,0.217096,-0.119219,0.002567,0.002643
0,0.016754,0.069268,-0.157397,-0.088398,-0.149868,-0.110056,0.000292,0.001209
0,0.043425,0.122391,0.003323,0.061093,0.039777,0.104209,0.000758,0.002136
0,-0.030423,0.081989,-0.078485,-0.061015,-0.06256,-0.110441,0.000531,0.001431
0,0.059897,0.308769,0.081553,0.255047,0.100204,0.216333,0.001045,0.005389
0,0.135137,0.283907,0.057076,-0.031175,0.088756,-0.05444,0.002359,0.004955
0,0.113763,0.334449,-0.016197,0.041892,-0.044875,0.016867,0.001986,0.005837
0,0.132554,0.221861,0.016412,-0.14197,0.013929,-0.096623,0.002314,0.003872
0,0.154981,0.147444,-0.004257,-0.046671,-0.017928,-0.008395,0.002705,0.002573
0,0.031106,0.099178,-0.119093,-0.042703,-0.081389,-0.059535,0.000543,0.001731
0,0.125327,0.084306,0.100768,0.010565,0.091188,0.052911,0.002187,0.001471
0,0.078973,0.110503,-0.052886,0.002423,-0.072694,0.003216,0.001378,0.001929
0,-0.037314,0.308153,-0.144397,0.189674,-0.178596,0.219599,0.000651,0.005378
0,-0.181375,0.124568,-0.135351,-0.204502,-0.175086,-0.190976,0.003166,0.002174
0,-0.074094,-0.019796,0.132525,-0.123096,0.113993,-0.124728,0.001293,0.000346
0,0.002917,0.227128,0.09666,0.233283,0.104065,0.197073,5.1e-05,0.003964
0,0.06943,0.148981,0.062354,-0.081847,0.086816,-0.076093,0.001212,0.0026
0,0.074022,0.219498,-0.016235,0.088079,0.023299,0.12524,0.001292,0.003831
0,-0.231361,0.147146,-0.332969,-0.063576,-0.351491,-0.040011,0.004038,0.002568
0,0.012093,0.251371,0.256251,0.075841,0.274319,0.087428,0.000211,0.004387
0,-0.148049,0.20553,-0.165919,-0.026259,-0.154935,-0.044788,0.002584,0.003587
0,-0.053654,0.175448,0.080292,-0.000502,0.103472,-0.046282,0.000936,0.003062
0,0.082927,0.051753,0.149264,-0.123318,0.11665,-0.162431,0.001447,0.000903
0,0.097859,0.203626,0.027375,0.151672,0.002837,0.120415,0.001708,0.003554
0,0.057165,0.00016,-0.045382,-0.207815,-0.029037,-0.165428,0.000998,3e-06
0,0.086924,0.254919,0.014727,0.281353,0.031341,0.273745,0.001517,0.004449
0,-0.042922,0.189654,-0.144393,-0.042538,-0.13171,-0.030177,0.000749,0.00331
0,-0.016833,0.176182,0.018772,-0.029089,0.018568,-0.008601,0.000294,0.003075
0,-0.144977,0.103947,-0.144679,-0.07518,-0.113965,-0.086035,0.00253,0.001814
0,0.035767,0.135336,0.156584,0.035461,0.149887,0.069894,0.000624,0.002362
0,-0.14843,0.071407,-0.201053,-0.044189,-0.214091,-0.060622,0.002591,0.001246
0,0.169003,0.233363,0.329547,0.184729,0.376044,0.200759,0.00295,0.004073
0,-0.015543,-0.012175,-0.163751,-0.256665,-0.117038,-0.208586,0.000271,0.000212
0,-0.002379,0.088742,-0.014471,0.109209,-0.038604,0.151628,4.2e-05,0.001549
0,-0.048901,0.015063,-0.060635,-0.04692,-0.033258,-0.034989,0.000853,0.000263
0,0.005012,0.036472,0.056623,0.023561,0.036075,0.026667,8.7e-05,0.000637
0,0.053394,0.110704,0.065787,0.095836,0.070008,0.094479,0.000932,0.001932
0,-0.122963,0.199884,-0.16411,0.113416,-0.16833,0.10589,0.002146,0.003489
0,0.092776,0.114574,0.205622,-0.104779,0.195714,-0.148403,0.001619,0.002
0,0.041233,0.062982,-0.045672,-0.033074,-0.050492,-0.009619,0.00072,0.001099
0,-0.155822,0.128624,-0.213033,0.038456,-0.209591,0.030218,0.00272,0.002245
0,-0.095886,0.229718,0.07381,0.119981,0.085689,0.13216,0.001674,0.004009
0,-0.068243,0.201114,0.010883,-0.054898,0.020684,-0.068907,0.001191,0.00351
0,-0.187693,-0.029579,-0.141073,-0.242224,-0.138072,-0.242361,0.003276,0.000516
0,-0.055728,-0.100823,0.159772,-0.094529,0.144431,-0.144302,0.000973,0.00176
0,0.944208,1.100017,1.020703,1.222773,1.002267,1.209769,0.004389,0.004982
0,1.593919,1.593563,0.659988,0.512951,0.694037,0.486203,0.003638,0.003632
0,2.761913,1.612256,1.188444,-0.008386,1.155636,-0.012612,0.000157,0.003958
0,2.870747,1.46706,0.118526,-0.165372,0.120491,-0.14425,0.001742,0.001424
0,2.850647,1.52074,-0.026428,0.057918,-0.015791,0.069482,0.001391,0.002361
0,2.783681,1.269267,-0.090793,-0.232841,-0.118446,-0.189177,0.000222,0.002028
0,2.559909,1.228053,-0.227891,-0.064784,-0.21769,-0.106923,0.003683,0.002747
0,1.975305,0.533787,-0.601403,-0.714017,-0.58209,-0.684059,0.001796,0.002774
0,1.30051,0.45061,-0.658889,-0.060345,-0.631907,-0.023379,0.001483,0.004226
0,0.566566,0.106123,-0.741451,-0.3422,-0.769295,-0.360195,0.002202,0.001852
0,0.174088,0.170994,-0.401408,0.079602,-0.380644,0.097725,0.003038,0.002984
0,0.22721,0.032071,0.074726,-0.127139,0.053456,-0.107318,0.003966,0.00056
0,0.04925,-0.157119,-0.172223,-0.167174,-0.132063,-0.12847,0.00086,0.002742
0,-0.089582,-0.163784,-0.140873,-0.014143,-0.153536,-0.015337,0.001564,0.002859
0,-0.305304,-0.333707,-0.21217,-0.180858,-0.229127,-0.170522,0.005329,0.005824
0,-0.26347,-0.113174,0.05506,0.21504,0.010775,0.214668,0.004598,0.001975
0,-0.264906,-0.259681,0.011468,-0.162447,-0.027888,-0.15945,0.004623,0.004532
0,-0.157449,-0.157832,0.108172,0.122448,0.12482,0.075135,0.002748,0.002755
0,0.041903,-0.237317,0.188855,-0.101648,0.193423,-0.107165,0.000731,0.004142
0,-0.258055,-0.346739,-0.28255,-0.120621,-0.25745,-0.091957,0.004504,0.006039
0,-0.01487,-0.374492,0.2153,-0.00449,0.244532,-0.036312,0.00026,0.005554
0,-0.074691,-0.102041,-0.051828,0.294882,-0.062426,0.321079,0.001304,0.001781
0,-0.224465,-0.289696,-0.138211,-0.198987,-0.1682,-0.19363,0.003918,0.005056
0,-0.149945,-0.284147,0.09565,0.002944,0.145368,0.008046,0.002617,0.004959
0,0.058717,-0.270007,0.231724,0.011702,0.272588,0.040024,0.001025,0.004713
0,-0.159596,-0.132661,-0.197065,0.152043,-0.166145,0.169886,0.002785,0.002315
0,-0.198245,-0.013133,-0.042448,0.108367,-0.012109,0.100572,0.00346,0.000229
0,-0.0062,-0.140741,0.209755,-0.122929,0.259163,-0.084577,0.000108,0.002456
0,-0.095409,-0.100319,-0.096768,0.011647,-0.130169,0.007858,0.001665,0.001751
0,0.003315,-0.185732,0.070798,-0.114433,0.09277,-0.067659,5.8e-05,0.003242
0,-0.157917,-0.204337,-0.159465,-0.037711,-0.162675,-0.055431,0.002756,0.003566
0,-0.154026,-0.155145,0.028804,0.062617,0.010609,0.027866,0.002688,0.002708
0,-0.179567,-0.117903,-0.030362,0.012181,-0.040285,0.054014,0.003134,0.002058
0,-0.03271,0.007914,0.131233,0.119681,0.128628,0.157182,0.000571,0.000138
0,-0.08517,-0.055099,-0.036309,-0.059017,-0.010459,-0.060856,0.001486,0.000962
0,-0.075366,0.044987,0.007786,0.109941,-0.013891,0.116206,0.001315,0.000785
0,-0.172248,-0.177344,-0.112818,-0.217413,-0.148208,-0.222134,0.003006,0.003095
0,-0.065981,0.087054,0.076671,0.242936,0.107736,0.222785,0.001152,0.001519
0,0.056809,0.078304,0.093744,0.013957,0.123123,0.034634,0.000992,0.001367
0,-0.114918,-0.005737,-0.181935,-0.103015,-0.175123,-0.105716,0.002006,0.0001
0,-0.054789,-0.121407,0.071842,-0.089051,0.065399,-0.106758,0.000956,0.002119
0,-0.148482,-0.014731,-0.077132,0.134935,-0.114287,0.124673,0.002592,0.000257
0,-0.197481,-0.07425,-0.04859,-0.035788,-0.065232,0.008056,0.003447,0.001296
0,-0.181483,0.135661,0.019642,0.212237,0.068709,0.256874,0.003167,0.002368
0,-0.056591,0.047562,0.117445,-0.096222,0.08031,-0.070657,0.000988,0.00083
0,-0.188578,0.022189,-0.157144,-0.04551,-0.154375,-0.029302,0.003291,0.000387
0,-0.027288,-0.052369,0.168258,-0.073704,0.161748,-0.050435,0.000476,0.000914
0,-0.114542,0.192528,-0.111671,0.262522,-0.155707,0.213863,0.001999,0.00336
0,-0.139143,-8.2e-05,-0.012226,-0.207073,0.021449,-0.182801,0.002429,1e-06
0,-0.008539,0.046221,0.1034,0.054759,0.115027,0.086458,0.000149,0.000807
0,-0.056652,0.143533,-0.03406,0.086502,-0.001117,0.135216,0.000989,0.002505
0,-0.033714,0.037284,-0.001507,-0.103844,-0.035783,-0.142692,0.000588,0.000651
0,-0.009484,0.087653,0.012777,0.041079,-0.027003,0.010815,0.000166,0.00153
0,-0.038062,0.170227,-0.046542,0.070506,-0.042146,0.075026,0.000664,0.002971
0,-0.244449,0.04192,-0.221339,-0.140959,-0.19247,-0.124249,0.004266,0.000732
0,0.089841,0.0692,0.357994,0.013607,0.371825,-0.028216,0.001568,0.001208
0,-0.111574,0.071351,-0.213862,-0.01333,-0.209432,0.005365,0.001947,0.001245
0,-0.013222,-0.028158,0.122932,-0.120929,0.149983,-0.13905,0.000231,0.000491
0,-0.049309,-0.158528,-0.047527,-0.11423,-0.083403,-0.118938,0.000861,0.002767
0,0.021224,-0.099123,0.076916,0.036418,0.044312,0.021686,0.00037,0.00173
0,-0.046748,0.085992,-0.04191,0.210876,-0.047145,0.168936,0.000816,0.001501
0,-0.107103,-0.099758,-0.057208,-0.192639,-0.095127,-0.198413,0.001869,0.001741
0,0.091851,0.100211,0.185081,0.190215,0.15781,0.166717,0.001603,0.001749
0,0.052289,0.052773,-0.042974,-0.062876,-0.086785,-0.070556,0.000913,0.000921
0,-0.136197,-0.130639,-0.176749,-0.176442,-0.189989,-0.163374,0.002377,0.00228
0,-0.001372,-0.065335,0.126664,0.03725,0.167402,0.002126,2.4e-05,0.00114
0,0.077508,-0.050179,0.083847,0.012739,0.071359,0.059516,0.001353,0.000876
0,0.079066,0.04171,-0.000337,0.075425,-0.015076,0.121713,0.00138,0.000728
0,0.004473,-0.109351,-0.047631,-0.158571,-0.042193,-0.124075,7.8e-05,0.001909
0,0.011193,-0.135952,0.028012,-0.011163,0.051817,-0.047373,0.000195,0.002373
0,0.080941,0.078646,0.082674,0.217671,0.115719,0.264096,0.001413,0.001373
0,0.011599,-0.100495,-0.063827,-0.203611,-0.05315,-0.203935,0.000202,0.001754
0,-0.150658,-0.188284,-0.159189,-0.063976,-0.148154,-0.043324,0.002629,0.003286
0,-0.108029,-0.183406,0.060049,0.022196,0.092613,-0.008823,0.001885,0.003201
0,0.042144,-0.030363,0.170982,0.149245,0.215394,0.111021,0.000736,0.00053
0,0.038388,-0.02142,-0.02716,0.030113,0.001302,0.037544,0.00067,0.000374
0,0.000463,-0.01212,-0.032433,0.007503,-0.046385,0.053079,8e-06,0.000212
0,0.075062,-0.020918,0.061901,-0.034829,0.0883,-0.034211,0.00131,0.000365
0,0.128644,0.038994,0.040064,0.067045,0.031608,0.046022,0.002245,0.000681
0,-0.075707,0.029146,-0.17904,-0.037231,-0.191816,-0.039761,0.001321,0.000509
0,-0.052021,-0.140093,0.028031,-0.149408,0.040049,-0.177305,0.000908,0.002445
0,-0.071976,-0.026473,-0.033308,0.126329,-0.037444,0.080603,0.001256,0.000462
0,-0.017124,0.066387,0.059584,0.107466,0.078724,0.14867,0.000299,0.001159
0,0.055508,-0.047773,0.055621,-0.086772,0.103151,-0.05495,0.000969,0.000834
0,0.008462,-0.118336,-0.053798,-0.055719,-0.035261,-0.032884,0.000148,0.002065
0,0.072268,-0.085987,0.066258,0.012019,0.095653,-0.00663,0.001261,0.001501
0,0.078983,-0.07654,-0.013938,0.022889,-0.03079,0.003056,0.001379,0.001336
0,-0.176567,-0.000719,-0.252072,0.065416,-0.226125,0.093533,0.003082,1.3e-05
0,0.068589,-0.162254,0.216606,-0.162366,0.238829,-0.182028,0.001197,0.002832
0,-0.089419,-0.120538,-0.168251,0.026134,-0.151329,0.067547,0.001561,0.002104
0,-0.043548,-0.131123,0.020172,-0.004561,0.004183,0.020396,0.00076,0.002289
0,-0.034293,-0.076702,0.038986,0.048713,-0.003576,0.024566,0.000599,0.001339
0,-0.041092,-0.014403,0.015342,0.038283,0.017334,-0.010519,0.000717,0.000251
0,0.15142,0.012114,0.188813,0.010828,0.219348,0.046026,0.002643,0.000211
0,-0.011941,0.064849,-0.17387,0.074445,-0.201577,0.123287,0.000208,0.001132
0,0.014462,-0.031843,0.050439,-0.104381,0.050737,-0.071194,0.000252,0.000556
0,0.064796,-0.142157,0.027705,-0.09952,-0.019604,-0.144245,0.001131,0.002481
0,-0.092683,-0.174147,-0.165361,-0.035706,-0.212299,-0.060293,0.001618,0.003039
0,-0.171422,0.047967,-0.050951,0.22893,-0.064661,0.223466,0.002992,0.000837
0,0.126946,-0.222391,0.314448,-0.257753,0.277558,-0.259325,0.002216,0.003881
0,0.042354,-0.15438,-0.077008,0.073649,-0.067446,0.065897,0.000739,0.002694
0,-0.155075,0.019865,-0.179852,0.157399,-0.163153,0.184223,0.002707,0.000347
0,0.039006,0.072455,0.219509,0.073487,0.244032,0.078312,0.000681,0.001265
0,-0.099617,0.026192,-0.129756,-0.023011,-0.141772,-0.033748,0.001739,0.000457
0,-0.095756,-0.110877,-0.006074,-0.135654,0.012922,-0.118479,0.001671,0.001935
0,0.097772,0.075669,0.194843,0.16045,0.23408,0.122463,0.001706,0.001321
0,-0.04507,-0.160927,-0.16789,-0.209655,-0.199488,-0.249336,0.000787,0.002809
0,0.078889,0.047656,0.145108,0.190336,0.112853,0.151244,0.001377,0.000832
0,-0.092748,0.039402,-0.190376,0.00237,-0.191029,-0.037656,0.001619,0.000688
0,0.13828,-0.01663,0.223963,-0.082664,0.262661,-0.108722,0.002413,0.00029
0,0.180605,-0.05609,0.041438,-0.027175,0.068804,-0.013315,0.003152,0.000979
0,-0.06858,0.016353,-0.251937,0.070336,-0.286428,0.120214,0.001197,0.000285
0,0.047574,0.038392,0.142512,0.039305,0.167944,0.005406,0.00083,0.00067
0,0.035417,0.028689,-0.013307,0.017459,-0.012271,-0.013952,0.000618,0.000501
0,0.015211,0.005659,0.004192,-0.040484,0.009271,-0.041928,0.000265,9.9e-05
0,0.083861,-0.194644,0.065305,-0.221049,0.108472,-0.258443,0.001464,0.003397
0,0.073231,-0.115861,-0.011847,0.104386,0.010689,0.117134,0.001278,0.002022
0,-0.111406,-0.151216,-0.175664,-0.032135,-0.167607,-0.007113,0.001944,0.002639
0,-0.09765,0.050778,-0.005126,0.212787,-0.021844,0.171376,0.001704,0.000886
0,-0.12235,0.02111,-0.043375,-0.040777,-0.024028,0.002694,0.002135,0.000368
0,0.122668,0.003402,0.223957,-0.011055,0.218962,-0.053102,0.002141,5.9e-05
0,0.08219,-0.123451,-0.018492,-0.108321,-0.006775,-0.07845,0.001434,0.002155
0,-0.025177,-0.133793,-0.109724,-0.035854,-0.084578,-0.026697,0.000439,0.002335
0,0.164812,0.09246,0.205009,0.212443,0.234799,0.16679,0.002877,0.001614
0,0.020531,-0.064965,-0.169301,-0.144503,-0.122057,-0.141477,0.000358,0.001134
0,0.274024,0.037451,0.259459,0.115454,0.248749,0.087093,0.004783,0.000654
0,0.254298,0.012656,-0.026375,-0.040127,-0.074196,-0.077883,0.004438,0.000221
0,0.176387,-0.148842,-0.059065,-0.187113,-0.106106,-0.139056,0.003079,0.002598
0,-0.033664,-0.090144,-0.207847,0.061475,-0.233984,0.025464,0.000588,0.001573
0,-5.033131,-0.280502,-5.028408,-0.21721,-5.06054,-0.189917,0.003211,0.004896
0,-5.69582,-0.62675,-0.684038,-0.337189,-0.69331,-0.297086,0.002687,0.001152
0,-5.18469,-1.031405,0.521776,-0.398811,0.508218,-0.389067,0.005857,0.005911
0,-5.49358,-1.04281,-0.329677,0.013166,-0.299128,-0.004403,0.000843,0.005981
0,-3.681846,-0.854749,1.821357,0.214987,1.788278,0.171228,0.003808,0.002828
0,-3.079115,-0.858842,0.577987,-0.011025,0.599986,-0.035053,0.005379,0.002899
0,-2.590691,-0.650418,0.515295,0.221164,0.516035,0.25009,0.003146,0.000739
0,-1.508781,-0.474191,1.081224,0.151508,1.037275,0.195493,0.002152,0.003814
0,-0.546432,-0.203956,0.989629,0.242861,0.952314,0.246163,0.002553,0.00356
0,-0.220369,-0.226594,0.332869,-0.041114,0.332631,-0.042395,0.003846,0.003955
0,-0.012775,-0.137253,0.183193,0.087089,0.230361,0.084616,0.000223,0.002396
0,0.280381,-0.190433,0.311554,-0.061061,0.323985,-0.024974,0.004894,0.003324
0,0.359321,-0.021195,0.068812,0.167587,0.025731,0.179514,0.005819,0.00037
0,0.193438,-0.196463,-0.186523,-0.145971,-0.174798,-0.138606,0.003376,0.003429
0,0.316605,-0.002835,0.117608,0.180847,0.157879,0.170881,0.005526,4.9e-05
0,0.188802,-0.131183,-0.118626,-0.130481,-0.162664,-0.08185,0.003295,0.00229
0,0.180305,-0.037056,-0.024702,0.078098,0.024575,0.031872,0.003147,0.000647
0,0.321077,0.07467,0.167034,0.100399,0.19632,0.118625,0.005604,0.001303
0,0.310179,-0.161523,-0.001548,-0.210321,-0.005735,-0.259098,0.005414,0.002819
0,0.178215,0.003156,-0.152435,0.152988,-0.113782,0.124966,0.00311,5.5e-05
0,0.239462,0.025296,0.060386,0.004088,0.037924,0.000138,0.004179,0.000441
0,0.325825,-0.107568,0.072916,-0.153458,0.108317,-0.186469,0.005687,0.001877
0,0.181906,-0.032733,-0.172893,0.088258,-0.14883,0.099948,0.003175,0.000571
0,0.427714,0.03016,0.232408,0.036851,0.240752,0.062934,0.004625,0.000526
0,0.30639,-0.098517,-0.131445,-0.155298,-0.170245,-0.169009,0.005348,0.001719
0,0.406903,-0.010647,0.074013,0.065804,0.093817,0.106155,0.004989,0.000186
0,0.360662,0.013303,-0.016384,0.001598,-0.037316,0.010076,0.005796,0.000232
0,0.42975,0.041869,0.044936,0.007869,0.041984,0.030128,0.00459,0.000731
0,0.276915,-0.079759,-0.178405,-0.094019,-0.212314,-0.080563,0.004833,0.001392
0,0.264514,-0.112379,-0.040491,-0.023117,-0.069156,0.011364,0.004617,0.001961
0,0.367348,-0.072087,0.09125,0.034357,0.125065,0.031255,0.005679,0.001258
0,0.24397,-0.152321,-0.144666,-0.071268,-0.162078,-0.109516,0.004258,0.002658
0,0.35952,0.11741,0.110227,0.244211,0.119587,0.27753,0.005816,0.002049
0,0.425374,0.131398,0.062589,0.037471,0.057991,0.063309,0.004666,0.002293
0,0.256473,0.0875,-0.156596,-0.026181,-0.154652,-0.011688,0.004476,0.001527
0,0.331408,0.039817,0.081054,-0.048105,0.109716,-0.052392,0.005784,0.000695
0,0.223882,-0.059415,-0.102821,-0.113109,-0.088042,-0.064805,0.003907,0.001037
0,0.23689,0.102806,-0.011753,0.180399,-0.007718,0.133874,0.004135,0.001794
0,0.235734,0.162235,-0.000431,0.048593,0.032657,0.098578,0.004114,0.002832
0,0.395356,0.176099,0.157463,0.026074,0.167579,0.001819,0.00519,0.003074
0,0.426694,-0.02988,0.015764,-0.220241,-0.027795,-0.24217,0.004643,0.000522
0,0.420576,0.080402,-0.012704,0.080437,-0.046454,0.080776,0.00475,0.001403
0,0.185528,-0.025338,-0.230323,-0.104703,-0.193801,-0.116044,0.003238,0.000442
0,0.12427,0.133275,-0.059934,0.177566,-0.038984,0.164017,0.002169,0.002326
0,0.261125,0.092966,0.144788,-0.056308,0.179946,-0.080329,0.004557,0.001623
0,0.336011,0.125828,0.07194,0.052414,0.102932,0.075241,0.005864,0.002196
0,0.280561,0.052837,-0.05151,-0.052248,-0.078039,-0.099747,0.004897,0.000922
0,0.214577,-0.022614,-0.090887,-0.074054,-0.127415,-0.098569,0.003745,0.000395
0,-0.007313,-0.033109,-0.245412,-0.007496,-0.236345,0.035623,0.000128,0.000578
0,0.155677,0.025062,0.188917,0.034015,0.226339,0.007819,0.002717,0.000437
0,0.229097,0.115127,0.0541,0.118736,0.015978,0.140665,0.003999,0.002009
0,0.314188,0.178243,0.069476,0.072807,0.020317,0.107782,0.005484,0.003111
0,0.098212,-0.060179,-0.187402,-0.24464,-0.172717,-0.202229,0.001714,0.00105
0,0.260663,0.125099,0.190621,0.192641,0.220479,0.180878,0.004549,0.002183
0,0.259899,0.077231,0.026685,-0.048538,-0.003923,-0.092548,0.004536,0.001348
0,0.142166,-0.080745,-0.110075,-0.132467,-0.094407,-0.174874,0.002481,0.001409
0,0.233305,0.094188,0.070252,0.176132,0.093447,0.159773,0.004072,0.001644
0,0.189837,-0.004535,-0.024905,-0.091266,-0.029012,-0.105857,0.003313,7.9e-05
0,0.147743,0.018117,-0.029036,0.052234,-0.05138,0.070634,0.002579,0.000316
0,0.053387,-0.056499,-0.085367,-0.090325,-0.134467,-0.085679,0.000932,0.000986
0,0.186767,-0.026061,0.1432,0.01601,0.093828,-0.030454,0.00326,0.000455
0,0.151906,0.128031,-0.010435,0.167358,-0.036336,0.149584,0.002651,0.002235
0,0.349,-0.106757,0.213966,-0.220306,0.199381,-0.212928,0.005999,0.001863
0,0.304172,0.134917,-0.018495,0.238509,-0.050699,0.254114,0.005309,0.002355
0,0.223284,-0.042466,-0.077943,-0.182576,-0.043574,-0.232112,0.003897,0.000741
0,0.305853,-0.101162,0.096296,-0.086647,0.089693,-0.12271,0.005338,0.001766
0,0.249786,0.028213,-0.063949,0.155863,-0.100978,0.131643,0.00436,0.000492
0,0.253958,0.072997,0.034117,0.043815,0.079633,0.071256,0.004432,0.001274
0,0.293627,-0.013196,0.027452,-0.086859,-0.003353,-0.056208,0.005125,0.00023
0,0.197421,0.032414,-0.084035,0.019047,-0.085764,-0.008316,0.003446,0.000566
0,0.019845,0.057419,-0.173651,0.054775,-0.196292,0.005436,0.000346,0.001002
0,0.221371,0.08912,0.226293,0.017325,0.192396,-0.026568,0.003864,0.001555
0,0.283806,0.12928,0.042648,0.015296,0.054203,0.007782,0.004953,0.002256
0,0.14448,0.155321,-0.1552,0.03349,-0.142533,0.017648,0.002522,0.002711
0,0.263785,0.092331,0.118853,-0.078356,0.09196,-0.063848,0.004604,0.001611
0,0.10483,0.073107,-0.155909,-0.02402,-0.152332,-0.030319,0.00183,0.001276
0,0.183049,0.061378,0.069893,-0.03412,0.099932,0.010664,0.003195,0.001071
0,0.303377,0.170142,0.098429,0.109057,0.094657,0.06142,0.005295,0.00297
0,0.282756,-0.046072,-0.004066,-0.225945,-0.012279,-0.236303,0.004935,0.000804
0,0.196769,0.142608,-0.09499,0.204237,-0.073169,0.253744,0.003434,0.002489
0,0.292435,0.061369,0.116628,-0.059397,0.073729,-0.025418,0.005104,0.001071
0,0.142125,-0.012759,-0.129566,-0.076846,-0.156445,-0.078546,0.002481,0.000223
0,0.237999,-0.08137,0.079787,-0.070725,0.078563,-0.081209,0.004154,0.00142
0,0.235155,0.11858,-0.03079,0.206431,-0.030024,0.236138,0.004104,0.00207
0,0.022095,-0.045331,-0.192349,-0.160616,-0.224292,-0.156203,0.000386,0.000791
0,0.055899,0.044857,0.045384,0.089322,0.043601,0.080687,0.000976,0.000783
0,0.169645,-0.010663,0.107329,-0.034313,0.061568,-0.025832,0.002961,0.000186
0,0.069556,0.145863,-0.092584,0.137326,-0.126794,0.133561,0.001214,0.002546
0,-0.074173,-0.008329,-0.170047,-0.160462,-0.151064,-0.186934,0.001295,0.000145
0,0.163562,0.077937,0.214394,0.072056,0.169766,0.06153,0.002855,0.00136
0,-0.030804,-0.095704,-0.191647,-0.15337,-0.164472,-0.164972,0.000538,0.00167
0,0.160044,0.009287,0.212341,0.130465,0.207035,0.148192,0.002793,0.000162
0,-0.133937,0.128048,-0.301616,0.102043,-0.350588,0.101103,0.002338,0.002235
0,0.070969,-0.066604,0.177374,-0.215813,0.169097,-0.244685,0.001239,0.001162
0,-0.168259,-0.070486,-0.24298,0.02336,-0.245597,0.009868,0.002937,0.00123
0,0.110651,0.009624,0.258881,0.064414,0.294624,0.090235,0.001931,0.000168
0,-0.078749,-0.093034,-0.213286,-0.103392,-0.261563,-0.139296,0.001374,0.001624
0,0.002496,0.011897,0.095813,0.100343,0.127802,0.120394,4.4e-05,0.000208
0,0.047891,0.15992,0.026524,0.158995,0.062102,0.155383,0.000836,0.002791
0,-0.107947,0.127113,-0.154357,-0.004344,-0.188458,-0.020875,0.001884,0.002219
0,0.045723,-0.090009,0.136942,-0.217112,0.175285,-0.215312,0.000798,0.001571
0,-0.036054,-0.092197,-0.104088,0.015596,-0.119866,0.026649,0.000629,0.001609
0,0.085799,0.115206,0.119338,0.229248,0.136033,0.226347,0.001497,0.002011
0,0.204594,0.074269,0.104021,-0.053758,0.150683,-0.017993,0.003571,0.001296
0,-0.00398,0.153779,-0.202214,0.092084,-0.248792,0.097394,6.9e-05,0.002684
0,0.21213,0.128052,0.225483,-0.012634,0.224378,-0.029887,0.003702,0.002235
0,0.044309,0.15647,-0.190513,0.039692,-0.150311,0.005858,0.000773,0.002731
0,0.153551,0.05503,0.079861,-0.071484,0.111698,-0.075259,0.00268,0.00096
0,-0.028906,0.103621,-0.156662,0.04466,-0.110594,0.015074,0.000505,0.001809
0,0.236512,-0.010282,0.273117,-0.139999,0.263712,-0.126554,0.004128,0.000179
0,0.168849,0.227286,-0.097095,0.252612,-0.109708,0.277627,0.002947,0.003967
0,0.130506,0.083707,-0.031686,-0.11423,-0.037696,-0.075604,0.002278,0.001461
0,0.143918,0.008657,-0.007258,-0.090696,-0.001528,-0.042724,0.002512,0.000151
0,0.249949,0.018983,0.118504,0.009094,0.151065,0.013506,0.004362,0.000331
0,0.13167,0.136498,-0.101653,0.09597,-0.061692,0.132619,0.002298,0.002382
0,0.183955,0.16697,0.023904,0.017242,0.046478,0.038377,0.003211,0.002914
0,0.254151,0.130754,0.087309,-0.010151,0.11164,-0.042514,0.004436,0.002282
0,0.156594,0.074685,-0.121924,-0.040349,-0.159375,-0.014919,0.002733,0.001303
0,0.269186,-0.08132,0.082662,-0.182948,0.074173,-0.174579,0.004698,0.001419
0,0.126555,0.113577,-0.125474,0.222247,-0.126511,0.22062,0.002209,0.001982
0,0.215367,-0.013003,0.07963,-0.122462,0.039226,-0.076802,0.003759,0.000227
0,0.137826,0.152341,-0.083916,0.157132,-0.12349,0.156518,0.002406,0.002659
0,0.108599,0.0892,-0.040504,-0.07641,-0.00809,-0.082915,0.001895,0.001557
0,0.241627,0.048584,0.14407,-0.040138,0.187421,-0.075459,0.004217,0.000848
0,0.240642,0.029818,0.004894,-0.013103,0.020873,0.00312,0.0042,0.00052
0,0.282929,0.230289,0.040003,0.225174,0.078674,0.180801,0.004938,0.004019
0,0.215225,0.201999,-0.081478,-0.045492,-0.088347,-0.078026,0.003756,0.003526
0,0.029235,-0.066711,-0.173194,-0.272242,-0.191039,-0.2342,0.00051,0.001164
0,0.088292,0.007225,0.084557,0.0444,0.060282,0.056651,0.001541,0.000126
0,0.31282,-0.040602,0.22957,-0.055931,0.258712,-0.02621,0.00546,0.000709
0,0.197865,0.143497,-0.141,0.183056,-0.101086,0.162041,0.003453,0.002504
0,0.388367,0.114585,0.196461,-0.029315,0.244869,0.019791,0.005312,0.002
0,0.299428,0.046863,-0.103061,-0.049202,-0.143829,-0.00761,0.005226,0.000818
0,0.193184,-0.080783,-0.096455,-0.13378,-0.099132,-0.113597,0.003372,0.00141
0,0.074333,0.054816,-0.111321,0.113059,-0.081708,0.097106,0.001297,0.000957
0,0.341074,-0.003031,0.290684,-0.080533,0.270761,-0.080476,0.005953,5.3e-05
0,0.317369,-0.047854,-0.013117,-0.051591,-0.042431,-0.001974,0.005539,0.000835
0,0.249057,0.081242,-0.054216,0.102505,-0.075861,0.05462,0.004347,0.001418
0,0.113811,0.066879,-0.106771,-0.015409,-0.106415,0.025506,0.001986,0.001167
0,0.100836,0.04108,-0.030465,-0.055572,-0.056895,-0.079204,0.00176,0.000717
0,0.137602,0.08578,0.065464,0.058957,0.10463,0.065458,0.002402,0.001497
0,0.105106,0.221225,-0.029429,0.159469,-0.075757,0.200718,0.001834,0.003861
0,0.143762,0.204418,0.033885,-0.029676,0.030316,-0.013549,0.002509,0.003568
0,-0.020437,0.142045,-0.15782,-0.034114,-0.196418,-0.082629,0.000357,0.002479
0,0.03458,0.137071,0.04893,-0.019432,0.056452,-0.024451,0.000604,0.002392
0,-0.087164,-0.008663,-0.143132,-0.147638,-0.164924,-0.174323,0.001521,0.000151
0,0.091256,0.121939,0.186884,0.12277,0.213217,0.143138,0.001593,0.002128
0,0.010575,0.235637,-0.109243,0.142384,-0.139226,0.177422,0.000185,0.004113
0,-0.005259,-0.017027,-0.0274,-0.276408,-0.000858,-0.244369,9.2e-05,0.000297
0,-0.001448,0.003422,0.015005,-0.002881,0.017808,0.039468,2.5e-05,6e-05
0,0.057046,0.205817,0.033881,0.211583,0.083071,0.181972,0.000996,0.003592
0,-0.195199,0.151854,-0.278953,-0.064376,-0.279994,-0.108153,0.003407,0.00265
0,-0.016633,-0.001241,0.164092,-0.132889,0.180311,-0.160741,0.00029,2.2e-05
0,-0.123998,0.036739,-0.10201,0.053033,-0.067388,0.014286,0.002164,0.000641
0,0.072303,0.201061,0.204121,0.175486,0.209403,0.199426,0.001262,0.003509
0,-0.17156,0.031449,-0.220443,-0.183066,-0.226248,-0.220845,0.002994,0.000549
0,-0.107725,0.053447,0.089406,0.015136,0.094713,-0.026313,0.00188,0.000933
0,-0.063762,-0.013909,0.04504,-0.040995,0.064783,-0.053224,0.001113,0.000243
0,-0.127532,0.190986,-0.058272,0.223166,-0.106064,0.231656,0.002226,0.003333
0,-0.138622,0.183348,0.00509,0.012778,0.026719,0.048603,0.002419,0.0032
0,0.078632,0.202184,0.206235,0.0042,0.235503,-0.016197,0.001372,0.003529
0,-0.091528,0.216136,-0.168854,0.016941,-0.20353,0.017309,0.001597,0.003772
0,0.086244,-0.002708,0.183328,-0.199577,0.206218,-0.197001,0.001505,4.7e-05
0,0.071636,0.146524,0.008523,0.160526,-0.000269,0.193848,0.00125,0.002557
0,0.028312,-0.009825,-0.014896,-0.126629,-0.058296,-0.152945,0.000494,0.000171
0,0.05416,0.164577,0.006764,0.163579,-0.027511,0.167305,0.000945,0.002872
0,-0.035251,-0.077071,-0.06583,-0.265686,-0.06199,-0.305722,0.000615,0.001345
0,0.06827,0.072173,0.096233,0.141014,0.052348,0.097585,0.001192,0.00126
0,0.032227,0.13814,-0.0316,0.086667,-0.057109,0.135268,0.000562,0.002411
0,0.216092,0.015693,0.190791,-0.124517,0.17773,-0.082808,0.003772,0.000274
0,0.033655,0.045766,-0.170493,0.036054,-0.204528,0.066868,0.000587,0.000799
0,0.104093,0.121819,0.090784,0.088472,0.132101,0.096973,0.001817,0.002126
0,2.661493,-0.613257,2.52826,-0.723837,2.487446,-0.772337,0.00191,0.001387
0,2.833645,-1.811468,0.157571,-1.224163,0.161415,-1.21576,0.001094,0.004655
0,3.113575,-2.13373,0.293826,-0.345264,0.324916,-0.380447,0.00598,0.000969
0,2.856269,-1.909018,-0.265685,0.252959,-0.243671,0.258464,0.001489,0.002953
0,2.573348,-2.030333,-0.292088,-0.099619,-0.306136,-0.064963,0.003449,0.000835
0,2.760124,-1.98206,0.186013,0.057588,0.161114,0.07658,0.000189,0.001678
0,2.195054,-1.304412,-0.566754,0.680078,-0.57854,0.728871,0.002039,0.001415
0,1.47966,-0.948954,-0.716444,0.384274,-0.742492,0.356527,0.001644,0.004472
0,1.353486,-0.635196,-0.152649,0.307947,-0.191361,0.277922,0.000558,0.001004
0,0.82513,-0.273325,-0.522661,0.344122,-0.502581,0.359719,0.002311,0.00477
0,0.430678,-0.30719,-0.42354,-0.024713,-0.406673,-0.000139,0.004574,0.005361
0,-0.2001,-0.12044,-0.602724,0.176455,-0.574527,0.198204,0.003492,0.002102
0,-0.094387,-0.168904,0.080563,-0.049045,0.085636,-0.081654,0.001647,0.002948
0,-0.439223,-0.176821,-0.320536,-0.016248,-0.287665,-0.060862,0.004425,0.003086
0,-0.25829,-0.008316,0.209744,0.182254,0.2047,0.195847,0.004508,0.000145
0,-0.370472,0.08901,-0.12599,0.122805,-0.083467,0.147543,0.005625,0.001554
0,-0.185688,-0.101652,0.167067,-0.216491,0.213238,-0.232383,0.003241,0.001774
0,-0.031321,0.072925,0.18289,0.151337,0.222805,0.117296,0.000547,0.001273
0,-0.230087,0.128541,-0.212471,0.066719,-0.235404,0.094465,0.004016,0.002243
0,0.013453,0.151371,0.27182,0.017832,0.272229,0.049685,0.000235,0.002642
0,-0.037299,0.023509,-0.050546,-0.128545,-0.051426,-0.086459,0.000651,0.00041
0,-0.146988,0.032693,-0.095649,0.036792,-0.129216,0.033425,0.002565,0.000571
0,-0.107758,-0.109859,0.034985,-0.1628,0.083506,-0.209999,0.001881,0.001917
0,0.00602,-0.00753,0.097486,0.128103,0.066209,0.174571,0.000105,0.000131
0,-0.190319,0.048477,-0.190047,0.02869,-0.153386,-0.018216,0.003322,0.000846
0,-0.026979,-0.069336,0.171422,-0.13115,0.166254,-0.16599,0.000471,0.00121
0,-0.114532,0.13565,-0.067278,0.211727,-0.047203,0.235324,0.001999,0.002368
0,-0.159313,-0.021857,-0.028654,-0.141098,-0.0233,-0.14431,0.002781,0.000381
0,-0.06062,0.093696,0.086332,0.0944,0.102691,0.077581,0.001058,0.001635
0,-0.019926,0.105354,0.068028,0.002864,0.044583,0.011035,0.000348,0.001839
0,-0.178166,0.106403,-0.178295,0.028505,-0.1985,0.073797,0.00311,0.001857
0,-0.042737,0.099346,0.118705,-0.017397,0.156048,0.022573,0.000746,0.001734
0,0.003508,0.01892,0.042876,-0.068978,0.004209,-0.111864,6.1e-05,0.00033
0,-0.113481,0.029304,-0.128113,0.037175,-0.095788,-0.010963,0.001981,0.000511
0,-0.02822,-0.044426,0.101207,-0.088276,0.113624,-0.098201,0.000493,0.000775
0,-0.136703,0.025336,-0.082066,0.045332,-0.118463,0.090558,0.002386,0.000442
0,-0.062206,0.053994,0.075674,0.0582,0.048591,0.020593,0.001086,0.000942
0,-0.066036,0.119909,0.011402,0.054321,0.000237,0.024106,0.001153,0.002093
0,-0.179991,0.016753,-0.09098,-0.114304,-0.049741,-0.132981,0.003141,0.000292
0,0.019775,-0.108825,0.208054,-0.125094,0.173428,-0.139505,0.000345,0.001899
0,0.003203,-0.013042,-0.021888,0.081387,-0.029645,0.107221,5.6e-05,0.000228
0,0.017008,-0.063609,0.005963,-0.040037,0.028208,-0.040436,0.000297,0.00111
0,-0.026726,0.011057,-0.060515,0.102577,-0.047377,0.117935,0.000466,0.000193
0,-0.10612,-0.029073,-0.068882,-0.032608,-0.052173,0.008262,0.001852,0.000507
0,-0.12341,0.183822,-0.03017,0.232391,-0.062898,0.200313,0.002154,0.003208
0,-0.040319,-0.101713,0.063607,-0.312911,0.084401,-0.329164,0.000704,0.001775
0,0.072384,-0.022726,0.096138,0.10483,0.126527,0.087824,0.001263,0.000397
0,-0.044747,-0.103198,-0.125832,-0.061798,-0.112222,-0.095728,0.000781,0.001801
0,0.082767,0.033976,0.133431,0.145683,0.090511,0.104718,0.001445,0.000593
0,0.159074,-0.068727,0.066253,-0.120555,0.071312,-0.081738,0.002776,0.0012
0,0.118061,0.105097,-0.056197,0.144741,-0.105479,0.127103,0.002061,0.001834
0,-0.039239,0.126197,-0.17054,0.012745,-0.165106,0.052374,0.000685,0.002203
0,0.00784,0.005239,0.059589,-0.095308,0.107463,-0.072462,0.000137,9.1e-05
0,-0.015557,0.00213,-0.001165,-0.001165,0.04714,0.017143,0.000272,3.7e-05
0,0.00584,-0.058277,0.046789,-0.053798,0.049704,-0.04695,0.000102,0.001017
0,0.130625,0.079399,0.118846,0.145332,0.13442,0.128882,0.00228,0.001386
0,-0.12392,0.015965,-0.255244,-0.089962,-0.208661,-0.076578,0.002163,0.000279
0,-0.146814,-0.067517,-0.034572,-0.107355,-0.029355,-0.120385,0.002562,0.001178
0,0.095212,0.110566,0.25709,0.155406,0.302117,0.158151,0.001662,0.00193
0,0.128818,0.185565,0.02651,0.080486,0.011524,0.111862,0.002248,0.003239
0,0.018973,0.094413,-0.126165,-0.095052,-0.077891,-0.141997,0.000331,0.001648
0,-0.128576,-0.040119,-0.171065,-0.163365,-0.121931,-0.179261,0.002244,0.0007
0,0.004672,-0.028363,0.117669,-0.009827,0.136619,-0.010799,8.2e-05,0.000495
0,0.081243,0.17895,0.082527,0.204248,0.109978,0.21679,0.001418,0.003123
0,-0.113425,0.075786,-0.188188,-0.073967,-0.202726,-0.117273,0.00198,0.001323
0,0.035167,-0.037415,0.178556,-0.091633,0.180012,-0.079103,0.000614,0.000653
0,-0.055237,-0.082922,-0.076785,-0.046436,-0.075057,-0.069449,0.000964,0.001447
0,-0.055945,-0.071313,0.01544,-0.005679,0.023345,-0.010341,0.000976,0.001245
0,0.049966,0.091856,0.094002,0.181293,0.057153,0.166231,0.000872,0.001603
0,0.045091,-0.034265,0.013725,-0.137502,0.013055,-0.186505,0.000787,0.000598
0,0.067184,0.190512,-0.001471,0.235145,-0.038588,0.218732,0.001173,0.003325
0,0.108935,0.082181,0.023651,-0.081465,0.059736,-0.038113,0.001901,0.001434
0,0.195692,-0.040056,0.111953,-0.102363,0.132967,-0.126484,0.003415,0.000699
0,0.067202,0.134794,-0.11292,0.174272,-0.151799,0.159206,0.001173,0.002353
0,0.252736,-0.080788,0.200101,-0.227285,0.192164,-0.185355,0.004411,0.00141
0,0.201657,-0.041344,-0.049287,0.050173,-0.008206,0.020177,0.00352,0.000722
0,0.104339,0.114777,-0.081045,0.126209,-0.031484,0.104594,0.001821,0.002003
0,0.118764,0.090286,0.03216,-0.034024,0.01808,-0.047956,0.002073,0.001576
0,0.226019,-0.00015,0.092167,-0.070236,0.061638,-0.096334,0.003945,3e-06
0,0.008498,0.022852,-0.225892,0.004613,-0.222432,0.042466,0.000148,0.000399
0,0.062215,0.073622,0.082098,0.030598,0.035141,0.024432,0.001086,0.001285
0,-0.092329,0.013609,-0.134098,-0.064959,-0.160905,-0.096721,0.001611,0.000238
0,-0.141998,0.148131,-0.067326,0.133147,-0.04489,0.112325,0.002478,0.002585
0,-0.122548,0.071717,-0.000507,-0.085317,0.043107,-0.056399,0.002139,0.001252
0,-0.012654,-0.056547,0.100421,-0.147137,0.085559,-0.135128,0.000221,0.000987
0,-0.077421,-0.006333,-0.075081,0.020684,-0.102855,0.035703,0.001351,0.000111
0,-0.04652,0.147152,0.048018,0.138216,0.046789,0.146905,0.000812,0.002568
0,-0.011851,0.011092,0.026271,-0.149646,-0.021427,-0.127342,0.000207,0.000194
0,-0.019611,-0.027825,-0.028887,-0.018284,-0.008881,0.01106,0.000342,0.000486
0,-0.138214,0.018935,-0.120237,0.076069,-0.136417,0.125008,0.002412,0.00033
0,-0.212644,-0.085562,-0.085086,-0.117526,-0.082284,-0.155349,0.003711,0.001493
0,-0.220205,0.169069,0.017209,0.2837,0.030163,0.25958,0.003843,0.002951
0,-0.059641,-0.079687,0.16956,-0.240409,0.218504,-0.272077,0.001041,0.001391
0,-0.146112,0.07018,-0.098843,0.155267,-0.123778,0.161098,0.00255,0.001225
0,-0.075994,-0.083717,0.08815,-0.180735,0.053269,-0.214368,0.001326,0.001461
0,0.01665,0.070472,0.104273,0.162823,0.118778,0.194097,0.000291,0.00123
0,-0.132153,0.158671,-0.131448,0.060537,-0.175875,0.068057,0.002307,0.002769
0,-0.239624,-0.002336,-0.133697,-0.16417,-0.09544,-0.157025,0.004182,4.1e-05
0,-0.114769,0.167671,0.148518,0.144462,0.139302,0.165505,0.002003,0.002926
0,0.013459,-0.091315,0.151596,-0.26993,0.140047,-0.227297,0.000235,0.001594
0,0.035329,-0.034789,0.019934,0.076124,0.016988,0.081892,0.000617,0.000607
0,-0.224351,-0.081983,-0.282345,-0.043294,-0.280726,-0.049511,0.003916,0.001431
0,-0.135516,0.122774,0.079481,0.219628,0.034395,0.255296,0.002365,0.002143
0,-0.015263,0.125593,0.103649,0.008904,0.080495,0.035439,0.000266,0.002192
0,0.062644,0.057637,0.055955,-0.057632,0.049783,-0.022974,0.001093,0.001006
0,0.0249,0.080251,-0.035604,0.033886,-0.021129,0.078967,0.000435,0.001401
0,0.077118,-0.066718,0.035359,-0.143648,0.051285,-0.138507,0.001346,0.001164
0,-0.042031,-0.193941,-0.099956,-0.098153,-0.135789,-0.140017,0.000734,0.003385
0,0.135706,0.033152,0.20675,0.204064,0.15969,0.204685,0.002369,0.000579
0,-0.046321,-0.058317,-0.207632,-0.072568,-0.178047,-0.024474,0.000808,0.001018
0,0.137227,0.06069,0.198074,0.126389,0.23511,0.171555,0.002395,0.001059
0,-0.085066,0.084337,-0.247046,0.037703,-0.290349,0.063909,0.001485,0.001472
0,-0.098874,0.091357,0.01269,-0.013194,0.054833,0.023651,0.001726,0.001594
0,0.091264,-0.143963,0.16419,-0.210601,0.207478,-0.22803,0.001593,0.002513
0,-0.097007,0.093259,-0.217717,0.210435,-0.214571,0.176898,0.001693,0.001628
0,0.045769,-0.150476,0.164165,-0.22005,0.182535,-0.232919,0.000799,0.002626
0,0.02479,0.029394,-0.043023,0.203091,-0.085089,0.240121,0.000433,0.000513
0,0.044138,-0.022793,4.9e-05,-0.057307,-0.000278,-0.071468,0.00077,0.000398
0,-0.168793,-0.14047,-0.218476,-0.102322,-0.255208,-0.095809,0.002946,0.002452
0,-0.140193,0.085454,0.032412,0.199121,0.079511,0.215796,0.002447,0.001491
0,-0.255668,0.084986,-0.097004,0.015216,-0.072273,-0.009221,0.004462,0.001483
0,-0.05158,0.148669,0.233121,0.039886,0.266422,-0.00148,0.0009,0.002595
0,-0.262886,-0.045445,-0.235305,-0.172274,-0.258754,-0.213557,0.004588,0.000793
0,-0.078681,0.095165,0.187369,0.121299,0.189442,0.10744,0.001373,0.001661
0,-0.157261,-0.025812,-0.096353,-0.137854,-0.096993,-0.186339,0.002745,0.000451
0,-0.16425,-0.056437,0.017572,-0.037571,0.001325,-0.018356,0.002867,0.000985
0,-0.051984,0.115575,0.08554,0.16435,0.122066,0.145579,0.000907,0.002017
0,1.26804,-0.917324,1.30864,-1.034785,1.314395,-1.082908,0.00205,0.00392
0,2.579278,-1.783363,1.301936,-0.887728,1.332393,-0.899285,0.003345,0.005146
0,2.524013,-2.335565,-0.03217,-0.554577,-0.045772,-0.551713,0.00431,0.004492
0,2.690666,-2.648769,0.14797,-0.330568,0.144724,-0.339827,0.001401,0.002132
0,2.678705,-2.455607,-0.004358,0.204199,-0.039708,0.18524,0.00161,0.005504
0,1.90509,-1.759115,-0.79635,0.708532,-0.826481,0.751224,0.003021,0.005569
0,1.952282,-1.161149,0.060966,0.603596,0.08417,0.59341,0.002198,0.003915
0,1.40853,-0.648257,-0.521563,0.51546,-0.50422,0.565314,0.000403,0.000776
0,0.745279,-0.265699,-0.659868,0.398944,-0.702943,0.419074,0.000917,0.004637
0,0.655889,-0.137852,-0.115547,0.111845,-0.102339,0.096698,0.000643,0.002406
0,0.363506,-0.013639,-0.273975,0.096924,-0.292468,0.112768,0.005746,0.000238
0,-0.138845,0.307031,-0.49241,0.338431,-0.444428,0.316495,0.002423,0.005359
0,-0.160401,0.236339,-0.014958,-0.09081,-0.000471,-0.107908,0.0028,0.004125
0,-0.317618,0.178719,-0.147876,-0.084313,-0.161112,-0.050223,0.005543,0.003119
0,-0.31606,0.343458,-0.00277,0.16594,-0.046526,0.172945,0.005516,0.005994
0,-0.301358,0.436254,0.026428,0.070947,-0.023007,0.118272,0.00526,0.004476
0,-0.459144,0.251762,-0.143377,-0.188649,-0.118944,-0.215349,0.004077,0.004394
0,-0.429699,0.050127,0.059014,-0.219058,0.066023,-0.188475,0.004591,0.000875
0,-0.201648,0.280365,0.210402,0.207459,0.203206,0.255437,0.003519,0.004893
0,-0.256784,0.078254,-0.074395,-0.189938,-0.077267,-0.234143,0.004482,0.001366
0,-0.008683,0.147084,0.268728,0.086228,0.309514,0.114813,0.000152,0.002567
0,-0.086193,0.20631,-0.054731,0.060579,-0.054243,0.021214,0.001504,0.003601
0,-0.133295,0.089617,-0.027262,-0.140817,0.020847,-0.169314,0.002326,0.001564
0,-0.179084,0.25261,-0.037039,0.183863,-0.04765,0.225579,0.003126,0.004409
0,-0.183709,-0.030521,0.008793,-0.281886,0.035325,-0.314133,0.003206,0.000533
0,-0.049614,0.246874,0.137205,0.25867,0.095919,0.221288,0.000866,0.004309
0,-0.145024,0.260606,-0.120585,-0.014135,-0.122454,-0.056671,0.002531,0.004548
0,0.008045,0.095391,0.155805,-0.147265,0.120629,-0.179328,0.00014,0.001665
0,-0.130572,0.129552,-0.161568,0.050227,-0.194591,0.093308,0.002279,0.002261
0,-0.205795,0.024397,-0.094253,-0.102402,-0.132516,-0.141989,0.003592,0.000426
0,0.064442,0.242598,0.243731,0.2471,0.221775,0.290721,0.001125,0.004234
0,0.033498,0.058,-0.041819,-0.190978,-0.012383,-0.159933,0.000585,0.001012
0,0.044464,0.02128,-0.015245,-0.012139,-0.012957,0.020418,0.000776,0.000371
0,-0.024465,0.165475,-0.052002,0.13957,-0.07438,0.093247,0.000427,0.002888
0,0.066069,0.23851,0.092283,0.056841,0.101265,0.017737,0.001153,0.004163
0,0.09023,0.161765,0.0231,-0.064862,-0.00522,-0.067169,0.001575,0.002823
0,0.095589,-0.015862,-0.023548,-0.165898,-0.017372,-0.18244,0.001668,0.000277
0,0.02504,0.112244,-0.046179,0.099558,-0.057344,0.080056,0.000437,0.001959
0,-0.043544,0.106417,-0.089621,-0.017251,-0.132876,0.019187,0.00076,0.001857
0,-0.048244,-0.052198,-0.028831,-0.174908,-0.05609,-0.197624,0.000842,0.000911
0,-0.025837,0.154826,0.008725,0.227187,0.050801,0.25262,0.000451,0.002702
0,-0.168532,0.089624,-0.143237,-0.052329,-0.101524,-0.046997,0.002941,0.001564
0,0.041838,0.037563,0.189134,-0.068894,0.237716,-0.064922,0.00073,0.000656
0,-0.108417,0.065993,-0.122207,0.009678,-0.082506,0.031439,0.001892,0.001152
0,0.109059,-0.03249,0.221195,-0.106359,0.178688,-0.073365,0.001903,0.000567
0,0.14457,0.181396,0.010974,0.223252,-0.020693,0.180016,0.002523,0.003166
0,0.067476,0.001016,-0.053144,-0.19202,-0.009399,-0.220552,0.001178,1.8e-05
0,0.213385,-0.002877,0.118168,-0.030081,0.100916,-0.008428,0.003724,5e-05
0,0.019112,0.09389,-0.180756,0.124492,-0.151881,0.16565,0.000334,0.001639
0,0.139591,0.166464,0.104675,0.097113,0.101577,0.097602,0.002436,0.002905
0,0.124644,-0.029883,-0.031316,-0.21476,-0.07972,-0.262755,0.002175,0.000522
0,0.027283,-0.049358,-0.085002,-0.035914,-0.052331,-0.024262,0.000476,0.000861
0,-0.093868,0.144075,-0.109455,0.189745,-0.138581,0.162348,0.001638,0.002515
0,-0.061691,-0.04456,0.011105,-0.211867,0.059038,-0.231419,0.001077,0.000778
0,0.170281,-0.032982,0.231415,-0.009876,0.222192,-0.014628,0.002972,0.000576
0,0.143159,0.138081,-0.009967,0.151915,0.004364,0.132873,0.002499,0.00241
0,-0.044421,0.181126,-0.206056,0.022381,-0.222524,0.049307,0.000775,0.003161
0,0.1855,0.020431,0.220754,-0.187198,0.217797,-0.227334,0.003238,0.000357
0,-0.023252,0.109572,-0.195015,0.06478,-0.149844,0.02759,0.000406,0.001912
0,0.1346,0.231686,0.162839,0.130546,0.148097,0.170705,0.002349,0.004044
0,0.000998,0.105535,-0.140002,-0.141305,-0.175735,-0.138175,1.7e-05,0.001842
0,-0.01326,0.065659,-0.01777,-0.026767,-0.055316,0.016316,0.000231,0.001146
0,0.040192,0.174901,0.077545,0.087227,0.08631,0.105579,0.000701,0.003053
0,0.094522,-0.048776,0.044424,-0.203528,0.035881,-0.154424,0.00165,0.000851
0,0.026747,0.133987,-0.057033,0.168761,-0.017431,0.174445,0.000467,0.002339
0,0.075226,0.161627,0.044925,0.011269,0.039157,0.021944,0.001313,0.002821
0,0.246335,0.101993,0.155631,-0.088566,0.1564,-0.045759,0.004299,0.00178
0,0.046474,0.07361,-0.209512,-0.034934,-0.186013,-0.040259,0.000811,0.001285
0,0.079998,0.116338,0.02343,0.0395,0.013478,0.034391,0.001396,0.00203
0,0.177877,0.190801,0.127013,0.094691,0.171698,0.062093,0.003105,0.00333
0,0.039371,0.090447,-0.137299,-0.112021,-0.14613,-0.112211,0.000687,0.001579
0,0.145191,0.062351,0.111258,-0.050557,0.105818,-0.052734,0.002534,0.001088
0,-0.165495,-0.057566,-0.332076,-0.133409,-0.320648,-0.178194,0.002888,0.001005
0,-0.048381,0.005302,0.127256,0.092127,0.113187,0.092132,0.000844,9.3e-05
0,0.103346,0.167256,0.131447,0.154661,0.169147,0.153617,0.001804,0.002919
0,0.0023,-0.025508,-0.113182,-0.22195,-0.108954,-0.204132,4e-05,0.000445
0,-0.192262,-0.014589,-0.195923,0.019143,-0.184464,0.013561,0.003356,0.000255
0,0.038217,-0.076384,0.248448,-0.058031,0.291738,-0.05967,0.000667,0.001333
0,-0.188469,0.076873,-0.227043,0.155812,-0.244845,0.134525,0.003289,0.001342
0,0.067353,0.095808,0.285006,0.000791,0.328301,0.007184,0.001176,0.001672
0,-0.065633,-0.027534,-0.128638,-0.112743,-0.078726,-0.080116,0.001146,0.000481
0,-0.097326,0.155008,-0.001798,0.189231,0.033079,0.165173,0.001699,0.002705
0,-0.137677,0.033084,-0.011454,-0.146336,0.019446,-0.195025,0.002403,0.000577
0,-0.045574,0.156878,0.084683,0.122351,0.123459,0.080444,0.000795,0.002738
0,-0.067386,0.205267,-0.022034,0.065396,-0.062192,0.018334,0.001176,0.003583
0,-0.01168,0.109533,0.048544,-0.108347,0.01893,-0.074161,0.000204,0.001912
0,-0.192784,-0.058146,-0.168573,-0.162316,-0.201402,-0.143078,0.003365,0.001015
0,0.00448,0.093883,0.180198,0.167739,0.194592,0.171584,7.8e-05,0.001639
0,-0.014087,0.135705,-0.007297,0.054659,0.023429,0.070246,0.000246,0.002368
0,0.056188,0.133238,0.07615,0.000296,0.057748,0.013369,0.000981,0.002325
0,-0.037952,0.00246,-0.10826,-0.11427,-0.154585,-0.096099,0.000662,4.3e-05
0,0.097083,0.128793,0.148282,0.152037,0.14244,0.134903,0.001694,0.002248
0,-0.009682,0.121227,-0.087776,-0.006842,-0.068335,-0.055963,0.000169,0.002116
0,0.131952,0.091018,0.151838,-0.014948,0.178026,0.031381,0.002303,0.001589
0,0.093156,0.060116,-0.022437,-0.016567,-0.070366,0.026813,0.001626,0.001049
0,0.143471,-0.029097,0.054151,-0.059868,0.016425,-0.032951,0.002504,0.000508
0,0.16598,0.028613,0.044946,0.070204,0.088884,0.072564,0.002897,0.000499
0,0.061946,-0.028357,-0.089447,-0.031957,-0.041203,-0.076316,0.001081,0.000495
0,0.091218,0.174593,0.020387,0.206664,0.038151,0.199789,0.001592,0.003047
0,0.173026,-0.02611,0.089739,-0.177493,0.118196,-0.183652,0.00302,0.000456
0,0.23528,0.061556,0.05719,0.067242,0.01023,0.092672,0.004106,0.001074
0,0.032852,0.071525,-0.199975,0.019147,-0.244495,0.044459,0.000573,0.001248
0,-0.049304,0.1985,-0.086034,0.156813,-0.123984,0.15437,0.000861,0.003464
0,0.050666,0.191288,0.101612,-0.006011,0.140995,0.016259,0.000884,0.003339
0,0.039813,0.20366,-0.030378,0.04065,-0.013533,0.035612,0.000695,0.003555
0,-0.187176,0.060665,-0.215025,-0.1561,-0.219318,-0.173506,0.003267,0.001059
0,0.032188,0.178161,0.241864,0.103639,0.249885,0.08916,0.000562,0.003109
0,0.102893,0.016027,0.09869,-0.148099,0.06806,-0.190269,0.001796,0.00028
0,-0.081414,0.009968,-0.20817,-0.020235,-0.190515,-0.058065,0.001421,0.000174
0,0.122713,-0.029971,0.208429,-0.043454,0.19918,-0.003027,0.002142,0.000523
0,-0.046586,0.161505,-0.145608,0.177967,-0.175088,0.151898,0.000813,0.002819
0,-0.077015,0.192626,-0.026822,0.051182,0.012713,0.019142,0.001344,0.003362
0,-0.146258,0.173869,-0.072918,-0.008597,-0.067107,-0.043793,0.002553,0.003035
0,-0.120741,0.009825,0.02028,-0.173634,-0.01412,-0.132796,0.002107,0.000171
0,0.039984,0.080332,0.136071,0.093998,0.119149,0.098712,0.000698,0.001402
0,-0.204068,0.079691,-0.214587,0.024497,-0.259213,-0.008428,0.003562,0.001391
0,-0.169689,0.112399,0.041457,0.061079,0.013895,0.073547,0.002962,0.001962
0,0.142884,0.067593,0.329887,-0.018747,0.355355,0.010306,0.002494,0.00118
0,-0.107777,0.042675,-0.254973,-0.00212,-0.214596,-0.048284,0.001881,0.000745
0,0.037539,0.108047,0.123305,0.073599,0.141229,0.057515,0.000655,0.001886
0,-0.166684,0.070235,-0.183688,-0.027755,-0.195108,-0.040544,0.002909,0.001226
0,0.014693,-0.032923,0.192259,-0.093698,0.16959,-0.140918,0.000256,0.000575
0,-0.127873,0.117758,-0.130058,0.133659,-0.100433,0.094411,0.002232,0.002055
0,-0.055308,-0.073256,0.060777,-0.213463,0.048132,-0.204497,0.000965,0.001279
0,-0.196162,0.165797,-0.142188,0.239871,-0.104274,0.191856,0.003424,0.002894
0,-0.17469,-0.048593,0.003512,-0.199442,-0.014334,-0.160399,0.003049,0.000848
0,-0.079688,0.137009,0.095371,0.186489,0.138283,0.161746,0.001391,0.002391
0,-0.060502,0.076002,0.034249,-0.04795,0.031359,-0.002487,0.001056,0.001326
0,-0.165827,-0.062003,-0.118355,-0.162795,-0.122828,-0.172242,0.002894,0.001082
0,-0.166946,0.140588,-0.000784,0.209239,-0.024134,0.173402,0.002914,0.002454
0,0.028841,-0.1165,0.213519,-0.238627,0.234422,-0.202933,0.000503,0.002033
0,-0.028974,0.090727,-0.04867,0.199393,-0.089593,0.200357,0.000506,0.001583
0,-0.105994,-0.037006,-0.068353,-0.153902,-0.02467,-0.181003,0.00185,0.000646
0,0.063572,-0.04533,0.156318,0.004896,0.124424,0.020643,0.00111,0.000791
0,-0.072149,0.095497,-0.127261,0.112032,-0.089757,0.078643,0.001259,0.001667
0,-0.160186,-0.043566,-0.070858,-0.136734,-0.021891,-0.128816,0.002796,0.00076
0,-0.189446,-0.094552,0.000353,-0.040082,0.042936,-0.088323,0.003306,0.00165
0,-0.091043,-0.076869,0.069201,0.029549,0.056214,0.016408,0.001589,0.001342
0,-0.308809,-0.096054,-0.24393,-0.036765,-0.253651,-0.050235,0.00539,0.001676
0,-0.331883,-0.096644,-0.041638,0.01631,-0.018316,0.018383,0.005792,0.001687
0,-0.136589,-0.031113,0.214019,0.072271,0.205376,0.034206,0.002384,0.000543
0,-0.282969,-0.1531,-0.175089,-0.105389,-0.18971,-0.139224,0.004939,0.002672
0,-0.212871,-0.072832,0.059,0.0513,0.092111,0.043461,0.003715,0.001271
0,-0.241158,0.09786,-0.046098,0.160193,-0.082781,0.13845,0.004209,0.001708
0,-0.155663,-0.081552,0.095099,-0.16417,0.050496,-0.151365,0.002717,0.001423
0,-0.100057,-0.053217,0.046297,0.054961,0.095,0.041497,0.001746,0.000929
0,-0.186813,-0.06066,-0.084055,0.014116,-0.035358,0.028055,0.00326,0.001059
0,0.000606,-0.080602,0.192451,-0.042316,0.167653,-0.089869,1.1e-05,0.001407
0,-0.090668,-0.105551,-0.095206,-0.029881,-0.045745,0.006441,0.001582,0.001842
0,-0.109122,-0.190092,-0.008156,-0.066368,0.011929,-0.064071,0.001905,0.003318
0,-0.009469,-0.088021,0.080166,0.099092,0.082733,0.110006,0.000165,0.001536
0,-0.202082,-0.102082,-0.196159,0.011548,-0.19071,0.044089,0.003527,0.001782
0,-0.040939,0.012453,0.15317,0.11619,0.201537,0.091754,0.000715,0.000217
0,-0.078811,-0.125182,-0.028822,-0.133746,0.013472,-0.163942,0.001376,0.002185
0,-0.045338,-0.140274,0.05028,-0.026004,0.071739,0.004986,0.000791,0.002448
0,-0.149024,0.079084,-0.117498,0.227383,-0.120144,0.22966,0.002601,0.00138
0,-0.284522,-0.125656,-0.11157,-0.228306,-0.142433,-0.189071,0.004966,0.002193
0,-0.042684,-0.160441,0.262233,-0.007182,0.227583,0.003829,0.000745,0.0028
0,-0.034237,-0.117798,0.035795,0.059112,0.052207,0.016325,0.000598,0.002056
0,-0.22016,0.019041,-0.189507,0.137881,-0.232836,0.187359,0.003843,0.000332
0,-0.256012,0.121633,-0.046221,0.106587,-0.030044,0.095541,0.004468,0.002123
0,-0.183217,-0.058069,0.076411,-0.198369,0.114517,-0.241505,0.003198,0.001013
0,-0.143646,-0.14018,0.01724,-0.066436,-0.010831,-0.063065,0.002507,0.002447
0,-0.232249,-0.1618,-0.064277,0.004593,-0.063123,0.007386,0.004054,0.002824
0,-0.065337,0.077925,0.193344,0.209979,0.210663,0.227214,0.00114,0.00136
0,-0.259352,-0.163592,-0.191089,-0.25298,-0.229452,-0.213827,0.004527,0.002855
0,0.001731,0.060671,0.260949,0.201371,0.282014,0.174421,3e-05,0.001059
0,-0.03013,-0.071643,-0.011231,-0.149102,-0.052909,-0.140493,0.000526,0.00125
0,0.022914,-0.187112,0.053003,-0.139393,0.061201,-0.157351,0.0004,0.003266
0,0.084139,-0.128335,0.035498,0.081007,0.074053,0.033809,0.001468,0.00224
0,0.079889,-0.189742,0.010862,-0.068988,-0.005578,-0.058942,0.001394,0.003312
0,-2.015703,0.58374,-2.125579,0.779465,-2.113214,0.750327,0.001091,0.001902
0,-2.478777,0.723929,-0.433914,0.129317,-0.401697,0.116221,0.005099,0.000544
0,-2.517423,1.071847,-0.049374,0.336634,-0.027024,0.365091,0.004425,0.005474
0,-3.162884,0.918165,-0.63563,-0.146056,-0.645189,-0.100933,0.00525,0.003935
0,-3.191459,0.808263,-0.021911,-0.111252,-0.001194,-0.085708,0.004751,0.002016
0,-2.764179,0.749962,0.424456,-0.040967,0.39426,-0.07377,0.000118,0.000999
0,-2.555652,0.706712,0.202774,-0.068104,0.154484,-0.059576,0.003757,0.000244
0,-1.771181,0.283606,0.786182,-0.451348,0.768776,-0.449867,0.005359,0.00495
0,-0.835674,0.373773,0.947449,0.083609,0.911124,0.084518,0.002495,0.005567
0,-0.219642,0.160305,0.616672,-0.207777,0.605212,-0.157975,0.003833,0.002798
0,-0.027849,0.013154,0.213952,-0.161245,0.241893,-0.136423,0.000486,0.00023
0,0.029857,-0.176763,0.083192,-0.201313,0.121157,-0.236249,0.000521,0.003085
0,0.389881,-0.081682,0.361995,0.124494,0.398754,0.137042,0.005286,0.001426
0,0.136272,-0.122284,-0.263416,-0.020465,-0.303968,-0.040742,0.002378,0.002134
0,0.395574,-0.087453,0.257357,0.051436,0.269538,0.015033,0.005186,0.001526
0,0.178049,-0.064244,-0.187829,0.004949,-0.232402,0.001424,0.003108,0.001121
0,0.355024,-0.036321,0.197205,0.021538,0.149594,-0.000428,0.005894,0.000634
0,0.177258,-0.212479,-0.201003,-0.187526,-0.152818,-0.155446,0.003094,0.003708
0,0.069531,-0.053552,-0.080208,0.177901,-0.070643,0.220264,0.001214,0.000935
0,0.015529,-0.158202,-0.025357,-0.102933,-0.03572,-0.102579,0.000271,0.002761
0,0.074201,0.004952,0.032245,0.142207,0.019843,0.146349,0.001295,8.6e-05
0,0.09558,-0.262828,0.032274,-0.267216,0.033956,-0.244876,0.001668,0.004587
0,-0.132217,-0.051924,-0.255392,0.236276,-0.219289,0.222766,0.002308,0.000906
0,-0.065467,0.033672,0.078781,0.060059,0.071786,0.041902,0.001143,0.000588
0,0.119487,-0.10588,0.189881,-0.149841,0.224002,-0.106637,0.002085,0.001848
0,-0.083008,-0.03389,-0.2115,0.066911,-0.161812,0.067839,0.001449,0.000591
0,-0.049309,0.058151,0.037336,0.09919,0.008297,0.093437,0.000861,0.001015
0,0.1424,-0.043881,0.216083,-0.092129,0.208734,-0.107708,0.002485,0.000766
0,-0.076289,-0.037906,-0.198302,0.012597,-0.16668,0.045622,0.001331,0.000662
0,0.235749,-0.169137,0.329027,-0.138886,0.355779,-0.093019,0.004115,0.002952
0,-0.022613,0.06098,-0.254069,0.215226,-0.206793,0.175958,0.000395,0.001064
0,0.109452,0.011739,0.128323,-0.0612,0.123098,-0.041214,0.00191,0.000205
0,0.177446,-0.183745,0.097825,-0.216879,0.063192,-0.209118,0.003097,0.003207
0,0.076145,-0.18471,-0.113054,0.008285,-0.102025,0.032141,0.001329,0.003224
0,0.165275,-0.226545,0.117775,-0.045184,0.080087,-0.091114,0.002885,0.003954
0,0.130421,-0.008429,-0.052622,0.222018,-0.037955,0.266934,0.002276,0.000147
0,0.057027,0.002621,-0.047845,-0.015478,-0.074758,0.022061,0.000995,4.6e-05
0,0.074507,-0.127212,-0.011572,-0.102434,-0.039198,-0.061229,0.0013,0.00222
0,0.145911,-0.029779,0.057175,0.102071,0.086696,0.079407,0.002547,0.00052
0,-0.013606,-0.194964,-0.184423,-0.18833,-0.213947,-0.15133,0.000237,0.003403
0,-0.030561,-0.099854,-0.030412,0.103461,-0.075126,0.082611,0.000533,0.001743
0,-0.100809,-0.062205,-0.052383,0.011716,-0.083184,-0.02225,0.001759,0.001086
0,-0.054463,0.061086,0.042951,0.118173,0.012859,0.121298,0.000951,0.001066
0,-0.03461,-0.019936,0.034189,-0.087333,0.026977,-0.118989,0.000604,0.000348
0,0.120736,-0.028712,0.158912,-0.017817,0.183512,0.009737,0.002107,0.000501
0,-0.04078,-0.041669,-0.167088,0.011222,-0.176288,0.02821,0.000712,0.000727
0,0.218727,-0.078967,0.257095,-0.049739,0.245248,-0.052773,0.003818,0.001378
0,0.023043,-0.075702,-0.197877,0.016549,-0.176179,0.063302,0.000402,0.001321
0,0.015359,0.024973,0.008179,0.090529,-0.02465,0.098861,0.000268,0.000436
0,0.174355,-0.057116,0.14545,-0.078603,0.180515,-0.07704,0.003043,0.000997
0,0.028895,0.06367,-0.162789,0.143471,-0.15131,0.14958,0.000504,0.001111
0,0.053757,0.069797,0.052425,0.023352,0.020365,0.03527,0.000938,0.001218
0,-0.026867,-0.026898,-0.078496,-0.111705,-0.072424,-0.097785,0.000469,0.000469
0,0.12006,-0.083016,0.163179,-0.043719,0.113414,-0.080267,0.002095,0.001449
0,-0.011683,-0.001347,-0.107135,0.110214,-0.104979,0.073873,0.000204,2.4e-05
0,0.202481,-0.184691,0.200113,-0.169842,0.188764,-0.195939,0.003534,0.003223
0,0.104866,-0.076941,-0.07393,0.136416,-0.049817,0.100552,0.00183,0.001343
0,0.220793,-0.19956,0.109681,-0.122592,0.130153,-0.159679,0.003854,0.003483
0,0.137309,-0.215842,-0.070477,-0.028552,-0.086219,0.007041,0.002396,0.003767
0,0.2122,-0.170942,0.079708,0.019843,0.114017,0.022816,0.003704,0.002984
0,0.103588,-0.127275,-0.113569,0.030644,-0.137752,0.024432,0.001808,0.002221
0,-0.039704,0.046766,-0.168472,0.174936,-0.150912,0.194625,0.000693,0.000816
0,0.177227,-0.051111,0.233174,-0.124503,0.249999,-0.119645,0.003093,0.000892
0,0.017428,-0.078612,-0.135906,-0.035498,-0.164705,-0.010184,0.000304,0.001372
0,0.146534,0.097554,0.139243,0.162805,0.184689,0.11765,0.002557,0.001703
0,0.148886,0.126877,-0.014362,0.0082,-0.025995,-0.035199,0.002599,0.002214
0,0.324118,-0.11331,0.181141,-0.258846,0.182574,-0.240202,0.005657,0.001978
0,0.079321,-0.05006,-0.222395,0.045045,-0.246718,0.004564,0.001384,0.000874
0,0.315194,-0.050829,0.227909,0.015073,0.250582,0.032993,0.005501,0.000887
0,0.119007,0.171187,-0.18595,0.203052,-0.156998,0.21511,0.002077,0.002988
0,0.139612,0.052774,0.026754,-0.123492,0.058905,-0.102692,0.002437,0.000921
0,0.253677,-0.021568,0.10857,-0.074325,0.1539,-0.117659,0.004428,0.000376
0,-0.056001,-0.100934,-0.297687,-0.104692,-0.340608,-0.097614,0.000977,0.001762
0,0.188668,0.189683,0.226576,0.265126,0.180157,0.232988,0.003293,0.003311
0,0.175657,0.026749,-0.042921,-0.168096,-0.089697,-0.185722,0.003066,0.000467
0,0.076119,0.133026,-0.11495,0.093613,-0.14742,0.055114,0.001329,0.002322
0,0.172527,0.035021,0.094073,-0.094539,0.142174,-0.082842,0.003011,0.000611
0,0.133695,-0.012076,-0.0145,-0.065637,0.017885,-0.072594,0.002333,0.000211
0,0.108968,0.190396,-0.013265,0.231681,-0.010667,0.188033,0.001902,0.003323
0,0.167516,-0.02458,0.080408,-0.226924,0.120304,-0.221305,0.002924,0.000429
0,0.160142,0.098561,-0.007115,0.111477,-0.043345,0.12603,0.002795,0.00172
0,0.126111,0.044081,-0.010271,-0.026961,-0.023996,-0.028185,0.002201,0.000769
0,0.084807,0.145852,-0.015299,0.092792,0.007582,0.06413,0.00148,0.002546
0,-0.043864,-0.132288,-0.125008,-0.279461,-0.155274,-0.275166,0.000766,0.002309
0,0.039711,-0.112874,0.105725,0.02912,0.11181,0.035403,0.000693,0.00197
0,-0.08434,-0.099145,-0.153042,0.033984,-0.197603,-0.001625,0.001472,0.00173
0,0.116917,-0.042488,0.189434,0.064225,0.21657,0.02806,0.002041,0.000742
0,0.183904,0.176648,0.069857,0.229223,0.044217,0.189719,0.00321,0.003083
0,0.166483,0.149664,-0.006399,-0.036097,-0.050104,-0.062846,0.002906,0.002612
0,0.000971,0.166253,-0.168124,0.039061,-0.194834,-0.003637,1.7e-05,0.002902
0,-0.075842,-0.032612,-0.079769,-0.18827,-0.062215,-0.16828,0.001324,0.000569
0,0.11443,-0.044369,0.187736,-0.019229,0.189369,0.026466,0.001997,0.000774
0,0.06654,0.125242,-0.064246,0.167109,-0.033584,0.206363,0.001161,0.002186
0,-0.201819,0.148364,-0.257911,-0.00071,-0.250445,-0.044139,0.003522,0.002589
0,-0.038238,-0.095882,0.186235,-0.228042,0.160633,-0.210254,0.000667,0.001673
0,-0.073744,0.078422,-0.054544,0.150594,-0.056559,0.145115,0.001287,0.001369
0,0.160789,0.051389,0.209818,-0.049164,0.257115,-0.080441,0.002806,0.000897
0,-0.082784,-0.097468,-0.269971,-0.163175,-0.252274,-0.139557,0.001445,0.001701
0,0.060074,0.116167,0.113505,0.201844,0.160991,0.238646,0.001048,0.002028
0,-0.047728,0.121452,-0.120041,0.01571,-0.080813,0.064686,0.000833,0.00212
0,0.005638,0.046622,0.035827,-0.083151,0.064858,-0.066131,9.8e-05,0.000814
0,0.065092,-0.08144,0.033096,-0.151365,0.068355,-0.173684,0.001136,0.001421
0,0.071031,0.030906,0.009679,0.111119,0.019987,0.077781,0.00124,0.000539
0,-0.013374,0.051144,-0.101403,-0.002677,-0.070735,-0.00478,0.000233,0.000893
0,-0.000902,-0.044307,-0.000317,-0.084431,-0.031639,-0.129721,1.6e-05,0.000773
0,0.050915,0.16902,0.062168,0.196381,0.048957,0.192349,0.000889,0.00295
0,0.000233,-0.085512,-0.025641,-0.283823,-0.042113,-0.315254,4e-06,0.001492
0,-0.176708,0.175205,-0.190144,0.282372,-0.212752,0.326623,0.003084,0.003058
0,-0.160447,-0.069346,-0.004631,-0.229627,0.014443,-0.222419,0.0028,0.00121
0,0.015865,0.127519,0.166326,0.187242,0.183861,0.210473,0.000277,0.002226
0,0.053535,0.127859,0.042228,-0.009646,0.086797,-0.033511,0.000934,0.002232
0,-0.124724,0.200439,-0.188142,0.055858,-0.182775,0.018479,0.002177,0.003498
0,-0.249134,0.013152,-0.127825,-0.168825,-0.132683,-0.214074,0.004348,0.00023
0,-0.145802,-0.034462,0.092833,-0.046452,0.073187,-0.052531,0.002545,0.000601
0,-0.074122,-0.018036,0.080398,0.037714,0.088003,0.044162,0.001294,0.000315
0,-0.014154,0.152304,0.074413,0.169809,0.027879,0.122563,0.000247,0.002658
0,-0.04614,0.074446,-0.022397,-0.072483,-0.042094,-0.047571,0.000805,0.001299
0,-0.03564,0.085096,0.022744,-0.004978,0.053865,0.027404,0.000622,0.001485
0,-0.1467,0.189075,-0.118382,0.131865,-0.073452,0.093412,0.00256,0.0033
0,-0.035201,-0.034574,0.094481,-0.244439,0.083376,-0.268642,0.000614,0.000603
0,-0.10333,0.045129,-0.057447,0.080522,-0.087681,0.041102,0.001803,0.000788
0,-0.063893,-0.029383,0.010082,-0.072851,-0.035278,-0.040509,0.001115,0.000513
0,-0.137407,-0.035699,-0.047727,-0.025336,-0.028502,-0.032279,0.002398,0.000623
0,0.053425,0.061625,0.192172,0.095942,0.234949,0.084501,0.000932,0.001076
0,0.038459,0.135082,-0.016368,0.063977,0.024459,0.018307,0.000671,0.002358
0,-0.130045,-0.041672,-0.195234,-0.17357,-0.205699,-0.188072,0.00227,0.000727
0,-0.102124,0.055224,0.015495,0.091795,0.025866,0.058926,0.001782,0.000964
0,0.055292,0.112824,0.146701,0.081346,0.120255,0.107607,0.000965,0.001969
0,0.019635,-0.12604,-0.028602,-0.232665,-0.055529,-0.231535,0.000343,0.0022
0,0.081768,0.069275,0.032939,0.170767,0.003462,0.131521,0.001427,0.001209
0,-0.054255,-0.031571,-0.159183,-0.085701,-0.195099,-0.120749,0.000947,0.000551
0,-0.115357,-0.071162,-0.05277,-0.054922,-0.092059,-0.057122,0.002013,0.001242
0,0.191321,-0.042562,0.304105,0.016178,0.312765,0.036943,0.003339,0.000743
0,0.145255,-0.006878,-0.023666,0.029745,-0.006079,-0.019507,0.002535,0.00012
0,0.171835,0.024112,0.015934,0.033348,0.05535,-0.014828,0.002999,0.000421
0,0.233367,-0.01672,0.091263,-0.034637,0.095831,-0.030693,0.004073,0.000292
0,0.004519,-0.079455,-0.220007,-0.080364,-0.236263,-0.05437,7.9e-05,0.001387
0,0.002724,-0.087316,-0.010139,-0.012428,-0.048864,-0.050693,4.8e-05,0.001524
0,0.237584,-0.019296,0.220818,0.069283,0.253091,0.077867,0.004147,0.000337
0,0.13274,0.172316,-0.127906,0.208461,-0.137324,0.238753,0.002317,0.003007
0,0.232749,0.211777,0.109688,0.068082,0.072896,0.048339,0.004062,0.003696
0,0.114157,-0.053873,-0.142477,-0.289363,-0.106211,-0.25709,0.001992,0.00094
0,0.099681,0.069912,-0.027172,0.138523,0.003325,0.127371,0.00174,0.00122
0,-0.031039,-0.046718,-0.12693,-0.090534,-0.172196,-0.136064,0.000542,0.000815
0,0.015203,0.079658,0.034753,0.104674,0.004209,0.144465,0.000265,0.00139
0,0.141742,0.167506,0.154287,0.078148,0.158335,0.083501,0.002474,0.002924
0,0.154891,0.186299,-0.002027,0.011021,-0.004259,0.034702,0.002703,0.003252
0,0.100422,0.040617,-0.075916,-0.142917,-0.119547,-0.159409,0.001753,0.000709
0,0.07502,0.140123,-0.015066,0.110675,-0.003912,0.118538,0.001309,0.002446
0,0.03994,-0.106082,-0.031344,-0.273878,-0.014672,-0.280908,0.000697,0.001851
0,0.082811,0.049951,0.013234,0.162439,-0.014384,0.130162,0.001445,0.000872
0,-0.098589,0.140416,-0.188429,0.117304,-0.150006,0.076246,0.001721,0.002451
0,-0.138174,0.045863,-0.042503,-0.081778,-0.026109,-0.102433,0.002412,0.0008
0,-0.156477,-0.093548,-0.016217,-0.153583,0.01272,-0.112328,0.002731,0.001633
0,-0.132198,0.062106,0.020875,0.158052,-0.017237,0.151289,0.002307,0.001084
0,0.148574,-0.012869,0.294525,-0.07148,0.294919,-0.095313,0.002593,0.000225
0,0.000218,-0.111747,-0.143629,-0.100896,-0.150313,-0.056914,4e-06,0.00195
0,0.218281,0.079765,0.196971,0.182381,0.23697,0.16665,0.00381,0.001392
0,0.101035,-0.076025,-0.125735,-0.177249,-0.144013,-0.151255,0.001763,0.001327
0,0.119652,-0.061911,0.024107,0.024994,0.067897,-0.016988,0.002088,0.001081
0,0.005594,0.034589,-0.117926,0.126092,-0.132571,0.171507,9.8e-05,0.000604
0,-0.050823,0.005566,-0.08185,-0.014527,-0.042805,-0.05634,0.000887,9.7e-05
0,0.149175,-0.144237,0.179773,-0.159441,0.162982,-0.205117,0.002604,0.002517
0,-0.0035,0.019077,-0.152945,0.169706,-0.159819,0.178065,6.1e-05,0.000333
0,-0.000829,0.052536,0.010278,0.029837,0.01404,-0.007046,1.4e-05,0.000917
0,0.010833,0.085752,0.002776,0.052846,0.025084,0.050773,0.000189,0.001497
0,0.114029,-0.106113,0.104798,-0.162989,0.078643,-0.146165,0.00199,0.001852
0,-0.070801,-0.134611,-0.16886,-0.026442,-0.138665,-0.056306,0.001236,0.002349
0,-0.059487,-0.016126,0.008471,0.103478,-0.002481,0.087906,0.001038,0.000281
0,-0.143593,0.000951,-0.098867,-0.012399,-0.135813,0.035986,0.002506,1.7e-05
0,0.083111,-0.165709,0.199522,-0.189941,0.232774,-0.180941,0.001451,0.002892
0,-0.136509,-0.195921,-0.242635,-0.011189,-0.274171,-0.041195,0.002383,0.003419
0,0.151998,-0.077441,0.312232,0.113442,0.353215,0.0988,0.002653,0.001352
0,0.012393,-0.158872,-0.125273,-0.080496,-0.129519,-0.105367,0.000216,0.002773
0,0.057942,-0.215955,0.061043,-0.054471,0.03992,-0.065273,0.001011,0.003769
0,0.07509,-0.097077,0.045642,0.099225,0.042026,0.099743,0.001311,0.001694
0,0.14835,-0.166879,0.069428,-0.092056,0.029757,-0.108378,0.002589,0.002913
0,0.160045,0.008569,0.001329,0.185569,0.029629,0.161914,0.002793,0.00015
0,0.260558,-0.038373,0.086494,-0.074165,0.049888,-0.088313,0.004548,0.00067
0,0.084273,-0.036072,-0.165894,-0.018356,-0.144256,0.002071,0.001471,0.00063
0,-0.022511,-0.117255,-0.134169,-0.098248,-0.173058,-0.128829,0.000393,0.002046
0,0.068136,0.061523,0.112618,0.177813,0.079437,0.187058,0.001189,0.001074
0,0.122563,-0.032721,0.059776,-0.08405,0.011655,-0.041639,0.002139,0.000571
0,0.033195,-0.221176,-0.114748,-0.201049,-0.136232,-0.213279,0.000579,0.00386
0,0.069167,-0.150502,0.034978,0.072326,0.002716,0.095543,0.001207,0.002627
0,0.026651,-0.157821,-0.047044,0.016963,-0.079393,0.023639,0.000465,0.002754
0,-0.054039,-0.032499,-0.062607,0.111952,-0.07134,0.140812,0.000943,0.000567
0,-0.018616,-0.22064,0.024633,-0.207354,-0.004319,-0.16021,0.000325,0.003851
0,-0.066157,-0.027465,-0.052532,0.176515,-0.095717,0.160379,0.001155,0.000479
0,0.003726,0.012483,0.064489,0.055057,0.086317,0.046256,6.5e-05,0.000218
0,-0.061753,-0.078999,-0.062184,-0.103065,-0.073957,-0.144549,0.001078,0.001379
0,0.00887,-0.088707,0.085683,-0.020977,0.069272,-0.027438,0.000155,0.001548
0,0.152709,0.050443,0.167196,0.123306,0.161718,0.143945,0.002665,0.00088
0,-0.03192,-0.041303,-0.156061,-0.069434,-0.118311,-0.027005,0.000557,0.000721
0,-0.061007,-0.051151,-0.053059,-0.003884,-0.04011,0.035847,0.001065,0.000893
0,-0.117549,-0.184733,-0.05681,-0.104927,-0.089209,-0.107166,0.002052,0.003224
0,0.191781,-0.091107,0.284869,0.114235,0.306051,0.064684,0.003347,0.00159
0,0.037567,-0.035297,-0.158841,0.0644,-0.164154,0.037904,0.000656,0.000616
0,-0.019834,0.040067,-0.069141,0.078293,-0.112241,0.039907,0.000346,0.000699
0,0.007985,-0.024685,0.055503,-0.073302,0.04431,-0.02397,0.000139,0.000431
0,-7.7e-05,0.065154,-0.017936,0.061796,-0.038382,0.014538,1e-06,0.001137
0,0.109074,-0.145831,0.110165,-0.238984,0.122318,-0.26016,0.001904,0.002545
0,-0.044736,0.061817,-0.157427,0.186693,-0.168309,0.203829,0.000781,0.001079
0,0.08352,0.147026,0.122147,0.061882,0.16085,0.094142,0.001458,0.002566
0,0.147742,0.148035,0.040782,0.019873,0.051871,0.007989,0.002579,0.002584
0,-0.060132,-0.098232,-0.232526,-0.271009,-0.192348,-0.309558,0.00105,0.001714
0,0.078095,-0.032342,0.142401,0.041828,0.15685,0.037744,0.001363,0.000564
0,0.109945,0.07645,0.004088,0.131561,0.003038,0.107615,0.001919,0.001334
0,-0.144349,0.092434,-0.231567,0.037628,-0.205648,0.061492,0.002519,0.001613
0,-0.220955,0.119765,-0.054816,0.016419,-0.067317,0.063181,0.003856,0.00209
0,-0.151418,0.107988,0.079042,-0.00675,0.081282,0.022037,0.002643,0.001885
0,0.093893,-0.065526,0.220606,-0.15139,0.173524,-0.155251,0.001639,0.001144
0,-0.159985,0.025197,-0.263024,0.094046,-0.227672,0.117073,0.002792,0.00044
0,-0.15605,-0.098901,-0.006372,-0.111072,-0.008735,-0.129639,0.002724,0.001726
0,-0.080181,-0.120581,0.10096,-0.01081,0.089798,-0.018798,0.001399,0.002105
0,0.06423,0.036683,0.122078,0.183016,0.129992,0.229147,0.001121,0.00064
0,0.078315,0.04281,-0.011759,0.022685,-0.020063,0.042767,0.001367,0.000747
0,0.004743,0.070355,-0.064499,0.052103,-0.09691,0.09894,8.3e-05,0.001228
0,0.019576,-0.19781,0.034911,-0.259644,-0.008667,-0.231311,0.000342,0.003452
0,-0.154337,0.114875,-0.14797,0.315361,-0.175042,0.345663,0.002694,0.002005
0,-0.061198,-0.096498,0.085589,-0.190535,0.096173,-0.167207,0.001068,0.001684
0,-0.08391,0.059598,-0.023854,0.15234,-0.059289,0.113496,0.001465,0.00104
0,0.006041,-0.013562,0.077412,-0.073727,0.109321,-0.084107,0.000105,0.000237
0,-0.09667,0.04783,-0.118736,0.037526,-0.090795,0.013178,0.001687,0.000835
0,0.076349,-0.091435,0.147534,-0.146037,0.154791,-0.099103,0.001333,0.001596
0,0.029035,-0.179638,-0.072065,-0.093586,-0.042408,-0.111895,0.000507,0.003135
0,-0.089892,0.057383,-0.094001,0.258924,-0.137023,0.265523,0.001569,0.001002
0,-0.085976,0.011729,0.019765,-0.06724,0.058503,-0.098703,0.001501,0.000205
0,0.019112,-0.046988,0.077122,-0.050429,0.094847,-0.0324,0.000334,0.00082
0,-0.150382,-0.171384,-0.164269,-0.143858,-0.124458,-0.14066,0.002625,0.002991
0,-0.048224,-0.067375,0.102533,0.080319,0.075125,0.125729,0.000842,0.001176
0,-0.061586,-0.136915,0.014134,-0.098898,-0.0192,-0.071281,0.001075,0.00239
0,-0.027669,0.029978,0.009692,0.174584,0.050256,0.193211,0.000483,0.000523
0,-0.096841,0.075388,-0.067975,0.052687,-0.056098,0.008349,0.00169,0.001316
0,0.081442,-0.000735,0.156856,-0.082112,0.194584,-0.116304,0.001421,1.3e-05
0,-0.040593,0.028411,-0.117769,0.055048,-0.159856,0.047228,0.000708,0.000496
0,0.044916,-0.003831,0.080424,-0.03297,0.102914,0.002964,0.000784,6.7e-05
0,-0.255865,-0.010606,-0.324607,-0.007709,-0.318092,-0.049611,0.004466,0.000185
0,0.017453,-0.119115,0.244259,-0.111755,0.216999,-0.143056,0.000305,0.002079
0,-0.116472,0.102329,-0.15958,0.209814,-0.190998,0.221557,0.002033,0.001786
0,-0.158683,0.111424,-0.04301,-0.019504,-0.007802,-0.062903,0.00277,0.001945
0,-0.024077,-0.143232,0.164048,-0.236627,0.174772,-0.197787,0.00042,0.0025
0,-0.129535,-0.017236,-0.078542,0.155946,-0.034467,0.113821,0.002261,0.000301
0,0.053114,0.00186,0.194104,0.008115,0.227488,-0.014393,0.000927,3.2e-05
0,-0.090928,-0.083381,-0.150385,-0.077655,-0.141572,-0.092051,0.001587,0.001455
0,-0.100945,-0.056294,0.005537,0.054775,0.040151,0.008703,0.001762,0.000983
0,0.006409,-0.141317,0.086088,-0.075807,0.07469,-0.057877,0.000112,0.002466
0,-0.169114,0.029209,-0.168479,0.152545,-0.130831,0.158235,0.002952,0.00051
0,0.131597,0.064296,0.280979,0.058927,0.236157,0.04861,0.002297,0.001122
0,0.153463,0.029447,0.031533,-0.050094,0.014105,-0.038502,0.002678,0.000514
0,-0.041402,0.052362,-0.199597,0.001098,-0.235754,0.02177,0.000723,0.000914
0,0.022511,0.164796,0.048844,0.086701,0.059192,0.073695,0.000393,0.002876
0,0.017854,0.022802,-0.01427,-0.160561,-0.007945,-0.185499,0.000312,0.000398
0,-0.101403,-0.003028,-0.108378,-0.015412,-0.147878,-0.005061,0.00177,5.3e-05
0,-0.198687,0.089321,-0.11187,0.089913,-0.115638,0.090921,0.003468,0.001559
0,0.080897,0.014645,0.280814,-0.084493,0.309498,-0.107088,0.001412,0.000256
0,-0.064508,-0.032377,-0.151602,-0.074246,-0.157904,-0.097149,0.001126,0.000565
0,-0.039654,0.061858,0.049413,0.070174,0.083724,0.11775,0.000692,0.00108
0,-0.076834,0.085604,-0.031553,-0.000113,-0.064868,0.036141,0.001341,0.001494
0,-0.13117,-0.024984,-0.032363,-0.116597,0.012377,-0.088272,0.002289,0.000436
0,0.003811,-0.00957,0.10609,-0.007993,0.122835,-0.057267,6.7e-05,0.000167
0,0.049633,-0.072374,0.020756,-0.044357,-0.013495,-0.014993,0.000866,0.001263
0,0.039996,0.062142,-0.008629,0.152732,-0.035048,0.200521,0.000698,0.001085
0,0.026614,0.097621,-0.036531,0.018777,-0.067961,0.030387,0.000465,0.001704
0,0.041206,-0.055585,0.028022,-0.142662,0.069118,-0.154474,0.000719,0.00097
0,-0.166673,0.185515,-0.234536,0.211897,-0.209142,0.185172,0.002909,0.003238
0,-0.088207,0.147769,0.088971,-0.062814,0.039233,-0.066069,0.00154,0.002579
0,-0.146832,0.172827,-0.063158,0.026394,-0.013889,0.062323,0.002563,0.003016
0,-0.07514,0.051183,0.068009,-0.114692,0.034775,-0.080875,0.001311,0.000893
0,-0.145252,0.016466,-0.067599,-0.013616,-0.110384,0.00832,0.002535,0.000287
0,-0.133507,0.02883,0.00905,0.031664,0.020458,-0.012865,0.00233,0.000503
0,-0.126085,-0.007299,0.026319,-0.03495,0.036879,-0.076378,0.002201,0.000127
0,-0.100593,-0.01312,-0.004038,-0.020608,0.024105,-0.002509,0.001756,0.000229
0,0.029214,0.005755,0.142843,0.04244,0.156316,0.008774,0.00051,0.0001
0,0.10411,-0.073013,0.095625,-0.057983,0.094359,-0.077001,0.001817,0.001274
0,0.169042,0.135082,0.062259,0.223071,0.019841,0.252747,0.00295,0.002358
0,0.142682,0.063096,-0.003166,-0.067338,0.03237,-0.029678,0.00249,0.001101
0,-0.037287,0.142556,-0.187704,0.055095,-0.179908,0.056261,0.000651,0.002488
0,0.078823,0.152659,0.139031,-0.011151,0.11415,-0.010421,0.001376,0.002664
0,0.109971,-0.006206,0.048908,-0.150219,0.053195,-0.133527,0.001919,0.000108
0,0.23306,-0.017647,0.099085,0.000861,0.069985,-0.009751,0.004068,0.000308
0,0.256019,-0.086758,0.044183,-0.054444,0.013406,-0.006851,0.004468,0.001514
0,0.278735,-0.085315,0.012044,-0.014333,0.053204,-0.040354,0.004865,0.001489
0,0.259081,0.155824,-0.014488,0.23184,-0.02611,0.219646,0.004522,0.00272
0,0.241273,0.085766,-0.019096,-0.066754,0.014451,-0.062833,0.004211,0.001497
0,0.188364,0.146026,-0.053134,0.041223,-0.064875,0.086605,0.003288,0.002549
0,0.109274,-0.081113,-0.078057,-0.232193,-0.0967,-0.211101,0.001907,0.001416
0,0.097449,0.07198,-0.03391,0.131385,-0.057045,0.128261,0.001701,0.001256
0,0.221929,-0.124728,0.096123,-0.211045,0.051373,-0.191903,0.003873,0.002177
0,0.305737,-0.032557,0.081594,0.097977,0.058905,0.114063,0.005336,0.000568
0,0.238983,0.04634,-0.06318,0.069535,-0.035681,0.026543,0.004171,0.000809
0,0.110984,-0.089015,-0.126789,-0.13842,-0.0933,-0.099488,0.001937,0.001554
0,0.084937,-0.057826,-0.01793,0.045389,-0.04779,-0.003866,0.001482,0.001009
0,0.205156,-0.063136,0.141013,0.023767,0.122836,-0.010499,0.003581,0.001102
0,0.097352,-0.138967,-0.081003,-0.100047,-0.036679,-0.071515,0.001699,0.002425
0,0.087164,0.059693,-0.013601,0.195791,-0.056191,0.18715,0.001521,0.001042
0,0.061747,-0.174709,-0.028986,-0.225599,-0.03491,-0.256476,0.001078,0.003049
0,0.206011,-0.121346,0.148856,0.061535,0.1311,0.10504,0.003596,0.002118
0,0.181746,-0.082723,0.0038,0.030439,-0.037565,0.071435,0.003172,0.001444
0,0.075886,-0.030696,-0.13172,0.081849,-0.155113,0.102877,0.001324,0.000536
0,0.018538,-0.112921,-0.074355,-0.066303,-0.042259,-0.066987,0.000324,0.001971
0,-0.002227,0.048982,-0.010678,0.179192,0.021267,0.161447,3.9e-05,0.000855
0,-0.010002,-0.005055,0.003257,-0.042626,-0.011872,0.000757,0.000175,8.8e-05
0,0.223135,-0.035017,0.256747,-0.001013,0.239708,-0.004358,0.003894,0.000611
0,0.046803,-0.104956,-0.149885,-0.079621,-0.147324,-0.064885,0.000817,0.001832
0,0.113044,-0.210547,0.078595,-0.082878,0.114971,-0.10503,0.001973,0.003675
0,0.104764,0.001076,-0.011866,0.223442,-0.041168,0.216452,0.001828,1.9e-05
0,0.124069,-0.110006,-0.003366,-0.121685,0.012575,-0.094233,0.002165,0.00192
0,0.21435,-0.089573,0.067288,0.027501,0.020569,0.051929,0.003741,0.001563
0,-0.005458,-0.099337,-0.208888,-0.006473,-0.209981,0.016754,9.5e-05,0.001734
0,0.051744,-0.204699,0.02747,-0.11788,0.002605,-0.112985,0.000903,0.003573
0,0.171245,0.074829,0.145437,0.298757,0.154692,0.279046,0.002989,0.001306
0,-1.817611,0.523798,-1.959153,0.432894,-1.91171,0.46632,0.004548,0.002948
0,-2.816993,1.13775,-1.028996,0.622044,-1.042731,0.630893,0.000804,0.004323
0,-3.65724,1.143804,-0.841311,0.031788,-0.81893,0.057037,0.003378,0.004218
0,-2.988724,1.351979,0.657217,0.193583,0.695633,0.215982,0.003801,0.000584
0,-2.870786,1.21219,0.133545,-0.13162,0.121024,-0.17361,0.001743,0.003024
0,-2.657273,0.887869,0.241687,-0.350112,0.25351,-0.366278,0.001984,0.003406
0,-2.031598,0.885009,0.644748,0.00018,0.656597,0.03864,0.000813,0.003356
0,-1.83245,0.567529,0.204641,-0.304273,0.193928,-0.304724,0.004289,0.002185
0,-0.667328,0.66224,1.166613,0.081216,1.141396,0.067642,0.000443,0.000532
0,-0.360468,0.398263,0.316977,-0.236443,0.301716,-0.278635,0.005799,0.005139
0,0.161763,0.010854,0.533743,-0.360662,0.552349,-0.347718,0.002823,0.000189
0,0.323514,-0.215687,0.147222,-0.205903,0.192943,-0.220997,0.005646,0.003764
0,0.176863,-0.078244,-0.150951,0.134493,-0.154812,0.142649,0.003087,0.001366
0,0.343584,-0.153171,0.193332,-0.078658,0.201281,-0.124396,0.005997,0.002673
0,0.381209,-0.337814,0.042134,-0.204457,0.070252,-0.159597,0.005437,0.005896
0,0.499382,-0.119942,0.091761,0.189952,0.12216,0.201558,0.003375,0.002093
0,0.474406,-0.231686,0.001275,-0.099184,0.012755,-0.110807,0.003811,0.004044
0,0.454418,-0.216481,-0.028354,0.030039,-0.076912,0.031395,0.004159,0.003778
0,0.372925,-0.323728,-0.067212,-0.127225,-0.06243,-0.086133,0.005582,0.00565
0,0.371038,-0.244596,0.003839,0.098805,0.045532,0.073842,0.005615,0.004269
0,0.34903,-0.120624,-0.010995,0.124741,0.002449,0.111817,0.005999,0.002105
0,0.382569,-0.230779,0.02391,-0.081356,-0.011483,-0.089865,0.005413,0.004028
0,0.128411,-0.093223,-0.23536,0.134007,-0.283544,0.136621,0.002241,0.001627
0,0.2457,-0.228621,0.115974,-0.127145,0.10873,-0.171355,0.004288,0.00399
0,0.391276,-0.249007,0.151316,-0.012674,0.127301,-0.009447,0.005261,0.004346
0,0.190764,-0.249061,-0.185897,-0.020327,-0.178392,-0.068036,0.003329,0.004347
0,0.277675,-0.254029,0.096898,0.015719,0.119179,0.001693,0.004846,0.004434
0,0.213241,-0.158628,-0.062896,0.09661,-0.040996,0.065701,0.003722,0.002769
0,0.307533,-0.296525,0.09998,-0.122029,0.076366,-0.081413,0.005367,0.005175
0,0.285631,-0.275101,-0.010956,0.029635,0.004954,0.065595,0.004985,0.004801
0,0.101564,-0.151873,-0.193111,0.109799,-0.17707,0.119763,0.001773,0.002651
0,0.221518,-0.292485,0.128852,-0.144305,0.110933,-0.189812,0.003866,0.005105
0,0.120618,-0.217718,-0.074934,0.063517,-0.083439,0.105393,0.002105,0.0038
0,0.225271,-0.070216,0.108946,0.156749,0.08242,0.157137,0.003932,0.001226
0,0.109625,-0.111792,-0.111551,-0.028331,-0.090278,0.018245,0.001913,0.001951
0,-0.039467,-0.184244,-0.156788,-0.057442,-0.121971,-0.030068,0.000689,0.003216
0,0.202341,-0.015939,0.239225,0.168346,0.269046,0.211573,0.003532,0.000278
0,0.065909,-0.224366,-0.108771,-0.235644,-0.066709,-0.249193,0.00115,0.003916
0,0.007718,-0.003315,-0.058097,0.191772,-0.067669,0.177854,0.000135,5.8e-05
0,0.134232,-0.049194,0.109345,-0.044035,0.102252,-0.076666,0.002343,0.000859
0,0.109534,-0.22622,-0.018331,-0.180912,0.013627,-0.140929,0.001912,0.003948
0,0.240356,0.06948,0.159329,0.318701,0.193828,0.269683,0.004195,0.001213
0,0.094625,-0.109214,-0.123531,-0.157118,-0.096662,-0.202569,0.001652,0.001906
0,0.07217,0.060794,-0.015688,0.192809,0.028111,0.238954,0.00126,0.001061
0,0.230143,-0.032121,0.184771,-0.089072,0.177872,-0.092511,0.004017,0.000561
0,0.111489,-0.117394,-0.111244,-0.077237,-0.066868,-0.052043,0.001946,0.002049
0,0.042428,-0.067814,-0.090308,0.045372,-0.124628,0.041506,0.000741,0.001184
0,0.155975,0.002459,0.085527,0.052808,0.048192,0.031428,0.002722,4.3e-05
0,0.01424,-0.106897,-0.137164,-0.123412,-0.159365,-0.123829,0.000249,0.001866
0,-0.003909,-0.057178,-0.03632,0.04774,-0.03739,0.034005,6.8e-05,0.000998
0,0.131784,-0.066598,0.109389,0.001244,0.089269,-0.042927,0.0023,0.001162
0,-0.122137,0.135852,-0.240538,0.221069,-0.227883,0.26547,0.002132,0.002371
0,-0.034619,-0.007365,0.104343,-0.162906,0.116849,-0.194498,0.000604,0.000129
0,-0.123673,-0.001933,-0.102104,-0.003006,-0.132672,0.009593,0.002159,3.4e-05
0,0.071705,-0.136436,0.198275,-0.157927,0.218652,-0.152227,0.001251,0.002381
0,0.026708,-0.119391,-0.045383,-0.011127,-0.050908,-0.035024,0.000466,0.002084
0,-0.132654,0.046137,-0.184327,0.191277,-0.136631,0.182625,0.002315,0.000805
0,0.033909,-0.084615,0.162994,-0.115145,0.196651,-0.143697,0.000592,0.001477
0,-0.071998,-0.067618,-0.13288,0.005417,-0.16854,-0.027605,0.001257,0.00118
0,0.142453,-0.165255,0.200391,-0.091913,0.195555,-0.097741,0.002486,0.002884
0,0.100891,0.08854,-0.032495,0.230449,-0.044335,0.236667,0.001761,0.001545
0,0.225999,-0.038673,0.138415,-0.152926,0.177292,-0.113749,0.003944,0.000675
0,0.072572,-0.127386,-0.125878,-0.066825,-0.131952,-0.113708,0.001267,0.002223
0,0.173596,-0.073657,0.071155,0.062571,0.114686,0.066286,0.00303,0.001286
0,0.13981,-0.046082,-0.034776,0.016481,-0.071422,0.023588,0.00244,0.000804
0,0.225728,-0.173543,0.05659,-0.144978,0.086015,-0.149284,0.00394,0.003029
0,0.153948,-0.135418,-0.079902,0.048776,-0.060466,-0.000572,0.002687,0.002363
0,0.02167,-0.142282,-0.138609,-0.016345,-0.157714,0.004979,0.000378,0.002483
0,0.150467,-0.056662,0.145277,0.089028,0.142822,0.132558,0.002626,0.000989
0,0.046802,0.09485,-0.081234,0.180642,-0.07694,0.17157,0.000817,0.001655
0,-0.114001,0.068061,-0.158246,-0.049426,-0.199297,-0.083893,0.00199,0.001188
0,-0.122582,0.025909,-0.01461,-0.036125,-0.047062,-0.07849,0.002139,0.000452
0,-0.150054,0.057145,-0.047714,0.040063,-0.090451,0.021606,0.002619,0.000997
0,-0.09907,-0.118562,0.035722,-0.173529,0.025185,-0.169459,0.001729,0.002069
0,0.019122,-0.08158,0.141938,0.037355,0.119096,0.00957,0.000334,0.001424
0,-0.014457,-0.043988,-0.013578,0.054183,-0.058472,0.064056,0.000252,0.000768
0,-0.057277,-0.039197,-0.033249,-0.010143,-0.04466,0.026078,0.001,0.000684
0,-0.020251,-0.115271,0.032006,-0.069259,0.014483,-0.092857,0.000353,0.002012
0,-0.088319,0.117627,-0.093743,0.253722,-0.105292,0.264312,0.001541,0.002053
0,-0.087329,-0.050132,-0.003396,-0.195407,-0.042829,-0.208757,0.001524,0.000875
0,-0.036396,-0.010276,0.045509,0.053646,0.01879,0.089482,0.000635,0.000179
0,-0.195895,-0.129389,-0.180663,-0.10968,-0.174802,-0.155247,0.003419,0.002258
0,-0.20758,0.064264,0.009398,0.223305,0.05139,0.193102,0.003623,0.001122
0,-0.045256,-0.063435,0.172729,-0.156802,0.146209,-0.125454,0.00079,0.001107
0,-0.196116,0.040594,-0.158547,0.082883,-0.17041,0.113687,0.003423,0.000708
0,-0.02706,-0.038989,0.156046,-0.087682,0.198113,-0.119283,0.000472,0.00068
0,-0.061629,0.10877,-0.043323,0.168526,-0.04723,0.218504,0.001076,0.001898
0,-0.11034,-0.082998,-0.077335,-0.206661,-0.124477,-0.233491,0.001926,0.001449
0,-0.013008,0.027934,0.093509,0.09148,0.140437,0.065045,0.000227,0.000488
0,0.063392,-0.116872,0.071528,-0.137756,0.034088,-0.179249,0.001106,0.00204
0,0.117937,-0.154498,0.047365,-0.02338,0.029349,-0.02319,0.002058,0.002696
0,-0.118361,0.062136,-0.250985,0.219386,-0.259271,0.242412,0.002066,0.001084
0,0.132679,-0.104688,0.268765,-0.189546,0.226352,-0.189221,0.002316,0.001827
0,0.181246,-0.173072,0.03903,-0.052279,0.069453,-0.025027,0.003163,0.003021
0,0.195264,-0.004559,0.037625,0.183314,0.083535,0.204408,0.003408,8e-05
0,0.111286,-0.019085,-0.063204,-0.021583,-0.030711,-0.026747,0.001942,0.000333
0,0.165825,0.041171,0.069937,0.073351,0.066213,0.0913,0.002894,0.000719
0,-0.091456,-0.051078,-0.234454,-0.074327,-0.23775,-0.094229,0.001596,0.000891
0,0.10527,-0.105719,0.174352,-0.055072,0.217511,-0.046368,0.001837,0.001845
0,0.011808,0.028889,-0.075466,0.135473,-0.105254,0.129641,0.000206,0.000504
0,-0.045759,-0.148585,-0.030227,-0.148579,-0.00055,-0.131336,0.000799,0.002593
0,-0.020988,-0.035034,0.025654,0.130687,0.042005,0.096648,0.000366,0.000611
0,0.044216,0.067638,0.042392,0.115445,-0.00433,0.153896,0.000772,0.001181
0,-0.046409,-0.087471,-0.061147,-0.15377,-0.096094,-0.133043,0.00081,0.001527
0,-0.029064,-0.124213,-0.000711,-0.043568,-0.02973,-0.028945,0.000507,0.002168
0,0.113096,-0.147466,0.126354,-0.021431,0.089177,-0.068636,0.001974,0.002574
0,-0.083623,0.025118,-0.182895,0.163592,-0.148721,0.201019,0.001459,0.000438
0,0.074905,-0.053879,0.130887,-0.078604,0.114334,-0.11151,0.001307,0.00094
0,0.030731,-0.063559,-0.02456,0.016938,-0.012308,-0.017148,0.000536,0.001109
0,0.090585,0.039051,0.065282,0.108351,0.016645,0.108799,0.001581,0.000682
0,-0.028571,0.011841,-0.110393,-0.00499,-0.123811,-0.034223,0.000499,0.000207
0,-0.113487,-0.048779,-0.094131,-0.089065,-0.08126,-0.070706,0.001981,0.000851
0,-0.040394,0.080442,0.101649,0.157005,0.062846,0.116384,0.000705,0.001404
0,-2.953037,-1.336971,-2.89943,-1.425936,-2.853146,-1.432758,0.003178,0.000846
0,-5.392378,-1.644162,-2.420143,-0.28507,-2.391412,-0.252723,0.002609,0.004515
0,-6.35312,-1.977927,-0.938186,-0.350326,-0.931348,-0.355976,0.002068,0.00175
0,-5.269193,-1.571009,1.109296,0.386025,1.120026,0.428936,0.004759,0.003238
0,-4.638996,-1.461733,0.614398,0.12248,0.56899,0.140607,0.003668,0.001331
0,-2.956042,-1.304452,1.675186,0.16278,1.644967,0.118112,0.003231,0.001414
0,-2.485709,-0.943185,0.464442,0.337228,0.455406,0.382053,0.004978,0.004371
0,-1.122802,-0.812136,1.383104,0.121895,1.367192,0.13997,0.004584,0.002084
0,-0.824244,-0.542687,0.305477,0.280481,0.331925,0.255911,0.002295,0.002619
0,-0.037425,-0.306818,0.798686,0.255764,0.76942,0.205962,0.000653,0.005355
0,0.335828,-0.05516,0.390874,0.236917,0.361201,0.25901,0.005861,0.000963
0,0.552023,-0.102409,0.229176,-0.05018,0.254227,-0.078904,0.002456,0.001787
0,0.597737,0.123034,0.026699,0.206416,0.025372,0.207796,0.001658,0.002147
0,0.413614,0.082752,-0.204236,-0.045683,-0.196908,-0.052443,0.004872,0.001444
0,0.34483,0.181118,-0.08384,0.109259,-0.041926,0.098572,0.006018,0.003161
0,0.451194,0.106347,0.087131,-0.051114,0.114278,-0.003774,0.004216,0.001856
0,0.268173,0.199216,-0.154003,0.073107,-0.107914,0.054304,0.00468,0.003477
0,0.386801,-0.00378,0.099068,-0.197231,0.065903,-0.154087,0.00534,6.6e-05
0,-0.858936,0.139273,-1.264302,0.129509,-1.276227,0.117036,0.002901,0.002431
0,-2.966385,0.241046,-2.120911,0.081602,-2.148765,0.106855,0.003411,0.004207
0,-3.550934,0.335841,-0.581314,0.074931,-0.550051,0.060587,0.001523,0.005862
0,-3.435408,0.361514,0.111913,0.043006,0.119859,0.08697,0.000493,0.005781
0,-2.81579,0.447443,0.644632,0.065005,0.655929,0.113933,0.000783,0.004281
0,-2.53438,0.33497,0.287203,-0.127865,0.286311,-0.078957,0.004129,0.005846
0,-1.418519,0.305494,1.108731,-0.045484,1.122446,-0.049207,0.000577,0.005332
0,-0.884724,0.263255,0.521368,-0.056368,0.489014,-0.070777,0.003351,0.004595
0,-0.308851,0.456038,0.594911,0.20195,0.575767,0.15373,0.00539,0.004131
0,-0.236655,0.395086,0.097619,-0.086656,0.050424,-0.063517,0.00413,0.005195
0,0.038422,0.03147,0.287546,-0.359984,0.312456,-0.37491,0.000671,0.000549
0,0.077443,-0.059689,0.062168,-0.118356,0.076514,-0.138059,0.001352,0.001042
0,0.049874,0.095953,2.4e-05,0.149562,0.048356,0.124691,0.00087,0.001675
0,0.168692,-0.095846,0.096339,-0.220537,0.072612,-0.243125,0.002944,0.001673
0,0.276597,-0.102449,0.130638,-0.003495,0.157379,0.045879,0.004828,0.001788
0,0.200661,-0.053535,-0.056923,0.066927,-0.048974,0.078268,0.003502,0.000934
0,0.154404,0.02439,-0.035261,0.089537,-0.023191,0.050533,0.002695,0.000426
0,0.314187,0.099137,0.180854,0.070619,0.145892,0.099383,0.005484,0.00173
0,0.223579,0.055108,-0.071352,-0.030747,-0.04449,-0.050148,0.003902,0.000962
0,0.223149,-0.101148,0.027859,-0.16176,0.037608,-0.193137,0.003895,0.001765
0,0.140761,0.016664,-0.096624,0.09389,-0.088697,0.063384,0.002457,0.000291
0,0.444574,0.001392,0.297262,-0.036661,0.315057,-0.035091,0.004331,2.4e-05
0,0.267253,-0.172633,-0.205834,-0.194311,-0.20939,-0.152575,0.004664,0.003013
0,0.121153,-0.045341,-0.123195,0.111131,-0.145046,0.088498,0.002115,0.000791
0,0.265717,0.024255,0.164472,0.057238,0.129722,0.011663,0.004638,0.000423
0,0.240952,0.025931,-0.045104,0.010858,-0.02412,-0.014795,0.004205,0.000453
0,0.121924,-0.053527,-0.12678,-0.077546,-0.110422,-0.065345,0.002128,0.000934
0,0.118187,-0.184141,-0.015074,-0.150638,0.030013,-0.137487,0.002063,0.003214
0,-9.8e-05,0.024406,-0.094217,0.206933,-0.12975,0.165122,2e-06,0.000426
0,0.195058,-0.033426,0.217819,-0.067889,0.209736,-0.103656,0.003404,0.000583
0,0.224096,-0.06355,0.040631,-0.047261,0.033677,-0.05653,0.003911,0.001109
0,0.051373,-0.028336,-0.162851,0.03139,-0.189145,0.047905,0.000897,0.000495
0,0.087512,0.066684,0.058641,0.097948,0.066084,0.098108,0.001527,0.001164
0,0.044847,-0.032433,-0.026972,-0.077548,-0.004469,-0.058491,0.000783,0.000566
0,0.132014,-0.102355,0.098503,-0.067236,0.086518,-0.058935,0.002304,0.001786
0,0.186621,-0.053853,0.035304,0.074486,0.002615,0.045975,0.003257,0.00094
0,-0.028601,-0.107519,-0.213743,-0.065341,-0.241297,-0.018423,0.000499,0.001877
0,0.184174,0.110499,0.208894,0.189618,0.186429,0.154195,0.003214,0.001929
0,0.249707,-0.137364,0.043127,-0.263312,0.083395,-0.25191,0.004358,0.002397
0,0.085166,0.023276,-0.188512,0.163731,-0.237377,0.126137,0.001486,0.000406
0,0.106168,0.018172,0.025086,-0.001717,-0.018083,-0.049285,0.001853,0.000317
0,0.046814,-0.004265,-0.068878,0.003392,-0.083024,0.050848,0.000817,7.4e-05
0,0.185568,-0.165308,0.125602,-0.179899,0.092495,-0.164518,0.003239,0.002885
0,0.04706,-0.122974,-0.131339,0.032123,-0.156278,-0.011209,0.000821,0.002146
0,0.005832,-0.029608,-0.060628,0.08142,-0.102453,0.04419,0.000102,0.000517
0,-0.023461,-0.088773,-0.030962,-0.050877,-0.054449,-0.003126,0.000409,0.001549
0,-0.035869,-0.104594,0.01091,-0.022323,-0.004862,-0.060798,0.000626,0.001826
0,-0.151621,-0.060249,-0.093589,0.022913,-0.098385,0.028059,0.002646,0.001052
0,0.175194,0.007018,0.322091,0.076874,0.329342,0.108132,0.003058,0.000122
0,0.059191,0.08631,-0.092417,0.099432,-0.125779,0.117406,0.001033,0.001506
0,0.038176,0.088751,-0.047347,-0.026618,-0.034574,-0.008485,0.000666,0.001549
0,0.121114,0.069371,0.093931,-0.010072,0.066648,-0.054545,0.002114,0.001211
0,-0.030312,-0.102384,-0.133039,-0.199556,-0.178634,-0.207363,0.000529,0.001787
0,0.020993,-0.051609,0.052246,0.080576,0.002719,0.121212,0.000366,0.000901
0,0.129381,-0.110443,0.079183,-0.077166,0.05271,-0.088065,0.002258,0.001928
0,-0.107607,-0.155877,-0.237779,-0.071552,-0.218659,-0.069509,0.001878,0.002721
0,0.234748,-1.15477,0.337647,-1.024266,0.338681,-1.06777,0.004097,0.004026
0,0.925379,-1.454677,0.694801,-0.285352,0.692635,-0.285004,0.00406,0.001208
0,0.831254,-1.707184,-0.066645,-0.253069,-0.024454,-0.220148,0.002418,0.005615
0,0.975837,-1.63332,0.162802,0.075422,0.178255,0.028278,0.004941,0.004326
0,0.719098,-1.914378,-0.27753,-0.310505,-0.249712,-0.345206,0.00046,0.002859
0,0.58989,-1.439338,-0.101262,0.464571,-0.115818,0.481358,0.001795,0.00094
0,0.48803,-0.917794,-0.101758,0.531132,-0.075041,0.548037,0.003573,0.003928
0,0.47352,-0.596935,0.005653,0.334532,0.020261,0.342282,0.003826,0.001672
0,0.347147,-0.570582,-0.110092,0.04095,-0.132495,0.014676,0.006032,0.002132
0,0.186301,-0.032076,-0.145931,0.549574,-0.103159,0.56403,0.003252,0.00056
0,0.006033,0.022968,-0.151894,0.045501,-0.177143,0.083523,0.000105,0.000401
0,0.07523,0.03151,0.047382,0.035994,0.041014,0.052216,0.001313,0.00055
0,-0.042158,0.149335,-0.137356,0.11492,-0.140472,0.066497,0.000736,0.002606
0,-0.262624,0.376365,-0.198245,0.222416,-0.207936,0.196133,0.004584,0.005522
0,-0.142109,0.333589,0.09559,-0.029123,0.061491,-0.075835,0.00248,0.005822
0,-0.067346,0.326267,0.066217,0.008107,0.093945,-0.008534,0.001175,0.005694
0,-0.056537,0.174474,0.038179,-0.174909,0.044999,-0.154237,0.000987,0.003045
0,-0.059443,0.248519,-0.03038,0.093414,-0.038927,0.075843,0.001037,0.004337
0,-0.073369,0.280498,-0.034576,0.027197,-0.062229,0.067509,0.001281,0.004896
0,-0.095681,0.160805,-0.03113,-0.097546,0.017249,-0.054247,0.00167,0.002807
0,0.053647,0.075333,0.132247,-0.078263,0.177619,-0.112489,0.000936,0.001315
0,0.041476,0.138084,-0.028968,0.069252,-0.019503,0.086452,0.000724,0.00241
0,-0.080925,0.004104,-0.15002,-0.104665,-0.13306,-0.119717,0.001412,7.2e-05
0,-0.021023,0.256723,0.076752,0.23908,0.078569,0.272304,0.000367,0.004481
0,0.095903,0.089101,0.089493,-0.157762,0.107867,-0.13495,0.001674,0.001555
0,0.007369,0.108904,-0.102019,0.047512,-0.130853,0.034267,0.000129,0.001901
0,0.051186,0.113949,0.027896,-0.002883,0.015319,-0.051708,0.000893,0.001989
0,0.02882,0.104164,-0.040085,-0.011677,-0.038866,0.015777,0.000503,0.001818
0,0.034573,-0.018755,0.000719,-0.129599,0.010667,-0.10962,0.000603,0.000327
0,0.132388,0.132899,0.092048,0.166941,0.079279,0.196914,0.002311,0.00232
0,0.044433,0.0112,-0.078872,-0.122189,-0.103103,-0.097972,0.000776,0.000195
0,-0.098533,-0.013796,-0.114465,-0.007282,-0.131524,0.032318,0.00172,0.000241
0,-0.086632,0.139632,0.009566,0.146526,0.033592,0.181775,0.001512,0.002437
0,-0.151719,0.114031,-0.074197,0.001129,-0.04651,0.049345,0.002648,0.00199
0,0.073534,0.14823,0.225814,0.040118,0.219749,-0.007572,0.001283,0.002587
0,0.099523,0.016285,0.04299,-0.147716,0.014023,-0.166327,0.001737,0.000284
0,0.026372,0.131525,-0.094235,0.099229,-0.117406,0.080695,0.00046,0.002296
0,0.149604,0.24135,0.115828,0.11564,0.08342,0.127444,0.002611,0.004212
0,0.175755,0.110367,0.010333,-0.101824,0.041249,-0.117327,0.003067,0.001926
0,0.054382,0.034839,-0.140631,-0.046252,-0.16247,-0.061015,0.000949,0.000608
0,0.01824,0.092706,-0.016315,0.062021,-0.008107,0.01344,0.000318,0.001618
0,-0.065736,0.065341,-0.079315,-0.040794,-0.073638,0.006511,0.001147,0.00114
0,0.089379,0.219152,0.133907,0.149478,0.162477,0.14922,0.00156,0.003825
0,0.036104,0.032825,-0.024278,-0.204833,-0.031163,-0.218308,0.00063,0.000573
0,0.219055,0.1963,0.179248,0.159783,0.206035,0.158739,0.003823,0.003426
0,0.131464,0.18875,-0.083439,-0.021764,-0.084327,0.017554,0.002294,0.003294
0,-0.032681,-0.015474,-0.179864,-0.208981,-0.225833,-0.206674,0.00057,0.00027
0,-0.032799,0.096796,-0.004877,0.13133,-0.049877,0.091336,0.000572,0.001689
0,-0.025331,0.112294,0.033345,0.041635,0.081552,0.002271,0.000442,0.00196
0,0.028346,0.044809,0.028875,-0.085874,0.055627,-0.105995,0.000495,0.000782
0,-0.0952,0.01198,-0.148877,-0.00671,-0.169768,-0.051212,0.001662,0.000209
0,0.034364,0.034753,0.141746,0.029723,0.149225,-0.005079,0.0006,0.000607
0,0.021378,0.196861,-0.008518,0.1406,0.008258,0.13287,0.000373,0.003436
0,-0.106884,0.099249,-0.143426,-0.105426,-0.167941,-0.131826,0.001865,0.001732
0,0.002418,0.046894,0.128428,-0.025305,0.177337,-0.040033,4.2e-05,0.000818
0,-0.082171,-0.016867,-0.077596,-0.091991,-0.034597,-0.128067,0.001434,0.000294
0,-0.25478,0.207443,-0.167201,0.222827,-0.208869,0.200763,0.004447,0.003621
0,0.007468,0.009062,0.251721,-0.182786,0.270582,-0.159991,0.00013,0.000158
0,-0.238417,0.01675,-0.261138,0.016824,-0.276043,-0.006533,0.004161,0.000292
0,-0.082748,0.090256,0.146744,0.074489,0.103571,0.05266,0.001444,0.001575
0,-0.025846,0.149267,0.066132,0.049449,0.080338,0.059374,0.000451,0.002605
0,-0.22669,0.015156,-0.215196,-0.158061,-0.177206,-0.190416,0.003956,0.000265
0,-0.005753,0.193452,0.208008,0.204739,0.162745,0.175777,0.0001,0.003376
0,-0.231454,0.078205,-0.239425,-0.092581,-0.201959,-0.049339,0.00404,0.001365
0,-0.045653,0.084,0.19263,-0.023668,0.219429,-0.036183,0.000797,0.001466
0,-0.034499,0.104119,-0.004128,0.00561,-0.047143,-0.025039,0.000602,0.001817
0,-0.09587,0.249998,-0.048736,0.137861,-0.011606,0.185897,0.001673,0.004363
0,-0.017373,0.240485,0.086344,-0.039148,0.132448,0.000151,0.000303,0.004197
0,-0.064675,-0.030018,-0.056542,-0.274963,-0.049698,-0.236282,0.001129,0.000524
0,-0.071677,-0.011355,0.021216,0.012338,-0.011461,-0.021255,0.001251,0.000198
0,0.116111,0.062895,0.211917,0.06348,0.224284,0.079439,0.002027,0.001098
0,-0.112653,0.06611,-0.25474,-0.007714,-0.26178,-0.026669,0.001966,0.001154
0,0.096876,0.040068,0.185774,-0.029047,0.163207,-0.046504,0.001691,0.000699
0,0.172159,0.0749,0.054656,0.033319,0.009419,0.035733,0.003005,0.001307
0,-0.091234,0.019037,-0.276024,-0.075286,-0.288128,-0.11336,0.001592,0.000332
0,0.090505,0.125116,0.15542,0.082268,0.162907,0.040643,0.00158,0.002184
0,0.039272,0.047367,-0.037612,-0.09221,-0.013075,-0.137265,0.000685,0.000827
0,0.202778,-0.069625,0.160978,-0.094379,0.126193,-0.13059,0.003539,0.001215
0,0.027636,0.118467,-0.146598,0.206524,-0.148423,0.181249,0.000482,0.002068
0,0.135484,0.02229,0.080365,-0.07163,0.095141,-0.114518,0.002365,0.000389
0,0.313366,-0.024409,0.207095,-0.022289,0.177728,0.015146,0.005469,0.000426
0,0.225912,0.059851,-0.058849,0.071664,-0.094668,0.072253,0.003943,0.001045
0,0.233783,0.056141,-0.010719,0.019183,-0.039887,0.030969,0.00408,0.00098
0,0.063603,0.078038,-0.197652,0.000385,-0.208152,0.036407,0.00111,0.001362
0,0.203516,-0.116301,0.12637,-0.185699,0.17226,-0.171476,0.003552,0.00203
0,0.108593,-0.049522,-0.082503,0.046793,-0.124957,0.040695,0.001895,0.000864
0,0.225515,-0.115715,0.104476,-0.057166,0.14812,-0.100404,0.003936,0.00202
0,0.047032,0.017137,-0.19624,0.120739,-0.161214,0.110362,0.000821,0.000299
0,0.08121,0.142785,0.042158,0.118564,0.082105,0.072396,0.001417,0.002492
0,0.048306,-0.101287,-0.056518,-0.231901,-0.012934,-0.202645,0.000843,0.001768
0,0.177516,-0.08515,0.125606,-0.007706,0.1082,0.036467,0.003098,0.001486
0,0.17538,-0.078259,0.014215,0.032532,-0.015827,0.07132,0.003061,0.001366
0,0.232911,-0.079636,0.027978,0.006779,0.016692,0.022319,0.004065,0.00139
0,-0.021289,-0.061602,-0.27503,0.03148,-0.293624,0.015306,0.000372,0.001075
0,0.198345,-0.046236,0.196344,0.027447,0.23223,0.028551,0.003462,0.000807
0,-0.005441,0.193002,-0.19864,0.214158,-0.182404,0.18368,9.5e-05,0.003369
0,0.19728,-0.047122,0.176638,-0.258937,0.18375,-0.217165,0.003443,0.000822
0,0.053546,0.181406,-0.142268,0.237081,-0.121312,0.212983,0.000935,0.003166
0,0.254142,-0.018507,0.182648,-0.185831,0.191443,-0.163269,0.004436,0.000323
0,0.124957,-0.030339,-0.148456,-0.039568,-0.11855,-0.065228,0.002181,0.00053
0,0.168256,-0.07961,0.049399,-0.030044,0.036607,-0.019205,0.002937,0.001389
0,-0.06383,0.150627,-0.202995,0.228434,-0.223194,0.197547,0.001114,0.002629
0,0.113895,-0.122495,0.174932,-0.26245,0.1427,-0.251895,0.001988,0.002138
0,-0.013803,-0.072263,-0.100032,0.049356,-0.051588,0.051451,0.000241,0.001261
0,-1.801834,1.465162,-1.779901,1.52636,-1.793387,1.482942,0.004824,0.001391
0,-3.860253,1.64218,-2.06125,0.169869,-2.08191,0.203754,0.005169,0.00448
0,-4.524087,1.603647,-0.651723,-0.049045,-0.679909,-0.062678,0.005673,0.003808
0,-3.790461,1.514125,0.714236,-0.088006,0.694909,-0.110322,0.005704,0.002245
0,-3.506932,1.254291,0.257128,-0.248824,0.211292,-0.235361,0.000755,0.002289
0,-2.937236,0.928666,0.548583,-0.325314,0.554904,-0.347539,0.002902,0.004118
0,-1.758429,0.666456,1.163428,-0.260674,1.149633,-0.275733,0.005581,0.000459
0,-0.873116,0.633209,0.902661,-0.039357,0.883392,-0.074244,0.003148,0.001039
0,-0.343342,0.64394,0.532706,0.000961,0.53397,-0.007027,0.005992,0.000852
0,-0.122452,0.263639,0.195052,-0.402623,0.156525,-0.444969,0.002137,0.004601
0,0.344427,0.073535,0.4837,-0.211992,0.532406,-0.227762,0.006011,0.001283
0,0.256262,-0.011038,-0.089739,-0.096588,-0.130204,-0.049863,0.004473,0.000193
0,0.469492,-0.01974,0.239553,0.015112,0.208523,0.057672,0.003896,0.000345
0,0.423625,-0.169906,-0.043263,-0.133829,-0.00034,-0.114844,0.004697,0.002965
0,0.23984,-0.187314,-0.18777,0.000665,-0.230898,-8.9e-05,0.004186,0.003269
0,0.285837,-0.073112,0.017673,0.140014,0.014121,0.116545,0.004989,0.001276
0,0.193531,-0.03824,-0.118793,0.063268,-0.078049,0.077627,0.003378,0.000667
0,0.007647,-0.00401,-0.20853,0.018234,-0.20439,-0.007452,0.000133,7e-05
0,0.150635,-0.097269,0.144936,-0.075825,0.15119,-0.044809,0.002629,0.001698
0,-0.015884,-0.120518,-0.185967,-0.031924,-0.220637,-0.024393,0.000277,0.002103
0,0.155821,-0.075771,0.173672,0.059371,0.165736,0.103422,0.00272,0.001322
0,0.214754,-0.023026,0.067481,0.025644,0.083787,0.031852,0.003748,0.000402
0,-0.057741,0.021046,-0.251232,0.048832,-0.267775,0.023091,0.001008,0.000367
0,-0.05517,-0.225807,-0.013919,-0.256188,-0.02382,-0.294246,0.000963,0.003941
0,0.035165,-0.158425,0.102489,0.08862,0.138321,0.050989,0.000614,0.002765
0,-0.013509,-0.23012,-0.062078,-0.068438,-0.08537,-0.076602,0.000236,0.004016
0,-0.055688,-0.171679,-0.054073,0.047261,-0.058729,0.004538,0.000972,0.002996
0,0.182471,-0.095799,0.234994,0.080672,0.255295,0.119389,0.003185,0.001672
0,0.065502,-0.132219,-0.139964,-0.052303,-0.133925,-0.099827,0.001143,0.002308
0,0.10044,0.014232,0.050897,0.131563,0.05954,0.13338,0.001753,0.000248
0,0.1861,-0.023761,0.107861,-0.010455,0.142195,0.023922,0.003248,0.000415
0,0.009446,-0.17055,-0.204528,-0.136264,-0.201671,-0.165083,0.000165,0.002977
0,0.082705,-0.136574,0.085655,0.016221,0.079387,-0.014742,0.001443,0.002384
0,-0.057425,-0.09865,-0.123082,0.012747,-0.101443,-0.019941,0.001002,0.001722
0,0.170801,0.021707,0.225379,0.12402,0.263896,0.114168,0.002981,0.000379
0,0.112365,0.070786,-0.04202,0.030566,-0.055386,0.072863,0.001961,0.001235
0,-0.021012,0.062476,-0.135175,-0.036133,-0.098797,-0.072805,0.000367,0.00109
0,0.161926,0.027162,0.195061,-0.031737,0.208612,-0.025742,0.002826,0.000474
0,0.096433,-0.132029,-0.085713,-0.183496,-0.088335,-0.220528,0.001683,0.002304
0,0.097469,-0.153126,0.001716,-0.00058,-0.001716,0.000663,0.001701,0.002673
0,0.015154,0.019498,-0.10874,0.168539,-0.065948,0.173831,0.000264,0.00034
0,0.111081,-0.096035,0.117713,-0.124607,0.151045,-0.141745,0.001939,0.001676
0,0.045726,0.057954,-0.035526,0.160509,5.3e-05,0.162541,0.000798,0.001011
0,0.000958,-0.040123,-0.030436,-0.101174,-0.022111,-0.120738,1.7e-05,0.0007
0,0.130817,0.133459,0.152483,0.176705,0.147126,0.195732,0.002283,0.002329
0,0.084291,0.106562,-0.054167,-0.01433,-0.044113,-0.031712,0.001471,0.00186
0,0.137205,-0.099659,0.032337,-0.209331,-0.016599,-0.213831,0.002395,0.001739
0,-0.109616,0.094929,-0.220719,0.20168,-0.189498,0.186562,0.001913,0.001657
0,-0.03788,-0.024182,0.063224,-0.117849,0.065112,-0.1277,0.000661,0.000422
0,-0.137631,0.094569,-0.100103,0.100596,-0.085868,0.06066,0.002402,0.001651
0,-0.129341,-0.113276,0.006157,-0.201297,0.017031,-0.236821,0.002257,0.001977
0,-0.028136,0.049484,0.128528,0.133515,0.132405,0.170347,0.000491,0.000864
0,-0.105014,-0.010095,-0.060285,-0.059672,-0.080897,-0.074221,0.001833,0.000176
0,0.106496,0.147886,0.181648,0.136691,0.200865,0.138844,0.001859,0.002581
0,-0.087666,-0.035782,-0.201507,-0.193479,-0.229185,-0.158016,0.00153,0.000625
0,-0.044301,0.144351,0.050124,0.193322,0.013913,0.213039,0.000773,0.002519
0,-0.070979,-0.08286,-0.002604,-0.23383,0.015016,-0.223574,0.001239,0.001446
0,-0.164842,0.119137,-0.121379,0.181469,-0.135056,0.186504,0.002877,0.002079
0,-0.123387,0.101055,0.051911,-0.043225,0.093042,-0.056506,0.002154,0.001764
0,-0.222123,-0.1398,-0.102734,-0.232715,-0.079021,-0.270547,0.003877,0.00244
0,-0.003207,-0.029085,0.229056,0.096506,0.270546,0.108591,5.6e-05,0.000508
0,-0.232946,0.046676,-0.225689,0.051029,-0.274981,0.060995,0.004066,0.000815
0,-0.197016,0.031914,0.02492,-0.008426,0.016778,-0.000831,0.003439,0.000557
0,-0.316245,0.083412,-0.113725,0.027553,-0.071236,0.068157,0.00552,0.001456
0,-0.11763,0.124154,0.197763,0.068301,0.241398,0.019274,0.002053,0.002167
0,-0.245521,0.025903,-0.157564,-0.111002,-0.18893,-0.071783,0.004285,0.000452
0,-0.216148,-0.164501,0.05507,-0.180443,0.019789,-0.130605,0.003772,0.002871
0,2.433367,-0.730925,2.646809,-0.553019,2.62069,-0.549288,0.005892,0.000667
0,2.865803,-1.070866,0.443587,-0.340821,0.417364,-0.349609,0.001656,0.005491
0,3.067422,-1.219695,0.215702,-0.143534,0.216611,-0.19204,0.005175,0.002893
0,2.52612,-1.028086,-0.516508,0.169453,-0.493713,0.129506,0.004273,0.005853
0,1.987828,-0.705385,-0.530751,0.327957,-0.567229,0.301868,0.001577,0.000221
0,1.905694,-0.650251,-0.103018,0.031831,-0.126224,-0.016252,0.003011,0.000741
0,1.629723,-0.402795,-0.249326,0.272428,-0.270224,0.300256,0.004263,0.00506
0,1.203756,-0.114189,-0.449603,0.278404,-0.445527,0.247379,0.003171,0.001993
0,0.993059,-0.235324,-0.208935,-0.102214,-0.208511,-0.083758,0.005242,0.004107
0,0.558272,0.060531,-0.439451,0.322732,-0.449691,0.333275,0.002347,0.001056
0,0.126282,-0.061881,-0.430777,-0.093628,-0.459258,-0.071102,0.002204,0.00108
0,-0.116885,-0.011795,-0.263336,0.028852,-0.266691,0.017612,0.00204,0.000206
0,0.014222,0.218463,0.155412,0.244238,0.163073,0.27308,0.000248,0.003813
0,-0.058546,0.210091,-0.087019,-0.018863,-0.051971,-0.043697,0.001022,0.003667
0,-0.107851,0.17874,-0.047812,-0.003748,0.000231,-0.033674,0.001882,0.00312
0,-0.194935,0.082036,-0.095222,-0.087482,-0.105778,-0.1095,0.003402,0.001432
0,-0.496091,0.075372,-0.281369,-0.006943,-0.312127,-0.031678,0.003432,0.001315
0,-0.225284,0.175373,0.284416,0.080684,0.251856,0.113496,0.003932,0.003061
0,-0.18555,0.039945,0.00977,-0.117582,0.048027,-0.153634,0.003238,0.000697
0,-0.190926,0.185425,-0.010867,0.154738,-0.027329,0.106107,0.003332,0.003236
0,-0.284351,0.138406,-0.105118,-0.045494,-0.153228,-0.038724,0.004963,0.002416
0,-0.301334,0.111438,-0.038768,-0.034827,-0.021675,0.003108,0.005259,0.001945
0,-0.040354,0.008731,0.257428,-0.087674,0.302922,-0.041158,0.000704,0.000152
0,-0.262021,0.09099,-0.220858,0.062392,-0.212976,0.068334,0.004573,0.001588
0,-0.211981,0.196745,0.023172,0.110611,2.7e-05,0.152273,0.0037,0.003434
0,-0.195543,0.177119,0.030035,0.001829,-0.017781,0.023969,0.003413,0.003091
0,-0.116832,0.088312,0.068528,-0.099622,0.019856,-0.067506,0.002039,0.001541
0,-0.046692,0.124221,0.087104,0.024755,0.114548,0.043095,0.000815,0.002168
0,0.02833,-0.015508,0.088525,-0.168275,0.11552,-0.129379,0.000494,0.000271
0,-0.110563,0.060077,-0.146982,0.060592,-0.102138,0.093848,0.00193,0.001049
0,-0.097886,0.164901,0.009485,0.115771,0.056814,0.149773,0.001708,0.002878
0,-0.170089,0.116237,-0.063146,-0.053211,-0.086551,-0.101918,0.002969,0.002029
0,-0.071874,0.023976,0.101977,-0.119771,0.094244,-0.095882,0.001254,0.000418
0,-0.218428,0.033384,-0.151747,0.024529,-0.18749,-0.006028,0.003812,0.000583
0,-0.198395,-0.03257,-0.002255,-0.067013,-0.012314,-0.116816,0.003463,0.000568
0,-0.224261,0.10753,-0.016136,0.115404,-0.016199,0.134071,0.003914,0.001877
0,-0.120252,0.027039,0.119564,-0.060049,0.101766,-0.032979,0.002099,0.000472
0,-0.141171,0.085892,0.001747,0.037062,-0.00112,0.030646,0.002464,0.001499
0,-0.040762,-0.008921,0.086351,-0.120695,0.071105,-0.131367,0.000711,0.000156
0,-0.034735,0.0673,-0.018561,0.104698,-0.035338,0.059641,0.000606,0.001175
0,-0.026059,0.004319,0.034672,-0.037904,0.070906,0.002617,0.000455,7.5e-05
0,-0.192796,0.005243,-0.153274,-0.024887,-0.166875,-0.034285,0.003365,9.2e-05
0,-0.025492,-0.063148,0.157417,-0.056053,0.158018,-0.040204,0.000445,0.001102
0,-0.23464,0.114047,-0.207648,0.16257,-0.194701,0.184752,0.004095,0.00199
0,-0.095177,-0.05555,0.166144,-0.15764,0.206828,-0.118559,0.001661,0.00097
0,0.061734,0.162311,0.155881,0.20867,0.177289,0.203951,0.001077,0.002833
0,-0.058403,0.232655,-0.107782,0.067565,-0.130725,0.036737,0.001019,0.004061
0,-0.207661,0.135688,-0.1528,-0.088288,-0.174064,-0.09599,0.003624,0.002368
0,-0.119107,-0.02848,0.092513,-0.135118,0.094593,-0.152709,0.002079,0.000497
0,0.021887,-0.078741,0.112448,-0.06303,0.073451,-0.069069,0.000382,0.001374
0,0.085725,-0.011516,0.037846,0.092588,0.030225,0.123527,0.001496,0.000201
0,-0.20969,0.043285,-0.267048,0.033169,-0.263118,0.026437,0.00366,0.000755
0,-0.167501,0.039772,0.068746,-0.006826,0.095854,0.011555,0.002923,0.000694
0,-0.085619,0.138222,0.076422,0.084886,0.123247,0.080938,0.001494,0.002412
0,-0.212161,-0.046225,-0.113176,-0.20144,-0.099164,-0.171213,0.003703,0.000807
0,0.077336,0.185582,0.301562,0.207868,0.335671,0.160566,0.00135,0.003239
0,-0.158285,0.099208,-0.249136,-0.064083,-0.245609,-0.114042,0.002763,0.001732
0,0.0611,-0.006208,0.246542,-0.12135,0.287194,-0.166643,0.001066,0.000108
0,0.085432,-0.068515,0.026533,-0.071871,0.021249,-0.036061,0.001491,0.001196
0,0.021135,-0.053899,-0.073907,0.011947,-0.038203,0.015921,0.000369,0.000941
0,0.070702,0.156114,0.020497,0.200414,0.06877,0.202646,0.001234,0.002725
0,0.05554,-0.110196,-0.027326,-0.238526,0.013221,-0.24206,0.000969,0.001923
0,-0.104651,-0.037141,-0.130426,0.092349,-0.160445,0.137603,0.001827,0.000648
0,-0.030175,0.039177,0.075499,0.100744,0.12394,0.138257,0.000527,0.000684
0,0.135049,0.035933,0.142416,0.00097,0.120783,-0.024032,0.002357,0.000627
0,-0.093577,0.18882,-0.251294,0.154584,-0.300626,0.150211,0.001633,0.003296
0,0.050226,0.237021,0.154314,0.074477,0.164297,0.057384,0.000877,0.004137
0,0.184365,0.055417,0.150835,-0.153034,0.128373,-0.135921,0.003218,0.000967
0,0.006455,0.08375,-0.196661,0.028265,-0.221082,-0.011559,0.000113,0.001462
0,-0.077144,0.094397,-0.060866,0.018168,-0.104735,0.065236,0.001346,0.001648
0,0.176649,0.142881,0.250437,0.02121,0.237503,0.034843,0.003083,0.002494
0,0.137449,0.034143,-0.014427,-0.11242,-0.018609,-0.080739,0.002399,0.000596
0,-0.07944,0.063607,-0.219979,0.037772,-0.265325,0.044541,0.001386,0.00111
0,0.026723,-0.065723,0.093954,-0.122359,0.110107,-0.142351,0.000466,0.001147
0,0.144366,-0.047477,0.133318,0.007502,0.168821,-0.041934,0.00252,0.000829
0,0.189303,-0.037527,0.022112,0.002797,0.0519,0.016382,0.003304,0.000655
0,-0.102271,-0.048962,-0.281701,0.013384,-0.239986,-0.01831,0.001785,0.000855
0,0.073384,0.014581,0.160055,0.038785,0.158188,0.080852,0.001281,0.000254
0,-0.153626,-0.13413,-0.220037,-0.118957,-0.193282,-0.091961,0.002681,0.002341
0,0.03376,-0.022657,0.175789,0.113472,0.152734,0.084025,0.000589,0.000395
0,-0.100388,-0.003778,-0.136777,0.031507,-0.165344,0.051493,0.001752,6.6e-05
0,-0.079135,0.041896,0.007558,0.051509,0.040297,0.044361,0.001381,0.000731
0,-0.043241,-0.073293,0.023744,-0.129205,0.059415,-0.13773,0.000755,0.001279
0,0.105696,0.06757,0.178215,0.131707,0.221168,0.085895,0.001845,0.001179
0,0.015017,0.031678,-0.079249,-0.038664,-0.088177,0.011315,0.000262,0.000553
0,0.146362,0.030921,0.12628,0.011989,0.136781,-0.015324,0.002554,0.00054
0,0.031094,-0.065946,-0.089399,-0.103467,-0.092394,-0.056965,0.000543,0.001151
0,0.070174,-0.147524,0.023781,-0.054764,0.00386,-0.010833,0.001225,0.002575
0,-0.063141,-0.069427,-0.104863,0.071384,-0.061714,0.078105,0.001102,0.001212
0,-0.029773,-0.029375,0.043816,0.058373,0.028386,0.06784,0.00052,0.000513
0,0.166687,-0.159991,0.213168,-0.150366,0.242225,-0.173389,0.002909,0.002792
0,0.109396,-0.051127,-0.028792,0.117087,-0.073031,0.074372,0.001909,0.000892
0,0.075861,-0.068692,-0.014255,-0.038236,0.021864,-0.036088,0.001324,0.001199
0,-0.021814,-0.172509,-0.085802,-0.10448,-0.083243,-0.1133,0.000381,0.003011
0,0.160251,0.081973,0.183484,0.232189,0.167856,0.189269,0.002797,0.001431
0,0.13557,0.071237,-0.029454,-0.009496,-0.015888,0.015628,0.002366,0.001243
0,-0.042292,-0.099332,-0.156891,-0.17833,-0.160016,-0.141395,0.000738,0.001734
0,0.026301,0.064479,0.043637,0.145467,0.083851,0.138405,0.000459,0.001125
0,0.1954,-0.10538,0.187195,-0.140323,0.187136,-0.187705,0.00341,0.001839
0,0.206465,0.016931,-0.003984,0.14491,0.029314,0.106406,0.003603,0.000295
0,0.008482,0.000384,-0.191877,-0.002967,-0.217589,-0.042194,0.000148,7e-06
0,0.171964,-0.05553,0.185838,-0.049866,0.235666,-0.009485,0.003001,0.000969
0,0.199666,-0.019165,0.045361,0.029676,0.045482,0.075842,0.003485,0.000334
0,-0.017861,-0.059539,-0.208611,-0.014298,-0.186293,0.017684,0.000312,0.001039
0,-0.038612,-0.055115,-0.030756,0.002833,-0.008787,-0.018498,0.000674,0.000962
0,0.21449,-0.024545,0.271082,0.028244,0.243138,0.040331,0.003744,0.000428
0,0.089122,0.159631,-0.119058,0.158431,-0.112242,0.165595,0.001555,0.002786
0,0.127761,0.033717,0.030786,-0.126393,-0.012873,-0.092967,0.00223,0.000588
0,-0.073436,0.057403,-0.203787,0.011204,-0.182039,0.003597,0.001282,0.001002
0,-0.053375,-0.031394,-0.007748,-0.11237,0.012864,-0.081539,0.000932,0.000548
0,-0.069329,0.012009,0.007733,0.050076,0.05125,0.031129,0.00121,0.00021
0,0.060573,-0.110562,0.147933,-0.115021,0.173382,-0.139919,0.001057,0.00193
0,0.098908,0.011042,0.056494,0.150467,0.042461,0.172538,0.001726,0.000193
0,0.123827,0.019724,0.01141,0.026324,0.058184,0.016155,0.002161,0.000344
0,0.097929,-0.076655,-0.008614,-0.074324,0.036359,-0.07901,0.001709,0.001338
0,0.23526,-0.183302,0.117387,-0.093261,0.114903,-0.047698,0.004106,0.003199
0,-0.031581,0.053763,-0.248939,0.23477,-0.243316,0.26956,0.000551,0.000938
0,0.058828,0.049518,0.10648,-0.034049,0.121938,0.005235,0.001027,0.000864
0,-0.003388,0.106863,-0.033527,0.077158,-0.047545,0.058429,5.9e-05,0.001865
0,0.196346,-0.067929,0.223255,-0.152052,0.266603,-0.153617,0.003427,0.001186
0,0.222455,-0.062202,0.042414,0.00968,0.01789,0.012454,0.003883,0.001086
0,-0.054018,-0.009881,-0.269826,0.076587,-0.283885,0.10453,0.000943,0.000172
0,0.067879,0.100025,0.111287,0.13389,0.089456,0.167395,0.001185,0.001746
0,0.103766,0.118284,0.011352,0.005287,0.058821,-0.021959,0.001811,0.002064
0,0.064084,0.207703,-0.058468,0.08543,-0.07858,0.104279,0.001118,0.003625
0,0.024705,0.022575,-0.017644,-0.208155,0.017719,-0.200249,0.000431,0.000394
0,0.141572,0.105894,0.096585,0.070795,0.066217,0.022167,0.002471,0.001848
0,0.039107,0.148124,-0.131196,0.028406,-0.149117,0.024559,0.000683,0.002585
0,0.188915,0.077571,0.169562,-0.042974,0.161229,-0.092642,0.003297,0.001354
0,0.215782,0.069798,0.053566,0.019784,0.086795,0.011359,0.003766,0.001218
0,-0.029623,0.032428,-0.266273,-0.045441,-0.250769,-0.007018,0.000517,0.000566
0,0.077957,-0.053713,0.099367,-0.10588,0.088208,-0.10715,0.001361,0.000937
0,0.055648,0.151191,0.000792,0.176518,0.04458,0.150636,0.000971,0.002639
0,0.224299,0.021263,0.189273,-0.13906,0.143387,-0.095384,0.003915,0.000371
0,0.014549,0.014387,-0.204395,-0.022893,-0.171135,-0.069176,0.000254,0.000251
0,0.104318,0.220769,0.060342,0.186839,0.084967,0.147982,0.001821,0.003853
0,0.033865,-0.017112,-0.092668,-0.217172,-0.131914,-0.213136,0.000591,0.000299
0,0.158289,0.021666,0.144177,0.055015,0.179797,0.041804,0.002763,0.000378
0,0.205365,0.044509,0.070545,0.011292,0.075661,0.023576,0.003584,0.000777
0,0.030422,-0.038825,-0.204266,-0.076479,-0.231866,-0.062936,0.000531,0.000678
0,0.068534,0.209944,0.055785,0.243991,0.055507,0.287998,0.001196,0.003664
0,0.019303,0.010455,-0.028403,-0.177049,-0.025649,-0.134357,0.000337,0.000182
0,0.213377,0.159138,0.213678,0.131168,0.260755,0.114632,0.003724,0.002777
0,0.134652,0.018306,-0.075348,-0.1207,-0.047746,-0.168134,0.00235,0.00032
0,0.219067,0.015817,0.091943,0.01236,0.129304,-0.00776,0.003823,0.000276
0,0.235743,0.034058,0.024926,0.005224,0.014591,0.000152,0.004114,0.000594
0,0.099822,-0.017918,-0.145008,-0.043293,-0.114292,-0.071602,0.001742,0.000313
0,0.027573,0.111629,-0.068683,0.102452,-0.044445,0.147884,0.000481,0.001948
0,0.114212,0.174848,0.058455,0.06634,0.079315,0.110222,0.001993,0.003052
0,-0.076044,0.17399,-0.163674,-0.027241,-0.152994,-0.011416,0.001327,0.003037
0,0.097574,0.181261,0.186775,-0.012774,0.222378,-0.001446,0.001703,0.003164
0,-0.04186,0.159752,-0.158537,-0.018672,-0.140245,0.001872,0.000731,0.002788
0,-0.10071,0.007789,-0.072291,-0.129916,-0.059409,-0.092264,0.001758,0.000136
0,0.044132,-0.041206,0.169985,-0.058556,0.196489,-0.017811,0.00077,0.000719
0,-0.100389,0.152759,-0.122418,0.180791,-0.098699,0.217017,0.001752,0.002666
0,0.137843,-0.021672,0.219422,-0.200158,0.197768,-0.190675,0.002406,0.000378
0,0.063186,0.057862,-0.065601,0.0605,-0.06668,0.016652,0.001103,0.00101
0,-0.004206,-0.020931,-0.087484,-0.108028,-0.070601,-0.063368,7.3e-05,0.000365
0,-0.092878,0.007522,-0.097313,0.044404,-0.060523,0.046543,0.001621,0.000131
0,0.057239,0.014237,0.145343,-0.01611,0.164637,-0.0423,0.000999,0.000248
0,0.058126,-0.106392,0.024172,-0.1158,0.012371,-0.151767,0.001014,0.001857
0,-0.084888,0.042951,-0.135916,0.156716,-0.096542,0.14883,0.001482,0.00075
0,0.063085,0.066733,0.120025,0.021797,0.159772,-0.018367,0.001101,0.001165
0,-0.190004,0.011847,-0.27466,-0.073319,-0.251861,-0.023905,0.003316,0.000207
0,-1.775463,-1.16342,-1.569525,-1.202689,-1.60895,-1.166238,0.005284,0.003875
0,-2.851453,-2.208905,-1.105059,-1.060857,-1.130807,-1.044735,0.001405,0.002281
0,-2.854202,-2.025985,0.000937,0.205877,-0.016632,0.175561,0.001453,0.000911
0,-2.381575,-2.09857,0.463459,-0.044029,0.446402,-0.078833,0.005295,0.000355
0,-2.668552,-1.930632,-0.304683,0.182731,-0.266136,0.209545,0.001787,0.002576
0,-2.279639,-1.534874,0.373053,0.410522,0.352369,0.44101,0.003516,0.002608
0,-1.88421,-0.982093,0.415662,0.549555,0.454817,0.504554,0.003386,0.00505
0,-1.598936,-0.885997,0.297908,0.078622,0.340602,0.098684,0.003726,0.003373
0,-1.365122,-0.659401,0.247327,0.201009,0.221627,0.205568,0.000355,0.000582
0,-0.835756,-0.335375,0.55729,0.346065,0.522216,0.361363,0.002496,0.005853
0,-0.527047,-0.152781,0.314961,0.155967,0.336812,0.19495,0.002892,0.002667
0,0.186019,-0.178885,0.738782,-0.009562,0.764861,0.006828,0.003247,0.003122
0,0.396169,-0.07369,0.224522,0.119763,0.199913,0.108035,0.005176,0.001286
0,0.537382,0.010246,0.122101,0.083054,0.100685,0.125447,0.002711,0.000179
0,0.490756,0.036225,-0.021139,0.050203,-0.005436,0.051524,0.003525,0.000632
0,0.458966,-0.018962,-0.008254,-0.064298,-0.03065,-0.076401,0.00408,0.000331
0,0.432911,0.142038,-0.004949,0.16302,0.008034,0.164817,0.004535,0.002479
0,0.257782,-0.028984,-0.170087,-0.144051,-0.178999,-0.110006,0.004499,0.000506
0,0.07912,0.179532,-0.160927,0.205901,-0.166063,0.237844,0.001381,0.003133
0,0.082836,0.167936,-0.025928,-0.030905,-0.031537,-0.011722,0.001446,0.002931
0,-0.092932,0.085782,-0.178314,-0.096825,-0.173405,-0.049511,0.001622,0.001497
0,-0.205639,0.158249,-0.142273,0.091384,-0.1629,0.062535,0.003589,0.002762
0,-0.12528,0.161549,0.062797,0.006492,0.040942,0.028388,0.002187,0.00282
0,-0.099738,0.010052,0.001673,-0.167684,-0.013694,-0.182917,0.001741,0.000175
0,0.039123,-0.070752,0.159184,-0.10592,0.194642,-0.096508,0.000683,0.001235
0,-0.154823,0.009134,-0.199108,0.072998,-0.208663,0.054796,0.002702,0.000159
0,-0.17204,0.01535,0.011692,0.02053,0.001672,0.055183,0.003003,0.000268
0,-0.102947,0.081976,0.060031,0.036934,0.071833,0.019452,0.001797,0.001431
0,-0.100969,0.082465,0.007138,0.027356,-0.02131,-0.012919,0.001762,0.001439
0,-0.018308,-0.054059,0.095675,-0.14793,0.094211,-0.171148,0.00032,0.000944
0,-0.0688,-0.126795,-0.063125,-0.05799,-0.055912,-0.054205,0.001201,0.002213
0,-0.1322,0.13189,-0.084258,0.267245,-0.12234,0.245007,0.002307,0.002302
0,-0.081373,0.055315,0.037704,-0.088675,0.02218,-0.050188,0.00142,0.000965
0,0.023342,-0.016978,0.106561,-0.092799,0.103378,-0.132208,0.000407,0.000296
0,0.005663,0.140634,-0.017489,0.155072,-0.024703,0.130171,9.9e-05,0.002455
0,-0.12959,0.127485,-0.14858,-0.020006,-0.138134,-0.019292,0.002262,0.002225
0,0.148061,0.130025,0.284125,-0.007123,0.252362,0.016169,0.002584,0.002269
0,0.056045,-0.127577,-0.099898,-0.235169,-0.056098,-0.204685,0.000978,0.002227
0,0.507688,-0.344266,0.472224,-0.220254,0.426975,-0.221579,0.00323,0.006009
0,0.906841,-0.878707,0.405831,-0.547123,0.411382,-0.50896,0.003737,0.003246
0,0.897122,-1.069436,-0.004668,-0.170903,0.017667,-0.141548,0.003567,0.005516
0,0.855207,-0.91092,-0.053194,0.131402,-0.078158,0.106108,0.002836,0.003808
0,1.200443,-0.883364,0.354741,0.049172,0.33515,0.050036,0.003229,0.003327
0,1.245038,-0.763629,0.038398,0.112864,0.029122,0.120188,0.002451,0.001237
0,1.020424,-0.598232,-0.221343,0.157572,-0.216548,0.117874,0.005719,0.001649
0,0.775067,-0.276469,-0.245438,0.334944,-0.218839,0.325795,0.001437,0.004825
0,0.798225,-0.148513,0.051226,0.113325,0.050313,0.145074,0.001841,0.002592
0,0.446504,-0.101103,-0.367554,0.048968,-0.357629,0.009824,0.004298,0.001765
0,0.262792,-0.064864,-0.160076,0.057091,-0.111163,0.036149,0.004587,0.001132
0,0.222083,-0.017178,-0.057939,0.065557,-0.02116,0.020391,0.003876,0.0003
0,-0.122525,-0.024753,-0.370509,-0.026213,-0.378858,-0.005528,0.002138,0.000432
0,0.062989,0.015195,0.192523,0.025123,0.236282,-0.014004,0.001099,0.000265
0,-0.072575,-0.060935,-0.120912,-0.088438,-0.130161,-0.068422,0.001267,0.001064
0,-0.16227,-0.086054,-0.107833,-0.030742,-0.116518,-0.077123,0.002832,0.001502
0,0.039868,-0.015637,0.206379,0.049708,0.205241,0.024835,0.000696,0.000273
0,-0.166689,0.056903,-0.211619,0.077192,-0.261148,0.072901,0.002909,0.000993
0,-0.049533,-0.058927,0.104059,-0.12418,0.13682,-0.08984,0.000865,0.001028
0,-0.218455,0.119105,-0.194458,0.201647,-0.235222,0.198678,0.003813,0.002079
0,-0.036522,0.105241,0.207386,0.013858,0.238558,0.0279,0.000637,0.001837
0,-0.009427,-0.081684,0.047771,-0.214641,0.004767,-0.209948,0.000165,0.001426
0,-0.104897,0.026641,-0.078037,0.104004,-0.030703,0.120499,0.001831,0.000465
0,-0.08251,0.169759,0.02659,0.129805,0.063573,0.129068,0.00144,0.002963
0,-0.186723,-0.027812,-0.078945,-0.20755,-0.052278,-0.182299,0.003259,0.000485
0,0.018253,0.188401,0.18936,0.19519,0.221085,0.190925,0.000319,0.003288
0,-0.002623,-0.054265,-0.002165,-0.227077,-0.001315,-0.259238,4.6e-05,0.000947
0,-0.08431,0.077542,-0.069377,0.142097,-0.064499,0.163236,0.001471,0.001353
0,-0.03141,-0.010067,0.034638,-0.089355,0.06022,-0.116659,0.000548,0.000176
0,-0.099485,-0.010684,-0.078139,-0.01498,-0.05501,0.017315,0.001736,0.000186
0,-0.10536,-0.000184,-0.007239,0.011607,0.025161,0.058333,0.001839,3e-06
0,-0.206369,0.082866,-0.092996,0.079864,-0.097649,0.122549,0.003602,0.001446
0,-0.149545,-0.08458,0.039779,-0.176391,0.087912,-0.187279,0.00261,0.001476
0,-0.168629,0.075976,-0.020907,0.154268,-0.043384,0.151912,0.002943,0.001326
0,-0.111178,-0.000836,0.035121,-0.104998,0.039552,-0.121485,0.00194,1.5e-05
0,0.02326,0.052896,0.156152,0.037665,0.113455,0.013386,0.000406,0.000923
0,-0.051498,-0.05667,-0.053339,-0.089405,-0.031924,-0.106889,0.000899,0.000989
0,-0.053132,0.018445,-0.024794,0.045174,-0.054325,0.026052,0.000927,0.000322
0,-0.199929,0.109813,-0.173249,0.083584,-0.169362,0.133509,0.003489,0.001917
0,-0.16584,-0.106265,0.023468,-0.238049,-0.009401,-0.213286,0.002894,0.001855
0,-0.608264,1.226073,-0.421129,1.303514,-0.416323,1.277442,0.001474,0.002782
0,-1.114925,1.435726,-0.479066,0.228011,-0.498334,0.22636,0.004722,0.000877
0,-1.149517,1.62059,-0.056216,0.162913,-0.049932,0.147579,0.004118,0.004104
0,-1.156962,1.312313,-0.030662,-0.319099,-0.015019,-0.318627,0.003988,0.001277
0,-0.900409,1.197625,0.259183,-0.138845,0.309077,-0.116468,0.003625,0.003278
0,-0.56992,0.725956,0.347911,-0.447466,0.336496,-0.423457,0.002144,0.00058
0,-0.3186,0.547137,0.240474,-0.204253,0.228907,-0.198549,0.005561,0.002541
0,-0.359904,0.308005,-0.066189,-0.22065,-0.059551,-0.186392,0.005809,0.005376
0,-0.048049,0.248287,0.29111,-0.077344,0.329199,-0.123012,0.000839,0.004333
0,-0.139082,0.165071,-0.110234,-0.073574,-0.153446,-0.031842,0.002427,0.002881
0,0.152793,0.114317,0.299007,-0.077208,0.252517,-0.048634,0.002667,0.001995
0,0.08712,0.102215,-0.05764,0.007357,-0.035773,0.021594,0.001521,0.001784
0,0.019857,0.111388,-0.079078,-0.019847,-0.069146,-0.002486,0.000347,0.001944
0,0.162644,-0.010158,0.157877,-0.14941,0.152728,-0.111319,0.002839,0.000177
0,0.195198,0.185183,0.057624,0.173122,0.057441,0.172836,0.003407,0.003232
0,0.118939,0.138307,-0.092834,-0.069727,-0.076796,-0.057878,0.002076,0.002414
0,0.122177,-0.044065,-0.023866,-0.153275,-0.025104,-0.186465,0.002132,0.000769
0,0.186125,-0.043682,0.078188,0.017708,0.080926,0.048658,0.003248,0.000762
0,0.075992,-0.071283,-0.123605,-0.032885,-0.12895,-0.002898,0.001326,0.001244
0,0.210123,0.055461,0.11002,0.150107,0.102329,0.162538,0.003667,0.000968
0,0.14168,-0.122189,-0.077521,-0.186299,-0.124505,-0.178334,0.002473,0.002133
0,0.246991,-0.107141,0.075394,0.00096,0.054197,0.049037,0.004311,0.00187
0,0.275953,0.142213,0.012521,0.256727,0.055507,0.219704,0.004816,0.002482
0,0.320358,-0.023327,0.021087,-0.157173,-0.011588,-0.121891,0.005591,0.000407
0,0.197617,0.058834,-0.103331,0.102785,-0.145973,0.063348,0.003449,0.001027
0,0.218687,-0.112371,0.015136,-0.175644,0.00894,-0.16263,0.003817,0.001961
0,0.143156,0.114643,-0.06208,0.210725,-0.057966,0.186293,0.002499,0.002001
0,0.119872,0.114788,-0.047279,0.020586,-0.047573,0.060296,0.002092,0.002003
0,0.109868,0.059244,-0.039799,-0.078385,-0.077612,-0.106698,0.001918,0.001034
0,0.222669,0.072139,0.134021,0.014081,0.140848,-0.000381,0.003886,0.001259
0,0.162823,-0.123895,-0.072761,-0.18281,-0.030393,-0.223212,0.002842,0.002162
0,0.099505,0.001517,-0.05935,0.097294,-0.060161,0.107828,0.001737,2.6e-05
0,0.092581,-0.134802,-0.025574,-0.14038,-0.061938,-0.131068,0.001616,0.002353
0,0.16975,0.144908,0.080942,0.307427,0.049821,0.284793,0.002963,0.002529
0,0.338,0.124078,0.145152,-0.04365,0.167073,-0.035783,0.005899,0.002166
0,0.224275,0.055159,-0.109562,-0.051978,-0.123219,-0.010997,0.003914,0.000963
0,0.123182,0.139505,-0.080272,0.087942,-0.079057,0.052215,0.00215,0.002435
0,-2.590807,-1.350262,-2.729687,-1.47008,-2.720935,-1.428383,0.003144,0.000614
0,-3.294448,-1.442772,-0.692472,-0.091858,-0.710498,-0.106858,0.002953,0.001
0,-3.099668,-1.734376,0.168603,-0.304731,0.156077,-0.288191,0.005737,0.006001
0,-3.594654,-1.612533,-0.502129,0.119482,-0.463481,0.098301,0.002286,0.003963
0,-3.032625,-1.566154,0.584064,0.063149,0.595598,0.100061,0.004567,0.003154
0,-2.751041,-0.996167,0.308248,0.541723,0.348963,0.503566,0.000347,0.005296
0,-2.247573,-0.709829,0.504733,0.27808,0.508617,0.230306,0.002956,0.000298
0,-1.578674,-0.491794,0.683313,0.204527,0.64319,0.214572,0.003372,0.003507
0,-1.012157,-0.208682,0.552019,0.253595,0.520107,0.226269,0.005575,0.003642
0,-0.715952,-0.120892,0.270431,0.060624,0.227825,0.017406,0.000405,0.00211
0,-0.484964,0.014492,0.207674,0.122737,0.242167,0.106233,0.003626,0.000253
0,-0.327143,0.086535,0.14693,0.097573,0.122031,0.090674,0.00571,0.00151
0,-0.047496,-0.044603,0.275089,-0.147211,0.242667,-0.163298,0.000829,0.000778
0,0.117018,0.034365,0.148091,0.083324,0.125519,0.109481,0.002042,0.0006
0,0.009111,-0.006652,-0.105006,-0.030833,-0.139646,-0.033847,0.000159,0.000116
0,0.319369,-0.036975,0.298221,-0.056771,0.329449,-0.067826,0.005574,0.000645
0,0.079801,0.074291,-0.234728,0.090181,-0.188809,0.101735,0.001393,0.001297
0,0.234897,0.143875,0.165021,0.083115,0.175511,0.112413,0.0041,0.002511
0,0.328852,-0.008281,0.069966,-0.174926,0.100388,-0.160368,0.00574,0.000145
0,0.357648,0.018217,0.024219,0.01043,0.018368,0.027522,0.005848,0.000318
0,0.193645,0.208306,-0.137823,0.21519,-0.147352,0.204695,0.00338,0.003636
0,0.121914,0.110259,-0.043621,-0.079216,-0.029691,-0.078179,0.002128,0.001924
0,0.075623,-0.036699,-0.045312,-0.150165,-0.077204,-0.13241,0.00132,0.000641
0,0.293238,0.054745,0.242382,0.087738,0.228071,0.074428,0.005118,0.000955
0,0.065247,0.210376,-0.225402,0.145104,-0.261465,0.112093,0.001139,0.003672
0,0.179889,0.056165,0.095873,-0.179245,0.133278,-0.183731,0.00314,0.00098
0,0.194136,0.189634,0.036221,0.146232,0.037774,0.152447,0.003388,0.00331
0,0.169941,0.120609,-0.020186,-0.086817,-0.023809,-0.060058,0.002966,0.002105
0,0.184407,0.066043,7.6e-05,-0.06119,-0.028192,-0.016619,0.003219,0.001153
0,0.010874,-0.036613,-0.172117,-0.125185,-0.161642,-0.140744,0.00019,0.000639
0,0.230932,0.187011,0.198417,0.213284,0.170592,0.183633,0.004031,0.003264
0,0.012916,0.16569,-0.208289,-0.034214,-0.200461,-0.025978,0.000225,0.002892
0,0.135828,-0.037538,0.132894,-0.203839,0.1535,-0.219488,0.002371,0.000655
0,-0.048019,0.12606,-0.195232,0.153255,-0.189142,0.171466,0.000838,0.0022
0,0.009876,0.064199,0.074786,-0.072222,0.028318,-0.044264,0.000172,0.00112
0,0.071217,-0.052107,0.082856,-0.102926,0.095494,-0.133454,0.001243,0.000909
0,0.199629,0.039515,0.149417,0.096786,0.165488,0.11684,0.003484,0.00069
0,-0.106419,0.090272,-0.316956,0.058264,-0.281034,0.081924,0.001857,0.001576
0,0.07752,0.123803,0.209173,0.061563,0.237153,0.070455,0.001353,0.002161
0,-0.044663,0.15412,-0.124329,0.034585,-0.143019,0.028401,0.00078,0.00269
0,0.008943,0.029796,0.025401,-0.145609,0.057082,-0.181612,0.000156,0.00052
0,-0.072567,0.081724,-0.057644,0.031537,-0.020704,0.034596,0.001267,0.001426
0,0.059749,0.098956,0.159397,0.020817,0.128992,0.061045,0.001043,0.001727
0,-0.046455,0.132101,-0.113059,0.027502,-0.11669,0.016875,0.000811,0.002306
0,0.073614,0.042843,0.116129,-0.093363,0.124516,-0.116185,0.001285,0.000748
0,0.200666,0.187245,0.106263,0.164297,0.090363,0.165874,0.003502,0.003268
0,0.101609,-0.117695,-0.111813,-0.298024,-0.161015,-0.292118,0.001773,0.002054
0,-0.026663,0.076041,-0.131035,0.194351,-0.178184,0.220933,0.000465,0.001327
0,-0.071417,0.046509,-0.055142,-0.040649,-0.064928,-0.000656,0.001246,0.000812
0,-0.062633,-0.051242,0.016569,-0.068765,0.023349,-0.108693,0.001093,0.000894
0,0.188854,-0.049472,0.265819,-0.026632,0.310366,-0.061477,0.003296,0.000863
0,-0.077989,-0.052753,-0.277772,0.004399,-0.247625,0.005449,0.001361,0.000921
0,0.182999,-0.032077,0.285197,0.003209,0.333552,0.021226,0.003194,0.00056
0,0.006561,-0.10463,-0.150776,-0.070897,-0.192527,-0.056705,0.000115,0.001826
0,0.227457,0.023508,0.197518,0.134588,0.233178,0.094546,0.00397,0.00041
0,0.11677,0.09974,-0.136063,0.084746,-0.167632,0.08593,0.002038,0.001741
0,0.082483,-0.109414,-0.041183,-0.22809,-0.004877,-0.253777,0.00144,0.00191
0,0.124647,0.110167,0.049979,0.200613,0.011178,0.198256,0.002175,0.001923
0,0.139205,0.058431,0.028495,-0.033251,0.024439,-0.027247,0.00243,0.00102
0,0.151629,-0.143944,0.024968,-0.174588,0.00325,-0.135511,0.002646,0.002512
0,0.123711,-0.06783,-0.012416,0.071981,0.022364,0.07084,0.002159,0.001184
0,-0.002791,-0.113677,-0.148591,-0.059492,-0.169733,-0.073218,4.9e-05,0.001984
0,0.082275,0.058359,0.084322,0.165696,0.126542,0.136275,0.001436,0.001019
0,0.002519,0.090809,-0.086993,0.052123,-0.124835,0.049114,4.4e-05,0.001585
0,0.244768,-0.058677,0.250277,-0.177851,0.292008,-0.160588,0.004272,0.001024
0,0.015249,0.127634,-0.228947,0.211361,-0.259755,0.255627,0.000266,0.002228
0,0.234037,0.191732,0.19123,0.093308,0.165805,0.12737,0.004085,0.003346
0,0.030347,0.095431,-0.199831,-0.067141,-0.168727,-0.099628,0.00053,0.001666
0,0.216259,0.19573,0.201197,0.099384,0.175764,0.146201,0.003774,0.003416
0,0.025979,-0.04613,-0.174363,-0.246894,-0.156733,-0.271064,0.000453,0.000805
0,0.004615,0.096201,-0.004258,0.170544,-0.015686,0.184036,8.1e-05,0.001679
0,-0.062509,-0.008997,-0.086379,-0.095916,-0.135739,-0.077965,0.001091,0.000157
0,-0.046539,-0.133643,0.015435,-0.146803,0.032667,-0.114795,0.000812,0.002333
0,0.145619,-0.094269,0.201032,0.038912,0.227233,0.083997,0.002542,0.001645
0,0.106057,0.133759,-0.050075,0.222925,-0.07843,0.241589,0.001851,0.002335
0,0.103686,-0.126209,-0.031387,-0.238129,-0.003267,-0.272507,0.00181,0.002203
0,-0.037669,0.044146,-0.156402,0.160324,-0.144569,0.138691,0.000657,0.00077
0,-0.056115,-0.053732,0.00907,-0.114761,0.029033,-0.153041,0.000979,0.000938
0,0.080961,0.053122,0.115872,0.087606,0.119003,0.127014,0.001413,0.000927
0,0.037401,-0.06259,-0.055096,-0.104206,-0.023056,-0.06191,0.000653,0.001092
0,0.207651,-0.019473,0.14368,0.017249,0.13612,0.033329,0.003624,0.00034
0,0.113414,0.030097,-0.089882,0.055056,-0.082166,0.07837,0.001979,0.000525
0,0.006511,-0.002508,-0.094696,-0.059315,-0.114739,-0.043487,0.000114,4.4e-05
0,0.090377,0.052905,0.08779,0.050741,0.070749,0.089394,0.001577,0.000923
0,0.071026,-0.038566,-0.012462,-0.105024,-0.015809,-0.115169,0.00124,0.000673
0,0.146576,0.111563,0.083424,0.121314,0.088231,0.075816,0.002558,0.001947
0,0.004482,0.032238,-0.1453,-0.058247,-0.132381,-0.061901,7.8e-05,0.000563
0,-0.039345,-0.015482,-0.060656,-0.066648,-0.085323,-0.057678,0.000687,0.00027
0,0.141814,-0.073592,0.162808,-0.083565,0.126844,-0.058368,0.002475,0.001284
0,-0.051837,-0.095557,-0.177156,-0.020088,-0.179653,0.013815,0.000905,0.001668
0,0.098416,0.144815,0.173471,0.238277,0.149646,0.211612,0.001718,0.002528
0,0.045395,-0.04039,-0.050352,-0.206272,-0.021034,-0.22544,0.000792,0.000705
0,-0.060002,0.096005,-0.08959,0.108885,-0.065622,0.074345,0.001047,0.001676
0,-0.065376,-0.031935,-0.005183,-0.134417,-0.006424,-0.159942,0.001141,0.000557
0,0.018822,0.051455,0.083289,0.056707,0.116414,0.019629,0.000329,0.000898
0,0.224029,-0.012905,0.202469,-0.093657,0.187665,-0.10931,0.00391,0.000225
0,0.015075,0.174345,-0.188153,0.211718,-0.158201,0.258402,0.000263,0.003043
0,0.00037,0.124512,-0.040218,-0.047035,-7.6e-05,-0.019346,6e-06,0.002173
0,0.098131,0.18703,0.112405,0.06592,0.147056,0.114873,0.001713,0.003264
0,0.064768,-0.017634,-0.00517,-0.18367,0.014742,-0.165591,0.00113,0.000308
0,0.194663,0.106168,0.126848,0.1316,0.167976,0.124903,0.003398,0.001853
0,-0.07709,0.087498,-0.244531,-0.047905,-0.283293,-0.034727,0.001345,0.001527
0,0.228014,0.018709,0.311317,-0.046321,0.318326,-0.087734,0.00398,0.000327
0,0.210237,0.185769,0.007968,0.175114,0.016277,0.177806,0.003669,0.003242
0,0.235412,-0.040133,0.00272,-0.226061,-0.028661,-0.18629,0.004109,0.0007
0,0.25428,0.024877,0.019639,0.039613,-0.018261,0.023848,0.004438,0.000434
0,0.281713,0.210223,0.021022,0.193738,-0.013021,0.184434,0.004917,0.003669
0,0.136449,0.122013,-0.152046,-0.059574,-0.106648,-0.01124,0.002381,0.00213
0,0.17415,0.084635,0.029006,-0.042998,0.013044,-0.044209,0.003039,0.001477
0,0.230227,0.024274,0.071685,-0.051775,0.027723,-0.059641,0.004018,0.000424
0,0.244366,0.222408,0.003013,0.170713,-0.032658,0.122252,0.004265,0.003882
0,0.25544,-0.014936,0.030618,-0.261567,0.02847,-0.256759,0.004458,0.000261
0,0.113652,-0.00774,-0.143727,-0.007272,-0.181181,-0.046208,0.001984,0.000135
0,0.251702,0.22912,0.162666,0.236109,0.156214,0.268657,0.004393,0.003999
0,0.136352,0.127681,-0.1307,-0.117805,-0.107425,-0.068949,0.00238,0.002228
0,0.319429,0.173684,0.183897,0.026983,0.210758,0.004246,0.005575,0.003031
0,0.282226,0.174787,-0.014125,0.026291,-0.052029,-0.010231,0.004926,0.003051
0,0.265723,0.186935,-0.020694,-0.002348,0.004494,0.014771,0.004638,0.003263
0,0.215032,-0.081537,-0.080461,-0.270215,-0.109879,-0.260714,0.003753,0.001423
0,0.086784,-0.068398,-0.098871,-0.010599,-0.066179,-0.006647,0.001515,0.001194
0,0.290704,-0.043394,0.212092,0.016097,0.253599,0.030412,0.005074,0.000757
0,0.09065,0.10131,-0.171085,0.144061,-0.163135,0.186312,0.001582,0.001768
0,0.336506,0.159031,0.260422,0.085399,0.246183,0.10999,0.005873,0.002776
0,0.150926,0.123226,-0.199169,-0.034941,-0.198493,-0.002143,0.002634,0.002151
0,0.11151,0.039595,-0.017145,-0.05777,0.014492,-0.009334,0.001946,0.000691
0,0.288499,-0.036435,0.164649,-0.082838,0.167502,-0.094343,0.005035,0.000636
0,0.077874,0.137733,-0.199902,0.189747,-0.212018,0.221179,0.001359,0.002404
0,0.051741,0.172526,-0.049929,0.044985,-0.071322,0.052641,0.000903,0.003011
0,0.129003,0.217606,0.091876,0.060029,0.053742,0.060314,0.002252,0.003798
0,0.311387,0.15843,0.210145,-0.079727,0.21463,-0.041126,0.005435,0.002765
0,0.134243,0.099885,-0.166722,-0.077781,-0.203501,-0.115468,0.002343,0.001743
0,0.327182,0.049577,0.185888,-0.049526,0.137711,-0.030772,0.00571,0.000865
0,0.261959,0.149442,-0.063598,0.094276,-0.083509,0.081624,0.004572,0.002608
0,0.149484,0.051626,-0.128784,-0.102554,-0.163619,-0.06788,0.002609,0.000901
0,0.29335,0.171905,0.154333,0.124336,0.118211,0.138161,0.00512,0.003
0,0.36736,0.005238,0.076623,-0.141061,0.042648,-0.132419,0.005679,9.1e-05
0,0.123761,0.116272,-0.270378,0.129255,-0.289211,0.145371,0.00216,0.002029
0,0.298363,0.06378,0.161889,-0.028378,0.185385,-0.019602,0.005207,0.001113
0,0.198385,-0.087158,-0.096106,-0.156053,-0.065972,-0.194363,0.003462,0.001521
0,0.264618,-0.004679,0.059221,0.081114,0.099188,0.067727,0.004618,8.2e-05
0,0.195151,0.11761,-0.042114,0.121849,-0.035361,0.130962,0.003406,0.002053
0,0.177845,0.122471,0.008091,0.024961,0.0254,-0.010609,0.003104,0.002138
0,0.149134,0.073352,-0.04072,-0.078221,-0.087904,-0.047489,0.002603,0.00128
0,0.208542,-0.130295,0.054502,-0.210419,0.070669,-0.174398,0.00364,0.002274
0,0.250965,-0.037924,0.015936,0.111389,-0.000227,0.064718,0.00438,0.000662
0,0.077588,0.085068,-0.200714,0.125214,-0.151659,0.086051,0.001354,0.001485
0,0.22726,0.04872,0.17119,-0.064684,0.16154,-0.034664,0.003966,0.00085
0,0.091915,-0.072423,-0.151836,-0.111867,-0.104304,-0.087659,0.001604,0.001264
0,0.093051,0.078172,0.013481,0.124598,0.026559,0.153806,0.001624,0.001364
0,0.108338,-0.1803,0.030094,-0.245912,-0.011264,-0.227129,0.001891,0.003147
0,0.059908,-0.164712,-0.059893,0.004477,-0.033007,-0.017087,0.001046,0.002875
0,0.225173,-0.004709,0.14873,0.140399,0.179376,0.144405,0.00393,8.2e-05
0,0.023848,0.086741,-0.172773,0.078113,-0.145996,0.08859,0.000416,0.001514
0,0.002453,0.083717,-0.018148,0.011726,0.014894,0.022501,4.3e-05,0.001461
0,0.099022,0.070322,0.09414,-0.016992,0.120424,-0.055574,0.001728,0.001227
0,0.114189,0.113856,-0.009635,0.051741,-0.046626,0.0384,0.001993,0.001987
0,-0.087263,-0.089594,-0.224662,-0.214669,-0.273073,-0.228857,0.001523,0.001564
0,-0.120318,-0.032246,-0.028343,0.071254,-0.002547,0.043955,0.0021,0.000563
0,0.007147,0.038461,0.112402,0.047946,0.063124,0.065522,0.000125,0.000671
0,0.028584,0.0697,0.025949,0.018048,-0.005614,0.023726,0.000499,0.001216
0,-0.159559,0.027041,-0.214146,-0.01706,-0.202273,-0.001096,0.002785,0.000472
0,0.030715,-0.074107,0.205801,-0.09008,0.209996,-0.044597,0.000536,0.001293
0,0.090237,0.10125,0.08467,0.159979,0.04771,0.161711,0.001575,0.001767
0,0.048367,0.1241,-0.06934,0.041638,-0.060673,-0.006302,0.000844,0.002166
0,-0.137144,-0.113085,-0.190828,-0.219914,-0.166034,-0.264324,0.002394,0.001974
0,0.092361,-0.102906,0.21061,0.032596,0.188875,0.071451,0.001612,0.001796
0,-0.153339,-0.111717,-0.250154,0.009868,-0.300019,0.021967,0.002676,0.00195
0,-0.140317,-0.101912,0.03927,0.000679,0.030443,-0.044366,0.002449,0.001779
0,-0.19312,0.12661,-0.029108,0.250638,-0.011794,0.295799,0.003371,0.00221
0,-0.202205,-0.015642,-0.027891,-0.1157,-0.0168,-0.113387,0.003529,0.000273
0,-0.031911,-0.077926,0.15639,-0.05277,0.173218,-0.01453,0.000557,0.00136
0,-0.102217,0.07014,-0.095333,0.174293,-0.048402,0.169041,0.001784,0.001224
0,-0.039442,-0.01541,0.037033,-0.098846,0.060293,-0.109242,0.000688,0.000269
0,0.041697,0.072357,0.058205,0.102295,0.064739,0.092634,0.000728,0.001263
0,-0.164977,-0.01841,-0.196445,-0.105504,-0.184372,-0.088711,0.002879,0.000321
0,-0.056892,0.168079,0.093685,0.201181,0.127048,0.239293,0.000993,0.002934
0,-0.071223,0.069983,-0.025405,-0.109862,0.013232,-0.149079,0.001243,0.001221
0,-0.095274,-0.013161,-0.040604,-0.070919,-0.081085,-0.105921,0.001663,0.00023
0,-0.103885,0.140006,-0.007722,0.154757,-0.040949,0.175284,0.001813,0.002444
0,-0.016179,-0.095293,0.115792,-0.214393,0.104078,-0.25606,0.000282,0.001663
0,-0.099029,-0.047817,-0.060949,0.063119,-0.036524,0.020505,0.001728,0.000835
0,0.005337,-0.125406,0.097672,-0.094248,0.134798,-0.090015,9.3e-05,0.002189
0,0.150148,0.150451,0.141177,0.296326,0.125595,0.300479,0.002621,0.002626
0,-0.073444,-0.017054,-0.24293,-0.177145,-0.239579,-0.132357,0.001282,0.000298
0,0.045143,0.020927,0.136511,0.010737,0.122137,-0.035251,0.000788,0.000365
0,0.078596,0.077122,0.01525,0.068716,0.001708,0.092103,0.001372,0.001346
0,-0.087586,0.11725,-0.18082,0.032173,-0.177763,0.074562,0.001529,0.002046
0,0.168389,-0.018374,0.272196,-0.122233,0.277367,-0.124346,0.002939,0.000321
0,-0.055327,-0.020166,-0.245114,-0.017934,-0.199169,-0.003284,0.000966,0.000352
0,0.12869,0.01459,0.179302,0.052807,0.202858,0.087795,0.002246,0.000255
0,0.010679,-0.07317,-0.143065,-0.093901,-0.098955,-0.052026,0.000186,0.001277
0,-0.088068,0.017154,-0.081886,0.103412,-0.075303,0.144998,0.001537,0.000299
0,-0.075522,0.036377,0.032927,-0.002893,0.072347,0.024436,0.001318,0.000635
0,0.164332,0.000128,0.247235,-0.06106,0.261266,-0.02672,0.002868,2e-06
0,0.191332,-0.015571,0.018736,-0.022005,0.060395,-0.024281,0.003339,0.000272
0,0.007143,0.062241,-0.20283,0.070941,-0.169,0.082085,0.000125,0.001086
0,0.047566,-0.040209,0.069354,-0.114291,0.107874,-0.146225,0.00083,0.000702
0,0.127905,0.027701,0.053671,0.06325,0.043223,0.094507,0.002232,0.000483
0,-0.07548,0.097292,-0.231202,0.052019,-0.250373,0.018601,0.001317,0.001698
0,0.073144,0.065657,0.13762,-0.003297,0.11047,-0.006863,0.001277,0.001146
0,0.112252,0.14882,0.047805,0.094938,0.066197,0.072545,0.001959,0.002597
0,-0.067459,-0.063484,-0.18953,-0.187056,-0.210529,-0.20787,0.001177,0.001108
0,-0.170902,-0.046942,-0.096228,-0.012897,-0.053333,-0.038133,0.002983,0.000819
0,-0.097735,-0.088087,0.103103,-0.016967,0.151578,-0.01862,0.001706,0.001537
0,-0.00135,-0.031343,0.101595,0.075103,0.109661,0.090447,2.4e-05,0.000547
0,0.134409,0.019818,0.163613,0.036147,0.210688,-0.012145,0.002346,0.000346
0,0.054872,-0.001863,-0.063882,0.000952,-0.028172,-0.042539,0.000958,3.3e-05
0,-0.02682,0.033359,-0.058137,0.024354,-0.041619,-0.023715,0.000468,0.000582
0,0.057051,-0.107073,0.106609,-0.127309,0.134911,-0.125815,0.000996,0.001869
0,-0.03749,-0.026103,-0.079725,0.066928,-0.065459,0.116128,0.000654,0.000456
0,-0.08671,0.01915,-0.055076,0.067028,-0.044857,0.073017,0.001513,0.000334
0,0.020973,-0.110969,0.097675,-0.128271,0.1062,-0.129874,0.000366,0.001937
0,-0.205824,0.099074,-0.1977,0.180787,-0.236625,0.161536,0.003592,0.001729
0,0.013723,0.062749,0.205077,-0.027589,0.237846,0.011377,0.00024,0.001095
0,0.040462,-0.093837,0.024532,-0.160877,0.002351,-0.178738,0.000706,0.001638
0,0.108201,-0.097172,0.042071,-0.033328,0.050774,-0.017884,0.001888,0.001696
0,0.176693,0.130673,0.095541,0.232349,0.091417,0.219046,0.003084,0.002281
0,0.098221,-0.08492,-0.054168,-0.230823,-0.064465,-0.279796,0.001714,0.001482
0,0.170598,0.014918,0.069453,0.112021,0.054516,0.132555,0.002977,0.00026
0,0.203032,-0.064422,0.00813,-0.064809,-0.028154,-0.04591,0.003544,0.001124
0,0.183658,-0.088646,0.010124,-0.030346,0.041187,-0.068303,0.003205,0.001547
0,0.083635,-0.099246,-0.093838,0.014717,-0.093204,0.058388,0.00146,0.001732
0,0.0723,0.080915,-0.003793,0.161874,-0.006948,0.185528,0.001262,0.001412
0,0.055701,-0.176204,-0.030627,-0.253278,-0.020688,-0.234833,0.000972,0.003075
0,0.257932,0.099583,0.187414,0.256031,0.1487,0.261153,0.004502,0.001738
0,0.054311,0.083966,-0.216357,-0.002343,-0.180976,0.003274,0.000948,0.001465
0,0.041531,0.012744,-0.010433,-0.059311,0.008567,-0.05305,0.000725,0.000222
0,0.164511,-0.179586,0.107803,-0.179475,0.15244,-0.176006,0.002871,0.003134
0,0.052628,-0.15956,-0.13948,0.023524,-0.171265,0.061063,0.000919,0.002785
0,0.052472,-0.02171,-0.017047,0.130712,-0.044817,0.179469,0.000916,0.000379
0,0.091083,0.075867,0.030296,0.114996,0.017726,0.11535,0.00159,0.001324
0,0.137324,-0.110886,0.03184,-0.193259,-0.013566,-0.202281,0.002397,0.001935
0,-0.048703,0.0759,-0.157574,0.166361,-0.156348,0.138221,0.00085,0.001325
0,-0.015161,-0.205401,0.050289,-0.263329,0.021454,-0.240256,0.000265,0.003585
0,-0.053523,-0.122518,-0.043711,0.111923,-0.074655,0.073797,0.000934,0.002138
0,0.113949,-0.153591,0.172029,-0.024049,0.149565,-0.056179,0.001989,0.002681
0,0.02519,-0.169764,-0.106088,-0.020768,-0.07829,-0.010539,0.00044,0.002963
0,0.080419,-0.00733,0.059496,0.152653,0.016241,0.124818,0.001404,0.000128
0,-0.087746,-0.062557,-0.152914,-0.035977,-0.141586,-0.027034,0.001531,0.001092
0,0.060441,-0.101527,0.160037,-0.067042,0.112983,-0.047562,0.001055,0.001772
0,-0.069063,-0.020124,-0.151115,0.093496,-0.139798,0.123419,0.001205,0.000351
0,-0.021393,-0.019002,0.071636,0.019037,0.078464,0.054749,0.000373,0.000332
0,0.05654,-0.0131,0.049143,-0.006762,0.031724,0.040794,0.000987,0.000229
0,0.069104,0.037845,-0.003283,0.040362,-0.041288,0.007522,0.001206,0.000661
0,-0.003812,-0.119543,-0.099187,-0.127398,-0.069711,-0.099548,6.7e-05,0.002086
0,-0.018721,-0.139736,-0.028106,-0.02188,-0.015984,-0.056871,0.000327,0.002439
0,-0.12349,-0.095701,-0.130753,0.05256,-0.119986,0.024882,0.002155,0.00167
0,-0.013193,-0.108128,0.085471,0.003727,0.084824,0.039203,0.00023,0.001887
0,-0.02296,-0.193576,-0.00971,-0.094351,0.023787,-0.13385,0.000401,0.003379
0,0.194165,0.040611,0.193044,0.222245,0.192738,0.190824,0.003389,0.000709
0,-0.003599,-0.119965,-0.201988,-0.162647,-0.219049,-0.153241,6.3e-05,0.002094
0,0.114387,0.053312,0.139342,0.198141,0.095903,0.213029,0.001996,0.00093
0,0.190924,-0.100844,0.056763,-0.129805,0.015335,-0.179422,0.003332,0.00176
0,-0.004255,-0.188067,-0.211136,-0.101974,-0.177874,-0.089282,7.4e-05,0.003282
0,0.265292,-0.126524,0.265891,0.08176,0.266406,0.087026,0.00463,0.002208
0,0.106734,-0.134923,-0.18139,-0.02734,-0.131409,0.006393,0.001863,0.002355
0,0.269862,-0.046109,0.181118,0.065362,0.171948,0.023765,0.00471,0.000805
0,0.246827,-0.104248,-0.051617,-0.033716,-0.011078,-0.083069,0.004308,0.001819
0,0.124122,-0.0289,-0.102077,0.094603,-0.075202,0.102361,0.002166,0.000504
0,0.094041,0.045904,-0.035139,0.087047,-0.008981,0.056204,0.001641,0.000801
0,0.002591,-0.143498,-0.061822,-0.209166,-0.081485,-0.208869,4.5e-05,0.002505
0,0.022314,-0.240352,0.008498,-0.089403,-0.014021,-0.050109,0.000389,0.004195
0,0.209761,-0.153288,0.21418,0.066247,0.170013,0.037827,0.003661,0.002675
0,0.175939,-0.103996,-0.038075,0.058855,-0.027339,0.014926,0.003071,0.001815
0,0.283425,0.072551,0.116255,0.166211,0.116545,0.129327,0.004947,0.001266
0,0.066085,-0.049729,-0.222875,-0.117739,-0.177133,-0.079804,0.001153,0.000868
0,0.101874,-0.110398,0.057067,-0.053346,0.07237,-0.098102,0.001778,0.001927
0,0.203433,0.068412,0.082623,0.185896,0.116469,0.194956,0.003551,0.001194
0,-0.037883,-0.00829,-0.226303,-0.052485,-0.179462,-0.056503,0.000661,0.000145
0,0.164802,-0.093827,0.190929,-0.071497,0.182848,-0.071216,0.002876,0.001638
0,-0.088466,-0.04336,-0.229687,0.053975,-0.215417,0.041649,0.001544,0.000757
0,0.112754,-0.078831,0.228123,-0.040773,0.24413,-0.056581,0.001968,0.001376
0,-0.119174,0.079181,-0.257774,0.142779,-0.273492,0.113525,0.00208,0.001382
0,-0.060582,0.004576,0.032234,-0.046874,0.036053,-0.082889,0.001057,8e-05
0,0.113563,0.1031,0.153066,0.088071,0.185099,0.056934,0.001982,0.001799
0,-0.107785,-0.08727,-0.220296,-0.212601,-0.192046,-0.188616,0.001881,0.001523
0,0.157696,0.07648,0.262334,0.189887,0.287085,0.232652,0.002752,0.001335
0,0.191784,-0.068156,0.061672,-0.141143,0.067988,-0.093583,0.003347,0.00119
0,0.063136,0.05295,-0.120128,0.146189,-0.112012,0.173751,0.001102,0.000924
0,0.183927,0.092182,0.096306,0.015446,0.074713,0.005209,0.00321,0.001609
0,0.259976,0.082939,0.054757,-0.034159,0.056724,-0.027976,0.004537,0.001448
0,0.07501,0.025457,-0.21095,-0.081733,-0.22795,-0.038181,0.001309,0.000444
0,-0.024607,0.018559,-0.110309,0.007554,-0.158884,-0.011177,0.000429,0.000324
0,0.138535,-0.086126,0.152933,-0.098273,0.151291,-0.101146,0.002418,0.001503
0,-0.001049,0.030323,-0.140733,0.097981,-0.139078,0.124623,1.8e-05,0.000529
0,0.28015,0.004935,0.258779,0.003238,0.231375,-0.027107,0.00489,8.6e-05
0,0.214992,0.049414,-0.088441,0.058238,-0.095764,0.081571,0.003752,0.000862
0,0.045938,-0.020608,-0.160777,-0.041974,-0.187646,-0.00877,0.000802,0.00036
0,0.013268,-0.031283,-0.026287,-0.030854,0.001621,-0.070742,0.000232,0.000546
0,0.13161,0.160483,0.102084,0.202589,0.092352,0.167442,0.002297,0.002801
0,0.189611,-0.084587,0.033088,-0.254321,0.032094,-0.297874,0.003309,0.001476
0,-0.006561,0.126225,-0.181788,0.233814,-0.226333,0.241792,0.000115,0.002203
0,-0.029268,0.013174,-0.028051,-0.09939,-0.05254,-0.077574,0.000511,0.00023
0,0.024648,-0.065222,0.067205,-0.059248,0.030532,-0.082196,0.00043,0.001138
0,0.025825,-0.055289,-0.011078,0.037396,-0.008523,0.026649,0.000451,0.000965
0,0.171502,0.021469,0.147178,0.049226,0.153758,0.042775,0.002993,0.000375
0,0.242461,-0.04806,0.056357,-0.091839,0.045721,-0.134141,0.004232,0.000839
0,0.206948,-0.087624,-0.007007,-0.011867,-0.052417,0.031705,0.003612,0.001529
0,-0.063392,-0.084039,-0.275173,0.021422,-0.29202,0.036673,0.001106,0.001467
0,-0.085188,0.045492,-0.01591,0.102626,-0.052213,0.10278,0.001487,0.000794
0,-0.113471,0.039635,-0.027066,0.003024,-0.038593,-0.036418,0.00198,0.000692
0,-0.117475,-0.028146,0.023411,-0.038607,0.071852,-0.021853,0.00205,0.000491
0,0.038497,-0.09139,0.184963,-0.05594,0.167539,-0.033272,0.000672,0.001595
0,0.110941,0.056594,0.070407,0.132921,0.024968,0.152056,0.001936,0.000988
0,-0.156212,-0.044327,-0.266101,-0.072844,-0.265932,-0.095082,0.002726,0.000774
0,-0.135633,0.035788,0.021829,0.053738,0.041637,0.025013,0.002367,0.000625
0,-0.12298,0.060806,0.038948,-0.002774,0.027504,-0.014274,0.002146,0.001061
0,0.002659,0.142683,0.108557,0.069604,0.097173,0.043425,4.6e-05,0.00249
0,-0.019316,-0.120566,0.006589,-0.263677,-0.038754,-0.276844,0.000337,0.002104
0,-0.12262,0.109894,-0.097284,0.246347,-0.110706,0.200203,0.00214,0.001918
0,0.052357,0.071736,0.1635,-0.057807,0.1736,-0.097084,0.000914,0.001252
0,-0.039156,-0.136064,-0.093079,-0.233405,-0.100259,-0.208329,0.000683,0.002375
0,-0.069754,-0.116486,-0.050841,0.006,-0.016797,-0.026208,0.001217,0.002033
0,-0.134316,-0.115848,-0.035021,-0.011487,-0.054676,-0.049835,0.002344,0.002022
0,0.090139,0.009984,0.219331,0.126125,0.259231,0.114104,0.001573,0.000174
0,-0.0219,0.038864,-0.118949,0.03187,-0.115468,0.078086,0.000382,0.000678
0,0.120392,-0.111986,0.114952,-0.133447,0.132161,-0.096899,0.002101,0.001955
0,-0.027872,-0.041837,-0.12325,0.040592,-0.117071,0.064026,0.000486,0.00073
0,0.115068,-0.128943,0.16279,-0.110894,0.154625,-0.078853,0.002008,0.00225
0,-0.092218,-0.109329,-0.212701,-0.002847,-0.205233,-0.05039,0.00161,0.001908
0,-0.048783,-0.128381,0.022294,-0.022143,0.058373,0.017925,0.000851,0.002241
0,0.014274,0.08551,0.047041,0.18974,0.043637,0.175292,0.000249,0.001492
0,0.093586,-0.152439,0.096026,-0.242687,0.058089,-0.281055,0.001633,0.002661
0,0.071385,0.077624,0.007196,0.23254,0.055936,0.2072,0.001246,0.001355
0,-0.090909,-0.117805,-0.145302,-0.170122,-0.119518,-0.209031,0.001587,0.002056
0,-0.143527,-0.04214,-0.031201,0.094334,-0.033961,0.120788,0.002505,0.000735
0,-0.141088,-0.106026,0.010902,-0.090697,0.045087,-0.085236,0.002462,0.001851
0,-0.200844,0.040933,-0.040177,0.157166,-0.051312,0.117712,0.003505,0.000714
0,0.027614,-0.059405,0.228823,-0.095987,0.188777,-0.054529,0.000482,0.001037
0,-0.124471,0.027148,-0.15845,0.10568,-0.117935,0.137598,0.002172,0.000474
0,-0.032839,0.060907,0.064767,0.007108,0.0428,0.04112,0.000573,0.001063
0,-0.220336,0.069282,-0.171328,0.001348,-0.14038,0.032359,0.003846,0.001209
0,-0.135149,0.079114,0.066653,-0.006247,0.043138,-0.04824,0.002359,0.001381
0,-0.180678,0.125585,-0.038849,0.059557,-0.050803,0.01481,0.003153,0.002192
0,-0.148905,0.089153,0.061025,-0.063377,0.02047,-0.0137,0.002599,0.001556
0,-0.015812,0.142686,0.122374,0.05909,0.088498,0.054274,0.000276,0.00249
0,-0.018467,0.122417,-0.012091,-0.015173,-0.015681,0.017116,0.000322,0.002137
0,0.031971,0.099556,0.077219,-0.026556,0.118889,-0.058457,0.000558,0.001738
0,-0.007464,-0.056047,-0.05792,-0.151186,-0.049246,-0.14457,0.00013,0.000978
0,-0.195698,0.046903,-0.181284,0.074116,-0.146905,0.093968,0.003416,0.000819
0,-0.174314,0.076601,0.050685,0.041919,0.060937,0.069625,0.003042,0.001337
0,-0.07172,0.048427,0.105097,-0.055174,0.125497,-0.005484,0.001252,0.000845
0,-0.035311,0.153025,0.054587,0.08261,0.016605,0.052849,0.000616,0.002671
0,-0.177616,0.006945,-0.113247,-0.161592,-0.074103,-0.166362,0.0031,0.000121
0,-0.734,0.559744,-0.564737,0.563239,-0.570713,0.611077,0.00072,0.002321
0,-0.675784,1.147961,0.057787,0.617664,0.085905,0.577045,0.000296,0.004145
0,-0.752934,1.207277,-0.093603,0.060874,-0.120274,0.029393,0.001051,0.00311
0,-0.855649,1.200859,-0.079834,0.009654,-0.079857,-0.027562,0.002843,0.003222
0,-0.841009,1.244036,-0.001868,0.051987,0.031127,0.045586,0.002588,0.002468
0,-0.604643,1.033518,0.226417,-0.234391,0.236943,-0.204225,0.001537,0.005948
0,-0.676928,0.680613,-0.07751,-0.381843,-0.091301,-0.335193,0.000276,0.000212
0,-0.442362,0.724869,0.260919,0.04892,0.231188,0.067794,0.00437,0.000561
0,-0.367065,0.54202,0.070106,-0.155917,0.030775,-0.114521,0.005684,0.00263
0,-0.044017,0.263142,0.351714,-0.305328,0.316672,-0.311939,0.000768,0.004593
0,0.248311,0.122662,0.319916,-0.168753,0.303383,-0.196814,0.004334,0.002141
0,0.2351,-0.053898,0.008648,-0.176796,-0.021648,-0.137574,0.004103,0.000941
0,0.269856,0.044233,0.015391,0.077735,0.064496,0.121909,0.00471,0.000772
0,0.307738,-0.133992,0.050728,-0.177952,0.043402,-0.203797,0.005371,0.002339
0,0.15012,-0.131972,-0.148522,0.030424,-0.127074,0.031612,0.00262,0.002303
0,0.253053,-0.115191,0.103051,-0.00891,0.101213,-0.014109,0.004417,0.00201
0,0.266654,-0.010923,0.001146,0.118008,-0.007373,0.133522,0.004654,0.000191
0,0.381297,0.112106,0.107798,0.099965,0.063416,0.124056,0.005436,0.001957
0,0.080808,-0.099447,-0.303539,-0.225923,-0.316831,-0.26822,0.00141,0.001736
0,0.157897,0.035569,0.079768,0.161638,0.062425,0.148832,0.002756,0.000621
0,0.188451,-0.109083,0.034365,-0.159035,0.016388,-0.172274,0.003289,0.001904
0,0.121701,-0.138105,-0.036787,-0.04461,0.002033,-0.086335,0.002124,0.00241
0,0.05033,0.040479,-0.072585,0.180772,-0.030499,0.142917,0.000878,0.000706
0,0.118716,-0.040799,0.058112,-0.060701,0.074175,-0.013197,0.002072,0.000712
0,0.091258,0.034255,-0.003961,0.064834,0.007195,0.019625,0.001593,0.000598
0,0.155206,-0.104873,0.053814,-0.128279,0.090177,-0.176993,0.002709,0.00183
0,0.223986,0.038399,0.091717,0.115552,0.087986,0.07563,0.003909,0.00067
0,0.115358,-0.039636,-0.117065,-0.073959,-0.154477,-0.059185,0.002013,0.000692
0,0.007398,-0.100513,-0.137344,-0.041803,-0.155241,-0.062238,0.000129,0.001754
0,0.216656,-0.148684,0.18313,-0.032872,0.15222,0.009011,0.003781,0.002595
0,0.071708,-0.028588,-0.152368,0.095754,-0.138515,0.131402,0.001252,0.000499
0,0.069481,0.042011,-0.00846,0.084817,0.024294,0.12747,0.001213,0.000733
0,0.026069,-0.03784,-0.061147,-0.097701,-0.078823,-0.086076,0.000455,0.00066
0,-0.017389,-0.199301,-0.04704,-0.171393,-0.066111,-0.156305,0.000303,0.003478
0,0.147729,-0.139499,0.183773,0.07165,0.21873,0.095727,0.002578,0.002435
0,-0.049717,0.097168,-0.171906,0.226659,-0.1841,0.239706,0.000868,0.001696
0,-0.017784,0.029622,0.0371,-0.086832,-0.005983,-0.122141,0.00031,0.000517
0,0.156799,-0.03351,0.180523,-0.05545,0.201653,-0.01923,0.002737,0.000585
0,0.071239,0.072486,-0.068107,0.112453,-0.11619,0.066396,0.001243,0.001265
0,-0.022395,0.096805,-0.093533,0.031367,-0.134586,0.05802,0.000391,0.00169
0,0.115462,-0.13511,0.143003,-0.209702,0.179144,-0.216994,0.002015,0.002358
0,-0.005786,-0.103742,-0.116429,0.025275,-0.080547,-0.008358,0.000101,0.001811
0,0.011827,0.096371,0.02798,0.21868,0.025031,0.205145,0.000206,0.001682
0,0.002021,-0.046104,-0.038097,-0.158777,-0.061377,-0.155813,3.5e-05,0.000805
0,-0.018479,-0.046582,0.001305,-0.001319,0.003453,0.01697,0.000323,0.000813
0,0.203488,0.021439,0.250399,0.050426,0.220618,0.08812,0.003552,0.000374
0,-0.103742,0.057045,-0.288224,0.029473,-0.306362,0.052622,0.001811,0.000996
0,-0.07811,-0.041296,0.000201,-0.116029,-0.019384,-0.158606,0.001363,0.000721
0,-0.089324,-0.027205,-0.000655,0.014256,0.0435,0.048189,0.001559,0.000475
0,0.055743,-0.13292,0.117285,-0.11395,0.163363,-0.12781,0.000973,0.00232
0,0.134837,-0.157088,0.057329,-0.013382,0.035262,-0.034288,0.002353,0.002742
0,1.233003,-0.096945,1.127403,0.07741,1.114604,0.086995,0.002661,0.001692
0,1.696076,-0.225715,0.449388,-0.118311,0.441203,-0.09504,0.005421,0.003939
0,1.61194,-0.479498,-0.058357,-0.267959,-0.044112,-0.244913,0.003953,0.003722
0,1.467322,-0.419066,-0.15733,0.049937,-0.197005,0.069756,0.001429,0.004776
0,1.422268,-0.239391,-0.068009,0.186015,-0.094361,0.176985,0.000642,0.004178
0,1.533019,-0.389557,0.121932,-0.136341,0.103869,-0.087135,0.002575,0.005291
0,1.102963,-0.162731,-0.451046,0.221056,-0.452426,0.228689,0.004931,0.00284
0,0.79467,-0.154207,-0.288009,-0.013408,-0.279087,0.011526,0.001779,0.002691
0,0.653957,-0.290023,-0.149013,-0.13927,-0.140762,-0.163544,0.000677,0.005062
0,0.507445,-0.033924,-0.138044,0.252124,-0.161181,0.254385,0.003234,0.000592
0,0.280747,-0.133494,-0.202873,-0.087417,-0.201364,-0.094193,0.0049,0.00233
0,0.205205,-0.204686,-0.078448,-0.046158,-0.053968,-0.045497,0.003582,0.003572
0,0.093259,-0.112176,-0.102641,0.093068,-0.096426,0.111463,0.001628,0.001958
0,0.118954,-0.023839,0.012721,0.087505,0.017293,0.063458,0.002076,0.000416
0,0.068159,0.005288,-0.022645,0.010727,-0.038097,0.001831,0.00119,9.2e-05
0,-0.037495,0.010263,-0.08092,0.031771,-0.121685,-0.017498,0.000654,0.000179
0,-0.104582,-0.075006,-0.090767,-0.098773,-0.098562,-0.120356,0.001825,0.001309
0,0.456698,-1.046783,0.572195,-1.000653,0.593805,-0.976424,0.00412,0.005911
0,1.200004,-1.784327,0.760531,-0.733276,0.77889,-0.741704,0.003237,0.005129
0,1.204293,-2.533006,-0.010449,-0.744667,-0.050551,-0.701266,0.003162,0.004153
0,1.049198,-1.915327,-0.169358,0.643047,-0.172351,0.614606,0.005869,0.002843
0,1.006797,-2.000298,-0.070227,-0.080824,-0.065986,-0.113533,0.005481,0.00136
0,1.013465,-1.381908,0.023792,0.61595,-0.002711,0.617918,0.005598,6.2e-05
0,0.773385,-1.128497,-0.245596,0.238561,-0.263599,0.25835,0.001408,0.004485
0,0.641041,-0.887218,-0.159035,0.238733,-0.128316,0.201522,0.000902,0.003394
0,0.479581,-0.567083,-0.13371,0.329334,-0.176823,0.345816,0.00372,0.002193
0,0.201378,-0.413689,-0.278118,0.161929,-0.32125,0.142348,0.003515,0.00487
0,0.078017,-0.26797,-0.1012,0.174221,-0.144044,0.140929,0.001362,0.004677
0,-0.057449,-0.185454,-0.144188,0.059983,-0.09894,0.092633,0.001003,0.003237
0,-0.076721,0.220604,-0.033103,0.435519,-0.056469,0.388769,0.001339,0.00385
0,0.068135,0.263869,0.163247,0.045696,0.18116,0.091257,0.001189,0.004605
0,0.051883,0.28978,-0.025311,0.054869,-0.000987,0.07135,0.000906,0.005058
0,-0.030118,0.332937,-0.085298,0.055626,-0.074868,0.070478,0.000526,0.005811
0,-0.092837,0.420941,-0.058144,0.066953,-0.065935,0.093867,0.00162,0.004744
0,-0.053745,0.243889,0.042421,-0.15871,0.000112,-0.1403,0.000938,0.004257
0,-0.823572,-0.700649,-0.774324,-0.94341,-0.750595,-0.929701,0.002284,0.000138
0,-1.511182,-0.876962,-0.7133,-0.20248,-0.687679,-0.161683,0.002194,0.003215
0,-1.717886,-1.746539,-0.189182,-0.851418,-0.209225,-0.874218,0.005802,0.005789
0,-2.458533,-1.751005,-0.73272,0.021337,-0.768625,-0.007331,0.005452,0.005711
0,-2.48677,-1.159406,-0.032192,0.562232,-0.002161,0.612205,0.00496,0.003946
0,-1.96504,-0.940156,0.499895,0.205333,0.547081,0.184508,0.001975,0.004318
0,-1.501987,-0.484467,0.49253,0.463396,0.489359,0.498553,0.002034,0.003635
0,-1.07758,-0.319365,0.438117,0.184504,0.478751,0.218738,0.005374,0.005574
0,-0.694377,-0.19082,0.392519,0.150396,0.351398,0.140245,2.9e-05,0.00333
0,-0.151176,-0.219144,0.521764,0.001667,0.539893,0.004681,0.002639,0.003825
0,-0.210438,-0.109998,-0.034256,0.105239,-0.042161,0.139243,0.003673,0.00192
0,0.031486,-0.052892,0.225847,0.067805,0.209028,0.08779,0.00055,0.000923
0,0.249229,0.096487,0.237281,0.176719,0.206512,0.1379,0.00435,0.001684
0,0.2161,-0.013404,-0.027098,-0.091816,0.003269,-0.069497,0.003772,0.000234
0,0.098732,0.135227,-0.132227,0.132254,-0.134676,0.111841,0.001723,0.00236
0,0.312545,0.081703,0.194523,-0.046987,0.156309,-0.023765,0.005455,0.001426
0,0.119102,-0.125133,-0.194786,-0.202319,-0.190256,-0.19524,0.002079,0.002184
0,0.385295,0.0593,0.284948,0.193381,0.279063,0.176151,0.005366,0.001035
0,0.312709,-0.057573,-0.093545,-0.127462,-0.063583,-0.134337,0.005458,0.001005
0,0.180074,-0.048342,-0.150138,0.00342,-0.117991,0.01529,0.003143,0.000844
0,0.056894,0.055485,-0.137383,0.125356,-0.108767,0.121486,0.000993,0.000968
0,0.200409,-0.137644,0.155844,-0.217434,0.172923,-0.175843,0.003498,0.002402
0,0.236552,-0.082951,0.052463,0.080132,0.044939,0.092514,0.004129,0.001448
0,0.03068,-0.127783,-0.179627,-0.032829,-0.146415,-0.050682,0.000535,0.00223
0,0.168465,0.071755,0.124686,0.212613,0.158979,0.227105,0.00294,0.001252
0,0.114474,-0.121612,-0.058838,-0.20732,-0.023378,-0.172784,0.001998,0.002123
0,0.07769,-0.005225,-0.036161,0.137606,-0.081926,0.135931,0.001356,9.1e-05
0,-0.061458,-0.165181,-0.167914,-0.16658,-0.154303,-0.201592,0.001073,0.002883
0,-0.042362,-0.029252,0.002165,0.154309,0.04219,0.186373,0.000739,0.000511
0,0.167195,-0.054987,0.192565,-0.046459,0.149989,-0.086271,0.002918,0.00096
0,0.006006,0.039753,-0.163855,0.119272,-0.177188,0.096118,0.000105,0.000694
0,0.105391,0.132768,0.123494,0.080127,0.081239,0.053417,0.001839,0.002317
0,-0.128092,-0.096847,-0.238558,-0.246277,-0.26315,-0.213169,0.002236,0.00169
0,0.007374,0.016359,0.11523,0.105306,0.146345,0.093352,0.000129,0.000286
0,-0.095552,-0.051892,-0.105504,-0.061741,-0.125987,-0.074475,0.001668,0.000906
0,0.061427,-0.059626,0.171503,0.00391,0.201222,0.028739,0.001072,0.001041
0,-0.150429,0.065793,-0.19851,0.129672,-0.21918,0.079859,0.002625,0.001148
0,-0.148688,0.136049,-0.023411,0.091694,0.023341,0.110351,0.002595,0.002375
0,0.100247,0.202366,0.263912,0.058926,0.271592,0.028176,0.00175,0.003532
0,-0.068693,-0.067344,-0.188442,-0.242244,-0.226092,-0.288483,0.001199,0.001175
0,-0.038681,-0.051244,0.030126,0.004375,0.020747,-0.012603,0.000675,0.000894
0,0.081652,-0.053726,0.149173,0.010751,0.151929,0.019918,0.001425,0.000938
0,-0.060007,0.138136,-0.153575,0.208217,-0.121373,0.252809,0.001047,0.002411
0,-0.002464,-0.002233,0.051504,-0.123503,0.003347,-0.14403,4.3e-05,3.9e-05
0,0.03312,-0.045991,0.055139,-0.04628,0.030281,-0.046315,0.000578,0.000803
0,-0.009544,-0.124248,-0.024329,-0.057139,-0.056215,-0.091135,0.000167,0.002169
0,0.02159,0.108192,0.057021,0.234839,0.08718,0.26321,0.000377,0.001888
0,0.082391,0.038554,0.074016,-0.065831,0.110344,-0.109392,0.001438,0.000673
0,-0.042123,0.107868,-0.105092,0.040266,-0.087314,0.046932,0.000735,0.001883
0,-0.162181,0.180152,-0.144988,0.064967,-0.193545,0.078205,0.002831,0.003144
0,0.154557,0.07604,0.330512,-0.083751,0.308221,-0.058141,0.002698,0.001327
0,-0.012482,-0.057139,-0.178011,-0.135142,-0.203323,-0.094531,0.000218,0.000997
0,0.031006,0.028994,0.051074,0.083655,0.096327,0.070722,0.000541,0.000506
0,-0.090092,-0.059765,-0.093321,-0.108836,-0.053865,-0.117425,0.001572,0.001043
0,0.186742,0.076987,0.304193,0.120474,0.266812,0.148615,0.003259,0.001344
0,-0.034998,0.061491,-0.22607,-0.034516,-0.182239,-0.070011,0.000611,0.001073
0,-0.141678,-0.063415,-0.105098,-0.145453,-0.070281,-0.143275,0.002473,0.001107
0,0.07173,-0.042698,0.221239,0.043222,0.251442,0.0845,0.001252,0.000745
0,0.050639,0.168,-0.050576,0.203421,-0.051977,0.225423,0.000884,0.002932
0,0.178138,0.193593,0.122673,0.01794,0.077278,0.059377,0.003109,0.003379
0,0.129317,0.032896,-0.025894,-0.181622,-0.017584,-0.139503,0.002257,0.000574
0,0.16106,0.129223,0.013542,0.10128,0.003364,0.138583,0.002811,0.002255
0,0.194165,-0.003545,0.015051,-0.159593,0.031525,-0.140033,0.003389,6.2e-05
0,0.006554,0.001162,-0.168652,0.032154,-0.202122,0.040585,0.000114,2e-05
0,0.135481,-0.082969,0.11834,-0.078082,0.124053,-0.0426,0.002365,0.001448
0,-0.06113,0.121546,-0.186904,0.201577,-0.226598,0.159959,0.001067,0.002121
0,-0.066725,0.049759,-0.013193,-0.079121,-0.039657,-0.067806,0.001165,0.000868
0,0.029642,0.082906,0.077555,0.03558,0.108475,0.083969,0.000517,0.001447
0,0.128013,0.184294,0.090665,0.08423,0.040786,0.09032,0.002234,0.003217
0,0.005332,-0.098349,-0.110272,-0.288025,-0.102505,-0.318918,9.3e-05,0.001717
0,-0.103286,0.078269,-0.081827,0.157869,-0.111431,0.112312,0.001803,0.001366
0,-0.118802,0.088702,-0.011744,0.008129,-0.038075,-0.02458,0.002073,0.001548
0,-0.136479,0.141243,0.008375,0.027868,0.012751,0.020278,0.002382,0.002465
0,0.181019,0.092217,0.321384,-0.024524,0.359408,0.001814,0.003159,0.001609
0,0.146422,0.025087,-0.010242,-0.09093,0.027098,-0.084364,0.002556,0.000438
0,0.039945,-0.12077,-0.131734,-0.119831,-0.123437,-0.093393,0.000697,0.002108
0,0.03744,0.06085,0.022655,0.186554,0.054281,0.210643,0.000653,0.001062
0,-0.006592,0.114432,-0.015738,0.047556,-0.029278,0.093496,0.000115,0.001997
0,0.053715,0.082644,0.036266,-0.019926,0.042294,-0.060771,0.000937,0.001442
0,-0.049487,-0.033486,-0.081786,-0.122309,-0.062316,-0.161694,0.000864,0.000584
0,0.163503,0.034858,0.237004,0.063192,0.260274,0.064118,0.002854,0.000608
0,-0.116548,-0.035986,-0.288499,-0.088637,-0.24125,-0.096057,0.002034,0.000628
0,-0.012103,-0.065606,0.078218,-0.04055,0.06217,-0.043845,0.000211,0.001145
0,0.09849,-0.063111,0.131563,0.000828,0.163918,-0.042,0.001719,0.001101
0,-0.117027,-0.047714,-0.206264,0.042542,-0.223733,0.008263,0.002043,0.000833
0,-0.103891,0.159675,-0.000736,0.203823,-0.021845,0.184372,0.001813,0.002787
0,0.128861,-0.078553,0.213604,-0.241588,0.230719,-0.250514,0.002249,0.001371
0,-0.005362,0.137641,-0.120584,0.195891,-0.147751,0.154587,9.4e-05,0.002402
0,-0.013706,0.13089,-0.012618,-0.005395,0.027721,-0.041729,0.000239,0.002284
0,0.117889,-0.026895,0.137466,-0.185572,0.097733,-0.232128,0.002058,0.000469
0,0.085825,0.03783,-0.022732,0.067554,-0.063147,0.098688,0.001498,0.00066
0,-0.034011,-0.041745,-0.124697,-0.109319,-0.112072,-0.071886,0.000594,0.000729
0,-0.000116,0.112331,0.029816,0.1594,0.055885,0.160623,2e-06,0.001961
0,-0.127171,-0.025655,-0.10207,-0.131526,-0.113254,-0.093406,0.00222,0.000448
0,0.168921,-0.172912,0.266378,-0.143153,0.302949,-0.14665,0.002948,0.003018
0,0.078616,-0.023924,-0.11002,0.173104,-0.134734,0.218257,0.001372,0.000418
0,-0.058383,-0.112559,-0.161517,-0.071575,-0.147115,-0.027229,0.001019,0.001965
0,0.038486,0.126884,0.100187,0.258238,0.10012,0.231194,0.000672,0.002215
0,-0.021406,0.11555,-0.070413,0.013376,-0.067879,0.022882,0.000374,0.002017
0,0.209455,-0.096344,0.201693,-0.184162,0.197333,-0.161566,0.003656,0.001682
0,0.159455,-0.103118,-0.024805,-0.00339,-0.04857,0.039601,0.002783,0.0018
0,-0.074845,0.100984,-0.245525,0.203582,-0.24579,0.237184,0.001306,0.001763
0,-0.082649,0.043929,-0.034984,-0.060609,-0.022607,-0.088805,0.001442,0.000767
0,-0.002808,0.081596,0.056444,0.049477,0.076638,0.087645,4.9e-05,0.001424
0,0.092209,0.116379,0.101968,0.052429,0.076569,0.066314,0.001609,0.002031
0,0.001313,0.127246,-0.080853,-0.010304,-0.10647,-0.017471,2.3e-05,0.002221
0,0.058517,0.01818,0.030438,-0.098338,0.042934,-0.088992,0.001021,0.000317
0,0.090234,-0.020027,0.033688,-0.037381,0.066643,-0.052372,0.001575,0.00035
0,-0.015906,-0.105092,-0.100481,-0.091103,-0.092055,-0.133045,0.000278,0.001834
0,0.109112,-0.027238,0.114054,0.085724,0.123646,0.058468,0.001904,0.000475
0,0.132378,0.10606,0.053245,0.113919,0.018569,0.163041,0.00231,0.001851
0,-0.032075,-0.01713,-0.192842,-0.125123,-0.163037,-0.115866,0.00056,0.000299
0,0.125843,0.106925,0.152313,0.110986,0.141964,0.105369,0.002196,0.001866
0,0.222806,-0.099571,0.083816,-0.19398,0.056893,-0.146947,0.003889,0.001738
0,0.174816,-0.05104,-0.068957,0.044162,-0.070588,0.028142,0.003051,0.000891
0,0.05414,-0.003098,-0.115382,0.057401,-0.089108,0.060214,0.000945,5.4e-05
0,0.090162,-0.207364,0.058824,-0.204723,0.046157,-0.164724,0.001574,0.003619
0,0.040205,-0.10804,-0.043434,0.081426,0.001052,0.096102,0.000702,0.001886
0,0.060674,-0.07856,-0.009528,0.05037,0.01059,0.029392,0.001059,0.001371
0,0.069047,-0.060424,0.038215,0.048131,0.01799,0.027334,0.001205,0.001055
0,0.018754,0.083121,-0.024925,0.135217,0.000672,0.161986,0.000327,0.001451
0,-0.077014,-0.15738,-0.119688,-0.253811,-0.168124,-0.213947,0.001344,0.002747
0,-0.013155,0.081833,0.068366,0.217629,0.073619,0.248311,0.00023,0.001428
0,-0.047702,0.047966,-0.035841,-0.0114,0.012554,0.037829,0.000833,0.000837
0,-0.05696,-0.120402,-0.027893,-0.179294,-0.034975,-0.194113,0.000994,0.002101
0,0.095349,-0.032326,0.129708,0.077301,0.080392,0.089324,0.001664,0.000564
0,-0.008383,-0.137339,-0.095207,-0.098523,-0.105358,-0.058075,0.000146,0.002397
0,-0.135093,-0.037443,-0.143938,0.114847,-0.116429,0.125419,0.002358,0.000653
0,-0.137429,0.035388,-0.023952,0.089571,0.006559,0.078759,0.002399,0.000618
0,-0.026291,-0.026906,0.120011,-0.064591,0.134578,-0.082536,0.000459,0.00047
0,-0.173016,-0.051632,-0.14833,-0.054152,-0.195732,-0.080415,0.00302,0.000901
0,-0.062163,-0.088945,0.110538,-0.014327,0.105658,-0.006616,0.001085,0.001552
0,-0.01996,-0.190483,0.013942,-0.077667,-0.009394,-0.03984,0.000348,0.003325
0,-0.014636,-0.215823,0.001611,-0.026543,-0.020495,-0.063339,0.000255,0.003767
0,-0.273283,-0.185309,-0.235641,0.037337,-0.262351,-0.001946,0.00477,0.003234
0,-0.284618,-0.111771,0.008093,0.071342,0.049753,0.104772,0.004968,0.001951
0,-0.108125,-0.196364,0.158351,-0.074788,0.171209,-0.084405,0.001887,0.003427
0,-0.184934,0.070731,-0.10038,0.274207,-0.063908,0.324141,0.003228,0.001234
0,-0.211626,-0.200988,-0.028984,-0.25885,-0.004536,-0.269794,0.003694,0.003508
0,-0.178471,-0.16463,0.059756,0.031389,0.032137,0.037538,0.003115,0.002873
0,-0.124269,-0.128662,0.06531,0.034652,0.083213,0.068775,0.002169,0.002246
0,-0.041409,-0.055869,0.092408,0.056127,0.110659,0.076289,0.000723,0.000975
0,0.070618,0.037812,0.104524,0.088019,0.070774,0.086466,0.001233,0.00066
0,0.070049,0.042376,-0.008938,0.026994,0.003141,0.029514,0.001223,0.00074
0,0.050789,0.004835,-0.007793,-0.016203,-0.045639,-0.031547,0.000886,8.4e-05
0,-0.008986,-0.107371,-0.043394,-0.127195,-0.041018,-0.163391,0.000157,0.001874
0,-0.105576,-0.061581,-0.093159,0.065836,-0.066466,0.102444,0.001843,0.001075
0,0.005936,-0.122716,0.107441,-0.034899,0.137752,-0.009735,0.000104,0.002142
0,0.076767,0.016459,0.069602,0.135986,0.088302,0.165742,0.00134,0.000287
0,0.078764,-0.205349,0.019478,-0.248948,0.014744,-0.214205,0.001375,0.003584
0,-0.179713,-0.188461,-0.28237,0.042287,-0.245695,-0.003884,0.003137,0.003289
0,-0.040847,0.0447,0.140463,0.236806,0.107994,0.27802,0.000713,0.00078
0,0.022981,-0.230154,0.081977,-0.283087,0.082526,-0.326545,0.000401,0.004017
0,-0.020415,-0.037686,-0.023651,0.177064,-0.067284,0.162081,0.000356,0.000658
0,-0.119135,-0.168385,-0.121981,-0.159514,-0.124531,-0.208831,0.002079,0.002939
0,0.010987,-0.156758,0.109279,0.020953,0.098512,0.007785,0.000192,0.002736
0,0.023583,0.010045,0.029997,0.15447,0.064426,0.116893,0.000412,0.000175
0,0.189674,-0.067459,0.146392,-0.085464,0.106699,-0.080659,0.00331,0.001177
0,0.120332,0.044828,-0.098827,0.085942,-0.065867,0.132941,0.0021,0.000782
0,0.49103,1.394144,0.348974,1.37022,0.302956,1.376629,0.00352,0.000151
0,0.845663,2.692178,0.331917,1.317667,0.320706,1.344668,0.002669,0.001375
0,0.947123,2.668558,0.074053,-0.031346,0.072801,-0.04282,0.00444,0.001787
0,0.953221,2.255874,0.020328,-0.398103,0.069107,-0.365945,0.004546,0.003101
0,1.131784,2.218698,0.18462,-0.064913,0.19061,-0.054259,0.004428,0.002452
0,0.795509,1.837471,-0.326253,-0.355122,-0.324147,-0.346399,0.001794,0.004202
0,0.753946,1.553705,-0.029807,-0.288703,-0.017088,-0.316157,0.001068,0.002936
0,0.564817,0.938238,-0.171484,-0.614974,-0.191803,-0.581251,0.002233,0.004285
0,0.336075,0.531647,-0.249498,-0.425579,-0.248901,-0.421554,0.005866,0.002811
0,0.179236,0.189219,-0.182489,-0.35382,-0.14511,-0.375614,0.003128,0.003302
0,0.033095,-0.109248,-0.140578,-0.303375,-0.135232,-0.304572,0.000578,0.001907
0,0.069415,-0.307217,0.050319,-0.176211,0.020713,-0.191587,0.001212,0.005362
0,0.154618,-0.300539,0.111874,0.024525,0.112062,0.061032,0.002699,0.005245
0,-0.046511,-0.31124,-0.183822,0.017469,-0.229371,0.01501,0.000812,0.005432
0,-0.142307,-0.341983,-0.078612,-0.058435,-0.101491,-0.027834,0.002484,0.005969
0,-0.010534,-0.227797,0.117816,0.094842,0.074924,0.06863,0.000184,0.003976
0,-0.130781,-0.451165,-0.103794,-0.228482,-0.076147,-0.180237,0.002283,0.004216
0,0.090183,-0.247633,0.214884,0.181299,0.18093,0.143825,0.001574,0.004322
0,-0.032789,-0.331531,-0.14736,-0.104897,-0.122692,-0.150147,0.000572,0.005786
0,-0.153631,-0.269178,-0.150299,0.075047,-0.154984,0.042192,0.002681,0.004698
0,0.071001,-0.165426,0.243891,0.133141,0.230125,0.171963,0.001239,0.002887
0,0.051289,-0.376319,0.009523,-0.223024,0.002687,-0.263745,0.000895,0.005522
0,0.080039,-0.226604,0.058732,0.169814,0.041927,0.204441,0.001397,0.003955
0,-0.026988,-0.205174,-0.136726,0.019657,-0.094175,0.03579,0.000471,0.003581
0,-0.18482,-0.093353,-0.177842,0.121563,-0.154903,0.15524,0.003226,0.001629
0,0.099757,-0.196624,0.31233,-0.101372,0.306065,-0.142525,0.001741,0.003432
0,0.005112,-0.090166,-0.114057,0.084393,-0.096171,0.103066,8.9e-05,0.001574
0,0.105123,-0.208788,0.070162,-0.114708,0.048564,-0.093804,0.001835,0.003644
0,-0.167947,-0.110349,-0.249134,0.097709,-0.246372,0.141983,0.002931,0.001926
0,-0.165713,0.047258,-0.003085,0.167205,0.044414,0.133583,0.002892,0.000825
0,-0.060833,-0.031892,0.104115,-0.090554,0.11086,-0.132001,0.001062,0.000557
0,0.034627,-0.045735,0.078304,-0.026995,0.045898,-0.042898,0.000604,0.000798
0,-0.023647,-0.144169,-0.058824,-0.107343,-0.039666,-0.103786,0.000413,0.002516
0,-0.138389,-0.092631,-0.131864,0.040603,-0.088863,0.040724,0.002415,0.001617
0,-0.113998,-0.058875,-0.003026,0.022236,0.040309,0.049639,0.00199,0.001028
0,-0.176914,-0.086395,-0.058512,-0.032621,-0.077753,-0.000813,0.003088,0.001508
0,-0.069426,-0.080625,0.084958,-0.00455,0.109619,-0.04052,0.001212,0.001407
0,0.135075,-0.163972,0.2284,-0.109954,0.234733,-0.061032,0.002357,0.002862
0,0.076367,-0.090606,-0.042212,0.054132,-0.013964,0.072457,0.001333,0.001581
0,0.116301,0.12784,0.011803,0.22177,0.014524,0.246174,0.00203,0.002231
0,0.100077,-0.075522,0.008677,-0.22438,0.057796,-0.244748,0.001747,0.001318
0,0.054972,0.131018,-0.058544,0.18646,-0.060401,0.146704,0.000959,0.002287
0,0.114489,-0.051872,0.061294,-0.174899,0.065297,-0.20465,0.001998,0.000905
0,0.129001,0.026793,-0.000775,0.104773,-0.013077,0.148684,0.002251,0.000468
0,-0.045419,-0.103892,-0.153874,-0.143448,-0.147545,-0.130156,0.000793,0.001813
0,-0.023983,0.117874,0.030651,0.244187,0.032744,0.206669,0.000419,0.002057
0,-0.144927,-0.044826,-0.09428,-0.191045,-0.116233,-0.223922,0.002529,0.000782
0,-0.015032,0.136706,0.11085,0.178421,0.098342,0.179503,0.000262,0.002386
0,-0.024574,0.071585,-0.012834,-0.071223,0.019573,-0.076181,0.000429,0.001249
0,0.020562,0.092237,0.019987,0.03162,-0.000105,0.021325,0.000359,0.00161
0,-0.017243,0.018329,-0.008674,-0.07895,0.027782,-0.050891,0.000301,0.00032
0,-0.132628,0.164045,-0.112026,0.172236,-0.133399,0.221668,0.002315,0.002863
0,-0.142366,0.077175,-0.016673,-0.097027,0.008962,-0.131569,0.002485,0.001347
0,-0.19831,0.199451,-0.065391,0.117055,-0.087783,0.163576,0.003461,0.003481
0,0.005014,-0.024951,0.216038,-0.216469,0.208638,-0.255701,8.8e-05,0.000435
0,0.037737,0.129842,0.01519,0.158583,0.017642,0.131251,0.000659,0.002266
0,-0.190878,0.035074,-0.25005,-0.124337,-0.2234,-0.085649,0.003331,0.000612
0,-0.192015,-0.043388,0.011028,-0.082868,-0.008023,-0.08685,0.003351,0.000757
0,-0.251961,-0.031731,-0.069087,0.028847,-0.11231,0.078497,0.004398,0.000554
0,0.019859,0.030996,0.245852,0.066197,0.197505,0.036422,0.000347,0.000541
0,-0.048236,0.121596,-0.080604,0.06143,-0.086619,0.067241,0.000842,0.002122
0,-0.106295,0.005193,-0.062081,-0.116777,-0.079321,-0.103247,0.001855,9.1e-05
0,-0.033838,0.022488,0.075481,0.042168,0.056217,0.082656,0.000591,0.000392
0,-0.061834,-0.010612,-0.013832,-0.061286,0.018493,-0.050955,0.001079,0.000185
0,-0.078173,0.10338,-0.027443,0.100589,-0.052903,0.13143,0.001364,0.001804
0,-0.116111,-0.090261,-0.043694,-0.186937,-0.02452,-0.166567,0.002027,0.001575
0,-0.040099,-0.06689,0.092232,0.001237,0.084251,-0.047978,0.0007,0.001167
0,-0.092492,0.084432,-0.075765,0.142699,-0.059204,0.137171,0.001614,0.001474
0,-0.149848,-0.024113,-0.078639,-0.086957,-0.037606,-0.135966,0.002615,0.000421
0,0.087553,0.191148,0.256972,0.207689,0.288476,0.176354,0.001528,0.003336
0,-0.034698,0.233454,-0.13344,0.041525,-0.102589,0.0154,0.000606,0.004075
0,-0.15794,0.021927,-0.142915,-0.20864,-0.172536,-0.195905,0.002757,0.000383
0,0.152465,0.052493,0.337962,0.015987,0.362794,0.055796,0.002661,0.000916
0,-0.006345,0.200375,-0.162394,0.124266,-0.117539,0.115896,0.000111,0.003497
0,-0.039011,0.219753,-0.04908,0.042358,-0.041415,0.046891,0.000681,0.003835
0,0.053712,0.124281,0.113545,-0.073243,0.160165,-0.094747,0.000937,0.002169
0,0.123956,-0.041268,0.071332,-0.17312,0.047741,-0.184075,0.002163,0.00072
0,-0.071074,0.190334,-0.168355,0.203558,-0.212299,0.239547,0.00124,0.003322
0,-0.004917,0.134812,0.044353,-0.027658,0.086155,-0.020202,8.6e-05,0.002353
0,-0.047118,0.15969,-0.071013,0.036372,-0.031665,-0.004849,0.000822,0.002787
0,0.124462,0.158202,0.201577,0.027399,0.195108,-0.011933,0.002172,0.002761
0,-0.051163,0.162523,-0.19102,-0.014953,-0.203509,-0.001967,0.000893,0.002837
0,0.087184,-0.004585,0.136607,-0.159264,0.147841,-0.127119,0.001522,8e-05
0,-0.080592,0.06093,-0.185724,0.036216,-0.174286,0.047781,0.001407,0.001063
0,0.100634,0.038373,0.208916,-0.044957,0.171061,-0.017864,0.001756,0.00067
0,-0.021053,-0.026747,-0.125618,-0.084129,-0.142233,-0.042159,0.000367,0.000467
0,0.068276,-0.020555,0.074205,0.030954,0.032547,0.015956,0.001192,0.000359
0,0.148405,0.070408,0.073614,0.06102,0.033743,0.02966,0.00259,0.001229
0,-0.120443,-0.018876,-0.296166,-0.115775,-0.304933,-0.141113,0.002102,0.000329
0,0.015124,-0.011378,0.11684,0.005858,0.155312,0.029475,0.000264,0.000199
0,-0.125403,-0.047869,-0.162663,-0.018773,-0.163222,0.011739,0.002189,0.000835
0,-0.033846,0.044865,0.08323,0.088889,0.088559,0.124155,0.000591,0.000783
0,-0.114382,0.107034,-0.063612,0.091524,-0.066809,0.052844,0.001996,0.001868
0,-0.023344,0.036977,0.092129,-0.063474,0.089418,-0.092996,0.000407,0.000645
0,0.144666,0.01091,0.184177,-0.014904,0.145314,-0.007358,0.002525,0.00019
0,0.107796,0.192558,-0.040226,0.15511,-0.054266,0.180127,0.001881,0.003361
0,-0.023393,-0.097384,-0.144493,-0.287536,-0.127993,-0.307889,0.000408,0.0017
0,0.129064,-0.079485,0.139329,0.023762,0.18173,0.012737,0.002253,0.001387
0,0.110428,0.105989,-0.031293,0.190312,-0.014315,0.153505,0.001927,0.00185
0,-0.184144,-0.031141,-0.315239,-0.131294,-0.360462,-0.124737,0.003214,0.000544
0,-0.101453,0.168869,0.074723,0.211579,0.079959,0.165779,0.001771,0.002947
0,0.054762,0.112406,0.180282,-0.03113,0.183786,-0.027512,0.000956,0.001962
0,0.009121,0.215736,-0.04626,0.120498,-0.007873,0.119091,0.000159,0.003765
0,-0.185845,0.174261,-0.222716,-0.067604,-0.226032,-0.064027,0.003244,0.003041
0,-0.023758,0.123475,0.142224,-0.072357,0.160502,-0.10497,0.000415,0.002155
0,0.031616,-0.007612,0.065596,-0.136809,0.030944,-0.087928,0.000552,0.000133
0,-0.088576,-0.039258,-0.123897,-0.050469,-0.13966,-0.08641,0.001546,0.000685
0,-0.009202,-0.012425,0.101884,0.015736,0.134549,-0.000377,0.000161,0.000217
0,-0.207269,-0.085875,-0.212829,-0.081696,-0.204745,-0.065303,0.003618,0.001499
0,-0.105916,0.053383,0.10542,0.131814,0.066749,0.140977,0.001849,0.000932
0,0.014125,0.097359,0.111357,0.034598,0.142194,0.009719,0.000247,0.001699
0,-0.222226,-0.051432,-0.224455,-0.143864,-0.18933,-0.12815,0.003879,0.000898
0,-0.209014,0.145311,0.025668,0.186319,0.062058,0.192848,0.003648,0.002536
0,-0.267751,-0.002264,-0.087086,-0.153465,-0.047224,-0.114279,0.004673,4e-05
0,-0.048896,0.04183,0.192775,0.032033,0.145729,0.013968,0.000853,0.00073
0,0.046292,0.056164,0.105448,-0.009318,0.114204,-0.055286,0.000808,0.00098
0,-2.691859,-0.488131,-2.716466,-0.555567,-2.678766,-0.603925,0.00138,0.003571
0,-3.643451,-1.251642,-0.944423,-0.764555,-0.94038,-0.765693,0.003138,0.002336
0,-3.507764,-1.099247,0.161461,0.123522,0.200192,0.135473,0.00077,0.004995
0,-2.784337,-1.050215,0.709383,0.023653,0.758149,0.008364,0.000234,0.005851
0,-2.468408,-0.768553,0.288858,0.258888,0.315201,0.257475,0.00528,0.001323
0,-2.039868,-0.642341,0.417688,0.11178,0.400586,0.07561,0.000669,0.00088
0,-1.636716,-0.548753,0.410735,0.065291,0.446107,0.090676,0.004385,0.002513
0,-1.070529,-0.172865,0.560188,0.402716,0.590157,0.422749,0.005497,0.003017
0,-0.747248,0.001843,0.316976,0.198652,0.357282,0.241486,0.000951,3.2e-05
0,-0.577946,0.058572,0.159973,0.04671,0.199565,0.019178,0.002003,0.001022
0,-0.143807,0.211,0.440987,0.167455,0.490233,0.125402,0.00251,0.003683
0,0.110479,0.047317,0.250837,-0.160157,0.230841,-0.178431,0.001928,0.000826
0,0.403253,0.231089,0.287064,0.187753,0.315779,0.155575,0.005052,0.004033
0,0.471397,0.189444,0.086497,-0.026296,0.119141,-0.000452,0.003863,0.003306
0,0.315221,0.281715,-0.158998,0.068987,-0.118165,0.074043,0.005502,0.004917
0,0.531709,0.067251,0.244397,-0.24272,0.274313,-0.273535,0.00281,0.001174
0,0.404417,0.299922,-0.116589,0.257085,-0.072967,0.215756,0.005032,0.005235
0,0.320726,0.034063,-0.073407,-0.261265,-0.048849,-0.290246,0.005598,0.000595
0,0.281831,0.276259,-0.049735,0.21734,-0.042714,0.170199,0.004919,0.004822
0,0.246601,0.129725,-0.055368,-0.146845,-0.067995,-0.102393,0.004304,0.002264
0,0.236613,0.157865,-0.013506,0.012136,-0.0066,0.03981,0.00413,0.002755
0,0.125133,0.166274,-0.119014,0.001628,-0.103086,-0.034367,0.002184,0.002902
0,0.140075,0.230271,0.011129,0.040904,-0.013567,0.078434,0.002445,0.004019
0,0.087149,-0.021917,-0.034447,-0.222796,-0.005681,-0.187484,0.001521,0.000383
0,0.291292,0.150439,0.228837,0.188349,0.208758,0.144364,0.005084,0.002626
0,-0.014154,0.118289,-0.305625,-0.058874,-0.331853,-0.07497,0.000247,0.002065
0,0.148353,0.003566,0.180363,-0.136731,0.150906,-0.166339,0.002589,6.2e-05
0,0.011735,-0.004997,-0.119639,0.009798,-0.132418,0.025582,0.000205,8.7e-05
0,0.197711,-0.000351,0.209772,-0.019494,0.217025,-0.047166,0.003451,6e-06
0,0.097549,0.15274,-0.091504,0.127888,-0.11562,0.131931,0.001703,0.002666
0,-0.010106,-0.035382,-0.089307,-0.189954,-0.111204,-0.144473,0.000176,0.000618
0,-0.020711,0.12821,0.002943,0.182836,-0.017801,0.208573,0.000361,0.002238
0,0.111171,0.055238,0.131039,-0.047206,0.10653,-0.064244,0.00194,0.000964
0,0.211593,-0.012129,0.097706,-0.047256,0.12927,-0.034008,0.003693,0.000212
0,-0.02872,0.094026,-0.257522,0.100483,-0.284486,0.070903,0.000501,0.001641
0,0.106488,-0.039782,0.138191,-0.14387,0.150228,-0.105762,0.001859,0.000694
0,0.10306,0.230205,-0.014201,0.296501,0.020393,0.326636,0.001799,0.004018
0,0.230262,-0.027446,0.114777,-0.2671,0.095083,-0.292318,0.004019,0.000479
0,0.024523,0.089748,-0.194194,0.115065,-0.156879,0.097198,0.000428,0.001566
0,0.153317,0.245898,0.110285,0.182433,0.073844,0.15542,0.002676,0.004292
0,0.142718,0.162803,-0.040281,-0.091192,-0.015813,-0.078769,0.002491,0.002841
0,0.166339,0.247494,-0.000489,0.066398,0.016273,0.04318,0.002903,0.00432
0,0.03142,0.116432,-0.147474,-0.141562,-0.144534,-0.112015,0.000548,0.002032
0,0.008649,-0.024095,-0.035264,-0.1534,0.005667,-0.105075,0.000151,0.000421
0,0.031797,0.200625,0.041082,0.250692,0.03313,0.283328,0.000555,0.003502
0,0.189506,0.129093,0.137304,-0.05098,0.159499,-0.088579,0.003308,0.002253
0,0.03382,0.046763,-0.136608,-0.107091,-0.143772,-0.102871,0.00059,0.000816
0,0.009693,0.034768,-0.024118,0.010256,0.016215,-0.021836,0.000169,0.000607
0,0.062268,-0.011797,0.042441,-0.037119,0.064811,-0.00399,0.001087,0.000206
0,0.264482,0.175702,0.214639,0.172302,0.173666,0.151627,0.004616,0.003067
0,-0.011986,0.115968,-0.291988,-0.053792,-0.307372,-0.029724,0.000209,0.002024
0,0.244114,-0.003345,0.238649,-0.101537,0.211377,-0.124099,0.004261,5.8e-05
0,-0.05218,-0.0236,-0.301047,-0.045475,-0.254764,-0.043965,0.000911,0.000412
0,0.071528,-0.090325,0.144245,-0.03911,0.115717,-0.069476,0.001248,0.001576
0,-0.046286,-0.01237,-0.117306,0.052978,-0.15849,0.052767,0.000808,0.000216
0,-0.053629,0.130504,0.005736,0.16679,0.05421,0.196615,0.000936,0.002278
0,-0.088374,-0.009724,-0.033095,-0.169718,-0.021848,-0.217392,0.001542,0.00017
0,-0.025091,-0.069454,0.076581,-0.089494,0.08959,-0.061246,0.000438,0.001212
0,-0.163682,0.095318,-0.138047,0.159381,-0.166994,0.134278,0.002857,0.001664
0,-0.030498,0.04453,0.137186,-0.023585,0.16557,-0.011215,0.000532,0.000777
0,0.095607,-0.048263,0.152224,-0.080819,0.153977,-0.106451,0.001669,0.000842
0,0.099354,0.151183,0.004916,0.17921,-0.006462,0.130271,0.001734,0.002639
0,0.031856,-0.02043,-0.064685,-0.18546,-0.015417,-0.225536,0.000556,0.000357
0,-0.004038,0.021593,-0.058768,0.029312,-0.034901,0.0111,7e-05,0.000377
0,0.062103,0.052926,0.060793,0.05811,0.072249,0.047884,0.001084,0.000924
0,0.071921,-0.020865,0.003748,-0.093089,0.049104,-0.132698,0.001255,0.000364
0,0.06206,-0.164812,-0.039469,-0.129009,-0.03652,-0.158244,0.001083,0.002877
0,0.065619,-0.057971,-0.021165,0.122596,-0.05651,0.073155,0.001145,0.001012
0,0.121757,-0.081535,0.053185,-0.042109,0.030987,-0.023188,0.002125,0.001423
0,-0.088816,0.084654,-0.218076,0.176759,-0.210045,0.194272,0.00155,0.001477
0,0.192509,0.131998,0.288569,0.059354,0.247885,0.061895,0.00336,0.002304
0,-0.009384,-0.128644,-0.196696,-0.283424,-0.179138,-0.294077,0.000164,0.002245
0,0.127353,0.110227,0.142286,0.234016,0.16825,0.218838,0.002223,0.001924
0,-0.168152,-0.139094,-0.276485,-0.272345,-0.239729,-0.267135,0.002935,0.002428
0,0.005489,0.102028,0.157072,0.233219,0.179053,0.207427,9.6e-05,0.001781
0,-0.240673,0.062229,-0.231764,-0.022585,-0.267157,-0.006837,0.004201,0.001086
0,-0.048394,-0.130775,0.185867,-0.204268,0.228675,-0.182774,0.000845,0.002282
0,-0.13955,-0.09399,-0.096413,0.061501,-0.092108,0.08672,0.002436,0.00164
0,-0.027395,0.054502,0.121433,0.170696,0.096658,0.146155,0.000478,0.000951
0,-0.07267,0.04518,-0.033141,-0.028309,-0.040751,0.014106,0.001268,0.000789
0,-0.037992,0.130747,0.029025,0.094298,0.051168,0.116789,0.000663,0.002282
0,-0.015714,0.082373,0.03274,-0.06852,0.035419,-0.08574,0.000274,0.001438
0,0.055094,-0.126953,0.090198,-0.220213,0.062789,-0.267472,0.000962,0.002216
0,-0.033858,0.103158,-0.115552,0.208849,-0.129258,0.176505,0.000591,0.0018
0,-0.099674,0.14656,-0.081598,0.040014,-0.0717,0.036953,0.00174,0.002558
0,0.120469,0.137581,0.238826,0.003303,0.249844,-0.044934,0.002103,0.002401
0,0.016499,0.036645,-0.092086,-0.116541,-0.111447,-0.120874,0.000288,0.00064
0,0.044682,0.055864,0.05305,0.004543,0.084558,0.024026,0.00078,0.000975
0,0.096358,0.146678,0.044807,0.100681,0.068243,0.132922,0.001682,0.00256
0,0.212833,0.165011,0.114394,-0.008213,0.072012,-0.038209,0.003715,0.00288
0,-0.09206,0.0068,-0.324473,-0.165797,-0.297237,-0.11812,0.001607,0.000119
0,0.015627,-0.028394,0.110443,-0.020732,0.15169,0.013115,0.000273,0.000496
0,0.032871,0.009794,0.039577,0.06289,-0.006666,0.090688,0.000574,0.000171
0,-0.087444,0.168285,-0.094893,0.136895,-0.1304,0.182493,0.001526,0.002937
0,0.051778,-0.035617,0.151294,-0.219119,0.133046,-0.245114,0.000904,0.000622
0,-0.082365,-0.029803,-0.116929,0.008776,-0.151594,-0.003581,0.001438,0.00052
0,0.122525,0.173878,0.175444,0.231879,0.144316,0.221274,0.002138,0.003035
0,0.056958,0.157482,-0.04289,-0.045954,-0.086276,-0.061115,0.000994,0.002749
0,-0.03036,0.116308,-0.067604,-0.050255,-0.06338,-0.082383,0.00053,0.00203
0,0.143121,0.174016,0.165138,0.035366,0.213012,0.059584,0.002498,0.003037
0,0.11151,0.122905,-0.01474,-0.049403,0.014334,-0.00094,0.001946,0.002145
0,-0.089762,0.008138,-0.202971,-0.102173,-0.246116,-0.087305,0.001567,0.000142
0,0.164981,0.123943,0.260475,0.104516,0.246599,0.105653,0.002879,0.002163
0,0.055087,0.098634,-0.139466,-0.029036,-0.108001,0.01491,0.000961,0.001721
0,0.065304,0.183251,0.011275,0.072954,0.010642,0.117003,0.00114,0.003198
0,-0.095846,-0.034982,-0.187212,-0.239931,-0.20077,-0.216138,0.001673,0.000611
0,0.148235,-0.086572,0.244395,-0.081141,0.254331,-0.124962,0.002587,0.001511
0,0.114376,-0.01479,-0.004101,0.073167,0.024952,0.102569,0.001996,0.000258
0,0.055733,0.010952,-0.062469,0.012903,-0.02158,0.052494,0.000973,0.000191
0,-0.003108,-0.021652,-0.083601,-0.059204,-0.052819,-0.079404,5.4e-05,0.000378
0,-0.030073,0.173362,-0.015799,0.213909,-0.018703,0.21499,0.000525,0.003026
0,0.010018,0.004137,0.05901,-0.183305,0.056304,-0.165452,0.000175,7.2e-05
0,0.099439,-0.016485,0.10461,-0.028213,0.104882,0.00206,0.001736,0.000288
0,0.115916,-0.081041,0.028273,-0.047089,-0.013968,-0.026698,0.002023,0.001414
0,0.050876,0.038119,-0.041797,0.109,-0.031,0.106437,0.000888,0.000665
0,0.188601,0.049209,0.112169,-0.009364,0.11485,0.011153,0.003292,0.000859
0,-0.013508,0.068552,-0.20479,-0.000264,-0.244387,-0.023375,0.000236,0.001196
0,0.156598,-0.063915,0.148708,-0.130366,0.141144,-0.169889,0.002733,0.001116
0,0.047866,0.059515,-0.12908,0.132164,-0.161475,0.14486,0.000835,0.001039
0,0.166738,-0.088711,0.145437,-0.158907,0.096711,-0.192153,0.00291,0.001548
0,0.191482,0.031998,0.002783,0.121492,0.007601,0.082613,0.003342,0.000558
0,0.176752,-0.038378,-0.014815,-0.071887,-0.007005,-0.054081,0.003085,0.00067
0,0.101436,0.034794,-0.094455,0.046293,-0.087622,0.052295,0.00177,0.000607
0,0.15942,-0.012085,0.069265,-0.019874,0.087084,-0.010133,0.002782,0.000211
0,0.026285,-0.126497,-0.136615,-0.096625,-0.090954,-0.109659,0.000459,0.002208
0,-0.016912,-0.164075,-0.026528,-0.035427,-0.054234,0.00485,0.000295,0.002864
0,0.114739,-0.170944,0.1552,-0.012731,0.154713,0.013832,0.002003,0.002984
0,0.001336,-0.027557,-0.10311,0.11894,-0.057466,0.163433,2.3e-05,0.000481
0,0.004571,-0.069887,0.025942,-0.053783,-0.01622,-0.061641,8e-05,0.00122
0,0.047132,0.034704,0.0313,0.124803,-0.00177,0.13596,0.000823,0.000606
0,0.232959,-0.011938,0.184771,-0.056705,0.160852,-0.075912,0.004066,0.000208
0,-0.010823,-0.009982,-0.268415,-0.027804,-0.293458,-0.022608,0.000189,0.000174
0,0.26799,0.09916,0.303439,0.119395,0.312857,0.108817,0.004677,0.001731
0,0.241794,-0.059898,-0.003388,-0.153218,-0.003017,-0.191507,0.00422,0.001045
0,0.050163,-0.105028,-0.180312,-0.039223,-0.2057,-0.047027,0.000876,0.001833
0,0.240201,-0.043525,0.197567,0.065746,0.225035,0.026465,0.004192,0.00076
0,0.056349,-0.179789,-0.159586,-0.118941,-0.184724,-0.151111,0.000983,0.003138
0,0.030604,0.052984,-0.014362,0.252729,-0.003287,0.286915,0.000534,0.000925
0,0.097198,-0.091923,0.074934,-0.145445,0.067482,-0.140892,0.001696,0.001604
0,0.015626,-0.116936,-0.058842,-0.018916,-0.010644,0.02911,0.000273,0.002041
0,0.137657,0.007066,0.141738,0.11609,0.175547,0.070201,0.002403,0.000123
0,0.25412,0.055906,0.144447,0.07107,0.121654,0.099609,0.004435,0.000976
0,-0.00939,-0.177871,-0.258722,-0.237529,-0.256271,-0.220992,0.000164,0.003104
0,0.030137,-0.197197,0.065081,-0.041059,0.030487,-0.065447,0.000526,0.003442
0,0.070823,-0.173805,0.03778,-0.000864,0.031909,0.025764,0.001236,0.003033
0,0.108082,0.064204,0.037124,0.247839,0.062341,0.291986,0.001886,0.001121
0,0.101448,-0.137534,0.020949,-0.178885,0.03529,-0.163665,0.001771,0.0024
0,0.180972,-0.096524,0.057465,0.028055,0.10432,0.017648,0.003159,0.001685
0,0.177759,-0.142851,0.026243,-0.071746,0.046447,-0.116541,0.003102,0.002493
0,-0.121936,-0.190534,-0.319608,-0.027698,-0.33302,0.019748,0.002128,0.003325
0,0.125322,-0.124788,0.27104,0.057383,0.307934,0.05051,0.002187,0.002178
0,-0.008181,0.030156,-0.152602,0.176794,-0.116709,0.135106,0.000143,0.000526
0,0.067433,-0.115855,0.088468,-0.136541,0.0624,-0.1706,0.001177,0.002022
0,0.072798,-0.077019,0.018029,0.012252,0.011135,0.06064,0.001271,0.001344
0,0.017247,0.129933,-0.05574,0.198393,-0.017545,0.184232,0.000301,0.002268
0,0.07207,0.089094,0.08442,-0.031723,0.058846,-0.050555,0.001258,0.001555
0,0.220564,0.073233,0.129935,-0.022899,0.145803,-0.053328,0.00385,0.001278
0,0.152228,-0.110529,-0.085149,-0.1831,-0.107096,-0.168884,0.002657,0.001929
0,0.137192,-0.071872,-0.021415,0.021257,-0.019685,-0.02529,0.002394,0.001254
0,0.112177,-0.104592,-0.05142,-0.038874,-0.017357,0.004897,0.001958,0.001825
0,-0.06191,-0.112393,-0.191472,-0.032007,-0.195185,0.010394,0.001081,0.001962
0,0.06491,-0.158762,0.148307,-0.065473,0.196002,-0.033872,0.001133,0.002771
0,0.077722,-0.142828,-0.001738,-0.012267,0.045215,-0.047461,0.001356,0.002493
0,0.054159,-0.148165,-0.036848,0.008318,-0.005475,0.018686,0.000945,0.002586
0,-0.030317,-0.013877,-0.083545,0.157727,-0.113481,0.178892,0.000529,0.000242
0,-0.022316,0.009768,-0.014512,0.046583,-0.040557,0.049774,0.000389,0.00017
0,0.108789,-0.00056,0.148186,-0.008333,0.153111,0.00403,0.001899,1e-05
0,0.0703,-0.086849,-0.06274,-0.061661,-0.050692,-0.011671,0.001227,0.001516
0,0.073343,0.096954,0.009295,0.177599,-0.010554,0.159696,0.00128,0.001692
0,0.220659,0.022961,0.135359,-0.047401,0.17247,-0.036854,0.003851,0.000401
0,0.039379,-0.137952,-0.165848,-0.147896,-0.15428,-0.167701,0.000687,0.002408
0,0.022011,0.061427,-0.028282,0.216141,-0.015076,0.196548,0.000384,0.001072
0,0.02283,0.106207,-0.009295,0.062049,-0.02803,0.049978,0.000398,0.001854
0,0.143669,0.113144,0.092007,0.03188,0.064702,0.065123,0.002507,0.001975
0,-0.072881,0.129555,-0.241423,-0.011789,-0.288052,0.003505,0.001272,0.002261
0,-0.081527,-0.016223,0.009711,-0.167853,-0.002389,-0.194744,0.001423,0.000283
0,0.104261,-0.109557,0.193706,-0.0852,0.218672,-0.070156,0.00182,0.001912
0,0.006592,0.165981,-0.091748,0.273089,-0.043034,0.321858,0.000115,0.002897
0,0.028292,-0.098386,0.020642,-0.272453,-0.006093,-0.317085,0.000494,0.001717
0,0.02348,0.007293,0.024796,0.104999,0.061583,0.128283,0.00041,0.000127
0,0.019934,0.134078,0.007745,0.144307,0.000336,0.19181,0.000348,0.00234
0,-0.045445,-0.048109,-0.067338,-0.17375,-0.058889,-0.150478,0.000793,0.00084
0,-0.109189,-0.064028,-0.061095,-0.014172,-0.05824,-0.029228,0.001906,0.001117
0,-0.120461,0.112983,0.002681,0.156506,-0.009999,0.192136,0.002102,0.001972
0,0.116651,-0.052114,0.251896,-0.185202,0.214825,-0.149507,0.002036,0.00091
0,0.017795,0.152015,-0.092484,0.188873,-0.123303,0.194088,0.000311,0.002653
0,-0.102333,0.035901,-0.134066,-0.114721,-0.09137,-0.144957,0.001786,0.000627
0,-0.128501,0.064085,-0.050378,0.042456,-0.039403,0.082055,0.002243,0.001118
0,-0.050582,-0.026476,0.073962,-0.070538,0.030903,-0.074253,0.000883,0.000462
0,-0.014829,0.00116,0.028872,0.037228,0.046199,-0.005662,0.000259,2e-05
0,0.074334,0.156058,0.088069,0.12803,0.125162,0.078485,0.001297,0.002724
0,0.034538,-0.022486,-0.062358,-0.207299,-0.039571,-0.231159,0.000603,0.000392
0,-0.098119,-0.078595,-0.106352,-0.085209,-0.0915,-0.038543,0.001712,0.001372
0,0.124918,0.079015,0.196408,0.176123,0.228997,0.177898,0.00218,0.001379
0,0.100183,0.053734,-0.050373,-0.051355,-0.079946,-0.01876,0.001749,0.000938
0,0.07403,-0.013851,-0.01053,-0.08529,-0.018362,-0.096914,0.001292,0.000242
0,-0.109595,-0.033683,-0.210646,-0.046088,-0.174531,-0.039247,0.001913,0.000588
0,-2.676642,-1.072273,-2.589994,-1.030314,-2.550435,-1.04464,0.001646,0.005466
0,-3.248324,-1.068697,-0.552782,-0.012771,-0.506123,-0.033178,0.003758,0.005529
0,-3.864944,-1.483092,-0.620703,-0.418683,-0.647984,-0.420779,0.005087,0.001704
0,-4.453466,-1.325314,-0.598747,0.136997,-0.627442,0.155834,0.005185,0.00105
0,-3.758618,-1.114393,0.713879,0.2142,0.743749,0.172341,0.005148,0.004731
0,-3.050419,-0.717998,0.737315,0.405467,0.751478,0.418956,0.004878,0.000441
0,-2.200503,-0.572911,0.850434,0.159823,0.806839,0.139536,0.002135,0.002091
0,-1.569492,-0.4052,0.612766,0.140288,0.644467,0.184053,0.003212,0.005018
0,-1.349117,-0.226737,0.237964,0.148639,0.263778,0.122824,0.000634,0.003957
0,-0.43941,-0.065914,0.894002,0.177206,0.908534,0.219256,0.004421,0.00115
0,-0.131598,4.8e-05,0.324796,0.067284,0.354073,0.10268,0.002297,1e-06
0,0.379233,0.193877,0.527123,0.169809,0.559378,0.177959,0.005472,0.003384
0,0.29532,0.075222,-0.097802,-0.128695,-0.116775,-0.095911,0.005154,0.001313
0,0.354668,0.320491,0.044736,0.222459,0.007574,0.193699,0.0059,0.005594
0,0.359953,0.280914,0.023646,-0.048699,0.045333,-0.065456,0.005808,0.004903
0,0.332469,0.384597,4.7e-05,0.132657,0.020078,0.139065,0.005803,0.005378
0,0.07549,0.171866,-0.2644,-0.218289,-0.220825,-0.169122,0.001318,0.003
0,0.118173,0.00407,0.047566,-0.166707,0.093543,-0.181451,0.002062,7.1e-05
0,0.259499,-0.009729,0.124517,-0.035914,0.087023,-0.009865,0.004529,0.00017
0,0.046133,0.193683,-0.183509,0.1866,-0.147578,0.161488,0.000805,0.00338
0,-0.001724,0.171268,-0.060071,-0.019431,-0.018312,0.015573,3e-05,0.002989
0,0.189011,0.109403,0.219339,-0.086255,0.175985,-0.072445,0.003299,0.001909
0,0.246245,0.026528,0.053367,-0.107701,0.103126,-0.144171,0.004298,0.000463
0,0.122285,0.08025,-0.1327,0.030951,-0.14676,-0.004723,0.002134,0.001401
0,0.024884,0.195136,-0.071521,0.127334,-0.103824,0.111253,0.000434,0.003406
0,0.037236,-0.071404,-0.000361,-0.280074,-0.046127,-0.28379,0.00065,0.001246
0,0.108682,-0.01768,0.044235,0.042054,0.056005,0.019504,0.001897,0.000309
0,0.20438,-0.058614,0.090526,-0.050958,0.049901,-0.078858,0.003567,0.001023
0,0.138407,0.16108,-0.091325,0.208504,-0.07272,0.184938,0.002416,0.002811
0,0.032391,0.148211,-0.114718,-0.024317,-0.067716,0.013032,0.000565,0.002587
0,0.206811,0.102245,0.186557,-0.028469,0.226603,-0.070792,0.00361,0.001785
0,0.126228,-0.011115,-0.091443,-0.130041,-0.110928,-0.155042,0.002203,0.000194
0,0.125831,0.043081,0.015013,0.059965,-0.0262,0.106251,0.002196,0.000752
0,0.187303,0.089288,0.059004,0.040652,0.089718,0.0054,0.003269,0.001558
0,0.217694,0.142238,0.007695,0.034123,-0.014969,0.062248,0.003799,0.002483
0,0.172001,0.054148,-0.06949,-0.062903,-0.054002,-0.071021,0.003002,0.000945
0,0.069431,0.041263,-0.104551,-0.030199,-0.079083,-0.058925,0.001212,0.00072
0,0.196881,-0.012383,0.112711,-0.059713,0.080296,-0.052956,0.003436,0.000216
0,0.201748,-0.063673,0.016689,-0.070426,0.045174,-0.056776,0.003521,0.001111
0,0.18604,0.191292,-0.014918,0.261831,-0.000597,0.242894,0.003247,0.003339
0,0.149383,-0.085352,-0.029274,-0.28158,-0.054831,-0.243627,0.002607,0.00149
0,0.038137,0.112846,-0.105745,0.181369,-0.078615,0.222151,0.000666,0.00197
0,0.063577,0.170371,0.017849,0.075743,0.030312,0.100297,0.00111,0.002974
0,0.132287,0.115371,0.0456,-0.062766,0.095442,-0.017323,0.002309,0.002014
0,0.073217,0.154507,-0.08708,0.065009,-0.046107,0.086175,0.001278,0.002697
0,0.187376,0.096172,0.099394,-0.071016,0.073532,-0.073519,0.00327,0.001679
0,0.082306,0.083876,-0.097104,0.00071,-0.099234,0.036445,0.001437,0.001464
0,0.077613,0.030383,-0.004239,-0.034622,0.034155,-0.05852,0.001355,0.00053
0,0.163317,-0.073076,0.087269,-0.078448,0.135573,-0.077698,0.00285,0.001275
0,0.217233,-0.082802,0.033147,-0.013764,0.078724,0.016049,0.003791,0.001445
0,0.130762,-0.075782,-0.089341,0.022924,-0.040124,-0.018607,0.002282,0.001323
0,-0.042387,-0.089612,-0.186382,-0.005156,-0.212192,0.038146,0.00074,0.001564
0,0.062239,0.171799,0.099573,0.240602,0.120427,0.251298,0.001086,0.002998
0,-0.014396,0.068575,-0.058209,-0.07365,-0.025684,-0.116395,0.000251,0.001197
0,-0.124766,0.162944,-0.124898,0.123191,-0.105481,0.100125,0.002178,0.002844
0,-0.025082,-0.084447,0.077605,-0.233336,0.125539,-0.229956,0.000438,0.001474
0,0.02303,0.129639,0.056504,0.197374,0.098959,0.180157,0.000402,0.002263
0,0.047004,0.082452,0.010189,-0.020214,0.015964,-0.042582,0.00082,0.001439
0,0.022266,0.118176,-0.004985,0.041894,-0.015816,0.066832,0.000389,0.002063
0,0.153444,0.122806,0.147928,0.007869,0.193889,0.047331,0.002678,0.002143
0,0.033635,0.145628,-0.09334,0.006309,-0.1196,-0.01873,0.000587,0.002542
0,-0.095287,-0.00614,-0.134093,-0.123264,-0.131513,-0.168174,0.001663,0.000107
0,0.130219,-0.095857,0.209652,-0.102976,0.208961,-0.128058,0.002273,0.001673
0,-0.018286,-0.0858,-0.158129,0.029387,-0.112812,0.060372,0.000319,0.001497
0,-0.137387,-0.12269,-0.137526,-0.043398,-0.111872,-0.007237,0.002398,0.002141
0,-0.116073,-0.003271,0.050511,0.121658,0.023243,0.07747,0.002026,5.7e-05
0,0.017549,-0.082082,0.149765,-0.07674,0.182788,-0.087578,0.000306,0.001433
0,-0.188231,0.048026,-0.21934,0.130188,-0.204026,0.179409,0.003285,0.000838
0,-0.018936,0.099346,0.162416,0.030079,0.115905,0.005519,0.00033,0.001734
0,-0.115607,-0.058928,-0.092071,-0.154177,-0.083631,-0.145382,0.002018,0.001028
0,-0.037861,-0.121524,0.06103,-0.03343,0.096629,-0.033308,0.000661,0.002121
0,-0.037348,0.028236,-0.025103,0.149896,-0.019138,0.189298,0.000652,0.000493
0,0.031576,-0.078022,0.094411,-0.122258,0.108147,-0.086873,0.000551,0.001362
0,0.011486,0.152003,0.005004,0.211596,0.007573,0.208222,0.0002,0.002653
0,0.155687,0.175833,0.133269,0.043788,0.089751,0.042164,0.002717,0.003069
0,-0.106561,-0.087142,-0.241386,-0.286028,-0.265621,-0.32773,0.00186,0.001521
0,-0.055792,0.047972,0.045284,0.117843,0.019806,0.164988,0.000974,0.000837
0,-0.047524,-0.042486,-0.018131,-0.093416,-0.034944,-0.083313,0.000829,0.000742
0,0.15119,-0.027536,0.206751,0.042334,0.216585,0.086585,0.002639,0.000481
0,0.156519,-0.025359,-0.013033,-0.005572,-0.033453,0.022531,0.002732,0.000443
0,-0.024212,0.049689,-0.17498,0.087165,-0.214824,0.137096,0.000423,0.000867
0,-0.038902,-0.016869,-0.009109,-0.060908,0.016586,-0.032087,0.000679,0.000294
0,0.21593,0.152852,0.279391,0.181531,0.316763,0.220389,0.003769,0.002668
0,0.208893,-0.061566,0.005079,-0.21669,-0.014482,-0.238815,0.003646,0.001075
0,-0.019043,0.047324,-0.214989,0.104074,-0.24414,0.147724,0.000332,0.000826
0,0.160126,0.05771,0.190545,0.036463,0.204157,0.039521,0.002795,0.001007
0,0.038661,0.052999,-0.102625,0.004511,-0.062059,0.005112,0.000675,0.000925
0,0.088654,-0.010381,0.030462,-0.053677,0.05707,-0.047238,0.001547,0.000181
0,0.161293,0.039549,0.082983,0.05198,0.085443,0.031652,0.002815,0.00069
0,-0.079291,0.079133,-0.214828,0.054455,-0.259561,0.096167,0.001384,0.001381
0,0.139516,0.041314,0.220976,-0.064225,0.268844,-0.028033,0.002435,0.000721
0,0.097342,0.133147,-0.031433,0.120489,-0.074651,0.138763,0.001699,0.002324
0,0.065877,-0.102721,-0.051167,-0.231375,-0.06905,-0.257129,0.00115,0.001793
0,-0.054323,0.068184,-0.097616,0.165167,-0.053237,0.15791,0.000948,0.00119
0,-0.113628,-0.043918,-0.077546,-0.128467,-0.120601,-0.120939,0.001983,0.000767
0,0.138257,-0.061654,0.244765,-0.007025,0.283395,-0.041452,0.002413,0.001076
0,-0.051759,-0.015604,-0.203943,0.033968,-0.176272,-0.007387,0.000903,0.000272
0,0.160074,-0.025255,0.194422,0.017439,0.151097,0.010864,0.002794,0.000441
0,0.065955,0.126473,-0.108104,0.156789,-0.114916,0.112686,0.001151,0.002207
0,0.038917,-0.044606,-0.036929,-0.144133,-0.069321,-0.17357,0.000679,0.000779
0,0.041952,0.087632,0.003023,0.150467,0.001454,0.119292,0.000732,0.001529
0,0.144325,0.002744,0.129659,-0.084884,0.12993,-0.060535,0.002519,4.8e-05
0,0.051502,0.093946,-0.103064,0.098058,-0.1054,0.142002,0.000899,0.00164
0,0.03412,-0.079979,0.001149,-0.151938,0.039514,-0.127695,0.000596,0.001396
0,-0.020662,-0.036374,-0.051673,0.01759,-0.007489,0.050662,0.000361,0.000635
0,0.074899,-0.080781,0.117293,-0.01627,0.151616,0.017143,0.001307,0.00141
0,0.04547,-0.031248,-0.055987,0.063881,-0.095809,0.092328,0.000794,0.000545
0,0.104304,0.098989,0.0695,0.151623,0.061231,0.129314,0.00182,0.001728
0,-0.071536,-0.101858,-0.151603,-0.198461,-0.19964,-0.183689,0.001249,0.001778
0,0.142107,-0.13575,0.234368,-0.04629,0.201434,-0.04588,0.00248,0.002369
0,0.130995,0.066368,-0.025448,0.229978,-0.009712,0.196916,0.002286,0.001158
0,0.153496,-0.057012,0.043037,-0.110527,0.045236,-0.105575,0.002679,0.000995
0,0.117708,-0.027241,-0.026747,0.047,0.00878,0.026703,0.002054,0.000475
0,0.072024,-0.043295,-0.019979,0.004929,0.001069,0.016137,0.001257,0.000756
0,0.181044,-0.151172,0.081899,-0.13341,0.065225,-0.098264,0.00316,0.002638
0,-0.00996,-0.054978,-0.209988,0.085892,-0.203091,0.096899,0.000174,0.00096
0,-0.036601,-0.077308,-0.038944,-0.044127,-0.028923,-0.081955,0.000639,0.001349
0,-0.125425,0.051304,-0.100855,0.128956,-0.099531,0.126709,0.002189,0.000895
0,-0.107969,-0.135347,0.03007,-0.165244,0.056325,-0.196358,0.001884,0.002362
0,0.175772,-0.171215,0.270656,-0.006437,0.236166,-0.001524,0.003068,0.002988
0,-0.046986,0.062606,-0.246225,0.24533,-0.198518,0.218212,0.00082,0.001093
0,-0.036482,0.00632,0.02073,-0.055826,0.070052,-0.081846,0.000637,0.00011
0,0.092047,-0.008976,0.104079,-0.011796,0.07296,-0.049017,0.001607,0.000157
0,0.133819,-0.08204,0.01795,-0.081529,0.023739,-0.129721,0.002336,0.001432
0,0.0348,-0.094421,-0.116842,0.008913,-0.077896,0.018406,0.000607,0.001648
0,-0.043033,-0.01323,-0.074442,0.073922,-0.10147,0.037209,0.000751,0.000231
0,-0.06351,-0.118975,-0.012266,-0.099964,-0.04837,-0.143578,0.001108,0.002076
0,-0.104259,-0.161678,-0.060662,-0.029547,-0.093046,-0.040006,0.00182,0.002822
0,0.024484,-0.153892,0.118848,0.025833,0.082282,-0.004584,0.000427,0.002686
0,-0.053291,-0.115143,-0.096112,0.053758,-0.06346,0.063936,0.00093,0.00201
0,0.089473,0.054072,0.140464,0.175807,0.108323,0.180802,0.001562,0.000944
0,0.018387,0.04227,-0.099207,-0.013399,-0.090591,-0.02457,0.000321,0.000738
0,0.05906,0.077363,0.044839,0.026595,0.051209,0.069443,0.001031,0.00135
0,-0.072544,-0.026807,-0.129641,-0.116545,-0.081301,-0.127239,0.001266,0.000468
0,0.164541,0.018775,0.213214,0.049374,0.213618,0.040178,0.002872,0.000328
0,0.21149,-0.079408,0.03295,-0.085467,0.043114,-0.082691,0.003691,0.001386
0,0.118495,0.006503,-0.10297,0.096261,-0.132925,0.130181,0.002068,0.000113
0,0.092743,0.024875,-0.040214,0.01796,-0.058922,0.039526,0.001619,0.000434
0,0.160146,-0.077563,0.069372,-0.125545,0.119093,-0.085214,0.002795,0.001354
0,-0.021952,0.066544,-0.182222,0.114988,-0.193936,0.159735,0.000383,0.001161
0,0.136479,0.091186,0.154417,0.035278,0.138822,-0.008636,0.002382,0.001591
0,0.122647,0.011355,0.000946,-0.075406,-0.014211,-0.059,0.002141,0.000198
0,-0.015666,0.018386,-0.161523,-0.021491,-0.152279,-0.06557,0.000273,0.000321
0,0.018669,-0.060637,0.049123,-0.104395,0.094772,-0.07258,0.000326,0.001058
0,0.012905,-0.124396,-0.006018,-0.045133,-0.003864,-0.024125,0.000225,0.002171
0,-0.11521,0.058423,-0.110979,0.158124,-0.141578,0.174834,0.002011,0.00102
0,-0.090545,-0.115173,0.022444,-0.171222,0.035125,-0.17169,0.00158,0.00201
0,-0.081299,0.048081,0.016192,0.1684,0.022865,0.121531,0.001419,0.000839
0,0.028815,-0.181282,0.086353,-0.231409,0.056546,-0.261482,0.000503,0.003164
0,-0.095572,0.062594,-0.11719,0.260491,-0.073844,0.232765,0.001668,0.001092
0,-0.059574,-0.185201,0.042915,-0.260156,0.011243,-0.234011,0.00104,0.003232
0,-0.103829,0.029125,-0.022594,0.227451,-0.007867,0.199409,0.001812,0.000508
0,0.071211,-0.139313,0.178282,-0.194304,0.137361,-0.215913,0.001243,0.002431
0,-0.166582,-0.05706,-0.240227,0.053321,-0.262146,0.039966,0.002907,0.000996
0,0.141572,-0.010526,0.305613,0.020182,0.327347,-0.008967,0.002471,0.000184
0,0.054799,0.093514,-0.076919,0.084185,-0.056873,0.056384,0.000956,0.001632
0,0.005052,-0.078343,-0.0644,-0.189277,-0.085306,-0.222129,8.8e-05,0.001367
0,-0.064778,0.020363,-0.092397,0.074034,-0.05604,0.025093,0.001131,0.000355
0,-0.115859,0.007186,-0.049791,-0.037508,-0.010736,-0.065647,0.002022,0.000125
0,0.029031,0.084709,0.152544,0.103013,0.19044,0.123868,0.000507,0.001478
0,0.164597,-0.050239,0.142928,-0.105369,0.182153,-0.126285,0.002873,0.000877
0,0.068178,0.030025,-0.068889,0.107502,-0.034763,0.110417,0.00119,0.000524
0,0.142394,-0.131244,0.067376,-0.150596,0.090369,-0.139277,0.002485,0.002291
0,0.041026,-0.104724,-0.127304,0.00211,-0.128504,-0.022477,0.000716,0.001828
0,-0.08043,-0.022027,-0.143202,0.052756,-0.135813,0.100406,0.001404,0.000384
0,-0.00012,0.110703,0.109392,0.15784,0.139553,0.111362,2e-06,0.001932
0,0.183489,-0.03864,0.174828,-0.146357,0.136846,-0.187561,0.003202,0.000674
0,0.057246,0.106259,-0.124133,0.133102,-0.142581,0.112793,0.000999,0.001855
0,-0.032707,-0.142639,-0.065638,-0.249846,-0.07899,-0.258878,0.000571,0.00249
0,0.130132,0.077379,0.180252,0.230781,0.143401,0.184676,0.002271,0.001351
0,-0.091218,-0.051409,-0.241088,-0.112138,-0.228144,-0.120493,0.001592,0.000897
0,0.101211,0.105442,0.166344,0.174429,0.211111,0.174323,0.001766,0.00184
0,0.2069,0.153897,0.101161,0.037452,0.057687,0.068783,0.003611,0.002686
0,0.000603,-0.09741,-0.211091,-0.277884,-0.194207,-0.31189,1.1e-05,0.0017
0,0.155706,0.174039,0.181412,0.285653,0.200649,0.330584,0.002718,0.003038
0,-0.102519,0.157087,-0.245772,-0.019163,-0.288971,-0.052134,0.001789,0.002742
0,0.190633,-0.024232,0.322486,-0.202233,0.346706,-0.161947,0.003327,0.000423
0,0.146773,0.16436,-0.053002,0.171753,-0.028965,0.128526,0.002562,0.002869
0,0.138308,0.108696,0.011656,-0.067844,0.048413,-0.113273,0.002414,0.001897
0,0.083683,-0.045437,-0.083417,-0.178438,-0.081043,-0.178814,0.001461,0.000793
0,-0.048515,0.158105,-0.160852,0.227902,-0.14053,0.201204,0.000847,0.002759
0,0.109539,0.130033,0.155344,-0.029768,0.166717,-0.043007,0.001912,0.00227
0,0.007593,0.154272,-0.123526,0.029709,-0.11891,0.026892,0.000133,0.002693
0,-0.113584,-0.02154,-0.124778,-0.148778,-0.169233,-0.141392,0.001982,0.000376
0,-0.106042,0.005733,0.0272,0.035764,0.057458,0.075923,0.001851,0.0001
0,0.006056,-0.050704,0.111301,-0.080996,0.132566,-0.109517,0.000106,0.000885
0,0.101457,0.013203,0.067656,0.090007,0.060366,0.123618,0.001771,0.00023
0,0.064399,-0.011755,-0.016897,-0.03885,-0.039832,-0.036593,0.001124,0.000205
0,0.263473,-0.166372,0.223788,-0.149401,0.219168,-0.183455,0.004598,0.002904
0,0.232306,0.102881,-0.020686,0.260098,0.023269,0.212772,0.004055,0.001796
0,-0.005948,0.073499,-0.230431,-0.040412,-0.246143,-0.020823,0.000104,0.001283
0,0.142537,-0.095558,0.172907,-0.183204,0.214025,-0.230174,0.002488,0.001668
0,-0.077173,-0.197616,-0.193969,-0.127327,-0.233275,-0.102353,0.001347,0.003449
0,-0.068608,-0.074699,-0.018576,0.134652,-0.020853,0.112636,0.001197,0.001304
0,0.103799,0.030488,0.142641,0.07857,0.153811,0.103129,0.001812,0.000532
0,0.041995,-0.101118,-0.053344,-0.151598,-0.090764,-0.172844,0.000733,0.001765
0,-0.106057,-0.180707,-0.13449,-0.090923,-0.174462,-0.079584,0.001851,0.003154
0,-0.038599,-0.159284,0.054528,0.017971,0.099218,-0.017656,0.000674,0.00278
0,-0.075461,-0.05345,-0.041509,0.131858,-0.00114,0.158868,0.001317,0.000933
0,0.10104,-0.126998,0.175286,-0.070548,0.217949,-0.106324,0.001763,0.002217
0,-0.154091,-0.243184,-0.246663,-0.117307,-0.263009,-0.088599,0.002689,0.004244
0,0.067862,-0.142193,0.214941,0.078177,0.235826,0.112679,0.001184,0.002482
0,-0.052096,-0.205475,-0.140964,-0.068573,-0.147484,-0.022856,0.000909,0.003586
0,0.082888,-0.162523,0.15523,0.03528,0.120888,0.081933,0.001447,0.002837
0,0.126395,-0.195381,0.067489,-0.015679,0.026849,-0.005858,0.002206,0.00341
0,-0.09544,-0.049043,-0.216722,0.152362,-0.236254,0.143926,0.001666,0.000856
0,-0.028408,0.086906,0.054651,0.128046,0.081938,0.136923,0.000496,0.001517
0,0.112866,-0.145895,0.128737,-0.238654,0.110062,-0.236872,0.00197,0.002546
0,-0.03096,0.001025,-0.148896,0.141287,-0.143695,0.100917,0.00054,1.8e-05
0,0.056387,-0.043652,0.086977,-0.050849,0.12569,-0.069968,0.000984,0.000762
0,0.080466,-0.087747,0.017166,-0.070167,0.025947,-0.1165,0.001404,0.001531
0,0.113124,-0.139869,0.055762,-0.063939,0.100544,-0.094437,0.001974,0.002441
0,-0.11594,0.001701,-0.255545,0.123728,-0.267356,0.095579,0.002024,3e-05
0,0.002102,-0.152333,0.106663,-0.179598,0.14041,-0.172536,3.7e-05,0.002659
0,-0.13512,-0.034874,-0.150014,0.127923,-0.196418,0.150811,0.002358,0.000609
0,-0.209824,0.02921,-0.07898,0.035803,-0.041413,0.066884,0.003662,0.00051
0,-0.188767,0.038376,0.049477,0.004127,0.093229,-0.028962,0.003295,0.00067
0,-0.235498,-0.15487,-0.026099,-0.195783,-0.060551,-0.194486,0.00411,0.002703
0,0.065468,0.016882,0.325568,0.142826,0.33119,0.139611,0.001143,0.000295
0,-0.038832,-0.019791,-0.109238,-0.057971,-0.0863,-0.009651,0.000678,0.000345
0,-0.111379,-0.089229,-0.050927,-0.075728,-0.001658,-0.057378,0.001944,0.001557
0,0.040154,0.013014,0.15992,0.131001,0.150094,0.180441,0.000701,0.000227
0,-0.078516,-0.026956,-0.109053,-0.038985,-0.114377,-0.036693,0.00137,0.00047
0,-0.081328,-0.044411,0.016547,-0.00964,-0.011903,-0.004511,0.001419,0.000775
0,-0.020561,-0.201893,0.04895,-0.130354,0.074683,-0.145947,0.000359,0.003524
0,-0.056236,-0.055173,-0.053212,0.139717,-0.059387,0.094,0.000982,0.000963
0,0.065643,-0.086673,0.101126,-0.026926,0.080752,-0.052658,0.001146,0.001513
0,-0.230804,-0.170717,-0.300808,-0.07269,-0.32963,-0.058017,0.004028,0.00298
0,-0.167657,0.010173,0.068478,0.161117,0.07643,0.190971,0.002926,0.000178
0,-0.000291,0.050397,0.13742,0.061014,0.130566,0.068311,5e-06,0.00088
0,-0.089575,-0.024253,-0.119167,-0.079354,-0.076604,-0.060281,0.001563,0.000423
0,-0.122524,-0.029837,-0.045307,-0.000186,-0.077723,0.040263,0.002138,0.000521
0,-0.150271,-0.018492,-0.05072,0.003012,-0.039415,0.006867,0.002623,0.000323
0,-0.129783,-0.142187,0.048961,-0.109998,0.007973,-0.157278,0.002265,0.002482
0,0.13545,-0.152787,0.293247,-0.017235,0.32639,-0.061377,0.002364,0.002667
0,-0.033773,0.06918,-0.17257,0.199271,-0.137075,0.188626,0.000589,0.001207
0,0.205301,-0.178424,0.243,-0.274307,0.217316,-0.321478,0.003583,0.003114
0,-0.055632,-0.0837,-0.252642,0.122801,-0.243609,0.107388,0.000971,0.001461
0,-0.032694,-0.066948,-0.0026,0.019898,0.043464,-0.020798,0.000571,0.001168
0,-0.056862,-0.071203,-0.015917,0.011019,-0.057767,0.002584,0.000992,0.001243
0,0.184814,0.076852,0.263664,0.173446,0.227112,0.221052,0.003226,0.001341
0,0.227572,-0.081551,0.03893,-0.165914,0.043396,-0.210221,0.003972,0.001423
0,-0.043787,-0.044819,-0.271873,0.044464,-0.236139,0.018919,0.000764,0.000782
0,-0.035096,-0.150643,-0.006414,-0.091603,0.040153,-0.124632,0.000613,0.002629
0,-0.099183,-0.086976,-0.043433,0.045533,-0.022163,0.017471,0.001731,0.001518
0,0.060196,-0.191343,0.129832,-0.122376,0.152192,-0.163943,0.001051,0.00334
0,-0.040018,-0.139343,-0.130193,0.077506,-0.08844,0.092101,0.000698,0.002432
0,0.182938,0.026854,0.2428,0.177334,0.243863,0.22231,0.003193,0.000469
0,0.246033,0.077071,0.089249,0.070031,0.103702,0.10369,0.004294,0.001345
0,0.207079,-0.113523,-0.047384,-0.186581,-0.093921,-0.222132,0.003614,0.001981
0,0.222256,-0.034654,0.008993,0.085246,0.01568,0.069971,0.003879,0.000605
0,0.228871,0.086814,0.024605,0.115349,0.042312,0.071034,0.003995,0.001515
0,0.229219,-0.036343,-0.01076,-0.118326,0.038938,-0.128375,0.004001,0.000634
0,0.110717,-0.124508,-0.124536,-0.083062,-0.119871,-0.058103,0.001932,0.002173
0,0.219661,-0.076235,0.128691,0.073774,0.161849,0.067623,0.003834,0.001331
0,0.216872,-0.13648,0.024333,-0.052454,-0.015404,-0.050713,0.003785,0.002382
0,0.15316,-0.092384,-0.033926,0.038415,-0.05132,0.045219,0.002673,0.001612
0,0.060562,0.074274,-0.104558,0.180651,-0.056214,0.147361,0.001057,0.001296
0,0.115075,-0.007091,0.072102,-0.052178,0.078116,-0.086254,0.002008,0.000124
0,0.152915,-0.148603,0.015951,-0.12155,0.005794,-0.089527,0.002669,0.002594
0,0.198591,-0.134573,0.022577,0.008159,0.050181,0.051337,0.003466,0.002349
0,0.109635,0.106909,-0.074889,0.22588,-0.081081,0.195046,0.001913,0.001866
0,0.13817,-0.022552,0.009239,-0.13132,0.022107,-0.100199,0.002412,0.000394
0,0.117579,-0.09564,-0.036862,-0.067531,-0.031917,-0.061707,0.002052,0.001669
0,0.15236,0.011993,0.031444,0.133386,0.043023,0.16122,0.002659,0.000209
0,0.10785,0.011803,-0.022647,0.013994,-0.044453,0.019371,0.001882,0.000206
0,0.216333,-0.04659,0.115432,-0.067466,0.075618,-0.061825,0.003776,0.000813
0,0.224599,0.149959,-0.005753,0.190755,-0.010172,0.159027,0.00392,0.002617
0,0.240123,0.175575,0.044976,0.030267,0.079231,-0.005036,0.004191,0.003064
0,0.239013,-0.030038,-0.005615,-0.203114,-0.047176,-0.18918,0.004172,0.000524
0,0.120351,0.157533,-0.138676,0.165983,-0.101729,0.147599,0.002101,0.002749
0,0.026759,-0.018168,-0.09215,-0.151158,-0.10127,-0.178363,0.000467,0.000317
0,0.158978,-0.09521,0.11632,-0.060398,0.156245,-0.06957,0.002775,0.001662
0,0.050991,0.084895,-0.129946,0.193208,-0.09279,0.207277,0.00089,0.001482
0,0.195166,0.044559,0.154794,-0.049657,0.199749,-0.015792,0.003406,0.000778
0,0.198545,-0.018397,0.009475,-0.069507,0.058603,-0.059878,0.003465,0.000321
0,0.11248,0.081914,-0.068705,0.120169,-0.094166,0.076392,0.001963,0.00143
0,0.140542,0.028612,0.015184,-0.070912,0.038045,-0.071755,0.002453,0.000499
0,-0.050076,0.057557,-0.208087,0.026528,-0.214755,-0.021096,0.000874,0.001005
0,0.225252,0.088999,0.252511,0.030317,0.262677,0.040737,0.003931,0.001553
0,0.081088,0.144384,-0.149865,0.071125,-0.155574,0.038959,0.001415,0.00252
0,0.197353,0.193614,0.121766,0.071389,0.142986,0.09316,0.003444,0.003379
0,0.192784,0.080567,-0.021513,-0.087497,-0.039337,-0.085324,0.003365,0.001406
0,0.22235,-0.014195,0.013922,-0.109788,0.036205,-0.082537,0.003881,0.000248
0,-0.03511,-0.082575,-0.267976,-0.08151,-0.280969,-0.047304,0.000613,0.001441
0,0.238002,-0.018331,0.277523,0.052965,0.308406,0.029022,0.004154,0.00032
0,-0.02937,-0.01377,-0.265934,-0.01816,-0.274212,-0.061644,0.000513,0.00024
0,0.136794,0.062774,0.153316,0.084723,0.135746,0.080998,0.002388,0.001096
0,0.035942,-0.107004,-0.103351,-0.167509,-0.124715,-0.164686,0.000627,0.001868
0,-0.104373,-0.066468,-0.128913,0.058574,-0.166774,0.041144,0.001822,0.00116
0,0.071211,-0.094077,0.18436,-0.033549,0.14578,-0.028427,0.001243,0.001642
0,0.096724,-0.067549,0.002428,0.031093,0.008621,0.053778,0.001688,0.001179
0,-0.102999,-0.091449,-0.225747,-0.008594,-0.243348,-0.054563,0.001798,0.001596
0,0.058545,0.105591,0.141279,0.218342,0.1094,0.178572,0.001022,0.001843
0,0.075683,-0.02069,0.003891,-0.121257,0.041178,-0.127315,0.001321,0.000361
0,-0.150338,0.175651,-0.203666,0.223032,-0.202925,0.19987,0.002624,0.003066
0,-0.240525,0.089549,-0.101757,-0.114091,-0.058853,-0.11352,0.004198,0.001563
0,0.049208,0.234244,0.262852,0.143351,0.262537,0.151933,0.000859,0.004088
0,-0.049555,-0.04965,-0.115865,-0.288237,-0.125508,-0.301233,0.000865,0.000867
0,-0.096637,-0.078949,-0.020113,-0.046805,0.0191,-0.05401,0.001687,0.001378
0,-0.035884,-0.095651,0.03762,-0.019945,0.086639,-0.029902,0.000626,0.001669
0,-0.040914,0.020123,0.010134,0.108846,-0.004084,0.112819,0.000714,0.000351
0,-0.224021,0.159926,-0.184357,0.115581,-0.197575,0.155352,0.00391,0.002791
0,-0.291279,-0.087995,-0.046907,-0.220453,-0.02089,-0.194016,0.005084,0.001536
0,-0.205978,-0.014071,0.104249,0.072291,0.125998,0.070097,0.003595,0.000246
0,-0.019745,-0.003444,0.202481,-0.00559,0.199323,0.001765,0.000345,6e-05
0,-0.080439,0.138367,-0.058401,0.156766,-0.030881,0.178615,0.001404,0.002415
0,-0.112483,0.07722,-0.021518,-0.075256,0.014825,-0.080566,0.001963,0.001348
0,-0.28813,0.03052,-0.146564,-0.042557,-0.183608,-0.044016,0.005029,0.000533
0,-0.203885,0.128538,0.054356,0.079454,0.096413,0.09478,0.003558,0.002243
0,-0.236879,-0.060782,-0.053733,-0.174539,-0.070361,-0.127204,0.004134,0.001061
0,-0.332633,-0.084197,-0.111896,-0.020406,-0.116881,-0.018004,0.005806,0.00147
0,-0.345121,0.068996,0.012748,0.155984,-0.026464,0.121982,0.006024,0.001204
0,-0.102882,-0.066289,0.224496,-0.112481,0.204325,-0.070691,0.001796,0.001157
0,-0.39605,0.01139,-0.302186,0.086715,-0.303239,0.082269,0.005178,0.000199
0,-0.186421,-0.043024,0.230235,-0.053477,0.23386,-0.063322,0.003254,0.000751
0,-0.133279,0.109869,0.025899,0.138528,0.028511,0.183697,0.002326,0.001918
0,-0.240622,0.046169,-0.092719,-0.06028,-0.077995,-0.031693,0.0042,0.000806
0,-0.120808,0.076332,0.098235,0.030679,0.073625,0.078395,0.002108,0.001332
0,-0.15657,-0.032724,-0.033337,-0.104862,0.011002,-0.080639,0.002733,0.000571
0,-0.34688,0.110512,-0.215489,0.152726,-0.230832,0.14028,0.006036,0.001929
0,-0.213802,-0.003815,0.131062,-0.144225,0.178589,-0.098399,0.003732,6.7e-05
0,-0.405902,-0.111442,-0.221732,-0.091984,-0.231926,-0.076903,0.005006,0.001945
0,-0.300756,0.015982,0.092974,0.110109,0.095004,0.082705,0.005249,0.000279
0,-0.223594,-0.149396,0.093881,-0.135703,0.070429,-0.172038,0.003902,0.002607
0,-0.457423,-0.154951,-0.232668,-0.005107,-0.253707,-0.042513,0.004107,0.002704
0,-0.286355,0.037155,0.146116,0.168158,0.183813,0.161091,0.004998,0.000648
0,-0.202871,0.057726,0.109275,0.031387,0.079454,-0.001908,0.003541,0.001008
0,-0.295271,-0.02443,-0.074679,-0.109435,-0.081377,-0.100068,0.005153,0.000426
0,-0.098044,0.041608,0.211529,0.050803,0.22092,0.098728,0.001711,0.000726
0,-0.152789,-0.19828,-0.029726,-0.265005,-0.043366,-0.257664,0.002667,0.003461
0,-0.273288,-0.047206,-0.125905,0.135312,-0.163886,0.150413,0.00477,0.000824
0,-0.082292,-0.058899,0.190058,-0.017956,0.183161,0.013153,0.001436,0.001028
0,-0.168047,-0.168429,-0.065933,-0.112822,-0.066749,-0.140737,0.002933,0.00294
0,-0.17217,-0.102445,-0.021963,0.050368,0.007038,0.070819,0.003005,0.001788
0,-0.222907,-0.038807,-0.061788,0.043894,-0.105364,0.092743,0.00389,0.000677
0,-0.130318,-0.090406,0.090925,-0.066246,0.110007,-0.11587,0.002274,0.001578
0,-0.080506,-0.037075,0.028167,0.08028,0.069218,0.067246,0.001405,0.000647
0,-0.021504,-0.09063,0.072404,-0.056204,0.079599,-0.055423,0.000375,0.001582
0,-0.073897,0.018954,-0.070662,0.090013,-0.042387,0.088243,0.00129,0.000331
0,-0.087002,0.087522,-0.018815,0.093463,-0.023848,0.057364,0.001518,0.001528
0,-0.120464,-0.0402,-0.005861,-0.105692,-0.007917,-0.148284,0.002102,0.000702
0,-0.138598,0.107384,0.001999,0.122447,-0.020482,0.099212,0.002419,0.001874
0,-0.181995,-0.053268,-0.071337,-0.144981,-0.078982,-0.183672,0.003176,0.00093
0,0.011117,0.08824,0.17424,0.121733,0.190808,0.156554,0.000194,0.00154
0,0.002924,0.133336,-0.007315,0.052333,0.0084,0.092073,5.1e-05,0.002327
0,-0.099583,-0.020574,-0.113511,-0.131028,-0.103527,-0.098973,0.001738,0.000359
0,0.097616,0.007969,0.177613,0.053763,0.145544,0.051825,0.001704,0.000139
0,0.068882,-0.082465,-0.057891,-0.067323,-0.095799,-0.034565,0.001202,0.001439
0,0.154203,0.105008,0.095861,0.174535,0.067712,0.167791,0.002691,0.001833
0,0.116292,-0.047834,-0.011922,-0.1681,0.030248,-0.17581,0.00203,0.000835
0,0.049548,-0.001889,-0.052128,0.023488,-0.017375,0.058529,0.000865,3.3e-05
0,0.075541,0.029687,0.027543,0.045622,0.044449,0.050958,0.001318,0.000518
0,-0.13355,-0.105786,-0.221918,-0.133593,-0.188588,-0.10728,0.002331,0.001846
0,-0.107642,-0.029791,-0.001904,0.057982,0.045305,0.09746,0.001879,0.00052
0,0.09823,-0.121843,0.233881,-0.084999,0.229189,-0.112779,0.001714,0.002127
0,0.080396,0.057527,-0.044382,0.196409,-0.010231,0.200067,0.001403,0.001004
0,-0.044827,-0.098041,-0.12218,-0.172573,-0.15114,-0.172368,0.000782,0.001711
0,-0.051625,0.107204,-0.022643,0.233681,-0.007779,0.270802,0.000901,0.001871
0,0.193997,-0.056095,0.226047,-0.168622,0.205434,-0.194337,0.003386,0.000979
0,0.018048,0.107456,-0.167951,0.188371,-0.121388,0.149444,0.000315,0.001875
0,-0.034621,0.052953,-0.061268,-0.059152,-0.038268,-0.035067,0.000604,0.000924
0,0.022872,0.112122,0.04312,0.064241,0.01241,0.110544,0.000399,0.001957
0,-0.180181,0.020577,-0.195084,-0.103082,-0.17979,-0.101859,0.003145,0.000359
0,-0.094371,-0.11395,0.084422,-0.113593,0.076217,-0.11228,0.001647,0.001989
0,-0.170622,-0.153175,-0.063164,-0.009808,-0.056316,-0.01488,0.002978,0.002673
0,-0.118887,0.019837,0.036806,0.177257,0.065798,0.151978,0.002075,0.000346
0,0.069074,0.093707,0.173254,0.088475,0.205709,0.135086,0.001206,0.001635
0,-0.051933,-0.03772,-0.120002,-0.152748,-0.138562,-0.183385,0.000906,0.000658
0,0.066252,-0.099747,0.147077,-0.05966,0.128601,-0.092127,0.001156,0.001741
0,-0.108764,-0.172556,-0.187627,-0.053548,-0.170036,-0.088059,0.001898,0.003012
0,0.12522,-0.0229,0.213552,0.127411,0.191857,0.080887,0.002185,0.0004
0,-0.011698,0.098355,-0.154968,0.105053,-0.140272,0.126383,0.000204,0.001717
0,-0.028458,-0.097345,0.006564,-0.194389,-0.026626,-0.205719,0.000497,0.001699
0,-0.040418,-0.02871,0.01703,0.072126,0.052013,0.04937,0.000705,0.000501
0,0.044193,-0.086708,0.059639,-0.084584,0.038047,-0.101245,0.000771,0.001513
0,-0.098418,-0.055995,-0.141637,0.029419,-0.153222,0.072216,0.001718,0.000977
0,0.141214,-0.023823,0.222376,0.01155,0.20429,-0.029787,0.002465,0.000416
0,0.172747,-0.003206,0.049621,0.011706,0.035953,0.038517,0.003015,5.6e-05
0,0.092984,-0.012022,-0.091522,-0.030051,-0.046002,-0.049904,0.001623,0.00021
0,0.120867,-0.036469,0.025235,-0.030916,-0.007256,0.010865,0.00211,0.000637
0,-0.080454,0.097679,-0.187456,0.134879,-0.205998,0.095543,0.001404,0.001705
0,0.030417,-0.115235,0.132466,-0.198469,0.178034,-0.188817,0.000531,0.002011
0,-0.127575,-0.004514,-0.168806,0.100612,-0.166106,0.125081,0.002227,7.9e-05
0,-0.005054,0.034696,0.121521,0.038169,0.113504,0.002741,8.8e-05,0.000606
0,-0.019199,0.12018,0.002161,0.077531,0.051543,0.107507,0.000335,0.002098
0,-0.173789,-0.039409,-0.127698,-0.179446,-0.168333,-0.145923,0.003033,0.000688
0,-0.13104,0.066594,0.054977,0.103674,0.094226,0.126243,0.002287,0.001162
0,0.063813,-0.0551,0.21468,-0.111903,0.236829,-0.141373,0.001114,0.000962
0,-0.105501,-0.138386,-0.14532,-0.071811,-0.160323,-0.028172,0.001841,0.002415
0,0.003185,0.004999,0.087785,0.155154,0.132729,0.138757,5.6e-05,8.7e-05
0,-0.009028,-0.105856,0.013658,-0.137546,0.061426,-0.151208,0.000158,0.001848
0,0.102119,0.101641,0.091551,0.219935,0.079037,0.24173,0.001782,0.001774
0,0.012554,0.103656,-0.064203,0.014953,-0.074453,-0.012084,0.000219,0.001809
0,-0.192244,-0.080913,-0.211067,-0.199318,-0.237256,-0.211333,0.003355,0.001412
0,0.003254,0.043388,0.199492,0.122928,0.237123,0.146279,5.7e-05,0.000757
0,-0.016671,0.057817,-0.029965,-0.011285,-0.048589,-0.015522,0.000291,0.001009
0,0.060499,-0.078807,0.100284,-0.117461,0.074915,-0.137356,0.001056,0.001375
0,0.133842,-0.177675,0.080229,-0.081234,0.096804,-0.062181,0.002336,0.003101
0,-0.033469,0.123394,-0.178867,0.290177,-0.172785,0.305747,0.000584,0.002154
0,0.144017,0.123446,0.196173,-0.026202,0.159771,0.018954,0.002514,0.002155
0,0.024115,-0.119254,-0.107611,-0.213203,-0.125192,-0.260697,0.000421,0.002081
0,0.10317,-0.088478,0.060464,0.025112,0.031197,0.001518,0.001801,0.001544
0,0.191563,0.072334,0.066605,0.143101,0.081255,0.166431,0.003343,0.001262
0,0.128655,-0.147886,-0.044252,-0.194957,-0.028537,-0.224814,0.002245,0.002581
0,0.204925,0.104228,0.063805,0.273957,0.107387,0.290443,0.003577,0.001819
0,0.1162,0.002101,-0.062751,-0.08272,-0.061512,-0.095162,0.002028,3.7e-05
0,0.232501,-0.029757,0.095679,-0.044021,0.058099,-0.045161,0.004058,0.000519
0,0.174255,0.051585,-0.079336,0.105181,-0.108487,0.099231,0.003041,0.0009
0,-0.008081,-0.15325,-0.197781,-0.196452,-0.176039,-0.208109,0.000141,0.002675
0,0.143313,-0.104711,0.149587,0.071101,0.195277,0.072288,0.002501,0.001828
0,0.160603,-0.016368,-0.011363,0.065404,-0.020139,0.028568,0.002803,0.000286
0,-0.058072,-0.096949,-0.245654,-0.078341,-0.207563,-0.11747,0.001014,0.001692
0,-0.087121,0.105353,-0.058872,0.182059,-0.083041,0.21305,0.001521,0.001839
0,-0.044483,0.098657,0.019792,0.016862,0.059825,-0.032354,0.000776,0.001722
0,-0.092873,-0.024683,-0.034737,-0.14004,0.006836,-0.147787,0.001621,0.000431
0,-0.172186,-0.126461,-0.078501,-0.101802,-0.103722,-0.137448,0.003005,0.002207
0,-0.133509,-0.120081,0.031389,-0.003441,0.016587,-0.039125,0.00233,0.002096
0,-0.14784,0.102736,-0.035379,0.225265,-0.029214,0.27488,0.00258,0.001793
0,0.013397,-0.076259,0.190896,-0.19428,0.226925,-0.147329,0.000234,0.001331
0,0.07023,-0.004298,0.050608,0.09442,0.026198,0.082638,0.001226,7.5e-05
0,0.054153,0.154022,-0.027467,0.139322,-0.063831,0.103584,0.000945,0.002688
0,0.109595,0.023678,0.048823,-0.115931,0.059982,-0.1063,0.001913,0.000413
0,0.093281,0.161527,-0.010975,0.131286,-0.007906,0.106109,0.001628,0.002819
0,0.119631,0.15914,-0.000123,-0.008554,-0.029518,0.011302,0.002088,0.002778
0,-0.144606,0.008478,-0.246015,-0.149497,-0.283817,-0.196104,0.002524,0.000148
0,-0.098803,0.104967,0.06862,0.081802,0.049995,0.055466,0.001724,0.001832
0,0.006918,0.167246,0.094004,0.088934,0.084583,0.122382,0.000121,0.002919
0,-0.099135,0.00569,-0.13405,-0.161713,-0.126674,-0.167,0.00173,9.9e-05
0,-0.010026,0.07766,0.107381,0.045937,0.112397,0.094923,0.000175,0.001355
0,0.01977,0.125422,0.03752,0.050214,0.012707,0.085449,0.000345,0.002189
0,-0.080132,-0.009141,-0.112139,-0.125118,-0.07481,-0.163673,0.001399,0.00016
0,-0.130328,0.074914,-0.038854,0.088483,-0.08823,0.088933,0.002275,0.001308
0,0.006197,0.187102,0.163405,0.11716,0.193548,0.160782,0.000108,0.003266
0,0.004401,-0.090869,-0.017055,-0.304912,0.001769,-0.33776,7.7e-05,0.001586
0,-0.031001,-0.051267,-0.062605,0.025527,-0.099035,0.035589,0.000541,0.000895
0,-0.041489,-0.048537,0.018842,0.004198,0.006225,0.007493,0.000724,0.000847
0,-0.128523,0.034587,-0.100395,0.06501,-0.05125,0.087617,0.002243,0.000604
0,-0.12844,-0.06357,0.004595,-0.080916,-0.018785,-0.037304,0.002242,0.00111
0,-0.132394,0.105917,0.005682,0.172597,-0.034185,0.181656,0.002311,0.001849
0,-0.17976,0.119324,-0.036155,0.037154,-0.042446,0.0817,0.003137,0.002083
0,-0.064269,-0.051455,0.139542,-0.15922,0.167856,-0.122944,0.001122,0.000898
0,0.063183,0.136703,0.143563,0.213867,0.123796,0.167017,0.001103,0.002386
0,-0.114811,0.05734,-0.205546,-0.105794,-0.240978,-0.101926,0.002004,0.001001
0,-0.080279,-0.003521,0.011939,-0.046731,0.056753,-0.018097,0.001401,6.1e-05
0,0.017517,0.11408,0.12087,0.114056,0.136002,0.133155,0.000306,0.001991
0,-0.11799,0.192252,-0.123407,0.080839,-0.078436,0.056355,0.002059,0.003355
0,-0.03028,0.170085,0.084703,-0.019587,0.087413,-0.028462,0.000528,0.002969
0,0.000593,0.159689,0.015279,-0.008477,0.011756,-0.009299,1e-05,0.002787
0,-0.155165,-0.04418,-0.150333,-0.190928,-0.137734,-0.224347,0.002708,0.000771
0,0.064904,0.057884,0.23784,0.085061,0.276027,0.038103,0.001133,0.00101
0,0.045396,0.091503,-0.020322,0.019825,-0.011561,0.033963,0.000792,0.001597
0,-0.090309,0.037194,-0.145069,-0.063123,-0.110832,-0.112333,0.001576,0.000649
0,-0.203251,0.031471,-0.087636,-0.005329,-0.095035,-0.033334,0.003547,0.000549
0,-0.143576,-0.020163,0.075571,-0.022067,0.125345,-0.061529,0.002506,0.000352
0,0.009028,-0.056224,0.135105,-0.055638,0.140225,-0.020998,0.000158,0.000981
0,-0.194292,0.105538,-0.205863,0.143815,-0.212876,0.178495,0.003391,0.001842
0,-0.045768,-0.077021,0.127225,-0.182899,0.142698,-0.148807,0.000799,0.001344
0,-0.053673,0.07803,-0.002663,0.14714,-0.027179,0.097852,0.000937,0.001362
0,0.097649,-0.040314,0.172299,-0.108854,0.134603,-0.116651,0.001704,0.000704
0,0.038398,0.117971,-0.086939,0.1312,-0.109511,0.129499,0.00067,0.002059
0,0.099481,-0.0595,0.039541,-0.160525,-0.008301,-0.151803,0.001736,0.001038
0,-0.055134,0.027648,-0.139177,0.104231,-0.125833,0.090532,0.000962,0.000483
0,-0.056696,-0.101294,-0.021029,-0.131874,-0.053795,-0.150047,0.00099,0.001768
0,0.005679,0.086128,0.037829,0.184999,0.067075,0.138572,9.9e-05,0.001503
0,0.174613,0.015803,0.186991,-0.049444,0.200293,-0.053157,0.003048,0.000276
0,0.173806,0.034161,0.026726,-0.00238,0.015934,-0.027334,0.003033,0.000596
0,-0.008867,0.009921,-0.202608,-0.009767,-0.237284,-0.049248,0.000155,0.000173
0,0.045005,0.148925,0.067923,0.148994,0.11343,0.132309,0.000785,0.002599
0,-0.050812,-0.10185,-0.074618,-0.272314,-0.086494,-0.317271,0.000887,0.001778
0,0.171816,0.078422,0.225771,0.185266,0.210304,0.148695,0.002999,0.001369
0,0.048282,-0.051592,-0.119406,-0.118704,-0.118575,-0.093535,0.000843,0.0009
0,1.790561,-0.237665,1.736214,-0.214378,1.691688,-0.172161,0.00502,0.004148
0,2.999339,-0.233994,1.228358,0.012563,1.257515,0.007338,0.003986,0.004084
0,3.455003,-0.507441,0.483881,-0.285734,0.493031,-0.293715,0.000151,0.003234
0,4.397181,-0.389147,0.922488,0.14532,0.958645,0.148229,0.004202,0.005299
0,4.637016,-0.148331,0.248572,0.212326,0.199565,0.20488,0.003702,0.002589
0,4.028727,-0.068837,-0.599013,0.094676,-0.568833,0.084421,0.002228,0.001201
0,3.423242,-0.235448,-0.582577,-0.142499,-0.599598,-0.097807,0.000706,0.004109
0,2.53861,-0.250336,-0.886387,-0.025742,-0.906546,-0.058582,0.004055,0.004369
0,2.066885,-0.079473,-0.449871,0.178691,-0.477078,0.198967,0.000198,0.001387
0,0.638483,-0.069586,-1.433211,0.017569,-1.439691,-0.031136,0.000947,0.001215
0,-0.069084,-0.079083,-0.714238,0.011172,-0.717316,-0.03308,0.001206,0.00138
0,-0.163806,0.001447,-0.08425,0.102763,-0.075826,0.108868,0.002859,2.5e-05
0,-0.468268,-0.211013,-0.293102,-0.189,-0.331981,-0.151377,0.003918,0.003683
0,-0.35755,-0.024099,0.104306,0.17889,0.063471,0.19191,0.00585,0.000421
0,-0.321594,-0.019938,0.065407,0.025341,0.082999,0.056534,0.005613,0.000348
0,-0.478493,-0.211161,-0.130206,-0.170861,-0.102406,-0.127172,0.003739,0.003685
0,-0.266131,-0.062176,0.240819,0.121462,0.289476,0.083069,0.004645,0.001085
0,-0.128909,-0.091787,0.117607,-0.020002,0.153679,-0.006832,0.00225,0.001602
0,-0.08492,-0.242385,0.064974,-0.169971,0.05337,-0.175221,0.001482,0.00423
0,-0.047061,-0.169255,0.008331,0.086272,-0.008748,0.087968,0.000821,0.002954
0,-0.051498,-0.234569,-0.029662,-0.050826,0.006397,-0.072056,0.000899,0.004094
0,-0.276596,-0.0502,-0.255033,0.181295,-0.259933,0.158372,0.004828,0.000876
0,-0.194414,-0.155078,0.091827,-0.0938,0.096323,-0.120478,0.003393,0.002707
0,-0.165002,-0.146434,0.019742,0.016021,0.0346,0.047898,0.00288,0.002556
0,-0.242115,-0.246263,-0.093674,-0.075819,-0.130011,-0.098168,0.004226,0.004298
0,-0.314777,-0.009294,-0.094357,0.231033,-0.081206,0.232632,0.005494,0.000162
0,-0.318669,-0.216627,-0.028422,-0.202141,0.003505,-0.173093,0.005562,0.003781
0,-0.092589,-0.003786,0.226458,0.215924,0.186644,0.229689,0.001616,6.6e-05
0,-0.242114,-0.049731,-0.131869,-0.024933,-0.135725,-0.074606,0.004226,0.000868
0,-0.283577,-0.037896,-0.041509,0.009753,-0.079048,0.028027,0.004949,0.000661
0,-0.201559,0.022535,0.055337,0.058056,0.080819,0.098188,0.003518,0.000393
0,-0.208275,-0.176045,-0.015186,-0.217616,0.006141,-0.224525,0.003635,0.003073
0,-0.037359,0.010851,0.177631,0.1799,0.128555,0.137496,0.000652,0.000189
0,-0.19055,-0.153045,-0.179223,-0.158754,-0.207821,-0.146083,0.003326,0.002671
0,-0.135357,0.06417,0.059739,0.231652,0.020858,0.246565,0.002362,0.00112
0,-0.102749,-0.208973,0.026929,-0.290173,0.057399,-0.274665,0.001793,0.003647
0,-0.007089,0.032684,0.0834,0.217651,0.113719,0.203334,0.000124,0.00057
0,-0.2047,-0.224163,-0.185587,-0.248984,-0.165142,-0.2975,0.003573,0.003912
0,-0.143916,-0.221174,0.061938,0.031972,0.061665,0.029942,0.002512,0.00386
0,-0.150559,-0.014452,-0.030957,0.190773,-0.036187,0.225835,0.002628,0.000252
0,-0.127118,-0.020023,0.004593,0.012278,0.033332,0.028124,0.002219,0.000349
0,-0.148904,-0.09782,0.001658,-0.089991,-0.013177,-0.081083,0.002599,0.001707
0,-0.049539,0.032373,0.101642,0.153321,0.150945,0.105668,0.000865,0.000565
0,-0.155616,0.011872,-0.095984,-0.024647,-0.049427,-0.062588,0.002716,0.000207
0,0.001785,-0.123718,0.151578,-0.127998,0.112022,-0.162173,3.1e-05,0.002159
0,0.013573,0.007205,-0.015763,0.135095,-0.041922,0.103665,0.000237,0.000126
0,-0.148949,0.049099,-0.18863,0.023697,-0.178303,0.011429,0.0026,0.000857
0,0.108797,0.024774,0.229876,-0.051552,0.266118,-0.065354,0.001899,0.000432
0,0.102641,-0.107458,-0.030024,-0.150272,-0.041507,-0.153915,0.001791,0.001875
0,0.029358,-0.043444,-0.063592,0.074459,-0.062175,0.078969,0.000512,0.000758
0,0.052912,-0.072736,0.008289,-0.021616,0.044256,0.023366,0.000923,0.001269
0,-0.031773,-0.017569,-0.087847,0.051282,-0.090111,0.00186,0.000555,0.000307
0,-0.017239,0.023758,0.017121,0.039399,-0.027313,0.077831,0.000301,0.000415
0,-0.015543,-0.04197,-0.015203,-0.03738,-0.003734,-0.009623,0.000271,0.000733
0,0.049546,-0.134481,0.037188,-0.115473,0.049078,-0.128186,0.000865,0.002347
0,-0.083869,0.010308,-0.121859,0.159963,-0.117001,0.118942,0.001464,0.00018
0,-0.041137,-0.035088,0.055361,-0.040053,0.08586,0.006591,0.000718,0.000612
0,0.0876,0.015714,0.139461,0.035333,0.091457,-0.004796,0.001529,0.000274
0,-0.121516,-0.059324,-0.206439,-0.081727,-0.249631,-0.07952,0.002121,0.001035
0,0.063007,-0.014575,0.16562,0.044844,0.169356,0.071558,0.0011,0.000254
0,-0.14572,-0.034099,-0.225095,0.000956,-0.231245,0.006337,0.002543,0.000595
0,0.00193,-0.218134,0.147076,-0.170072,0.192264,-0.144063,3.4e-05,0.003807
0,-0.051827,-0.174136,-0.0257,0.064153,0.008747,0.035105,0.000905,0.003039
0,-0.15398,-0.225064,-0.09891,-0.049075,-0.067542,-0.005929,0.002687,0.003928
0,0.114948,-0.183695,0.282004,0.063935,0.313324,0.024831,0.002006,0.003206
0,0.132228,-0.007393,0.033706,0.167737,0.044502,0.152684,0.002308,0.000129
0,0.187437,-0.086615,0.078688,-0.094458,0.093399,-0.127484,0.003271,0.001512
0,0.035214,-0.161972,-0.134325,-0.095221,-0.1305,-0.110209,0.000615,0.002827
0,0.07795,-0.160835,0.028756,-0.010899,0.0646,-0.047086,0.00136,0.002807
0,0.064598,0.007298,-0.011403,0.145997,-0.049758,0.132418,0.001127,0.000127
0,0.107719,-0.12731,0.013218,-0.146355,0.045701,-0.11636,0.00188,0.002222
0,0.0733,-0.028313,-0.034769,0.099438,-0.06975,0.139392,0.001279,0.000494
0,0.039375,-0.10652,-0.017613,-0.049381,0.004959,-0.069144,0.000687,0.001859
0,0.098161,0.086322,0.078643,0.178759,0.031001,0.17654,0.001713,0.001507
0,0.212514,-0.058255,0.129553,-0.147659,0.118603,-0.13954,0.003709,0.001017
0,-0.057119,-0.059969,-0.274461,-0.01245,-0.229656,-0.029175,0.000997,0.001047
0,0.00014,0.106358,0.050063,0.14008,0.097461,0.151686,2e-06,0.001856
0,0.168791,-0.169552,0.192081,-0.273604,0.212677,-0.285618,0.002946,0.002959
0,0.010323,-0.06085,-0.159764,0.119555,-0.149563,0.1421,0.00018,0.001062
0,-0.039354,-0.068437,-0.024169,0.015054,-0.005028,-0.028355,0.000687,0.001194
0,0.056874,0.061879,0.090949,0.150509,0.124587,0.143427,0.000993,0.00108
0,0.013267,-0.010593,-0.041428,-0.085881,-0.070976,-0.108869,0.000232,0.000185
0,-0.031071,-0.082421,-0.023976,-0.04215,-0.064423,-0.082586,0.000542,0.001439
0,-2.886474,0.457904,-2.840385,0.524705,-2.876859,0.564159,0.002017,0.004099
0,-4.152159,1.050476,-1.277619,0.598081,-1.318778,0.548925,7.4e-05,0.005847
0,-3.975986,1.306677,0.147205,0.258352,0.12344,0.231126,0.003149,0.001375
0,-2.888181,1.315448,1.059975,-0.011885,1.024487,-0.0063,0.002046,0.001222
0,-2.184226,1.474644,0.710409,0.168946,0.749844,0.209457,0.00185,0.001556
0,-1.815364,1.180675,0.386243,-0.272678,0.396278,-0.310811,0.004587,0.003574
0,-1.092959,0.967709,0.741619,-0.231657,0.742035,-0.277432,0.005105,0.004799
0,-0.508333,0.958477,0.593531,-0.0218,0.603926,-0.0331,0.003218,0.004638
0,-0.310603,0.561728,0.219009,-0.376212,0.237113,-0.383627,0.005421,0.002286
0,0.33863,0.385902,0.625197,-0.174669,0.601117,-0.134501,0.00591,0.005355
0,0.418251,0.386457,0.109498,-0.005645,0.151168,0.004483,0.004791,0.005346
0,0.162343,0.813685,-0.279636,0.451728,-0.318783,0.44935,0.002833,0.002111
0,0.192618,1.716849,0.05573,0.911174,0.051045,0.906314,0.003362,0.005784
0,0.202584,1.824489,0.038435,0.136237,0.049836,0.167339,0.003536,0.004428
0,-0.042721,2.231796,-0.23358,0.420048,-0.240827,0.439665,0.000746,0.002681
0,-0.012015,1.674435,0.034443,-0.538512,-0.012863,-0.53181,0.00021,0.005043
0,0.01497,1.535969,0.0248,-0.138132,0.062155,-0.124713,0.000261,0.002627
0,-0.000408,1.545532,-0.034772,0.031645,0.00604,0.036512,7e-06,0.002794
0,0.036965,1.126918,0.043575,-0.404597,0.014399,-0.407871,0.000645,0.004513
0,0.074965,0.757791,0.058106,-0.355793,0.074786,-0.307076,0.001308,0.001135
0,0.03146,0.475637,-0.059659,-0.295189,-0.055006,-0.296982,0.000549,0.003789
0,0.127375,0.154907,0.105422,-0.290878,0.079092,-0.248651,0.002223,0.002704
0,0.032501,-0.066306,-0.088246,-0.200235,-0.095942,-0.177567,0.000567,0.001157
0,0.124605,-0.099664,0.119012,-0.035767,0.074307,0.000362,0.002175,0.001739
0,-0.080563,-0.13504,-0.199379,-0.0084,-0.206356,-0.038944,0.001406,0.002357
0,-0.032625,-0.298225,0.072281,-0.181199,0.069438,-0.14857,0.000569,0.005205
0,-0.060286,-0.1659,-0.040792,0.131061,-0.000922,0.179827,0.001052,0.002896
0,-0.04952,-0.286331,0.024132,-0.095478,-0.003702,-0.047643,0.000864,0.004997
0,0.070074,-0.292735,0.117564,-0.01405,0.097528,0.01897,0.001223,0.005109
0,0.107436,-0.295852,0.016549,0.01922,0.059226,0.063844,0.001875,0.005164
0,0.127416,-0.260952,0.030086,0.020305,-0.013668,0.021058,0.002224,0.004554
0,0.098199,-0.473326,-0.023294,-0.214981,-0.03961,-0.208041,0.001714,0.003829
0,0.180057,-0.210366,0.090016,0.254839,0.137716,0.253109,0.003143,0.003672
0,-0.05507,-0.321491,-0.219391,-0.120653,-0.196029,-0.117182,0.000961,0.005611
0,-0.091069,-0.327768,-0.046179,-0.02476,-0.015774,-0.020834,0.001589,0.005721
0,-0.021683,-0.269993,0.050017,0.039524,0.071506,0.051713,0.000378,0.004712
0,0.089411,-0.252869,0.087812,0.035352,0.04906,0.028997,0.001561,0.004413
0,0.036315,-0.213113,-0.079342,0.020109,-0.076133,-0.004162,0.000634,0.00372
0,0.039032,-0.111444,-0.024327,0.087989,-0.055992,0.067955,0.000681,0.001945
0,-0.027832,-0.131593,-0.045162,-0.008606,-0.0441,0.00875,0.000486,0.002297
0,0.09907,-0.252896,0.146872,-0.131729,0.196415,-0.131847,0.001729,0.004414
0,-0.030496,-0.121833,-0.149719,0.116407,-0.10326,0.112366,0.000532,0.002126
0,-0.000876,-0.071885,0.021459,0.072301,-0.025409,0.026027,1.5e-05,0.001255
0,-0.046501,-0.201727,-0.054965,-0.123917,-0.059133,-0.14675,0.000812,0.003521
0,0.010921,-0.067478,0.041089,0.157325,-0.005104,0.152635,0.000191,0.001178
0,0.111109,-0.214497,0.091841,-0.138858,0.041882,-0.146409,0.001939,0.003744
0,0.200108,-0.196273,0.087169,0.015563,0.040505,0.00935,0.003493,0.003426
0,-0.078782,-0.213958,-0.249683,-0.018756,-0.224831,-0.021591,0.001375,0.003734
0,0.142431,-0.177176,0.246551,0.039138,0.241252,0.058707,0.002486,0.003092
0,0.06421,-0.087063,-0.061842,0.109616,-0.085159,0.159512,0.001121,0.00152
0,-0.074169,-0.244464,-0.133036,-0.131052,-0.180539,-0.14169,0.001294,0.004267
0,0.047432,-0.121837,0.118527,0.122692,0.086796,0.1135,0.000828,0.002126
0,0.014156,-0.064482,-0.045855,0.037803,-0.0192,0.03511,0.000247,0.001125
0,-0.023802,-0.028815,-0.034109,0.025204,-0.079062,0.073112,0.000415,0.000503
0,0.122381,-0.250626,0.132805,-0.201364,0.140562,-0.21986,0.002136,0.004374
0,-0.005511,-0.253796,-0.140406,-0.000368,-0.107425,0.013197,9.6e-05,0.00443
0,-0.064917,-0.115305,-0.049118,0.126042,-0.08366,0.163281,0.001133,0.002012
0,-0.00057,-0.109225,0.055761,-0.005024,0.038039,-0.02379,1e-05,0.001906
0,0.081505,0.002204,0.088292,0.121264,0.126363,0.073996,0.001423,3.8e-05
0,0.154854,-0.139545,0.074439,-0.15836,0.100678,-0.146411,0.002703,0.002436
0,-0.052913,-0.163831,-0.212699,-0.026335,-0.180491,-0.015871,0.000924,0.002859
0,0.000271,-0.208163,0.037522,-0.020536,0.078291,-0.0538,5e-06,0.003633
0,0.009375,0.078285,-0.016122,0.268744,-0.063031,0.269509,0.000164,0.001366
0,0.011657,-0.108217,0.022875,-0.193288,0.00237,-0.144883,0.000203,0.001889
0,0.179446,-0.052641,0.182641,0.03223,0.217314,0.011806,0.003132,0.000919
0,0.098497,0.100949,-0.086145,0.178463,-0.053692,0.131998,0.001719,0.001762
0,0.043026,-0.132389,-0.08103,-0.259544,-0.121722,-0.295787,0.000751,0.002311
0,0.012192,-0.017839,-0.011127,0.084874,-0.052167,0.127186,0.000213,0.000311
0,0.058357,-0.022362,0.070662,-0.001378,0.068548,-0.042649,0.001019,0.00039
0,-0.028113,0.066705,-0.08523,0.077901,-0.058622,0.120014,0.000491,0.001164
0,0.232281,-0.073367,0.286279,-0.118653,0.320659,-0.076753,0.004054,0.00128
0,0.066494,-0.050897,-0.156267,0.030999,-0.193832,-0.001303,0.001161,0.000888
0,0.175805,0.10517,0.126401,0.134715,0.118142,0.154777,0.003068,0.001836
0,0.089471,-0.03506,-0.095694,-0.122717,-0.124298,-0.166078,0.001562,0.000612
0,0.241527,-0.066432,0.171841,-0.046601,0.200838,-0.02837,0.004215,0.001159
0,-0.02146,-0.155983,-0.233254,-0.089394,-0.260605,-0.125498,0.000375,0.002722
0,0.106924,0.106213,0.137009,0.256125,0.149736,0.282041,0.001866,0.001854
0,0.170831,0.031456,0.048146,-0.071945,0.027222,-0.072875,0.002982,0.000549
0,0.255576,-0.113212,0.073465,-0.116922,0.096177,-0.076238,0.004461,0.001976
0,0.25226,0.067751,-0.033098,0.173886,-0.077794,0.207471,0.004403,0.001182
0,0.24564,0.121801,-0.035475,0.078105,-0.0433,0.03755,0.004287,0.002126
0,0.065706,0.138375,-0.179114,0.004835,-0.20077,0.046852,0.001147,0.002415
0,-0.021432,0.019657,-0.098229,-0.128448,-0.145018,-0.132633,0.000374,0.000343
0,0.000933,0.112942,0.024825,0.090086,0.023086,0.13857,1.6e-05,0.001971
0,-0.037768,0.035007,-0.046539,-0.086398,-0.069492,-0.064818,0.000659,0.000611
0,0.119166,0.038824,0.17496,0.010816,0.176406,0.044311,0.00208,0.000678
0,0.055672,0.214938,-0.049235,0.180473,-0.048958,0.200944,0.000972,0.003751
0,0.025594,0.040048,-0.007129,-0.149915,-0.031761,-0.117426,0.000447,0.000699
0,-0.036528,-0.036084,-0.086055,-0.080312,-0.075904,-0.119552,0.000638,0.00063
0,-0.037141,0.109146,-0.025312,0.138056,-0.06191,0.118887,0.000648,0.001905
0,-0.002086,0.10488,0.062114,-0.031292,0.090479,0.013642,3.6e-05,0.001831
0,0.135547,0.106677,0.115598,-0.020982,0.108862,-0.021825,0.002366,0.001862
0,0.056251,-0.100521,-0.071059,-0.190079,-0.084014,-0.153064,0.000982,0.001754
0,0.190689,0.025036,0.117084,0.102007,0.142763,0.139145,0.003328,0.000437
0,0.184896,-0.118782,0.008124,-0.147673,-0.036961,-0.120687,0.003227,0.002073
0,0.157219,-0.122186,-0.045097,-0.031273,0.002984,-0.076122,0.002744,0.002133
0,0.097909,0.064392,-0.046277,0.212727,-0.031073,0.250014,0.001709,0.001124
0,-0.03416,-0.009498,-0.14757,-0.096353,-0.153307,-0.086877,0.000596,0.000166
0,-0.075952,-0.041309,-0.071277,-0.047571,-0.064777,-0.037341,0.001326,0.000721
0,0.038471,-0.091293,0.135146,-0.05377,0.118497,-0.056519,0.000671,0.001593
0,1.165685,0.814195,1.150778,0.935255,1.148386,0.920685,0.003836,0.00212
0,1.659549,1.034606,0.509309,0.231658,0.552484,0.208081,0.004784,0.005967
0,2.296856,1.371687,0.620228,0.309535,0.571892,0.327146,0.003816,0.000241
0,2.123572,1.258312,-0.166595,-0.109437,-0.160191,-0.152214,0.000792,0.002219
0,1.925557,1.094531,-0.189656,-0.174503,-0.235032,-0.200962,0.002664,0.005078
0,1.685778,0.86638,-0.24615,-0.253284,-0.254104,-0.206033,0.005241,0.003031
0,1.305805,0.704779,-0.402689,-0.176353,-0.408936,-0.223221,0.00139,0.00021
0,0.791474,0.55069,-0.486597,-0.156247,-0.495546,-0.125106,0.001723,0.002479
0,0.493348,0.319288,-0.299104,-0.23048,-0.289699,-0.208588,0.00348,0.005573
0,0.123098,0.124393,-0.377394,-0.192495,-0.382987,-0.211766,0.002148,0.002171
0,-0.028456,0.057247,-0.155375,-0.075546,-0.192638,-0.052638,0.000497,0.000999
0,-0.146686,0.1096,-0.11186,0.029416,-0.151301,-0.007259,0.00256,0.001913
0,-0.114943,0.097475,0.060433,-0.015487,0.082136,-0.022782,0.002006,0.001701
0,-0.211005,0.138787,-0.122299,0.017182,-0.1337,0.023684,0.003683,0.002422
0,-0.235053,-0.027956,-0.039946,-0.152179,-0.026768,-0.137829,0.004102,0.000488
0,-0.47266,0.156257,-0.263284,0.206351,-0.301165,0.252868,0.003841,0.002727
0,-0.438957,0.117662,0.055322,-0.034563,0.039804,-0.06922,0.004429,0.002054
0,-0.235228,0.016081,0.177553,-0.075168,0.144377,-0.118724,0.004106,0.000281
0,-0.050101,0.154608,0.198396,0.111773,0.171843,0.063643,0.000874,0.002698
0,0.045789,-0.08353,0.089715,-0.255034,0.089688,-0.219705,0.000799,0.001458
0,0.008259,-0.025253,-0.009324,0.080748,0.030139,0.071945,0.000144,0.000441
0,0.17453,0.15197,0.14646,0.164618,0.181054,0.153824,0.003046,0.002652
0,0.148366,-0.018376,-0.01897,-0.175996,-0.023156,-0.177789,0.002589,0.000321
0,-0.007224,0.066065,-0.137435,0.06542,-0.157581,0.035519,0.000126,0.001153
0,0.00553,-0.077196,0.039014,-0.137278,0.012837,-0.16113,9.7e-05,0.001347
0,-0.048148,-0.031199,-0.052393,0.052956,-0.071893,0.066135,0.00084,0.000545
0,0.058434,-0.017724,0.092465,0.023051,0.056958,0.038951,0.00102,0.000309
0,0.078978,0.114889,0.044173,0.134725,0.094004,0.147758,0.001378,0.002005
0,0.167331,-0.036427,0.068222,-0.156907,0.090447,-0.131233,0.00292,0.000636
0,0.02099,-0.005638,-0.119776,0.013467,-0.114097,-0.018701,0.000366,9.8e-05
0,0.008846,-0.11089,-0.002659,-0.09333,0.028785,-0.05623,0.000154,0.001935
0,-0.020791,-0.102133,-0.033227,-0.020189,-0.026475,-0.0637,0.000363,0.001783
0,0.107724,0.115141,0.137705,0.240833,0.101827,0.195323,0.00188,0.00201
0,-0.037873,-0.038693,-0.154779,-0.15379,-0.137558,-0.192382,0.000661,0.000675
0,0.094156,0.032919,0.146318,0.084898,0.11963,0.059262,0.001643,0.000575
0,-0.097688,0.069155,-0.164604,0.059168,-0.195849,0.044175,0.001705,0.001207
0,-0.138965,-0.127535,-0.047983,-0.196294,-0.089412,-0.215224,0.002425,0.002226
0,-0.087714,-0.069123,0.049244,0.046578,0.086145,0.003839,0.001531,0.001206
0,0.156985,-0.157636,0.241402,-0.113618,0.236738,-0.133413,0.00274,0.002751
0,-0.028098,-0.008338,-0.15549,0.167635,-0.178812,0.128112,0.00049,0.000146
0,-0.060959,-0.16246,-0.020384,-0.18049,0.002511,-0.158929,0.001064,0.002835
0,-0.010603,-0.054455,0.076894,0.12844,0.030557,0.092899,0.000185,0.00095
0,-0.02658,0.020824,-0.020062,0.045298,0.011295,0.011307,0.000464,0.000363
0,0.078706,-0.159317,0.094792,-0.156757,0.062367,-0.107828,0.001374,0.002781
0,0.080278,-0.191432,0.019583,-0.003807,0.025577,-0.007803,0.001401,0.003341
0,-0.001191,-0.0815,-0.076799,0.085457,-0.121406,0.069917,2.1e-05,0.001422
0,-0.215436,-0.045173,-0.211622,0.045679,-0.208592,0.083577,0.00376,0.000788
0,-0.119042,-0.098639,0.079075,-0.042794,0.041896,-0.035593,0.002078,0.001722
0,-0.271259,-0.148369,-0.175173,-0.053362,-0.132787,-0.014731,0.004734,0.00259
0,-0.051811,-0.242928,0.212648,-0.119792,0.245769,-0.074751,0.000904,0.00424
0,-0.205941,-0.264657,-0.179103,-0.023481,-0.200795,-0.036195,0.003594,0.004619
0,-0.275766,-0.239345,-0.042727,0.019111,-0.016032,0.006802,0.004813,0.004177
0,-0.219255,-0.079201,0.030963,0.154478,-0.005696,0.151181,0.003827,0.001382
0,-0.041385,-0.230578,0.170871,-0.16584,0.162342,-0.134993,0.000722,0.004024
0,-0.102224,0.050142,-0.038197,0.271796,-0.019092,0.273523,0.001784,0.000875
0,-0.341126,-0.20054,-0.247,-0.268083,-0.233987,-0.30982,0.005954,0.0035
0,-0.235119,-0.038142,0.117783,0.181526,0.072641,0.17057,0.004104,0.000666
0,-0.080942,-0.121118,0.170156,-0.086932,0.159399,-0.114971,0.001413,0.002114
0,-0.066431,-0.016758,0.018349,0.077284,0.038696,0.066305,0.001159,0.000292
0,-0.221284,-0.157432,-0.161708,-0.15431,-0.189138,-0.137286,0.003862,0.002748
0,-0.084076,0.056838,0.134094,0.203171,0.156712,0.177046,0.001467,0.000992
0,-0.112329,-0.100523,-0.040409,-0.154295,-0.058455,-0.151499,0.001961,0.001754
0,-0.285574,-0.162545,-0.181722,-0.037161,-0.208935,-0.014303,0.004984,0.002837
0,-0.168804,-0.075596,0.092446,0.115686,0.099436,0.111711,0.002946,0.001319
0,-0.180873,-0.15851,-0.005865,-0.101589,-0.04307,-0.088254,0.003157,0.002767
0,-0.090984,-0.070346,0.078483,0.102146,0.031022,0.089831,0.001588,0.001228
0,-0.039472,0.021374,0.031412,0.065795,-0.014157,0.103401,0.000689,0.000373
0,0.053471,0.045511,0.093846,0.049374,0.047799,0.077375,0.000933,0.000794
0,-0.068088,-0.147333,-0.144826,-0.205052,-0.15457,-0.155327,0.001188,0.002571
0,-0.157748,-0.086327,-0.060976,0.075208,-0.030094,0.042339,0.002753,0.001507
0,-0.018205,-0.077077,0.133216,-0.016616,0.160735,-0.020653,0.000318,0.001345
0,-0.010354,-0.063317,-0.002053,-0.015748,-0.023361,0.003533,0.000181,0.001105
0,0.026969,-0.041338,0.065135,0.030282,0.039916,0.014236,0.000471,0.000721
0,-0.100286,0.024197,-0.099133,0.045413,-0.131901,-0.003693,0.00175,0.000422
0,0.081494,0.068353,0.153895,0.058352,0.121118,0.065851,0.001422,0.001193
0,-0.100039,-0.110544,-0.18709,-0.170976,-0.184629,-0.136606,0.001746,0.001929
0,-0.075153,-0.043593,0.017893,0.091127,-0.025771,0.081421,0.001312,0.000761
0,-0.147585,0.098827,-0.053822,0.172394,-0.059243,0.216286,0.002576,0.001725
0,0.126482,0.0769,0.255132,-0.045357,0.256665,-0.085075,0.002208,0.001342
0,-0.043084,-0.141065,-0.167625,-0.240648,-0.132779,-0.290568,0.000752,0.002462
0,0.150892,-0.1796,0.181043,-0.061873,0.210149,-0.099455,0.002634,0.003135
0,0.170488,-0.170438,0.038237,0.004751,0.017255,-0.025431,0.002976,0.002975
0,0.082856,0.06562,-0.061739,0.217128,-0.01284,0.252902,0.001446,0.001145
0,0.170039,-0.07238,0.076639,-0.158618,0.109731,-0.185738,0.002968,0.001263
0,-0.036808,-0.053466,-0.23031,-0.009145,-0.261449,-0.044441,0.000642,0.000933
0,-0.022551,0.075913,0.010779,0.100758,-0.018705,0.149558,0.000394,0.001325
0,0.093954,0.063908,0.119228,-0.038432,0.152638,-0.031701,0.00164,0.001115
0,0.203504,-0.172843,0.124624,-0.22633,0.077035,-0.236442,0.003552,0.003017
0,-0.032713,-0.084097,-0.252009,0.062886,-0.208383,0.094362,0.000571,0.001468
0,0.062277,-0.109938,0.089349,-0.016776,0.128177,-0.061316,0.001087,0.001919
0,-0.009175,0.007642,-0.083495,0.145438,-0.098144,0.152496,0.00016,0.000133
0,0.013791,-0.141419,0.019842,-0.135898,-0.021247,-0.116276,0.000241,0.002468
0,0.080872,-0.017513,0.047553,0.143651,0.012513,0.132783,0.001411,0.000306
0,0.143006,-0.200449,0.042825,-0.159245,-0.004918,-0.173336,0.002496,0.003498
0,0.185839,0.02724,0.063893,0.241816,0.067593,0.208201,0.003244,0.000475
0,0.198766,0.078123,0.030497,0.057407,0.023042,0.092022,0.003469,0.001364
0,0.132322,-0.130496,-0.079178,-0.230323,-0.107682,-0.232203,0.002309,0.002278
0,0.221394,0.038105,0.097886,0.176694,0.12666,0.169917,0.003864,0.000665
0,0.071406,0.073794,-0.130789,0.048297,-0.100286,0.075988,0.001246,0.001288
0,-0.076746,0.007621,-0.152268,-0.047036,-0.127103,-0.01548,0.001339,0.000133
0,0.043298,-0.054688,0.140884,-0.070395,0.153919,-0.080131,0.000756,0.000954
0,0.085474,0.051766,0.02618,0.0957,0.044422,0.144541,0.001492,0.000903
0,0.127824,0.032608,0.03796,0.002602,0.070048,0.037411,0.002231,0.000569
0,0.05187,-0.138879,-0.083954,-0.180171,-0.050883,-0.179735,0.000905,0.002424
0,0.052331,-0.116323,-0.02174,0.039292,-0.063591,0.052715,0.000913,0.00203
0,0.114594,-0.062615,0.048959,0.069406,0.042218,0.046318,0.002,0.001093
0,0.145362,-0.001223,0.032433,0.064182,0.00295,0.089404,0.002537,2.1e-05
0,0.153603,-0.022066,0.007831,-0.005271,0.05344,-0.031478,0.002681,0.000385
0,-0.063264,-0.05748,-0.224077,-0.051312,-0.211673,-0.00373,0.001104,0.001003
0,-0.051025,-0.165928,-0.016774,-0.11434,0.013011,-0.092737,0.000891,0.002896
0,0.244385,-0.084131,0.298634,0.09974,0.2511,0.133209,0.004265,0.001468
0,-0.012514,-0.01262,-0.250546,0.072674,-0.26498,0.06159,0.000218,0.00022
0,0.308293,0.039068,0.299769,0.034936,0.292839,0.073896,0.005381,0.000682
0,0.240446,-0.172119,-0.045644,-0.18604,-0.060896,-0.184108,0.004197,0.003004
0,0.038976,0.040814,-0.224462,0.199481,-0.217906,0.189765,0.00068,0.000712
0,0.170963,0.002365,0.153014,-0.029419,0.184184,-0.01162,0.002984,4.1e-05
0,0.247399,-0.054142,0.088251,-0.03087,0.103555,-0.078307,0.004318,0.000945
0,-0.028089,-0.001345,-0.292362,0.066897,-0.257045,0.037034,0.00049,2.3e-05
0,0.002712,-0.011406,0.022461,0.011091,0.029173,0.016859,4.7e-05,0.000199
0,0.20738,0.050618,0.175313,0.055488,0.20672,0.096242,0.003619,0.000883
0,0.162626,-0.111393,-0.067312,-0.157645,-0.088581,-0.15321,0.002838,0.001944
0,0.042155,0.074144,-0.119431,0.164028,-0.100863,0.182668,0.000736,0.001294
0,-0.063219,0.022476,-0.122248,-0.044358,-0.138233,0.00329,0.001103,0.000392
0,-0.049364,0.124188,0.031771,0.094103,0.030517,0.144041,0.000862,0.002167
0,-0.047259,0.145638,-0.000619,0.035491,0.039735,0.003307,0.000825,0.002542
0,-0.099597,0.142548,-0.044322,0.024667,-0.035369,0.07073,0.001738,0.002488
0,-0.194746,0.140822,-0.11625,-0.025177,-0.152737,-0.060791,0.003399,0.002458
0,-0.115733,-0.083345,0.049121,-0.222308,0.042231,-0.265681,0.00202,0.001455
0,-0.035453,0.078706,0.069617,0.156157,0.076803,0.121374,0.000619,0.001374
0,-0.079267,0.049279,-0.050521,-0.004777,-0.064102,-0.02573,0.001383,0.00086
0,0.050331,0.000292,0.135745,-0.040632,0.16579,-0.06795,0.000878,5e-06
0,-0.097049,0.139275,-0.168345,0.12548,-0.178864,0.142526,0.001694,0.002431
0,0.004452,-0.019815,0.084456,-0.158296,0.040521,-0.135245,7.8e-05,0.000346
0,-0.027152,0.058993,-0.003302,0.084038,-0.02999,0.039829,0.000474,0.00103
0,-0.178422,0.182463,-0.171091,0.099043,-0.194081,0.057003,0.003114,0.003185
0,-0.031386,0.026131,0.13982,-0.16852,0.119439,-0.212857,0.000548,0.000456
0,-0.070403,0.061096,-0.013793,0.025918,-0.054805,0.059091,0.001229,0.001066
0,0.051506,0.226461,0.146374,0.194716,0.179793,0.195376,0.000899,0.003952
0,-0.147283,-0.010775,-0.199487,-0.230152,-0.173768,-0.233396,0.002571,0.000188
0,0.03788,0.192189,0.179903,0.227028,0.142277,0.210167,0.000661,0.003354
0,-0.062902,-0.082872,-0.076577,-0.245128,-0.073372,-0.233346,0.001098,0.001446
0,-0.062273,0.018807,-0.025471,0.11485,0.007917,0.136472,0.001087,0.000328
0,-0.029024,-0.055672,0.01349,-0.098192,0.019537,-0.053748,0.000507,0.000972
0,-0.029744,0.124407,-0.01393,0.200154,-0.054094,0.168225,0.000519,0.002171
0,0.027913,0.070526,0.068267,-0.059219,0.093379,-0.107145,0.000487,0.001231
0,-0.092628,0.039164,-0.111936,-0.015984,-0.145163,-0.006806,0.001617,0.000684
0,-0.14884,0.109189,-0.066501,0.059934,-0.096561,0.105708,0.002598,0.001906
0,-0.074421,-0.036763,0.046035,-0.13429,0.033567,-0.097543,0.001299,0.000642
0,-0.107254,0.050449,-0.057604,0.115995,-0.077094,0.135483,0.001872,0.000881
0,-0.044587,0.084026,0.036406,0.031926,-0.011445,0.045794,0.000778,0.001467
0,0.107342,0.098887,0.125142,0.037894,0.093437,0.043714,0.001873,0.001726
0,-0.040282,0.153877,-0.150203,0.071846,-0.13171,0.063524,0.000703,0.002686
0,0.04987,-0.101511,0.108866,-0.283892,0.151889,-0.289688,0.00087,0.001772
0,-0.028958,-0.10557,-0.077187,-0.028386,-0.099064,0.009042,0.000505,0.001843
0,0.038991,0.116745,0.060679,0.233857,0.070433,0.255027,0.000681,0.002038
0,-0.078162,0.136442,-0.103832,0.009627,-0.136856,0.010527,0.001364,0.002381
0,-0.201767,0.077135,-0.117156,-0.032875,-0.12972,-0.015424,0.003521,0.001346
0,-0.132059,0.057821,0.085908,-0.035478,0.04401,-0.012562,0.002305,0.001009
0,-0.112893,-0.006868,0.005478,-0.041487,0.036873,-0.046112,0.00197,0.00012
0,0.075353,-0.089485,0.181795,-0.073705,0.149663,-0.07338,0.001315,0.001562
0,-0.121833,0.066674,-0.206069,0.150018,-0.21321,0.145351,0.002126,0.001164
0,-0.057041,0.129412,0.054039,0.084747,0.05391,0.034997,0.000996,0.002259
0,-0.016357,0.211953,0.013305,0.067628,-0.007301,0.114846,0.000285,0.003699
0,-0.122953,0.124574,-0.103036,-0.070602,-0.135413,-0.111187,0.002146,0.002174
0,-0.157815,-0.04656,-0.009332,-0.152351,-0.011928,-0.144132,0.002754,0.000813
0,-0.189828,0.0865,-0.050805,0.162492,-0.045817,0.200212,0.003313,0.00151
0,0.077076,-0.045694,0.265444,-0.119262,0.227919,-0.162699,0.001345,0.000798
0,-0.018065,0.006531,-0.072796,0.077825,-0.114782,0.032671,0.000315,0.000114
0,-0.01587,0.171859,0.030066,0.174921,0.055624,0.180497,0.000277,0.003
0,0.010863,0.128775,0.018579,-0.025452,-0.012309,-0.036639,0.00019,0.002248
0,-0.049629,0.007427,-0.087641,-0.12964,-0.044916,-0.175926,0.000866,0.00013
0,-0.108043,-0.031554,-0.084421,-0.035749,-0.069987,-0.068679,0.001886,0.000551
0,-0.066888,0.132609,0.01282,0.136452,0.010542,0.124165,0.001167,0.002314
0,-0.025853,-0.066246,0.011313,-0.177971,0.036639,-0.218255,0.000451,0.001156
0,0.148308,0.188484,0.149652,0.281282,0.191589,0.286444,0.002588,0.00329
0,0.09276,-0.093869,-0.03172,-0.307988,-0.05107,-0.307602,0.001619,0.001638
0,-0.090854,-0.022341,-0.203749,0.044722,-0.209557,0.041014,0.001586,0.00039
0,-0.103296,0.122558,0.001218,0.153607,-0.00925,0.180127,0.001803,0.002139
0,0.028183,-0.031605,0.124739,-0.154097,0.16579,-0.131265,0.000492,0.000552
0,0.089091,0.035898,0.05778,0.059142,0.104083,0.074783,0.001555,0.000627
0,0.024078,0.050165,-0.079056,0.019114,-0.049923,0.019727,0.00042,0.000876
0,-0.168748,0.057408,-0.16668,0.010644,-0.186654,-0.035342,0.002945,0.001002
0,-0.145613,0.085477,0.019539,0.048782,-7.8e-05,0.039906,0.002541,0.001492
0,-0.047591,0.126063,0.11137,0.069638,0.073553,0.05064,0.000831,0.0022
0,0.091293,-0.081669,0.119283,-0.216561,0.081507,-0.192234,0.001593,0.001425
0,0.0621,-0.100174,-0.035603,-0.000453,-0.042349,0.00081,0.001084,0.001748
0,-0.104574,-0.136024,-0.196454,-0.039578,-0.23789,-0.010005,0.001825,0.002374
0,-0.158812,0.081051,-0.082997,0.20635,-0.066976,0.251683,0.002772,0.001415
0,-0.165877,0.029795,-0.028844,-0.062755,-0.034184,-0.070819,0.002895,0.00052
0,0.101987,-0.055391,0.243355,-0.06348,0.263519,-0.098067,0.00178,0.000967
0,0.108437,-0.033628,0.00704,0.035202,-0.019398,0.022595,0.001893,0.000587
0,0.02267,0.128443,-0.100453,0.15341,-0.086887,0.147807,0.000396,0.002242
0,0.159307,0.019934,0.159427,-0.091432,0.204117,-0.109877,0.00278,0.000348
0,0.343343,0.16096,0.192818,0.152572,0.154493,0.126517,0.005992,0.002809
0,0.649561,0.10671,0.301078,-0.054516,0.277457,-0.065427,0.000754,0.001862
0,0.553904,0.056966,-0.067142,-0.076711,-0.066147,-0.08822,0.002423,0.000994
0,0.440501,-0.09368,-0.136477,-0.176741,-0.110233,-0.145536,0.004402,0.001635
0,0.400106,-0.003186,-0.020459,0.065402,-0.028492,0.027038,0.005107,5.6e-05
0,0.226098,0.064137,-0.157468,0.061249,-0.158594,0.065189,0.003946,0.001119
0,0.14229,-0.057569,-0.070458,-0.099693,-0.112129,-0.147227,0.002483,0.001005
0,0.103302,0.06201,-0.039965,0.132145,-0.027436,0.17947,0.001803,0.001082
0,0.311446,-0.08604,0.180505,-0.170784,0.181644,-0.139772,0.005436,0.001502
0,0.369813,0.12444,0.041874,0.237486,0.046805,0.231009,0.005636,0.002172
0,-3.392143,0.784953,-3.788691,0.666226,-3.740517,0.671356,0.001248,0.00161
0,-4.200667,1.201472,-0.783351,0.438994,-0.806811,0.480576,0.000773,0.003211
0,-4.440793,1.179697,-0.210955,-0.002503,-0.221437,0.027468,0.004964,0.003591
0,-3.730858,1.277548,0.728873,0.09874,0.76268,0.112211,0.004663,0.001884
0,-3.320223,1.052197,0.388439,-0.198798,0.353211,-0.244811,0.002504,0.005817
0,-2.872651,0.986399,0.427872,-0.06376,0.424495,-0.095041,0.001775,0.005125
0,-1.539722,0.566156,1.306462,-0.442906,1.336174,-0.42842,0.002692,0.002209
0,-0.984459,0.479427,0.550187,-0.059605,0.561621,-0.059447,0.005092,0.003723
0,-0.680091,0.197648,0.281281,-0.281819,0.32777,-0.288411,0.000221,0.00345
0,-0.520069,-0.03001,0.155342,-0.251068,0.182776,-0.28722,0.003014,0.000524
0,0.138962,-0.142888,0.638294,-0.11821,0.685695,-0.163271,0.002425,0.002494
0,0.21557,-0.313063,0.095726,-0.180589,0.095016,-0.135429,0.003762,0.005464
0,0.431814,-0.226282,0.206896,0.092675,0.196423,0.125709,0.004554,0.003949
0,0.590057,-0.328482,0.142434,-0.109005,0.123112,-0.13811,0.001792,0.005733
0,0.445514,-0.464691,-0.15676,-0.12282,-0.158811,-0.136213,0.004315,0.00398
0,0.446323,-0.210345,0.009824,0.272244,-0.027144,0.228936,0.004301,0.003671
0,0.245777,-0.180055,-0.212296,0.040278,-0.223643,0.020747,0.00429,0.003143
0,0.270279,-0.291245,0.003872,-0.096796,-0.010907,-0.068353,0.004717,0.005083
0,0.156676,-0.19012,-0.125131,0.115243,-0.077996,0.161568,0.002735,0.003318
0,0.116412,-0.258931,-0.056861,-0.067988,-0.048055,-0.07393,0.002032,0.004519
0,0.156689,-0.04414,0.0379,0.193402,0.048066,0.189136,0.002735,0.00077
0,0.03415,-0.141166,-0.123676,-0.09883,-0.129611,-0.104,0.000596,0.002464
0,0.083346,-0.230707,0.056942,-0.082162,0.060166,-0.104073,0.001455,0.004027
0,0.089336,-0.077463,0.019935,0.126231,0.047031,0.093099,0.001559,0.001352
0,0.024731,-0.064607,-0.044314,0.028153,-0.085573,0.067865,0.000432,0.001128
0,0.154778,-0.074613,0.143287,0.014309,0.129613,0.057289,0.002701,0.001302
0,0.210232,0.002913,0.078406,0.048869,0.098788,0.084147,0.003669,5.1e-05
0,0.052404,-0.027598,-0.151043,-0.002864,-0.177455,-0.014409,0.000915,0.000482
0,-0.018604,-0.03856,-0.098218,0.018065,-0.048439,-0.028044,0.000325,0.000673
0,0.078218,-0.141527,0.105273,-0.121445,0.09611,-0.119625,0.001365,0.00247
0,-0.005925,-0.212785,-0.099088,-0.092996,-0.132749,-0.061872,0.000103,0.003714
0,0.125906,-0.11104,0.105804,0.092528,0.086788,0.117922,0.002197,0.001938
0,0.057701,-0.162254,-0.088379,-0.076459,-0.078558,-0.110845,0.001007,0.002832
0,0.076729,-0.176534,0.042628,-0.018354,0.034612,-0.045291,0.001339,0.003081
0,0.244722,-0.234799,0.14395,-0.072603,0.101064,-0.068632,0.004271,0.004098
0,0.077825,-0.212536,-0.15544,0.016633,-0.18749,0.047332,0.001358,0.003709
0,0.152316,-0.001239,0.09415,0.238305,0.143608,0.272664,0.002658,2.2e-05
0,0.054056,-0.062328,-0.079024,-0.085333,-0.119962,-0.081766,0.000943,0.001088
0,0.084313,0.011126,0.017565,0.043854,-0.003898,0.088158,0.001472,0.000194
0,0.152369,-0.169712,0.048585,-0.184599,0.065874,-0.135205,0.002659,0.002962
0,0.134877,-0.043565,0.011911,0.141414,0.020193,0.119151,0.002354,0.00076
0,0.241338,0.068492,0.094531,0.092901,0.118212,0.078298,0.004212,0.001195
0,0.020086,-0.083837,-0.198604,-0.134481,-0.225806,-0.11152,0.000351,0.001463
0,0.039165,-0.085798,0.015513,-0.023505,0.013957,-0.057377,0.000684,0.001497
0,0.020193,-0.11763,-0.043034,-0.06026,0.001424,-0.104996,0.000352,0.002053
0,0.068282,-0.078491,0.05352,0.061715,0.016213,0.091,0.001192,0.00137
0,0.087951,-0.009088,0.009731,0.076403,-0.010421,0.073561,0.001535,0.000159
0,0.248038,-0.086415,0.171709,-0.074614,0.21892,-0.057612,0.004329,0.001508
0,0.202277,0.010486,-0.03057,0.071508,-0.070756,0.038215,0.00353,0.000183
0,0.183744,-0.070709,-0.028885,-0.099731,-0.045102,-0.132941,0.003207,0.001234
0,0.164656,0.045667,0.010141,0.124663,-0.028597,0.087661,0.002874,0.000797
0,0.07458,-0.15888,-0.081193,-0.205285,-0.100289,-0.226256,0.001302,0.002773
0,0.078985,0.096085,0.016343,0.252876,0.063774,0.242906,0.001379,0.001677
0,-0.088111,0.046905,-0.186348,-0.058631,-0.156624,-0.06931,0.001538,0.000819
0,-0.100621,-0.066923,-0.034622,-0.090616,-0.006879,-0.055804,0.001756,0.001168
0,0.115057,-0.111935,0.188621,-0.019701,0.171646,-0.019719,0.002008,0.001954
0,0.097762,-0.11182,-0.041684,-0.024828,-0.032774,-0.059301,0.001706,0.001952
0,-0.06803,-0.021574,-0.172808,0.091229,-0.143736,0.099805,0.001187,0.000377
0,-0.04582,0.120008,0.044333,0.116355,0.049695,0.113844,0.0008,0.002095
0,-0.111601,-0.027837,-0.04302,-0.143046,-0.043009,-0.156023,0.001948,0.000486
0,-0.054277,-0.025399,0.046904,-0.00717,-0.002806,0.040905,0.000947,0.000443
0,0.126259,0.116756,0.203346,0.11243,0.190026,0.125878,0.002204,0.002038
0,-0.020044,0.145599,-0.116694,0.03162,-0.087869,0.000322,0.00035,0.002541
0,-0.040837,0.12195,-0.048912,-0.048101,-0.055448,-0.024695,0.000713,0.002128
0,0.096142,0.133595,0.159587,-0.01539,0.112237,0.006678,0.001678,0.002332
0,0.004168,0.115999,-0.065881,0.006526,-0.077662,0.001741,7.3e-05,0.002025
0,-0.025228,0.138507,-0.05615,0.046258,-0.052121,0.066172,0.00044,0.002417
0,0.191471,0.102904,0.190174,-0.031294,0.151365,0.007707,0.003342,0.001796
0,0.151313,0.049902,-0.05186,-0.060863,-0.089062,-0.018177,0.002641,0.000871
0,-0.037538,0.118528,-0.17302,0.095847,-0.193066,0.062925,0.000655,0.002069
0,-0.149496,0.144399,-0.089157,0.054661,-0.113466,0.093385,0.002609,0.00252
0,-0.074621,-0.033244,0.056955,-0.154355,0.050276,-0.179467,0.001302,0.00058
0,0.000542,0.068127,0.073749,0.096301,0.029937,0.105618,9e-06,0.001189
0,0.040441,-0.012025,0.017555,-0.092319,-0.02949,-0.085578,0.000706,0.00021
0,-0.074371,0.01783,-0.097197,0.042724,-0.065155,-0.004416,0.001298,0.000311
0,0.171827,0.134248,0.263821,0.090775,0.257043,0.055276,0.002999,0.002343
0,0.08434,0.128622,-0.07613,0.0172,-0.075162,0.037113,0.001472,0.002245
0,-0.028386,0.115766,-0.087372,-0.034577,-0.105081,-0.030339,0.000495,0.00202
0,0.097223,-0.04551,0.128126,-0.162559,0.10947,-0.127952,0.001697,0.000794
0,-0.018886,0.190034,-0.141271,0.223521,-0.124592,0.203468,0.00033,0.003317
0,0.084665,-0.064433,0.082817,-0.269745,0.109385,-0.297323,0.001478,0.001125
0,0.07441,0.090655,-0.032613,0.181668,-0.077681,0.155378,0.001299,0.001582
0,-0.032721,0.250921,-0.092027,0.177235,-0.100178,0.133785,0.000571,0.004379
0,-0.03095,0.032932,0.000506,-0.231145,0.037053,-0.187837,0.00054,0.000575
0,-0.145696,-0.03758,-0.087669,-0.092758,-0.088744,-0.132087,0.002543,0.000656
0,-0.176301,0.030383,-0.033445,0.048486,-0.065222,0.072786,0.003077,0.00053
0,-0.150651,0.051563,0.020707,0.002725,-0.010242,-0.01887,0.002629,0.0009
0,-0.114289,0.174361,0.054017,0.097193,0.090485,0.100755,0.001995,0.003043
0,0.008749,-0.036049,0.12468,-0.20532,0.077322,-0.238421,0.000153,0.000629
0,0.014831,0.093711,-0.012235,0.120303,-0.040487,0.161058,0.000259,0.001636
0,0.079432,0.087683,0.076189,0.011817,0.106566,0.024498,0.001386,0.00153
0,0.030177,0.021679,-0.071528,-0.073791,-0.067487,-0.107631,0.000527,0.000378
0,-0.202292,0.164327,-0.236204,0.153704,-0.231065,0.107748,0.003531,0.002868
0,-0.176056,-0.114598,0.046051,-0.252375,0.057271,-0.242646,0.003073,0.002
0,0.091013,-0.040061,0.284924,0.063488,0.28312,0.075423,0.001588,0.000699
0,-0.117515,0.104152,-0.198398,0.117556,-0.156928,0.091902,0.002051,0.001818
0,-0.079677,0.08344,0.020621,-0.020553,-0.026476,-0.051688,0.001391,0.001456
0,-0.08103,-0.031299,-0.027913,-0.101867,-0.063423,-0.098239,0.001414,0.000546
0,-0.153616,0.045165,-0.081882,0.050179,-0.053364,0.001744,0.002681,0.000788
0,-0.075837,0.046533,0.068209,0.02429,0.038559,0.003551,0.001324,0.000812
0,0.092981,0.124866,0.139558,0.062905,0.092003,0.074535,0.001623,0.002179
0,0.123159,0.027471,0.026792,-0.083237,0.029247,-0.089969,0.00215,0.000479
0,-0.027769,0.111418,-0.179473,0.077024,-0.194057,0.126671,0.000485,0.001945
0,-0.097057,-0.079119,-0.049791,-0.175749,-0.06279,-0.126084,0.001694,0.001381
0,0.105021,-0.021753,0.180397,0.043326,0.213601,0.054117,0.001833,0.00038
0,-0.020931,-0.061914,-0.141999,-0.058475,-0.136188,-0.044756,0.000365,0.001081
0,-0.035568,0.055726,-0.018559,0.14319,-0.057999,0.120443,0.000621,0.000973
0,0.006178,0.112496,0.061501,0.073854,0.031315,0.102061,0.000108,0.001963
0,0.08531,-0.021079,0.069909,-0.135809,0.062134,-0.178068,0.001489,0.000368
0,0.015702,0.098452,-0.08964,0.108988,-0.076942,0.125022,0.000274,0.001718
0,-0.008287,-0.168934,-0.039878,-0.296152,-0.082727,-0.327759,0.000145,0.002948
0,-0.020666,-0.089537,-0.003814,0.068991,-0.018861,0.027821,0.000361,0.001563
0,-0.013467,-0.073171,0.020183,0.033739,-0.020355,0.0398,0.000235,0.001277
0,0.108741,0.026761,0.101167,0.127958,0.090807,0.174857,0.001898,0.000467
0,0.145072,-0.001214,0.028833,-0.008219,0.061577,0.03082,0.002532,2.1e-05
0,0.087979,-0.163491,-0.028793,-0.185695,-0.038071,-0.146741,0.001536,0.002853
0,0.114921,-0.052289,0.055597,0.112266,0.072986,0.086857,0.002006,0.000913
0,0.177207,0.015511,0.080886,0.084954,0.034938,0.104298,0.003093,0.000271
0,0.173242,-0.078718,-0.008123,-0.066546,0.028776,-0.068341,0.003024,0.001374
0,0.172843,0.000659,-0.025136,0.050698,0.002075,0.084043,0.003017,1.2e-05
0,-0.074861,-0.077216,-0.240104,-0.075008,-0.276321,-0.117744,0.001307,0.001348
0,-0.058839,0.089833,0.024289,0.17199,-0.005252,0.192367,0.001027,0.001568
0,-0.040135,-0.015823,0.018281,-0.079713,0.035422,-0.075936,0.0007,0.000276
0,0.048306,0.000508,0.097532,-0.005912,0.086929,-0.005321,0.000843,9e-06
0,0.074056,0.030203,0.018248,0.003318,0.06284,0.028675,0.001293,0.000527
0,0.018912,-0.095615,-0.04751,-0.154068,-0.08572,-0.202981,0.00033,0.001669
0,0.158818,0.033733,0.147333,0.133959,0.100649,0.11429,0.002772,0.000589
0,0.048976,0.078623,-0.093171,0.052612,-0.10527,0.078612,0.000855,0.001372
0,0.079715,0.091209,0.018505,0.023507,0.046062,0.062236,0.001391,0.001592
0,-0.166312,0.136642,-0.21878,0.036169,-0.176471,-0.002929,0.002903,0.002385
0,-0.14821,0.071153,0.02129,-0.083311,-0.026069,-0.098006,0.002587,0.001242
0,-0.104364,-0.109989,0.067842,-0.160517,0.047475,-0.113137,0.001821,0.00192
0,-0.002956,-0.063667,0.11229,0.061155,0.153096,0.092485,5.2e-05,0.001111
0,-0.101479,0.087501,-0.078227,0.127319,-0.089797,0.091772,0.001771,0.001527
0,-0.117313,-0.150971,0.007179,-0.220949,-0.006631,-0.213754,0.002048,0.002635
0,-0.055103,-0.112393,0.063026,0.024167,0.101683,0.013373,0.000962,0.001962
0,0.105152,-0.154616,0.17151,-0.028204,0.206124,-0.077772,0.001835,0.002699
0,0.126737,-0.090576,0.048667,0.049435,0.037652,0.013856,0.002212,0.001581
0,0.124101,0.025367,0.017757,0.086877,0.044332,0.05203,0.002166,0.000443
0,-0.013831,-0.068828,-0.140591,-0.083133,-0.105227,-0.101576,0.000241,0.001201
0,-0.011584,0.070862,0.011489,0.157913,-0.023291,0.119711,0.000202,0.001237
0,-0.112787,-0.058456,-0.12395,-0.119447,-0.104614,-0.073271,0.001968,0.00102
0,-0.110089,0.030138,-0.026011,0.06306,-0.052704,0.101501,0.001921,0.000526
0,-0.092435,-0.087395,-0.000706,-0.109205,0.039622,-0.10726,0.001613,0.001525
0,-0.24877,-0.036201,-0.130871,0.057195,-0.08791,0.020803,0.004342,0.000632
0,-0.025904,0.0822,0.21494,0.1301,0.226272,0.157024,0.000452,0.001435
0,-0.210301,-0.012374,-0.210762,-0.071193,-0.175883,-0.026286,0.00367,0.000216
0,-0.100445,-0.099534,0.137421,-0.067613,0.174493,-0.02352,0.001753,0.001737
0,-0.263612,0.021061,-0.136589,0.142527,-0.099101,0.167977,0.004601,0.000368
0,-0.154345,0.11762,0.106282,0.108399,0.056761,0.149332,0.002694,0.002053
0,-0.169511,0.139144,-0.024319,0.031832,0.022622,0.055754,0.002959,0.002429
0,0.067387,0.104145,0.251417,-0.026965,0.267183,-0.013389,0.001176,0.001818
0,0.011128,-0.129151,-0.032971,-0.231587,-0.043074,-0.188947,0.000194,0.002254
0,-0.020443,-0.041496,-0.030644,0.105692,-0.018234,0.060397,0.000357,0.000724
0,0.00469,-0.096402,0.040836,-0.040952,0.031608,-0.082383,8.2e-05,0.001683
0,0.079074,0.109237,0.04678,0.213342,0.083601,0.189635,0.00138,0.001907
0,-0.139883,-0.065063,-0.225537,-0.186368,-0.253973,-0.193829,0.002441,0.001136
0,-2.786953,-0.14144,-2.649893,-0.052801,-2.664711,-0.032457,0.00028,0.002469
0,-3.842434,-0.552156,-1.083927,-0.40093,-1.043791,-0.384291,0.00548,0.002454
0,-3.74022,-0.612825,0.087577,-0.035814,0.103335,0.009063,0.004827,0.001395
0,-3.420184,-0.581413,0.325208,0.013037,0.299287,-0.010672,0.000759,0.001943
0,-2.905939,-0.389895,0.498603,0.196821,0.455223,0.185543,0.002356,0.005286
0,-1.797737,-0.216064,1.099835,0.19076,1.114162,0.157109,0.004895,0.003771
0,-1.219114,-0.168995,0.603166,0.034315,0.643185,0.012809,0.002903,0.00295
0,-0.871089,-0.125616,0.375947,0.024389,0.362034,0.047508,0.003113,0.002192
0,-0.447999,-0.163351,0.401071,-0.059706,0.358682,-0.07386,0.004271,0.002851
0,-0.102972,-0.031474,0.326777,0.158943,0.287429,0.149505,0.001797,0.000549
0,0.301106,-0.07006,0.383553,-0.049921,0.342946,-0.085056,0.005255,0.001223
0,0.402445,0.038889,0.089526,0.134554,0.059055,0.148117,0.005066,0.000679
0,0.323061,-0.016715,-0.072315,-0.063901,-0.096915,-0.053657,0.005638,0.000292
0,0.197937,0.024421,-0.107576,0.023538,-0.157549,0.034486,0.003455,0.000426
0,0.347546,-0.047769,0.137824,-0.093409,0.186403,-0.07498,0.006025,0.000834
0,0.311025,0.014529,-0.050419,0.049698,-0.098635,0.022112,0.005428,0.000254
0,0.338726,-0.024539,0.016119,-0.02536,0.034649,-0.004431,0.005912,0.000428
0,0.338313,0.048726,-0.010791,0.079566,-0.033604,0.124324,0.005905,0.00085
0,0.323745,0.040732,-0.030553,-0.033893,0.004899,-0.015986,0.00565,0.000711
0,0.363499,-0.185606,0.055992,-0.220023,0.102386,-0.225367,0.005746,0.003239
0,0.329924,-0.147951,-0.011974,0.019309,-0.029521,0.017862,0.005758,0.002582
0,0.115519,-0.12892,-0.213855,-0.00202,-0.175048,-0.039529,0.002016,0.00225
0,0.032767,-0.079906,-0.091394,0.030341,-0.079114,0.02799,0.000572,0.001395
0,0.037471,0.005211,0.00685,0.065068,-0.015361,0.074371,0.000654,9.1e-05
0,0.28775,-0.119979,0.255247,-0.101146,0.258476,-0.089005,0.005022,0.002094
0,0.278156,-0.046488,-0.007858,0.085826,0.001079,0.095803,0.004855,0.000811
0,0.003098,0.032942,-0.248145,0.062732,-0.217674,0.054274,5.4e-05,0.000575
0,0.163976,-0.077268,0.150827,-0.104548,0.192464,-0.073265,0.002862,0.001349
0,0.03239,-0.06228,-0.160374,-0.011965,-0.182418,0.030446,0.000565,0.001087
0,0.27505,-0.023607,0.243814,0.043388,0.265807,0.077841,0.004801,0.000412
0,0.020409,0.041506,-0.236417,0.03663,-0.262291,0.0279,0.000356,0.000724
0,0.208178,0.062317,0.192854,-0.003048,0.241288,0.016688,0.003633,0.001088
0,0.080593,0.134706,-0.143887,0.095072,-0.139831,0.051106,0.001407,0.002351
0,0.17528,0.062455,0.08991,-0.063496,0.058441,-0.069237,0.003059,0.00109
0,0.053304,-0.008554,-0.140269,-0.073321,-0.093309,-0.112491,0.00093,0.000149
0,0.056097,0.087948,-0.009927,0.075836,-0.038768,0.102163,0.000979,0.001535
0,0.150879,0.064039,0.093431,0.004718,0.070754,0.040683,0.002633,0.001118
0,0.163657,0.093886,-0.000604,0.045753,-0.027133,0.06967,0.002856,0.001639
0,0.027016,0.175599,-0.158717,0.090514,-0.145468,0.073004,0.000472,0.003065
0,0.138327,0.077769,0.10964,-0.120664,0.102011,-0.150838,0.002414,0.001357
0,0.225462,-0.102933,0.063266,-0.195514,0.110575,-0.190247,0.003935,0.001797
0,0.085984,0.124112,-0.159607,0.206219,-0.129534,0.255899,0.001501,0.002166
0,0.126244,-0.080431,0.020287,-0.218857,0.068958,-0.253701,0.002203,0.001404
0,-0.00798,0.134779,-0.161531,0.191889,-0.152093,0.182927,0.000139,0.002352
0,0.161454,-0.047822,0.180884,-0.2022,0.179206,-0.203099,0.002818,0.000835
0,0.161254,-0.111356,-0.017329,-0.060803,0.008223,-0.066322,0.002814,0.001944
0,0.029248,0.039546,-0.133221,0.153979,-0.120721,0.117937,0.00051,0.00069
0,0.1588,-0.031184,0.120984,-0.06278,0.121311,-0.038294,0.002772,0.000544
0,0.184742,-0.074915,0.031761,-0.056531,0.073723,-0.080791,0.003224,0.001308
0,0.128864,0.069112,-0.082979,0.133963,-0.05231,0.133248,0.002249,0.001206
0,0.115209,-0.004115,0.004289,-0.100492,0.034881,-0.06822,0.002011,7.2e-05
0,0.021382,-0.049279,-0.10458,-0.067161,-0.129259,-0.055448,0.000373,0.00086
0,0.042382,-0.178773,0.037168,-0.126974,-0.007263,-0.100662,0.00074,0.00312
0,0.09231,-0.170059,0.05952,-0.00111,0.080411,0.043587,0.001611,0.002968
0,0.113685,0.050258,0.014475,0.232157,0.048406,0.240361,0.001984,0.000877
0,0.022679,0.058383,-0.117242,0.024031,-0.16596,0.059646,0.000396,0.001019
0,0.108335,-0.000961,0.087513,-0.067439,0.067813,-0.046072,0.001891,1.7e-05
0,-0.010659,-0.140846,-0.122521,-0.142149,-0.087078,-0.145845,0.000186,0.002458
0,0.100134,0.057939,0.123192,0.176158,0.127834,0.152017,0.001748,0.001011
0,-0.02551,-0.046159,-0.135194,-0.117895,-0.166017,-0.136723,0.000445,0.000806
0,-0.022779,-0.032997,-0.010335,0.039826,0.03711,0.087565,0.000398,0.000576
0,-0.056123,-0.083039,-0.04354,-0.049159,-0.076167,-0.092249,0.00098,0.001449
0,-0.006496,0.060198,0.047693,0.1552,0.080226,0.152713,0.000113,0.001051
0,-4.210404,0.964668,-4.209489,0.926471,-4.194853,0.94729,0.000942,0.004746
0,-5.150089,1.971612,-0.939473,1.015032,-0.91004,1.057973,0.005253,0.00186
0,-5.04782,2.287758,0.121572,0.314486,0.126459,0.35666,0.003468,0.003657
0,-3.974293,2.650041,1.065,0.362769,1.043547,0.410359,0.003178,0.00211
0,-3.070807,2.553888,0.887221,-0.093579,0.933456,-0.086387,0.005234,0.003788
0,-1.8991,2.167752,1.19128,-0.375884,1.160336,-0.392859,0.003126,0.001563
0,-1.139185,1.456424,0.732943,-0.735717,0.687741,-0.715554,0.000431,0.001238
0,-8.958174,0.728006,-7.793266,-0.747887,-7.833726,-0.745004,0.000827,0.000616
0,-9.104748,0.299588,-0.120563,-0.431675,-0.143296,-0.402118,0.001732,0.005229
0,-8.883394,0.097826,0.204576,-0.209125,0.173069,-0.254856,0.002132,0.001707
0,-9.047761,0.132826,-0.171502,0.011209,-0.129244,-0.028731,0.000737,0.002318
0,-8.949482,-0.02363,0.086785,-0.137154,0.100659,-0.11286,0.000978,0.000412
0,-9.01809,-0.130908,-0.045443,-0.106029,-0.024372,-0.107155,0.000219,0.002285
0,-8.95809,-0.03306,0.084725,0.108916,0.125259,0.133778,0.000828,0.000577
0,-9.074345,-0.30862,-0.097572,-0.257406,-0.116023,-0.299669,0.001201,0.005386
0,-9.148087,-0.148479,-0.096189,0.144987,-0.102563,0.132395,0.002488,0.002591
0,-8.881288,-0.068371,0.270021,0.104245,0.271396,0.132008,0.002169,0.001193
0,-9.062062,-0.369142,-0.210528,-0.323756,-0.166439,-0.2754,0.000986,0.005648
0,-9.112774,-0.17684,-0.056507,0.199419,-0.089809,0.166872,0.001872,0.003086
0,-9.092804,-0.106306,0.012513,0.095337,-0.015132,0.115334,0.001523,0.001855
0,-8.896153,0.008557,0.192274,0.122988,0.226058,0.136337,0.001909,0.000149
0,-9.079595,-0.181395,-0.206284,-0.163287,-0.192923,-0.193882,0.001292,0.003166
0,-8.868889,-0.023563,0.23808,0.154891,0.254757,0.105487,0.002385,0.000411
0,-8.875474,-0.220984,-0.032981,-0.175866,-0.038685,-0.14612,0.00227,0.003857
0,-9.045667,-0.105109,-0.190296,0.087167,-0.168025,0.085017,0.0007,0.001835
0,-9.013538,-0.01603,0.054714,0.094031,0.061012,0.102957,0.00014,0.00028
0,-9.14552,0.027753,-0.149772,0.046004,-0.09995,0.091512,0.002443,0.000484
0,-8.899688,-0.068184,0.235628,-0.112125,0.246903,-0.091377,0.001847,0.00119
0,-9.094286,0.019022,-0.193625,0.060493,-0.178705,0.031358,0.001549,0.000332
0,-8.905864,-0.058074,0.209963,-0.075772,0.185252,-0.030432,0.00174,0.001014
0,-9.037454,-0.012894,-0.122321,0.029372,-0.089234,-0.015776,0.000557,0.000225
0,-9.121541,0.081538,-0.078651,0.10472,-0.123293,0.128849,0.002025,0.001423
0,-8.956071,-0.195243,0.138276,-0.273904,0.125181,-0.271983,0.000863,0.003408
0,-8.945928,-0.024307,0.030142,0.18874,0.013375,0.212364,0.00104,0.000424
0,-8.481176,-0.04878,0.443682,-0.034786,0.436234,-0.063808,0.002939,0.000851
0,-8.118888,-0.054792,0.349027,0.01883,0.317673,0.018578,0.003385,0.000956
0,-7.645463,-0.156729,0.479647,-0.118342,0.480744,-0.093654,0.000443,0.002735
0,-7.485388,-0.088642,0.137135,0.075356,0.152226,0.026554,0.002351,0.001547
0,-6.899511,-0.12096,0.565076,-0.019538,0.523795,0.015619,0.000486,0.002111
0,-6.645467,-0.030967,0.23182,0.065018,0.241027,0.038059,0.00492,0.00054
0,-6.173481,-0.154015,0.455578,-0.125856,0.442918,-0.114652,0.001067,0.002688
0,-5.975565,-0.195008,0.216392,-0.068583,0.233769,-0.093309,0.004521,0.003404
0,-5.786426,0.070767,0.207098,0.288674,0.171828,0.267348,0.004268,0.001235
0,-5.465928,-0.084542,0.295823,-0.147168,0.273645,-0.142328,0.001325,0.001476
0,-5.02513,-0.011848,0.421383,0.087217,0.377905,0.070579,0.003072,0.000207
0,-4.972762,-0.069348,0.051152,-0.055355,0.063929,-0.010401,0.002158,0.00121
0,-4.821757,-0.05005,0.14634,0.002871,0.10336,0.008729,0.000478,0.000874
0,-4.387015,-0.142247,0.408737,-0.073517,0.450285,-0.028697,0.004025,0.002483
0,-4.121464,0.011736,0.244267,0.161841,0.230542,0.171658,0.00061,0.000205
0,-4.174737,-0.051915,-0.055956,-0.072371,-0.084074,-0.050862,0.00032,0.000906
0,-3.942172,-0.161757,0.205645,-0.092403,0.234841,-0.142218,0.003739,0.002823
0,-3.771748,-0.100255,0.151833,0.045627,0.155516,0.051579,0.005377,0.00175
0,-3.58697,-0.157139,0.205081,-0.038407,0.18881,-0.078839,0.002152,0.002743
0,-3.334156,-0.02607,0.226902,0.140014,0.197392,0.185646,0.00226,0.000455
0,-3.039951,-0.178383,0.30173,-0.154162,0.25739,-0.112381,0.004695,0.003113
0,-2.793652,-0.033945,0.24036,0.15145,0.191649,0.151918,0.004264,0.000592
0,-2.667987,0.062903,0.097007,0.067488,0.099162,0.028827,0.001797,0.001098
0,-2.706881,0.019906,-0.033851,-0.020085,-0.052773,-0.01104,0.001118,0.000347
0,-2.511066,-0.22014,0.200028,-0.237467,0.159319,-0.280181,0.004536,0.003842
0,-2.288237,0.043996,0.226955,0.287895,0.209581,0.329497,0.003666,0.000768
0,-2.449566,-0.202314,-0.136994,-0.251001,-0.140414,-0.219317,0.005609,0.003531
0,-2.188878,0.067448,0.287717,0.288769,0.312517,0.283461,0.001932,0.001177
0,-2.177781,-0.138542,-0.001708,-0.208796,0.005709,-0.246848,0.001738,0.002418
0,-1.930518,-0.002023,0.249527,0.113756,0.288302,0.126512,0.002578,3.5e-05
0,-1.859944,-0.196963,0.040817,-0.18631,0.055162,-0.231062,0.003809,0.003438
0,-2.034979,-0.168141,-0.152486,0.022883,-0.1049,0.057974,0.000754,0.002935
0,-1.824574,-0.157116,0.196079,0.021822,0.228707,0.010991,0.004427,0.002742
0,-1.57939,-0.187577,0.262972,-0.024073,0.268868,-0.03159,0.003385,0.003274
0,-1.620178,-0.092081,-0.044392,0.103662,-0.067088,0.061595,0.004096,0.001607
0,-1.652417,-0.186724,-0.05896,-0.086749,-0.056749,-0.10004,0.004659,0.003259
0,-1.482379,-0.14038,0.158204,0.069635,0.143808,0.088047,0.001691,0.00245
0,-1.262755,0.002917,0.218191,0.173084,0.230718,0.19796,0.002142,5.1e-05
0,-1.096993,0.148917,0.190621,0.124193,0.145258,0.154134,0.005035,0.002599
0,-1.130844,0.136893,-0.018881,0.013296,-0.050534,0.00398,0.004444,0.002389
0,-1.254028,0.033084,-0.11468,-0.131487,-0.104507,-0.157777,0.002294,0.000577
0,-0.948513,0.040874,0.276469,0.032183,0.315165,0.072095,0.004464,0.000713
0,-0.986041,0.09335,-0.02878,0.04633,-0.017621,0.045259,0.005119,0.001629
0,-1.057674,0.073491,-0.092569,0.008632,-0.045672,-0.036411,0.005721,0.001283
0,-0.948597,0.170555,0.121657,0.074236,0.121515,0.08411,0.004466,0.002977
0,-0.734161,0.056725,0.192765,-0.122705,0.210239,-0.15277,0.000723,0.00099
0,-0.679638,0.083619,0.04789,0.054321,0.094314,0.071432,0.000229,0.001459
0,-0.572444,0.133522,0.099231,0.071201,0.106236,0.029901,0.002099,0.00233
0,-0.782899,0.213847,-0.201423,0.093768,-0.243601,0.094365,0.001574,0.003732
0,-0.684259,0.114632,0.126335,-0.097999,0.128202,-0.109905,0.000148,0.002001
0,-0.504068,0.03805,0.197541,-0.064142,0.237414,-0.022213,0.003293,0.000664
0,-0.703823,0.101433,-0.212148,0.06715,-0.205298,0.11143,0.000194,0.00177
0,-0.554904,-0.037786,0.160641,-0.128514,0.190274,-0.176788,0.002406,0.000659
0,-0.489824,-0.101217,0.068399,-0.082493,0.034766,-0.083114,0.003541,0.001767
0,-0.517393,0.028156,-0.020156,0.152144,-0.047177,0.172817,0.00306,0.000491
0,-0.277282,-0.032353,0.217316,-0.055081,0.240136,-0.031251,0.004839,0.000565
0,-0.391859,-0.017351,-0.116803,0.004134,-0.150083,0.039762,0.005251,0.000303
0,-0.414699,0.128171,-0.045933,0.153085,-0.047891,0.168869,0.004853,0.002237
0,-0.437342,0.023589,-0.010569,-0.133075,-0.004185,-0.183002,0.004457,0.000412
0,-0.134147,0.133759,0.298647,0.110881,0.342003,0.141239,0.002341,0.002335
0,-0.118366,-0.126274,0.029174,-0.266549,-0.018937,-0.249462,0.002066,0.002204
0,-0.194431,-0.01261,-0.081305,0.103944,-0.075253,0.104681,0.003393,0.00022
0,-0.042197,-0.034929,0.173634,0.001914,0.200221,0.023207,0.000736,0.00061
0,-0.261888,-0.078598,-0.231246,-0.028997,-0.281203,0.013053,0.004571,0.001372
0,-0.254747,0.006218,0.012553,0.109671,-0.021755,0.090007,0.004446,0.000109
0,-0.278867,-0.028795,-0.00057,-0.059564,-0.016697,-0.045755,0.004867,0.000503
0,-0.037964,0.071318,0.23182,0.120801,0.263158,0.12471,0.000663,0.001245
0,-0.282924,-0.109261,-0.216789,-0.190311,-0.195405,-0.186321,0.004938,0.001907
0,-0.227061,-0.095098,0.083251,0.019177,0.080627,0.052666,0.003963,0.00166
0,-9.080418,0.351951,-8.839441,0.420092,-8.796649,0.450309,0.001307,0.005948
0,-8.976832,0.500026,0.102852,0.121815,0.111214,0.095495,0.000501,0.003363
0,-9.001826,0.506879,-0.041286,0.034884,-0.073702,0.072812,6.5e-05,0.003244
0,-8.905616,0.726622,0.104524,0.215219,0.064507,0.227856,0.001744,0.000591
0,-9.069623,0.504885,-0.192382,-0.224754,-0.187542,-0.210089,0.001118,0.003279
0,-9.133384,0.66566,-0.072013,0.13433,-0.033287,0.169342,0.002231,0.000473
0,-8.88922,0.400624,0.225459,-0.289081,0.257046,-0.325213,0.00203,0.005098
0,-8.870154,0.14274,-0.005842,-0.240976,0.017776,-0.193111,0.002363,0.002491
0,-9.017383,-0.038909,-0.167072,-0.202552,-0.193479,-0.156046,0.000207,0.000679
0,-9.072989,-0.137639,-0.068126,-0.10352,-0.091915,-0.135913,0.001177,0.002402
0,-9.057592,-0.165478,0.042873,-0.007581,0.084603,0.018256,0.000908,0.002888
0,-9.081657,0.005663,-0.034508,0.187696,-0.019786,0.165541,0.001328,9.9e-05
0,-9.127411,-0.108401,-0.026861,-0.089324,-0.028388,-0.091872,0.002127,0.001892
0,-8.879246,-0.176595,0.220744,-0.070547,0.228651,-0.030331,0.002204,0.003082
0,-9.06967,0.001937,-0.20788,0.157282,-0.202396,0.119793,0.001119,3.4e-05
0,-8.941403,-0.12293,0.129639,-0.144203,0.102646,-0.158127,0.001119,0.002146
0,-9.058919,-0.149029,-0.097109,-0.04214,-0.078993,-0.005948,0.000932,0.002601
0,-9.046453,0.561315,0.005223,0.734206,0.05017,0.764046,0.000714,0.002294
0,-8.90998,1.076106,0.137486,0.528094,0.156564,0.501909,0.001668,0.005399
0,-8.966088,0.9381,-0.081839,-0.142651,-0.074763,-0.167603,0.000689,0.004282
0,-9.003532,1.237565,-0.01448,0.30658,-0.045523,0.34211,3.5e-05,0.002581
0,-8.861307,1.356641,0.118427,0.14421,0.139655,0.155785,0.002517,0.000503
0,-8.927949,0.982872,-0.088599,-0.378499,-0.059822,-0.387145,0.001354,0.005064
0,-8.924031,0.993522,0.011204,-0.018362,0.045022,-0.026559,0.001423,0.00525
0,-9.086187,0.847878,-0.167571,-0.17042,-0.20237,-0.142061,0.001408,0.002708
0,-9.035531,0.58756,0.021626,-0.274662,0.014151,-0.273755,0.000523,0.001836
0,-9.142737,0.222208,-0.124945,-0.380143,-0.124287,-0.407098,0.002395,0.003878
0,-8.408633,0.12683,0.731467,-0.07825,0.739749,-0.037011,0.001672,0.002214
0,-8.123263,0.130049,0.263306,0.031265,0.275305,0.048203,0.003308,0.00227
0,-7.678721,0.059978,0.431957,-0.06981,0.400629,-0.047874,0.001024,0.001047
0,-7.266708,0.041316,0.406382,-0.039008,0.408125,-0.07454,0.005923,0.000721
0,-6.82392,0.020592,0.472775,-0.011123,0.48423,0.017356,0.001805,0.000359
0,-6.475326,0.252024,0.34421,0.257113,0.32703,0.259647,0.004201,0.004399
0,-6.129617,0.265976,0.33144,0.037049,0.372202,0.044669,0.001832,0.004642
0,-5.782785,0.208654,0.373715,-0.085255,0.372032,-0.03648,0.004205,0.003642
0,-5.768978,0.230611,0.017697,0.041446,0.060367,-0.008332,0.003964,0.004025
0,-5.527265,0.052301,0.243629,-0.155395,0.238462,-0.159054,0.003613,0.000913
0,-5.027659,0.061588,0.469897,-0.014537,0.483756,0.018499,0.003116,0.001075
0,-4.937742,0.140065,0.107401,0.054662,0.102212,0.026634,0.001546,0.002445
0,-4.53991,0.00189,0.377139,-0.114554,0.387571,-0.094904,0.005397,3.3e-05
0,-4.206686,0.050194,0.3496,0.064676,0.319619,0.089713,0.000878,0.000876
0,-4.203247,0.026633,0.00182,-0.03422,-0.033478,-0.02717,0.000818,0.000465
0,-3.798292,-0.025344,0.390167,-0.046466,0.380367,-0.000675,0.00584,0.000442
0,-9.05095,0.340225,-5.281258,0.393758,-5.317176,0.436362,0.000793,0.005938
0,-9.106736,0.783617,-0.073934,0.422973,-0.067378,0.411756,0.001766,0.001586
0,-9.146753,0.76718,-0.01062,-0.040781,-0.002154,-0.021184,0.002465,0.001299
0,-9.119043,1.09401,0.00799,0.331002,0.04344,0.328695,0.001981,0.005087
0,-8.973976,0.969457,0.169872,-0.131918,0.191896,-0.089831,0.000551,0.00483
0,-8.96348,0.75139,-0.006996,-0.209755,-0.052323,-0.199312,0.000734,0.001024
0,-8.858555,0.457634,0.101844,-0.30717,0.13827,-0.348014,0.002565,0.004103
0,-8.885921,0.400019,-0.022572,-0.037605,-0.04433,-0.005059,0.002088,0.005109
0,-9.032324,0.367606,-0.138208,-0.011455,-0.119727,-0.02499,0.000467,0.005675
0,-8.92477,0.023232,0.096216,-0.327543,0.074118,-0.302947,0.00141,0.000405
0,-8.973473,-0.107595,-0.05857,-0.144743,-0.035947,-0.102178,0.00056,0.001878
0,-8.902301,-0.133464,0.047003,-0.031285,0.065436,-0.012022,0.001802,0.002329
0,-8.885314,-0.144831,0.039114,-0.029587,0.066761,-0.075541,0.002098,0.002528
0,-9.029585,-0.094111,-0.139835,0.030658,-0.138587,0.037982,0.00042,0.001643
0,-8.624245,-0.185719,0.417016,-0.09801,0.371738,-0.057281,0.005436,0.003241
0,-8.081463,-0.180774,0.554194,0.024661,0.539489,0.010516,0.004038,0.003155
0,-7.711861,-0.201182,0.378214,-0.007449,0.412438,0.014197,0.001602,0.003511
0,-7.424158,-0.134139,0.262638,0.08264,0.215575,0.04311,0.003419,0.002341
0,-7.033501,-0.102295,0.409658,0.027976,0.403344,0.067838,0.001853,0.001785
0,-6.695218,-0.236253,0.358789,-0.119376,0.338554,-0.135863,0.004051,0.004123
0,-6.228578,-0.11412,0.452426,0.123285,0.426624,0.094427,0.000105,0.001992
0,-5.957682,-0.208017,0.245426,-0.069482,0.252463,-0.093853,0.004833,0.003631
0,-5.52348,-0.046833,0.414979,0.141751,0.45758,0.154497,0.000321,0.000817
0,-5.106739,-0.275209,0.43906,-0.25471,0.428763,-0.298136,0.004496,0.004803
0,-5.074183,-0.102904,0.045785,0.15918,0.008333,0.187952,0.003928,0.001796
0,-4.724076,-0.018148,0.335122,0.088196,0.372054,0.075135,0.002183,0.000317
0,-4.522923,-0.051985,0.172598,-0.016645,0.143833,0.02087,0.005694,0.000907
0,-4.132884,-0.097828,0.395302,-0.074352,0.369106,-0.119029,0.00041,0.001707
0,-4.097128,-0.2133,0.011804,-0.121546,0.035244,-0.14876,0.001035,0.003723
0,-3.741475,-0.16572,0.333503,0.074843,0.292272,0.057046,0.004849,0.002892
0,-3.523825,0.039594,0.216104,0.232658,0.177219,0.272767,0.00105,0.000691
0,-3.266178,0.019983,0.258532,-0.010957,0.236083,-0.029328,0.003447,0.000349
0,-3.15831,-0.059658,0.125569,-0.10223,0.163333,-0.05951,0.00533,0.001041
0,-3.047679,0.087725,0.134086,0.172149,0.108716,0.14601,0.00483,0.001531
0,-2.725817,0.118154,0.320831,0.028802,0.302157,-0.006047,0.000787,0.002062
0,-2.666406,-0.078349,0.084685,-0.166732,0.077305,-0.129094,0.001824,0.001367
0,-2.52592,0.131809,0.113269,0.214113,0.07559,0.234407,0.004276,0.0023
0,-2.466045,0.026953,0.068439,-0.12605,0.071385,-0.095553,0.005321,0.00047
0,-2.160678,-0.097122,0.327933,-0.153518,0.308501,-0.114907,0.001439,0.001695
0,-2.126732,0.031217,0.055716,0.128361,0.007037,0.125121,0.000847,0.000545
0,-2.27438,-0.075691,-0.152022,-0.121139,-0.20063,-0.08406,0.003424,0.001321
0,-2.090467,-0.107532,0.174017,-0.049662,0.186969,-0.086586,0.000214,0.001877
0,-1.909799,0.14189,0.173012,0.278162,0.205311,0.311102,0.002939,0.002476
0,-1.750854,0.175595,0.188834,0.006193,0.227087,0.025397,0.005713,0.003065
0,-1.680079,0.168249,0.071976,0.018862,0.061602,0.060744,0.005142,0.002937
0,-1.471123,0.206638,0.211008,0.027459,0.165414,-0.017112,0.001495,0.003607
0,-1.688117,-0.019116,-0.207263,-0.231376,-0.162417,-0.27081,0.005282,0.000334
0,-1.565889,0.027405,0.12458,0.063169,0.115155,0.073423,0.003149,0.000478
0,-1.518586,0.228503,0.030762,0.172103,0.049768,0.130982,0.002323,0.003988
0,-1.284848,0.065508,0.244028,-0.166132,0.230565,-0.126962,0.001756,0.001143
0,-1.374558,-0.023846,-0.071229,-0.059787,-0.059616,-0.0311,0.00019,0.000416
0,-1.05869,0.082672,0.341457,0.107682,0.35781,0.138128,0.005703,0.001443
0,-1.152238,-0.002735,-0.090618,-0.087793,-0.113631,-0.136296,0.004071,4.8e-05
0,-0.955249,0.010337,0.21783,-0.002121,0.242721,-0.002347,0.004582,0.00018
0,-0.85852,0.006523,0.10952,-0.031285,0.086934,-0.049733,0.002894,0.000114
0,-0.932971,0.100058,-0.097599,0.071811,-0.106391,0.107791,0.004193,0.001746
0,-0.939717,-0.035931,-0.018526,-0.151523,-0.058288,-0.167126,0.004311,0.000627
0,-0.889449,0.059299,0.04556,0.084019,0.050515,0.100736,0.003433,0.001035
0,-0.770732,0.190025,0.144452,0.119543,0.180422,0.088892,0.001361,0.003317
0,-0.619508,-0.052216,0.149745,-0.234332,0.15934,-0.271392,0.001278,0.000911
0,-0.531536,0.051209,0.058788,0.092264,0.04702,0.072485,0.002813,0.000894
0,-0.568716,-0.102257,-0.049251,-0.128945,-0.047262,-0.114077,0.002165,0.001785
0,-0.545041,0.073716,0.053067,0.164135,0.055001,0.208653,0.002578,0.001287
0,-0.541981,-0.079717,0.028782,-0.17445,0.036023,-0.196525,0.002631,0.001391
0,-0.567312,-0.093,-0.025627,-0.017281,-0.021443,0.001156,0.002189,0.001623
0,-0.505061,-0.059761,0.064909,0.037139,0.077673,0.014455,0.003276,0.001043
0,-0.376219,0.128027,0.110423,0.186824,0.141409,0.234162,0.005524,0.002235
0,-0.430854,-0.118989,-0.043427,-0.220054,-0.002631,-0.194441,0.004571,0.002077
0,-0.398907,-0.121344,0.015931,0.018014,0.056607,0.047182,0.005128,0.002118
0,-0.476404,-0.124536,-0.072001,0.026739,-0.029567,0.007197,0.003776,0.002174
0,-0.451421,0.136058,0.021741,0.282383,-0.027187,0.304046,0.004212,0.002375
0,-0.329907,-0.09371,0.136729,-0.236562,0.090975,-0.193675,0.005758,0.001636
0,-0.298361,-0.124132,0.016563,-0.041741,-0.006701,-0.018375,0.005207,0.002167
0,-0.535878,-0.027076,-0.218216,0.084752,-0.258555,0.106934,0.002738,0.000473
0,-0.378142,0.029711,0.177582,0.035355,0.204377,0.01587,0.005491,0.000519
0,-0.272902,0.110523,0.089829,0.105063,0.132294,0.131991,0.004763,0.001929
0,-0.332582,-0.055856,-0.062406,-0.152941,-0.051182,-0.123577,0.005805,0.000975
0,-0.416573,0.062206,-0.081837,0.098437,-0.10439,0.141375,0.00482,0.001086
0,-0.396939,0.095042,-0.009198,0.023252,0.028205,-0.001856,0.005163,0.001659
0,-0.160887,0.085606,0.250272,-0.038192,0.258778,-0.066658,0.002808,0.001494
0,-0.100222,-0.144651,0.07028,-0.251353,0.037554,-0.214876,0.001749,0.002525
0,-0.224739,-0.105771,-0.116403,0.061107,-0.146832,0.069392,0.003922,0.001846
0,-0.068893,0.056561,0.168836,0.189562,0.201928,0.182,0.001202,0.000987
0,-0.101882,0.121309,-0.007552,0.04269,-0.033958,0.020312,0.001778,0.002117
0,-0.01331,0.026338,0.064092,-0.068102,0.08942,-0.064908,0.000232,0.00046
0,-2.772153,1.158849,-2.77003,1.132001,-2.784244,1.15918,2.1e-05,0.003955
0,-5.086768,1.666646,-2.296975,0.506408,-2.279256,0.510715,0.004147,0.004907
0,-5.434353,1.585985,-0.333749,-0.055885,-0.344301,-0.06079,0.001877,0.0035
0,-5.96044,1.792702,-0.522669,0.232161,-0.487581,0.20071,0.004785,0.004983
0,-5.070974,2.436412,0.906206,0.630943,0.953695,0.622899,0.003872,0.005839
0,-4.434389,2.155108,0.639532,-0.281138,0.658082,-0.308067,0.004852,0.001342
0,-3.546487,1.589323,0.880183,-0.552619,0.927618,-0.59911,0.001445,0.003558
0,-3.073646,1.083498,0.448048,-0.503289,0.457351,-0.553046,0.005283,0.00527
0,-1.782231,1.000543,1.309584,-0.097379,1.277535,-0.13546,0.005166,0.005372
0,-1.046539,0.418793,0.740339,-0.60541,0.737666,-0.621504,0.005915,0.004781
0,-0.402333,0.192497,0.641454,-0.197846,0.646275,-0.153326,0.005068,0.00336
0,0.652127,0.070217,1.084127,-0.102665,1.123472,-0.126915,0.000709,0.001226
0,0.801066,-0.118446,0.157808,-0.190253,0.184182,-0.199407,0.001891,0.002067
0,0.775801,-0.121393,0.003682,0.025318,-0.041293,-0.006099,0.00145,0.002119
0,0.913524,-0.146482,0.152163,-0.047143,0.139029,-0.087173,0.003854,0.002557
0,0.877948,-0.146377,-0.029798,0.002019,0.009867,0.002819,0.003233,0.002555
0,0.620497,-0.19081,-0.281879,-0.051776,-0.255489,-0.003437,0.001261,0.00333
0,0.688942,-0.223299,0.079068,-0.013638,0.119076,-0.024948,6.6e-05,0.003897
0,0.339001,-0.284751,-0.351429,-0.08858,-0.371048,-0.10351,0.005917,0.00497
0,0.279054,-0.317135,-0.070151,-0.046747,-0.090438,-0.003259,0.00487,0.005535
0,0.257875,-0.1367,-0.024472,0.197446,-0.049976,0.183946,0.004501,0.002386
0,0.029496,-0.288149,-0.232468,-0.162636,-0.26641,-0.118065,0.000515,0.005029
0,0.159602,-0.343403,0.132563,-0.04579,0.176464,-0.005577,0.002786,0.005994
0,0.185997,-0.355713,0.047743,-0.002084,-0.001231,0.03982,0.003246,0.005882
0,0.15749,-0.308093,-0.01874,0.052821,-0.034294,0.092949,0.002749,0.005377
0,-0.00707,-0.227425,-0.142559,0.057582,-0.184778,0.072531,0.000123,0.003969
0,0.256463,-0.047528,0.258801,0.183938,0.30291,0.215529,0.004476,0.00083
0,-0.033219,-0.211632,-0.307936,-0.160591,-0.314137,-0.150533,0.00058,0.003694
0,0.078315,-0.196798,0.085513,-0.011839,0.127146,-0.052064,0.001367,0.003435
0,0.197709,-0.220157,0.12225,-0.021402,0.094036,-0.047645,0.003451,0.003842
0,0.148323,-0.027952,-0.072687,0.163354,-0.099639,0.189306,0.002589,0.000488
0,0.236501,-0.145245,0.066743,-0.113115,0.056917,-0.153517,0.004128,0.002535
0,0.170956,-0.049674,-0.089359,0.089521,-0.091377,0.102205,0.002984,0.000867
0,0.11838,-0.067014,-0.060382,-0.003399,-0.040513,-0.051719,0.002066,0.00117
0,0.293152,-0.107342,0.176769,-0.06569,0.195929,-0.057431,0.005116,0.001873
0,0.305849,-0.222012,0.029948,-0.096593,0.073828,-0.062871,0.005338,0.003875
0,0.016577,-0.116497,-0.316929,0.134551,-0.268952,0.15509,0.000289,0.002033
0,0.097819,0.044407,0.10547,0.154347,0.102738,0.179509,0.001707,0.000775
0,0.169417,-0.022549,0.058632,-0.058853,0.028459,-0.076681,0.002957,0.000394
0,0.115301,-0.093935,-0.057285,-0.097372,-0.043242,-0.146367,0.002012,0.001639
0,0.211261,0.101702,0.09007,0.18391,0.105349,0.200596,0.003687,0.001775
0,0.204168,-0.096958,-0.016604,-0.179979,-0.019986,-0.157417,0.003563,0.001692
0,0.144791,-0.166662,-0.063101,-0.088237,-0.093716,-0.121845,0.002527,0.002909
0,0.187304,-0.142453,0.019025,0.046866,-0.004831,0.052345,0.003269,0.002486
0,-0.000349,-0.163327,-0.169068,-3.1e-05,-0.134008,-0.04674,6e-06,0.002851
0,0.111246,-0.024508,0.095603,0.160698,0.142302,0.173621,0.001942,0.000428
0,-0.080355,0.040357,-0.192414,0.046614,-0.189917,0.028773,0.001402,0.000704
0,0.080038,-0.014742,0.169511,-0.033638,0.194737,-0.041973,0.001397,0.000257
0,0.029405,-0.105622,-0.037379,-0.086462,-0.050683,-0.066636,0.000513,0.001843
0,-0.154595,-0.168133,-0.178886,-0.080618,-0.154374,-0.03418,0.002698,0.002934
0,0.078208,-0.022926,0.259507,0.129946,0.218782,0.103305,0.001365,0.0004
0,0.012489,-0.128569,-0.088633,-0.10656,-0.046195,-0.106267,0.000218,0.002244
0,-0.058071,-0.024228,-0.074415,0.125781,-0.052457,0.132288,0.001014,0.000423
0,-0.004523,-0.013519,0.023665,-0.002177,0.036277,-0.029642,7.9e-05,0.000236
0,0.273215,-0.082485,0.266351,-0.086224,0.314886,-0.088548,0.004769,0.00144
0,0.283495,-0.147087,0.01128,-0.070193,0.01279,-0.038325,0.004948,0.002567
0,0.371569,-1.390918,0.073476,-1.250848,0.054924,-1.289374,0.005605,9.5e-05
0,0.426593,-2.385407,0.084022,-0.972062,0.053696,-1.006308,0.004645,0.005362
0,0.277254,-2.422206,-0.165619,-0.038464,-0.213542,-0.046646,0.004839,0.006004
0,0.230117,-2.353741,-0.063521,0.089017,-0.068326,0.076816,0.004016,0.004809
0,0.482276,-2.081443,0.2609,0.262285,0.226049,0.307263,0.003673,5.7e-05
0,0.435498,-1.588775,-0.058662,0.488469,-0.087504,0.447566,0.00449,0.003548
0,0.141558,-1.013581,-0.31014,0.584477,-0.281377,0.59327,0.002471,0.0056
0,0.000927,-0.820328,-0.153754,0.210709,-0.113046,0.223699,1.6e-05,0.002227
0,0.094387,-0.672871,0.086401,0.164318,0.077968,0.191408,0.001647,0.000347
0,-0.124847,-0.348016,-0.248623,0.350504,-0.217794,0.348787,0.002179,0.006016
0,0.07422,-0.311305,0.191827,0.036478,0.228467,-0.008854,0.001295,0.005433
0,0.033639,-0.074528,-0.02763,0.242944,-0.024562,0.288754,0.000587,0.001301
0,-0.086737,-0.091366,-0.130053,-0.044066,-0.135275,-0.072076,0.001514,0.001595
0,-0.019281,0.095057,0.05745,0.186538,0.088581,0.183856,0.000337,0.001659
0,-0.130243,-0.110591,-0.124053,-0.195693,-0.134553,-0.24263,0.002273,0.00193
0,0.08933,0.021741,0.238314,0.107733,0.276471,0.076529,0.001559,0.000379
0,-0.038696,-0.010487,-0.142893,-0.029233,-0.09715,-0.047093,0.000675,0.000183
0,-0.173347,0.151776,-0.123335,0.168266,-0.114586,0.160704,0.003025,0.002649
0,-0.000543,0.048732,0.153771,-0.079493,0.186059,-0.03526,9e-06,0.000851
0,-0.040775,0.042321,-0.047247,-0.002572,-0.077972,-0.04448,0.000712,0.000739
0,-0.023733,0.118052,0.043004,0.094494,0.029106,0.046458,0.000414,0.00206
0,0.012098,-0.019963,0.026427,-0.118189,-0.016956,-0.162016,0.000211,0.000348
0,-0.037393,-0.122249,-0.057244,-0.081316,-0.070726,-0.070187,0.000653,0.002134
0,-0.019655,0.034966,0.007859,0.137952,0.004699,0.115724,0.000343,0.00061
0,-0.077698,0.189987,-0.058309,0.183096,-0.047002,0.159599,0.001356,0.003316
0,-0.058926,-0.054192,-0.00756,-0.237777,0.009888,-0.201733,0.001028,0.000946
0,0.08673,-0.058116,0.124337,0.002869,0.141089,-0.016074,0.001514,0.001014
0,-0.088612,-0.06675,-0.148274,-0.037639,-0.126658,-0.012405,0.001547,0.001165
0,0.144218,0.166862,0.225525,0.235738,0.184018,0.238139,0.002517,0.002912
0,-0.023108,-0.134159,-0.164012,-0.289472,-0.132252,-0.291119,0.000403,0.002342
0,0.159163,0.044443,0.193003,0.196866,0.234372,0.190484,0.002778,0.000776
0,0.16698,-0.105864,0.018768,-0.168493,0.025393,-0.125889,0.002914,0.001848
0,0.038592,-0.011177,-0.10294,0.108526,-0.112933,0.146472,0.000674,0.000195
0,0.102382,0.020782,0.054162,0.043946,0.046305,0.089184,0.001787,0.000363
0,-0.029049,-0.057859,-0.132719,-0.086642,-0.1046,-0.132154,0.000507,0.00101
0,-0.131064,-0.062244,-0.094544,-0.00544,-0.057812,0.030871,0.002287,0.001086
0,-0.213517,0.095611,-0.060089,0.155864,-0.01314,0.162212,0.003727,0.001669
0,0.002398,0.085115,0.226771,0.012649,0.200251,0.010923,4.2e-05,0.001486
0,-0.011069,0.000233,0.005224,-0.061063,0.039387,-0.059346,0.000193,4e-06
0,-0.169531,0.155675,-0.131763,0.158745,-0.121919,0.131351,0.002959,0.002717
0,-0.002581,0.043816,0.177902,-0.098547,0.157486,-0.057412,4.5e-05,0.000765
0,-0.192111,0.232242,-0.187937,0.173416,-0.179091,0.190182,0.003353,0.004053
0,-0.063761,0.202068,0.110559,-0.030782,0.151365,0.015402,0.001113,0.003527
0,0.056976,0.035431,0.13546,-0.146396,0.136445,-0.145181,0.000994,0.000618
0,-0.006361,0.196637,-0.088738,0.157861,-0.082251,0.117308,0.000111,0.003432
0,-0.074392,0.03955,-0.053609,-0.157324,-0.074966,-0.139106,0.001298,0.00069
0,-0.090018,-0.079343,-0.003773,-0.127977,-0.042775,-0.118002,0.001571,0.001385
0,-0.094071,0.078528,0.00629,0.151981,0.00828,0.166638,0.001642,0.001371
0,0.129536,-0.091044,0.204919,-0.178886,0.230546,-0.192805,0.002261,0.001589
0,0.147555,-0.023645,0.036473,0.057455,0.018209,0.095069,0.002575,0.000413
0,-0.03957,0.099858,-0.176652,0.100899,-0.18743,0.071776,0.000691,0.001743
0,-0.071561,0.185282,-0.006651,0.088307,-0.002505,0.0667,0.001249,0.003234
0,0.055869,0.129471,0.110786,-0.037379,0.067938,-0.020166,0.000975,0.00226
0,-0.074989,-0.105155,-0.117503,-0.228087,-0.102032,-0.194432,0.001309,0.001835
0,-0.047933,0.082266,0.003863,0.195459,-0.038438,0.151578,0.000837,0.001436
0,-0.059198,0.165004,-0.022166,0.061948,-0.024243,0.064574,0.001033,0.00288
0,0.157599,0.123827,0.236654,-0.053031,0.266693,-0.014379,0.002751,0.002161
0,0.000713,-0.030458,-0.170248,-0.141369,-0.133051,-0.17248,1.2e-05,0.000532
0,0.053534,-0.050292,0.046589,-0.02288,0.023082,0.015064,0.000934,0.000878
0,0.128768,0.109333,0.091348,0.162908,0.106856,0.208559,0.002247,0.001908
0,0.020407,-0.018311,-0.082498,-0.12962,-0.060326,-0.145121,0.000356,0.00032
0,0.076378,0.15379,0.082366,0.179132,0.077391,0.194944,0.001333,0.002684
0,0.063012,-0.008759,-0.016754,-0.153996,-0.018246,-0.147324,0.0011,0.000153
0,0.077905,0.079682,0.041348,0.07932,0.060836,0.073674,0.00136,0.001391
0,0.04325,-0.042012,-0.038772,-0.102343,-0.079564,-0.074885,0.000755,0.000733
0,0.10761,0.206504,0.053444,0.275821,0.097376,0.320437,0.001878,0.003604
0,0.098659,-0.047699,-0.037957,-0.232037,-0.066835,-0.18802,0.001722,0.000833
0,-0.126234,0.170562,-0.236654,0.193198,-0.280874,0.150041,0.002203,0.002977
0,0.039245,0.171818,0.167825,0.007461,0.162872,-0.032773,0.000685,0.002999
0,-0.008331,0.083745,-0.03182,-0.097801,-0.044143,-0.118589,0.000145,0.001462
0,-0.013699,0.121471,0.006511,0.040989,0.001326,0.068303,0.000239,0.00212
0,0.102055,-0.119818,0.135453,-0.261595,0.182967,-0.234124,0.001781,0.002091
0,-0.017668,0.114003,-0.127025,0.231313,-0.129521,0.198466,0.000308,0.00199
0,0.070973,0.086159,0.080756,-0.002937,0.053901,-0.015621,0.001239,0.001504
0,0.090264,-0.031454,0.006398,-0.123163,0.020526,-0.139492,0.001575,0.000549
0,0.077697,-0.013236,-0.024352,0.001511,-0.070401,0.040664,0.001356,0.000231
0,0.004311,0.023689,-0.067497,0.017354,-0.11433,-0.007468,7.5e-05,0.000413
0,-0.020186,0.115251,-0.039479,0.07553,-0.001185,0.047452,0.000352,0.002012
0,-0.03618,0.032861,-0.041734,-0.088556,0.005153,-0.09708,0.000631,0.000574
0,-0.100423,-0.147176,-0.057704,-0.152597,-0.058682,-0.145098,0.001753,0.002569
0,0.104272,-0.170176,0.206519,-0.008833,0.25365,0.027399,0.00182,0.00297
0,-0.138989,-0.064631,-0.25857,0.127366,-0.236379,0.110832,0.002426,0.001128
0,-0.067333,-0.170726,0.042996,-0.114993,0.067142,-0.084998,0.001175,0.00298
0,0.150645,-0.010552,0.21313,0.13957,0.19271,0.093061,0.002629,0.000184
0,-0.112011,0.097177,-0.262596,0.135194,-0.245946,0.173095,0.001955,0.001696
0,0.002916,-0.153051,0.09938,-0.220794,0.116389,-0.177193,5.1e-05,0.002671
0,0.023766,-0.188597,0.009837,-0.015948,-0.005613,-0.064098,0.000415,0.003292
0,0.086467,-0.135108,0.0675,0.035218,0.037264,0.022086,0.001509,0.002358
0,0.185138,-0.149484,0.083512,-0.039809,0.115199,-0.083469,0.003231,0.002609
0,0.117872,-0.145495,-0.066565,0.012462,-0.060342,0.042577,0.002057,0.002539
0,0.163982,-0.123789,0.040554,-0.000918,0.058664,-0.035822,0.002862,0.002161
0,0.011432,-0.024424,-0.174296,0.086539,-0.145958,0.076286,0.0002,0.000426
0,0.028311,-0.213961,-0.004091,-0.168438,-0.050243,-0.144874,0.000494,0.003734
0,0.027634,-0.157646,-0.021622,0.050884,-0.064849,0.08396,0.000482,0.002751
0,0.015625,0.020091,-0.029929,0.191671,-0.001105,0.16826,0.000273,0.000351
0,0.185798,-0.134125,0.169419,-0.14665,0.134838,-0.160488,0.003243,0.002341
0,-0.050206,-0.017927,-0.253059,0.140221,-0.244297,0.136398,0.000876,0.000313
0,0.235779,-0.21319,0.279665,-0.17444,0.260909,-0.168439,0.004115,0.003721
0,-0.063261,0.064948,-0.300016,0.29393,-0.306023,0.313406,0.001104,0.001134
0,-0.023749,-0.173194,0.036895,-0.261976,-0.000276,-0.289229,0.000415,0.003023
0,0.158963,0.073256,0.155311,0.262034,0.176605,0.287711,0.002774,0.001279
0,0.21019,-0.007187,0.07319,-0.093037,0.090963,-0.050337,0.003669,0.000125
0,0.1636,-0.138959,-0.057906,-0.12037,-0.059893,-0.081171,0.002855,0.002425
0,0.130948,0.031139,-0.016142,0.148436,-0.002331,0.151414,0.002285,0.000543
0,0.158094,-0.098892,0.044386,-0.153934,0.058505,-0.150616,0.002759,0.001726
0,-0.007189,0.051828,-0.176859,0.160363,-0.148969,0.12219,0.000125,0.000905
0,0.040613,-0.148231,0.023003,-0.171801,-0.022833,-0.202674,0.000709,0.002587
0,0.10019,-0.123211,0.083763,0.012759,0.070759,-0.003997,0.001749,0.00215
0,0.223427,0.113313,0.140978,0.233317,0.185697,0.248614,0.0039,0.001978
0,0.204909,-0.0228,-0.022002,-0.155748,-0.059809,-0.180821,0.003576,0.000398
0,0.010247,0.063691,-0.223285,0.078724,-0.190857,0.047734,0.000179,0.001112
0,0.225952,-0.104851,0.241806,-0.141546,0.236332,-0.165657,0.003944,0.00183
0,0.149445,0.062057,-0.088736,0.178137,-0.10638,0.147433,0.002608,0.001083
0,0.151596,0.02801,0.027981,-0.036482,0.075633,-0.040445,0.002646,0.000489
0,0.130462,-0.064646,-0.013243,-0.086698,0.003858,-0.129433,0.002277,0.001128
0,0.219472,-0.099509,0.109238,-0.055972,0.140214,-0.082724,0.003831,0.001737
0,0.273966,-0.147414,0.052936,-0.074769,0.017555,-0.110179,0.004782,0.002573
0,0.233954,-0.082855,-0.034169,0.060786,-0.038858,0.076638,0.004083,0.001446
0,0.193898,-0.116917,-0.018242,-0.05452,-0.060131,-0.020692,0.003384,0.002041
0,0.227633,0.080121,0.01634,0.176603,0.051525,0.21903,0.003973,0.001398
0,0.154491,-0.023391,-0.047617,-0.121072,-0.065897,-0.125444,0.002696,0.000408
0,0.249089,-0.129114,0.10744,-0.088341,0.128152,-0.11651,0.004347,0.002253
0,0.376171,-0.065241,0.147767,0.047866,0.183691,0.046666,0.005525,0.001139
0,0.31644,0.058161,-0.061982,0.132429,-0.039718,0.175963,0.005523,0.001015
0,0.156178,0.012491,-0.149919,-0.02413,-0.158816,0.016513,0.002726,0.000218
0,0.393901,-0.068984,0.221395,-0.067954,0.230718,-0.044039,0.005216,0.001204
0,0.233897,0.09375,-0.183799,0.191924,-0.231256,0.19192,0.004082,0.001636
0,0.33028,-0.189773,0.077839,-0.26463,0.052705,-0.25932,0.005764,0.003312
0,0.129233,0.030433,-0.219541,0.203966,-0.175895,0.249855,0.002256,0.000531
0,0.335967,0.052511,0.233016,0.015031,0.219619,0.009916,0.005864,0.000916
0,0.343022,0.021564,-0.022875,-0.024515,-0.056491,-0.063735,0.005987,0.000376
0,0.334623,-0.196645,-0.023521,-0.201616,-0.008186,-0.158156,0.00584,0.003432
0,0.19342,0.035905,-0.157662,0.253808,-0.124851,0.280087,0.003376,0.000627
0,0.298434,-0.206529,0.123678,-0.214153,0.085481,-0.197342,0.005209,0.003605
0,0.076254,-0.023357,-0.227367,0.155,-0.194475,0.158323,0.001331,0.000408
0,0.152819,-0.007706,0.100273,-0.001439,0.090229,-0.021668,0.002667,0.000134
0,0.204259,-0.090814,0.058172,-0.053398,0.064987,-0.052493,0.003565,0.001585
0,0.038892,0.067441,-0.150526,0.173498,-0.13416,0.1379,0.000679,0.001177
0,-0.068092,0.074212,-0.133083,-0.000188,-0.17121,0.004337,0.001188,0.001295
0,0.003707,0.019191,0.079812,-0.038757,0.10192,-0.070747,6.5e-05,0.000335
0,0.211394,-0.03604,0.226204,-0.037658,0.191213,-0.064057,0.00369,0.000629
0,0.0452,-0.008761,-0.14767,0.034278,-0.16902,0.079052,0.000789,0.000153
0,0.13813,-0.068782,0.097329,-0.063921,0.082549,-0.072862,0.002411,0.0012
0,0.03727,-0.032388,-0.075686,0.021696,-0.103224,0.026699,0.00065,0.000565
0,0.185165,-0.129822,0.150256,-0.113574,0.15657,-0.076502,0.003232,0.002266
0,-0.015186,0.11458,-0.194915,0.27306,-0.234295,0.224437,0.000265,0.002
0,0.030294,0.122604,0.022712,0.026315,0.06744,0.040325,0.000529,0.00214
0,0.085355,0.036198,0.043501,-0.086341,0.074597,-0.068974,0.00149,0.000632
0,0.079058,0.022898,-0.033079,0.005228,-0.067347,0.003645,0.00138,0.0004
0,0.099124,-0.020919,0.011715,-0.036048,0.060683,0.005762,0.00173,0.000365
0,-0.05642,-0.149039,-0.128573,-0.12487,-0.119373,-0.137877,0.000985,0.002601
0,0.048753,0.00087,0.096079,0.164191,0.096837,0.17133,0.000851,1.5e-05
0,0.126889,-0.093096,0.08046,-0.11114,0.077945,-0.093893,0.002215,0.001625
0,0.092549,-0.141924,-0.031673,-0.045735,-0.037471,-0.088392,0.001615,0.002477
0,0.158677,-0.136917,0.041673,-0.004102,0.041402,0.010842,0.002769,0.00239
0,0.155841,-0.101496,0.012032,0.037826,-0.010919,0.059593,0.00272,0.001771
0,-0.053418,0.022364,-0.197981,0.103012,-0.204263,0.130121,0.000932,0.00039
0,0.158808,0.012228,0.183284,-0.0257,0.166294,-0.032118,0.002772,0.000213
0,0.166485,-0.084706,-0.006351,-0.110186,-0.032882,-0.113804,0.002906,0.001478
0,0.01455,-0.061997,-0.124478,0.041054,-0.110375,0.004307,0.000254,0.001082
0,0.071198,0.103826,0.039067,0.152243,-0.001319,0.159976,0.001243,0.001812
0,-0.079144,0.041999,-0.167674,-0.05327,-0.183478,-0.075925,0.001381,0.000733
0,0.02963,-0.133206,0.098608,-0.190895,0.110034,-0.150484,0.000517,0.002325
0,-0.016762,0.028053,-0.020354,0.160513,0.017775,0.116482,0.000293,0.00049
0,-0.128708,-0.146359,-0.082851,-0.165286,-0.088337,-0.123065,0.002246,0.002554
0,0.033839,-0.199554,0.177631,-0.076265,0.147032,-0.05877,0.000591,0.003483
0,0.133773,-0.032036,0.077977,0.144348,0.086016,0.144696,0.002335,0.000559
0,0.12335,-0.131951,0.008988,-0.121045,-0.011182,-0.147323,0.002153,0.002303
0,0.070702,-0.021379,-0.033844,0.097425,-0.052499,0.117629,0.001234,0.000373
0,0.052704,-0.150986,-0.025686,-0.113908,-0.025527,-0.150848,0.00092,0.002635
0,0.079749,-0.019606,0.047717,0.101808,0.078553,0.112001,0.001392,0.000342
0,-0.075573,0.062406,-0.184068,0.054002,-0.22727,0.024359,0.001319,0.001089
0,0.114688,-0.176703,0.205205,-0.213507,0.167037,-0.214682,0.002002,0.003084
0,-0.080445,-0.200401,-0.183608,-0.024812,-0.199066,-0.02268,0.001404,0.003498
0,-0.104845,-0.162129,-0.001946,0.020345,-0.010839,-0.022958,0.00183,0.00283
0,-0.18591,0.06958,-0.103772,0.24916,-0.05714,0.262726,0.003245,0.001214
0,0.052919,-0.108509,0.21008,-0.169604,0.20858,-0.152818,0.000924,0.001894
0,-0.09996,0.07772,-0.181201,0.189811,-0.146065,0.170519,0.001745,0.001356
0,-0.07215,-0.065006,0.045205,-0.149757,0.069105,-0.117299,0.001259,0.001135
0,-0.0856,0.059498,-0.043141,0.114897,-0.034096,0.138577,0.001494,0.001038
0,0.095924,0.122404,0.189739,0.056414,0.147051,0.086911,0.001674,0.002136
0,-0.11016,0.127423,-0.185868,-0.017207,-0.182801,-0.025029,0.001923,0.002224
0,-0.052604,0.081305,0.044479,-0.053202,0.065855,-0.04189,0.000918,0.001419
0,0.053883,-0.00396,0.126415,-0.07964,0.137576,-0.094838,0.00094,6.9e-05
0,0.140763,-0.064283,0.084713,-0.033636,0.066804,-0.06543,0.002457,0.001122
0,-0.070518,0.0351,-0.18216,0.102403,-0.166637,0.06027,0.001231,0.000613
0,0.086192,0.055799,0.184006,0.025197,0.144069,-0.006719,0.001504,0.000974
0,0.062067,-0.044441,-0.048692,-0.072941,-0.075963,-0.036414,0.001083,0.000776
0,-0.030412,-0.054355,-0.120768,-0.015521,-0.140417,0.020148,0.000531,0.000949
0,0.042544,-0.003031,0.100067,0.067831,0.123209,0.037132,0.000743,5.3e-05
0,0.030044,-0.065014,-0.024285,-0.054292,0.016334,-0.040004,0.000524,0.001135
0,0.196697,0.095292,0.175563,0.166635,0.129893,0.161454,0.003433,0.001663
0,0.149493,0.06067,-0.020359,-0.011338,-0.020087,0.006606,0.002609,0.001059
0,0.128127,0.110586,-0.037399,0.057543,-0.012996,0.023062,0.002236,0.00193
0,-0.036907,0.114938,-0.171732,-0.018394,-0.189639,0.012154,0.000644,0.002006
0,0.063355,-0.07643,0.12359,-0.200634,0.163372,-0.202058,0.001106,0.001334
0,0.011646,0.093266,-0.032997,0.148789,-0.013068,0.127145,0.000203,0.001628
0,-0.006074,-0.077957,0.008185,-0.17467,0.050815,-0.188784,0.000106,0.001361
0,-0.176134,-0.069466,-0.144762,-0.015977,-0.168738,-0.016598,0.003074,0.001212
0,-0.114659,0.076018,0.063856,0.128216,0.083149,0.109213,0.002001,0.001327
0,0.070495,0.083139,0.205334,-0.021153,0.25024,-0.031719,0.00123,0.001451
0,0.077475,0.005981,0.033792,-0.085535,0.039619,-0.077593,0.001352,0.000104
0,-0.154952,0.027053,-0.254585,0.020849,-0.205955,0.034663,0.002704,0.000472
0,-0.147267,-0.080989,-0.013308,-0.089133,-0.019058,-0.043067,0.00257,0.001414
0,-0.004842,-0.130459,0.146397,-0.057262,0.165882,-0.056821,8.5e-05,0.002277
0,0.122508,0.090308,0.131816,0.233386,0.131846,0.262589,0.002138,0.001576
0,0.006785,-0.066391,-0.115184,-0.17695,-0.066797,-0.144996,0.000118,0.001159
0,0.158917,-0.091147,0.13036,-0.036661,0.087899,0.010511,0.002774,0.001591
0,0.167218,0.075849,-0.01559,0.185964,0.029906,0.156128,0.002918,0.001324
0,-0.082473,-0.080314,-0.274202,-0.130913,-0.305102,-0.161131,0.001439,0.001402
0,0.081391,-0.168299,0.136102,-0.094728,0.112978,-0.138422,0.001421,0.002937
0,-0.110537,-0.065175,-0.191126,0.111383,-0.16892,0.127138,0.001929,0.001138
0,-0.055339,-0.162031,0.035708,-0.081637,0.06852,-0.111872,0.000966,0.002828
0,0.144065,-0.012384,0.209976,0.128838,0.2379,0.106595,0.002514,0.000216
0,-0.078254,-0.005351,-0.215947,-0.003573,-0.182535,0.013224,0.001366,9.3e-05
0,-0.038802,0.012221,0.029241,0.024606,-0.020369,0.05372,0.000677,0.000213
0,-0.002276,-0.025369,0.05247,-0.034538,0.046072,-0.070706,4e-05,0.000443
0,-0.094077,0.067441,-0.092764,0.098143,-0.085233,0.064387,0.001642,0.001177
0,-1.049539,0.410679,-0.983461,0.356309,-1.017092,0.3948,0.005863,0.004923
0,-2.061111,0.802143,-1.026344,0.399224,-1.039032,0.382204,0.000298,0.00191
0,-2.568525,0.771657,-0.524603,-0.019695,-0.548919,-0.015449,0.003533,0.001377
0,-3.367368,0.585865,-0.817485,-0.169355,-0.785205,-0.218451,0.001681,0.001865
0,-2.828752,0.694236,0.541529,0.119166,0.556822,0.142453,0.001009,2.6e-05
0,-2.586168,0.546794,0.254172,-0.143214,0.279861,-0.131797,0.003225,0.002547
0,-1.864597,0.28759,0.749657,-0.260057,0.72214,-0.307528,0.003728,0.005019
0,-1.44828,-0.010108,0.416653,-0.293087,0.436362,-0.327031,0.004964,0.000176
0,-9.093015,0.087272,-7.654872,0.104251,-7.611591,0.104913,0.001527,0.001523
0,-8.895526,0.090272,0.221857,-0.011607,0.198035,0.006847,0.00192,0.001576
0,-8.996268,0.059222,-0.118975,-0.016353,-0.131691,0.012818,0.000162,0.001034
0,-9.005064,-0.019274,0.011184,-0.076407,0.02803,-0.077517,8e-06,0.000336
0,-9.094581,0.045874,-0.091039,0.093436,-0.12337,0.124102,0.001554,0.000801
0,-8.974291,-0.027381,0.126652,-0.055881,0.172233,-0.09921,0.000545,0.000478
0,-9.118703,0.021337,-0.166914,0.049381,-0.186687,0.023769,0.001975,0.000372
0,-9.101472,-0.147611,0.036415,-0.161367,0.009306,-0.126384,0.001674,0.002576
0,-8.955205,-0.130754,0.143086,-0.013083,0.139395,-0.002231,0.000879,0.002282
0,-8.903921,-0.130464,0.0696,0.000294,0.022656,-0.040121,0.001774,0.002277
0,-9.132099,0.128248,-0.211871,0.262412,-0.223935,0.243309,0.002209,0.002238
0,-8.989349,0.050647,0.137995,-0.053878,0.141689,-0.06306,0.000283,0.000884
0,-9.149251,-0.004185,-0.133758,-0.030787,-0.132866,-0.053,0.002508,7.3e-05
0,-8.90034,0.049275,0.269296,0.067715,0.276317,0.08094,0.001836,0.00086
0,-8.872754,0.037761,0.047198,-0.020206,0.079854,-0.06443,0.002318,0.000659
0,-9.055526,-0.113276,-0.199266,-0.167921,-0.240236,-0.180702,0.000872,0.001977
0,-9.048229,0.097948,0.008612,0.207351,-0.012476,0.175774,0.000745,0.00171
0,-8.377373,-0.018137,0.662584,-0.112529,0.672336,-0.072089,0.001127,0.000317
0,-7.973774,-0.089854,0.408551,-0.05746,0.431791,-0.019943,0.005917,0.001568
0,-7.599103,0.069261,0.396132,0.162425,0.405537,0.176893,0.000366,0.001209
0,-7.248731,0.163749,0.369285,0.082347,0.407088,0.04608,0.005609,0.002858
0,-7.078135,-0.060416,0.190728,-0.240938,0.224856,-0.284244,0.002632,0.001054
0,-6.497127,0.081919,0.56564,0.124268,0.584067,0.121704,0.004582,0.00143
0,-6.257241,0.121102,0.218414,0.031003,0.175816,0.005103,0.000395,0.002114
0,-5.928208,0.102263,0.315017,-0.00868,0.29772,-0.02546,0.005348,0.001785
0,-5.661222,0.104309,0.263759,0.018785,0.297724,-0.025341,0.002083,0.001821
0,-5.339422,0.104886,0.325573,-0.006262,0.322741,0.034542,0.003533,0.001831
0,-5.12824,0.007412,0.225603,-0.092942,0.239345,-0.107805,0.004871,0.000129
0,-4.875907,-0.039158,0.278821,-0.046678,0.317646,-0.04061,0.000467,0.000683
0,-4.756447,-0.114988,0.1031,-0.081378,0.091393,-0.038389,0.001618,0.002007
0,-4.395187,0.004638,0.346242,0.091327,0.384053,0.095192,0.004168,8.1e-05
0,-4.316044,-0.025588,0.095727,-0.05356,0.068276,-0.020139,0.002786,0.000447
0,-3.897402,0.049798,0.415002,0.097317,0.421053,0.078149,0.00452,0.000869
0,-3.774395,-0.060745,0.133391,-0.129153,0.147704,-0.099538,0.005423,0.00106
0,-3.819334,-0.057009,-0.051604,-0.008307,-0.066231,-0.027573,0.005883,0.000995
0,-3.460303,0.049874,0.360135,0.127007,0.406749,0.109268,5.9e-05,0.00087
0,-3.274315,0.126746,0.186214,0.102332,0.230801,0.105415,0.003305,0.002212
0,-3.046682,0.116842,0.248526,-0.022719,0.276771,0.013576,0.004813,0.002039
0,-7.324415,-2.094741,-4.29444,-2.195103,-4.339162,-2.239899,0.00516,0.000289
0,-9.046728,-2.423946,-1.702128,-0.312169,-1.696229,-0.276829,0.000719,0.006034
0,-8.927582,-2.193471,0.14046,0.20765,0.123445,0.211848,0.001361,0.002012
0,-8.898865,-2.380106,0.029355,-0.168632,-0.013938,-0.156263,0.001862,0.005269
0,-9.08928,-1.842407,-0.196036,0.52098,-0.218462,0.533683,0.001462,0.004115
0,-8.988253,-1.397774,0.10678,0.45251,0.061823,0.470168,0.000302,0.000215
0,-8.988195,-1.123099,0.023558,0.244685,-0.025886,0.209885,0.000303,0.004579
0,-7.770259,-0.616031,1.246116,0.483682,1.20982,0.480909,0.002621,0.001339
0,-5.460876,-0.506255,2.320151,0.128804,2.368838,0.081552,0.001414,0.003255
0,-3.930997,-0.070292,1.516339,0.434869,1.503932,0.480195,0.003934,0.001227
0,-1.721604,-0.001222,2.193483,0.041,2.195526,0.026474,0.005867,2.1e-05
0,0.818479,0.021869,2.526295,0.049567,2.572299,0.053455,0.002195,0.000382
0,1.355805,0.218902,0.533377,0.176671,0.492227,0.140436,0.000518,0.003821
0,1.695361,0.281943,0.319742,0.037598,0.345363,0.043253,0.005409,0.004921
0,2.38965,0.224416,0.7123,-0.084826,0.66995,-0.057082,0.005436,0.003917
0,2.25862,0.353171,-0.122277,0.152869,-0.138365,0.127248,0.003149,0.005926
0,1.537733,0.426394,-0.72985,0.081903,-0.735302,0.126103,0.002658,0.004649
0,0.950669,0.260932,-0.594392,-0.146418,-0.637374,-0.113098,0.004502,0.004554
0,0.9045,0.072221,-0.066242,-0.163732,-0.022874,-0.180264,0.003696,0.00126
0,0.769226,0.179198,-0.133681,0.128716,-0.088562,0.091542,0.001335,0.003128
0,0.68341,0.031794,-0.095329,-0.161275,-0.10796,-0.137383,0.000163,0.000555
0,0.499239,0.021213,-0.189931,0.011861,-0.176496,0.022856,0.003377,0.00037
0,0.419122,-0.04042,-0.10027,-0.036554,-0.128871,-0.033685,0.004775,0.000705
0,-0.002363,-0.103519,-0.441007,-0.056174,-0.43717,-0.041104,4.1e-05,0.001807
0,-0.149413,0.152003,-0.168728,0.226994,-0.148304,0.20142,0.002608,0.002653
0,-0.54806,0.943017,-0.371765,0.789869,-0.365342,0.764387,0.002525,0.004368
0,-0.745311,1.310541,-0.199694,0.339342,-0.163483,0.338173,0.000918,0.001308
0,-0.836272,1.433375,-0.068513,0.128398,-0.067264,0.079826,0.002505,0.000836
0,-0.603172,1.347175,0.214505,-0.072027,0.189363,-0.032993,0.001563,0.000668
0,-0.550096,1.27414,0.072992,-0.070015,0.024203,-0.03336,0.00249,0.001943
0,-0.36669,1.232623,0.157467,-0.043294,0.143824,-0.069777,0.005691,0.002668
0,-0.251562,0.804596,0.09442,-0.455098,0.047538,-0.42211,0.004391,0.001952
0,-0.110856,0.590269,0.13006,-0.196086,0.098525,-0.225056,0.001935,0.001788
0,0.02452,0.466396,0.111679,-0.101017,0.102199,-0.079589,0.000428,0.00395
0,-0.155406,0.13141,-0.15622,-0.31989,-0.153823,-0.367291,0.002712,0.002294
0,-0.064896,-0.013574,0.064212,-0.151691,0.112221,-0.201616,0.001133,0.000237
0,0.01159,-0.054615,0.05096,-0.017957,0.034038,-0.031884,0.000202,0.000953
0,0.143178,-0.378311,0.153763,-0.340468,0.178938,-0.290584,0.002499,0.005488
0,0.152351,-0.403916,-0.005096,-0.013609,-0.031549,-0.00771,0.002659,0.005041
0,0.090748,-0.31343,-0.03894,0.099563,-0.076306,0.099381,0.001584,0.00547
0,0.125912,-0.057103,0.039605,0.283375,0.063554,0.329881,0.002198,0.000997
0,0.143356,-0.080543,0.026476,-0.030274,0.028104,-0.003512,0.002502,0.001406
0,0.179702,-0.090011,0.029541,-0.002195,0.052534,-0.017018,0.003136,0.001571
0,0.047839,-0.104505,-0.15399,-0.005896,-0.14627,0.02281,0.000835,0.001824
0,0.019135,-0.151642,-3.6e-05,-0.074432,0.001372,-0.038278,0.000334,0.002647
0,-0.005405,-0.077073,-0.047853,0.062525,-0.013272,0.091444,9.4e-05,0.001345
0,0.036293,-0.115647,0.049501,-0.034247,0.051165,-0.062354,0.000633,0.002018
0,0.111663,-0.05847,0.054843,0.062991,0.035277,0.060666,0.001949,0.00102
0,-0.062022,-0.008322,-0.166956,0.022563,-0.139865,0.019506,0.001082,0.000145
0,0.192661,-0.078951,0.283414,-0.066133,0.273703,-0.0386,0.003363,0.001378
0,-0.004699,-0.121325,-0.202851,-0.040807,-0.21827,0.007422,8.2e-05,0.002118
0,0.192505,0.075346,0.200747,0.225569,0.247801,0.228349,0.00336,0.001315
0,-0.047341,-0.036484,-0.242497,-0.111209,-0.207243,-0.099755,0.000826,0.000637
0,0.092423,-0.072114,0.134678,-0.008874,0.171135,-0.047549,0.001613,0.001259
0,-0.072702,-0.094829,-0.136895,-0.040319,-0.13151,0.006909,0.001269,0.001655
0,0.118993,-0.003668,0.185571,0.087358,0.168197,0.11091,0.002077,6.4e-05
0,0.134898,-0.023389,0.018552,-0.01303,0.032821,0.025789,0.002354,0.000408
0,0.211312,0.080747,0.093254,0.08204,0.130816,0.126914,0.003688,0.001409
0,-0.051499,0.085599,-0.268203,0.00094,-0.2735,0.041062,0.000899,0.001494
0,-0.028863,0.100005,0.035918,-0.002405,0.001688,-0.03316,0.000504,0.001745
0,0.102128,0.063464,0.102729,-0.046353,0.117831,-0.026546,0.001782,0.001108
0,-0.058429,-0.089968,-0.180737,-0.153054,-0.154322,-0.133701,0.00102,0.00157
0,-0.038904,0.067178,0.032994,0.182253,0.080983,0.159692,0.000679,0.001172
0,-0.031738,-0.141116,0.013322,-0.180762,-0.002981,-0.146778,0.000554,0.002463
0,0.221997,-0.178588,0.277305,-0.029163,0.23613,-0.004571,0.003875,0.003117
0,-0.032481,-0.00317,-0.281466,0.169166,-0.291079,0.145711,0.000567,5.5e-05
0,-0.017609,-0.107571,0.004523,-0.084066,-0.017038,-0.064165,0.000307,0.001877
0,0.119867,-0.002767,0.166212,0.130279,0.185295,0.107258,0.002092,4.8e-05
0,-0.01971,0.061001,-0.169103,0.0857,-0.172519,0.109112,0.000344,0.001065
0,0.103223,0.080258,0.125241,0.030737,0.107942,-0.004396,0.001802,0.001401
0,-0.086088,0.004618,-0.207013,-0.068197,-0.256974,-0.098656,0.001503,8.1e-05
0,0.064688,0.121514,0.126522,0.121861,0.154919,0.075286,0.001129,0.002121
0,-0.085644,-0.078278,-0.159019,-0.197549,-0.121986,-0.170147,0.001495,0.001366
0,-0.027901,0.153209,0.032384,0.215268,0.078508,0.189778,0.000487,0.002674
0,0.016314,-0.07189,0.052414,-0.23804,0.024472,-0.259875,0.000285,0.001255
0,-0.007623,-0.11262,-0.037795,-0.046596,-0.057997,-0.095473,0.000133,0.001966
0,0.069735,0.078153,0.081778,0.171279,0.071489,0.126948,0.001217,0.001364
0,-0.100565,0.033669,-0.146929,-0.057596,-0.103972,-0.086442,0.001755,0.000588
0,0.124455,0.127451,0.227747,0.087614,0.205359,0.071374,0.002172,0.002224
0,0.101718,-0.13035,-0.049751,-0.260201,-0.062776,-0.22142,0.001775,0.002275
0,0.05255,0.044377,-0.066278,0.196487,-0.024289,0.184717,0.000917,0.000775
0,-0.026038,-0.154876,-0.094636,-0.213683,-0.113825,-0.227299,0.000454,0.002703
0,0.095597,-0.104312,0.146194,0.077803,0.1518,0.062343,0.001668,0.001821
0,0.021956,0.013659,-0.085848,0.121793,-0.124452,0.151009,0.000383,0.000238
0,0.164252,0.115201,0.158156,0.09964,0.120006,0.105379,0.002867,0.002011
0,0.077905,-0.128061,-0.074998,-0.264438,-0.078478,-0.270957,0.00136,0.002235
0,0.142531,0.005019,0.054053,0.156669,0.08072,0.139018,0.002488,8.8e-05
0,-0.063625,-0.158519,-0.189997,-0.18299,-0.18765,-0.213088,0.00111,0.002767
0,0.046972,-0.153716,0.102722,0.012404,0.082577,-0.022606,0.00082,0.002683
0,0.028216,-0.178349,-0.011204,-0.006401,0.019608,-0.015,0.000492,0.003113
0,0.05691,-0.111652,0.028453,0.062087,0.049275,0.051478,0.000993,0.001949
0,0.135292,0.098193,0.065062,0.213258,0.085176,0.256285,0.002361,0.001714
0,0.166919,0.007066,0.046593,-0.10138,0.084393,-0.051744,0.002913,0.000123
0,0.190732,-0.033839,0.052707,-0.035514,0.051873,-0.049713,0.003329,0.000591
0,0.020012,0.037538,-0.17233,0.046718,-0.213107,0.025349,0.000349,0.000655
0,0.091652,-0.055511,0.060198,-0.072233,0.036492,-0.107599,0.0016,0.000969
0,0.122204,-0.060659,0.051668,-0.014854,0.034687,0.004412,0.002133,0.001059
0,0.237987,0.042861,0.138892,0.133135,0.149612,0.129912,0.004154,0.000748
0,0.157007,0.111353,-0.102046,0.046458,-0.079881,0.036286,0.00274,0.001943
0,0.263293,0.007581,0.089967,-0.081363,0.076086,-0.116318,0.004595,0.000132
0,0.29238,-0.006722,0.010515,-0.012759,-0.002776,-0.059069,0.005103,0.000117
0,0.091461,0.164424,-0.175755,0.18863,-0.144057,0.216896,0.001596,0.00287
0,0.228496,0.016793,0.114319,-0.148575,0.160737,-0.13231,0.003988,0.000293
0,0.133624,-0.0196,-0.086758,-0.037512,-0.061313,-0.051817,0.002332,0.000342
0,0.282687,-0.007215,0.162572,0.019127,0.183824,0.038936,0.004934,0.000126
0,0.277695,0.188096,0.000981,0.221799,0.022316,0.234626,0.004847,0.003283
0,0.030297,0.214255,-0.234407,0.042433,-0.229944,0.034332,0.000529,0.003739
0,-0.024454,0.094926,-0.04326,-0.118986,-0.012168,-0.07063,0.000427,0.001657
0,0.090977,0.095949,0.119525,-0.020503,0.148694,-0.02381,0.001588,0.001675
0,0.163987,0.071713,0.059771,-0.041276,0.10325,-0.047131,0.002862,0.001252
0,0.119766,0.080505,-0.028605,0.003406,0.020848,0.007458,0.00209,0.001405
0,0.035852,0.060477,-0.061125,-0.01637,-0.045798,-0.039833,0.000626,0.001056
0,0.132801,0.212511,0.085883,0.160416,0.070646,0.193051,0.002318,0.003709
0,0.04372,-0.016718,-0.079775,-0.258456,-0.053844,-0.260051,0.000763,0.000292
0,0.045322,0.047547,-0.020842,0.036711,-0.035878,0.071761,0.000791,0.00083
0,0.005642,0.12314,-0.063842,0.067464,-0.039585,0.031547,9.8e-05,0.002149
0,0.158357,0.131995,0.161046,0.022119,0.126399,-0.01288,0.002764,0.002304
0,-0.011987,0.185164,-0.157024,0.043223,-0.124934,0.042285,0.000209,0.003232
0,0.09415,0.145129,0.126616,-0.066384,0.080609,-0.092059,0.001643,0.002533
0,-0.065559,-0.033021,-0.183307,-0.173192,-0.146918,-0.220811,0.001144,0.000576
0,0.200229,0.130571,0.242249,0.16388,0.243399,0.173975,0.003495,0.002279
0,0.081373,0.131784,-0.098121,-0.020302,-0.06262,-0.044058,0.00142,0.0023
0,0.096465,0.137277,-0.003291,0.009006,-0.01181,-0.014434,0.001684,0.002396
0,0.084801,-0.020891,-0.012265,-0.183872,-0.024901,-0.148617,0.00148,0.000365
0,0.038476,0.120774,-0.048911,0.114662,-0.053693,0.158811,0.000672,0.002108
0,0.149683,0.008682,0.088095,-0.108685,0.120755,-0.133825,0.002612,0.000152
0,0.057434,-0.027794,-0.107741,-0.028089,-0.150407,0.00668,0.001002,0.000485
0,0.07028,0.10544,0.000919,0.119648,-0.015893,0.104939,0.001227,0.00184
0,0.112623,0.098084,0.063918,-0.018289,0.042296,-0.017754,0.001966,0.001712
0,-0.009814,-0.073472,-0.119574,-0.16373,-0.080192,-0.160133,0.000171,0.001282
0,0.114581,0.148222,0.124819,0.248642,0.120938,0.256114,0.002,0.002587
0,-0.114225,-0.066795,-0.256942,-0.222766,-0.208467,-0.173025,0.001994,0.001166
0,0.048282,0.177421,0.17117,0.235793,0.1584,0.220897,0.000843,0.003097
0,-0.11632,-0.006693,-0.162397,-0.168543,-0.212001,-0.128446,0.00203,0.000117
0,0.06112,0.099302,0.159256,0.130915,0.208976,0.166964,0.001067,0.001733
0,-0.088841,0.135065,-0.132845,0.053705,-0.121936,0.093799,0.001551,0.002357
0,-0.040291,0.14315,0.065877,-0.016576,0.062149,-0.003987,0.000703,0.002498
0,0.185366,0.136547,0.245905,-0.031446,0.210018,-0.055664,0.003235,0.002383
0,0.176891,0.187128,-0.027339,0.078654,-0.005022,0.107657,0.003087,0.003266
0,0.174724,-0.019253,-0.021185,-0.216115,-0.005787,-0.203163,0.00305,0.000336
0,-0.063311,0.07773,-0.24759,0.109153,-0.262368,0.07539,0.001105,0.001357
0,0.021452,0.07397,0.099787,-0.029778,0.126217,-0.014869,0.000374,0.001291
0,0.076217,0.134992,0.07928,0.055687,0.031244,0.050853,0.00133,0.002356
0,0.012426,0.051723,-0.061468,-0.058693,-0.099103,-0.078153,0.000217,0.000903
0,0.059821,0.124179,0.04162,0.052226,0.035707,0.016187,0.001044,0.002167
0,0.01038,0.104009,-0.07743,-0.020395,-0.029732,-0.022774,0.000181,0.001815
0,0.20425,0.062632,0.202283,-0.042974,0.229747,-0.001114,0.003565,0.001093
0,0.066172,0.15233,-0.164956,0.070284,-0.199196,0.060314,0.001155,0.002659
0,-0.028124,0.079043,-0.089515,-0.054252,-0.122506,-0.092768,0.000491,0.00138
0,0.147902,0.177419,0.174346,0.068634,0.213624,0.065018,0.002581,0.003097
0,0.166027,-0.023383,0.026319,-0.225534,-0.023668,-0.184526,0.002898,0.000408
0,0.20049,0.191651,0.0396,0.199589,0.033232,0.242825,0.003499,0.003345
0,0.017729,0.000268,-0.174696,-0.194429,-0.195101,-0.208151,0.000309,5e-06
0,0.007818,0.142068,-0.000998,0.113629,0.047555,0.116934,0.000136,0.00248
0,0.167317,-0.139246,0.148901,-0.257366,0.188749,-0.306212,0.00292,0.00243
0,0.145279,-0.114325,-0.004784,-0.001129,-0.031093,0.047857,0.002536,0.001995
0,0.106813,0.077364,-0.063267,0.17363,-0.062278,0.124692,0.001864,0.00135
0,0.151703,0.088814,0.050248,-0.002831,0.073422,0.044525,0.002648,0.00155
0,0.097707,0.072495,-0.036349,-0.027368,-0.050968,0.013443,0.001705,0.001265
0,0.222538,0.104873,0.101771,0.007919,0.058313,-0.002027,0.003884,0.00183
0,0.174221,-0.102535,-0.042039,-0.200092,-0.024076,-0.229972,0.003041,0.00179
0,0.103297,0.103861,-0.045704,0.225785,-0.057971,0.251539,0.001803,0.001813
0,0.190218,0.084619,0.089709,-0.00574,0.056973,0.001979,0.00332,0.001477
0,0.162493,0.039965,-0.014302,-0.027845,-0.056528,-0.048606,0.002836,0.000698
0,0.218995,-0.026187,0.043339,-0.037279,0.013925,-0.079826,0.003822,0.000457
0,0.152629,0.113671,-0.036757,0.167909,-0.078883,0.201625,0.002664,0.001984
0,0.072908,0.079074,-0.054696,-0.025937,-0.038748,-0.003927,0.001272,0.00138
0,0.051002,0.192406,-0.030296,0.135973,0.006163,0.132096,0.00089,0.003358
0,0.049683,-0.029628,0.024994,-0.233615,-0.003493,-0.206662,0.000867,0.000517
0,0.012094,-0.053461,-0.042812,-0.046733,-0.030975,-0.062566,0.000211,0.000933
0,0.128069,0.017245,0.113697,0.089104,0.116628,0.091746,0.002235,0.000301
0,0.029726,-0.075384,-0.103405,-0.091563,-0.058716,-0.096841,0.000519,0.001316
0,0.093736,0.085623,0.070665,0.166897,0.02204,0.176116,0.001636,0.001494
0,0.190099,-0.078275,0.102337,-0.141246,0.10865,-0.098872,0.003318,0.001366
0,0.252739,0.133352,0.087028,0.207782,0.06038,0.193618,0.004411,0.002327
0,0.201826,-0.11043,-0.034673,-0.233169,-0.014126,-0.198944,0.003523,0.001927
0,0.182719,-0.04117,0.001153,0.0956,-0.005942,0.091781,0.003189,0.000719
0,0.239629,0.049546,0.032955,0.069969,-0.00658,0.07555,0.004182,0.000865
0,0.008561,0.107292,-0.203418,0.040454,-0.18765,0.017545,0.000149,0.001873
0,0.093902,-0.005085,0.10986,-0.093294,0.142411,-0.110711,0.001639,8.9e-05
0,0.318791,0.130093,0.246363,0.111483,0.268709,0.145508,0.005564,0.002271
0,0.026025,-0.010209,-0.272622,-0.14721,-0.32106,-0.134827,0.000454,0.000178
0,0.245321,0.015936,0.241279,0.038901,0.231987,0.052227,0.004282,0.000278
0,0.018141,0.138252,-0.232048,0.143923,-0.182493,0.122006,0.000317,0.002413
0,0.272184,0.037407,0.244977,-0.081738,0.257675,-0.046552,0.004751,0.000653
0,0.099155,-0.138394,-0.16165,-0.155932,-0.139684,-0.125391,0.001731,0.002415
0,0.268343,-0.12345,0.166605,-0.001458,0.174154,-0.01902,0.004683,0.002155
0,0.177178,0.006089,-0.077726,0.138361,-0.088932,0.172808,0.003092,0.000106
0,0.083996,-0.059668,-0.071209,-0.046706,-0.076325,-0.009095,0.001466,0.001041
0,0.255497,-0.0906,0.191686,-0.02929,0.231319,0.006957,0.004459,0.001581
0,0.163582,-0.1539,-0.072392,-0.039502,-0.090678,-0.056864,0.002855,0.002686
0,0.053849,-0.168561,-0.12113,0.009165,-0.11174,0.029951,0.00094,0.002942
0,0.006601,0.035396,-0.056799,0.185746,-0.06657,0.211644,0.000115,0.000618
0,0.076065,-0.144022,0.092145,-0.173828,0.112569,-0.190783,0.001328,0.002514
0,0.090088,-0.101669,0.024239,0.02727,7e-05,0.058541,0.001572,0.001774
0,0.114837,-0.134474,0.041185,-0.053836,0.06847,-0.065092,0.002004,0.002347
0,0.184859,-0.056903,0.044453,0.06071,0.070094,0.090976,0.003226,0.000993
0,0.076552,-0.140784,-0.123365,-0.065173,-0.167038,-0.053537,0.001336,0.002457
0,0.083515,-0.104171,-0.001633,0.04406,-0.033163,0.046298,0.001458,0.001818
0,-0.013531,-0.013434,-0.098799,0.077411,-0.144665,0.111336,0.000236,0.000234
0,0.18407,-0.121078,0.197244,-0.12918,0.189587,-0.152586,0.003213,0.002113
0,0.228941,0.066243,0.031805,0.163049,0.031573,0.176661,0.003996,0.001156
0,0.287326,0.001621,0.062464,-0.066273,0.044294,-0.115994,0.005015,2.8e-05
0,0.194253,0.148444,-0.080965,0.124244,-0.109092,0.08268,0.00339,0.002591
0,0.089799,0.062424,-0.096998,-0.107184,-0.127038,-0.115038,0.001567,0.001089
0,0.247764,-0.089168,0.162665,-0.145796,0.151892,-0.136777,0.004324,0.001556
0,0.326513,0.017305,0.101241,0.103,0.060806,0.06315,0.005699,0.000302
0,0.104453,-0.105905,-0.220968,-0.10487,-0.232629,-0.150467,0.001823,0.001848
0,0.018976,0.155557,-0.056295,0.26128,-0.095676,0.284011,0.000331,0.002715
0,0.165163,0.048643,0.127482,-0.103422,0.145009,-0.053541,0.002883,0.000849
0,0.268776,0.039408,0.120379,-0.03208,0.076244,-0.06658,0.004691,0.000688
0,0.193077,0.156026,-0.08424,0.131929,-0.0926,0.104043,0.00337,0.002723
0,0.192576,-0.06895,0.023392,-0.211135,0.069182,-0.165158,0.003361,0.001203
0,0.203245,0.086876,-0.004299,0.148012,0.037953,0.175314,0.003547,0.001516
0,0.235337,0.213576,0.037368,0.14749,0.077946,0.163056,0.004107,0.003728
0,0.078879,-0.03491,-0.177012,-0.252123,-0.13742,-0.24155,0.001377,0.000609
0,0.122634,0.189842,0.03946,0.224605,0.015895,0.190608,0.00214,0.003313
0,-0.031444,0.100118,-0.180863,-0.066713,-0.147544,-0.07996,0.000549,0.001747
0,0.218545,-0.073868,0.234973,-0.181562,0.224126,-0.226316,0.003814,0.001289
0,0.023873,-0.013598,-0.191348,0.051167,-0.235432,0.058259,0.000417,0.000237
0,-0.014082,-0.104107,-0.048285,-0.07214,-0.056653,-0.049955,0.000246,0.001817
0,-0.06029,-0.045703,-0.030582,0.070367,0.002013,0.020857,0.001052,0.000798
0,-0.000179,0.125245,0.081463,0.194757,0.050022,0.18446,3e-06,0.002186
0,0.036987,0.004932,0.063689,-0.115192,0.087895,-0.077712,0.000646,8.6e-05
0,0.12257,0.134142,0.062468,0.113128,0.028176,0.110954,0.002139,0.002341
0,-0.010524,-0.122226,-0.115975,-0.285162,-0.083392,-0.264418,0.000184,0.002133
0,0.002323,0.016115,-0.003602,0.164118,0.019869,0.192735,4.1e-05,0.000281
0,-0.021728,0.034977,-0.053773,0.020066,-0.085233,0.009493,0.000379,0.00061
0,0.038687,-0.122831,0.079179,-0.184607,0.122064,-0.224411,0.000675,0.002144
0,-0.199589,-0.138509,-0.231375,-0.01501,-0.242936,-0.047558,0.003483,0.002417
0,0.03313,0.038848,0.207341,0.167466,0.22858,0.196585,0.000578,0.000678
0,-0.213817,-0.054877,-0.237645,-0.108509,-0.224217,-0.145285,0.003732,0.000958
0,-0.117523,0.022908,0.121211,0.073826,0.110092,0.040489,0.002051,0.0004
0,0.082713,-0.004379,0.205559,-0.023782,0.214828,0.002924,0.001444,7.6e-05
0,-0.05769,-0.056939,-0.133293,-0.040284,-0.125728,-0.084273,0.001007,0.000994
0,-0.108211,-0.036536,-0.020564,0.01539,0.012015,0.060447,0.001889,0.000638
0,0.048232,-0.092306,0.152577,-0.080786,0.19636,-0.123236,0.000842,0.001611
0,-0.003077,-0.120034,-0.040641,-0.022274,-0.072746,-0.000755,5.4e-05,0.002095
0,-0.190018,0.081554,-0.20032,0.201239,-0.183902,0.188541,0.003316,0.001423
0,-0.113568,-0.041622,0.105883,-0.124339,0.121572,-0.143517,0.001982,0.000726
0,-0.26023,-0.05616,-0.160514,-0.015385,-0.208455,0.026445,0.004542,0.00098
0,-0.142869,-0.139966,0.14488,-0.091239,0.099465,-0.053139,0.002494,0.002443
0,-0.090655,-0.07635,0.078174,0.04565,0.052169,0.075566,0.001582,0.001333
0,-0.07392,0.021936,0.01343,0.079048,-0.005514,0.091333,0.00129,0.000383
0,-0.315174,-0.009766,-0.234747,-0.01531,-0.262693,-0.033883,0.005501,0.00017
0,-0.079898,0.11877,0.247398,0.157753,0.251514,0.145652,0.001394,0.002073
0,-0.177445,-0.112501,-0.11975,-0.216253,-0.1134,-0.214479,0.003097,0.001964
0,-0.014293,-0.114366,0.180747,0.018418,0.208643,0.040842,0.000249,0.001996
0,-0.209664,0.084204,-0.191011,0.203833,-0.181084,0.202389,0.003659,0.00147
0,-0.16256,-0.02534,0.03847,-0.136058,0.004588,-0.12789,0.002837,0.000442
0,-0.087666,0.128965,0.065305,0.149385,0.02769,0.154433,0.00153,0.002251
0,-0.123779,-0.112014,-0.058688,-0.212169,-0.020394,-0.194699,0.00216,0.001955
0,0.100237,-0.035891,0.227306,0.066553,0.26045,0.104358,0.001749,0.000626
0,-0.008289,-0.046723,-0.088364,-0.002048,-0.125324,0.034919,0.000145,0.000815
0,0.075362,-0.131177,0.055486,-0.061837,0.084971,-0.081281,0.001315,0.002289
0,0.14098,0.062325,0.066734,0.216288,0.085939,0.257519,0.002461,0.001088
0,0.167538,-0.134615,0.05419,-0.167943,0.056381,-0.213602,0.002924,0.002349
0,0.085919,-0.127097,-0.076801,-0.008628,-0.04882,-0.05577,0.0015,0.002218
0,0.062131,-0.148872,-0.014599,0.005415,-0.003488,-0.01601,0.001084,0.002598
0,0.13532,0.136377,0.055642,0.268528,0.094492,0.259369,0.002362,0.00238
0,-0.160578,-0.116666,-0.323761,-0.28007,-0.336828,-0.316902,0.002803,0.002036
0,-0.213659,-0.004838,-0.033371,0.08803,0.015506,0.09368,0.003729,8.4e-05
0,-0.150314,0.02923,0.067051,0.05248,0.102906,0.085893,0.002623,0.00051
0,-0.076437,0.156606,0.055914,0.10711,0.077742,0.155557,0.001334,0.002733
0,-0.104494,0.071797,-0.048694,-0.106774,-0.001498,-0.058169,0.001824,0.001253
0,-0.026167,0.060095,0.060473,0.015849,0.01528,-0.019135,0.000457,0.001049
0,-0.03064,0.148487,-0.016455,0.083177,-0.063514,0.052526,0.000535,0.002592
0,-0.013338,-0.021796,0.022587,-0.142125,0.030903,-0.140677,0.000233,0.00038
0,-0.069658,0.047114,-0.065842,0.092931,-0.045917,0.05052,0.001216,0.000822
0,0.123478,0.225122,0.214103,0.204262,0.211422,0.179825,0.002155,0.003929
0,0.002793,-0.060983,-0.131987,-0.288753,-0.177768,-0.284519,4.9e-05,0.001064
0,0.063032,0.14519,0.040049,0.23316,0.008088,0.21262,0.0011,0.002534
0,0.104763,0.218771,0.03132,0.07304,0.050737,0.101601,0.001828,0.003818
0,0.092399,0.209667,-0.031849,-0.019591,-0.021898,-0.014126,0.001613,0.003659
0,0.137896,0.056848,0.062681,-0.141559,0.021229,-0.097665,0.002407,0.000992
0,-0.009805,0.200499,-0.122323,0.166176,-0.14532,0.201409,0.000171,0.003499
0,-0.06213,-0.065982,-0.065152,-0.253814,-0.029378,-0.2423,0.001084,0.001152
0,-0.025936,0.014473,0.025444,0.091908,-0.001014,0.070552,0.000453,0.000253
0,0.089894,0.101289,0.132062,0.069859,0.104525,0.040341,0.001569,0.001768
0,-0.126817,-0.014117,-0.240053,-0.133667,-0.201848,-0.093277,0.002213,0.000246
0,0.041321,-0.047838,0.156712,-0.043125,0.174986,-0.048079,0.000721,0.000835
0,-0.00965,0.019939,-0.080888,0.045355,-0.058675,-0.004527,0.000168,0.000348
0,-0.030127,-0.056667,-0.008144,-0.092532,-0.015109,-0.070983,0.000526,0.000989
0,-0.141895,0.123315,-0.123507,0.154482,-0.100871,0.146722,0.002477,0.002152
0,-0.280458,-0.072387,-0.120421,-0.194359,-0.099492,-0.199891,0.004895,0.001263
0,-0.197446,0.131896,0.104706,0.189006,0.109055,0.192737,0.003446,0.002302
0,-0.133917,-0.103289,0.065565,-0.25297,0.059003,-0.225698,0.002337,0.001803
0,-0.290388,-0.082844,-0.147456,0.027811,-0.129321,0.027475,0.005068,0.001446
0,-0.316613,-0.040467,-0.026449,0.036839,-0.01648,0.004336,0.005526,0.000706
0,-0.157082,-0.0517,0.165261,-0.026632,0.191457,-0.011074,0.002742,0.000902
0,-0.056622,-0.047889,0.096883,-0.022072,0.122287,-0.015076,0.000988,0.000836
0,-0.043977,0.014806,0.009939,0.06018,-0.028587,0.068767,0.000768,0.000258
0,-0.232197,0.140538,-0.175549,0.110757,-0.202883,0.102438,0.004053,0.002453
0,-0.245103,0.143917,-0.008215,0.008109,-0.050476,0.027147,0.004278,0.002512
0,-0.118028,-0.045115,0.13123,-0.183016,0.093595,-0.179741,0.00206,0.000787
0,-0.149565,0.060372,-0.011666,0.126798,0.00345,0.176534,0.00261,0.001054
0,-0.3361,-0.003083,-0.2021,-0.047425,-0.154995,-0.068253,0.005866,5.4e-05
0,-0.365992,0.116036,-0.03559,0.09967,-0.083323,0.145081,0.005703,0.002025
0,-0.329071,0.044673,0.033694,-0.075707,0.052445,-0.050175,0.005743,0.00078
0,-0.154411,0.014452,0.147212,-0.028347,0.098082,-0.027226,0.002695,0.000252
0,-0.235088,-0.001327,-0.087368,0.006562,-0.045778,-0.042381,0.004103,2.3e-05
0,-0.193321,-0.105863,0.025094,-0.088572,0.019674,-0.103049,0.003374,0.001848
0,-0.290326,0.015022,-0.116817,0.091935,-0.101047,0.088125,0.005067,0.000262
0,-0.07858,0.116235,0.231916,0.110286,0.263922,0.155994,0.001371,0.002029
0,-0.277341,-0.016976,-0.218188,-0.117863,-0.250067,-0.09675,0.004841,0.000296
0,1.030735,-0.127248,1.315583,-0.090219,1.312772,-0.12326,0.005899,0.002221
0,1.873623,-0.357172,0.848128,-0.244801,0.835735,-0.266556,0.003571,0.005857
0,4.0336,-0.411217,2.184167,-0.035684,2.154823,-0.037447,0.002143,0.004913
0,3.756717,-0.590531,-0.288268,-0.161534,-0.318191,-0.18261,0.005115,0.001784
0,3.217036,-0.438778,-0.556778,0.134871,-0.546113,0.177262,0.004305,0.004432
0,3.24467,-0.425704,0.010769,0.03348,0.031315,0.082128,0.003822,0.004661
0,2.224422,-0.209881,-1.049011,0.24422,-1.011907,0.23541,0.002552,0.003663
0,1.755521,0.022893,-0.475903,0.233655,-0.487374,0.227555,0.005632,0.0004
0,1.384878,0.097821,-0.390345,0.060736,-0.374299,0.061546,1e-05,0.001707
0,0.684475,0.155389,-0.725722,0.043315,-0.694532,0.073727,0.000144,0.002712
0,0.325634,0.081971,-0.387533,-0.076295,-0.422867,-0.081583,0.005683,0.001431
0,0.026761,0.198418,-0.326062,0.113679,-0.37177,0.093789,0.000467,0.003463
0,0.168004,0.117818,0.159681,-0.106933,0.142999,-0.065559,0.002932,0.002056
0,0.129568,0.08695,-0.01138,-0.026624,-0.012549,-0.068143,0.002261,0.001518
0,0.070796,0.08994,-0.030895,0.022393,-0.063149,-0.026407,0.001236,0.00157
0,0.211942,0.074026,0.150837,-0.010855,0.189826,0.038291,0.003699,0.001292
0,0.205542,0.117599,-0.034706,0.058498,-0.082125,0.026728,0.003587,0.002052
0,0.166536,0.116329,-0.06763,-0.024471,-0.056003,-0.064638,0.002907,0.00203
0,0.237003,-0.068795,0.054546,-0.213675,0.082736,-0.244444,0.004136,0.001201
0,0.197336,-0.060237,-0.026553,-0.003235,-0.032445,-0.007133,0.003444,0.001051
0,0.123067,0.116139,-0.074146,0.176756,-0.077864,0.187158,0.002148,0.002027
0,0.194596,0.063352,0.044406,-0.062488,0.03658,-0.045947,0.003396,0.001106
0,0.066722,-0.110062,-0.121417,-0.153861,-0.102568,-0.166839,0.001165,0.001921
0,0.096898,0.083989,0.039888,0.200421,0.019994,0.227151,0.001691,0.001466
0,0.124936,-0.051155,0.019067,-0.136375,0.019983,-0.135345,0.002181,0.000893
0,0.222212,-0.02531,0.125546,-0.003073,0.152184,-0.01552,0.003878,0.000442
0,0.159669,0.085218,-0.075833,0.092535,-0.11846,0.049322,0.002787,0.001487
0,0.18511,0.034088,0.044218,-0.046202,0.055089,-0.012102,0.003231,0.000595
0,0.107626,0.0779,-0.078758,0.017346,-0.03708,0.026506,0.001878,0.00136
0,0.393193,0.06775,0.313147,-0.022429,0.361298,0.00768,0.005228,0.001182
0,0.346833,-0.036385,-0.055438,-0.083123,-0.033827,-0.112977,0.006037,0.000635
0,0.094802,-0.13209,-0.223272,-0.083849,-0.269532,-0.075553,0.001655,0.002305
0,0.312941,-0.148442,0.212668,-0.027079,0.200233,-0.050615,0.005462,0.002591
0,0.291039,0.045198,-0.04451,0.165962,-0.009602,0.192755,0.00508,0.000789
0,0.309896,0.072279,0.029295,0.057004,0.027583,0.091577,0.005409,0.001262
0,0.406091,-0.152072,0.066274,-0.244435,0.038432,-0.201044,0.005003,0.002654
0,0.166933,-0.157299,-0.259442,0.016474,-0.226766,0.051598,0.002914,0.002745
0,0.287962,-0.166169,0.121546,-0.023288,0.137002,-0.053142,0.005026,0.0029
0,0.324047,0.066879,0.038167,0.251786,0.031884,0.266956,0.005656,0.001167
0,0.254092,-0.130936,-0.057679,-0.189411,-0.10685,-0.189833,0.004435,0.002285
0,0.067004,-0.07229,-0.210686,0.085611,-0.2268,0.036551,0.001169,0.001262
0,0.139635,-0.111046,0.051106,-0.029623,0.010516,-0.009443,0.002437,0.001938
0,0.233095,-0.141415,0.097624,-0.026601,0.064817,-0.049814,0.004068,0.002468
0,0.178238,-0.172296,-0.057368,-0.039193,-0.015394,-0.039445,0.003111,0.003007
0,0.175066,-0.023601,0.0171,0.165786,0.01129,0.153408,0.003055,0.000412
0,1.33909,-0.41379,1.168489,-0.407816,1.147189,-0.447978,0.000809,0.004868
0,1.99067,-1.27482,0.667904,-0.867304,0.633435,-0.855253,0.001528,0.001931
0,3.126122,-1.279225,1.116583,0.005107,1.137828,-0.031654,0.005891,0.001854
0,3.551855,-1.586725,0.4148,-0.316099,0.374152,-0.359818,0.001539,0.003513
0,3.467535,-1.411025,-0.055483,0.179888,-0.059947,0.179205,6.7e-05,0.000446
0,2.215649,-1.023495,-1.234356,0.378496,-1.186062,0.38007,0.002399,0.005773
0,1.769628,-0.894652,-0.436181,0.104355,-0.393505,0.070382,0.005386,0.003524
0,1.361636,-0.633994,-0.401433,0.264572,-0.388021,0.314123,0.000416,0.001025
0,0.454852,-0.547299,-0.933228,0.10406,-0.905816,0.14153,0.004152,0.002538
0,0.429155,-0.366339,-0.049149,0.167278,-0.090097,0.123739,0.0046,0.005697
0,-0.025784,-0.204521,-0.464322,0.14243,-0.491139,0.092563,0.00045,0.00357
0,-0.296214,0.039265,-0.265768,0.247042,-0.228656,0.20448,0.00517,0.000685
0,-0.32573,0.132695,-0.00514,0.085,0.009733,0.05048,0.005685,0.002316
0,-0.156831,0.181844,0.188188,0.036149,0.178016,0.085991,0.002737,0.003174
0,-0.180665,0.066015,-0.028826,-0.094822,0.014884,-0.128842,0.003153,0.001152
0,-0.219829,-0.076858,-0.066747,-0.148912,-0.078518,-0.12952,0.003837,0.001341
0,-0.237994,0.038271,-0.033664,0.104689,-0.046037,0.081846,0.004154,0.000668
0,-0.256335,0.052561,-0.020439,0.03615,-0.030192,0.021342,0.004474,0.000917
0,-0.157583,0.075099,0.088863,0.023851,0.064077,0.029573,0.00275,0.001311
0,-0.313452,-0.105146,-0.128891,-0.17227,-0.084986,-0.176757,0.005471,0.001835
0,-0.14227,0.007005,0.163035,0.111652,0.191344,0.134299,0.002483,0.000122
0,-0.195346,0.002611,-0.075407,-0.033161,-0.053725,-0.019143,0.003409,4.6e-05
0,-0.323341,0.057049,-0.098776,0.076419,-0.131881,0.048725,0.005643,0.000996
0,-0.143572,0.144074,0.191348,0.085361,0.235363,0.048444,0.002506,0.002515
0,-0.30295,0.041057,-0.182875,-0.078987,-0.155033,-0.102981,0.005287,0.000717
0,-0.134327,0.092002,0.197053,0.075105,0.168843,0.062335,0.002344,0.001606
0,-0.177891,0.017937,-0.054537,-0.091979,-0.006423,-0.076354,0.003105,0.000313
0,-0.165154,0.140884,0.000877,0.119832,-0.019486,0.097958,0.002882,0.002459
0,-0.282511,-0.011873,-0.087842,-0.169758,-0.118447,-0.2048,0.004931,0.000207
0,-0.105625,0.012367,0.168408,0.011596,0.164205,0.049832,0.001844,0.000216
0,-0.240818,0.098882,-0.115784,0.089076,-0.143399,0.076321,0.004203,0.001726
0,-0.280067,-0.011288,-0.052226,-0.128323,-0.046998,-0.120994,0.004888,0.000197
0,-0.11908,-0.018716,0.171062,-0.011165,0.127583,-0.047489,0.002078,0.000327
0,-0.254396,0.048909,-0.142488,0.078179,-0.098631,0.083922,0.00444,0.000854
0,-0.052254,0.078232,0.214015,0.04489,0.174228,0.078096,0.000912,0.001365
0,-0.191601,-0.07331,-0.168711,-0.138955,-0.1191,-0.187372,0.003344,0.00128
0,-0.064979,0.10481,0.149445,0.194669,0.116911,0.178008,0.001134,0.001829
0,-0.210512,0.007001,-0.162607,-0.087892,-0.12801,-0.112335,0.003674,0.000122
0,-0.319678,0.15813,-0.085768,0.126019,-0.123164,0.124307,0.005579,0.00276
0,-0.331032,0.155926,-0.007394,0.021424,-0.006861,0.048949,0.005778,0.002721
0,-0.157694,-0.043555,0.198049,-0.193984,0.235854,-0.178578,0.002752,0.00076
0,-0.248904,-0.065705,-0.116006,-0.010524,-0.121173,-0.04512,0.004344,0.001147
0,-0.348917,0.103901,-0.105353,0.180946,-0.070056,0.218007,0.006001,0.001813
0,-0.360578,0.127718,-0.016777,0.007807,-0.025982,-0.024425,0.005797,0.002229
0,-0.301996,0.144327,0.084439,-0.00748,0.076449,-0.041838,0.005271,0.002519
0,-0.298035,0.11733,-0.011163,-0.00518,-0.040887,-0.034531,0.005202,0.002048
0,-0.319598,0.07071,-0.010901,-0.035213,0.038143,-0.00417,0.005578,0.001234
0,-0.121873,0.065051,0.226426,-0.005663,0.229393,0.01701,0.002127,0.001135
0,-0.087242,0.101389,0.040335,0.054272,0.074052,0.006407,0.001523,0.00177
0,-0.05738,0.134117,0.014993,0.03929,-0.023024,0.086766,0.001001,0.002341
0,-0.021863,-0.0624,0.006545,-0.183921,0.024063,-0.175788,0.000382,0.001089
0,-0.04491,0.129646,-0.019726,0.169623,0.016952,0.216672,0.000784,0.002263
0,-0.086122,0.115109,-0.013741,-0.007905,6e-05,-0.031598,0.001503,0.002009
0,-0.144086,0.161227,-0.0495,0.058311,-0.091236,0.067395,0.002515,0.002814
0,-0.196496,0.11639,-0.02529,-0.028811,-0.022363,-0.038968,0.003429,0.002031
0,0.043834,-0.011846,0.269913,-0.100088,0.267515,-0.115607,0.000765,0.000207
0,-0.141947,-0.048445,-0.175711,-0.036095,-0.128812,0.000995,0.002477,0.000846
0,-0.032649,0.028751,0.091447,0.091596,0.128809,0.096482,0.00057,0.000502
0,-0.078366,0.142343,-0.065505,0.112961,-0.019317,0.095061,0.001368,0.002484
0,0.129212,0.076225,0.220805,-0.0862,0.233733,-0.045835,0.002255,0.00133
0,0.106499,-0.103285,-0.005721,-0.203114,0.022549,-0.244499,0.001859,0.001803
0,-0.117858,0.046836,-0.228489,0.158679,-0.238053,0.201372,0.002057,0.000817
0,-0.079584,-0.018616,0.050361,-0.052453,0.02274,-0.028545,0.001389,0.000325
0,-0.033414,-0.156177,0.070486,-0.139841,0.083173,-0.102658,0.000583,0.002726
0,-0.122633,0.101281,-0.1191,0.244603,-0.110542,0.21223,0.00214,0.001768
0,-0.125249,0.082837,-0.020501,-0.014392,-0.062664,1.3e-05,0.002186,0.001446
0,-0.112751,-0.129352,-0.001716,-0.212625,0.00983,-0.23702,0.001968,0.002258
0,0.1309,-0.070406,0.21768,0.078204,0.254215,0.075906,0.002285,0.001229
0,0.204936,-0.117855,0.087199,-0.023213,0.107299,-0.012398,0.003577,0.002057
0,0.055879,-0.017748,-0.171692,0.109112,-0.1681,0.156304,0.000975,0.00031
0,0.114046,-0.184315,0.050871,-0.183765,0.089159,-0.160902,0.00199,0.003217
0,0.092849,-0.19365,0.007609,-0.012722,-0.029561,-0.022224,0.001621,0.00338
0,-0.127262,-0.088227,-0.197835,0.097452,-0.226384,0.095293,0.002221,0.00154
0,0.088884,-0.091007,0.242387,-0.002589,0.228083,0.019853,0.001551,0.001588
0,-0.045339,-0.184405,-0.140368,-0.122717,-0.183339,-0.085833,0.000791,0.003218
0,-0.032434,-0.173376,0.040644,0.024327,0.045017,0.019148,0.000566,0.003026
0,0.049474,-0.196498,0.110957,-0.041271,0.127485,0.000246,0.000863,0.00343
0,-0.079921,-0.208855,-0.140968,-0.014045,-0.153523,-0.059991,0.001395,0.003645
0,-0.117487,-0.233872,-0.065351,0.002051,-0.102188,-0.04346,0.002051,0.004082
0,0.113525,-0.242764,0.253888,-0.014234,0.227693,0.02944,0.001981,0.004237
0,-0.160561,0.012178,-0.245415,0.261675,-0.237089,0.268576,0.002802,0.000213
0,0.074918,-0.240639,0.23887,-0.276458,0.246657,-0.28722,0.001308,0.0042
0,0.007641,-0.052658,-0.086786,0.167082,-0.07525,0.176251,0.000133,0.000919
0,-0.080062,0.040163,-0.11438,0.090847,-0.106632,0.078033,0.001397,0.000701
0,-0.091204,0.049595,-0.019504,0.013353,-0.032269,0.029659,0.001592,0.000866
0,0.099451,0.0723,0.198912,0.018618,0.187469,0.004324,0.001736,0.001262
0,0.019928,0.094207,-0.092643,0.029148,-0.064687,0.021622,0.000348,0.001644
0,0.060648,0.109802,0.016701,0.038772,0.026613,0.05465,0.001058,0.001916
0,0.010669,0.000234,-0.024223,-0.137776,0.021166,-0.129438,0.000186,4e-06
0,0.081796,0.051366,0.067096,0.053961,0.114352,0.071513,0.001428,0.000897
0,-0.1816,-0.133605,-0.2397,-0.171901,-0.23334,-0.175098,0.00317,0.002332
0,-0.219448,-0.155014,-0.035444,0.000682,-0.019814,0.022323,0.00383,0.002705
0,-0.065123,-0.139196,0.15621,0.031605,0.154149,0.015095,0.001137,0.002429
0,-0.149345,-0.148152,-0.087035,0.001817,-0.093693,0.040813,0.002607,0.002586
0,-0.037225,-0.051508,0.104107,0.075376,0.06887,0.054735,0.00065,0.000899
0,-0.104086,-0.122878,-0.07151,-0.078877,-0.074833,-0.125188,0.001817,0.002145
0,0.123386,0.126929,0.241436,0.224226,0.225426,0.245457,0.002153,0.002215
0,0.134845,-0.015017,-0.004433,-0.134939,0.000491,-0.098394,0.002353,0.000262
0,0.127281,0.08749,0.006471,0.077585,-0.003821,0.119073,0.002221,0.001527
0,-0.030694,0.099848,-0.131483,0.041802,-0.151503,0.008589,0.000536,0.001743
0,0.130477,0.13827,0.166015,0.047663,0.194962,0.054347,0.002277,0.002413
0,0.152942,0.044464,0.009144,-0.067638,-0.025933,-0.022336,0.002669,0.000776
0,0.069383,0.125621,-0.074574,0.102408,-0.096073,0.110292,0.001211,0.002192
0,0.166755,0.003118,0.094274,-0.132833,0.05434,-0.114586,0.00291,5.4e-05
0,0.012705,0.085632,-0.139397,0.057854,-0.150407,0.099569,0.000222,0.001495
0,0.147161,-0.068933,0.149716,-0.165755,0.106907,-0.182367,0.002568,0.001203
0,-0.033693,0.014286,-0.189309,0.074256,-0.210467,0.105468,0.000588,0.000249
0,-0.130706,0.03657,-0.069841,-0.002874,-0.055624,-0.005468,0.002281,0.000638
0,0.151724,0.029338,0.309103,0.011369,0.304915,0.017784,0.002648,0.000512
0,0.072346,-0.053762,-0.069403,-0.054165,-0.072228,-0.056062,0.001263,0.000938
0,0.141723,-0.112794,0.057441,-0.062242,0.078119,-0.049789,0.002474,0.001969
0,0.081293,0.129645,-0.087948,0.228084,-0.124583,0.189954,0.001419,0.002263
0,0.011007,-0.050818,-0.044058,-0.20577,-0.055088,-0.186104,0.000192,0.000887
0,0.094036,-0.129853,0.062779,-0.101609,0.049135,-0.076751,0.001641,0.002266
0,-9.9e-05,0.062975,-0.108007,0.208087,-0.15006,0.251251,2e-06,0.001099
0,-0.031075,-0.062562,-0.008562,-0.154371,-0.027371,-0.157864,0.000542,0.001092
0,-0.092107,-0.094515,-0.049606,-0.046319,-0.065123,-0.040971,0.001608,0.00165
0,0.099688,0.060057,0.173986,0.137287,0.190053,0.122799,0.00174,0.001048
0,-0.056014,-0.078677,-0.165601,-0.146157,-0.127849,-0.113587,0.000978,0.001373
0,0.141875,-0.005512,0.217629,0.079671,0.168813,0.031727,0.002476,9.6e-05
0,-0.157265,0.146999,-0.290783,0.139216,-0.30702,0.115089,0.002745,0.002566
0,-0.055212,-0.089608,0.127739,-0.231712,0.13437,-0.202903,0.000964,0.001564
0,-0.125448,-0.012828,-0.083553,0.053339,-0.041212,0.04445,0.002189,0.000224
0,-0.001269,0.049,0.106339,0.054015,0.095885,0.094919,2.2e-05,0.000855
0,-0.126636,-0.075124,-0.118877,-0.114394,-0.139426,-0.128028,0.00221,0.001311
0,-0.238657,0.063365,-0.083605,0.130253,-0.036876,0.176551,0.004165,0.001106
0,-0.118952,0.175968,0.135903,0.129689,0.094126,0.092039,0.002076,0.003071
0,-0.013704,0.052781,0.103133,-0.125565,0.05884,-0.1337,0.000239,0.000921
0,-0.133346,-0.031805,-0.128748,-0.112732,-0.157372,-0.137702,0.002327,0.000555
0,-0.059964,0.068858,0.076961,0.112284,0.036234,0.122346,0.001047,0.001202
0,-0.093465,0.195778,-0.032821,0.156314,-0.006021,0.167448,0.001631,0.003417
0,-0.102481,0.150294,-0.027439,-0.022058,-0.02829,0.026351,0.001789,0.002623
0,-0.133255,0.136985,-0.039634,0.015758,-0.030226,0.039361,0.002326,0.002391
0,-0.249275,0.026265,-0.106419,-0.11146,-0.090872,-0.147364,0.004351,0.000458
0,-0.218042,-0.010007,0.003279,-0.01365,0.050081,-0.053554,0.003806,0.000175
0,-0.284559,0.150371,-0.085766,0.136723,-0.048095,0.105441,0.004966,0.002624
0,-0.251234,-0.070743,0.045009,-0.224806,0.002464,-0.190312,0.004385,0.001235
0,-0.17209,0.011969,0.083897,0.105597,0.122755,0.089803,0.003004,0.000209
0,-0.326448,0.091815,-0.141953,0.093456,-0.153812,0.096273,0.005698,0.001602
0,-0.169882,0.169896,0.156277,0.061999,0.123447,0.105461,0.002965,0.002965
0,-0.208317,0.138765,-0.057915,-0.049076,-0.059748,-0.055579,0.003636,0.002422
0,-0.334983,0.031932,-0.131067,-0.13289,-0.12845,-0.125891,0.005847,0.000557
0,-0.04723,0.08171,0.297097,0.043799,0.31546,0.069423,0.000824,0.001426
0,0.003848,-0.002178,0.022202,-0.084325,0.046138,-0.040933,6.7e-05,3.8e-05
0,-0.073575,-0.055161,-0.089467,-0.081141,-0.082732,-0.106957,0.001284,0.000963
0,-0.252207,-0.025725,-0.198355,0.007526,-0.187976,-0.006146,0.004402,0.000449
0,-0.023345,-0.148171,0.218718,-0.15018,0.173257,-0.138333,0.000407,0.002586
0,-0.142295,0.014271,-0.096886,0.188371,-0.102692,0.211352,0.002484,0.000249
0,-0.109065,0.119721,0.029062,0.128323,-0.020112,0.138087,0.001904,0.00209
0,-0.115452,0.108591,-0.003251,-0.040624,0.018514,-0.021939,0.002015,0.001895
0,-0.011251,-0.040897,0.106844,-0.174887,0.062426,-0.212905,0.000196,0.000714
0,-0.013738,0.044423,-0.022443,0.109221,0.003865,0.104248,0.00024,0.000775
0,-0.049524,-0.042792,-0.039284,-0.089545,-0.062317,-0.047459,0.000864,0.000747
0,-0.025169,-0.081429,0.010209,-0.054893,0.050425,-0.026422,0.000439,0.001421
0,-0.118732,-0.056972,-0.098919,0.01987,-0.072369,0.02205,0.002072,0.000994
0,0.033589,-0.082932,0.170703,-0.024394,0.13027,-0.026887,0.000586,0.001447
0,0.028085,0.054941,-0.014102,0.150229,-0.054595,0.119142,0.00049,0.000959
0,-0.124948,0.043558,-0.179514,-0.030735,-0.210874,-0.055419,0.002181,0.00076
0,-0.049781,-0.017418,0.067534,-0.033492,0.104598,-0.080994,0.000869,0.000304
0,1.005859,-1.620157,1.063913,-1.586037,1.018382,-1.540233,0.005465,0.004096
0,1.519846,-1.825066,0.504073,-0.200925,0.500912,-0.22072,0.002345,0.004418
0,1.862484,-2.196892,0.33057,-0.384896,0.318791,-0.335263,0.003765,0.002072
0,2.477906,-2.265784,0.635893,-0.042042,0.612931,-0.041956,0.005114,0.003274
0,2.26429,-1.771143,-0.241168,0.487168,-0.277449,0.4769,0.003248,0.005359
0,1.441825,-1.254714,-0.844052,0.4909,-0.883969,0.493038,0.000984,0.002282
0,1.166861,-1.010499,-0.266343,0.270692,-0.241926,0.315229,0.003815,0.005546
0,0.927324,-0.824195,-0.226238,0.177175,-0.220285,0.151929,0.004094,0.002294
0,0.720637,-0.453121,-0.235393,0.380659,-0.28229,0.381162,0.000487,0.004182
0,0.45196,-0.140725,-0.272872,0.332738,-0.289785,0.344832,0.004202,0.002456
0,0.010709,0.030213,-0.440759,0.161439,-0.48651,0.167823,0.000187,0.000527
0,0.16022,0.066191,0.168108,0.029163,0.149967,0.068217,0.002796,0.001155
0,0.11942,0.001899,-0.026518,-0.064025,-0.021109,-0.043732,0.002084,3.3e-05
0,-0.103381,0.032251,-0.227696,0.039019,-0.229881,0.048889,0.001804,0.000563
0,-0.018619,0.070171,0.079971,0.059001,0.120336,0.040447,0.000325,0.001225
0,-0.105203,0.123525,-0.098947,0.049741,-0.108962,0.061506,0.001836,0.002156
0,-0.023459,-0.011975,0.05988,-0.16222,0.027023,-0.128886,0.000409,0.000209
0,-0.065287,0.132835,-0.044477,0.150303,-0.000936,0.150207,0.001139,0.002318
0,-0.122841,0.198429,-0.079058,0.07019,-0.030309,0.022458,0.002144,0.003463
0,-0.222335,-0.028518,-0.08155,-0.202105,-0.117769,-0.174535,0.00388,0.000498
0,0.030316,0.097255,0.233542,0.128247,0.220359,0.132504,0.000529,0.001697
0,-0.032519,0.202619,-0.035676,0.089369,0.009536,0.057766,0.000568,0.003536
0,-0.107124,0.026531,-0.059859,-0.150475,-0.04572,-0.182731,0.00187,0.000463
0,0.05479,0.049869,0.140509,0.035398,0.18283,-0.008761,0.000956,0.00087
0,-0.123735,0.08029,-0.201271,0.059038,-0.213196,0.018715,0.00216,0.001401
0,-0.023464,0.152511,0.107674,0.074995,0.123091,0.064444,0.00041,0.002662
0,0.008419,0.198367,0.005345,0.065144,-0.008861,0.113957,0.000147,0.003462
0,0.000275,0.156157,0.018043,-0.044735,0.036888,0.001227,5e-06,0.002725
0,0.105468,0.026947,0.081198,-0.132503,0.064438,-0.117908,0.001841,0.00047
0,-0.150702,0.083464,-0.231853,0.07176,-0.249493,0.026312,0.00263,0.001457
0,-0.076659,-0.015368,0.059243,-0.110529,0.022132,-0.086824,0.001338,0.000268
0,0.016743,0.073836,0.11095,0.067111,0.084482,0.083236,0.000292,0.001289
0,0.052124,-0.019009,0.032037,-0.105633,-0.007255,-0.064485,0.00091,0.000332
0,-0.074747,0.037984,-0.105122,0.045713,-0.129112,0.02057,0.001305,0.000663
0,0.008932,0.117488,0.107923,0.107761,0.134989,0.080895,0.000156,0.002051
0,-0.081953,-0.06401,-0.078412,-0.204388,-0.055924,-0.252456,0.00143,0.001117
0,-0.136301,-0.063628,-0.040995,0.030167,-0.02785,0.00711,0.002379,0.001111
0,-0.069243,-0.074897,0.080891,-0.024647,0.092157,-0.059356,0.001209,0.001307
0,-0.113893,-0.113567,-0.034033,-0.011385,-0.043923,0.031185,0.001988,0.001982
0,-0.166642,0.179943,-0.039308,0.293998,0.008917,0.322949,0.002908,0.003141
0,-0.2023,-0.091224,-0.0199,-0.275586,-0.05368,-0.261976,0.003531,0.001592
0,-0.072522,-0.029929,0.10287,0.073362,0.064763,0.115026,0.001266,0.000522
0,0.042988,0.101932,0.107419,0.115736,0.063711,0.098189,0.00075,0.001779
0,-0.227815,-0.109385,-0.262273,-0.184276,-0.232452,-0.152865,0.003976,0.001909
0,-0.074791,0.070465,0.172654,0.181377,0.208051,0.139723,0.001305,0.00123
0,-0.244737,0.065895,-0.187278,0.015857,-0.160269,-0.016183,0.004271,0.00115
0,-0.099165,0.113728,0.146661,0.070492,0.194033,0.038584,0.001731,0.001985
0,0.114218,0.028106,0.192315,-0.087876,0.169329,-0.115923,0.001993,0.000491
0,0.067869,-0.11763,-0.04614,-0.115771,-0.07782,-0.093561,0.001185,0.002053
0,0.092845,0.132918,0.017125,0.272849,-0.015927,0.316851,0.00162,0.00232
0,-0.06926,-0.092642,-0.191911,-0.208216,-0.15889,-0.222217,0.001209,0.001617
0,0.178822,-0.025,0.257307,0.047105,0.265879,0.0623,0.003121,0.000436
0,-0.011033,-0.07554,-0.179967,-0.024321,-0.189652,-0.044553,0.000193,0.001318
0,-2.06357,0.494606,-2.035306,0.599426,-1.991559,0.560143,0.000255,0.003458
0,-3.525371,1.637373,-1.46021,1.150896,-1.455396,1.169049,0.001077,0.004397
0,-3.089244,2.220705,0.443852,0.57768,0.484562,0.564334,0.005556,0.002487
0,-3.348722,2.072315,-0.264995,-0.131862,-0.281969,-0.09257,0.002006,0.000103
0,-3.244445,1.742537,0.104463,-0.3551,0.055268,-0.311115,0.003826,0.005858
0,-2.518725,1.248435,0.712841,-0.52223,0.718346,-0.52268,0.004402,0.002392
0,-1.881022,0.629416,0.639316,-0.614082,0.619611,-0.626461,0.003441,0.001105
0,-1.081708,0.485161,0.825911,-0.174081,0.843065,-0.200259,0.005302,0.003623
0,-0.593151,0.214175,0.490417,-0.274434,0.504201,-0.299033,0.001738,0.003738
0,-0.002031,0.091375,0.606763,-0.117079,0.637685,-0.094694,3.5e-05,0.001595
0,0.50991,0.030875,0.527753,-0.08582,0.484575,-0.039839,0.003191,0.000539
0,0.791619,-0.032732,0.287455,-0.065175,0.237522,-0.103376,0.001726,0.000571
0,0.738925,-0.035546,-0.075591,-0.015389,-0.070115,-0.008781,0.000806,0.00062
0,0.732692,-0.208878,-0.005713,-0.172257,-0.046432,-0.146025,0.000697,0.003646
0,0.703754,-0.067193,-0.012375,0.114433,-0.047034,0.066643,0.000192,0.001173
0,0.34587,-0.01713,-0.348508,0.027183,-0.357624,0.039734,0.006037,0.000299
0,-1.287223,1.327278,-1.615272,1.337878,-1.65869,1.316751,0.001715,0.001016
0,-2.836347,1.904363,-1.539379,0.581662,-1.553976,0.581236,0.001142,0.003034
0,-2.801333,1.834469,0.007216,-0.070433,0.014084,-0.079933,0.000531,0.004254
0,-3.552329,1.52683,-0.73535,-0.30175,-0.762866,-0.350439,0.001547,0.002467
0,-2.722573,1.795324,0.846798,0.278665,0.881958,0.269207,0.000844,0.004937
0,-2.249264,1.992227,0.493786,0.216304,0.497917,0.242116,0.002986,0.001501
0,-1.583803,1.373584,0.647841,-0.608274,0.662142,-0.593537,0.003462,0.000207
0,-1.195535,1.148851,0.413372,-0.248364,0.422094,-0.254793,0.003315,0.00413
0,-0.793352,0.681554,0.389626,-0.447817,0.370507,-0.455775,0.001756,0.000195
0,-0.356982,0.369771,0.406794,-0.302014,0.442823,-0.344546,0.00586,0.005637
0,-0.171944,-0.07217,0.206068,-0.442947,0.198213,-0.407076,0.003001,0.00126
0,0.051112,0.069267,0.208598,0.118429,0.162666,0.092133,0.000892,0.001209
0,0.119892,-0.044622,0.093315,-0.092366,0.095051,-0.073741,0.002093,0.000779
0,0.35403,-0.129494,0.220143,-0.059514,0.237576,-0.026808,0.005911,0.00226
0,0.342846,-0.108587,-0.037873,0.006713,-0.051853,0.048738,0.005984,0.001895
0,0.213274,-0.238555,-0.108551,-0.103332,-0.103427,-0.12653,0.003722,0.004164
0,0.255845,-0.35275,0.050677,-0.131661,0.03573,-0.146432,0.004465,0.005934
0,0.223216,-0.301603,-0.054593,0.040539,-0.038591,0.066501,0.003896,0.005264
0,0.209154,-0.258473,-0.029911,0.02411,0.005678,0.064715,0.00365,0.004511
0,0.320473,-0.246789,0.122125,0.036715,0.132583,0.03965,0.005593,0.004307
0,0.073006,-0.061949,-0.235783,0.156318,-0.225413,0.191319,0.001274,0.001081
0,0.061218,-0.197737,-0.008769,-0.114384,0.017198,-0.159302,0.001068,0.003451
0,0.20184,-0.290111,0.141246,-0.112909,0.124616,-0.114407,0.003523,0.005063
0,0.344259,-0.061622,0.132529,0.256319,0.126641,0.297877,0.006008,0.001076
0,0.139713,-0.233108,-0.197236,-0.158563,-0.216228,-0.118326,0.002438,0.004068
0,0.064037,-0.20515,-0.105623,0.054168,-0.100014,0.00739,0.001118,0.003581
0,0.075075,-0.066094,0.003086,0.120044,-0.01482,0.116227,0.00131,0.001154
0,0.262779,-0.107308,0.209612,-0.068749,0.226571,-0.01987,0.004586,0.001873
0,0.114533,-0.222291,-0.177868,-0.132684,-0.169077,-0.166387,0.001999,0.00388
0,0.198935,-0.047954,0.08462,0.200008,0.035304,0.220209,0.003472,0.000837
0,0.124294,-0.207603,-0.08566,-0.130766,-0.06655,-0.13633,0.002169,0.003623
0,0.242208,-0.238386,0.096648,-0.018919,0.129964,-0.006632,0.004227,0.004161
0,0.088417,-0.011218,-0.181184,0.204365,-0.181777,0.215841,0.001543,0.000196
0,0.168484,-0.168245,0.084828,-0.170217,0.073128,-0.130658,0.002941,0.002936
0,0.323849,-0.009703,0.137274,0.186413,0.090146,0.158723,0.005652,0.000169
0,0.360415,-0.005416,0.027846,0.033021,0.032846,0.024739,0.0058,9.5e-05
0,0.11015,-0.136667,-0.258385,-0.121419,-0.226803,-0.167193,0.001922,0.002385
0,0.26444,-0.061273,0.14792,0.059487,0.114558,0.039512,0.004615,0.001069
0,0.070986,0.065681,-0.219168,0.135839,-0.246339,0.15136,0.001239,0.001146
0,0.188888,0.014311,0.117028,-0.050311,0.115214,-0.057336,0.003297,0.00025
0,0.010315,-0.104886,-0.17214,-0.145152,-0.212997,-0.143573,0.00018,0.001831
0,0.051518,-0.095182,0.039404,-0.004321,0.075419,0.004843,0.000899,0.001661
0,0.082664,-0.204948,0.042486,-0.110819,0.07898,-0.142394,0.001443,0.003577
0,0.219896,-0.19919,0.158957,0.02644,0.133829,0.072318,0.003838,0.003477
0,0.191705,-0.063052,-0.019422,0.143856,0.004922,0.119778,0.003346,0.0011
0,0.130381,-0.203382,-0.049786,-0.153358,-0.017572,-0.179134,0.002276,0.00355
0,0.120486,-0.174968,-0.024087,0.050702,0.015106,0.051736,0.002103,0.003054
0,0.19988,0.055422,0.092226,0.228485,0.117608,0.206785,0.003489,0.000967
0,-0.009857,-0.032957,-0.210413,-0.101655,-0.186151,-0.062079,0.000172,0.000575
0,0.126227,-0.154748,0.132307,-0.136626,0.152964,-0.097824,0.002203,0.002701
0,-0.081534,0.000738,-0.212247,0.148162,-0.193579,0.16005,0.001423,1.3e-05
0,0.022179,-0.035977,0.102283,-0.033843,0.125267,-0.047394,0.000387,0.000628
0,0.05844,-0.000822,0.022431,0.054012,-0.017728,0.018263,0.00102,1.4e-05
0,0.036692,0.005877,-0.043584,0.006972,-0.08349,7.1e-05,0.00064,0.000103
0,0.101863,-0.205496,0.085082,-0.219525,0.101453,-0.192385,0.001778,0.003587
0,0.238677,-0.109545,0.106857,0.079912,0.065176,0.101002,0.004166,0.001912
0,0.001971,0.038571,-0.263912,0.159074,-0.234816,0.116749,3.4e-05,0.000673
0,0.190076,-0.128013,0.183106,-0.179653,0.180912,-0.137442,0.003317,0.002234
0,0.054102,-0.074505,-0.116783,0.051512,-0.14836,0.066595,0.000944,0.0013
0,0.136036,0.074667,0.078276,0.159118,0.093065,0.176936,0.002374,0.001303
0,0.046097,0.017505,-0.059971,-0.071058,-0.038329,-0.054685,0.000805,0.000306
0,0.141998,-0.173632,0.0964,-0.174835,0.11885,-0.141046,0.002478,0.00303
0,0.105249,-0.089056,-0.008109,0.083219,-0.001471,0.076731,0.001837,0.001554
0,0.051577,0.124119,-0.055338,0.194609,-0.103495,0.226923,0.0009,0.002166
0,0.232642,0.007746,0.174372,-0.105647,0.182443,-0.138558,0.00406,0.000135
0,0.083055,-0.118392,-0.176454,-0.12742,-0.214188,-0.090953,0.00145,0.002066
0,0.031691,-3e-05,-0.047479,0.088971,0.002337,0.044789,0.000553,1e-06
0,0.069578,-0.101424,0.053835,-0.093706,0.083887,-0.072325,0.001214,0.00177
0,0.003567,0.084994,-0.039739,0.193554,-0.038794,0.14672,6.2e-05,0.001483
0,0.017642,0.13177,0.037598,0.043576,0.013478,0.071184,0.000308,0.0023
0,0.214811,-0.075747,0.220381,-0.211902,0.176204,-0.169699,0.003749,0.001322
0,-0.036258,-0.092566,-0.277337,0.00624,-0.242705,-0.015381,0.000633,0.001616
0,0.124217,0.120038,0.178265,0.195949,0.150209,0.202369,0.002168,0.002095
0,0.151201,0.170626,0.016524,0.059697,-0.021027,0.087168,0.002639,0.002978
0,-0.096076,-0.04516,-0.263279,-0.191055,-0.251205,-0.190492,0.001677,0.000788
0,-0.090879,0.126707,0.026799,0.158448,0.069183,0.1265,0.001586,0.002211
0,-0.024567,-0.07977,0.058752,-0.176663,0.072916,-0.225695,0.000429,0.001392
0,0.001278,-0.040355,0.005091,0.044897,-0.040746,0.078006,2.2e-05,0.000704
0,-0.123957,0.024121,-0.134425,0.070181,-0.169311,0.034513,0.002163,0.000421
0,0.015418,-0.086368,0.121424,-0.089937,0.147434,-0.116356,0.000269,0.001507
0,0.021997,0.026774,0.006818,0.092839,0.055278,0.091698,0.000384,0.000467
0,0.031409,0.120144,0.019963,0.110448,0.049805,0.156445,0.000548,0.002097
0,-0.07962,-0.030319,-0.101918,-0.141264,-0.057553,-0.130322,0.00139,0.000529
0,-0.120625,0.044692,-0.046168,0.059298,-0.022599,0.099876,0.002105,0.00078
0,-0.127104,0.114955,-0.020993,0.05315,0.013259,0.016785,0.002218,0.002006
0,-0.234488,0.102289,-0.111621,-0.021794,-0.096523,-0.017809,0.004093,0.001785
0,-0.160892,-0.027826,0.059522,-0.127935,0.05059,-0.140301,0.002808,0.000486
0,-0.09457,0.139642,0.07785,0.192864,0.124355,0.242091,0.001651,0.002437
0,-0.144849,0.0474,-0.026712,-0.084741,-0.017396,-0.057732,0.002528,0.000827
0,-0.072229,0.175236,0.051365,0.118251,0.046546,0.162261,0.001261,0.003058
0,0.054869,0.211404,0.097139,0.048307,0.07645,0.096747,0.000958,0.00369
0,-0.132024,-0.03356,-0.167608,-0.220171,-0.136754,-0.223853,0.002304,0.000586
0,-0.217163,0.076585,-0.110821,0.109868,-0.104372,0.129133,0.00379,0.001337
0,-0.039777,0.115494,0.152834,0.041192,0.163584,0.058224,0.000694,0.002016
0,-0.275281,0.113874,-0.242488,0.002216,-0.264625,-0.027397,0.004805,0.001987
0,-0.187175,0.10848,0.103898,-0.010394,0.066685,-0.011425,0.003267,0.001893
0,-0.093615,-0.0197,0.091626,-0.111395,0.140436,-0.124841,0.001634,0.000344
0,-0.170755,0.109707,-0.105447,0.140961,-0.108187,0.172521,0.00298,0.001915
0,-0.047902,0.167287,0.118349,0.053477,0.108412,0.025334,0.000836,0.00292
0,0.03685,0.021988,0.076337,-0.116981,0.043687,-0.095476,0.000643,0.000384
0,-0.167897,0.028219,-0.176799,-0.01824,-0.139633,-0.055898,0.00293,0.000493
0,-0.042797,0.038985,0.118528,0.031185,0.103974,0.069137,0.000747,0.00068
0,-0.109589,0.175723,-0.071351,0.148828,-0.120861,0.189657,0.001913,0.003067
0,-0.042791,0.150776,0.056505,-0.005962,0.095343,-0.021708,0.000747,0.002632
0,-0.203841,0.203778,-0.167413,0.076736,-0.131933,0.111224,0.003558,0.003557
0,-0.081606,0.134581,0.118448,-0.074503,0.129717,-0.044555,0.001424,0.002349
0,-0.103131,-0.004796,-0.026919,-0.167058,-0.059055,-0.215921,0.0018,8.4e-05
0,-0.03255,0.080086,0.091242,0.059859,0.047419,0.012857,0.000568,0.001398
0,-0.054097,0.257865,-0.002036,0.147816,-0.012374,0.111491,0.000944,0.004501
0,-0.080751,0.055495,-0.023663,-0.178145,-0.004156,-0.215083,0.001409,0.000969
0,-0.001801,0.103765,0.105486,0.028766,0.074973,0.040038,3.1e-05,0.001811
0,-0.08578,0.047904,-0.06537,-0.072703,-0.065722,-0.110005,0.001497,0.000836
0,0.00278,0.169069,0.110609,0.091983,0.089253,0.072078,4.9e-05,0.002951
0,0.164775,0.040628,0.184688,-0.128257,0.179226,-0.140194,0.002876,0.000709
0,-0.088795,0.060629,-0.266048,0.049125,-0.315969,0.002474,0.00155,0.001058
0,-0.059782,0.052705,0.003224,-0.004054,0.035231,-0.030576,0.001043,0.00092
0,0.115272,0.17975,0.17522,0.140942,0.142817,0.159265,0.002012,0.003137
0,-0.097637,0.153092,-0.228137,-0.004133,-0.262483,-0.029102,0.001704,0.002672
0,-0.190859,0.041313,-0.122165,-0.087841,-0.152093,-0.096109,0.003331,0.000721
0,0.087382,0.186613,0.307797,0.139289,0.320178,0.093863,0.001525,0.003257
0,-0.037055,0.179149,-0.138319,0.003484,-0.187392,0.027026,0.000647,0.003127
0,-0.135489,0.082381,-0.087558,-0.104875,-0.062025,-0.075144,0.002365,0.001438
0,0.161062,0.016285,0.322563,-0.041487,0.296705,-0.01925,0.002811,0.000284
0,0.122417,0.22926,-0.029894,0.216414,-0.040122,0.234927,0.002137,0.004001
0,0.095583,0.09993,-0.042905,-0.119737,-0.069805,-0.090299,0.001668,0.001744
0,-0.068025,0.162872,-0.14539,0.062392,-0.150575,0.023733,0.001187,0.002843
0,-0.113299,0.022395,-0.030091,-0.146035,-0.035544,-0.148155,0.001977,0.000391
0,0.019342,0.075529,0.145712,0.055887,0.100455,0.028088,0.000338,0.001318
0,-0.131855,0.179189,-0.139061,0.115025,-0.134998,0.140332,0.002301,0.003127
0,-0.153716,0.083152,-0.03013,-0.124078,-0.043299,-0.164466,0.002683,0.001451
0,-0.043432,0.277141,0.121851,0.199178,0.101593,0.149624,0.000758,0.004837
0,-0.030064,0.242761,0.018712,-0.004905,0.053748,-0.026676,0.000525,0.004237
0,0.019431,0.14963,0.027406,-0.115038,0.003463,-0.073321,0.000339,0.002612
0,0.07671,-0.012339,0.044987,-0.142101,0.08303,-0.184271,0.001339,0.000215
0,0.023472,0.113684,-0.066172,0.120509,-0.074592,0.118927,0.00041,0.001984
0,0.013442,0.087974,-0.023673,-0.047779,-0.04513,-0.095999,0.000235,0.001535
0,0.053697,0.138962,0.05695,0.030961,0.013451,-0.008295,0.000937,0.002425
0,0.004596,0.140482,-0.068123,-0.00919,-0.036758,-0.045167,8e-05,0.002452
0,-0.035564,0.015246,-0.069615,-0.1539,-0.070537,-0.19529,0.000621,0.000266
0,0.109646,0.147822,0.139434,0.106283,0.17305,0.109225,0.001914,0.00258
0,0.176232,0.04874,0.056307,-0.081328,0.092936,-0.069893,0.003076,0.000851
0,0.105499,0.179499,-0.053855,0.133296,-0.051415,0.116398,0.001841,0.003133
0,0.146061,0.02289,0.040392,-0.182102,0.085419,-0.217966,0.002549,0.0004
0,0.15524,0.152079,-0.017818,0.136976,0.02914,0.153742,0.002709,0.002654
0,0.239852,0.054041,0.091457,-0.120184,0.14082,-0.115296,0.004186,0.000943
0,0.158049,0.244944,-0.092247,0.162269,-0.109147,0.132178,0.002758,0.004275
0,0.207428,0.175574,0.020081,-0.08502,0.020942,-0.07032,0.00362,0.003064
0,0.026366,0.177706,-0.189283,0.015625,-0.216668,-0.030119,0.00046,0.003102
0,0.014877,0.136672,-0.029392,-0.059985,-0.079067,-0.017364,0.00026,0.002385
0,0.16904,0.062118,0.169537,-0.058677,0.145654,-0.021712,0.00295,0.001084
0,0.18753,0.075991,0.026222,0.0363,0.01193,-0.012533,0.003273,0.001326
0,0.061983,0.131528,-0.151873,0.067049,-0.126418,0.113328,0.001082,0.002296
0,0.018002,-0.004451,-0.028762,-0.118903,-0.025173,-0.098012,0.000314,7.8e-05
0,-0.017373,-0.067488,-0.034198,-0.043151,0.00737,-0.000455,0.000303,0.001178
0,0.122312,-0.076784,0.146294,-0.032173,0.099772,-0.05701,0.002135,0.00134
0,-0.15617,0.064952,-0.287927,0.167506,-0.312997,0.117522,0.002726,0.001134
0,-0.086347,0.086464,0.041726,0.006483,0.06389,0.033715,0.001507,0.001509
0,0.107397,-0.110386,0.18462,-0.20867,0.173079,-0.179133,0.001874,0.001927
0,0.07278,-0.068793,-0.05439,0.068616,-0.067733,0.048518,0.00127,0.001201
0,-0.041739,0.089791,-0.117852,0.170255,-0.079574,0.145228,0.000728,0.001567
0,0.077904,-0.075787,0.119992,-0.18124,0.146683,-0.183674,0.00136,0.001323
0,-0.066865,0.051017,-0.137149,0.134153,-0.130667,0.088163,0.001167,0.00089
0,0.091342,-0.104742,0.129021,-0.131356,0.093737,-0.116144,0.001594,0.001828
0,-0.129355,0.097511,-0.195727,0.187197,-0.191661,0.213154,0.002258,0.001702
0,-0.011538,-0.009902,0.133755,-0.097032,0.141732,-0.088512,0.000201,0.000173
0,-0.020067,0.11906,0.010502,0.134166,-0.016033,0.170345,0.00035,0.002078
0,0.008068,0.15188,0.022343,0.015701,-0.014039,0.057849,0.000141,0.002651
0,0.110395,0.199074,0.073092,0.060077,0.0235,0.015169,0.001927,0.003474
0,-0.041882,0.202039,-0.143193,0.008359,-0.116368,-0.002689,0.000731,0.003526
0,-0.032419,0.094965,0.020074,-0.077451,-0.023375,-0.091336,0.000566,0.001657
0,0.107749,-0.076652,0.146356,-0.185768,0.167186,-0.210556,0.001881,0.001338
0,0.132701,0.124428,0.048788,0.180111,0.092192,0.21834,0.002316,0.002172
0,-0.072049,0.006029,-0.213716,-0.146001,-0.253659,-0.115762,0.001257,0.000105
0,0.052316,0.008635,0.101782,0.018178,0.09466,-0.019271,0.000913,0.000151
0,-0.016791,0.134692,-0.065767,0.146619,-0.110761,0.103818,0.000293,0.002351
0,-0.081861,0.172631,-0.043421,0.025378,-0.083661,-0.020142,0.001429,0.003013
0,-0.01102,-0.028205,0.053386,-0.227112,0.029875,-0.22705,0.000192,0.000492
0,0.028718,-0.04237,0.054939,-0.014588,0.050902,0.006584,0.000501,0.000739
0,0.085008,0.01967,0.02785,0.085078,0.064336,0.075848,0.001484,0.000343
0,0.121096,0.161269,0.017271,0.141178,0.044481,0.190042,0.002114,0.002815
0,-0.495959,-1.082783,-0.612166,-1.250478,-0.597112,-1.274897,0.003434,0.005283
0,-0.767088,-1.155363,-0.294507,-0.091962,-0.253344,-0.113684,0.001298,0.004016
0,-1.027081,-1.381756,-0.238589,-0.224552,-0.283461,-0.22466,0.005835,6.5e-05
0,-1.045616,-1.509213,-0.006696,-0.14313,0.032315,-0.127816,0.005932,0.00216
0,-0.981284,-1.572375,0.08422,-0.058979,0.079811,-0.068882,0.005036,0.003262
0,-0.777772,-1.337129,0.185566,0.261053,0.212816,0.224018,0.001484,0.000844
0,-0.807872,-1.225986,-0.023762,0.096244,-0.001626,0.111187,0.00201,0.002783
0,-0.567381,-0.810114,0.253915,0.42273,0.227637,0.471067,0.002188,0.002049
0,-0.249996,-0.323778,0.33406,0.510007,0.322425,0.535662,0.004363,0.005651
0,-0.263409,-0.236939,-0.012282,0.090621,-0.055485,0.109201,0.004597,0.004135
0,-0.045013,-0.045337,0.233284,0.179709,0.280243,0.187433,0.000786,0.000791
0,-0.034294,-0.119127,-0.004497,-0.070688,-0.000561,-0.086364,0.000599,0.002079
0,-1.243801,0.229215,-1.238799,0.353767,-1.239423,0.320004,0.002473,0.004001
0,-1.720861,1.167632,-0.452323,0.914291,-0.433382,0.895191,0.005854,0.003802
0,-2.285142,1.339857,-0.571994,0.168774,-0.599591,0.177397,0.003612,0.000796
0,-2.786683,1.487642,-0.527446,0.12787,-0.522574,0.176783,0.000275,0.001783
0,-3.035746,1.280195,-0.265853,-0.208977,-0.252274,-0.169538,0.004622,0.001837
0,-2.417962,1.330214,0.615662,0.076877,0.640866,0.118925,0.00593,0.000964
0,-2.397663,0.921586,0.036793,-0.431939,-0.000666,-0.385807,0.005576,0.003994
0,-1.503226,0.605823,0.916671,-0.31114,0.924576,-0.324672,0.002055,0.001517
0,-0.998857,0.561593,0.498661,-0.066252,0.50124,-0.069778,0.005343,0.002289
0,-0.686516,0.102383,0.295345,-0.450466,0.326027,-0.489644,0.000109,0.001787
0,-0.344458,0.038425,0.34746,-0.088055,0.365858,-0.088196,0.006012,0.000671
0,-0.283542,0.087532,0.085363,0.031604,0.083733,0.074325,0.004949,0.001528
0,-0.264775,0.04873,-0.003996,-0.068113,0.030607,-0.040221,0.004621,0.000851
0,-0.11705,-0.246911,0.12745,-0.302198,0.084262,-0.324969,0.002043,0.004309
0,0.019564,0.029375,0.143156,0.248809,0.168099,0.233361,0.000341,0.000513
0,-0.095795,-0.054806,-0.111091,-0.067127,-0.138463,-0.097133,0.001672,0.000957
0,-0.062597,-0.257867,0.04007,-0.204214,0.018721,-0.186931,0.001093,0.004501
0,0.042571,-0.089537,0.133638,0.196731,0.162453,0.208238,0.000743,0.001563
0,-0.017238,-0.072011,-0.048913,0.03601,-0.060404,-0.010676,0.000301,0.001257
0,0.195646,-0.264885,0.215123,-0.212758,0.23035,-0.238778,0.003415,0.004623
0,0.004076,-0.254383,-0.167547,0.033169,-0.164945,0.007535,7.1e-05,0.00444
0,0.17954,-0.329167,0.183372,-0.083994,0.208938,-0.115804,0.003134,0.005745
0,0.168543,-0.247246,-0.024208,0.104692,0.008817,0.058102,0.002942,0.004315
0,0.005851,-0.310321,-0.184896,-0.07689,-0.208594,-0.042349,0.000102,0.005416
0,0.190343,-0.199097,0.207106,0.127101,0.217999,0.093896,0.003322,0.003475
0,0.034587,-0.358491,-0.17323,-0.170649,-0.146764,-0.173375,0.000604,0.005834
0,0.119153,-0.108237,0.109635,0.250236,0.090329,0.275389,0.00208,0.001889
0,0.096306,-0.210884,-0.05143,-0.083873,-0.063536,-0.048981,0.001681,0.003681
0,-0.003777,0.009994,-0.124565,0.235359,-0.075956,0.220103,6.6e-05,0.000174
0,0.015284,0.106216,0.006996,0.118868,0.052317,0.126465,0.000267,0.001854
0,0.206121,0.0115,0.208805,-0.072823,0.200025,-0.091251,0.003597,0.000201
0,-0.054284,0.133475,-0.250843,0.1237,-0.268323,0.13627,0.000947,0.00233
0,0.101657,0.03149,0.151109,-0.131807,0.149165,-0.155628,0.001774,0.00055
0,0.145861,-0.142344,0.071749,-0.164114,0.095203,-0.139636,0.002546,0.002484
0,0.126411,-0.034361,-0.018258,0.098584,-0.019178,0.048814,0.002206,0.0006
0,0.007039,-0.055473,-0.132159,-0.006864,-0.122181,-0.048885,0.000123,0.000968
0,-0.116165,-0.040374,-0.104118,0.037289,-0.133997,0.039682,0.002027,0.000705
0,0.041843,0.026746,0.175747,0.066948,0.190961,0.116193,0.00073,0.000467
0,0.028502,0.107809,0.007653,0.107745,0.039867,0.111121,0.000497,0.001882
0,0.07068,0.047031,0.054135,-0.044552,0.075373,-0.058573,0.001234,0.000821
0,-0.045777,0.007191,-0.123158,-0.039186,-0.07489,-0.074933,0.000799,0.000126
0,-0.055624,-0.093337,0.008388,-0.111121,-0.010261,-0.110509,0.000971,0.001629
0,0.083379,0.091265,0.121723,0.187076,0.140339,0.181879,0.001455,0.001593
0,0.17852,-0.173515,0.103932,-0.24627,0.074302,-0.283402,0.003116,0.003028
0,0.14688,-0.170195,-0.003489,6.1e-05,-0.026259,-0.006871,0.002564,0.00297
0,0.037544,0.071535,-0.120418,0.261594,-0.137811,0.223777,0.000655,0.001249
0,0.04963,-0.037133,-0.000141,-0.090071,-0.032677,-0.050009,0.000866,0.000648
0,0.123797,0.059896,0.094744,0.098701,0.072434,0.113426,0.002161,0.001045
0,-0.047094,-0.102626,-0.191704,-0.146044,-0.18108,-0.183238,0.000822,0.001791
0,-0.007222,-0.020949,0.055476,0.061592,0.014325,0.108029,0.000126,0.000366
0,0.006447,-0.081182,-0.013771,-0.039657,0.026892,0.008526,0.000113,0.001417
0,-0.090393,0.046027,-0.076287,0.131442,-0.042941,0.149552,0.001578,0.000803
0,0.08686,-0.144842,0.179036,-0.201557,0.195011,-0.225364,0.001516,0.002528
0,0.115843,-0.150497,0.037847,-0.017329,0.035544,-0.040629,0.002022,0.002627
0,0.047334,-0.003592,-0.069481,0.173627,-0.038545,0.209018,0.000826,6.3e-05
0,0.035683,-0.150318,-0.035661,-0.162258,-0.032294,-0.182076,0.000623,0.002624
0,-0.041883,0.044875,-0.084298,0.185011,-0.062741,0.14959,0.000731,0.000783
0,-1.582349,2.21244,-1.553393,2.162733,-1.551219,2.152759,0.003436,0.002343
0,-2.670557,2.146658,-1.071284,-0.056565,-1.096269,-0.02995,0.001752,0.001195
0,-3.692661,2.5469,-1.001345,0.415495,-1.016816,0.442724,0.003997,0.00391
0,-4.008353,2.640673,-0.321905,0.066598,-0.334099,0.023978,0.002584,0.002274
0,-3.964471,1.958949,0.034929,-0.689989,0.027832,-0.675546,0.00335,0.002081
0,-3.154282,1.849176,0.825016,-0.092872,0.786732,-0.091259,0.0054,0.003997
0,-2.513343,1.421614,0.655729,-0.454337,0.648445,-0.465355,0.000628,0.000631
0,-9.141867,0.793071,-6.637169,-0.654258,-6.670989,-0.639815,0.002379,0.001751
0,-9.037184,0.424897,0.112513,-0.370425,0.085381,-0.369015,0.000552,0.004675
0,-9.094729,-0.036871,-0.048899,-0.479973,-0.074459,-0.505833,0.001557,0.000644
0,-9.078068,-0.026177,0.022463,0.034741,0.054415,0.039466,0.001266,0.000457
0,-8.893429,-0.113571,0.211784,-0.061968,0.215736,-0.067646,0.001957,0.001982
0,-8.885593,-0.398443,-0.006871,-0.293339,-0.002459,-0.307702,0.002093,0.005136
0,-8.872035,-0.350916,-0.015614,0.051428,-0.015147,0.062058,0.00233,0.005966
0,-9.043627,-0.097048,-0.151235,0.234798,-0.150699,0.212557,0.000665,0.001694
0,-8.927518,-0.142129,0.127683,-0.039132,0.121879,-0.037435,0.001362,0.002481
0,-8.851381,-0.099845,0.056352,0.054844,0.082872,0.022831,0.002691,0.001743
0,-8.943419,-0.169075,-0.072278,-0.04234,-0.114862,-0.071826,0.001084,0.002951
0,-9.120988,-0.07845,-0.157403,0.113045,-0.153148,0.11407,0.002015,0.001369
0,-9.01615,-0.229484,0.077087,-0.174076,0.105588,-0.126322,0.000185,0.004005
0,-9.019241,-0.256066,-0.026722,-0.006253,-0.057709,0.040105,0.000239,0.004469
0,-9.052986,-0.043946,-0.058783,0.208222,-0.083025,0.25318,0.000828,0.000767
0,-8.894045,-0.262367,0.137204,-0.227978,0.175022,-0.212199,0.001946,0.004579
0,-8.945856,-0.036272,-0.061739,0.212721,-0.100742,0.254087,0.001042,0.000633
0,-9.136733,-0.000971,-0.190672,0.014143,-0.200659,-0.01896,0.00229,1.7e-05
0,-8.972508,-0.088836,0.145862,-0.117648,0.144304,-0.085485,0.000577,0.00155
0,-8.944983,-0.170206,0.009844,-0.081465,0.031919,-0.092533,0.001057,0.002971
0,-9.00079,-0.058637,-0.060801,0.119538,-0.088056,0.087967,8.3e-05,0.001023
0,-8.884918,-0.233286,0.126694,-0.147258,0.115661,-0.152721,0.002105,0.004072
0,-8.65187,-0.254853,0.215538,-0.027003,0.241631,-0.059932,0.005918,0.004448
0,-8.003914,-0.058525,0.669133,0.205496,0.684757,0.21614,0.005391,0.001021
0,-7.716399,-0.206087,0.300601,-0.155923,0.334074,-0.149893,0.001681,0.003597
0,-7.304638,-0.197364,0.40832,0.004808,0.424897,0.001978,0.005505,0.003445
0,-6.940905,-0.144703,0.381815,0.027918,0.397175,0.073797,0.000237,0.002526
0,-6.517775,-0.244455,0.422481,-0.107426,0.471907,-0.134898,0.004942,0.004267
0,-6.263352,-0.073373,0.238743,0.175424,0.27087,0.202427,0.000502,0.001281
0,-5.951162,-0.176534,0.335434,-0.126619,0.351945,-0.176495,0.004947,0.003081
0,-5.686597,-0.162112,0.243952,0.027559,0.223369,0.021989,0.002526,0.002829
0,-5.215212,-0.217998,0.499919,-0.039521,0.453527,-0.039294,0.005701,0.003805
0,-5.089606,-0.076983,0.127168,0.169708,0.165491,0.15224,0.004197,0.001344
0,-4.78941,-0.043324,0.298955,0.053755,0.325307,0.033795,0.001042,0.000756
0,-4.633599,-0.041415,0.126784,-0.025988,0.087819,-0.023876,0.003762,0.000723
0,-4.22153,-0.200315,0.390368,-0.183738,0.439788,-0.144271,0.001137,0.003496
0,-4.19052,0.007046,0.00892,0.229527,0.039778,0.194762,0.000595,0.000123
0,-3.826129,-0.172344,0.390428,-0.16341,0.380117,-0.199321,0.005764,0.003008
0,-3.562887,-0.208771,0.252304,-0.017956,0.208401,-0.064861,0.001732,0.003644
0,-3.481959,-0.144383,0.099247,0.057394,0.124975,0.082604,0.000319,0.00252
0,-3.227836,-0.005318,0.230398,0.143104,0.209366,0.164469,0.004116,9.3e-05
0,-3.098016,-0.260309,0.149239,-0.22893,0.109232,-0.235407,0.005709,0.004543
0,-3.106013,-0.133188,0.010483,0.106558,0.014466,0.149918,0.005848,0.002325
0,-2.90236,-0.255646,0.226502,-0.129807,0.23387,-0.125571,0.002294,0.004462
0,-2.614285,-0.234487,0.315732,0.015985,0.345927,-0.024902,0.002734,0.004093
0,-2.538449,-0.085341,0.04853,0.174016,0.029655,0.212411,0.004058,0.001489
0,-2.433455,-0.083628,0.099139,-0.026105,0.134254,-0.022912,0.00589,0.00146
0,-2.391287,-0.220429,0.046882,-0.127284,0.046675,-0.164698,0.005464,0.003847
0,-2.314174,-0.265016,0.066536,-0.06822,0.029152,-0.093421,0.004119,0.004625
0,-1.970802,-0.287222,0.350097,-0.015247,0.360981,-0.003925,0.001874,0.005013
0,-1.84504,-0.02221,0.118414,0.281008,0.164142,0.265898,0.004069,0.000388
0,-1.91748,-0.238725,-0.091799,-0.228862,-0.10668,-0.208305,0.002805,0.004167
0,-1.702672,-0.122493,0.192042,0.096748,0.163324,0.098082,0.005536,0.002138
0,-1.579788,-0.268238,0.120809,-0.119033,0.10396,-0.117981,0.003392,0.004682
0,-1.4768,-0.144008,0.114361,0.142323,0.157384,0.157115,0.001594,0.002513
0,-1.377042,-0.021959,0.108133,0.12946,0.127409,0.128065,0.000147,0.000383
0,-1.453742,-0.155347,-0.053438,-0.153151,-0.021872,-0.192167,0.001192,0.002711
0,-1.272515,-0.053786,0.165492,0.082387,0.141602,0.062239,0.001971,0.000939
0,-1.186928,-0.028398,0.082858,0.053929,0.115446,0.089293,0.003465,0.000496
0,-1.216631,-0.021003,-0.001976,0.017885,-0.001784,-0.012988,0.002947,0.000367
0,-1.189654,-0.013145,0.050084,0.001302,0.025559,0.044606,0.003418,0.000229
0,-1.232587,-0.132693,-0.040624,-0.094951,-0.037807,-0.13138,0.002668,0.002316
0,-0.974919,-0.097577,0.279489,0.037782,0.282745,0.034929,0.004925,0.001703
0,-0.942283,0.037376,0.027825,0.154342,-0.005312,0.136054,0.004355,0.000652
0,-1.112118,-0.098776,-0.191628,-0.153075,-0.209343,-0.132077,0.004771,0.001724
0,-1.024248,-0.071312,0.070405,0.034583,0.109226,0.069662,0.005786,0.001245
0,-0.840929,-0.099025,0.190449,-0.045672,0.232106,-0.086377,0.002586,0.001728
0,-0.711073,-0.181828,0.139676,-0.110558,0.122574,-0.071157,0.00032,0.003174
0,-0.874895,-0.103667,-0.166416,0.061288,-0.15935,0.019997,0.003179,0.001809
0,-0.651916,-0.06361,0.22983,0.03773,0.23281,0.045959,0.000712,0.00111
0,-0.643277,-0.277968,0.037513,-0.186639,0.073515,-0.206019,0.000863,0.004851
0,-0.595395,-0.206076,0.021701,0.094271,0.038193,0.078688,0.001699,0.003597
0,-0.750482,-0.18888,-0.145149,0.024447,-0.122786,0.00964,0.001008,0.003297
0,-0.421072,-0.185458,0.338927,-0.005578,0.387043,0.026128,0.004741,0.003237
0,-0.610573,-0.259812,-0.177793,-0.075235,-0.21263,-0.069165,0.001434,0.004535
0,-0.596798,-0.212887,0.012553,0.032344,0.029305,0.044715,0.001674,0.003716
0,-0.392313,-0.208716,0.205997,0.02091,0.252779,0.026992,0.005243,0.003643
0,-0.566538,-0.108785,-0.168998,0.078453,-0.189495,0.082373,0.002203,0.001899
0,-0.51903,-0.01826,0.067165,0.096022,0.083641,0.108812,0.003032,0.000319
0,-0.314712,-0.197717,0.217863,-0.203211,0.229819,-0.249987,0.005493,0.003451
0,-0.382196,-0.18354,-0.0549,-0.001239,-0.098528,-0.027928,0.00542,0.003203
0,-0.423176,-0.230885,-0.018758,-0.058118,-0.061428,-0.087183,0.004705,0.00403
0,-0.370952,-0.079795,0.030851,0.179818,0.004349,0.130076,0.005616,0.001393
0,-0.318665,0.01106,0.023996,0.077657,0.044307,0.110206,0.002661,0.000193
0,-0.182986,-0.12289,0.116722,-0.126874,0.102926,-0.149377,0.003194,0.002145
0,-0.217503,0.033658,-0.018037,0.179006,-0.012382,0.19791,0.003796,0.000587
0,-0.003508,-0.227285,0.21417,-0.240207,0.205806,-0.22072,6.1e-05,0.003967
0,-0.047738,-0.062644,-0.024779,0.170019,0.003298,0.212663,0.000833,0.001093
0,-0.116215,-0.20655,-0.05834,-0.117211,-0.030682,-0.076413,0.002028,0.003605
0,-0.12619,0.070323,-0.005219,0.262797,0.025632,0.21903,0.002202,0.001227
0,-0.259688,-0.077754,-0.13917,-0.158266,-0.154529,-0.125021,0.004532,0.001357
0,0.002262,0.026453,0.275218,0.099504,0.275142,0.07365,3.9e-05,0.000462
0,-0.224997,-0.114596,-0.224915,-0.116129,-0.241881,-0.096209,0.003927,0.002
0,0.078422,-0.070437,0.320306,0.053375,0.357873,0.084957,0.001369,0.001229
0,-0.023952,-0.105595,-0.094738,-0.018138,-0.054958,-0.037585,0.000418,0.001843
0,-0.079046,0.00661,-0.069564,0.090573,-0.057338,0.054805,0.00138,0.000115
0,0.043797,-0.027632,0.126832,-0.018954,0.132101,0.007328,0.000764,0.000482
0,-0.084257,-0.02577,-0.109283,-0.015314,-0.098243,-0.02769,0.001471,0.00045
0,0.133153,-0.0239,0.203446,-0.00223,0.229521,0.014398,0.002324,0.000417
0,0.067764,0.004444,-0.07316,0.039049,-0.068456,0.033371,0.001183,7.8e-05
0,-0.149075,-0.001767,-0.204242,0.022579,-0.213981,0.007497,0.002602,3.1e-05
0,-0.232264,-0.215408,-0.062829,-0.23262,-0.112417,-0.250821,0.004054,0.00376
0,-0.180813,-0.098868,0.029273,0.105835,0.069058,0.154977,0.003156,0.001726
0,-0.046166,-0.117646,0.16345,-0.010213,0.143264,-0.019323,0.000806,0.002053
0,-0.155537,-0.1825,-0.104228,-0.066425,-0.130784,-0.043203,0.002715,0.003185
0,-0.258886,-0.149252,-0.132558,0.059402,-0.168735,0.061686,0.004518,0.002605
0,-0.258112,-0.133092,0.002234,0.005592,0.013101,-0.013801,0.004505,0.002323
0,-0.092647,-0.013419,0.182259,0.148223,0.150888,0.131331,0.001617,0.000234
0,-0.339893,0.014441,-0.275247,0.019086,-0.266586,0.024817,0.005932,0.000252
0,-0.223789,-0.211202,0.110776,-0.217216,0.095797,-0.199001,0.003906,0.003686
0,-0.198674,0.066364,0.035014,0.253726,0.07119,0.245309,0.003468,0.001158
0,-0.386074,-0.036577,-0.209247,-0.0958,-0.162247,-0.118213,0.005352,0.000638
0,-0.171893,0.082749,0.225675,0.123314,0.266691,0.12408,0.003,0.001444
0,-0.149406,-0.034301,-0.006807,-0.134232,0.007825,-0.156853,0.002608,0.000599
0,-0.275483,0.005885,-0.103873,0.029416,-0.114247,0.012147,0.004808,0.000103
0,-0.348411,0.038007,-0.087541,0.031524,-0.054392,0.002175,0.00601,0.000663
0,-0.349725,0.011618,-0.030108,-0.028682,-0.079428,0.005221,0.005987,0.000203
0,-0.270984,-0.023145,0.085825,-0.01151,0.09604,-0.038633,0.00473,0.000404
0,-0.331047,0.143873,-0.064644,0.194271,-0.058183,0.208793,0.005778,0.002511
0,-0.198025,-0.095379,0.13614,-0.243883,0.138495,-0.2232,0.003456,0.001665
0,-0.32874,0.079302,-0.121773,0.190257,-0.139522,0.203469,0.005738,0.001384
0,-0.185516,-0.098463,0.136238,-0.178111,0.164796,-0.158344,0.003238,0.001718
0,-0.232723,0.058952,-0.068245,0.175569,-0.110244,0.191186,0.004062,0.001029
0,-0.151659,-0.134209,0.054815,-0.210309,0.084178,-0.24383,0.002647,0.002342
0,-0.221879,-0.072832,-0.050242,0.064076,-0.066213,0.109719,0.003873,0.001271
0,0.020536,0.138528,0.216758,0.205368,0.226637,0.176809,0.000358,0.002418
0,-0.205215,-0.006894,-0.236613,-0.13521,-0.24645,-0.166497,0.003582,0.00012
0,-0.144253,0.038492,0.063768,0.017068,0.030832,0.012059,0.002518,0.000672
0,-0.125964,0.128749,0.007299,0.088696,0.037571,0.118929,0.002198,0.002247
0,-0.206886,-0.101908,-0.072567,-0.211042,-0.093898,-0.17322,0.003611,0.001779
0,0.051959,-0.008016,0.262317,0.096476,0.306108,0.046795,0.000907,0.00014
0,-0.075059,0.026152,-0.133731,0.006159,-0.17049,-0.010524,0.00131,0.000456
0,6.7e-05,-0.01257,0.077211,-0.036823,0.072763,-0.036299,1e-06,0.000219
0,-0.09386,-0.031377,-0.089506,-0.009973,-0.040522,0.01948,0.001638,0.000548
0,-0.117862,-0.005318,-0.005238,0.012693,-0.001988,0.033254,0.002057,9.3e-05
0,-0.074378,-0.099326,0.049211,-0.082732,0.063,-0.049022,0.001298,0.001734
0,-0.133963,0.078392,-0.035021,0.196408,0.014231,0.167318,0.002338,0.001368
0,-0.189328,0.06252,-0.050954,-0.031391,-0.066757,-0.001137,0.003304,0.001091
0,0.052707,-0.05492,0.255307,-0.142457,0.239926,-0.178755,0.00092,0.000959
0,0.10521,0.177783,0.079426,0.224381,0.118181,0.234805,0.001836,0.003103
0,-0.105522,-0.088165,-0.211115,-0.270929,-0.180026,-0.318729,0.001842,0.001539
0,0.012869,-0.120942,0.115616,-0.049801,0.115044,-0.065767,0.000225,0.002111
0,0.081383,-0.112609,0.054695,0.005189,0.095293,-0.033448,0.00142,0.001965
0,-0.065024,-0.134216,-0.162369,-0.049426,-0.186693,-0.084961,0.001135,0.002343
0,0.093358,-0.110153,0.142103,0.025051,0.100107,-0.004999,0.001629,0.001923
0,-0.091227,-0.087689,-0.170782,0.037688,-0.180457,0.05887,0.001592,0.00153
0,-0.218525,0.109276,-0.155153,0.173935,-0.113564,0.197372,0.003814,0.001907
0,-0.185387,0.19232,0.05967,0.080242,0.011152,0.052625,0.003236,0.003357
0,-0.098292,-0.018789,0.057517,-0.229096,0.051736,-0.267584,0.001716,0.000328
0,-0.150857,0.034219,-0.059999,0.063186,-0.064218,0.014095,0.002633,0.000597
0,-0.008084,0.13227,0.115512,0.097685,0.124833,0.065658,0.000141,0.002309
0,0.016437,-0.13176,0.004759,-0.239855,-0.005567,-0.267108,0.000287,0.0023
0,-0.020791,-0.04951,-0.042551,0.062321,-0.023646,0.03044,0.000363,0.000864
0,-0.060985,-0.088398,-0.035655,-0.056175,0.005745,-0.03308,0.001064,0.001543
0,-0.025445,-0.064544,0.028287,0.038197,-0.014264,0.068214,0.000444,0.001126
0,-0.016781,0.040506,0.004576,0.091655,0.054024,0.106951,0.000293,0.000707
0,0.036946,0.087114,0.071846,0.018839,0.059348,0.024606,0.000645,0.00152
0,0.038965,-0.021676,0.000249,-0.120779,-0.035989,-0.160179,0.00068,0.000378
0,0.112343,0.175525,0.096714,0.208335,0.125718,0.207872,0.001961,0.003063
0,0.142245,0.128476,0.048878,-0.038733,0.040906,-0.084109,0.002483,0.002242
0,0.00291,-0.111732,-0.152705,-0.212576,-0.189578,-0.207701,5.1e-05,0.00195
0,0.012619,-0.127056,0.011282,-0.017762,0.031877,-0.041898,0.00022,0.002218
0,-0.051657,0.072766,-0.063094,0.201413,-0.024712,0.197375,0.000902,0.00127
0,-0.008901,-0.105462,0.046757,-0.185459,0.079866,-0.204509,0.000155,0.001841
0,-0.074438,-0.163304,-0.066892,-0.06355,-0.06092,-0.03154,0.001299,0.00285
0,-0.036834,0.014927,0.01607,0.161693,0.065607,0.1763,0.000643,0.000261
0,0.030944,-0.174082,0.09115,-0.200143,0.054414,-0.150475,0.00054,0.003038
0,-0.006194,0.056435,-0.011771,0.254046,-0.028837,0.244161,0.000108,0.000985
0,-0.115185,-0.195692,-0.096035,-0.236265,-0.102021,-0.24329,0.00201,0.003415
0,-0.070282,-0.162672,0.059585,0.05228,0.056642,0.057943,0.001227,0.002839
0,-0.105534,-0.118899,-0.027015,0.026926,-0.041839,0.046806,0.001842,0.002075
0,-0.029623,-0.095816,0.097996,0.003132,0.140628,-0.036504,0.000517,0.001672
0,-0.017465,-0.163795,0.029083,-0.05731,0.030704,-0.086417,0.000305,0.002859
0,-0.072711,0.053777,-0.053949,0.245271,-0.043989,0.220957,0.001269,0.000939
0,-0.081607,0.077604,-0.028778,0.015093,-0.047807,0.05284,0.001424,0.001354
0,-0.016417,-0.064412,0.095071,-0.16104,0.066058,-0.117045,0.000287,0.001124
0,-0.157871,-0.156645,-0.122786,-0.087286,-0.138308,-0.11845,0.002755,0.002734
0,-0.015867,0.120806,0.153297,0.282006,0.149684,0.301673,0.000277,0.002108
0,-0.028477,-0.011637,-0.031131,-0.143878,-0.0454,-0.114125,0.000497,0.000203
0,-0.206787,-0.119323,-0.166018,-0.096024,-0.148344,-0.131773,0.003609,0.002083
0,0.01882,-0.013988,0.227196,0.1122,0.231681,0.089216,0.000328,0.000244
0,0.051887,0.044807,0.06258,0.086498,0.042629,0.056892,0.000906,0.000782
0,-0.012388,-0.221376,-0.062769,-0.270278,-0.104614,-0.275847,0.000216,0.003864
0,-0.065424,-0.083213,-0.066294,0.130608,-0.027234,0.109581,0.001142,0.001452
0,-0.062103,0.002644,-0.014085,0.083069,-0.039829,0.080546,0.001084,4.6e-05
0,-0.021446,0.019109,0.02679,0.010302,-0.01046,-0.004557,0.000374,0.000334
0,-0.092129,-0.154904,-0.095541,-0.178587,-0.097296,-0.162843,0.001608,0.002704
0,0.004256,0.022529,0.096431,0.193021,0.116744,0.223352,7.4e-05,0.000393
0,-0.189028,0.025712,-0.169181,-0.002056,-0.204532,0.004684,0.003299,0.000449
0,-0.131236,-0.013082,0.082158,-0.013898,0.100873,-0.004104,0.002291,0.000228
0,-0.108227,0.084296,0.02077,0.084278,0.054827,0.123606,0.001889,0.001471
0,0.017131,0.077348,0.121016,-0.001231,0.074773,-0.000977,0.000299,0.00135
0,-0.106345,0.107982,-0.133496,0.039751,-0.134976,0.016559,0.001856,0.001885
0,0.049591,-0.118226,0.158745,-0.215553,0.160367,-0.187189,0.000866,0.002063
0,-0.047935,-0.132897,-0.078341,-0.0042,-0.035798,0.025378,0.000837,0.002319
0,0.144974,-0.092873,0.190726,0.04863,0.23147,0.02718,0.00253,0.001621
0,0.094357,0.117917,-0.046386,0.218587,-0.019082,0.26651,0.001647,0.002058
0,0.116678,-0.009911,0.032883,-0.112604,0.050551,-0.146117,0.002036,0.000173
0,0.220157,0.087984,0.108263,0.069486,0.141437,0.062499,0.003842,0.001536
0,0.028012,-0.144202,-0.207695,-0.202658,-0.249512,-0.157311,0.000489,0.002517
0,0.081348,0.048906,0.058974,0.17838,0.039721,0.224632,0.00142,0.000854
0,0.139814,0.027491,0.072787,-0.013479,0.034065,-0.007571,0.00244,0.00048
0,0.188818,-0.006829,0.059413,-0.00445,0.051884,-0.040376,0.003295,0.000119
0,-0.014733,0.065238,-0.185168,0.093866,-0.158194,0.139811,0.000257,0.001139
0,0.186862,-0.133801,0.175898,-0.220956,0.206447,-0.202319,0.003261,0.002335
0,0.151714,-0.154944,-0.049927,-0.038331,-0.033507,-0.048814,0.002648,0.002704
0,0.195497,0.068302,0.067752,0.235104,0.067239,0.198963,0.003412,0.001192
0,0.050635,-0.137474,-0.136856,-0.185511,-0.105486,-0.233191,0.000884,0.002399
0,0.082188,0.00849,0.025572,0.158067,-0.018121,0.194121,0.001434,0.000148
0,0.149219,0.080986,0.05165,0.07853,0.017926,0.04107,0.002604,0.001413
0,0.116914,0.025582,-0.026672,-0.074981,-0.044975,-0.064233,0.002041,0.000446
0,-0.095108,-0.083147,-0.198742,-0.092415,-0.225908,-0.11579,0.00166,0.001451
0,0.036147,-0.072617,0.122392,0.018578,0.118578,0.029789,0.000631,0.001267
0,-0.041129,0.037696,-0.096404,0.127962,-0.079608,0.095131,0.000718,0.000658
0,0.021015,-0.098012,0.058563,-0.138706,0.031985,-0.168711,0.000367,0.001711
0,-0.038709,-0.110284,-0.077242,-0.026952,-0.093284,-0.047817,0.000676,0.001925
0,0.021888,0.034527,0.064687,0.156526,0.023926,0.184293,0.000382,0.000603
0,0.243379,0.145131,0.24618,0.129299,0.257234,0.124358,0.004248,0.002533
0,0.208724,0.14825,-0.012064,0.005507,-0.000366,-0.007309,0.003643,0.002587
0,0.206106,-0.00665,-0.027865,-0.163397,-0.02622,-0.200723,0.003597,0.000116
0,0.122126,0.005293,-0.076696,-0.006673,-0.036098,0.032469,0.002132,9.2e-05
0,0.213388,-0.007596,0.097578,-0.030859,0.108084,-0.029065,0.003724,0.000133
0,0.075214,0.054295,-0.141286,0.039492,-0.174408,0.068292,0.001313,0.000948
0,0.092964,-0.062562,0.012852,-0.089674,0.044119,-0.132832,0.001623,0.001092
0,0.103206,-0.019138,-0.007943,0.051462,0.018475,0.082899,0.001801,0.000334
0,0.187744,0.076838,0.0961,0.125474,0.126481,0.077123,0.003277,0.001341
0,0.171857,-0.104724,-0.008425,-0.182864,-0.021894,-0.154734,0.002999,0.001828
0,0.284097,-0.126564,0.093883,-0.027544,0.051543,-0.004289,0.004958,0.002209
0,0.188676,0.136726,-0.067373,0.234048,-0.072494,0.271273,0.003293,0.002386
0,0.208384,0.118463,0.032577,0.007002,0.066561,0.046196,0.003637,0.002068
0,-0.036314,-0.079293,-0.270697,-0.197425,-0.251075,-0.241123,0.000634,0.001384
0,0.176774,0.155368,0.236969,0.247514,0.189555,0.291688,0.003085,0.002712
0,0.036519,-0.062103,-0.14202,-0.246697,-0.098465,-0.27796,0.000637,0.001084
0,-0.019695,0.142316,-0.074549,0.226689,-0.061216,0.223302,0.000344,0.002484
0,0.026078,-0.148271,0.016357,-0.269876,0.044787,-0.31796,0.000455,0.002588
0,-0.142168,0.140227,-0.196568,0.284914,-0.225431,0.270784,0.002481,0.002447
0,0.014763,0.110623,0.151923,-0.030963,0.111507,-0.005508,0.000258,0.001931
0,0.107617,-0.108178,0.112137,-0.236297,0.075518,-0.202306,0.001878,0.001888
0,0.086591,0.096688,-0.041334,0.231038,-0.04799,0.263783,0.001511,0.001688
0,-0.112013,0.024795,-0.2047,-0.084606,-0.177373,-0.044669,0.001955,0.000433
0,0.007637,0.068623,0.105532,0.035295,0.113783,0.001073,0.000133,0.001198
0,-0.197578,0.110795,-0.218137,0.012543,-0.197467,0.035864,0.003448,0.001934
0,-0.172532,-0.009716,0.047295,-0.127407,0.006028,-0.130648,0.003011,0.00017
0,-0.176057,0.009594,-0.001946,-0.005558,0.004894,0.014787,0.003073,0.000167
0,-0.185688,-0.05604,0.014911,-0.075687,0.00297,-0.102363,0.003241,0.000978
0,0.056333,0.084006,0.228007,0.130656,0.207883,0.105747,0.000983,0.001466
0,-0.009388,-0.132321,-0.085279,-0.197635,-0.118458,-0.221826,0.000164,0.002309
0,-0.129112,-0.094379,-0.119905,0.064094,-0.160044,0.078873,0.002253,0.001647
0,-0.085455,0.10093,0.046909,0.18568,0.090811,0.159034,0.001491,0.001762
0,-0.010538,0.100256,0.054558,0.014591,0.045403,-0.001326,0.000184,0.00175
0,0.088238,-0.062618,0.082064,-0.15086,0.12217,-0.108676,0.00154,0.001093
0,0.043504,0.031462,-0.070927,0.09771,-0.107816,0.14537,0.000759,0.000549
0,-0.116871,-0.013522,-0.173903,-0.068427,-0.162918,-0.101939,0.00204,0.000236
0,0.00937,0.051272,0.124182,0.038076,0.081219,0.077567,0.000164,0.000895
0,-0.132004,-0.00508,-0.133987,-0.065411,-0.166491,-0.061703,0.002304,8.9e-05
0,0.014416,-0.136963,0.12604,-0.12633,0.146929,-0.077348,0.000252,0.00239
0,0.129495,-0.076684,0.09612,0.065638,0.082272,0.055902,0.00226,0.001338
0,0.093178,-0.033452,-0.057192,0.017813,-0.019789,-0.002881,0.001626,0.000584
0,0.104388,-0.074644,0.006552,-0.022704,0.054023,0.027075,0.001822,0.001303
0,0.15555,-0.149186,0.07636,-0.0991,0.081819,-0.124878,0.002715,0.002604
0,0.036454,-0.118668,-0.106561,0.02828,-0.087059,0.062018,0.000636,0.002071
0,0.122504,-0.055678,0.08849,0.082328,0.106412,0.078278,0.002138,0.000972
0,0.14709,0.016967,0.022181,0.064826,0.05679,0.06144,0.002567,0.000296
0,0.109725,-0.122642,-0.016468,-0.143889,-0.048624,-0.185398,0.001915,0.002141
0,0.017052,0.04898,-0.119822,0.198601,-0.127928,0.243576,0.000298,0.000855
0,0.114686,0.119107,0.093312,0.090571,0.094218,0.047268,0.002002,0.002079
0,-0.10946,-0.095771,-0.236519,-0.18711,-0.227688,-0.140772,0.00191,0.001672
0,0.036781,0.092773,0.155392,0.174619,0.114816,0.223573,0.000642,0.001619
0,-0.183294,0.09012,-0.219972,0.002054,-0.197499,-0.001138,0.003199,0.001573
0,-0.089659,-0.037095,0.10869,-0.126441,0.086508,-0.093819,0.001565,0.000647
0,-0.05223,0.111792,0.025052,0.143335,-0.007292,0.148549,0.000912,0.001951
0,0.009195,0.064125,0.081713,-0.07202,0.092286,-0.095989,0.00016,0.001119
0,-0.04861,0.150161,-0.045291,0.085301,-0.002236,0.103174,0.000848,0.002621
0,0.034183,0.136504,0.06555,-0.040505,0.082463,-0.073822,0.000597,0.002382
0,-0.230112,0.171781,-0.254932,0.029503,-0.221669,0.077224,0.004016,0.002998
0,-0.092113,-0.102207,0.132437,-0.302142,0.083484,-0.27373,0.001608,0.001784
0,-0.016568,0.059929,0.071625,0.177078,0.063916,0.193176,0.000289,0.001046
0,-0.082458,0.051807,-0.090211,-0.000863,-0.062298,-0.010564,0.001439,0.000904
0,0.050381,0.08841,0.1596,0.055536,0.16187,0.021829,0.000879,0.001543
0,-0.157724,0.076225,-0.219909,0.005273,-0.238966,-0.006106,0.002753,0.00133
0,-0.163653,-0.066848,-0.023993,-0.139206,0.000552,-0.112777,0.002856,0.001167
0,-0.125126,0.02971,0.045971,0.091419,0.061312,0.056456,0.002184,0.000519
0,-0.078142,-0.105958,0.064532,-0.116795,0.113549,-0.07847,0.001364,0.001849
0,-0.055674,0.016297,0.009504,0.110458,-0.004025,0.156398,0.000972,0.000284
0,-0.194911,0.121659,-0.167926,0.129228,-0.20331,0.167897,0.003402,0.002123
0,-0.014795,0.081972,0.184972,-0.009744,0.142844,-0.014881,0.000258,0.001431
0,0.042489,0.033129,0.080645,-0.077912,0.081089,-0.046866,0.000742,0.000578
0,-0.034246,0.021453,-0.078846,0.00368,-0.074181,0.004861,0.000598,0.000374
0,-0.050458,-0.024923,0.010549,-0.034513,-0.006346,-0.071463,0.000881,0.000435
0,0.080401,0.128024,0.118099,0.136295,0.110686,0.109778,0.001403,0.002234
0,-0.135746,0.05693,-0.222995,-0.090922,-0.254262,-0.067813,0.002369,0.000994
0,0.146014,0.023013,0.269472,-0.014276,0.264486,-0.018155,0.002548,0.000402
0,-0.089852,0.108269,-0.208581,0.113231,-0.250356,0.147089,0.001568,0.00189
0,0.033269,0.157555,0.139672,0.078884,0.167469,0.076128,0.000581,0.00275
0,-0.03259,0.052464,-0.045674,-0.088214,-0.061714,-0.043628,0.000569,0.000916
0,0.032846,0.040976,0.039855,0.009966,0.059732,0.038296,0.000573,0.000715
0,-0.20089,0.1238,-0.22606,0.092661,-0.273553,0.085013,0.003506,0.002161
0,0.144216,0.110697,0.3669,-0.020471,0.364321,0.0005,0.002517,0.001932
0,0.081045,0.066694,-0.0613,-0.044866,-0.048633,-0.071052,0.001415,0.001164
0,0.106702,0.066704,0.005302,0.006464,0.05129,-0.014613,0.001862,0.001164
0,0.028623,0.070345,-0.071485,0.024962,-0.108256,0.010432,0.0005,0.001228
0,0.149241,-0.11367,0.108093,-0.187075,0.123376,-0.151828,0.002605,0.001984
0,0.152245,0.104072,0.020527,0.207513,0.035114,0.233319,0.002657,0.001816
0,-0.025845,0.135778,-0.202541,0.039608,-0.250643,-0.004176,0.000451,0.00237
0,-0.042288,0.043507,-0.032539,-0.063859,-0.003989,-0.051029,0.000738,0.000759
0,0.017829,-0.093316,0.086571,-0.11686,0.095243,-0.104988,0.000311,0.001629
0,-0.149999,-0.037838,-0.160807,0.044259,-0.143355,0.056666,0.002618,0.00066
0,-0.108511,0.100856,0.030049,0.129694,0.018371,0.175643,0.001894,0.00176
0,-0.004886,-0.160133,0.112386,-0.232703,0.103534,-0.25328,8.5e-05,0.002795
0,0.075422,-0.160397,0.073146,-0.015802,0.092096,0.033544,0.001316,0.002799
0,0.000267,-0.052558,-0.075225,0.109287,-0.095351,0.120772,5e-06,0.000917
0,-0.005404,-0.143991,-0.009094,-0.105077,0.001291,-0.127256,9.4e-05,0.002513
0,0.053785,-0.186468,0.04782,-0.059566,0.030838,-0.037662,0.000939,0.003254
0,0.096378,0.104448,0.020558,0.293332,-0.008248,0.324475,0.001682,0.001823
0,0.051259,-0.14558,-0.064305,-0.222125,-0.035731,-0.250669,0.000895,0.002541
0,-0.058046,-0.158371,-0.095344,-0.039159,-0.100483,-0.032737,0.001013,0.002764
0,-0.027944,0.041376,0.034223,0.188215,0.036028,0.154023,0.000488,0.000722
0,-0.017252,0.027529,0.015334,-0.001214,0.036712,0.000742,0.000301,0.00048
0,-0.146677,0.09978,-0.126436,0.052126,-0.079386,0.016286,0.00256,0.001741
0,0.062936,0.092243,0.2045,0.017819,0.163559,0.028506,0.001098,0.00161
0,-0.107701,-0.085827,-0.164975,-0.182889,-0.157765,-0.187447,0.00188,0.001498
0,-0.119279,0.082551,-0.008,0.181294,0.030279,0.142997,0.002082,0.001441
0,-0.075664,0.053128,0.033358,-0.028563,0.074053,0.003992,0.001321,0.000927
0,-0.013679,-0.141822,0.042835,-0.221047,0.06187,-0.249168,0.000239,0.002475
0,0.031676,0.088995,0.067155,0.208696,0.023104,0.178592,0.000553,0.001553
0,-0.150783,0.098391,-0.161337,0.028056,-0.15907,0.044045,0.002632,0.001717
0,0.109471,-0.156634,0.280534,-0.226126,0.305674,-0.203427,0.001911,0.002734
0,0.056472,-0.078001,-0.038727,0.090686,-0.026536,0.079221,0.000986,0.001361
0,-0.082781,-0.13773,-0.122088,-0.046237,-0.085081,-0.059719,0.001445,0.002404
0,0.030874,-0.101594,0.142631,0.024803,0.180699,0.037571,0.000539,0.001773
0,0.021448,0.152317,0.014324,0.235794,-0.030125,0.285184,0.000374,0.002658
0,0.029363,0.017257,0.031469,-0.15818,0.074293,-0.179541,0.000512,0.000301
0,0.025297,-0.158288,-0.009317,-0.160405,-0.008255,-0.204695,0.000442,0.002763
0,0.109637,-0.037751,0.074365,0.10205,0.059752,0.074038,0.001914,0.000659
0,-0.03067,-0.031362,-0.12004,0.004646,-0.134424,0.047019,0.000535,0.000547
0,0.097883,0.108243,0.109006,0.110693,0.13201,0.092302,0.001708,0.001889
0,0.095907,-0.01516,-0.004538,-0.11435,-0.018688,-0.128637,0.001674,0.000265
0,0.122182,0.07937,0.026946,0.113081,0.040507,0.090151,0.002132,0.001385
0,-0.02538,0.008247,-0.146873,-0.045261,-0.169267,-0.054763,0.000443,0.000144
0,-8.899548,-0.104464,-8.857265,-0.113612,-8.849478,-0.157233,0.00185,0.001823
0,-8.950368,-0.510859,-0.054708,-0.426987,-0.031893,-0.433444,0.000963,0.003174
0,-8.887444,-0.820659,0.062379,-0.332581,0.096373,-0.352573,0.002061,0.002233
0,-9.059586,-0.80689,-0.177183,0.015587,-0.138438,0.018336,0.000943,0.001992
0,-9.01629,-0.620161,0.02858,0.198553,-0.003921,0.176789,0.000188,0.001267
0,-8.934778,-0.392647,0.074205,0.235444,0.119389,0.22123,0.001235,0.005238
0,-8.948765,-0.350798,-0.042981,0.017832,-0.037279,0.009912,0.000991,0.005968
0,-9.09804,-0.04112,-0.13824,0.280808,-0.1221,0.232938,0.001614,0.000718
0,-8.987501,-0.073398,0.092375,-0.061917,0.080451,-0.030007,0.000315,0.001281
0,-8.972724,-0.01993,0.027042,0.033936,0.006405,0.036981,0.000573,0.000348
0,-8.90452,0.217819,0.070674,0.259129,0.062141,0.21923,0.001763,0.003802
0,-9.139234,0.060146,-0.259473,-0.174331,-0.258751,-0.219935,0.002333,0.00105
0,-9.101311,0.23008,0.011424,0.164428,0.054966,0.144098,0.001672,0.004016
0,-9.104824,0.116252,-0.026265,-0.100301,0.001764,-0.104547,0.001733,0.002029
0,-9.085044,-0.022554,0.015627,-0.161202,0.037845,-0.12181,0.001388,0.000394
0,-8.995742,0.035072,0.061561,0.041828,0.040497,0.078778,0.000171,0.000612
0,-8.870814,0.248052,0.125073,0.235001,0.163897,0.242164,0.002351,0.004329
0,-9.106276,0.111346,-0.259052,-0.164145,-0.258744,-0.120159,0.001758,0.001943
0,-8.998945,0.178203,0.102538,0.073803,0.141317,0.066936,0.000115,0.00311
0,-9.034592,0.141475,-0.021847,-0.049105,-0.059742,-0.086367,0.000507,0.002469
0,-9.064979,-0.015021,-0.0284,-0.167192,-0.043188,-0.124755,0.001037,0.000262
0,-8.962331,0.149154,0.130807,0.187649,0.08537,0.157547,0.000754,0.002603
0,-9.148194,0.186795,-0.17215,0.048955,-0.12688,0.088139,0.00249,0.00326
0,-8.991331,0.100753,0.129926,-0.091521,0.165471,-0.12189,0.000248,0.001758
0,-8.861268,0.199398,0.144814,0.107004,0.116378,0.076468,0.002518,0.00348
0,-8.984695,0.05151,-0.140913,-0.158147,-0.180361,-0.16751,0.000364,0.000899
0,-8.421931,0.140049,0.580888,0.079538,0.536898,0.062279,0.001905,0.002444
0,-8.100439,0.108371,0.320421,-0.004957,0.283302,0.021527,0.003707,0.001891
0,-7.749105,0.217521,0.323616,0.082563,0.339182,0.033534,0.002252,0.003796
0,-7.232787,0.010763,0.506791,-0.204442,0.489139,-0.228697,0.005331,0.000188
0,-6.996019,0.17174,0.239627,0.133754,0.275925,0.148077,0.001199,0.002997
0,-6.683698,0.053808,0.305913,-0.112961,0.277084,-0.081748,0.004252,0.000939
0,-6.215624,0.037985,0.441955,-0.038063,0.403047,-0.033769,0.000331,0.000663
0,-6.057592,0.027626,0.170238,0.000566,0.189814,0.030942,0.003089,0.000482
0,-5.494606,0.141107,0.556053,0.085645,0.568266,0.129521,0.000825,0.002463
0,-5.387219,0.096891,0.090199,-0.065091,0.116274,-0.089077,0.002699,0.001691
0,-4.978822,0.094472,0.401244,0.015211,0.42426,0.033544,0.002263,0.001649
0,-4.942515,0.197445,0.037455,0.119328,0.070959,0.07495,0.00163,0.003446
0,-4.465167,0.029403,0.451292,-0.162083,0.46864,-0.129738,0.005389,0.000513
0,-4.336567,0.103663,0.117206,0.062237,0.109904,0.08688,0.003144,0.001809
0,-3.958254,0.114769,0.378317,0.023981,0.367686,0.071715,0.003458,0.002003
0,-3.95481,0.025756,-0.018373,-0.098042,0.000387,-0.08454,0.003518,0.00045
0,-3.581117,0.143803,0.389388,0.122441,0.38486,0.143906,0.00205,0.00251
0,-3.660177,-0.071214,-0.054657,-0.236919,-0.103403,-0.216724,0.00343,0.001243
0,-3.374465,-0.096756,0.274927,-0.017422,0.230021,0.022992,0.001557,0.001689
0,-3.301987,-0.041435,0.073638,0.051657,0.120241,0.017595,0.002822,0.000723
0,-2.944825,0.13839,0.38158,0.165138,0.357098,0.1452,0.003035,0.002415
0,-2.854817,-0.059141,0.089133,-0.195502,0.115416,-0.204334,0.001464,0.001032
0,-2.787305,0.042329,0.07627,0.107699,0.052706,0.127158,0.000286,0.000739
0,-2.66367,0.087508,0.147518,0.056107,0.164197,0.056695,0.001872,0.001527
0,-2.576047,-0.04032,0.067642,-0.137042,0.067241,-0.159408,0.003401,0.000704
0,-2.404495,0.027682,0.160349,0.069963,0.187143,0.094605,0.002528,0.000483
0,-2.122031,-0.022453,0.273375,-0.064882,0.25282,-0.080932,0.000765,0.000392
0,-2.231434,0.162016,-0.087505,0.165992,-0.09636,0.182184,0.002674,0.002828
0,-2.091245,0.114162,0.120152,-0.048937,0.083356,-0.049076,0.000228,0.001993
0,-1.787289,0.150886,0.326658,0.01627,0.287676,-0.03214,0.005077,0.002633
0,-1.73857,-0.02551,0.064857,-0.153063,0.109948,-0.153372,0.005928,0.000445
0,-1.773529,0.154943,-0.061802,0.180477,-0.099917,0.13178,0.005318,0.002704
0,-1.840435,-0.139866,-0.059546,-0.27126,-0.011184,-0.241277,0.00415,0.002441
0,-1.679675,0.054334,0.186792,0.223528,0.216861,0.22133,0.005135,0.000948
0,-1.696048,-0.039623,-0.040531,-0.089184,-0.047177,-0.138649,0.005421,0.000692
0,-1.506834,0.066645,0.176777,0.099748,0.187027,0.126616,0.002118,0.001163
0,-1.444788,0.010126,0.089519,-0.071938,0.069653,-0.041493,0.001035,0.000177
0,-1.422709,0.026165,-0.007339,0.029982,0.014693,0.048614,0.00065,0.000457
0,-1.071838,-0.09031,0.368638,-0.123707,0.321136,-0.095096,0.005474,0.001576
0,-1.09453,0.099237,-0.042107,0.214967,-0.042198,0.175704,0.005078,0.001732
0,-1.018864,0.101683,0.102175,-0.015077,0.077216,-0.040833,0.005692,0.001775
0,-0.98463,-0.126026,0.026237,-0.218856,0.003069,-0.178136,0.005095,0.0022
0,-0.819215,-0.023004,0.176438,0.121563,0.164811,0.122923,0.002208,0.000402
0,-0.723678,-0.135715,0.117456,-0.089619,0.144254,-0.070288,0.00054,0.002369
0,-0.930444,-0.079946,-0.204369,0.028657,-0.19552,0.023278,0.004149,0.001395
0,-0.779601,-0.054741,0.162953,0.003997,0.156575,0.025839,0.001516,0.000955
0,-0.597869,0.009626,0.196116,0.085245,0.2075,0.078227,0.001656,0.000168
0,-0.660425,0.095122,-0.082838,0.084239,-0.043559,0.123257,0.000564,0.00166
0,-0.757081,-0.043755,-0.079237,-0.139258,-0.123354,-0.149479,0.001123,0.000764
0,-0.600985,0.133716,0.168789,0.171568,0.175066,0.121581,0.001601,0.002334
0,-0.839677,0.085165,-0.239079,-0.056177,-0.205757,-0.026947,0.002565,0.001486
0,-0.521848,0.020878,0.306969,-0.075007,0.301983,-0.06253,0.002983,0.000364
0,-0.55696,0.13996,-0.020974,0.133681,0.020283,0.147418,0.00237,0.002443
0,-0.618268,0.206613,-0.048646,0.08635,-0.02619,0.128464,0.0013,0.003606
0,-0.496843,0.098522,0.137887,-0.131967,0.144006,-0.134776,0.003419,0.00172
0,-0.578039,0.004676,-0.101362,-0.088529,-0.064042,-0.086757,0.002002,8.2e-05
0,-0.426733,0.014604,0.170576,-0.002944,0.200627,0.031113,0.004643,0.000255
0,-0.273379,0.104542,0.164113,0.075154,0.126889,0.085854,0.004771,0.001825
0,-0.31979,0.106593,-0.055309,-0.020257,-0.090258,-0.056076,0.005581,0.00186
0,-0.243679,0.02736,0.082038,-0.09514,0.111604,-0.050424,0.004253,0.000478
0,-0.316506,0.021769,-0.069473,-0.005213,-0.020713,-0.020582,0.005524,0.00038
0,-0.430437,0.074171,-0.113327,0.071951,-0.162341,0.029024,0.004578,0.001295
0,-0.375335,0.140995,0.074002,0.085034,0.036867,0.101876,0.00554,0.002461
0,-0.304279,0.161712,0.079516,0.037906,0.082885,0.083908,0.005311,0.002822
0,-0.163402,-0.056435,0.143251,-0.206463,0.179477,-0.161999,0.002852,0.000985
0,-0.223208,0.009345,-0.072602,0.054161,-0.10686,0.027378,0.003896,0.000163
0,-0.115069,0.008915,0.085175,-0.018464,0.093975,0.019476,0.002008,0.000156
0,-0.258228,0.073636,-0.160222,0.062846,-0.130977,0.055029,0.004507,0.001285
0,-0.281753,-0.110499,-0.052997,-0.191513,-0.032495,-0.205595,0.004918,0.001929
0,-0.036474,-0.093531,0.25888,0.020481,0.222974,0.046379,0.000637,0.001632
0,-0.03761,0.057841,0.018535,0.151135,0.014301,0.187916,0.000656,0.00101
0,-0.1801,0.038452,-0.129777,-0.035227,-0.105386,0.007875,0.003143,0.000671
0,-0.178245,0.093204,0.017837,0.048232,0.046967,0.085892,0.003111,0.001627
0,-0.05109,0.015567,0.100444,-0.060785,0.106862,-0.068129,0.000892,0.000272
0,-0.048678,0.053859,0.031591,0.035661,0.059684,0.041754,0.00085,0.00094
0,-0.167156,-0.012837,-0.118121,-0.05744,-0.14702,-0.044913,0.002917,0.000224
0,-0.042059,-0.151829,0.097423,-0.157033,0.086559,-0.145326,0.000734,0.00265
0,-0.207525,-0.187255,-0.186117,-0.031734,-0.218646,0.001648,0.003622,0.003268
0,0.000335,-0.119252,0.226801,0.052363,0.272222,0.066575,6e-06,0.002081
0,-0.235881,0.040518,-0.262524,0.139048,-0.217082,0.178266,0.004117,0.000707
0,-0.198179,-0.103951,0.010178,-0.136723,0.03103,-0.182332,0.003459,0.001814
0,0.025035,-0.149258,0.246201,-0.016071,0.24656,0.026815,0.000437,0.002605
0,-0.21077,0.049854,-0.262428,0.216838,-0.301386,0.197296,0.003679,0.00087
0,-0.118117,-0.114936,0.112495,-0.177297,0.130225,-0.219908,0.002062,0.002006
0,-0.105901,-0.145341,0.02924,-0.010136,0.063071,-0.055847,0.001848,0.002537
0,0.006091,0.004064,0.106025,0.129445,0.142854,0.140833,0.000106,7.1e-05
0,-0.20182,-0.012622,-0.191933,-0.045039,-0.234409,-0.093435,0.003522,0.00022
0,-0.121798,-0.107208,0.065591,-0.095009,0.062603,-0.046828,0.002126,0.001871
0,0.035965,-0.182716,0.171212,-0.074524,0.18635,-0.055099,0.000628,0.003189
0,0.064497,0.013304,0.008318,0.20009,0.007831,0.209799,0.001126,0.000232
0,-0.208598,-0.16562,-0.2709,-0.199659,-0.230289,-0.153224,0.003641,0.002891
0,-0.198949,-0.112273,-0.001259,0.06058,-0.050257,0.046414,0.003472,0.00196
0,-0.274533,-0.027372,-0.04615,0.064995,-0.002921,0.019485,0.004792,0.000478
0,-0.141206,0.009807,0.121263,0.039945,0.117615,0.011718,0.002465,0.000171
0,-0.141126,0.008089,0.029943,0.016372,0.002287,-0.033334,0.002463,0.000141
0,-0.249173,-0.078992,-0.134869,-0.109069,-0.133256,-0.064425,0.004349,0.001379
0,-0.054689,0.07617,0.175196,0.159647,0.201035,0.161767,0.000955,0.001329
0,-0.128728,-0.021166,-0.100744,-0.104787,-0.086251,-0.150602,0.002247,0.000369
0,-0.034993,-0.161085,0.063976,-0.153335,0.05311,-0.166664,0.000611,0.002811
0,-0.142537,-0.051371,-0.110475,0.12306,-0.113629,0.168367,0.002488,0.000897
0,-0.151986,-0.030012,-0.026365,-0.007353,-0.008929,-0.042916,0.002653,0.000524
0,-0.147868,-0.062681,0.033007,-0.028493,0.033614,-0.074686,0.002581,0.001094
0,-0.091983,-0.136157,0.07751,-0.072028,0.058016,-0.071526,0.001605,0.002376
0,-0.132702,-0.155046,-0.056324,-0.020549,-0.048614,-0.001093,0.002316,0.002706
0,-0.230694,0.024742,-0.096063,0.168362,-0.1374,0.145059,0.004026,0.000432
0,-0.169911,-0.018739,0.080694,-0.031048,0.077332,-0.016727,0.002966,0.000327
0,-0.009447,-0.118711,0.148768,-0.119779,0.184402,-0.126803,0.000165,0.002072
0,-0.065022,0.001151,-0.035107,0.096493,-0.017014,0.12095,0.001135,2e-05
0,-0.1256,0.025944,-0.034059,0.036337,-0.059606,0.017458,0.002192,0.000453
0,0.166407,-0.016701,0.30268,-0.039654,0.277576,0.00562,0.002904,0.000291
0,-0.067506,-0.052379,-0.233897,-0.023044,-0.22116,-0.043542,0.001178,0.000914
0,-8.888958,1.689373,-8.849144,1.711813,-8.885633,1.701605,0.002035,0.005304
0,-8.953107,1.958368,-0.052516,0.252379,-0.089431,0.260028,0.000915,0.002091
0,-8.901439,2.501899,0.059574,0.562574,0.085882,0.59138,0.001817,0.004696
0,-8.903397,2.307994,0.005761,-0.184276,0.030414,-0.231482,0.001783,0.004011
0,-8.927697,1.718394,-0.046006,-0.572784,-0.056838,-0.574648,0.001359,0.005811
0,-9.143096,1.777905,-0.214357,0.04206,-0.175747,0.07564,0.002401,0.005241
0,-9.125576,1.123463,0.026411,-0.647422,0.007351,-0.660051,0.002095,0.004573
0,-8.924199,0.870599,0.182056,-0.278836,0.155809,-0.236372,0.00142,0.003104
0,-9.003305,0.568788,-0.098438,-0.294338,-0.122419,-0.318955,3.9e-05,0.002163
0,-9.069385,0.08585,-0.043809,-0.472548,-0.073407,-0.465399,0.001114,0.001498
0,-8.619993,0.277952,0.475351,0.216316,0.465665,0.174353,0.005361,0.004851
0,-8.071419,0.144255,0.530775,-0.160691,0.56501,-0.168828,0.004213,0.002518
0,-7.822508,0.246282,0.254477,0.120307,0.223499,0.118345,0.003533,0.004298
0,-7.28121,0.199128,0.570405,-0.053166,0.570436,-0.059428,0.005914,0.003475
0,-6.708633,0.06441,0.585551,-0.118801,0.627925,-0.115912,0.003817,0.001124
0,-6.506816,0.202727,0.223022,0.156581,0.186481,0.135356,0.004751,0.003538
0,-6.255486,0.023611,0.248123,-0.195134,0.296691,-0.236797,0.000364,0.000412
0,-5.93153,0.043809,0.317502,0.018513,0.310454,-0.007459,0.00529,0.000765
0,-5.605545,-0.064162,0.326254,-0.128741,0.35092,-0.083439,0.001111,0.00112
0,-5.526819,0.133555,0.106304,0.225871,0.10454,0.240173,0.000263,0.002331
0,-5.218837,0.165832,0.310096,0.053234,0.34019,0.081279,0.005638,0.002894
0,-4.787886,0.039076,0.426585,-0.14226,0.378271,-0.119989,0.001069,0.000682
0,-4.73086,0.143845,0.053638,0.130565,0.101519,0.124114,0.002064,0.002511
0,-4.416564,0.034524,0.334828,-0.095912,0.302403,-0.078282,0.004541,0.000603
0,-4.373275,-0.095853,0.044864,-0.153423,0.037474,-0.107331,0.003785,0.001673
0,-4.014224,-0.107347,0.3466,-0.023149,0.2995,0.012269,0.002481,0.001874
0,-3.957648,-0.045728,0.086116,0.080543,0.037615,0.056428,0.003469,0.000798
0,-3.726786,-0.068766,0.230214,-0.036426,0.259996,-0.014641,0.004592,0.0012
0,-3.314289,0.036924,0.390035,0.121272,0.383447,0.158402,0.002607,0.000644
0,-3.310583,0.140961,0.014262,0.101508,-0.025091,0.072572,0.002672,0.00246
0,-3.083594,0.112794,0.244073,-0.018898,0.270904,-0.054285,0.005457,0.001969
0,-2.826787,-0.031187,0.272741,-0.157416,0.246905,-0.187999,0.000975,0.000544
0,-2.687937,0.119584,0.144913,0.179575,0.141699,0.21101,0.001449,0.002087
0,-2.459103,0.067239,0.236163,-0.042714,0.197218,-0.023058,0.005443,0.001174
0,-2.394488,0.112994,0.050354,0.020939,0.049492,-9.3e-05,0.00552,0.001972
0,-2.315374,0.116124,0.092962,-0.006194,0.054328,-0.030412,0.004139,0.002027
0,-2.108372,-0.153329,0.214983,-0.257933,0.206726,-0.283772,0.000527,0.002676
0,-2.144166,-0.080082,-0.053529,0.043732,-0.02376,0.005389,0.001151,0.001398
0,-2.031614,0.020699,0.120961,0.127112,0.108426,0.15381,0.000813,0.000361
0,-1.953212,-0.079537,0.091717,-0.112173,0.09486,-0.070644,0.002181,0.001388
0,-1.886065,0.03764,0.086011,0.121455,0.091837,0.10929,0.003353,0.000657
0,-1.725226,0.066756,0.187444,0.032851,0.144728,0.022474,0.00593,0.001165
0,-1.526587,0.031241,0.172963,-0.018447,0.163437,-0.04473,0.002463,0.000545
0,-1.354805,0.043754,0.167097,-0.000457,0.194502,-0.009332,0.000535,0.000764
0,-1.460724,0.102603,-0.130077,0.060842,-0.147543,0.021468,0.001313,0.001791
0,-1.264328,-0.13356,0.218781,-0.264499,0.267793,-0.27025,0.002114,0.002331
0,-1.427195,-0.109932,-0.185344,0.014039,-0.180696,-0.032191,0.000728,0.001919
0,-1.150898,-0.003792,0.295387,0.113928,0.277984,0.140328,0.004094,6.6e-05
0,-1.092619,0.127156,0.059453,0.102782,0.09292,0.113997,0.005111,0.002219
0,-1.243341,0.005447,-0.169823,-0.140059,-0.19883,-0.177994,0.002481,9.5e-05
0,-0.88142,0.023965,0.362291,0.020077,0.328017,0.009717,0.003293,0.000418
0,-0.833619,0.017233,0.052194,-0.033327,0.002272,-0.009344,0.002459,0.000301
0,-0.855092,0.122669,-0.030518,0.080011,0.017088,0.114683,0.002834,0.002141
0,-0.97276,0.059583,-0.107476,-0.03375,-0.138961,0.011465,0.004887,0.00104
0,-0.846911,0.089988,0.133321,0.017035,0.130969,0.065231,0.002691,0.001571
0,-0.794015,-0.07458,0.04739,-0.19454,0.095756,-0.151416,0.001768,0.001302
0,-0.702139,-0.10802,0.087632,-0.031291,0.091178,-0.034644,0.000164,0.001885
0,-0.692924,-0.049317,-0.006649,0.054431,0.006542,0.068262,3e-06,0.000861
0,-0.63634,-0.129516,0.071246,-0.109719,0.085581,-0.080067,0.000984,0.00226
0,-0.694419,0.083615,-0.071583,0.194966,-0.02938,0.191893,2.9e-05,0.001459
0,-0.785834,0.083328,-0.067522,-0.005342,-0.044385,-0.047067,0.001625,0.001454
0,-0.626294,-0.09306,0.149006,-0.187509,0.128218,-0.173489,0.00116,0.001624
0,-0.728997,0.051662,-0.116582,0.120425,-0.070897,0.15794,0.000633,0.000902
0,-0.514914,-0.099087,0.218353,-0.161857,0.19335,-0.139042,0.003104,0.001729
0,-0.630836,0.125811,-0.12771,0.229491,-0.129097,0.213872,0.00108,0.002196
0,-0.374601,-0.099679,0.255314,-0.246905,0.282352,-0.241731,0.005552,0.00174
0,-0.413151,-0.032517,-0.012849,0.085019,0.036626,0.055172,0.00488,0.000568
0,-0.488577,0.101236,-0.055153,0.117378,-0.085256,0.09736,0.003563,0.001767
0,-0.501857,-0.096547,-0.031937,-0.16987,-0.066694,-0.121301,0.003331,0.001685
0,-0.379919,0.124477,0.126446,0.216967,0.131556,0.216357,0.00546,0.002173
0,-0.26353,0.123212,0.14533,0.005164,0.163548,-0.003711,0.004599,0.00215
0,-0.381509,-0.02592,-0.137906,-0.164667,-0.165066,-0.206873,0.005432,0.000452
0,-0.33372,0.061847,0.061512,0.064128,0.105688,0.014671,0.005825,0.001079
0,-0.433516,0.044952,-0.128635,-0.043735,-0.140098,-0.034049,0.004524,0.000785
0,-3.416503,0.135218,-2.980225,0.061005,-3.020181,0.074852,0.000823,0.00236
0,-6.589848,0.023426,-3.161802,-0.123157,-3.145564,-0.130629,0.00589,0.000409
0,-8.338997,0.176685,-1.746604,0.152001,-1.784781,0.146086,0.000457,0.003084
0,-8.93365,0.365894,-0.600062,0.213011,-0.614777,0.191342,0.001255,0.005704
0,-8.767195,0.209166,0.172229,-0.185883,0.153682,-0.153107,0.00416,0.003651
0,-7.645611,0.221843,1.13623,0.041633,1.157809,0.077362,0.000446,0.003872
0,-7.964069,0.197868,-0.322347,-0.040193,-0.35741,-0.032566,0.006004,0.003453
0,-7.182417,0.256767,0.810212,0.050758,0.848688,0.043773,0.004452,0.004481
0,-4.268525,-0.706513,2.894832,-0.976424,2.91795,-0.960368,0.001957,0.00024
0,-1.766562,-1.090939,2.476725,-0.354857,2.507636,-0.391971,0.005439,0.005141
0,-0.144627,-1.759706,1.594673,-0.643441,1.614301,-0.686433,0.002524,0.005559
0,0.353435,-1.502181,0.493309,0.238006,0.443402,0.266424,0.005922,0.002037
0,0.911231,-1.232775,0.570364,0.247379,0.582598,0.253106,0.003813,0.002665
0,1.040092,-1.019894,0.156899,0.208214,0.198587,0.190595,0.006028,0.00571
0,1.182657,-0.888856,0.118989,0.118267,0.118941,0.080228,0.00354,0.003423
0,0.84766,-0.374192,-0.332698,0.502219,-0.335973,0.507596,0.002704,0.00556
0,0.634653,-0.395952,-0.229619,-0.03022,-0.252888,0.012821,0.001014,0.00518
0,0.494486,-0.047804,-0.133948,0.359913,-0.101406,0.348283,0.00346,0.000834
0,0.310087,0.057754,-0.202219,0.102736,-0.166339,0.054112,0.005412,0.001008
0,0.137361,-0.004967,-0.163704,-0.069047,-0.134467,-0.096549,0.002397,8.7e-05
0,0.227441,0.151121,0.099512,0.129879,0.070759,0.082083,0.00397,0.002638
0,-0.036,0.292357,-0.289072,0.133911,-0.32009,0.171859,0.000628,0.005103
0,0.035072,0.292703,0.057293,-0.007726,0.012082,0.030699,0.000612,0.005109
0,0.108773,0.19121,0.103456,-0.079787,0.11164,-0.056594,0.001898,0.003337
0,-0.12868,0.432308,-0.211076,0.26292,-0.180181,0.300138,0.002246,0.004545
0,0.103008,0.348192,0.248482,-0.097926,0.267699,-0.055713,0.001798,0.006013
0,-0.005098,0.205521,-0.105884,-0.162097,-0.124934,-0.13441,8.9e-05,0.003587
0,0.326094,-0.446501,0.30655,-0.67535,0.289761,-0.676193,0.005691,0.004298
0,0.508623,-0.462331,0.210738,-0.013361,0.22129,-0.013401,0.003213,0.004021
0,0.830077,-0.72173,0.348544,-0.245166,0.351928,-0.277857,0.002397,0.000506
0,1.012393,-0.59491,0.20126,0.125976,0.167246,0.148887,0.005579,0.001707
0,0.912973,-0.72674,-0.081517,-0.132206,-0.032652,-0.117857,0.003844,0.000594
0,0.762415,-0.73648,-0.13909,-0.016255,-0.177944,-0.01024,0.001216,0.000764
0,0.6374,-0.539136,-0.148062,0.177815,-0.173268,0.184774,0.000966,0.002681
0,0.48906,-0.484748,-0.138991,0.080915,-0.181864,0.104932,0.003555,0.00363
0,0.424001,-0.235012,-0.069156,0.23539,-0.0556,0.240804,0.00469,0.004102
0,0.222077,-0.249593,-0.211398,-0.009619,-0.20044,-0.020714,0.003876,0.004356
0,0.033982,0.069214,-0.201954,0.305987,-0.154358,0.334468,0.000593,0.001208
0,-0.118834,0.148298,-0.170275,0.078339,-0.208794,0.087594,0.002074,0.002588
0,-0.171839,0.135912,-0.06143,-0.026355,-0.063488,-0.052029,0.002999,0.002372
0,-0.088758,0.067051,0.05688,-0.054462,0.079473,-0.042661,0.001549,0.00117
0,-0.200563,0.009087,-0.132306,-0.039638,-0.098653,-0.055253,0.0035,0.000159
0,-0.097927,0.084978,0.106295,0.099895,0.085581,0.077567,0.001709,0.001483
0,-0.190872,0.118036,-0.067592,0.00658,-0.05759,-0.002049,0.003331,0.00206
0,-0.061014,0.106364,0.152728,0.013652,0.150007,0.0194,0.001065,0.001856
0,-0.334384,0.064699,-0.280503,-0.04647,-0.289264,-0.03298,0.005836,0.001129
0,-0.120547,0.027575,0.238685,-0.015664,0.252384,0.017071,0.002104,0.000481
0,-0.147185,-0.015973,0.001755,-0.0403,0.00273,-0.057155,0.002569,0.000279
0,-0.200534,0.153837,-0.049735,0.157515,-0.064233,0.132677,0.0035,0.002685
0,-0.157498,0.031818,0.041773,-0.147013,0.057437,-0.127572,0.002749,0.000555
0,-0.141503,0.029772,0.000842,-0.004878,-0.012908,-0.010099,0.00247,0.00052
0,-0.133233,0.02737,-0.011057,-0.000235,-0.044198,-0.005112,0.002325,0.000478
0,-0.357183,0.226561,-0.23563,0.20731,-0.281769,0.224691,0.005856,0.003954
0,-0.210456,-0.05691,0.118213,-0.285308,0.100446,-0.258879,0.003673,0.000993
0,-0.058537,0.179238,0.152767,0.23357,0.183607,0.217721,0.001022,0.003128
0,-0.093857,-0.027932,-0.050395,-0.217241,-0.074247,-0.230038,0.001638,0.000488
0,-0.101349,0.022191,-0.011696,0.060468,0.017112,0.083478,0.001769,0.000387
0,0.030446,0.242318,0.108585,0.201131,0.112674,0.180709,0.000531,0.004229
0,-0.084626,-0.037611,-0.098985,-0.25162,-0.079854,-0.267656,0.001477,0.000656
0,-0.143531,0.138582,-0.050927,0.158003,-0.040918,0.189689,0.002505,0.002419
0,0.07054,0.230155,0.203135,0.097939,0.234887,0.121608,0.001231,0.004017
0,0.085339,0.101553,-0.010138,-0.115666,0.025299,-0.10816,0.001489,0.001772
0,0.025246,0.039415,-0.071211,-0.054467,-0.038632,-0.020742,0.000441,0.000688
0,0.127243,-0.066172,0.075005,-0.114758,0.054101,-0.141358,0.002221,0.001155
0,0.067977,0.101106,-0.030234,0.188172,-0.017474,0.222931,0.001186,0.001765
0,0.003964,-0.02008,-0.040397,-0.109557,-0.008787,-0.103216,6.9e-05,0.00035
0,0.132361,-0.010461,0.102148,0.033724,0.140453,0.019379,0.00231,0.000183
0,0.186575,0.174333,0.04494,0.201852,0.054826,0.24667,0.003256,0.003043
0,0.0559,-0.010647,-0.157794,-0.19884,-0.175417,-0.181021,0.000976,0.000186
0,0.186942,0.052722,0.106489,0.086033,0.062982,0.052001,0.003263,0.00092
0,-0.07795,0.079595,-0.274892,0.026213,-0.226039,0.066605,0.00136,0.001389
0,-0.127053,-0.032697,-0.030179,-0.141644,0.010717,-0.113377,0.002217,0.000571
0,-0.054786,-2.4e-05,0.089006,0.040816,0.117471,0.040108,0.000956,0.0
0,-0.13526,0.177955,-0.064973,0.161207,-0.022655,0.135018,0.002361,0.003106
0,0.024954,0.009317,0.179473,-0.1614,0.144922,-0.158674,0.000436,0.000163
0,-0.030101,-0.020413,-0.064767,-0.005977,-0.085928,0.024517,0.000525,0.000356
0,0.071575,-0.052783,0.084104,-0.042091,0.05878,-0.025995,0.001249,0.000921
0,-0.020775,0.097751,-0.064243,0.159059,-0.054665,0.132618,0.000363,0.001706
0,-0.072145,-0.020645,-0.057364,-0.147009,-0.023505,-0.119547,0.001259,0.00036
0,0.131269,0.053741,0.197837,0.052202,0.178113,0.02315,0.002291,0.000938
0,0.122299,0.023378,0.01732,-0.023064,0.033542,-0.018345,0.002135,0.000408
0,-0.079346,0.20637,-0.174431,0.164438,-0.155264,0.166544,0.001385,0.003602
0,0.076129,0.054576,0.158724,-0.136592,0.165208,-0.185231,0.001329,0.000953
0,0.153298,0.250068,0.091341,0.185652,0.059787,0.153707,0.002676,0.004365
0,0.188265,0.063265,0.026411,-0.210495,0.009142,-0.259517,0.003286,0.001104
0,-0.020846,-0.034777,-0.200725,-0.119715,-0.244098,-0.130012,0.000364,0.000607
0,0.053283,0.083663,0.081135,0.141129,0.121938,0.155962,0.00093,0.00146
0,0.073768,0.149173,0.021725,0.060779,-0.006852,0.025744,0.001287,0.002604
0,0.266516,0.074695,0.217967,-0.069434,0.195014,-0.081239,0.004652,0.001304
0,0.077641,0.002941,-0.19364,-0.042585,-0.228428,-0.052295,0.001355,5.1e-05
0,0.025799,0.128661,-0.061628,0.132674,-0.055554,0.180048,0.00045,0.002246
0,0.24811,0.122505,0.223303,-0.013918,0.230791,-0.061831,0.00433,0.002138
0,0.17128,0.109252,-0.10338,-0.021318,-0.134434,0.02112,0.002989,0.001907
0,0.217316,0.000975,0.074301,-0.125863,0.102777,-0.133639,0.003793,1.7e-05
0,0.055974,0.169391,-0.136465,0.183835,-0.172329,0.21062,0.000977,0.002956
0,0.173932,0.183407,0.093502,0.023208,0.111319,0.020187,0.003036,0.003201
0,0.082044,0.221151,-0.078989,0.017101,-0.03447,-0.026408,0.001432,0.00386
0,0.008367,0.023238,-0.102218,-0.221078,-0.093737,-0.193412,0.000146,0.000406
0,0.050209,0.052087,0.067224,0.004469,0.07899,-0.005242,0.000876,0.000909
0,0.015853,0.038218,-0.052856,-0.010143,-0.051676,0.024052,0.000277,0.000667
0,0.030794,0.060268,-0.01118,0.008247,-0.020715,0.058198,0.000537,0.001052
0,0.174929,0.065039,0.150236,0.027211,0.197338,0.076302,0.003053,0.001135
0,0.065578,0.101447,-0.080548,0.030996,-0.040832,0.079356,0.001145,0.001771
0,-0.022204,0.103959,-0.102116,0.021035,-0.138316,0.001827,0.000388,0.001814
0,0.087116,-0.021879,0.103392,-0.09889,0.070207,-0.147745,0.00152,0.000382
0,0.0221,0.13222,-0.046793,0.128379,-0.087935,0.172432,0.000386,0.002308
0,0.014572,0.019054,-0.027684,-0.107874,-0.018011,-0.066509,0.000254,0.000333
0,0.008285,0.083207,-0.027755,0.074163,-0.066023,0.112213,0.000145,0.001452
0,-0.089475,0.104787,-0.07508,0.042902,-0.029542,0.026454,0.001562,0.001829
0,-0.148401,-0.117801,-0.050375,-0.22745,-0.025381,-0.251482,0.00259,0.002056
0,-0.106949,0.057461,0.018706,0.165055,-0.008223,0.198032,0.001867,0.001003
0,0.0416,-0.084979,0.139652,-0.131356,0.168892,-0.16918,0.000726,0.001483
0,-0.165885,0.068982,-0.229475,0.138965,-0.181922,0.148028,0.002895,0.001204
0,-0.206751,-0.081429,-0.033156,-0.129913,-0.081101,-0.138371,0.003608,0.001421
0,0.092675,0.186688,0.318613,0.239524,0.345158,0.20524,0.001617,0.003258
0,0.076633,0.061296,-0.015214,-0.112792,-0.037928,-0.132127,0.001337,0.00107
0,0.061782,0.110811,-0.003035,0.043391,0.024822,0.035804,0.001078,0.001934
0,0.014551,-0.002183,-0.021744,-0.11517,0.020335,-0.14625,0.000254,3.8e-05
0,-0.076936,0.104112,-0.104643,0.103126,-0.132355,0.058802,0.001343,0.001817
0,-0.046576,-0.056466,0.011348,-0.16969,-0.004368,-0.149439,0.000813,0.000986
0,0.039616,0.207477,0.083172,0.244651,0.065914,0.224058,0.000691,0.003621
0,-0.193429,0.034291,-0.203982,-0.15262,-0.23747,-0.12682,0.003376,0.000598
0,-0.151261,0.000404,0.049435,-0.0552,0.017459,-0.028704,0.00264,7e-06
0,0.044168,0.042728,0.191741,0.05868,0.153746,0.086311,0.000771,0.000746
0,-0.096953,0.013815,-0.11623,-0.044042,-0.109567,-0.045655,0.001692,0.000241
0,0.028206,0.098925,0.111849,0.096263,0.154746,0.052894,0.000492,0.001727
0,-0.116032,-0.054732,-0.154953,-0.157574,-0.119013,-0.136712,0.002025,0.000955
0,-0.086108,-0.037606,0.039478,0.033065,0.047051,0.050641,0.001503,0.000656
0,-0.057305,-0.126589,0.043552,-0.092619,0.043871,-0.125253,0.001,0.002209
0,-0.190628,0.156277,-0.139708,0.302393,-0.127791,0.259252,0.003327,0.002728
0,0.08542,0.107924,0.278774,-0.069201,0.267754,-0.046569,0.001491,0.001884
0,0.034531,-0.000694,-0.066216,-0.123445,-0.049807,-0.121913,0.000603,1.2e-05
0,0.496139,1.109999,0.482295,1.130729,0.440418,1.106969,0.003431,0.004808
0,0.943936,1.738566,0.468043,0.602381,0.515786,0.57021,0.004384,0.005928
0,0.927193,1.501688,-0.005602,-0.211219,-0.038513,-0.226938,0.004092,0.002028
0,1.071163,1.87201,0.133965,0.352472,0.125621,0.321491,0.005486,0.003599
0,1.36916,1.801095,0.313535,-0.080383,0.292683,-0.111429,0.000285,0.004836
0,0.89305,1.224656,-0.478992,-0.555241,-0.527978,-0.55572,0.003496,0.002807
0,1.003916,1.009144,0.119536,-0.214354,0.167568,-0.216664,0.005431,0.005522
0,0.906687,0.628794,-0.070852,-0.381032,-0.083319,-0.337472,0.003734,0.001116
0,0.7243,0.300723,-0.163383,-0.336159,-0.127344,-0.292314,0.000551,0.005249
0,0.636776,0.31067,-0.087743,0.031027,-0.042926,0.013725,0.000977,0.005422
0,0.295093,-0.030049,-0.371273,-0.313791,-0.36847,-0.290483,0.00515,0.000524
0,0.331334,0.000237,0.0206,0.02269,-0.029014,0.054635,0.005783,4e-06
0,0.244222,-0.237501,-0.078112,-0.238295,-0.104106,-0.210533,0.004262,0.004145
0,-0.002668,-0.165824,-0.229549,0.087881,-0.203877,0.120884,4.7e-05,0.002894
0,0.010694,-0.319093,-0.014406,-0.169206,-0.015139,-0.195986,0.000187,0.005569
0,0.123715,-0.026903,0.085518,0.317713,0.125461,0.313913,0.002159,0.00047
0,0.171492,-0.28677,0.047897,-0.266828,0.053774,-0.281071,0.002993,0.005005
0,-0.06275,-0.12178,-0.230608,0.188743,-0.199828,0.174951,0.001095,0.002125
0,-0.107263,-0.072555,-0.04048,0.044626,-0.028183,0.005643,0.001872,0.001266
0,-0.030781,-0.228488,0.050884,-0.166316,0.048635,-0.162823,0.000537,0.003988
0,0.132344,-0.261901,0.171586,-0.057539,0.172376,-0.018767,0.00231,0.004571
0,-0.036151,-0.344232,-0.151115,-0.098529,-0.104282,-0.137223,0.000631,0.006008
0,0.272925,-1.467531,0.308296,-1.117182,0.335475,-1.08424,0.004763,0.001432
0,0.479522,-2.50596,0.180984,-1.064733,0.142327,-1.050754,0.003721,0.004625
0,0.269271,-2.270613,-0.221144,0.227913,-0.201291,0.230855,0.0047,0.003358
0,0.192865,-2.227776,-0.096878,0.061099,-0.057165,0.030317,0.003366,0.002611
0,0.4334,-1.750995,0.247174,0.475566,0.24473,0.460895,0.004526,0.005711
0,0.206951,-1.46474,-0.233572,0.272495,-0.200741,0.28877,0.003612,0.001384
0,0.339705,-0.795705,0.122499,0.684128,0.119607,0.712744,0.005929,0.001797
0,0.056355,-0.496205,-0.271025,0.285166,-0.242905,0.319394,0.000984,0.00343
0,0.239687,-0.130424,0.174448,0.379687,0.136588,0.370121,0.004183,0.002276
0,0.29154,-0.181949,0.079245,-0.063098,0.076734,-0.032451,0.005088,0.003176
0,0.201486,0.216061,-0.072681,0.368747,-0.116799,0.340507,0.003517,0.003771
0,0.207347,0.099226,0.030663,-0.106503,0.025075,-0.069883,0.003619,0.001732
0,0.132341,0.281009,-0.051065,0.162272,-0.067337,0.114174,0.00231,0.004905
0,0.086205,0.141304,-0.04022,-0.120442,-0.074519,-0.159542,0.001505,0.002466
0,0.146804,0.151994,0.071277,0.012967,0.075753,0.011647,0.002562,0.002653
0,0.045255,0.133519,-0.116451,-0.026815,-0.089293,-0.000279,0.00079,0.00233
0,0.007885,0.328318,-0.051272,0.194939,-0.027448,0.163545,0.000138,0.00573
0,0.161517,0.269819,0.18316,-0.05368,0.184264,-0.096246,0.002819,0.004709
0,0.13678,0.172001,-0.017333,-0.10368,0.004872,-0.089216,0.002387,0.003002
0,0.100023,0.112614,-0.0281,-0.062407,0.000256,-0.085242,0.001746,0.001965
0,-0.012133,0.216635,-0.113479,0.107988,-0.149591,0.113504,0.000212,0.003781
0,-0.0036,0.211104,-0.013597,0.010732,-0.046996,0.016654,6.3e-05,0.003684
0,0.211352,0.352008,0.185944,0.143729,0.204731,0.094378,0.003689,0.005947
0,0.204737,0.141975,-0.015426,-0.220297,-0.031258,-0.209186,0.003573,0.002478
0,-0.016878,-0.057309,-0.232168,-0.226161,-0.214105,-0.204871,0.000295,0.001
0,-0.014815,0.143496,0.014292,0.206796,0.025587,0.173892,0.000259,0.002504
0,0.283927,0.114441,0.32332,-0.021064,0.307942,0.000478,0.004955,0.001997
0,0.266311,0.110116,-0.034032,-0.00239,-0.006871,0.019456,0.004648,0.001922
0,0.241841,0.150024,-0.025279,0.052673,-0.071586,0.035211,0.004221,0.002618
0,0.032011,0.175797,-0.20354,0.025972,-0.252219,-0.002616,0.000559,0.003068
0,0.116163,-0.042482,0.088692,-0.240017,0.138163,-0.282475,0.002027,0.000741
0,0.19888,0.176585,0.063143,0.212018,0.081281,0.221815,0.003471,0.003082
0,0.126454,0.169962,-0.078871,-0.022264,-0.087779,-0.022821,0.002207,0.002966
0,0.270699,0.002432,0.169494,-0.145524,0.218119,-0.16417,0.004725,4.2e-05
0,0.243872,0.037675,-0.025618,0.015189,-0.025777,0.026236,0.004256,0.000658
0,0.097656,-0.123318,-0.131021,-0.156405,-0.088921,-0.1494,0.001704,0.002152
0,0.078999,-0.022588,-0.040505,0.110189,-0.006756,0.116764,0.001379,0.000394
0,0.320363,0.021469,0.249512,0.04251,0.23382,0.076966,0.005591,0.000375
0,0.154928,-0.128833,-0.15252,-0.153925,-0.119638,-0.165846,0.002704,0.002249
0,0.223378,0.111728,0.084671,0.243389,0.129323,0.201486,0.003899,0.00195
0,0.26316,0.093346,0.030043,-0.02951,-0.003098,-0.003184,0.004593,0.001629
0,-0.000562,0.11741,-0.261056,0.028614,-0.252462,0.064627,1e-05,0.002049
0,0.187197,0.027545,0.21174,-0.101752,0.204529,-0.072044,0.003267,0.000481
0,0.088349,-0.098968,-0.120776,-0.112041,-0.167286,-0.066525,0.001542,0.001727
0,0.039254,0.01097,-0.069957,0.113594,-0.075098,0.159535,0.000685,0.000191
0,0.249977,0.013556,0.210715,0.017263,0.249994,0.059816,0.004363,0.000237
0,0.14604,0.122092,-0.08374,0.095086,-0.121004,0.052633,0.002549,0.002131
0,1.087173,0.891914,0.927505,0.78466,0.949547,0.829162,0.005206,0.003476
0,1.60574,1.335999,0.517658,0.458148,0.562927,0.41377,0.003844,0.000863
0,1.384447,1.404275,-0.231723,0.046472,-0.199881,0.046266,1.8e-05,0.000328
0,1.254902,1.258501,-0.131101,-0.131373,-0.174358,-0.136491,0.002279,0.002216
0,1.179262,1.114022,-0.066823,-0.153591,-0.094024,-0.162942,0.003599,0.004738
0,1.006447,1.112914,-0.185836,0.021142,-0.174693,0.031758,0.005475,0.004757
0,0.803059,0.94499,-0.211651,-0.173599,-0.22179,-0.132528,0.001926,0.004403
0,0.744381,0.513381,-0.032841,-0.448221,-0.081076,-0.421698,0.000901,0.00313
0,0.494856,0.092488,-0.229787,-0.396989,-0.268516,-0.363727,0.003454,0.001614
0,0.39156,0.127183,-0.077643,0.025176,-0.087457,0.044628,0.005256,0.00222
0,0.249383,-0.079231,-0.156552,-0.233185,-0.188506,-0.281541,0.004353,0.001383
0,0.02791,-0.105945,-0.243941,-0.037611,-0.287207,-0.039195,0.000487,0.001849
0,-0.137639,-0.091753,-0.166964,0.033831,-0.174588,0.007528,0.002402,0.001601
0,-0.03571,-0.272042,0.126797,-0.206776,0.103125,-0.156904,0.000623,0.004748
0,-0.032923,-0.198177,0.006736,0.054554,0.039145,0.096025,0.000575,0.003459
0,-0.271208,-0.245327,-0.240269,-0.025994,-0.269859,0.021343,0.004733,0.004282
0,-0.193388,-0.087387,0.060161,0.171739,0.015912,0.206604,0.003375,0.001525
0,-0.093016,-0.120123,0.126023,-0.009959,0.122788,0.034574,0.001623,0.002097
0,-0.006964,-0.264737,0.09229,-0.129522,0.118452,-0.165274,0.000122,0.004621
0,-1.662829,-1.307421,-1.667545,-1.027669,-1.648441,-0.982253,0.004841,0.001362
0,-3.062268,-1.382943,-1.376281,-0.10264,-1.357173,-0.057845,0.005085,4.4e-05
0,-3.381447,-1.31285,-0.303777,0.060456,-0.293542,0.092398,0.001435,0.001267
0,-2.425872,-0.962664,0.966437,0.350328,0.938082,0.366425,0.006022,0.004711
0,-2.006068,-1.14783,0.421269,-0.167861,0.455426,-0.185183,0.001259,0.004148
0,-1.526244,-1.069711,0.462158,0.067923,0.442771,0.04999,0.002457,0.005511
0,-0.960377,-0.967241,0.592311,0.077053,0.550017,0.071281,0.004671,0.004791
0,-0.748813,-0.661088,0.197215,0.284017,0.223758,0.24771,0.000979,0.000552
0,-0.485836,-0.229592,0.286917,0.44925,0.313591,0.434272,0.003611,0.004007
0,-0.10193,-0.299519,0.37389,-0.06898,0.356735,-0.106194,0.001779,0.005228
0,0.001018,-0.040081,0.118016,0.248653,0.072703,0.261332,1.8e-05,0.0007
0,0.201512,-0.018761,0.184705,0.04624,0.150404,0.043301,0.003517,0.000327
0,0.223253,0.160907,0.006626,0.16145,-0.019183,0.170409,0.003896,0.002808
0,0.057424,-0.043951,-0.144697,-0.218728,-0.153828,-0.193606,0.001002,0.000767
0,0.21589,-0.055338,0.156425,0.002714,0.146039,0.018732,0.003768,0.000966
0,0.324069,0.152312,0.083257,0.205009,0.065018,0.214686,0.005656,0.002658
0,0.386525,0.161487,0.076251,-0.005789,0.110557,0.00313,0.005344,0.002818
0,0.25558,0.030526,-0.110899,-0.145807,-0.094434,-0.110938,0.004461,0.000533
0,0.084973,0.063861,-0.167042,0.044339,-0.210887,0.029159,0.001483,0.001115
0,0.186796,-0.03543,0.091657,-0.108285,0.05816,-0.146049,0.00326,0.000618
0,0.023127,0.173966,-0.188675,0.197897,-0.225885,0.215139,0.000404,0.003036
0,0.200149,0.122547,0.199485,-0.034648,0.174507,-0.029418,0.003493,0.002139
0,0.017142,0.253022,-0.202493,0.107335,-0.191029,0.083122,0.000299,0.004416
0,0.007149,0.036259,-0.011728,-0.202207,-0.016601,-0.214364,0.000125,0.000633
0,0.007219,0.041832,-0.023543,-0.015063,0.015387,0.00401,0.000126,0.00073
0,-0.036979,0.219928,-0.072829,0.207635,-0.053624,0.191792,0.000645,0.003838
0,0.050982,0.001583,0.084513,-0.206488,0.059754,-0.178503,0.00089,2.8e-05
0,0.146948,0.278919,0.099881,0.270053,0.145079,0.283979,0.002565,0.004868
0,0.06503,0.1281,-0.074162,-0.173062,-0.104546,-0.197765,0.001135,0.002236
0,0.051411,0.089637,0.007708,-0.035612,0.008651,-0.072364,0.000897,0.001564
0,0.206138,0.12619,0.126576,0.00804,0.138696,-0.001617,0.003598,0.002202
0,-0.012876,0.050839,-0.207479,-0.080049,-0.199552,-0.060055,0.000225,0.000887
0,0.06796,0.103245,0.107602,0.079474,0.07356,0.091906,0.001186,0.001802
0,0.19622,-0.013807,0.114123,-0.1145,0.147526,-0.075843,0.003425,0.000241
0,0.118516,-0.031886,-0.095811,0.007303,-0.047007,0.006394,0.002068,0.000557
0,0.169688,-0.060735,0.066547,-0.049235,0.059985,-0.016894,0.002962,0.00106
0,-0.043248,-0.094895,-0.187232,-0.045237,-0.173043,-0.029158,0.000755,0.001656
0,-0.030958,-0.020742,0.027112,0.062357,0.043564,0.08972,0.00054,0.000362
0,0.125294,-0.075443,0.129038,-0.084013,0.113287,-0.053163,0.002187,0.001317
0,0.160876,-0.02713,0.020625,0.025945,0.068187,0.001881,0.002808,0.000474
0,0.062517,-0.081743,-0.090863,-0.04691,-0.079628,-0.091386,0.001091,0.001427
0,0.02433,0.017876,-0.026479,0.100981,0.013799,0.137792,0.000425,0.000312
0,-0.020504,0.151948,-0.05589,0.133234,-0.065679,0.108348,0.000358,0.002652
0,0.042618,0.140089,0.039851,-0.030169,0.037926,-0.06066,0.000744,0.002445
0,-0.016045,0.013912,-0.078959,-0.134611,-0.046666,-0.105839,0.00028,0.000243
0,-0.113251,0.100538,-0.068541,0.071566,-0.023706,0.107479,0.001977,0.001755
0,0.112085,0.064621,0.230487,-0.018147,0.231166,-0.000744,0.001956,0.001128
0,-0.027243,-0.080993,-0.158428,-0.138628,-0.121839,-0.154808,0.000475,0.001414
0,0.098121,0.199001,0.097784,0.254059,0.137866,0.217554,0.001713,0.003473
0,0.040773,-0.003362,-0.038156,-0.231651,-0.078874,-0.24393,0.000712,5.9e-05
0,0.138038,0.229336,0.068427,0.254515,0.061535,0.260251,0.002409,0.004003
0,0.108849,-0.025221,-0.005875,-0.270034,-0.034469,-0.284075,0.0019,0.00044
0,0.143895,-0.000228,0.03015,0.051639,-0.008422,0.054817,0.002511,4e-06
0,0.041565,0.147725,-0.089539,0.153933,-0.068687,0.165239,0.000725,0.002578
0,0.093174,0.205214,0.023791,0.03823,0.045977,0.03415,0.001626,0.003582
0,-0.048682,-0.030413,-0.114257,-0.262463,-0.118699,-0.253521,0.00085,0.000531
0,0.045166,-0.056413,0.064076,-0.016528,0.027501,-0.001719,0.000788,0.000985
0,0.107295,0.123963,0.054049,0.1723,0.018018,0.185694,0.001873,0.002164
0,0.101942,0.051482,-0.023017,-0.084233,0.021806,-0.056694,0.001779,0.000899
0,0.074573,0.264887,-0.020096,0.221768,-0.056938,0.203383,0.001302,0.004623
0,0.134606,0.06246,0.050084,-0.192096,0.004139,-0.167721,0.002349,0.00109
0,0.016937,0.156697,-0.088,0.113799,-0.083422,0.153732,0.000296,0.002735
0,0.03939,0.259169,0.03616,0.113863,0.02227,0.137792,0.000687,0.004523
0,0.090192,0.096554,0.027989,-0.156282,0.064311,-0.120493,0.001574,0.001685
0,-0.065244,0.006397,-0.184824,-0.084463,-0.194463,-0.13255,0.001139,0.000112
0,-0.067489,0.153252,0.019163,0.165527,-0.004276,0.210364,0.001178,0.002675
0,0.061944,0.227014,0.106381,0.095393,0.116651,0.138551,0.001081,0.003962
0,0.109976,-0.009424,0.058168,-0.242907,0.074812,-0.248028,0.001919,0.000164
0,0.092574,0.043626,0.011856,0.027182,0.020113,-0.021816,0.001616,0.000761
0,-0.030599,-0.043966,-0.118721,-0.084142,-0.098306,-0.061966,0.000534,0.000767
0,0.276967,0.136734,0.335239,0.189732,0.362047,0.139764,0.004834,0.002386
0,0.192196,0.101367,-0.091624,-0.049461,-0.071363,-0.031566,0.003354,0.001769
0,0.015689,-0.055468,-0.18664,-0.161069,-0.159048,-0.188364,0.000274,0.000968
0,-0.019968,0.044194,-0.047211,0.09851,-0.03409,0.096889,0.000348,0.000771
0,-0.026121,0.126114,-0.00388,0.062386,0.014353,0.057965,0.000456,0.002201
0,0.0614,-0.05071,0.093284,-0.159728,0.05467,-0.15531,0.001072,0.000885
0,0.094016,0.086059,0.048761,0.15128,0.057314,0.163755,0.001641,0.001502
0,-0.000909,0.096114,-0.067718,0.004449,-0.039686,0.000982,1.6e-05,0.001678
0,-0.027942,-0.066325,-0.056772,-0.137548,-0.025109,-0.09398,0.000488,0.001158
0,0.105179,0.056833,0.151907,0.125882,0.105063,0.1015,0.001836,0.000992
0,-0.060425,-0.088933,-0.156173,-0.161868,-0.131957,-0.115739,0.001055,0.001552
0,0.113356,0.132287,0.182476,0.193703,0.224014,0.148636,0.001978,0.002309
0,-0.012647,0.128556,-0.135492,-0.029361,-0.15434,-0.040364,0.000221,0.002244
0,0.036015,0.060947,0.07177,-0.070958,0.044244,-0.039488,0.000629,0.001064
0,-0.028381,0.041176,-0.072886,-0.024328,-0.036846,-0.023104,0.000495,0.000719
0,0.167555,0.081294,0.209934,0.065548,0.251215,0.095476,0.002924,0.001419
0,0.006137,0.157899,-0.184028,0.052795,-0.134537,0.041652,0.000107,0.002756
0,-0.064437,0.094594,-0.077449,-0.054679,-0.027949,-0.017092,0.001125,0.001651
0,0.22673,-0.028675,0.317123,-0.138487,0.281136,-0.122442,0.003957,0.0005
0,0.136655,0.164078,-0.081287,0.193497,-0.126064,0.193559,0.002385,0.002864
0,0.079412,0.100181,-0.084509,-0.060422,-0.093499,-0.061556,0.001386,0.001748
0,-0.059999,-0.004652,-0.151346,-0.114658,-0.107421,-0.121793,0.001047,8.1e-05
0,0.060225,-0.114584,0.144296,-0.138249,0.156097,-0.158601,0.001051,0.002
0,-0.01386,0.017886,-0.083754,0.15751,-0.035428,0.1553,0.000242,0.000312
0,0.076199,-0.031096,0.06055,-0.068119,0.025572,-0.05614,0.00133,0.000543
0,0.141893,0.124273,0.081204,0.168887,0.102672,0.164027,0.002476,0.002169
0,-0.063664,-0.021537,-0.231744,-0.136893,-0.242096,-0.123788,0.001111,0.000376
0,-0.003766,-0.001108,0.031712,0.015454,0.057519,0.004935,6.6e-05,1.9e-05
0,0.051006,0.151903,0.043636,0.12513,0.013829,0.105422,0.00089,0.002651
0,0.099688,0.034495,0.067925,-0.098914,0.050936,-0.117233,0.00174,0.000602
0,0.086044,0.151577,-0.025776,0.094035,-0.003148,0.078428,0.001502,0.002646
0,-0.013343,-0.113942,-0.076106,-0.241439,-0.114628,-0.245175,0.000233,0.001989
0,-0.010953,0.106633,-0.017369,0.214218,0.018319,0.1783,0.000191,0.001861
0,0.001775,0.153758,0.028728,0.050429,-0.006737,0.046485,3.1e-05,0.002684
0,-0.019995,0.110021,-0.010767,-0.01537,-0.041925,0.030546,0.000349,0.00192
0,0.582905,0.507723,0.592801,0.393946,0.597448,0.381329,0.001917,0.003229
0,0.793734,1.126512,0.21942,0.592889,0.211733,0.572645,0.001763,0.00452
0,1.011857,1.744232,0.2453,0.600042,0.22065,0.631488,0.00557,0.005829
0,0.97604,1.751856,-0.02634,-0.011499,-0.04676,-0.033171,0.004945,0.005696
0,0.978971,1.501348,0.004898,-0.256934,-0.034092,-0.243351,0.004996,0.002022
0,-0.907189,1.922891,-1.905954,0.414945,-1.947929,0.392582,0.003743,0.002711
0,-2.416094,1.35422,-1.536773,-0.583004,-1.527198,-0.614823,0.005897,0.000545
0,-3.262714,1.381608,-0.837431,0.039686,-0.874595,0.02205,0.003507,6.7e-05
0,-3.832416,1.154403,-0.545467,-0.197356,-0.559437,-0.212164,0.005655,0.004033
0,-3.733802,0.875527,0.117629,-0.257415,0.07864,-0.216412,0.004715,0.00319
0,-3.499973,0.503504,0.248364,-0.384793,0.260699,-0.355997,0.000634,0.003303
0,-2.316879,0.240578,1.188283,-0.263809,1.226046,-0.296714,0.004166,0.004199
0,-1.866504,0.080141,0.455244,-0.135584,0.435925,-0.139258,0.000173,0.001399
0,-8.899835,0.006704,-7.018587,-0.062631,-7.036381,-0.016785,0.001845,0.000117
0,-8.911336,-0.089049,-0.038334,-0.073265,0.008181,-0.063398,0.001644,0.001554
0,-9.142464,-0.143684,-0.222893,-0.038137,-0.212935,0.010194,0.00239,0.002508
0,-9.104363,-0.018525,0.041514,0.126982,0.050228,0.166979,0.001725,0.000323
0,-8.568122,0.033728,0.509717,0.058907,0.501488,0.066884,0.004456,0.000589
0,-8.145786,-0.158241,0.411469,-0.205297,0.428396,-0.201857,0.002915,0.002762
0,-7.778338,0.039085,0.34345,0.185721,0.353604,0.228787,0.002762,0.000682
0,-7.354821,0.023573,0.431079,-0.037356,0.47467,3.6e-05,0.00463,0.000411
0,-7.046435,-0.184314,0.320598,-0.200345,0.312837,-0.240503,0.002079,0.003217
0,-6.817313,0.057704,0.230548,0.252699,0.267902,0.223427,0.00192,0.001007
0,-6.424083,0.102312,0.393256,0.029038,0.366877,0.035258,0.003307,0.001786
0,-6.190015,-0.012337,0.242827,-0.092311,0.291831,-0.06788,0.000778,0.000215
0,-5.884457,0.070723,0.312047,0.061838,0.300869,0.075923,0.005979,0.001234
0,-5.611033,-0.049303,0.283514,-0.10166,0.27979,-0.063441,0.001207,0.00086
0,-5.146022,-0.083982,0.463365,-0.055328,0.446614,-0.101329,0.005182,0.001466
0,-5.047326,-0.101338,0.11354,0.008568,0.101687,0.045721,0.003459,0.001769
0,-4.721688,0.015994,0.353692,0.090819,0.372216,0.115463,0.002224,0.000279
0,-4.585502,-0.134982,0.117077,-0.162635,0.106006,-0.201587,0.004601,0.002356
0,-4.192762,0.017323,0.367291,0.154468,0.320607,0.139387,0.000635,0.000302
0,-4.085942,0.018998,0.083035,0.028484,0.039604,-0.015586,0.00123,0.000332
0,-3.887081,-0.044205,0.201795,-0.05903,0.201448,-0.077067,0.004701,0.000772
0,-3.8331,-0.002565,0.067946,0.05323,0.070808,0.102466,0.005643,4.5e-05
0,-3.410192,-0.085444,0.395421,-0.094706,0.430211,-0.061762,0.000933,0.001491
0,-3.370479,-0.052273,0.04784,0.02267,0.063787,0.014074,0.001626,0.000912
0,-3.236978,-0.115864,0.120009,-0.047682,0.093513,-0.061556,0.003957,0.002022
0,-3.126405,0.042538,0.111741,0.146066,0.065065,0.171263,0.005886,0.000742
0,-2.952047,-0.105654,0.195624,-0.155232,0.225334,-0.199909,0.003161,0.001844
0,-2.70739,0.066991,0.270531,0.171549,0.246481,0.130175,0.001109,0.001169
0,-2.548728,0.016716,0.18232,-0.037188,0.148535,0.009959,0.003878,0.000292
0,-2.294741,-0.112422,0.231792,-0.11181,0.276469,-0.094171,0.003779,0.001962
0,-2.35958,0.07277,-0.091124,0.17067,-0.069742,0.212629,0.004911,0.00127
0,-2.300877,-0.193296,0.078492,-0.29309,0.054268,-0.313536,0.003886,0.003374
0,-2.039766,0.026605,0.281104,0.216476,0.234431,0.204197,0.000671,0.000464
0,-1.898689,0.088586,0.16766,0.071187,0.131005,0.104914,0.003133,0.001546
0,-1.913593,-0.125501,0.007626,-0.223912,0.031063,-0.199332,0.002873,0.00219
0,-1.922507,0.053622,-0.038602,0.16307,-0.008969,0.182088,0.002717,0.000936
0,-1.708994,0.06209,0.229107,-0.000163,0.241098,0.028475,0.005647,0.001084
0,-1.672209,0.121419,0.009079,0.0592,0.042616,0.059049,0.005005,0.002119
0,-1.704091,-0.13527,-0.061774,-0.274267,-0.098035,-0.317604,0.005561,0.002361
0,-1.53511,0.074869,0.176239,0.214848,0.215886,0.181954,0.002612,0.001307
0,-1.395058,-0.170469,0.121419,-0.227449,0.147859,-0.211376,0.000167,0.002975
0,-1.265364,-0.105433,0.124124,0.065133,0.164601,0.096063,0.002096,0.00184
0,-1.241201,-0.131169,0.027453,-0.046162,0.03309,-0.002565,0.002518,0.002289
0,-1.3482,-0.046818,-0.102595,0.063545,-0.134814,0.065732,0.00065,0.000817
0,-1.30042,-0.033696,0.062012,0.004659,0.020139,-0.04028,0.001484,0.000588
0,-1.252716,0.045768,0.06797,0.058296,0.068435,0.012488,0.002317,0.000799
0,-1.169587,0.109422,0.07942,0.058529,0.124368,0.068297,0.003768,0.00191
0,-0.871919,0.056139,0.323342,-0.026692,0.338367,0.019697,0.003127,0.00098
0,-0.988329,0.119845,-0.114551,0.068087,-0.147198,0.051499,0.005159,0.002092
0,-0.944016,-0.052174,0.050614,-0.192934,0.016463,-0.164269,0.004386,0.000911
0,-1.003749,0.154825,-0.038074,0.19535,-0.022085,0.198191,0.005428,0.002702
0,-0.996112,-0.078693,0.027178,-0.252732,0.011593,-0.21649,0.005295,0.001373
0,-0.838797,-0.018025,0.186777,0.048241,0.144553,-0.000109,0.002549,0.000315
0,-0.860498,-0.018499,-0.0421,-0.012994,-0.082157,-0.004713,0.002928,0.000323
0,-0.610798,-0.040993,0.268084,-0.044325,0.306442,0.00116,0.00143,0.000715
0,-0.637421,-0.093102,-0.042877,-0.041486,-0.049094,-0.033391,0.000965,0.001625
0,-0.667381,0.046249,-0.01338,0.123596,0.005267,0.078751,0.000442,0.000807
0,-0.548093,-0.04357,0.148821,-0.080314,0.167538,-0.094395,0.002524,0.00076
0,-0.565602,-0.132121,-0.021521,-0.107165,0.011694,-0.107749,0.002219,0.002306
0,-0.711628,-0.007002,-0.169703,0.113572,-0.149292,0.154972,0.00033,0.000122
0,-0.574197,0.009591,0.154732,0.028443,0.166991,0.020345,0.002069,0.000167
0,-0.49427,-0.048485,0.09732,-0.034337,0.099034,-0.017194,0.003464,0.000846
0,-0.371837,0.072125,0.107435,0.129354,0.097075,0.151797,0.005601,0.001259
0,-0.54635,-0.047992,-0.192278,-0.136825,-0.16698,-0.155399,0.002555,0.000838
0,-0.635923,-0.111169,-0.088625,-0.07177,-0.091547,-0.119197,0.000992,0.00194
0,-0.467801,-0.037534,0.184244,0.085408,0.22763,0.048842,0.003926,0.000655
0,-0.427893,0.034042,0.068918,0.074535,0.026822,0.079837,0.004622,0.000594
0,-0.377931,-0.164461,0.048277,-0.206639,-0.001694,-0.15998,0.005494,0.00287
0,-0.413829,-0.044181,-0.025249,0.133566,-0.074425,0.084438,0.004868,0.000771
0,-0.412619,0.094377,0.029662,0.121838,-0.004607,0.130378,0.004889,0.001647
0,-0.259051,0.114788,0.14236,0.02107,0.158642,-0.009849,0.004521,0.002003
0,-0.290583,-0.021441,-0.042277,-0.147311,-0.021627,-0.185347,0.005072,0.000374
0,-0.441322,0.118118,-0.163841,0.131691,-0.159057,0.131595,0.004388,0.002062
0,-0.443143,-0.069793,-0.020339,-0.207026,0.021269,-0.163612,0.004356,0.001218
0,-0.418438,0.072616,0.018474,0.16765,-0.004931,0.217378,0.004787,0.001267
0,-0.273876,-0.059288,0.158524,-0.132848,0.201454,-0.118001,0.00478,0.001035
0,-0.293554,-0.032638,-0.030088,0.033406,0.012211,0.042071,0.005123,0.00057
0,-0.361113,-0.086104,-0.037839,-0.074845,-0.066956,-0.098918,0.005788,0.001503
0,-0.280003,-0.070199,0.092819,-0.007579,0.10457,-0.049763,0.004887,0.001225
0,-0.143892,-0.030526,0.127787,0.028154,0.095634,0.034314,0.002511,0.000533
0,-0.287236,-0.017411,-0.172291,0.041644,-0.130197,0.013435,0.005013,0.000304
0,-0.127993,0.158202,0.129553,0.184452,0.178015,0.15825,0.002234,0.002761
0,-0.343377,0.150463,-0.187817,-0.029583,-0.141591,0.00911,0.005993,0.002626
0,-0.116082,0.063304,0.197924,-0.114923,0.166909,-0.086505,0.002026,0.001105
0,-0.203732,-0.105224,-0.078215,-0.155561,-0.029914,-0.106272,0.003556,0.001837
0,-0.35096,0.155596,-0.120029,0.24419,-0.134274,0.263145,0.005965,0.002716
0,-0.130494,0.102953,0.241975,-0.062507,0.235341,-0.025544,0.002278,0.001797
0,-0.330225,0.166071,-0.221388,0.071248,-0.229975,0.047784,0.005764,0.002898
0,-0.248316,-0.083542,0.069151,-0.247213,0.043386,-0.270143,0.004334,0.001458
0,-0.393901,0.090935,-0.129576,0.183289,-0.128804,0.192111,0.005216,0.001587
0,-0.203641,-0.017061,0.176807,-0.085584,0.215774,-0.126012,0.003554,0.000298
0,-0.064943,0.134567,0.141509,0.172939,0.170236,0.137974,0.001133,0.002349
0,-0.069468,0.115109,-0.010981,-0.046765,0.038571,-0.080721,0.001212,0.002009
0,-0.198191,0.115284,-0.107133,-0.009192,-0.095926,0.035702,0.003459,0.002012
0,-0.244832,-0.053582,-0.069907,-0.196952,-0.039613,-0.17158,0.004273,0.000935
0,-0.236637,-0.005027,-0.013637,0.065965,-0.050618,0.048145,0.00413,8.8e-05
0,-0.183466,-0.01275,0.077256,-0.032382,0.028598,-0.033425,0.003202,0.000223
0,-0.345501,0.030037,-0.144551,0.017603,-0.129868,0.012442,0.00603,0.000524
0,-0.114738,-0.024731,0.211278,-0.028648,0.19314,-0.045765,0.002003,0.000432
0,-0.182044,-0.125756,-0.092873,-0.075383,-0.047491,-0.100782,0.003177,0.002195
0,-0.371573,0.06448,-0.185031,0.213003,-0.164947,0.239714,0.005605,0.001125
0,-0.180909,-0.049644,0.175501,-0.138246,0.219244,-0.127341,0.003157,0.000866
0,-0.073242,0.093536,0.13274,0.14912,0.164668,0.162446,0.001278,0.001633
0,-0.177281,-0.043533,-0.105499,-0.124572,-0.095323,-0.13376,0.003094,0.00076
0,0.0027,0.083081,0.171795,0.134128,0.189586,0.113441,4.7e-05,0.00145
0,-0.115114,-0.024506,-0.133573,-0.133945,-0.117537,-0.125045,0.002009,0.000428
0,-0.202665,-0.104386,-0.089739,-0.057309,-0.085743,-0.068753,0.003537,0.001822
0,-0.001154,0.111434,0.204024,0.210569,0.194458,0.239106,2e-05,0.001945
0,-0.003973,-0.08479,-0.015824,-0.223641,-0.029401,-0.242198,6.9e-05,0.00148
0,-0.11466,-0.069857,-0.081281,0.032889,-0.126988,0.011971,0.002001,0.001219
0,0.006684,0.158004,0.135715,0.229141,0.109456,0.184021,0.000117,0.002758
0,-0.166145,-0.092496,-0.176834,-0.257475,-0.182988,-0.280825,0.0029,0.001614
0,0.095598,-0.023577,0.238193,0.053506,0.262455,0.073471,0.001669,0.000411
0,-0.101866,0.063217,-0.220554,0.067866,-0.217489,0.029279,0.001778,0.001103
0,0.060168,0.004935,0.177768,-0.048712,0.192476,-0.018756,0.00105,8.6e-05
0,0.065055,-0.122829,0.02755,-0.106982,0.055393,-0.05794,0.001135,0.002144
0,0.006219,0.025405,-0.051632,0.15488,-0.060519,0.155846,0.000109,0.000443
0,0.037683,0.040534,0.043563,0.010175,0.029977,0.025283,0.000658,0.000707
0,-0.178744,0.085583,-0.230687,0.032639,-0.204388,0.025672,0.00312,0.001494
0,-0.105249,-0.034125,0.089418,-0.0945,0.068727,-0.118264,0.001837,0.000596
0,-0.200247,0.169321,-0.080206,0.212697,-0.074482,0.184334,0.003495,0.002955
0,0.033789,0.153081,0.210689,-0.032362,0.25586,-0.042451,0.00059,0.002672
0,-0.174232,-0.082734,-0.215909,-0.21706,-0.20946,-0.207134,0.003041,0.001444
0,-0.1387,-0.022056,0.029172,0.057336,0.053922,0.093761,0.002421,0.000385
0,-0.068982,0.030153,0.059872,0.049813,0.013927,0.023821,0.001204,0.000526
0,-0.182009,0.07741,-0.107187,0.046528,-0.154308,0.043362,0.003177,0.001351
0,-0.110841,-0.071234,0.042489,-0.172894,0.086768,-0.21475,0.001935,0.001243
0,-0.210529,-0.018042,-0.110454,0.067995,-0.073415,0.093491,0.003674,0.000315
0,-0.176477,0.049464,0.030404,0.069216,0.064406,0.028856,0.00308,0.000863
0,-0.184465,0.027191,-0.030551,-0.008355,-0.012902,-0.037877,0.00322,0.000475
0,-8.925737,-0.985005,-8.758961,-1.032801,-8.750112,-1.037112,0.001393,0.005101
0,-8.980996,-1.266915,-0.039618,-0.275824,-0.076371,-0.293024,0.000428,0.002069
0,-9.024737,-1.816115,-0.025403,-0.538977,-0.065498,-0.54503,0.000335,0.004574
0,-9.149266,-2.111122,-0.104588,-0.294238,-0.10693,-0.324331,0.002508,0.000575
0,-8.947717,-1.740219,0.176478,0.363725,0.167166,0.408726,0.001009,0.005899
0,-9.028492,-1.721403,-0.094585,0.005501,-0.06446,-0.009292,0.000401,0.005863
0,-8.894387,-1.2546,0.120745,0.495424,0.168644,0.493386,0.00194,0.002284
0,-9.00038,-1.040389,-0.103362,0.203581,-0.125851,0.190914,9e-05,0.006023
0,-9.056469,-0.482396,-0.041882,0.58029,-0.062172,0.573858,0.000889,0.003671
0,-9.101537,-0.285372,-0.036511,0.1933,-0.00881,0.196386,0.001675,0.004981
0,-8.888563,-0.195533,0.241302,0.064602,0.258539,0.06139,0.002042,0.003413
0,-9.064605,0.144903,-0.161199,0.354709,-0.127907,0.316195,0.001031,0.002529
0,-8.61817,0.243489,0.425597,0.109055,0.427866,0.074799,0.00533,0.00425
0,-8.771803,0.272445,-0.137759,0.034045,-0.128311,0.049896,0.004079,0.004755
0,-7.960209,0.266422,0.785209,-0.010216,0.787866,-0.026081,0.005937,0.00465
0,-6.570623,0.42713,1.391483,0.166377,1.348516,0.16982,0.005865,0.004636
0,-4.943375,0.350584,1.653774,-0.081088,1.629998,-0.127835,0.001645,0.005972
0,-3.382657,0.261368,1.530862,-0.074217,1.563776,-0.053156,0.002454,0.004562
0,-8.942406,0.312893,-5.53929,0.042266,-5.531982,0.086939,0.001102,0.005461
0,-9.098298,0.810255,-0.157027,0.517937,-0.156452,0.528749,0.001619,0.002051
0,-9.005984,0.962685,0.122219,0.179964,0.083188,0.165338,8e-06,0.004712
0,-9.040693,0.929385,-0.048989,-0.023796,-0.029617,-0.053545,0.000614,0.00413
0,-9.055282,0.867482,-0.008727,-0.042993,-0.049258,-0.016665,0.000868,0.00305
0,-9.0181,1.008686,0.020183,0.123556,0.019936,0.115753,0.000219,0.005514
0,-9.058664,0.790742,-0.023604,-0.187973,-0.065372,-0.227609,0.000927,0.001711
0,-9.076052,0.559247,-0.026578,-0.25021,-0.076551,-0.227877,0.001231,0.00233
0,-9.130198,0.413065,-0.069801,-0.133518,-0.051428,-0.086538,0.002176,0.004881
0,-8.917272,0.197279,0.190017,-0.21901,0.233704,-0.232983,0.001541,0.003443
0,-8.889271,0.250919,0.04831,0.049909,0.069414,0.03825,0.002029,0.004379
0,-8.880316,0.096255,-0.01368,-0.133873,-0.051047,-0.140204,0.002186,0.00168
0,-8.883149,-0.084067,-0.002556,-0.165443,0.026196,-0.161663,0.002136,0.001467
0,-9.125814,0.002329,-0.242513,0.056517,-0.241301,0.098502,0.002099,4.1e-05
0,-8.548228,0.10397,0.591835,0.112924,0.634862,0.091529,0.004109,0.001815
0,-8.058081,0.109089,0.46651,-0.013104,0.435933,-0.022101,0.004446,0.001904
0,-7.624899,0.009194,0.443721,-0.087324,0.436793,-0.116827,8.4e-05,0.00016
0,-7.238884,0.00338,0.388258,-0.027996,0.356203,-0.059709,0.005437,5.9e-05
0,-6.846009,-0.063454,0.417034,-0.050223,0.447432,-0.070529,0.001419,0.001107
0,-6.593124,0.147044,0.28258,0.180574,0.291611,0.145447,0.005833,0.002566
0,-6.290303,-0.102429,0.310633,-0.271272,0.28555,-0.30009,0.000972,0.001788
0,-5.966466,-0.119689,0.348975,-0.014227,0.351876,-0.027584,0.00468,0.002089
0,-5.442384,-0.012948,0.501454,0.111113,0.487504,0.094287,0.001736,0.000226
0,-5.353047,-0.086128,0.094466,-0.054972,0.114852,-0.066314,0.003296,0.001503
0,-4.97471,-0.007907,0.370409,0.096262,0.342177,0.122571,0.002192,0.000138
0,-4.877803,0.062799,0.085996,0.045645,0.097068,0.043553,0.0005,0.001096
0,-4.419018,0.074192,0.475537,0.000688,0.496388,-0.000488,0.004583,0.001295
0,-4.160248,-0.019387,0.230809,-0.11992,0.204843,-0.14468,6.7e-05,0.000338
0,-4.210829,-0.127952,-0.044804,-0.131152,-0.044799,-0.172451,0.00095,0.002233
0,-3.931682,-0.174279,0.307626,-0.035484,0.305004,0.005197,0.003922,0.003042
0,-3.740342,-0.003914,0.208289,0.157021,0.162732,0.157458,0.004829,6.8e-05
0,-3.573942,-0.053579,0.188716,-0.03067,0.177826,0.012551,0.001925,0.000935
0,-3.281947,0.042038,0.279331,0.094799,0.328894,0.143081,0.003172,0.000734
0,-3.137237,0.111484,0.15735,0.078305,0.202482,0.102683,0.005697,0.001946
0,-2.971461,0.146518,0.159073,0.064266,0.147413,0.104737,0.0035,0.002557
0,-2.705965,0.047328,0.259141,-0.119374,0.253802,-0.164409,0.001134,0.000826
0,-2.524022,-0.137605,0.200459,-0.201423,0.206983,-0.182603,0.004309,0.002402
0,-2.418463,-0.099627,0.09385,0.035163,0.073973,-0.006706,0.005939,0.001739
0,-2.204835,0.109319,0.236753,0.183704,0.196528,0.143182,0.00221,0.001908
0,-2.144348,0.141481,0.083889,0.015205,0.116582,0.063788,0.001154,0.002469
0,-2.12286,-0.088752,0.034113,-0.242469,0.032326,-0.219028,0.000779,0.001549
0,-2.158137,-0.074969,-0.023666,0.013383,-0.046153,0.019366,0.001395,0.001308
0,-1.864484,-0.027392,0.281701,0.024819,0.313978,-0.014967,0.00373,0.000478
0,-1.91364,-0.071526,-0.02595,-0.039653,-0.008214,-0.06998,0.002872,0.001248
0,-1.727882,0.086819,0.205261,0.153721,0.181921,0.166626,0.005976,0.001515
0,-1.793345,-0.137281,-0.053851,-0.223616,-0.077897,-0.222889,0.004972,0.002396
0,-1.467328,-0.040412,0.304111,0.105974,0.305238,0.081068,0.001429,0.000705
0,-1.468899,-0.064722,-0.008916,-0.01842,0.013791,-0.054078,0.001456,0.00113
0,-1.294504,0.049595,0.182807,0.096735,0.231594,0.128887,0.001588,0.000866
0,-1.214726,0.084759,0.105082,0.034111,0.117179,0.06604,0.00298,0.001479
0,-1.248647,0.011264,-0.018099,-0.075497,0.028291,-0.105885,0.002388,0.000197
0,-1.141216,0.101586,0.082494,0.103511,0.03377,0.100843,0.004263,0.001773
0,-1.23722,0.001258,-0.088536,-0.086394,-0.0609,-0.108813,0.002587,2.2e-05
0,-1.175923,0.118307,0.040075,0.137988,-0.001235,0.125821,0.003657,0.002065
0,-0.95751,0.074585,0.241473,-0.041754,0.195543,-0.051947,0.004621,0.001302
0,-1.172628,-0.023238,-0.240618,-0.103292,-0.276531,-0.085804,0.003715,0.000406
0,-1.016706,-0.090123,0.183225,-0.069199,0.194345,-0.053857,0.005654,0.001573
0,-0.793971,-0.10211,0.20048,-0.031563,0.197391,-0.051061,0.001767,0.001782
0,-0.746329,0.067649,0.027355,0.16963,0.066145,0.190117,0.000935,0.001181
0,-0.817669,-0.07082,-0.054103,-0.125501,-0.102895,-0.150637,0.002181,0.001236
0,-0.638685,0.007748,0.168645,0.094895,0.138452,0.105869,0.000943,0.000135
0,-0.684056,0.03487,-0.06578,0.038086,-0.104779,5.4e-05,0.000151,0.000609
0,-0.712667,0.097221,-0.046463,0.087819,-0.042333,0.043578,0.000348,0.001697
0,-0.531691,0.116028,0.160128,0.042738,0.145186,0.061107,0.002811,0.002025
0,-0.487749,-0.06981,0.046264,-0.199692,0.063038,-0.151562,0.003578,0.001218
0,-0.518498,0.073547,-0.047848,0.144723,-0.09756,0.172015,0.003041,0.001284
0,-0.58165,-0.091129,-0.035602,-0.173651,-0.062302,-0.147842,0.001939,0.00159
0,-0.543111,0.0922,0.057872,0.192398,0.093726,0.215941,0.002611,0.001609
0,-0.34431,-0.073769,0.218475,-0.181184,0.211739,-0.209102,0.006009,0.001288
0,-0.370433,0.128156,-0.049931,0.206915,-0.093602,0.198005,0.005625,0.002237
0,-0.534787,0.121252,-0.148492,-0.001876,-0.131651,0.043049,0.002757,0.002116
0,-0.320404,0.119635,0.220421,0.026065,0.226572,0.062484,0.005592,0.002088
0,-0.474526,-0.027052,-0.165841,-0.142633,-0.131175,-0.185229,0.003808,0.000472
0,-0.405814,0.163559,0.080722,0.165725,0.043253,0.175021,0.005008,0.002855
0,-0.514213,0.023037,-0.109245,-0.151121,-0.101856,-0.115616,0.003116,0.000402
0,-0.350502,-0.016625,0.150285,-0.028762,0.145463,-0.040958,0.005973,0.00029
0,-0.451323,0.155549,-0.122786,0.154119,-0.085988,0.18749,0.004213,0.002715
0,-0.50118,0.052473,-0.030434,-0.077883,0.016694,-0.054872,0.003343,0.000916
0,-0.520501,0.055682,-0.02568,-0.026608,-0.059013,0.003804,0.003006,0.000972
0,-0.567198,0.144752,-0.069327,0.096759,-0.061165,0.127688,0.002191,0.002526
0,-0.535244,0.139566,0.013382,0.021911,0.063132,0.016266,0.002749,0.002436
0,-0.457949,-0.033305,0.091135,-0.166514,0.123805,-0.179416,0.004098,0.000581
0,-0.394568,0.002384,0.035477,0.024145,0.016729,0.043237,0.005204,4.2e-05
0,-0.461228,-0.025993,-0.07557,-0.055203,-0.066221,-0.103254,0.004041,0.000454
0,-0.270043,-0.076708,0.165919,-0.032329,0.194644,-0.01777,0.004713,0.001339
0,-0.487253,0.155434,-0.220101,0.239869,-0.259855,0.20015,0.003586,0.002713
0,-0.407463,0.071302,0.108724,-0.059718,0.060705,-0.015917,0.004979,0.001244
0,-0.482863,-0.115487,-0.07693,-0.184199,-0.027527,-0.186577,0.003663,0.002016
0,-0.280528,-0.020541,0.210502,0.088712,0.176559,0.074402,0.004896,0.000359
0,-0.223499,-0.000174,0.032846,-0.005476,-0.009588,0.03081,0.003901,3e-06
0,-0.231951,0.011565,-0.029573,0.003662,0.006084,0.018057,0.004048,0.000202
0,-0.331815,-0.090957,-0.113462,-0.09586,-0.090814,-0.060043,0.005791,0.001587
0,-0.205327,-0.026401,0.114898,0.043584,0.099699,0.030607,0.003584,0.000461
0,-0.405766,-0.016879,-0.215893,0.002773,-0.224985,0.018285,0.005009,0.000295
0,-0.128272,-0.072863,0.279913,-0.031152,0.317708,0.00884,0.002239,0.001272
0,-0.182279,0.03875,-0.055999,0.109054,-0.090767,0.087537,0.003181,0.000676
0,-0.253467,-0.00524,-0.095046,-0.026094,-0.052411,-0.012147,0.004424,9.1e-05
0,-0.172825,-0.168566,0.070818,-0.187096,0.043974,-0.215235,0.003016,0.002942
0,-0.338312,-0.073913,-0.183721,0.082032,-0.147103,0.109732,0.005905,0.00129
0,-0.181683,0.080024,0.177536,0.163014,0.129041,0.144594,0.003171,0.001397
0,-0.176419,-0.106829,0.002173,-0.160414,0.04875,-0.207738,0.003079,0.001865
0,-0.198424,-0.160867,-0.005489,-0.034266,0.02966,-0.074752,0.003463,0.002808
0,-0.156054,0.04071,0.05561,0.215164,0.012575,0.200325,0.002724,0.000711
0,-0.078012,0.0303,0.075275,0.014867,0.061527,-0.024621,0.001362,0.000529
0,-0.006331,0.058817,0.10081,0.011462,0.136655,-0.018362,0.00011,0.001027
0,-0.179042,0.031012,-0.162413,-0.010027,-0.165921,-0.002984,0.003125,0.000541
0,-0.020356,0.107364,0.145659,0.106339,0.140288,0.117304,0.000355,0.001874
0,0.058331,-0.035318,0.057084,-0.11627,0.077759,-0.094281,0.001018,0.000616
0,-0.13351,0.061073,-0.199795,0.071642,-0.198452,0.114918,0.00233,0.001066
0,0.059732,-0.063842,0.207623,-0.108628,0.171873,-0.14256,0.001043,0.001114
0,0.064274,-0.046641,0.000109,0.012511,0.00859,0.02006,0.001122,0.000814
0,0.105987,-0.098469,0.038577,-0.06272,0.00275,-0.013509,0.00185,0.001719
0,-0.1138,0.006549,-0.195294,0.09213,-0.153798,0.062522,0.001986,0.000114
0,0.157496,-0.140298,0.247257,-0.124457,0.230495,-0.107537,0.002749,0.002449
0,0.016971,-0.209969,-0.144242,-0.081821,-0.193865,-0.065941,0.000296,0.003665
0,0.135828,-0.082676,0.131994,0.141222,0.165258,0.16585,0.002371,0.001443
0,-0.066153,-0.169529,-0.174369,-0.067947,-0.169066,-0.044839,0.001155,0.002959
0,0.103448,0.070015,0.147858,0.223777,0.101645,0.245084,0.001806,0.001222
0,-0.074606,-0.184008,-0.201658,-0.244217,-0.187633,-0.202388,0.001302,0.003212
0,0.144403,0.007321,0.198966,0.180544,0.161651,0.133413,0.00252,0.000128
0,0.007564,0.040524,-0.11128,0.018258,-0.115278,0.054931,0.000132,0.000707
0,0.016256,-0.068028,-0.00563,-0.13678,-0.026627,-0.142858,0.000284,0.001187
0,0.020229,0.082116,0.030564,0.128044,0.001046,0.106995,0.000353,0.001433
0,0.171555,-0.190179,0.152603,-0.251031,0.187523,-0.220042,0.002994,0.003319
0,0.156901,-0.137915,-0.001259,0.074262,-0.043784,0.093924,0.002738,0.002407
0,0.086497,-0.086904,-0.057793,0.079379,-0.063793,0.061933,0.00151,0.001517
0,-0.029274,-0.082054,-0.111461,0.00316,-0.100871,0.049022,0.000511,0.001432
0,-0.028933,0.091298,0.011172,0.191429,0.030638,0.164763,0.000505,0.001593
0,0.036881,0.11532,0.083602,0.020028,0.066119,0.063867,0.000644,0.002013
0,0.071545,-0.12718,0.053841,-0.232207,0.05551,-0.228575,0.001249,0.00222
0,-0.087545,-0.100374,-0.186511,0.048744,-0.212588,0.028176,0.001528,0.001752
0,0.064244,0.14181,0.142068,0.231032,0.124995,0.206091,0.001121,0.002475
0,0.058582,0.075904,0.010703,-0.070827,-0.001648,-0.098322,0.001022,0.001325
0,0.12729,0.101123,0.0729,0.003187,0.092359,-0.037864,0.002222,0.001765
0,-0.014219,0.035316,-0.124427,-0.058179,-0.085433,-0.090276,0.000248,0.000616
0,0.001445,-0.060721,0.044372,-0.118108,0.032536,-0.140875,2.5e-05,0.00106
0,-0.063388,-0.052352,-0.063515,0.022484,-0.060939,0.010377,0.001106,0.000914
0,0.067795,-0.014141,0.137162,0.035726,0.170724,0.033303,0.001183,0.000247
0,-0.13299,0.098311,-0.221871,0.092347,-0.259662,0.135829,0.002321,0.001716
0,0.110603,-0.137335,0.241111,-0.250347,0.278015,-0.219181,0.00193,0.002397
0,0.062629,-0.107212,-0.040797,0.04801,-0.066427,0.081167,0.001093,0.001871
0,-0.080678,0.095421,-0.116903,0.18878,-0.116957,0.169985,0.001408,0.001665
0,-0.14694,-0.016581,-0.040879,-0.132111,-0.024567,-0.172668,0.002565,0.000289
0,-0.110443,0.013996,0.038262,0.040465,0.086846,0.00848,0.001928,0.000244
0,0.036183,0.040085,0.136348,0.018848,0.16439,0.048686,0.000632,0.0007
0,-0.062145,-0.096965,-0.112951,-0.117142,-0.155275,-0.094634,0.001085,0.001692
0,0.046319,-0.056721,0.124305,0.031722,0.133385,-0.002855,0.000808,0.00099
0,0.14849,0.132038,0.117106,0.17065,0.14142,0.214336,0.002592,0.002304
0,0.007304,0.168883,-0.129676,0.044819,-0.085544,0.018678,0.000127,0.002948
0,-0.078996,0.056129,-0.070031,-0.115705,-0.102857,-0.132155,0.001379,0.00098
0,0.021949,-0.030169,0.101663,-0.077926,0.104149,-0.072777,0.000383,0.000527
0,-0.167136,0.17129,-0.202503,0.188882,-0.209097,0.222442,0.002917,0.00299
0,-0.099894,0.055278,0.094129,-0.127433,0.142298,-0.104711,0.001743,0.000965
0,-0.098085,-0.009669,-0.027398,-0.092571,-0.069206,-0.108273,0.001712,0.000169
0,0.173245,-0.055719,0.28424,-0.033114,0.328981,-0.038056,0.003024,0.000972
0,0.174605,-0.105102,0.021701,-0.076483,0.068998,-0.113723,0.003047,0.001834
0,0.187385,0.095306,0.030975,0.182364,0.048347,0.179328,0.00327,0.001663
0,0.154564,0.017451,-0.042747,-0.084948,-0.010137,-0.049761,0.002698,0.000305
0,0.116599,-0.123235,-0.053345,-0.142512,-0.070341,-0.178094,0.002035,0.002151
0,-0.036186,-0.10983,-0.149782,0.042893,-0.150538,0.022529,0.000632,0.001917
0,-0.01969,0.035922,-0.001642,0.159814,-0.041445,0.117956,0.000344,0.000627
0,0.083043,-0.153541,0.125298,-0.179001,0.121174,-0.176078,0.001449,0.00268
0,0.04016,-0.149718,-0.018955,-0.0122,0.010299,0.034095,0.000701,0.002613
0,0.019884,0.026718,-0.020987,0.197954,0.013944,0.157669,0.000347,0.000466
0,0.000178,-0.099612,-0.04365,-0.109349,-0.072577,-0.088988,3e-06,0.001739
0,0.094478,-0.082398,0.108849,0.023631,0.149651,0.029188,0.001649,0.001438
0,0.096283,0.064022,-0.011929,0.12958,0.015944,0.099921,0.00168,0.001117
0,-0.142715,-0.032096,-0.21673,-0.109846,-0.209524,-0.142169,0.002491,0.00056
0,-0.12191,0.070976,0.003293,0.079993,-0.019723,0.065295,0.002128,0.001239
0,0.099503,0.104774,0.236373,0.0213,0.244898,0.06555,0.001737,0.001829
0,-0.142707,-0.094816,-0.223565,-0.182266,-0.187096,-0.182634,0.002491,0.001655
0,-0.069896,-0.169186,0.046777,-0.064497,0.041292,-0.014599,0.00122,0.002953
0,-0.173494,0.046663,-0.08463,0.237915,-0.048519,0.235497,0.003028,0.000814
0,-0.000558,-0.082694,0.148878,-0.104541,0.112393,-0.094646,1e-05,0.001443
0,-0.170001,0.09816,-0.151733,0.203158,-0.155405,0.20176,0.002967,0.001713
0,-0.054431,-0.077856,0.101471,-0.20501,0.060984,-0.240419,0.00095,0.001359
0,-0.082819,-0.143237,-0.030992,-0.08866,0.009004,-0.055867,0.001445,0.0025
0,-0.091574,0.151032,-0.009181,0.301005,-0.010023,0.32347,0.001598,0.002636
0,-0.14865,0.081124,-0.052511,-0.088591,-0.007035,-0.063242,0.002594,0.001416
0,0.006266,0.038738,0.164472,-0.050362,0.176278,-0.011098,0.000109,0.000676
0,-0.082129,-0.059318,-0.061402,-0.087642,-0.013318,-0.132743,0.001433,0.001035
0,-0.087688,-0.029409,0.021295,0.046345,0.025405,0.064519,0.00153,0.000513
0,-0.027027,-0.025248,0.067486,0.028288,0.034006,-0.013137,0.000472,0.000441
0,-0.247363,0.063937,-0.209945,0.084671,-0.232466,0.064586,0.004317,0.001116
0,-0.154466,-0.075989,0.114364,-0.115768,0.150645,-0.139826,0.002696,0.001326
0,-0.255707,0.092804,-0.075184,0.160686,-0.031282,0.209885,0.004463,0.00162
0,-0.185945,0.125793,0.072729,0.01759,0.037272,0.051541,0.003245,0.002195
0,-0.192666,-0.136072,0.007077,-0.268563,0.040352,-0.300205,0.003363,0.002375
0,-0.109479,-0.131713,0.061309,-0.007491,0.051889,0.00641,0.001911,0.002299
0,-0.111703,0.020798,-0.020708,0.176654,-0.026722,0.224343,0.00195,0.000363
0,-0.125035,0.109752,-0.003191,0.060222,0.033683,0.060352,0.002182,0.001916
0,-0.217633,0.1161,-0.108151,0.023942,-0.091509,0.000117,0.003798,0.002026
0,-0.277419,0.129781,-0.043115,0.014326,-0.092172,0.058051,0.004842,0.002265
0,-0.239365,-0.120535,0.035195,-0.279762,0.066288,-0.272243,0.004178,0.002104
0,-0.292978,-0.115285,-0.062652,0.013415,-0.041492,0.019752,0.005113,0.002012
0,-0.218842,-0.079051,0.091984,0.018968,0.047956,0.023648,0.00382,0.00138
0,-0.063498,0.073894,0.150311,0.145272,0.118784,0.100282,0.001108,0.00129
0,-0.233243,-0.051487,-0.164322,-0.121509,-0.199201,-0.109689,0.004071,0.000899
0,-0.037154,0.084407,0.188939,0.158476,0.223356,0.159742,0.000648,0.001473
0,-0.20041,0.028667,-0.162561,-0.084007,-0.152462,-0.037923,0.003498,0.0005
0,-0.088819,0.064227,0.09847,0.045089,0.126548,0.005547,0.00155,0.001121
0,0.015991,0.101384,0.108735,0.026136,0.110979,0.00936,0.000279,0.001769
0,0.081866,0.133097,0.082836,0.049124,0.037442,0.054799,0.001429,0.002323
0,0.086076,0.125588,0.011184,0.003801,0.045672,0.027889,0.001502,0.002192
0,0.006203,-0.008345,-0.104658,-0.152881,-0.132985,-0.166118,0.000108,0.000146
0,0.115009,-0.050762,0.136059,-0.050281,0.11632,-0.08487,0.002007,0.000886
0,-0.134695,0.085498,-0.252586,0.149604,-0.276934,0.12877,0.002351,0.001492
0,-0.078128,-0.062234,0.056675,-0.163443,0.070249,-0.205822,0.001364,0.001086
0,0.024012,-0.096417,0.122216,-0.051589,0.116429,-0.032562,0.000419,0.001683
0,0.128891,0.04754,0.097838,0.172105,0.055592,0.166142,0.00225,0.00083
0,0.044957,0.068447,-0.055539,0.000594,-0.104348,0.008605,0.000785,0.001195
0,-0.09436,-0.058235,-0.136064,-0.132921,-0.170267,-0.15127,0.001647,0.001016
0,-0.121101,0.022199,-0.031976,0.063079,-0.00886,0.024921,0.002114,0.000387
0,0.097303,0.075294,0.190184,0.066471,0.16944,0.094103,0.001698,0.001314
0,0.0143,0.068075,-0.058355,0.016835,-0.011238,0.032081,0.00025,0.001188
0,0.08498,0.019849,0.049362,-0.027227,0.054796,-0.044065,0.001483,0.000346
0,-0.153272,0.012667,-0.265916,0.010961,-0.257678,0.053727,0.002675,0.000221
0,0.033823,-0.040096,0.163141,-0.027747,0.13858,0.021717,0.00059,0.0007
0,-0.091412,0.088387,-0.139923,0.106604,-0.14028,0.107055,0.001595,0.001543
0,0.079229,0.049831,0.143852,-0.066639,0.16853,-0.075814,0.001383,0.00087
0,0.056653,0.001875,-0.00448,-0.058152,0.018846,-0.031718,0.000989,3.3e-05
0,-0.119022,-0.101974,-0.174526,-0.112167,-0.202378,-0.153969,0.002077,0.00178
0,-0.154024,-0.006337,-0.026823,0.101327,-0.048339,0.101786,0.002688,0.000111
0,-0.051514,-0.012321,0.107925,-0.009524,0.066329,0.011005,0.000899,0.000215
0,-0.053398,-0.023355,-0.017048,-0.001035,-0.004451,0.038026,0.000932,0.000408
0,0.017174,0.14872,0.078683,0.20175,0.029738,0.239348,0.0003,0.002596
0,-0.173221,-0.053507,-0.16341,-0.187582,-0.115511,-0.217078,0.003023,0.000934
0,0.022719,0.05658,0.211139,0.09319,0.180904,0.141357,0.000397,0.000988
0,-0.193937,0.097159,-0.242913,0.049322,-0.235684,0.039315,0.003385,0.001696
0,-0.07219,0.117642,0.110133,0.002331,0.072136,0.018471,0.00126,0.002053
0,-0.091115,0.090801,-0.026458,-0.050559,-0.075843,-0.022181,0.00159,0.001585
0,-0.086886,0.106926,-0.018879,0.005726,-0.029671,0.043968,0.001516,0.001866
0,-0.267659,0.012221,-0.168733,-0.121428,-0.172844,-0.169076,0.004672,0.000213
0,-0.202089,-0.056812,0.064886,-0.065273,0.109373,-0.113564,0.003527,0.000992
0,-0.128315,0.044666,0.08776,0.12683,0.089989,0.167047,0.00224,0.00078
0,-0.013489,-0.17867,0.087125,-0.202462,0.059561,-0.164276,0.000235,0.003118
0,-0.04404,-0.017203,-0.020143,0.131675,-0.047448,0.110465,0.000769,0.0003
0,-0.10075,-0.119613,-0.030635,-0.105073,-0.036053,-0.097449,0.001758,0.002088
0,-0.249186,-0.113164,-0.139955,0.000774,-0.122473,0.034049,0.004349,0.001975
0,-0.081423,0.092921,0.174815,0.193475,0.132902,0.183532,0.001421,0.001622
0,0.106007,0.032402,0.169744,-0.068692,0.199836,-0.061307,0.00185,0.000566
0,0.041785,-0.169265,-0.066256,-0.205314,-0.050069,-0.169815,0.000729,0.002954
0,-0.139813,-0.046566,-0.205192,0.115202,-0.189075,0.118498,0.00244,0.000813
0,-0.179534,-0.044859,-0.054301,0.012742,-0.09444,-0.029389,0.003133,0.000783
0,-0.035238,0.03926,0.166765,0.1066,0.119378,0.109987,0.000615,0.000685
0,-0.028554,-0.111618,0.02337,-0.138261,0.028881,-0.112371,0.000498,0.001948
0,-0.018345,-0.060704,0.030302,0.065521,-0.014287,0.105815,0.00032,0.001059
0,-0.195597,-0.036361,-0.170704,0.013409,-0.198535,0.051041,0.003414,0.000635
0,-0.088754,0.118025,0.109747,0.151119,0.102729,0.181746,0.001549,0.00206
0,0.052914,0.146096,0.148946,0.031292,0.108512,0.03707,0.000924,0.00255
0,-0.025137,0.041088,-0.087854,-0.08868,-0.065675,-0.066901,0.000439,0.000717
0,-0.165491,0.074119,-0.158986,0.014072,-0.133129,0.023143,0.002888,0.001294
0,-0.207281,0.017736,-0.01216,-0.080447,-0.031856,-0.080353,0.003618,0.00031
0,-0.025631,-0.157812,0.198259,-0.182577,0.204969,-0.221305,0.000447,0.002754
0,-0.076888,-0.058835,-0.071279,0.123577,-0.066167,0.07664,0.001342,0.001027
0,-0.008279,-0.033156,0.084687,0.044875,0.101357,0.093438,0.000144,0.000579
0,-0.174694,0.05039,-0.144158,0.100635,-0.166444,0.137445,0.003049,0.000879
0,-0.136154,-0.029195,0.058704,-0.067028,0.084408,-0.028878,0.002376,0.00051
0,0.026673,-0.108525,0.146649,-0.053951,0.189836,-0.009883,0.000466,0.001894
0,-0.269102,-0.163596,-0.317546,-0.065677,-0.348891,-0.043112,0.004697,0.002855
0,-0.142417,-0.18581,0.105509,-0.011369,0.085841,0.003168,0.002486,0.003243
0,-0.134186,-0.17466,0.000318,0.024958,-0.017178,0.026075,0.002342,0.003048
0,-0.168131,0.023576,-0.034838,0.192163,-0.000388,0.152706,0.002934,0.000411
0,-0.154169,-0.083236,0.041376,-0.128426,0.08789,-0.097856,0.002691,0.001453
0,0.034204,0.044838,0.167783,0.149828,0.193242,0.137322,0.000597,0.000783
0,-0.165416,0.029246,-0.216534,-0.017533,-0.244254,0.018053,0.002887,0.00051
0,-0.167535,0.121266,0.012659,0.098619,-0.022791,0.065791,0.002924,0.002116
0,-0.021088,-0.0469,0.155896,-0.191394,0.181241,-0.146956,0.000368,0.000819
0,-0.229681,-0.16332,-0.182247,-0.141813,-0.170729,-0.122192,0.004009,0.00285
0,-0.182669,-0.030042,0.046493,0.142699,0.085816,0.110395,0.003188,0.000524
0,-0.127278,-0.121964,0.069653,-0.106384,0.116643,-0.102182,0.002221,0.002129
0,-0.148369,0.114557,-0.015252,0.244059,0.023756,0.27412,0.00259,0.001999
0,-0.172117,-0.051768,-0.029479,-0.137627,0.015989,-0.114507,0.003004,0.000904
0,-0.142919,0.152204,0.025377,0.229042,-0.015706,0.232176,0.002494,0.002656
0,-0.239224,0.034527,-0.071557,-0.098894,-0.053517,-0.101816,0.004175,0.000603
0,-0.125935,-0.003863,0.088435,-0.031001,0.091303,-0.078633,0.002198,6.7e-05
0,0.022615,0.029853,0.154371,0.026686,0.163059,0.039266,0.000395,0.000521
0,-0.011545,0.117372,-0.050096,0.087578,-0.087334,0.057547,0.000201,0.002049
0,-0.152746,-0.127929,-0.125087,-0.2343,-0.124312,-0.191647,0.002666,0.002233
0,-0.007081,0.029315,0.156704,0.16919,0.173688,0.162745,0.000124,0.000512
0,-0.016875,-0.014889,-0.037317,-0.06653,-0.004453,-0.087389,0.000295,0.00026
0,-0.231862,-0.005729,-0.195762,0.037381,-0.229779,0.012836,0.004047,0.0001
0,-0.005071,-0.066351,0.225862,-0.082005,0.222919,-0.096616,8.8e-05,0.001158
0,-0.151567,-0.088135,-0.139213,-0.050861,-0.11329,-0.083358,0.002645,0.001538
0,-0.143566,-0.007892,0.015245,0.092313,0.059222,0.139823,0.002506,0.000138
0,-0.092214,0.18743,0.064449,0.184125,0.047811,0.17513,0.001609,0.003271
0,-0.21875,0.046748,-0.145017,-0.14683,-0.123359,-0.098215,0.003818,0.000816
0,-0.016599,0.154019,0.229118,0.100384,0.257726,0.055926,0.00029,0.002688
0,-0.002326,-0.003899,0.014359,-0.179353,-0.030955,-0.193555,4.1e-05,6.8e-05
0,-0.148944,0.007893,-0.135127,0.014389,-0.157337,-0.011576,0.0026,0.000138
0,0.009318,-0.125953,0.153216,-0.108695,0.196148,-0.136204,0.000163,0.002198
0,-0.184772,0.037097,-0.186059,0.134016,-0.19027,0.139922,0.003225,0.000647
0,-0.10443,-0.028459,0.089051,-0.065461,0.106896,-0.038418,0.001823,0.000497
0,-0.143759,-0.062818,-0.048716,-0.033524,-0.022926,-0.002524,0.002509,0.001096
0,-0.098689,-0.026632,0.024132,0.066182,0.052639,0.107143,0.001722,0.000465
0,0.042868,0.11482,0.117836,0.132913,0.159082,0.08991,0.000748,0.002004
0,-0.162092,0.124192,-0.2282,-0.014098,-0.269997,0.017987,0.002829,0.002168
0,-0.017166,0.183587,0.153424,0.033733,0.160755,0.003482,0.0003,0.003204
0,0.024902,0.101134,0.037482,-0.062469,0.079874,-0.107701,0.000435,0.001765
0,0.092945,-0.015691,0.05044,-0.129245,0.052423,-0.161508,0.001622,0.000274
0,0.098208,0.155471,-0.024646,0.165756,-0.030286,0.205901,0.001714,0.002713
0,-0.03554,0.124702,-0.155364,-0.046102,-0.115205,-0.088373,0.00062,0.002176
0,0.114313,0.083842,0.155137,-0.054523,0.115269,-0.034358,0.001995,0.001463
0,-0.145316,-0.030585,-0.241601,-0.115441,-0.23922,-0.135643,0.002536,0.000534
0,-0.084759,0.041852,0.048421,0.052187,0.004722,0.005164,0.001479,0.00073
0,-0.096695,0.183745,-0.015907,0.149558,-0.022457,0.181404,0.001688,0.003207
0,0.070034,0.03493,0.158988,-0.175458,0.177329,-0.21555,0.001222,0.00061
0,-0.081491,0.150803,-0.148093,0.143226,-0.128352,0.123379,0.001422,0.002632
0,-3.770727,-0.133346,-3.675871,-0.306181,-3.720789,-0.33145,0.005359,0.002327
0,-7.74581,-0.167482,-3.981188,-0.016887,-4.005934,-0.056166,0.002195,0.002923
0,-8.928611,-0.171323,-1.154926,-0.004359,-1.203531,0.004352,0.001343,0.00299
0,-8.568306,-0.228018,0.370258,-0.066956,0.37405,-0.105326,0.004459,0.00398
0,-8.970061,-0.026757,-0.398215,0.185888,-0.396477,0.180203,0.000619,0.000467
0,-6.564039,-0.182425,2.396716,-0.136789,2.442609,-0.114962,0.00575,0.003184
0,-5.870294,-0.168017,0.719795,0.016734,0.673682,-0.024343,0.005732,0.002932
0,-4.583456,-0.335149,1.30264,-0.184112,1.301992,-0.204992,0.004637,0.005849
0,-4.313492,-0.225685,0.286327,0.087015,0.324771,0.056655,0.002742,0.003939
0,-3.136982,-0.279801,1.147463,-0.046938,1.12226,-0.006483,0.005702,0.004883
0,-2.601511,-0.174712,0.565185,0.132075,0.604886,0.085411,0.000911,0.003049
0,-8.973891,-0.228751,-6.365929,-0.033721,-6.359028,-0.039847,0.000552,0.003992
0,-8.923747,-0.197555,0.028084,0.011742,0.026465,0.006917,0.001428,0.003448
0,-8.973105,-0.05005,-0.044584,0.126871,-0.019422,0.080659,0.000566,0.000874
0,-9.048415,-0.084543,-0.098908,-0.01047,-0.117485,0.00268,0.000748,0.001476
0,-9.017415,-0.136563,0.054989,-0.04959,0.045376,-0.06869,0.000207,0.002383
0,-8.877136,-0.200752,0.134358,-0.045022,0.096201,-0.047115,0.002241,0.003504
0,-8.998839,-0.205673,-0.099058,-0.000605,-0.083252,-0.042137,0.000117,0.00359
0,-8.883233,-0.074557,0.095525,0.117608,0.120326,0.128301,0.002135,0.001301
0,-8.860746,-0.292077,0.006688,-0.213704,-0.009553,-0.234731,0.002527,0.005098
0,-9.105001,-0.087598,-0.216224,0.194208,-0.195667,0.196857,0.001736,0.001529
0,-8.599491,-0.182101,0.511094,-0.10612,0.463559,-0.117888,0.005004,0.003178
0,-8.170475,-0.248548,0.42405,-0.064165,0.433217,-0.061371,0.002484,0.004338
0,-7.566977,-0.145259,0.615695,0.119049,0.628908,0.087276,0.000927,0.002535
0,-7.203797,-0.021475,0.365066,0.128542,0.377293,0.130544,0.004825,0.000375
0,-6.865235,-0.017086,0.36439,0.013691,0.372422,-0.028348,0.001084,0.000298
0,-6.421018,-0.203404,0.431896,-0.21144,0.463337,-0.198301,0.003254,0.00355
0,-6.316675,-0.230304,0.121226,-0.011706,0.146399,0.009885,0.001432,0.00402
0,-5.996565,-0.167323,0.31477,0.087723,0.313999,0.072961,0.004155,0.00292
0,-5.689141,-0.219209,0.279258,-0.063015,0.294418,-0.067483,0.00257,0.003826
0,-5.435621,-0.101964,0.248279,0.091471,0.205132,0.049068,0.001854,0.00178
0,-5.069882,-0.12966,0.369272,-0.004972,0.366475,0.008669,0.003853,0.002263
0,-4.97123,-0.061977,0.090759,0.049965,0.099638,0.073685,0.002131,0.001082
0,-4.412585,0.021972,0.554999,0.092588,0.534752,0.114414,0.004471,0.000383
0,-4.214241,-0.072328,0.199322,-0.066006,0.169344,-0.04558,0.001009,0.001262
0,-4.218669,0.00848,0.022619,0.097989,0.003583,0.100743,0.001087,0.000148
0,-3.942738,-0.254298,0.248686,-0.23728,0.255916,-0.214944,0.003729,0.004438
0,-3.71441,-0.179727,0.235086,0.07447,0.226553,0.10986,0.004376,0.003137
0,-3.672624,-0.023863,0.024927,0.162567,0.064151,0.125906,0.003647,0.000416
0,-3.506135,-0.023818,0.159859,-0.019686,0.127557,-0.02266,0.000741,0.000416
0,-3.31873,-0.082978,0.208317,-0.03588,0.202606,-0.056888,0.00253,0.001448
0,-3.055742,-0.121003,0.247731,-0.021886,0.21987,-0.02238,0.004971,0.002112
0,-2.94159,-0.092255,0.085943,0.045963,0.090102,0.050298,0.002978,0.00161
0,-2.847686,-0.033806,0.10572,0.087707,0.144302,0.124122,0.00134,0.00059
0,-2.71956,-0.047287,0.157957,0.015966,0.205057,0.010697,0.000897,0.000825
0,-2.594372,0.015256,0.109778,0.080155,0.157508,0.116234,0.003082,0.000266
0,-2.276703,0.035292,0.294388,0.001367,0.259684,-0.025288,0.003465,0.000616
0,-2.405808,-0.005553,-0.103522,-0.022114,-0.060142,0.01494,0.005718,9.7e-05
0,-2.256006,-0.110429,0.171545,-0.107799,0.218632,-0.14877,0.003103,0.001927
0,-2.048188,0.040895,0.177821,0.136595,0.163362,0.146518,0.000524,0.000714
0,-2.044863,0.069167,-0.017237,0.007428,-0.016815,-0.019542,0.000582,0.001207
0,-1.940512,-0.165976,0.130894,-0.226945,0.116863,-0.210093,0.002403,0.002897
0,-1.780606,0.109687,0.140594,0.254562,0.108566,0.296931,0.005194,0.001914
0,-1.722592,-0.023697,0.029436,-0.109565,0.051878,-0.134553,0.005884,0.000414
0,-1.772636,-0.147299,-0.074903,-0.094931,-0.072619,-0.067925,0.005333,0.002571
0,-1.399359,-0.026858,0.37866,0.130015,0.40229,0.116834,0.000242,0.000469
0,-1.330598,-0.137945,0.05657,-0.120321,0.068006,-0.164637,0.000958,0.002408
0,-1.248805,0.073444,0.111423,0.185061,0.130238,0.152039,0.002385,0.001282
0,-1.31058,-0.011052,-0.045569,-0.088729,-0.058555,-0.062497,0.001307,0.000193
0,-1.378303,0.047789,-0.066104,0.072337,-0.07713,0.05696,0.000125,0.000834
0,-1.221999,0.050601,0.176125,-0.027027,0.203747,-0.072838,0.002853,0.000883
0,-1.186379,0.038153,0.04822,-0.015157,-0.001333,-0.007514,0.003475,0.000666
0,-1.026122,0.128053,0.154273,0.092593,0.183953,0.066884,0.005819,0.002235
0,-1.038005,-0.148827,-0.023507,-0.301534,0.025572,-0.339217,0.006026,0.002598
0,-1.071287,0.08259,-0.057818,0.248226,-0.103638,0.202132,0.005483,0.001441
0,-1.012851,-0.033437,0.079367,-0.10474,0.109482,-0.065165,0.005587,0.000584
0,-0.837938,-0.089204,0.186542,-0.063726,0.153312,-0.014581,0.002534,0.001557
0,-0.8908,-0.09649,-0.024165,-0.008914,0.005269,-0.052862,0.003457,0.001684
0,-0.663723,0.09113,0.238788,0.165639,0.200634,0.188036,0.000506,0.001591
0,-0.740675,-0.181637,-0.049625,-0.263853,-0.081831,-0.226756,0.000837,0.00317
0,-0.682562,-0.067173,0.065879,0.136331,0.10413,0.119803,0.000178,0.001172
0,-0.737634,-0.084259,-0.061318,-0.028949,-0.106219,-0.078583,0.000784,0.001471
0,-0.49776,0.047296,0.24646,0.113851,0.257519,0.084191,0.003403,0.000825
0,-0.492566,0.026258,-0.014753,0.00016,-0.058691,0.016318,0.003494,0.000458
0,-0.42072,-0.062846,0.058747,-0.097627,0.016209,-0.0613,0.004748,0.001097
0,-0.389762,0.058867,0.05272,0.093534,0.083336,0.056177,0.005288,0.001027
0,-0.59296,0.059586,-0.179643,-0.024297,-0.204412,-0.066705,0.001741,0.00104
0,-0.486635,0.022785,0.120069,-0.053877,0.098431,-0.03447,0.003597,0.000398
0,-0.31044,-0.186807,0.156436,-0.192572,0.149392,-0.143592,0.005418,0.00326
0,-0.303622,-0.145868,0.001253,0.058697,0.038536,0.088967,0.005299,0.002546
0,-0.524032,-0.015021,-0.207753,0.133925,-0.234397,0.119589,0.002944,0.000262
0,-0.250188,-0.006616,0.265868,0.027023,0.221644,0.024259,0.004367,0.000115
0,-0.444047,-0.065276,-0.200124,-0.043893,-0.214743,-0.017563,0.00434,0.001139
0,-0.322666,-0.058548,0.114198,0.013161,0.109144,0.048063,0.005632,0.001022
0,-0.087104,0.032743,0.230124,0.085128,0.264666,0.050372,0.00152,0.000571
0,-0.309876,-0.05926,-0.230505,-0.066403,-0.214832,-0.048666,0.005408,0.001034
0,-8.955806,-1.47022,-8.639959,-1.393571,-8.682567,-1.346647,0.000868,0.001479
0,-9.092886,-2.711992,-0.128101,-1.259087,-0.157671,-1.254891,0.001524,0.001029
0,-8.953065,-2.784791,0.137898,-0.047716,0.155033,-0.086457,0.000916,0.000242
0,-8.87351,-2.188391,0.089964,0.609365,0.096784,0.611104,0.002304,0.001923
0,-9.146646,-2.046226,-0.281042,0.171536,-0.252617,0.149606,0.002463,0.000558
0,-9.118607,-1.69066,-0.000439,0.327943,-0.030215,0.346907,0.001973,0.005327
0,-8.865703,-1.106519,0.280457,0.560945,0.295798,0.512855,0.002441,0.004869
0,-8.850208,-0.93345,0.028833,0.199258,0.031043,0.227571,0.002711,0.004201
0,-8.646214,-0.629788,0.20694,0.310632,0.236979,0.341421,0.005819,0.001099
0,-7.592753,0.076273,1.03517,0.691319,1.032176,0.642106,0.000477,0.001331
0,-5.084703,0.654329,2.513372,0.599116,2.525517,0.604322,0.004111,0.00067
0,-2.918004,0.882231,2.174156,0.203643,2.175135,0.157307,0.002567,0.003307
0,-2.234453,1.237484,0.688429,0.350397,0.72818,0.30801,0.002727,0.002583
0,-1.5792,1.009302,0.632463,-0.251368,0.62467,-0.207228,0.003381,0.005525
0,-0.659027,0.975786,0.923809,-0.057907,0.973017,-0.032064,0.000588,0.00494
0,-0.246882,0.838146,0.430135,-0.11959,0.438297,-0.137314,0.004309,0.002538
0,0.332544,1.067857,0.592367,0.245437,0.59503,0.249327,0.005804,0.005543
0,0.486547,0.697072,0.133206,-0.364739,0.156428,-0.323178,0.003599,7.6e-05
0,0.725618,0.618351,0.224375,-0.050249,0.185526,-0.066351,0.000574,0.001298
0,0.791164,0.271249,0.076331,-0.332045,0.068517,-0.334195,0.001718,0.004734
0,0.755422,0.20044,-0.044976,-0.09085,-0.003181,-0.054846,0.001094,0.003498
0,0.651239,0.387758,-0.117571,0.197848,-0.110098,0.208675,0.000724,0.005323
0,0.489497,0.288762,-0.165839,-0.099642,-0.118602,-0.126368,0.003547,0.00504
0,0.681941,0.114318,0.178491,-0.170285,0.212617,-0.202524,0.000188,0.001995
0,0.541814,0.276383,-0.163872,0.16582,-0.137672,0.198147,0.002634,0.004824
0,0.381499,0.207744,-0.165077,-0.043607,-0.187043,-0.075337,0.005432,0.003626
0,0.384716,0.100771,-0.00116,-0.091995,0.030513,-0.055449,0.005376,0.001759
0,0.348453,0.213229,-0.032289,0.131989,-0.075584,0.088157,0.006009,0.003722
0,0.248712,0.212899,-0.080315,0.005369,-0.080007,0.008948,0.004341,0.003716
0,0.186286,0.1967,-0.077905,-0.028616,-0.103865,0.001247,0.003251,0.003433
0,0.399542,0.034109,0.217132,-0.159714,0.225481,-0.1194,0.005117,0.000595
0,0.258428,0.159197,-0.120288,0.147307,-0.166225,0.156905,0.00451,0.002779
0,0.14921,0.132818,-0.112751,-0.054536,-0.137618,-0.058668,0.002604,0.002318
0,0.154249,0.209176,0.01746,0.087845,0.023996,0.079241,0.002692,0.003651
0,0.316514,0.243164,0.160631,0.029743,0.167842,0.023828,0.005524,0.004244
0,0.389588,0.180357,0.068278,-0.076645,0.069853,-0.062489,0.005291,0.003148
0,0.207579,0.054221,-0.166176,-0.132514,-0.18947,-0.116517,0.003623,0.000946
0,0.408175,0.19113,0.22622,0.130901,0.265138,0.142123,0.004966,0.003336
0,0.170749,0.284688,-0.25488,0.065167,-0.298006,0.017159,0.00298,0.004969
0,0.435228,0.01904,0.281388,-0.286613,0.254681,-0.314782,0.004494,0.000332
0,0.27291,0.016445,-0.171427,-0.008868,-0.187671,0.011392,0.004763,0.000287
0,0.22133,0.261556,-0.059926,0.249389,-0.086953,0.241281,0.003863,0.004565
0,0.10405,0.04852,-0.10564,-0.231604,-0.134154,-0.203783,0.001816,0.000847
0,0.260197,0.04775,0.159001,-0.026402,0.116966,-0.057335,0.004541,0.000833
0,0.147324,0.099588,-0.134796,0.056405,-0.184238,0.101872,0.002571,0.001738
0,0.078093,0.277546,-0.053391,0.198739,-0.011013,0.1788,0.001363,0.004844
0,0.032619,0.155248,-0.024827,-0.105662,-0.05597,-0.132012,0.000569,0.00271
0,0.02879,0.17587,0.003087,-0.008268,0.014191,-0.013781,0.000502,0.00307
0,0.066,0.231285,0.048431,0.06017,0.093939,0.077752,0.001152,0.004037
0,0.063529,0.052823,0.012488,-0.165342,-0.02777,-0.168315,0.001109,0.000922
0,0.160601,0.16592,0.074416,0.124774,0.055967,0.172047,0.002803,0.002896
0,0.327369,0.226371,0.178278,0.07161,0.142899,0.041216,0.005714,0.003951
0,0.304319,0.155125,0.000687,-0.093846,-0.02877,-0.078149,0.005311,0.002707
0,0.107448,0.181477,-0.214237,0.03949,-0.172329,0.050082,0.001875,0.003167
0,0.242885,-0.047548,0.110101,-0.238782,0.11371,-0.208612,0.004239,0.00083
0,0.287442,0.137072,0.043879,0.202181,0.064391,0.160071,0.005017,0.002392
0,0.091828,0.186507,-0.202396,0.067341,-0.176743,0.052423,0.001603,0.003255
0,0.053026,0.038032,-0.030358,-0.123144,0.013104,-0.083915,0.000925,0.000664
0,-0.03658,-0.065112,-0.06835,-0.131319,-0.103885,-0.147047,0.000638,0.001136
0,0.214341,-0.094877,0.259102,-0.020798,0.242611,0.002808,0.003741,0.001656
0,-0.068195,-0.147455,-0.274205,-0.081251,-0.243161,-0.080343,0.00119,0.002574
0,0.190769,0.037324,0.233036,0.187139,0.219536,0.177846,0.00333,0.000651
0,0.200047,0.065827,-0.015445,0.047045,-0.059571,0.037872,0.003491,0.001149
0,0.272981,0.003842,0.08124,-0.033452,0.0979,-0.060698,0.004764,6.7e-05
0,0.103501,-0.072419,-0.162425,-0.08106,-0.16765,-0.123155,0.001806,0.001264
0,0.329004,-0.122233,0.201059,-0.042189,0.23704,-0.061668,0.005742,0.002133
0,0.133105,-0.141377,-0.169326,-0.042546,-0.205313,-0.084608,0.002323,0.002467
0,0.317786,-0.111316,0.19261,0.006234,0.222227,-0.019609,0.005546,0.001943
0,0.25833,-0.146015,-0.044367,-0.018538,-0.084497,0.029109,0.004509,0.002548
0,0.042415,0.063177,-0.193096,0.237292,-0.201298,0.230114,0.00074,0.001103
0,0.207063,0.105211,0.189397,0.064966,0.214098,0.016389,0.003614,0.001836
0,0.143731,0.08209,-0.091178,-0.005043,-0.126634,0.024095,0.002509,0.001433
0,0.224862,-0.036546,0.056487,-0.099053,0.040794,-0.1118,0.003925,0.000638
0,0.173483,-0.01375,-0.059907,0.005714,-0.053248,-0.020901,0.003028,0.00024
0,0.085497,-0.193101,-0.100788,-0.15137,-0.130513,-0.103381,0.001492,0.00337
0,0.170468,-0.133468,0.103472,0.070323,0.125324,0.095299,0.002975,0.002329
0,-0.003388,0.115002,-0.200737,0.250157,-0.197358,0.293863,5.9e-05,0.002007
0,-0.00575,0.059976,-0.000701,-0.053768,-0.048874,-0.10026,0.0001,0.001047
0,0.128913,-0.072707,0.15662,-0.1519,0.143171,-0.175515,0.00225,0.001269
0,0.237792,-0.035528,0.113559,0.033405,0.077393,-0.00113,0.00415,0.00062
0,0.021702,-0.160779,-0.238961,-0.115217,-0.204769,-0.139224,0.000379,0.002806
0,0.160231,-0.142536,0.144585,0.022573,0.122676,0.01791,0.002797,0.002488
0,0.148658,0.056037,0.00454,0.194131,-0.042083,0.173748,0.002595,0.000978
0,0.171974,-0.212273,-0.00503,-0.278219,-0.023125,-0.288738,0.003002,0.003705
0,0.239697,-0.171116,0.051706,0.069084,0.095746,0.046006,0.004184,0.002987
0,0.13513,-0.164757,-0.109762,0.015254,-0.072529,0.039746,0.002358,0.002876
0,0.170274,-0.087823,0.053775,0.056837,0.011073,0.102162,0.002972,0.001533
0,0.095559,-0.07328,-0.064026,0.015809,-0.034026,-0.018869,0.001668,0.001279
0,0.148929,0.038525,0.063181,0.118179,0.082418,0.146868,0.002599,0.000672
0,0.024019,-0.014837,-0.107736,-0.02592,-0.114915,-0.024274,0.000419,0.000259
0,-0.06912,-0.038823,-0.082107,-0.030195,-0.100361,-0.016414,0.001206,0.000678
0,0.149935,-0.148288,0.19219,-0.137968,0.16904,-0.098206,0.002617,0.002588
0,0.043599,-0.185137,-0.090724,-0.051413,-0.093764,-0.06836,0.000761,0.003231
0,-0.01451,-0.027939,-0.033863,0.143534,-0.011481,0.171932,0.000253,0.000488
0,0.066393,0.071621,0.059808,0.123119,0.065052,0.167494,0.001159,0.00125
0,0.039459,-0.17263,-0.016187,-0.253062,-0.01985,-0.270387,0.000689,0.003013
0,0.032082,-0.092619,-0.000469,0.054513,0.021324,0.064663,0.00056,0.001617
0,-0.021325,-0.184926,-0.036676,-0.096062,-0.018911,-0.075337,0.000372,0.003228
0,-0.006036,0.009387,0.044603,0.180688,0.034691,0.138589,0.000105,0.000164
0,-0.082729,-0.063911,-0.098529,-0.046831,-0.062004,-0.01744,0.001444,0.001115
0,0.024628,-0.217353,0.130468,-0.126407,0.088952,-0.148517,0.00043,0.003794
0,-0.018312,-0.063472,-0.032958,0.125608,-0.078286,0.174641,0.00032,0.001108
0,-0.139387,-0.127221,-0.104753,-0.058811,-0.112326,-0.055939,0.002433,0.00222
0,-0.063808,-0.001456,0.08826,0.096411,0.093638,0.050763,0.001114,2.5e-05
0,0.108996,0.091338,0.194537,0.083578,0.167376,0.055598,0.001902,0.001594
0,0.079367,0.047467,-0.038155,-0.055229,-0.007258,-0.038034,0.001385,0.000828
0,-0.126518,-0.073668,-0.23134,-0.108744,-0.194319,-0.126649,0.002208,0.001286
0,-0.006294,-0.078115,0.131639,0.015035,0.164137,0.009786,0.00011,0.001363
0,-0.059624,-0.158663,-0.080366,-0.053701,-0.080803,-0.037845,0.001041,0.002769
0,-0.051793,-0.115342,0.014793,0.029298,0.04146,0.073646,0.000904,0.002013
0,0.040336,0.038832,0.076297,0.125014,0.124903,0.107268,0.000704,0.000678
0,-0.100396,0.087791,-0.144106,0.032858,-0.136238,0.057118,0.001752,0.001532
0,0.080108,-0.106819,0.19521,-0.175093,0.242823,-0.130366,0.001398,0.001864
0,0.061687,-0.01296,0.008476,0.094942,-0.019949,0.05294,0.001077,0.000226
0,-0.103391,0.073357,-0.189229,0.113406,-0.14745,0.148957,0.001805,0.00128
0,-0.088075,-0.043182,0.021354,-0.131067,0.057755,-0.104552,0.001537,0.000754
0,-0.172735,-0.129227,-0.111442,-0.074228,-0.110561,-0.093906,0.003015,0.002255
0,-0.046621,0.048683,0.151586,0.152752,0.119977,0.18001,0.000814,0.00085
0,-0.188208,-0.052734,-0.125911,-0.109055,-0.118428,-0.152108,0.003285,0.00092
0,-0.084181,-0.025346,0.111635,0.019563,0.158001,0.051612,0.001469,0.000442
0,-0.146434,0.058684,-0.061263,0.066757,-0.024188,0.104579,0.002556,0.001024
0,-0.230494,-0.053274,-0.091428,-0.130118,-0.078271,-0.123222,0.004023,0.00093
0,-0.024667,-0.153274,0.177657,-0.073332,0.180559,-0.102324,0.000431,0.002675
0,-0.081442,-0.127675,-0.032575,0.050777,-0.058594,0.095999,0.001421,0.002228
0,-0.156504,-0.022707,-0.064342,0.123957,-0.044768,0.1331,0.002732,0.000396
0,0.051118,-0.137855,0.20373,-0.095737,0.156555,-0.122069,0.000892,0.002406
0,0.090222,-0.067957,0.031197,0.078598,-0.001044,0.120899,0.001575,0.001186
0,-0.143427,-0.069194,-0.257304,0.025071,-0.276973,0.074847,0.002503,0.001208
0,-0.053082,-0.11674,0.102169,-0.027967,0.083889,-0.040589,0.000926,0.002037
0,-0.031674,0.070964,0.016136,0.191589,0.017857,0.19255,0.000553,0.001239
0,-0.028795,-0.045787,0.004617,-0.114718,0.022498,-0.149805,0.000503,0.000799
0,-0.116914,-0.078145,-0.067765,-0.053778,-0.070919,-0.068667,0.002041,0.001364
0,-0.240927,-0.129545,-0.14131,-0.069224,-0.161699,-0.089873,0.004205,0.002261
0,-0.212549,-0.008246,0.025859,0.116337,0.050448,0.096475,0.00371,0.000144
0,-0.014421,0.139966,0.213511,0.124918,0.215708,0.095821,0.000252,0.002443
0,-0.084546,0.139081,-0.09002,-0.020436,-0.066126,-0.002389,0.001476,0.002427
0,-0.138408,-0.080129,-0.070588,-0.241595,-0.086121,-0.289962,0.002416,0.001399
0,-0.251392,0.013987,-0.141532,0.10351,-0.124333,0.064442,0.004388,0.000244
0,-0.12311,-0.130334,0.117702,-0.138062,0.091105,-0.104111,0.002149,0.002275
0,0.049601,0.105491,0.160538,0.23958,0.145192,0.265645,0.000866,0.001841
0,-0.149208,-0.025578,-0.16899,-0.110077,-0.154493,-0.106831,0.002604,0.000446
0,-0.181498,-0.115058,-0.037067,-0.104531,-0.015962,-0.142511,0.003168,0.002008
0,0.054829,-0.05722,0.261914,0.076631,0.300537,0.101979,0.000957,0.000999
0,0.010542,-0.103308,-0.017602,-0.038158,-0.065489,0.009167,0.000184,0.001803
0,0.014015,-0.166361,-0.009866,-0.05998,-0.013867,-0.046081,0.000245,0.002904
0,-0.103451,-0.092568,-0.10845,0.087202,-0.141593,0.078117,0.001806,0.001616
0,-0.07847,-0.012915,0.045304,0.077062,0.073449,0.09234,0.00137,0.000225
0,-0.134879,-0.019068,-0.085512,0.010818,-0.040635,-0.020065,0.002354,0.000333
0,-0.120619,0.086362,0.043021,0.080907,0.061675,0.03686,0.002105,0.001507
0,-0.117684,-0.149014,-0.002513,-0.243294,-0.028259,-0.28092,0.002054,0.002601
0,-0.108929,0.017241,0.011281,0.186549,-0.01344,0.20124,0.001901,0.000301
0,-0.190794,-0.018369,-0.052855,-0.05044,-0.068096,-0.033749,0.00333,0.000321
0,-0.174243,-0.183533,0.001502,-0.141008,-0.032679,-0.132351,0.003041,0.003203
0,-0.016978,0.031579,0.147201,0.201255,0.183653,0.169538,0.000296,0.000551
0,0.055942,-0.17855,0.098373,-0.196902,0.065448,-0.147418,0.000976,0.003116
0,-0.12983,-0.153835,-0.196151,0.00099,-0.236055,-0.005947,0.002266,0.002685
0,0.054091,0.101405,0.166907,0.249365,0.128316,0.203701,0.000944,0.00177
0,-0.029213,0.064109,-0.084907,-0.044334,-0.10287,-0.074951,0.00051,0.001119
0,-0.157682,-0.004856,-0.157816,-0.057518,-0.191987,-0.063767,0.002752,8.5e-05
0,-0.064036,0.069583,0.094344,0.046529,0.053548,0.056749,0.001118,0.001214
0,-0.134716,0.170884,-0.064017,0.085254,-0.062015,0.064909,0.002351,0.002982
0,-0.104207,-0.090746,0.040055,-0.243429,0.070019,-0.20634,0.001819,0.001584
0,-0.064961,-0.117835,0.016001,0.001906,0.05775,-0.043506,0.001134,0.002057
0,-0.125296,-0.020798,-0.070246,0.069312,-0.118108,0.096971,0.002187,0.000363
0,-0.223594,0.107381,-0.091934,0.101684,-0.07219,0.084271,0.003902,0.001874
0,-0.094726,0.083218,0.158139,-0.001797,0.14402,0.001201,0.001653,0.001452
0,-0.015669,0.126389,0.060724,0.057019,0.107614,0.06539,0.000273,0.002206
0,-0.15033,-0.064871,-0.162601,-0.192615,-0.182348,-0.170099,0.002624,0.001132
0,-0.171376,-0.050976,-0.001714,0.000174,-0.043327,-1.2e-05,0.002991,0.00089
0,-0.156809,0.090101,0.040863,0.136481,0.062978,0.169351,0.002737,0.001573
0,-0.056291,-0.04709,0.077505,-0.149832,0.030191,-0.139851,0.000982,0.000822
0,-0.19336,0.170172,-0.113252,0.224144,-0.117797,0.186507,0.003375,0.00297
0,-0.129131,0.133171,0.070121,-0.050713,0.049192,-0.008251,0.002254,0.002324
0,-0.095354,0.023965,0.060276,-0.130569,0.101815,-0.132739,0.001664,0.000418
0,-0.065198,0.077336,0.025713,0.082956,0.0138,0.073252,0.001138,0.00135
0,-0.160913,0.049599,-0.102849,-0.027509,-0.136817,-0.038969,0.002808,0.000866
0,-0.211707,0.200122,-0.079328,0.178106,-0.032255,0.143298,0.003695,0.003493
0,-0.069155,-0.045189,0.160848,-0.239441,0.143813,-0.252956,0.001207,0.000789
0,-0.003701,0.058114,0.043018,0.074796,0.042203,0.056801,6.5e-05,0.001014
0,-0.010859,-0.077058,0.019085,-0.163377,0.004701,-0.136182,0.00019,0.001345
0,-0.011674,0.049684,-0.025288,0.121339,-0.0126,0.094692,0.000204,0.000867
0,-0.295044,0.04358,-0.259154,-0.005513,-0.251855,-0.055,0.005149,0.000761
0,-0.037191,0.043752,0.230228,-0.004111,0.206451,0.038903,0.000649,0.000764
0,-0.114468,0.003308,-0.059392,-0.066691,-0.104705,-0.043606,0.001998,5.8e-05
0,-0.080678,0.065696,0.027218,0.088851,0.021191,0.042276,0.001408,0.001147
0,0.289084,-0.0229,0.379785,-0.108931,0.362276,-0.13627,0.005045,0.0004
0,0.425437,-0.115012,0.116317,-0.072826,0.153997,-0.025934,0.004665,0.002007
0,0.735524,-0.212388,0.330928,-0.06812,0.37983,-0.086495,0.000747,0.003707
0,0.582876,-0.181141,-0.168394,0.027046,-0.161712,0.033487,0.001917,0.003162
0,0.451696,-0.043995,-0.146275,0.131309,-0.18709,0.134138,0.004207,0.000768
0,0.257092,-0.235668,-0.195459,-0.187722,-0.181401,-0.201256,0.004487,0.004113
0,0.211792,-0.194834,-0.020816,0.028066,0.027194,0.053324,0.003696,0.0034
0,0.29261,-0.338087,0.107641,-0.118325,0.125971,-0.115818,0.005107,0.005901
0,0.248238,-0.202525,-0.040362,0.121934,-0.050759,0.098436,0.004333,0.003535
0,0.192993,-0.316023,-0.083797,-0.114696,-0.106055,-0.114791,0.003368,0.005516
0,0.049361,-0.154549,-0.123673,0.154642,-0.109753,0.13339,0.000862,0.002697
0,0.271426,-0.144829,0.208679,-0.013121,0.17111,0.026613,0.004737,0.002528
0,0.148722,-0.070575,-0.100598,0.075355,-0.123911,0.089326,0.002596,0.001232
0,0.260461,-0.308887,0.098041,-0.257508,0.144942,-0.28258,0.004546,0.005391
0,0.067205,-0.310532,-0.186021,0.027322,-0.147796,0.057446,0.001173,0.00542
0,0.254701,-0.312709,0.170147,-0.025778,0.151746,-0.062573,0.004445,0.005458
0,0.306911,-0.034879,0.058362,0.283633,0.101367,0.301875,0.005357,0.000609
0,0.226274,-0.29612,-0.057538,-0.250595,-0.032928,-0.203129,0.003949,0.005168
0,0.246222,-0.279613,0.015396,0.043328,-0.029546,0.009143,0.004297,0.00488
0,0.070202,-0.285427,-0.184666,-0.012126,-0.136369,-0.014661,0.001225,0.004982
0,0.036175,-0.197842,-0.015936,0.116268,-0.043025,0.137776,0.000631,0.003453
0,0.24545,-0.076975,0.211826,0.142672,0.228429,0.115095,0.004284,0.001343
0,0.177318,-0.011323,-0.083952,0.081,-0.053461,0.069567,0.003095,0.000198
0,0.097767,-0.192228,-0.0879,-0.180492,-0.111384,-0.161354,0.001706,0.003355
0,0.088312,-0.23556,-0.034467,-0.061466,-0.024048,-0.025456,0.001541,0.004111
0,0.06514,-0.157658,-0.051635,0.105595,-0.01608,0.077885,0.001137,0.002752
0,-0.129328,-0.231972,-0.183469,-0.050518,-0.194077,-0.041916,0.002257,0.004049
0,0.09952,0.058703,0.200564,0.311629,0.200421,0.297109,0.001737,0.001025
0,-0.017406,-0.100888,-0.096199,-0.15803,-0.140273,-0.174733,0.000304,0.001761
0,0.134977,-0.212407,0.156846,-0.134346,0.146789,-0.180381,0.002356,0.003707
0,0.124164,-0.192025,-0.015853,0.037615,-0.044269,-0.005587,0.002167,0.003351
0,0.243859,-0.181116,0.103381,-0.008803,0.106771,0.013503,0.004256,0.003161
0,0.090691,-0.034961,-0.175645,0.161631,-0.21421,0.189085,0.001583,0.00061
0,0.134483,-0.0334,0.046385,0.017342,0.009576,0.032796,0.002347,0.000583
0,0.127908,-0.170609,0.002548,-0.123455,0.02265,-0.11886,0.002232,0.002978
0,-0.143539,-0.082831,-0.264034,0.098617,-0.267671,0.130122,0.002505,0.001446
0,0.056919,-0.121626,0.17571,-0.009195,0.140988,-0.058258,0.000993,0.002123
0,-0.062977,0.078317,-0.100887,0.206122,-0.058489,0.198179,0.001099,0.001367
0,-0.052095,0.10426,0.040779,0.020896,0.015902,-0.00141,0.000909,0.00182
0,0.041198,0.0893,0.075059,-0.004632,0.115999,-0.00833,0.000719,0.001559
0,0.07446,-0.107227,0.051717,-0.190758,0.090112,-0.149937,0.0013,0.001871
0,-0.127678,-0.061291,-0.203348,0.04023,-0.193739,0.065848,0.002228,0.00107
0,0.115128,0.089616,0.230753,0.125499,0.236985,0.084496,0.002009,0.001564
0,0.079027,-0.027095,-0.027334,-0.122549,-0.064158,-0.170736,0.001379,0.000473
0,0.052139,0.136461,-0.013709,0.185362,-0.061723,0.148397,0.00091,0.002382
0,-0.145211,0.070422,-0.185701,-0.086325,-0.201213,-0.039601,0.002534,0.001229
0,-0.124565,0.013654,-0.009081,-0.060728,0.024288,-0.098629,0.002174,0.000238
0,0.078276,0.092212,0.216655,0.093909,0.19667,0.077628,0.001366,0.001609
0,-0.090313,-0.06951,-0.174731,-0.169646,-0.178438,-0.165302,0.001576,0.001213
0,0.155045,0.033375,0.22389,0.110436,0.261229,0.070242,0.002706,0.000582
0,0.103635,0.114446,-0.021596,0.091056,-0.025302,0.114629,0.001809,0.001997
0,0.036338,-0.066597,-0.054197,-0.184574,-0.020776,-0.186297,0.000634,0.001162
0,0.128575,0.172282,0.121736,0.210695,0.146564,0.17575,0.002244,0.003007
0,0.10377,0.114654,-0.031852,-0.065897,-0.065537,-0.05272,0.001811,0.002001
0,0.005774,-0.081595,-0.122332,-0.195791,-0.08505,-0.241399,0.000101,0.001424
0,0.026919,0.071142,0.028052,0.179383,0.039076,0.180941,0.00047,0.001242
0,0.114422,0.01007,0.068073,-0.06868,0.102539,-0.031793,0.001997,0.000176
0,0.004558,-0.042542,-0.088188,-0.076346,-0.086932,-0.039249,8e-05,0.000743
0,-0.018211,0.116502,-0.045019,0.158376,-0.000371,0.131671,0.000318,0.002033
0,-0.150553,0.125799,-0.120878,0.032891,-0.120345,0.034283,0.002628,0.002196
0,-0.166339,0.099794,-0.004468,-0.001474,0.044427,-0.030426,0.002903,0.001742
0,-0.143088,-0.084428,0.024264,-0.190568,-0.010266,-0.187642,0.002497,0.001474
0,-0.21078,-0.048096,-0.086595,0.057744,-0.122583,0.059316,0.003679,0.000839
0,-0.113553,-0.041975,0.072089,0.014932,0.064298,-0.00828,0.001982,0.000733
0,-0.065494,-0.02221,0.02758,-0.007757,0.035872,-0.022286,0.001143,0.000388
0,-0.119369,0.134621,-0.032578,0.179875,-0.025292,0.223308,0.002083,0.00235
0,-0.087106,-0.033453,0.059137,-0.173707,0.055518,-0.125365,0.00152,0.000584
0,-0.165871,0.112043,-0.08933,0.13667,-0.04468,0.181609,0.002895,0.001956
0,-0.005818,0.149599,0.147703,0.023983,0.117738,0.04686,0.000102,0.002611
0,0.019622,0.169745,0.005404,0.031754,-0.036555,-0.001225,0.000342,0.002963
0,-0.102438,0.114158,-0.093786,-0.028646,-0.140569,-0.039249,0.001788,0.001992
0,-0.053054,0.087681,0.051597,-0.017398,0.079737,-0.051459,0.000926,0.00153
0,0.021965,0.029359,0.088242,-0.045656,0.110274,-0.022414,0.000383,0.000512
0,-0.003168,0.095078,-0.028583,0.035842,0.00285,0.022542,5.5e-05,0.001659
0,-0.042498,-0.043148,-0.036782,-0.134315,-0.020731,-0.102662,0.000742,0.000753
0,0.092421,-0.032469,0.14567,0.006013,0.129315,0.003347,0.001613,0.000567
0,0.02126,0.053939,-0.050007,0.104079,-0.059789,0.068584,0.000371,0.000941
0,-0.024971,0.120425,-0.0634,0.089872,-0.052589,0.053566,0.000436,0.002102
0,-0.023033,-0.054088,-0.005713,-0.157503,-0.044287,-0.137486,0.000402,0.000944
0,0.151959,-0.006328,0.177276,0.060894,0.217106,0.054522,0.002652,0.00011
0,-0.030474,-0.14471,-0.177851,-0.123977,-0.225056,-0.081871,0.000532,0.002526
0,0.107481,-0.113586,0.130439,0.055062,0.100797,0.103597,0.001876,0.001982
0,0.022545,-0.135358,-0.094147,-0.036202,-0.055482,-0.021089,0.000393,0.002362
0,0.07858,-0.089048,0.027093,0.060712,0.05723,0.037469,0.001371,0.001554
0,0.089212,0.153026,8.4e-05,0.217248,0.041593,0.183402,0.001557,0.002671
0,0.204929,0.101757,0.124963,-0.075033,0.160127,-0.058007,0.003577,0.001776
0,0.095315,0.087138,-0.134358,0.000231,-0.157009,-0.030527,0.001664,0.001521
0,0.093474,0.033019,-0.022954,-0.057957,-0.058601,-0.013758,0.001631,0.000576
0,0.061982,0.088204,-0.024997,0.055963,-0.042167,0.011221,0.001082,0.001539
0,0.024286,0.057612,-0.03731,-0.026475,-0.000973,-0.026506,0.000424,0.001006
0,0.033079,0.024958,0.029977,-0.011011,0.021234,-0.004925,0.000577,0.000436
0,0.206985,-0.115251,0.202904,-0.167555,0.246524,-0.150866,0.003613,0.002012
0,-0.046758,-0.056339,-0.237845,0.03548,-0.266502,0.021677,0.000816,0.000983
0,-0.01232,-0.084675,0.053731,-0.037767,0.031429,0.010893,0.000215,0.001478
0,0.292289,-0.12496,0.290442,-0.043683,0.289258,-0.093552,0.005101,0.002181
0,0.083535,-0.035026,-0.2334,0.088907,-0.211818,0.093649,0.001458,0.000611
0,0.306524,0.034646,0.223794,0.099143,0.22632,0.117348,0.00535,0.000605
0,0.226388,0.083154,-0.079988,0.052769,-0.128702,0.099333,0.003951,0.001451
0,0.219263,0.056899,0.007242,-0.055074,-0.027525,-0.063728,0.003827,0.000993
0,0.277796,-0.030408,0.072247,-0.073519,0.046892,-0.056258,0.004848,0.000531
0,0.051056,-0.041299,-0.254061,0.006746,-0.207253,0.027404,0.000891,0.000721
0,-0.022826,-0.033437,-0.045688,0.015247,-0.081926,-0.021418,0.000398,0.000584
0,0.017086,-0.060695,0.034878,0.002077,0.068642,-0.022877,0.000298,0.001059
0,0.175285,0.078957,0.142362,0.113731,0.1098,0.112561,0.003059,0.001378
0,0.080102,-0.16683,-0.072859,-0.251756,-0.11461,-0.252178,0.001398,0.002912
0,0.178082,-0.120115,0.098333,0.040669,0.068021,0.000171,0.003108,0.002096
0,0.131064,-0.214347,-0.036647,-0.096454,-0.000703,-0.139981,0.002287,0.003741
0,0.079373,-0.110771,-0.051888,0.073824,-0.042308,0.118935,0.001385,0.001933
0,0.148273,0.037947,0.046054,0.150771,0.004831,0.197775,0.002588,0.000662
0,-0.01302,0.055163,-0.145471,0.005572,-0.106001,-0.013855,0.000227,0.000963
0,-0.010148,-0.102119,0.004612,-0.186322,0.022059,-0.193787,0.000177,0.001782
0,0.070246,-0.189924,0.095565,-0.063046,0.061957,-0.107766,0.001226,0.003315
0,0.054287,-0.049835,-0.033962,0.167217,-0.076685,0.145831,0.000947,0.00087
0,-0.089004,0.067626,-0.138355,0.108514,-0.15154,0.090529,0.001553,0.00118
0,0.037746,0.008108,0.111914,-0.045162,0.1305,-0.007999,0.000659,0.000142
0,0.020822,-0.034528,0.01278,-0.066385,0.007704,-0.105856,0.000363,0.000603
0,0.105546,-0.01892,0.082025,0.034324,0.094676,0.033386,0.001842,0.00033
0,0.056133,-0.047606,-0.075024,-0.015368,-0.093344,-0.020485,0.00098,0.000831
0,0.039621,-0.064346,-0.04366,-0.011954,-0.074359,0.014866,0.000692,0.001123
0,-0.010957,-0.081038,-0.067953,0.009835,-0.094271,0.020718,0.000191,0.001414
0,-0.015005,-0.02238,-0.002337,0.077677,0.003046,0.041792,0.000262,0.000391
0,0.10647,0.041386,0.151156,0.034338,0.191566,0.021878,0.001858,0.000722
0,0.20857,-0.039875,0.094536,-0.055151,0.087836,-0.101092,0.00364,0.000696
0,0.073031,0.007834,-0.118199,0.042787,-0.161074,-0.002797,0.001275,0.000137
0,-0.046924,-0.073644,-0.132124,-0.099612,-0.119209,-0.110165,0.000819,0.001285
0,-0.081362,0.055266,-0.035549,0.132113,-0.068633,0.086537,0.00142,0.000965
0,0.091912,0.070461,0.195123,0.02322,0.151634,0.000135,0.001604,0.00123
0,0.168029,-0.100839,0.051739,-0.193394,0.005099,-0.232498,0.002933,0.00176
0,-0.057678,0.079351,-0.25021,0.151771,-0.268273,0.163717,0.001007,0.001385
0,0.141794,0.038606,0.229445,-0.057341,0.249491,-0.081651,0.002475,0.000674
0,-0.00065,0.132339,-0.150899,0.114954,-0.182723,0.150743,1.1e-05,0.00231
0,-0.007119,-0.009506,0.001345,-0.118779,0.019139,-0.098514,0.000124,0.000166
0,-0.068098,0.0359,-0.087925,0.07352,-0.055901,0.121349,0.001189,0.000627
0,0.143651,-0.005057,0.230549,-0.011586,0.273297,0.029788,0.002507,8.8e-05
0,0.11297,0.143172,-0.001753,0.134407,-0.018603,0.09522,0.001972,0.002499
0,-0.038668,0.063727,-0.168496,-0.069391,-0.195227,-0.107166,0.000675,0.001112
0,0.055607,-0.040383,0.116995,-0.102423,0.07787,-0.068098,0.000971,0.000705
0,-0.089775,0.054855,-0.141099,0.094106,-0.182619,0.074855,0.001567,0.000957
0,-0.134085,-0.103069,-0.068782,-0.155202,-0.095765,-0.199692,0.00234,0.001799
0,-0.022107,-0.174099,0.085137,-0.041177,0.1132,-0.029354,0.000386,0.003039
0,-0.141059,0.000911,-0.142528,0.19378,-0.155434,0.144448,0.002462,1.6e-05
0,-0.016883,0.075945,0.115244,0.065441,0.141176,0.056961,0.000295,0.001325
0,0.054357,0.008656,0.065487,-0.083187,0.029799,-0.045227,0.000949,0.000151
0,-0.123209,0.114265,-0.207287,0.09206,-0.252598,0.104836,0.00215,0.001994
0,-0.108126,-0.059872,0.035983,-0.163441,0.007473,-0.213402,0.001887,0.001045
0,-0.218591,-0.028586,-0.122977,0.038793,-0.088415,0.074352,0.003815,0.000499
0,-0.095992,-0.087917,0.100932,-0.086994,0.051757,-0.102997,0.001675,0.001534
0,-1.331349,-0.906886,-1.232431,-0.834113,-1.266124,-0.85923,0.000945,0.003738
0,-3.718858,-1.757798,-2.364824,-0.859568,-2.326513,-0.890146,0.004454,0.005592
0,-3.545687,-2.611135,0.157102,-0.878029,0.164175,-0.842149,0.001431,0.002789
0,-3.787167,-2.529649,-0.266747,0.095953,-0.287568,0.055631,0.005646,0.004211
0,-3.386485,-2.346975,0.411367,0.184313,0.414506,0.224614,0.001347,0.004691
0,-2.673469,-2.201415,0.708948,0.129469,0.751225,0.09524,0.001701,0.00215
0,-1.520414,-1.507873,1.175175,0.666995,1.215153,0.716934,0.005867,0.002136
0,-9.011957,-1.187259,-7.493466,0.297839,-7.499357,0.328008,0.000112,0.003459
0,-9.08792,-0.990684,-0.062556,0.171838,-0.037452,0.173956,0.001438,0.0052
0,-9.086152,-0.371859,0.031264,0.630492,-0.009702,0.655786,0.001407,0.0056
0,-8.85946,0.033653,0.228546,0.419736,0.21971,0.466138,0.00255,0.000587
0,-9.012933,-0.020288,-0.173475,-0.031163,-0.156618,-0.064554,0.000129,0.000354
0,-9.120086,0.179229,-0.131607,0.228205,-0.126876,0.240167,0.001999,0.003128
0,-9.081035,0.278161,0.060477,0.107005,0.0518,0.117668,0.001318,0.004855
0,-8.939269,0.445834,0.137129,0.192604,0.11295,0.212097,0.001157,0.004309
0,-9.083981,0.435545,-0.121978,0.013669,-0.073082,0.045777,0.001369,0.004489
0,-8.949578,0.319251,0.135513,-0.095942,0.115748,-0.081448,0.000977,0.005572
0,-8.941002,0.131228,0.0211,-0.208579,0.029996,-0.173505,0.001126,0.00229
0,-8.955004,0.088832,-0.000977,-0.069602,0.010513,-0.026554,0.000882,0.00155
0,-9.088256,0.121894,-0.125202,0.048455,-0.155112,0.067971,0.001444,0.002127
0,-8.944804,0.214966,0.155372,0.096622,0.138465,0.103699,0.00106,0.003752
0,-9.077379,0.157239,-0.106214,-0.041302,-0.091413,-0.029949,0.001254,0.002744
0,-8.930467,0.112006,0.159319,-0.064831,0.197805,-0.025063,0.00131,0.001955
0,-8.939061,0.125929,0.020083,-0.013384,-0.025146,-0.059023,0.00116,0.002198
0,-8.867052,0.194047,0.043364,0.085002,0.072528,0.039706,0.002417,0.003387
0,-9.078418,0.172038,-0.219948,-0.042647,-0.24849,-0.059349,0.001272,0.003003
0,-9.053621,0.07566,0.029706,-0.124849,0.000244,-0.158839,0.000839,0.001321
0,-8.877199,0.168012,0.203233,0.083121,0.217988,0.072079,0.00224,0.002932
0,-8.653885,0.068177,0.209717,-0.104623,0.243631,-0.091118,0.005953,0.00119
0,-8.080152,0.178575,0.562818,0.130115,0.548155,0.171674,0.004061,0.003117
0,-7.713246,0.162956,0.347322,-0.009335,0.368577,0.037269,0.001626,0.002844
0,-7.112999,0.033448,0.575144,-0.100016,0.595971,-0.053511,0.00324,0.000584
0,-6.928422,0.180342,0.187038,0.151139,0.235327,0.194295,1.9e-05,0.003148
0,-6.503927,0.163863,0.44416,-0.030298,0.491644,-0.075304,0.004701,0.00286
0,-6.281955,-0.014871,0.219677,-0.174785,0.210393,-0.157718,0.000826,0.00026
0,-5.966524,0.143125,0.318976,0.17083,0.317289,0.172534,0.004679,0.002498
0,-5.811671,0.099545,0.142274,-0.065816,0.187308,-0.095007,0.004709,0.001737
0,-5.347168,0.110639,0.454003,-0.006399,0.431437,-0.024916,0.003398,0.001931
0,-5.155768,0.030194,0.217649,-0.075748,0.261978,-0.093847,0.005352,0.000527
0,-4.899728,0.100682,0.227072,0.095471,0.189575,0.083386,0.000883,0.001757
0,-4.680959,-0.122393,0.225344,-0.251312,0.225125,-0.233097,0.002935,0.002136
0,-4.346975,0.06377,0.324297,0.157671,0.285487,0.189257,0.003326,0.001113
0,-4.142755,-0.052127,0.177159,-0.103242,0.16253,-0.080592,0.000238,0.00091
0,-3.946731,-0.095364,0.203809,-0.016695,0.190961,-0.035824,0.003659,0.001664
0,-3.89358,-0.15213,0.069245,-0.041761,0.082307,-0.03297,0.004587,0.002655
0,-3.669434,-0.148615,0.251551,0.008194,0.290168,-0.025933,0.003591,0.002594
0,-3.461844,-0.154826,0.196553,0.007776,0.164738,-0.041457,3.2e-05,0.002702
0,-3.264936,-0.103047,0.170028,0.051787,0.150902,0.035236,0.003469,0.001799
0,-3.274986,-0.078275,-0.036193,0.034551,-0.063666,0.053017,0.003293,0.001366
0,-2.947756,-0.142389,0.314641,-0.087816,0.30837,-0.113058,0.003086,0.002485
0,-2.838644,0.096382,0.118292,0.25899,0.159855,0.240218,0.001182,0.001682
0,-2.809886,-0.0269,0.049994,-0.135471,0.017184,-0.086413,0.00068,0.000469
0,-2.711033,0.042139,0.117789,0.046638,0.132391,0.053372,0.001045,0.000735
0,-2.354046,0.091368,0.331362,0.050665,0.373849,0.043114,0.004814,0.001595
0,-2.448504,0.040747,-0.093736,-0.067056,-0.082322,-0.091722,0.005627,0.000711
0,-2.699376,0.435105,-0.256566,0.419003,-0.234927,0.417316,0.001249,0.004496
0,-3.172219,1.067272,-0.469008,0.638845,-0.515163,0.652799,0.005087,0.005554
0,-2.824813,1.120971,0.32139,0.072794,0.344435,0.069291,0.00094,0.004616
0,-2.050861,0.984487,0.788465,-0.126394,0.75279,-0.086128,0.000477,0.005092
0,-1.811244,0.894089,0.229966,-0.077179,0.242164,-0.057889,0.004659,0.003514
0,-1.352779,0.82283,0.447032,-0.059243,0.427459,-0.031548,0.000571,0.002271
0,-0.720909,0.539488,0.604225,-0.255916,0.628752,-0.259701,0.000492,0.002675
0,-0.234568,0.552691,0.49765,0.016579,0.478612,-0.016773,0.004094,0.002444
0,-0.144191,0.290323,0.106532,-0.277373,0.083773,-0.231429,0.002517,0.005067
0,0.093477,0.055136,0.252822,-0.25677,0.22674,-0.262784,0.001631,0.000962
0,0.284399,0.260426,0.172562,0.182688,0.152064,0.150795,0.004964,0.004545
0,0.071683,0.105366,-0.240535,-0.175796,-0.194508,-0.209392,0.001251,0.001839
0,0.210151,0.06187,0.108911,-0.028118,0.084518,0.006108,0.003668,0.00108
0,0.184919,0.136057,-0.008569,0.081291,-0.051586,0.047403,0.003227,0.002375
0,0.202133,-0.122551,0.019283,-0.281418,0.01888,-0.295968,0.003528,0.002139
0,0.427873,0.152493,0.247428,0.278629,0.261029,0.327906,0.004623,0.002662
0,0.306281,0.035129,-0.10511,-0.124014,-0.149244,-0.141912,0.005346,0.000613
0,0.135185,0.023447,-0.16527,-0.00386,-0.160752,-0.004892,0.002359,0.000409
0,0.042864,-0.003915,-0.106683,-0.038547,-0.120897,0.001961,0.000748,6.8e-05
0,0.282489,-0.063239,0.232899,-0.047399,0.25332,-0.056415,0.00493,0.001104
0,0.15766,-0.043743,-0.11817,-0.005711,-0.140674,0.032105,0.002752,0.000763
0,-0.002386,0.050429,-0.168174,0.117271,-0.195854,0.105368,4.2e-05,0.00088
0,0.169593,-0.038231,0.187371,-0.096624,0.200035,-0.110434,0.00296,0.000667
0,-0.027552,-0.02502,-0.180009,0.037697,-0.224816,0.034877,0.000481,0.000437
0,0.015628,-0.083605,0.057247,-0.080142,0.066572,-0.084434,0.000273,0.001459
0,-0.011807,-0.134465,0.00062,-0.0353,0.006554,-0.061512,0.000206,0.002347
0,-0.017355,-0.022447,-0.020451,0.121993,-0.035122,0.107215,0.000303,0.000392
0,0.07998,-0.098909,0.123672,-0.080807,0.112022,-0.054193,0.001396,0.001726
0,-0.007358,-0.123784,-0.112964,-0.029389,-0.119007,-0.037555,0.000128,0.00216
0,-0.062805,0.11883,-0.053244,0.233803,-0.044302,0.273988,0.001096,0.002074
0,0.031927,0.134009,0.066909,0.03524,0.106236,0.026493,0.000557,0.002339
0,0.127885,0.040437,0.087972,-0.070085,0.13441,-0.105179,0.002232,0.000706
0,0.112029,-0.049733,0.011931,-0.11185,-0.014243,-0.102318,0.001955,0.000868
0,-0.135644,-0.079351,-0.236348,-0.025357,-0.196244,0.015106,0.002367,0.001385
0,0.036503,0.055945,0.182708,0.115897,0.184578,0.076347,0.000637,0.000976
0,0.113215,-0.08771,0.074185,-0.134102,0.062053,-0.177325,0.001976,0.001531
0,0.084196,0.10686,-0.041526,0.185152,0.005448,0.208192,0.00147,0.001865
0,0.040938,-0.028337,-0.057921,-0.115806,-0.024788,-0.127124,0.000715,0.000495
0,0.005107,0.070344,-0.056516,0.081149,-0.09894,0.109332,8.9e-05,0.001228
0,0.062296,-0.023286,0.043629,-0.07598,0.044193,-0.037211,0.001087,0.000406
0,0.020817,0.131277,-0.064497,0.131539,-0.026804,0.142856,0.000363,0.002291
0,-0.066441,-0.140639,-0.098543,-0.262664,-0.145297,-0.25724,0.00116,0.002455
0,0.052853,-0.09639,0.145079,0.034577,0.152745,0.070717,0.000922,0.001682
0,-0.05631,-0.040289,-0.079196,0.034312,-0.091102,0.021425,0.000983,0.000703
0,0.026736,0.076199,0.076667,0.140378,0.077258,0.100896,0.000467,0.00133
0,0.068499,-0.015904,0.055915,-0.083519,0.086306,-0.126243,0.001196,0.000278
0,0.149159,0.054093,0.066477,0.044871,0.113403,-0.004883,0.002603,0.000944
0,-0.075009,0.120256,-0.225371,0.084479,-0.24055,0.075214,0.001309,0.002099
0,-0.00015,0.023221,0.062683,-0.119445,0.060499,-0.159994,3e-06,0.000405
0,-0.03077,-0.097596,-0.009415,-0.097199,-0.0153,-0.070217,0.000537,0.001703
0,0.069054,0.033462,0.10294,0.110509,0.085834,0.159528,0.001205,0.000584
0,0.076062,-0.09849,0.024936,-0.13038,0.014849,-0.120932,0.001328,0.001719
0,0.022979,0.183499,-0.065715,0.309232,-0.059315,0.323318,0.000401,0.003203
0,-0.082143,0.105756,-0.105915,-0.100677,-0.094368,-0.071567,0.001434,0.001846
0,-0.077645,0.174399,0.017298,0.075625,-0.015092,0.098784,0.001355,0.003044
0,0.036281,0.063232,0.10863,-0.111324,0.115346,-0.073999,0.000633,0.001104
0,-0.113731,0.06459,-0.165597,0.00193,-0.154335,-0.040316,0.001985,0.001127
0,-0.125954,-0.072241,-0.034134,-0.165421,0.014538,-0.153478,0.002198,0.001261
0,-0.126294,0.16168,-0.028279,0.257906,-0.071511,0.213124,0.002204,0.002822
0,-0.169867,0.153859,-0.072646,0.012915,-0.043378,0.043173,0.002965,0.002685
0,-0.168567,0.127947,0.021055,-0.041378,-0.008097,-0.06162,0.002942,0.002233
0,-0.034505,-0.02686,0.145351,-0.162773,0.141668,-0.204895,0.000602,0.000469
0,-0.167413,0.018083,-0.141145,0.056837,-0.133626,0.097196,0.002922,0.000316
0,-0.109477,0.009446,0.039244,0.018113,0.048928,0.038061,0.001911,0.000165
0,0.029324,0.011558,0.111494,-0.00934,0.117096,-0.027132,0.000512,0.000202
0,-0.08395,-0.029964,-0.105114,-0.055458,-0.079052,-0.060483,0.001465,0.000523
0,-0.071278,0.110639,0.009736,0.154974,0.004376,0.127503,0.001244,0.001931
0,-0.019303,-0.0625,0.024891,-0.188492,0.061972,-0.155595,0.000337,0.001091
0,-0.231963,0.150863,-0.214111,0.242325,-0.171303,0.262794,0.004049,0.002633
0,-0.156273,-0.021689,0.085138,-0.153696,0.086777,-0.155286,0.002727,0.000379
0,-0.292908,0.175728,-0.132131,0.224914,-0.124998,0.191802,0.005112,0.003067
0,-0.159798,0.115901,0.148715,-0.033358,0.194077,-0.052069,0.002789,0.002023
0,-0.044617,0.072662,0.099578,-0.032688,0.086885,-0.036069,0.000779,0.001268
0,-0.10076,-0.049934,-0.068706,-0.117652,-0.066062,-0.123762,0.001759,0.000872
0,-0.093285,0.109978,-0.014574,0.152682,-0.025466,0.13647,0.001628,0.001919
0,-0.187406,0.168131,-0.087369,0.067999,-0.122538,0.047467,0.003271,0.002934
0,-0.19263,0.144587,-0.019586,-0.008613,-0.058126,-0.007717,0.003362,0.002524
0,-0.151203,0.01047,0.050012,-0.121664,0.059703,-0.108927,0.002639,0.000183
0,-0.176077,0.159075,-0.033854,0.144902,-0.011295,0.162556,0.003073,0.002776
0,-0.194923,0.092997,-0.02886,-0.062173,-0.040658,-0.07605,0.003402,0.001623
0,-0.159079,-0.003636,0.01279,-0.091986,0.029414,-0.063272,0.002776,6.3e-05
0,0.010332,0.125759,0.178034,0.132922,0.206792,0.16499,0.00018,0.002195
0,-0.100186,-0.021029,-0.114377,-0.126668,-0.128737,-0.103274,0.001749,0.000367
0,-0.101979,-0.085579,-0.004549,-0.07056,-0.041753,-0.038681,0.00178,0.001494
0,0.001695,0.064739,0.121871,0.141127,0.11266,0.099379,3e-05,0.00113
0,0.14386,-0.128715,0.119304,-0.179567,0.131849,-0.197844,0.002511,0.002247
0,0.090489,0.038893,-0.042239,0.16207,-0.018798,0.129004,0.001579,0.000679
0,-0.07776,0.108946,-0.14299,0.040885,-0.128237,0.020157,0.001357,0.001901
0,0.057246,0.077583,0.155146,-0.028434,0.118336,0.014494,0.000999,0.001354
0,0.225662,-0.118554,0.185253,-0.184124,0.225309,-0.225528,0.003939,0.002069
0,0.154094,0.064695,-0.069093,0.191231,-0.078215,0.20861,0.002689,0.001129
0,0.183008,0.138958,0.052426,0.101847,0.020969,0.087116,0.003194,0.002425
0,0.062036,0.073338,-0.139354,-0.087804,-0.090177,-0.056054,0.001083,0.00128
0,-0.0568,-0.1238,-0.106844,-0.215206,-0.096701,-0.179828,0.000991,0.002161
0,0.082434,-0.075628,0.115645,0.028794,0.157668,0.010188,0.001439,0.00132
0,-0.028785,0.077621,-0.110377,0.153106,-0.077771,0.105798,0.000502,0.001355
0,0.088181,-0.042271,0.123983,-0.130234,0.116795,-0.099767,0.001539,0.000738
0,0.103095,-0.130264,0.000923,-0.085038,0.006385,-0.048594,0.001799,0.002274
0,0.273783,0.105481,0.194552,0.247959,0.159071,0.235838,0.004778,0.001841
0,0.302197,0.149621,0.052365,0.016655,0.01704,-0.007611,0.005274,0.002611
0,0.09418,0.131467,-0.188108,-0.015796,-0.168057,-0.004164,0.001644,0.002295
0,0.251342,-0.095281,0.186481,-0.241712,0.225034,-0.239681,0.004387,0.001663
0,0.26187,-0.008248,-0.015977,0.11498,-0.012902,0.113344,0.00457,0.000144
0,0.262844,-0.048436,0.003635,-0.048653,-0.008672,-0.033981,0.004587,0.000845
0,0.26903,-0.005471,-0.014653,0.061342,0.007262,0.107062,0.004695,9.5e-05
0,0.113009,0.019571,-0.15873,0.038394,-0.127738,0.041013,0.001972,0.000342
0,0.010001,0.063746,-0.073863,0.036693,-0.111417,0.070604,0.000175,0.001113
0,0.046872,-0.102385,0.033718,-0.155516,-0.015932,-0.109328,0.000818,0.001787
0,1.579185,-1.137224,1.547726,-1.00724,1.580956,-1.037171,0.003381,0.004333
0,2.846789,-1.388488,1.288751,-0.244532,1.255001,-0.209417,0.001324,5.3e-05
0,3.041025,-2.021164,0.190836,-0.644782,0.210204,-0.639341,0.004714,0.000995
0,2.952752,-2.625503,-0.067002,-0.583344,-0.108337,-0.592932,0.003173,0.002538
0,2.074496,-2.339961,-0.849465,0.307403,-0.876494,0.333974,6.5e-05,0.004569
0,1.603046,-2.181881,-0.468146,0.1834,-0.500194,0.195695,0.003797,0.00181
0,0.900028,-1.660507,-0.701222,0.511075,-0.745209,0.496734,0.003618,0.0048
0,0.672563,-1.120522,-0.216884,0.529765,-0.207378,0.480178,0.000352,0.004624
0,0.094794,-0.483925,-0.603903,0.62208,-0.642419,0.59041,0.001654,0.003644
0,-0.059377,-0.26169,-0.124404,0.198437,-0.166592,0.161138,0.001036,0.004567
0,-0.122348,-0.056737,-0.066588,0.182924,-0.09965,0.181946,0.002135,0.00099
0,-0.243126,0.194901,-0.12339,0.235032,-0.166766,0.198417,0.004243,0.003402
0,-0.204906,0.051846,0.038897,-0.151225,0.038448,-0.111929,0.003576,0.000905
0,-0.430738,0.342492,-0.245328,0.269789,-0.241555,0.26837,0.004573,0.005978
0,-0.295076,0.39177,0.123904,0.055269,0.172213,0.062356,0.00515,0.005253
0,-0.288989,0.202928,0.014507,-0.199551,-0.020708,-0.234038,0.005044,0.003542
0,-0.363295,0.192022,-0.045466,0.006395,-0.04948,0.046747,0.00575,0.003351
0,-0.118961,0.181575,0.22097,-0.006083,0.270883,-0.022271,0.002076,0.003169
0,-0.061722,0.011963,0.028447,-0.191763,0.040065,-0.22494,0.001077,0.000209
0,0.025344,0.011217,0.062619,-0.005692,0.082254,0.039319,0.000442,0.000196
0,0.045083,0.072607,0.03831,0.053167,0.035327,0.005731,0.000787,0.001267
0,0.005453,0.074758,-0.017043,-0.020984,0.025487,-0.044381,9.5e-05,0.001305
0,0.0374,0.061525,0.008842,0.0018,0.02796,0.018637,0.000653,0.001074
0,0.142036,-0.011545,0.089399,-0.050789,0.065807,-0.007129,0.002479,0.000201
0,0.0026,0.007833,-0.119288,0.029547,-0.069319,0.067955,4.5e-05,0.000137
0,0.040892,-0.047218,0.028814,-0.056719,-0.004349,-0.009479,0.000714,0.000824
0,0.09174,0.064136,0.036511,0.101146,0.052023,0.062681,0.001601,0.001119
0,0.138029,0.171929,0.04418,0.105155,0.00313,0.109648,0.002409,0.003001
0,0.043858,0.186259,-0.114776,-0.005984,-0.133633,-0.00567,0.000765,0.003251
0,0.113298,-0.015236,0.061648,-0.177037,0.074129,-0.220103,0.001977,0.000266
0,-0.102159,0.078626,-0.201421,0.081027,-0.166049,0.106311,0.001783,0.001372
0,-0.060301,0.242212,0.024922,0.168774,0.074292,0.178199,0.001052,0.004227
0,0.014615,-0.019485,0.093789,-0.256154,0.130832,-0.237409,0.000255,0.00034
0,0.155795,0.194374,0.121602,0.228867,0.076756,0.273359,0.002719,0.003392
0,0.218189,0.199071,0.092177,-0.011073,0.107986,-0.054648,0.003808,0.003474
0,0.101415,0.061456,-0.109205,-0.15743,-0.077265,-0.203796,0.00177,0.001073
0,0.108957,0.199295,-0.020663,0.111374,-0.025952,0.102992,0.001902,0.003478
0,0.035119,0.176804,-0.074903,-0.049888,-0.034607,-0.075137,0.000613,0.003086
0,0.229187,0.182071,0.185929,0.015227,0.140271,0.031453,0.004,0.003178
0,0.122823,0.129885,-0.124587,-0.077968,-0.108496,-0.048406,0.002144,0.002267
0,0.060079,-0.02034,-0.045277,-0.155385,-0.069401,-0.173742,0.001049,0.000355
0,0.184005,0.201245,0.121963,0.219596,0.097843,0.185626,0.003211,0.003512
0,0.12904,0.159325,-0.063109,-0.047196,-0.057575,-0.031731,0.002252,0.002781
0,0.066396,0.031491,-0.055165,-0.112123,-0.007111,-0.148777,0.001159,0.00055
0,0.322607,-0.053764,0.276986,-0.077728,0.315067,-0.056943,0.005631,0.000938
0,0.321395,0.135278,0.013279,0.209783,0.015328,0.17156,0.005609,0.002361
0,0.262791,-0.047192,-0.05568,-0.162283,-0.013578,-0.135012,0.004587,0.000824
0,0.108197,0.03882,-0.15777,0.11461,-0.119095,0.090467,0.001888,0.000678
0,0.285087,-0.083895,0.174745,-0.147211,0.154498,-0.149941,0.004976,0.001464
0,0.001763,0.033637,-0.255394,0.093266,-0.233941,0.119333,3.1e-05,0.000587
0,-0.006965,-0.107354,-0.016585,-0.152366,0.027493,-0.189878,0.000122,0.001874
0,0.168391,-0.127555,0.174075,-0.049248,0.12515,-0.019206,0.002939,0.002226
0,0.157104,-0.135901,-0.023275,0.016329,-0.010811,0.001986,0.002742,0.002372
0,0.192372,-0.006749,0.01379,0.113743,0.055901,0.11359,0.003358,0.000118
0,0.194788,-0.051524,-0.010511,-0.061057,0.022823,-0.095664,0.0034,0.000899
0,-0.005933,0.103654,-0.218155,0.140014,-0.222968,0.096671,0.000104,0.001809
0,0.001082,0.115323,-0.003592,0.028184,-0.03701,0.042781,1.9e-05,0.002013
0,0.227764,-0.156619,0.229929,-0.300307,0.258954,-0.339452,0.003975,0.002734
0,0.189986,-0.098479,-0.060063,0.067811,-0.033032,0.060369,0.003316,0.001719
0,0.185263,-0.068375,0.003085,0.055802,-0.023003,0.027171,0.003233,0.001193
0,0.044904,-0.062106,-0.153828,-0.019231,-0.129504,-0.009049,0.000784,0.001084
0,0.051613,-0.006122,0.032787,0.052759,0.023863,0.058561,0.000901,0.000107
0,0.049466,-0.069165,-0.00562,-0.076994,0.037374,-0.124234,0.000863,0.001207
0,-0.000576,-0.09416,-0.053858,-0.03025,-0.06225,-0.065805,1e-05,0.001643
0,0.129259,-0.064632,0.100506,0.010391,0.082678,0.045422,0.002256,0.001128
0,1.375985,1.611509,1.241491,1.659405,1.288388,1.645298,0.000166,0.003945
0,4.101116,2.47259,2.752879,0.832509,2.734177,0.854459,0.000965,0.005207
0,4.27951,2.268579,0.18483,-0.201584,0.217825,-0.186409,0.002149,0.003323
0,8.258737,2.542173,3.979178,0.244296,3.977499,0.228144,0.000944,0.003993
0,8.967178,2.379211,0.710531,-0.157073,0.742177,-0.206141,0.00067,0.005254
0,8.374461,2.61015,-0.592663,0.254759,-0.605907,0.250178,0.001076,0.002806
0,6.729249,2.212126,-1.637679,-0.394086,-1.607461,-0.369702,0.003457,0.002337
0,4.851334,1.864575,-1.870855,-0.351756,-1.888616,-0.354063,3.8e-05,0.003728
0,3.357216,1.382703,-1.469727,-0.464972,-1.438958,-0.442641,0.001858,4.8e-05
0,1.299287,0.937417,-2.085533,-0.473962,-2.112441,-0.467053,0.001504,0.004271
0,0.609154,0.489571,-0.69713,-0.450823,-0.722286,-0.489109,0.001459,0.003546
0,-0.006458,0.418609,-0.589544,-0.053193,-0.576392,-0.064006,0.000113,0.004784
0,-0.437283,0.11427,-0.440755,-0.275995,-0.479181,-0.230738,0.004458,0.001994
0,-0.757397,0.137115,-0.314401,0.042707,-0.277492,0.069719,0.001129,0.002393
0,-0.892566,-0.133844,-0.149163,-0.28358,-0.137409,-0.316227,0.003488,0.002336
0,-0.642197,-0.243392,0.242658,-0.121187,0.202206,-0.144294,0.000882,0.004248
0,-0.812763,-0.225445,-0.191217,0.022762,-0.197737,0.015044,0.002095,0.003935
0,-0.491453,-0.342185,0.347278,-0.126798,0.305914,-0.161373,0.003513,0.005972
0,-0.584545,-0.178785,-0.121364,0.138693,-0.136046,0.113801,0.001888,0.00312
0,-0.410864,-0.252238,0.154461,-0.100981,0.153161,-0.084518,0.00492,0.004402
0,-0.045818,-0.33687,0.369915,-0.085305,0.353253,-0.053649,0.0008,0.005879
0,-0.202229,-0.214441,-0.146886,0.127267,-0.128862,0.107006,0.00353,0.003743
0,0.11898,-0.192204,0.311127,-0.004466,0.264567,0.03507,0.002077,0.003355
0,0.115114,-0.483563,-0.000455,-0.313218,-0.001976,-0.303534,0.002009,0.003651
0,0.11668,-0.35173,-0.008281,0.14556,-0.001223,0.101983,0.002036,0.005952
0,0.053386,-0.247297,-0.045748,0.097244,-0.072606,0.086299,0.000932,0.004316
0,0.325308,0.043601,0.266381,0.281332,0.226675,0.282256,0.005678,0.000761
0,0.154184,-0.115948,-0.175601,-0.187914,-0.161842,-0.177406,0.002691,0.002024
0,0.163825,-0.087634,-0.013096,0.022895,-0.024729,-0.02659,0.002859,0.00153
0,0.273706,0.129027,0.129792,0.226523,0.169699,0.208502,0.004777,0.002252
0,0.210289,0.032983,-0.09304,-0.074514,-0.064451,-0.101295,0.00367,0.000576
0,0.159792,0.127379,-0.044821,0.123595,-0.026824,0.169062,0.002789,0.002223
0,0.055925,-0.084674,-0.098208,-0.182781,-0.071738,-0.172061,0.000976,0.001478
0,0.319838,0.028176,0.242288,0.106672,0.207699,0.143279,0.005582,0.000492
0,0.324753,0.113885,0.024196,0.066663,0.00261,0.108405,0.005668,0.001988
0,0.332466,-0.09496,-0.002012,-0.188578,-0.017626,-0.195157,0.005803,0.001657
0,0.408645,-0.006264,0.066438,0.07441,0.078032,0.120028,0.004958,0.000109
0,0.171583,0.033005,-0.266786,0.045643,-0.291058,0.021675,0.002995,0.000576
0,0.20475,0.024776,0.054413,-0.00726,0.029003,0.016452,0.003574,0.000432
0,0.098178,0.152271,-0.077526,0.132745,-0.126605,0.182089,0.001714,0.002658
0,0.28486,0.122346,0.186397,-0.030885,0.190838,-0.072726,0.004972,0.002135
0,0.262135,0.09602,0.000989,-0.022004,0.006964,-0.053303,0.004575,0.001676
0,0.319969,-0.148216,0.042798,-0.25643,0.017393,-0.256357,0.005585,0.002587
0,0.059717,-0.159119,-0.264589,-0.016055,-0.277248,0.008613,0.001042,0.002777
0,0.265269,-0.083925,0.234692,0.072621,0.260916,0.039166,0.00463,0.001465
0,0.169015,0.040542,-0.117517,0.132142,-0.155106,0.086036,0.00295,0.000708
0,0.105788,-0.028995,-0.074957,-0.072162,-0.076689,-0.090803,0.001846,0.000506
0,0.212082,0.035141,0.085568,0.044008,0.094664,-0.002302,0.003702,0.000613
0,0.079569,-0.07263,-0.121576,-0.102666,-0.134303,-0.053602,0.001389,0.001268
0,0.045701,0.023926,-0.005293,0.121667,-0.000232,0.087517,0.000798,0.000418
0,0.121818,-0.166988,0.071352,-0.161923,0.066091,-0.179527,0.002126,0.002914
0,0.039937,-0.14189,-0.068861,0.046211,-0.040763,0.068826,0.000697,0.002476
0,0.119484,-0.124639,0.066672,0.015032,0.060334,0.044317,0.002085,0.002175
0,0.047638,-0.157495,-0.04472,-0.060226,-0.019426,-0.039551,0.000831,0.002749
0,-0.065177,-0.193175,-0.128299,-0.027072,-0.105313,-0.062535,0.001138,0.003372
0,0.090185,0.106779,0.138802,0.280407,0.17402,0.295458,0.001574,0.001864
0,-0.024528,0.113966,-0.087945,0.014146,-0.044523,-0.008809,0.000428,0.001989
0,0.072034,0.045774,0.086266,-0.08181,0.072092,-0.097528,0.001257,0.000799
0,0.124075,0.039021,0.078192,-0.002844,0.064875,-0.017723,0.002166,0.000681
0,0.065965,-0.091905,-0.028146,-0.105276,0.005568,-0.068118,0.001151,0.001604
0,0.227009,0.107249,0.153064,0.200326,0.125084,0.183914,0.003962,0.001872
0,0.064106,-0.119027,-0.186561,-0.242211,-0.218796,-0.243139,0.001119,0.002077
0,0.277054,-0.073725,0.207517,0.031519,0.162223,0.075885,0.004836,0.001287
0,0.095896,-0.078978,-0.181188,0.005254,-0.201464,0.022606,0.001674,0.001378
0,0.192023,0.005715,0.09966,0.078364,0.101658,0.098745,0.003351,0.0001
0,-0.0072,-0.05801,-0.178775,-0.079743,-0.213065,-0.070601,0.000126,0.001012
0,0.20909,-0.115572,0.240097,-0.062039,0.232261,-0.050459,0.003649,0.002017
0,0.102981,-0.098484,-0.098307,0.029571,-0.129855,0.070464,0.001797,0.001719
0,-0.05709,0.044283,-0.157442,0.124266,-0.112019,0.092609,0.000996,0.000773
0,0.028894,-0.102486,0.109927,-0.147938,0.119894,-0.170506,0.000504,0.001789
0,0.177217,-0.171973,0.120359,-0.080137,0.159276,-0.111356,0.003093,0.003001
0,0.080725,-0.192932,-0.111667,0.001912,-0.121981,0.030048,0.001409,0.003367
0,0.131712,-0.084194,0.068612,0.082446,0.023796,0.098452,0.002299,0.001469
0,0.067954,-0.10571,-0.049469,-0.009047,-0.087641,0.011988,0.001186,0.001845
0,0.079196,-0.158901,-0.00893,-0.037481,-0.054553,-0.077166,0.001382,0.002773
0,0.098042,-0.222779,0.033227,-0.040474,-0.000948,-0.022739,0.001711,0.003888
0,-0.02811,-0.036573,-0.127999,0.205313,-0.133049,0.171289,0.000491,0.000638
0,0.166664,-0.13711,0.192795,-0.085447,0.229633,-0.134437,0.002909,0.002393
0,0.000111,-0.166125,-0.188113,-0.029933,-0.202331,0.007618,2e-06,0.002899
0,-0.107747,-0.078558,-0.119919,0.069096,-0.0762,0.095883,0.001881,0.001371
0,0.089886,0.000937,0.206431,0.06309,0.163597,0.105827,0.001569,1.6e-05
0,0.103036,-0.222201,0.012336,-0.227248,0.032348,-0.206175,0.001798,0.003878
0,-0.089702,-0.14225,-0.2125,0.050965,-0.169395,0.040803,0.001566,0.002483
0,-0.075498,0.042631,-0.000891,0.17409,0.005584,0.19022,0.001318,0.000744
0,-0.0741,0.060318,-0.007654,0.018554,0.02232,-0.020994,0.001293,0.001053
0,0.150044,0.043446,0.237888,-0.00315,0.250738,0.006256,0.002619,0.000758
0,0.128264,-0.072571,-0.00014,-0.093246,0.016841,-0.058157,0.002239,0.001267
0,-0.041647,0.009793,-0.184176,0.09741,-0.219563,0.115237,0.000727,0.000171
0,0.20411,-0.184953,0.271973,-0.199059,0.321403,-0.237542,0.003562,0.003228
0,-0.037872,-0.082299,-0.215507,0.091458,-0.239312,0.085838,0.000661,0.001436
0,-0.113007,-0.026605,-0.10384,0.03283,-0.095017,0.053297,0.001972,0.000464
0,-0.044364,-0.186409,0.093628,-0.130653,0.066342,-0.116023,0.000774,0.003253
0,-0.029004,-0.023593,0.008636,0.169677,-0.013428,0.19346,0.000506,0.000412
0,0.109111,-0.10854,0.130698,-0.101356,0.126595,-0.137113,0.001904,0.001894
0,0.036026,-0.154652,-0.080416,-0.035564,-0.09853,-0.066531,0.000629,0.002699
0,0.05157,0.078887,-0.004526,0.232741,0.016062,0.252615,0.0009,0.001377
0,0.017302,-0.195217,-0.049814,-0.27511,-0.049963,-0.243357,0.000302,0.003407
0,0.231979,-0.114823,0.24042,0.102735,0.250193,0.134181,0.004049,0.002004
0,0.101337,-0.111681,-0.154815,-0.013677,-0.152613,-0.026031,0.001769,0.001949
0,-0.018271,-0.045104,-0.145942,0.044794,-0.169634,0.015112,0.000319,0.000787
0,-0.076501,-0.031068,-0.03836,0.009565,-0.086344,0.05436,0.001335,0.000542
0,-0.016728,-0.152674,0.081647,-0.110658,0.101122,-0.143321,0.000292,0.002665
0,-0.08539,-0.0043,-0.051548,0.166476,-0.039953,0.182959,0.00149,7.5e-05
0,0.183007,0.024412,0.292959,0.048017,0.27832,0.066885,0.003194,0.000426
0,0.033946,-0.020527,-0.13471,-0.070153,-0.180586,-0.063897,0.000592,0.000358
0,0.20077,-0.176023,0.166123,-0.165552,0.175272,-0.137562,0.003504,0.003072
0,0.090927,-0.094794,-0.113221,0.052802,-0.133675,0.009784,0.001587,0.001654
0,0.032929,0.025814,-0.048238,0.146676,-0.070466,0.112957,0.000575,0.000451
0,0.13636,-0.119277,0.122957,-0.1383,0.144029,-0.133268,0.00238,0.002082
0,0.059656,-0.074854,-0.067405,0.0389,-0.070527,0.070967,0.001041,0.001306
0,0.017145,-0.141399,-0.041437,-0.082101,-0.012225,-0.085247,0.000299,0.002468
0,0.004244,0.108572,-0.025595,0.238634,-0.007163,0.237126,7.4e-05,0.001895
0,0.265849,0.008414,0.261092,-0.125707,0.282683,-0.152702,0.00464,0.000147
0,0.132748,0.028817,-0.156193,0.019281,-0.170473,0.035478,0.002317,0.000503
0,0.219916,0.080774,0.110128,0.029965,0.093029,-0.015952,0.003838,0.00141
0,-0.021754,-0.045654,-0.261154,-0.142599,-0.287121,-0.170271,0.00038,0.000797
0,0.177575,-0.112373,0.191629,-0.089449,0.168635,-0.077222,0.003099,0.001961
0,0.178015,-0.00676,-0.020072,0.09787,-0.000327,0.137566,0.003107,0.000118
0,-0.034083,-0.163223,-0.216603,-0.186268,-0.169568,-0.159769,0.000595,0.002849
0,0.072655,0.043453,0.112407,0.224153,0.125552,0.19468,0.001268,0.000758
0,0.108219,-0.037751,0.02775,-0.09823,0.021629,-0.1049,0.001889,0.000659
0,0.065668,0.126778,-0.036416,0.190683,-0.072147,0.207423,0.001146,0.002213
0,0.045316,-0.035973,-0.036297,-0.187707,-0.076068,-0.164867,0.000791,0.000628
0,0.114587,-0.040069,0.084037,0.019312,0.110134,-0.017436,0.002,0.000699
0,0.055347,0.02425,-0.047643,0.035002,-0.01962,0.065966,0.000966,0.000423
0,0.217594,0.059654,0.142423,0.01487,0.146987,0.058528,0.003798,0.001041
0,0.0605,0.074176,-0.167034,0.019357,-0.21596,-0.015054,0.001056,0.001295
0,0.191234,0.023181,0.12559,-0.06953,0.12043,-0.072628,0.003338,0.000405
0,0.02724,-0.017224,-0.191097,-0.058646,-0.210892,-0.021893,0.000475,0.000301
0,0.139046,0.104655,0.134173,0.110599,0.175565,0.138495,0.002427,0.001827
0,0.600025,0.194455,0.460195,0.097451,0.474143,0.098773,0.001618,0.003394
0,0.926817,0.53075,0.317339,0.325566,0.341538,0.299116,0.004086,0.002827
0,1.020364,0.849391,0.087828,0.296496,0.116438,0.343307,0.005718,0.002734
0,1.233886,0.94738,0.202019,0.101845,0.201167,0.13393,0.002646,0.004444
0,1.018178,0.693025,-0.211787,-0.225749,-0.243366,-0.249519,0.00568,5e-06
0,0.988545,0.7903,-0.041495,0.106213,-0.053727,0.077203,0.005163,0.001703
0,0.801735,0.80352,-0.181281,0.024632,-0.191062,0.025635,0.001902,0.001934
0,0.584183,0.878366,-0.213964,0.048771,-0.253937,0.059183,0.001895,0.00324
0,0.482591,0.671978,-0.074528,-0.214133,-0.09256,-0.179607,0.003668,0.000362
0,0.181776,0.423904,-0.323784,-0.219344,-0.367869,-0.231188,0.003173,0.004692
0,0.32352,0.146464,0.150091,-0.304144,0.11614,-0.323407,0.005646,0.002556
0,0.016149,0.260238,-0.307668,0.13175,-0.347382,0.117117,0.000282,0.004542
0,-0.004142,0.110363,-0.021848,-0.134442,-0.06426,-0.119675,7.2e-05,0.001926
0,0.075214,0.207892,0.085216,0.120302,0.098061,0.110176,0.001313,0.003628
0,-0.012048,0.158071,-0.112364,-0.079042,-0.134386,-0.113056,0.00021,0.002759
0,-0.02033,0.177966,0.002296,-0.00448,0.009418,-0.040725,0.000355,0.003106
0,0.143176,-0.017561,0.189963,-0.208417,0.18196,-0.195103,0.002499,0.000306
0,-0.072904,0.00686,-0.233708,-0.004477,-0.241273,0.028347,0.001272,0.00012
0,0.031696,-0.105651,0.104368,-0.125726,0.078219,-0.170367,0.000553,0.001844
0,-0.072229,0.088991,-0.109624,0.165297,-0.132293,0.204562,0.001261,0.001553
0,0.044471,0.105023,0.114521,-0.002545,0.135511,-0.037316,0.000776,0.001833
0,-0.095626,0.085218,-0.121341,-0.024171,-0.113752,-0.022625,0.001669,0.001487
0,0.002162,0.166466,0.114167,0.075875,0.093207,0.056461,3.8e-05,0.002905
0,-0.131096,-0.040628,-0.147484,-0.185003,-0.158719,-0.136163,0.002288,0.000709
0,-0.070152,0.03107,0.045338,0.092181,0.030154,0.056401,0.001224,0.000542
0,0.122253,0.099208,0.197374,0.055916,0.207149,0.100175,0.002134,0.001732
0,0.047348,-0.022423,-0.060039,-0.145934,-0.062897,-0.172,0.000826,0.000391
0,-0.071007,0.012248,-0.133296,0.008891,-0.090338,-0.014067,0.001239,0.000214
0,-0.119197,-0.048234,-0.067,-0.06159,-0.073309,-0.108923,0.00208,0.000842
0,-2.234104,-0.899669,-2.140832,-0.853488,-2.105798,-0.819092,0.002721,0.003612
0,-3.328493,-1.188637,-1.077786,-0.282327,-1.04447,-0.259533,0.002359,0.003435
0,-4.377924,-1.089746,-1.070945,0.101177,-1.042407,0.133291,0.003866,0.005161
0,-4.141224,-1.020942,0.21346,0.077461,0.193957,0.059552,0.000265,0.005728
0,-3.471567,-0.864612,0.661504,0.132313,0.691927,0.139686,0.000138,0.003
0,-2.638591,-0.71237,0.833788,0.15439,0.876828,0.147082,0.00231,0.000343
0,-2.226486,-0.459759,0.440432,0.279343,0.424412,0.263989,0.002588,0.004066
0,-1.593223,-0.351901,0.657581,0.116929,0.656303,0.08329,0.003626,0.005949
0,-1.105532,-0.31325,0.467045,0.028688,0.467497,0.048322,0.004886,0.005467
0,-0.604412,-0.109389,0.476784,0.198764,0.515527,0.248669,0.001542,0.001909
0,-0.209978,-0.15291,0.381636,-0.03233,0.420439,-0.020846,0.003665,0.002669
0,0.815036,1.522293,1.037793,1.686475,0.997855,1.643782,0.002135,0.002388
0,0.977248,1.683375,0.154911,0.169573,0.130531,0.158698,0.004966,0.005199
0,1.761346,1.866726,0.781157,0.213344,0.759279,0.166101,0.00553,0.003691
0,1.699912,1.950344,-0.032926,0.085649,-0.069894,0.108765,0.005488,0.002232
0,1.553424,1.483159,-0.121748,-0.471521,-0.165879,-0.47737,0.002931,0.001705
0,1.265187,1.166973,-0.304446,-0.322429,-0.27739,-0.334505,0.002099,0.003813
0,0.929528,1.016627,-0.359169,-0.142057,-0.370619,-0.120581,0.004133,0.005653
0,0.62795,0.618522,-0.321558,-0.37937,-0.326281,-0.37663,0.001131,0.001295
0,0.643355,0.478424,0.038465,-0.136427,0.043075,-0.118975,0.000862,0.00374
0,-0.990569,0.684532,-1.630328,0.212404,-1.660652,0.219888,0.005198,0.000143
0,-2.153672,0.778835,-1.154218,0.096943,-1.190096,0.124008,0.001317,0.001503
0,-4.997639,0.999806,-2.832778,0.202232,-2.804874,0.21282,0.002592,0.005359
0,-4.688341,0.879755,0.331155,-0.108519,0.316791,-0.140426,0.002806,0.003264
0,-4.643773,0.515136,0.050067,-0.388173,0.000429,-0.418996,0.003584,0.0031
0,-4.20343,0.527874,0.416175,-0.008878,0.425818,-0.012829,0.000821,0.002877
0,-3.39614,0.582973,0.797206,0.059394,0.791338,0.049601,0.001179,0.001916
0,-2.707999,0.456027,0.674372,-0.107475,0.699061,-0.070396,0.001098,0.004131
0,-1.440138,0.120185,1.271832,-0.358607,1.28257,-0.321671,0.000954,0.002098
0,-0.647347,-0.044925,0.806955,-0.136711,0.84263,-0.096326,0.000792,0.000784
0,-0.642736,-0.02055,-0.018703,0.018463,0.01568,-0.017391,0.000873,0.000359
0,-0.135578,-0.253935,0.507166,-0.210248,0.542958,-0.235533,0.002366,0.004432
0,0.107748,-0.190901,0.236386,0.055518,0.226216,0.036453,0.001881,0.003332
0,0.119154,-0.183581,-0.000569,-0.017636,0.048375,0.015633,0.00208,0.003204
0,0.25097,-0.00255,0.142116,0.192533,0.169914,0.16572,0.00438,4.5e-05
0,0.12608,-0.161472,-0.121824,-0.183542,-0.081677,-0.205649,0.002201,0.002818
0,0.244933,-0.174984,0.138482,-0.00173,0.095525,0.009117,0.004275,0.003054
0,0.186667,-0.1375,-0.077532,0.049022,-0.042602,0.030383,0.003258,0.0024
0,0.326381,-0.228316,0.135471,-0.097678,0.092651,-0.127312,0.005696,0.003985
0,0.439211,-0.32741,0.093238,-0.094612,0.057144,-0.134309,0.004425,0.005714
0,0.14258,-0.302942,-0.310145,0.002971,-0.304675,-0.040074,0.002488,0.005287
0,0.406771,-0.120002,0.253405,0.176667,0.233734,0.153683,0.004991,0.002094
0,0.076472,-0.203084,-0.31331,-0.087784,-0.354285,-0.105634,0.001335,0.003544
0,0.234509,-0.26627,0.179645,-0.057946,0.172775,-0.050246,0.004093,0.004647
0,0.001273,-0.168072,-0.221208,0.103771,-0.186394,0.147482,2.2e-05,0.002933
0,0.189449,-0.232913,0.15998,-0.053015,0.174262,-0.060428,0.003307,0.004065
0,0.091821,-0.29394,-0.108794,-0.057434,-0.156742,-0.081583,0.001603,0.00513
0,-0.117236,-0.298718,-0.183918,-0.010299,-0.192885,-0.011447,0.002046,0.005214
0,0.151974,-0.169227,0.253323,0.136924,0.302595,0.088986,0.002652,0.002954
0,0.083128,-0.04191,-0.04871,0.107155,-0.060497,0.061391,0.001451,0.000731
0,-0.062651,-0.323067,-0.146769,-0.298974,-0.192623,-0.282689,0.001093,0.005639
0,-0.04195,-0.193192,0.032792,0.123845,0.00193,0.085296,0.000732,0.003372
0,0.186931,-0.028785,0.245427,0.191135,0.273355,0.215448,0.003263,0.000502
0,-0.104336,-0.19393,-0.31789,-0.148181,-0.340739,-0.163343,0.001821,0.003385
0,0.113205,-0.114997,0.231153,0.10302,0.244538,0.066295,0.001976,0.002007
0,0.085452,-0.078339,-0.008679,0.019116,0.030857,0.040175,0.001491,0.001367
0,0.200849,-0.199993,0.134647,-0.125754,0.172247,-0.149155,0.003505,0.003491
0,0.116464,-0.232231,-0.108073,-0.014086,-0.062227,-0.00773,0.002033,0.004053
0,-0.030157,-0.235202,-0.137021,-0.008671,-0.158626,-0.044496,0.000526,0.004105
0,-0.028839,-0.157553,0.0218,0.107172,0.049595,0.073418,0.000503,0.00275
0,0.168582,-0.163027,0.226222,0.010952,0.180855,0.045195,0.002942,0.002845
0,0.299506,-0.247368,0.108167,-0.100717,0.125909,-0.101841,0.005227,0.004317
0,-0.017748,-0.183675,-0.310608,0.081131,-0.349316,0.110256,0.00031,0.003206
0,0.209029,-0.128927,0.212178,0.044126,0.191409,0.080524,0.003648,0.00225
0,0.060413,-0.221515,-0.121153,-0.117428,-0.162083,-0.099665,0.001054,0.003866
0,0.063544,-0.014579,-0.0196,0.223906,-0.050814,0.213938,0.001109,0.000254
0,-0.035369,0.019834,-0.12092,0.047045,-0.094795,0.05211,0.000617,0.000346
0,0.010277,0.017947,0.041755,0.00716,0.068887,0.008564,0.000179,0.000313
0,0.0831,-0.087781,0.071052,-0.098325,0.089612,-0.067036,0.00145,0.001532
0,0.102306,0.033448,-0.004242,0.102985,-0.025366,0.091924,0.001786,0.000584
0,0.000826,0.028808,-0.084075,-0.027749,-0.109136,-0.009907,1.4e-05,0.000503
0,0.134392,-0.191754,0.113306,-0.190678,0.147762,-0.14199,0.002346,0.003347
0,0.026375,-0.049278,-0.119794,0.168729,-0.094007,0.207674,0.00046,0.00086
0,0.044511,-0.05307,0.043208,-0.002182,0.066238,0.024521,0.000777,0.000926
0,-0.101959,0.048029,-0.168605,0.106718,-0.211708,0.120827,0.00178,0.000838
0,0.153159,-0.142523,0.256283,-0.19501,0.298855,-0.148628,0.002673,0.002487
0,-0.049055,-0.10197,-0.204514,0.017448,-0.157446,0.007895,0.000856,0.00178
0,-0.181932,-0.235725,-0.153317,-0.137437,-0.112888,-0.100261,0.003175,0.004114
0,-0.14357,-0.09824,0.055066,0.131957,0.094069,0.128775,0.002506,0.001715
0,-0.089886,-0.175168,0.039887,-0.057894,-0.009355,-0.102717,0.001569,0.003057
0,0.05319,-0.088972,0.120768,0.106624,0.142267,0.114549,0.000928,0.001553
0,0.123476,-0.032089,0.048823,0.075729,0.021499,0.065585,0.002155,0.00056
0,-0.055425,-0.004147,-0.201196,0.022511,-0.240922,0.018227,0.000967,7.2e-05
0,0.041044,0.039716,0.085832,0.031177,0.078456,0.061989,0.000716,0.000693
0,0.168229,-0.039141,0.131966,-0.0867,0.134588,-0.060451,0.002936,0.000683
0,-0.080455,-0.091254,-0.233402,-0.026178,-0.19851,-0.049035,0.001404,0.001593
0,-0.092414,-0.039742,0.004029,0.06497,-0.027654,0.114941,0.001613,0.000694
0,-0.029489,0.080406,0.061318,0.09106,0.028677,0.139405,0.000515,0.001403
0,0.152483,-0.103845,0.197106,-0.209702,0.171574,-0.23452,0.002661,0.001812
0,-0.014371,0.128704,-0.196259,0.227023,-0.171241,0.235817,0.000251,0.002246
0,-0.041925,-0.078869,-0.008632,-0.202267,0.00578,-0.196288,0.000732,0.001377
0,0.166898,0.079816,0.200246,0.142031,0.248193,0.182806,0.002913,0.001393
0,0.077016,-0.094454,-0.096787,-0.180791,-0.112862,-0.157938,0.001344,0.001649
0,0.085569,0.105319,0.013657,0.170174,-0.014274,0.218307,0.001493,0.001838
0,0.165334,-0.105307,0.061844,-0.183343,0.053077,-0.197724,0.002886,0.001838
0,0.173467,0.072254,-0.013778,0.169199,-0.000451,0.138712,0.003028,0.001261
0,0.042567,-0.050912,-0.134782,-0.131538,-0.173327,-0.173444,0.000743,0.000889
0,0.261024,-0.112121,0.229851,-0.085198,0.218605,-0.049496,0.004556,0.001957
0,0.220899,-0.147105,-0.068659,-0.015158,-0.115359,0.019222,0.003855,0.002567
0,-0.05107,-0.064838,-0.258618,0.083372,-0.273402,0.096991,0.000891,0.001132
0,0.071756,0.080831,0.140711,0.126954,0.109395,0.092503,0.001252,0.001411
0,0.161332,0.118994,0.107306,0.036805,0.072463,0.080375,0.002816,0.002077
0,0.077529,0.026055,-0.082187,-0.08244,-0.078237,-0.103559,0.001353,0.000455
0,-0.052392,0.145271,-0.136137,0.116855,-0.090274,0.074903,0.000914,0.002535
0,-0.036237,0.134904,0.044835,0.004749,0.070584,-0.033846,0.000632,0.002355
0,-0.097647,-0.065849,-0.065696,-0.196976,-0.085141,-0.213001,0.001704,0.001149
0,0.04681,-0.052405,0.168058,0.023502,0.171426,-0.019375,0.000817,0.000915
0,-0.004341,0.012687,-0.077619,0.055595,-0.054291,0.105168,7.6e-05,0.000221
0,-0.135408,0.137226,-0.149722,0.096082,-0.124549,0.122969,0.002363,0.002395
0,-0.103915,-0.012625,0.019162,-0.131891,0.035611,-0.133015,0.001814,0.00022
0,-0.080112,0.095031,0.051098,0.122567,0.065869,0.111475,0.001398,0.001659
0,0.09595,-0.136271,0.171832,-0.212178,0.209641,-0.218184,0.001675,0.002378
0,-0.116693,0.103916,-0.239335,0.261024,-0.215905,0.242517,0.002037,0.001814
0,-0.212772,0.031458,-0.101479,-0.052382,-0.067442,-0.02591,0.003714,0.000549
0,0.021051,0.096607,0.221447,0.072499,0.205659,0.087797,0.000367,0.001686
0,-0.138838,-0.091522,-0.181709,-0.196388,-0.15215,-0.21637,0.002423,0.001597
0,0.01409,-0.058427,0.125735,0.042644,0.101841,0.015019,0.000246,0.00102
0,-0.017473,0.10997,-0.009614,0.182871,0.005243,0.156101,0.000305,0.001919
0,-0.272662,0.009094,-0.254225,-0.07692,-0.272417,-0.051161,0.004759,0.000159
0,-0.031606,0.009583,0.212914,0.015172,0.237272,0.062114,0.000552,0.000167
0,-0.09844,0.102711,-0.059826,0.121017,-0.081871,0.108346,0.001718,0.001793
0,-0.211398,-0.097442,-0.129952,-0.198485,-0.099724,-0.165685,0.00369,0.001701
0,-0.079471,0.061925,0.102897,0.187981,0.063466,0.19534,0.001387,0.001081
0,-0.032586,0.020002,0.068632,-0.070844,0.055804,-0.116967,0.000569,0.000349
0,-0.033222,0.00504,0.004209,-0.017074,0.029253,0.032453,0.00058,8.8e-05
0,-0.153047,0.084504,-0.102561,0.102771,-0.101285,0.069894,0.002671,0.001475
0,0.042138,-0.011009,0.187377,-0.122519,0.145887,-0.135027,0.000735,0.000192
0,-0.190894,-0.017521,-0.237182,0.006037,-0.230233,-0.014176,0.003332,0.000306
0,0.053046,0.099224,0.22419,0.090933,0.20984,0.123618,0.000926,0.001732
0,-0.005379,0.035593,-0.081133,-0.041819,-0.09927,-0.075121,9.4e-05,0.000621
0,-0.066325,0.013611,-0.064551,-0.017042,-0.051981,0.01436,0.001158,0.000238
0,-0.185682,-0.071666,-0.106829,-0.07443,-0.125842,-0.068554,0.003241,0.001251
0,-0.089814,-0.017894,0.073345,0.067748,0.056166,0.064765,0.001568,0.000312
0,-0.212126,-0.049323,-0.128493,-0.038918,-0.163355,-0.039271,0.003702,0.000861
0,-0.235472,-0.017949,-0.016893,0.036375,-0.052366,0.010252,0.00411,0.000313
0,-0.183205,0.092825,0.037156,0.136464,0.05659,0.087976,0.003198,0.00162
0,-0.294305,0.123448,-0.118872,0.017612,-0.106056,0.003515,0.005137,0.002155
0,-0.119815,-0.102002,0.146644,-0.220169,0.098241,-0.257203,0.002091,0.00178
0,-0.06569,-0.065467,0.073599,0.024176,0.024136,-0.015976,0.001147,0.001143
0,-0.229733,0.001819,-0.140129,0.046957,-0.115512,0.054552,0.00401,3.2e-05
0,-0.136335,0.106994,0.065357,0.078502,0.113131,0.104397,0.002379,0.001867
0,0.004167,0.146894,0.161601,0.067249,0.125094,0.091817,7.3e-05,0.002564
0,0.031652,0.008844,0.041074,-0.155585,0.026769,-0.173897,0.000552,0.000154
0,0.046703,0.139953,0.009803,0.150852,0.024925,0.135141,0.000815,0.002443
0,0.080709,0.021156,0.033611,-0.103555,-0.00109,-0.093684,0.001409,0.000369
0,-0.094176,-0.051514,-0.169459,-0.052534,-0.142351,-0.093137,0.001644,0.000899
0,0.007309,-0.056455,0.074158,0.003601,0.069698,-0.030489,0.000128,0.000985
0,-0.083822,-0.050925,-0.105593,0.011293,-0.084876,-0.004383,0.001463,0.000889
0,-0.106423,-0.128765,0.001134,-0.058692,-0.02558,-0.056516,0.001857,0.002247
0,-0.08606,0.034497,-0.005199,0.149842,-0.021577,0.13015,0.001502,0.000602
0,0.078589,-0.049963,0.18254,-0.063508,0.204124,-0.11278,0.001372,0.000872
0,0.140876,0.048543,0.085427,0.092709,0.111374,0.053948,0.002459,0.000847
0,0.043861,-0.169559,-0.107387,-0.220783,-0.06927,-0.233425,0.000766,0.002959
0,0.083646,-0.119734,0.052407,0.049181,0.039523,0.014494,0.00146,0.00209
0,-0.078538,-0.034531,-0.156387,0.106225,-0.181983,0.135243,0.001371,0.000603
0,-0.015831,-0.060762,0.060599,-0.051681,0.105431,-0.023414,0.000276,0.00106
0,-0.08857,0.089218,-0.096806,0.140755,-0.096585,0.109697,0.001546,0.001557
0,0.034802,0.097019,0.123935,0.016369,0.122724,0.042954,0.000607,0.001693
0,-0.053596,-0.145817,-0.111097,-0.238261,-0.101308,-0.212704,0.000935,0.002545
0,0.009185,-0.139887,0.063092,0.033319,0.015365,0.023417,0.00016,0.002441
0,0.115877,-0.046096,0.094949,0.077651,0.126444,0.083995,0.002022,0.000805
0,0.159449,-0.090195,0.016458,-0.046735,0.00592,-0.025176,0.002783,0.001574
0,0.160592,-0.083865,-0.026747,-0.021107,-0.012879,-0.062924,0.002803,0.001464
0,0.206106,0.12888,0.07214,0.233357,0.068721,0.232315,0.003597,0.002249
0,-0.086792,-0.079049,-0.286495,-0.206111,-0.311156,-0.227,0.001515,0.00138
0,-0.082421,-0.090979,0.001909,-0.02414,0.042487,-0.050445,0.001439,0.001588
0,-0.016967,0.004297,0.061315,0.069007,0.111225,0.079164,0.000296,7.5e-05
0,-0.036386,0.078242,-0.018842,0.084924,-0.055187,0.06221,0.000635,0.001366
0,-0.121004,0.016136,-0.067845,-0.049088,-0.089221,-0.001658,0.002112,0.000282
0,-0.074019,0.056982,0.073749,0.014727,0.081055,-0.00229,0.001292,0.000995
0,0.146483,-0.053105,0.22502,-0.122639,0.237839,-0.091224,0.002557,0.000927
0,0.136683,0.032992,0.001523,0.110626,0.037426,0.129515,0.002386,0.000576
0,-0.043423,0.118087,-0.201991,0.10664,-0.248902,0.104972,0.000758,0.002061
0,0.067571,-0.036225,0.135372,-0.180798,0.087543,-0.14476,0.001179,0.000632
0,0.108411,0.016343,0.014252,0.040761,0.043375,0.071444,0.001892,0.000285
0,0.175992,0.104157,0.091682,0.094917,0.044021,0.068148,0.003072,0.001818
0,0.310145,0.056118,0.146726,-0.032,0.149489,-0.026734,0.005413,0.000979
0,0.153693,0.055637,-0.151771,-0.028753,-0.135198,0.019517,0.002682,0.000971
0,0.059448,-0.084075,-0.097583,-0.148045,-0.089447,-0.162415,0.001038,0.001467
0,0.061323,-0.034228,-0.020084,0.063688,-0.055716,0.04625,0.00107,0.000597
0,0.143984,0.056683,0.073848,0.085476,0.024784,0.123473,0.002513,0.000989
0,0.196981,0.020253,0.058625,-0.033351,0.107744,-0.020134,0.003438,0.000353
0,0.139298,-0.00699,-0.065743,-0.035925,-0.095083,-0.075035,0.002431,0.000122
0,0.115924,-0.093122,-0.015098,-0.104157,-0.039491,-0.059599,0.002023,0.001625
0,0.160044,0.03124,0.035939,0.127956,-0.001066,0.135139,0.002793,0.000545
0,0.09069,-0.02509,-0.043294,-0.050949,-0.002222,-0.026592,0.001583,0.000438
0,-0.055066,0.012483,-0.140252,0.045055,-0.189108,0.024667,0.000961,0.000218
0,0.106137,0.094134,0.152867,0.078726,0.170403,0.123647,0.001852,0.001643
0,-0.078479,-0.149441,-0.174866,-0.25149,-0.134114,-0.251139,0.00137,0.002608
0,0.057694,-0.129961,0.107259,0.040346,0.143222,0.004785,0.001007,0.002268
0,-0.567708,-0.161867,-0.640242,-0.022355,-0.607693,-0.041507,0.002182,0.002825
0,-1.281251,-0.401458,-0.703893,-0.220296,-0.733863,-0.255014,0.001819,0.005084
0,-1.804272,-0.884624,-0.515665,-0.507667,-0.483045,-0.540493,0.004781,0.003349
0,-1.631158,-0.751595,0.191602,0.111392,0.143959,0.099691,0.004288,0.001027
0,-1.30552,-0.419646,0.306673,0.358487,0.347929,0.336709,0.001395,0.004766
0,-0.964613,-0.390235,0.335593,0.044873,0.320556,0.003006,0.004745,0.00528
0,-0.558899,-0.440253,0.412272,-0.064114,0.393987,-0.076897,0.002336,0.004407
0,-0.19779,-0.175463,0.375406,0.289293,0.376789,0.277788,0.003452,0.003062
0,-0.062585,-0.308651,0.164685,-0.118519,0.175932,-0.084768,0.001092,0.005387
0,-0.125196,-0.180299,-0.086521,0.116307,-0.069381,0.073931,0.002185,0.003147
0,-0.046175,-0.022614,0.071856,0.147345,0.109617,0.192235,0.000806,0.000395
0,0.109375,-0.180768,0.150752,-0.185522,0.138277,-0.153254,0.001909,0.003155
0,0.057364,-0.098048,-0.061716,0.071207,-0.098966,0.098202,0.001001,0.001711
0,-0.075901,-0.1183,-0.137967,-0.000587,-0.119708,-0.026756,0.001325,0.002065
0,0.077902,0.012027,0.12745,0.128934,0.117631,0.092133,0.00136,0.00021
0,-0.018858,0.000946,-0.100416,0.011358,-0.107283,-0.035955,0.000329,1.7e-05
0,0.122528,-0.149449,0.154353,-0.139431,0.131804,-0.129774,0.002139,0.002608
0,-0.067197,-0.089335,-0.160399,0.045534,-0.191145,0.038642,0.001173,0.001559
0,0.051565,0.046738,0.119492,0.148361,0.160887,0.140683,0.0009,0.000816
0,-0.010939,-0.083521,-0.048591,-0.127476,-0.088615,-0.110879,0.000191,0.001458
0,-0.094647,0.041225,-0.094266,0.1251,-0.120347,0.092954,0.001652,0.00072
0,-0.05577,0.041828,0.064084,0.006953,0.056055,0.030683,0.000973,0.00073
0,-0.013343,0.005814,0.047907,-0.010367,0.049668,-0.057515,0.000233,0.000101
0,0.092087,0.010562,0.112913,0.024125,0.105925,0.012881,0.001607,0.000184
0,0.035732,0.002086,-0.064143,-0.001228,-0.029561,-0.049609,0.000624,3.6e-05
0,-0.069218,0.019667,-0.128243,0.016837,-0.081813,-0.015077,0.001208,0.000343
0,-0.058101,0.108573,0.029944,0.066223,0.051856,0.060444,0.001014,0.001895
0,-0.005332,-0.163995,0.057447,-0.266095,0.085257,-0.263477,9.3e-05,0.002862
0,-0.052469,-0.118712,-0.072717,0.034847,-0.064363,0.080185,0.000916,0.002072
0,0.050659,-0.082461,0.092524,0.045994,0.141337,0.063967,0.000884,0.001439
0,-0.071291,-0.078866,-0.12918,0.025962,-0.171456,0.022824,0.001244,0.001376
0,-0.051675,-0.077362,0.030793,0.008665,0.0357,0.042682,0.000902,0.00135
0,0.108703,-0.112983,0.152042,-0.035776,0.199961,-0.007201,0.001897,0.001972
0,0.073666,0.02991,-0.06492,0.150767,-0.066013,0.196257,0.001286,0.000522
0,-0.0982,-0.135887,-0.160793,-0.195325,-0.165253,-0.173368,0.001714,0.002372
0,0.01473,-0.105483,0.11879,0.029405,0.109535,0.042497,0.000257,0.001841
0,0.077421,-0.063144,0.047666,0.014868,0.077406,0.049693,0.001351,0.001102
0,0.050228,0.12237,-0.048127,0.190795,-0.066874,0.169809,0.000877,0.002136
0,-0.015424,0.113368,-0.061978,-0.031713,-0.106464,-0.033527,0.000269,0.001979
0,0.138942,-0.13323,0.183044,-0.27028,0.160381,-0.283492,0.002425,0.002325
0,0.076736,-0.093508,-0.050139,0.02729,-0.011074,0.072841,0.001339,0.001632
0,-0.094049,-0.147487,-0.177126,-0.048339,-0.175469,-0.044955,0.001641,0.002574
0,-0.117337,0.033511,-0.023304,0.181484,-0.005308,0.195333,0.002048,0.000585
0,0.181771,-0.154536,0.272872,-0.196564,0.254041,-0.174681,0.003172,0.002697
0,0.07077,-0.128271,-0.084346,0.016064,-0.115235,0.014922,0.001235,0.002239
0,0.139945,-0.182616,0.046733,-0.059537,0.066126,-0.025484,0.002442,0.003187
0,0.081775,-0.034596,-0.032963,0.164229,-0.079314,0.162746,0.001427,0.000604
0,0.237409,-0.016339,0.13634,0.038174,0.144939,0.062971,0.004144,0.000285
0,0.091077,-0.027509,-0.133963,4e-05,-0.183583,0.015247,0.00159,0.00048
0,0.188128,-0.035254,0.079698,-0.026815,0.044633,-0.072016,0.003283,0.000615
0,0.111072,0.108646,-0.099751,0.146755,-0.10558,0.157992,0.001939,0.001896
0,0.013395,0.013155,-0.106514,-0.092815,-0.09853,-0.086587,0.000234,0.00023
0,0.208981,-0.029186,0.167712,-0.027198,0.18118,0.009478,0.003647,0.000509
0,-0.036175,0.039478,-0.263767,0.078727,-0.240737,0.123425,0.000631,0.000689
0,0.249959,0.028179,0.270592,-0.040368,0.313198,-0.04019,0.004363,0.000492
0,0.270254,-0.118108,0.016496,-0.173551,0.04796,-0.147714,0.004717,0.002061
0,0.237018,-0.184905,-0.007715,-0.042872,0.041963,-0.01106,0.004137,0.003227
0,0.081534,-0.157539,-0.159218,0.023211,-0.189054,0.05643,0.001423,0.00275
0,-0.019437,0.058484,-0.110981,0.208745,-0.063906,0.199945,0.000339,0.001021
0,-0.078502,0.051236,-0.065991,0.000413,-0.04509,-0.041311,0.00137,0.000894
0,0.135991,-0.174314,0.215893,-0.228886,0.2318,-0.18473,0.002373,0.003042
0,-0.023617,-0.192515,-0.179175,-0.022681,-0.186873,-0.042106,0.000412,0.00336
0,0.02667,-0.095692,0.034883,0.098451,0.03298,0.06589,0.000465,0.00167
0,-0.02896,0.000899,-0.058059,0.121275,-0.017771,0.079896,0.000505,1.6e-05
0,-0.168163,-0.14498,-0.121375,-0.12189,-0.108193,-0.129587,0.002935,0.00253
0,-0.108936,-0.06598,0.077269,0.099905,0.064478,0.143364,0.001901,0.001152
0,0.138924,-0.195101,0.235954,-0.15874,0.190909,-0.109549,0.002425,0.003405
0,-0.17417,-0.21663,-0.322215,0.00442,-0.324784,-0.037515,0.00304,0.003781
0,-0.058189,-0.209268,0.125266,-0.00863,0.160979,0.009254,0.001016,0.003652
0,0.073195,-0.178018,0.151377,0.036119,0.179976,-0.010384,0.001278,0.003107
0,0.009062,-0.221278,-0.040062,-0.067279,-0.071856,-0.073814,0.000158,0.003862
0,0.07866,-0.194217,0.054154,0.02333,0.090042,0.061585,0.001373,0.00339
0,-0.161346,-0.13205,-0.254063,0.053612,-0.262896,0.029647,0.002816,0.002305
0,-0.17995,-0.125354,0.005532,0.006316,0.010537,0.055858,0.003141,0.002188
0,-0.133674,-0.19922,0.032894,-0.054859,0.076911,-0.048886,0.002333,0.003477
0,-0.050163,-0.177342,0.105207,0.019487,0.065668,0.027234,0.000876,0.003095
0,0.054157,-0.049342,0.099617,0.110001,0.052094,0.071901,0.000945,0.000861
0,-0.146567,-0.037647,-0.172556,0.030168,-0.215492,0.02156,0.002558,0.000657
0,0.043162,-0.024618,0.203511,0.024882,0.207474,0.070212,0.000753,0.00043
0,-0.074923,-0.100832,-0.093987,-0.080026,-0.068223,-0.040004,0.001308,0.00176
0,-0.060986,0.101623,0.007354,0.212808,0.054531,0.25389,0.001064,0.001774
0,-0.107047,-0.050314,-0.026133,-0.179807,-0.011148,-0.224613,0.001868,0.000878
0,-0.119967,-0.182735,-0.014503,-0.147205,0.016064,-0.194906,0.002094,0.003189
0,-0.090023,0.001074,0.016019,0.188193,0.024201,0.165995,0.001571,1.9e-05
0,-0.195281,-0.027651,-0.122465,-0.05031,-0.113976,-0.036262,0.003408,0.000483
0,-0.054039,-0.086584,0.114989,-0.057717,0.143269,-0.070259,0.000943,0.001511
0,-0.092319,-0.12235,-0.057241,-0.014763,-0.036478,-0.009899,0.001611,0.002135
0,-0.178717,0.017207,-0.090148,0.143807,-0.059595,0.157709,0.003119,0.0003
0,0.017586,-0.062831,0.175099,-0.107405,0.159317,-0.109352,0.000307,0.001097
0,0.02477,-0.1657,-0.005618,-0.118829,-0.032467,-0.12435,0.000432,0.002892
0,-0.079358,-0.143906,-0.118038,0.019387,-0.108886,0.041056,0.001385,0.002512
0,0.003465,-0.198778,0.069092,-0.054404,0.110564,-0.004447,6e-05,0.003469
0,-0.117597,-0.205548,-0.113015,-0.000881,-0.139865,-0.02613,0.002052,0.003587
0,-0.001549,0.044409,0.107015,0.244663,0.084227,0.290222,2.7e-05,0.000775
0,0.062933,-0.107286,0.049,-0.122807,0.036492,-0.100472,0.001098,0.001872
0,-0.200525,-0.12039,-0.254445,-0.00972,-0.221753,-0.034942,0.0035,0.002101
0,-0.151,0.027709,0.061079,0.153664,0.028074,0.163965,0.002635,0.000484
0,-0.061471,-0.001945,0.118901,-0.052546,0.141488,-0.082883,0.001073,3.4e-05
0,-0.095067,0.061203,-0.018761,0.053782,-0.043025,0.042637,0.001659,0.001068
0,-0.240668,-0.166966,-0.161268,-0.211669,-0.169494,-0.168995,0.0042,0.002914
0,-0.167319,-0.163321,0.087283,0.021539,0.100921,-0.000375,0.00292,0.00285
0,-0.054477,-0.051766,0.096968,0.119564,0.069384,0.10723,0.000951,0.000903
0,0.083953,-0.083662,0.112432,-0.036994,0.15231,0.006186,0.001465,0.00146
0,-0.235534,-0.157116,-0.318601,-0.047254,-0.283992,-0.04979,0.004111,0.002742
0,-0.095397,-0.131798,0.111191,0.011139,0.146663,0.024677,0.001665,0.0023
0,-0.084783,-0.154052,-0.006768,-0.028934,0.023166,-0.068188,0.00148,0.002689
0,-0.19308,-0.135066,-0.125242,-0.009038,-0.147149,-0.011116,0.00337,0.002357
0,-0.151239,0.010642,0.023899,0.174777,0.013384,0.212483,0.00264,0.000186
0,-0.005187,-0.067664,0.135427,-0.062016,0.12632,-0.027047,9.1e-05,0.001181
0,0.062598,-0.015778,0.072893,0.030442,0.039421,0.031555,0.001093,0.000275
0,0.120166,-0.046204,0.034398,-0.058485,0.080738,-0.100335,0.002097,0.000806
0,0.091143,0.107523,-0.033944,0.15661,-0.053831,0.113536,0.001591,0.001877
0,-0.161359,0.084935,-0.268473,-0.042196,-0.31228,-0.037765,0.002816,0.001482
0,0.046918,-0.032627,0.190429,-0.088606,0.233879,-0.09406,0.000819,0.000569
0,0.02863,-0.024576,-0.019956,0.007274,0.016536,-0.036469,0.0005,0.000429
0,0.041111,-0.073796,0.022614,-0.02711,0.037831,-0.023559,0.000718,0.001288
0,-0.025348,-0.039208,-0.079966,0.004993,-0.087924,0.012052,0.000442,0.000684
0,0.044097,0.188774,0.055426,0.252215,0.101442,0.271851,0.00077,0.003295
0,0.024255,0.009136,-0.01063,-0.153639,0.017424,-0.17431,0.000423,0.000159
0,-0.096792,0.046801,-0.109229,0.031506,-0.090235,0.016915,0.001689,0.000817
0,-0.188044,-0.019487,-0.111808,-0.090059,-0.129378,-0.08328,0.003282,0.00034
0,-0.186818,0.003158,-0.010981,0.052119,0.037384,0.046782,0.003261,5.5e-05
0,-0.224954,-0.005146,-0.04053,0.006619,-0.04037,-0.003053,0.003926,9e-05
0,-0.134071,-0.028338,0.108043,-0.008856,0.154316,0.022437,0.00234,0.000495
0,-0.117083,-0.02762,0.024786,-0.027861,0.067517,-0.031178,0.002043,0.000482
0,-0.089423,0.092095,0.055008,0.095125,0.069677,0.065298,0.001561,0.001607
0,-0.020764,0.158649,0.098425,0.092171,0.073083,0.049166,0.000362,0.002769
0,-0.104336,-0.133367,-0.113264,-0.283766,-0.128552,-0.283032,0.001821,0.002328
0,0.0258,0.041664,0.10985,0.198543,0.12648,0.22438,0.00045,0.000727
0,-0.150642,0.038536,-0.166282,-0.014401,-0.19741,0.015546,0.002629,0.000673
0,-0.048056,-0.006312,0.119041,-0.049418,0.121513,-0.061505,0.000839,0.00011
0,0.018554,0.057663,0.053294,0.037856,0.066014,0.006614,0.000324,0.001006
0,0.01964,0.017272,-0.013755,-0.019466,-0.031359,-0.007053,0.000343,0.000301
0,-0.110286,-0.096603,-0.126509,-0.128185,-0.131356,-0.126629,0.001925,0.001686
0,-0.044416,-0.146934,0.038815,-0.024783,0.087029,-0.070877,0.000775,0.002564
0,-0.043257,0.099079,0.022698,0.216335,0.053025,0.183579,0.000755,0.001729
0,0.186226,0.087192,0.221086,-0.019351,0.215807,0.011634,0.00325,0.001522
0,-0.014697,-0.01544,-0.175473,-0.09364,-0.166575,-0.047355,0.000257,0.000269
0,-0.096007,-0.123037,-0.073143,-0.136116,-0.054627,-0.138908,0.001676,0.002147
0,-0.038424,0.092346,0.049686,0.234403,0.042908,0.185458,0.000671,0.001612
0,0.032912,0.06249,0.063303,-0.040737,0.04411,-0.001295,0.000574,0.001091
0,0.158317,-0.021634,0.135142,-0.110425,0.157867,-0.063151,0.002763,0.000378
0,-0.035935,0.104732,-0.193975,0.126348,-0.181174,0.144112,0.000627,0.001828
0,-0.036617,0.082484,0.027976,0.002093,-0.010795,0.049985,0.000639,0.00144
0,-0.144902,0.011576,-0.114353,-0.096286,-0.126521,-0.065386,0.002529,0.000202
0,0.013951,-0.020232,0.149201,-0.01154,0.1356,0.01333,0.000243,0.000353
0,0.01186,-0.030287,0.01791,-0.028001,-0.006363,-0.026877,0.000207,0.000529
0,-0.240764,0.054935,-0.256799,0.105662,-0.228354,0.102889,0.004202,0.000959
0,-0.186458,-0.075182,0.030461,-0.102206,0.015697,-0.079747,0.003254,0.001312
0,0.062081,0.134637,0.275778,0.219979,0.251942,0.204,0.001084,0.00235
0,-0.144636,0.01838,-0.194925,-0.122683,-0.185935,-0.159296,0.002524,0.000321
0,-0.091799,0.096392,0.05499,0.09062,0.085748,0.094188,0.001602,0.001682
0,-0.200858,-0.142163,-0.086799,-0.251867,-0.101862,-0.246035,0.003506,0.002481
0,-0.186351,-0.066853,-0.003941,0.047697,-0.043833,0.009425,0.003252,0.001167
0,-0.278625,-0.09658,-0.088276,-0.014885,-0.050259,0.009944,0.004863,0.001686
0,-0.193079,-0.032316,0.057657,0.065867,0.059578,0.06175,0.00337,0.000564
0,-0.214244,-0.196031,-0.026758,-0.177628,-0.073167,-0.152989,0.003739,0.003421
0,-0.008402,-0.086282,0.188761,0.086782,0.165811,0.116913,0.000147,0.001506
0,-0.094864,-0.079309,-0.061858,-0.009253,-0.03316,0.007329,0.001656,0.001384
0,-0.161612,-0.054615,-0.072233,0.031086,-0.051916,0.07789,0.002821,0.000953
0,-0.197551,-0.17777,-0.039593,-0.097297,0.002161,-0.143454,0.003448,0.003103
0,-0.092496,0.049565,0.133187,0.244893,0.116978,0.242737,0.001614,0.000865
0,-0.209467,-0.145534,-0.118315,-0.207377,-0.093389,-0.235752,0.003656,0.00254
0,-0.268806,0.09431,-0.050389,0.235017,-0.043578,0.276867,0.004692,0.001646
0,-0.113782,-0.161807,0.166596,-0.263733,0.160365,-0.295006,0.001986,0.002824
0,-0.202633,0.122684,-0.105487,0.305256,-0.116765,0.3386,0.003537,0.002141
0,-0.120755,0.005399,0.110559,-0.13092,0.070382,-0.123329,0.002108,9.4e-05
0,-0.229485,0.094636,-0.102513,0.096786,-0.092085,0.098208,0.004005,0.001652
0,-0.020702,-0.03753,0.215248,-0.135783,0.168154,-0.097464,0.000361,0.000655
0,-0.23541,0.112527,-0.236249,0.145766,-0.270239,0.195612,0.004109,0.001964
0,1.858607,-0.155665,2.122048,-0.245724,2.101457,-0.279118,0.003833,0.002717
0,3.660322,-0.06564,1.791749,0.074953,1.825643,0.10433,0.003432,0.001146
0,4.212003,-0.289763,0.543267,-0.199598,0.533532,-0.183446,0.00097,0.005057
0,3.871686,-0.052258,-0.326571,0.25429,-0.299057,0.245383,0.004969,0.000912
0,3.424157,-0.383913,-0.428334,-0.349386,-0.470004,-0.370929,0.00069,0.00539
0,3.254192,-0.38251,-0.162513,0.018735,-0.168286,0.030648,0.003656,0.005414
0,2.846358,-0.27479,-0.410229,0.085705,-0.459505,0.106383,0.001316,0.004796
0,2.330458,-0.097774,-0.52691,0.186033,-0.554196,0.207091,0.004403,0.001706
0,1.662312,-0.082349,-0.67611,0.010572,-0.716274,-0.027704,0.004832,0.001437
0,1.149478,-0.094865,-0.491221,-0.03067,-0.464662,-0.075649,0.004119,0.001656
0,0.899321,-0.150235,-0.270173,-0.034099,-0.30096,-0.060491,0.003606,0.002622
0,0.303342,-0.130207,-0.61219,0.037813,-0.573518,0.057526,0.005294,0.002273
0,0.081621,0.053718,-0.236129,0.191245,-0.233684,0.144614,0.001425,0.000938
0,-0.040684,-0.111956,-0.134152,-0.173857,-0.179206,-0.16303,0.00071,0.001954
0,-0.262427,-0.085235,-0.240261,0.021027,-0.282744,0.000962,0.00458,0.001488
0,-0.47567,0.118404,-0.198025,0.210663,-0.219155,0.208727,0.003788,0.002067
0,-0.416357,-0.084876,0.04204,-0.231296,0.009775,-0.272886,0.004824,0.001481
0,-0.290337,-0.027959,0.113512,0.067027,0.158636,0.072221,0.005067,0.000488
0,-0.398785,0.006401,-0.136519,0.012379,-0.177111,0.045635,0.00513,0.000112
0,-0.178982,0.12158,0.196732,0.122483,0.181133,0.167642,0.003124,0.002122
0,-0.162333,0.018736,0.040179,-0.083735,0.042799,-0.116944,0.002833,0.000327
0,-0.023618,-0.09736,0.160826,-0.103247,0.193823,-0.062289,0.000412,0.001699
0,-0.035804,-0.105173,-0.017899,0.013725,-0.05064,0.006266,0.000625,0.001836
0,-0.071827,0.109369,-0.016475,0.210307,0.022492,0.165443,0.001254,0.001909
0,0.080761,0.008764,0.155297,-0.12777,0.123649,-0.110968,0.00141,0.000153
0,-0.100057,0.17082,-0.174,0.139625,-0.214252,0.176343,0.001746,0.002981
0,-0.057697,0.121762,0.029038,-0.031397,0.075547,-0.053788,0.001007,0.002125
0,-0.091985,-0.055198,-0.008943,-0.16962,-0.009697,-0.200218,0.001605,0.000963
0,-0.015257,-0.112982,0.079463,-0.07681,0.067265,-0.107562,0.000266,0.001972
0,0.016197,-0.032026,0.037891,0.094551,0.045993,0.077765,0.000283,0.000559
0,-0.090408,0.144858,-0.086671,0.202359,-0.09052,0.249592,0.001578,0.002528
0,0.054867,-0.122024,0.120178,-0.245582,0.164587,-0.24854,0.000958,0.00213
0,-0.067911,-0.010357,-0.097997,0.138131,-0.142772,0.151183,0.001185,0.000181
0,-0.063675,0.14464,0.027847,0.158381,0.07082,0.183128,0.001111,0.002524
0,-0.036747,-0.025791,0.036491,-0.171323,-0.003228,-0.156644,0.000641,0.00045
0,0.056539,-0.054143,0.079393,-0.024781,0.101917,-0.021443,0.000987,0.000945
0,-0.007326,0.102203,-0.089218,0.128159,-0.05747,0.084907,0.000128,0.001784
0,-0.013853,0.12913,0.013269,0.040064,0.026863,-0.001071,0.000242,0.002254
0,-0.167313,0.160098,-0.129501,0.058185,-0.122612,0.083985,0.00292,0.002794
0,-0.071611,0.181097,0.09858,0.031011,0.085009,0.014719,0.00125,0.003161
0,0.125811,-0.011565,0.187368,-0.197036,0.166262,-0.213304,0.002196,0.000202
0,0.04788,0.107295,-0.079341,0.1432,-0.030815,0.110262,0.000836,0.001873
0,0.05965,0.179529,0.012027,0.074483,0.040934,0.044423,0.001041,0.003133
0,0.110652,-0.049579,0.067587,-0.222718,0.055651,-0.233653,0.001931,0.000865
0,0.099978,0.147193,0.016556,0.218971,0.030023,0.228895,0.001745,0.002569
0,0.157766,0.119084,0.065846,-0.014819,0.102194,0.02831,0.002754,0.002078
0,-0.005702,-0.017865,-0.162411,-0.165213,-0.150129,-0.214151,0.0001,0.000312
0,0.059921,0.163423,0.076852,0.18327,0.063015,0.165006,0.001046,0.002852
0,0.168796,0.089725,0.080868,-0.055372,0.079367,-0.092369,0.002946,0.001566
0,0.001271,0.127504,-0.173937,0.00987,-0.156966,0.023809,2.2e-05,0.002225
0,-0.006334,0.035293,-0.036796,-0.095781,-0.049988,-0.058854,0.000111,0.000616
0,0.023211,-0.031011,0.058002,-0.060406,0.022094,-0.047158,0.000405,0.000541
0,-0.124699,0.17651,-0.142105,0.215604,-0.18512,0.166665,0.002176,0.003081
0,0.090952,-0.071842,0.209163,-0.270215,0.230643,-0.318854,0.001587,0.001254
0,0.074875,0.027275,-0.02383,0.073621,-0.010131,0.116296,0.001307,0.000476
0,0.057634,0.158204,0.00674,0.138657,-0.013952,0.140926,0.001006,0.002761
0,0.030611,0.077634,-0.039945,-0.098723,-0.015435,-0.103649,0.000534,0.001355
0,-0.015441,0.192587,-0.044766,0.085593,-0.030106,0.103595,0.000269,0.003361
0,0.059224,-0.078974,0.065444,-0.290668,0.032045,-0.248207,0.001034,0.001378
0,0.040212,0.04191,-0.018753,0.098745,-0.061565,0.058208,0.000702,0.000731
0,-0.083714,0.072511,-0.103524,0.002507,-0.075134,-0.001666,0.001461,0.001266
0,-0.115376,0.019963,-0.008017,-0.072468,-0.046366,-0.044716,0.002014,0.000348
0,0.074162,0.137739,0.203664,0.125282,0.248212,0.136057,0.001294,0.002404
0,-0.12472,0.056769,-0.171269,-0.088355,-0.209816,-0.042711,0.002177,0.000991
0,-0.055445,-0.045345,0.083304,-0.105926,0.114415,-0.085224,0.000968,0.000791
0,-0.03259,-0.141901,0.041354,-0.084349,0.038998,-0.127699,0.000569,0.002477
0,0.001849,0.124328,0.049872,0.276969,0.062573,0.266718,3.2e-05,0.00217
0,0.007021,0.005671,0.008325,-0.134629,0.032287,-0.148815,0.000123,9.9e-05
0,-0.116029,-0.068221,-0.141663,-0.094791,-0.185411,-0.081231,0.002025,0.001191
0,0.073965,-0.015399,0.176846,0.029118,0.184675,0.038688,0.001291,0.000269
0,0.053105,0.120202,-0.019921,0.154583,0.029221,0.174882,0.000927,0.002098
0,0.167382,-0.113378,0.118967,-0.240437,0.092316,-0.263478,0.002921,0.001979
0,0.060945,-0.109059,-0.121053,0.033287,-0.170146,0.01046,0.001064,0.001903
0,-0.119296,0.005356,-0.187714,0.12196,-0.149307,0.158955,0.002082,9.3e-05
0,-0.079526,0.096855,0.026857,0.118937,0.007917,0.136084,0.001388,0.00169
0,-0.052853,-0.050875,-0.000672,-0.171105,-0.039057,-0.1691,0.000922,0.000888
0,0.019289,0.012878,0.095893,0.068618,0.121932,0.042299,0.000337,0.000225
0,0.017893,-0.119594,-0.005095,-0.122049,0.008555,-0.082408,0.000312,0.002087
0,-0.06176,-0.049553,-0.104037,0.052955,-0.092415,0.086257,0.001078,0.000865
0,0.023098,-0.098472,0.061478,-0.037762,0.075438,-0.024164,0.000403,0.001719
0,-0.069443,0.017856,-0.12229,0.107193,-0.158299,0.065172,0.001212,0.000312
0,0.201843,0.136356,0.252323,0.104096,0.289182,0.119411,0.003523,0.00238
0,0.146262,-0.068431,-0.042331,-0.207739,-0.071832,-0.202595,0.002553,0.001194
0,0.022641,-0.117591,-0.146932,-0.038682,-0.158653,-0.042955,0.000395,0.002052
0,-0.096524,-0.014447,-0.140274,0.097847,-0.099693,0.089203,0.001685,0.000252
0,-0.00878,-0.087463,0.090218,-0.060581,0.118384,-0.081962,0.000153,0.001527
0,0.023887,0.08271,0.030043,0.166382,0.03784,0.126874,0.000417,0.001444
0,-0.027438,0.084437,-0.04152,-0.017556,-0.045222,-0.053866,0.000479,0.001474
0,-0.041539,-0.176872,-0.01522,-0.247149,0.023446,-0.29429,0.000725,0.003087
0,-0.065171,-0.174182,-0.03807,0.01314,-0.018522,0.046509,0.001137,0.00304
0,-0.050678,-0.043978,0.039871,0.106331,0.075907,0.087976,0.000884,0.000768
0,-0.080335,0.08174,-0.031554,0.127588,-0.0626,0.149992,0.001402,0.001427
0,-0.034409,-0.018165,0.037972,-0.088238,0.052545,-0.066411,0.000601,0.000317
0,0.164433,-0.08169,0.200362,-0.059149,0.188502,-0.025209,0.00287,0.001426
0,0.110564,-0.025246,-0.059623,0.034587,-0.073549,0.071937,0.00193,0.000441
0,0.126073,-0.079662,0.013738,-0.036197,0.020798,-0.066515,0.0022,0.00139
0,0.131616,-0.035505,0.018763,0.067262,0.057326,0.104163,0.002297,0.00062
0,-0.048366,-0.083623,-0.155054,-0.063594,-0.194244,-0.03133,0.000844,0.001459
0,-0.017691,0.036401,0.013812,0.097863,0.060148,0.090845,0.000309,0.000635
0,0.191447,0.047311,0.227778,-0.018859,0.182157,-0.043647,0.003341,0.000826
0,-0.064609,-0.156414,-0.228213,-0.228189,-0.230213,-0.242475,0.001128,0.00273
0,0.180261,-0.050774,0.273948,0.117683,0.320605,0.090686,0.003146,0.000886
0,-0.039865,0.022779,-0.217334,0.098529,-0.233365,0.100495,0.000696,0.000398
0,0.130094,-0.083754,0.160123,-0.089432,0.138301,-0.07163,0.002271,0.001462
0,0.030515,-0.151341,-0.12425,-0.058183,-0.160726,-0.021324,0.000533,0.002641
0,0.010762,0.035259,-0.01401,0.191146,0.007848,0.212366,0.000188,0.000615
0,0.102838,0.0479,0.073867,0.008815,0.03811,0.031381,0.001795,0.000836
0,0.009034,-0.025486,-0.074111,-0.051661,-0.089218,-0.00694,0.000158,0.000445
0,0.047089,-0.121013,0.057244,-0.065842,0.056374,-0.115752,0.000822,0.002112
0,0.089769,-0.063147,0.050511,0.056916,0.07871,0.04925,0.001567,0.001102
0,0.080056,-0.174764,-0.021995,-0.123583,-0.065305,-0.116223,0.001397,0.00305
0,0.127826,-0.140572,0.072167,0.053825,0.071782,0.061784,0.002231,0.002453
0,-0.095955,-0.082475,-0.247925,0.086871,-0.245057,0.048304,0.001675,0.001439
0,0.029257,0.104828,0.146313,0.203432,0.131565,0.194819,0.000511,0.00183
0,-0.125516,0.09808,-0.12948,0.011262,-0.173938,0.023394,0.002191,0.001712
0,-0.102828,-0.070539,0.026538,-0.176492,0.069966,-0.20132,0.001795,0.001231
0,0.005854,-0.192111,0.09057,-0.135736,0.073622,-0.099175,0.000102,0.003353
0,0.041426,-0.149818,0.012271,0.050885,0.061319,0.027342,0.000723,0.002615
0,0.063552,-0.066581,0.03725,0.092948,0.049593,0.137695,0.001109,0.001162
0,0.031582,0.080733,-0.051412,0.164034,-0.089038,0.15908,0.000551,0.001409
0,-0.147341,-0.157682,-0.191341,-0.246826,-0.23086,-0.244927,0.002572,0.002752
0,-0.009406,0.072957,0.14241,0.207771,0.097933,0.171417,0.000164,0.001273
0,-0.008371,0.085849,-0.023249,0.039811,0.008561,-0.001597,0.000146,0.001498
0,-0.143041,-0.139054,-0.159334,-0.23501,-0.126485,-0.188322,0.002497,0.002427
0,-0.073378,0.082216,0.097592,0.247438,0.145251,0.251215,0.001281,0.001435
0,-0.042448,0.077782,0.043405,-0.021892,0.010768,-0.065024,0.000741,0.001358
0,-0.098924,-0.130571,-0.026547,-0.217227,-0.073001,-0.237432,0.001727,0.002279
0,0.028301,-0.060749,0.121673,0.069079,0.117512,0.04442,0.000494,0.00106
0,0.127218,-0.007206,0.119037,0.060621,0.146229,0.011494,0.00222,0.000126
0,0.228753,-0.060554,0.078324,-0.040633,0.031046,-0.002541,0.003992,0.001057
0,-0.050595,0.043844,-0.250238,0.129329,-0.201691,0.158453,0.000883,0.000765
0,-0.027347,-0.131516,0.012263,-0.157337,-0.029196,-0.118967,0.000477,0.002295
0,0.122251,-0.0766,0.15297,0.078762,0.191493,0.037907,0.002134,0.001337
0,-0.067514,-0.231124,-0.176828,-0.144422,-0.140869,-0.167899,0.001178,0.004034
0,-0.048553,-0.065283,0.032272,0.150783,0.081057,0.132691,0.000847,0.001139
0,0.011653,0.000397,0.062133,0.058541,0.078786,0.107993,0.000203,7e-06
0,0.201133,-0.127637,0.205769,-0.15723,0.18199,-0.203424,0.00351,0.002228
0,0.040138,-0.092606,-0.145237,0.061841,-0.189505,0.04737,0.000701,0.001616
0,-0.13831,0.065302,-0.156383,0.156618,-0.183769,0.174093,0.002414,0.00114
0,-0.130736,0.028455,0.027764,-0.054093,0.002994,-0.067782,0.002282,0.000497
0,-0.07423,-0.160535,0.034924,-0.169318,0.065595,-0.167582,0.001296,0.002802
0,0.078032,0.119335,0.126441,0.305148,0.080877,0.285115,0.001362,0.002083
0,-0.000778,0.012672,-0.093129,-0.12814,-0.141925,-0.145177,1.4e-05,0.000221
0,0.056754,-0.080654,0.069521,-0.100286,0.109027,-0.126117,0.000991,0.001408
0,-0.085364,0.156403,-0.167322,0.22334,-0.175681,0.225908,0.00149,0.00273
0,-0.090925,0.077045,-0.032989,-0.051118,-0.030735,-0.081695,0.001587,0.001345
0,-0.079446,-0.024256,0.041232,-0.081751,0.021942,-0.066677,0.001387,0.000423
0,0.050309,-0.1234,0.100965,-0.127745,0.130559,-0.13518,0.000878,0.002154
0,0.107702,-0.040735,0.052788,0.089841,0.069797,0.11821,0.00188,0.000711
0,0.016893,-0.058027,-0.109783,-0.031706,-0.158859,-0.081315,0.000295,0.001013
0,0.212621,0.06108,0.16893,0.131018,0.140191,0.141753,0.003711,0.001066
0,0.181232,0.100911,-0.026393,0.01983,0.004517,0.050528,0.003163,0.001761
0,0.035571,0.147153,-0.172101,0.046107,-0.122976,0.094629,0.000621,0.002568
0,0.241154,0.019025,0.212742,-0.155968,0.164342,-0.153906,0.004209,0.000332
0,-0.007988,-0.00431,-0.248856,-0.005156,-0.281427,-0.049137,0.000139,7.5e-05
0,0.125713,0.032627,0.149065,0.052776,0.100354,0.025005,0.002194,0.000569
0,0.097731,-0.007736,-0.034649,-0.036281,-0.047544,0.000475,0.001706,0.000135
0,-0.039468,-0.051997,-0.136322,-0.027492,-0.1488,-0.05182,0.000689,0.000908
0,0.133748,-0.059042,0.196313,0.022624,0.2254,0.068524,0.002334,0.00103
0,0.098168,-0.059275,-0.012261,-0.01874,-0.039666,-0.02947,0.001713,0.001035
0,0.149669,0.103663,0.039127,0.158837,0.065259,0.199472,0.002612,0.001809
0,-0.007083,-0.09112,-0.136843,-0.200754,-0.132016,-0.207156,0.000124,0.00159
0,0.083072,0.002548,0.115483,0.08258,0.163795,0.106391,0.00145,4.4e-05
0,0.129121,-0.092126,0.05152,-0.082556,0.089354,-0.094842,0.002254,0.001608
0,0.23256,-0.084452,0.119665,0.01874,0.101297,-0.024868,0.004059,0.001474
0,0.203411,-0.389167,-0.008438,-0.277393,-0.008443,-0.290067,0.00355,0.005298
0,0.757455,-0.774108,0.576436,-0.407699,0.577976,-0.372582,0.00113,0.00142
0,0.87951,-0.939506,0.133422,-0.189399,0.135891,-0.152842,0.00326,0.004307
0,0.693773,-1.114087,-0.185812,-0.184221,-0.209461,-0.136958,1.8e-05,0.004736
0,0.977236,-0.894593,0.305818,0.23601,0.305073,0.190308,0.004965,0.003523
0,0.634039,-1.201737,-0.315249,-0.301397,-0.289625,-0.325538,0.001024,0.003207
0,0.521141,-0.959419,-0.100591,0.222814,-0.097054,0.20554,0.002995,0.004655
0,0.417445,-0.737682,-0.13127,0.216596,-0.175946,0.179283,0.004805,0.000784
0,0.291929,-0.609399,-0.116519,0.102841,-0.116566,0.152361,0.005095,0.001454
0,8.7e-05,-0.110028,-0.276327,0.496269,-0.319582,0.508509,2e-06,0.00192
0,0.093831,-0.157038,0.101435,-0.034671,0.053677,-0.00938,0.001638,0.002741
0,0.064077,-0.068795,-0.009465,0.116178,-0.012712,0.091794,0.001118,0.001201
0,-0.156145,-0.182865,-0.215376,-0.139032,-0.167999,-0.164982,0.002725,0.003192
0,-0.133861,0.102326,0.037803,0.284202,0.033874,0.296865,0.002336,0.001786
0,0.092988,0.067339,0.240371,-0.025628,0.191184,-0.036941,0.001623,0.001175
0,0.089289,-0.143894,-0.026174,-0.221772,-0.004518,-0.261668,0.001558,0.002511
0,0.128911,0.071985,0.025818,0.218292,0.043634,0.255555,0.00225,0.001256
0,0.028925,0.060297,-0.10794,0.005266,-0.13816,0.005933,0.000505,0.001052
0,-0.077296,-0.143743,-0.101246,-0.195047,-0.12342,-0.242671,0.001349,0.002509
0,0.092148,-0.158106,0.177571,-0.003745,0.220511,0.024085,0.001608,0.002759
0,0.002641,-0.069163,-0.065928,0.11801,-0.077018,0.125896,4.6e-05,0.001207
0,0.040286,0.065179,0.022708,0.122549,-0.014091,0.101578,0.000703,0.001138
0,0.005778,0.089041,-0.005161,0.023755,0.015884,0.06775,0.000101,0.001554
0,-0.036591,0.086539,-0.071166,0.027215,-0.02566,0.044164,0.000639,0.00151
0,0.065761,-0.15453,0.126405,-0.263953,0.116316,-0.289757,0.001148,0.002697
0,-0.02873,-0.08356,-0.090238,0.060823,-0.134667,0.082102,0.000501,0.001458
0,-0.082506,0.080629,-0.042036,0.175079,-0.08005,0.134709,0.00144,0.001407
0,-0.102726,-0.114998,-0.013508,-0.176373,0.004869,-0.204902,0.001793,0.002007
0,0.004001,0.088332,0.105997,0.188715,0.150703,0.179838,7e-05,0.001542
0,0.029058,-0.1293,0.051264,-0.218607,0.088228,-0.179965,0.000507,0.002257
0,-0.104496,0.119701,-0.140473,0.231722,-0.104295,0.281434,0.001824,0.002089
0,0.101053,0.088866,0.222446,-0.056292,0.256654,-0.038444,0.001764,0.001551
0,0.001129,-0.009613,-0.07105,-0.102145,-0.120033,-0.090634,2e-05,0.000168
0,-0.044135,0.084919,-0.07223,0.073989,-0.067178,0.057456,0.00077,0.001482
0,0.133876,0.108241,0.148877,0.043088,0.114121,0.001372,0.002337,0.001889
0,0.003396,-0.06584,-0.129116,-0.189056,-0.148232,-0.231767,5.9e-05,0.001149
0,0.234403,-0.123318,0.254571,-0.041296,0.258792,-0.087664,0.004091,0.002152
0,0.079907,-0.050432,-0.184362,0.043586,-0.151501,-0.005215,0.001395,0.00088
0,0.11309,0.001813,0.026039,0.078252,0.038294,0.088017,0.001974,3.2e-05
0,0.06851,-0.128105,-0.040683,-0.149102,-0.054035,-0.184603,0.001196,0.002236
0,0.015681,-0.025426,-0.056476,0.097838,-0.023855,0.054827,0.000274,0.000444
0,0.242282,-0.022771,0.212505,0.019098,0.196812,0.020547,0.004229,0.000397
0,0.254383,0.116871,0.026169,0.112111,0.008139,0.099362,0.00444,0.00204
0,-0.042305,0.154395,-0.30165,0.047599,-0.32989,0.068799,0.000738,0.002695
0,0.182907,0.079282,0.226035,-0.105066,0.254158,-0.120174,0.003192,0.001384
0,0.228367,-0.076366,0.053276,-0.129893,0.044797,-0.144354,0.003986,0.001333
0,0.211128,0.046395,0.002439,0.104667,0.025586,0.1087,0.003685,0.00081
0,0.276136,0.108579,0.049074,0.077881,0.063623,0.085335,0.004819,0.001895
0,0.224694,-0.105544,-0.05447,-0.219894,-0.074563,-0.191739,0.003922,0.001842
0,0.217549,0.116141,-0.019711,0.214936,-0.026508,0.165496,0.003797,0.002027
0,0.170151,-0.107658,-0.022226,-0.238756,-0.008193,-0.25317,0.00297,0.001879
0,-0.04295,-0.139939,-0.236834,-0.058437,-0.254467,-0.077409,0.00075,0.002442
0,0.147572,-0.158936,0.169469,-0.037408,0.147068,-0.047047,0.002576,0.002774
0,0.159101,0.075212,-0.010116,0.204647,0.003133,0.209862,0.002777,0.001313
0,0.129167,-0.040235,-0.02174,-0.107861,-0.069931,-0.140619,0.002254,0.000702
0,0.17257,-0.006446,0.056057,0.014739,0.037542,0.0585,0.003012,0.000113
0,0.227868,0.034019,0.062733,0.01749,0.026955,-0.003491,0.003977,0.000594
0,0.032408,0.00149,-0.222891,-0.017517,-0.186362,-0.035705,0.000566,2.6e-05
0,0.071408,0.128933,0.01369,0.112864,0.009359,0.136685,0.001246,0.00225
0,0.147512,0.078874,0.097852,-0.030835,0.120886,-0.04096,0.002575,0.001377
0,0.199926,0.170561,0.039547,0.094541,0.020066,0.103349,0.003489,0.002977
0,0.303031,0.107627,0.123365,-0.040254,0.143426,0.009357,0.005289,0.001878
0,0.232422,0.070116,-0.042663,-0.015129,-0.041973,-0.061967,0.004057,0.001224
0,0.067635,0.048533,-0.159994,-0.047777,-0.131512,-0.08425,0.00118,0.000847
0,0.193295,0.111475,0.14169,0.089597,0.125173,0.123114,0.003374,0.001946
0,0.129245,0.140877,-0.046747,0.032697,-0.08038,0.047252,0.002256,0.002459
0,0.35566,0.052618,0.247916,-0.092415,0.271026,-0.081156,0.005883,0.000918
0,0.340791,0.129148,0.012508,0.070654,0.048061,0.088669,0.005948,0.002254
0,0.321439,0.062795,0.001391,-0.036438,0.049677,-0.076051,0.00561,0.001096
0,0.15057,0.167995,-0.188727,0.100725,-0.224039,0.139705,0.002628,0.002932
0,0.178661,0.073954,0.050771,-0.072962,0.063039,-0.073673,0.003118,0.001291
0,0.190616,0.186642,0.040387,0.093315,0.072177,0.130669,0.003327,0.003258
0,0.146427,0.016298,-0.045628,-0.184151,-0.039762,-0.158775,0.002556,0.000284
0,0.141144,0.024719,0.01832,-0.012451,0.018237,-0.036459,0.002463,0.000431
0,0.138009,0.049352,-0.018561,0.044934,-0.04473,0.089484,0.002409,0.000861
0,0.178575,-0.062448,0.055219,-0.091224,0.094582,-0.060563,0.003117,0.00109
0,0.15683,-0.00247,0.00819,0.052961,-0.028181,0.032405,0.002737,4.3e-05
0,0.029093,0.090676,-0.13566,0.085781,-0.135154,0.091051,0.000508,0.001583
0,-0.027138,-0.06657,-0.064949,-0.161047,-0.08897,-0.123977,0.000474,0.001162
0,0.050424,0.1374,0.097666,0.219265,0.090867,0.20126,0.00088,0.002398
0,-0.032672,-0.029173,-0.057258,-0.153828,-0.018877,-0.134355,0.00057,0.000509
0,0.0245,0.134097,0.053517,0.145989,0.09375,0.127177,0.000428,0.00234
0,-0.004724,0.143388,-0.027108,0.025645,-0.059463,-0.018799,8.2e-05,0.002503
0,2.576039,-0.908112,2.604024,-1.067444,2.58446,-1.084617,0.003402,0.003759
0,2.3961,-1.689604,-0.163688,-0.79035,-0.173553,-0.762181,0.005548,0.005308
0,2.45446,-1.587768,0.065341,0.078964,0.025521,0.049436,0.005524,0.003531
0,2.075214,-1.6642,-0.407636,-0.092996,-0.358297,-0.043596,5.2e-05,0.004865
0,1.924132,-1.475247,-0.147765,0.163647,-0.185352,0.117512,0.002689,0.001567
0,1.233598,-1.627967,-0.666001,-0.162778,-0.633074,-0.167822,0.002651,0.004232
0,0.861968,-1.715105,-0.348713,-0.104275,-0.390723,-0.090895,0.002954,0.005753
0,0.790705,-1.272616,-0.078798,0.444557,-0.120795,0.427516,0.00171,0.00197
0,0.346405,-1.086165,-0.46821,0.166484,-0.486422,0.142111,0.006045,0.005224
0,0.405774,-0.648176,0.055111,0.426034,0.056739,0.411537,0.005008,0.000778
0,0.039476,-0.699841,-0.350003,-0.044214,-0.316523,-0.044165,0.000689,0.000124
0,-0.040507,-0.549014,-0.070994,0.14333,-0.092436,0.108479,0.000707,0.002508
0,-0.089142,-0.233985,-0.051078,0.343379,-0.073242,0.311973,0.001556,0.004084
0,-0.156385,-0.088626,-0.093101,0.172303,-0.076286,0.195086,0.002729,0.001547
0,-0.039802,0.026583,0.108823,0.119089,0.083788,0.103897,0.000695,0.000464
0,-0.265755,0.000303,-0.251846,-0.05408,-0.243121,-0.08557,0.004638,5e-06
0,-0.147635,0.192086,0.117868,0.205035,0.147657,0.158037,0.002577,0.003353
0,-0.306491,0.251522,-0.17379,0.035236,-0.17888,0.05236,0.005349,0.00439
0,-0.098749,0.040742,0.227863,-0.211345,0.231963,-0.213411,0.001724,0.000711
0,-0.179909,0.14134,-0.088042,0.116735,-0.053642,0.136273,0.00314,0.002467
0,-0.117808,0.27476,0.052875,0.106266,0.058933,0.075359,0.002056,0.004795
0,-0.281663,0.209312,-0.154282,-0.040145,-0.190646,-0.036761,0.004916,0.003653
0,-0.264003,0.252465,0.013554,0.047504,0.03525,0.014291,0.004608,0.004406
0,-0.065219,0.306566,0.194423,0.045917,0.147097,0.007589,0.001138,0.005351
0,-0.077019,0.075148,-0.041085,-0.212279,-0.042013,-0.186334,0.001344,0.001312
0,-0.267905,0.326405,-0.197708,0.25112,-0.232006,0.274645,0.004676,0.005697
0,-0.311919,0.397707,-0.072841,0.086698,-0.066043,0.058442,0.005444,0.005149
0,-0.303797,0.024787,0.01219,-0.379698,0.043963,-0.364634,0.005302,0.000433
0,-0.1848,-0.01886,0.142997,-0.073279,0.129175,-0.068085,0.003225,0.000329
0,-0.323438,0.189822,-0.15481,0.238099,-0.139817,0.236515,0.005645,0.003313
0,-0.194908,-0.010618,0.125787,-0.211703,0.159789,-0.202706,0.003402,0.000185
0,-0.084107,-0.016725,0.098424,0.020519,0.055633,0.023079,0.001468,0.000292
0,-0.23653,0.05075,-0.155287,0.054472,-0.156247,0.025126,0.004128,0.000886
0,-0.296075,-0.110488,-0.088712,-0.151814,-0.051213,-0.151113,0.005167,0.001928
0,-0.100394,-0.107107,0.194294,0.008734,0.160024,0.015801,0.001752,0.001869
0,-0.100219,0.026466,-0.007243,0.152594,0.002637,0.128203,0.001749,0.000462
0,-0.195746,0.084831,-0.095402,0.063727,-0.111199,0.030905,0.003416,0.001481
0,-0.075203,-0.020393,0.118518,-0.13259,0.14519,-0.124138,0.001313,0.000356
0,-0.039417,0.088263,0.041799,0.115667,-0.004404,0.131233,0.000688,0.00154
0,-0.100912,-0.031585,-0.054084,-0.092494,-0.041288,-0.09859,0.001761,0.000551
0,-0.172509,0.114746,-0.042902,0.140356,0.005405,0.129937,0.003011,0.002003
0,-0.188311,-0.019744,-0.028966,-0.135417,-0.005377,-0.096828,0.003287,0.000345
0,-0.021436,-0.03463,0.190062,-0.040522,0.188488,-0.0692,0.000374,0.000604
0,0.032991,0.131111,0.084109,0.184995,0.119202,0.220667,0.000576,0.002288
0,-0.076062,0.075404,-0.1004,-0.046912,-0.107445,-0.03063,0.001328,0.001316
0,-0.199152,-0.094953,-0.113555,-0.178387,-0.078945,-0.158998,0.003476,0.001657
0,-0.02268,-0.007281,0.160334,0.092251,0.180238,0.082661,0.000396,0.000127
0,0.065573,-0.100226,0.064308,-0.099738,0.039097,-0.146285,0.001144,0.001749
0,-0.161722,-0.110292,-0.251174,-0.004263,-0.259812,-0.045907,0.002823,0.001925
0,-0.096134,-0.126738,0.071791,0.007759,0.067896,0.055913,0.001678,0.002212
0,-0.138918,-0.082652,-0.026503,0.06743,-0.032045,0.092053,0.002425,0.001443
0,-0.091798,0.097478,0.031487,0.176694,0.024435,0.159411,0.001602,0.001701
0,-0.247839,-0.017058,-0.13154,-0.140632,-0.133219,-0.167385,0.004326,0.000298
0,-0.101512,0.029271,0.16573,0.062815,0.116281,0.036467,0.001772,0.000511
0,-0.148768,-0.073526,-0.062115,-0.109582,-0.062043,-0.14598,0.002596,0.001283
0,-0.134996,0.00787,0.038187,0.056089,0.00873,0.020632,0.002356,0.000137
0,0.053753,0.015901,0.214282,0.027756,0.242572,0.051753,0.000938,0.000278
0,-0.171876,0.007715,-0.206634,0.00232,-0.162813,0.04289,0.003,0.000135
0,-0.142911,0.09943,0.057081,0.075721,0.071026,0.087116,0.002494,0.001735
0,-0.241401,-0.068314,-0.085263,-0.1508,-0.053248,-0.1959,0.004213,0.001192
0,-0.107575,-0.036325,0.120099,0.02683,0.083552,0.001518,0.001878,0.000634
0,-0.084267,-0.103072,0.028388,-0.059744,0.058683,-0.050402,0.001471,0.001799
0,-0.138183,-0.025201,-0.028539,0.07027,-0.020898,0.021869,0.002412,0.00044
0,-0.320222,-0.128286,-0.152559,-0.107291,-0.166372,-0.142109,0.005589,0.002239
0,-0.045345,-0.10391,0.285744,-0.003614,0.243101,-0.030716,0.000791,0.001814
0,-0.242094,-0.09751,-0.188509,-0.013882,-0.139967,-0.061183,0.004225,0.001702
0,-0.03384,0.063689,0.225644,0.148104,0.253205,0.151079,0.000591,0.001112
0,-0.029902,-0.123595,0.009,-0.194979,-0.008336,-0.158964,0.000522,0.002157
0,-0.016957,0.022847,-0.007084,0.169386,-0.050761,0.189053,0.000296,0.000399
0,0.010693,0.118396,0.002461,0.124366,0.01572,0.085016,0.000187,0.002066
0,-0.07066,-0.054483,-0.08863,-0.192555,-0.134798,-0.223194,0.001233,0.000951
0,-0.225397,0.131203,-0.175461,0.192161,-0.127013,0.219155,0.003934,0.00229
0,-0.163228,-0.044963,0.082745,-0.198307,0.0373,-0.214996,0.002849,0.000785
0,-0.053027,-0.13463,0.080716,-0.067334,0.048555,-0.082745,0.000925,0.00235
0,0.078728,0.070104,0.129461,0.22895,0.129151,0.250043,0.001374,0.001224
0,-0.027847,-0.134499,-0.113063,-0.185561,-0.13107,-0.151529,0.000486,0.002347
0,-0.139764,-0.000199,-0.113623,0.135288,-0.13784,0.116382,0.002439,3e-06
0,-0.197571,-0.081354,-0.062446,-0.078607,-0.081721,-0.109079,0.003448,0.00142
0,-0.168747,-0.074562,0.009535,0.036135,-0.013939,-0.002508,0.002945,0.001301
0,0.089677,-0.000474,0.261584,0.064549,0.277124,0.068369,0.001565,8e-06
0,-0.086257,-0.039042,-0.153714,-0.049941,-0.143789,-0.019825,0.001505,0.000681
0,-0.044966,-0.069629,0.06422,-0.017265,0.089859,-0.050022,0.000785,0.001215
0,-0.008586,-0.118966,0.061569,-0.046796,0.04389,-0.072905,0.00015,0.002076
0,-0.095337,-0.145337,-0.102,-0.005584,-0.06898,-0.04184,0.001664,0.002537
0,-0.026252,-0.191952,0.051006,-0.038048,0.04728,-0.011591,0.000458,0.00335
0,-0.170106,-0.077852,-0.165742,0.116578,-0.145818,0.136122,0.002969,0.001359
0,-0.059725,0.034736,0.093964,0.131269,0.112256,0.144453,0.001042,0.000606
0,-0.185165,-0.108895,-0.114496,-0.120506,-0.132405,-0.119012,0.003232,0.001901
0,-0.102823,-0.118882,0.067449,-0.032249,0.096635,-0.037983,0.001795,0.002075
0,0.079031,-0.176589,0.162497,-0.030113,0.124005,-0.033046,0.001379,0.003082
0,-0.060259,0.086779,-0.112551,0.269089,-0.15472,0.298342,0.001052,0.001515
0,-0.022031,-0.056569,0.063476,-0.115452,0.041432,-0.087184,0.000385,0.000987
0,-0.102938,0.102682,-0.090717,0.138246,-0.085794,0.143345,0.001797,0.001792
0,0.090983,-0.017822,0.205364,-0.142426,0.255179,-0.160695,0.001588,0.000311
0,-0.04493,-0.014763,-0.140132,0.017508,-0.098184,0.050148,0.000784,0.000258
0,-0.013108,0.133452,0.015686,0.118353,0.013011,0.110898,0.000229,0.002329
0,-0.116895,0.110429,-0.113008,-0.034174,-0.125486,-0.056317,0.00204,0.001927
0,-0.135887,-0.1507,0.006342,-0.232367,0.024497,-0.199039,0.002372,0.00263
0,-0.031854,-0.014753,0.121363,0.112666,0.093807,0.1354,0.000556,0.000257
0,-0.266243,-0.036085,-0.206745,-0.032933,-0.162577,-0.048503,0.004647,0.00063
0,0.021871,-0.038864,0.306233,-0.007103,0.333238,-0.055701,0.000382,0.000678
0,0.064564,0.095368,0.028649,0.145954,0.024622,0.116404,0.001127,0.001664
0,-0.172956,-0.120596,-0.221675,-0.229821,-0.252441,-0.206296,0.003019,0.002105
0,-0.065845,0.062888,0.097169,0.160269,0.071082,0.166828,0.001149,0.001098
0,-0.102172,-0.114786,-0.030294,-0.201202,-0.067815,-0.168657,0.001783,0.002003
0,-0.164137,-0.12767,-0.051047,-0.023262,-0.044494,0.024903,0.002865,0.002228
0,-0.275906,-0.085021,-0.089547,0.046517,-0.079072,0.016282,0.004815,0.001484
0,-0.235133,0.006494,0.062498,0.102832,0.071314,0.116638,0.004104,0.000113
0,-0.258847,0.055948,-0.013442,0.077445,-0.021081,0.039323,0.004518,0.000976
0,0.002558,0.039337,0.240257,0.001085,0.255344,0.02478,4.5e-05,0.000687
0,-0.098603,-0.138707,-0.127939,-0.200321,-0.094245,-0.16208,0.001721,0.002421
0,-0.230399,-0.047033,-0.147368,0.089576,-0.133799,0.078837,0.004021,0.000821
0,-0.166125,0.087916,0.077139,0.145612,0.087447,0.131379,0.002899,0.001534
0,-2.247544,-0.47388,-2.054666,-0.564471,-2.008964,-0.539803,0.002956,0.00382
0,-2.811002,-0.652458,-0.542425,-0.154883,-0.575101,-0.16478,0.000699,0.000703
0,-3.408233,-0.707378,-0.591429,-0.071465,-0.615475,-0.080298,0.000968,0.000256
0,-2.766259,-0.857222,0.633832,-0.141083,0.66861,-0.182803,8.2e-05,0.002871
0,-2.181485,-0.471382,0.598408,0.357523,0.582209,0.370512,0.001803,0.003863
0,-1.929977,-0.454219,0.234471,0.041148,0.226405,0.071173,0.002587,0.004163
0,-1.698029,-0.476801,0.23006,-0.039235,0.226838,-0.017975,0.005455,0.003769
0,-1.572046,-0.406051,0.127808,0.097905,0.155568,0.138462,0.003256,0.005004
0,-1.008059,-0.14274,0.557886,0.257626,0.51938,0.273103,0.005503,0.002491
0,-0.842859,-0.138854,0.169087,0.025844,0.186086,-0.010834,0.00262,0.002423
0,-0.487384,0.067654,0.379903,0.200535,0.417021,0.200014,0.003584,0.001181
0,-0.235371,-0.113612,0.234317,-0.17064,0.248679,-0.209648,0.004108,0.001983
0,0.034679,0.134883,0.289216,0.26,0.26462,0.294177,0.000605,0.002354
0,-0.108969,0.181359,-0.17252,0.057094,-0.200446,0.071187,0.001902,0.003165
0,0.002201,0.203525,0.118964,0.016099,0.087322,-0.015091,3.8e-05,0.003552
0,0.030937,0.047977,0.028007,-0.157391,0.031976,-0.186615,0.00054,0.000837
0,0.148008,0.036295,0.119546,0.015168,0.128398,0.042365,0.002583,0.000633
0,-0.016616,0.103311,-0.193979,0.092151,-0.194558,0.122386,0.00029,0.001803
0,0.27406,0.013933,0.268739,-0.100798,0.238448,-0.054211,0.004783,0.000243
0,0.115868,0.141897,-0.131231,0.099077,-0.152284,0.137405,0.002022,0.002477
0,0.064876,0.171859,-0.054601,0.026179,-0.047483,0.043998,0.001132,0.002999
0,0.091355,0.135239,0.017276,-0.008498,0.061411,0.020007,0.001594,0.00236
0,0.051827,0.098823,-0.061798,-0.057172,-0.072292,-0.052849,0.000905,0.001725
0,0.306458,0.053231,0.27795,-0.059518,0.234848,-0.068703,0.005349,0.000929
0,0.107551,0.111937,-0.20258,0.077421,-0.247905,0.03328,0.001877,0.001954
0,0.282126,0.215721,0.159384,0.087326,0.148113,0.041679,0.004924,0.003765
0,0.176694,0.030505,-0.085119,-0.200307,-0.069345,-0.206178,0.003084,0.000532
0,0.300013,0.184849,0.123031,0.141265,0.131735,0.115556,0.005236,0.003226
0,0.079017,0.269368,-0.22271,0.084369,-0.254018,0.087098,0.001379,0.004701
0,0.082763,0.135227,0.011166,-0.143994,0.003246,-0.180273,0.001444,0.00236
0,0.332127,0.098713,0.248361,-0.040473,0.206955,-0.033274,0.005797,0.001723
0,0.094636,0.183552,-0.22184,0.114688,-0.21971,0.107911,0.001652,0.003204
0,0.116905,0.227963,-0.000284,0.03079,0.010306,0.032192,0.00204,0.003979
0,0.248491,0.043978,0.116544,-0.192106,0.150234,-0.203302,0.004337,0.000768
0,0.032271,0.149385,-0.217896,0.133547,-0.22992,0.160712,0.000563,0.002607
0,-0.053037,-0.004339,-0.092949,-0.162191,-0.139593,-0.177715,0.000926,7.6e-05
0,0.062299,0.093228,0.111266,0.126493,0.113048,0.146542,0.001087,0.001627
0,0.012374,-0.01617,-0.045686,-0.10935,-0.04806,-0.149573,0.000216,0.000282
0,0.096615,0.191854,0.088387,0.207416,0.126611,0.252778,0.001686,0.003348
0,0.131751,-0.083912,0.019089,-0.271158,0.032949,-0.274801,0.002299,0.001465
0,0.048835,-0.10133,-0.112013,-0.044259,-0.141921,-0.089085,0.000852,0.001769
0,0.223234,0.078931,0.187808,0.150346,0.219927,0.188679,0.003896,0.001378
0,-0.007003,-0.049267,-0.248755,-0.156362,-0.241303,-0.182465,0.000122,0.00086
0,-0.109755,0.122763,-0.107116,0.197645,-0.131387,0.198508,0.001916,0.002143
0,0.021428,-0.014887,0.133735,-0.128814,0.085096,-0.174949,0.000374,0.00026
0,0.106034,0.096165,0.109215,0.13431,0.127655,0.104142,0.001851,0.001678
0,-0.139265,0.079612,-0.266586,-0.038137,-0.281105,-0.074372,0.002431,0.001389
0,-0.120308,-0.120748,0.01277,-0.222565,-0.004097,-0.209165,0.0021,0.002107
0,0.055908,0.10501,0.199264,0.230232,0.167616,0.255286,0.000976,0.001833
0,-0.168068,-0.0392,-0.193987,-0.12388,-0.19748,-0.084571,0.002933,0.000684
0,-0.102853,0.133247,0.06323,0.18671,0.051293,0.216692,0.001795,0.002326
0,-0.092415,0.053755,-0.011237,-0.054904,-0.052443,-0.099026,0.001613,0.000938
0,-0.099606,-0.047133,-0.030684,-0.107284,-0.035279,-0.121038,0.001738,0.000823
0,0.013389,-0.041083,0.088623,0.020061,0.044189,-0.015626,0.000234,0.000717
0,0.104357,-0.108472,0.074581,-0.07954,0.025894,-0.105179,0.001821,0.001893
0,-0.149003,0.047061,-0.243342,0.164486,-0.278994,0.182949,0.002601,0.000821
0,-0.167943,0.007545,-0.021914,-0.06208,-0.015792,-0.017357,0.002931,0.000132
0,0.12728,-0.024114,0.271652,-0.024213,0.232851,0.014112,0.002221,0.000421
0,0.110455,0.019757,-0.005254,0.048265,0.044028,0.049039,0.001928,0.000345
0,-0.066598,-0.082125,-0.154356,-0.114842,-0.198464,-0.101315,0.001162,0.001433
0,0.119672,-0.092849,0.174647,-0.007851,0.165236,-0.049489,0.002089,0.001621
0,-0.015831,-0.017331,-0.128081,0.09649,-0.140555,0.070175,0.000276,0.000302
0,0.072191,0.127908,0.075896,0.172945,0.060926,0.158369,0.00126,0.002232
0,-0.023844,-0.052873,-0.084915,-0.164856,-0.058099,-0.14144,0.000416,0.000923
0,0.069583,-0.004097,0.080302,0.034153,0.12242,0.007583,0.001214,7.2e-05
0,-0.185817,0.058424,-0.273586,0.054008,-0.308879,0.017115,0.003243,0.00102
0,-0.047356,0.082746,0.145125,0.003457,0.187402,0.041084,0.000827,0.001444
0,-0.044218,-0.055029,-0.023016,-0.118559,-0.005307,-0.155728,0.000772,0.00096
0,0.104257,-0.003303,0.121965,0.053862,0.13235,0.084547,0.00182,5.8e-05
0,0.036096,0.056626,-0.049468,0.075525,-0.096038,0.11391,0.00063,0.000988
0,0.017018,-0.080582,0.004957,-0.148741,0.005804,-0.151246,0.000297,0.001406
0,-0.193296,-0.127483,-0.212126,-0.022485,-0.2394,0.016856,0.003374,0.002225
0,-0.230253,-0.094588,-0.027486,0.060294,-0.052804,0.032664,0.004019,0.001651
0,-0.218462,-0.035239,0.003818,0.042397,0.044059,0.008464,0.003813,0.000615
0,-0.107719,0.0739,0.125536,0.103174,0.137746,0.06441,0.00188,0.00129
0,-0.173401,-0.109055,-0.067512,-0.185491,-0.039193,-0.178487,0.003026,0.001903
0,-0.052353,0.05995,0.104521,0.159321,0.139625,0.152342,0.000914,0.001046
0,-0.156563,-0.027091,-0.079909,-0.076938,-0.090229,-0.096198,0.002733,0.000473
0,0.017793,0.033974,0.161432,0.056198,0.184492,0.053601,0.000311,0.000593
0,-0.101642,0.052868,-0.101272,-0.008301,-0.098203,0.021216,0.001774,0.000923
0,-0.016203,-0.182874,0.073014,-0.257952,0.042844,-0.209715,0.000283,0.003192
0,0.110093,0.002929,0.153278,0.161044,0.171013,0.130916,0.001921,5.1e-05
0,-0.092893,0.041879,-0.216477,0.03773,-0.246916,0.017014,0.001621,0.000731
0,-0.040442,-0.138815,0.05801,-0.182683,0.040113,-0.174116,0.000706,0.002423
0,-0.038381,0.008386,0.031647,0.13233,0.058641,0.086603,0.00067,0.000146
0,-0.052059,-0.100147,-0.038644,-0.127314,-0.002968,-0.122134,0.000909,0.001748
0,-0.066259,-0.157274,-0.031136,-0.059349,-0.048944,-0.045082,0.001156,0.002745
0,0.20142,-0.138345,0.268637,0.032421,0.247626,0.024228,0.003515,0.002415
0,-0.039302,0.003659,-0.246301,0.152193,-0.234692,0.150469,0.000686,6.4e-05
0,-0.037615,0.026568,0.018604,0.050468,-0.01056,0.061653,0.000657,0.000464
0,0.229901,0.07121,0.276766,0.060398,0.292533,0.109705,0.004013,0.001243
0,0.013929,-0.012289,-0.209216,-0.103158,-0.189027,-0.136229,0.000243,0.000214
0,0.065902,-0.067874,0.075702,-0.033929,0.082674,-0.075811,0.00115,0.001185
0,0.020838,-0.011723,-0.040105,0.081992,-0.043433,0.043182,0.000364,0.000205
0,0.122704,-0.059996,0.080125,-0.050095,0.101928,-0.099522,0.002142,0.001047
0,0.082918,0.022569,-0.064712,0.077727,-0.021162,0.107119,0.001447,0.000394
0,-0.158449,-0.054892,-0.253361,-0.100684,-0.275992,-0.148191,0.002765,0.000958
0,-0.0403,0.07777,0.119328,0.120447,0.080235,0.151661,0.000703,0.001357
0,0.031845,-0.015287,0.072212,-0.106318,0.093266,-0.064824,0.000556,0.000267
0,-0.080115,-0.081607,-0.131082,-0.054599,-0.141721,-0.085711,0.001398,0.001424
0,-0.155605,-0.141246,-0.0539,-0.082226,-0.024976,-0.099979,0.002716,0.002465
0,-0.139055,-0.032195,0.029499,0.129339,0.034618,0.129958,0.002427,0.000562
0,-0.173578,-0.09272,-0.017918,-0.033146,-0.003562,-0.066235,0.00303,0.001618
0,-0.02132,-0.175213,0.12809,-0.067565,0.089661,-0.058447,0.000372,0.003058
0,0.126868,0.027647,0.152537,0.187735,0.157918,0.159764,0.002214,0.000483
0,0.1589,-0.229952,0.052159,-0.268164,0.031668,-0.262873,0.002773,0.004013
0,0.215217,-0.162949,0.083119,0.053489,0.090179,0.028728,0.003756,0.002844
0,0.060688,-0.162092,-0.181958,-0.017272,-0.196595,-0.047154,0.001059,0.002829
0,-0.01059,-0.122751,-0.042101,0.057638,-0.057231,0.08631,0.000185,0.002142
0,0.125902,-0.202571,0.156724,-0.094937,0.141023,-0.091673,0.002197,0.003536
0,0.041755,-0.238939,-0.080895,-0.054382,-0.096058,-0.026949,0.000729,0.00417
0,0.02617,0.020088,-0.043554,0.251218,-0.069063,0.223071,0.000457,0.000351
0,0.311414,-0.010865,0.309767,-0.058567,0.331443,-0.10811,0.005435,0.00019
0,0.202113,-0.056984,-0.110498,-0.070758,-0.127138,-0.084439,0.003528,0.000995
0,0.040973,-0.110748,-0.158087,-0.041659,-0.164952,-0.063785,0.000715,0.001933
0,0.151378,-0.186257,0.112019,-0.09151,0.160098,-0.11538,0.002642,0.003251
0,0.101894,-0.066089,-0.068604,0.139015,-0.037449,0.138171,0.001778,0.001153
0,0.28776,-0.161099,0.161404,-0.099073,0.170001,-0.057372,0.005022,0.002812
0,0.309198,0.008751,-0.00042,0.189731,-0.013872,0.195038,0.005397,0.000153
0,0.108233,-0.042514,-0.187676,-0.078237,-0.174916,-0.124852,0.001889,0.000742
0,0.201028,0.008205,0.076632,0.072895,0.086554,0.046773,0.003509,0.000143
0,0.022734,-0.105195,-0.163804,-0.099295,-0.204456,-0.118994,0.000397,0.001836
0,0.244693,0.041011,0.219735,0.167755,0.249179,0.123489,0.004271,0.000716
0,0.266431,0.034619,0.017943,-0.035507,0.037797,-0.022112,0.00465,0.000604
0,0.153451,-0.193784,-0.087165,-0.254807,-0.058399,-0.247276,0.002678,0.003382
0,0.103993,-0.075768,-0.059666,0.094948,-0.018889,0.068253,0.001815,0.001322
0,0.009875,0.002239,-0.097537,0.106703,-0.062624,0.143166,0.000172,3.9e-05
0,0.121256,0.039767,0.090343,0.020699,0.066143,-0.01541,0.002116,0.000694
0,0.16344,0.059656,0.067571,0.00461,0.079812,-0.016611,0.002853,0.001041
0,0.10858,-0.035248,-0.056348,-0.075504,-0.105998,-0.080093,0.001895,0.000615
0,0.177855,-0.099175,0.046113,-0.038123,0.09112,-0.01637,0.003104,0.001731
0,0.223019,0.043023,0.071641,0.146852,0.100703,0.100641,0.003892,0.000751
0,0.194951,-0.193094,-0.035113,-0.22727,-0.016453,-0.276201,0.003403,0.00337
0,0.170612,-0.262867,-0.0502,-0.080626,-0.041035,-0.053244,0.002978,0.004588
0,-0.019547,-0.238094,-0.189493,0.026589,-0.152921,0.027748,0.000341,0.004156
0,0.273606,-0.090718,0.263764,0.164195,0.280978,0.178354,0.004775,0.001583
0,0.224108,-0.06134,-0.024559,0.019219,-0.015284,0.067781,0.003911,0.001071
0,0.077125,-0.226816,-0.176799,-0.179797,-0.144709,-0.176504,0.001346,0.003959
0,0.003461,-0.233715,-0.08627,-0.030837,-0.087925,-0.009162,6e-05,0.004079
0,0.194455,0.063077,0.190942,0.30301,0.193172,0.294934,0.003394,0.001101
0,0.017373,-0.022766,-0.204463,-0.062556,-0.160144,-0.104884,0.000303,0.000397
0,0.189911,0.026825,0.179881,0.060758,0.173755,0.014288,0.003315,0.000468
0,0.076099,-0.226607,-0.085144,-0.235209,-0.053723,-0.197504,0.001328,0.003955
0,0.109515,-0.138279,0.021017,0.062658,0.035457,0.104359,0.001911,0.002413
0,0.230993,0.060142,0.111679,0.22003,0.133752,0.204116,0.004032,0.00105
0,-0.014678,0.053495,-0.215716,-0.00398,-0.180088,0.015214,0.000256,0.000934
0,0.01306,-0.142118,0.029293,-0.167531,0.049334,-0.147085,0.000228,0.00248
0,0.19272,-0.205773,0.181067,-0.042111,0.199662,-0.041984,0.003364,0.003591
0,-0.030789,0.058334,-0.207567,0.287917,-0.175137,0.316465,0.000537,0.001018
0,0.116618,-0.157468,0.151284,-0.202632,0.163766,-0.166459,0.002035,0.002748
0,-0.082975,0.000858,-0.175801,0.138373,-0.155719,0.153165,0.001448,1.5e-05
0,-0.1046,0.045376,0.006839,0.058704,0.046278,0.018624,0.001826,0.000792
0,-0.10732,0.022429,-0.006269,-0.015505,0.009647,0.020407,0.001873,0.000391
0,0.096303,0.036225,0.202609,-0.006038,0.24415,0.022511,0.001681,0.000632
0,0.115607,0.000566,0.043496,-0.018282,0.023018,0.02796,0.002018,1e-05
0,-0.150298,-0.000878,-0.268799,0.024873,-0.300586,0.069695,0.002623,1.5e-05
0,-0.061013,0.048879,0.11119,0.071839,0.139308,0.117836,0.001065,0.000853
0,-0.147125,-0.028953,-0.057326,-0.075642,-0.070344,-0.063287,0.002568,0.000505
0,-0.118088,-0.232601,0.029941,-0.225573,0.05294,-0.186925,0.002061,0.00406
0,0.053156,-0.117923,0.200076,0.115017,0.178305,0.113989,0.000928,0.002058
0,-0.047395,-0.260169,-0.107786,-0.16044,-0.106246,-0.120458,0.000827,0.004541
0,0.053405,-0.181978,0.088091,0.066679,0.057525,0.087439,0.000932,0.003176
0,-0.006384,-0.074812,-0.05301,0.128341,-0.053279,0.126068,0.000111,0.001306
0,0.036356,-0.173511,0.01598,-0.122532,0.059176,-0.154734,0.000635,0.003028
0,0.030632,-0.024189,-0.013904,0.140027,0.025471,0.107933,0.000535,0.000422
0,-0.156672,-0.194005,-0.178461,-0.172369,-0.187129,-0.133381,0.002734,0.003386
0,-0.11223,-0.104577,0.066916,0.087523,0.032432,0.060648,0.001959,0.001825
0,0.125404,-0.079213,0.252774,0.007189,0.301929,0.00977,0.002189,0.001383
0,-0.06058,-0.068234,-0.175337,0.039485,-0.159797,0.049661,0.001057,0.001191
0,-0.10196,0.009419,-0.059125,0.091574,-0.105231,0.117356,0.00178,0.000164
0,0.072778,-0.002614,0.157086,-0.021822,0.158952,-0.011275,0.00127,4.6e-05
0,-0.14683,0.00505,-0.2262,0.017687,-0.235091,-0.015869,0.002563,8.8e-05
0,-0.0917,0.127597,0.073712,0.099465,0.05467,0.117072,0.0016,0.002227
0,-0.080564,0.09583,0.038308,-0.025092,-0.006829,-0.000319,0.001406,0.001673
0,0.078711,0.055377,0.168003,-0.018905,0.130328,-0.013672,0.001374,0.000967
0,-0.068796,-0.004216,-0.157234,-0.065649,-0.184504,-0.079353,0.001201,7.4e-05
0,0.037745,0.077287,0.079469,0.097613,0.062942,0.141112,0.000659,0.001349
0,0.004949,-0.061508,-0.048775,-0.164178,-0.065208,-0.15427,8.6e-05,0.001074
0,-0.019567,-0.007584,-0.003636,0.026371,-0.007015,-0.018652,0.000342,0.000132
0,-0.201599,0.089129,-0.199953,0.072918,-0.243557,0.023285,0.003519,0.001556
0,-0.190213,0.115099,0.010157,0.051891,0.025036,0.019094,0.00332,0.002009
0,-0.055264,-0.025725,0.108734,-0.162301,0.112029,-0.126996,0.000965,0.000449
0,0.046654,0.130951,0.087049,0.182362,0.046815,0.137795,0.000814,0.002286
0,-0.167514,-0.022074,-0.194373,-0.151959,-0.189592,-0.10352,0.002924,0.000385
0,-0.053957,0.163317,0.105212,0.170539,0.057072,0.198485,0.000942,0.00285
0,-0.115832,0.078921,-0.048042,-0.092875,-0.048126,-0.137139,0.002022,0.001377
0,-0.080731,0.083092,0.04072,0.000836,0.022766,0.012284,0.001409,0.00145
0,-0.135546,-0.0324,-0.070553,-0.089883,-0.024969,-0.085854,0.002366,0.000565
0,-0.127141,0.004155,0.02805,0.03179,0.069288,0.060417,0.002219,7.3e-05
0,-0.069662,-0.092138,0.048702,-0.125764,0.058685,-0.1721,0.001216,0.001608
0,0.159401,-0.06127,0.256642,0.053633,0.286252,0.073055,0.002782,0.001069
0,0.106502,-0.124114,-0.080283,-0.039499,-0.087267,-0.053538,0.001859,0.002166
0,-0.001332,0.012466,-0.117307,0.138213,-0.086502,0.090341,2.3e-05,0.000218
0,-0.00923,-0.115836,0.001183,-0.126618,-0.038467,-0.107696,0.000161,0.002022
0,0.093157,-0.005295,0.104075,0.121356,0.146486,0.077169,0.001626,9.2e-05
0,0.113217,0.045365,0.009238,0.022753,-0.029534,0.04106,0.001976,0.000792
0,0.063325,-0.058081,-0.056361,-0.084808,-0.068214,-0.114986,0.001105,0.001014
0,0.022064,-0.13855,-0.028093,-0.065539,-0.074638,-0.041261,0.000385,0.002418
0,-0.106517,0.08727,-0.146055,0.241188,-0.186228,0.283355,0.001859,0.001523
0,0.037596,-0.050734,0.155611,-0.123834,0.138152,-0.133297,0.000656,0.000885
0,0.088128,0.101455,0.044881,0.133467,0.060837,0.151786,0.001538,0.001771
0,0.054262,0.0569,-0.017912,-0.053033,0.024056,-0.096001,0.000947,0.000993
0,0.154406,0.009898,0.081862,-0.035485,0.061784,-0.070887,0.002695,0.000173
0,-0.035816,0.112709,-0.201465,0.117843,-0.211794,0.153042,0.000625,0.001967
0,0.08287,-0.112983,0.143506,-0.245957,0.187931,-0.261013,0.001446,0.001972
0,0.158993,-0.151351,0.057473,-0.027036,0.028365,-0.041582,0.002775,0.002642
0,0.103821,-0.114496,-0.043244,0.062828,-0.045486,0.069671,0.001812,0.001998
0,0.145296,0.07788,0.025435,0.169118,0.02529,0.215499,0.002536,0.001359
0,0.005257,0.09181,-0.129771,0.038458,-0.155779,0.000849,9.2e-05,0.001602
0,0.023849,0.082936,-0.005307,0.015798,-0.054787,0.046506,0.000416,0.001447
0,0.066092,-0.0502,0.050505,-0.154606,0.019066,-0.189275,0.001154,0.000876
0,0.05532,-0.061324,-0.033962,-0.026546,-0.037591,-0.05629,0.000966,0.00107
0,0.140003,-0.173623,0.090406,-0.107666,0.075382,-0.062736,0.002444,0.00303
0,0.050628,0.003155,-0.103783,0.166382,-0.079575,0.153185,0.000884,5.5e-05
0,-0.106988,-0.171334,-0.142084,-0.164526,-0.159962,-0.187331,0.001867,0.00299
0,0.02397,-0.089664,0.151953,0.0592,0.148707,0.012993,0.000418,0.001565
0,0.008647,0.076512,0.001133,0.143086,0.041096,0.160324,0.000151,0.001335
0,-0.145288,-0.036134,-0.174855,-0.118849,-0.125115,-0.14861,0.002536,0.000631
0,0.241446,0.766978,0.375542,0.830129,0.367837,0.849521,0.004214,0.001296
0,0.486602,1.073986,0.254907,0.286562,0.29431,0.331592,0.003598,0.005436
0,0.559646,1.466797,0.076108,0.386997,0.031986,0.427634,0.002323,0.001419
0,0.317112,1.303376,-0.21889,-0.165289,-0.216724,-0.138052,0.005535,0.001433
0,0.161432,1.570766,-0.180447,0.297384,-0.222468,0.331575,0.002818,0.003234
0,0.24851,1.556081,0.057521,-0.035172,0.042696,-0.026272,0.004337,0.002978
0,0.219474,1.438811,-0.005572,-0.129733,-0.004999,-0.155054,0.003831,0.000931
0,0.159064,1.31332,-0.03497,-0.124132,-0.009384,-0.144364,0.002776,0.001259
0,0.262524,1.081649,0.130201,-0.256819,0.159816,-0.281126,0.004582,0.005303
0,0.233685,0.721159,-0.030896,-0.377733,0.015268,-0.336438,0.004079,0.000496
0,0.040935,0.425936,-0.166514,-0.288123,-0.118884,-0.287943,0.000714,0.004657
0,0.279166,0.33425,0.233926,-0.104343,0.228079,-0.10814,0.004872,0.005834
0,0.12566,0.170049,-0.160533,-0.165854,-0.190589,-0.124993,0.002193,0.002968
0,0.189911,-0.160519,0.058667,-0.352902,0.049438,-0.374276,0.003315,0.002802
0,0.06058,-0.228494,-0.116388,-0.080052,-0.158026,-0.049542,0.001057,0.003988
0,1.409923,0.757069,1.338413,1.008337,1.368425,1.000501,0.000427,0.001123
0,3.151319,1.965968,1.768372,1.211088,1.807045,1.231962,0.005452,0.001959
0,4.75251,2.220124,1.587377,0.237652,1.627735,0.229725,0.001686,0.002477
0,4.161538,1.808967,-0.60078,-0.390624,-0.568801,-0.36731,9e-05,0.004699
0,3.570068,1.624477,-0.578509,-0.209094,-0.575332,-0.190877,0.001857,0.004171
0,3.134175,1.309917,-0.449337,-0.285824,-0.477978,-0.237106,0.005751,0.001319
0,2.41755,0.958313,-0.687513,-0.345013,-0.656758,-0.311344,0.005923,0.004635
0,2.116549,0.445065,-0.309722,-0.535591,-0.347748,-0.575301,0.000669,0.004323
0,1.348166,0.298199,-0.758477,-0.120298,-0.806224,-0.133709,0.000651,0.005205
0,0.582358,0.137098,-0.772389,-0.168999,-0.766237,-0.124114,0.001926,0.002393
0,0.240182,-0.091136,-0.354465,-0.205172,-0.331686,-0.178627,0.004192,0.001591
0,0.061463,0.043825,-0.198601,0.158815,-0.187517,0.114726,0.001073,0.000765
0,0.014666,-0.059301,-0.064363,-0.106863,-0.055257,-0.100294,0.000256,0.001035
0,0.262972,-0.173496,0.249985,-0.129519,0.295013,-0.106988,0.00459,0.003028
0,0.035268,0.015226,-0.213988,0.160974,-0.192345,0.168525,0.000616,0.000266
0,0.007135,-0.184379,-0.054674,-0.228323,-0.095649,-0.240267,0.000125,0.003218
0,0.074394,-0.155737,0.042333,0.021888,0.061835,0.004825,0.001298,0.002718
0,-0.098178,-0.114747,-0.166647,0.047522,-0.16996,0.089538,0.001714,0.002003
0,-0.03664,-0.139742,0.08443,-0.021034,0.113537,0.020413,0.000639,0.002439
0,0.164002,-0.003675,0.178163,0.131821,0.202241,0.157534,0.002862,6.4e-05
0,0.056772,-0.044546,-0.115656,-0.035893,-0.140628,-0.046826,0.000991,0.000777
0,-0.005288,-0.079733,-0.032144,-0.057525,-0.071464,-0.092352,9.2e-05,0.001392
0,-0.078208,-0.101787,-0.063891,-0.005538,-0.025831,0.016384,0.001365,0.001777
0,0.051242,-0.013258,0.111311,0.084187,0.084945,0.10106,0.000894,0.000231
0,0.095042,0.133553,0.026019,0.176115,0.064513,0.176387,0.001659,0.002331
0,0.13412,0.123964,0.042201,-0.027702,0.057307,-0.012026,0.002341,0.002164
0,0.080031,-0.048049,-0.065079,-0.160651,-0.062151,-0.182432,0.001397,0.000839
0,-0.005481,-0.063881,-0.071189,-0.03038,-0.058841,-0.079015,9.6e-05,0.001115
0,0.018488,-0.177169,0.019566,-0.103394,-0.019908,-0.062102,0.000323,0.003092
0,-0.0663,0.110959,-0.074532,0.278552,-0.051618,0.292477,0.001157,0.001937
0,0.014417,-0.138542,0.081253,-0.266046,0.123651,-0.230332,0.000252,0.002418
0,-0.104249,-0.062985,-0.130856,0.091922,-0.113486,0.051689,0.001819,0.001099
0,0.0912,0.115961,0.168177,0.193595,0.126514,0.181388,0.001592,0.002024
0,0.150602,-0.053705,0.073913,-0.159852,0.110435,-0.144097,0.002629,0.000937
0,-0.013332,0.063924,-0.138315,0.102942,-0.137531,0.096057,0.000233,0.001116
0,0.211194,0.027661,0.244246,-0.01539,0.228632,0.033473,0.003686,0.000483
0,0.218937,-0.122655,0.005197,-0.138157,0.031843,-0.131913,0.003821,0.002141
0,0.028157,-0.019698,-0.176074,0.094804,-0.176959,0.083404,0.000491,0.000344
0,0.250447,0.088126,0.208691,0.107209,0.20946,0.074372,0.004371,0.001538
0,0.068178,0.030626,-0.179549,-0.0538,-0.220439,-0.021692,0.00119,0.000535
0,0.21202,-0.101597,0.116057,-0.161518,0.132515,-0.158487,0.0037,0.001773
0,0.162022,0.058311,-0.021308,0.149869,0.01885,0.155932,0.002828,0.001018
0,-0.037856,-0.060476,-0.20348,-0.116652,-0.247079,-0.147468,0.000661,0.001056
0,-0.067322,-0.062714,-0.028416,-0.021506,-0.043123,-0.026288,0.001175,0.001095
0,-0.040891,-0.10956,0.004536,-0.024938,0.015575,-0.033872,0.000714,0.001912
0,0.065728,0.089907,0.12149,0.204277,0.158701,0.23613,0.001147,0.001569
0,-0.016845,-0.036093,-0.061459,-0.145126,-0.093443,-0.103162,0.000294,0.00063
0,-0.086103,-0.067245,-0.08747,-0.024965,-0.095189,-0.038819,0.001503,0.001174
0,0.041321,-0.124807,0.111927,-0.058401,0.11512,-0.072421,0.000721,0.002178
0,0.188962,0.080875,0.170782,0.184411,0.220402,0.230346,0.003298,0.001412
0,-0.065781,0.113009,-0.273276,0.024812,-0.25668,-0.006092,0.001148,0.001972
0,0.006282,0.155508,0.056733,0.038499,0.082784,0.002683,0.00011,0.002714
0,-0.087974,0.064974,-0.103252,-0.114677,-0.095584,-0.115954,0.001535,0.001134
0,0.14198,-0.113951,0.250972,-0.194232,0.26561,-0.228488,0.002478,0.001989
0,0.065585,0.056841,-0.050801,0.181152,-0.07337,0.156362,0.001145,0.000992
0,0.071889,0.109599,0.034829,0.025885,0.006695,0.06644,0.001255,0.001913
0,0.193053,0.126427,0.150988,0.030848,0.124673,0.067966,0.003369,0.002207
0,0.064627,-0.049167,-0.154806,-0.169556,-0.190432,-0.202144,0.001128,0.000858
0,-0.021548,0.078562,-0.066275,0.123059,-0.093284,0.125399,0.000376,0.001371
0,0.177491,0.130863,0.197954,0.063621,0.232177,0.111854,0.003098,0.002284
0,-0.094189,0.010102,-0.285973,-0.131524,-0.287313,-0.178461,0.001644,0.000176
0,0.092098,0.009906,0.199287,-0.027912,0.162393,-0.020197,0.001607,0.000173
0,-0.012215,0.199768,-0.093894,0.215924,-0.122066,0.259774,0.000213,0.003487
0,-0.097567,0.105121,-0.111431,-0.114423,-0.155801,-0.07551,0.001703,0.001835
0,0.149794,0.011767,0.241483,-0.117215,0.21318,-0.098256,0.002614,0.000205
0,0.053861,-0.063153,-0.115588,-0.091038,-0.139421,-0.104633,0.00094,0.001102
0,-0.060632,-0.050242,-0.092461,-0.013225,-0.126262,0.019313,0.001058,0.000877
0,-0.107459,0.116896,-0.039849,0.145128,-0.030256,0.190385,0.001876,0.00204
0,0.063689,-0.080892,0.170498,-0.224354,0.214452,-0.244021,0.001112,0.001412
0,-0.074658,-0.040038,-0.132709,0.068911,-0.165302,0.100229,0.001303,0.000699
0,-0.08591,-0.077298,-0.002761,-0.05201,0.046521,-0.025897,0.001499,0.001349
0,0.06057,-0.047178,0.134165,0.049799,0.156067,0.017976,0.001057,0.000823
0,-0.038877,0.047312,-0.091532,0.072413,-0.065488,0.069267,0.000679,0.000826
0,0.002364,0.092338,0.021707,0.036475,0.066064,0.052621,4.1e-05,0.001612
0,-0.018491,0.048695,-0.037415,-0.065347,0.012066,-0.042104,0.000323,0.00085
0,-0.047792,0.162543,-0.040247,0.113197,-0.05672,0.137991,0.000834,0.002837
0,0.066921,-0.111945,0.135738,-0.282182,0.183277,-0.255918,0.001168,0.001954
0,-0.088974,-0.108838,-0.155814,0.024237,-0.177688,0.059358,0.001553,0.0019
0,-0.022263,-0.042597,0.060039,0.082305,0.048896,0.061185,0.000389,0.000743
0,-0.037965,-0.113733,-0.030333,-0.098273,-0.007992,-0.058903,0.000663,0.001985
0,-0.15327,0.001551,-0.087156,0.12436,-0.113457,0.089007,0.002675,2.7e-05
0,0.067224,-0.037007,0.247763,-0.068248,0.252914,-0.054569,0.001173,0.000646
0,-0.044449,0.111973,-0.139884,0.125003,-0.183735,0.153824,0.000776,0.001954
0,-0.00838,0.022866,0.040679,-0.101538,0.076675,-0.123306,0.000146,0.000399
0,-0.15688,-0.119572,-0.176096,-0.152345,-0.201045,-0.134949,0.002738,0.002087
0,-0.062701,0.016133,0.080488,0.110389,0.09302,0.11157,0.001094,0.000282
0,-0.010644,-0.046591,0.077645,-0.081208,0.119721,-0.03281,0.000186,0.000813
0,-0.105242,0.030818,-0.094866,0.061775,-0.108904,0.099765,0.001837,0.000538
0,-0.12083,0.044567,-0.014455,-0.004346,0.026855,0.001467,0.002109,0.000778
0,-0.141058,0.003882,-0.049159,-0.039071,-0.047746,-0.058412,0.002462,6.8e-05
0,0.042652,-0.155251,0.154203,-0.150763,0.185271,-0.187199,0.000744,0.00271
0,-0.063419,0.101706,-0.113635,0.262694,-0.116237,0.246862,0.001107,0.001775
0,-0.059953,-0.018333,0.00262,-0.11658,0.018067,-0.12485,0.001046,0.00032
0,-0.058233,0.03631,-0.014277,0.046685,-0.014789,0.048868,0.001016,0.000634
0,-0.275062,-0.106005,-0.242176,-0.147718,-0.286652,-0.158092,0.004801,0.00185
0,-0.00671,-0.022735,0.246161,0.059594,0.202839,0.054928,0.000117,0.000397
0,-0.126543,-0.07343,-0.133321,-0.046902,-0.111611,-0.059346,0.002209,0.001282
0,-0.203735,-0.099528,-0.09131,-0.032709,-0.043803,-0.051489,0.003556,0.001737
0,0.014386,0.11122,0.209056,0.214377,0.254176,0.170976,0.000251,0.001941
0,-0.029532,0.061112,-0.029182,-0.071705,0.003132,-0.063517,0.000515,0.001067
0,-0.160421,0.009997,-0.124613,-0.051881,-0.169748,-0.039205,0.0028,0.000174
0,-0.068142,-0.078516,0.10406,-0.069719,0.077085,-0.036538,0.001189,0.00137
0,-0.341194,0.097484,-0.290547,0.162983,-0.324947,0.176749,0.005955,0.001701
0,-0.291081,-0.121755,0.056195,-0.239058,0.029984,-0.271492,0.00508,0.002125
0,-0.068821,0.00295,0.210987,0.127318,0.255885,0.093721,0.001201,5.1e-05
0,-0.290697,-0.06654,-0.237208,-0.044765,-0.270013,-0.027387,0.005074,0.001161
0,-0.090552,-0.13968,0.198899,-0.047002,0.169815,-0.090335,0.00158,0.002438
0,-0.16952,0.058713,-0.065952,0.183195,-0.091028,0.176911,0.002959,0.001025
0,-0.302332,-0.121668,-0.109867,-0.204617,-0.061381,-0.182607,0.005277,0.002123
0,-0.072771,-0.031064,0.209422,0.103548,0.191035,0.135806,0.00127,0.000542
0,-0.336675,0.046742,-0.245834,0.095786,-0.23151,0.123913,0.005876,0.000816
0,-0.273116,0.129378,0.078768,0.088788,0.07365,0.126517,0.004767,0.002258
0,-0.099853,0.146271,0.16859,0.010913,0.150181,-0.0084,0.001743,0.002553
0,-0.355641,-0.11794,-0.251214,-0.289038,-0.287239,-0.27517,0.005883,0.002058
0,-0.309623,-0.026823,0.047215,0.096503,0.072263,0.145094,0.005404,0.000468
0,-0.145368,0.002453,0.150248,0.026988,0.1747,0.030974,0.002537,4.3e-05
0,-0.265211,-0.105032,-0.142335,-0.125768,-0.111242,-0.121743,0.004629,0.001833
0,-0.111749,0.036165,0.146611,0.115228,0.13232,0.103006,0.00195,0.000631
0,-0.175635,-0.062328,-0.088507,-0.106252,-0.111095,-0.155952,0.003065,0.001088
0,-0.142523,0.109103,0.00768,0.197315,0.053194,0.163147,0.002488,0.001904
0,-0.119836,-0.050544,0.023993,-0.161483,0.014158,-0.184965,0.002092,0.000882
0,-0.298005,0.011218,-0.151716,0.076437,-0.110921,0.031941,0.005201,0.000196
0,-0.276735,0.022128,0.037554,0.009159,-0.006438,0.054432,0.00483,0.000386
0,-0.182621,-0.08639,0.097376,-0.091173,0.05962,-0.095063,0.003187,0.001508
0,-2.732097,-0.569141,-2.553636,-0.477538,-2.570933,-0.50334,0.000678,0.002157
0,-3.387086,-1.06935,-0.674532,-0.52257,-0.701949,-0.545924,0.001337,0.005517
0,-4.374787,-2.837357,-0.983323,-1.752657,-1.003012,-1.752594,0.003812,0.001159
0,-4.450051,-3.727505,-0.06742,-0.906537,-0.054471,-0.889564,0.005125,0.004605
0,-4.054622,-3.217173,0.397578,0.508528,0.355604,0.493412,0.001776,0.004302
0,-3.312656,-3.096937,0.717045,0.11604,0.693233,0.163094,0.002636,0.00569
0,-2.516556,-2.75601,0.79345,0.34122,0.780112,0.363741,0.00444,0.000261
0,-1.700165,-1.628615,0.818382,1.103555,0.841841,1.140708,0.005492,0.004244
0,-0.865998,-1.16858,0.864016,0.483455,0.832003,0.508761,0.003024,0.003785
0,-0.389351,-0.615659,0.504215,0.564568,0.52219,0.553186,0.005295,0.001345
0,-0.201255,-0.377082,0.164185,0.213443,0.207449,0.170917,0.003513,0.005509
0,-0.181304,-0.068289,0.039135,0.323433,0.005162,0.290612,0.003164,0.001192
0,0.037587,0.420693,0.245898,0.482689,0.293446,0.491424,0.000656,0.004748
0,0.21047,0.504144,0.192207,0.067277,0.201523,0.088535,0.003673,0.003292
0,-0.016711,0.699172,-0.231068,0.19259,-0.218438,0.151524,0.000292,0.000112
0,0.095371,0.461593,0.10947,-0.257642,0.146658,-0.214922,0.001665,0.004034
0,0.137499,0.343942,0.018622,-0.106816,0.066023,-0.121244,0.0024,0.006003
0,0.122248,0.347606,0.008967,-0.016468,-0.013651,-0.01671,0.002134,0.006024
0,0.205937,0.232341,0.111094,-0.090814,0.098667,-0.059637,0.003594,0.004055
0,0.350817,-0.014718,0.158815,-0.242548,0.172845,-0.229365,0.005968,0.000257
0,0.057682,-0.113502,-0.290063,-0.097442,-0.262514,-0.126495,0.001007,0.001981
0,0.205616,0.051939,0.123931,0.142545,0.153851,0.152023,0.003589,0.000907
0,0.173828,-0.1077,-0.045539,-0.139793,-0.000314,-0.182638,0.003034,0.00188
0,0.03592,-0.015461,-0.132869,0.095864,-0.146949,0.052257,0.000627,0.00027
0,-0.040279,-0.133406,-0.060991,-0.143873,-0.081697,-0.137139,0.000703,0.002328
0,0.057972,-0.046494,0.11906,0.05957,0.149104,0.025863,0.001012,0.000811
0,0.110944,-0.087164,0.068043,-0.035895,0.068637,-0.043467,0.001936,0.001521
0,0.059819,-0.139583,-0.025823,-0.062175,-0.064629,-0.084029,0.001044,0.002436
0,0.030981,-0.006816,-0.006159,0.13817,-0.037985,0.186087,0.000541,0.000119
0,0.093146,0.010424,0.086212,0.014349,0.059697,-0.010113,0.001626,0.000182
0,0.081849,-0.062245,-0.010163,-0.097608,0.038792,-0.100649,0.001429,0.001086
0,0.317705,-0.122771,0.216218,-0.060391,0.192313,-0.081909,0.005545,0.002143
0,0.019264,-0.073974,-0.279697,0.036073,-0.233877,0.032574,0.000336,0.001291
0,0.102596,-0.046514,0.078764,0.011557,0.120624,-0.001044,0.001791,0.000812
0,0.209933,-0.178148,0.08191,-0.123454,0.064997,-0.130082,0.003664,0.003109
0,0.021444,0.026824,-0.183509,0.200928,-0.216734,0.220794,0.000374,0.000468
0,0.012326,-0.001777,-0.028181,-0.053298,-0.012321,-0.082847,0.000215,3.1e-05
0,0.002919,-0.067311,0.019037,-0.051499,-0.030118,-0.015244,5.1e-05,0.001175
0,0.086219,-0.027874,0.107086,0.024051,0.075345,-0.00669,0.001505,0.000486
0,-0.100003,0.057207,-0.163574,0.067139,-0.139144,0.077951,0.001745,0.000998
0,0.014399,0.04092,0.106504,0.010619,0.092045,-0.019209,0.000251,0.000714
0,-0.008788,-0.11382,-0.043047,-0.162499,-0.079515,-0.116597,0.000153,0.001987
0,0.004634,-0.005643,0.014694,0.111452,0.003847,0.071325,8.1e-05,9.8e-05
0,-0.107599,0.004134,-0.08504,0.039186,-0.111734,0.013859,0.001878,7.2e-05
0,-0.058364,0.080311,0.067289,0.096697,0.069936,0.074442,0.001019,0.001402
0,-0.187762,-0.183966,-0.15493,-0.27418,-0.131298,-0.280688,0.003277,0.003211
0,0.021733,-0.168158,0.197083,0.038379,0.225499,0.049679,0.000379,0.002935
0,0.11676,0.019666,0.08444,0.212763,0.111142,0.171087,0.002038,0.000343
0,0.10008,0.071038,-0.022542,0.023787,-0.04327,-0.001332,0.001747,0.00124
0,0.158579,0.016232,0.083585,-0.057164,0.131274,-0.015455,0.002768,0.000283
0,0.008064,0.051975,-0.124245,0.005982,-0.100171,0.037643,0.000141,0.000907
0,-0.0134,-0.066267,-0.013941,-0.1171,0.018708,-0.160095,0.000234,0.001157
0,0.124357,0.034665,0.125018,0.072643,0.150956,0.106671,0.00217,0.000605
0,-0.121611,-0.158267,-0.23469,-0.181093,-0.26329,-0.147739,0.002123,0.002762
0,-0.135442,0.115237,0.009435,0.286441,0.021518,0.27201,0.002364,0.002011
0,0.080963,0.018543,0.225076,-0.086717,0.252292,-0.103589,0.001413,0.000324
0,0.084315,-0.135378,0.02159,-0.14198,0.062132,-0.158644,0.001472,0.002363
0,-0.052659,0.079788,-0.132285,0.235174,-0.12825,0.217441,0.000919,0.001393
0,0.006606,0.129938,0.048828,0.057629,0.07385,0.056401,0.000115,0.002268
0,-0.016445,0.069403,-0.018955,-0.042942,-0.035085,-0.012118,0.000287,0.001211
0,0.040046,-0.057962,0.085482,-0.148476,0.038793,-0.102889,0.000699,0.001012
0,0.150974,-0.12486,0.11565,-0.067736,0.096586,-0.073307,0.002635,0.002179
0,-0.004691,0.031635,-0.14936,0.167871,-0.14855,0.127567,8.2e-05,0.000552
0,0.02926,0.108095,0.024829,0.065437,-0.021266,0.105071,0.000511,0.001887
0,0.245776,0.039929,0.227503,-0.094253,0.228542,-0.10344,0.00429,0.000697
0,0.159403,0.108796,-0.061606,0.062083,-0.099238,0.052592,0.002782,0.001899
0,0.240822,0.028831,0.110896,-0.07235,0.087509,-0.040515,0.004203,0.000503
0,0.043421,-0.069358,-0.198291,-0.080534,-0.181009,-0.100754,0.000758,0.001211
0,0.133641,-0.026655,0.088336,0.061414,0.110484,0.070692,0.002332,0.000465
0,0.214639,-0.027837,0.088819,0.021113,0.082448,0.00974,0.003746,0.000486
0,0.084259,0.040292,-0.10432,0.060326,-0.105565,0.013027,0.001471,0.000703
0,0.07172,0.133194,-0.041927,0.09035,-0.049235,0.133764,0.001252,0.002325
0,0.049098,0.028099,-0.034652,-0.091539,-0.013895,-0.131621,0.000857,0.00049
0,0.00121,0.147242,-0.03161,0.137056,-0.033098,0.154367,2.1e-05,0.00257
0,-0.041498,0.061614,-0.072605,-0.092404,-0.10583,-0.124586,0.000724,0.001075
0,-0.035766,0.07923,0.00117,0.027726,0.050268,-0.016385,0.000624,0.001383
0,-0.081932,0.021401,-0.072276,-0.041717,-0.039478,-0.052355,0.00143,0.000374
0,0.197622,0.061818,0.273404,0.057686,0.31639,0.013087,0.003449,0.001079
0,-0.032165,0.053147,-0.255631,-0.030402,-0.241111,-0.021705,0.000561,0.000928
0,0.232878,0.09995,0.268298,0.025479,0.229164,0.065112,0.004064,0.001744
0,0.065313,-0.15891,-0.179524,-0.280524,-0.156082,-0.329996,0.00114,0.002774
0,0.251938,-0.049867,0.179986,0.079196,0.176138,0.054307,0.004397,0.00087
0,-0.035173,-0.041277,-0.314212,0.013226,-0.345504,0.002914,0.000614,0.00072
0,0.082865,-0.099825,0.123165,-0.081841,0.132006,-0.089869,0.001446,0.001742
0,-0.041097,-0.094931,-0.111564,0.01237,-0.109967,0.006329,0.000717,0.001657
0,0.209376,-0.115694,0.259955,0.008055,0.245803,0.040812,0.003654,0.002019
0,0.118874,-0.187971,-0.062658,-0.054879,-0.047544,-0.088022,0.002075,0.003281
0,0.029987,-0.041488,-0.097943,0.156724,-0.069762,0.153788,0.000523,0.000724
0,-0.042793,-0.075334,-0.045605,-0.035908,-0.003405,-0.063622,0.000747,0.001315
0,-0.032254,0.052824,-0.008757,0.149975,0.036077,0.101798,0.000563,0.000922
0,0.143598,0.071782,0.150456,0.034521,0.149635,0.014441,0.002506,0.001253
0,0.164485,0.094684,0.007385,0.010527,-0.01341,-0.023978,0.002871,0.001653
0,0.070441,-0.045955,-0.094427,-0.13709,-0.069383,-0.114265,0.001229,0.000802
0,0.110022,0.097971,0.017083,0.143388,0.030118,0.151691,0.00192,0.00171
0,0.199687,-0.138909,0.099265,-0.239847,0.124757,-0.285951,0.003485,0.002424
0,0.076742,0.067186,-0.134165,0.199617,-0.154875,0.231886,0.001339,0.001173
0,0.085801,-0.070643,-0.00278,-0.123832,0.023305,-0.164409,0.001498,0.001233
0,0.076101,0.048679,0.012122,0.109143,0.053118,0.076136,0.001328,0.00085
0,-0.052703,0.004403,-0.126749,-0.059776,-0.154638,-0.059073,0.00092,7.7e-05
0,-0.066364,-0.05116,-0.013407,-0.056444,0.028203,-0.08238,0.001158,0.000893
0,-0.007041,-0.171169,0.077753,-0.142691,0.110114,-0.136059,0.000123,0.002987
0,0.022007,-0.14992,0.027094,0.036852,-0.007349,0.066258,0.000384,0.002617
0,-0.066981,-0.056407,-0.115731,0.064027,-0.095333,0.077651,0.001169,0.000984
0,-0.065661,-0.055031,0.026966,0.019598,0.045096,0.001137,0.001146,0.00096
0,0.17275,0.03836,0.267574,0.070799,0.263305,0.030694,0.003015,0.00067
0,0.073268,0.005762,-0.079936,-0.043865,-0.124871,-0.052473,0.001279,0.000101
0,0.1798,-0.206478,0.092393,-0.241341,0.135014,-0.226613,0.003138,0.003604
0,0.178344,-0.09493,0.01881,0.124301,-0.009871,0.110526,0.003113,0.001657
0,-0.008357,0.031394,-0.208609,0.134834,-0.180824,0.184184,0.000146,0.000548
0,0.121279,0.027148,0.135382,-0.004113,0.118681,-0.029904,0.002117,0.000474
0,-0.048831,0.022014,-0.147835,-0.025511,-0.164035,-0.009695,0.000852,0.000384
0,0.099173,-0.10685,0.126885,-0.10833,0.135537,-0.077682,0.001731,0.001865
0,-0.009931,-0.196535,-0.122262,-0.090165,-0.163155,-0.108584,0.000173,0.00343
0,0.063814,-0.225911,0.062202,-0.026366,0.098497,-0.047124,0.001114,0.003943
0,0.022011,-0.130712,-0.018606,0.079628,-0.039054,0.098141,0.000384,0.002281
0,-0.078739,-0.165172,-0.102109,-0.014787,-0.075932,-0.055025,0.001374,0.002883
0,0.063239,-0.077132,0.14224,0.09908,0.097444,0.128194,0.001104,0.001346
0,0.117119,-0.034451,0.074802,0.04998,0.03692,0.08697,0.002044,0.000601
0,0.030089,0.006994,-0.088046,0.02259,-0.085747,0.028512,0.000525,0.000122
0,0.047974,2.3e-05,0.005926,-0.010089,0.027633,0.023635,0.000837,0.0
0,-0.08973,0.01634,-0.13254,0.037686,-0.108153,0.071808,0.001566,0.000285
0,0.104894,-0.205224,0.21871,-0.206108,0.253534,-0.253785,0.001831,0.003582
0,-0.009485,-0.132107,-0.094404,0.095999,-0.110589,0.100327,0.000166,0.002306
0,0.115138,-0.087457,0.096991,0.034011,0.127392,0.032789,0.00201,0.001526
0,-0.149262,-0.060797,-0.262922,0.010701,-0.241995,0.029333,0.002605,0.001061
0,-0.224119,-0.146585,-0.050357,-0.105065,-0.080327,-0.116339,0.003912,0.002558
0,-0.007032,0.038345,0.209847,0.196798,0.25295,0.238184,0.000123,0.000669
0,-0.217059,0.036631,-0.233717,0.024295,-0.211386,-0.020302,0.003788,0.000639
0,-0.198787,-0.237742,0.04512,-0.304073,0.018738,-0.322874,0.003469,0.004149
0,0.001274,-0.066244,0.220239,0.195259,0.227705,0.228148,2.2e-05,0.001156
0,-0.051231,-0.145187,-0.05959,-0.053046,-0.030539,-0.048842,0.000894,0.002534
0,-0.139877,-0.176508,-0.097783,-0.040933,-0.098425,-0.019995,0.002441,0.003081
0,-0.063587,0.062875,0.086435,0.242005,0.07159,0.248084,0.00111,0.001097
0,-0.306417,-0.126114,-0.265056,-0.179071,-0.224001,-0.226337,0.005348,0.002201
0,-0.140661,0.095154,0.18818,0.229487,0.148707,0.211582,0.002455,0.001661
0,-0.144169,0.026645,0.001497,-0.066611,0.002732,-0.052374,0.002516,0.000465
0,-0.363423,0.081352,-0.229541,0.070558,-0.209653,0.05798,0.005748,0.00142
0,-0.164805,0.084839,0.173482,-0.004684,0.151906,-0.049586,0.002876,0.001481
0,-0.198557,-0.147489,-0.047765,-0.229081,-0.01339,-0.204299,0.003465,0.002574
0,-0.143009,-0.115041,0.026555,0.03457,0.050748,-0.007946,0.002496,0.002008
0,-0.338961,-0.121135,-0.199648,-0.018043,-0.155004,0.006887,0.005916,0.002114
0,1.956331,-0.794786,2.311354,-0.687875,2.275312,-0.666225,0.002127,0.001781
0,3.37554,-1.294599,1.413534,-0.523883,1.432488,-0.557645,0.001538,0.001586
0,2.580446,-1.386285,-0.819234,-0.094806,-0.831878,-0.107394,0.003325,1.4e-05
0,2.30294,-1.624142,-0.268796,-0.257039,-0.240226,-0.238052,0.003922,0.004166
0,1.996619,-1.714023,-0.283628,-0.089215,-0.32946,-0.097191,0.001424,0.005734
0,1.727865,-1.500332,-0.263247,0.238032,-0.28943,0.254447,0.005976,0.002005
0,1.197076,-1.398383,-0.542932,0.110133,-0.516611,0.130616,0.003288,0.000225
0,1.0189,-0.748898,-0.190363,0.670951,-0.20963,0.706944,0.005693,0.00098
0,0.568459,-0.472336,-0.472669,0.281637,-0.51999,0.259212,0.002169,0.003847
0,0.271927,-0.436973,-0.306638,0.053408,-0.333218,0.086399,0.004746,0.004464
0,0.24688,-0.169171,-0.041301,0.296243,-0.032769,0.265225,0.004309,0.002953
0,0.263427,-0.213999,0.004248,-0.021029,0.051858,-0.065038,0.004598,0.003735
0,0.197297,0.080176,-0.091792,0.265108,-0.060168,0.286713,0.003443,0.001399
0,-0.093421,0.241519,-0.307334,0.1759,-0.342263,0.157203,0.001631,0.004215
0,0.083322,0.199882,0.190292,-0.016258,0.176035,0.005911,0.001454,0.003489
0,-0.187869,0.202623,-0.284494,0.015401,-0.243905,0.024916,0.003279,0.003536
0,-0.084673,0.076753,0.083396,-0.141514,0.088229,-0.105936,0.001478,0.00134
0,-0.071728,0.166401,0.032856,0.111096,0.030985,0.069729,0.001252,0.002904
0,-0.09771,0.264179,-0.027401,0.077043,-0.056727,0.058006,0.001705,0.004611
0,-0.015672,0.260514,0.061162,-0.000958,0.028611,0.000539,0.000274,0.004547
0,-0.074746,0.09981,-0.070426,-0.188255,-0.06118,-0.196882,0.001305,0.001742
0,-0.149062,0.190642,-0.06437,0.061333,-0.036406,0.063975,0.002602,0.003327
0,-0.261098,0.198293,-0.104933,0.028056,-0.126048,0.007652,0.004557,0.003461
0,-0.114904,0.207771,0.163379,-0.014044,0.121359,0.034772,0.002005,0.003626
0,-0.197672,0.299065,-0.068623,0.061871,-0.059367,0.099734,0.00345,0.00522
0,0.022025,0.104273,0.249579,-0.186066,0.264943,-0.183693,0.000384,0.00182
0,-0.167006,0.266768,-0.196224,0.182728,-0.211344,0.134496,0.002915,0.004656
0,-0.006835,0.27222,0.188851,-0.021416,0.228961,-0.008938,0.000119,0.004751
0,0.574478,0.663777,0.570916,0.370708,0.573326,0.41182,0.002064,0.000505
0,1.339025,0.7384,0.735138,0.077663,0.714841,0.03998,0.000811,0.000797
0,1.858545,0.521627,0.541415,-0.203788,0.582401,-0.222455,0.003834,0.002986
0,1.586041,0.463961,-0.276911,-0.085479,-0.254277,-0.102456,0.003501,0.003993
0,1.651031,0.455454,0.082252,-0.023202,0.101389,-0.010887,0.004635,0.004141
0,1.142395,0.495562,-0.502487,0.053475,-0.518204,0.081494,0.004242,0.003441
0,0.851883,0.239628,-0.288491,-0.229067,-0.302146,-0.27876,0.002778,0.004182
0,0.52116,0.068127,-0.319416,-0.180965,-0.311399,-0.211538,0.002995,0.001189
0,0.393584,-0.067341,-0.112215,-0.108048,-0.086829,-0.144328,0.005221,0.001175
0,0.041597,0.087286,-0.376219,0.176364,-0.357545,0.179348,0.000726,0.001523
0,0.225558,-0.120715,0.180108,-0.211785,0.177195,-0.242174,0.003937,0.002107
0,0.029939,0.013871,-0.225037,0.158684,-0.233971,0.163976,0.000523,0.000242
0,0.040351,-0.107373,-0.002869,-0.105538,0.036567,-0.117095,0.000704,0.001874
0,0.05479,-0.22288,0.032689,-0.094533,0.051976,-0.123087,0.000956,0.00389
0,0.016863,-0.106062,-0.022257,0.120519,0.015918,0.088836,0.000294,0.001851
0,-0.183834,-0.101622,-0.190581,-0.001378,-0.194554,-0.019515,0.003209,0.001774
0,-0.124817,-0.102212,0.048178,-0.014585,0.003111,-0.0011,0.002178,0.001784
0,-0.087631,0.014553,0.042099,0.142229,0.072314,0.096982,0.001529,0.000254
0,-0.13495,-0.227534,-0.066285,-0.240069,-0.107915,-0.266546,0.002355,0.003971
0,-0.158024,-0.238393,-0.019052,-0.016045,-0.011075,-0.047343,0.002758,0.004161
0,-0.086983,-0.003028,0.054916,0.252115,0.006768,0.234452,0.001518,5.3e-05
0,-0.245131,-0.003802,-0.157686,0.02825,-0.136557,0.003107,0.004278,6.6e-05
0,-0.311014,-0.094851,-0.044391,-0.100978,-0.032006,-0.063346,0.005428,0.001655
0,-0.09416,-0.0448,0.238723,0.031841,0.27335,0.019888,0.001643,0.000782
0,-0.255513,-0.160367,-0.154326,-0.121427,-0.112903,-0.102099,0.00446,0.002799
0,-0.15329,-0.039783,0.083664,0.111626,0.042804,0.116617,0.002675,0.000694
0,-0.013414,-0.143689,0.164244,-0.087,0.20122,-0.049541,0.000234,0.002508
0,-0.213696,-0.165811,-0.225856,-0.045298,-0.268741,-0.018188,0.00373,0.002894
0,0.010401,-0.050975,0.242804,0.111809,0.223904,0.082386,0.000182,0.00089
0,-0.049258,0.011607,-0.079883,0.087989,-0.063787,0.063985,0.00086,0.000203
0,-0.024387,-0.206879,0.03306,-0.216125,0.039156,-0.214181,0.000426,0.003611
0,-0.207917,-0.029462,-0.171332,0.154588,-0.155602,0.171527,0.003629,0.000514
0,-0.03959,-0.072946,0.195679,-0.070576,0.222181,-0.084279,0.000691,0.001273
0,-0.113373,-0.06812,-0.055489,0.018904,-0.060354,0.046476,0.001979,0.001189
0,-0.133198,-0.130266,-0.004888,-0.037848,-0.046761,-0.017806,0.002325,0.002274
0,-0.00546,-0.004898,0.139935,0.136664,0.110887,0.157294,9.5e-05,8.5e-05
0,-0.016901,0.033669,-0.024947,0.054318,-0.021367,0.072689,0.000295,0.000588
0,-0.045398,-0.096921,-0.031953,-0.139391,-0.021646,-0.171496,0.000792,0.001692
0,-0.004161,-0.009855,0.05453,0.085485,0.056848,0.113988,7.3e-05,0.000172
0,-0.126271,-0.200786,-0.128283,-0.209363,-0.162042,-0.241969,0.002204,0.003504
0,0.005604,-0.075058,0.122861,0.119887,0.12827,0.166879,9.8e-05,0.00131
0,-0.083221,-0.194181,-0.1056,-0.093387,-0.066378,-0.129539,0.001452,0.003389
0,-0.198217,-0.089546,-0.125171,0.098984,-0.173009,0.114685,0.00346,0.001563
0,-0.135911,-0.076303,0.071866,-0.001289,0.030033,-0.02629,0.002372,0.001332
0,-0.1281,-0.161247,-0.00675,-0.107399,0.021612,-0.093124,0.002236,0.002814
0,-0.167648,-0.049998,-0.029511,0.11451,0.009136,0.0688,0.002926,0.000873
0,-0.129096,-0.077303,0.043091,-0.039156,0.011846,0.003586,0.002253,0.001349
0,-0.03826,-0.09135,0.103364,-0.035127,0.141108,0.008253,0.000668,0.001594
0,0.003476,-0.075384,0.051569,0.032944,0.063495,0.041168,6.1e-05,0.001316
0,-0.072943,0.032089,-0.072498,0.107256,-0.068332,0.07539,0.001273,0.00056
0,-0.140264,0.041816,-0.09731,0.032842,-0.137641,0.058925,0.002448,0.00073
0,-0.016561,-0.131351,0.146559,-0.146994,0.139418,-0.139852,0.000289,0.002293
0,-0.266016,-0.107023,-0.2439,0.054294,-0.234183,0.042462,0.004643,0.001868
0,-0.006108,-0.035758,0.233399,0.061569,0.247533,0.080768,0.000107,0.000624
0,-0.135965,-0.006602,-0.136577,0.026961,-0.123199,-0.007277,0.002373,0.000115
0,0.07038,0.128696,0.187973,0.134468,0.205247,0.172451,0.001228,0.002246
0,-0.081255,0.039462,-0.137611,-0.09002,-0.155978,-0.056437,0.001418,0.000689
0,-0.160122,0.03616,-0.077127,-0.003656,-0.066701,0.041856,0.002795,0.000631
0,-0.138778,0.061203,0.025066,0.050508,0.070926,0.004846,0.002422,0.001068
0,0.036457,0.101196,0.150354,0.039727,0.116278,0.06401,0.000636,0.001766
0,-0.06779,0.023065,-0.080746,-0.093697,-0.120128,-0.095141,0.001183,0.000403
0,-0.113941,-0.064719,-0.051496,-0.080047,-0.095919,-0.092357,0.001989,0.00113
0,-0.10096,0.109239,0.04129,0.157873,0.02179,0.19652,0.001762,0.001907
0,0.051066,0.13511,0.160337,0.009729,0.139757,-0.025898,0.000891,0.002358
0,-0.079571,0.117278,-0.147337,-0.045819,-0.186321,-0.038172,0.001389,0.002047
0,0.058139,0.080555,0.108068,-0.030001,0.154309,-0.021563,0.001015,0.001406
0,0.177611,-0.09136,0.115632,-0.172803,0.071834,-0.168897,0.0031,0.001595
0,0.122943,0.123233,-0.031757,0.211255,-0.077762,0.193413,0.002146,0.002151
0,0.047963,0.048939,-0.061652,-0.054868,-0.085791,-0.029114,0.000837,0.000854
0,-0.106605,0.102956,-0.165045,0.056986,-0.151222,0.056564,0.001861,0.001797
0,0.08555,0.046511,0.221757,-0.05077,0.224202,-0.081264,0.001493,0.000812
0,0.000431,0.072901,-0.103939,0.052591,-0.132165,0.089076,8e-06,0.001272
0,-0.092314,0.007746,-0.093964,-0.056124,-0.05283,-0.082883,0.001611,0.000135
0,0.192939,-0.097337,0.268064,-0.109251,0.316883,-0.118984,0.003367,0.001699
0,0.19688,0.10557,0.031742,0.191973,0.080636,0.221774,0.003436,0.001843
0,0.015216,-0.013144,-0.1792,-0.099317,-0.152847,-0.097988,0.000266,0.000229
0,0.246366,-0.132326,0.216183,-0.100863,0.216517,-0.149719,0.0043,0.00231
0,0.022087,-0.102108,-0.201801,0.020267,-0.248198,-0.009975,0.000385,0.001782
0,0.147404,-0.019202,0.151985,0.065946,0.103671,0.111666,0.002573,0.000335
0,0.120488,0.02738,-0.028974,0.071961,0.011651,0.113768,0.002103,0.000478
0,0.343469,0.003935,0.252713,-0.051455,0.24389,-0.0953,0.005995,6.9e-05
0,0.140173,0.095529,-0.182796,0.10152,-0.170744,0.071399,0.002446,0.001667
0,0.252197,0.11086,0.110318,0.007785,0.116331,-0.021716,0.004402,0.001935
0,0.182048,-0.100637,-0.092583,-0.203635,-0.133302,-0.194721,0.003177,0.001756
0,0.141944,-0.176778,-0.064902,-0.092344,-0.027012,-0.118445,0.002477,0.003085
0,0.111807,-0.000131,-0.053561,0.16982,-0.07038,0.167766,0.001951,2e-06
0,0.353799,0.105977,0.237043,0.136015,0.221476,0.161456,0.005916,0.00185
0,0.208408,0.08731,-0.115851,-0.022104,-0.111805,-0.014202,0.003637,0.001524
0,0.26414,-0.047796,0.043632,-0.122517,0.038898,-0.074629,0.00461,0.000834
0,0.184876,0.042765,-0.05639,0.120386,-0.090362,0.086787,0.003227,0.000746
0,0.103951,-0.003984,-0.095742,-0.020695,-0.126998,-0.056933,0.001814,7e-05
0,0.124812,0.064315,0.005596,0.061721,0.027549,0.109162,0.002178,0.001123
0,0.042755,-0.169307,-0.083422,-0.20469,-0.059544,-0.237033,0.000746,0.002955
0,0.040919,0.113251,0.01636,0.301688,-0.02973,0.295483,0.000714,0.001977
0,0.082322,0.067152,0.070883,-0.024991,0.071499,-0.014222,0.001437,0.001172
0,-0.041801,-0.182311,-0.1511,-0.270237,-0.174819,-0.287297,0.00073,0.003182
0,-0.041425,-0.071501,-0.020434,0.138409,-0.057002,0.146253,0.000723,0.001248
0,0.002062,-0.14593,0.027857,-0.053783,0.044679,-0.036917,3.6e-05,0.002547
0,0.189767,0.026427,0.159384,0.151701,0.145656,0.123248,0.003312,0.000461
0,0.037819,-0.04348,-0.134871,-0.099796,-0.111008,-0.121673,0.00066,0.000759
0,0.094255,-0.028642,0.058547,0.024419,0.03956,0.023857,0.001645,0.0005
0,0.134997,0.104911,0.045372,0.11309,0.026859,0.122928,0.002356,0.001831
0,0.071898,-0.107601,-0.073315,-0.231667,-0.050302,-0.181825,0.001255,0.001878
0,0.079157,0.164966,0.021531,0.298621,0.038904,0.330924,0.001382,0.002879
0,0.169752,-0.051658,0.11065,-0.217767,0.067219,-0.265478,0.002963,0.000902
0,-0.010536,-0.024122,-0.16525,0.051463,-0.144193,0.046944,0.000184,0.000421
0,0.194505,0.026691,0.181885,0.032297,0.156355,-0.01188,0.003395,0.000466
0,0.101223,0.140302,-0.073976,0.107748,-0.062662,0.061897,0.001767,0.002449
0,-0.057064,0.162497,-0.184674,0.009958,-0.168977,0.037034,0.000996,0.002836
0,-0.049279,0.052792,-0.005476,-0.09736,0.038211,-0.10304,0.00086,0.000921
0,-0.097004,0.064669,-0.077361,-0.000709,-0.040912,-0.022522,0.001693,0.001129
0,-0.049981,-0.037906,0.067877,-0.089537,0.097542,-0.052181,0.000872,0.000662
0,0.161082,0.125791,0.232043,0.145196,0.206058,0.101293,0.002811,0.002195
0,0.142438,-0.146327,-0.036208,-0.276923,0.007788,-0.312983,0.002486,0.002554
0,0.059336,0.083677,-0.053717,0.233576,-0.091242,0.194244,0.001036,0.00146
0,0.087774,-0.033382,0.055232,-0.101427,0.054712,-0.053288,0.001532,0.000583
0,0.096761,-0.111736,0.015529,-0.072748,-4.5e-05,-0.057036,0.001689,0.00195
0,0.083113,-0.15753,-0.005658,-0.075161,-0.049055,-0.09845,0.001451,0.002749
0,-0.052053,-0.102807,-0.125908,0.048112,-0.12949,0.025755,0.000909,0.001794
0,0.179519,-0.189215,0.234068,-0.106073,0.225323,-0.06886,0.003133,0.003302
0,-0.058488,0.067621,-0.261399,0.259729,-0.222799,0.251566,0.001021,0.00118
0,0.037004,-0.10767,0.094696,-0.16593,0.063779,-0.148697,0.000646,0.001879
0,0.09736,-0.027444,0.035614,0.090586,0.018401,0.093443,0.001699,0.000479
0,-0.078318,-0.106813,-0.146776,-0.069689,-0.153985,-0.050413,0.001367,0.001864
0,0.182879,0.037342,0.246727,0.160765,0.242952,0.122699,0.003192,0.000652
0,0.207694,-0.089298,0.031675,-0.155815,0.066245,-0.15382,0.003625,0.001559
0,-0.039597,-0.162349,-0.263468,-0.072434,-0.263433,-0.102907,0.000691,0.002834
0,0.080484,-0.101805,0.114874,0.056843,0.16297,0.072322,0.001405,0.001777
0,0.107521,-0.010257,-0.001889,0.068493,-0.008872,0.039999,0.001877,0.000179
0,-0.087647,0.07435,-0.197799,0.112468,-0.197244,0.082383,0.00153,0.001298
0,0.078998,0.05917,0.146742,-0.030793,0.183464,-0.060274,0.001379,0.001033
0,-0.032149,0.042718,-0.100571,-0.027852,-0.103714,-0.002345,0.000561,0.000746
0,0.056519,0.085031,0.089885,0.038479,0.102263,0.037114,0.000986,0.001484
0,-0.031683,0.065081,-0.074392,-0.025166,-0.081273,0.020369,0.000553,0.001136
0,0.055335,0.142494,0.113685,0.083258,0.134997,0.045633,0.000966,0.002487
0,0.083366,-0.047019,0.006875,-0.176331,0.005836,-0.192211,0.001455,0.000821
0,0.022889,-0.009257,-0.036926,0.009527,-0.016093,0.030273,0.000399,0.000162
0,0.03105,0.037928,0.001287,0.029033,0.006172,-0.015144,0.000542,0.000662
0,0.14659,0.184901,0.120226,0.1565,0.151156,0.18233,0.002558,0.003227
0,0.259894,-0.038754,0.096252,-0.21198,0.13585,-0.165071,0.004536,0.000676
0,0.228444,0.007787,-0.034478,0.049954,0.014813,0.098375,0.003987,0.000136
0,0.275271,-0.07838,0.07233,-0.101551,0.051182,-0.120373,0.004804,0.001368
0,0.165336,0.104659,-0.114248,0.181783,-0.107815,0.193161,0.002886,0.001827
0,0.05908,-0.072322,-0.076763,-0.192811,-0.118644,-0.163308,0.001031,0.001262
0,0.273006,-0.08502,0.231888,-0.032392,0.189048,-0.079408,0.004765,0.001484
0,0.052684,0.035144,-0.21251,0.148729,-0.250193,0.114741,0.00092,0.000613
0,0.063706,-0.024477,-0.012773,-0.082681,-0.042138,-0.115734,0.001112,0.000427
0,0.068994,0.027271,0.006272,0.063547,0.020504,0.05212,0.001204,0.000476
0,0.019396,-0.089314,-0.050491,-0.120625,-0.090686,-0.161525,0.000339,0.001559
0,0.142446,-0.024638,0.117848,0.044921,0.145259,0.045022,0.002486,0.00043
0,0.153079,-0.072504,-0.0066,-0.043684,0.004335,-0.025268,0.002672,0.001265
0,0.262915,0.096885,0.121778,0.171426,0.106731,0.189673,0.004589,0.001691
0,-0.050089,-0.079881,-0.283547,-0.203892,-0.276587,-0.210068,0.000874,0.001394
0,0.259606,0.118833,0.282461,0.178206,0.302806,0.208534,0.004531,0.002074
0,-0.016934,0.091528,-0.271354,-0.021402,-0.31515,-0.042229,0.000296,0.001597
0,0.129091,0.036415,0.139156,-0.02938,0.145528,-0.052122,0.002253,0.000636
0,2.115331,-0.027405,2.00132,-0.045942,1.976709,-0.025385,0.000648,0.000478
0,2.232081,0.100947,0.138658,0.126317,0.141753,0.083569,0.002686,0.001762
0,2.32194,0.037444,0.089899,-0.056615,0.075501,-0.105238,0.004254,0.000654
0,2.821146,0.08802,0.489522,0.069576,0.476537,0.062289,0.000876,0.001536
0,2.741901,-0.054686,-0.080259,-0.166021,-0.108769,-0.165129,0.000507,0.000954
0,2.021945,-0.064645,-0.735513,-0.011721,-0.739152,0.007863,0.000982,0.001128
0,1.702983,-0.173639,-0.319814,-0.111059,-0.27586,-0.065186,0.005542,0.003031
0,1.373566,0.055701,-0.328888,0.215937,-0.337596,0.236736,0.000208,0.000972
0,0.580722,-0.134251,-0.772399,-0.208512,-0.820063,-0.232511,0.001955,0.002343
0,0.225624,-0.101558,-0.371734,0.042171,-0.357477,0.080997,0.003938,0.001773
0,0.171047,-0.155895,-0.082231,-0.078602,-0.06226,-0.088634,0.002985,0.002721
0,-0.048797,-0.134365,-0.245238,0.05089,-0.247837,0.067561,0.000852,0.002345
0,-2.428587,0.612203,-2.403408,0.775993,-2.371754,0.730988,0.005975,0.001406
0,-3.695915,0.804383,-1.242453,0.175143,-1.23122,0.147443,0.004053,0.001949
0,-5.063359,0.975906,-1.392399,0.152815,-1.438131,0.130705,0.003739,0.004942
0,-5.453858,1.082279,-0.369612,0.088543,-0.371111,0.075846,0.001536,0.005292
0,-4.813572,0.829918,0.638384,-0.262623,0.607664,-0.23563,0.000621,0.002394
0,-3.761044,0.911824,1.080153,0.084613,1.097037,0.064782,0.00519,0.003824
0,-2.175089,0.721832,1.566293,-0.190031,1.518702,-0.203369,0.001691,0.000508
0,-1.0795,0.408105,1.122942,-0.299957,1.140745,-0.345501,0.00534,0.004968
0,-0.578743,0.510906,0.5007,0.107709,0.474242,0.123676,0.00199,0.003173
0,-0.05515,0.112985,0.519426,-0.406043,0.561798,-0.400499,0.000963,0.001972
0,0.036807,0.117567,0.078601,0.024832,0.08918,0.074567,0.000642,0.002052
0,0.155604,0.137187,0.101305,-0.008811,0.120936,0.02392,0.002716,0.002394
0,0.392896,0.130606,0.24438,0.002643,0.222124,-0.024289,0.005233,0.00228
0,0.420356,-0.071678,0.055273,-0.225506,0.013054,-0.238982,0.004754,0.001251
0,0.185913,-0.201505,-0.254576,-0.142469,-0.217839,-0.093342,0.003245,0.003517
0,0.164644,-0.235016,-0.011249,-0.010128,0.037512,0.015464,0.002874,0.004102
0,0.166213,-0.171203,0.028443,0.051857,0.042196,0.006644,0.002901,0.002988
0,0.225253,0.002263,0.036081,0.193089,-0.002645,0.242688,0.003931,3.9e-05
0,0.11982,-0.163044,-0.108169,-0.15159,-0.07386,-0.178521,0.002091,0.002846
0,0.189797,-0.008755,0.057764,0.138038,0.064749,0.10826,0.003313,0.000153
0,0.212369,-0.223655,0.005876,-0.18738,0.011368,-0.156523,0.003707,0.003904
0,0.230183,0.019049,0.0426,0.244581,0.035085,0.261501,0.004017,0.000332
0,0.324875,-0.135725,0.114152,-0.176803,0.087486,-0.179195,0.00567,0.002369
0,0.449691,0.016506,0.111637,0.161078,0.149697,0.122653,0.004242,0.000288
0,0.160156,-0.03137,-0.29649,-0.071138,-0.306534,-0.052734,0.002795,0.000548
0,0.178458,0.043467,0.047854,0.092217,0.010177,0.071308,0.003115,0.000759
0,0.113892,-0.039342,-0.076694,-0.054438,-0.098016,-0.011253,0.001988,0.000687
0,0.273133,-0.169322,0.150281,-0.144833,0.191535,-0.131009,0.004767,0.002955
0,0.240494,-0.116693,-0.010262,0.047691,-0.012239,0.097689,0.004197,0.002037
0,0.22467,-0.186482,-0.003098,-0.09809,0.030772,-0.090927,0.003921,0.003255
0,0.092388,-0.157878,-0.105143,0.02339,-0.115673,-0.01114,0.001612,0.002755
0,0.011686,0.024703,-0.084401,0.191376,-0.040443,0.236157,0.000204,0.000431
0,-0.012039,-0.024157,-0.031029,-0.056827,0.011504,-0.063141,0.00021,0.000422
0,0.207374,-0.144824,0.203918,-0.111263,0.171023,-0.118035,0.003619,0.002528
0,0.252657,-0.204014,0.056124,-0.069801,0.091274,-0.069741,0.00441,0.003561
0,0.095204,-0.126073,-0.129932,0.069949,-0.097265,0.063719,0.001662,0.0022
0,0.146729,-0.065437,0.035854,0.061083,0.077199,0.093008,0.002561,0.001142
0,0.237108,-0.189153,0.105286,-0.104352,0.130211,-0.068442,0.004138,0.003301
0,0.219475,-0.016762,0.008538,0.189105,-0.022776,0.144196,0.003831,0.000293
0,0.082605,0.060493,-0.142876,0.081719,-0.156451,0.097217,0.001442,0.001056
0,0.186418,-0.114766,0.122409,-0.164013,0.106895,-0.120211,0.003254,0.002003
0,-0.023,-0.117148,-0.181157,0.026184,-0.193285,0.016398,0.000401,0.002045
0,0.162511,0.007966,0.159675,0.101492,0.190164,0.127385,0.002836,0.000139
0,0.11607,0.084742,-0.058011,0.07959,-0.030075,0.035293,0.002026,0.001479
0,0.00421,0.003461,-0.119046,-0.096854,-0.167307,-0.146041,7.3e-05,6e-05
0,0.108579,-0.063719,0.111679,-0.04228,0.154674,-0.075254,0.001895,0.001112
0,-0.055317,-0.139045,-0.193798,-0.069171,-0.1986,-0.02089,0.000965,0.002427
0,-0.035019,0.040755,0.033937,0.150741,0.077078,0.127846,0.000611,0.000711
0,-0.056326,-0.055203,-0.045251,-0.074923,-0.074698,-0.040585,0.000983,0.000963
0,0.085726,0.118304,0.168316,0.193332,0.178795,0.198676,0.001496,0.002065
0,0.02033,0.023706,-0.063007,-0.120772,-0.101744,-0.142818,0.000355,0.000414
0,0.012094,-0.056071,-0.014803,-0.05328,-0.054965,-0.076508,0.000211,0.000979
0,0.124785,0.125967,0.118657,0.156671,0.07105,0.199536,0.002178,0.002199
0,0.148254,0.107827,-0.006003,-0.03738,0.03889,-0.072586,0.002588,0.001882
0,0.045546,0.002136,-0.130252,-0.076992,-0.158229,-0.040068,0.000795,3.7e-05
0,0.223851,0.042531,0.17423,0.041102,0.129381,0.011254,0.003907,0.000742
0,0.136723,-0.069546,-0.08764,-0.119459,-0.070325,-0.14767,0.002386,0.001214
0,0.168688,0.076302,0.038412,0.123969,-0.010421,0.10169,0.002944,0.001332
0,0.056845,0.066011,-0.09185,0.006446,-0.060229,-0.0413,0.000992,0.001152
0,-0.036627,-0.125957,-0.068207,-0.176594,-0.060362,-0.163561,0.000639,0.002198
0,0.060459,-0.108066,0.089892,0.030407,0.050338,0.048365,0.001055,0.001886
0,-0.156161,0.040572,-0.208741,0.119003,-0.224496,0.159152,0.002726,0.000708
0,-0.0533,0.042035,0.117077,0.017739,0.099571,-0.01678,0.00093,0.000734
0,-0.016747,-0.08773,0.055488,-0.107239,0.044768,-0.146474,0.000292,0.001531
0,-0.168413,0.086917,-0.170078,0.18264,-0.189005,0.150627,0.002939,0.001517
0,-0.086233,0.148106,0.083224,0.071078,0.092891,0.098662,0.001505,0.002585
0,-0.02108,0.069581,0.047911,-0.087369,0.063457,-0.048143,0.000368,0.001214
0,-0.089648,-0.098118,-0.053961,-0.171743,-0.017142,-0.19285,0.001565,0.001712
0,0.971728,-1.10831,1.07534,-1.027633,1.124728,-1.039272,0.004869,0.004837
0,1.770161,-2.218766,0.81813,-1.116237,0.832268,-1.108805,0.005376,0.002453
0,1.958222,-2.407733,0.18212,-0.176266,0.223047,-0.169246,0.002094,0.005751
0,2.16661,-1.835261,0.228418,0.58678,0.21767,0.574978,0.001543,0.00424
0,2.161794,-1.571036,0.002986,0.24356,0.036367,0.259759,0.001459,0.003239
0,1.487086,-1.23549,-0.650836,0.322646,-0.613298,0.346806,0.001774,0.002618
0,1.182398,-0.88546,-0.329233,0.355356,-0.363297,0.375994,0.003544,0.003364
0,0.781214,-0.491154,-0.410024,0.423577,-0.4511,0.459727,0.001544,0.003518
0,0.457854,-0.340819,-0.322435,0.165922,-0.310033,0.18479,0.004099,0.005948
0,0.162336,-0.312162,-0.299703,0.043863,-0.284929,0.049079,0.002833,0.005448
0,0.095764,0.029736,-0.074609,0.350454,-0.114809,0.353698,0.001671,0.000519
0,-0.095339,-0.018309,-0.168573,-0.071225,-0.133566,-0.031304,0.001664,0.00032
0,-0.096562,0.134873,-0.01515,0.175165,0.001322,0.18587,0.001685,0.002354
0,-0.048099,0.173548,0.034315,0.063039,-0.002218,0.054863,0.000839,0.003029
0,0.002987,0.133029,0.061459,-0.036879,0.03929,-0.044298,5.2e-05,0.002322
0,-0.026969,-0.013396,-0.040057,-0.148118,0.009505,-0.146382,0.000471,0.000234
0,-0.093779,-0.071969,-0.036844,-0.066877,-0.032683,-0.039054,0.001637,0.001256
0,0.061215,0.121843,0.167205,0.215875,0.128673,0.182186,0.001068,0.002127
0,0.122064,0.187079,0.089956,0.084853,0.096652,0.12748,0.00213,0.003265
0,0.07968,0.169448,-0.023774,-0.046979,-0.034289,-0.094414,0.001391,0.002957
0,-0.125082,0.104619,-0.190763,-0.071251,-0.142899,-0.049789,0.002183,0.001826
0,0.113991,-0.030342,0.241824,-0.126372,0.196899,-0.133519,0.00199,0.00053
0,-0.187331,-0.041621,-0.319425,0.016491,-0.364513,-0.002634,0.00327,0.000726
0,0.069619,0.008077,0.256171,0.028925,0.249898,0.065282,0.001215,0.000141
0,-0.177242,0.056994,-0.257885,0.050299,-0.227947,0.044754,0.003093,0.000995
0,-0.192317,0.200045,0.014923,0.121082,-0.023087,0.089558,0.003357,0.003491
0,0.051278,-0.009188,0.256464,-0.20063,0.255052,-0.198201,0.000895,0.00016
0,0.058715,0.200877,0.007364,0.22424,0.055641,0.176988,0.001025,0.003506
0,-0.154927,-0.031204,-0.22932,-0.229351,-0.274999,-0.249901,0.002704,0.000545
0,-0.179468,-0.044634,-0.014578,-0.008807,-0.028508,0.014631,0.003132,0.000779
0,-0.121554,0.085972,0.038322,0.153987,0.08432,0.158688,0.002122,0.001501
0,-0.149199,-0.030901,-0.043671,-0.124258,-0.077944,-0.134615,0.002604,0.000539
0,0.1007,-0.094012,0.228173,-0.041177,0.189257,-0.07302,0.001758,0.001641
0,0.099427,0.074171,-0.003391,0.182104,0.039746,0.229389,0.001735,0.001295
0,0.05838,0.077036,-0.061455,0.023708,-0.093927,0.054236,0.001019,0.001345
0,-0.237017,-0.089697,-0.278939,-0.145796,-0.296721,-0.142508,0.004137,0.001566
0,-0.165315,0.071289,0.064883,0.160397,0.020818,0.142338,0.002885,0.001244
0,-0.02632,0.159863,0.120729,0.103159,0.14266,0.138002,0.000459,0.00279
0,-0.000776,0.163242,0.023148,0.027201,0.057809,0.034081,1.4e-05,0.002849
0,-0.122692,-0.065561,-0.102646,-0.258557,-0.133644,-0.256497,0.002141,0.001144
0,-0.118343,-0.07195,0.025303,-0.035838,0.030923,-0.07964,0.002065,0.001256
0,-0.156139,0.095269,-0.008816,0.191061,-0.058145,0.233335,0.002725,0.001663
0,-0.138694,0.149898,-0.009904,0.06067,0.021617,0.059091,0.002421,0.002616
0,-0.128991,0.131153,0.001122,-0.028492,-0.020552,0.009857,0.002251,0.002289
0,0.035602,0.061826,0.194104,-0.09071,0.16425,-0.129785,0.000621,0.001079
0,-0.092396,-0.065244,-0.130253,-0.142852,-0.088375,-0.148072,0.001613,0.001139
0,-0.12711,0.068569,-0.019333,0.107066,0.003028,0.148237,0.002218,0.001197
0,0.038297,-0.101244,0.188773,-0.165874,0.178323,-0.174459,0.000668,0.001767
0,-0.00535,0.030105,-0.073445,0.13066,-0.091476,0.134067,9.3e-05,0.000525
0,0.030184,0.014164,0.055169,-0.02848,0.059183,-0.015595,0.000527,0.000247
0,-0.081352,0.036187,-0.095188,-0.002052,-0.107471,0.021317,0.00142,0.000632
0,-0.126777,-0.015315,-0.071879,-0.03938,-0.03899,-0.044058,0.002213,0.000267
0,0.136517,-0.143156,0.241475,-0.115039,0.194025,-0.150784,0.002383,0.002499
0,0.042105,-0.104808,-0.08312,0.01737,-0.049459,0.025491,0.000735,0.001829
0,1.895671,0.454461,1.865313,0.576537,1.828712,0.565371,0.003186,0.004159
0,2.890345,0.913225,1.017027,0.468689,0.999944,0.439727,0.002084,0.003848
0,4.485027,0.877827,1.596991,-0.017013,1.634437,0.032213,0.005736,0.00323
0,3.897949,0.64084,-0.614854,-0.234484,-0.571595,-0.224376,0.004511,0.000906
0,3.422302,0.706856,-0.471981,0.076852,-0.47932,0.05673,0.000722,0.000246
0,2.908764,0.436377,-0.507271,-0.28729,-0.545763,-0.312069,0.002406,0.004474
0,1.942672,0.371453,-0.972869,-0.054403,-0.934173,-0.076764,0.002365,0.005607
0,1.685998,0.173465,-0.251552,-0.184348,-0.27921,-0.192762,0.005245,0.003028
0,1.214483,0.049964,-0.476504,-0.117026,-0.51775,-0.097457,0.002984,0.000872
0,0.636505,0.167365,-0.596993,0.102909,-0.582888,0.148039,0.000981,0.002921
0,0.131831,-0.083443,-0.496405,-0.250285,-0.483774,-0.263611,0.002301,0.001456
0,0.109234,-0.004386,-0.045588,0.107064,-0.080273,0.118103,0.001906,7.7e-05
0,-0.281082,-0.008201,-0.370723,0.00569,-0.390298,-0.007382,0.004906,0.000143
0,-0.201567,-0.201623,0.101384,-0.168655,0.129855,-0.177354,0.003518,0.003519
0,-0.308654,-0.273455,-0.121403,-0.079903,-0.100334,-0.060149,0.005387,0.004773
0,-0.357321,-0.303007,-0.060489,-0.015874,-0.098337,-0.045516,0.005854,0.005288
0,-0.30472,-0.170045,0.042527,0.105934,0.017348,0.141366,0.005318,0.002968
0,-0.534506,-0.249439,-0.202826,-0.098865,-0.155152,-0.142639,0.002762,0.004354
0,-0.450776,-0.078816,0.102565,0.141966,0.102125,0.159467,0.004223,0.001376
0,-0.231559,-0.201223,0.213623,-0.118921,0.261725,-0.094304,0.004041,0.003512
0,-0.138153,-0.221514,0.072735,-0.005852,0.064888,0.033286,0.002411,0.003866
0,-0.171883,-0.088141,-0.007719,0.156921,-0.001856,0.172707,0.003,0.001538
0,-0.28152,-0.19337,-0.132441,-0.097099,-0.133186,-0.140463,0.004913,0.003375
0,-0.118207,-0.228549,0.18724,-0.035528,0.143455,-0.058435,0.002063,0.003989
0,-0.142696,-0.152105,-0.037857,0.051938,-0.010044,0.030641,0.002491,0.002655
0,0.069713,-0.17596,0.238025,-0.049565,0.286374,-0.006823,0.001217,0.003071
0,-0.05895,-0.067612,-0.108888,0.107792,-0.085577,0.133483,0.001029,0.00118
0,-0.003585,-0.238661,0.080828,-0.14512,0.114531,-0.111703,6.3e-05,0.004165
0,0.10193,-0.059317,0.117322,0.183209,0.151691,0.156872,0.001779,0.001035
0,-0.109222,-0.14773,-0.229871,-0.114702,-0.186914,-0.09817,0.001906,0.002578
0,-0.044242,-0.170309,0.074686,0.002211,0.109596,-0.04557,0.000772,0.002972
0,-0.074072,-0.106871,-0.055705,0.084185,-0.074657,0.045826,0.001293,0.001865
0,-0.155671,-0.300879,-0.074127,-0.173163,-0.097978,-0.146043,0.002717,0.005251
0,0.078359,-0.174776,0.238501,0.105147,0.2102,0.139327,0.001368,0.00305
0,-0.110541,-0.081678,-0.193848,0.064109,-0.200317,0.021548,0.001929,0.001426
0,-0.082653,-0.209256,0.007666,-0.13964,0.000485,-0.140038,0.001443,0.003652
0,-0.088825,-0.056423,-0.032962,0.153279,-0.016787,0.199552,0.00155,0.000985
0,0.087744,-0.148128,0.193324,-0.078258,0.21509,-0.029336,0.001531,0.002585
0,-0.071235,-0.087695,-0.169406,0.067813,-0.171391,0.049257,0.001243,0.001531
0,0.119254,-0.184374,0.196781,-0.119813,0.183289,-0.165531,0.002081,0.003218
0,-0.103818,-0.170693,-0.199282,0.039512,-0.179178,-0.010305,0.001812,0.002979
0,0.142557,-0.016915,0.240676,0.149587,0.228187,0.134228,0.002488,0.000295
0,0.173987,-0.161137,0.05309,-0.13585,0.0325,-0.088306,0.003037,0.002812
0,0.032766,-0.156538,-0.126932,-0.01084,-0.116726,-0.030188,0.000572,0.002732
0,0.066429,-0.286164,0.032685,-0.101443,0.00647,-0.086021,0.001159,0.004995
0,0.027117,-0.012214,-0.030675,0.276488,-0.078309,0.318947,0.000473,0.000213
0,0.00173,-0.193008,-0.04702,-0.170885,-0.041224,-0.207136,3e-05,0.003369
0,-0.030199,-0.095517,-0.006848,0.106671,0.026109,0.154994,0.000527,0.001667
0,-0.100591,-0.018321,-0.062589,0.05585,-0.050032,0.033249,0.001756,0.00032
0,0.026515,-0.110848,0.152166,-0.064657,0.11085,-0.031261,0.000463,0.001935
0,-0.102619,0.013957,-0.111552,0.11399,-0.08955,0.085227,0.001791,0.000244
0,0.002051,-0.244904,0.097513,-0.245917,0.05765,-0.268862,3.6e-05,0.004274
0,0.030204,-0.136744,0.01724,0.094729,0.059887,0.125702,0.000527,0.002387
0,-0.099003,-0.03709,-0.134336,0.091902,-0.128923,0.078205,0.001728,0.000647
0,-0.086793,-0.101701,0.019013,-0.052788,0.047882,-0.019182,0.001515,0.001775
0,0.05619,-0.094364,0.16694,-0.01433,0.165098,0.034605,0.000981,0.001647
0,0.024415,-0.23091,-0.060164,-0.111857,-0.099979,-0.15208,0.000426,0.00403
0,0.090756,-0.222445,0.038188,-0.009459,0.084174,-0.036607,0.001584,0.003882
0,-0.089707,-0.086509,-0.160072,0.147073,-0.163078,0.131218,0.001566,0.00151
0,-0.054021,-0.165413,0.019782,-0.068188,0.049432,-0.028401,0.000943,0.002887
0,-0.117932,-0.230817,-0.068179,-0.064286,-0.029056,-0.080155,0.002058,0.004029
0,-0.197805,-0.057379,-0.051492,0.174181,-0.034867,0.208283,0.003452,0.001001
0,-0.074303,-0.217269,0.141109,-0.14502,0.154323,-0.151079,0.001297,0.003792
0,-0.020644,0.009129,0.070922,0.243292,0.025792,0.225724,0.00036,0.000159
0,-0.165078,-0.016714,-0.120662,-0.048666,-0.104109,-0.00723,0.002881,0.000292
0,0.015515,-0.151556,0.167768,-0.136916,0.13186,-0.154919,0.000271,0.002645
0,-0.084305,-0.120434,-0.071668,0.015537,-0.034239,-0.02436,0.001471,0.002102
0,-0.114419,0.000631,-0.041635,0.125978,-0.020756,0.120726,0.001997,1.1e-05
0,-0.148191,-0.067085,-0.017863,-0.085246,-0.001493,-0.13355,0.002586,0.001171
0,-0.157487,-0.036821,-0.02516,0.037231,-0.067448,0.068288,0.002749,0.000643
0,-0.24637,-0.165048,-0.109197,-0.12653,-0.066688,-0.082669,0.0043,0.002881
0,-0.187766,-0.224471,0.067205,-0.082045,0.041005,-0.043622,0.003277,0.003918
0,-0.097026,-0.235853,0.119436,-0.007502,0.1139,-0.03766,0.001693,0.004116
0,-0.287949,-0.201089,-0.203695,0.051394,-0.215499,0.056746,0.005026,0.00351
0,-0.064879,-0.094754,0.224129,0.096878,0.183651,0.094492,0.001132,0.001654
0,-0.135641,0.074168,-0.049854,0.14586,-0.054079,0.116963,0.002367,0.001294
0,-0.201099,-0.060374,-0.043399,-0.15065,-0.044622,-0.195952,0.00351,0.001054
0,-0.189177,-0.022968,0.014502,0.011716,-0.009229,-0.0201,0.003302,0.000401
0,-0.152916,-0.027336,0.063968,-0.001123,0.052538,0.026033,0.002669,0.000477
0,-0.03124,-0.050927,0.135131,-0.008035,0.090613,-0.035873,0.000545,0.000889
0,-0.075928,0.039701,-0.024027,0.083718,-0.03098,0.065075,0.001325,0.000693
0,0.051151,-0.185435,0.103082,-0.248133,0.111024,-0.20844,0.000893,0.003236
0,0.108583,-0.156974,0.052429,0.01937,0.027539,-0.022768,0.001895,0.00274
0,-0.095187,-0.214074,-0.173815,-0.074875,-0.156386,-0.040469,0.001661,0.003736
0,-0.0728,-0.18902,0.031933,0.049267,-0.002506,0.051305,0.001271,0.003299
0,-0.031958,-0.012987,0.063739,0.178497,0.048101,0.203935,0.000558,0.000227
0,0.200457,-0.126506,0.234645,-0.142777,0.225105,-0.115523,0.003499,0.002208
0,-0.016891,-0.069496,-0.18882,0.065493,-0.195455,0.100672,0.000295,0.001213
0,0.235956,0.10392,0.244345,0.188093,0.289214,0.23085,0.004118,0.001814
0,0.175717,-0.011796,-0.062054,-0.093451,-0.078524,-0.104896,0.003067,0.000206
0,-0.001527,-0.094109,-0.19484,-0.111462,-0.182844,-0.072562,2.7e-05,0.001643
0,0.083149,-0.133822,0.058495,-0.0618,0.076592,-0.084186,0.001451,0.002336
0,0.00102,-0.135781,-0.054381,0.006969,-0.089813,0.036044,1.8e-05,0.00237
0,0.140921,-0.038678,0.156049,0.107199,0.19054,0.086368,0.00246,0.000675
0,0.004901,0.028389,-0.135168,0.055615,-0.184244,0.105089,8.6e-05,0.000495
0,0.027927,-0.152016,0.050304,-0.155936,0.099638,-0.164161,0.000487,0.002653
0,-0.018534,0.00565,-0.068158,0.131728,-0.074171,0.181438,0.000323,9.9e-05
0,-0.054624,0.036088,-0.043907,0.047796,-0.042406,-0.001423,0.000953,0.00063
0,0.032178,0.002547,0.078516,-0.031518,0.12268,-0.079366,0.000562,4.4e-05
0,-0.119582,-0.007118,-0.139486,-0.03421,-0.11664,-0.026457,0.002087,0.000124
0,0.024069,0.102152,0.165592,0.10529,0.133858,0.127331,0.00042,0.001783
0,0.113289,0.117687,0.087293,0.036209,0.064885,0.042877,0.001977,0.002054
0,0.211742,-0.12361,0.08202,-0.25413,0.094398,-0.234926,0.003696,0.002157
0,0.253003,-0.016801,0.069724,0.133969,0.039652,0.095822,0.004416,0.000293
0,-0.013138,-0.085019,-0.240464,-0.084835,-0.196962,-0.04365,0.000229,0.001484
0,0.12096,-0.084757,0.10973,0.015708,0.102944,0.015035,0.002111,0.001479
0,0.040033,-0.041411,-0.099332,0.046068,-0.081124,0.059002,0.000699,0.000723
0,-0.1084,-0.137192,-0.119685,-0.071065,-0.082169,-0.030479,0.001892,0.002394
0,0.006335,-0.055618,0.135821,0.105331,0.185728,0.098102,0.000111,0.000971
0,-0.00076,-0.112131,-0.021588,-0.059164,-0.062966,-0.107049,1.3e-05,0.001957
0,0.146826,-0.023794,0.169166,0.100928,0.140597,0.055248,0.002563,0.000415
0,0.092459,-0.108501,-0.077046,-0.082407,-0.087369,-0.065703,0.001614,0.001894
0,0.089525,-0.022413,-0.012082,0.074965,-0.012127,0.036229,0.001563,0.000391
0,0.011049,-0.020092,-0.053871,0.022706,-0.054273,0.071791,0.000193,0.000351
0,0.018224,0.040607,-0.02136,0.088817,-0.03209,0.115268,0.000318,0.000709
0,0.12477,-0.120279,0.096641,-0.159408,0.108006,-0.115187,0.002178,0.002099
0,0.085289,-0.218068,-0.05445,-0.074007,-0.005182,-0.081547,0.001489,0.003806
0,0.146154,-0.048612,0.08386,0.154009,0.061034,0.168599,0.002551,0.000848
0,-0.109555,0.070036,-0.226159,0.095558,-0.252596,0.07522,0.001912,0.001222
0,0.189809,-0.001026,0.31912,-0.097945,0.359017,-0.057956,0.003313,1.8e-05
0,0.034321,-0.195741,-0.160863,-0.201438,-0.167185,-0.246794,0.000599,0.003416
0,0.184054,-0.198388,0.120155,0.000715,0.092226,0.004558,0.003212,0.003463
0,0.125866,-0.070782,-0.062686,0.136733,-0.023478,0.14883,0.002197,0.001235
0,-0.061915,0.031286,-0.178926,0.104207,-0.215996,0.083455,0.001081,0.000546
0,0.147548,-0.128359,0.222365,-0.189103,0.202478,-0.17277,0.002575,0.00224
0,0.062624,-0.01321,-0.09676,0.109999,-0.123617,0.078511,0.001093,0.000231
0,0.011913,0.012794,-0.040527,0.039724,-0.002196,0.019637,0.000208,0.000223
0,0.10085,-0.000284,0.116501,0.016301,0.090367,0.045144,0.00176,5e-06
0,0.210914,0.064002,0.106659,0.056185,0.079393,0.053074,0.003681,0.001117
0,0.272942,0.108582,0.055462,0.074433,0.077155,0.07459,0.004764,0.001895
0,0.251304,0.08648,-0.036372,0.006599,-0.066304,0.018526,0.004386,0.001509
0,0.057673,0.131835,-0.167454,0.017728,-0.203942,0.048978,0.001007,0.002301
0,0.235698,0.015563,0.196039,-0.137322,0.192947,-0.102492,0.004114,0.000272
0,-0.007668,0.07951,-0.24356,0.071552,-0.216337,0.084865,0.000134,0.001388
0,0.141084,0.021036,0.156801,-0.043604,0.157223,-0.092482,0.002462,0.000367
0,0.153437,-0.059097,0.025128,-0.075985,0.016411,-0.123611,0.002678,0.001031
0,-1.574365,-1.19342,-1.745489,-1.154341,-1.748608,-1.142821,0.003297,0.003352
0,-2.616652,-1.21376,-1.068814,0.005044,-1.033167,-0.018867,0.002693,0.002997
0,-3.979959,-2.005259,-1.339451,-0.809123,-1.318885,-0.842799,0.00308,0.001273
0,-3.467188,-1.943784,0.483389,0.088924,0.514095,0.128552,6.1e-05,0.002346
0,-3.233658,-2.018004,0.237787,-0.064679,0.260859,-0.01986,0.004014,0.001051
0,-2.306357,-1.452375,0.92861,0.575004,0.896655,0.610556,0.003982,0.001168
0,-1.806524,-1.493862,0.48443,-0.021335,0.521018,0.023687,0.004742,0.001892
0,-1.34599,-0.94735,0.476772,0.520424,0.497633,0.474752,0.000689,0.004444
0,-0.825734,-0.579795,0.536031,0.338597,0.529592,0.379655,0.002321,0.001971
0,-0.568962,-0.413487,0.253859,0.173399,0.274666,0.20901,0.00216,0.004874
0,-0.575488,-0.24868,-0.011058,0.194254,0.001053,0.232074,0.002046,0.00434
0,-0.002165,-0.033933,0.576607,0.19788,0.550672,0.161033,3.8e-05,0.000592
0,0.069881,0.148815,0.085576,0.207739,0.060702,0.234111,0.00122,0.002597
0,0.116301,-0.023669,0.063404,-0.158399,0.078748,-0.202625,0.00203,0.000413
0,0.326033,-0.012681,0.218107,-0.008991,0.232515,0.005087,0.00569,0.000221
0,0.16224,0.235198,-0.173661,0.270439,-0.176351,0.260868,0.002832,0.004105
0,0.26786,0.221504,0.083212,0.001839,0.045814,-0.033832,0.004675,0.003866
0,0.222774,0.087397,-0.053151,-0.136938,-0.052416,-0.179238,0.003888,0.001525
0,0.54524,0.145484,0.310583,0.066686,0.33768,0.030661,0.002574,0.002539
0,0.476771,0.211307,-0.088575,0.045737,-0.057255,0.019784,0.003769,0.003688
0,0.250308,0.213748,-0.23889,0.013205,-0.191781,-0.007995,0.004369,0.003731
0,0.330466,0.101176,0.074053,-0.084307,0.056516,-0.075552,0.005768,0.001766
0,0.269718,0.205972,-0.083014,0.096324,-0.061919,0.116859,0.004707,0.003595
0,0.186458,0.168824,-0.080874,-0.011424,-0.123776,0.000434,0.003254,0.002947
0,0.104814,0.26649,-0.081919,0.108043,-0.068278,0.110917,0.001829,0.004651
0,0.151244,0.255154,0.052576,-0.022024,0.007313,0.027775,0.00264,0.004453
0,0.112983,0.075263,-0.039756,-0.204713,-0.055191,-0.203322,0.001972,0.001314
0,0.001497,0.128524,-0.132971,0.036065,-0.145326,0.036149,2.6e-05,0.002243
0,0.013426,0.283348,0.007169,0.148848,0.036614,0.168815,0.000234,0.004945
0,0.102735,0.214651,0.118141,-0.049983,0.113638,-0.037183,0.001793,0.003746
0,-0.034925,0.201315,-0.123635,-0.005064,-0.079337,-0.051764,0.00061,0.003514
0,-0.000922,0.235707,0.036826,0.006759,0.045233,-0.03592,1.6e-05,0.004114
0,0.041246,0.188925,0.046043,-0.053766,0.072915,-0.08445,0.00072,0.003297
0,0.115269,0.167094,0.072275,-0.010761,0.071249,-0.010634,0.002012,0.002916
0,0.124266,0.20275,0.007372,0.046339,-0.034721,0.068042,0.002169,0.003539
0,0.097563,0.148904,-0.007426,-0.032073,0.037079,-0.060883,0.001703,0.002599
0,-0.020221,0.088166,-0.135814,-0.064439,-0.102914,-0.04664,0.000353,0.001539
0,-0.072214,0.305051,-0.024133,0.207331,-0.059331,0.242668,0.00126,0.005324
0,0.131921,0.27211,0.198116,-0.031396,0.241213,-0.055253,0.002302,0.004749
0,0.149459,0.024228,0.016368,-0.239856,-0.016877,-0.250046,0.002609,0.000423
0,0.00275,0.240432,-0.170517,0.189394,-0.185232,0.205903,4.8e-05,0.004196
0,-0.012791,0.12939,-0.022755,-0.120537,-0.01533,-0.132067,0.000223,0.002258
0,-0.069865,0.16066,-0.081658,0.051877,-0.088219,0.035977,0.001219,0.002804
0,0.036982,0.076931,0.078894,-0.112526,0.117486,-0.140511,0.000645,0.001343
0,-0.05398,0.123153,-0.08172,0.048297,-0.125012,0.08717,0.000942,0.002149
0,0.207707,0.247888,0.254823,0.116806,0.219634,0.146746,0.003625,0.004326
0,0.121164,0.085065,-0.066011,-0.191723,-0.098785,-0.218891,0.002115,0.001485
0,0.127295,0.324667,-0.009405,0.210771,-0.042986,0.185718,0.002222,0.005667
0,0.218069,0.246827,0.105922,-0.054587,0.141979,-0.011205,0.003806,0.004308
0,0.120248,0.215763,-0.094694,-0.002682,-0.113235,-0.011592,0.002099,0.003766
0,0.071749,0.224284,-0.022323,0.033897,-0.037314,0.009448,0.001252,0.003914
0,0.042137,0.070525,-0.013162,-0.133914,-0.028444,-0.182752,0.000735,0.001231
0,-0.129505,0.240459,-0.200515,0.162499,-0.221989,0.116745,0.00226,0.004197
0,0.089793,0.009227,0.246763,-0.212754,0.277129,-0.183404,0.001567,0.000161
0,-0.019674,0.091569,-0.106613,0.078111,-0.146888,0.09239,0.000343,0.001598
0,-0.118088,0.019867,-0.085106,-0.071385,-0.086893,-0.023346,0.002061,0.000347
0,-0.138423,0.098496,0.009027,0.09805,0.020493,0.064131,0.002416,0.001719
0,0.116291,0.180086,0.256236,0.082016,0.220426,0.036516,0.00203,0.003143
0,-0.182501,0.045164,-0.306115,-0.137487,-0.332652,-0.129606,0.003185,0.000788
0,-0.014059,0.050038,0.142954,0.034589,0.159461,0.02211,0.000245,0.000873
0,-0.092355,0.195287,-0.102141,0.147146,-0.109763,0.109798,0.001612,0.003408
0,-0.154439,0.148719,-0.051231,-0.018434,-0.025611,-0.046821,0.002695,0.002596
0,-0.187454,0.079791,-0.030108,-0.052311,-0.053771,-0.061863,0.003272,0.001393
0,-0.087546,0.016621,0.126961,-0.075937,0.174141,-0.079877,0.001528,0.00029
0,-0.186009,0.113143,-0.118403,0.090445,-0.101319,0.102877,0.003246,0.001975
0,0.048333,0.070159,0.244936,-0.070462,0.235548,-0.099729,0.000844,0.001225
0,0.610967,0.78586,0.550016,0.692222,0.567323,0.710003,0.001427,0.001625
0,0.675864,0.917219,0.076428,0.155737,0.060681,0.190183,0.000294,0.003918
0,0.562887,1.323555,-0.109203,0.424657,-0.073114,0.395467,0.002266,0.001081
0,0.64838,1.250958,0.058868,-0.071089,0.013778,-0.086404,0.000774,0.002348
0,0.672166,1.029286,0.043454,-0.233306,0.040984,-0.275494,0.000359,0.005874
0,0.545515,0.732858,-0.146802,-0.299037,-0.116946,-0.282842,0.002569,0.0007
0,0.32341,0.579993,-0.203438,-0.130623,-0.231351,-0.136568,0.005645,0.001968
0,0.467335,0.464245,0.132387,-0.120134,0.134529,-0.161818,0.003934,0.003988
0,0.190294,0.377385,-0.299731,-0.106975,-0.342956,-0.098636,0.003321,0.005504
0,0.090538,0.21059,-0.072424,-0.139757,-0.122015,-0.124743,0.00158,0.003675
0,-0.030523,0.075417,-0.133936,-0.11599,-0.133345,-0.071904,0.000533,0.001316
0,0.094264,-0.017577,0.116234,-0.093146,0.145984,-0.137647,0.001645,0.000307
0,0.108893,-0.274716,0.037212,-0.285451,0.046893,-0.31353,0.001901,0.004795
0,-0.06958,-0.338161,-0.18123,-0.042073,-0.226411,-0.016029,0.001214,0.005902
0,0.121748,-0.281757,0.184554,0.040534,0.194149,0.031267,0.002125,0.004918
0,-0.099914,-0.239145,-0.20107,0.045628,-0.193805,0.051766,0.001744,0.004174
0,-0.095522,-0.183801,-0.020686,0.041389,-0.000194,0.000216,0.001667,0.003208
0,-0.10032,-0.210641,-0.00776,-0.040139,0.003657,-0.069713,0.001751,0.003676
0,0.162604,-0.460909,0.247589,-0.248974,0.197618,-0.270712,0.002838,0.004046
0,-0.010847,-0.415964,-0.189752,0.016734,-0.239643,-0.000957,0.000189,0.004831
0,-0.050047,-0.444451,-0.039556,-0.01705,-0.065517,-0.006078,0.000873,0.004333
0,-0.101436,-0.267696,-0.041059,0.189525,0.004696,0.142143,0.00177,0.004672
0,0.12129,-0.319859,0.202617,-0.044654,0.232026,-0.018951,0.002117,0.005583
0,0.106565,-0.19892,0.006153,0.150594,-0.03287,0.136258,0.00186,0.003472
0,0.10601,-0.331446,-0.000569,-0.112489,-0.023614,-0.143309,0.00185,0.005785
0,0.048873,-0.299592,-0.073389,0.056732,-0.086395,0.05999,0.000853,0.005229
0,-0.066742,-0.157524,-0.102614,0.123976,-0.100803,0.148668,0.001165,0.002749
0,0.024653,-0.137787,0.075119,0.035397,0.10239,-0.008643,0.00043,0.002405
0,-0.003733,-0.300722,-0.041047,-0.170924,-0.018106,-0.216421,6.5e-05,0.005249
0,0.055587,-0.157435,0.076053,0.113784,0.044189,0.104973,0.00097,0.002748
0,0.037896,-0.177049,0.006908,0.004599,-0.009512,0.045361,0.000661,0.00309
0,-0.056874,-0.242193,-0.111775,-0.05451,-0.13224,-0.039298,0.000993,0.004227
0,-0.157038,-0.113539,-0.124417,0.108271,-0.146842,0.125122,0.002741,0.001982
0,0.050625,-0.120831,0.219229,-0.021079,0.227615,-0.001593,0.000884,0.002109
0,-0.242536,-0.018601,-0.314625,0.112941,-0.272714,0.095919,0.004233,0.000325
0,-0.243153,-0.113641,-0.01326,-0.114085,-0.036782,-0.08227,0.004244,0.001983
0,-0.066299,-0.14527,0.181038,-0.038197,0.160087,0.002347,0.001157,0.002535
0,-0.12951,-0.178414,-0.045681,-0.046056,-0.030742,-0.034366,0.00226,0.003114
0,-0.161676,-0.066864,-0.020826,0.103696,-0.050413,0.106136,0.002822,0.001167
0,-0.250815,-0.222596,-0.065644,-0.158289,-0.034639,-0.173178,0.004378,0.003885
0,-0.346838,-0.176379,-0.099629,0.072499,-0.055362,0.068353,0.006037,0.003078
0,-0.301175,-0.057076,0.053593,0.143737,0.051059,0.180192,0.005256,0.000996
0,-0.13146,-0.044643,0.176984,0.01226,0.165506,0.048705,0.002294,0.000779
0,-0.276221,-0.216369,-0.15413,-0.187985,-0.136891,-0.234878,0.004821,0.003776
0,-0.291495,-0.016946,0.013957,0.173657,-0.035708,0.209908,0.005088,0.000296
0,-0.180491,-0.013213,0.081983,-0.023984,0.069539,-0.001245,0.00315,0.000231
0,-0.126541,-0.051375,0.036278,-0.057221,0.050503,-0.007704,0.002209,0.000897
0,-0.05649,-0.075509,0.067797,-0.041608,0.106884,-0.064337,0.000986,0.001318
0,-0.088575,-0.155987,-0.048891,-0.055339,-0.006116,-0.069481,0.001546,0.002722
0,-0.336538,0.015304,-0.234999,0.14363,-0.238778,0.19091,0.005874,0.000267
0,-0.044488,-0.146656,0.265826,-0.165095,0.235289,-0.186169,0.000776,0.00256
0,-0.019567,-0.27608,0.033778,-0.149047,0.038036,-0.131107,0.000342,0.004818
0,-0.290115,-0.249774,-0.281559,0.009366,-0.297837,0.037353,0.005063,0.004359
0,-0.261051,0.006382,0.050189,0.235932,0.009049,0.203807,0.004556,0.000111
0,-0.041272,-0.139436,0.226382,-0.148858,0.262761,-0.140005,0.00072,0.002434
0,-0.117976,-0.116571,-0.094769,0.039027,-0.074899,0.029831,0.002059,0.002035
0,-0.069067,-0.17855,0.0614,-0.087154,0.025158,-0.08131,0.001205,0.003116
0,-0.191414,-0.13822,-0.094185,0.017289,-0.063067,0.060514,0.003341,0.002412
0,-0.044942,-0.192855,0.128563,-0.029197,0.086254,-0.074723,0.000784,0.003366
0,-0.06944,-0.180135,-0.02819,0.024198,-0.070694,0.032516,0.001212,0.003144
0,-0.13762,0.040618,-0.083515,0.22514,-0.124848,0.208693,0.002402,0.000709
0,0.03742,0.044106,0.148907,0.001961,0.114291,-0.033198,0.000653,0.00077
0,-0.141928,-0.001281,-0.153068,-0.065041,-0.109463,-0.099724,0.002477,2.2e-05
0,-0.03125,-0.182603,0.093258,-0.155564,0.056265,-0.140195,0.000545,0.003187
0,-0.030464,-0.135596,0.007181,0.025379,0.039161,0.014047,0.000532,0.002367
0,0.018313,0.054374,0.023645,0.166006,0.018071,0.208116,0.00032,0.000949
0,-0.182129,-0.135088,-0.208467,-0.160963,-0.204892,-0.123804,0.003179,0.002358
0,-0.043433,0.041582,0.129323,0.188744,0.14641,0.221431,0.000758,0.000726
0,-0.15771,-0.029129,-0.136203,-0.06812,-0.17195,-0.063737,0.002753,0.000508
0,-0.058574,0.161804,0.108935,0.171432,0.061989,0.216469,0.001022,0.002824
0,-0.083171,-0.016269,-0.021231,-0.200971,-0.018712,-0.179387,0.001452,0.000284
0,0.090589,0.136063,0.159357,0.123485,0.134611,0.119266,0.001581,0.002375
0,0.073672,-0.048732,-0.014613,-0.197425,0.010953,-0.178681,0.001286,0.000851
0,-0.020839,0.105723,-0.102441,0.168892,-0.076515,0.181828,0.000364,0.001845
0,0.064487,-0.088153,0.066409,-0.209412,0.081979,-0.243144,0.001126,0.001539
0,-0.132418,0.030414,-0.211529,0.092267,-0.179243,0.14062,0.002311,0.000531
0,-0.133036,-0.039676,-0.009877,-0.077095,-0.04286,-0.049916,0.002322,0.000692
0,-0.170692,0.110881,-0.018813,0.144826,-0.032618,0.125535,0.002979,0.001935
0,-0.154841,0.181845,0.000459,0.085709,-0.038729,0.053551,0.002702,0.003174
0,0.02999,-0.062983,0.183535,-0.273593,0.167403,-0.271934,0.000523,0.001099
0,-0.089316,-0.116211,-0.13004,-0.064596,-0.128491,-0.108087,0.001559,0.002028
0,-0.110107,0.106469,-0.000579,0.211299,-0.046096,0.25417,0.001922,0.001858
0,0.027865,0.09477,0.108582,-0.028868,0.141834,-0.06517,0.000486,0.001654
0,-0.141522,0.138463,-0.165311,0.016217,-0.18505,0.026588,0.00247,0.002417
0,0.02618,0.106589,0.194062,-0.033024,0.229328,-0.051911,0.000457,0.00186
0,0.087472,0.058682,0.032328,-0.039604,-0.005428,-0.014531,0.001527,0.001024
0,0.014838,0.126954,-0.052067,0.047096,-0.07431,0.047478,0.000259,0.002216
0,-0.101009,-0.089249,-0.100404,-0.207402,-0.094736,-0.224662,0.001763,0.001558
0,0.037368,-0.114589,0.139468,-0.041152,0.093825,-0.057225,0.000652,0.002
0,0.116725,0.126208,0.106704,0.226261,0.125256,0.197058,0.002037,0.002203
0,0.128238,0.039757,0.015136,-0.06738,0.013124,-0.086712,0.002238,0.000694
0,0.188599,-0.070539,0.07113,-0.099204,0.023159,-0.148486,0.003292,0.001231
0,-0.117047,-0.089394,-0.325886,-0.038011,-0.365201,-0.066112,0.002043,0.00156
0,-0.062197,-0.021427,0.036802,0.039934,0.049941,0.005507,0.001086,0.000374
0,0.058301,0.061754,0.130849,0.110136,0.171095,0.062999,0.001018,0.001078
0,0.075184,-0.097306,-0.011795,-0.154371,0.02042,-0.124261,0.001312,0.001698
0,0.049844,0.002562,-0.038837,0.080199,-0.006786,0.125644,0.00087,4.5e-05
0,0.142136,0.00863,0.09703,0.000587,0.14127,0.010921,0.002481,0.000151
0,0.047516,-0.135322,-0.09595,-0.15836,-0.131895,-0.123875,0.000829,0.002362
0,-0.005886,-0.117069,-0.077025,0.004772,-0.033976,0.033982,0.000103,0.002043
0,0.04574,0.058454,0.077212,0.181755,0.043748,0.156503,0.000798,0.00102
0,0.08231,0.068033,0.034209,-0.01677,0.011371,-0.046273,0.001437,0.001187
0,-0.142533,-0.007578,-0.202463,-0.102785,-0.241915,-0.104941,0.002488,0.000132
0,-0.031374,0.021215,0.133974,0.008357,0.157442,0.037734,0.000548,0.00037
0,-0.08919,0.076535,-0.082929,0.03842,-0.077888,0.064493,0.001557,0.001336
0,-0.091904,0.05885,0.018735,-0.032112,0.067377,-0.072512,0.001604,0.001027
0,-0.038051,0.106215,0.060811,0.041364,0.017444,0.005781,0.000664,0.001854
0,-0.173428,0.148814,-0.147057,0.069997,-0.114262,0.108222,0.003027,0.002597
0,-0.014664,-0.016285,0.136683,-0.15927,0.087391,-0.13546,0.000256,0.000284
0,-0.180783,-0.126464,-0.154958,-0.108077,-0.134966,-0.116489,0.003155,0.002207
0,-0.129625,0.007338,0.035266,0.109489,0.013158,0.126411,0.002262,0.000128
0,-0.033697,0.049858,0.071734,0.029177,0.056802,-0.008989,0.000588,0.00087
0,-0.129035,-0.163521,-0.066709,-0.23056,-0.053249,-0.278506,0.002252,0.002854
0,-0.269466,0.05461,-0.138539,0.212872,-0.160297,0.24918,0.004703,0.000953
0,-0.021056,0.062795,0.251465,-0.021641,0.276869,0.015188,0.000368,0.001096
0,-0.298729,-0.113624,-0.272148,-0.147152,-0.27481,-0.104349,0.005214,0.001983
0,-0.272673,0.078947,0.022566,0.211733,0.020618,0.234078,0.004759,0.001378
0,-0.132247,-0.173639,0.167222,-0.229572,0.157119,-0.266986,0.002308,0.003031
0,-0.043894,-0.070168,0.114386,0.091481,0.137878,0.092253,0.000766,0.001225
0,-0.124999,0.005504,-0.10863,0.052354,-0.089997,0.095788,0.002182,9.6e-05
0,-0.331066,0.082533,-0.18833,0.076758,-0.165821,0.10407,0.005778,0.00144
0,-0.293742,-0.862691,0.030802,-0.916036,0.042815,-0.886467,0.005127,0.002966
0,-0.085159,-1.658531,0.197818,-0.812224,0.244339,-0.797328,0.001486,0.004766
0,0.009346,-1.671884,0.106065,-0.003471,0.131405,0.001276,0.000163,0.004999
0,-0.2271,-1.624063,-0.245957,0.072249,-0.233074,0.117152,0.003964,0.004164
0,-0.089757,-2.240882,0.12909,-0.645206,0.096827,-0.638463,0.001567,0.002839
0,-0.059444,-2.024487,0.025802,0.238581,0.012654,0.225165,0.001037,0.000937
0,-0.052731,-1.534823,-0.023177,0.512322,0.011682,0.498503,0.00092,0.002607
0,-0.090367,-1.419394,-0.024038,0.09209,-0.068262,0.123629,0.001577,0.000592
0,-0.037981,-1.029234,0.037079,0.385241,0.061298,0.389321,0.000663,0.005873
0,-0.085288,-0.525357,-0.04038,0.489655,-0.053768,0.492399,0.001489,0.002921
0,0.078552,-0.373871,0.163643,0.125365,0.175017,0.078456,0.001371,0.005565
0,-0.061474,-0.11304,-0.160846,0.269908,-0.131291,0.267587,0.001073,0.001973
0,-0.127299,-0.027041,-0.07995,0.063236,-0.032038,0.084909,0.002222,0.000472
0,-0.004842,0.02586,0.139973,0.048337,0.181842,0.055664,8.5e-05,0.000451
0,-0.071666,0.17447,-0.083506,0.124076,-0.110675,0.105711,0.001251,0.003045
0,-0.172533,0.383622,-0.121673,0.201826,-0.088572,0.234103,0.003011,0.005395
0,-0.03495,0.318081,0.159967,-0.039946,0.204021,-0.010097,0.00061,0.005552
0,-0.042223,0.262795,0.005625,-0.040982,-0.035266,-0.069565,0.000737,0.004587
0,-0.002482,0.227372,0.041214,-0.010899,0.083432,-0.05283,4.3e-05,0.003968
0,-0.082318,0.026893,-0.055473,-0.193717,-0.032727,-0.207016,0.001437,0.000469
0,0.028689,0.088925,0.091315,0.052595,0.141299,0.092866,0.000501,0.001552
0,-0.198465,0.241565,-0.202658,0.133659,-0.161229,0.116579,0.003464,0.004216
0,-0.162425,0.159688,0.050279,-0.098525,0.043596,-0.14713,0.002835,0.002787
0,-0.057962,0.023633,0.108573,-0.146657,0.145854,-0.147223,0.001012,0.000412
0,-0.100304,0.246991,-0.064348,0.248058,-0.026807,0.226686,0.001751,0.004311
0,-0.037156,0.160457,0.03611,-0.066304,-0.009896,-0.054612,0.000648,0.0028
0,-0.124932,-0.006869,-0.05806,-0.151817,-0.049859,-0.160272,0.00218,0.00012
0,-0.139229,0.044443,-0.024613,0.05349,-0.009617,0.039003,0.00243,0.000776
0,-0.046874,0.231958,0.09258,0.196312,0.085611,0.216914,0.000818,0.004048
0,-0.110613,0.237788,-0.072808,-0.019547,-0.053584,-0.054404,0.001931,0.00415
0,-0.156415,0.247857,-0.057419,0.007281,-0.044268,-0.022951,0.00273,0.004326
0,-0.004214,0.228929,0.152051,-0.022663,0.148344,-0.046946,7.4e-05,0.003996
0,0.053804,0.071024,0.068156,-0.141209,0.04841,-0.127084,0.000939,0.00124
0,-0.107622,0.150469,-0.138436,0.072897,-0.18664,0.099667,0.001878,0.002626
0,0.005964,0.196199,0.125453,0.04745,0.159627,0.096973,0.000104,0.003424
0,0.01811,0.023749,-0.017255,-0.18641,0.02476,-0.162306,0.000316,0.000414
0,-0.186161,0.001608,-0.203194,0.00701,-0.201153,-0.038313,0.003249,2.8e-05
0,0.024698,0.207808,0.202661,0.191045,0.21109,0.157638,0.000431,0.003627
0,-0.11984,0.170525,-0.15324,-0.059936,-0.171989,-0.082667,0.002092,0.002976
0,-0.012549,0.241215,0.087181,0.085746,0.091337,0.119212,0.000219,0.00421
0,-0.193325,0.066427,-0.159464,-0.159147,-0.204898,-0.164836,0.003374,0.001159
0,-0.217511,0.208865,-0.049862,0.161096,-0.010087,0.119912,0.003796,0.003645
0,-0.000615,0.190371,0.24307,0.010387,0.193277,-0.032272,1.1e-05,0.003323
0,-0.232011,0.077952,-0.23593,-0.08391,-0.198139,-0.129349,0.004049,0.001361
0,-0.168453,0.070258,0.034736,-0.026097,0.06189,-0.010442,0.00294,0.001226
0,-0.144754,0.048619,0.001554,-0.041905,-0.022311,-0.060892,0.002526,0.000849
0,-0.12744,0.03467,-0.006138,-0.00079,0.029974,0.037443,0.002224,0.000605
0,-0.015113,-0.124988,0.120363,-0.185664,0.09093,-0.172238,0.000264,0.002181
0,-0.136427,0.133924,-0.101838,0.262925,-0.095913,0.284815,0.002381,0.002337
0,0.068625,0.123963,0.17904,-0.012492,0.211426,0.005537,0.001198,0.002164
0,-0.030793,0.073757,-0.128714,-0.062217,-0.102751,-0.050902,0.000537,0.001287
0,-0.037139,0.142451,0.022355,0.070103,0.066339,0.11254,0.000648,0.002486
0,-0.024131,0.150975,0.021991,0.003045,0.009829,0.03959,0.000421,0.002635
0,-0.081786,0.12788,-0.059269,-0.047536,-0.03516,-0.063117,0.001427,0.002232
0,-0.048007,0.140565,0.009246,0.037284,-0.009376,0.037048,0.000838,0.002453
0,-0.03318,-0.100245,-3.9e-05,-0.264471,0.028574,-0.297007,0.000579,0.00175
0,-0.08691,0.127096,-0.031831,0.257222,-0.052195,0.296578,0.001517,0.002218
0,0.091585,0.134206,0.157354,0.001115,0.151417,-0.025055,0.001598,0.002342
0,-0.034179,-0.073265,-0.140982,-0.235887,-0.122462,-0.250765,0.000597,0.001279
0,0.247449,0.151551,0.256776,0.241273,0.305558,0.226996,0.004319,0.002645
0,0.240865,0.052907,0.002209,-0.100165,-0.032814,-0.099637,0.004204,0.000923
0,0.069913,-0.144532,-0.158813,-0.208928,-0.118719,-0.19639,0.00122,0.002523
0,0.00553,0.005753,-0.084867,0.143593,-0.106516,0.099181,9.7e-05,0.0001
0,0.203181,-0.013653,0.209742,-0.023151,0.166904,0.017894,0.003546,0.000238
0,-0.049933,0.036352,-0.255693,0.045763,-0.218489,0.08289,0.000871,0.000634
0,0.01294,0.060827,0.076606,0.037661,0.087114,-0.010224,0.000226,0.001062
0,-0.108181,0.109942,-0.116941,0.055209,-0.142797,0.046099,0.001888,0.001919
0,0.10629,0.067607,0.205967,-0.021406,0.206134,-0.053482,0.001855,0.00118
0,0.056133,0.049668,-0.070627,-0.035199,-0.030391,-0.034507,0.00098,0.000867
0,-0.066795,0.117086,-0.122639,0.043541,-0.138628,0.064068,0.001166,0.002044
0,0.018078,0.155262,0.059968,0.043631,0.011092,0.056111,0.000316,0.00271
0,-0.09024,-0.053168,-0.095297,-0.198405,-0.05941,-0.209524,0.001575,0.000928
0,-0.191678,0.096135,-0.092022,0.173808,-0.134888,0.155751,0.003345,0.001678
0,-0.22589,0.112339,-0.011572,-0.007927,-0.044329,-0.001476,0.003943,0.001961
0,-0.046987,-0.002403,0.175873,-0.106063,0.129015,-0.137834,0.00082,4.2e-05
0,-0.127968,0.029619,-0.10039,0.018605,-0.103183,0.059641,0.002233,0.000517
0,-0.010967,0.130788,0.12888,0.097571,0.092768,0.076391,0.000191,0.002283
0,-0.109689,-0.0471,-0.111912,-0.193606,-0.11525,-0.177376,0.001914,0.000822
0,-0.123953,-0.021029,0.001393,0.015724,-0.015477,0.000266,0.002163,0.000367
0,0.113645,-0.113455,0.216724,-0.117651,0.189039,-0.132,0.001983,0.00198
0,0.120223,-0.047517,0.028196,0.080707,0.017862,0.084372,0.002098,0.000829
0,2.278739,-1.510869,2.138064,-1.449899,2.147496,-1.474088,0.0035,0.002189
0,4.978959,-2.369343,2.721157,-0.843409,2.674937,-0.810684,0.002266,0.005081
0,5.619529,-2.768206,0.666241,-0.380455,0.686804,-0.391402,0.001355,4.8e-05
0,5.15806,-2.390483,-0.490094,0.365257,-0.446122,0.351331,0.005392,0.00545
0,4.573404,-1.919126,-0.612466,0.487288,-0.617974,0.532645,0.004812,0.002776
0,3.793834,-1.412733,-0.774884,0.477745,-0.811625,0.441272,0.005762,0.000476
0,2.2802,-0.978755,-1.541086,0.454115,-1.552599,0.490473,0.003526,0.004992
0,1.01487,-0.596194,-1.268349,0.368189,-1.224969,0.413651,0.005622,0.001685
0,-0.001634,-0.507605,-0.988983,0.07776,-1.033187,0.029187,2.9e-05,0.003231
0,-0.073405,-0.029286,-0.09424,0.490999,-0.086763,0.540226,0.001281,0.000511
0,-0.129602,0.030546,-0.055035,0.078251,-0.099624,0.043594,0.002262,0.000533
0,-0.494635,0.180624,-0.387215,0.131761,-0.423431,0.139118,0.003457,0.003152
0,-0.429229,0.279442,0.067607,0.1021,0.079845,0.111963,0.004599,0.004877
0,-0.342931,0.350787,0.063644,0.054962,0.108744,0.097089,0.005985,0.005968
0,-0.370559,0.357352,-0.052853,-0.003201,-0.070891,-0.029356,0.005623,0.005854
0,-0.240312,0.174828,0.104533,-0.203361,0.15183,-0.212988,0.004194,0.003051
0,-0.27921,0.17185,-0.031454,-0.027944,0.01407,-0.015505,0.004873,0.002999
0,-0.128667,0.094004,0.170221,-0.072152,0.139615,-0.119815,0.002246,0.001641
0,-0.053378,0.119211,0.059226,0.008238,0.076263,0.038446,0.000932,0.002081
0,0.008798,0.257597,0.061205,0.133819,0.102549,0.142375,0.000154,0.004496
0,-0.226227,0.243111,-0.228244,-0.018692,-0.199456,-0.002902,0.003948,0.004243
0,0.017498,0.094768,0.243557,-0.168056,0.271084,-0.118232,0.000305,0.001654
0,-0.005905,0.295968,-0.004548,0.195434,0.035776,0.213457,0.000103,0.005166
0,-0.222239,0.083978,-0.217681,-0.183164,-0.207088,-0.221529,0.003879,0.001466
0,-0.073943,0.209337,0.165337,0.153509,0.195344,0.19916,0.001291,0.003654
0,-0.101387,0.159767,-0.029338,-0.044582,-0.011387,-0.041828,0.00177,0.002788
0,-0.14436,0.292719,-0.041558,0.136551,-0.027025,0.16929,0.00252,0.005109
0,-0.012853,0.082953,0.157796,-0.186249,0.207613,-0.196545,0.000224,0.001448
0,-0.057348,0.251326,-0.036215,0.187992,-0.023172,0.1875,0.001001,0.004386
0,-0.117265,0.129585,-0.033815,-0.119448,-0.047615,-0.115785,0.002047,0.002262
0,0.003753,0.044257,0.130163,-0.107736,0.091026,-0.110456,6.6e-05,0.000772
0,-0.036605,0.031917,-0.057592,0.006117,-0.084793,0.054564,0.000639,0.000557
0,0.062599,0.05974,0.089753,0.030282,0.126949,-0.013144,0.001093,0.001043
0,-0.094717,0.221061,-0.132877,0.171489,-0.130209,0.153645,0.001653,0.003858
0,-0.164107,0.047506,-0.04256,-0.199651,-0.079554,-0.194348,0.002864,0.000829
0,0.074641,0.175284,0.223795,0.143928,0.194106,0.110573,0.001303,0.003059
0,0.338906,0.355664,0.273199,0.159379,0.313792,0.176083,0.005915,0.005883
0,0.361264,0.75044,0.004952,0.393711,0.01794,0.40357,0.005785,0.001007
0,0.203864,1.104794,-0.12758,0.327873,-0.146213,0.355753,0.003558,0.004899
0,0.210551,0.90653,0.021818,-0.176359,0.031689,-0.20219,0.003675,0.003731
0,0.14387,0.639319,-0.06666,-0.26647,-0.070297,-0.286333,0.002511,0.000932
0,0.425194,0.682273,0.263416,0.046162,0.301648,0.045674,0.004669,0.000183
0,0.232974,0.538138,-0.190654,-0.155004,-0.148168,-0.145342,0.004066,0.002698
0,0.224208,0.133569,0.021061,-0.414211,-0.007221,-0.459556,0.003913,0.002331
0,0.211648,0.220016,-0.025201,0.101686,-0.018376,0.151017,0.003694,0.00384
0,0.087285,0.13357,-0.149237,-0.071658,-0.166445,-0.111197,0.001523,0.002331
0,0.211658,0.140966,0.121207,0.021525,0.078166,-0.003802,0.003694,0.00246
0,0.234885,0.090066,0.015411,-0.080514,0.024105,-0.120276,0.0041,0.001572
0,0.304237,0.154742,0.078785,0.056306,0.029603,0.101836,0.00531,0.002701
0,0.157092,-0.048236,-0.164893,-0.219119,-0.149023,-0.214576,0.002742,0.000842
0,0.095005,0.039043,-0.050416,0.078896,-0.070881,0.072302,0.001658,0.000681
0,0.160379,-0.061113,0.079665,-0.081667,0.035275,-0.11148,0.002799,0.001067
0,-0.009529,0.078024,-0.174626,0.148541,-0.187211,0.176115,0.000166,0.001362
0,0.219546,0.086258,0.235569,0.01579,0.222979,-0.00114,0.003832,0.001505
0,0.155898,0.150323,-0.076827,0.03635,-0.059789,0.046085,0.002721,0.002624
0,0.019813,-0.007831,-0.152341,-0.135941,-0.134644,-0.086225,0.000346,0.000137
0,0.288781,-0.10956,0.262562,-0.088539,0.248292,-0.095633,0.00504,0.001912
0,0.202113,-0.104473,-0.063286,-0.016236,-0.037164,0.015436,0.003528,0.001823
0,0.124685,-0.133834,-0.069136,-0.046475,-0.038254,-0.075679,0.002176,0.002336
0,0.016815,0.043177,-0.09564,0.171979,-0.054682,0.199718,0.000293,0.000754
0,0.142666,-0.114531,0.11286,-0.160145,0.106032,-0.206446,0.00249,0.001999
0,0.12966,-0.048494,0.010093,0.053206,0.003071,0.069528,0.002263,0.000846
0,0.131421,0.114133,-0.023511,0.178651,0.000447,0.169282,0.002294,0.001992
0,0.235577,-0.094361,0.119548,-0.203594,0.150294,-0.205987,0.004112,0.001647
0,0.31892,-0.093559,0.107378,-0.027369,0.144368,-0.026566,0.005566,0.001633
0,0.327943,-0.145111,0.018997,-0.071959,-0.024667,-0.07667,0.005724,0.002533
0,0.261161,0.098661,-0.064345,0.22825,-0.097575,0.242586,0.004558,0.001722
0,0.267801,0.002046,0.005163,-0.107128,-0.010473,-0.104458,0.004674,3.6e-05
0,0.262406,-0.00058,0.002555,0.00204,0.023703,-0.022231,0.00458,1e-05
0,0.088892,0.124026,-0.19484,0.105638,-0.162212,0.064902,0.001551,0.002165
0,0.082048,0.194087,0.009995,0.064901,0.055938,0.099755,0.001432,0.003387
0,0.136978,0.112035,0.05853,-0.105313,0.0353,-0.118274,0.002391,0.001955
0,0.034966,0.060305,-0.109195,-0.031789,-0.14607,-0.047186,0.00061,0.001053
0,-0.010629,0.204282,-0.050146,0.139903,-0.089503,0.162614,0.000186,0.003565
0,0.115044,0.128887,0.110625,-0.046724,0.150226,-0.032791,0.002008,0.00225
0,0.178791,0.112219,0.044732,-0.007843,0.041969,-0.018919,0.00312,0.001959
0,0.244571,-0.097958,0.067956,-0.219625,0.063496,-0.256375,0.004269,0.00171
0,0.1814,-0.005888,-0.075088,0.079923,-0.039369,0.05075,0.003166,0.000103
0,-0.114033,0.114554,-0.272187,0.106133,-0.31845,0.138673,0.00199,0.001999
0,-0.086984,0.113154,0.033754,0.002117,0.062807,0.038228,0.001518,0.001975
0,-0.039042,0.174258,0.05239,0.049661,0.088106,0.092137,0.000681,0.003041
0,-0.018903,0.06436,0.040568,-0.138848,0.076935,-0.107057,0.00033,0.001123
0,-0.075795,0.030339,-0.027716,-0.032237,0.020646,-0.021052,0.001323,0.00053
0,-0.015608,-0.004919,0.087499,-0.0457,0.093348,-0.027038,0.000272,8.6e-05
0,0.066971,0.006453,0.093729,-0.002801,0.102033,-0.047045,0.001169,0.000113
0,0.065922,-0.027922,-0.023854,-0.037703,-0.007472,-0.087127,0.001151,0.000487
0,0.001773,0.000904,-0.093251,0.047584,-0.106469,0.022299,3.1e-05,1.6e-05
0,-0.02496,0.132008,-0.039024,0.103053,-0.082692,0.075915,0.000436,0.002304
0,-0.024346,-0.146138,-0.026403,-0.304421,0.022747,-0.328929,0.000425,0.002551
0,-0.064488,-0.008552,-0.037063,0.131008,-0.076291,0.120989,0.001126,0.000149
0,-0.33185,-0.71149,-0.282997,-0.728494,-0.254392,-0.761942,0.005792,0.000327
0,-0.240487,-1.04828,0.067206,-0.358414,0.075171,-0.329164,0.004197,0.005885
0,-0.453805,-1.005089,-0.202734,0.042419,-0.183033,0.064849,0.00417,0.005452
0,-0.453907,-1.214324,0.021859,-0.236474,0.033573,-0.26184,0.004168,0.002987
0,-0.38966,-1.21478,0.090272,-0.025555,0.095734,-0.061026,0.00529,0.002979
0,-0.366093,-1.056055,0.023142,0.154948,0.022293,0.121101,0.005701,0.005749
0,-0.064894,-0.798939,0.279134,0.251312,0.252572,0.292981,0.001133,0.001854
0,-0.12664,-0.293777,-0.067459,0.475804,-0.045213,0.435773,0.00221,0.005127
0,-0.063216,-0.306132,0.039434,-0.007245,0.032723,-0.0265,0.001103,0.005343
0,0.03288,-0.132883,0.116949,0.1757,0.142922,0.219241,0.000574,0.002319
0,0.174188,-0.264012,0.145855,-0.150085,0.095912,-0.192784,0.00304,0.004608
0,0.147804,0.006584,-0.040318,0.278672,-0.04917,0.267349,0.00258,0.000115
0,0.024275,-0.222744,-0.11069,-0.249747,-0.060826,-0.247173,0.000424,0.003888
0,0.069084,-0.065603,0.071685,0.162785,0.051589,0.118185,0.001206,0.001145
0,0.038038,0.020636,-0.012265,0.061835,0.018526,0.106974,0.000664,0.00036
0,0.092765,-0.193801,0.047182,-0.214072,0.048051,-0.227885,0.001619,0.003382
0,0.151893,-0.076131,0.079916,0.11795,0.084906,0.096976,0.002651,0.001329
0,0.153969,-0.04174,-0.006889,0.015491,-0.026615,0.046097,0.002687,0.000729
0,0.160863,0.044894,0.026822,0.112896,0.007499,0.143252,0.002808,0.000784
0,0.159946,-0.062138,0.014342,-0.126412,0.055675,-0.091007,0.002792,0.001085
0,-0.021422,0.018155,-0.177957,0.078569,-0.148059,0.03577,0.000374,0.000317
0,-0.083857,-0.025289,-0.060368,-0.06989,-0.048229,-0.108638,0.001464,0.000441
0,0.035441,0.031743,0.106658,0.038761,0.154123,0.061382,0.000619,0.000554
0,0.077962,-0.063559,0.062632,-0.078057,0.013697,-0.089305,0.001361,0.001109
0,0.141017,-0.167557,0.053043,-0.086101,0.09977,-0.091449,0.002461,0.002924
0,-0.148325,0.075705,-0.314528,0.228231,-0.303873,0.235043,0.002589,0.001321
0,-0.025701,0.067566,0.111815,-0.027629,0.110194,-0.021828,0.000449,0.001179
0,-0.12896,-0.184389,-0.082997,-0.240369,-0.054838,-0.235447,0.002251,0.003218
0,0.117653,-0.036835,0.25272,0.160975,0.220013,0.142577,0.002053,0.000643
0,-0.107142,-0.133555,-0.213469,-0.109689,-0.170904,-0.115303,0.00187,0.002331
0,-0.149718,-0.135826,-0.04358,-0.01263,-0.016924,-0.022489,0.002613,0.002371
0,0.04199,-0.114248,0.174646,0.038563,0.14349,0.021022,0.000733,0.001994
0,-0.183427,-0.131758,-0.199045,-0.040064,-0.189492,-0.011965,0.003201,0.0023
0,-0.010652,0.063251,0.159263,0.167168,0.155121,0.123642,0.000186,0.001104
0,-0.012313,-0.191817,-0.018003,-0.227049,-0.065095,-0.190046,0.000215,0.003348
0,0.081233,-0.118833,0.072637,0.070681,0.023893,0.119022,0.001418,0.002074
0,-0.098199,-0.175689,-0.203257,-0.041111,-0.176307,-0.058663,0.001714,0.003066
0,-0.052484,-0.112617,0.051601,0.065065,0.014435,0.074157,0.000916,0.001966
0,0.153551,-0.164463,0.186407,-0.025948,0.18401,-0.060133,0.00268,0.00287
0,-0.020709,0.061882,-0.145606,0.207372,-0.133593,0.22087,0.000361,0.00108
0,0.151719,-0.048365,0.200144,-0.135711,0.155784,-0.175187,0.002648,0.000844
0,0.210711,-0.014203,0.033094,0.021994,-0.009673,0.017816,0.003678,0.000248
0,0.139088,-0.068417,-0.073821,-0.079685,-0.023925,-0.044688,0.002428,0.001194
0,0.063238,-0.147222,-0.098495,-0.068778,-0.120276,-0.059287,0.001104,0.00257
0,-0.005897,-0.177018,-0.079871,-0.027815,-0.094171,0.013652,0.000103,0.00309
0,0.067035,-0.133786,0.101906,0.040613,0.129848,-0.001425,0.00117,0.002335
0,0.227123,-0.113501,0.183941,0.040493,0.176987,0.079463,0.003964,0.001981
0,0.233581,-0.069016,-0.003897,0.03704,-0.02829,0.075014,0.004077,0.001205
0,0.187075,-0.058484,-0.020738,0.015642,-0.022645,0.034783,0.003265,0.001021
0,-0.030316,0.088086,-0.240288,0.125484,-0.194232,0.146045,0.000529,0.001537
0,-0.053121,0.079215,-0.047672,-0.013,-0.040427,-0.051593,0.000927,0.001383
0,-0.102537,-0.041716,-0.043457,-0.093431,-0.042147,-0.107578,0.00179,0.000728
0,-0.156591,0.080031,-0.0357,0.12404,-0.039521,0.113928,0.002733,0.001397
0,-0.154041,0.088306,0.017444,-0.01955,0.064038,-0.024468,0.002689,0.001541
0,-0.098345,-0.084073,0.036096,-0.163859,0.020459,-0.115292,0.001716,0.001467
0,0.022754,0.031759,0.119026,0.105451,0.093454,0.103778,0.000397,0.000554
0,0.126421,0.138212,0.074005,0.080328,0.066642,0.074919,0.002206,0.002412
0,-0.163526,0.09438,-0.316294,-0.058956,-0.27055,-0.073954,0.002854,0.001647
0,-0.131813,-0.131842,0.022859,-0.228282,-0.004277,-0.216264,0.002301,0.002301
0,-0.063371,-0.135481,0.087062,-0.030238,0.063269,-0.01923,0.001106,0.002365
0,-0.04746,-0.178892,0.034261,-0.041023,-0.007643,-0.067984,0.000828,0.003122
0,0.039548,-0.053242,0.084643,0.11537,0.080768,0.072615,0.00069,0.000929
0,-0.086449,0.003621,-0.131036,0.029836,-0.167166,0.076918,0.001509,6.3e-05
0,-0.191025,0.03431,-0.10835,0.005029,-0.090995,-0.012106,0.003334,0.000599
0,-0.036352,0.009313,0.162512,-0.019382,0.165516,0.00268,0.000634,0.000163
0,0.026485,-0.126864,0.075905,-0.145943,0.113503,-0.168491,0.000462,0.002214
0,-0.187973,0.068791,-0.234799,0.202064,-0.244801,0.232698,0.003281,0.001201
0,-0.095867,-0.083311,0.088627,-0.170788,0.09021,-0.143447,0.001673,0.001454
0,-0.079586,-0.092223,-0.004923,-0.008632,-0.039916,-0.05157,0.001389,0.00161
0,-0.215616,-0.036013,-0.115328,0.039836,-0.091701,0.025008,0.003763,0.000629
0,0.00563,0.129308,0.239857,0.194543,0.234966,0.181555,9.8e-05,0.002257
0,-0.017196,0.071603,-0.01839,-0.064712,-0.017975,-0.106244,0.0003,0.00125
0,-0.101001,-0.120263,-0.064899,-0.186569,-0.088044,-0.226658,0.001763,0.002099
0,-0.067743,-0.044761,0.026228,0.09209,0.06042,0.112024,0.001182,0.000781
0,-0.129734,-0.015296,-0.056812,0.054069,-0.0929,0.063905,0.002264,0.000267
0,-0.012746,0.080467,0.131165,0.086369,0.116246,0.055297,0.000222,0.001404
0,-0.206326,-0.029886,-0.169487,-0.133278,-0.177266,-0.154901,0.003601,0.000522
0,-0.052669,0.084111,0.153173,0.121291,0.103661,0.095631,0.000919,0.001468
0,0.076454,0.014516,0.125886,-0.070848,0.154176,-0.032042,0.001334,0.000253
0,-0.179632,0.080783,-0.275536,0.05389,-0.229267,0.072145,0.003135,0.00141
0,-0.177495,-0.161378,-0.007529,-0.246771,0.033635,-0.216304,0.003098,0.002817
0,0.052652,-0.027471,0.211574,0.135516,0.195466,0.158362,0.000919,0.000479
0,-0.080834,0.003699,-0.107164,0.016274,-0.141479,0.064173,0.001411,6.5e-05
0,-0.028296,-0.041977,0.059143,-0.053994,0.052301,-0.026353,0.000494,0.000733
0,-0.151483,-0.133929,-0.149205,-0.066576,-0.102023,-0.067307,0.002644,0.002338
0,-0.039819,0.086735,0.132245,0.225835,0.134345,0.176701,0.000695,0.001514
0,-0.121489,-0.131737,-0.104246,-0.207017,-0.056573,-0.223817,0.00212,0.002299
0,-0.1627,-0.104098,-0.059695,0.021817,-0.087054,0.061318,0.00284,0.001817
0,-0.053247,-0.108645,0.100418,0.020172,0.148817,0.021702,0.000929,0.001896
0,-0.222282,-0.081991,-0.152603,0.019267,-0.188699,0.003271,0.00388,0.001431
0,-0.037945,-0.068325,0.180045,0.032807,0.199564,-0.006349,0.000662,0.001192
0,-0.185862,0.025209,-0.119605,0.072748,-0.107331,0.055543,0.003244,0.00044
0,-0.301838,-0.089202,-0.110512,-0.106779,-0.139246,-0.081964,0.005268,0.001557
0,-0.197791,-0.087474,0.124754,0.01352,0.136832,0.044484,0.003452,0.001527
0,-0.157151,-0.160371,0.050106,-0.091229,0.026407,-0.108958,0.002743,0.002799
0,-0.083954,0.018604,0.04762,0.150054,0.071677,0.187813,0.001465,0.000325
0,-0.277389,0.04715,-0.171559,0.022498,-0.142329,0.047768,0.004841,0.000823
0,-0.110908,-0.109872,0.141476,-0.145543,0.184848,-0.193223,0.001936,0.001918
0,-0.308585,-0.110566,-0.174107,0.019814,-0.169916,0.053819,0.005386,0.00193
0,-0.195111,0.034034,0.115546,0.159342,0.143644,0.116982,0.003405,0.000594
0,-0.236635,0.097052,-0.015627,0.087361,-0.049304,0.119077,0.00413,0.001694
0,-0.191616,0.012215,0.070195,-0.070464,0.052205,-0.057606,0.003344,0.000213
0,-0.272219,0.003187,-0.095933,0.014197,-0.132992,0.049654,0.004751,5.6e-05
0,-0.267132,0.061532,-0.006972,0.048201,-0.05407,0.09051,0.004662,0.001074
0,-0.193781,-0.035287,0.055104,-0.089353,0.020091,-0.097347,0.003382,0.000616
0,-0.284619,-0.124112,-0.115322,-0.075129,-0.081805,-0.070874,0.004968,0.002166
0,-0.313102,-0.045971,-0.001928,0.065433,-0.007559,0.020178,0.005465,0.000802
0,-0.186004,-0.024183,0.152506,0.049039,0.137549,0.090008,0.003246,0.000422
0,-0.213983,0.021644,-0.034084,0.037248,-0.010594,0.042878,0.003735,0.000378
0,-0.274304,-0.046581,-0.059262,-0.05701,-0.077611,-0.018017,0.004788,0.000813
0,-0.126638,-0.195273,0.130746,-0.154669,0.177915,-0.180861,0.00221,0.003408
0,-0.157228,-0.032204,-0.054067,0.166131,-0.043364,0.139437,0.002744,0.000562
0,-0.185421,0.057527,-0.049823,0.113981,-0.033775,0.080105,0.003236,0.001004
0,-0.178105,-0.192972,0.022284,-0.250872,0.02066,-0.299041,0.003109,0.003368
0,-0.196759,0.054149,-0.027034,0.250999,0.017536,0.267019,0.003434,0.000945
0,-0.068429,-0.136863,0.14819,-0.217198,0.187824,-0.184011,0.001194,0.002389
0,-0.060201,-0.151442,0.015596,-0.030361,-0.034262,0.003084,0.001051,0.002643
0,-0.274817,-0.069798,-0.22171,0.102567,-0.249134,0.077114,0.004796,0.001218
0,-0.020746,0.102066,0.251987,0.196027,0.261709,0.227513,0.000362,0.001781
0,-0.024884,-0.02695,-0.004796,-0.116285,-0.023307,-0.156936,0.000434,0.00047
0,-0.260571,-0.02358,-0.231216,0.019402,-0.205191,0.044299,0.004548,0.000412
0,-0.011602,0.104858,0.273063,0.157127,0.245653,0.11701,0.000202,0.00183
0,-0.204674,-0.141145,-0.217876,-0.270231,-0.18307,-0.28578,0.003572,0.002463
0,0.097705,0.111307,0.281274,0.236915,0.28472,0.269326,0.001705,0.001943
0,0.079856,0.081066,0.007185,-0.005637,-0.009761,-0.033322,0.001394,0.001415
0,0.032331,0.035437,-0.045591,-0.075143,-0.054628,-0.124462,0.000564,0.000618
0,-0.012529,0.136758,-0.026757,0.104297,-0.017769,0.07097,0.000219,0.002387
0,0.04072,0.14023,0.024947,0.009467,0.007466,0.050694,0.000711,0.002447
0,-0.085347,0.041809,-0.103237,-0.095032,-0.07383,-0.135255,0.00149,0.00073
0,-0.092758,0.046078,-0.03095,-0.00717,-0.016117,-0.014762,0.001619,0.000804
0,-0.03199,0.126358,0.041377,0.102084,0.037494,0.103063,0.000558,0.002205
0,-0.137175,-0.084942,-0.130226,-0.239167,-0.142552,-0.201287,0.002394,0.001483
0,-0.040478,0.085372,0.089427,0.192824,0.117715,0.212717,0.000706,0.00149
0,0.051521,0.054718,0.082659,-0.023102,0.100825,-0.069876,0.000899,0.000955
0,-0.011795,0.027067,-0.083445,-0.045764,-0.060841,-0.024866,0.000206,0.000472
0,0.235743,0.084474,0.25732,0.027778,0.230746,0.043965,0.004114,0.001474
0,0.245619,-0.075968,-0.008083,-0.176224,0.005844,-0.128451,0.004287,0.001326
0,0.009306,-0.070737,-0.247267,-0.00014,-0.269907,-0.050094,0.000162,0.001235
0,0.112724,0.095806,0.11103,0.191701,0.062999,0.170148,0.001967,0.001672
0,0.126088,0.0422,0.023631,-0.060796,-0.004003,-0.040254,0.002201,0.000737
0,0.15494,0.074189,0.020542,0.06151,0.029733,0.029786,0.002704,0.001295
0,0.198959,0.115036,0.069332,0.037881,0.063803,0.032119,0.003472,0.002008
0,0.067408,-0.01382,-0.111538,-0.157457,-0.101911,-0.120129,0.001176,0.000241
0,0.299798,0.001514,0.243812,-0.006883,0.281568,-0.029211,0.005232,2.6e-05
0,0.199887,-0.067803,-0.128745,-0.080636,-0.159137,-0.045851,0.003489,0.001183
0,0.191062,0.053452,0.00102,0.118185,-0.029274,0.111413,0.003335,0.000933
0,0.094136,0.004947,-0.074643,-0.067187,-0.10956,-0.054669,0.001643,8.6e-05
0,0.180383,0.166288,0.113821,0.138588,0.103026,0.110435,0.003148,0.002902
0,0.240565,0.104008,0.062624,-0.043317,0.067097,-0.048274,0.004199,0.001815
0,0.195412,0.054378,-0.025364,-0.057949,-0.048863,-0.08313,0.003411,0.000949
0,0.247895,-0.020784,0.03087,-0.096725,0.038841,-0.081192,0.004327,0.000363
0,0.059305,0.086798,-0.169573,0.137501,-0.181651,0.187419,0.001035,0.001515
0,0.086024,0.024823,0.010021,-0.076532,0.024091,-0.059529,0.001501,0.000433
0,0.052316,-0.101324,-0.031531,-0.149799,-0.00855,-0.157205,0.000913,0.001768
0,0.132808,-0.008687,0.081475,0.065809,0.129094,0.071198,0.002318,0.000152
0,0.039961,0.116706,-0.087395,0.102091,-0.043147,0.073306,0.000697,0.002037
0,0.193397,-0.148409,0.164543,-0.238564,0.184139,-0.267335,0.003375,0.00259
0,-0.01732,-0.00916,-0.225691,0.15606,-0.241294,0.112089,0.000302,0.00016
0,0.000237,0.145485,0.046019,0.157662,0.007989,0.206285,4e-06,0.002539
0,0.029086,-0.134404,0.006996,-0.289505,-0.023231,-0.250591,0.000508,0.002346
0,-0.009307,0.014659,-0.04406,0.127863,-0.088874,0.1224,0.000162,0.000256
0,0.125317,0.161713,0.135872,0.156836,0.116728,0.115136,0.002187,0.002822
0,0.028279,0.00467,-0.098943,-0.170185,-0.054368,-0.18011,0.000494,8.2e-05
0,-0.019907,-0.008663,-0.071185,-0.022292,-0.10192,-0.023027,0.000347,0.000151
0,0.269797,0.142864,0.299244,0.16901,0.280442,0.16895,0.004709,0.002493
0,0.104034,0.170857,-0.180219,0.055429,-0.224944,0.081172,0.001816,0.002982
0,0.071301,-0.031775,-0.020034,-0.17412,0.006059,-0.188161,0.001244,0.000555
0,0.124209,0.03699,0.033697,0.070589,0.051682,0.082975,0.002168,0.000646
0,0.191687,-0.012853,0.06925,-0.072367,0.091631,-0.118947,0.003346,0.000224
0,0.131014,-0.071097,-0.059711,-0.084137,-0.07529,-0.052305,0.002287,0.001241
0,0.016964,-0.014063,-0.111098,0.063443,-0.155965,0.063318,0.000296,0.000245
0,0.254796,0.167129,0.21045,0.182617,0.204668,0.135009,0.004447,0.002917
0,0.014735,0.094793,-0.243515,-0.074706,-0.233134,-0.065446,0.000257,0.001654
0,0.032416,0.05884,-0.007416,-0.05571,0.030924,-0.036209,0.000566,0.001027
0,-0.018815,0.039336,-0.03185,-0.038522,-0.078763,-0.076547,0.000328,0.000687
0,0.29046,-0.069475,0.309873,-0.111111,0.317339,-0.098125,0.005069,0.001213
0,0.095458,0.003785,-0.179919,0.102687,-0.214125,0.112079,0.001666,6.6e-05
0,0.185645,0.049923,0.087312,0.036837,0.119682,0.076655,0.00324,0.000871
0,0.274328,0.141872,0.09544,0.120854,0.130837,0.077891,0.004788,0.002476
0,0.100882,-0.012021,-0.173667,-0.150661,-0.219232,-0.196118,0.001761,0.00021
0,0.200321,-0.027194,0.113489,-0.004647,0.130783,-0.049174,0.003496,0.000475
0,0.215902,-0.118016,0.018857,-0.098326,0.002341,-0.112345,0.003768,0.00206
0,0.22895,-0.069796,-0.008931,0.04037,-0.000628,0.01536,0.003996,0.001218
0,0.004359,-0.082457,-0.224617,-0.014202,-0.242177,-0.042103,7.6e-05,0.001439
0,0.028218,-0.081951,0.042972,-0.028004,-0.00602,-0.018008,0.000492,0.00143
0,-0.004744,0.128935,-0.029236,0.195824,-0.054034,0.24214,8.3e-05,0.00225
0,0.190739,0.019953,0.223218,-0.135955,0.265631,-0.137886,0.003329,0.000348
0,0.011534,0.136019,-0.205818,0.145026,-0.167893,0.09557,0.000201,0.002374
0,0.151645,-0.02778,0.16067,-0.140458,0.118213,-0.180599,0.002647,0.000485
0,0.001409,-0.012927,-0.175617,0.027548,-0.161649,0.011981,2.5e-05,0.000226
0,0.228615,-0.080119,0.201928,-0.072001,0.177804,-0.044408,0.00399,0.001398
0,0.078122,-0.090994,-0.153053,-0.021912,-0.141776,-0.012392,0.001363,0.001588
0,0.214557,0.070032,0.128914,0.180119,0.105189,0.170671,0.003745,0.001222
0,0.088217,-0.036669,-0.131226,-0.101584,-0.140945,-0.058882,0.00154,0.00064
0,0.156277,0.08667,0.060663,0.121011,0.068103,0.143368,0.002728,0.001513
0,0.099194,0.003406,-0.072995,-0.094981,-0.112031,-0.121917,0.001731,5.9e-05
0,0.119332,0.028564,-0.000937,0.027476,0.042705,0.039621,0.002083,0.000499
0,0.142141,0.066109,0.012487,0.06754,0.006961,0.116798,0.002481,0.001154
0,0.002737,0.124556,-0.1392,0.084504,-0.173385,0.107401,4.8e-05,0.002174
0,-0.043252,0.063539,-0.049589,-0.073135,-0.088485,-0.075881,0.000755,0.001109
0,0.013539,0.074848,0.032207,0.017868,-0.017519,-0.016084,0.000236,0.001306
0,-0.015624,0.166603,-0.011608,0.115743,-0.029879,0.080598,0.000273,0.002908
0,-0.009747,0.179894,-0.004472,0.009188,-0.029895,-0.019381,0.00017,0.00314
0,0.041068,0.161415,0.064839,0.005507,0.114033,0.024697,0.000717,0.002817
0,-0.046167,0.004709,-0.11556,-0.145242,-0.130082,-0.120562,0.000806,8.2e-05
0,0.005084,0.152474,0.055792,0.153335,0.104364,0.162623,8.9e-05,0.002661
0,0.246708,0.060346,0.258131,-0.075279,0.261001,-0.110294,0.004306,0.001053
0,0.08272,0.055887,-0.153063,-0.031563,-0.135455,-0.072615,0.001444,0.000975
0,0.013488,0.108814,-0.076301,0.037375,-0.054764,0.002231,0.000235,0.001899
0,-0.063559,0.01276,-0.096442,-0.109864,-0.09641,-0.158617,0.001109,0.000223
0,0.013819,-0.015831,0.050414,-0.027123,0.080428,-0.031383,0.000241,0.000276
0,0.18867,-0.111526,0.176922,-0.114982,0.204706,-0.154481,0.003293,0.001947
0,0.112936,-0.171691,-0.068889,-0.044309,-0.091221,-0.087718,0.001971,0.002997
0,-0.022176,0.063986,-0.134944,0.21499,-0.127011,0.212922,0.000387,0.001117
0,0.200862,0.000697,0.223727,-0.072614,0.191247,-0.036189,0.003506,1.2e-05
0,0.016772,-0.126067,-0.186728,-0.128732,-0.176262,-0.14551,0.000293,0.0022
0,-0.116498,-0.117765,-0.130697,-0.011108,-0.12924,0.004773,0.002033,0.002055
0,0.058255,-0.10563,0.196248,0.021331,0.174876,-0.014612,0.001017,0.001844
0,-0.062911,-0.100004,-0.091517,-0.005372,-0.098774,0.024912,0.001098,0.001745
0,0.194508,0.170518,0.281756,0.243602,0.244316,0.209585,0.003395,0.002976
0,-0.050138,-0.041516,-0.251658,-0.241718,-0.249807,-0.286358,0.000875,0.000725
0,0.058904,0.052017,0.107259,0.102839,0.14627,0.144651,0.001028,0.000908
0,0.066302,0.096177,-0.01513,0.027752,-0.041113,-0.020916,0.001157,0.001679
0,0.014841,0.136721,-0.041129,0.051048,-0.024944,0.073542,0.000259,0.002386
0,0.029075,0.067921,0.026485,-0.043491,0.042927,-0.022784,0.000507,0.001185
0,-0.096128,0.164402,-0.144143,0.124538,-0.124297,0.135041,0.001678,0.002869
0,-0.10138,-0.047031,0.009279,-0.221663,-0.007101,-0.236986,0.001769,0.000821
0,-0.194971,-0.080943,-0.120063,-0.039448,-0.127905,-0.037213,0.003403,0.001413
0,0.02841,0.065865,0.245748,0.141156,0.220122,0.124881,0.000496,0.00115
0,-0.071267,-0.063713,-0.112595,-0.159377,-0.089292,-0.119289,0.001244,0.001112
0,0.017219,0.040495,0.067478,0.101162,0.037208,0.052268,0.000301,0.000707
0,0.093682,0.053445,0.067745,0.017742,0.063003,-0.024152,0.001635,0.000933
0,0.157919,0.044365,0.061538,-0.000987,0.038965,0.020986,0.002756,0.000774
0,0.06067,0.079679,-0.097814,0.012619,-0.085981,0.007517,0.001059,0.001391
0,0.095839,0.036674,0.032472,-0.026637,0.003258,-0.039801,0.001673,0.00064
0,0.208036,-0.081839,0.122912,-0.099656,0.146124,-0.105615,0.003631,0.001428
0,-0.033006,0.141537,-0.24411,0.203981,-0.292721,0.160508,0.000576,0.00247
0,0.151643,0.064081,0.190838,-0.076057,0.232949,-0.102284,0.002647,0.001118
0,0.136345,-0.086359,-0.026492,-0.121221,0.009408,-0.096404,0.00238,0.001507
0,0.087103,0.130239,-0.069948,0.225412,-0.077161,0.207382,0.00152,0.002273
0,0.140782,-0.00128,0.069646,-0.149385,0.019737,-0.141904,0.002457,2.2e-05
0,0.217886,-0.055049,0.067397,-0.054437,0.113836,-0.03001,0.003803,0.000961
0,-0.010177,0.107328,-0.215755,0.152493,-0.263628,0.176343,0.000178,0.001873
0,0.165139,-0.026869,0.17388,-0.118866,0.203367,-0.108608,0.002882,0.000469
0,0.263339,0.119162,0.100007,0.158574,0.059075,0.11147,0.004596,0.00208
0,0.13773,0.110531,-0.102969,0.002797,-0.113733,-0.045234,0.002404,0.001929
0,0.220731,0.116048,0.112771,0.003243,0.093366,-0.019028,0.003852,0.002025
0,0.07227,-0.09746,-0.141683,-0.207681,-0.160705,-0.192438,0.001261,0.001701
0,0.057768,-0.111819,-0.023872,-0.004718,-0.036551,-0.049543,0.001008,0.001952
0,-0.113823,0.063778,-0.194244,0.198388,-0.241475,0.217662,0.001987,0.001113
0,0.205472,0.076933,0.340803,0.00376,0.342398,0.033022,0.003586,0.001343
0,-0.022747,0.093819,-0.230068,0.003116,-0.242023,0.005229,0.000397,0.001637
0,0.105011,0.080613,0.106695,-0.021782,0.121885,-0.063221,0.001833,0.001407
0,0.175323,-0.127934,0.096669,-0.19453,0.075567,-0.155639,0.00306,0.002233
0,0.141414,-0.138989,-0.02084,0.012191,-0.035477,-0.020168,0.002468,0.002426
0,0.008898,0.145636,-0.115892,0.287731,-0.149398,0.291444,0.000155,0.002542
0,0.102173,-0.162358,0.12157,-0.329543,0.084028,-0.371611,0.001783,0.002834
0,0.130882,-0.140145,0.004132,0.047605,-0.019895,0.04651,0.002284,0.002446
0,0.03038,0.068164,-0.090943,0.216826,-0.109971,0.250366,0.00053,0.00119
0,0.143673,-0.133117,0.117024,-0.173847,0.1604,-0.215234,0.002508,0.002323
0,0.142224,-0.166855,0.02558,-0.042343,0.008814,-0.012993,0.002482,0.002912
0,-0.070863,0.115565,-0.208951,0.30291,-0.239447,0.29185,0.001237,0.002017
0,0.144859,0.016887,0.191688,-0.118884,0.145831,-0.082742,0.002528,0.000295
0,0.01984,-0.03074,-0.100384,-0.069181,-0.115738,-0.056512,0.000346,0.000537
0,0.207252,-0.040561,0.191526,-0.003241,0.2176,0.038121,0.003617,0.000708
0,0.13579,0.054234,-0.075402,0.107714,-0.067034,0.065307,0.00237,0.000947
0,0.072983,0.016829,-0.068033,-0.052662,-0.051954,-0.07095,0.001274,0.000294
0,0.055311,-0.174792,-0.006803,-0.190685,-0.032333,-0.147579,0.000965,0.003051
0,0.10023,-0.184042,0.053974,-0.004549,0.010278,0.017348,0.001749,0.003212
0,0.273562,0.080481,0.15779,0.260369,0.1697,0.213264,0.004775,0.001405
0,0.246731,0.07436,-0.00481,0.01303,-0.005866,0.001318,0.004306,0.001298
0,0.217525,0.003,-0.004492,-0.061154,-0.016635,-0.109355,0.003797,5.2e-05
0,0.164048,0.037574,-0.029809,0.056668,-0.060738,0.077465,0.002863,0.000656
0,0.18326,-0.122783,-0.005653,-0.158028,0.02094,-0.14706,0.003198,0.002143
0,0.055757,0.032998,-0.154907,0.149998,-0.204795,0.198014,0.000973,0.000576
0,-0.074799,-0.200029,-0.124373,-0.250035,-0.172802,-0.294095,0.001305,0.003491
0,0.083011,0.029406,0.172522,0.239927,0.216382,0.231553,0.001449,0.000513
0,-0.025073,-0.087126,-0.111172,-0.099581,-0.086044,-0.054896,0.000438,0.001521
0,0.157663,0.063641,0.183778,0.175499,0.166594,0.167761,0.002752,0.001111
0,0.102499,-0.000814,-0.030812,-0.062322,-0.003414,-0.020059,0.001789,1.4e-05
0,-0.071979,0.049229,-0.144738,0.071182,-0.097174,0.089561,0.001256,0.000859
0,0.154106,-0.062776,0.199796,-0.102354,0.182002,-0.060692,0.00269,0.001096
0,0.132299,-0.118336,-0.043315,-0.051303,-0.049184,-0.039726,0.002309,0.002065
0,-0.078441,0.002523,-0.20823,0.095701,-0.200744,0.075578,0.001369,4.4e-05
0,-0.014809,-0.159679,0.08705,-0.136144,0.123227,-0.139881,0.000258,0.002787
0,-0.172505,0.054472,-0.133387,0.228871,-0.131815,0.270045,0.003011,0.000951
0,0.015088,0.052984,0.208408,0.009294,0.242123,0.052,0.000263,0.000925
0,-0.103178,-0.04626,-0.146282,-0.086277,-0.097567,-0.073597,0.001801,0.000807
0,-0.022286,-0.069013,0.060454,0.002401,0.071074,-0.003862,0.000389,0.001205
0,-0.131421,0.020859,-0.113265,0.088384,-0.099755,0.063262,0.002294,0.000364
0,-0.018563,0.052918,0.116491,0.017058,0.149452,0.058295,0.000324,0.000924
0,0.074934,-0.030162,0.106464,-0.105942,0.093906,-0.057911,0.001308,0.000526
0,-0.17212,0.040367,-0.254055,0.077477,-0.303626,0.114073,0.003004,0.000705
0,0.041652,0.046403,0.233557,0.015011,0.270402,-0.000206,0.000727,0.00081
0,0.085871,-0.159842,0.059934,-0.2082,0.059398,-0.228458,0.001499,0.00279
0,0.071385,-0.078232,0.003877,0.068591,0.011747,0.044881,0.001246,0.001365
0,0.001427,0.111562,-0.042954,0.20006,-0.067412,0.170151,2.5e-05,0.001947
0,-0.06856,0.124822,-0.046978,0.017765,-0.025963,0.03406,0.001197,0.002179
0,-0.006178,-0.113582,0.091664,-0.2153,0.071811,-0.260425,0.000108,0.001982
0,-0.098177,0.062505,-0.113639,0.179124,-0.109842,0.186472,0.001714,0.001091
0,-0.056282,0.004322,0.049666,-0.08602,0.038281,-0.073153,0.000982,7.5e-05
0,-0.232591,0.142166,-0.153532,0.123057,-0.18362,0.160405,0.004059,0.002481
0,-0.101566,-0.080709,0.150842,-0.198222,0.133426,-0.240639,0.001773,0.001409
0,-0.071635,0.125874,0.028277,0.218557,0.009426,0.211622,0.00125,0.002197
0,-0.125505,-0.003441,-0.07311,-0.145007,-0.042688,-0.161782,0.00219,6e-05
0,-0.003346,-0.058528,0.131166,-0.081026,0.114827,-0.081435,5.8e-05,0.001022
0,0.027063,0.074848,0.057936,0.160434,0.065573,0.195193,0.000472,0.001306
0,-0.109464,0.069106,-0.151161,-0.00912,-0.133912,-0.022081,0.001911,0.001206
0,-0.157962,0.039429,-0.052878,-0.012756,-0.102396,-0.053832,0.002757,0.000688
0,0.010348,0.106569,0.177623,0.050512,0.134014,0.075014,0.000181,0.00186
0,-0.005103,0.133972,-0.002798,0.029384,0.008322,0.033619,8.9e-05,0.002338
0,-0.040053,0.117208,-0.043562,-0.010992,-0.036732,-0.018444,0.000699,0.002046
0,0.007118,0.085127,0.035047,-0.007837,0.016149,-0.023416,0.000124,0.001486
0,-0.223899,-0.125687,-0.226118,-0.211696,-0.236287,-0.167855,0.003908,0.002194
0,-0.026188,-0.019772,0.209034,0.086374,0.237687,0.055234,0.000457,0.000345
0,-0.182564,0.074492,-0.14932,0.120278,-0.107338,0.120615,0.003186,0.0013
0,-0.071461,-0.037228,0.085315,-0.131967,0.05167,-0.137566,0.001247,0.00065
0,-0.056787,0.058885,0.040953,0.076467,0.031469,0.112058,0.000991,0.001028
0,-0.131162,0.007618,-0.100685,-0.030491,-0.085872,-0.079318,0.002289,0.000133
0,-0.180941,-0.171681,-0.039349,-0.162651,-0.035411,-0.184474,0.003158,0.002996
0,-0.192923,0.071424,-0.026232,0.247998,-0.007483,0.28473,0.003367,0.001247
0,0.09382,-0.133411,0.267577,-0.209293,0.231792,-0.258379,0.001637,0.002328
0,-0.154848,-0.129491,-0.226541,0.002877,-0.180837,-0.027026,0.002703,0.00226
0,-0.082526,-0.093215,0.07793,0.006691,0.071231,0.028605,0.00144,0.001627
0,0.093104,0.113565,0.153245,0.200767,0.200483,0.204462,0.001625,0.001982
0,-0.114603,0.04258,-0.202923,-0.064934,-0.208647,-0.087658,0.002,0.000743
0,-0.206403,-0.082321,-0.073017,-0.130991,-0.031463,-0.180439,0.003602,0.001437
0,-0.038182,0.153956,0.15231,0.264843,0.113961,0.313102,0.000666,0.002687
0,-0.118155,-0.062608,-0.098746,-0.201258,-0.072565,-0.153183,0.002062,0.001093
0,-0.002107,-0.131435,0.114429,-0.085579,0.150147,-0.067149,3.7e-05,0.002294
0,-0.110733,-0.016769,-0.131821,0.10872,-0.083363,0.059936,0.001933,0.000293
0,-0.17494,0.026747,-0.058776,0.050185,-0.010223,0.022178,0.003053,0.000467
0,-0.087557,0.088639,0.093543,0.069051,0.07881,0.032023,0.001528,0.001547
0,-0.183527,-0.002984,-0.117478,-0.082417,-0.071162,-0.08512,0.003203,5.2e-05
0,-0.021958,-0.038202,0.142351,-0.015258,0.147097,-0.000399,0.000383,0.000667
0,-0.02845,0.035587,-0.00283,0.072626,0.017051,0.109322,0.000497,0.000621
0,-0.240909,-0.129132,-0.239276,-0.137971,-0.194359,-0.182476,0.004205,0.002254
0,0.010658,-0.021902,0.23428,0.130667,0.283785,0.174158,0.000186,0.000382
0,-0.141129,0.127821,-0.166022,0.173556,-0.119115,0.204443,0.002463,0.002231
0,-0.120589,0.074323,0.034815,-0.034554,0.065241,-0.034248,0.002105,0.001297
0,-0.013738,-0.069174,0.108119,-0.115619,0.079944,-0.15971,0.00024,0.001207
0,-0.021024,-0.033352,-0.017228,0.018083,0.026497,0.014222,0.000367,0.000582
0,-0.075987,0.03375,-0.064682,0.075524,-0.06388,0.09368,0.001326,0.000589
0,0.002678,0.036949,0.049131,-0.015296,0.009006,0.00949,4.7e-05,0.000645
0,0.089105,0.049863,0.095367,-0.009171,0.074016,0.035051,0.001555,0.00087
0,0.054127,-0.188629,-0.060625,-0.242018,-0.087629,-0.201598,0.000945,0.003292
0,-0.077797,0.056569,-0.117084,0.271008,-0.108274,0.301551,0.001358,0.000987
0,0.174535,-0.008136,0.272134,-0.050459,0.287724,-0.081685,0.003046,0.000142
0,0.089241,-0.041914,-0.109499,-0.031167,-0.149651,-0.076061,0.001558,0.000732
0,0.027738,-0.068041,-0.038315,-0.016709,-0.019272,-0.002815,0.000484,0.001188
0,-0.031844,0.103573,-0.055109,0.152203,-0.068534,0.128401,0.000556,0.001808
0,0.014389,0.084077,0.040069,-0.038353,0.048798,-0.078105,0.000251,0.001467
0,0.068538,0.081356,0.062422,0.005461,0.11032,0.004735,0.001196,0.00142
0,0.243423,-0.092433,0.178857,-0.151305,0.133497,-0.182101,0.004249,0.001613
0,0.148405,-0.128015,-0.076695,-0.04088,-0.051776,-0.041633,0.00259,0.002234
0,0.067714,-0.164148,-0.068649,-0.019005,-0.05743,0.02186,0.001182,0.002865
0,0.165677,0.023643,0.082959,0.182559,0.081075,0.194099,0.002892,0.000413
0,-0.062771,-0.079487,-0.215277,-0.079998,-0.174538,-0.103705,0.001096,0.001387
0,0.016901,-0.004617,0.066203,0.080917,0.058211,0.061917,0.000295,8.1e-05
0,0.052666,-0.011017,0.02445,0.009333,-0.013357,-0.030037,0.000919,0.000192
0,0.170502,-0.129075,0.130226,-0.136581,0.101166,-0.182245,0.002976,0.002253
0,0.178341,0.082429,0.007997,0.187903,0.038845,0.172364,0.003113,0.001439
0,0.269453,0.120413,0.113086,0.046836,0.084825,0.024255,0.004703,0.002102
0,0.046891,-0.105091,-0.248712,-0.238236,-0.279011,-0.278321,0.000818,0.001834
0,0.163352,-0.152074,0.117631,-0.059609,0.130718,-0.109303,0.002851,0.002654
0,0.00523,0.093161,-0.15379,0.258456,-0.140071,0.217097,9.1e-05,0.001626
0,0.004587,-0.14741,0.00548,-0.251662,-0.018843,-0.25781,8e-05,0.002573
0,0.109125,-0.075799,0.111906,0.085035,0.100349,0.097109,0.001905,0.001323
0,-0.023108,-0.097983,-0.114942,-0.033982,-0.138117,-0.007182,0.000403,0.00171
0,0.131599,-0.17167,0.148736,-0.077068,0.191116,-0.027459,0.002297,0.002996
0,-0.056999,-0.046254,-0.205717,0.111523,-0.221279,0.098842,0.000995,0.000807
0,-0.102351,0.067495,-0.069899,0.114184,-0.053578,0.148666,0.001786,0.001178
0,-0.043839,-0.006639,0.065613,-0.081859,0.084863,-0.106857,0.000765,0.000116
0,0.035142,-0.015503,0.068405,-0.013884,0.080268,-0.007652,0.000613,0.000271
0,-0.043468,-0.021408,-0.057111,-0.008708,-0.033422,0.013427,0.000759,0.000374
0,0.076892,0.038074,0.107159,0.087154,0.068987,0.077017,0.001342,0.000665
0,0.107327,0.093722,0.001233,0.047785,0.024249,0.021059,0.001873,0.001636
0,-0.023714,-0.145405,-0.146147,-0.225539,-0.191703,-0.247207,0.000414,0.002538
0,0.050542,0.044289,0.045626,0.202541,0.0124,0.173215,0.000882,0.000773
0,0.041772,-0.13288,-0.026442,-0.149072,-0.032675,-0.197751,0.000729,0.002319
0,0.079345,0.036432,0.065451,0.143388,0.029596,0.144512,0.001385,0.000636
0,0.21288,0.131415,0.15837,0.11272,0.132698,0.141549,0.003715,0.002294
0,0.130632,-0.138405,-0.065095,-0.25408,-0.047503,-0.274683,0.00228,0.002416
0,-0.005185,-0.10032,-0.124228,0.015051,-0.142632,0.056849,9e-05,0.001751
0,0.154399,0.127124,0.180387,0.213212,0.177458,0.256172,0.002695,0.002219
0,-0.038371,0.116619,-0.201913,-0.040175,-0.226438,-0.07474,0.00067,0.002035
0,0.062798,-0.00208,0.098392,-0.099906,0.075122,-0.090427,0.001096,3.6e-05
0,0.12038,0.044045,0.07774,0.047649,0.11415,0.004738,0.002101,0.000769
0,0.096894,-0.023649,-0.035306,-0.056886,-0.0091,-0.025877,0.001691,0.000413
0,-0.114713,-0.07626,-0.238111,-0.03058,-0.257289,-0.06246,0.002002,0.001331
0,0.09998,-0.099113,0.215424,-0.001097,0.206995,-0.026112,0.001745,0.00173
0,0.180953,0.092542,0.078504,0.183603,0.062168,0.233028,0.003158,0.001615
0,0.170872,0.088075,0.005172,-0.000715,0.010925,-0.049067,0.002982,0.001537
0,0.208361,-0.024902,0.061047,-0.123733,0.012627,-0.090304,0.003637,0.000435
0,0.012326,-0.003657,-0.221079,0.0008,-0.194765,0.025802,0.000215,6.4e-05
0,0.232869,0.01978,0.248149,0.012113,0.207398,0.046874,0.004064,0.000345
0,0.220711,0.025151,-0.014895,-0.006352,0.009025,0.03826,0.003852,0.000439
0,-0.009831,-0.085791,-0.209659,-0.133725,-0.166702,-0.110369,0.000172,0.001497
0,0.093535,-0.013201,0.10231,0.098919,0.094554,0.134488,0.001632,0.00023
0,-0.109524,0.016471,-0.190054,0.011039,-0.171767,0.055025,0.001912,0.000287
0,0.007715,0.182444,0.124844,0.166994,0.101765,0.14807,0.000135,0.003184
0,-0.024691,-0.085118,-0.017152,-0.268332,-0.052468,-0.253147,0.000431,0.001486
0,-0.072317,0.142592,-0.059322,0.238204,-0.055826,0.281165,0.001262,0.002489
0,-0.144339,0.114867,-0.055067,-0.024865,-0.055676,-0.014755,0.002519,0.002005
0,-0.198374,-0.075181,-0.050867,-0.177805,-0.058537,-0.149335,0.003462,0.001312
0,-0.080981,0.061788,0.119232,0.108063,0.161002,0.109254,0.001413,0.001078
0,-0.118375,0.019036,-0.021211,-0.041973,-0.028544,-0.010298,0.002066,0.000332
0,-0.158087,0.072077,-0.035779,0.059184,0.003287,0.085657,0.002759,0.001258
0,-0.088288,-0.067214,0.04068,-0.165461,-0.005002,-0.176591,0.001541,0.001173
0,-0.102967,-0.01909,-0.042968,0.03034,-0.070639,-0.011378,0.001797,0.000333
0,-0.019528,-0.162171,0.066052,-0.13768,0.027741,-0.147734,0.000341,0.00283
0,0.010881,-0.017146,0.005362,0.151599,0.05333,0.132893,0.00019,0.000299
0,-0.126807,-0.030715,-0.160463,-0.034965,-0.147151,-0.024709,0.002213,0.000536
0,0.131556,-0.101102,0.254668,-0.075541,0.22893,-0.124126,0.002296,0.001765
0,0.026534,0.07334,-0.112086,0.154009,-0.135595,0.19605,0.000463,0.00128
0,-0.029364,-0.001207,-0.082932,-0.059365,-0.130333,-0.021226,0.000513,2.1e-05
0,-0.09199,0.118961,-0.081388,0.093463,-0.060216,0.075344,0.001606,0.002076
0,0.042294,-0.068858,0.159691,-0.196163,0.145637,-0.218389,0.000738,0.001202
0,-0.030001,-0.104443,-0.093962,-0.007389,-0.108828,-0.038433,0.000524,0.001823
0,0.024723,0.085304,0.060126,0.17165,0.109811,0.17968,0.000431,0.001489
0,0.104033,-0.151148,0.063917,-0.218729,0.103239,-0.241259,0.001816,0.002638
0,0.065263,-0.152841,-0.059704,-0.030505,-0.083032,-0.036869,0.001139,0.002668
0,-0.217645,-0.03982,-0.255929,0.092671,-0.210728,0.095261,0.003799,0.000695
0,-0.088039,-0.073788,0.157766,-0.016905,0.129602,-0.064666,0.001537,0.001288
0,0.012689,-0.086063,0.102712,0.014687,0.152447,0.046388,0.000221,0.001502
0,-0.130137,-0.041694,-0.144346,0.057773,-0.123455,0.077998,0.002271,0.000728
0,0.02224,-0.131299,0.143187,-0.100322,0.17992,-0.119818,0.000388,0.002292
0,0.078626,-0.140122,0.045194,-0.0158,0.075697,0.018961,0.001372,0.002446
0,0.075568,-0.033113,-0.004826,0.082391,0.009897,0.040729,0.001319,0.000578
0,0.082145,0.073433,0.005658,0.080406,0.033861,0.098986,0.001434,0.001282
0,-0.115238,0.09672,-0.191624,0.033131,-0.210886,0.048893,0.002011,0.001688
0,-0.073725,0.133716,0.024271,0.064836,-0.001229,0.051805,0.001287,0.002334
0,-0.188115,-0.091846,-0.143618,-0.200431,-0.094288,-0.151664,0.003283,0.001603
0,0.061686,0.06779,0.263038,0.17959,0.261679,0.140332,0.001077,0.001183
0,-0.18297,0.023256,-0.224635,-0.027921,-0.224219,0.020947,0.003193,0.000406
0,0.084239,-0.026791,0.284718,-0.062678,0.287522,-0.022216,0.00147,0.000468
0,0.019833,-0.077639,-0.088965,-0.042966,-0.130522,-0.01107,0.000346,0.001355
0,-0.100868,0.093291,-0.139618,0.193376,-0.176603,0.162976,0.00176,0.001628
0,-0.181285,0.00168,-0.072274,-0.06341,-0.091044,-0.065536,0.003164,2.9e-05
0,0.003042,-0.119495,0.18529,-0.148392,0.215777,-0.139354,5.3e-05,0.002086
0,0.038501,-0.10553,0.049817,0.029395,0.02388,0.00369,0.000672,0.001842
0,0.018189,0.05078,-0.011239,0.160755,-0.05988,0.120989,0.000317,0.000886
0,-0.22213,-0.060849,-0.229113,-0.109123,-0.243252,-0.14865,0.003877,0.001062
0,-0.129957,0.091653,0.064397,0.132032,0.061647,0.157371,0.002268,0.0016
0,-0.076067,-0.138171,0.029759,-0.209601,-0.005218,-0.195699,0.001328,0.002412
0,-0.128301,-0.115191,-0.03284,0.05069,-0.049637,0.010711,0.002239,0.00201
0,0.014513,-0.035029,0.139341,0.067978,0.183936,0.062462,0.000253,0.000611
0,-0.072438,-0.037604,-0.074024,-0.013923,-0.043224,-0.037583,0.001264,0.000656
0,-0.167926,0.08761,-0.099418,0.139968,-0.071975,0.091851,0.002931,0.001529
0,0.031153,-0.168208,0.21175,-0.276091,0.227728,-0.287241,0.000544,0.002936
0,0.049885,-0.042,0.029505,0.119881,-0.002495,0.117831,0.000871,0.000733
0,0.062704,-0.028697,0.036325,0.024595,-0.009535,0.04566,0.001094,0.000501
0,-0.124204,0.037409,-0.207122,0.041463,-0.211721,0.090372,0.002168,0.000653
0,-0.157339,-0.020195,-0.051537,-0.042609,-0.072785,-0.025371,0.002746,0.000352
0,-0.073826,0.118367,0.059252,0.140659,0.057072,0.117584,0.001288,0.002066
0,-0.01638,-0.031151,0.082439,-0.171102,0.108012,-0.195766,0.000286,0.000544
0,-0.152195,-0.119714,-0.150312,-0.068137,-0.103076,-0.031528,0.002656,0.002089
0,-0.232167,-0.043514,-0.09988,0.098688,-0.073263,0.112336,0.004052,0.000759
0,-0.149538,0.12004,0.082915,0.179076,0.115976,0.198985,0.00261,0.002095
0,0.068877,-0.103321,0.238913,-0.218035,0.201366,-0.1872,0.001202,0.001803
0,-0.15945,0.124255,-0.211099,0.248976,-0.245391,0.207703,0.002783,0.002169
0,-0.187245,0.047129,-0.019459,-0.086359,-0.006947,-0.088226,0.003268,0.000823
0,-0.019045,-0.176475,0.197145,-0.244046,0.194093,-0.220595,0.000332,0.00308
0,-0.019216,-0.13586,-0.019799,0.058289,0.019841,0.073757,0.000335,0.002371
0,-0.067581,-0.043497,-0.060982,0.119553,-0.08061,0.090281,0.00118,0.000759
0,0.146156,0.004363,0.23006,0.056385,0.237092,0.045112,0.002551,7.6e-05
0,-0.031063,-0.176868,-0.206234,-0.207593,-0.179738,-0.163772,0.000542,0.003087
0,-0.009878,-0.116089,0.031211,0.043318,0.017722,0.088881,0.000172,0.002026
0,0.027261,-0.085822,0.028888,0.00296,0.05843,0.035292,0.000476,0.001498
0,0.125505,-0.069061,0.125174,-0.008118,0.085255,-0.014346,0.00219,0.001205
0,0.090383,0.028386,-0.059567,0.120522,-0.019457,0.151254,0.001577,0.000495
0,0.058269,0.011519,-0.061406,-0.024979,-0.099557,-0.070918,0.001017,0.000201
0,0.099795,-0.174677,0.013761,-0.194217,-0.001672,-0.217132,0.001742,0.003049
0,0.166468,-0.14112,0.082376,0.022104,0.066611,0.006456,0.002905,0.002463
0,0.01398,-0.039941,-0.140405,0.128079,-0.190273,0.088236,0.000244,0.000697
0,0.023956,-0.100093,-8.2e-05,-0.068994,-0.030996,-0.08319,0.000418,0.001747
0,0.156195,-0.098531,0.118577,-0.017298,0.080762,-0.003523,0.002726,0.00172
0,0.065481,-0.080818,-0.068382,0.038203,-0.097133,0.052601,0.001143,0.001411
0,-0.021367,-0.087212,-0.060176,-0.031872,-0.059676,-0.029571,0.000373,0.001522
0,-0.098651,-0.038119,-0.105787,0.029313,-0.113491,-0.011468,0.001722,0.000665
0,0.041051,-0.070488,0.163235,-0.052222,0.162089,-0.082676,0.000716,0.00123
0,-0.088227,-0.017877,-0.115537,0.044836,-0.117667,0.073141,0.00154,0.000312
0,-0.036829,-0.221391,0.031247,-0.188639,0.014172,-0.165216,0.000643,0.003864
0,0.025714,-0.156196,0.041863,0.089768,0.038357,0.092444,0.000449,0.002726
0,-0.113079,-0.039365,-0.149428,0.128174,-0.157359,0.145326,0.001974,0.000687
0,-0.172307,-0.096679,-0.031552,-0.086413,-0.037594,-0.081762,0.003007,0.001687
0,-0.115801,-0.266792,0.038926,-0.164287,0.06853,-0.115846,0.002021,0.004656
0,-0.066932,-0.158985,0.044337,0.119849,-0.001543,0.118377,0.001168,0.002775
0,-0.112875,-0.001212,-0.063014,0.150105,-0.050525,0.179972,0.00197,2.1e-05
0,-0.033997,-0.281222,0.05515,-0.302428,0.068544,-0.350009,0.000593,0.004908
0,-0.207698,-0.156623,-0.189309,0.15114,-0.16961,0.115146,0.003625,0.002734
0,-0.261357,-0.254889,-0.077364,-0.09364,-0.124352,-0.067382,0.004562,0.004449
0,-0.217034,-0.161893,0.03887,0.095716,0.021909,0.113119,0.003788,0.002826
0,-0.207684,-0.099794,0.035375,0.090822,0.002202,0.130236,0.003625,0.001742
0,-0.246096,-0.002981,-0.063157,0.102971,-0.03318,0.09059,0.004295,5.2e-05
0,-0.067627,-0.035515,0.153489,-0.058445,0.17105,-0.076606,0.00118,0.00062
0,-0.013776,-0.249717,0.070419,-0.223915,0.110837,-0.192416,0.00024,0.004358
0,-0.115864,-0.188889,-0.085757,0.089035,-0.092539,0.039944,0.002022,0.003297
0,-0.204577,-0.010241,-0.109108,0.203413,-0.06932,0.15385,0.003571,0.000179
0,0.013711,-0.032153,0.223473,-0.019519,0.27111,0.011871,0.000239,0.000561
0,-0.074832,-0.076065,-0.102268,-0.023794,-0.100698,-0.037035,0.001306,0.001328
0,0.030244,0.071721,0.103224,0.123276,0.054794,0.158992,0.000528,0.001252
0,0.030665,-0.038351,0.00952,-0.122458,0.037492,-0.107782,0.000535,0.000669
0,-0.134504,0.026921,-0.136162,0.090397,-0.159896,0.077711,0.002348,0.00047
0,-0.008237,0.017454,0.107667,-0.009108,0.108497,0.010178,0.000144,0.000305
0,0.128648,0.040997,0.126131,0.051187,0.115563,0.012323,0.002245,0.000716
0,-0.08275,-0.002918,-0.202922,-0.016321,-0.217727,-0.004677,0.001444,5.1e-05
0,0.066934,-0.006426,0.171791,0.004377,0.171962,0.023516,0.001168,0.000112
0,-0.088356,-0.018735,-0.139474,-0.030055,-0.136242,-0.011254,0.001542,0.000327
0,0.002776,-0.204389,0.090032,-0.181077,0.139765,-0.188908,4.8e-05,0.003567
0,-0.007667,-0.104382,0.001075,0.102436,0.04111,0.056315,0.000134,0.001822
0,-0.12038,0.013169,-0.088285,0.124619,-0.085154,0.142612,0.002101,0.00023
0,0.024077,0.045721,0.145086,0.014507,0.132651,0.009751,0.00042,0.000798
0,0.075515,0.013009,0.053536,-0.017977,0.065795,0.013026,0.001318,0.000227
0,0.101763,-0.052858,0.03336,-0.044481,0.030636,-0.083125,0.001776,0.000923
0,0.166132,-0.050845,0.04867,0.002321,0.03525,0.048556,0.0029,0.000887
0,0.093336,-0.163968,-0.088288,-0.106729,-0.09869,-0.081556,0.001629,0.002862
0,0.111289,-0.016408,0.027757,0.175209,-0.021171,0.216363,0.001942,0.000286
0,0.075466,-0.046077,-0.047733,-0.044078,-0.094648,-0.052395,0.001317,0.000804
0,-0.036343,-0.035743,-0.116037,-0.007414,-0.121391,-0.035139,0.000634,0.000624
0,0.024604,-0.077932,0.073052,-0.041242,0.031315,-0.024265,0.000429,0.00136
0,-0.069126,-0.003725,-0.088396,0.054917,-0.065685,0.076269,0.001206,6.5e-05
0,0.009245,-0.028232,0.083208,-0.026678,0.110535,-0.074112,0.000161,0.000493
0,0.127885,0.047248,0.090152,0.058425,0.09047,0.061498,0.002232,0.000825
0,0.064045,-0.12191,-0.036867,-0.174033,-0.076536,-0.215573,0.001118,0.002128
0,-0.056323,-0.052645,-0.091398,0.071448,-0.134697,0.086103,0.000983,0.000919
0,-0.049775,0.148157,0.00289,0.191014,0.045767,0.239925,0.000869,0.002586
0,-0.124286,0.081791,-0.089972,-0.066971,-0.117573,-0.023882,0.002169,0.001428
0,-0.028098,-0.04407,0.0997,-0.124803,0.057473,-0.137598,0.00049,0.000769
0,0.122258,0.02503,0.175233,0.065528,0.156537,0.041476,0.002134,0.000437
0,-0.135741,-0.130848,-0.276658,-0.184778,-0.260495,-0.146986,0.002369,0.002284
0,0.082969,-0.153801,0.204695,-0.025097,0.199679,-0.041428,0.001448,0.002684
0,-0.034689,0.020292,-0.113316,0.177962,-0.138525,0.165533,0.000605,0.000354
0,0.115551,0.102272,0.178292,0.054897,0.173457,0.005465,0.002017,0.001785
0,-0.101058,0.085983,-0.225976,0.007586,-0.215656,-1.8e-05,0.001764,0.001501
0,0.034773,-0.054318,0.122924,-0.166206,0.135138,-0.132056,0.000607,0.000948
0,-0.038292,0.11372,-0.058339,0.159644,-0.040564,0.137684,0.000668,0.001985
0,0.13227,0.098825,0.198965,-0.043471,0.239515,-0.069895,0.002309,0.001725
0,-0.073526,0.163324,-0.181856,0.081138,-0.219284,0.077602,0.001283,0.002851
0,0.205651,0.022396,0.30078,-0.147927,0.293775,-0.128766,0.003589,0.000391
0,0.000658,0.090443,-0.196277,0.078999,-0.161189,0.108584,1.1e-05,0.001579
0,0.109409,0.152924,0.092116,0.081121,0.067037,0.052843,0.00191,0.002669
0,0.144375,0.104186,0.041302,-0.028883,0.046539,-0.044027,0.00252,0.001818
0,-0.033201,0.132558,-0.188016,0.01071,-0.158779,-0.029966,0.000579,0.002314
0,0.058384,-0.036701,0.100967,-0.19625,0.14311,-0.148729,0.001019,0.000641
0,-0.103702,0.045721,-0.133722,0.100142,-0.105141,0.103201,0.00181,0.000798
0,-0.20977,0.162533,-0.100186,0.110779,-0.119446,0.072405,0.003661,0.002837
0,-0.127463,-0.025822,0.102259,-0.217898,0.080288,-0.241699,0.002225,0.000451
0,-0.151881,0.051703,-0.034224,0.080257,-0.043609,0.067105,0.002651,0.000902
0,0.068725,0.025508,0.245624,-0.009529,0.202582,0.024558,0.001199,0.000445
0,-0.055192,0.11331,-0.122539,0.072652,-0.109557,0.052549,0.000963,0.001978
0,-0.10873,-0.080758,-0.049167,-0.170463,-0.002467,-0.17694,0.001898,0.001409
0,-0.177936,-0.096175,-0.042908,0.006609,0.001106,0.040502,0.003106,0.001679
0,-0.088502,0.125281,0.075594,0.213721,0.050223,0.224915,0.001545,0.002187
0,-0.061469,0.199526,0.015069,0.061304,0.048563,0.10789,0.001073,0.003482
0,-0.192199,0.210654,-0.106936,-0.003507,-0.120341,0.017036,0.003354,0.003677
0,0.052312,0.107201,0.27107,-0.127406,0.260823,-0.170839,0.000913,0.001871
0,-0.145803,-0.083256,-0.200195,-0.207134,-0.187593,-0.16102,0.002545,0.001453
0,-0.039665,-0.059871,0.127418,0.03851,0.141211,0.032744,0.000692,0.001045
0,-0.039883,-0.011196,7.4e-05,0.068717,0.041641,0.092405,0.000696,0.000195
0,-0.241441,0.146659,-0.214897,0.168766,-0.178127,0.182249,0.004214,0.00256
0,-0.10122,0.001832,0.147251,-0.127224,0.102362,-0.120573,0.001767,3.2e-05
0,-0.199425,0.064191,-0.119904,0.072817,-0.074991,0.033833,0.003481,0.00112
0,-0.19627,-0.169079,-0.01586,-0.243985,-0.001137,-0.244214,0.003426,0.002951
0,-0.273093,0.116785,-0.101441,0.276064,-0.111638,0.277885,0.004766,0.002038
0,-0.191926,-0.02346,0.057023,-0.146928,0.046672,-0.148602,0.00335,0.000409
0,-0.073671,-0.086329,0.114636,-0.058927,0.088412,-0.031066,0.001286,0.001507
0,-0.187591,0.087728,-0.107256,0.168711,-0.145875,0.125638,0.003274,0.001531
0,-0.070699,0.110238,0.134644,0.034276,0.105223,0.080703,0.001234,0.001924
0,-0.185147,-0.076537,-0.133944,-0.210437,-0.154908,-0.175146,0.003231,0.001336
0,-0.01626,-0.048661,0.157736,0.016763,0.153734,0.023261,0.000284,0.000849
0,-0.226279,0.026677,-0.230415,0.092093,-0.240524,0.043385,0.003949,0.000466
0,-0.153285,-0.066298,0.100226,-0.075143,0.056819,-0.054786,0.002675,0.001157
0,-0.161637,-0.148376,0.008003,-0.05864,-0.008389,-0.107394,0.002821,0.00259
0,-0.090445,-0.081465,0.055857,0.037691,0.058335,0.029507,0.001579,0.001422
0,-0.024945,-0.099276,0.061844,-0.015317,0.053156,-0.049552,0.000435,0.001733
0,-0.112302,-0.067647,-0.101468,0.047626,-0.143428,0.074517,0.00196,0.001181
0,-0.121491,0.032231,-0.009643,0.107167,0.036729,0.137648,0.00212,0.000563
0,-0.134831,-0.044794,-0.003878,-0.057564,-0.005366,-0.073336,0.002353,0.000782
0,-0.104679,0.091471,0.02349,0.164292,0.035093,0.146378,0.001827,0.001596
0,0.050977,-0.086973,0.167315,-0.169433,0.160396,-0.141441,0.00089,0.001518
0,-0.047319,-0.16276,-0.072347,-0.096157,-0.1077,-0.08384,0.000826,0.002841
0,-0.004311,-0.144904,0.02828,0.000551,0.016071,-0.045229,7.5e-05,0.002529
0,-0.002889,-0.149874,-0.008285,-0.001295,0.028534,-0.016927,5e-05,0.002616
0,-0.156991,-0.064782,-0.135847,0.106145,-0.118481,0.089922,0.00274,0.001131
0,-0.11969,0.010869,0.008359,0.090407,-0.031739,0.10972,0.002089,0.00019
0,-0.074329,-0.198666,0.034568,-0.184804,0.067389,-0.204387,0.001297,0.003467
0,0.029694,-0.006051,0.117549,0.195507,0.069327,0.214965,0.000518,0.000106
0,-0.118015,-0.203634,-0.140539,-0.222595,-0.149396,-0.251414,0.00206,0.003554
0,0.030207,-0.06829,0.146513,0.151196,0.117979,0.106298,0.000527,0.001192
0,-0.063728,0.041751,-0.086759,0.085071,-0.126241,0.082383,0.001112,0.000729
0,-0.026304,-0.153664,0.015138,-0.168077,-0.025347,-0.124975,0.000459,0.002682
0,-0.051585,0.015104,-0.041012,0.185645,-0.067809,0.211593,0.0009,0.000264
0,-0.0863,-0.017204,-0.022952,-0.032163,-0.05007,0.014412,0.001506,0.0003
0,0.007363,-0.048797,0.094072,-0.030368,0.113863,-0.020883,0.000129,0.000852
0,0.195575,-0.0735,0.200254,-0.036344,0.206266,-0.073179,0.003413,0.001283
0,-0.063132,0.08969,-0.27113,0.17697,-0.253118,0.214604,0.001102,0.001565
0,0.10814,-0.024993,0.1564,-0.123719,0.12262,-0.121378,0.001887,0.000436
0,0.037882,0.115299,-0.094743,0.119738,-0.140634,0.161996,0.000661,0.002012
0,0.154072,-0.040578,0.12,-0.178953,0.117527,-0.19247,0.002689,0.000708
0,0.136544,-0.019509,-0.037227,0.034554,-0.033397,0.081907,0.002383,0.00034
0,0.167963,0.075121,0.011235,0.090812,0.023378,0.10923,0.002931,0.001311
0,-0.024983,-0.123033,-0.168626,-0.193248,-0.170928,-0.193112,0.000436,0.002147
0,0.053828,0.107862,0.075556,0.227917,0.104438,0.252758,0.000939,0.001883
0,-0.060468,-0.012347,-0.133335,-0.11632,-0.090325,-0.144006,0.001055,0.000216
0,-0.027863,-0.172818,0.027524,-0.165006,-0.012077,-0.120266,0.000486,0.003016
0,-0.148642,-0.118462,-0.097433,0.043226,-0.102322,0.034726,0.002594,0.002068
0,-0.160672,-0.1707,0.002564,-0.038302,0.026274,-0.00764,0.002804,0.002979
0,-0.062956,-0.00653,0.1247,0.150425,0.117356,0.176896,0.001099,0.000114
0,0.069788,-0.058147,0.158897,-0.032828,0.133797,-0.045334,0.001218,0.001015
0,-0.178926,-0.127789,-0.230355,-0.094933,-0.184332,-0.067852,0.003123,0.00223
0,-0.092467,-0.007353,0.072771,0.132998,0.081265,0.125633,0.001614,0.000128
0,0.072855,0.07657,0.191529,0.057096,0.167966,0.041053,0.001272,0.001336
0,-0.123675,-0.189047,-0.208353,-0.245203,-0.230618,-0.22942,0.002159,0.003299
0,-0.126503,0.031074,0.016567,0.229881,0.024178,0.189252,0.002208,0.000542
0,-0.100507,-0.084796,0.024725,-0.105625,0.030385,-0.11996,0.001754,0.00148
0,-0.042302,-0.10283,0.069848,-0.03698,0.056843,-0.035708,0.000738,0.001795
0,-0.013047,-0.03854,0.002048,0.049917,-0.009666,0.08843,0.000228,0.000673
0,-0.086566,-0.203041,-0.066282,-0.143101,-0.112084,-0.17192,0.001511,0.003544
0,-0.2353,-0.019457,-0.122444,0.191876,-0.110007,0.223279,0.004107,0.00034
0,-0.132933,0.049421,0.086874,0.094714,0.132208,0.093319,0.00232,0.000863
0,-0.248591,-0.136726,-0.138903,-0.184036,-0.140621,-0.160629,0.004339,0.002386
0,-0.073961,0.099861,0.185617,0.255855,0.18533,0.214616,0.001291,0.001743
0,-0.034768,0.074729,0.053855,-0.038776,0.064425,-0.079997,0.000607,0.001304
0,-0.256483,-0.05532,-0.208082,-0.148247,-0.182074,-0.186945,0.004476,0.000966
0,-0.266367,-0.091941,0.015058,-0.023566,0.026348,-0.003451,0.004649,0.001605
0,-0.318702,-0.098716,-0.06457,0.015561,-0.096809,0.019991,0.005562,0.001723
0,-0.327564,0.05161,0.002499,0.138116,0.014516,0.152799,0.005717,0.000901
0,-1.02096,1.194849,-0.710496,1.139767,-0.753015,1.092503,0.005729,0.003327
0,-1.638254,1.670124,-0.616005,0.483045,-0.655322,0.442655,0.004412,0.004968
0,-2.149699,1.790383,-0.539509,0.127156,-0.586368,0.079721,0.001248,0.005023
0,-2.613508,1.707342,-0.435715,-0.084277,-0.471511,-0.076055,0.002748,0.005618
0,-2.394309,1.305507,0.203794,-0.416225,0.198145,-0.387752,0.005517,0.001396
0,-1.900167,1.505606,0.512618,0.199158,0.546799,0.20166,0.003107,0.002097
0,-1.278611,1.260993,0.636224,-0.253776,0.612414,-0.216238,0.001865,0.002172
0,-1.025137,0.663999,0.236437,-0.568713,0.242606,-0.616232,0.005802,0.000502
0,-0.852405,0.484712,0.197049,-0.193429,0.166732,-0.241739,0.002787,0.003631
0,-0.712066,0.347162,0.166647,-0.109961,0.127132,-0.155819,0.000337,0.006031
0,-0.758988,-0.057542,-0.04814,-0.3975,-0.048335,-0.37417,0.001156,0.001004
0,-0.265107,-0.147363,0.509572,-0.09535,0.47399,-0.132102,0.004627,0.002572
0,-0.20384,-0.251301,0.033086,-0.081039,0.076172,-0.1112,0.003558,0.004386
0,-0.037985,-0.35115,0.152414,-0.088457,0.155594,-0.043922,0.000663,0.005962
0,-0.065359,-0.280056,-0.029645,0.046925,-0.043011,0.009803,0.001141,0.004888
0,-0.129031,-0.107779,-0.034233,0.160262,-0.014226,0.190023,0.002252,0.001881
0,0.065901,-0.254907,0.168558,-0.12292,0.192189,-0.162084,0.00115,0.004449
0,-0.102446,-0.285752,-0.181423,-0.038892,-0.220638,-0.008344,0.001788,0.004987
0,0.165993,-0.035719,0.240756,0.278778,0.218382,0.290915,0.002897,0.000623
0,0.026869,-0.160512,-0.144761,-0.142102,-0.193154,-0.122805,0.000469,0.002801
0,-0.030169,-0.037418,-0.053347,0.1077,-0.048622,0.117687,0.000527,0.000653
0,1.191435,-0.498132,1.248679,-0.434616,1.217425,-0.449911,0.003387,0.003396
0,2.650613,-0.907785,1.434267,-0.382172,1.473399,-0.411239,0.0021,0.003753
0,2.371738,-0.91423,-0.260521,0.006503,-0.287268,0.010597,0.005123,0.003866
0,1.705237,-0.612925,-0.675362,0.327116,-0.653496,0.304033,0.005581,0.001393
0,1.553575,-0.686288,-0.173922,-0.096583,-0.188058,-0.062804,0.002934,0.000113
0,1.164663,-0.62658,-0.412318,0.030779,-0.40158,0.056667,0.003854,0.001155
0,1.190823,-0.329536,0.033892,0.312391,0.036809,0.266978,0.003397,0.005751
0,0.651924,-0.19232,-0.56629,0.147823,-0.553745,0.192729,0.000712,0.003357
0,0.446171,-0.065249,-0.183809,0.109212,-0.195943,0.125392,0.004303,0.001139
0,0.03496,0.010561,-0.407617,0.092747,-0.420877,0.073503,0.00061,0.000184
0,-0.143234,0.078948,-0.198752,0.063324,-0.229991,0.103334,0.0025,0.001378
0,-0.121482,-0.124973,0.022239,-0.192595,-0.000475,-0.205939,0.00212,0.002181
0,-0.318699,-0.075395,-0.189426,0.064152,-0.179843,0.108986,0.005562,0.001316
0,-0.162666,-0.043424,0.17683,0.018978,0.135076,-0.002064,0.002839,0.000758
0,-0.406985,0.017439,-0.249315,0.059321,-0.207556,0.047721,0.004987,0.000304
0,-0.276849,-0.048043,0.136862,-0.075101,0.146616,-0.061605,0.004832,0.000839
0,-0.084832,-0.059763,0.194374,-0.027716,0.170589,-0.006196,0.001481,0.001043
0,-0.264219,-0.007623,-0.200564,0.047731,-0.160146,0.090282,0.004611,0.000133
0,-0.136819,-0.072346,0.117691,-0.053681,0.102761,-0.068119,0.002388,0.001263
0,-0.273329,0.110547,-0.129352,0.207059,-0.099397,0.214485,0.00477,0.001929
0,-0.307976,-0.026038,-0.020142,-0.14134,-0.058715,-0.115083,0.005375,0.000454
0,-2.652088,0.167597,-2.330835,0.163873,-2.347718,0.131907,0.002074,0.002925
0,-3.580951,0.165117,-0.906706,0.025779,-0.909637,0.056547,0.002047,0.002882
0,-3.883486,0.361231,-0.32925,0.222618,-0.324894,0.226037,0.004763,0.005786
0,-3.715109,0.476224,0.195293,0.131495,0.171941,0.138051,0.004388,0.003779
0,-3.227086,0.38147,0.491483,-0.123923,0.451219,-0.166029,0.004129,0.005433
0,-2.193856,0.161969,1.043094,-0.219874,1.058635,-0.242388,0.002019,0.002827
0,-0.192128,-1.682269,2.029707,-1.81979,2.076572,-1.820138,0.003353,0.00518
0,0.603001,-1.814342,0.809496,-0.159053,0.803155,-0.139074,0.001566,0.004605
0,1.329799,-2.053765,0.702842,-0.219125,0.720542,-0.217208,0.000972,0.000427
0,1.712583,-2.031077,0.376724,0.030928,0.335561,0.030018,0.005709,0.000822
0,2.117924,-1.855919,0.432138,0.148238,0.426545,0.140596,0.000693,0.00388
0,1.787667,-1.44091,-0.340988,0.395069,-0.364848,0.406586,0.005071,0.000968
0,1.382344,-1.065135,-0.392995,0.381139,-0.43171,0.427812,5.5e-05,0.005591
0,1.219491,-0.806108,-0.139655,0.281588,-0.102815,0.313296,0.002897,0.001979
0,0.722301,-0.508268,-0.47512,0.280235,-0.459579,0.301368,0.000516,0.00322
0,0.397888,1.462419,-0.341884,1.972172,-0.376846,2.010724,0.005146,0.001343
0,-0.057702,2.619289,-0.456291,1.171868,-0.425019,1.134173,0.001007,0.002647
0,-0.343313,2.171253,-0.267597,-0.458071,-0.269077,-0.446865,0.005992,0.001624
0,-0.290858,1.565008,0.051409,-0.598282,0.083756,-0.628132,0.005076,0.003134
0,-0.366534,1.551165,-0.090623,-0.038212,-0.121367,-0.052545,0.005693,0.002892
0,-0.469165,1.158675,-0.076476,-0.405875,-0.082236,-0.399724,0.003902,0.003958
0,-0.414533,1.092237,0.042737,-0.065848,0.05736,-0.087752,0.004856,0.005118
0,-0.381535,0.784516,0.016121,-0.329222,-0.008764,-0.343482,0.005431,0.001602
0,-0.283812,0.327178,0.108448,-0.474727,0.060241,-0.502237,0.004953,0.00571
0,-0.205729,0.299233,0.05754,-0.015394,0.008074,-0.030078,0.003591,0.005223
0,-0.03469,0.151654,0.172543,-0.135055,0.171605,-0.132834,0.000605,0.002647
0,-0.046413,-0.269022,0.002128,-0.398765,-0.032606,-0.41984,0.00081,0.004695
0,-0.083879,-0.29243,-0.064229,-0.014175,-0.072935,0.005402,0.001464,0.005104
0,-0.057855,-0.393749,0.041923,-0.117689,0.052806,-0.08096,0.00101,0.005218
0,-0.068056,-0.23921,-0.001624,0.165371,0.046762,0.21164,0.001188,0.004175
0,0.146704,-0.127275,0.193739,0.135574,0.218098,0.092174,0.00256,0.002221
0,0.12399,-0.058243,-0.005511,0.072313,0.001975,0.084587,0.002164,0.001017
0,0.197035,-0.166442,0.094013,-0.133331,0.049222,-0.147236,0.003439,0.002905
0,0.025172,-0.085703,-0.163032,0.100936,-0.17086,0.104088,0.000439,0.001496
0,0.143072,-0.26326,0.104179,-0.165603,0.112992,-0.156254,0.002497,0.004595
0,0.088632,-0.168019,-0.053478,0.110693,-0.028319,0.144997,0.001547,0.002932
0,0.04337,-0.142089,-0.037537,0.0316,0.011963,0.074207,0.000757,0.00248
0,0.224824,-0.283748,0.209657,-0.154876,0.2335,-0.167295,0.003924,0.004952
0,-0.021276,-0.187274,-0.233444,0.103526,-0.186854,0.054754,0.000371,0.003269
0,0.100841,-0.187846,0.136812,0.013104,0.120699,0.016816,0.00176,0.003279
0,-0.007487,-0.246881,-0.115366,-0.04807,-0.128336,-0.035924,0.000131,0.004309
0,0.154995,-0.079685,0.154432,0.153231,0.159364,0.122951,0.002705,0.001391
0,0.171921,-0.188873,0.004445,-0.12701,0.003224,-0.096969,0.003001,0.003296
0,0.139709,-0.043868,-0.008635,0.169626,0.037768,0.196685,0.002438,0.000766
0,0.231457,-0.242006,0.064926,-0.182677,0.057249,-0.184066,0.00404,0.004224
0,0.047502,-0.210901,-0.159075,0.011876,-0.158401,0.025431,0.000829,0.003681
0,-0.012253,-0.171639,-0.081458,0.050909,-0.099778,0.0343,0.000214,0.002996
0,0.20124,-0.049724,0.221693,0.103043,0.216564,0.077394,0.003512,0.000868
0,0.044073,-0.075913,-0.128054,-0.016621,-0.151087,-0.039975,0.000769,0.001325
0,0.10729,-0.058236,0.077058,0.035896,0.030664,0.005111,0.001873,0.001016
0,0.138573,-0.244042,0.040503,-0.180177,0.066609,-0.203627,0.002419,0.004259
0,0.11757,0.058434,0.006375,0.302053,-0.025744,0.292797,0.002052,0.00102
0,0.228699,-0.182282,0.104933,-0.243072,0.092328,-0.195238,0.003992,0.003181
0,-0.050474,0.094658,-0.304767,0.255048,-0.307931,0.210808,0.000881,0.001652
0,0.131659,-0.057228,0.170866,-0.168486,0.125168,-0.121946,0.002298,0.000999
0,0.034496,-0.142337,-0.076802,-0.090084,-0.045684,-0.084085,0.000602,0.002484
0,0.185293,-0.130823,0.160443,0.019698,0.203538,0.060444,0.003234,0.002283
0,0.032461,0.033665,-0.148357,0.138951,-0.110249,0.121801,0.000567,0.000588
0,-0.050663,-0.064309,-0.110614,-0.099306,-0.155376,-0.065953,0.000884,0.001122
0,-0.068325,-0.035374,-0.026965,0.037601,0.001427,0.081094,0.001192,0.000617
0,0.009351,-0.193387,0.085213,-0.148104,0.120785,-0.118044,0.000163,0.003375
0,-0.108025,0.026664,-0.129357,0.196407,-0.174467,0.24286,0.001885,0.000465
0,0.177805,0.081487,0.305058,0.083474,0.289758,0.121699,0.003103,0.001422
0,-0.027419,-0.090462,-0.212957,-0.186357,-0.198073,-0.212702,0.000479,0.001579
0,-0.001065,-0.115934,0.055194,-0.012184,0.013371,-0.035477,1.9e-05,0.002023
0,-0.037345,0.044006,-0.008974,0.142836,-0.03956,0.143886,0.000652,0.000768
0,0.02917,-0.014124,0.053052,-0.071989,0.083295,-0.031766,0.000509,0.000247
0,-0.088683,-0.173888,-0.130422,-0.165717,-0.120296,-0.149467,0.001548,0.003035
0,-0.120107,-0.119741,-0.019194,0.08261,0.003956,0.055699,0.002096,0.00209
0,-0.112173,-0.105715,0.032987,0.007079,-0.003612,0.024998,0.001958,0.001845
0,0.089979,-0.175805,0.205446,-0.09747,0.199662,-0.118961,0.00157,0.003068
0,-0.021291,0.091546,-0.100675,0.254284,-0.133449,0.283667,0.000372,0.001598
0,-0.105387,-0.028967,-0.070663,-0.116677,-0.113348,-0.095866,0.001839,0.000506
0,-0.00579,-0.114401,0.11218,-0.079335,0.084455,-0.073265,0.000101,0.001997
0,0.048411,-0.106895,0.038552,0.019688,0.005719,0.016935,0.000845,0.001866
0,-0.096571,-0.147725,-0.169305,-0.014478,-0.196753,0.003454,0.001685,0.002578
0,-0.005396,0.042357,0.0961,0.198708,0.049376,0.224324,9.4e-05,0.000739
0,-0.14903,-0.103589,-0.141696,-0.127964,-0.104748,-0.166295,0.002601,0.001808
0,-0.061393,-0.153873,0.071557,-0.053995,0.081215,-0.015574,0.001072,0.002686
0,-0.051321,-0.013106,0.016021,0.129445,0.062207,0.087166,0.000896,0.000229
0,-0.25981,0.060751,-0.237825,0.064885,-0.276429,0.077522,0.004535,0.00106
0,0.0247,-0.078929,0.290828,-0.13146,0.328829,-0.143654,0.000431,0.001378
0,-0.193964,-0.089733,-0.24294,0.004029,-0.243695,-0.006612,0.003385,0.001566
0,-0.155161,-0.037561,0.020238,0.061333,0.008045,0.056777,0.002708,0.000656
0,-0.146886,-0.087434,-0.002198,-0.072705,0.007838,-0.047081,0.002564,0.001526
0,-0.005935,-0.039129,0.138044,0.050255,0.179632,0.073025,0.000104,0.000683
0,-0.123259,0.049986,-0.092797,0.11534,-0.142182,0.066577,0.002151,0.000872
0,-0.003694,-0.025772,0.139795,-0.087108,0.119313,-0.125027,6.4e-05,0.00045
0,-0.217726,-0.15295,-0.209714,-0.147262,-0.196301,-0.12669,0.0038,0.002669
0,-0.130205,-0.15761,0.117049,0.014857,0.159458,0.041117,0.002273,0.002751
0,0.020545,0.013381,0.166705,0.190448,0.157979,0.147318,0.000359,0.000234
0,-0.079646,-0.158125,-0.116802,-0.141886,-0.080339,-0.093204,0.00139,0.00276
0,0.150247,-0.141032,0.208043,-0.001674,0.174538,0.019043,0.002622,0.002461
0,-0.094133,-0.126165,-0.26007,-0.010684,-0.279561,-0.046886,0.001643,0.002202
0,-0.161463,-0.190667,-0.07557,-0.077076,-0.084465,-0.071374,0.002818,0.003328
0,0.145257,-0.050255,0.304038,0.143422,0.274826,0.13073,0.002535,0.000877
0,-0.087674,-0.006764,-0.222073,0.016928,-0.180144,-0.026531,0.00153,0.000118
0,0.041555,-0.161687,0.11195,-0.154682,0.119462,-0.142684,0.000725,0.002822
0,0.075325,0.098715,0.046307,0.248341,0.083584,0.287319,0.001315,0.001723
0,0.051023,-0.095767,-0.028302,-0.219807,-0.062771,-0.175864,0.000891,0.001671
0,0.088568,-0.138804,0.044343,-0.0195,0.01559,-0.036791,0.001546,0.002423
0,0.142844,-0.039113,0.026165,0.123053,-0.014183,0.161249,0.002493,0.000683
0,-0.052089,0.006798,-0.17065,0.066385,-0.173654,0.078791,0.000909,0.000119
0,0.052715,-0.046949,0.106106,-0.037995,0.067503,-0.014294,0.00092,0.000819
0,-0.121346,-0.092134,-0.168886,-0.021439,-0.181834,0.005818,0.002118,0.001608
0,0.116144,0.142616,0.232133,0.228254,0.208194,0.179803,0.002027,0.002489
0,-0.010088,-0.015081,-0.130062,-0.159241,-0.145662,-0.150356,0.000176,0.000263
0,-0.024513,-0.10979,-0.021895,-0.098483,0.02415,-0.052091,0.000428,0.001916
0,-0.033303,-0.031894,0.020224,0.050649,0.011839,0.069978,0.000581,0.000557
0,-0.052498,0.082392,-0.01193,0.111266,-0.03777,0.094323,0.000916,0.001438
0,0.019375,0.029975,0.073078,-0.024771,0.063721,-0.052388,0.000338,0.000523
0,-0.003331,-0.011259,-0.029028,-0.025883,-0.043121,-0.041172,5.8e-05,0.000197
0,-0.09538,-0.127234,-0.081778,-0.141601,-0.086946,-0.14372,0.001665,0.002221
0,0.198441,-0.06729,0.270823,0.086335,0.255056,0.126537,0.003463,0.001174
0,0.029381,-0.113259,-0.182001,-0.036946,-0.196718,-0.078481,0.000513,0.001977
0,0.065178,-0.018146,0.052312,0.124581,0.041331,0.120546,0.001138,0.000317
0,0.031415,-0.015564,-0.046089,0.027277,-0.069898,0.056043,0.000548,0.000272
0,0.141543,-0.169438,0.133843,-0.144202,0.170714,-0.119138,0.00247,0.002957
0,0.024602,-0.075769,-0.117132,0.065892,-0.163084,0.112338,0.000429,0.001322
0,0.137334,-0.039023,0.134976,0.021268,0.162482,0.001013,0.002397,0.000681
0,-0.056837,-0.081485,-0.173015,-0.046087,-0.132576,-0.06192,0.000992,0.001422
0,-0.052414,0.08706,-0.010854,0.169285,-0.047827,0.164034,0.000915,0.001519
0,-0.185807,-0.143676,-0.136582,-0.260731,-0.163615,-0.216872,0.003243,0.002508
0,0.246435,-0.25549,0.453334,-0.118243,0.437553,-0.15078,0.004301,0.004459
0,0.677326,-0.17728,0.436986,0.093906,0.439812,0.126899,0.000269,0.003094
0,0.53117,-0.253028,-0.132224,-0.062665,-0.140747,-0.085193,0.00282,0.004416
0,0.480511,-0.482176,-0.078618,-0.218388,-0.047565,-0.247717,0.003704,0.003675
0,0.468787,-0.593748,-0.014489,-0.08233,0.031342,-0.060002,0.003909,0.001728
0,0.392223,-0.389041,-0.102746,0.209694,-0.06062,0.213893,0.005245,0.0053
0,0.350162,-0.24329,-0.026462,0.158287,0.007909,0.132718,0.005979,0.004246
0,0.097315,-0.268207,-0.274995,-0.024154,-0.300579,-0.033053,0.001698,0.004681
0,0.153089,-0.131874,0.059933,0.14235,0.078832,0.101722,0.002672,0.002302
0,0.024966,-0.270515,-0.152754,-0.144376,-0.134786,-0.103561,0.000436,0.004721
0,0.04919,-0.171732,0.035366,0.112596,0.031688,0.141528,0.000859,0.002997
0,-0.132104,-0.086632,-0.160931,0.071071,-0.178288,0.117222,0.002306,0.001512
0,-0.190581,-0.228643,-0.066243,-0.115174,-0.08168,-0.162198,0.003326,0.003991
0,-0.190034,-0.003425,0.027489,0.204461,0.035335,0.212975,0.003317,6e-05
0,-0.072318,0.030069,0.103035,0.044835,0.107772,0.059921,0.001262,0.000525
0,-0.192553,-0.001926,-0.107096,-0.034887,-0.136861,-0.010944,0.003361,3.4e-05
0,-0.131533,-0.170147,0.038548,-0.192516,0.039998,-0.199729,0.002296,0.00297
0,-0.151628,-0.036467,-0.019095,0.104866,-0.037899,0.153683,0.002646,0.000636
0,-0.062285,-0.179856,0.090289,-0.141928,0.118834,-0.182614,0.001087,0.003139
0,-0.138494,-0.225207,-0.077901,-0.074535,-0.069888,-0.098483,0.002417,0.003931
0,-0.095732,-0.056578,0.065921,0.17843,0.045094,0.212702,0.001671,0.000987
0,-0.174336,-0.190658,-0.05649,-0.125415,-0.062865,-0.096567,0.003043,0.003328
0,-0.229908,-0.240005,-0.078502,-0.051554,-0.125256,-0.075966,0.004013,0.004189
0,-0.029643,-0.21885,0.189871,0.027458,0.15734,0.048475,0.000517,0.00382
0,-0.247074,-0.179326,-0.228669,0.062022,-0.188171,0.046862,0.004312,0.00313
0,-0.175755,-0.088158,0.083697,0.067893,0.044894,0.043797,0.003068,0.001539
0,0.008213,-0.183453,0.167493,-0.102302,0.19565,-0.095947,0.000143,0.003202
0,-0.264379,-0.107956,-0.249618,0.057123,-0.285023,0.015281,0.004614,0.001884
0,-0.077206,-0.313888,0.19864,-0.228789,0.175285,-0.271834,0.001348,0.005478
0,-0.249983,-0.175598,-0.193033,0.15286,-0.187649,0.163479,0.004363,0.003065
0,-0.078606,-0.099599,0.149479,0.083728,0.166306,0.131152,0.001372,0.001738
0,-0.032817,-0.236049,0.065537,-0.14334,0.089127,-0.176684,0.000573,0.00412
0,-0.152895,-0.167478,-0.097727,0.079474,-0.103587,0.122315,0.002669,0.002923
0,-0.155945,-0.119422,0.01362,0.066359,0.02263,0.099374,0.002722,0.002084
0,-0.167958,-0.111185,-0.019096,-0.018913,0.000914,0.009941,0.002931,0.001941
0,0.005321,-0.031822,0.201625,0.052525,0.16031,0.006369,9.3e-05,0.000555
0,0.042499,-0.060833,0.062723,-0.028361,0.018261,-0.02341,0.000742,0.001062
0,0.030551,-0.040979,0.002377,0.015183,-0.047502,0.014939,0.000533,0.000715
0,-0.147023,-0.13912,-0.169464,-0.125573,-0.19087,-0.092771,0.002566,0.002428
0,0.028586,-0.039979,0.196193,0.097108,0.219304,0.112112,0.000499,0.000698
0,-0.030272,-0.077104,-0.037208,-0.012833,-0.038515,-0.043436,0.000528,0.001346
0,-0.105147,-0.009949,-0.067662,0.072296,-0.064138,0.043146,0.001835,0.000174
0,-0.093982,-0.125394,0.023182,-0.110391,0.013243,-0.151597,0.00164,0.002189
0,0.008929,0.015342,0.094608,0.111053,0.050015,0.072291,0.000156,0.000268
0,-0.01024,-0.065269,-0.040202,-0.089146,-0.053797,-0.04087,0.000179,0.001139
0,-0.073147,-0.104143,-0.079172,-0.065951,-0.062921,-0.094649,0.001277,0.001818
0,-0.10517,-0.060867,-0.01867,0.035278,-0.058886,0.056652,0.001836,0.001062
0,-0.046131,-0.038224,0.066131,0.007274,0.095605,-0.016847,0.000805,0.000667
0,-0.128713,0.068533,-0.077553,0.129231,-0.120637,0.115462,0.002246,0.001196
0,-0.026129,0.133363,0.106506,0.065761,0.058292,0.050014,0.000456,0.002328
0,-0.180505,-0.019903,-0.170372,-0.133495,-0.169614,-0.158849,0.00315,0.000347
0,-2.169788,1.284297,-1.97668,1.30126,-1.968146,1.298472,0.001598,0.001766
0,-2.811392,1.521458,-0.614371,0.212976,-0.56799,0.262413,0.000706,0.002373
0,-2.557146,1.46306,0.280919,-0.055268,0.249108,-0.045371,0.003731,0.001354
0,-2.35547,1.964565,0.182086,0.513655,0.205801,0.553869,0.004839,0.001983
0,-2.653707,1.600958,-0.314219,-0.374081,-0.299663,-0.363713,0.002046,0.003761
0,-2.173842,1.273028,0.495361,-0.298627,0.473599,-0.311337,0.001669,0.001962
0,-1.70538,1.115609,0.441883,-0.161201,0.472181,-0.160178,0.005584,0.00471
0,-1.191331,1.001461,0.496081,-0.125746,0.499534,-0.109779,0.003388,0.005388
0,-0.757711,0.612184,0.424973,-0.418527,0.452353,-0.368679,0.001134,0.001406
0,-0.841237,0.610384,-0.110444,-0.023422,-0.066201,-0.033867,0.002592,0.001437
0,-0.511277,0.358803,0.331063,-0.266083,0.317971,-0.243711,0.003167,0.005828
0,-0.536998,0.172802,-0.049082,-0.202992,-0.002776,-0.15502,0.002718,0.003016
0,-0.2182,-0.096227,0.317904,-0.280177,0.308946,-0.252226,0.003808,0.001679
0,-0.083203,-0.370601,0.148566,-0.269546,0.164282,-0.224204,0.001452,0.005622
0,0.179714,-0.331658,0.286029,0.056138,0.317859,0.090035,0.003137,0.005789
0,0.184582,-0.277145,0.008268,0.027586,-0.000745,-0.014436,0.003222,0.004837
0,0.285843,-0.244019,0.124573,0.032795,0.1225,0.039705,0.004989,0.004259
0,0.319567,-0.284927,0.013924,-0.046703,0.001854,-0.093386,0.005577,0.004973
0,0.098654,-0.202574,-0.204017,0.101849,-0.223886,0.096833,0.001722,0.003536
0,0.35665,-0.359496,0.280185,-0.156002,0.303422,-0.203384,0.005866,0.005816
0,0.115537,-0.255431,-0.262315,0.120886,-0.3049,0.139855,0.002017,0.004458
0,0.197696,-0.05948,0.083136,0.171971,0.095149,0.216844,0.00345,0.001038
0,0.129569,-0.079426,-0.097594,-0.016424,-0.089258,0.004171,0.002261,0.001386
0,0.067772,-0.010136,-0.063827,0.073049,-0.029011,0.044607,0.001183,0.000177
0,0.031452,-0.240678,-0.006428,-0.214958,0.031653,-0.197996,0.000549,0.004201
0,0.15061,-0.236657,0.119657,0.032151,0.137715,0.023476,0.002629,0.00413
0,0.098209,0.011392,-0.052405,0.256052,-0.021983,0.277989,0.001714,0.000199
0,0.190716,-0.115494,0.105401,-0.134601,0.078754,-0.134216,0.003329,0.002016
0,-0.059077,-0.198754,-0.261366,-0.061538,-0.291468,-0.044486,0.001031,0.003469
0,0.125218,-0.087922,0.167683,0.083306,0.194032,0.118971,0.002185,0.001535
0,0.175909,-0.171993,0.07065,-0.109693,0.061894,-0.134116,0.00307,0.003002
0,-0.00209,0.005838,-0.172468,0.15502,-0.165998,0.169911,3.6e-05,0.000102
0,0.032074,-0.056684,0.061384,-0.083598,0.046424,-0.034152,0.00056,0.000989
0,0.003875,-0.135635,-0.051415,-0.054122,-0.057323,-0.088019,6.8e-05,0.002367
0,0.160625,-8e-05,0.1407,0.153216,0.141183,0.173628,0.002803,1e-06
0,-0.049397,-0.137501,-0.195784,-0.13511,-0.15943,-0.153492,0.000862,0.0024
0,0.062208,-0.130382,0.100653,0.027553,0.06669,0.058655,0.001086,0.002276
0,0.142398,-0.080132,0.086489,0.070555,0.077289,0.111543,0.002485,0.001399
0,0.030689,0.137144,-0.135912,0.206988,-0.09835,0.241552,0.000536,0.002394
0,-0.070586,0.081256,-0.103008,-0.075491,-0.089684,-0.102324,0.001232,0.001418
0,-0.002611,-0.096053,0.070008,-0.147823,0.068308,-0.161823,4.6e-05,0.001676
0,0.140649,-0.001798,0.156572,0.120016,0.127272,0.150157,0.002455,3.1e-05
0,-0.140463,-0.095016,-0.286018,-0.074713,-0.305113,-0.071579,0.002452,0.001658
0,-0.060447,-0.126861,0.101421,-0.040991,0.101845,-0.022627,0.001055,0.002214
0,-0.105315,0.15203,-0.057985,0.259316,-0.10728,0.228052,0.001838,0.002653
0,0.056256,0.051946,0.155872,-0.126411,0.132067,-0.097875,0.000982,0.000907
0,-0.094511,-0.096371,-0.123196,-0.152701,-0.146827,-0.108566,0.00165,0.001682
0,-0.141749,0.101014,-0.074894,0.203332,-0.10704,0.155122,0.002474,0.001763
0,0.008297,-0.048035,0.141734,-0.155647,0.108832,-0.1228,0.000145,0.000838
0,0.057409,-0.04993,0.035654,-0.029655,0.066011,0.011477,0.001002,0.000871
0,-0.06437,0.022599,-0.143233,0.087169,-0.127746,0.127607,0.001123,0.000394
0,0.017002,0.047579,0.062077,0.019219,0.027356,0.057702,0.000297,0.00083
0,0.010447,0.082634,-0.015897,0.030178,-0.051366,0.033229,0.000182,0.001442
0,0.042746,0.097838,0.031014,0.006118,-0.01658,0.045321,0.000746,0.001708
0,-0.039956,0.135695,-0.062172,0.021098,-0.049408,-0.013573,0.000697,0.002368
0,-0.107506,-0.040922,-0.083559,-0.157626,-0.055822,-0.170889,0.001876,0.000714
0,-0.197092,-0.137455,-0.106413,-0.098109,-0.096771,-0.111674,0.00344,0.002399
0,-0.158288,-0.081864,0.063017,0.074312,0.106933,0.098829,0.002763,0.001429
0,0.042242,0.068761,0.221676,0.165533,0.192662,0.11669,0.000737,0.0012
0,-0.051064,-0.050838,-0.120835,-0.136187,-0.162943,-0.114827,0.000891,0.000887
0,-0.088829,0.044757,-0.039439,0.08742,-0.019551,0.128936,0.00155,0.000781
0,-0.141282,-0.097141,-0.027144,-0.132401,-0.016477,-0.143998,0.002466,0.001695
0,-0.041802,0.019954,0.089433,0.116729,0.083823,0.088838,0.00073,0.000348
0,0.064969,-0.037041,0.123232,-0.066028,0.162902,-0.021233,0.001134,0.000646
0,-0.039812,0.022177,-0.103215,0.037985,-0.143885,0.027497,0.000695,0.000387
0,-0.107851,-0.079447,-0.038974,-0.078184,-0.041458,-0.080326,0.001882,0.001387
0,-0.05775,0.147409,0.022837,0.214522,0.015679,0.234074,0.001008,0.002573
0,-0.050836,0.142576,0.025555,-0.016637,0.008806,0.031207,0.000887,0.002488
0,0.063998,0.007873,0.100694,-0.114052,0.060957,-0.137567,0.001117,0.000137
0,-0.165332,-0.122131,-0.207981,-0.136943,-0.2578,-0.184982,0.002886,0.002132
0,-0.124133,0.112342,0.040897,0.256403,0.066494,0.27643,0.002167,0.001961
0,-0.149752,-0.036682,-0.021172,-0.126538,-0.063591,-0.171957,0.002614,0.00064
0,-0.24316,-0.11843,-0.097311,-0.08658,-0.11147,-0.078807,0.004244,0.002067
0,-0.210882,-0.086027,0.013644,0.022574,-0.018812,-0.016612,0.003681,0.001501
0,-0.122854,0.071812,0.08614,0.129727,0.085517,0.15917,0.002144,0.001253
0,-0.04287,0.156359,0.088282,0.081454,0.081708,0.120238,0.000748,0.002729
0,-0.075154,-0.044095,-0.013284,-0.223757,-0.008272,-0.202131,0.001312,0.00077
0,-0.068677,-0.126363,0.003791,-0.054494,-0.037806,-0.050091,0.001199,0.002205
0,-0.001646,0.119201,0.061898,0.234217,0.034394,0.20707,2.9e-05,0.00208
0,-0.191617,-0.009239,-0.210178,-0.155459,-0.212625,-0.109685,0.003344,0.000161
0,-0.130842,0.060254,0.077446,0.088113,0.116424,0.120909,0.002284,0.001052
0,-0.036582,0.050134,0.081103,-0.019963,0.037616,-0.023453,0.000638,0.000875
0,-0.119079,0.129283,-0.056069,0.059876,-0.045543,0.094096,0.002078,0.002256
0,-0.014602,-0.051896,0.083149,-0.177254,0.1112,-0.127979,0.000255,0.000906
0,-0.029601,0.0556,-0.033314,0.127852,-0.004572,0.138594,0.000517,0.00097
0,-0.095188,-0.030239,-0.084011,-0.072312,-0.073766,-0.062533,0.001661,0.000528
0,-0.030768,0.07141,0.060084,0.105174,0.024969,0.094573,0.000537,0.001246
0,-0.138283,0.06696,-0.108539,0.021377,-0.13205,-0.00366,0.002413,0.001169
0,-0.276852,0.140095,-0.134662,0.076213,-0.097981,0.040151,0.004832,0.002445
0,-0.050307,0.030865,0.204367,-0.099495,0.22801,-0.109562,0.000878,0.000539
0,-0.049676,0.109347,-0.010846,0.072378,-0.015826,0.056758,0.000867,0.001908
0,0.042541,0.034674,0.068239,-0.09564,0.045697,-0.049018,0.000742,0.000605
0,-0.263572,0.107271,-0.317617,0.061303,-0.349368,0.022729,0.0046,0.001872
0,-0.104186,-0.019803,0.166341,-0.145164,0.212676,-0.110817,0.001818,0.000346
0,-0.134326,-0.029033,-0.013405,0.01786,0.015087,0.04539,0.002344,0.000507
0,-0.099704,0.000415,0.010883,0.011601,0.041488,0.042768,0.00174,7e-06
0,-0.179851,0.042885,-0.081628,0.018596,-0.092317,0.040813,0.003139,0.000748
0,0.07218,0.122928,0.260244,0.095068,0.259626,0.080909,0.00126,0.002146
0,-0.039263,-0.094036,-0.135821,-0.196329,-0.16223,-0.202707,0.000685,0.001641
0,-0.055723,0.106786,-0.045735,0.185387,-0.029719,0.228549,0.000973,0.001864
0,-0.120708,0.079311,-0.055876,-0.040018,-0.085326,0.00375,0.002107,0.001384
0,-0.123135,-0.064558,0.015943,-0.136504,0.010528,-0.100039,0.002149,0.001127
0,-0.090579,-0.070199,0.03027,0.014838,-0.013885,-0.00537,0.001581,0.001225
0,-0.09248,0.124811,0.024144,0.210813,0.034498,0.192338,0.001614,0.002178
0,-0.072769,0.015762,0.038193,-0.081062,0.04789,-0.033207,0.00127,0.000275
0,-0.222039,0.084805,-0.173561,0.058588,-0.202688,0.083606,0.003875,0.00148
0,-0.153466,0.046939,0.048929,-0.018025,0.082449,-0.048223,0.002678,0.000819
0,-0.032051,-0.055491,0.145861,-0.087445,0.141791,-0.088475,0.000559,0.000969
0,-0.121292,0.081296,-0.082686,0.138863,-0.05852,0.148914,0.002117,0.001419
0,-0.185195,0.127534,-0.055897,0.03921,-0.032482,0.066757,0.003232,0.002226
0,-0.082407,0.10015,0.128272,-0.037897,0.124916,0.010981,0.001438,0.001748
0,-0.046621,-0.145068,0.046078,-0.223489,0.06411,-0.216667,0.000814,0.002532
0,-0.094857,-0.15951,-0.05668,0.010009,-0.075078,-0.016262,0.001656,0.002784
0,-0.076943,-0.026956,0.011167,0.110315,-0.030354,0.074088,0.001343,0.00047
0,-0.131128,-0.093394,-0.024409,-0.043267,-0.008493,-0.028941,0.002289,0.00163
0,-0.074135,-0.087699,0.065471,0.009932,0.108558,0.04205,0.001294,0.001531
0,-0.035737,-0.126693,0.040928,-0.033783,0.032232,-0.051898,0.000624,0.002211
0,-0.073764,-0.070407,-0.037091,0.058323,-0.013304,0.027428,0.001287,0.001229
0,-0.080063,0.023396,0.012425,0.1011,0.050283,0.104097,0.001397,0.000408
0,0.154498,-0.109678,0.206383,-0.131724,0.233392,-0.128878,0.002697,0.001914
0,-0.050728,0.062365,-0.192349,0.178387,-0.177656,0.217718,0.000885,0.001088
0,0.130357,0.016445,0.200145,-0.045298,0.238232,-0.061028,0.002275,0.000287
0,-0.11761,-0.090029,-0.229078,-0.076796,-0.223241,-0.086647,0.002053,0.001571
0,-0.043438,-0.071339,0.073109,0.018228,0.098448,-0.027779,0.000758,0.001245
0,-0.041185,-0.010303,-0.00328,0.051265,-0.013985,0.074695,0.000719,0.00018
0,-0.049056,-0.146371,-0.030651,-0.159287,-0.023538,-0.114312,0.000856,0.002555
0,-0.10786,-0.090794,-0.057972,0.053298,-0.078206,0.068609,0.001883,0.001585
0,-0.060412,0.035743,0.05774,0.145143,0.085752,0.156893,0.001054,0.000624
0,0.073632,-0.140605,0.145679,-0.164136,0.105454,-0.21406,0.001285,0.002454
0,0.001711,0.077576,-0.078772,0.210519,-0.042929,0.190217,3e-05,0.001354
0,-0.041278,-0.048838,-0.022267,-0.101192,-0.04156,-0.062347,0.00072,0.000852
0,0.033216,-0.125716,0.083843,-0.062608,0.051401,-0.023743,0.00058,0.002194
0,-0.062775,-0.112966,-0.09647,0.014924,-0.097103,-0.033165,0.001096,0.001972
0,-0.042835,-0.042279,-0.001589,0.073739,-0.023281,0.04274,0.000748,0.000738
0,-0.029635,-0.075958,-0.004826,-0.012186,0.043499,-0.040988,0.000517,0.001326
0,0.069475,0.122012,0.084858,0.194863,0.096341,0.15074,0.001213,0.00213
0,0.039349,-0.055344,-0.009629,-0.178081,-0.018502,-0.158646,0.000687,0.000966
0,0.098426,0.113603,0.072544,0.165895,0.082414,0.125008,0.001718,0.001983
0,0.153655,0.092029,0.044571,-0.018872,0.03245,0.027534,0.002682,0.001606
0,0.074728,0.035949,-0.049362,-0.031516,-0.069205,-0.016533,0.001304,0.000627
0,0.254209,-0.009053,0.155403,-0.032145,0.180405,-0.053721,0.004437,0.000158
0,0.249813,-0.167531,0.012832,-0.138117,0.018007,-0.116879,0.00436,0.002924
0,0.063067,0.086481,-0.161248,0.272785,-0.202609,0.234568,0.001101,0.001509
0,0.208267,-0.092844,0.175126,-0.18865,0.140892,-0.225114,0.003635,0.00162
0,0.090639,-0.02946,-0.147423,0.086861,-0.168739,0.037704,0.001582,0.000514
0,0.163102,-0.081689,0.083502,-0.07592,0.054863,-0.107797,0.002847,0.001426
0,0.18534,0.096246,0.024274,0.197421,0.045101,0.220046,0.003235,0.00168
0,0.211845,0.125729,0.03953,0.035794,0.023497,0.059618,0.003697,0.002194
0,0.234213,0.017015,0.043946,-0.132763,0.04282,-0.127862,0.004088,0.000297
0,0.121078,0.157684,-0.089572,0.134912,-0.047045,0.166086,0.002113,0.002752
0,0.305158,0.158192,0.208892,-0.016714,0.238598,-0.026342,0.005326,0.002761
0,0.202217,0.193477,-0.097571,0.061939,-0.123084,0.061815,0.003529,0.003377
0,0.141219,0.16084,-0.045562,-0.044586,-0.07629,-0.07691,0.002465,0.002807
0,0.052506,-0.056701,-0.080653,-0.195501,-0.110576,-0.24293,0.000916,0.00099
0,0.298607,0.10686,0.224011,0.151902,0.260489,0.117205,0.005212,0.001865
0,0.034271,0.167102,-0.259751,0.085747,-0.218389,0.129538,0.000598,0.002916
0,0.281012,-0.030851,0.218878,-0.175206,0.226376,-0.125823,0.004905,0.000538
0,0.182133,0.171934,-0.122241,0.181964,-0.144021,0.154195,0.003179,0.003001
0,0.253301,0.055754,0.098762,-0.105262,0.099011,-0.133861,0.004421,0.000973
0,0.223127,0.091728,-0.044645,0.012181,-0.091186,0.037816,0.003894,0.001601
0,-0.024338,-0.014668,-0.245964,-0.088024,-0.287267,-0.136581,0.000425,0.000256
0,0.122242,0.13055,0.139845,0.1492,0.132561,0.171366,0.002134,0.002279
0,0.230689,0.087038,0.137635,-0.037962,0.16449,-0.042727,0.004026,0.001519
0,0.009639,-0.006621,-0.244572,-0.082411,-0.252084,-0.127258,0.000168,0.000116
0,0.142509,-0.066853,0.157208,-0.074728,0.129685,-0.056012,0.002487,0.001167
0,0.131723,0.011768,-0.006327,0.064262,-0.001083,0.018371,0.002299,0.000205
0,0.04123,-0.052848,-0.062624,-0.035475,-0.017027,0.007193,0.00072,0.000922
0,0.12597,0.169132,0.075393,0.214625,0.101656,0.207538,0.002199,0.002952
0,-0.040956,0.016869,-0.138464,-0.162314,-0.1711,-0.120768,0.000715,0.000294
0,-0.09055,0.09502,-0.036722,0.068334,-0.045701,0.084298,0.00158,0.001658
0,-0.068391,-0.006151,0.012515,-0.07575,-0.022558,-0.061696,0.001194,0.000107
0,-0.146836,0.153377,-0.058484,0.167605,-0.018359,0.170213,0.002563,0.002677
0,0.137476,0.052251,0.313439,-0.074314,0.273895,-0.035231,0.002399,0.000912
0,-0.098597,-0.039111,-0.233872,-0.066405,-0.252554,-0.110032,0.001721,0.000683
0,-0.041864,0.158768,0.084627,0.199818,0.06268,0.159571,0.000731,0.002771
0,-0.067577,0.070616,-0.046783,-0.100112,-0.073155,-0.086872,0.001179,0.001232
0,0.186104,0.122892,0.253537,0.039858,0.207358,0.036494,0.003248,0.002145
0,-0.078753,-0.077393,-0.24011,-0.198269,-0.196875,-0.185218,0.001375,0.001351
0,0.026928,0.124829,0.128105,0.177589,0.121513,0.208718,0.00047,0.002179
0,0.015799,-0.067411,0.013212,-0.219115,0.034422,-0.233046,0.000276,0.001177
0,-0.074599,0.149964,-0.079434,0.237822,-0.042534,0.20009,0.001302,0.002617
0,0.183109,-0.02831,0.281675,-0.160197,0.303486,-0.172561,0.003196,0.000494
0,0.154195,0.035372,-0.006828,0.086602,-0.022852,0.039513,0.002691,0.000617
0,0.020081,0.079318,-0.136783,0.045148,-0.101147,0.048635,0.00035,0.001384
0,-0.034616,0.067543,-0.059631,-0.007476,-0.095588,0.027255,0.000604,0.001179
0,0.087758,0.108221,0.118791,0.065051,0.146313,0.038712,0.001532,0.001889
0,-0.084833,0.12321,-0.146819,-0.00519,-0.194708,0.00961,0.001481,0.00215
0,0.033794,0.08287,0.104333,-0.069332,0.090553,-0.059371,0.00059,0.001446
0,-0.008427,0.103651,-0.02576,0.01274,-0.013032,0.000479,0.000147,0.001809
0,0.049833,-0.032403,0.046284,-0.16275,0.009138,-0.180743,0.00087,0.000566
0,0.004544,-0.127259,-0.050992,-0.087228,-0.060715,-0.134853,7.9e-05,0.002221
0,-0.030936,0.156616,-0.027466,0.308453,-0.05272,0.260078,0.00054,0.002733
0,0.121459,-0.016726,0.18167,-0.169091,0.166602,-0.173358,0.00212,0.000292
0,0.019221,-0.118645,-0.103064,-0.09956,-0.112733,-0.12602,0.000335,0.002071
0,0.128141,-0.096095,0.118207,0.037978,0.139018,-0.007817,0.002236,0.001677
0,0.081639,-0.11641,-0.023349,-0.037588,0.020171,-0.04492,0.001425,0.002032
0,0.005574,0.106565,-0.059791,0.212697,-0.029494,0.183024,9.7e-05,0.00186
0,0.149929,-0.163952,0.14701,-0.257623,0.144494,-0.207834,0.002617,0.002862
0,0.009948,-0.090205,-0.165256,0.08779,-0.162161,0.131044,0.000174,0.001574
0,0.086489,0.003442,0.103873,0.063922,0.075301,0.08353,0.00151,6e-05
0,0.085355,0.052357,-0.006844,0.077149,-0.052267,0.08733,0.00149,0.000914
0,0.098609,0.102026,0.025239,0.064383,0.05737,0.04723,0.001721,0.001781
0,0.037595,-0.144451,-0.060453,-0.243034,-0.102864,-0.245629,0.000656,0.002521
0,0.207157,-0.09867,0.161331,0.045339,0.129979,0.053622,0.003616,0.001722
0,0.019198,-0.154258,-0.166559,-0.026137,-0.120213,0.022695,0.000335,0.002692
0,0.252919,-0.114781,0.252478,0.061035,0.240796,0.080536,0.004414,0.002003
0,0.281175,0.000554,0.038823,0.102011,0.042513,0.06177,0.004907,1e-05
0,0.155001,-0.128318,-0.152961,-0.155441,-0.129412,-0.133283,0.002705,0.00224
0,0.153027,-0.104056,0.015218,0.024333,0.005677,-0.005348,0.002671,0.001816
0,0.128003,0.06406,-0.019931,0.158411,-0.05924,0.195533,0.002234,0.001118
0,0.042468,0.026146,-0.110743,-0.045506,-0.075959,-0.049079,0.000741,0.000456
0,0.169323,-0.081682,0.152156,-0.132249,0.134951,-0.170486,0.002955,0.001426
0,0.066319,0.073776,-0.112061,0.143144,-0.089138,0.136699,0.001157,0.001288
0,0.024572,0.104732,-0.064241,0.039218,-0.065971,0.036434,0.000429,0.001828
0,-0.008951,0.020219,-0.007892,-0.081685,0.028547,-0.092858,0.000156,0.000353
0,0.077451,-0.081678,0.099041,-0.086461,0.093051,-0.107836,0.001352,0.001426
0,0.144032,0.059452,0.040148,0.135398,0.066807,0.177278,0.002514,0.001038
0,0.207669,-0.054064,0.037701,-0.127329,0.020687,-0.145972,0.003625,0.000944
0,0.100789,0.057637,-0.1278,0.141504,-0.161687,0.160596,0.001759,0.001006
0,0.049193,0.065605,-0.061319,-0.006898,-0.013643,-0.03769,0.000859,0.001145
0,0.127828,-0.104734,0.062855,-0.140532,0.064375,-0.157998,0.002231,0.001828
0,-0.567555,1.321007,-0.675607,1.450844,-0.661223,1.451424,0.002185,0.001125
0,-0.685814,2.370167,-0.137637,1.034024,-0.167193,1.025538,0.000121,0.005096
0,-0.754133,1.814899,-0.067828,-0.530397,-0.085023,-0.49501,0.001072,0.004596
0,-0.740529,1.726202,0.030148,-0.109945,0.048231,-0.144517,0.000834,0.005947
0,-0.701443,1.332747,0.042141,-0.409197,0.052763,-0.380495,0.000152,0.00092
0,-0.628533,1.298334,0.056773,-0.006835,0.035029,-0.055516,0.001121,0.001521
0,-0.44823,1.159545,0.173997,-0.148609,0.18482,-0.139253,0.004267,0.003943
0,0.202245,1.964824,0.676097,0.828165,0.676293,0.843864,0.00353,0.001979
0,0.592199,1.876771,0.385405,-0.072785,0.40394,-0.034266,0.001755,0.003516
0,0.367813,2.02133,-0.216465,0.12631,-0.208862,0.118388,0.005671,0.000993
0,0.618169,1.641684,0.248844,-0.361783,0.21765,-0.400165,0.001301,0.004472
0,0.402081,1.239874,-0.235222,-0.377354,-0.221816,-0.409145,0.005073,0.002541
0,0.186867,0.958518,-0.209291,-0.294863,-0.233232,-0.341007,0.003261,0.004639
0,0.388347,0.839679,0.190423,-0.12925,0.183196,-0.130239,0.005313,0.002565
0,0.134462,0.77046,-0.26034,-0.05012,-0.30666,-0.013089,0.002347,0.001357
0,0.032271,0.58601,-0.079425,-0.175751,-0.083566,-0.158049,0.000563,0.001863
0,0.098655,0.254844,0.051304,-0.310551,0.016719,-0.296567,0.001722,0.004448
0,0.089644,-0.01577,0.016808,-0.295593,0.064029,-0.328939,0.001565,0.000275
0,-0.153073,-0.027553,-0.256871,0.015459,-0.207788,0.031765,0.002672,0.000481
0,-0.10547,-0.144022,0.036345,-0.137158,0.046337,-0.15424,0.001841,0.002514
0,-0.177613,0.048011,-0.086992,0.208929,-0.11106,0.226671,0.0031,0.000838
0,-0.050888,-0.035163,0.116589,-0.087449,0.090276,-0.045202,0.000888,0.000614
0,-0.137533,-0.09265,-0.101901,-0.036839,-0.109201,-0.068693,0.0024,0.001617
0,-0.105127,-0.183519,0.011721,-0.089543,0.006089,-0.088036,0.001835,0.003203
0,-0.045992,-0.077514,0.036876,0.095711,0.028511,0.106501,0.000803,0.001353
0,-0.150332,-0.233549,-0.098452,-0.175677,-0.122759,-0.209081,0.002624,0.004076
0,0.053678,0.016603,0.21503,0.256718,0.204261,0.233564,0.000937,0.00029
0,-0.063,-0.196858,-0.097699,-0.220862,-0.054089,-0.238434,0.0011,0.003436
0,-0.077882,-0.146367,-0.026152,0.063484,-0.053672,0.088434,0.001359,0.002555
0,-0.009443,0.043728,0.042229,0.210696,0.07734,0.226922,0.000165,0.000763
0,-0.054149,-0.133135,-0.022848,-0.20338,0.011963,-0.247762,0.000945,0.002324
0,-0.051156,0.040357,-0.024634,0.196154,-0.021472,0.166275,0.000893,0.000704
0,0.118347,0.00169,0.196928,-0.05317,0.218859,-0.088849,0.002066,2.9e-05
0,0.075338,-0.087801,-0.029673,-0.115104,0.017302,-0.143854,0.001315,0.001532
0,-0.030606,-0.2134,-0.118802,-0.146652,-0.114877,-0.183127,0.000534,0.003725
0,0.161268,0.011559,0.196346,0.215748,0.240883,0.246901,0.002815,0.000202
0,-0.010165,-0.162181,-0.175638,-0.189164,-0.218967,-0.228978,0.000177,0.002831
0,0.125514,-0.026698,0.110362,0.164473,0.151136,0.146446,0.002191,0.000466
0,0.176489,0.018522,0.070189,0.036263,0.065264,0.066829,0.00308,0.000323
0,0.284794,-0.057037,0.129014,-0.093344,0.101325,-0.093379,0.004971,0.000995
0,0.112805,-0.190077,-0.176789,-0.108924,-0.137414,-0.089975,0.001969,0.003317
0,0.056221,-0.141004,-0.032001,0.061571,0.005985,0.092979,0.000981,0.002461
0,0.064073,0.075226,0.019874,0.20967,0.049739,0.184481,0.001118,0.001313
0,0.270101,0.087408,0.205041,0.041862,0.207171,0.023095,0.004714,0.001526
0,0.266074,0.02995,0.008264,-0.063131,0.023777,-0.047269,0.004644,0.000523
0,0.062086,-0.163693,-0.191249,-0.206536,-0.206632,-0.17887,0.001084,0.002857
0,0.17936,-0.047691,0.113721,0.08883,0.15554,0.069638,0.00313,0.000832
0,-0.012828,-0.158474,-0.179753,-0.098468,-0.137292,-0.0492,0.000224,0.002766
0,0.161317,0.012955,0.174153,0.185588,0.196767,0.216022,0.002816,0.000226
0,0.162699,0.05632,-0.008252,0.053995,-0.02558,0.095523,0.00284,0.000983
0,0.058939,-0.143462,-0.097064,-0.219542,-0.048646,-0.172895,0.001029,0.002504
0,0.117323,0.039285,0.078906,0.189511,0.06255,0.203379,0.002048,0.000686
0,0.163156,0.01695,0.021312,-0.008833,-0.018059,0.006017,0.002848,0.000296
0,0.148984,-0.023407,-0.037487,-0.031969,-0.013622,-0.031166,0.0026,0.000409
0,0.066006,-0.01001,-0.066528,0.028799,-0.069166,0.045212,0.001152,0.000175
0,-0.937901,-0.478922,-0.976306,-0.443928,-0.98514,-0.481757,0.004279,0.003732
0,-1.566386,-0.942372,-0.622811,-0.465992,-0.667486,-0.446387,0.003158,0.004357
0,-1.907644,-1.284896,-0.323945,-0.366865,-0.277699,-0.363235,0.002977,0.001755
0,-2.222709,-1.305274,-0.285222,-0.048089,-0.313074,-0.067782,0.002522,0.0014
0,-1.929064,-1.257801,0.308753,0.054758,0.351632,0.099556,0.002603,0.002228
0,-2.231348,-1.139602,-0.276185,0.122413,-0.311947,0.079124,0.002673,0.004291
0,-1.98124,-0.756644,0.270011,0.376375,0.292739,0.37103,0.001692,0.001115
0,-1.855396,-0.414153,0.128783,0.349981,0.086905,0.388189,0.003889,0.004862
0,-1.22286,-0.145128,0.605772,0.261844,0.585284,0.27508,0.002838,0.002533
0,-0.931876,-0.164884,0.313944,-4.2e-05,0.332928,-0.020811,0.004174,0.002878
0,-0.395309,-0.059048,0.547817,0.104793,0.533729,0.137999,0.005191,0.001031
0,-0.033884,-0.130441,0.34456,-0.094682,0.371798,-0.116473,0.000591,0.002277
0,-0.040826,-0.066958,0.002913,0.049302,0.044778,0.020598,0.000713,0.001169
0,0.092117,0.006665,0.149064,0.102115,0.175691,0.081391,0.001608,0.000116
0,0.127801,0.067294,0.038644,0.058227,0.049948,0.062195,0.002231,0.001175
0,0.175676,0.012892,0.070955,-0.044601,0.047944,-0.076257,0.003066,0.000225
0,0.212861,0.126446,0.038499,0.08904,0.081807,0.096683,0.003715,0.002207
0,-0.010366,0.162016,-0.200548,0.022762,-0.245533,0.01754,0.000181,0.002828
0,0.031082,0.009971,0.02159,-0.136964,0.015528,-0.173225,0.000542,0.000174
0,0.07335,-0.010546,0.060153,-0.040086,0.084405,-0.071348,0.00128,0.000184
0,-0.003471,0.023551,-0.087843,0.042853,-0.08597,0.069522,6.1e-05,0.000411
0,0.022179,0.050798,0.005222,0.043032,0.052465,-0.006496,0.000387,0.000887
0,0.041651,0.066211,0.042216,-0.001122,0.019434,-0.041353,0.000727,0.001156
0,0.12693,0.199075,0.091522,0.156769,0.059631,0.157235,0.002215,0.003475
0,0.000334,-0.005268,-0.144797,-0.222344,-0.146289,-0.177883,6e-06,9.2e-05
0,0.062613,0.068087,0.045437,0.055993,0.071842,0.102913,0.001093,0.001188
0,0.142917,0.180929,0.099671,0.093158,0.117998,0.093158,0.002494,0.003158
0,0.09998,0.055204,-0.031466,-0.111426,-0.051322,-0.120148,0.001745,0.000963
0,0.185727,0.13748,0.091063,0.065113,0.07591,0.07537,0.003242,0.002399
0,0.145527,0.179554,-0.016917,0.058131,-0.018986,0.10738,0.00254,0.003134
0,0.113084,-0.052941,-0.023737,-0.253863,0.018473,-0.250794,0.001974,0.000924
0,0.056216,-0.00715,-0.038535,0.056846,0.009153,0.025496,0.000981,0.000125
0,0.008391,-0.031519,-0.066626,-0.030873,-0.027083,-0.008169,0.000146,0.00055
0,-0.100989,-0.01283,-0.099915,0.032766,-0.124635,0.019413,0.001763,0.000224
0,0.049504,0.055587,0.165955,0.046037,0.138419,0.088147,0.000864,0.00097
0,-0.000657,0.026567,-0.028961,-0.014723,-0.014661,0.025902,1.1e-05,0.000464
0,0.085922,-0.059961,0.10967,-0.073308,0.12946,-0.107757,0.0015,0.001047
0,0.064422,0.203007,-0.050286,0.275458,-0.078643,0.254689,0.001124,0.003543
0,-0.044735,0.194742,-0.120473,-0.025768,-0.087796,-0.022335,0.000781,0.003399
0,0.089371,0.172078,0.162484,-0.024049,0.157068,-0.021896,0.00156,0.003003
0,0.160755,0.096783,0.083348,-0.08929,0.0986,-0.044612,0.002806,0.001689
0,0.110932,0.045081,-0.037942,-0.04303,-0.016689,0.006389,0.001936,0.000787
0,0.171819,0.17899,0.037188,0.14264,0.086645,0.190396,0.002999,0.003124
0,0.003847,0.115025,-0.167487,-0.084606,-0.180698,-0.079105,6.7e-05,0.002008
0,0.13493,0.241233,0.136456,0.10143,0.095186,0.129442,0.002355,0.00421
0,-0.028492,0.207343,-0.147231,-0.03857,-0.103835,-0.024317,0.000497,0.003619
0,-0.146028,0.062627,-0.089286,-0.155341,-0.121389,-0.107116,0.002549,0.001093
0,1.440215,0.814679,1.598229,0.763174,1.629606,0.73047,0.000956,0.002128
0,1.518907,1.315399,0.080389,0.485923,0.068808,0.438376,0.002329,0.001223
0,1.581914,1.333674,0.065466,0.033794,0.07693,-0.001089,0.003429,0.000904
0,1.482329,1.391846,-0.074587,0.037359,-0.103744,0.025851,0.001691,0.000111
0,1.100569,1.161139,-0.396022,-0.258207,-0.425751,-0.226411,0.004972,0.003915
0,0.974061,0.862836,-0.101864,-0.297625,-0.095227,-0.2893,0.00491,0.002969
0,0.906433,0.440958,-0.060986,-0.405476,-0.093223,-0.435135,0.00373,0.004394
0,0.598789,0.062922,-0.28586,-0.380064,-0.324467,-0.343173,0.00164,0.001098
0,0.559707,0.026544,-0.066667,-0.033073,-0.089553,-0.059531,0.002322,0.000463
0,0.380989,0.088911,-0.200944,0.034032,-0.167893,0.04636,0.005441,0.001552
0,-0.012536,-0.158579,-0.418817,-0.230009,-0.405301,-0.212331,0.000219,0.002768
0,-0.157267,-0.184961,-0.121581,-0.002008,-0.105299,-0.014282,0.002745,0.003228
0,-0.259246,-0.096598,-0.115623,0.067614,-0.120118,0.062401,0.004525,0.001686
0,-0.116867,-0.181098,0.148016,-0.102184,0.118975,-0.126788,0.00204,0.003161
0,-0.236288,-0.100401,-0.100348,0.104068,-0.086295,0.149565,0.004124,0.001752
0,-0.151349,-0.262456,0.11011,-0.163648,0.143717,-0.193432,0.002642,0.004581
0,-0.203553,-0.28267,-0.057788,0.009149,-0.102366,-0.024251,0.003553,0.004934
0,-0.313818,-0.291245,-0.13183,0.007169,-0.180612,0.040553,0.005477,0.005083
0,-0.207409,-0.235852,0.107066,0.042922,0.139086,0.072477,0.00362,0.004116
0,-0.136177,-0.12382,0.053472,0.11341,0.078392,0.102059,0.002377,0.002161
0,-0.066307,-0.192492,0.048949,-0.03973,0.092889,-0.00322,0.001157,0.00336
0,-0.114858,-0.032675,-0.074905,0.130017,-0.111226,0.143805,0.002005,0.00057
0,2.564102,0.816499,2.675286,0.866964,2.628363,0.870621,0.00361,0.00216
0,3.731829,1.699431,1.190864,0.878737,1.218997,0.86476,0.00468,0.00548
0,3.258719,2.046438,-0.481063,0.374973,-0.48819,0.364532,0.003577,0.000554
0,3.169573,2.115858,-0.078551,0.076599,-0.072463,0.031852,0.005133,0.000657
0,2.708419,1.887127,-0.454825,-0.252649,-0.436928,-0.298856,0.001091,0.003335
0,2.417031,1.813941,-0.313047,-0.052688,-0.323922,-0.018066,0.005914,0.004612
0,1.788871,1.613473,-0.650836,-0.217503,-0.623353,-0.199346,0.00505,0.003979
0,1.290479,1.128722,-0.471206,-0.512299,-0.504141,-0.542085,0.001658,0.004481
0,0.686015,0.773655,-0.618072,-0.376531,-0.638218,-0.359431,0.000117,0.001412
0,0.558741,0.253919,-0.103079,-0.490729,-0.126437,-0.442042,0.002339,0.004432
0,0.489314,0.004039,-0.041685,-0.233775,-0.007191,-0.210013,0.00355,7.1e-05
0,-0.00693,0.003383,-0.475188,0.028447,-0.47804,-0.016283,0.000121,5.9e-05
0,-0.163176,0.085887,-0.150269,0.110574,-0.17918,0.139485,0.002848,0.001499
0,-0.154453,0.027948,0.016611,-0.034597,-0.009641,-0.030514,0.002696,0.000488
0,-0.266667,0.022386,-0.108726,-0.009143,-0.14397,-0.034778,0.004654,0.000391
0,-0.505454,-0.159197,-0.249803,-0.16577,-0.277655,-0.173723,0.003269,0.002779
0,-0.588678,-0.085909,-0.060887,0.079161,-0.04434,0.061144,0.001816,0.001499
0,-0.419632,-0.107432,0.187566,-0.026382,0.172508,-0.045443,0.004767,0.001875
0,-0.307824,-0.135202,0.13181,-0.020716,0.172288,-0.069732,0.005373,0.00236
0,-0.082795,-0.099535,0.238457,0.034381,0.209713,0.044001,0.001445,0.001737
0,-0.227781,-0.172355,-0.148267,-0.052274,-0.17575,-0.082971,0.003976,0.003008
0,-0.010662,-0.114764,0.199425,0.028119,0.193518,0.027286,0.000186,0.002003
0,-0.131545,-0.058717,-0.113332,0.076262,-0.140452,0.073982,0.002296,0.001025
0,-0.124042,0.052929,-0.013879,0.10608,0.006147,0.071823,0.002165,0.000924
0,-0.059174,0.022027,0.073357,-0.043586,0.117674,-0.039095,0.001033,0.000384
0,-0.201503,-0.022069,-0.139067,-0.051944,-0.123083,-0.071592,0.003517,0.000385
0,-0.095211,0.003992,0.114454,0.039568,0.103207,0.014238,0.001662,7e-05
0,0.073337,-0.228039,0.149835,-0.21256,0.129961,-0.176542,0.00128,0.00398
0,-0.017331,-0.04295,-0.094266,0.214248,-0.06882,0.215635,0.000302,0.00075
0,-0.194688,-0.174262,-0.190137,-0.114708,-0.15615,-0.140674,0.003398,0.003041
0,-0.046425,-0.07024,0.170459,0.121343,0.188134,0.170012,0.00081,0.001226
0,-0.118995,-0.188316,-0.083772,-0.144025,-0.054463,-0.154205,0.002077,0.003287
0,0.097545,0.001466,0.239445,0.198893,0.269469,0.231829,0.001702,2.6e-05
0,-0.09492,-0.126781,-0.183908,-0.147796,-0.148373,-0.186538,0.001657,0.002213
0,0.077099,-0.184185,0.166067,-0.050896,0.21335,-0.066687,0.001346,0.003215
0,-0.021129,-0.064702,-0.084065,0.108621,-0.091082,0.125847,0.000369,0.001129
0,0.033643,-0.127071,0.033391,-0.053244,0.059683,-0.014975,0.000587,0.002218
0,-0.097285,0.002898,-0.11244,0.125988,-0.159649,0.146247,0.001698,5.1e-05
0,-0.096023,-0.126457,0.015386,-0.156113,0.015646,-0.129638,0.001676,0.002207
0,0.003442,-0.025888,0.090545,0.08793,0.120639,0.070223,6e-05,0.000452
0,-0.13925,-0.223814,-0.124614,-0.179534,-0.110493,-0.166749,0.00243,0.003906
0,0.080664,-0.046242,0.22386,0.174032,0.211223,0.179045,0.001408,0.000807
0,-0.05207,0.037163,-0.111462,0.072067,-0.071716,0.031812,0.000909,0.000649
0,0.160777,-0.013978,0.212576,-0.063885,0.168723,-0.053238,0.002806,0.000244
0,-0.168551,-0.061838,-0.332477,-0.061135,-0.330187,-0.068259,0.002942,0.001079
0,0.012256,-0.049974,0.205666,0.019957,0.231693,0.060325,0.000214,0.000872
0,-0.103587,0.000405,-0.130341,0.041118,-0.153655,0.082773,0.001808,7e-06
0,0.003959,-0.211224,0.109492,-0.231467,0.110407,-0.26315,6.9e-05,0.003687
0,-0.091841,-0.063221,-0.070115,0.13757,-0.103152,0.110649,0.001603,0.001103
0,0.112575,-0.195403,0.211689,-0.147339,0.217794,-0.113627,0.001965,0.00341
0,-0.016697,-0.08982,-0.132579,0.083769,-0.140652,0.038878,0.000291,0.001568
0,-0.022872,-0.028447,-0.013308,0.071062,0.017811,0.085399,0.000399,0.000496
0,0.028791,-0.012362,0.067179,0.037528,0.026807,0.030633,0.000502,0.000216
0,0.213555,-0.174534,0.207462,-0.152612,0.191714,-0.117788,0.003727,0.003046
0,0.127844,-0.079935,-0.079246,0.082117,-0.112904,0.054419,0.002231,0.001395
0,0.04341,0.017073,-0.094586,0.108269,-0.103587,0.061992,0.000758,0.000298
0,0.065699,-0.018582,0.005374,-0.03655,-0.04408,-0.057641,0.001147,0.000324
0,0.11387,0.030819,0.034719,0.034269,0.063505,-0.008249,0.001987,0.000538
0,-0.061752,0.057953,-0.186464,0.033626,-0.207192,0.017336,0.001078,0.001011
0,0.120869,-0.049529,0.19242,-0.130749,0.185356,-0.121964,0.00211,0.000864
0,0.009941,-0.102565,-0.11029,-0.053066,-0.086752,-0.038224,0.000174,0.00179
0,0.13357,0.02753,0.147187,0.127477,0.116658,0.103554,0.002331,0.00048
0,-0.004582,-0.099363,-0.149171,-0.123538,-0.165878,-0.10739,8e-05,0.001734
0,-0.002173,0.037198,-0.007389,0.15558,-0.029012,0.155805,3.8e-05,0.000649
0,-0.032914,3.9e-05,-0.008607,-0.022318,-0.001834,-0.039281,0.000574,1e-06
0,-0.133359,-0.037664,-0.083754,-0.028962,-0.097666,-0.009778,0.002328,0.000657
0,-0.051212,0.138944,0.072117,0.174825,0.08423,0.197206,0.000894,0.002425
0,-0.057223,-0.022477,-0.029848,-0.175203,-0.026693,-0.196614,0.000999,0.000392
0,0.04235,0.143046,0.09116,0.147336,0.100642,0.137637,0.000739,0.002497
0,-0.113201,-0.036952,-0.129899,-0.159465,-0.101668,-0.207525,0.001976,0.000645
0,0.042308,0.142462,0.179179,0.154293,0.194211,0.172576,0.000738,0.002486
0,0.035558,0.164151,-0.028466,0.034341,0.021528,0.060247,0.000621,0.002865
0,-0.189645,0.193644,-0.207494,0.046611,-0.210555,0.053497,0.00331,0.00338
0,-0.04491,-0.078243,0.123428,-0.26543,0.151618,-0.240437,0.000784,0.001366
0,-0.120315,0.026587,-0.099827,0.091679,-0.141363,0.047223,0.0021,0.000464
0,0.004372,0.042694,0.124605,-0.002412,0.128309,-0.0469,7.6e-05,0.000745
0,-0.189978,0.088082,-0.178451,0.047296,-0.223711,0.00728,0.003316,0.001537
0,-0.194293,-0.068116,-0.008888,-0.153624,-0.037318,-0.174638,0.003391,0.001189
0,-0.09676,0.07498,0.077517,0.159767,0.113181,0.13404,0.001689,0.001309
0,-0.066405,0.085581,0.045716,0.001388,0.04053,-0.006704,0.001159,0.001494
0,-0.165992,-0.056065,-0.076651,-0.149233,-0.04119,-0.140964,0.002897,0.000979
0,-0.046134,-0.164837,0.124048,-0.114178,0.142233,-0.069906,0.000805,0.002877
0,-0.060577,-0.1333,-0.025993,0.05873,-0.040046,0.009571,0.001057,0.002327
0,0.005157,0.040922,0.071037,0.174711,0.096281,0.132434,9e-05,0.000714
0,-0.23606,-0.050233,-0.254536,-0.088812,-0.204921,-0.085127,0.00412,0.000877
0,-0.104578,0.042944,0.153667,0.066519,0.103783,0.066943,0.001825,0.00075
0,0.026563,-0.085297,0.114637,-0.117485,0.142814,-0.147593,0.000464,0.001489
0,-0.059384,-0.1879,-0.098578,-0.111206,-0.121535,-0.116802,0.001036,0.003279
0,-0.043288,0.040153,0.044957,0.248452,0.017256,0.211722,0.000756,0.000701
0,-0.031131,-0.130328,-0.009577,-0.18991,0.003887,-0.172166,0.000543,0.002275
0,-0.269184,-0.071776,-0.265488,0.072995,-0.285453,0.061346,0.004698,0.001253
0,0.053864,-0.073497,0.317439,0.003322,0.327261,0.037986,0.00094,0.001283
0,-0.156827,0.0487,-0.237142,0.111743,-0.209968,0.088407,0.002737,0.00085
0,0.061252,-0.219688,0.213686,-0.271281,0.228856,-0.278299,0.001069,0.003834
0,-0.084934,-0.233095,-0.169026,0.006241,-0.162364,-0.037616,0.001482,0.004068
0,-0.026859,-0.115741,0.032351,0.096803,0.009859,0.139179,0.000469,0.00202
0,-0.086881,-0.021545,-0.050372,0.095297,-0.077907,0.074153,0.001516,0.000376
0,0.128671,-0.138185,0.209312,-0.134826,0.19291,-0.156996,0.002246,0.002412
0,0.040011,-0.074191,-0.110078,0.066817,-0.15085,0.074475,0.000698,0.001295
0,-0.038572,0.003717,-0.100069,0.094385,-0.124666,0.079131,0.000673,6.5e-05
0,0.086145,-0.00974,0.144959,-0.039605,0.158237,-0.059493,0.001504,0.00017
0,0.067754,-0.023776,-0.044298,-0.009269,-0.022747,-0.032941,0.001183,0.000415
0,-0.096954,-0.024303,-0.159144,0.022876,-0.163136,-0.024843,0.001692,0.000424
0,-0.060621,0.038077,0.04502,0.041671,0.049697,-0.000162,0.001058,0.000665
0,-0.069308,-0.014637,0.003058,-0.054895,-0.013911,-0.075186,0.00121,0.000255
0,0.057484,0.051889,0.122877,0.061934,0.091016,0.020079,0.001003,0.000906
0,-0.049752,0.07581,-0.12962,0.026457,-0.141753,-0.020485,0.000868,0.001323
0,-0.01952,0.079961,0.026124,0.009084,-0.005647,-0.018136,0.000341,0.001396
0,-0.224466,-0.141883,-0.214493,-0.241835,-0.179649,-0.23214,0.003918,0.002476
0,-0.287475,-0.174548,-0.069143,-0.047522,-0.077485,0.001671,0.005017,0.003046
0,-0.190305,-0.15782,0.083006,0.046053,0.125713,0.095168,0.003321,0.002754
0,-0.108705,-0.003432,0.101644,0.181709,0.123754,0.196471,0.001897,6e-05
0,-0.102434,0.026041,0.023634,0.009467,0.024863,-0.029273,0.001788,0.000454
0,-0.185072,0.085927,-0.084828,0.043809,-0.043791,0.053517,0.00323,0.0015
0,-0.336838,0.006665,-0.154427,-0.080107,-0.104588,-0.111794,0.005879,0.000116
0,-0.329554,-0.081132,-0.004292,-0.069775,-0.035684,-0.058187,0.005752,0.001416
0,-0.212047,-0.025586,0.144563,0.03704,0.146903,0.002426,0.003701,0.000447
0,-0.257523,0.135654,-0.067766,0.143577,-0.116842,0.094063,0.004495,0.002368
0,-0.102243,-0.056647,0.156071,-0.168415,0.203851,-0.1809,0.001784,0.000989
0,-0.283288,0.098278,-0.199987,0.170956,-0.213885,0.161353,0.004944,0.001715
0,-0.323024,0.170312,-0.061837,0.059864,-0.030476,0.104227,0.005638,0.002973
0,-0.285601,0.102678,0.053941,-0.075979,0.039748,-0.102754,0.004985,0.001792
0,-0.18105,-0.053977,0.133859,-0.14655,0.102751,-0.145741,0.00316,0.000942
0,-0.147168,0.032373,0.057055,0.100841,0.074264,0.136424,0.002569,0.000565
0,-0.154082,0.045144,0.012178,-0.016505,-0.001361,0.027184,0.002689,0.000788
0,0.004444,0.071276,0.1527,0.024924,0.126065,0.042893,7.8e-05,0.001244
0,-0.167297,0.027629,-0.184083,-0.072249,-0.210053,-0.048306,0.00292,0.000482
0,-0.220867,0.100362,-0.041342,0.089842,-0.043497,0.069566,0.003855,0.001752
0,-0.18967,-0.115719,0.015453,-0.23838,0.036868,-0.19428,0.00331,0.00202
0,-0.230534,0.011535,-0.060598,0.125351,-0.085882,0.133653,0.004024,0.000201
0,-0.049533,0.110732,0.18071,0.120741,0.229658,0.132276,0.000865,0.001933
0,-0.237525,0.074916,-0.206879,-0.04518,-0.230735,-0.065844,0.004146,0.001308
0,-0.216178,0.191161,0.025595,0.132038,0.006379,0.171419,0.003773,0.003336
0,-0.012914,-0.055984,0.218349,-0.272258,0.236896,-0.228538,0.000225,0.000977
0,-0.124561,0.010685,-0.134493,0.043531,-0.107493,0.062258,0.002174,0.000186
0,0.025117,-0.098303,0.171228,-0.11576,0.180911,-0.08139,0.000438,0.001716
0,-0.114674,0.094894,-0.112662,0.188512,-0.145614,0.1953,0.002001,0.001656
0,-0.126086,-0.057826,-0.010859,-0.132484,-0.00294,-0.101185,0.002201,0.001009
0,-0.111973,-0.071743,0.026886,-0.000831,0.061853,0.008333,0.001954,0.001252
0,0.101161,-0.086639,0.204345,-0.009942,0.242197,0.003988,0.001766,0.001512
0,-0.094244,0.104919,-0.213236,0.174326,-0.243174,0.155158,0.001645,0.001831
0,0.159226,-0.066103,0.236422,-0.179056,0.217136,-0.154037,0.002779,0.001154
0,0.173104,0.022927,0.041747,0.069325,0.070645,0.030754,0.003021,0.0004
0,0.130383,-0.092672,-0.035186,-0.12982,0.012107,-0.106772,0.002276,0.001617
0,0.022457,-0.031504,-0.085728,0.051377,-0.067861,0.037337,0.000392,0.00055
0,0.138579,0.00611,0.091248,0.054498,0.054757,0.021954,0.002419,0.000107
0,0.037616,-0.18056,-0.127098,-0.19859,-0.111502,-0.241778,0.000657,0.003151
0,-0.02838,0.029948,-0.043421,0.19438,-0.067755,0.155488,0.000495,0.000523
0,-0.05209,0.030612,-0.045025,-0.025355,-0.020379,-0.010575,0.000909,0.000534
0,-0.09146,0.031454,-0.039617,-0.005421,-0.033705,0.029468,0.001596,0.000549
0,3.494146,0.35877,3.607202,0.320995,3.59394,0.337701,0.000532,0.005829
0,5.932544,0.667156,2.462119,0.304572,2.496797,0.330313,0.005272,0.000446
0,6.131738,0.732914,0.169515,0.060999,0.218127,0.096124,0.001795,0.000701
0,5.555591,0.556165,-0.55893,-0.156062,-0.556074,-0.173951,0.000239,0.002384
0,4.819884,0.558771,-0.735133,0.006461,-0.745501,0.041803,0.000511,0.002338
0,2.999407,0.281035,-1.814496,-0.257848,-1.856583,-0.274857,0.003988,0.004905
0,2.264306,0.249193,-0.740234,-0.010182,-0.775056,-0.05109,0.003248,0.004349
0,1.096083,0.075085,-1.163709,-0.181174,-1.139001,-0.202882,0.005051,0.00131
0,0.419875,-0.006688,-0.663569,-0.107259,-0.676824,-0.153083,0.004762,0.000117
0,-0.309918,0.214592,-0.747129,0.237851,-0.69733,0.238406,0.005409,0.003745
0,-0.738098,0.126444,-0.442732,-0.088877,-0.467547,-0.068725,0.000792,0.002207
0,-0.87713,0.026433,-0.119982,-0.08483,-0.086556,-0.074475,0.003218,0.000461
0,-0.673609,0.215448,0.214156,0.217889,0.2618,0.226976,0.000334,0.00376
0,-0.717611,-0.0385,-0.045326,-0.236643,-0.09471,-0.256925,0.000434,0.000672
0,-0.783075,0.22091,-0.082045,0.279333,-0.034243,0.274487,0.001577,0.003856
0,-0.465062,0.051269,0.310266,-0.193624,0.345028,-0.175286,0.003974,0.000895
0,-0.284773,0.095999,0.184896,0.019094,0.177768,0.008127,0.00497,0.001675
0,-0.421914,0.089548,-0.140526,0.009939,-0.171304,0.041332,0.004727,0.001563
0,-0.263373,0.048828,0.158573,-0.026297,0.148777,-0.021575,0.004597,0.000852
0,-2.118862,-0.952681,-1.84266,-0.997626,-1.83215,-0.986986,0.00071,0.004537
0,-3.915589,-2.066272,-1.788635,-1.104249,-1.753378,-1.105533,0.004203,0.000208
0,-4.270484,-1.82505,-0.38261,0.270529,-0.371476,0.297481,0.001991,0.004418
0,-3.783905,-1.951325,0.476765,-0.108267,0.456843,-0.060508,0.005589,0.002214
0,-3.317881,-1.613515,0.475344,0.326072,0.512285,0.313588,0.002544,0.00398
0,-2.431388,-1.256857,0.912981,0.379578,0.902613,0.391603,0.005926,0.002245
0,-2.137794,-0.91805,0.283664,0.335472,0.264399,0.373736,0.00104,0.003933
0,-1.71426,-0.875946,0.402078,0.071946,0.402754,0.034107,0.005739,0.003198
0,-0.910704,-0.277432,0.774308,0.592982,0.769286,0.568307,0.003804,0.004842
0,-0.501037,-0.294172,0.43855,0.002265,0.42313,0.015288,0.003346,0.005134
0,-0.366311,-0.187405,0.147584,0.134718,0.140542,0.169071,0.005697,0.003271
0,-0.164696,0.094943,0.200444,0.274318,0.186268,0.272235,0.002874,0.001657
0,-0.064447,0.105756,0.095479,-0.010253,0.054663,-0.04913,0.001125,0.001846
0,0.113495,-0.046985,0.163249,-0.170524,0.179706,-0.123173,0.001981,0.00082
0,0.283877,0.117361,0.199335,0.188614,0.218217,0.175852,0.004955,0.002048
0,0.357385,-0.035768,0.055327,-0.127495,0.015709,-0.162463,0.005853,0.000624
0,0.400663,-0.09359,0.056478,-0.039564,0.094591,-0.049404,0.005098,0.001633
0,0.367037,0.194676,-0.02204,0.287737,-0.017655,0.302454,0.005684,0.003398
0,0.140922,0.167981,-0.25529,-0.021312,-0.286321,-0.005566,0.00246,0.002932
0,0.074537,0.006882,-0.081008,-0.169675,-0.127724,-0.128271,0.001301,0.00012
0,0.131311,0.048481,0.026825,0.066807,0.022213,0.029965,0.002292,0.000846
0,0.103289,0.051766,-0.036987,-0.00392,-0.018806,0.02322,0.001803,0.000903
0,0.066966,0.107573,-0.054031,0.033051,-0.016657,0.011972,0.001169,0.001878
0,-0.003906,0.093471,-0.050219,-0.035271,-0.047132,-0.01079,6.8e-05,0.001631
0,-0.048956,0.121318,-0.02652,0.043348,-0.0511,0.041511,0.000854,0.002117
0,-2.036665,-0.863296,-2.005196,-0.974065,-1.973158,-1.011893,0.000725,0.002977
0,-2.675159,-1.083758,-0.656156,-0.218881,-0.621192,-0.199129,0.001672,0.005266
0,-2.490005,-1.074013,0.156824,0.005689,0.200662,-0.02178,0.004903,0.005436
0,-2.900645,-1.316903,-0.385646,-0.250606,-0.415801,-0.242277,0.002264,0.001197
0,-2.084726,-1.258446,0.842996,0.034557,0.800195,0.046541,0.000114,0.002217
0,-1.947797,-1.131912,0.149614,0.097398,0.122456,0.108684,0.002276,0.004425
0,-1.10617,-0.802275,0.835711,0.302077,0.880133,0.322377,0.004875,0.001912
0,-0.864974,-0.914442,0.259821,-0.106246,0.255351,-0.121036,0.003006,0.00387
0,-0.729671,-0.336727,0.12877,0.560576,0.154434,0.541441,0.000645,0.005877
0,-0.510582,-0.235283,0.229726,0.075014,0.186195,0.034397,0.003179,0.004106
0,-0.093595,-0.157366,0.446483,0.070606,0.451209,0.094333,0.001634,0.002747
0,0.06807,-0.321536,0.150837,-0.174108,0.145505,-0.18061,0.001188,0.005612
0,0.402166,-0.280978,0.342516,0.032187,0.329761,0.065872,0.005071,0.004904
0,0.340398,-0.244336,-0.084479,0.008534,-0.13416,0.002318,0.005941,0.004264
0,0.387417,-0.029776,0.060818,0.197927,0.090043,0.233093,0.005329,0.00052
0,0.332265,-0.033083,-0.037893,-0.003173,-0.029803,0.005008,0.005799,0.000577
0,0.408826,-0.008485,0.065362,0.001969,0.05271,-0.02512,0.004955,0.000148
0,0.168842,-0.205711,-0.260196,-0.203264,-0.300699,-0.232834,0.002947,0.00359
0,0.165705,0.050528,0.003571,0.229217,-0.019196,0.225991,0.002892,0.000882
0,0.213892,0.078955,0.073251,0.028042,0.063648,0.001864,0.003733,0.001378
0,-0.031975,-0.064794,-0.256671,-0.144705,-0.226342,-0.19345,0.000558,0.001131
0,-0.071602,-0.218775,-0.051402,-0.153729,-0.003956,-0.157398,0.00125,0.003818
0,0.021039,-0.151782,0.072314,0.056668,0.112852,0.065914,0.000367,0.002649
0,0.027934,0.054637,0.00517,0.221223,0.051773,0.172767,0.000488,0.000954
0,-0.112279,-0.207933,-0.127788,-0.26496,-0.111043,-0.281218,0.00196,0.003629
0,-0.024435,-0.083826,0.070538,0.10558,0.119147,0.062289,0.000426,0.001463
0,0.001844,0.052623,0.044694,0.114342,0.043439,0.13807,3.2e-05,0.000918
0,0.001753,-0.074352,0.022898,-0.10456,0.025729,-0.081217,3.1e-05,0.001298
0,0.07112,-0.088358,0.087375,-0.010827,0.06262,-0.043218,0.001241,0.001542
0,-0.06798,-0.07955,-0.13032,0.033479,-0.175555,0.0033,0.001186,0.001388
0,0.077114,-0.037845,0.142771,0.018518,0.125044,0.018548,0.001346,0.000661
0,-0.100373,-0.090186,-0.20278,-0.037693,-0.214412,-0.005497,0.001752,0.001574
0,-0.187078,-0.047554,-0.112795,0.047873,-0.156688,0.042887,0.003265,0.00083
0,-0.201078,-0.246546,-0.013512,-0.188079,-0.030427,-0.180716,0.003509,0.004303
0,-0.061013,-0.023691,0.142296,0.219667,0.144362,0.261234,0.001065,0.000413
0,0.034403,-0.246752,0.115097,-0.248627,0.10005,-0.211264,0.0006,0.004307
0,-0.093043,-0.141193,-0.127708,0.076596,-0.163619,0.073372,0.001624,0.002464
0,0.020753,-0.111393,0.113932,0.035581,0.13902,0.072003,0.000362,0.001944
0,0.032426,-0.094172,-0.004039,0.011662,0.014556,0.002897,0.000566,0.001644
0,0.00721,-0.043978,-0.045413,0.078396,-0.028065,0.110344,0.000126,0.000768
0,-0.081102,-0.013181,-0.076652,0.03751,-0.08869,0.029703,0.001416,0.00023
0,-0.035572,0.003349,0.01935,0.010659,0.068796,0.047579,0.000621,5.8e-05
0,0.068491,-0.180758,0.121704,-0.178419,0.118314,-0.14416,0.001195,0.003155
0,0.144424,-0.132177,0.076239,0.035485,0.045994,0.045026,0.002521,0.002307
0,-0.186006,0.080402,-0.339627,0.233877,-0.296752,0.228532,0.003246,0.001403
0,0.009063,0.136015,0.209515,0.070104,0.180408,0.035792,0.000158,0.002374
0,-0.087554,-0.096505,-0.126462,-0.218698,-0.151649,-0.198794,0.001528,0.001684
0,0.032037,0.086279,0.135261,0.210695,0.149477,0.239232,0.000559,0.001506
0,-0.066957,0.127717,-0.081398,0.014441,-0.032859,-0.007431,0.001169,0.002229
0,-0.064328,0.109475,-0.016983,0.010042,0.015758,-0.031441,0.001123,0.001911
0,0.060616,0.092204,0.108575,-0.016725,0.147645,-0.034229,0.001058,0.001609
0,0.065601,-0.05946,-0.021217,-0.140773,-0.017208,-0.167725,0.001145,0.001038
0,-0.158566,-0.055854,-0.221324,-0.01586,-0.229861,-0.03596,0.002767,0.000975
0,-0.135078,0.083848,0.014965,0.136787,0.060839,0.097057,0.002358,0.001463
0,-0.059004,0.070022,0.093281,-0.033793,0.07748,-0.078739,0.00103,0.001222
0,9e-05,0.151424,0.073355,0.10025,0.081578,0.127276,2e-06,0.002643
0,-0.027379,0.059472,-0.039046,-0.088029,-0.077375,-0.043079,0.000478,0.001038
0,-0.08271,0.019933,-0.079438,-0.053635,-0.125931,-0.040809,0.001444,0.000348
0,0.112703,0.019727,0.219803,-0.016055,0.186243,-0.009193,0.001967,0.000344
0,-0.111315,-0.061317,-0.246985,-0.083223,-0.282367,-0.063221,0.001943,0.00107
0,-0.056897,-0.014934,0.029399,0.051601,0.058114,0.073664,0.000993,0.000261
0,-0.133286,-0.04827,-0.077003,-0.007039,-0.045999,0.033348,0.002326,0.000842
0,-0.140954,-0.029536,-0.024567,0.046725,-0.070798,0.02707,0.00246,0.000516
0,-0.135927,0.004065,0.01373,0.022871,0.020475,0.034853,0.002372,7.1e-05
0,-0.260899,0.069786,-0.141684,0.051363,-0.160557,0.01147,0.004554,0.001218
0,-0.177026,-0.072141,0.056816,-0.147308,0.062195,-0.120673,0.00309,0.001259
0,-0.156503,0.023782,0.047933,0.114278,0.075628,0.084924,0.002731,0.000415
0,-0.000898,0.018898,0.165274,-0.031567,0.183948,0.013401,1.6e-05,0.00033
0,-0.006612,-0.086157,0.013266,-0.117957,-0.017875,-0.09032,0.000115,0.001504
0,0.072964,0.144633,0.052269,0.219035,0.091065,0.261328,0.001273,0.002524
0,-0.028033,0.068555,-0.107308,-0.050409,-0.11463,-0.055986,0.000489,0.001197
0,0.097722,0.054782,0.107586,0.012995,0.060483,-0.026752,0.001706,0.000956
0,-0.190184,0.05549,-0.286973,-0.01268,-0.291874,-0.011402,0.003319,0.000968
0,-0.131866,0.126626,0.081031,0.047598,0.065086,0.088261,0.002302,0.00221
0,0.062014,-0.058214,0.196596,-0.177766,0.206896,-0.143238,0.001082,0.001016
0,0.029334,0.002851,-0.050542,0.059914,-0.048393,0.049795,0.000512,5e-05
0,-0.083197,-0.047345,-0.136605,-0.072559,-0.11394,-0.078272,0.001452,0.000826
0,-0.040391,0.10866,0.059456,0.138595,0.044914,0.128687,0.000705,0.001896
0,0.018734,0.102473,0.082238,-0.012702,0.069482,-0.027029,0.000327,0.001788
0,0.021405,0.043619,0.015481,-0.073006,0.057672,-0.057648,0.000374,0.000761
0,0.112304,0.064275,0.120688,0.036034,0.1004,0.042516,0.00196,0.001122
0,-0.089107,-0.052829,-0.229434,-0.10799,-0.206298,-0.142665,0.001555,0.000922
0,0.063657,0.128865,0.128637,0.206442,0.157255,0.170835,0.001111,0.002249
0,0.050849,-0.110817,-0.002523,-0.268212,-0.044925,-0.292491,0.000887,0.001934
0,-0.013781,-0.106911,-0.088803,0.020633,-0.08039,0.000735,0.000241,0.001866
0,0.050825,-0.101298,0.070011,-0.00227,0.089295,-0.049629,0.000887,0.001768
0,0.000103,-0.160252,-0.020784,-0.031559,-0.020914,0.011995,2e-06,0.002797
0,-0.077337,-0.022166,-0.05655,0.159217,-0.021214,0.155009,0.00135,0.000387
0,-0.00749,0.06461,0.074551,0.083277,0.04232,0.077998,0.000131,0.001128
0,0.088428,-0.045869,0.103901,-0.112269,0.09341,-0.090363,0.001543,0.000801
0,-0.108596,-0.024937,-0.168,0.017124,-0.152442,0.018246,0.001895,0.000435
0,-0.111245,0.102666,-0.025008,0.147681,-0.030555,0.195832,0.001942,0.001792
0,1.615346,0.718062,1.703289,0.622458,1.656929,0.665282,0.004012,0.000442
0,3.244523,1.665102,1.60387,0.961171,1.620255,0.972414,0.003825,0.004881
0,3.17741,1.585663,-0.084587,-0.062973,-0.038566,-0.10774,0.004996,0.003494
0,3.273836,1.462067,0.096045,-0.106683,0.144975,-0.097163,0.003313,0.001337
0,2.887156,1.382422,-0.395191,-0.083346,-0.430541,-0.095526,0.002028,5.3e-05
0,1.833694,1.20968,-1.039042,-0.153935,-1.06915,-0.16114,0.004267,0.003068
0,1.30025,0.629736,-0.562144,-0.603658,-0.569556,-0.597037,0.001487,0.0011
0,1.054467,0.272533,-0.240258,-0.332831,-0.23697,-0.361631,0.005777,0.004757
0,0.535736,0.100065,-0.518339,-0.164533,-0.487032,-0.133058,0.00274,0.001746
0,-0.236847,0.066541,-0.748417,-0.043844,-0.74906,-0.011071,0.004134,0.001161
0,-0.553699,-0.039857,-0.29238,-0.094151,-0.249561,-0.090403,0.002427,0.000696
0,-0.748969,-0.043222,-0.206396,-0.015959,-0.19504,-0.043273,0.000981,0.000754
0,-0.584893,0.013247,0.178904,0.053005,0.191587,0.06886,0.001882,0.000231
0,-0.706625,-0.031184,-0.135769,-0.05239,-0.172005,-0.02913,0.000242,0.000544
0,-0.717381,0.092634,-0.028,0.140724,0.015756,0.106917,0.00043,0.001617
0,-0.4316,0.111417,0.273795,0.006027,0.321131,-0.015529,0.004558,0.001945
0,-0.56935,0.173357,-0.167606,0.050777,-0.215874,0.048608,0.002153,0.003026
0,-0.518293,0.093623,0.061234,-0.090988,0.052764,-0.069033,0.003045,0.001634
0,-0.485568,0.13398,0.010926,0.061838,0.05067,0.037583,0.003616,0.002338
0,-0.314474,-0.010747,0.197614,-0.11776,0.232792,-0.139028,0.005489,0.000188
0,-0.332893,-0.105368,-0.02193,-0.083379,-0.07049,-0.083607,0.00581,0.001839
0,-0.4333,-0.002644,-0.126293,0.110376,-0.163603,0.122216,0.004528,4.6e-05
0,-0.218181,-0.13646,0.210779,-0.12593,0.174635,-0.086116,0.003808,0.002382
0,-0.442872,0.009341,-0.219039,0.168874,-0.206881,0.199015,0.004361,0.000163
0,-0.156502,-0.073446,0.257746,-0.089477,0.213475,-0.120558,0.002731,0.001282
0,-0.389983,0.002076,-0.223915,0.075824,-0.227193,0.085184,0.005284,3.6e-05
0,-0.281305,-0.013534,0.114512,-0.016146,0.146386,-0.049263,0.00491,0.000236
0,-0.302585,0.029871,-0.022213,0.014153,-0.069789,-0.007163,0.005281,0.000521
0,-0.333166,0.062718,-0.044945,0.008005,-0.079521,0.053288,0.005815,0.001095
0,-0.377062,0.159449,-0.052009,0.077362,-0.064001,0.112102,0.00551,0.002783
0,-0.298135,-0.074507,0.107126,-0.21501,0.103005,-0.255159,0.005203,0.0013
0,-0.295129,0.0898,-0.018674,0.157152,-0.062435,0.160021,0.005151,0.001567
0,-0.367872,0.18901,-0.062029,0.073915,-0.108873,0.050376,0.00567,0.003299
0,-0.34303,0.063911,0.026934,-0.123063,0.028066,-0.125384,0.005987,0.001115
0,-0.531808,0.007249,-0.185048,-0.030782,-0.214795,-0.044887,0.002809,0.000127
0,-0.268301,-0.041069,0.282304,-0.044821,0.298272,-0.061728,0.004683,0.000717
0,-0.508283,0.136204,-0.266174,0.175279,-0.30643,0.14676,0.003219,0.002377
0,-0.278537,-0.023705,0.219197,-0.146885,0.265108,-0.122756,0.004861,0.000414
0,-0.299394,0.051023,-0.023677,0.057813,-0.045738,0.020543,0.005225,0.000891
0,-0.360606,-0.028832,-0.085824,-0.078773,-0.103813,-0.125937,0.005797,0.000503
0,-0.286186,0.161281,0.08122,0.216944,0.057798,0.175483,0.004995,0.002815
0,-0.190191,0.155747,0.070379,0.0169,0.106645,0.046232,0.003319,0.002718
0,-0.22174,0.041754,-0.051635,-0.101403,-0.033812,-0.097067,0.00387,0.000729
0,-0.307744,-0.083,-0.094563,-0.129602,-0.088424,-0.112338,0.005371,0.001449
0,-0.251224,0.03215,0.043371,0.126295,0.028927,0.122927,0.004385,0.000561
0,-0.210881,0.119915,0.014513,0.096106,0.052592,0.068113,0.003681,0.002093
0,-0.342486,-0.110891,-0.129665,-0.23916,-0.175428,-0.196148,0.005978,0.001935
0,-0.126061,-0.126569,0.219215,-0.002688,0.184173,-0.014691,0.0022,0.002209
0,-0.113145,-0.024373,0.011737,0.103452,-0.02011,0.058491,0.001975,0.000425
0,-0.20124,0.00941,-0.111212,0.049532,-0.125319,0.004575,0.003512,0.000164
0,-0.029103,0.122282,0.198952,0.103213,0.155526,0.124378,0.000508,0.002134
0,-0.053815,-0.010948,-0.024905,-0.116898,-0.026917,-0.153784,0.000939,0.000191
0,-0.26473,0.040248,-0.234519,0.072883,-0.188683,0.082019,0.00462,0.000702
0,-0.1734,0.057294,0.064786,0.011367,0.067762,0.014597,0.003026,0.001
0,-0.116972,0.17137,0.059111,0.094298,0.095336,0.126863,0.002042,0.002991
0,-0.117333,-0.052749,-0.017758,-0.210764,-0.0621,-0.161936,0.002048,0.000921
0,-0.092314,-0.064388,0.048514,-0.040116,0.049765,-0.062624,0.001611,0.001124
0,-0.183911,0.063023,-0.068173,0.120714,-0.022643,0.08296,0.00321,0.0011
0,-0.013064,0.044369,0.182963,-0.046249,0.151428,-0.015084,0.000228,0.000774
0,-0.240905,0.164029,-0.204274,0.09157,-0.168862,0.127888,0.004205,0.002863
0,-0.162948,0.124618,0.066021,-0.031421,0.041186,-0.021336,0.002844,0.002175
0,-0.20452,0.044538,-0.016884,-0.077536,-0.025148,-0.04073,0.00357,0.000777
0,0.034288,-0.07499,0.219154,-0.099015,0.175674,-0.0905,0.000598,0.001309
0,-0.215939,0.063227,-0.236752,0.143641,-0.24461,0.1344,0.003769,0.001104
0,-0.018238,0.171203,0.227219,0.081063,0.207464,0.070797,0.000318,0.002988
0,-0.142495,-0.066966,-0.140867,-0.232804,-0.158178,-0.247377,0.002487,0.001169
0,-0.125065,-0.114884,0.006066,-0.044199,0.045338,-0.07823,0.002183,0.002005
0,-0.104222,0.171371,0.006175,0.302536,0.002626,0.297913,0.001819,0.002991
0,-0.151454,0.132821,-0.032856,-0.030613,-0.026332,-0.036839,0.002643,0.002318
0,-0.209539,-0.043355,-0.035674,-0.156475,-0.004816,-0.130809,0.003657,0.000757
0,-0.185807,0.155658,0.019183,0.179388,0.064588,0.167919,0.003243,0.002717
0,-0.006726,0.0747,0.171447,-0.067605,0.158991,-0.050835,0.000117,0.001304
0,-0.230599,-0.096104,-0.211951,-0.178476,-0.196896,-0.135122,0.004025,0.001677
0,-0.010037,0.132004,0.19514,0.208882,0.226846,0.182181,0.000175,0.002304
0,0.030464,0.094296,0.019534,-0.015847,0.01146,-0.042494,0.000532,0.001646
0,-0.102183,0.140888,-0.133367,0.04998,-0.089612,0.03272,0.001783,0.002459
0,-0.036004,0.042834,0.07307,-0.083483,0.037882,-0.048875,0.000628,0.000748
0,0.048007,-0.04472,0.054574,-0.116371,0.063524,-0.069562,0.000838,0.000781
0,-0.083033,-0.085257,-0.153525,-0.035646,-0.178709,0.007491,0.001449,0.001488
0,-0.051667,0.148884,0.054575,0.214739,0.013994,0.178097,0.000902,0.002599
0,-0.061725,-0.054871,-0.039585,-0.196578,-0.057456,-0.176152,0.001077,0.000958
0,-0.007127,0.099797,0.075176,0.152531,0.122135,0.162746,0.000124,0.001742
0,-0.156898,-0.024655,-0.136363,-0.10832,-0.155861,-0.156014,0.002738,0.00043
0,-0.078386,-0.107976,0.097709,-0.10789,0.055984,-0.135178,0.001368,0.001885
0,-0.064209,0.065552,-0.001928,0.149756,0.002353,0.164208,0.001121,0.001144
0,-0.026563,-0.11819,0.063295,-0.175854,0.016162,-0.164379,0.000464,0.002063
0,-0.129088,-0.071774,-0.074708,0.037714,-0.040385,0.025213,0.002253,0.001253
0,0.150845,-0.038083,0.274768,0.0566,0.258151,0.055367,0.002633,0.000665
0,-0.068114,-0.019859,-0.229047,0.045146,-0.184629,0.027223,0.001189,0.000347
0,-0.107393,0.018897,-0.029274,0.011752,-0.076634,0.031522,0.001874,0.00033
0,-0.008827,0.01825,0.093134,-0.019445,0.088563,-0.028251,0.000154,0.000319
0,0.068918,0.098084,0.093026,0.09914,0.102872,0.114178,0.001203,0.001712
0,-0.049926,-0.038304,-0.124685,-0.121173,-0.160765,-0.110756,0.000871,0.000669
0,-0.034609,0.128614,0.034143,0.185728,0.021915,0.164237,0.000604,0.002245
0,-0.073401,-0.129079,-0.039579,-0.228679,-0.019747,-0.186563,0.001281,0.002253
0,-0.14935,-0.14632,-0.053535,-0.027595,-0.028739,0.014519,0.002607,0.002554
0,0.059194,-0.003569,0.217849,0.124762,0.20676,0.101781,0.001033,6.2e-05
0,-0.05329,-0.09008,-0.131818,-0.094478,-0.111854,-0.136229,0.00093,0.001572
0,-0.134794,0.074632,-0.053503,0.181428,-0.068087,0.196336,0.002353,0.001303
0,-0.106955,0.072845,0.026456,-0.020332,0.039797,-0.000354,0.001867,0.001271
0,-0.07409,-0.14372,0.05147,-0.196495,0.084746,-0.226705,0.001293,0.002508
0,-0.02528,0.109611,0.047568,0.269441,0.060923,0.22653,0.000441,0.001913
0,-0.071436,-0.076197,-0.071267,-0.172639,-0.040311,-0.197545,0.001247,0.00133
0,-0.101325,-0.050339,-0.025629,0.026752,-0.014543,0.058518,0.001768,0.000879
0,-0.096684,0.118781,0.032998,0.143922,0.067017,0.109367,0.001687,0.002073
0,0.063254,-0.131363,0.1692,-0.221341,0.193024,-0.212909,0.001104,0.002293
0,-0.252142,-0.128301,-0.324328,-0.011288,-0.317424,-0.035474,0.004401,0.002239
0,-0.112961,-0.108224,0.14445,0.031072,0.132344,0.07291,0.001972,0.001889
0,-0.141024,-0.204106,-0.055551,-0.101982,-0.045517,-0.149862,0.002461,0.003562
0,-0.182401,0.020554,-0.070596,0.222165,-0.0307,0.235027,0.003183,0.000359
0,-0.035355,-0.002146,0.121827,-0.031511,0.135153,-0.04035,0.000617,3.7e-05
0,0.064887,-0.204567,0.130152,-0.229488,0.104985,-0.205962,0.001132,0.00357
0,0.004758,-0.034676,-0.035285,0.163384,-0.060384,0.133758,8.3e-05,0.000605
0,-0.180165,0.008892,-0.172263,0.033628,-0.146999,0.038623,0.003144,0.000155
0,-0.168125,-0.119503,0.037961,-0.103152,0.008291,-0.149245,0.002934,0.002086
0,-0.046576,-0.150822,0.144426,-0.006859,0.115672,-0.004799,0.000813,0.002632
0,0.057637,0.024486,0.117192,0.192871,0.156253,0.222512,0.001006,0.000427
0,0.099928,-0.073401,0.071575,-0.112265,0.093856,-0.134897,0.001744,0.001281
0,-0.12291,-0.172309,-0.219763,-0.094972,-0.205596,-0.126744,0.002145,0.003007
0,-0.193371,-0.064492,-0.059688,0.096193,-0.091921,0.050993,0.003375,0.001126
0,-0.109921,0.050451,0.061124,0.10154,0.101494,0.103702,0.001918,0.000881
0,0.079315,0.090583,0.214306,0.024956,0.191741,-0.002381,0.001384,0.001581
0,-0.007126,-0.183987,-0.066507,-0.246566,-0.025054,-0.272236,0.000124,0.003211
0,0.029041,-0.084774,0.036411,0.076854,0.080701,0.114029,0.000507,0.00148
0,-0.065591,-0.128754,-0.091526,-0.055814,-0.061111,-0.097576,0.001145,0.002247
0,0.02696,-0.140868,0.117311,0.004244,0.074275,-0.022698,0.000471,0.002459
0,-0.00885,-0.121087,-0.023513,0.046668,-0.044125,0.042758,0.000154,0.002113
0,0.113835,0.015895,0.147205,0.113341,0.161205,0.064094,0.001987,0.000277
0,0.017155,0.157198,-0.103642,0.162939,-0.12684,0.137254,0.000299,0.002744
0,-0.050684,0.00292,-0.053641,-0.127163,-0.040353,-0.106661,0.000885,5.1e-05
0,-0.046588,0.122461,0.007352,0.12659,0.009068,0.176009,0.000813,0.002137
0,0.180817,-0.042694,0.225931,-0.169015,0.246903,-0.152996,0.003156,0.000745
0,0.105581,0.108247,-0.067869,0.129493,-0.066354,0.103284,0.001843,0.001889
0,0.112501,0.015107,-0.0067,-0.087269,-0.03363,-0.102696,0.001964,0.000264
0,0.104982,0.125153,-0.000293,0.134059,0.032205,0.162578,0.001832,0.002184
0,0.136585,0.142823,0.025097,0.043482,0.036755,0.033666,0.002384,0.002493
0,0.176367,0.06335,0.025002,-0.081909,0.031939,-0.054204,0.003078,0.001106
0,0.065019,0.031986,-0.099211,-0.043677,-0.083953,-0.022659,0.001135,0.000558
0,0.020134,-0.144559,-0.021522,-0.163732,0.006942,-0.187778,0.000351,0.002523
0,-0.034654,-0.011524,-0.033714,0.144803,-0.048688,0.191026,0.000605,0.000201
0,0.15,0.094981,0.202787,0.087679,0.238414,0.126038,0.002618,0.001658
0,0.127957,0.089042,-0.050762,-0.011623,-0.085915,-0.004719,0.002233,0.001554
0,0.000495,0.034139,-0.13176,-0.078515,-0.131409,-0.100999,9e-06,0.000596
0,-0.013225,-0.137243,0.005685,-0.188437,0.019147,-0.181059,0.000231,0.002395
0,-0.152785,-0.145837,-0.109777,-0.022706,-0.133232,0.025833,0.002667,0.002545
0,-0.078155,0.118595,0.100851,0.254157,0.058804,0.234904,0.001364,0.00207
0,0.044655,-0.157267,0.124123,-0.258105,0.102559,-0.285051,0.000779,0.002745
0,0.110181,-0.160454,0.068676,-0.023177,0.103217,-0.032666,0.001923,0.0028
0,0.000315,-0.014904,-0.11364,0.136937,-0.088585,0.134307,5e-06,0.00026
0,0.012126,-0.061403,0.028,-0.07464,0.057724,-0.029678,0.000212,0.001072
0,-0.183109,0.067741,-0.188573,0.129566,-0.204404,0.104373,0.003196,0.001182
0,0.052754,-0.136828,0.260253,-0.201519,0.242014,-0.217639,0.000921,0.002388
0,0.024687,0.125254,-0.030402,0.287062,-0.006126,0.244713,0.000431,0.002186
0,-0.075647,-0.084686,-0.105303,-0.23978,-0.058637,-0.224924,0.00132,0.001478
0,-2.093901,1.048055,-1.988382,1.140164,-1.953541,1.117175,0.000274,0.005889
0,-3.225527,1.521551,-1.124096,0.469005,-1.170652,0.450208,0.004156,0.002375
0,-2.885103,1.770458,0.317512,0.224404,0.270177,0.196564,0.001993,0.005371
0,-3.255755,2.167782,-0.370137,0.424483,-0.364782,0.428465,0.003629,0.001563
0,-3.653784,1.831477,-0.377416,-0.333504,-0.347899,-0.364232,0.003318,0.004306
0,-2.988046,1.786983,0.68308,-0.029075,0.700045,-0.062262,0.003789,0.005083
0,-2.477664,1.779711,0.492905,-0.006039,0.443062,0.019046,0.005119,0.00521
0,-1.412492,1.116077,1.085332,-0.665226,1.086954,-0.703766,0.000472,0.004702
0,-0.863981,0.484228,0.531211,-0.627534,0.497253,-0.623192,0.002989,0.003639
0,-0.293416,0.433115,0.600266,-0.079431,0.569148,-0.042164,0.005121,0.004531
0,-0.122241,0.009586,0.17833,-0.394395,0.143206,-0.431577,0.002134,0.000167
0,-0.047725,0.220323,0.089261,0.225477,0.13233,0.264013,0.000833,0.003845
0,-0.13576,0.19741,-0.113658,0.004244,-0.097664,0.038358,0.002369,0.003445
0,-0.032454,0.170326,0.107972,-0.027415,0.10955,-0.003125,0.000566,0.002973
0,-0.113797,0.160443,-0.065405,-0.038039,-0.044409,-0.042682,0.001986,0.0028
0,0.064023,-0.077983,0.182523,-0.24809,0.148842,-0.209133,0.001117,0.001361
0,0.025036,-0.013995,-0.0186,0.070784,0.00756,0.104274,0.000437,0.000244
0,0.080503,0.134763,0.076993,0.176938,0.038264,0.175871,0.001405,0.002352
0,-0.095962,-0.071024,-0.167996,-0.183015,-0.205311,-0.150607,0.001675,0.00124
0,0.064274,0.142663,0.171051,0.186669,0.128445,0.202413,0.001122,0.00249
0,-0.188393,0.052493,-0.228593,-0.083923,-0.224645,-0.13112,0.003288,0.000916
0,-0.22155,0.09659,-0.052102,0.061734,-0.034069,0.103708,0.003867,0.001686
0,-0.090388,0.086546,0.119858,-0.025489,0.128367,0.023095,0.001578,0.001511
0,-0.172005,0.117465,-0.089525,0.020138,-0.045436,0.002579,0.003002,0.00205
0,0.010776,0.140865,0.161872,0.006649,0.120974,0.050042,0.000188,0.002459
0,0.052358,-0.102708,0.046611,-0.222582,-0.002354,-0.194258,0.000914,0.001793
0,0.035795,0.141233,-0.04218,0.230988,-0.039037,0.240204,0.000625,0.002465
0,-0.106893,0.162067,-0.125242,0.049003,-0.129609,0.098388,0.001866,0.002829
0,-0.052455,-0.064274,0.032047,-0.219472,0.038812,-0.211098,0.000916,0.001122
0,-0.209105,0.177273,-0.141635,0.250485,-0.110717,0.269875,0.00365,0.003094
0,-0.146958,-0.027312,0.053709,-0.220678,0.062705,-0.243655,0.002565,0.000477
0,0.028308,0.020812,0.154979,0.042502,0.173345,0.078984,0.000494,0.000363
0,-0.081125,0.119442,-0.10469,0.093677,-0.083154,0.070578,0.001416,0.002085
0,-0.159162,0.178267,-0.075989,0.049455,-0.037995,0.059138,0.002778,0.003111
0,-0.045072,0.090988,0.092272,-0.071797,0.138993,-0.103184,0.000787,0.001588
0,-0.080666,0.083456,-0.017841,-0.005236,-0.038672,0.001665,0.001408,0.001457
0,0.099143,0.153075,0.202256,0.062515,0.157914,0.102055,0.00173,0.002672
0,0.021063,-0.012866,-0.106812,-0.172937,-0.080901,-0.218428,0.000368,0.000225
0,0.047227,0.135606,0.003413,0.143601,0.031498,0.183141,0.000824,0.002367
0,-0.047516,-0.001291,-0.075582,-0.115147,-0.07327,-0.091655,0.000829,2.3e-05
0,-0.065736,0.0039,-0.02644,0.022239,-0.054584,0.045251,0.001147,6.8e-05
0,0.077043,0.069438,0.1388,0.043701,0.156917,0.014453,0.001345,0.001212
0,0.110521,0.012428,0.031099,-0.073257,0.065543,-0.042444,0.001929,0.000217
0,0.110493,0.179236,0.026799,0.159533,0.037587,0.196804,0.001928,0.003128
0,0.122703,0.156539,0.028453,-0.002231,0.04083,0.042845,0.002142,0.002732
0,-0.026523,0.148614,-0.1611,0.018071,-0.197788,0.047408,0.000463,0.002594
0,-0.156086,-0.078996,-0.153535,-0.257348,-0.169272,-0.299898,0.002724,0.001379
0,0.074563,-0.09142,0.249054,-0.004219,0.269922,-0.0157,0.001301,0.001596
0,-0.012644,-0.058015,-0.10223,0.014672,-0.147308,-0.02353,0.000221,0.001013
0,-0.177872,-0.01972,-0.155571,0.052117,-0.107816,0.055872,0.003104,0.000344
0,0.059343,0.072506,0.264976,0.111124,0.216695,0.120695,0.001036,0.001265
0,-0.051031,0.03309,-0.105915,-0.010352,-0.061105,-0.018649,0.000891,0.000578
0,0.029381,0.122352,0.052574,0.108537,0.056852,0.127862,0.000513,0.002135
0,0.048633,-0.041585,-0.01003,-0.18442,-0.019124,-0.179989,0.000849,0.000726
0,0.046051,-0.127391,-0.002754,-0.077552,-0.002528,-0.096573,0.000804,0.002223
0,-0.046445,0.065023,-0.120205,0.179555,-0.110306,0.218278,0.000811,0.001135
0,0.153065,-0.114278,0.186914,-0.194081,0.186357,-0.233566,0.002671,0.001995
0,0.070962,-0.042929,-0.103051,0.064261,-0.129411,0.016714,0.001239,0.000749
0,0.132729,0.047506,0.047206,0.09077,0.047623,0.098006,0.002317,0.000829
0,-0.044691,-0.037298,-0.180227,-0.112951,-0.131502,-0.120911,0.00078,0.000651
0,0.058144,-0.01232,0.123187,0.016617,0.121486,0.028072,0.001015,0.000215
0,0.068424,0.08521,0.019043,0.124884,0.062166,0.083531,0.001194,0.001487
0,-0.068162,0.156949,-0.145191,0.096335,-0.111143,0.050309,0.00119,0.002739
0,-0.010998,0.089866,0.083384,-0.078433,0.098475,-0.108655,0.000192,0.001568
0,0.063757,-0.073179,0.067662,-0.192305,0.020305,-0.14876,0.001113,0.001277
0,-0.232481,-0.06146,-0.273512,-0.007223,-0.276745,0.040327,0.004058,0.001073
0,-0.004621,-0.048621,0.213317,0.010495,0.211999,0.002885,8.1e-05,0.000849
0,-0.078948,0.083389,-0.063161,0.155126,-0.058636,0.152765,0.001378,0.001455
0,-0.151295,-0.059593,-0.087397,-0.118103,-0.055817,-0.145323,0.002641,0.00104
0,0.021168,0.123083,0.195225,0.168239,0.184662,0.135491,0.000369,0.002148
0,0.052866,-0.067599,0.021846,-0.166042,0.010153,-0.187861,0.000923,0.00118
0,0.075232,0.151713,-0.003809,0.241504,0.043338,0.205649,0.001313,0.002648
0,0.044075,0.126297,-0.005792,-0.029946,0.027867,-0.025812,0.000769,0.002204
0,0.149759,0.166109,0.076095,0.03152,0.109752,0.00981,0.002614,0.002899
0,-0.068955,-0.012323,-0.233717,-0.206038,-0.207087,-0.246916,0.001203,0.000215
0,-0.056093,-0.085055,0.039676,-0.045058,0.062568,-0.060747,0.000979,0.001484
0,1.805932,-1.322384,1.888197,-1.209846,1.925489,-1.193502,0.004752,0.001101
0,2.063824,-1.663956,0.233728,-0.356253,0.228154,-0.397702,0.000251,0.004861
0,1.749487,-2.454276,-0.29547,-0.799177,-0.316324,-0.833261,0.005737,0.005527
0,1.319196,-2.290039,-0.415248,0.179954,-0.445945,0.190732,0.001157,0.003697
0,0.990944,-1.839699,-0.333334,0.464494,-0.379643,0.479923,0.005205,0.004163
0,0.824111,-1.521385,-0.175435,0.290212,-0.142089,0.297826,0.002293,0.002372
0,0.638464,-1.203023,-0.174685,0.29415,-0.151888,0.328076,0.000947,0.003184
0,0.389543,-0.743266,-0.267238,0.471894,-0.224036,0.451927,0.005292,0.000882
0,0.017677,-0.748129,-0.347427,-0.019923,-0.340636,-0.062016,0.000309,0.000967
0,0.043798,-0.572098,0.051386,0.165196,0.097217,0.146226,0.000764,0.002105
0,0.0157,-0.227627,-0.029642,0.371103,-0.022728,0.386516,0.000274,0.003973
0,-1.133596,1.202701,-1.172732,1.438531,-1.152722,1.458698,0.004396,0.00319
0,-2.094432,1.69608,-0.939515,0.490374,-0.971006,0.481234,0.000283,0.005421
0,-2.273483,2.110486,-0.179347,0.389878,-0.161126,0.428749,0.003408,0.000563
0,-2.110472,1.596632,0.161813,-0.500582,0.194604,-0.486123,0.000563,0.003686
0,-2.134224,1.521878,-0.027046,-0.048401,-0.039526,-0.051078,0.000978,0.002381
0,-1.782946,1.281176,0.326764,-0.214846,0.304025,-0.22738,0.005153,0.00182
0,-1.569329,0.973502,0.192486,-0.314068,0.168809,-0.356839,0.003209,0.0049
0,-1.269636,0.905211,0.282997,-0.04833,0.320195,0.000999,0.002022,0.003708
0,-1.070966,0.498568,0.193637,-0.39773,0.210205,-0.392895,0.005489,0.003389
0,-0.54323,0.466271,0.524517,-0.03932,0.544418,-0.05311,0.002609,0.003953
0,-0.05928,0.1259,0.507027,-0.350934,0.498264,-0.352844,0.001035,0.002197
0,0.161642,0.191328,0.192894,0.063585,0.212963,0.020421,0.002821,0.003339
0,0.121811,-0.147475,-0.026217,-0.328945,0.017998,-0.310618,0.002126,0.002574
0,0.189144,0.017573,0.09371,0.162898,0.06209,0.168808,0.003301,0.000307
0,0.29536,-0.085719,0.124305,-0.08078,0.165148,-0.044567,0.005155,0.001496
0,0.293585,-0.271403,-0.008102,-0.165535,0.008219,-0.205414,0.005124,0.004737
0,0.383278,-0.173534,0.061439,0.124251,0.087208,0.137231,0.005401,0.003029
0,0.423513,-0.122463,0.0372,0.046752,0.03759,0.063645,0.004699,0.002137
0,0.151056,-0.286305,-0.297736,-0.185104,-0.288726,-0.177541,0.002636,0.004997
0,0.330452,-0.204968,0.200411,0.068653,0.20847,0.021788,0.005767,0.003577
0,0.131411,-0.094752,-0.216378,0.130002,-0.178318,0.10821,0.002294,0.001654
0,0.292426,-0.30514,0.132268,-0.210159,0.137088,-0.234509,0.005104,0.005326
0,0.310627,-0.16878,0.035118,0.108349,0.052013,0.132353,0.005421,0.002946
0,0.092269,-0.358865,-0.239377,-0.168298,-0.282828,-0.146379,0.00161,0.005827
0,-0.011138,-0.109946,-0.110802,0.236665,-0.12852,0.259675,0.000194,0.001919
0,0.040604,-0.020106,0.052824,0.103361,0.026201,0.083336,0.000709,0.000351
0,-0.003935,0.062967,-0.037702,0.072375,-0.037824,0.062109,6.9e-05,0.001099
0,0.219617,-0.057509,0.204926,-0.110187,0.167348,-0.1231,0.003833,0.001004
0,0.112422,-0.064942,-0.08237,-0.003382,-0.07363,-0.008391,0.001962,0.001133
0,0.176873,-0.158361,0.076405,-0.076939,0.104523,-0.038935,0.003087,0.002764
0,0.10507,0.024921,-0.051356,0.156955,-0.048787,0.131082,0.001834,0.000435
0,0.187866,0.09752,0.100455,0.062352,0.082873,0.026058,0.003279,0.001702
0,0.208833,0.011968,0.015417,-0.11435,-0.016714,-0.066202,0.003645,0.000209
0,0.017532,-0.160076,-0.165751,-0.144104,-0.190231,-0.111335,0.000306,0.002794
0,0.033714,0.068915,0.004818,0.210265,0.046505,0.178893,0.000588,0.001203
0,0.043564,-0.102852,0.006661,-0.171386,0.054626,-0.13239,0.00076,0.001795
0,0.222435,0.096282,0.158327,0.203087,0.148376,0.163631,0.003882,0.00168
0,0.070426,-0.048247,-0.144544,-0.149256,-0.127653,-0.146541,0.001229,0.000842
0,0.272958,0.015286,0.184038,0.035222,0.220864,0.068936,0.004764,0.000267
0,0.178284,-0.129689,-0.103744,-0.143543,-0.056036,-0.181561,0.003112,0.002264
0,0.084733,-0.041692,-0.071768,0.087308,-0.112111,0.10962,0.001479,0.000728
0,0.266325,-0.104752,0.182884,-0.085297,0.207723,-0.093023,0.004648,0.001828
0,0.199142,0.105307,-0.050746,0.182979,-0.078588,0.136581,0.003476,0.001838
0,0.270821,0.035495,0.045533,-0.092156,0.02056,-0.052191,0.004727,0.00062
0,0.120064,0.029686,-0.141255,0.019905,-0.112494,0.039129,0.002096,0.000518
0,0.308867,-0.024568,0.161713,-0.049346,0.209911,-0.023774,0.005391,0.000429
0,0.171517,0.018341,-0.148908,0.064005,-0.118405,0.0595,0.002994,0.00032
0,0.17761,0.012856,-0.02138,0.019746,0.025327,0.022068,0.0031,0.000224
0,0.209917,0.054671,0.044375,0.041891,-0.002717,0.020327,0.003664,0.000954
0,0.014243,0.032682,-0.208348,-0.004106,-0.208874,0.009158,0.000249,0.00057
0,0.083999,0.122491,0.064269,0.075084,0.072113,0.027457,0.001466,0.002138
0,0.287042,0.037955,0.206897,-0.111483,0.216201,-0.085076,0.00501,0.000662
0,0.084236,-0.019974,-0.212931,-0.037138,-0.212314,0.003043,0.00147,0.000349
0,0.102902,-0.058759,0.017128,-0.042612,-0.017089,-0.045034,0.001796,0.001026
0,0.017325,-0.065437,-0.104101,0.014541,-0.093025,-0.01598,0.000302,0.001142
0,0.243848,-0.0859,0.235854,-0.048007,0.250318,-0.005779,0.004256,0.001499
0,0.180667,-0.027253,-0.070162,0.048701,-0.061596,0.027601,0.003153,0.000476
0,0.210498,-0.058504,0.034206,-0.029821,0.052602,0.012409,0.003674,0.001021
0,0.005743,0.094746,-0.234129,0.137378,-0.187647,0.095877,0.0001,0.001654
0,0.066338,0.114707,0.044913,0.003459,0.081588,0.014591,0.001158,0.002002
0,0.179118,-0.036195,0.134686,-0.157601,0.116849,-0.118821,0.003126,0.000632
0,0.081662,0.008633,-0.107006,0.057694,-0.139757,0.053133,0.001425,0.000151
0,0.112141,-0.007199,0.001561,-0.003165,-0.046446,-0.030943,0.001957,0.000126
0,0.074114,-0.08675,-0.033317,-0.10242,-0.006508,-0.127042,0.001294,0.001514
0,0.218299,-0.110108,0.133242,-0.027484,0.087377,-0.076512,0.00381,0.001922
0,0.262385,0.080357,0.046957,0.202755,0.009109,0.227382,0.004579,0.001402
0,0.166629,0.023298,-0.102611,-0.065113,-0.07497,-0.040866,0.002908,0.000407
0,0.194751,0.063575,0.019585,0.041,0.062855,0.026897,0.003399,0.00111
0,0.161999,0.164252,-0.038667,0.080454,-0.088373,0.078453,0.002827,0.002867
0,0.25896,0.168566,0.110117,0.027441,0.061858,0.043075,0.00452,0.002942
0,0.124443,0.193036,-0.138886,0.048231,-0.146296,0.043014,0.002172,0.003369
0,0.011391,-0.042588,-0.137673,-0.22071,-0.091531,-0.182016,0.000199,0.000743
0,0.060024,-0.016452,0.052336,0.023822,0.092621,-0.012866,0.001048,0.000287
0,0.110767,0.033192,0.079753,0.02019,0.09238,-0.028053,0.001933,0.000579
0,0.260265,0.184907,0.135123,0.171472,0.177824,0.192971,0.004542,0.003227
0,0.193261,0.006213,-0.048447,-0.208365,-0.0477,-0.207607,0.003373,0.000108
0,0.126597,0.226534,-0.04874,0.249589,-0.078896,0.227188,0.00221,0.003954
0,-0.008506,0.180779,-0.116718,-0.025395,-0.087677,0.000247,0.000148,0.003155
0,0.220115,0.047632,0.246604,-0.143147,0.272889,-0.16457,0.003842,0.000831
0,0.206518,-0.024412,0.012533,-0.06049,0.010059,-0.046317,0.003604,0.000426
0,0.034859,0.138068,-0.172345,0.145403,-0.182817,0.166849,0.000608,0.00241
0,0.229914,-0.043426,0.186301,-0.185196,0.137469,-0.23277,0.004013,0.000758
0,0.062807,0.183517,-0.147509,0.220866,-0.174442,0.222841,0.001096,0.003203
0,0.021997,-0.081189,-0.044769,-0.261559,-0.074452,-0.284764,0.000384,0.001417
0,0.133966,0.121334,0.104293,0.180619,0.100368,0.16909,0.002338,0.002118
0,0.26716,-0.070835,0.108007,-0.182763,0.089788,-0.232038,0.004663,0.001236
0,0.238879,0.087337,-0.009795,0.151404,-0.004224,0.131231,0.004169,0.001524
0,0.230415,-0.067862,-0.000997,-0.170839,0.02726,-0.178154,0.004021,0.001184
0,0.193811,-0.124149,-0.009579,-0.029316,-0.02622,-0.012663,0.003383,0.002167
0,0.345731,0.068945,0.168278,0.201422,0.172831,0.243212,0.006034,0.001203
0,0.213589,-0.07584,-0.128893,-0.133754,-0.099767,-0.139419,0.003728,0.001324
0,0.262826,0.061912,0.047968,0.113704,0.090244,0.110301,0.004587,0.001081
0,0.393982,-0.071016,0.103803,-0.145213,0.1204,-0.119181,0.005214,0.001239
0,0.302126,0.117353,-0.09997,0.168814,-0.100239,0.21299,0.005273,0.002048
0,0.401159,-0.098985,0.124789,-0.212273,0.153148,-0.201636,0.005089,0.001728
0,0.238662,-0.108752,-0.186853,-0.033798,-0.228499,-0.062662,0.004165,0.001898
0,0.199118,0.01107,-0.035668,0.122008,-0.043573,0.152233,0.003475,0.000193
0,0.261133,-0.156734,0.065583,-0.181071,0.018533,-0.203028,0.004558,0.002736
0,0.327457,-0.135487,0.055387,-0.003381,0.045987,0.044812,0.005715,0.002365
0,0.190241,-0.16823,-0.140758,-0.055195,-0.118598,-0.100364,0.00332,0.002936
0,0.209981,-0.158219,-0.006109,-0.018017,0.01414,0.022616,0.003665,0.002761
0,0.208603,-0.053654,-0.002763,0.081255,0.007431,0.069755,0.003641,0.000936
0,0.445514,0.102736,0.238499,0.175493,0.23463,0.166142,0.004315,0.001793
0,0.239545,0.045293,-0.18572,-0.04659,-0.168137,-0.055615,0.004181,0.000791
0,0.230479,-0.006324,0.006228,-0.063703,0.015817,-0.032874,0.004023,0.00011
0,0.387382,-0.069636,0.159586,-0.069755,0.175574,-0.041522,0.005329,0.001215
0,0.349837,-0.066403,-0.008322,0.004332,-0.014477,-0.012427,0.005985,0.001159
0,0.274033,0.083434,-0.064927,0.163782,-0.037047,0.138801,0.004783,0.001456
0,0.310826,0.156494,0.027135,0.077439,0.002777,0.054592,0.005425,0.002731
0,0.240356,-0.075629,-0.07245,-0.207973,-0.03542,-0.203703,0.004195,0.00132
0,0.264399,0.070278,0.017125,0.163511,0.0481,0.139845,0.004615,0.001227
0,0.319803,0.105195,0.031742,0.016347,0.028041,-0.009188,0.005582,0.001836
0,1.125912,1.186453,0.78042,1.082134,0.779136,1.10845,0.00453,0.003473
0,1.184699,1.669753,0.073593,0.510435,0.091239,0.517908,0.003504,0.004962
0,1.62066,1.77044,0.440427,0.076611,0.394116,0.09497,0.004105,0.005371
0,1.615915,1.638393,-0.012154,-0.141895,0.010755,-0.131315,0.004022,0.004414
0,1.110568,1.405123,-0.50682,-0.242276,-0.505882,-0.20757,0.004798,0.000343
0,0.964318,0.644945,-0.131174,-0.767443,-0.119479,-0.802191,0.00474,0.000834
0,0.906525,0.553811,-0.03919,-0.072808,-0.067311,-0.11394,0.003731,0.002425
0,0.647635,0.332977,-0.241098,-0.205703,-0.267232,-0.199198,0.000787,0.005812
0,0.412149,0.071828,-0.220694,-0.262894,-0.184801,-0.255008,0.004897,0.001254
0,0.198779,-0.136598,-0.235843,-0.220338,-0.245656,-0.252764,0.003469,0.002384
0,0.40585,-0.116956,0.21526,0.013396,0.202905,0.021019,0.005007,0.002041
0,0.056157,-0.018399,-0.374409,0.114502,-0.331913,0.110488,0.00098,0.000321
0,-0.121672,-0.126324,-0.17943,-0.084841,-0.192206,-0.114263,0.002124,0.002205
0,-0.226375,-0.241169,-0.076266,-0.13835,-0.076345,-0.150432,0.003951,0.004209
0,-0.322555,-0.055451,-0.078362,0.165537,-0.103006,0.192792,0.00563,0.000968
0,-0.368654,-0.066889,-0.019378,0.018529,-0.057409,-0.006651,0.005656,0.001167
0,-0.047457,-0.2693,0.312637,-0.20615,0.318248,-0.160578,0.000828,0.0047
0,-0.185423,-0.040349,-0.144444,0.247003,-0.122727,0.257951,0.003236,0.000704
0,-0.178926,-0.131663,0.035725,-0.111941,0.014073,-0.113778,0.003123,0.002298
0,-0.210722,-0.163246,-0.049984,-0.057383,-0.081403,-0.06185,0.003678,0.002849
0,-0.090705,-0.213981,0.125601,-0.023158,0.152385,-0.038471,0.001583,0.003735
0,0.074316,-0.013078,0.160418,0.175883,0.11758,0.152519,0.001297,0.000228
0,-0.020943,-0.088803,-0.081689,-0.057905,-0.064556,-0.02731,0.000366,0.00155
0,0.065504,-0.009017,0.068217,0.087024,0.116975,0.126105,0.001143,0.000157
0,0.050451,-0.193666,-0.02447,-0.194472,0.015855,-0.223743,0.000881,0.00338
0,0.017068,-0.026575,-0.007476,0.181531,-0.038219,0.137671,0.000298,0.000464
0,0.057599,-0.052865,0.034881,-0.021366,0.066179,-0.009014,0.001005,0.000923
0,-0.129545,-0.273897,-0.182564,-0.210798,-0.22512,-0.204833,0.002261,0.00478
0,0.006234,-0.226306,0.130464,0.057643,0.091622,0.034633,0.000109,0.00395
0,-0.011565,-0.032385,-0.03175,0.183534,0.012704,0.154593,0.000202,0.000565
0,-0.045517,-0.19021,-0.03283,-0.159976,-0.07739,-0.173121,0.000794,0.00332
0,0.117374,-0.08207,0.156107,0.09859,0.170922,0.145801,0.002049,0.001432
0,0.010254,-0.227245,-0.089686,-0.121283,-0.135033,-0.071949,0.000179,0.003966
0,-0.035493,-0.148173,-0.034371,0.086256,-0.020582,0.076095,0.000619,0.002586
0,-0.177509,-0.188395,-0.156496,-0.066308,-0.129425,-0.031415,0.003098,0.003288
0,-0.102982,-0.168643,0.084825,0.031384,0.111565,0.027109,0.001797,0.002943
0,0.002501,-0.288474,0.125942,-0.115112,0.172318,-0.128498,4.4e-05,0.005035
0,-0.074559,-0.107387,-0.073074,0.208168,-0.056691,0.197268,0.001301,0.001874
0,-0.16245,-0.151202,-0.094719,-0.018929,-0.108082,0.030037,0.002835,0.002639
0,-0.182639,-0.157276,0.001882,0.007293,0.018084,0.045668,0.003188,0.002745
0,0.085792,-0.094771,0.251662,0.043565,0.275907,0.04557,0.001497,0.001654
0,-0.071138,-0.250395,-0.16196,-0.161892,-0.157741,-0.198319,0.001242,0.00437
0,-0.138117,-0.086671,-0.051838,0.136104,-0.049649,0.140408,0.002411,0.001513
0,-0.045987,-0.094668,0.073459,-0.017218,0.032651,0.019527,0.000803,0.001652
0,-0.078686,-0.172771,-0.037358,-0.074762,-0.040984,-0.07164,0.001373,0.003015
0,-0.10397,-0.187503,-0.027183,0.011934,-0.007494,-0.033281,0.001815,0.003273
0,-0.196151,-0.247717,-0.075403,-0.069134,-0.036947,-0.066737,0.003423,0.004323
0,1.903193,0.069006,2.088029,0.315885,2.11493,0.291249,0.003054,0.001204
0,2.839232,0.323328,0.908815,0.274826,0.859145,0.259518,0.001192,0.005643
0,4.654038,0.351333,1.811469,0.025278,1.847562,0.023711,0.003405,0.005959
0,5.172229,0.37086,0.488956,0.021179,0.466448,0.025417,0.005639,0.005618
0,4.562768,0.273253,-0.610962,-0.102951,-0.562918,-0.15172,0.004998,0.004769
0,3.422753,0.284224,-1.169194,-0.010809,-1.170344,-0.052495,0.000714,0.004961
0,1.993525,0.22052,-1.406875,-0.055426,-1.437109,-0.080288,0.001478,0.003849
0,1.326508,-0.047582,-0.663622,-0.259799,-0.63125,-0.250606,0.001029,0.00083
0,0.791101,-0.014362,-0.55488,0.030206,-0.582842,0.04584,0.001717,0.000251
0,0.443419,0.174076,-0.359747,0.172556,-0.401637,0.149479,0.004351,0.003038
0,-0.281758,0.104913,-0.733549,-0.069877,-0.733389,-0.081125,0.004918,0.001831
0,-0.666262,-0.051477,-0.360933,-0.180326,-0.34897,-0.149897,0.000462,0.000898
0,-0.691203,-0.005091,-0.039295,0.02378,-0.044272,0.065234,2.7e-05,8.9e-05
0,-0.815361,-0.131745,-0.135231,-0.112538,-0.122599,-0.098619,0.00214,0.002299
0,-0.463488,-0.050523,0.333993,0.089198,0.319817,0.122599,0.004001,0.000882
0,-0.437597,0.024938,0.02597,0.084681,0.012666,0.073905,0.004453,0.000435
0,-0.291387,-0.112882,0.120394,-0.12592,0.095757,-0.171599,0.005086,0.00197
0,-0.285594,0.040495,0.0156,0.160268,0.047339,0.209022,0.004985,0.000707
0,-0.491497,-0.167487,-0.226481,-0.186228,-0.272947,-0.232688,0.003512,0.002923
0,-0.408315,-0.112158,0.099412,0.051813,0.144153,0.039088,0.004964,0.001958
0,-0.36182,0.09568,0.038014,0.213408,0.034643,0.191544,0.005776,0.00167
0,-0.199806,-0.094376,0.179428,-0.175033,0.146896,-0.209356,0.003487,0.001647
0,-0.284757,-0.069505,-0.058949,0.034437,-0.094379,0.040899,0.00497,0.001213
0,-0.181406,-0.054894,0.105626,0.025782,0.063749,0.027666,0.003166,0.000958
0,-0.300193,0.143957,-0.111002,0.206416,-0.105483,0.226581,0.005239,0.002513
0,-0.174722,0.085542,0.09997,-0.085049,0.066454,-0.038211,0.003049,0.001493
0,-0.243881,-0.114107,-0.061657,-0.212504,-0.033658,-0.167689,0.004257,0.001992
0,-0.251702,-0.088043,0.000326,0.001851,0.041105,0.031341,0.004393,0.001537
0,-0.218551,0.020216,0.044701,0.131257,0.066704,0.108802,0.003814,0.000353
0,-0.237387,0.049601,-0.003336,0.020126,0.0174,0.058639,0.004143,0.000866
0,-0.01986,0.123423,0.226956,0.098023,0.250884,0.06419,0.000347,0.002154
0,0.003554,-0.137231,0.01285,-0.233934,0.030798,-0.218803,6.2e-05,0.002395
0,-0.199036,-0.10726,-0.183948,0.045343,-0.170096,0.070952,0.003474,0.001872
0,-0.14355,0.155477,0.076001,0.284885,0.075432,0.285495,0.002505,0.002714
0,-0.013131,-0.05134,0.135727,-0.210374,0.158731,-0.175976,0.000229,0.000896
0,0.040208,-0.077102,0.056944,-0.034417,0.08237,0.001672,0.000702,0.001346
0,-0.165929,0.069851,-0.210984,0.125172,-0.163902,0.085752,0.002896,0.001219
0,-0.126266,-0.092203,0.011657,-0.150119,0.024835,-0.165509,0.002204,0.001609
0,-0.209254,-0.107325,-0.101052,-0.041041,-0.071954,-0.007746,0.003652,0.001873
0,-0.046705,0.08015,0.156372,0.165225,0.165447,0.135722,0.000815,0.001399
0,-2.664947,0.65656,-2.626197,0.580143,-2.619785,0.531259,0.00185,0.000631
0,-2.565872,0.395404,0.115922,-0.278943,0.074894,-0.231236,0.003579,0.005189
0,-2.670033,0.505695,-0.086672,0.123162,-0.103391,0.167727,0.001761,0.003264
0,-2.978248,0.602049,-0.305811,0.104193,-0.31399,0.064109,0.003618,0.001583
0,-2.195794,0.496776,0.792433,-0.129672,0.748031,-0.124305,0.002052,0.00342
0,-2.205449,0.442986,-0.017673,-0.069944,0.027127,-0.056339,0.002221,0.004359
0,-1.615451,0.322906,0.579695,-0.10485,0.558057,-0.093148,0.004014,0.005636
0,-1.162404,0.2113,0.429221,-0.105805,0.428544,-0.066768,0.003893,0.003688
0,-0.776118,0.205116,0.391754,-0.031243,0.386108,-0.046579,0.001455,0.00358
0,-0.434845,0.054971,0.336059,-0.14613,0.348882,-0.177364,0.004501,0.000959
0,-0.312998,0.003077,0.138695,-0.073285,0.160582,-0.02707,0.005463,5.4e-05
0,-0.083884,0.126959,0.214128,0.131204,0.256588,0.151895,0.001464,0.002216
0,0.121293,-0.157029,0.205841,-0.26952,0.234606,-0.311951,0.002117,0.002741
0,0.064787,0.091189,-0.083684,0.252908,-0.106496,0.222939,0.001131,0.001592
0,0.186659,-0.110241,0.102034,-0.197104,0.139836,-0.151046,0.003258,0.001924
0,0.273026,-0.010543,0.086456,0.071696,0.04313,0.090634,0.004765,0.000184
0,0.269213,0.094284,-0.024171,0.114037,-0.039797,0.128252,0.004699,0.001646
0,0.255323,-0.197521,0.008129,-0.311756,0.028512,-0.34691,0.004456,0.003447
0,0.14841,-0.152654,-0.113655,0.03041,-0.109147,0.014618,0.00259,0.002664
0,0.309305,-0.143666,0.188157,0.015278,0.147562,-0.017349,0.005398,0.002507
0,0.326038,-0.037209,0.030876,0.096419,0.005066,0.131061,0.00569,0.000649
0,0.228681,-0.013359,-0.114089,0.007618,-0.09671,-0.036948,0.003991,0.000233
0,0.202358,0.001238,-0.003901,0.005288,0.041657,0.039856,0.003532,2.2e-05
0,0.321722,0.002605,0.111557,-0.02859,0.107515,-0.076748,0.005615,4.5e-05
0,0.237503,-0.05921,-0.102664,-0.041535,-0.089035,-0.032675,0.004145,0.001033
0,0.148475,0.033756,-0.10608,0.06538,-0.057616,0.045872,0.002591,0.000589
0,0.186227,-0.125961,0.040494,-0.171032,-0.001794,-0.169129,0.00325,0.002198
0,0.244875,-0.101017,0.057727,0.009377,0.081387,0.012642,0.004274,0.001763
0,0.36619,-0.2055,0.149779,-0.075831,0.101782,-0.11524,0.005699,0.003587
0,0.18265,0.012236,-0.175255,0.215248,-0.162051,0.253904,0.003188,0.000214
0,0.19196,-0.165118,0.003184,-0.194273,0.024483,-0.224117,0.00335,0.002882
0,0.350449,0.065237,0.149761,0.22303,0.101941,0.254297,0.005974,0.001139
0,0.191182,-0.065946,-0.129936,-0.105255,-0.175395,-0.072557,0.003337,0.001151
0,0.277716,-0.184005,0.115394,-0.110696,0.162814,-0.121701,0.004847,0.003211
0,0.275713,-0.015599,0.019442,0.163006,-0.026043,0.194293,0.004812,0.000272
0,0.226496,-0.059023,-0.077857,-0.025017,-0.076464,-0.043964,0.003953,0.00103
0,0.366474,-0.170338,0.164716,-0.109868,0.150935,-0.070336,0.005694,0.002973
0,0.256568,0.003357,-0.138363,0.164865,-0.128601,0.210595,0.004478,5.9e-05
0,0.390694,-0.144027,0.111701,-0.137902,0.073996,-0.114495,0.005272,0.002514
0,0.269692,-0.168604,-0.095448,-0.005478,-0.119974,-0.021734,0.004707,0.002943
0,0.330614,-0.146709,0.060443,0.028231,0.091022,-0.018256,0.00577,0.002561
0,0.02154,-0.158125,-0.317961,-0.03992,-0.293016,-0.065206,0.000376,0.00276
0,0.280301,0.012913,0.234681,0.177588,0.250389,0.166505,0.004892,0.000225
0,0.141636,0.011657,-0.136929,-0.020179,-0.129406,-0.056704,0.002472,0.000203
0,0.270697,-0.144725,0.120515,-0.148185,0.106644,-0.190521,0.004725,0.002526
0,0.089246,-0.034706,-0.209331,0.13061,-0.24138,0.149929,0.001558,0.000606
0,0.223068,-0.09854,0.13131,-0.055576,0.124386,-0.067528,0.003893,0.00172
0,0.067995,-0.186505,-0.141197,-0.079305,-0.106675,-0.030703,0.001187,0.003255
0,0.003568,-0.039505,-0.093614,0.132942,-0.047301,0.155532,6.2e-05,0.000689
0,0.035264,-0.022262,0.014891,0.009157,0.024642,0.009109,0.000615,0.000389
0,0.039115,-0.034313,-0.006883,-0.02069,-0.02777,0.007822,0.000683,0.000599
0,-0.051489,0.013718,-0.087109,0.064875,-0.12385,0.06712,0.000899,0.000239
0,-0.011844,-0.169149,0.055955,-0.154763,0.051202,-0.1319,0.000207,0.002952
0,0.218909,-0.030899,0.208382,0.159763,0.230237,0.161513,0.003821,0.000539
0,0.093262,-0.011915,-0.121577,0.021328,-0.126197,0.019014,0.001628,0.000208
0,0.099758,0.001527,0.033286,0.032426,0.074093,0.081637,0.001741,2.7e-05
0,-0.031851,-0.115324,-0.153044,-0.133063,-0.169144,-0.181378,0.000556,0.002013
0,-0.037496,-0.125829,-0.010645,-0.020692,0.026082,-0.009344,0.000654,0.002196
0,0.162057,-0.139033,0.216546,-0.012237,0.227042,-0.006588,0.002828,0.002427
0,0.07747,0.062625,-0.07671,0.222283,-0.091214,0.257844,0.001352,0.001093
0,-0.094449,-0.168622,-0.180323,-0.207368,-0.16479,-0.210837,0.001648,0.002943
0,-0.04346,-0.134312,0.026771,0.056188,-0.004242,0.029792,0.000759,0.002344
0,0.13965,-0.083635,0.162079,0.05737,0.133623,0.017185,0.002437,0.00146
0,0.03393,0.054869,-0.116093,0.156969,-0.08875,0.206696,0.000592,0.000958
0,0.151373,-0.106345,0.087648,-0.173846,0.074583,-0.144441,0.002642,0.001856
0,-0.0403,-0.051594,-0.195957,0.056571,-0.154094,0.020042,0.000703,0.0009
0,-0.085168,0.105495,-0.056221,0.166817,-0.100162,0.134327,0.001486,0.001841
0,0.078724,0.09456,0.1861,-0.016659,0.153788,-0.033461,0.001374,0.00165
0,0.0745,-0.116655,0.004782,-0.21927,0.034475,-0.183196,0.0013,0.002036
0,0.054482,0.071326,-0.044933,0.194284,-0.074284,0.159763,0.000951,0.001245
0,0.066471,0.108675,0.034436,0.061785,0.056975,0.1012,0.00116,0.001897
0,-0.071414,0.037154,-0.141844,-0.100525,-0.125589,-0.137565,0.001246,0.000648
0,0.110468,-0.056455,0.179796,-0.0995,0.222625,-0.055103,0.001928,0.000985
0,-0.163908,0.117941,-0.255724,0.189026,-0.288477,0.191429,0.002861,0.002058
0,0.010403,-0.153457,0.164142,-0.292943,0.204853,-0.283036,0.000182,0.002678
0,-0.097297,0.042681,-0.127945,0.220104,-0.162867,0.219431,0.001698,0.000745
0,0.075919,0.104179,0.157243,0.081922,0.158362,0.08213,0.001325,0.001818
0,0.000267,-0.112211,-0.070076,-0.207705,-0.105913,-0.223967,5e-06,0.001958
0,0.037376,0.055313,0.028472,0.167118,-0.01491,0.193191,0.000652,0.000965
0,0.032945,-0.133791,0.005068,-0.169849,-0.030349,-0.213181,0.000575,0.002335
0,-0.04556,0.053716,-0.079786,0.203132,-0.047451,0.224252,0.000795,0.000938
0,-0.037411,-0.030244,0.008147,-0.065725,-0.035516,-0.110649,0.000653,0.000528
0,0.162767,-0.093831,0.221178,-0.039259,0.177405,-0.056839,0.002841,0.001638
0,-0.087732,-0.001025,-0.244979,0.109726,-0.278662,0.083641,0.001531,1.8e-05
0,1.210113,-1.655772,1.288752,-1.626122,1.294663,-1.651596,0.003061,0.004718
0,3.19834,-2.232179,1.963134,-0.591091,1.984959,-0.547537,0.004631,0.002687
0,2.987064,-2.546904,-0.23877,-0.332335,-0.275861,-0.326398,0.003772,0.00391
0,2.791105,-2.531635,-0.167768,0.017491,-0.216441,0.038,0.000352,0.004177
0,2.238569,-2.094494,-0.547054,0.431975,-0.557439,0.460315,0.002799,0.000284
0,1.939953,-1.362913,-0.280696,0.734192,-0.29853,0.732554,0.002413,0.000394
0,0.930081,-1.088074,-1.033772,0.259945,-1.047497,0.284076,0.004142,0.00519
0,0.838755,-0.527953,-0.068441,0.530735,-0.074078,0.540794,0.002549,0.002876
0,0.301236,-0.270674,-0.561181,0.278049,-0.567416,0.312719,0.005258,0.004724
0,0.17598,0.015947,-0.12106,0.265896,-0.104283,0.280778,0.003071,0.000278
0,-0.046975,-0.176683,-0.200668,-0.165821,-0.153692,-0.190765,0.00082,0.003084
0,-0.162678,0.058193,-0.089875,0.253606,-0.111403,0.296149,0.002839,0.001016
0,-0.224406,0.39025,-0.084977,0.342389,-0.107636,0.338997,0.003917,0.005279
0,-0.332061,0.357136,-0.083447,-0.012702,-0.121753,-0.023797,0.005796,0.005857
0,-0.420664,0.05751,-0.088318,-0.309607,-0.084544,-0.301183,0.004749,0.001004
0,-0.310712,0.06848,0.111056,-0.002358,0.158527,-0.052264,0.005423,0.001195
0,-0.143427,0.172769,0.195743,0.105252,0.214217,0.143986,0.002503,0.003015
0,-0.180462,-0.06039,-0.007603,-0.238684,-0.020324,-0.207802,0.00315,0.001054
0,-0.212295,-0.00068,-0.006158,0.074221,0.025076,0.093371,0.003705,1.2e-05
0,-0.195323,-0.110661,0.036442,-0.107214,0.033219,-0.133802,0.003409,0.001931
0,-0.231082,0.098223,-0.016803,0.224363,-0.032197,0.230479,0.004033,0.001714
0,-0.252755,-0.12372,-0.01493,-0.207481,0.025362,-0.227875,0.004411,0.002159
0,-0.274385,0.07687,-0.025465,0.219072,0.009001,0.216847,0.004789,0.001342
0,-0.269027,-0.020846,0.020843,-0.070006,0.004196,-0.119686,0.004695,0.000364
0,-0.29429,0.121718,-0.010893,0.132829,0.032381,0.12709,0.005136,0.002124
0,-0.156815,0.154317,0.151929,0.052678,0.126758,0.02357,0.002737,0.002693
0,-0.192539,0.111523,-0.043327,-0.028425,-0.051861,-0.002696,0.00336,0.001946
0,-0.152061,0.029626,0.028475,-0.091621,0.012295,-0.084517,0.002654,0.000517
0,-0.077926,0.073227,0.060438,0.04442,0.109083,0.093704,0.00136,0.001278
0,-0.246244,0.019093,-0.158658,-0.068377,-0.137783,-0.019579,0.004298,0.000333
0,-0.2246,0.091956,-0.002865,0.0489,-0.041035,0.05715,0.00392,0.001605
0,-0.125051,0.050748,0.101455,-0.043008,0.052794,-0.086943,0.002183,0.000886
0,-0.100035,-0.06046,-0.00243,-0.094174,0.039097,-0.124196,0.001746,0.001055
0,0.017771,-0.047691,0.096969,-0.006466,0.138621,-0.04587,0.00031,0.000832
0,-0.141137,0.179445,-0.150125,0.234944,-0.100752,0.250898,0.002463,0.003132
0,0.076952,0.161805,0.232954,-0.005335,0.2324,0.004471,0.001343,0.002824
0,-0.005569,-0.080486,-0.082275,-0.212816,-0.06964,-0.238999,9.7e-05,0.001405
0,-0.058638,0.052385,-0.038184,0.142085,-0.045066,0.117199,0.001023,0.000914
0,0.02708,0.124895,0.100285,0.099851,0.132694,0.14536,0.000473,0.00218
0,0.187031,-0.082417,0.141694,-0.178402,0.107367,-0.154064,0.003264,0.001438
0,0.271557,0.004346,0.10759,0.064294,0.058345,0.036184,0.00474,7.6e-05
0,0.074123,-0.113473,-0.194328,-0.111054,-0.184932,-0.134777,0.001294,0.00198
0,0.292182,0.00762,0.195132,0.130584,0.203429,0.149638,0.0051,0.000133
0,0.080274,-0.007451,-0.211663,-0.031998,-0.168592,-0.048279,0.001401,0.00013
0,0.11662,0.093498,0.007227,0.110294,-0.02627,0.063417,0.002035,0.001632
0,0.220204,0.160257,0.113253,0.06914,0.114737,0.115897,0.003843,0.002797
0,0.093141,0.083869,-0.135895,-0.095536,-0.113879,-0.108965,0.001626,0.001464
0,0.103909,0.059248,0.002022,-0.020155,0.017834,-0.052053,0.001814,0.001034
0,0.167093,0.080405,0.082367,0.001488,0.07783,-0.008299,0.002916,0.001403
0,0.142878,-0.067442,-0.030539,-0.151369,8e-06,-0.194533,0.002494,0.001177
0,0.170719,-0.092821,0.030563,-0.040467,0.024031,-0.026612,0.00298,0.00162
0,0.200464,0.198251,0.017841,0.270101,0.039507,0.242596,0.003499,0.00346
0,-0.015832,0.05172,-0.194461,-0.171149,-0.238086,-0.188142,0.000276,0.000903
0,0.102652,0.16141,0.094921,0.080377,0.048288,0.056682,0.001792,0.002817
0,-0.091062,0.104834,-0.186915,-0.084026,-0.187697,-0.038358,0.001589,0.00183
0,-0.079462,-0.003968,-0.005471,-0.125594,0.027232,-0.167121,0.001387,6.9e-05
0,-0.001824,0.17868,0.079335,0.1967,0.059472,0.204889,3.2e-05,0.003119
0,0.051923,0.084984,0.076777,-0.108712,0.072345,-0.119868,0.000906,0.001483
0,0.058265,0.045511,0.022561,-0.069296,-0.006042,-0.060344,0.001017,0.000794
0,0.096698,-0.025459,0.055223,-0.095093,0.042813,-0.096969,0.001688,0.000444
0,-0.133467,0.005451,-0.229635,0.009657,-0.235885,-0.010603,0.002329,9.5e-05
0,-0.131541,0.088759,-0.009076,0.111,-0.000628,0.099056,0.002296,0.001549
0,-0.081454,-0.080554,0.036755,-0.182432,0.083653,-0.180318,0.001422,0.001406
0,-0.041529,0.008416,0.033062,0.087096,0.071104,0.073693,0.000725,0.000147
0,-0.112097,-0.126375,-0.058351,-0.10718,-0.066132,-0.144235,0.001956,0.002206
0,-0.144022,-0.142467,-0.020943,0.002242,-0.044859,0.021384,0.002514,0.002487
0,-0.069592,0.090317,0.082741,0.232034,0.102433,0.248916,0.001215,0.001576
0,0.004498,0.016607,0.075352,-0.065989,0.035371,-0.086236,7.9e-05,0.00029
0,0.097811,0.024435,0.11416,0.037112,0.147049,0.073228,0.001707,0.000426
0,0.013986,0.006986,-0.067843,0.011146,-0.093089,0.010137,0.000244,0.000122
0,-0.043563,-0.07878,-0.067489,-0.056973,-0.020949,-0.0847,0.00076,0.001375
0,0.073316,-0.038245,0.113416,0.066238,0.159196,0.043989,0.00128,0.000668
0,-0.113932,-0.017485,-0.179234,0.025767,-0.147182,-0.004661,0.001988,0.000305
0,0.11977,0.141729,0.238241,0.145519,0.269916,0.183157,0.00209,0.002474
0,-0.151112,-0.054665,-0.278432,-0.214073,-0.280045,-0.261179,0.002637,0.000954
0,-0.168322,0.142348,0.002846,0.218658,-0.013491,0.203151,0.002938,0.002484
0,-0.127552,-0.020241,0.014572,-0.17916,0.051309,-0.149425,0.002226,0.000353
0,-0.060869,0.041707,0.061866,0.045841,0.063923,0.062247,0.001062,0.000728
0,0.089623,-0.080843,0.13691,-0.109005,0.128783,-0.100251,0.001564,0.001411
0,0.042964,0.119141,-0.016782,0.205145,-0.055718,0.255093,0.00075,0.002079
0,-0.019679,0.051657,-0.070531,-0.048284,-0.044543,-0.025155,0.000343,0.000902
0,0.108453,0.073279,0.11631,0.033832,0.126932,0.055922,0.001893,0.001279
0,0.151515,-0.015599,0.064847,-0.116437,0.045525,-0.116516,0.002644,0.000272
0,0.024859,0.048446,-0.127883,0.048661,-0.109518,0.031008,0.000434,0.000846
0,0.180566,0.112906,0.133273,0.093944,0.083645,0.075161,0.003151,0.001971
0,0.11252,-0.001288,-0.044363,-0.138973,-0.062416,-0.103224,0.001964,2.2e-05
0,0.039343,-0.110686,-0.098533,-0.08862,-0.142247,-0.060009,0.000687,0.001932
0,0.017463,0.017732,-0.046262,0.117258,-0.002924,0.157684,0.000305,0.000309
0,-0.053859,0.003489,-0.074906,0.006434,-0.120997,0.01486,0.00094,6.1e-05
0,-0.023965,0.075061,0.049595,0.067813,0.008654,0.057096,0.000418,0.00131
0,-0.105281,-0.185062,-0.093485,-0.265757,-0.06182,-0.312967,0.001838,0.00323
0,0.150597,-0.127318,0.270995,0.038336,0.313136,0.070541,0.002628,0.002222
0,-0.048803,0.020968,-0.217959,0.15279,-0.215123,0.180775,0.000852,0.000366
0,-0.638175,0.435154,-0.615095,0.442376,-0.615114,0.447032,0.000952,0.004496
0,-0.91294,1.512098,-0.295208,1.073185,-0.328981,1.052412,0.003843,0.00221
0,-1.073496,2.350323,-0.184322,0.843545,-0.143331,0.872752,0.005445,0.004749
0,-1.163315,2.089294,-0.114229,-0.287112,-0.095199,-0.27991,0.003877,0.000194
0,-0.837147,1.994862,0.296959,-0.108607,0.261883,-0.077689,0.00252,0.001455
0,-0.777378,1.43265,0.067286,-0.544879,0.024963,-0.591852,0.001477,0.000823
0,-0.66294,0.945548,0.105584,-0.491924,0.069059,-0.505823,0.00052,0.004412
0,-2.112673,1.495611,-1.450898,0.547567,-1.490773,0.50199,0.000602,0.001922
0,-2.555061,1.447231,-0.42965,-0.045774,-0.380803,-0.010286,0.003768,0.001078
0,-2.065654,1.412667,0.504917,-0.054747,0.547947,-0.027428,0.000219,0.000475
0,-1.769612,0.969156,0.270438,-0.438161,0.27593,-0.467248,0.005386,0.004824
0,-1.479966,0.910513,0.304771,-0.029647,0.294044,-0.02929,0.001649,0.003801
0,-0.94928,0.624701,0.503161,-0.31468,0.531865,-0.357546,0.004478,0.001187
0,-0.784079,0.608681,0.156797,-0.044353,0.172295,-0.084239,0.001594,0.001467
0,-0.564581,0.203367,0.210572,-0.402099,0.260515,-0.433513,0.002237,0.003549
0,-0.174084,0.125587,0.412872,-0.077003,0.390077,-0.039109,0.003038,0.002192
0,-0.268943,-0.060062,-0.122277,-0.175893,-0.154291,-0.206534,0.004694,0.001048
0,-0.134013,-0.156281,0.111053,-0.073867,0.147842,-0.108749,0.002339,0.002728
0,-0.105891,-0.049992,0.019594,0.108632,-0.015871,0.101725,0.001848,0.000873
0,-0.069143,-0.089562,0.060501,-0.060126,0.105232,-0.089722,0.001207,0.001563
0,-0.081843,-0.195489,0.005782,-0.094204,-0.027395,-0.122057,0.001428,0.003412
0,-0.028252,-0.208637,0.046459,-0.018744,0.038736,-0.045039,0.000493,0.003641
0,0.070336,-0.105481,0.068716,0.098448,0.097875,0.138561,0.001228,0.001841
0,-0.008822,-0.348524,-0.100452,-0.23252,-0.094612,-0.264093,0.000154,0.006008
0,0.106377,-0.174986,0.105121,0.19796,0.085584,0.229852,0.001857,0.003054
0,0.016535,-0.073782,-0.078699,0.100856,-0.112355,0.124486,0.000289,0.001288
0,0.024806,-0.059116,0.026764,0.038254,-0.001593,0.006277,0.000433,0.001032
0,-0.104555,0.021478,-0.133126,0.093533,-0.181008,0.128046,0.001825,0.000375
0,-0.117901,-0.090889,0.006269,-0.112874,-0.034327,-0.118106,0.002058,0.001586
0,-0.020644,-0.229963,0.081099,-0.133843,0.054951,-0.109371,0.00036,0.004014
0,0.036192,0.061018,0.054809,0.261541,0.012616,0.267929,0.000632,0.001065
0,-0.003335,-0.012618,-0.033352,-0.052255,0.005886,-0.044156,5.8e-05,0.00022
0,0.02328,-0.036345,-0.002492,0.005516,-0.030143,0.001196,0.000406,0.000634
0,0.096837,0.053581,0.073818,0.067443,0.025512,0.093226,0.00169,0.000935
0,0.185042,-0.151711,0.113034,-0.217573,0.138593,-0.184687,0.00323,0.002648
0,-0.027773,-0.136333,-0.221443,0.012068,-0.227751,-0.036304,0.000485,0.002379
0,0.13521,0.004942,0.153926,0.130834,0.164296,0.12821,0.00236,8.6e-05
0,0.142648,-0.195034,0.006666,-0.172614,0.052778,-0.133518,0.00249,0.003404
0,-0.107708,-0.173762,-0.269575,0.04045,-0.221455,0.083904,0.00188,0.003033
0,0.061687,-0.115794,0.150877,0.075444,0.114737,0.060963,0.001077,0.002021
0,0.137924,-0.014256,0.080338,0.096563,0.0359,0.076775,0.002407,0.000249
0,0.10508,-0.105899,-0.012862,-0.082285,-0.006991,-0.089447,0.001834,0.001848
0,0.148691,-0.118764,0.070528,0.011261,0.050898,0.025508,0.002595,0.002073
0,-0.080141,-0.10336,-0.225235,0.010834,-0.253092,0.010379,0.001399,0.001804
0,0.058088,-0.100167,0.140824,0.013863,0.175778,0.053102,0.001014,0.001748
0,0.110844,0.079081,0.041532,0.162187,0.069222,0.200196,0.001935,0.00138
0,-0.186004,-0.13083,-0.303679,-0.213884,-0.28671,-0.164287,0.003246,0.002283
0,-0.015977,0.073879,0.159076,0.233588,0.190115,0.276704,0.000279,0.001289
0,0.078784,0.020972,0.110981,-0.067335,0.092303,-0.081262,0.001375,0.000366
0,-0.229412,-0.157178,-0.300576,-0.204675,-0.341633,-0.239393,0.004004,0.002743
0,-0.119453,0.036297,0.092837,0.222171,0.051633,0.240085,0.002085,0.000634
0,-0.105172,-0.14725,0.002831,-0.187091,0.009333,-0.192735,0.001836,0.00257
0,-0.013358,-0.138303,0.086214,0.031729,0.052592,0.072479,0.000233,0.002414
0,-0.074837,-0.110328,-0.085028,0.02808,-0.038893,0.050207,0.001306,0.001926
0,0.174097,-0.02213,0.27308,0.11615,0.307258,0.136573,0.003039,0.000386
0,0.112403,-0.083189,-0.059666,-0.044353,-0.072916,-0.015337,0.001962,0.001452
0,0.03602,0.111884,-0.062859,0.209492,-0.042571,0.170079,0.000629,0.001953
0,0.16613,0.027343,0.140019,-0.099351,0.157309,-0.070698,0.0029,0.000477
0,-0.017824,-0.003189,-0.163979,-0.024452,-0.19181,-0.005678,0.000311,5.6e-05
0,0.092148,-0.114636,0.13897,-0.083716,0.161651,-0.088374,0.001608,0.002001
0,-0.081094,-0.04097,-0.175037,0.063481,-0.140583,0.080868,0.001415,0.000715
0,0.04053,-0.045982,0.111753,0.00172,0.098653,-0.008785,0.000707,0.000803
0,-0.015497,0.121585,-0.056981,0.168301,-0.084606,0.210524,0.00027,0.002122
0,0.024656,0.146907,0.033269,0.023913,-0.007023,0.006897,0.00043,0.002564
0,0.049083,0.063183,0.050931,-0.094745,0.036509,-0.102429,0.000857,0.001103
0,-0.044423,0.143435,-0.107883,0.090415,-0.132156,0.103756,0.000775,0.002503
0,0.133957,0.034413,0.176959,-0.102818,0.175251,-0.100958,0.002338,0.000601
0,-0.082189,0.01491,-0.217579,-0.029452,-0.250799,-0.050751,0.001434,0.00026
0,-0.058725,0.126508,0.033261,0.139943,-0.012113,0.109541,0.001025,0.002208
0,-0.005643,0.117273,0.051444,-0.026972,0.06346,-0.028046,9.8e-05,0.002047
0,-0.128924,0.127174,-0.120905,0.024979,-0.08363,-0.020998,0.00225,0.00222
0,-0.05118,0.076225,0.09741,-0.048018,0.053262,-0.02373,0.000893,0.00133
0,-0.244004,0.089811,-0.202499,0.033929,-0.221128,-0.008448,0.004259,0.001567
0,0.069206,0.09845,0.330216,0.001319,0.285133,0.001256,0.001208,0.001718
0,-0.057135,-0.034211,-0.148309,-0.110915,-0.160312,-0.098348,0.000997,0.000597
0,0.000619,0.060985,0.054686,0.095124,0.047818,0.112069,1.1e-05,0.001064
0,-0.02189,0.066087,-0.043394,0.028357,-0.074036,0.034368,0.000382,0.001153
0,0.02129,-0.092527,0.068056,-0.16394,0.110055,-0.13885,0.000372,0.001615
0,-0.154851,-0.079446,-0.150852,0.035419,-0.136255,-0.005392,0.002703,0.001387
0,-0.113602,0.137785,0.027413,0.23108,0.058749,0.261207,0.001983,0.002405
0,-0.135986,-0.087924,-0.024615,-0.209023,-0.066534,-0.166384,0.002373,0.001535
0,-0.047342,-0.112203,0.074509,0.002301,0.067649,0.040567,0.000826,0.001958
0,-0.069414,0.140795,0.001352,0.281363,3.6e-05,0.29328,0.001212,0.002457
0,0.077,-0.005688,0.157945,-0.138138,0.118001,-0.149757,0.001344,9.9e-05
0,-0.063506,0.105708,-0.143281,0.116906,-0.150364,0.103047,0.001108,0.001845
0,0.049167,-0.049348,0.105963,-0.163251,0.110381,-0.166992,0.000858,0.000861
0,-0.00052,-0.131672,-0.061326,-0.102584,-0.019931,-0.128905,9e-06,0.002298
0,-0.159182,-0.168488,-0.142062,-0.04142,-0.128355,-0.035159,0.002778,0.002941
0,0.125916,-0.095576,0.260474,0.070662,0.232123,0.035801,0.002198,0.001668
0,-0.004593,0.067928,-0.11155,0.139372,-0.067096,0.121247,8e-05,0.001186
0,0.123155,0.032115,0.146642,-0.031122,0.181004,-0.001997,0.002149,0.000561
0,0.0886,-0.104685,-0.049345,-0.159825,-0.06531,-0.15857,0.001546,0.001827
0,0.054595,-0.038824,-0.024786,0.078545,-0.065773,0.046149,0.000953,0.000678
0,-0.111315,0.112421,-0.167656,0.155604,-0.159494,0.150628,0.001943,0.001962
0,-0.032597,0.145583,0.073058,0.03569,0.051744,0.005932,0.000569,0.002541
0,-0.049151,0.16345,0.000623,0.025048,0.047901,0.006526,0.000858,0.002853
0,-0.168682,0.020116,-0.146158,-0.156637,-0.164258,-0.191597,0.002944,0.000351
0,-0.183856,0.03106,-0.000704,0.025317,0.03517,-0.004764,0.003209,0.000542
0,-0.071761,0.040277,0.125889,0.023655,0.15182,-0.009436,0.001252,0.000703
0,-0.104515,-0.063117,-0.032534,-0.125299,-0.044695,-0.089187,0.001824,0.001102
0,-0.086753,0.167052,0.043789,0.211731,0.070381,0.19998,0.001514,0.002916
0,-0.146293,-0.072782,-0.076691,-0.225712,-0.110488,-0.181541,0.002553,0.00127
0,-0.123611,-0.060758,0.027223,-0.006073,-0.003459,-0.04893,0.002157,0.00106
0,-0.078686,-0.003954,0.040323,0.031285,0.047618,0.074154,0.001373,6.9e-05
0,0.030343,-0.003118,0.133732,-0.001243,0.16783,0.023535,0.00053,5.4e-05
0,-0.0565,0.063286,-0.106418,0.090416,-0.149148,0.091727,0.000986,0.001105
0,-0.077724,0.003438,-0.024526,-0.042642,-0.047447,0.007136,0.001357,6e-05
0,0.198522,0.137467,0.258992,0.129179,0.237031,0.113149,0.003465,0.002399
0,0.127411,0.187148,-0.046076,0.027028,-0.023977,0.020881,0.002224,0.003266
0,0.058269,0.113605,-0.074714,-0.057582,-0.026851,-0.039068,0.001017,0.001983
0,0.121286,0.164319,0.088434,0.070121,0.094364,0.072117,0.002117,0.002868
0,0.023453,-0.036421,-0.122748,-0.215784,-0.138749,-0.23747,0.000409,0.000636
0,-0.033406,0.149499,-0.085708,0.20346,-0.112373,0.228511,0.000583,0.002609
0,-0.019222,-0.027411,0.044122,-0.201948,0.022186,-0.225549,0.000335,0.000478
0,-0.089833,0.180085,-0.088542,0.193883,-0.102477,0.208101,0.001568,0.003143
0,-0.063946,-0.010935,0.025664,-0.217989,0.052605,-0.240182,0.001116,0.000191
0,0.197119,0.041788,0.242471,0.035179,0.269535,0.084742,0.00344,0.000729
0,0.185617,0.118807,-0.024237,0.100291,-0.043814,0.058009,0.00324,0.002074
0,-0.026858,-0.086681,-0.219377,-0.199015,-0.188792,-0.18731,0.000469,0.001513
0,0.200272,-0.003736,0.204249,0.10516,0.167077,0.123725,0.003495,6.5e-05
0,0.000688,0.092258,-0.176347,0.080706,-0.15531,0.062808,1.2e-05,0.00161
0,0.005408,0.007415,0.009777,-0.088037,0.014706,-0.10575,9.4e-05,0.000129
0,0.227166,0.0742,0.194792,0.067556,0.230367,0.03229,0.003965,0.001295
0,0.204182,0.034872,0.000703,-0.009885,-0.009003,-0.051209,0.003564,0.000609
0,0.213941,0.151928,0.019338,0.089558,0.045203,0.084435,0.003734,0.002652
0,-0.118686,0.640873,-0.338672,0.511648,-0.357306,0.528307,0.002071,0.000905
0,-0.781994,0.89399,-0.676614,0.263297,-0.647122,0.241185,0.001558,0.003513
0,-0.917824,0.919697,-0.138901,0.018071,-0.157082,0.045502,0.003929,0.003961
0,-0.893714,1.060887,0.039168,0.11327,0.049749,0.129242,0.003508,0.005665
0,-0.92887,0.921015,-0.05537,-0.133233,-0.021492,-0.161328,0.004121,0.003984
0,-0.725604,0.579901,0.182376,-0.348388,0.13836,-0.398182,0.000574,0.001969
0,-0.464602,0.192919,0.290802,-0.40631,0.287392,-0.426313,0.003982,0.000967
0,-0.38467,0.311581,0.051961,0.117835,0.097007,0.094232,0.005377,0.000967
0,-0.229902,0.082915,0.131884,-0.205505,0.084919,-0.229359,0.004013,0.000967
0,-0.025861,-0.011885,0.203818,-0.11834,0.208575,-0.125926,0.000451,0.000967
0,0.029092,0.040267,0.039893,0.055253,0.084939,0.032219,0.000508,0.000967
0,-0.063834,0.021107,-0.070103,-0.001451,-0.116023,0.030845,0.001114,0.000967
0,0.184797,-0.041885,0.27033,-0.066039,0.260616,-0.02755,0.003225,0.000967
0,-0.049621,0.08695,-0.260132,0.152042,-0.262166,0.155337,0.000866,0.000967
0,0.060299,-0.107306,0.135584,-0.189267,0.116446,-0.234178,0.001052,0.001873
0,0.153984,-0.040121,0.098645,0.048796,0.061184,0.006593,0.002688,0.000967
0,-0.079303,-0.12235,-0.203399,-0.093819,-0.201632,-0.058836,0.001384,0.002135
0,0.036081,0.012066,0.136511,0.140745,0.091443,0.113633,0.00063,0.000967
0,0.063999,-0.031064,0.03008,-0.036934,0.030224,-0.037826,0.001117,0.000967
0,0.230279,-0.010707,0.142366,0.030014,0.122213,0.000561,0.004019,0.000967
0,0.220676,-0.110291,-0.007342,-0.125318,0.009791,-0.101067,0.003852,0.001925
0,0.120669,0.049134,-0.089168,0.161811,-0.067804,0.183738,0.002106,0.000967
0,-0.02451,0.06714,-0.153521,0.028438,-0.144527,0.050775,0.000428,0.000967
0,0.155849,0.002046,0.175308,-0.049516,0.138837,-0.015526,0.00272,0.000967
0,-0.010497,0.130218,-0.168761,0.134443,-0.154776,0.097697,0.000183,0.000967
0,-0.111586,0.163194,-0.115824,0.051102,-0.146627,0.023014,0.001948,0.000967
0,0.051196,-0.143631,0.165521,-0.328941,0.209202,-0.329468,0.000894,0.002507
0,0.102041,-0.142127,0.02924,-0.009749,0.0274,-0.007202,0.001781,0.002481
0,0.13818,-0.056131,0.05716,0.086029,0.104712,0.057064,0.002412,0.00098
0,0.104223,0.13219,-0.014299,0.168055,0.032827,0.172169,0.001819,0.000967
0,0.164446,0.149816,0.086521,-0.009067,0.064872,-0.050296,0.00287,0.000967
0,0.04619,0.094088,-0.103137,-0.042994,-0.098419,-0.013441,0.000806,0.000967
0,-0.034473,0.040381,-0.056223,-0.0291,-0.031865,-0.023987,0.000602,0.000967
0,-0.101659,0.031558,-0.09437,0.015973,-0.046117,-0.029522,0.001774,0.000967
0,-0.163376,-0.078573,-0.034004,-0.097015,-0.029402,-0.127077,0.002851,0.001371
0,0.001495,-0.148067,0.155417,-0.042081,0.177971,-0.042263,2.6e-05,0.002584
0,-0.175544,0.11332,-0.1687,0.280317,-0.186842,0.325525,0.003064,0.000967
0,-0.144322,-0.072937,0.02517,-0.190044,0.024336,-0.178004,0.002519,0.001273
0,-0.221268,0.136364,-0.095184,0.187829,-0.05475,0.178892,0.003862,0.000967
0,-0.027713,0.080627,0.21006,-0.052902,0.23197,-0.03005,0.000484,0.000967
0,-0.128584,-0.071274,-0.089108,-0.153344,-0.087557,-0.147695,0.002244,0.001244
0,-0.107369,-0.102485,0.041751,-0.05384,0.066116,-0.084677,0.001874,0.001789
0,0.023305,0.125762,0.119576,0.224799,0.115422,0.235264,0.000407,0.000967
0,-0.228893,-0.060837,-0.250409,-0.201542,-0.221234,-0.16552,0.003995,0.001062
0,-0.092003,0.074712,0.150979,0.163605,0.164361,0.173762,0.001606,0.000967
0,-0.031049,0.013046,0.064151,-0.055718,0.109374,-0.056948,0.000542,0.000967
0,0.009277,0.131157,0.065367,0.102293,0.029759,0.08392,0.000162,0.000967
0,-0.089667,-0.07023,-0.110554,-0.180899,-0.073854,-0.191472,0.001565,0.001226
0,-0.231105,-0.108648,-0.111699,-0.010607,-0.104851,0.018923,0.004034,0.001896
0,-0.073295,0.155001,0.17292,0.235388,0.132225,0.19664,0.001279,0.000967
0,-0.074942,0.147119,0.013083,0.012452,0.04658,0.045705,0.001308,0.000967
0,-0.212911,0.152571,-0.122827,0.009096,-0.13109,0.006285,0.003716,0.000967
0,0.007074,-0.051352,0.243008,-0.194269,0.276556,-0.230787,0.000123,0.000967
0,-0.15353,0.178859,-0.157492,0.24187,-0.205673,0.253516,0.00268,0.000967
0,-0.147093,0.005235,0.005487,-0.201074,0.039376,-0.246698,0.002567,0.000967
0,-0.24231,-0.035174,-0.066502,-0.070139,-0.108236,-0.096893,0.004229,0.000967
0,-0.214268,-0.024607,0.045813,0.009277,0.017591,0.028696,0.00374,0.000967
0,-0.352074,0.198534,-0.129821,0.242829,-0.104646,0.206282,0.005946,0.000967
0,-0.309752,0.097446,0.054775,-0.125666,0.010057,-0.134496,0.005406,0.000967
0,-0.306156,0.058011,-0.021647,-0.044922,0.015401,-0.057494,0.005343,0.000967
0,-0.193757,0.000257,0.126444,-0.041587,0.085521,-0.03424,0.003382,0.000967
0,-0.036859,-0.126854,0.16754,-0.148079,0.141765,-0.114727,0.000643,0.002214
0,-0.229698,0.009155,-0.221941,0.118597,-0.188981,0.120206,0.004009,0.000967
0,-0.035354,0.071879,0.175083,0.053699,0.175808,0.095942,0.000617,0.000967
0,-0.067907,-0.015854,-0.059215,-0.106011,-0.049036,-0.141998,0.001185,0.000967
0,-0.1464,-0.091363,-0.054545,-0.10228,-0.081285,-0.058815,0.002555,0.001595
0,0.034586,0.025757,0.193846,0.105875,0.199594,0.133272,0.000604,0.000967
0,-0.248291,0.053139,-0.303442,0.051492,-0.352577,0.037599,0.004333,0.000967
0,-0.185188,-0.099552,0.054653,-0.176653,0.021083,-0.177404,0.003232,0.001738
0,0.078081,-0.117038,0.284062,-0.045661,0.300654,-0.042743,0.001363,0.002043
0,0.068835,-0.039556,-0.036676,0.084484,0.003222,0.092342,0.001201,0.000967
0,0.016322,-0.019432,-0.043669,0.011584,-0.043002,0.001901,0.000285,0.000967
0,-0.00783,-0.034239,-0.045513,-0.035231,-0.083167,-0.077122,0.000137,0.000967
0,-0.016217,0.012887,0.01951,0.038134,0.011932,0.083644,0.000283,0.000967
0,-0.105177,0.00234,-0.096349,0.013622,-0.127549,0.043024,0.001836,0.000967
0,-0.082287,0.031491,0.039398,0.029511,0.086129,0.078304,0.001436,0.000967
0,0.019718,-0.073283,0.087213,-0.121068,0.05174,-0.104049,0.000344,0.001279
0,0.071234,-0.004228,0.038079,0.064197,0.025454,0.02587,0.001243,0.000967
0,-0.066328,0.093648,-0.154024,0.069067,-0.136911,0.065244,0.001158,0.000967
0,-0.003053,-0.064691,0.056678,-0.131701,0.053689,-0.148772,5.3e-05,0.001129
0,0.123014,0.068724,0.136884,0.149642,0.156425,0.158866,0.002147,0.000967
0,0.085156,-0.039927,-0.016456,-0.108615,0.031368,-0.084107,0.001486,0.000967
0,0.022317,0.191707,-0.054485,0.209553,-0.062957,0.193204,0.00039,0.000967
0,0.010698,0.005747,-0.009721,-0.183247,-0.018075,-0.180931,0.000187,0.000967
0,0.135009,-0.000511,0.122706,-0.009267,0.104203,-0.056036,0.002356,0.000967
0,-0.070316,-0.05564,-0.218808,-0.034349,-0.188286,0.001298,0.001227,0.000971
0,0.082032,-0.113287,0.133408,-0.028651,0.106696,-0.00252,0.001432,0.001977
0,0.155934,0.131795,0.093084,0.256034,0.102898,0.253513,0.002722,0.000967
0,-0.082106,0.030804,-0.259045,-0.071038,-0.232713,-0.091718,0.001433,0.000967
0,0.03279,-0.065985,0.093666,-0.118679,0.12915,-0.140871,0.000572,0.001152
0,0.072487,0.086615,0.041803,0.155907,0.074652,0.178736,0.001265,0.000967
0,0.127933,-0.117234,0.070473,-0.218951,0.094304,-0.243625,0.002233,0.002046
0,0.064695,-0.069633,-0.044412,0.077093,-0.041635,0.109212,0.001129,0.001215
0,0.212772,-0.016888,0.156125,0.053026,0.180854,0.037251,0.003714,0.000967
0,0.093576,0.081833,-0.13148,0.068881,-0.087566,0.034385,0.001633,0.000967
0,0.077188,0.128198,-0.014,0.05048,0.000292,0.025598,0.001347,0.000967
0,0.151754,0.133064,0.067348,-0.021423,0.053277,0.018125,0.002649,0.000967
0,0.108949,-0.12303,-0.050195,-0.258824,-0.09127,-0.294903,0.001902,0.002147
0,0.191812,0.027695,0.0839,0.160035,0.046205,0.154601,0.003348,0.000967
0,0.121883,0.011084,-0.091655,-0.002714,-0.128835,-0.02902,0.002127,0.000967
0,0.061178,-0.094323,-0.076187,-0.124196,-0.0414,-0.084502,0.001068,0.001646
0,0.001812,0.115984,-0.040856,0.199927,-0.054017,0.203238,3.2e-05,0.000967
0,0.278568,0.017836,0.277061,-0.09652,0.32363,-0.10275,0.004862,0.000967
0,0.078545,-0.067873,-0.191911,-0.072538,-0.21631,-0.061487,0.001371,0.001185
0,0.093965,0.149817,0.011189,0.209341,-0.024288,0.220739,0.00164,0.000967
0,-0.005456,-0.154957,-0.093681,-0.295126,-0.129715,-0.317095,9.5e-05,0.002705
0,0.046048,0.126552,0.079511,0.302531,0.071553,0.270694,0.000804,0.000967
0,-0.00939,0.152598,-0.078344,0.027645,-0.049295,0.008773,0.000164,0.000967
0,-0.004755,0.113351,0.016707,-0.040798,-0.014257,-0.058174,8.3e-05,0.000967
0,-0.020467,0.025249,-0.045633,-0.116043,-0.021437,-0.165374,0.000357,0.000967
0,0.151137,-0.044991,0.185974,-0.041412,0.161496,-0.033602,0.002638,0.000967
0,0.034778,0.020474,-0.093512,0.067599,-0.091527,0.050317,0.000607,0.000967
0,-0.047144,0.106018,-0.058035,0.06997,-0.058102,0.108936,0.000823,0.000967
0,0.019917,-0.016698,0.0691,-0.103616,0.117661,-0.075092,0.000348,0.000967
0,0.069198,-0.031574,0.051941,-0.020117,0.059888,-0.032591,0.001208,0.000967
0,-0.05184,0.170614,-0.094446,0.213318,-0.06707,0.252039,0.000905,0.000967
0,-0.052511,0.183135,-0.005371,0.004257,-0.040861,-0.014925,0.000916,0.000967
0,0.013631,0.05308,0.049578,-0.119571,0.024426,-0.149997,0.000238,0.000967
0,-0.077667,0.146566,-0.08335,0.111846,-0.054204,0.12129,0.001356,0.000967
0,0.184503,0.09932,0.272952,-0.065197,0.26707,-0.102512,0.00322,0.000967
0,-0.062584,0.009218,-0.257157,-0.073473,-0.264798,-0.104174,0.001092,0.000967
0,-0.043879,-0.067797,0.026388,-0.091372,0.043096,-0.044389,0.000766,0.001183
0,0.044709,0.098457,0.104572,0.142591,0.154362,0.191595,0.00078,0.000967
0,-0.016772,-0.074735,-0.037419,-0.163486,-0.053941,-0.134176,0.000293,0.001304
0,0.135566,0.036574,0.179347,0.134971,0.198903,0.175453,0.002366,0.000967
0,-0.094622,0.203067,-0.218725,0.140511,-0.187172,0.161473,0.001651,0.000967
0,-0.005361,-0.061558,0.094889,-0.277901,0.112246,-0.236569,9.4e-05,0.001074
0,0.19624,0.039712,0.20521,0.09617,0.25364,0.127599,0.003425,0.000967
0,-0.015825,-0.020147,-0.229531,-0.075469,-0.257505,-0.119325,0.000276,0.000967
0,0.063493,0.084691,0.081284,0.116613,0.10974,0.071828,0.001108,0.000967
0,0.015293,0.116764,-0.02065,0.004497,-0.059433,0.013138,0.000267,0.000967
0,-0.167687,0.119027,-0.173277,0.030803,-0.154792,0.034414,0.002927,0.000967
0,-0.219892,0.049614,-0.026831,-0.085933,-0.016062,-0.072958,0.003838,0.000967
0,-0.0775,0.165345,0.154754,0.119127,0.134294,0.165419,0.001353,0.000967
0,-0.019496,-0.101808,0.062772,-0.280192,0.029598,-0.313757,0.00034,0.001777
0,0.055169,0.144167,0.044776,0.254061,0.068974,0.242083,0.000963,0.000967
0,-0.185321,-0.055636,-0.259861,-0.209234,-0.288824,-0.162099,0.003234,0.000971
0,-0.30757,-0.130605,-0.148136,-0.098423,-0.137087,-0.084246,0.005368,0.002279
0,-0.280911,-0.143563,-0.000249,-0.037682,0.023,-0.085061,0.004903,0.002506
0,-0.102085,-0.016773,0.177447,0.141828,0.142924,0.15315,0.001782,0.000967
0,-0.336667,-0.054212,-0.261237,-0.014081,-0.241037,-0.062517,0.005876,0.000967
0,-0.30232,-0.087234,0.030412,-0.036554,0.072822,-0.041635,0.005276,0.001523
0,-0.189699,0.034902,0.082632,0.108031,0.102383,0.127804,0.003311,0.000967
0,-0.171204,0.066992,0.022976,0.037779,0.026263,0.0557,0.002988,0.000967
0,-0.241511,0.04137,-0.04622,-0.011704,-0.079443,0.030217,0.004215,0.000967
0,-0.097206,-0.038752,0.134272,-0.108398,0.152477,-0.073513,0.001697,0.000967
0,-0.078601,0.111964,0.00018,0.129463,0.013524,0.113643,0.001372,0.000967
0,-0.1675,-0.012161,-0.066312,-0.105481,-0.071317,-0.143268,0.002923,0.000967
0,0.064507,-0.100963,0.244174,-0.067502,0.261921,-0.071113,0.001126,0.001762
0,-0.195568,-0.057627,-0.266524,0.032933,-0.23801,0.009615,0.003413,0.001006
0,-0.027372,0.139761,0.18571,0.184952,0.21756,0.14869,0.000478,0.000967
0,-0.004853,-0.051928,0.046724,-0.215045,0.083755,-0.255198,8.5e-05,0.000967
0,0.068621,0.061067,0.082696,0.102723,0.10681,0.122269,0.001198,0.000967
0,-0.200644,-0.048629,-0.269111,-0.092052,-0.271016,-0.083435,0.003502,0.000967
0,-0.026606,0.186832,0.186677,0.213992,0.181215,0.18444,0.000464,0.000967
0,-0.0316,0.005121,0.02494,-0.164827,-0.016568,-0.166477,0.000552,0.000967
0,-0.028243,0.098362,0.011045,0.114521,0.036094,0.158394,0.000493,0.000967
0,-0.008882,0.080595,0.027177,-0.039288,0.07412,0.004079,0.000155,0.000967
0,0.038578,0.03982,0.032987,-0.051701,-0.012735,-0.054332,0.000673,0.000967
0,-0.106241,0.14176,-0.163858,0.088052,-0.189685,0.082727,0.001854,0.000967
0,-0.064447,0.095795,0.051072,-0.040674,0.061118,-0.057043,0.001125,0.000967
0,-0.189484,0.009668,-0.151855,-0.095276,-0.130998,-0.04851,0.003307,0.000967
0,-0.167715,-0.038544,0.031711,-0.07728,-0.012742,-0.110855,0.002927,0.000967
0,0.010496,-0.004692,0.187989,0.03864,0.236089,-0.00852,0.000183,0.000967
0,-0.001845,0.02425,-0.024234,0.02108,-0.020492,-0.018512,3.2e-05,0.000967
0,0.005343,-0.00839,0.023448,-0.050914,0.070519,-0.010769,9.3e-05,0.000967
0,-0.142773,0.144994,-0.126634,0.169058,-0.130717,0.179537,0.002492,0.000967
0,0.012801,0.048859,0.134681,-0.120026,0.111762,-0.14166,0.000223,0.000967
0,-0.05556,-0.122979,-0.041287,-0.198291,0.000606,-0.161575,0.00097,0.002146
0,-0.092524,0.011271,-0.064668,0.143979,-0.083639,0.16879,0.001615,0.000967
0,-0.010846,-0.066171,0.084341,-0.101201,0.120753,-0.090456,0.000189,0.001155
0,-0.177881,0.083171,-0.179805,0.143569,-0.130184,0.10587,0.003105,0.000967
0,0.005402,-0.118831,0.172092,-0.182692,0.179155,-0.18482,9.4e-05,0.002074
0,-0.138126,-0.111485,-0.125943,0.019226,-0.091801,0.068481,0.002411,0.001946
0,-0.01464,-0.123598,0.147758,-0.009175,0.148866,-0.00975,0.000256,0.002157
0,0.000258,0.031323,0.016205,0.164533,0.0072,0.168272,5e-06,0.000967
0,-0.142725,-0.164683,-0.14546,-0.217888,-0.193092,-0.254243,0.002491,0.002874
0,-0.122323,0.043978,0.017323,0.184467,0.063218,0.208631,0.002135,0.000967
0,0.058123,-0.108015,0.193516,-0.167142,0.205687,-0.188023,0.001014,0.001885
0,-0.208944,0.052207,-0.244951,0.141568,-0.28328,0.189331,0.003647,0.000967
0,-0.046601,-0.014557,0.174825,-0.063307,0.128998,-0.045192,0.000813,0.000967
0,-0.204378,0.073081,-0.129101,0.05971,-0.173044,0.097509,0.003567,0.000967
0,-0.232349,0.020606,-0.003528,-0.059457,-0.047313,-0.024768,0.004055,0.000967
0,-0.106537,-0.053292,0.140606,-0.06411,0.142549,-0.10529,0.001859,0.000967
0,-0.025382,-0.12059,0.091762,-0.082917,0.044772,-0.071662,0.000443,0.002105
0,-0.009047,-0.192119,-0.002591,-0.086671,0.014802,-0.131333,0.000158,0.003353
0,0.072248,0.110758,0.055403,0.275078,0.068792,0.236204,0.001261,0.000967
0,0.022156,-0.092223,-0.057823,-0.230108,-0.0781,-0.210663,0.000387,0.00161
0,0.148867,-0.10264,0.135944,-0.035679,0.171402,-0.061296,0.002598,0.001791
0,-0.020692,0.057598,-0.181412,0.174361,-0.154266,0.190209,0.000361,0.000967
0,0.018439,-0.127576,0.022711,-0.211942,-0.001889,-0.16588,0.000322,0.002227
0,-0.094403,-0.08675,-0.115882,0.018694,-0.143859,0.06069,0.001648,0.001514
0,-0.024754,-0.067559,0.092969,0.034293,0.099562,0.062093,0.000432,0.001179
0,0.007983,-0.089506,0.019335,-0.036251,0.028894,-0.031673,0.000139,0.001562
0,0.117064,-0.074787,0.100246,0.015956,0.128216,0.025161,0.002043,0.001305
0,0.135394,0.124104,0.030531,0.196516,0.074795,0.194261,0.002363,0.000967
0,0.065182,-0.082828,-0.047836,-0.235776,-0.057616,-0.258675,0.001138,0.001446
0,0.018097,-0.034607,-0.026903,0.031524,-0.030113,0.051903,0.000316,0.000967
0,0.159447,0.111029,0.162259,0.119663,0.149728,0.081775,0.002783,0.000967
0,0.188779,-0.088446,0.058419,-0.222718,0.028864,-0.216276,0.003295,0.001544
0,-0.029279,-0.027248,-0.226502,0.032461,-0.235518,0.054597,0.000511,0.000967
0,0.197693,-0.097745,0.209597,-0.041578,0.177306,0.00022,0.00345,0.001706
0,0.001195,0.166715,-0.170432,0.250825,-0.203745,0.232635,2.1e-05,0.000967
0,0.165974,0.09164,0.148922,-0.082727,0.138995,-0.122591,0.002897,0.000967
0,0.179082,0.024175,0.0152,-0.061799,0.016288,-0.017603,0.003126,0.000967
0,0.232668,0.136737,0.08095,0.108369,0.069073,0.131076,0.004061,0.000967
0,0.038613,0.047354,-0.18307,-0.090213,-0.188056,-0.129462,0.000674,0.000967
0,0.153453,0.16486,0.090054,0.092423,0.084779,0.083881,0.002678,0.000967
0,-0.029417,0.178934,-0.193853,-0.00408,-0.16327,-0.029521,0.000513,0.000967
0,0.262117,0.158385,0.313973,-0.049597,0.352392,-0.051125,0.004575,0.000967
0,0.153412,-0.06597,-0.126555,-0.20247,-0.113818,-0.169178,0.002678,0.001151
0,0.227647,0.118985,0.091292,0.170772,0.083353,0.162333,0.003973,0.000967
0,0.252026,0.198334,0.020384,0.08561,0.043119,0.115255,0.004399,0.000967
0,0.10829,-0.076353,-0.146516,-0.260918,-0.141779,-0.253891,0.00189,0.001333
0,0.192583,-0.116936,0.105334,-0.026151,0.058531,-0.060935,0.003361,0.002041
0,0.14194,0.009285,-0.021471,0.151553,-0.067928,0.165075,0.002477,0.000967
0,0.012514,0.166354,-0.122067,0.142723,-0.094554,0.096351,0.000218,0.000967
0,-0.10378,0.061319,-0.126133,-0.124693,-0.084,-0.117997,0.001811,0.000967
0,-0.063672,0.200057,0.016741,0.130721,-0.033238,0.096209,0.001111,0.000967
0,-0.052483,-0.010533,0.028924,-0.194349,0.013206,-0.216063,0.000916,0.000967
0,0.200663,0.154648,0.250217,0.156536,0.291679,0.153406,0.003502,0.000967
0,0.251179,0.082472,0.075805,-0.083014,0.048615,-0.041629,0.004384,0.000967
0,0.297336,0.155795,0.038968,0.091018,0.017081,0.124551,0.00519,0.000967
0,0.011219,0.087584,-0.281833,-0.084597,-0.321471,-0.051552,0.000196,0.000967
0,0.016016,-0.023119,-0.004078,-0.139124,-0.045756,-0.139329,0.00028,0.000967
0,0.19242,0.18176,0.15376,0.22215,0.133198,0.172827,0.003358,0.000967
0,0.025368,0.189495,-0.145995,-0.001313,-0.130794,-0.022299,0.000443,0.000967
0,0.031558,0.089282,0.007504,-0.080099,-0.041578,-0.104553,0.000551,0.000967
0,0.141941,0.16193,0.104733,0.098101,0.088101,0.0689,0.002477,0.000967
0,0.268179,-0.010039,0.102863,-0.194328,0.148348,-0.21489,0.004681,0.000967
0,-0.003435,-7.2e-05,-0.247287,-0.01936,-0.287602,-0.06886,6e-05,0.000967
0,0.048578,0.019171,0.061789,0.03098,0.087562,0.076242,0.000848,0.000967
0,0.212379,0.187483,0.165522,0.197618,0.13179,0.172154,0.003707,0.000967
0,0.234093,0.135003,0.039221,-0.028829,0.077734,0.005859,0.004086,0.000967
0,0.113534,-0.092581,-0.092018,-0.228114,-0.107762,-0.253395,0.001982,0.001616
0,0.043904,0.116758,-0.082174,0.221111,-0.090162,0.252564,0.000766,0.000967
0,0.162117,0.184733,0.109842,0.053549,0.088209,0.078894,0.002829,0.000967
0,0.188328,0.092052,-0.002419,-0.115432,-0.04105,-0.164983,0.003287,0.000967
0,0.113747,-0.095579,-0.066901,-0.185401,-0.037313,-0.148424,0.001985,0.001668
0,0.055514,-0.014574,-0.061362,0.09704,-0.086425,0.081273,0.000969,0.000967
0,0.126036,0.12755,0.048409,0.167423,0.052529,0.146491,0.0022,0.000967
0,0.187338,-0.012314,0.088841,-0.114866,0.077579,-0.074745,0.00327,0.000967
0,0.028935,0.089601,-0.170483,0.114611,-0.19126,0.139046,0.000505,0.000967
0,-0.053419,0.055284,-0.054709,-0.016517,-0.020381,-0.010371,0.000932,0.000967
0,0.154021,0.002523,0.193816,-0.077125,0.227076,-0.08825,0.002688,0.000967
0,0.091981,-0.066426,-0.070978,-0.090266,-0.030677,-0.139923,0.001605,0.001159
0,0.114881,0.05434,0.043946,0.140571,-0.00508,0.169468,0.002005,0.000967
0,0.126637,-0.049537,0.018868,-0.096055,0.042835,-0.081452,0.00221,0.000967
0,0.067902,0.100156,-0.083561,0.123456,-0.054747,0.088549,0.001185,0.000967
0,-0.028065,0.101445,-0.114439,0.01874,-0.106999,0.04571,0.00049,0.000967
0,0.115855,0.141697,0.128885,0.021486,0.150823,0.042862,0.002022,0.000967
0,-0.069469,0.082466,-0.199183,-0.076696,-0.161915,-0.050275,0.001212,0.000967
0,-0.054694,0.146491,0.003781,0.040536,-0.038997,0.024299,0.000955,0.000967
0,0.055818,-0.106348,0.136149,-0.264719,0.137377,-0.25686,0.000974,0.001856
0,0.022412,0.05899,-0.039884,0.148449,-0.044559,0.10523,0.000391,0.000967
0,0.046817,0.151881,0.052769,0.117461,0.011327,0.141177,0.000817,0.000967
0,0.272758,-0.004422,0.20538,-0.14242,0.200722,-0.139007,0.004761,0.000967
0,0.079769,0.067243,-0.190331,0.063333,-0.187445,0.094121,0.001392,0.000967
0,0.149329,-0.038032,0.074942,-0.082195,0.100719,-0.067438,0.002606,0.000967
0,0.291281,-0.015497,0.117634,0.039209,0.15349,0.078359,0.005084,0.000967
0,0.297089,0.05717,0.027135,0.050771,0.003168,0.016252,0.005185,0.000967
0,0.183831,0.065967,-0.141885,0.014968,-0.188917,-0.001526,0.003208,0.000967
0,0.214108,-0.102856,0.051379,-0.181849,0.042073,-0.224002,0.003737,0.001795
0,0.11934,0.144714,-0.095859,0.246057,-0.131958,0.204854,0.002083,0.000967
0,0.241108,-0.071213,0.092395,-0.19374,0.130615,-0.223912,0.004208,0.001243
0,0.150497,-0.058538,-0.097079,0.011263,-0.059078,-0.023458,0.002627,0.001022
0,0.263575,-0.061651,0.115989,-0.029198,0.139156,-0.076778,0.0046,0.001076
0,0.087432,0.088176,-0.17076,0.143823,-0.150057,0.1035,0.001526,0.000967
0,0.260769,0.155878,0.171924,0.085609,0.158054,0.043926,0.004551,0.000967
0,0.176538,-0.014591,-0.100318,-0.154882,-0.123447,-0.109184,0.003081,0.000967
0,0.129096,0.109417,-0.045132,0.140676,-0.008866,0.102246,0.002253,0.000967
0,-0.005338,0.158904,-0.149545,0.057133,-0.183058,0.036843,9.3e-05,0.000967
0,-0.058631,-0.043021,-0.041529,-0.215342,-0.056497,-0.207427,0.001023,0.000967
0,-0.089984,-0.03251,-0.051518,0.015981,-0.055691,0.042736,0.001571,0.000967
0,-0.085751,-0.054172,0.019493,0.006661,0.036658,0.029629,0.001497,0.000967
0,-0.049694,-0.073553,0.031233,-0.022515,0.017917,-0.053669,0.000867,0.001284
0,-0.03667,-0.137284,-0.005328,-0.08219,-0.020473,-0.061569,0.00064,0.002396
0,-0.187114,0.041894,-0.175596,0.169296,-0.219527,0.13667,0.003266,0.000967
0,-0.039607,-0.169303,0.13519,-0.187444,0.149664,-0.184977,0.000691,0.002955
0,-0.293547,0.083937,-0.244125,0.244692,-0.278616,0.280773,0.005123,0.000967
0,-0.031303,0.139318,0.285,0.085075,0.288633,0.042422,0.000546,0.000967
0,0.000883,0.145415,0.012299,0.004901,0.030961,0.022813,1.5e-05,0.000967
0,0.04917,-0.101074,0.059581,-0.257986,0.020635,-0.286203,0.000858,0.001764
0,-0.017975,-0.015749,-0.041159,0.059853,-0.009624,0.010909,0.000314,0.000967
0,-0.008719,-0.008976,-0.010832,-0.007553,-0.0021,0.020359,0.000152,0.000967
0,-0.156855,-0.010491,-0.165167,0.016183,-0.120075,0.015716,0.002738,0.000967
0,-0.185924,0.161084,-0.05725,0.186148,-0.0537,0.156358,0.003245,0.000967
0,-0.219084,-0.055305,-0.009083,-0.208994,-0.00188,-0.212372,0.003824,0.000967
0,-0.196997,0.148098,0.043246,0.192826,0.053272,0.172836,0.003438,0.000967
0,-0.197743,0.004592,-0.010345,-0.133964,0.010459,-0.161963,0.003451,0.000967
0,-0.118117,0.060514,0.103839,0.085599,0.094198,0.122459,0.002062,0.000967
0,0.074233,0.050273,0.199516,0.00699,0.182896,0.053039,0.001296,0.000967
0,0.075069,0.088342,-0.010283,0.065214,0.034053,0.05588,0.00131,0.000967
0,-0.010467,0.081486,-0.058708,-0.00041,-0.040074,0.007494,0.000183,0.000967
0,-0.005274,-0.098963,-0.016087,-0.20611,-0.012196,-0.17223,9.2e-05,0.001727
0,0.078162,0.113611,0.053822,0.20858,0.019342,0.168713,0.001364,0.000967
0,-0.120525,-0.074416,-0.16912,-0.201431,-0.127066,-0.178342,0.002104,0.001299
0,0.662451,-0.087178,0.766078,-0.00964,0.736396,0.018313,0.000529,0.001522
0,1.568336,-0.268381,0.878136,-0.181229,0.841108,-0.216115,0.003192,0.004684
0,1.934717,-0.406199,0.338418,-0.113519,0.318463,-0.112315,0.002504,0.005001
0,2.694555,-0.29791,0.762022,0.128198,0.728016,0.134403,0.001333,0.0052
0,2.578435,-0.198659,-0.111613,0.12829,-0.150887,0.118772,0.00336,0.003467
0,2.757872,-0.258219,0.197457,-0.029667,0.202745,0.01907,0.000228,0.004507
0,2.345393,-0.410349,-0.411997,-0.149504,-0.408849,-0.106227,0.004663,0.004929
0,1.837141,-0.239845,-0.499551,0.170583,-0.536704,0.166433,0.004207,0.004186
0,0.943298,-0.405394,-0.922657,-0.16094,-0.969935,-0.176501,0.004373,0.005015
0,0.803716,-0.140139,-0.119812,0.274848,-0.115005,0.266937,0.001937,0.002446
0,0.574935,-0.032835,-0.239788,0.100156,-0.279705,0.091166,0.002056,0.000573
0,0.180172,-0.123416,-0.406154,-0.073012,-0.424855,-0.097292,0.003145,0.002154
0,0.176901,-0.189364,-0.010117,-0.078107,-0.007385,-0.070083,0.003088,0.003305
0,0.115969,0.043261,-0.054622,0.209197,-0.083207,0.211655,0.002024,0.000755
0,0.198056,-0.031411,0.101489,-0.060086,0.061972,-0.01492,0.003457,0.000548
0,0.035625,-0.097386,-0.133267,-0.04795,-0.101431,-0.006413,0.000622,0.0017
0,0.169423,-0.133849,0.121487,-0.047807,0.095633,-0.083998,0.002957,0.002336
0,-0.035355,-0.096873,-0.221639,0.032784,-0.203498,0.065953,0.000617,0.001691
0,0.102792,-0.035891,0.128216,0.040129,0.088853,0.008365,0.001794,0.000626
0,0.160568,-0.106039,0.086563,-0.04442,0.108309,-0.029728,0.002802,0.001851
0,-0.094496,-0.00554,-0.282485,0.110569,-0.276001,0.081287,0.001649,9.7e-05
0,0.15714,0.002423,0.261904,0.030299,0.231392,0.026866,0.002743,4.2e-05
0,0.043115,0.118567,-0.119994,0.130154,-0.096639,0.094915,0.000753,0.002069
0,-0.088312,-0.077801,-0.151203,-0.226249,-0.199801,-0.216264,0.001541,0.001358
0,0.164824,0.095228,0.246238,0.193291,0.238754,0.155451,0.002877,0.001662
0,0.158116,-0.104502,-0.01201,-0.186886,0.024121,-0.217901,0.00276,0.001824
0,0.084551,-0.083266,-0.080646,-0.000517,-0.070215,0.041884,0.001476,0.001453
0,-0.051042,-0.057303,-0.161338,-0.001689,-0.197351,-0.023881,0.000891,0.001
0,0.028705,0.075665,0.088062,0.114275,0.047024,0.158633,0.000501,0.001321
0,0.173473,0.069675,0.14778,-0.013732,0.102837,-0.044006,0.003028,0.001216
0,-0.118659,0.017095,-0.305557,-0.060783,-0.282469,-0.091459,0.002071,0.000298
0,0.103756,-0.033415,0.210497,-0.050803,0.229233,-0.074116,0.001811,0.000583
0,0.006479,0.113052,-0.080929,0.116838,-0.059396,0.145807,0.000113,0.001973
0,0.014719,-0.04613,0.006156,-0.173674,0.002488,-0.175335,0.000257,0.000805
0,0.090788,-0.000915,0.053414,0.017373,0.017539,-0.032362,0.001585,1.6e-05
0,-0.044598,0.145117,-0.124403,0.127512,-0.14205,0.109883,0.000778,0.002533
0,0.147213,-0.098253,0.190756,-0.251609,0.167835,-0.290892,0.002569,0.001715
0,0.068395,0.095179,-0.076957,0.1812,-0.113806,0.144042,0.001194,0.001661
0,-0.093053,-0.110228,-0.166448,-0.197509,-0.120871,-0.24538,0.001624,0.001924
0,-0.070342,-0.000216,0.013184,0.105277,-0.008441,0.113078,0.001228,4e-06
0,0.174129,0.077135,0.219716,0.055968,0.214553,0.092751,0.003039,0.001346
0,0.079271,-0.014729,-0.080136,-0.065469,-0.073411,-0.076637,0.001384,0.000257
0,-0.078762,0.108837,-0.151268,0.131047,-0.119035,0.165934,0.001375,0.0019
0,-0.047201,-0.028995,0.009498,-0.132471,-0.006311,-0.088983,0.000824,0.000506
0,-0.022471,0.014947,-0.001543,0.035978,0.00406,0.033416,0.000392,0.000261
0,0.088717,-0.003154,0.140349,0.01187,0.092506,-0.000938,0.001548,5.5e-05
0,0.025206,0.152575,-0.078436,0.143625,-0.043981,0.150215,0.00044,0.002663
0,-0.038087,-0.027093,-0.038218,-0.20787,-0.060796,-0.168742,0.000665,0.000473
0,0.036836,0.20007,0.092079,0.233028,0.044114,0.233854,0.000643,0.003492
0,-0.098526,-0.061248,-0.121618,-0.280161,-0.171333,-0.306895,0.00172,0.001069
0,-0.015919,-0.096437,0.101602,-0.057198,0.130111,-0.091749,0.000278,0.001683
0,-0.21287,-0.086038,-0.220389,0.035469,-0.253356,0.036881,0.003715,0.001502
0,-0.323331,-0.013176,-0.132403,0.101648,-0.142453,0.140741,0.005643,0.00023
0,-0.529102,0.045773,-0.202387,0.078022,-0.184475,0.113031,0.002856,0.000799
0,-0.515905,-0.074286,0.033233,-0.11196,0.009191,-0.146645,0.003086,0.001297
0,-0.262509,-0.148957,0.248135,-0.048063,0.275115,-0.043442,0.004582,0.0026
0,-0.416974,-0.015829,-0.159441,0.156324,-0.19087,0.203814,0.004813,0.000276
0,-0.169495,-0.156725,0.255994,-0.145018,0.231565,-0.15802,0.002958,0.002735
0,-0.196791,-0.160724,-0.003955,0.01187,0.012497,0.025122,0.003435,0.002805
0,-0.279302,-0.112225,-0.078466,0.044374,-0.096222,0.066216,0.004875,0.001959
0,-0.220322,0.096384,0.055027,0.211374,0.029993,0.228243,0.003845,0.001682
0,-0.082316,0.028488,0.120435,-0.039479,0.111237,-0.07442,0.001437,0.000497
0,0.002991,-0.166743,0.088406,-0.211231,0.098379,-0.236756,5.2e-05,0.00291
0,-0.195295,0.016675,-0.174035,0.156274,-0.195763,0.173243,0.003409,0.000291
0,-0.016357,-0.046477,0.169591,-0.060184,0.155499,-0.093326,0.000285,0.000811
0,-0.194114,-0.005078,-0.184658,0.051293,-0.143143,0.033778,0.003388,8.9e-05
0,-0.187224,-0.160127,-0.022448,-0.143961,-0.042738,-0.149875,0.003268,0.002795
0,-0.122648,-0.175782,0.077458,-0.014095,0.045923,0.003708,0.002141,0.003068
0,0.095176,-0.040066,0.241614,0.135373,0.222557,0.129517,0.001661,0.000699
0,-0.004126,0.032151,-0.125628,0.04969,-0.1675,0.09887,7.2e-05,0.000561
0,-0.126999,0.02101,-0.098899,0.017455,-0.096012,0.051106,0.002217,0.000367
0,-0.143847,-0.006746,0.000845,-0.034461,0.034011,-0.027921,0.002511,0.000118
0,-0.135737,-0.057958,0.035036,-0.051962,0.003909,-0.015962,0.002369,0.001012
0,-0.166774,-0.157206,-0.011288,-0.069418,0.026143,-0.083322,0.002911,0.002744
0,-0.006185,-0.160914,0.137065,-0.001265,0.142464,0.004978,0.000108,0.002808
0,-0.014188,-0.098461,0.001822,0.068814,0.023574,0.10079,0.000248,0.001718
0,0.066327,0.069096,0.093275,0.188228,0.097276,0.189006,0.001158,0.001206
0,0.123069,-0.016539,0.069093,-0.072664,0.092718,-0.07322,0.002148,0.000289
0,0.164692,-0.024356,0.06722,0.016695,0.055793,-0.013435,0.002874,0.000425
0,-0.001603,-0.132034,-0.177184,-0.118577,-0.168641,-0.163994,2.8e-05,0.002304
0,-0.075216,-0.084007,-0.05796,0.056248,-0.060748,0.013027,0.001313,0.001466
0,-0.026695,-0.141747,0.029927,-0.035478,0.078009,0.008084,0.000466,0.002474
0,0.118836,0.079007,0.170235,0.210592,0.150524,0.172808,0.002074,0.001379
0,0.03125,-0.159983,-0.065313,-0.243781,-0.078802,-0.214465,0.000545,0.002792
0,-0.110643,0.093672,-0.132687,0.229584,-0.172054,0.250278,0.001931,0.001635
0,-0.061817,-0.064629,0.053787,-0.156836,0.007697,-0.170121,0.001079,0.001128
0,-0.143012,0.136095,-0.091439,0.218249,-0.118698,0.210602,0.002496,0.002375
0,-0.141934,-0.110749,0.000101,-0.271176,-0.002205,-0.247563,0.002477,0.001933
0,0.040679,-0.078352,0.175254,0.022816,0.17336,0.054449,0.00071,0.001368
0,0.098555,-0.096218,0.068426,-0.02495,0.031821,-0.065451,0.00172,0.001679
0,-0.189697,-0.066772,-0.298166,0.047035,-0.290977,0.010048,0.003311,0.001165
0,0.071465,0.057645,0.241298,0.13212,0.278279,0.180236,0.001247,0.001006
0,0.084655,0.034892,0.035352,-0.023461,-0.00474,-0.001378,0.001478,0.000609
0,-0.136546,0.085929,-0.212545,0.040897,-0.234639,0.065002,0.002383,0.0015
0,-0.149836,0.021977,0.01,-0.065815,0.046958,-0.056544,0.002615,0.000384
0,-0.101418,0.09795,0.074315,0.081196,0.033782,0.113425,0.00177,0.00171
0,0.101865,0.0196,0.181962,-0.048533,0.159166,-0.061745,0.001778,0.000342
0,-0.007078,0.030625,-0.115672,0.017141,-0.141372,0.029559,0.000124,0.000535
0,0.08942,0.042244,0.081842,0.023945,0.056845,0.053275,0.001561,0.000737
0,-0.002452,0.169719,-0.071446,0.14589,-0.087962,0.178774,4.3e-05,0.002962
0,-0.114009,0.052112,-0.125617,-0.147257,-0.158185,-0.171622,0.00199,0.00091
0,0.132339,-0.093663,0.271772,-0.174166,0.314249,-0.152028,0.00231,0.001635
0,-0.065055,0.091846,-0.193632,0.209514,-0.209308,0.207617,0.001135,0.001603
0,0.189161,-0.141187,0.262775,-0.248908,0.281605,-0.262433,0.003301,0.002464
0,0.053599,-0.122235,-0.156361,-0.004032,-0.197152,0.042119,0.000935,0.002133
0,0.15828,0.006205,0.133556,0.155796,0.084465,0.132416,0.002763,0.000108
0,0.120323,-0.0626,-0.017276,-0.061253,0.011886,-0.076819,0.0021,0.001093
0,0.131727,0.002855,-0.007606,0.093219,0.002125,0.104922,0.002299,5e-05
0,0.125275,0.082198,0.002051,0.082688,0.001558,0.052229,0.002186,0.001435
0,0.094815,0.072722,-0.059982,0.016915,-0.028596,-0.031109,0.001655,0.001269
0,0.161436,-0.063648,0.038396,-0.117117,0.010247,-0.148238,0.002818,0.001111
0,0.18777,-0.187043,0.02749,-0.09887,0.01188,-0.129508,0.003277,0.003265
0,0.14375,-0.203038,-0.069649,-0.036944,-0.067815,-0.086824,0.002509,0.003544
0,0.220761,-0.078545,0.098027,0.100972,0.133213,0.140941,0.003853,0.001371
0,0.08908,0.01232,-0.144762,0.088405,-0.106704,0.048387,0.001555,0.000215
0,0.046846,-0.140285,-0.041748,-0.178632,-0.057073,-0.196759,0.000818,0.002448
0,0.102877,-0.091004,0.072447,0.030418,0.030465,0.039332,0.001796,0.001588
0,0.175985,-0.012047,0.076652,0.05074,0.087492,0.059156,0.003072,0.00021
0,0.106299,0.031389,-0.060585,0.048107,-0.065835,-0.001858,0.001855,0.000548
0,-0.094705,-0.091808,-0.209745,-0.114389,-0.22658,-0.15121,0.001653,0.001602
0,-0.028383,-0.091617,0.049815,-0.026949,0.02438,-0.011573,0.000495,0.001599
0,0.041604,-0.024994,0.056966,0.076269,0.027749,0.047446,0.000726,0.000436
0,0.073187,0.114062,0.05711,0.119516,0.023142,0.110224,0.001277,0.001991
0,-1.828557,-1.164994,-1.911855,-1.269349,-1.907259,-1.248496,0.004357,0.003848
0,-3.417888,-2.39824,-1.608024,-1.246832,-1.565283,-1.213755,0.000799,0.005586
0,-3.287769,-2.509154,0.158748,-0.126703,0.153339,-0.156217,0.00307,0.004569
0,-3.36686,-2.6516,-0.105582,-0.14453,-0.134673,-0.169727,0.00169,0.002083
0,-3.200125,-2.261104,0.149736,0.42019,0.198566,0.459694,0.0046,0.003192
0,-2.610224,-1.696443,0.616326,0.57248,0.66458,0.615006,0.002805,0.005428
0,-1.786129,-1.188381,0.815583,0.517465,0.77105,0.485287,0.005098,0.00344
0,-1.092446,-0.872632,0.68968,0.344872,0.721743,0.295535,0.005114,0.00314
0,-0.293513,-0.679124,0.813973,0.17289,0.834568,0.16523,0.005123,0.000238
0,0.052458,-0.371494,0.364474,0.293806,0.404985,0.31406,0.000916,0.005607
0,0.332748,-0.051968,0.281386,0.337346,0.284764,0.371103,0.005808,0.000907
0,0.42517,0.079512,0.06624,0.115809,0.086044,0.067065,0.00467,0.001388
0,0.644259,0.323945,0.228251,0.224525,0.253639,0.188913,0.000846,0.005654
0,0.446131,0.440053,-0.195626,0.111921,-0.180057,0.095539,0.004304,0.00441
0,0.256578,0.380088,-0.180282,-0.067509,-0.204368,-0.094915,0.004478,0.005457
0,0.284979,0.209311,-0.000434,-0.189649,-0.022175,-0.204085,0.004974,0.003653
0,0.245562,0.086418,-0.056479,-0.144451,-0.071168,-0.127454,0.004286,0.001508
0,0.167638,0.162555,-0.061906,0.084594,-0.039321,0.10105,0.002926,0.002837
0,0.022395,0.140533,-0.154752,-0.043749,-0.128228,-0.034016,0.000391,0.002453
0,0.162953,0.036745,0.127403,-0.11606,0.172674,-0.116521,0.002844,0.000641
0,0.236005,0.201095,0.101517,0.162347,0.081983,0.135441,0.004119,0.00351
0,0.070553,0.153096,-0.162243,-0.046299,-0.151039,-0.091664,0.001231,0.002672
0,-0.017673,0.180678,-0.07463,0.014262,-0.058351,-0.015798,0.000308,0.003153
0,0.075833,0.024253,0.065144,-0.177673,0.018957,-0.2213,0.001324,0.000423
0,0.134101,0.253544,0.087021,0.251483,0.088976,0.230481,0.00234,0.004425
0,0.167481,0.132674,0.043273,-0.127843,-0.000305,-0.115613,0.002923,0.002316
0,-0.024997,0.208609,-0.189347,0.088984,-0.193634,0.094076,0.000436,0.003641
0,0.078888,0.033148,0.10679,-0.18173,0.111647,-0.193595,0.001377,0.000579
0,0.179779,0.084581,0.080926,0.059752,0.119666,0.04127,0.003138,0.001476
0,0.055445,0.021518,-0.126228,-0.076771,-0.102625,-0.085949,0.000968,0.000376
0,0.136536,-0.002819,0.098321,-0.007444,0.070574,-0.042366,0.002383,4.9e-05
0,-0.019268,0.127824,-0.147775,0.108362,-0.136073,0.118422,0.000336,0.002231
0,0.192691,0.032165,0.214794,-0.073986,0.199221,-0.120207,0.003363,0.000561
0,0.155113,0.178018,-0.028715,0.123392,-0.053077,0.124688,0.002707,0.003107
0,0.153438,0.115,-0.008196,-0.076313,-0.03008,-0.077007,0.002678,0.002007
0,0.222146,0.20951,0.044411,0.123629,0.09141,0.16379,0.003877,0.003657
0,0.056469,0.054092,-0.140229,-0.149843,-0.127922,-0.143063,0.000986,0.000944
0,-0.040241,0.054177,-0.067849,0.001108,-0.110544,-0.036078,0.000702,0.000946
0,0.142351,0.133088,0.181958,0.070672,0.206785,0.058131,0.002484,0.002323
0,-0.014288,-0.066924,-0.134095,-0.204631,-0.178652,-0.245325,0.000249,0.001168
0,-0.100908,-0.019471,-0.095142,0.059598,-0.08043,0.050175,0.001761,0.00034
0,-0.081242,0.016038,0.026593,0.029236,0.07089,0.050521,0.001418,0.00028
0,0.148383,-0.044371,0.251945,-0.079189,0.225296,-0.064761,0.00259,0.000774
0,0.069239,0.158454,-0.099337,0.175641,-0.065506,0.204914,0.001208,0.002766
0,0.045256,-0.002853,-0.052596,-0.17584,-0.065723,-0.168728,0.00079,5e-05
0,0.02865,0.142127,0.007134,0.145484,-0.023235,0.173353,0.0005,0.002481
0,-0.025735,0.110292,-0.027166,-0.023713,-0.028348,-0.04688,0.000449,0.001925
0,-0.042101,0.13584,0.012608,0.016452,0.048544,-0.013717,0.000735,0.002371
0,0.134947,0.12722,0.179409,0.01405,0.193409,-0.017898,0.002355,0.00222
0,0.214419,0.078388,0.085301,-0.066605,0.123329,-0.049797,0.003742,0.001368
0,0.137469,0.099742,-0.062835,0.031573,-0.089885,0.06055,0.002399,0.001741
0,0.029074,0.084476,-0.12373,-0.011684,-0.110134,-0.003657,0.000507,0.001474
0,-0.010859,0.038138,-0.051115,-0.039915,-0.056764,-0.003245,0.00019,0.000666
0,0.040786,0.14325,0.061299,0.111088,0.099174,0.102336,0.000712,0.0025
0,-0.006364,0.076159,-0.048662,-0.039408,-0.087207,0.002086,0.000111,0.001329
0,-0.05772,0.049301,-0.072828,-0.052895,-0.113858,-0.014214,0.001007,0.00086
0,-0.180901,-0.037409,-0.127788,-0.109299,-0.151175,-0.110773,0.003157,0.000653
0,-0.117333,0.128884,0.059451,0.154545,0.091143,0.197381,0.002048,0.002249
0,0.025338,0.079673,0.154067,-0.022497,0.1984,-0.061773,0.000442,0.001391
0,-0.10932,0.014726,-0.135046,-0.060301,-0.105232,-0.058186,0.001908,0.000257
0,-0.178435,0.083007,-0.051969,0.044511,-0.022375,0.052596,0.003114,0.001449
0,0.024075,-0.046699,0.229626,-0.117311,0.187713,-0.114942,0.00042,0.000815
0,-0.142887,0.217596,-0.149155,0.245093,-0.165684,0.242365,0.002494,0.003798
0,-0.156569,-0.048201,0.011345,-0.266238,0.044546,-0.263006,0.002733,0.000841
0,-0.127017,0.065917,0.002417,0.107062,0.036784,0.069144,0.002217,0.00115
0,-0.043777,0.17035,0.066082,0.121805,0.072061,0.144911,0.000764,0.002973
0,-0.104265,-0.061919,-0.07285,-0.226419,-0.059119,-0.226205,0.00182,0.001081
0,0.01839,0.040711,0.112846,0.121103,0.13733,0.090645,0.000321,0.000711
0,0.080462,0.158727,0.085017,0.108979,0.125916,0.108245,0.001404,0.00277
0,0.089369,-0.016058,0.003875,-0.193975,-0.033201,-0.219557,0.00156,0.00028
0,-0.173771,0.174007,-0.289634,0.214139,-0.314972,0.261064,0.003033,0.003037
0,0.015174,-0.019281,0.163669,-0.164034,0.15253,-0.173246,0.000265,0.000337
0,-0.070302,0.027971,-0.08219,0.071545,-0.082426,0.094172,0.001227,0.000488
0,-0.114108,-0.052149,-0.050901,-0.07805,-0.085333,-0.086383,0.001992,0.00091
0,-0.093243,0.117368,0.039641,0.154777,0.071431,0.150779,0.001627,0.002048
0,0.097197,0.160582,0.178355,0.067225,0.19047,0.066084,0.001696,0.002803
0,0.034478,0.057248,-0.058048,-0.132292,-0.013652,-0.175324,0.000602,0.000999
0,0.092559,-0.039068,0.040426,-0.070111,0.059588,-0.025401,0.001615,0.000682
0,0.116321,0.122949,-0.004176,0.169948,-0.005667,0.186965,0.00203,0.002146
0,-0.085417,0.233759,-0.202614,0.120143,-0.21001,0.167806,0.001491,0.00408
0,0.074708,0.077751,0.16689,-0.139401,0.137388,-0.090668,0.001304,0.001357
0,-0.081955,-0.038272,-0.183761,-0.103907,-0.174527,-0.106483,0.00143,0.000668
0,-0.122403,0.020053,-0.046414,0.037363,-0.036485,0.006417,0.002136,0.00035
0,-0.035844,0.083308,0.099654,0.075817,0.098714,0.097435,0.000626,0.001454
0,0.048045,-0.057584,0.086271,-0.129932,0.093414,-0.094578,0.000839,0.001005
0,-0.069483,0.171683,-0.088208,0.24659,-0.128698,0.274488,0.001213,0.002996
0,-0.051762,0.112537,0.027481,-0.080492,0.008089,-0.095428,0.000903,0.001964
0,-0.019144,0.221867,0.033644,0.100656,0.069329,0.138903,0.000334,0.003872
0,-0.095308,-0.006386,-0.099203,-0.215795,-0.069345,-0.238066,0.001663,0.000111
0,-0.013303,-0.040121,0.074243,-0.009288,0.060942,-0.010657,0.000232,0.0007
0,0.033372,0.042639,0.0751,0.075808,0.043061,0.07047,0.000582,0.000744
0,0.078459,-0.06885,0.06666,-0.099291,0.095492,-0.107029,0.001369,0.001202
0,-0.136813,0.025034,-0.245085,0.105819,-0.289722,0.115184,0.002388,0.000437
0,0.006872,-0.026078,0.14521,-0.022818,0.149283,0.023337,0.00012,0.000455
0,0.099972,0.119393,0.081386,0.169283,0.065491,0.140048,0.001745,0.002084
0,0.049025,0.049037,-0.059595,-0.08374,-0.062293,-0.081793,0.000856,0.000856
0,0.071635,0.122648,0.029584,0.088874,0.048487,0.072007,0.00125,0.002141
0,-0.162407,0.119904,-0.221771,0.005823,-0.269145,0.047906,0.002835,0.002093
0,0.023432,0.000281,0.184958,-0.145929,0.173928,-0.123822,0.000409,5e-06
0,-0.112169,0.083839,-0.14245,0.099127,-0.158515,0.088749,0.001958,0.001463
0,-0.191831,-0.051649,-0.104398,-0.122268,-0.1182,-0.171193,0.003348,0.000901
0,-0.11228,0.039236,0.105749,0.110558,0.106506,0.127104,0.00196,0.000685
0,-0.000749,-0.100468,0.091389,-0.129191,0.129062,-0.130829,1.3e-05,0.001753
0,-0.060127,0.128644,-0.054393,0.210848,-0.007501,0.169165,0.001049,0.002245
0,-0.182961,0.102457,-0.112514,-0.027328,-0.109798,-0.067482,0.003193,0.001788
0,-0.061669,-0.078217,0.142724,-0.18975,0.164653,-0.222643,0.001076,0.001365
0,-0.182928,0.181838,-0.13166,0.257587,-0.08803,0.252792,0.003193,0.003174
0,-0.269124,-0.000324,-0.105966,-0.17302,-0.105065,-0.219186,0.004697,6e-06
0,-4.113125,-0.391658,-3.862208,-0.362792,-3.820357,-0.410381,0.000755,0.005255
0,-4.419282,-1.174977,-0.30703,-0.798127,-0.277916,-0.827077,0.004588,0.003674
0,-4.703768,-1.181991,-0.289747,0.00695,-0.329843,0.032471,0.002537,0.003551
0,-3.993499,-1.735439,0.699909,-0.525657,0.663541,-0.556424,0.002843,0.005982
0,-3.194165,-1.955298,0.824496,-0.228635,0.783917,-0.253132,0.004704,0.002145
0,-2.562574,-1.759033,0.617457,0.200078,0.580405,0.245708,0.003637,0.005571
0,-1.852105,-1.350022,0.738088,0.432743,0.780956,0.392402,0.003946,0.000619
0,-1.0438,-0.833364,0.779653,0.487206,0.759686,0.467077,0.005963,0.002454
0,-0.786531,-0.766024,0.246964,0.057197,0.248703,0.036163,0.001637,0.001279
0,-0.116726,-0.585027,0.641332,0.17657,0.65493,0.159157,0.002037,0.00188
0,0.361943,-0.20791,0.479924,0.361792,0.439748,0.337832,0.005773,0.003629
0,0.201207,-0.088032,-0.142258,0.109043,-0.131698,0.068654,0.003512,0.001536
0,0.146629,-0.058509,-0.061333,0.00041,-0.059983,0.035912,0.002559,0.001021
0,0.171799,-0.145716,0.048509,-0.078133,0.024356,-0.051851,0.002998,0.002543
0,0.273032,-0.042894,0.098383,0.113457,0.123464,0.07308,0.004765,0.000749
0,0.086117,0.082019,-0.214588,0.129904,-0.232602,0.106913,0.001503,0.001432
0,0.068918,-0.03366,-0.028974,-0.124703,0.001976,-0.150858,0.001203,0.000587
0,0.167697,0.00347,0.083108,0.02928,0.122585,0.077901,0.002927,6.1e-05
0,0.067583,-0.099598,-0.124752,-0.077076,-0.146588,-0.051729,0.00118,0.001738
0,0.066709,0.059138,-0.016419,0.172748,0.031311,0.189579,0.001164,0.001032
0,0.215739,-0.079212,0.135546,-0.121853,0.184385,-0.099978,0.003765,0.001383
0,0.163975,0.094172,-0.039418,0.193641,-0.076194,0.150694,0.002862,0.001644
0,0.212355,0.068107,0.031414,-0.02101,0.036628,-0.047567,0.003706,0.001189
0,0.314276,-0.089632,0.096796,-0.139236,0.128614,-0.102719,0.005485,0.001564
0,0.103613,0.06243,-0.234014,0.129589,-0.190074,0.105719,0.001808,0.00109
0,0.024311,-0.017548,-0.07451,-0.065497,-0.103317,-0.107599,0.000424,0.000306
0,0.282342,-0.058593,0.262275,-0.025391,0.249303,0.011691,0.004928,0.001023
0,0.259513,0.005823,0.001893,0.034698,-0.041222,0.039454,0.004529,0.000102
0,0.483071,0.418835,0.22645,0.426655,0.246919,0.407538,0.003659,0.00478
0,0.698589,0.396434,0.236019,-0.02405,0.214525,0.015083,0.000102,0.005171
0,1.116888,0.486943,0.398332,0.063688,0.366425,0.081812,0.004688,0.003592
0,0.846596,0.471117,-0.27367,0.000702,-0.231358,0.000315,0.002685,0.003868
0,1.009661,0.322781,0.134377,-0.174726,0.088223,-0.187612,0.005531,0.005634
0,0.789257,0.313051,-0.215549,-0.006463,-0.183034,-0.039114,0.001685,0.005464
0,0.497329,0.424676,-0.320979,0.099942,-0.30164,0.064436,0.00341,0.004678
0,0.415229,0.232453,-0.101835,-0.188322,-0.083373,-0.164012,0.004843,0.004057
0,0.404652,0.249328,-0.033006,-0.011342,-0.081601,-0.028315,0.005028,0.004352
0,-0.030626,0.24936,-0.414439,0.003705,-0.391417,0.004949,0.000535,0.004352
0,-0.070186,0.228195,-0.022541,-0.001769,-0.019779,0.020894,0.001225,0.003983
0,-0.034329,0.081961,0.064018,-0.154994,0.079273,-0.139187,0.000599,0.00143
0,0.022261,0.086602,0.08557,-0.025146,0.086897,-0.008889,0.000389,0.001511
0,-0.07657,0.107086,-0.108856,0.028572,-0.154979,0.06568,0.001336,0.001869
0,0.099838,0.000616,0.193673,-0.123689,0.241569,-0.144386,0.001743,1.1e-05
0,0.006715,0.256987,-0.114814,0.226554,-0.06502,0.209334,0.000117,0.004485
0,-0.026925,0.013353,-0.028388,-0.219674,0.007253,-0.244823,0.00047,0.000233
0,-0.178572,-0.003441,-0.18041,-0.024675,-0.165232,-0.036576,0.003117,6e-05
0,-0.228476,0.045201,-0.027991,0.043047,-0.051014,0.010371,0.003988,0.000789
0,-0.206656,0.157095,0.019935,0.109686,0.023303,0.148804,0.003607,0.002742
0,-0.127217,0.056813,0.08456,-0.11851,0.047517,-0.080059,0.00222,0.000992
0,-0.070254,-0.045485,0.077296,-0.099978,0.058674,-0.076631,0.001226,0.000794
0,-0.000553,0.208893,0.061345,0.236183,0.081903,0.195471,1e-05,0.003646
0,-0.216951,0.091735,-0.199417,-0.122897,-0.18223,-0.113402,0.003787,0.001601
0,-1.358787,0.899729,-1.114195,0.831001,-1.112829,0.81376,0.000466,0.003613
0,-1.243855,1.179267,0.098692,0.26404,0.128736,0.301483,0.002472,0.003599
0,-1.677312,1.280867,-0.44075,0.122662,-0.413045,0.157748,0.005094,0.001826
0,-1.423067,1.311466,0.257185,0.040321,0.22957,0.002765,0.000656,0.001292
0,-1.093497,0.941272,0.357372,-0.363706,0.39686,-0.35329,0.005096,0.004338
0,-0.769395,0.6841,0.319549,-0.264066,0.337816,-0.291952,0.001338,0.000151
0,-0.441725,0.516332,0.321672,-0.154482,0.368762,-0.112708,0.004381,0.003079
0,-0.184698,0.374347,0.259705,-0.142754,0.226108,-0.096105,0.003224,0.005557
0,0.039027,0.309644,0.229712,-0.059415,0.257898,-0.034971,0.000681,0.005404
0,0.081555,0.292495,0.054382,-0.004788,0.0286,0.000189,0.001423,0.005105
0,0.097033,0.08405,0.037409,-0.211166,-0.011787,-0.18574,0.001694,0.001467
0,0.112696,-0.049036,0.014147,-0.1228,-0.019304,-0.129506,0.001967,0.000856
0,0.001524,-0.08287,-0.123896,-0.010189,-0.090462,-0.004963,2.7e-05,0.001446
0,0.159173,-0.018769,0.134106,0.089658,0.129832,0.056992,0.002778,0.000328
0,0.086154,-0.150934,-0.06383,-0.115491,-0.030106,-0.136519,0.001504,0.002634
0,0.186685,0.045841,0.089213,0.214541,0.068862,0.186533,0.003258,0.0008
0,0.057546,0.108473,-0.117553,0.058886,-0.110786,0.093626,0.001004,0.001893
0,0.177098,-0.062461,0.124468,-0.198768,0.158307,-0.214486,0.003091,0.00109
0,-0.013524,-0.112139,-0.167028,-0.071635,-0.169449,-0.069275,0.000236,0.001957
0,0.074388,-0.029816,0.114772,0.100413,0.131487,0.055152,0.001298,0.00052
0,0.060123,0.018416,-0.011449,0.045078,-0.026051,0.029818,0.001049,0.000321
0,0.159316,0.091114,0.087651,0.06063,0.129961,0.035234,0.002781,0.00159
0,-0.031197,-0.093772,-0.16271,-0.15559,-0.179838,-0.11473,0.000544,0.001637
0,-0.075476,-0.056519,-0.015046,0.04154,-0.060737,0.067794,0.001317,0.000986
0,-0.071964,-0.07606,0.025635,-0.045722,-0.00966,-0.093007,0.001256,0.001327
0,0.169463,0.099237,0.223249,0.173828,0.174467,0.154752,0.002958,0.001732
0,0.139281,-0.094224,-0.027014,-0.215894,-0.020996,-0.224204,0.002431,0.001645
0,0.044269,0.077922,-0.075159,0.172258,-0.026051,0.135204,0.000773,0.00136
0,0.06747,0.061098,0.029031,0.011765,0.027403,0.020628,0.001178,0.001066
0,0.009066,-0.150335,-0.080703,-0.197299,-0.080497,-0.213855,0.000158,0.002624
0,-0.035873,-0.175467,-0.044944,-0.007889,-0.046543,0.005402,0.000626,0.003062
0,0.019899,-0.068667,0.042148,0.113839,0.051749,0.068512,0.000347,0.001198
0,0.187994,0.060396,0.141904,0.109689,0.153901,0.115645,0.003281,0.001054
0,0.181506,0.062312,-0.03,-0.014509,0.012913,-0.051647,0.003168,0.001088
0,0.10409,0.007727,-0.062479,-0.058808,-0.065394,-0.094602,0.001817,0.000135
0,0.071653,-0.153026,-0.057097,-0.153163,-0.046745,-0.169174,0.001251,0.002671
0,0.211091,-0.087892,0.14202,0.069144,0.152481,0.114702,0.003684,0.001534
0,0.111326,0.007349,-0.078334,0.075111,-0.061769,0.086169,0.001943,0.000128
0,0.078211,0.011493,-0.016706,0.003439,-0.006676,-0.038005,0.001365,0.000201
0,0.198326,-0.04707,0.101061,-0.048445,0.133761,-0.018951,0.003461,0.000822
0,0.059421,-0.135048,-0.15677,-0.089702,-0.122423,-0.061618,0.001037,0.002357
0,0.130385,0.039757,0.095541,0.183681,0.05836,0.20393,0.002276,0.000694
0,0.116409,0.161734,-0.029146,0.128086,-0.052,0.138152,0.002032,0.002823
0,0.110132,0.124974,-0.035734,-0.030127,-0.01284,-0.035619,0.001922,0.002181
0,0.074934,0.073741,-0.050552,-0.061543,-0.093595,-0.066618,0.001308,0.001287
0,0.027421,0.124442,-0.044981,0.030222,-0.04779,0.063022,0.000479,0.002172
0,0.03178,0.017462,-0.016079,-0.131376,-0.01571,-0.138897,0.000555,0.000305
0,0.146352,-0.093856,0.137882,-0.106161,0.123488,-0.083414,0.002554,0.001638
0,0.063961,-0.01644,-0.100575,0.106871,-0.054048,0.098281,0.001116,0.000287
0,-0.126129,0.165937,-0.165757,0.160555,-0.215241,0.153493,0.002201,0.002896
0,-0.061196,-0.013886,0.049396,-0.19254,0.096416,-0.225804,0.001068,0.000242
0,-0.057894,-0.037552,0.019681,-0.004436,0.041996,-0.014211,0.00101,0.000655
0,0.147396,-0.069144,0.229503,-0.043722,0.215202,-0.07576,0.002573,0.001207
0,0.032551,0.018208,-0.128836,0.060923,-0.16721,0.083447,0.000568,0.000318
0,0.005372,-0.035453,-0.040571,-0.053446,-0.089854,-0.047621,9.4e-05,0.000619
0,0.113627,-0.046111,0.135384,0.008904,0.106203,0.030004,0.001983,0.000805
0,-0.03637,0.025986,-0.164864,0.083338,-0.150991,0.132548,0.000635,0.000454
0,0.015942,0.05303,0.043364,0.001651,0.036357,0.051186,0.000278,0.000926
0,0.014281,0.030966,-0.002067,-0.018325,-0.022252,0.022783,0.000249,0.00054
0,-0.103922,-0.16777,-0.124501,-0.19053,-0.094223,-0.213287,0.001814,0.002928
0,0.082856,-0.059659,0.162453,0.096403,0.163058,0.120321,0.001446,0.001041
0,-0.036867,-0.049436,-0.100436,0.027739,-0.112574,0.022067,0.000643,0.000863
0,-0.04082,0.07169,-0.019368,0.13351,0.011769,0.153559,0.000712,0.001251
0,-0.131563,0.059429,-0.061856,-0.020895,-0.086295,-0.014917,0.002296,0.001037
0,0.061879,-0.211155,0.191829,-0.296608,0.212557,-0.281421,0.00108,0.003685
0,-0.104971,0.017229,-0.195241,0.199266,-0.223488,0.24091,0.001832,0.000301
0,-0.090367,0.07381,0.038456,0.042112,0.06407,0.043729,0.001577,0.001288
0,0.095778,-0.150835,0.196758,-0.206738,0.244517,-0.173125,0.001672,0.002633
0,-1.426609,0.641514,-1.535459,0.768576,-1.574803,0.808255,0.000718,0.000894
0,-2.114141,0.639503,-0.715791,-0.005249,-0.698387,-0.031142,0.000627,0.000929
0,-2.211538,1.111636,-0.088236,0.477172,-0.072992,0.463287,0.002327,0.004779
0,-1.707166,1.136718,0.509112,0.053977,0.527217,0.053344,0.005615,0.004341
0,-1.62404,1.080707,0.09005,-0.075383,0.117929,-0.034919,0.004164,0.005319
0,-1.205394,0.84684,0.392714,-0.213423,0.386816,-0.250515,0.003143,0.00269
0,-1.005125,0.814283,0.174972,-0.05334,0.183146,-0.087704,0.005452,0.002121
0,-0.39176,0.602478,0.620327,-0.239615,0.66289,-0.193053,0.005253,0.001575
0,-0.199853,0.273818,0.184831,-0.339616,0.188858,-0.292546,0.003488,0.004779
0,-0.08199,-0.068457,0.097223,-0.350365,0.147065,-0.355304,0.001431,0.001195
0,0.051461,-0.134587,0.125457,-0.084815,0.137471,-0.112512,0.000898,0.002349
0,0.298642,-0.037397,0.237117,0.069451,0.218793,0.033024,0.005212,0.000653
0,0.14984,-0.051043,-0.119505,-0.024983,-0.149704,-0.010001,0.002615,0.000891
0,0.421299,-0.199245,0.249105,-0.121067,0.203176,-0.113359,0.004737,0.003477
0,0.19028,-0.184841,-0.230983,-0.012786,-0.236377,-0.047299,0.003321,0.003226
0,0.306154,-0.0787,0.135437,0.100839,0.099183,0.121023,0.005343,0.001374
0,0.406753,-0.15176,0.100542,-0.097684,0.120916,-0.135704,0.004991,0.002649
0,0.360352,-0.061136,-0.053395,0.119829,-0.05284,0.135525,0.005801,0.001067
0,0.02986,-0.039678,-0.314994,0.044837,-0.272809,0.067122,0.000521,0.000693
0,0.091571,-0.108191,0.055529,-0.084227,0.104898,-0.12476,0.001598,0.001888
0,-0.10858,-0.085553,-0.184363,0.022575,-0.137561,0.033998,0.001895,0.001493
0,-0.058524,-0.207603,0.025691,-0.109518,0.032047,-0.152915,0.001021,0.003623
0,-0.242945,-0.002939,-0.205852,0.211835,-0.23106,0.247005,0.00424,5.1e-05
0,-0.115075,0.043916,0.153495,0.062548,0.190001,0.075828,0.002008,0.000766
0,-0.197171,-0.215091,-0.054218,-0.273053,-0.058071,-0.261032,0.003441,0.003754
0,-0.042762,0.035412,0.125108,0.228704,0.109112,0.273612,0.000746,0.000618
0,-0.134852,0.027096,-0.108325,-0.023406,-0.112545,-0.001709,0.002354,0.000473
0,-0.0856,-0.070806,0.020547,-0.075766,-0.012324,-0.076555,0.001494,0.001236
0,-0.30031,-0.172354,-0.203837,-0.08599,-0.197327,-0.093224,0.005241,0.003008
0,-0.219625,-0.03327,0.107666,0.122581,0.072197,0.088616,0.003833,0.000581
0,-0.160297,-0.193541,0.040558,-0.175434,0.026459,-0.168535,0.002798,0.003378
0,-0.149343,-0.133934,0.021045,0.065478,0.023273,0.050804,0.002607,0.002338
0,-0.174998,-0.010273,-0.029766,0.129018,-0.009979,0.151455,0.003054,0.000179
0,-0.059278,-0.191707,0.111436,-0.193343,0.110171,-0.161435,0.001035,0.003346
0,-0.094115,-0.114552,-0.053498,0.085666,-0.012403,0.107415,0.001643,0.001999
0,-0.072787,-0.263727,0.0144,-0.165696,0.05543,-0.20201,0.00127,0.004603
0,-0.258407,-0.095069,-0.166294,0.158225,-0.128258,0.175002,0.00451,0.001659
0,-0.168515,-0.210103,0.11254,-0.091851,0.135441,-0.084585,0.002941,0.003667
0,-0.062826,-0.155407,0.132826,0.061559,0.1138,0.055645,0.001097,0.002712
0,-0.0453,-0.060264,0.003991,0.114295,-0.004381,0.163292,0.000791,0.001052
0,-0.036377,-0.213295,-0.019285,-0.153114,-0.037558,-0.141216,0.000635,0.003723
0,-0.047465,0.018717,-0.011023,0.227799,-0.020068,0.18397,0.000828,0.000327
0,-0.073414,-0.183261,-0.050785,-0.230334,-0.095146,-0.268459,0.001281,0.003199
0,-0.258082,-0.113883,-0.16836,0.084007,-0.199031,0.056648,0.004504,0.001988
0,-0.172134,-0.067896,0.074967,0.053501,0.079922,0.077357,0.003004,0.001185
0,-0.226606,-0.189561,-0.02809,-0.148066,-0.016442,-0.161286,0.003955,0.003308
0,-0.308013,0.010275,-0.069706,0.176543,-0.076548,0.198737,0.005376,0.000179
0,-0.071739,0.020882,0.249146,-0.018609,0.224392,-0.047667,0.001252,0.000364
0,-0.252022,-0.188131,-0.15839,-0.237178,-0.188961,-0.208651,0.004399,0.003284
0,-0.100467,-0.030165,0.143663,0.185589,0.185799,0.180803,0.001753,0.000526
0,-0.328125,-0.080112,-0.244539,-0.037344,-0.277462,-0.025315,0.005727,0.001398
0,-0.156898,-0.105012,0.158025,-0.031188,0.183352,-0.041613,0.002738,0.001833
0,-0.01181,0.043421,0.174224,0.150234,0.208033,0.112963,0.000206,0.000758
0,-0.020483,-0.074289,0.011025,-0.121965,0.02807,-0.162544,0.000357,0.001297
0,-0.216074,0.078198,-0.182406,0.165061,-0.224819,0.188059,0.003771,0.001365
0,-0.082135,0.050241,0.128929,-0.030029,0.123376,0.016859,0.001434,0.000877
0,-0.180913,0.069024,-0.084661,0.017368,-0.111849,0.041289,0.003158,0.001205
0,-0.236435,0.014801,-0.041209,-0.032012,-0.065583,-0.080585,0.004127,0.000258
0,-0.295414,-0.090773,-0.061977,-0.076301,-0.081333,-0.072314,0.005156,0.001584
0,-0.035118,-0.075841,0.247071,0.020756,0.265305,0.025319,0.000613,0.001324
0,-0.143203,-0.159525,-0.092728,-0.096665,-0.05186,-0.100502,0.002499,0.002784
0,-0.129978,0.07982,0.002884,0.227283,0.013491,0.178417,0.002269,0.001393
0,-0.163435,0.002892,-0.00488,-0.094543,-0.009147,-0.140462,0.002852,5e-05
0,-0.267653,0.035284,-0.083224,0.036539,-0.078161,0.034411,0.004671,0.000616
0,-0.167265,0.123978,0.11417,0.070467,0.085665,0.096671,0.002919,0.002164
0,-0.273105,-0.104413,-0.095596,-0.237998,-0.086091,-0.256632,0.004767,0.001822
0,-0.248353,-0.009606,0.018929,0.084205,0.066304,0.122364,0.004335,0.000168
0,-0.259198,0.076626,-0.023945,0.097975,-0.042325,0.063744,0.004524,0.001337
0,0.004409,-0.080498,0.253483,-0.179612,0.233815,-0.160855,7.7e-05,0.001405
0,-0.207705,0.120501,-0.199023,0.184755,-0.220682,0.139332,0.003625,0.002103
0,-0.192859,0.019825,0.011767,-0.092525,-0.029011,-0.11957,0.003366,0.000346
0,-0.1423,0.05012,0.031893,0.02612,0.048629,-0.001816,0.002484,0.000875
0,0.064443,-0.135187,0.186734,-0.199237,0.23448,-0.173162,0.001125,0.002359
0,-0.150524,0.151304,-0.217571,0.26255,-0.217589,0.269724,0.002627,0.002641
0,-0.014909,-0.07631,0.161337,-0.249641,0.175868,-0.269194,0.00026,0.001332
0,0.015698,0.033942,0.008132,0.120914,-0.017906,0.120169,0.000274,0.000592
0,-0.251,0.066735,-0.272787,0.048519,-0.299965,0.014202,0.004381,0.001165
0,-0.169088,0.02399,0.088113,-0.044941,0.105254,-0.015475,0.002951,0.000419
0,-0.171075,0.106458,0.01131,0.052737,-0.007419,0.019927,0.002986,0.001858
0,-0.117558,-0.057567,0.041118,-0.136424,0.03621,-0.152623,0.002052,0.001005
0,-0.101914,-0.157828,0.037658,-0.071126,0.043599,-0.114844,0.001779,0.002755
0,0.079381,0.079825,0.192913,0.263715,0.206612,0.230083,0.001385,0.001393
0,0.003248,0.031547,-0.069015,-0.07176,-0.108775,-0.024548,5.7e-05,0.000551
0,-0.075822,0.094283,-0.106427,0.05288,-0.093173,0.074185,0.001323,0.001646
0,0.025848,0.148158,0.128747,0.073585,0.177158,0.040981,0.000451,0.002586
0,0.171589,-0.076298,0.172719,-0.224819,0.146667,-0.244696,0.002995,0.001332
0,0.039702,0.092914,-0.105434,0.179486,-0.069951,0.174299,0.000693,0.001622
0,0.176809,-0.138198,0.149417,-0.233039,0.100647,-0.196585,0.003086,0.002412
0,0.006745,-0.102426,-0.177578,0.008723,-0.144093,0.05196,0.000118,0.001788
0,-0.007144,0.08352,-0.008659,0.176866,-0.017411,0.128469,0.000125,0.001458
0,-0.041585,-0.062782,-0.059123,-0.119406,-0.030354,-0.083419,0.000726,0.001096
0,0.031625,-0.1275,0.091529,-0.035629,0.055854,-0.080649,0.000552,0.002225
0,0.144339,-0.025245,0.095908,0.109608,0.101502,0.066085,0.002519,0.000441
0,0.172155,-0.04786,0.025728,0.002813,0.010774,0.000437,0.003005,0.000835
0,0.454205,0.331584,0.305141,0.40633,0.350707,0.412959,0.004163,0.005787
0,0.601228,0.478081,0.150859,0.141791,0.19408,0.172103,0.001597,0.003746
0,0.622063,0.418194,0.041566,-0.088325,0.014496,-0.127021,0.001233,0.004792
0,0.947529,0.668455,0.312495,0.279049,0.335181,0.288396,0.004447,0.000424
0,0.835205,0.378889,-0.122656,-0.293102,-0.094111,-0.304681,0.002487,0.005478
0,0.574201,0.433951,-0.281696,0.074402,-0.2546,0.027696,0.002069,0.004517
0,0.665217,0.0984,0.068099,-0.339042,0.091291,-0.343678,0.00048,0.001717
0,0.349792,-0.084876,-0.303154,-0.192899,-0.334014,-0.220679,0.005985,0.001481
0,0.337007,-0.018879,-0.040179,0.071375,-0.054255,0.068828,0.005882,0.000329
0,0.055823,-0.106956,-0.305997,-0.071405,-0.296016,-0.063401,0.000974,0.001867
0,0.059089,-0.114884,0.000964,-0.020466,-0.042328,-0.047044,0.001031,0.002005
0,0.112939,0.005992,0.064248,0.106423,0.103081,0.115895,0.001971,0.000105
0,0.055156,-0.168034,-0.068957,-0.158204,-0.107823,-0.186412,0.000963,0.002933
0,0.033926,-0.143866,-0.037215,0.003733,-0.074183,-0.012779,0.000592,0.002511
0,-0.087432,-0.139741,-0.119107,-0.00122,-0.117459,0.003451,0.001526,0.002439
0,-0.098789,-0.061625,-0.034597,0.061821,-0.020385,0.091151,0.001724,0.001076
0,0.069953,-0.004385,0.14157,0.053902,0.142402,0.077323,0.001221,7.7e-05
0,0.049647,-0.07792,-0.013654,-0.074175,-0.028523,-0.113662,0.000867,0.00136
0,-0.030722,0.038609,-0.085477,0.131564,-0.077257,0.123127,0.000536,0.000674
0,-0.090522,0.098224,-0.037842,0.084304,-0.015773,0.043887,0.00158,0.001714
0,0.001994,-0.027402,0.110065,-0.149006,0.102232,-0.177891,3.5e-05,0.000478
0,0.087487,-0.002602,0.104601,0.032026,0.056601,-0.008685,0.001527,4.5e-05
0,-0.082533,-0.08823,-0.146223,-0.098836,-0.173956,-0.105949,0.00144,0.00154
0,-0.082972,-0.031826,0.009093,0.039423,-0.03772,0.080635,0.001448,0.000555
0,-0.12413,-0.00169,-0.070434,0.011201,-0.098564,-0.035018,0.002166,2.9e-05
0,-0.133851,0.025719,-0.006028,0.043325,-0.033875,0.020407,0.002336,0.000449
0,-0.064986,0.141128,0.060927,0.138466,0.042841,0.129973,0.001134,0.002463
0,0.160293,0.09382,0.239804,-0.062766,0.246842,-0.03018,0.002798,0.001637
0,-0.087066,-0.084438,-0.262288,-0.185893,-0.256786,-0.184493,0.00152,0.001474
0,0.170013,0.05531,0.248387,0.137637,0.229508,0.142415,0.002967,0.000965
0,-0.030428,-0.092677,-0.188178,-0.123491,-0.224406,-0.128545,0.000531,0.001618
0,-0.136468,-0.017283,-0.08993,0.104729,-0.044629,0.064856,0.002382,0.000302
0,-0.174654,-0.105267,-0.043339,-0.110669,-0.01477,-0.131362,0.003048,0.001837
0,-0.034079,-0.013989,0.15551,0.088791,0.108537,0.098548,0.000595,0.000244
0,0.031423,-0.12542,0.051493,-0.129132,0.015029,-0.137411,0.000548,0.002189
0,0.043055,0.105153,0.035457,0.235539,0.04597,0.280224,0.000751,0.001835
0,0.141312,-0.131627,0.108433,-0.263434,0.105108,-0.258778,0.002466,0.002297
0,-0.066116,0.134963,-0.235298,0.255359,-0.20811,0.237833,0.001154,0.002356
0,0.049261,0.088691,0.143994,-0.041636,0.120314,-0.02899,0.00086,0.001548
0,-0.053357,-0.054062,-0.121363,-0.123338,-0.104412,-0.120834,0.000931,0.000944
0,0.087637,-0.016094,0.117433,0.037661,0.134312,-0.006349,0.00153,0.000281
0,-0.176782,-0.137521,-0.266028,-0.130998,-0.256149,-0.14757,0.003085,0.0024
0,-0.055243,-0.042466,0.120114,0.122029,0.088827,0.121663,0.000964,0.000741
0,-0.135652,-0.100452,-0.104719,-0.087158,-0.077761,-0.12908,0.002368,0.001753
0,-0.234995,0.087325,-0.116645,0.159897,-0.130771,0.172303,0.004101,0.001524
0,0.02733,0.061974,0.252465,-0.016003,0.274031,-0.01983,0.000477,0.001082
0,0.019031,0.077896,-0.010939,0.013734,-0.013898,-0.027307,0.000332,0.00136
0,0.043864,-0.011889,0.004042,-0.084635,0.036136,-0.117082,0.000766,0.000207
0,-0.115742,-0.092906,-0.144088,-0.082262,-0.166842,-0.104811,0.00202,0.001622
0,-0.045882,0.065588,0.052675,0.167029,0.090692,0.118773,0.000801,0.001145
0,-0.042698,-0.000285,0.019684,-0.077447,0.050267,-0.116873,0.000745,5e-06
0,0.032168,-0.043327,0.062065,-0.066086,0.052786,-0.061097,0.000561,0.000756
0,-0.212062,-0.147324,-0.258566,-0.105281,-0.296578,-0.070012,0.003701,0.002571
0,-0.175721,-0.155205,0.051619,-0.024758,0.050091,-0.00199,0.003067,0.002709
0,-0.003174,0.068601,0.162432,0.211077,0.140303,0.213665,5.5e-05,0.001197
0,-0.113487,-0.077495,-0.118437,-0.146853,-0.111851,-0.158668,0.001981,0.001353
0,-0.259952,-0.101168,-0.142221,0.004563,-0.130081,-0.040781,0.004537,0.001766
0,-0.167998,-0.11358,0.1136,-0.022967,0.072594,-0.037799,0.002932,0.001982
0,-0.068369,-0.106463,0.102993,-0.009875,0.117864,-0.036387,0.001193,0.001858
0,-0.177414,-0.159773,-0.122858,-0.025061,-0.1304,-0.068215,0.003096,0.002789
0,0.021935,0.004204,0.198715,0.162561,0.179677,0.148144,0.000383,7.3e-05
0,-0.112698,0.070595,-0.137193,0.075148,-0.105394,0.098702,0.001967,0.001232
0,-0.015738,-0.097159,0.067157,-0.186409,0.071499,-0.169492,0.000275,0.001696
0,-0.063808,0.109124,-0.05047,0.227193,-0.025081,0.25226,0.001114,0.001905
0,-0.052716,0.106447,0.027022,0.016694,0.06455,-0.011381,0.00092,0.001858
0,-0.082884,0.096714,-0.051612,-0.006109,-0.060484,-0.003463,0.001447,0.001688
0,-0.092171,0.013145,-0.028727,-0.057902,-0.033339,-0.084358,0.001609,0.000229
0,-0.038133,-0.031644,0.073871,-0.067614,0.123842,-0.071104,0.000666,0.000552
0,0.058993,-0.064392,0.082025,-0.052429,0.063585,-0.051246,0.00103,0.001124
0,0.064167,0.129216,-0.006675,0.167095,0.032069,0.185253,0.00112,0.002255
0,-0.055715,-0.137062,-0.119895,-0.240394,-0.163366,-0.200345,0.000972,0.002392
0,-0.095944,-0.092458,-0.054499,0.021747,-0.103153,-0.009249,0.001675,0.001614
0,-0.075017,0.05899,0.038044,0.13139,0.038967,0.161809,0.001309,0.00103
0,-0.018037,-0.00159,0.028572,-0.076644,-0.019791,-0.091505,0.000315,2.8e-05
0,-0.092552,-0.021722,-0.081917,-0.007468,-0.115,-0.033265,0.001615,0.000379
0,-0.057308,-0.092229,0.031349,-0.041488,0.049608,-0.08644,0.001,0.00161
0,-0.07938,0.02438,-0.03332,0.097378,0.005603,0.095169,0.001385,0.000426
0,-0.10389,0.131166,-0.038025,0.12976,-0.009645,0.168063,0.001813,0.002289
0,-0.019131,0.021948,0.074466,-0.132014,0.029175,-0.093858,0.000334,0.000383
0,-0.153161,-0.051832,-0.162798,-0.056897,-0.193379,-0.014798,0.002673,0.000905
0,-0.223885,-0.064747,-0.078688,-0.001705,-0.042257,0.010563,0.003908,0.00113
0,0.011348,0.096579,0.209468,0.169429,0.179844,0.134396,0.000198,0.001686
0,-0.094489,0.164725,-0.105592,0.045226,-0.111687,0.014614,0.001649,0.002875
0,-0.140472,-0.007199,-0.044639,-0.172093,-0.020907,-0.134106,0.002452,0.000126
0,-0.081519,-0.039418,0.078504,-0.032448,0.073225,-0.045245,0.001423,0.000688
0,0.067179,-0.104625,0.175276,-0.094734,0.218301,-0.142222,0.001172,0.001826
0,0.12215,0.015474,0.066138,0.149166,0.03383,0.179963,0.002132,0.00027
0,-0.065053,0.052406,-0.182275,0.050302,-0.15418,0.039836,0.001135,0.000915
0,0.099333,0.043538,0.15303,-0.004776,0.137744,0.02405,0.001734,0.00076
0,0.080572,-0.134713,-0.024428,-0.195224,0.002026,-0.184849,0.001406,0.002351
0,0.173631,-0.013675,0.119959,0.134489,0.161657,0.092533,0.00303,0.000239
0,0.191512,-0.058522,0.001412,-0.046158,-0.028934,-0.034465,0.003343,0.001021
0,0.046123,-0.070627,-0.148093,0.006881,-0.158348,0.036184,0.000805,0.001233
0,0.109703,-0.127769,0.061629,-0.068306,0.082914,-0.084194,0.001915,0.00223
0,-0.10068,-0.162243,-0.181974,-0.036718,-0.208572,-0.071138,0.001757,0.002832
0,0.056091,0.051461,0.186231,0.233523,0.143754,0.203641,0.000979,0.000898
0,0.023363,-0.09753,-0.059277,-0.158541,-0.064151,-0.199797,0.000408,0.001702
0,-0.2122,0.049671,-0.264165,0.165922,-0.216537,0.192359,0.003704,0.000867
0,-0.212895,0.12539,0.00515,0.081226,0.00893,0.033168,0.003716,0.002188
0,0.079628,-0.082688,0.274045,-0.22043,0.320731,-0.245782,0.00139,0.001443
0,-0.147595,0.0248,-0.23414,0.108798,-0.21534,0.141711,0.002576,0.000433
0,-0.086752,0.035657,0.064473,-0.008293,0.057756,0.017868,0.001514,0.000622
0,-0.030308,0.010332,0.047525,-0.048557,0.066878,-0.087445,0.000529,0.00018
0,0.042414,-0.129857,0.068648,-0.1538,0.066126,-0.133245,0.00074,0.002266
0,0.010106,0.085792,-0.029134,0.244058,-0.019646,0.198662,0.000176,0.001497
0,-0.083997,0.035635,-0.084034,-0.026967,-0.126413,-0.056977,0.001466,0.000622
0,-0.055043,0.05953,0.002093,-0.002163,0.050763,0.014213,0.000961,0.001039
0,0.151545,0.061122,0.201123,-0.009503,0.211578,-0.03801,0.002645,0.001067
0,0.144372,-0.072015,-0.034569,-0.149993,-0.034333,-0.14448,0.00252,0.001257
0,0.120484,-0.071374,-0.016997,-0.027514,-0.064321,-0.061417,0.002103,0.001246
0,0.012358,0.014451,-0.085292,0.058002,-0.096086,0.074021,0.000216,0.000252
0,0.142461,0.077878,0.159482,0.046837,0.156547,0.096042,0.002486,0.001359
0,0.140908,0.099028,0.022264,0.000381,0.04026,0.017083,0.002459,0.001728
0,0.072057,-0.041562,-0.085254,-0.127283,-0.079706,-0.136959,0.001258,0.000725
0,0.06579,-0.062206,-0.032534,-0.037029,-0.000323,-0.043535,0.001148,0.001086
0,-0.035886,0.171061,-0.085696,0.21588,-0.087308,0.261819,0.000626,0.002986
0,-0.019174,0.033245,0.009421,-0.162521,0.039519,-0.173519,0.000335,0.00058
0,0.068878,0.042732,0.115948,0.019483,0.108185,0.035074,0.001202,0.000746
0,-0.045221,-0.044597,-0.142397,-0.068219,-0.15688,-0.024967,0.000789,0.000778
0,-0.042309,-0.042668,-0.013776,-0.020233,-0.057742,-0.05923,0.000738,0.000745
0,0.028541,-0.080477,0.047205,-0.045276,0.007702,-0.063978,0.000498,0.001405
0,0.245005,-0.074779,0.188579,0.020121,0.220388,0.054879,0.004276,0.001305
0,0.04057,0.094589,-0.178022,0.183763,-0.142119,0.192248,0.000708,0.001651
0,0.22316,0.113998,0.188735,0.001288,0.16729,-0.013062,0.003895,0.00199
0,0.062645,0.00475,-0.139845,-0.098411,-0.133007,-0.14291,0.001093,8.3e-05
0,0.220441,0.084907,0.181991,0.107448,0.219046,0.103039,0.003847,0.001482
0,0.317938,0.175702,0.078392,0.088924,0.034909,0.120426,0.005549,0.003067
0,0.092001,0.07991,-0.198915,-0.105797,-0.218332,-0.08189,0.001606,0.001395
0,0.129458,0.165551,0.009894,0.112931,-0.037506,0.1035,0.002259,0.002889
0,-0.035977,0.16618,-0.188206,0.022473,-0.173931,0.013975,0.000628,0.0029
0,0.158035,0.105266,0.189605,-0.081156,0.207253,-0.053018,0.002758,0.001837
0,0.03186,0.129412,-0.137793,0.040868,-0.11372,0.04793,0.000556,0.002259
0,0.015906,0.12248,0.011204,-0.02965,-0.001174,-0.039986,0.000278,0.002138
0,0.244845,0.046365,0.255721,-0.050335,0.290796,-0.017248,0.004273,0.000809
0,0.023969,0.174429,-0.195508,0.14935,-0.195684,0.177822,0.000418,0.003044
0,-0.016949,0.167378,-0.050932,0.018398,-0.089483,0.068255,0.000296,0.002921
0,0.041978,-0.077143,0.088062,-0.265925,0.092217,-0.242168,0.000733,0.001346
0,-0.171198,0.081026,-0.230488,0.142848,-0.235395,0.130926,0.002988,0.001414
0,0.238937,-1.397926,0.414929,-1.474438,0.462267,-1.490313,0.00417,0.000217
0,0.283567,-1.719323,0.047634,-0.32559,0.02738,-0.374785,0.004949,0.005827
0,0.507054,-2.167058,0.229378,-0.476232,0.266062,-0.468336,0.003241,0.001551
0,0.482608,-2.680418,-0.044889,-0.515917,-0.074064,-0.495159,0.003667,0.00158
0,0.372771,-2.528505,-0.112473,0.165492,-0.106769,0.208098,0.005584,0.004231
0,0.416079,-1.881785,0.015902,0.623815,-0.012443,0.605606,0.004829,0.003428
0,0.309987,-1.245177,-0.131445,0.61545,-0.156051,0.576413,0.00541,0.002449
0,0.050851,-1.11353,-0.28026,0.115354,-0.260044,0.117889,0.000888,0.004746
0,0.088246,-0.579244,0.03923,0.535873,0.059066,0.561962,0.00154,0.001981
0,0.241872,-0.287756,0.155424,0.2896,0.140087,0.257248,0.004221,0.005022
0,0.15795,-0.010824,-0.087515,0.278314,-0.083868,0.316123,0.002757,0.000189
0,0.157691,0.077364,0.010287,0.067163,0.019654,0.030394,0.002752,0.00135
0,-0.087548,0.166901,-0.267793,0.092601,-0.239179,0.137684,0.001528,0.002913
0,-0.102784,0.188153,-0.025769,0.00532,-0.038685,-0.019049,0.001794,0.003284
0,0.024458,0.226284,0.143709,0.042136,0.150755,0.041607,0.000427,0.003949
0,0.027997,0.317882,0.022656,0.110578,0.06314,0.075977,0.000489,0.005548
0,0.119477,0.273242,0.09851,-0.021402,0.063574,-0.05222,0.002085,0.004769
0,0.001709,0.263001,-0.145314,-0.022773,-0.153157,-0.032866,3e-05,0.00459
0,-0.04323,0.107642,-0.021986,-0.171887,-0.003295,-0.179346,0.000755,0.001879
0,-0.17017,0.287815,-0.148587,0.192601,-0.181171,0.207787,0.00297,0.005023
0,-0.03715,0.220568,0.136772,-0.090795,0.151106,-0.083048,0.000648,0.00385
0,0.030314,0.031649,0.051529,-0.213643,0.06702,-0.230922,0.000529,0.000552
0,-0.110111,0.270868,-0.16336,0.230047,-0.210657,0.195101,0.001922,0.004728
0,0.087279,-0.020715,0.196093,-0.270063,0.202227,-0.236096,0.001523,0.000362
0,-0.052206,0.087338,-0.145485,0.095303,-0.139321,0.059642,0.000911,0.001524
0,0.004934,0.249307,0.065752,0.147981,0.022104,0.132308,8.6e-05,0.004351
0,-0.081569,0.153562,-0.09916,-0.071295,-0.07995,-0.044509,0.001424,0.00268
0,-0.015058,-0.009869,0.076939,-0.172799,0.075686,-0.136504,0.000263,0.000172
0,0.109819,0.249138,0.131392,0.247091,0.110757,0.254222,0.001917,0.004348
0,-0.048935,0.081495,-0.171894,-0.189698,-0.140711,-0.223814,0.000854,0.001422
0,0.145938,0.164415,0.184467,0.061736,0.225867,0.102237,0.002547,0.00287
0,-0.012711,0.033815,-0.181454,-0.111143,-0.150553,-0.064254,0.000222,0.00059
0,0.004903,0.144639,0.035271,0.133602,-0.005654,0.179248,8.6e-05,0.002524
0,-0.045493,0.026585,-0.074777,-0.090407,-0.055252,-0.059186,0.000794,0.000464
0,0.11851,0.060162,0.182832,0.034742,0.181337,-0.003847,0.002068,0.00105
0,0.068274,0.019956,-0.062723,-0.04026,-0.066271,-0.068459,0.001192,0.000348
0,0.13577,-0.029524,0.055898,-0.054192,0.062952,-0.004832,0.00237,0.000515
0,0.239549,0.047049,0.132963,0.092412,0.126562,0.094553,0.004181,0.000821
0,0.079911,0.089081,-0.130998,0.031387,-0.132327,-0.01047,0.001395,0.001555
0,0.091751,0.179716,0.00862,0.118894,0.009514,0.088336,0.001601,0.003137
0,-0.05994,-0.060077,-0.164293,-0.222396,-0.173815,-0.266904,0.001046,0.001049
0,0.18596,-0.014192,0.223071,0.071498,0.246155,0.044764,0.003246,0.000248
0,0.136847,0.173261,-0.070172,0.207177,-0.020271,0.19087,0.002388,0.003024
0,0.247869,-0.030101,0.133883,-0.184597,0.132445,-0.179546,0.004326,0.000525
0,0.101893,0.066966,-0.158767,0.072392,-0.206823,0.081193,0.001778,0.001169
0,0.151432,0.138899,0.061345,0.046279,0.062059,0.053281,0.002643,0.002424
0,0.099706,0.134469,-0.024214,-0.032417,-0.04274,-0.0177,0.00174,0.002347
0,0.138384,0.05153,0.040695,-0.107702,0.066252,-0.080574,0.002415,0.000899
0,0.216162,-0.066454,0.061989,-0.094309,0.059235,-0.0796,0.003773,0.00116
0,0.059307,0.124228,-0.158711,0.19142,-0.172638,0.2191,0.001035,0.002168
0,0.104114,0.031705,0.01541,-0.110909,0.052714,-0.076373,0.001817,0.000553
0,-0.038832,0.183573,-0.126557,0.160449,-0.111784,0.164582,0.000678,0.003204
0,0.049595,0.143599,0.062403,-0.04728,0.110567,-0.03441,0.000866,0.002506
0,0.116824,-0.035614,0.082142,-0.15744,0.04221,-0.12697,0.002039,0.000622
0,-0.010021,0.022061,-0.101365,0.072606,-0.115176,0.034353,0.000175,0.000385
0,0.01876,0.001841,0.013956,0.001074,0.02824,0.00965,0.000327,3.2e-05
0,0.132852,-0.010387,0.123593,0.008375,0.110939,0.047316,0.002319,0.000181
0,0.098693,-0.080053,-0.004459,-0.077063,0.000973,-0.03829,0.001723,0.001397
0,-0.067516,-0.068988,-0.152851,-0.014994,-0.134912,0.009186,0.001178,0.001204
0,0.156517,-0.033048,0.227263,0.030713,0.255304,0.030024,0.002732,0.000577
0,0.00648,0.01139,-0.14704,0.046635,-0.180822,0.078938,0.000113,0.000199
0,0.046263,-0.009958,0.030091,-0.019595,0.020393,0.02685,0.000807,0.000174
0,0.049702,0.075688,-0.005044,0.107959,0.032532,0.152039,0.000867,0.001321
0,-0.193885,-0.019486,-0.258012,-0.065657,-0.294612,-0.084668,0.003384,0.00034
0,-0.13011,0.021369,0.069514,0.054046,0.075792,0.040242,0.002271,0.000373
0,0.119732,-0.151302,0.276237,-0.1555,0.317479,-0.201103,0.00209,0.002641
0,-0.13084,-0.155334,-0.268592,-0.014685,-0.313315,0.021033,0.002284,0.002711
0,0.026978,-0.100204,0.167671,0.062212,0.189868,0.01696,0.000471,0.001749
0,-0.028004,-0.171065,-0.06112,-0.062662,-0.096031,-0.064755,0.000489,0.002986
0,0.021296,0.111407,0.02796,0.255663,-0.008732,0.232274,0.000372,0.001944
0,0.03273,-0.083049,0.015192,-0.200761,0.043401,-0.215267,0.000571,0.001449
0,-0.090953,0.079019,-0.131344,0.173129,-0.179087,0.220958,0.001587,0.001379
0,0.105844,-0.03128,0.186318,-0.113889,0.231358,-0.074121,0.001847,0.000546
0,-0.034816,0.01868,-0.15652,0.070874,-0.131652,0.077225,0.000608,0.000326
0,-0.035884,-0.011506,-0.003784,-0.02451,-0.043374,-0.016004,0.000626,0.000201
0,-0.009964,-0.082467,0.033766,-0.047711,0.017744,-0.018124,0.000174,0.001439
0,-0.145892,0.14348,-0.14497,0.215778,-0.177667,0.177422,0.002546,0.002504
0,0.089792,0.146514,0.2402,-0.024224,0.237988,-0.032364,0.001567,0.002557
0,0.096204,0.059098,0.009348,-0.114713,-0.019149,-0.163133,0.001679,0.001031
0,-0.111284,-0.130229,-0.213613,-0.184875,-0.239667,-0.204776,0.001942,0.002273
0,-0.120089,0.094834,0.013144,0.235104,-0.015643,0.267212,0.002096,0.001655
0,0.165688,-0.164379,0.28662,-0.263245,0.298115,-0.290447,0.002892,0.002869
0,0.06003,-0.035836,-0.085948,0.127776,-0.094142,0.142183,0.001048,0.000625
0,0.134288,0.066755,0.070251,0.09786,0.098572,0.108129,0.002344,0.001165
0,0.184211,-0.00178,0.062406,-0.046947,0.056964,-0.092941,0.003215,3.1e-05
0,-0.070848,-0.06868,-0.280309,-0.095155,-0.292279,-0.123722,0.001237,0.001199
0,-0.028737,0.029904,0.051193,0.100467,0.068915,0.068926,0.000502,0.000522
0,-0.146101,0.109893,-0.135209,0.097638,-0.117203,0.092604,0.00255,0.001918
0,0.114395,-0.002907,0.235275,-0.126399,0.243228,-0.156802,0.001997,5.1e-05
0,0.074892,-0.03671,-0.011647,-0.054454,0.013179,-0.088255,0.001307,0.000641
0,0.153973,0.132154,0.066211,0.17781,0.057459,0.14234,0.002687,0.002307
0,0.167901,-0.051238,0.015677,-0.200638,0.012642,-0.212382,0.00293,0.000894
0,0.139977,-0.07722,-0.040617,-0.033367,-0.053948,-0.050418,0.002443,0.001348
0,0.027652,-0.096418,-0.12575,0.004417,-0.118695,-0.010585,0.000483,0.001683
0,0.018202,0.112611,0.015748,0.223129,0.029263,0.238165,0.000318,0.001965
0,-0.052219,-0.001821,-0.086925,-0.117797,-0.099208,-0.083507,0.000911,3.2e-05
0,0.0197,0.083648,0.055067,0.074352,0.025313,0.056054,0.000344,0.00146
0,0.08916,0.123336,0.070267,0.02471,0.090415,0.047179,0.001556,0.002153
0,-0.116176,-0.130213,-0.233651,-0.231398,-0.230747,-0.227165,0.002028,0.002273
0,-0.00348,0.078818,0.08356,0.218517,0.047542,0.234659,6.1e-05,0.001376
0,0.145789,-0.049967,0.134734,-0.141483,0.177956,-0.094861,0.002545,0.000872
0,0.009971,0.050207,-0.148027,0.093891,-0.162924,0.129334,0.000174,0.000876
0,0.023288,0.159834,-0.002014,0.128366,-0.042498,0.119388,0.000406,0.00279
0,-0.02057,-0.058489,-0.065499,-0.205427,-0.103798,-0.252723,0.000359,0.001021
0,-0.333051,0.583503,-0.312952,0.658089,-0.345154,0.640367,0.005813,0.001906
0,-0.539307,0.982212,-0.225836,0.379953,-0.221351,0.392724,0.002678,0.005052
0,-0.733744,1.02926,-0.169125,0.022754,-0.205034,0.013767,0.000716,0.005873
0,-0.899313,1.160923,-0.150383,0.103401,-0.159735,0.081413,0.003605,0.003919
0,-0.691383,1.096463,0.195818,-0.077131,0.224834,-0.121379,2.4e-05,0.005044
0,-0.709388,0.892858,0.002642,-0.222297,0.00354,-0.181204,0.000291,0.003493
0,-0.770769,0.929456,-0.088922,0.043427,-0.111555,0.059521,0.001362,0.004132
0,-0.561513,0.717869,0.203963,-0.199454,0.224312,-0.181979,0.00229,0.000439
0,-0.468262,0.56743,0.067038,-0.155637,0.107935,-0.146316,0.003918,0.002187
0,-0.119323,0.063625,0.370242,-0.49445,0.380305,-0.493726,0.002083,0.00111
0,-0.221803,0.019555,-0.111756,-0.073527,-0.121292,-0.115804,0.003871,0.000341
0,-0.000425,-0.100969,0.235308,-0.094928,0.215356,-0.05546,7e-06,0.001762
0,0.026869,-0.131394,0.036717,-0.036202,0.061221,-0.050602,0.000469,0.002293
0,0.113311,-0.059557,0.070997,0.075888,0.10252,0.121071,0.001978,0.001039
0,-0.031524,-0.061589,-0.153281,-0.015862,-0.160541,-0.007806,0.00055,0.001075
0,0.001074,-0.118252,0.035885,-0.054993,0.043604,-0.048367,1.9e-05,0.002064
0,0.139083,-0.111104,0.166205,0.029695,0.144205,0.078894,0.002427,0.001939
0,-0.016047,-0.07773,-0.130235,0.029525,-0.17817,0.052288,0.00028,0.001357
0,0.257564,-0.006278,0.277647,0.060867,0.314577,0.026912,0.004495,0.00011
0,-0.009511,0.006516,-0.274453,-0.001919,-0.273246,-0.005611,0.000166,0.000114
0,0.028076,-0.018785,0.060906,-0.02721,0.09475,0.010085,0.00049,0.000328
0,0.218023,-0.031936,0.183048,0.012205,0.143749,0.011717,0.003805,0.000557
0,0.01476,-0.237405,-0.194765,-0.197091,-0.149411,-0.174244,0.000258,0.004143
0,0.152788,-0.053141,0.121007,0.157433,0.096153,0.175249,0.002667,0.000927
0,-0.055691,0.041983,-0.219969,0.067487,-0.269068,0.05809,0.000972,0.000733
0,0.152377,-0.041987,0.221836,-0.085655,0.251978,-0.08394,0.002659,0.000733
0,0.121541,0.024951,-0.043818,0.077951,0.005998,0.052782,0.002121,0.000435
0,0.067112,-0.135178,-0.042981,-0.142747,-0.079192,-0.178008,0.001171,0.002359
0,0.108435,-0.011282,0.030336,0.130931,0.041301,0.092834,0.001893,0.000197
0,-0.134622,0.050858,-0.246434,0.04605,-0.265239,0.019038,0.00235,0.000888
0,-0.100831,-0.023423,0.016883,-0.098353,0.047268,-0.130557,0.00176,0.000409
0,-0.103199,-0.214673,-0.001905,-0.213655,0.007766,-0.193853,0.001801,0.003747
0,-0.187238,-0.140952,-0.076909,0.080466,-0.110361,0.047358,0.003268,0.00246
0,0.030279,-0.124956,0.207688,0.021607,0.238529,0.051981,0.000528,0.002181
0,0.037577,0.014944,-0.014046,0.139994,0.028285,0.188242,0.000656,0.000261
0,0.011643,-0.019816,-0.0481,-0.061035,-0.059186,-0.070764,0.000203,0.000346
0,-0.221054,0.009533,-0.23947,0.025641,-0.268309,-0.010264,0.003858,0.000166
0,-0.111816,-0.126282,0.088012,-0.129476,0.087221,-0.094257,0.001952,0.002204
0,-0.184531,-0.062435,-0.049185,0.059155,-0.06928,0.018606,0.003221,0.00109
0,-0.306339,-0.129842,-0.1441,-0.083664,-0.131998,-0.095292,0.005347,0.002266
0,-0.178745,0.053298,0.098805,0.210672,0.117578,0.168216,0.00312,0.00093
0,-0.150879,-0.138723,0.035593,-0.189909,-0.009585,-0.155338,0.002633,0.002421
0,-0.158889,-0.111135,-0.012281,-0.000387,0.008701,0.030941,0.002773,0.00194
0,-0.181146,0.051937,-0.021247,0.172025,-0.049975,0.209837,0.003162,0.000906
0,-0.108268,0.086796,0.083709,0.006048,0.055373,0.0329,0.00189,0.001515
0,0.0452,0.086821,0.146678,-0.019439,0.147904,0.002968,0.000789,0.001515
0,-0.15902,0.121225,-0.182896,0.029252,-0.145267,0.043861,0.002775,0.002116
0,-0.243001,-0.119523,-0.062348,-0.264261,-0.101004,-0.302389,0.004241,0.002086
0,-0.032614,0.09197,0.207218,0.241075,0.221403,0.277501,0.000569,0.001605
0,-0.25593,-0.038276,-0.218616,-0.139574,-0.230521,-0.128772,0.004467,0.000668
0,-0.172907,0.003149,0.059295,0.023405,0.102762,0.006873,0.003018,5.5e-05
0,-0.146917,-0.085047,0.016032,-0.101134,0.016192,-0.137025,0.002564,0.001484
0,-0.148136,0.023198,-0.013106,0.127892,0.025558,0.096573,0.002585,0.000405
0,-0.022984,-0.06937,0.102616,-0.097856,0.089722,-0.070715,0.000401,0.001211
0,-0.055882,-0.139896,-0.026987,-0.063928,-0.071045,-0.035467,0.000975,0.002442
0,-0.081189,-0.106989,-0.028164,0.056787,0.020137,0.006966,0.001417,0.001867
0,-0.149007,-0.083246,-0.054062,0.025137,-0.008426,-0.013517,0.002601,0.001453
0,-0.081806,-0.202911,0.075579,-0.129305,0.038181,-0.1639,0.001428,0.003541
0,-0.113361,-0.033124,-0.048627,0.140046,-0.023855,0.1668,0.001979,0.000578
0,-0.074408,0.098368,0.008977,0.124868,0.026668,0.156708,0.001299,0.001717
0,-0.094946,-0.145501,-0.005513,-0.214818,-0.038886,-0.185928,0.001657,0.002539
0,-0.023065,0.03153,0.055961,0.173635,0.058047,0.176626,0.000403,0.00055
0,-0.094231,-0.127165,-0.078311,-0.153375,-0.097519,-0.19422,0.001645,0.002219
0,0.024117,0.000848,0.096402,0.108927,0.092046,0.078801,0.000421,1.5e-05
0,-0.117703,-0.058886,-0.150539,-0.061627,-0.192664,-0.030055,0.002054,0.001028
0,-0.190674,-0.20217,-0.083568,-0.167754,-0.109441,-0.154753,0.003328,0.003529
0,0.024977,0.01355,0.239209,0.217279,0.250506,0.25106,0.000436,0.000237
0,0.048544,0.089982,0.051202,0.051856,0.067618,0.074147,0.000847,0.00157
0,-0.092413,0.035483,-0.148279,-0.026895,-0.10297,-0.060837,0.001613,0.000619
0,-0.009912,-0.183078,0.072453,-0.234078,0.077714,-0.279952,0.000173,0.003195
0,-0.123333,0.001079,-0.119276,0.20598,-0.131006,0.214596,0.002153,1.9e-05
0,-0.027258,0.080313,0.070542,0.094652,0.020878,0.136879,0.000476,0.001402
0,0.028341,0.129899,0.082012,0.050906,0.110498,0.081246,0.000495,0.002267
0,-0.098172,0.084791,-0.133731,-0.060291,-0.119836,-0.084273,0.001713,0.00148
0,-0.154781,0.097602,-0.077358,0.026093,-0.062102,-0.023684,0.002701,0.001703
0,-0.077311,-0.010245,0.104417,-0.101306,0.129456,-0.135861,0.001349,0.000179
0,-0.123424,-0.048524,-0.027248,-0.043854,-0.052234,-0.091764,0.002154,0.000847
0,-0.045612,0.113079,0.102752,0.141236,0.062656,0.102696,0.000796,0.001974
0,-0.057256,0.005025,0.015019,-0.084465,-0.00951,-0.099754,0.000999,8.8e-05
0,-0.079178,-0.060266,-0.009544,-0.094338,-0.054844,-0.130255,0.001382,0.001052
0,-0.031842,-0.011204,0.06275,0.031283,0.074059,0.074593,0.000556,0.000196
0,-0.055751,0.030836,-0.027623,0.029269,-0.051124,0.010229,0.000973,0.000538
0,-0.159268,-0.063161,-0.09538,-0.119373,-0.09357,-0.129696,0.00278,0.001102
0,0.040882,0.08191,0.222372,0.12472,0.211023,0.106266,0.000714,0.00143
0,-0.184455,-0.147483,-0.222559,-0.248125,-0.222752,-0.289007,0.003219,0.002574
0,-0.155127,0.022543,0.016023,0.144726,0.024248,0.121962,0.002707,0.000393
0,-0.103876,-0.042455,0.055356,-0.064563,0.046542,-0.072379,0.001813,0.000741
0,-0.129259,-0.031394,-0.041334,-0.014867,-0.028627,-0.036524,0.002256,0.000548
0,-0.043044,-0.07661,0.097793,-0.045204,0.076565,-0.038356,0.000751,0.001337
0,-0.030077,-0.178827,0.038835,-0.12528,0.059159,-0.170599,0.000525,0.003121
0,0.089429,-0.09919,0.103273,0.074104,0.103633,0.098536,0.001561,0.001731
0,0.055169,-0.12481,-0.015016,-0.032367,0.001687,-0.050094,0.000963,0.002178
0,-0.026306,-0.082949,-0.107432,0.057044,-0.142345,0.02854,0.000459,0.001448
0,0.036654,-0.067064,0.076229,-0.00462,0.080952,0.028211,0.00064,0.00117
0,0.106977,-0.055213,0.064787,0.035151,0.048294,0.024704,0.001867,0.000964
0,-0.003921,-0.014836,-0.13015,0.026713,-0.145158,0.014122,6.8e-05,0.000259
0,0.03077,-0.013605,0.025675,0.02286,0.004972,0.058726,0.000537,0.000237
0,-0.124312,0.090991,-0.153478,0.092343,-0.179944,0.07262,0.00217,0.001588
0,-0.067919,-0.070265,0.040539,-0.137166,0.039842,-0.10016,0.001185,0.001226
0,0.044293,-0.155163,0.11804,-0.08761,0.157073,-0.099836,0.000773,0.002708
0,-0.050091,0.023715,-0.074402,0.177165,-0.075198,0.159114,0.000874,0.000414
0,0.039441,0.090187,0.068691,0.051947,0.04837,0.095093,0.000688,0.001574
0,0.115966,0.004311,0.070869,-0.088018,0.047612,-0.092602,0.002024,7.5e-05
0,-0.102205,-0.145337,-0.235795,-0.146774,-0.243423,-0.099537,0.001784,0.002537
0,-0.035984,0.037698,0.043414,0.20153,0.023741,0.204103,0.000628,0.000658
0,0.215202,-0.112156,0.275632,-0.154182,0.264913,-0.106484,0.003756,0.001957
0,0.157737,0.050029,-0.055426,0.188304,-0.033696,0.17814,0.002753,0.000873
0,-0.008138,-0.057178,-0.172388,-0.1361,-0.153385,-0.125527,0.000142,0.000998
0,0.024771,-0.179339,0.010328,-0.145284,0.051574,-0.137597,0.000432,0.00313
0,0.194222,-0.053439,0.142794,0.120256,0.123279,0.078788,0.00339,0.000933
0,0.08643,-0.138028,-0.099807,-0.072865,-0.126202,-0.06525,0.001508,0.002409
0,0.01303,0.064209,-0.076873,0.195202,-0.112383,0.191678,0.000227,0.001121
0,0.109841,0.115952,0.071451,0.075101,0.111407,0.082659,0.001917,0.002024
0,0.165034,-0.08207,0.03272,-0.209672,0.044945,-0.188817,0.00288,0.001432
0,0.121786,-0.016564,-0.052807,0.047128,-0.095844,0.009434,0.002126,0.000289
0,-0.142592,-0.001304,-0.252375,0.035646,-0.236966,0.003896,0.002489,2.3e-05
0,0.170042,-0.15538,0.320004,-0.126935,0.317246,-0.139767,0.002968,0.002712
0,-0.033353,-0.061754,-0.20927,0.101966,-0.224635,0.094633,0.000582,0.001078
0,0.052293,0.029125,0.061055,0.061564,0.089049,0.062158,0.000913,0.000508
0,0.076139,-0.124848,0.050644,-0.129156,0.058608,-0.106108,0.001329,0.002179
0,-0.135229,0.037914,-0.210678,0.190936,-0.166194,0.214045,0.00236,0.000662
0,-0.001846,-0.030685,0.127453,-0.054977,0.159108,-0.05657,3.2e-05,0.000536
0,-0.02426,0.038523,-0.047084,0.076817,-0.092011,0.090127,0.000423,0.000672
0,-0.041157,-0.086817,-0.01874,-0.142188,-0.032307,-0.127128,0.000718,0.001515
0,-0.091971,0.113594,-0.036527,0.209693,-0.030262,0.170781,0.001605,0.001983
0,-0.093497,-0.032888,0.024487,-0.130643,-0.002693,-0.178442,0.001632,0.000574
0,-0.14936,0.147389,-0.063225,0.180443,-0.022708,0.224657,0.002607,0.002572
0,-0.186855,-0.102846,-0.035644,-0.25734,-0.02265,-0.216099,0.003261,0.001795
0,-0.280342,0.024563,-0.076081,0.113647,-0.072204,0.158693,0.004893,0.000429
0,-0.130393,-0.112076,0.153212,-0.144739,0.109587,-0.103234,0.002276,0.001956
0,-0.267337,-0.158162,-0.151728,-0.058526,-0.136211,-0.035034,0.004666,0.00276
0,-0.170688,0.084589,0.114615,0.25171,0.093542,0.264795,0.002979,0.001476
0,-0.174717,0.112407,0.006839,0.010479,0.052295,0.04265,0.003049,0.001962
0,-0.085818,-0.056553,0.109323,-0.145742,0.117244,-0.142416,0.001498,0.000987
0,-0.060651,-0.114343,0.053155,-0.086522,0.044204,-0.073329,0.001059,0.001996
0,-1.258581,-0.834066,-1.178303,-0.70109,-1.210629,-0.734771,0.002215,0.002467
0,-1.95219,-1.330818,-0.678301,-0.496729,-0.714373,-0.498195,0.002199,0.000954
0,-1.980071,-2.603232,-0.021943,-1.265668,-0.000867,-1.247718,0.001713,0.002927
0,-1.715868,-1.922821,0.274857,0.655697,0.287183,0.64872,0.005767,0.002712
0,-1.581119,-1.849548,0.162538,0.071601,0.163096,0.026508,0.003415,0.003991
0,-1.163459,-1.429323,0.402049,0.423716,0.428902,0.392204,0.003875,0.000765
0,-0.712255,-1.115281,0.439043,0.326524,0.40326,0.277426,0.000341,0.004716
0,-0.452091,-0.875747,0.254225,0.239565,0.286396,0.240783,0.0042,0.003194
0,-0.098245,-0.5164,0.367175,0.3804,0.371418,0.413127,0.001715,0.003078
0,0.153535,-0.362191,0.280464,0.128933,0.313976,0.173583,0.00268,0.005769
0,0.117581,-0.035375,-0.027431,0.31611,-0.072178,0.321543,0.002052,0.000617
0,0.364264,0.100932,0.232484,0.161912,0.227105,0.160227,0.005733,0.001762
0,0.301443,0.086609,-0.083608,-0.019727,-0.072079,-0.06878,0.005261,0.001512
0,0.296985,0.187341,0.025107,0.084304,0.015879,0.055811,0.005183,0.00327
0,0.23137,0.149892,-0.037321,-0.037837,-0.004478,-0.038258,0.004038,0.002616
0,0.172213,0.136514,-0.056633,0.007044,-0.079332,-0.030033,0.003006,0.002383
0,0.087123,0.161114,-0.08548,0.046556,-0.10318,0.062452,0.001521,0.002812
0,0.273481,0.244425,0.156801,0.07914,0.172419,0.127718,0.004773,0.004266
0,0.078195,0.382962,-0.170543,0.160547,-0.13325,0.176562,0.001365,0.005407
0,0.098972,0.345286,0.033795,-0.020017,-0.00453,-0.069483,0.001727,0.006026
0,0.019467,0.157991,-0.078859,-0.216229,-0.058586,-0.188568,0.00034,0.002757
0,0.241822,0.315744,0.200461,0.168052,0.168331,0.122893,0.004221,0.005511
0,0.338904,0.535794,0.077838,0.196263,0.060387,0.238099,0.005915,0.002739
0,0.694717,-0.902829,0.383045,-1.463478,0.395675,-1.498629,3.5e-05,0.003667
0,0.792464,-1.500256,0.094154,-0.613014,0.056849,-0.631503,0.001741,0.002003
0,0.728686,-1.415261,-0.044826,0.073819,-0.067605,0.040705,0.000627,0.00052
0,0.801616,-1.45053,0.042931,-0.05695,0.092141,-0.073638,0.0019,0.001136
0,0.58691,-1.213937,-0.236458,0.212821,-0.277654,0.209764,0.001847,0.002994
0,0.428312,-0.933494,-0.183168,0.283174,-0.227755,0.259375,0.004615,0.004202
0,0.329336,-0.848022,-0.095728,0.087323,-0.105311,0.103781,0.005748,0.00271
0,0.139489,-0.693256,-0.197658,0.176421,-0.233642,0.129926,0.002435,9e-06
0,0.25688,-0.498254,0.120133,0.199786,0.097389,0.245987,0.004483,0.003394
0,0.036677,-0.258006,-0.224059,0.217592,-0.210989,0.249287,0.00064,0.004503
0,-0.000971,0.152952,-0.058565,0.394391,-0.071402,0.397608,1.7e-05,0.00267
0,-0.112906,0.061414,-0.085791,-0.097153,-0.103327,-0.143392,0.001971,0.001072
0,-0.048381,0.337038,0.044695,0.302676,0.089731,0.281848,0.000844,0.005882
0,0.020267,0.426643,0.082988,0.085256,0.109859,0.105989,0.000354,0.004644
0,0.026544,0.382665,-0.005662,-0.053367,0.021275,-0.022167,0.000463,0.005412
0,-0.004144,0.225055,-0.023098,-0.134468,-0.072021,-0.168922,7.2e-05,0.003928
0,0.03108,0.089708,0.036245,-0.124139,0.085682,-0.141678,0.000542,0.001566
0,0.036624,0.022563,-0.004799,-0.05082,-0.014935,-0.003989,0.000639,0.000394
0,-0.051828,0.039453,-0.091658,0.015932,-0.139169,0.049198,0.000905,0.000689
0,-0.099148,0.259056,-0.021573,0.235488,0.019096,0.263789,0.00173,0.004521
0,-0.025915,0.091826,0.076626,-0.182355,0.125574,-0.163062,0.000452,0.001603
0,0.012569,0.001206,0.053057,-0.105543,0.076626,-0.151155,0.000219,2.1e-05
0,0.097387,0.265808,0.076577,0.266591,0.053399,0.225455,0.0017,0.004639
0,0.060665,0.082243,-0.031146,-0.170539,0.018616,-0.198283,0.001059,0.001435
0,-0.103351,0.263483,-0.180026,0.198815,-0.141939,0.21224,0.001804,0.004599
0,-0.078356,0.224858,0.022478,-0.044426,-0.008144,-0.040427,0.001368,0.003925
0,0.098793,0.206797,0.193087,-0.043629,0.15406,-0.024491,0.001724,0.003609
0,0.051258,0.069513,-0.038596,-0.132684,0.007571,-0.1231,0.000895,0.001213
0,-0.172347,0.100275,-0.202762,0.008811,-0.189793,0.003766,0.003008,0.00175
0,0.013192,0.235361,0.173253,0.124869,0.196642,0.082586,0.00023,0.004108
0,-0.0741,0.025542,-0.0642,-0.233304,-0.016474,-0.24073,0.001293,0.000446
0,-0.121384,0.228572,-0.031445,0.189218,0.005887,0.196049,0.002119,0.003989
0,-0.060246,0.110259,0.065703,-0.142349,0.072367,-0.179799,0.001051,0.001924
0,-0.151549,0.142652,-0.068145,0.023107,-0.042923,-0.02015,0.002645,0.00249
0,-0.264846,0.169567,-0.138088,0.025371,-0.161669,0.037713,0.004622,0.00296
0,-0.032621,0.163067,0.208079,0.001802,0.23895,-0.002964,0.000569,0.002846
0,-0.276657,0.084887,-0.257839,-0.094981,-0.275318,-0.112662,0.004829,0.001482
0,0.019609,0.08824,0.275576,0.021504,0.238255,-0.007775,0.000342,0.00154
0,-0.197438,-0.039719,-0.211208,-0.118836,-0.247987,-0.081205,0.003446,0.000693
0,-0.0829,0.184545,0.087445,0.253084,0.045387,0.291727,0.001447,0.003221
0,-0.087785,0.107635,0.01035,-0.057694,0.026589,-0.055122,0.001532,0.001879
0,-0.088446,0.232337,0.0218,0.097919,0.00047,0.0655,0.001544,0.004055
0,-0.061581,0.139,0.040829,-0.101536,0.009106,-0.122095,0.001075,0.002426
0,-0.088555,0.131179,-0.039641,0.00161,-0.022521,0.04753,0.001546,0.00229
0,-0.004685,0.205976,0.0788,0.052569,0.060425,0.007547,8.2e-05,0.003595
0,-0.15141,0.108844,-0.146413,-0.107891,-0.115921,-0.151907,0.002643,0.0019
0,-0.049441,-0.008622,0.07846,-0.136238,0.043049,-0.176546,0.000863,0.00015
0,0.030888,0.009211,0.071913,0.002321,0.076297,-0.004628,0.000539,0.000161
0,-0.094748,0.057544,-0.138089,0.022854,-0.128337,0.030953,0.001654,0.001004
0,0.027857,0.223626,0.13775,0.179085,0.15424,0.213192,0.000486,0.003903
0,-0.093104,-0.015322,-0.118586,-0.221302,-0.079777,-0.212276,0.001625,0.000267
0,0.01875,-0.005111,0.090789,0.015502,0.055679,0.059179,0.000327,8.9e-05
0,0.010012,-0.020295,0.009517,-0.023489,-0.017505,0.003074,0.000175,0.000354
0,-0.059946,-0.05477,-0.099721,-0.062814,-0.119458,-0.06456,0.001046,0.000956
0,0.131007,-0.080255,0.17448,-0.055009,0.197292,-0.01016,0.002287,0.001401
0,0.097022,0.168247,-0.057618,0.229,-0.02792,0.190341,0.001693,0.002936
0,-0.018463,0.117966,-0.118401,-0.075489,-0.099638,-0.121524,0.000322,0.002059
0,0.163442,0.137769,0.167874,0.001062,0.124685,0.036411,0.002853,0.002405
0,0.009475,-0.025323,-0.16855,-0.174017,-0.160623,-0.185965,0.000165,0.000442
0,-0.05104,-0.013478,-0.064774,-0.014163,-0.050215,0.024555,0.000891,0.000235
0,0.1017,0.111143,0.149389,0.134988,0.102999,0.120828,0.001775,0.00194
0,0.142534,0.019988,0.021945,-0.071826,0.032322,-0.081896,0.002488,0.000349
0,-0.135653,-0.046596,-0.288041,-0.072111,-0.32753,-0.088704,0.002368,0.000813
0,0.082136,-0.028842,0.216998,0.018473,0.259847,-0.024961,0.001434,0.000503
0,-0.114872,0.065506,-0.169578,0.075099,-0.154987,0.066769,0.002005,0.001143
0,-0.019044,-0.047156,0.070071,-0.131048,0.083175,-0.129111,0.000332,0.000823
0,0.133229,0.149661,0.126322,0.226022,0.089895,0.1961,0.002325,0.002612
0,-0.045665,0.008493,-0.153233,-0.124354,-0.156939,-0.114969,0.000797,0.000148
0,0.125833,-0.034683,0.183552,-0.054651,0.144457,-0.042479,0.002196,0.000605
0,-0.092752,-0.052306,-0.217987,-0.0237,-0.193247,-0.016769,0.001619,0.000913
0,0.129689,0.086219,0.216359,0.160567,0.197935,0.130461,0.002264,0.001505
0,0.140728,0.008806,0.028528,-0.081208,0.071291,-0.093995,0.002456,0.000154
0,0.055984,-0.108634,-0.107406,-0.094432,-0.088586,-0.129393,0.000977,0.001896
0,-0.065918,-0.026974,-0.099685,0.081237,-0.061337,0.098286,0.00115,0.000471
0,0.034208,0.083254,0.080591,0.082517,0.069653,0.1286,0.000597,0.001453
0,0.016821,-0.044434,-0.047126,-0.155868,-0.032368,-0.200392,0.000294,0.000776
0,-0.076753,-0.083339,-0.101946,-0.04407,-0.056095,-0.07161,0.00134,0.001455
0,0.024172,-0.07924,0.078318,0.007736,0.070423,0.045657,0.000422,0.001383
0,0.093248,0.016416,0.087116,0.087731,0.11383,0.119397,0.001627,0.000287
0,0.077271,0.146618,-0.040129,0.117306,-0.004537,0.121463,0.001349,0.002559
0,0.049623,0.042333,-0.020798,-0.118246,-0.008467,-0.116566,0.000866,0.000739
0,-0.095946,-0.023766,-0.136379,-0.053845,-0.177018,-0.074538,0.001675,0.000415
0,-0.107322,-0.065706,0.018363,-0.012067,-0.008451,-0.047209,0.001873,0.001147
0,-0.039517,-0.152763,0.04778,-0.103282,0.075652,-0.080608,0.00069,0.002666
0,-0.243596,0.098092,-0.18294,0.253375,-0.228361,0.292724,0.004252,0.001712
0,-0.229744,-0.071629,0.031199,-0.171378,0.022288,-0.162521,0.00401,0.00125
0,-0.146076,0.05791,0.105134,0.108151,0.116967,0.143149,0.00255,0.001011
0,-0.020793,0.019763,0.108078,-0.020494,0.126652,-0.021497,0.000363,0.000345
0,-0.089281,-0.073015,-0.054441,-0.091017,-0.058592,-0.088029,0.001558,0.001274
0,-0.125597,-0.101974,-0.042376,-0.05419,-0.020941,-0.016674,0.002192,0.00178
0,-0.189935,-0.155005,-0.041643,-0.076154,-0.044082,-0.084448,0.003315,0.002705
0,-0.197997,0.107041,0.018412,0.25309,0.007888,0.241583,0.003456,0.001868
0,-0.213387,0.099601,-0.043162,-0.013709,-0.004755,-0.019768,0.003724,0.001738
0,-0.159762,-0.159618,0.060925,-0.253642,0.068654,-0.205265,0.002788,0.002786
0,-0.226998,-0.189603,-0.060076,-0.001597,-0.055138,0.029107,0.003962,0.003309
0,-0.194887,-0.021216,0.020206,0.161761,0.056021,0.169927,0.003401,0.00037
0,-0.057627,-0.096537,0.13085,-0.070988,0.177673,-0.074718,0.001006,0.001685
0,-0.011408,-0.055148,0.038065,0.042873,0.024605,0.044554,0.000199,0.000963
0,0.099669,0.080511,0.090534,0.157128,0.109248,0.126246,0.00174,0.001405
0,0.080423,-0.113808,-0.02963,-0.187668,-0.074591,-0.232541,0.001404,0.001986
0,0.093753,-0.157376,0.020276,-0.038655,-0.004778,0.002723,0.001636,0.002747
0,0.084783,-0.073087,-0.02764,0.081615,-0.023169,0.080621,0.00148,0.001276
0,0.117854,0.075607,0.013725,0.164174,0.050429,0.156517,0.002057,0.00132
0,-0.072627,-0.078085,-0.174398,-0.139795,-0.160458,-0.108925,0.001268,0.001363
0,0.082674,-0.065069,0.182416,-0.016119,0.135539,-0.017481,0.001443,0.001136
0,0.068199,-0.122879,-0.0324,-0.039517,-0.02399,-0.023538,0.00119,0.002145
0,-0.214994,-0.218162,-0.265344,-0.08324,-0.299285,-0.125611,0.003752,0.003808
0,0.045683,0.04452,0.289605,0.250503,0.286849,0.263569,0.000797,0.000777
0,-0.057116,-0.216292,-0.114495,-0.2764,-0.086527,-0.269583,0.000997,0.003775
0,0.056321,-0.129266,0.137105,0.10844,0.101644,0.128479,0.000983,0.002256
0,-0.019111,-0.162779,-0.084972,-0.042336,-0.125605,-0.045729,0.000334,0.002841
0,-0.129644,-0.053975,-0.088038,0.129167,-0.076911,0.090845,0.002263,0.000942
0,-0.005771,-0.181385,0.123477,-0.153818,0.117802,-0.203313,0.000101,0.003166
0,-0.131374,-0.100695,-0.11393,0.070715,-0.158621,0.102951,0.002293,0.001757
0,-0.090539,-0.053702,0.018795,0.029801,0.008227,-0.006544,0.00158,0.000937
0,-0.178849,-0.108012,-0.072065,-0.080037,-0.038511,-0.034575,0.003122,0.001885
0,-0.05304,-0.170063,0.155247,-0.041404,0.110446,-0.000497,0.000926,0.002968
0,0.058767,-0.137306,0.122378,0.049458,0.100054,0.038559,0.001026,0.002396
0,0.002671,0.030887,-0.068459,0.14669,-0.049487,0.147699,4.7e-05,0.000539
0,0.03457,-0.109872,0.015155,-0.128499,0.01957,-0.141099,0.000603,0.001918
0,-0.080686,0.033762,-0.108951,0.12736,-0.066959,0.150676,0.001408,0.000589
0,0.059964,0.024049,0.15498,0.004614,0.202486,-0.008263,0.001047,0.00042
0,0.019433,-0.153537,-0.058994,-0.158625,-0.013773,-0.156886,0.000339,0.00268
0,-0.119975,-0.129169,-0.131023,-0.001608,-0.095323,0.047245,0.002094,0.002254
0,-0.148747,-0.07301,-0.019349,0.028525,-0.038229,0.018539,0.002596,0.001274
0,-0.179893,-0.085155,-0.011625,0.014572,-0.012129,0.060433,0.00314,0.001486
0,-0.193409,-0.076731,0.004439,-0.019029,-0.009179,-0.040821,0.003376,0.001339
0,-0.214753,0.023036,-0.02454,0.121862,-0.063503,0.099533,0.003748,0.000402
0,0.037844,-0.13323,0.272089,-0.176357,0.239308,-0.14763,0.00066,0.002325
0,-0.198909,0.031404,-0.262374,0.181218,-0.217064,0.139426,0.003472,0.000548
0,-0.018981,-0.092011,0.180804,-0.127175,0.167238,-0.12922,0.000331,0.001606
0,0.049289,-0.179209,0.057777,-0.103037,0.102866,-0.110718,0.00086,0.003128
0,-0.257773,0.084049,-0.278794,0.292141,-0.235407,0.333155,0.004499,0.001467
0,-0.191866,-0.15774,0.072819,-0.222012,0.05455,-0.183978,0.003349,0.002753
0,-0.119326,-0.126031,0.078646,0.034265,0.126398,0.012257,0.002083,0.0022
0,-0.110706,-0.070805,0.011308,0.052852,-0.010155,0.021919,0.001932,0.001236
0,-0.214752,-0.164246,-0.0835,-0.091999,-0.110441,-0.052926,0.003748,0.002867
0,-0.178068,-0.086219,0.032566,0.086708,0.019382,0.09742,0.003108,0.001505
0,-0.105934,-0.091014,0.099169,0.000281,0.097954,-0.030116,0.001849,0.001589
0,-0.112813,-0.125425,0.007017,-0.051384,0.03723,-0.056857,0.001969,0.002189
0,-0.020386,-0.054772,0.105065,0.064576,0.075345,0.097582,0.000356,0.000956
0,-0.243218,0.080169,-0.209472,0.133459,-0.237178,0.166984,0.004245,0.001399
0,-0.146008,-0.031981,0.114124,-0.137009,0.129261,-0.144233,0.002548,0.000558
0,-0.024406,-0.118621,0.132712,-0.058687,0.132285,-0.103462,0.000426,0.00207
0,-0.077061,0.029265,-0.063243,0.173845,-0.08947,0.18064,0.001345,0.000511
0,-0.268035,-0.124376,-0.205339,-0.143577,-0.227172,-0.151074,0.004678,0.002171
0,-0.236522,-0.101636,0.004642,-0.003922,0.027863,0.014501,0.004128,0.001774
0,-0.257438,-0.129716,-0.048184,-0.013802,-0.007093,0.027665,0.004493,0.002264
0,-0.374761,0.088709,-0.138786,0.217037,-0.100994,0.183114,0.00555,0.001548
0,-0.132077,-0.146409,0.254081,-0.247733,0.224765,-0.217582,0.002305,0.002555
0,-0.276416,-0.124007,-0.172235,0.038957,-0.151835,0.015909,0.004824,0.002164
0,-0.173969,-0.091014,0.074867,0.034863,0.106951,0.06997,0.003036,0.001588
0,-0.150284,-0.157367,0.023625,-0.076684,0.068145,-0.112357,0.002623,0.002747
0,-0.238628,-0.015644,-0.074383,0.1613,-0.089317,0.209222,0.004165,0.000273
0,-0.201482,0.069284,0.010957,0.089972,-0.007825,0.042203,0.003517,0.001209
0,-0.0528,-0.105637,0.120055,-0.198123,0.159684,-0.177503,0.000922,0.001844
0,-0.151333,0.09287,-0.074128,0.201776,-0.088896,0.184905,0.002641,0.001621
0,-0.293789,-0.163262,-0.157578,-0.250964,-0.12619,-0.254667,0.005128,0.002849
0,-0.084014,0.098552,0.214826,0.272891,0.235423,0.307258,0.001466,0.00172
0,-0.127769,-0.062832,-0.059993,-0.147455,-0.07765,-0.153907,0.00223,0.001097
0,-0.31727,0.063742,-0.216141,0.100203,-0.254179,0.122471,0.005537,0.001113
0,-0.232371,-0.007606,0.086203,-0.075993,0.132434,-0.089259,0.004056,0.000133
0,-0.230009,0.050308,0.007344,0.061549,-0.03837,0.108092,0.004014,0.000878
0,-0.189208,0.013758,0.035882,-0.0253,0.04929,0.019338,0.003302,0.00024
0,-0.353439,-0.026472,-0.166449,-0.037225,-0.199086,-0.037013,0.005922,0.000462
0,1.583915,-0.093421,1.963054,-0.058431,1.946235,-0.037229,0.003464,0.001631
0,2.405656,-0.182971,0.826212,-0.092617,0.818635,-0.135965,0.005715,0.003193
0,2.380038,-0.017969,-0.053884,0.184479,-0.009262,0.136263,0.005268,0.000314
0,2.432384,0.028571,0.026284,0.040583,-0.005569,0.012047,0.005909,0.000499
0,2.163891,-0.047645,-0.258071,-0.101481,-0.256511,-0.13099,0.001496,0.000832
0,2.096385,-0.045463,-0.064875,0.01289,-0.076929,-0.035033,0.000317,0.000793
0,1.664369,-0.156573,-0.404184,-0.140842,-0.389896,-0.105837,0.004868,0.002733
0,0.740962,-0.219668,-0.946384,-0.038411,-0.926607,-0.066559,0.000842,0.003834
0,0.580124,-0.043222,-0.168577,0.1839,-0.139207,0.180197,0.001965,0.000754
0,0.295448,0.020808,-0.259363,0.064054,-0.283394,0.07818,0.005157,0.000363
0,-0.10855,-0.104472,-0.416933,-0.129207,-0.443562,-0.119137,0.001895,0.001823
0,-0.020613,-0.061232,0.090402,0.04409,0.061096,0.067765,0.00036,0.001069
0,-0.148262,-0.100038,-0.138999,-0.040481,-0.105069,-0.0475,0.002588,0.001746
0,-0.154874,-0.222836,0.010772,-0.139818,0.045845,-0.099576,0.002703,0.003889
0,-0.365604,-0.165985,-0.204758,0.078144,-0.249515,0.096498,0.005709,0.002897
0,-0.203182,-0.068993,0.181168,0.070296,0.134986,0.071274,0.003546,0.001204
0,-0.164591,0.042959,0.056235,0.098869,0.024606,0.073638,0.002873,0.00075
0,-0.248585,-0.013252,-0.070477,-0.061645,-0.107719,-0.083886,0.004339,0.000231
0,-0.273587,-0.070185,-0.00524,-0.044326,-0.052914,-0.012107,0.004775,0.001225
0,-0.194511,0.054932,0.105965,0.121652,0.144852,0.138783,0.003395,0.000959
0,-0.069668,-0.225199,0.147869,-0.270538,0.195848,-0.300412,0.001216,0.00393
0,-0.065145,-0.183506,0.001284,0.029665,-0.009254,0.069473,0.001137,0.003203
0,-0.223468,-0.075351,-0.131,0.130451,-0.112601,0.089651,0.0039,0.001315
0,-0.066779,-0.106421,0.149486,-0.043927,0.134286,-0.090579,0.001166,0.001857
0,-0.107186,-0.182852,-0.026101,-0.04811,-0.048973,-0.024138,0.001871,0.003191
0,-0.181376,-0.119966,-0.099798,0.083637,-0.066335,0.105268,0.003166,0.002094
0,-0.105985,-0.073978,0.097591,0.018718,0.077601,-0.016877,0.00185,0.001291
0,-0.083709,-0.136634,0.028487,-0.070066,-0.011565,-0.08108,0.001461,0.002385
0,-0.042352,-0.181387,0.042659,-0.055,0.018068,-0.058696,0.000739,0.003166
0,0.079792,-0.161902,0.121753,-0.007134,0.15058,0.004088,0.001393,0.002826
0,0.107562,0.091687,0.023573,0.233837,0.000666,0.270014,0.001877,0.0016
0,-0.111745,-0.021523,-0.209367,-0.140013,-0.230305,-0.093111,0.00195,0.000376
0,-0.203541,0.084003,-0.115757,0.090165,-0.066299,0.057136,0.003552,0.001466
0,-0.098336,0.012475,0.11671,-0.077905,0.098065,-0.049596,0.001716,0.000218
0,-0.075587,0.054072,0.044028,0.022708,0.017377,0.006255,0.001319,0.000944
0,-0.045077,0.018855,0.002702,-0.048616,-0.040214,-0.090425,0.000787,0.000329
0,0.063957,0.074984,0.127124,0.051882,0.163956,0.084521,0.001116,0.001309
0,-0.148168,-0.078108,-0.206563,-0.136473,-0.221962,-0.125792,0.002586,0.001363
0,-0.18733,-0.020167,-0.039549,0.076564,-0.003943,0.03939,0.00327,0.000352
0,0.01529,0.036399,0.181518,0.082067,0.143142,0.08445,0.000267,0.000635
0,-0.151582,-0.135739,-0.156359,-0.172666,-0.169058,-0.179551,0.002646,0.002369
0,-0.075676,-0.147532,0.068331,0.007257,0.109239,0.016103,0.001321,0.002575
0,-0.194051,-0.067696,-0.095679,0.090242,-0.11124,0.125142,0.003387,0.001182
0,-0.102378,-0.178719,0.106867,-0.111278,0.086989,-0.099098,0.001787,0.003119
0,-0.028699,-0.123985,0.078632,0.083364,0.0851,0.105613,0.000501,0.002164
0,-0.078237,-0.121361,-0.06094,0.011531,-0.073865,-0.032519,0.001365,0.002118
0,0.091137,0.085186,0.177106,0.22874,0.204031,0.246055,0.001591,0.001487
0,-0.122546,0.000188,-0.193863,-0.093912,-0.145255,-0.05121,0.002139,3e-06
0,-0.067831,-0.045016,0.035685,-0.02001,0.001316,-0.024891,0.001184,0.000786
0,0.148034,-0.09747,0.23352,-0.026672,0.230761,-0.074979,0.002584,0.001701
0,0.172144,-0.068884,0.046146,3e-06,0.02508,-0.028743,0.003004,0.001202
0,0.018118,0.054842,-0.155514,0.113769,-0.163447,0.140341,0.000316,0.000957
0,-0.035962,-0.019502,-0.024761,-0.067821,0.020856,-0.030951,0.000628,0.00034
0,-0.07789,-0.022054,-0.01368,-0.010975,0.02671,0.035811,0.001359,0.000385
0,0.032158,-0.14811,0.133145,-0.153077,0.10777,-0.1345,0.000561,0.002585
0,0.187727,-0.054127,0.148571,0.114729,0.145434,0.14699,0.003276,0.000945
0,-0.068644,-0.07051,-0.239729,-0.027699,-0.278005,-0.016632,0.001198,0.001231
0,0.064432,-0.032912,0.123318,0.056714,0.107954,0.027912,0.001125,0.000574
0,-0.153406,-0.071018,-0.21642,-0.035059,-0.178897,-0.028338,0.002677,0.001239
0,0.02653,0.097059,0.185805,0.186318,0.192759,0.227214,0.000463,0.001694
0,0.159533,0.002045,0.11746,-0.115525,0.1576,-0.082607,0.002784,3.6e-05
0,0.151431,-0.04282,0.005767,-0.038322,-0.029216,-0.016814,0.002643,0.000747
0,-0.012223,-0.022621,-0.192844,0.017583,-0.179893,0.064448,0.000213,0.000395
0,-0.146602,0.073313,-0.148839,0.069613,-0.166163,0.050298,0.002559,0.00128
0,0.043886,-0.061404,0.216841,-0.131124,0.202763,-0.101769,0.000766,0.001072
0,-0.095155,-0.168395,-0.128833,-0.120902,-0.154396,-0.085551,0.001661,0.002939
0,0.116085,-0.0954,0.22961,0.048308,0.228035,0.030034,0.002026,0.001665
0,2.171082,-0.882243,2.072994,-0.802189,2.025302,-0.777827,0.001621,0.003308
0,3.398185,-1.208289,1.199848,-0.306796,1.189446,-0.262634,0.001143,0.003092
0,3.855987,-1.762543,0.475316,-0.5432,0.478477,-0.495754,0.005243,0.005509
0,4.614809,-1.541559,0.750913,0.232573,0.731404,0.251938,0.00409,0.002724
0,4.093298,-1.501561,-0.528689,0.024789,-0.533647,0.010245,0.001101,0.002026
0,3.404155,-1.316921,-0.666451,0.161549,-0.697623,0.197303,0.001039,0.001196
0,2.931884,-0.739858,-0.483237,0.557592,-0.463955,0.548061,0.002809,0.000822
0,2.010152,-0.467099,-0.933636,0.248744,-0.90345,0.283011,0.001188,0.003938
0,1.185724,-0.561465,-0.83664,-0.086899,-0.818764,-0.101366,0.003486,0.002291
0,1.022764,-0.137184,-0.186158,0.449546,-0.196472,0.413697,0.00576,0.002394
0,0.292111,-0.189479,-0.724309,-0.055094,-0.733045,-0.019153,0.005098,0.003307
0,-0.377288,-0.033575,-0.66935,0.177055,-0.683098,0.199489,0.005506,0.000586
0,-0.537075,-0.016764,-0.173758,0.004732,-0.179799,0.040239,0.002717,0.000293
0,-0.528291,-0.043151,0.037054,-0.027751,0.039351,-0.023563,0.00287,0.000753
0,-0.551171,0.118841,0.001585,0.181367,-0.002234,0.131445,0.002471,0.002074
0,-0.433861,-0.057163,0.128105,-0.203122,0.108729,-0.246848,0.004518,0.000998
0,-0.319936,0.201568,0.143518,0.277283,0.166442,0.241123,0.005584,0.003518
0,-0.132413,0.00628,0.179415,-0.19945,0.179081,-0.248628,0.002311,0.00011
0,0.04229,0.246302,0.188423,0.229778,0.164149,0.260624,0.000738,0.004299
0,-0.116259,0.164415,-0.158465,-0.107164,-0.153359,-0.11568,0.002029,0.00287
0,0.158692,0.221607,0.300257,0.06141,0.324522,0.072731,0.00277,0.003868
0,0.050137,-0.030655,-0.136184,-0.260376,-0.089696,-0.297626,0.000875,0.000535
0,-0.03898,0.022598,-0.10355,0.041557,-0.087442,0.009682,0.00068,0.000394
0,-0.074437,0.023767,-0.00811,0.016617,0.024328,-0.014333,0.001299,0.000415
0,0.059197,0.033282,0.12013,-0.003665,0.105624,-0.004892,0.001033,0.000581
0,0.480751,-0.181886,0.451441,-0.188635,0.429279,-0.226696,0.0037,0.003175
0,0.440752,-0.749288,-0.02495,-0.550563,-0.021778,-0.597546,0.004398,0.000987
0,0.768907,-0.744564,0.304981,0.006899,0.277441,-0.015996,0.001329,0.000905
0,0.74021,-0.645813,-0.04959,0.111595,-0.064071,0.094522,0.000829,0.000819
0,0.507062,-0.530979,-0.257816,0.138503,-0.250582,0.152746,0.003241,0.002823
0,0.506311,-0.555905,0.021063,-0.003233,0.036556,0.005256,0.003254,0.002388
0,0.502833,-0.25084,0.024783,0.27666,-0.017565,0.240201,0.003314,0.004378
0,0.309464,-0.269942,-0.20808,0.004329,-0.175498,0.023678,0.005401,0.004711
0,0.145681,-0.116035,-0.161145,0.158663,-0.113287,0.135199,0.002543,0.002025
0,0.142674,-0.274365,0.018058,-0.135119,-0.019551,-0.140646,0.00249,0.004789
0,-0.067833,-0.081146,-0.214699,0.17953,-0.205343,0.177764,0.001184,0.001416
0,-0.039334,-0.017215,0.036387,0.058365,0.021365,0.048151,0.000687,0.0003
0,0.100823,-0.12741,0.127393,-0.097768,0.149464,-0.089257,0.00176,0.002224
0,2.934143,-0.733966,2.844508,-0.578149,2.799301,-0.535372,0.002849,0.00072
0,5.669929,-2.225697,2.741125,-1.489548,2.760695,-1.449657,0.002235,0.002574
0,5.254684,-2.350491,-0.412993,-0.139198,-0.37958,-0.135553,0.005012,0.004752
0,4.672728,-2.107839,-0.588235,0.269283,-0.590645,0.256027,0.003079,0.000517
0,3.779501,-2.108112,-0.896163,0.00991,-0.879397,-0.001958,0.005512,0.000522
0,3.13534,-1.968141,-0.654615,0.121412,-0.68145,0.102103,0.00573,0.001921
0,2.310177,-1.445293,-0.842614,0.506151,-0.891636,0.543228,0.004049,0.001044
0,1.797878,-1.22164,-0.526478,0.246782,-0.537648,0.238209,0.004893,0.002859
0,0.942944,-0.662412,-0.86938,0.541033,-0.895611,0.586219,0.004367,0.000529
0,0.452133,-0.361024,-0.471875,0.302174,-0.473081,0.348357,0.004199,0.005789
0,-0.107056,-0.076202,-0.565771,0.303217,-0.527838,0.318863,0.001868,0.00133
0,-2.115682,-0.930202,-2.024043,-0.875387,-2.003381,-0.851266,0.000654,0.004145
0,-4.774755,-1.154291,-2.631771,-0.217489,-2.676991,-0.249057,0.001298,0.004035
0,-4.389554,-1.387534,0.363165,-0.23923,0.372843,-0.197672,0.004069,3.6e-05
0,-4.066675,-1.271537,0.335441,0.111271,0.341668,0.124009,0.001566,0.001988
0,-3.506024,-1.191514,0.536069,0.058793,0.516823,0.084118,0.000739,0.003385
0,-2.552938,-0.922605,0.971166,0.279368,0.93565,0.290064,0.003805,0.004012
0,-1.45439,-0.631726,1.111957,0.316292,1.068373,0.293248,0.001203,0.001065
0,-0.875258,-0.409733,0.555179,0.233243,0.539066,0.215828,0.003186,0.004939
0,-0.173583,-0.00622,0.695382,0.388786,0.700739,0.420949,0.00303,0.000109
0,-0.300115,0.034775,-0.135056,0.049923,-0.088369,0.02526,0.005238,0.000607
0,-0.040135,0.127582,0.28724,0.090384,0.255478,0.058576,0.0007,0.002227
0,0.160421,0.057372,0.214229,-0.09277,0.178308,-0.100774,0.0028,0.001001
0,0.027788,0.010542,-0.114119,-0.048685,-0.084175,-0.041389,0.000485,0.000184
0,0.089404,0.301381,0.041494,0.266042,0.030359,0.295032,0.00156,0.00526
0,0.152753,0.296067,0.075306,-0.035197,0.094657,-0.000499,0.002666,0.005167
0,0.134225,0.332523,-0.036713,0.043187,-0.067922,0.026156,0.002343,0.005804
0,0.202277,0.044832,0.051671,-0.286595,0.008936,-0.320707,0.00353,0.000782
0,0.34647,0.223649,0.1413,0.190406,0.154563,0.186869,0.006043,0.003903
0,0.357913,0.222332,0.018642,-0.008057,0.055862,0.002052,0.005844,0.00388
0,0.15499,0.251284,-0.198442,0.029846,-0.202413,0.042887,0.002705,0.004386
0,2.563155,1.140203,2.42681,0.870593,2.455666,0.910814,0.003626,0.004281
0,2.763439,1.203608,0.225315,0.052159,0.26918,0.038483,0.000131,0.003174
0,3.439945,1.215894,0.674127,0.023423,0.702507,-0.002257,0.000414,0.00296
0,3.249006,1.175722,-0.2043,-0.055496,-0.222664,-0.010298,0.003747,0.003661
0,4.141908,0.856146,0.882587,-0.290698,0.863457,-0.286407,0.000253,0.002852
0,3.929061,0.617351,-0.218891,-0.250536,-0.242932,-0.260675,0.003968,0.001316
0,2.726045,0.46644,-1.211906,-0.16391,-1.22672,-0.178895,0.000783,0.00395
0,1.730408,0.427693,-1.0237,-0.014122,-0.98824,0.007742,0.00602,0.004626
0,1.31396,0.096002,-0.421618,-0.304405,-0.374326,-0.338925,0.001248,0.001676
0,0.526433,0.105633,-0.806004,-0.019393,-0.776642,-0.05955,0.002903,0.001844
0,0.238447,-0.179359,-0.280651,-0.302626,-0.278327,-0.274925,0.004162,0.00313
0,0.287527,-0.140908,0.074838,0.039463,0.074048,0.042376,0.005018,0.002459
0,4.3e-05,-0.285622,-0.260753,-0.122249,-0.306257,-0.156096,1e-06,0.004985
0,0.090287,-0.278107,0.082041,-0.010887,0.098007,0.018857,0.001576,0.004854
0,-0.288876,-0.411922,-0.395219,-0.133909,-0.398954,-0.139878,0.005042,0.004901
0,-0.142593,-0.274058,0.120984,0.167456,0.135426,0.165042,0.002489,0.004783
0,-0.318311,-0.166205,-0.149119,0.127125,-0.114486,0.176289,0.005556,0.002901
0,-0.348406,-0.208302,-0.038478,-0.033327,-0.01731,0.005341,0.00601,0.003636
0,-0.109074,-0.086047,0.237244,0.11288,0.231547,0.134446,0.001904,0.001502
0,-0.072783,-0.027762,0.01151,0.07143,0.012274,0.032601,0.00127,0.000485
0,-0.020688,0.048251,0.026034,0.081206,0.044081,0.124614,0.000361,0.000842
0,-0.123279,-0.17448,-0.128465,-0.206378,-0.114912,-0.243442,0.002152,0.003045
0,0.002559,0.030491,0.096278,0.222984,0.080605,0.194457,4.5e-05,0.000532
0,-0.191656,0.05191,-0.173204,0.010431,-0.222646,0.017099,0.003345,0.000906
0,-0.260031,-0.08755,-0.091031,-0.116766,-0.116454,-0.115708,0.004538,0.001528
0,-0.140033,-0.16695,0.146289,-0.05223,0.185446,-0.045242,0.002444,0.002914
0,-0.113057,-0.091391,0.048773,0.047339,0.027915,0.007315,0.001973,0.001595
0,-0.095908,-0.008606,0.04276,0.090647,0.046047,0.073789,0.001674,0.00015
0,-0.262421,-0.203421,-0.139436,-0.196159,-0.119576,-0.156782,0.00458,0.00355
0,-0.128724,-0.095003,0.136876,0.100856,0.182786,0.068932,0.002247,0.001658
0,-0.258167,-0.152367,-0.102804,-0.075885,-0.135638,-0.115494,0.004506,0.002659
0,-0.135853,-0.089098,0.111261,0.055151,0.108622,0.068483,0.002371,0.001555
0,-0.155625,0.024198,-0.032918,0.113723,-0.01887,0.129321,0.002716,0.000422
0,-0.013535,-0.133314,0.141156,-0.150569,0.091352,-0.124489,0.000236,0.002327
0,-0.001688,-0.185495,-0.0058,-0.038388,-0.045731,-0.045375,2.9e-05,0.003237
0,0.010978,-0.001484,0.036057,0.209916,0.055793,0.186156,0.000192,2.6e-05
0,-0.21348,0.037065,-0.216743,0.022517,-0.1755,0.027875,0.003726,0.000647
0,-0.248157,-0.126781,-0.055598,-0.183087,-0.101626,-0.206274,0.004331,0.002213
0,-0.002532,-0.051917,0.262302,0.070697,0.218675,0.027969,4.4e-05,0.000906
0,-0.158641,0.038691,-0.134998,0.116155,-0.127252,0.101585,0.002769,0.000675
0,-0.046712,-0.079185,0.129375,-0.105017,0.134134,-0.146796,0.000815,0.001382
0,-0.191623,-0.051582,-0.161118,0.020875,-0.193244,-0.008368,0.003344,0.0009
0,-0.25774,0.026223,-0.048032,0.088431,-0.069003,0.093525,0.004498,0.000458
0,0.003763,0.063706,0.239616,0.0414,0.257821,0.028919,6.6e-05,0.001112
0,0.058241,-0.223467,0.068012,-0.303514,0.103506,-0.277881,0.001017,0.0039
0,0.048683,-0.124931,-0.030304,0.116891,-0.02977,0.087311,0.00085,0.00218
0,0.008924,-0.189429,-0.069321,-0.048059,-0.024592,-0.055222,0.000156,0.003306
0,0.097209,-0.214126,0.063089,-0.054338,0.0284,-0.031571,0.001697,0.003737
0,-0.132877,-0.183316,-0.219488,0.059335,-0.208389,0.097261,0.002319,0.003199
0,-0.180488,-0.082507,-0.021215,0.080588,-0.066676,0.1282,0.00315,0.00144
0,-0.139061,-0.22801,0.044462,-0.167749,0.036756,-0.176197,0.002427,0.00398
0,-0.210576,-0.079123,-0.074757,0.169336,-0.052415,0.20071,0.003675,0.001381
0,-0.062284,-0.103572,0.119035,-0.036721,0.149065,-0.041069,0.001087,0.001808
0,-0.04999,-0.030115,0.006683,0.09082,-0.008461,0.124822,0.000872,0.000526
0,-0.141805,-0.132778,-0.067887,-0.115258,-0.018754,-0.16113,0.002475,0.002317
0,-0.182438,-0.058942,-0.06448,0.093024,-0.064529,0.131858,0.003184,0.001029
0,-0.088282,-0.159555,0.092904,-0.104456,0.138777,-0.140857,0.001541,0.002785
0,-0.195843,-0.083244,-0.110609,0.105338,-0.133567,0.090502,0.003418,0.001453
0,-0.03083,-0.179654,0.172132,-0.073206,0.208442,-0.105323,0.000538,0.003136
0,-0.245758,-0.009141,-0.231734,0.143974,-0.182553,0.122818,0.004289,0.00016
0,-0.070996,-0.000274,0.163551,0.025157,0.184262,-0.003267,0.001239,5e-06
0,-0.174976,-0.026158,-0.109452,-0.035202,-0.076752,-0.017691,0.003054,0.000457
0,-0.039595,0.148021,0.146799,0.167545,0.188355,0.200514,0.000691,0.002583
0,-0.025047,0.031968,0.005963,-0.128269,0.03368,-0.126566,0.000437,0.000558
0,0.023243,-0.003091,0.033536,-0.006747,0.0686,-0.025645,0.000406,5.4e-05
0,-0.131818,0.02643,-0.154097,0.034006,-0.108711,0.045119,0.002301,0.000461
0,-0.064725,0.005858,0.080828,-0.046551,0.073351,-0.093302,0.00113,0.000102
0,-0.103783,0.026941,-0.037697,0.031816,-0.087671,-0.005653,0.001811,0.00047
0,-0.048859,0.050259,0.057965,0.036245,0.105692,0.055704,0.000853,0.000877
0,-0.173637,-0.149046,-0.109291,-0.22583,-0.11875,-0.195668,0.003031,0.002601
0,0.117659,-0.024907,0.279616,0.137721,0.270419,0.135428,0.002054,0.000435
0,0.042569,0.125553,-0.084408,0.123005,-0.129289,0.166944,0.000743,0.002191
0,0.153145,-0.098617,0.109606,-0.248072,0.151115,-0.297424,0.002673,0.001721
0,-0.100681,-0.054849,-0.265629,0.034115,-0.253182,0.082837,0.001757,0.000957
0,-0.052946,-0.034378,0.040008,0.028907,0.033561,0.062729,0.000924,0.0006
0,-0.023235,0.002922,0.04355,0.030561,0.048053,0.057939,0.000406,5.1e-05
0,-0.066751,-0.141638,-0.023654,-0.147321,-0.033582,-0.139578,0.001165,0.002472
0,-0.012021,0.015667,0.074477,0.155788,0.027,0.199032,0.00021,0.000273
0,-0.031111,-0.171025,0.007226,-0.169325,0.027777,-0.193949,0.000543,0.002985
0,0.045656,-0.08191,0.06085,0.109557,0.071342,0.106337,0.000797,0.00143
0,-0.122676,0.070011,-0.17504,0.163889,-0.208067,0.207898,0.002141,0.001222
0,-0.23248,-0.002876,-0.120321,-0.050357,-0.071588,-0.0206,0.004058,5e-05
0,-0.119541,-0.021751,0.110775,-0.022121,0.102552,0.024544,0.002086,0.00038
0,-0.099795,-0.189774,0.025441,-0.171494,0.011856,-0.155817,0.001742,0.003312
0,-0.050049,0.045904,0.026738,0.231328,-0.018097,0.198044,0.000874,0.000801
0,0.010062,-0.042445,0.070202,-0.097432,0.040581,-0.105178,0.000176,0.000741
0,0.006491,0.104902,-0.015692,0.132309,0.002679,0.127324,0.000113,0.001831
0,0.056643,0.1127,0.079728,0.019825,0.047832,-0.014965,0.000989,0.001967
0,0.010478,0.10741,-0.031157,-0.008067,-0.007383,0.00799,0.000183,0.001875
0,-0.0818,0.003794,-0.106886,-0.103829,-0.059477,-0.087971,0.001428,6.6e-05
0,0.028282,-0.108626,0.112946,-0.126546,0.161056,-0.162457,0.000494,0.001896
0,-0.043078,-0.091078,-0.092532,0.030573,-0.101999,-0.006707,0.000752,0.00159
0,-0.058066,-0.062182,-0.007177,0.007108,0.038666,0.017249,0.001013,0.001085
0,0.199988,0.049124,0.260641,0.085713,0.276977,0.054279,0.00349,0.000857
0,0.132479,-0.050314,-0.047102,-0.11272,-0.04303,-0.136366,0.002312,0.000878
0,0.088238,0.122451,-0.027342,0.166103,-0.031702,0.181552,0.00154,0.002137
0,0.088962,0.091407,-0.011829,-0.008277,0.024867,-0.027986,0.001553,0.001595
0,0.028946,0.079625,-0.04919,0.016883,-0.087411,-0.01836,0.000505,0.00139
0,0.135139,-0.066149,0.100523,-0.148015,0.101655,-0.184284,0.002359,0.001155
0,0.078055,0.213941,-0.06816,0.286525,-0.052638,0.264739,0.001362,0.003734
0,0.146287,-0.088497,0.084318,-0.32285,0.08129,-0.305802,0.002553,0.001545
0,0.079782,0.071921,-0.069475,0.157731,-0.098742,0.120095,0.001392,0.001255
0,-0.041672,-0.045325,-0.1026,-0.123157,-0.092161,-0.074987,0.000727,0.000791
0,0.217633,0.155252,0.258278,0.184016,0.292225,0.17384,0.003798,0.00271
0,-0.093345,0.063491,-0.322225,-0.121284,-0.296718,-0.111158,0.001629,0.001108
0,0.087624,0.035991,0.16951,-0.026494,0.156477,-0.003613,0.001529,0.000628
0,0.078888,-0.056729,-0.015429,-0.102161,0.028788,-0.130406,0.001377,0.00099
0,-0.009921,-0.074342,-0.061006,-0.02636,-0.093816,-0.003916,0.000173,0.001298
0,-0.091184,0.009098,-0.054889,0.10178,-0.081514,0.076598,0.001591,0.000159
0,0.003681,-0.072288,0.075739,-0.109737,0.117318,-0.150047,6.4e-05,0.001262
0,-0.060074,0.212277,-0.074333,0.260371,-0.112489,0.25541,0.001048,0.003705
0,-0.151013,0.004605,-0.09073,-0.233898,-0.128149,-0.256287,0.002636,8e-05
0,-0.150086,0.052049,-0.004224,0.069356,0.044059,0.026475,0.002619,0.000908
0,0.055369,-0.064321,0.196669,-0.137734,0.210698,-0.183307,0.000966,0.001123
0,0.009207,0.202066,-0.066269,0.2558,-0.038147,0.23299,0.000161,0.003527
0,-0.178423,-0.08983,-0.166029,-0.277618,-0.151459,-0.286764,0.003114,0.001568
0,0.029499,0.105455,0.186994,0.195818,0.227805,0.162063,0.000515,0.001841
0,0.005117,0.045325,-0.014809,-0.070006,0.003614,-0.102083,8.9e-05,0.000791
0,-0.004888,0.13141,-0.027656,0.062391,0.010235,0.054644,8.5e-05,0.002294
0,-0.034617,0.163902,-0.017898,0.036899,-0.057022,0.085696,0.000604,0.002861
0,-0.050135,0.127282,-0.028923,-0.023797,-0.011889,-0.059418,0.000875,0.002221
0,-0.076789,-0.108938,-0.029059,-0.26187,-0.058972,-0.238402,0.00134,0.001901
0,-0.078945,-0.122171,0.008368,0.015469,-0.029136,0.043256,0.001378,0.002132
0,0.126467,0.071432,0.182789,0.192005,0.225627,0.169697,0.002207,0.001247
0,0.04172,-0.038236,-0.065149,-0.101611,-0.041879,-0.1441,0.000728,0.000667
0,0.138797,-0.072164,0.091549,-0.060929,0.060911,-0.030721,0.002422,0.001259
0,0.143835,0.105497,0.025697,0.200608,0.006207,0.21597,0.00251,0.001841
0,-0.031263,-0.109184,-0.199344,-0.185922,-0.200227,-0.205273,0.000546,0.001906
0,0.181134,0.026429,0.234594,0.147112,0.223295,0.097176,0.003161,0.000461
0,0.032739,0.032484,-0.119868,-0.003696,-0.141642,-0.037442,0.000571,0.000567
0,0.126308,0.09593,0.099074,0.077274,0.098874,0.082418,0.002204,0.001674
0,0.128927,0.042935,0.002001,-0.076269,-0.023817,-0.03017,0.00225,0.000749
0,-0.058112,-0.170029,-0.20119,-0.190634,-0.190291,-0.198013,0.001014,0.002968
0,0.169964,-0.018872,0.202458,0.176019,0.204495,0.142643,0.002966,0.000329
0,-0.0454,-0.00802,-0.187831,-0.014256,-0.153686,-0.030502,0.000792,0.00014
0,-0.040355,-0.162613,-0.001493,-0.165288,0.045693,-0.117269,0.000704,0.002838
0,0.193986,0.13331,0.230329,0.308155,0.237635,0.299842,0.003386,0.002327
0,0.183674,0.086423,-0.020804,-0.065463,-0.008245,-0.03151,0.003206,0.001508
0,0.052441,0.125973,-0.119952,0.055195,-0.115355,0.096312,0.000915,0.002199
0,0.059671,-0.114,-0.021519,-0.246033,-0.023059,-0.247139,0.001041,0.00199
0,0.15562,-0.06875,0.071421,0.032068,0.032095,0.040129,0.002716,0.0012
0,-0.082314,0.013659,-0.216584,0.07241,-0.256434,0.069664,0.001437,0.000238
0,-0.020678,-0.147236,0.045063,-0.136479,0.015477,-0.149101,0.000361,0.00257
0,-0.151199,-0.09873,-0.146168,0.026042,-0.160343,0.056231,0.002639,0.001723
0,-0.064473,-0.136494,0.071475,-0.010664,0.089406,-0.007652,0.001125,0.002382
0,-0.165558,0.033061,-0.104658,0.172184,-0.077251,0.220131,0.00289,0.000577
0,0.06867,-0.00793,0.22108,-0.020096,0.200628,-0.03086,0.001199,0.000138
0,0.02314,-0.01024,-0.056104,0.007644,-0.088287,0.003337,0.000404,0.000179
0,0.100921,-0.154528,0.089671,-0.134769,0.092834,-0.107837,0.001761,0.002697
0,0.005708,-0.091583,-0.083693,0.040952,-0.095473,0.049904,0.0001,0.001598
0,-0.058959,0.076271,-0.049469,0.157644,-0.096714,0.206966,0.001029,0.001331
0,-0.075716,-0.066581,-0.001916,-0.115817,-0.005029,-0.110364,0.001321,0.001162
0,0.073695,-0.010759,0.177851,0.067344,0.133513,0.071572,0.001286,0.000188
0,0.093338,0.11307,0.000535,0.151194,-0.026965,0.111173,0.001629,0.001973
0,-0.003566,0.088957,-0.121279,0.002003,-0.127288,-0.040933,6.2e-05,0.001553
0,0.111323,-0.065668,0.113121,-0.14038,0.143684,-0.09146,0.001943,0.001146
0,0.137998,-0.105572,0.012647,-0.011114,-0.017767,-0.043887,0.002409,0.001843
0,0.024788,-0.172188,-0.110665,-0.065071,-0.105678,-0.048475,0.000433,0.003005
0,-0.002805,0.04986,-0.004685,0.241214,0.042965,0.212674,4.9e-05,0.00087
0,0.022233,-0.158393,0.015103,-0.230023,0.046808,-0.181749,0.000388,0.002764
0,0.060109,-0.161825,0.014365,-0.014565,-0.013294,-0.058479,0.001049,0.002824
0,0.020901,0.004424,-0.035158,0.168426,0.009849,0.202106,0.000365,7.7e-05
0,-0.102418,-0.031811,-0.142098,-0.010549,-0.09744,-0.030539,0.001788,0.000555
0,-0.112469,0.048126,0.00073,0.062771,-0.036673,0.09024,0.001963,0.00084
0,-0.059068,-0.026947,0.079414,-0.086068,0.09259,-0.07899,0.001031,0.00047
0,0.01499,-0.004173,0.091382,0.043314,0.133649,-0.003526,0.000262,7.3e-05
0,-0.091928,-0.05147,-0.109423,-0.072458,-0.096752,-0.085567,0.001604,0.000898
0,0.033368,0.075666,0.11796,0.12817,0.118491,0.136081,0.000582,0.001321
0,0.19241,0.004589,0.17261,-0.083963,0.189128,-0.074542,0.003358,8e-05
0,0.114839,-0.089933,-0.094004,-0.081983,-0.068876,-0.097079,0.002004,0.00157
0,-0.033623,-0.046516,-0.167298,0.025947,-0.167658,0.041993,0.000587,0.000812
0,-0.087871,0.063645,-0.082624,0.126463,-0.115846,0.158884,0.001534,0.001111
0,-0.058828,0.069427,0.005058,-0.023112,-0.022103,-0.006717,0.001027,0.001212
0,0.051328,-0.14349,0.116738,-0.211938,0.128519,-0.190133,0.000896,0.002504
0,-0.001241,0.0379,-0.039095,0.18901,-0.071102,0.190715,2.2e-05,0.000661
0,0.044634,0.099279,0.054145,0.044921,0.051333,0.009695,0.000779,0.001733
0,0.130616,-0.032432,0.098593,-0.161348,0.060804,-0.127225,0.00228,0.000566
0,0.06041,0.014026,-0.073706,0.059368,-0.109352,0.10461,0.001054,0.000245
0,-0.136307,0.108509,-0.205544,0.114679,-0.236521,0.08686,0.002379,0.001894
0,-0.112275,-0.042449,0.048872,-0.15789,0.026015,-0.154882,0.00196,0.000741
0,0.11106,-0.02413,0.225458,0.038004,0.17576,0.054588,0.001938,0.000421
0,-0.028617,0.073313,-0.146448,0.124669,-0.175281,0.13251,0.000499,0.00128
0,-0.007046,-0.111449,0.028153,-0.212942,0.051534,-0.22318,0.000123,0.001945
0,0.071759,0.079165,0.10864,0.196597,0.110119,0.229979,0.001252,0.001382
0,-0.089185,0.10691,-0.13597,0.023983,-0.130265,-0.008427,0.001557,0.001866
0,-0.113271,0.078555,-0.015585,-0.012101,0.026704,-0.011469,0.001977,0.001371
0,0.052481,-0.079959,0.137385,-0.137546,0.16525,-0.108798,0.000916,0.001396
0,-0.007556,0.144161,-0.067636,0.222809,-0.107246,0.211742,0.000132,0.002516
0,-0.121927,0.13841,-0.117187,-0.016754,-0.119506,-0.057807,0.002128,0.002416
0,0.046733,-0.014048,0.181877,-0.136223,0.16714,-0.115851,0.000816,0.000245
0,-0.160677,-0.129681,-0.223297,-0.111295,-0.215335,-0.10706,0.002804,0.002263
0,-0.144926,0.071444,0.010792,0.188634,0.034478,0.232745,0.002529,0.001247
0,0.043718,0.140964,0.16117,0.08487,0.179771,0.101434,0.000763,0.00246
0,-0.081629,0.012202,-0.152016,-0.13733,-0.186493,-0.108044,0.001425,0.000213
0,0.126661,0.092864,0.185009,0.062406,0.16749,0.094184,0.002211,0.001621
0,-0.08441,0.129463,-0.191286,0.066549,-0.228679,0.038604,0.001473,0.00226
0,2.292371,-0.216084,2.39701,-0.343521,2.364883,-0.367499,0.003738,0.003771
0,2.670929,-0.467045,0.370123,-0.234487,0.362435,-0.263093,0.001745,0.003939
0,2.72168,-0.612347,0.06834,-0.14436,0.07094,-0.133642,0.00086,0.001403
0,2.310247,-0.554462,-0.427891,0.076972,-0.383659,0.113156,0.00405,0.002413
0,2.079983,-0.341106,-0.247849,0.2168,-0.282834,0.244397,3.1e-05,0.005953
0,1.444365,-0.346786,-0.65998,-0.017532,-0.657523,-0.02589,0.001028,0.006038
0,0.757236,-0.180947,-0.683559,0.157443,-0.677732,0.17806,0.001126,0.003158
0,0.700868,-0.158874,-0.048288,0.049967,-0.063277,0.055603,0.000142,0.002773
0,0.364518,-0.080507,-0.355098,0.066019,-0.385822,0.053165,0.005728,0.001405
0,0.066747,-0.061637,-0.291092,-0.008734,-0.283935,0.03192,0.001165,0.001076
0,-0.032987,-0.085511,-0.090904,-0.024057,-0.104516,-0.038899,0.000576,0.001492
0,-0.163666,-0.089947,-0.153979,0.022552,-0.110526,0.01283,0.002857,0.00157
0,-0.091183,-0.042873,0.090813,0.033169,0.121642,-0.006701,0.001591,0.000748
0,-0.304854,-0.100804,-0.189414,-0.040791,-0.179828,-0.02728,0.005321,0.001759
0,-0.141069,-0.272167,0.177715,-0.178354,0.208785,-0.161306,0.002462,0.00475
0,-0.16621,-0.257598,-0.008352,-0.014002,0.007868,0.008062,0.002901,0.004496
0,-0.11815,-0.15076,0.032591,0.099326,0.030102,0.13379,0.002062,0.002631
0,-0.160857,-0.209158,-0.044813,-0.087548,-0.063322,-0.08882,0.002807,0.00365
0,-0.159563,-0.13698,-0.022431,0.092839,-0.060233,0.043495,0.002785,0.002391
0,-0.276981,-0.281483,-0.111264,-0.129698,-0.149056,-0.161732,0.004834,0.004913
0,-0.273483,-0.143917,-0.0127,0.119712,-0.009558,0.08435,0.004773,0.002512
0,-0.223651,-0.240979,0.029362,-0.08721,0.009644,-0.083537,0.003903,0.004206
0,-0.367718,-0.030687,-0.140125,0.200038,-0.188563,0.16862,0.005673,0.000536
0,-0.312024,-0.13782,0.063756,-0.124866,0.023537,-0.104364,0.005446,0.002405
0,-0.089018,-0.087714,0.236208,0.059872,0.248288,0.061708,0.001554,0.001531
0,-0.026597,-0.051142,0.069244,0.048461,0.092867,0.0626,0.000464,0.000893
0,-0.208032,-0.213858,-0.171268,-0.153509,-0.193762,-0.165507,0.003631,0.003733
0,0.069209,-0.039979,0.292181,0.18788,0.254059,0.205482,0.001208,0.000698
0,-0.026802,-0.043701,-0.067237,0.02554,-0.093601,0.030355,0.000468,0.000763
0,0.06384,-0.054655,0.110527,-0.002158,0.066823,0.00253,0.001114,0.000954
0,-0.027312,-0.142458,-0.077989,-0.101078,-0.086666,-0.14146,0.000477,0.002486
0,-0.101637,-0.146127,-0.089809,-0.026713,-0.089551,-0.053172,0.001774,0.00255
0,-0.08701,-0.038315,-0.007163,0.101757,-0.000908,0.073852,0.001519,0.000669
0,-0.008538,-0.130746,0.104169,-0.069204,0.127018,-0.059529,0.000149,0.002282
0,-0.088162,-0.251966,-0.05546,-0.091305,-0.057286,-0.112442,0.001539,0.004398
0,0.120146,-0.260996,0.210651,-0.028987,0.240261,0.014204,0.002097,0.004555
0,0.145969,0.001337,0.054993,0.278341,0.065337,0.235521,0.002548,2.3e-05
0,-0.064903,-0.22907,-0.189775,-0.218605,-0.204119,-0.249005,0.001133,0.003998
0,0.014399,-0.205979,0.064723,0.032964,0.103186,0.02548,0.000251,0.003595
0,0.058585,-0.009125,0.033268,0.212096,0.082551,0.224319,0.001023,0.000159
0,-0.203559,-0.137323,-0.245912,-0.156673,-0.253543,-0.153151,0.003553,0.002397
0,-0.172744,-0.006139,0.052258,0.151929,0.086473,0.17293,0.003015,0.000107
0,-0.159667,-0.008777,-0.002042,-0.032555,-0.051891,0.014082,0.002787,0.000153
0,0.089846,0.030788,0.254672,0.040714,0.210124,0.047287,0.001568,0.000537
0,-0.166217,-0.033671,-0.254698,-0.090999,-0.25403,-0.055377,0.002901,0.000588
0,0.088972,-0.145355,0.233616,-0.133953,0.281144,-0.130622,0.001553,0.002537
0,-0.125206,0.04424,-0.19783,0.184068,-0.196722,0.209216,0.002185,0.000772
0,-0.170445,-0.007016,-0.06391,-0.03742,-0.071175,-0.002401,0.002975,0.000122
0,-0.055238,-0.111136,0.092214,-0.112744,0.048104,-0.117976,0.000964,0.00194
0,0.025746,-0.101879,0.068071,0.027852,0.056279,0.064843,0.000449,0.001778
0,0.023366,0.004866,-0.028514,0.134481,-0.016447,0.109285,0.000408,8.5e-05
0,0.084584,0.100374,0.064392,0.090941,0.062504,0.084706,0.001476,0.001752
0,-0.050452,-0.10598,-0.141825,-0.201984,-0.149794,-0.247375,0.000881,0.00185
0,-0.068782,0.081357,0.008461,0.165593,-0.040576,0.130746,0.0012,0.00142
0,0.142455,0.092059,0.190326,-0.012543,0.231694,-0.059616,0.002486,0.001607
0,0.113685,-0.112847,-0.004004,-0.177815,-0.044225,-0.130996,0.001984,0.00197
0,-0.054364,0.07839,-0.180203,0.182866,-0.134839,0.176221,0.000949,0.001368
0,0.114143,0.026084,0.155714,-0.074684,0.180306,-0.088025,0.001992,0.000455
0,0.024781,-0.019031,-0.087439,-0.074968,-0.112864,-0.026945,0.000433,0.000332
0,0.074168,0.088996,0.020977,0.098899,-0.017971,0.134343,0.001294,0.001553
0,0.006353,0.16517,-0.084444,0.102567,-0.096844,0.137747,0.000111,0.002883
0,-0.070832,-0.089006,-0.088642,-0.256117,-0.100851,-0.258804,0.001236,0.001553
0,-0.024159,-0.050308,0.027226,0.06557,0.039401,0.052551,0.000422,0.000878
0,0.167133,0.013623,0.218769,0.082678,0.202231,0.103591,0.002917,0.000238
0,0.04824,0.03725,-0.090517,0.01919,-0.084165,0.01193,0.000842,0.00065
0,-0.027651,0.055896,-0.096534,0.001703,-0.118654,-0.031903,0.000483,0.000976
0,-0.132628,-0.068998,-0.093701,-0.139377,-0.068984,-0.098912,0.002315,0.001204
0,-0.137504,0.172733,-0.010058,0.253245,-0.037289,0.261925,0.0024,0.003015
0,0.146527,0.112868,0.292388,-0.055971,0.289597,-0.027671,0.002557,0.00197
0,-0.057932,0.117298,-0.230338,0.014309,-0.193279,0.041218,0.001011,0.002047
0,-0.066641,-0.091781,-0.01606,-0.179572,0.024063,-0.173243,0.001163,0.001602
0,0.135585,0.128192,0.1885,0.19007,0.195213,0.184036,0.002366,0.002237
0,-0.050582,-0.079217,-0.178663,-0.225394,-0.175931,-0.193609,0.000883,0.001383
0,-0.161179,0.22021,-0.103614,0.307054,-0.106701,0.284874,0.002813,0.003843
0,0.107666,0.010267,0.248085,-0.212812,0.199606,-0.212055,0.001879,0.000179
0,-0.10699,0.106541,-0.211918,0.117392,-0.205104,0.084757,0.001867,0.001859
0,-0.133017,-0.041467,-0.033265,-0.165112,0.013498,-0.140409,0.002322,0.000724
0,0.035767,-0.048744,0.184282,-0.005305,0.179965,-0.007127,0.000624,0.000851
0,0.084677,-0.018159,0.051062,0.039857,0.055292,0.015932,0.001478,0.000317
0,-0.15342,-0.013423,-0.215963,0.016373,-0.221173,0.040956,0.002678,0.000234
0,-0.045571,0.164085,0.079216,0.174773,0.066862,0.206965,0.000795,0.002864
0,-0.018023,0.045141,0.029117,-0.144779,0.028947,-0.18624,0.000315,0.000788
0,0.002954,-0.071525,0.017544,-0.139459,-0.014881,-0.103231,5.2e-05,0.001248
0,-0.075361,0.125635,-0.048456,0.190386,-0.088945,0.21389,0.001315,0.002193
0,-0.028471,0.08329,0.065892,-0.02151,0.039174,0.024591,0.000497,0.001454
0,0.130389,-0.002985,0.182993,-0.068126,0.145017,-0.110653,0.002276,5.2e-05
0,-0.003821,0.135893,-0.115175,0.12275,-0.13279,0.153349,6.7e-05,0.002372
0,0.125966,0.091593,0.144429,-0.037077,0.115183,-0.002031,0.002199,0.001599
0,-0.123129,-0.104624,-0.235886,-0.181038,-0.206967,-0.168386,0.002149,0.001826
0,-0.041625,-0.023588,0.107332,0.057173,0.103572,0.097677,0.000726,0.000412
0,0.142249,0.06018,0.208637,0.085222,0.165781,0.040993,0.002483,0.00105
0,0.080345,0.034773,-0.08837,-0.054672,-0.12114,-0.072904,0.001402,0.000607
0,-0.127165,-0.073361,-0.233015,-0.117906,-0.234392,-0.1577,0.002219,0.00128
0,0.014025,-0.022675,0.153929,0.066292,0.146541,0.033673,0.000245,0.000396
0,-0.062979,-0.15157,-0.086089,-0.123613,-0.122601,-0.080505,0.001099,0.002645
0,-0.110487,-0.080499,-0.022587,0.077912,0.018278,0.095723,0.001928,0.001405
0,0.058067,-0.087347,0.177623,-0.013932,0.164117,0.026039,0.001013,0.001524
0,0.103776,-0.175585,0.074486,-0.069733,0.026308,-0.053297,0.001811,0.003065
0,-0.101181,-0.10053,-0.19172,0.046647,-0.217532,0.033327,0.001766,0.001755
0,-0.093644,-0.185731,0.029667,-0.104342,0.035495,-0.074883,0.001634,0.003242
0,0.018328,-0.027188,0.085518,0.165107,0.066335,0.133921,0.00032,0.000475
0,-0.067355,-0.050164,-0.073434,-0.015861,-0.100217,0.017314,0.001176,0.000876
0,-0.094542,-0.191603,-0.033138,-0.11909,-0.059374,-0.086335,0.00165,0.003344
0,-0.022496,0.034286,0.042366,0.234727,0.010691,0.220187,0.000393,0.000598
0,0.034508,-0.126567,0.03568,-0.187959,0.071129,-0.190492,0.000602,0.002209
0,-0.111695,-0.069515,-0.125321,0.05377,-0.17084,0.031964,0.001949,0.001213
0,-0.108496,-0.17737,0.019837,-0.084865,-0.015723,-0.065098,0.001894,0.003096
0,0.107989,-0.147221,0.234294,0.05611,0.272514,0.098285,0.001885,0.002569
0,-0.121787,-0.01299,-0.254105,0.127049,-0.271161,0.146499,0.002126,0.000227
0,-0.086063,-0.04783,0.053228,-0.025417,0.01984,-0.044072,0.001502,0.000835
0,-0.072115,-0.153297,0.003281,-0.102918,0.044685,-0.149167,0.001259,0.002676
0,-0.024471,-0.098713,0.058847,0.053656,0.074467,0.102798,0.000427,0.001723
0,0.086742,-0.133563,0.115236,-0.063901,0.07917,-0.041981,0.001514,0.002331
0,-0.076694,-0.015497,-0.150194,0.098542,-0.128838,0.134277,0.001339,0.00027
0,0.068397,0.027697,0.160765,0.02553,0.132344,0.011618,0.001194,0.000483
0,0.094524,0.032187,0.03208,-0.009125,-0.004726,-0.027532,0.00165,0.000562
0,-0.012118,0.041843,-0.106607,0.011303,-0.09306,0.037466,0.000211,0.00073
0,-0.028237,0.041388,-0.042431,-0.015615,-0.024487,-0.025981,0.000493,0.000722
0,0.018873,0.12117,0.0184,0.065074,0.065102,0.111216,0.000329,0.002115
0,0.116602,-0.125798,0.089846,-0.264896,0.08607,-0.232099,0.002035,0.002196
0,0.0045,-0.00895,-0.101235,0.106521,-0.081573,0.137046,7.9e-05,0.000156
0,0.084376,-0.049217,0.052989,-0.042527,0.01027,-0.063059,0.001473,0.000859
0,0.183295,-0.048571,0.073537,0.011038,0.111304,0.054535,0.003199,0.000848
0,-0.042451,-0.031892,-0.205848,0.028655,-0.177138,0.061611,0.000741,0.000557
0,0.041368,-0.026205,0.061344,-0.010109,0.097142,-0.055837,0.000722,0.000457
0,0.20006,0.015542,0.129964,0.070773,0.147459,0.073518,0.003492,0.000271
0,0.205934,-0.051161,-0.015908,-0.04045,0.014999,-0.080517,0.003594,0.000893
0,0.081384,-0.004221,-0.103731,0.028526,-0.083767,-0.013364,0.00142,7.4e-05
0,0.215752,0.107051,0.124644,0.107377,0.165118,0.075771,0.003766,0.001868
0,0.080834,-0.033997,-0.125753,-0.157158,-0.168388,-0.201505,0.001411,0.000593
0,0.149827,0.00356,0.092767,0.040719,0.119265,0.023587,0.002615,6.2e-05
0,0.07121,0.107081,-0.088551,0.129092,-0.081552,0.125387,0.001243,0.001869
0,0.167605,0.186806,0.081712,0.067192,0.06893,0.084721,0.002925,0.00326
0,0.143918,0.108474,-0.014879,-0.06599,-0.002536,-0.107108,0.002512,0.001893
0,-0.002086,0.190252,-0.142911,0.077753,-0.155238,0.049927,3.6e-05,0.003321
0,0.139992,-0.051301,0.13916,-0.232333,0.142436,-0.272153,0.002443,0.000895
0,-0.130185,-0.093686,-0.284653,-0.053343,-0.315599,-0.045336,0.002272,0.001635
0,-0.103788,0.127164,0.017929,0.200349,-0.028767,0.158048,0.001811,0.002219
0,-0.004746,0.11778,0.083405,0.01821,0.046078,0.014829,8.3e-05,0.002056
0,-0.105029,0.13694,-0.073701,0.026182,-0.092921,0.000554,0.001833,0.00239
0,-0.163625,-0.021661,-0.048576,-0.168034,-0.04948,-0.170278,0.002856,0.000378
0,-0.089609,-3.8e-05,0.064086,0.036708,0.093465,0.006944,0.001564,1e-06
0,0.019352,0.17063,0.111654,0.189491,0.079522,0.203648,0.000338,0.002978
0,0.142357,-0.038666,0.09558,-0.20507,0.112675,-0.18984,0.002485,0.000675
0,-0.077192,0.069237,-0.195363,0.078542,-0.22226,0.088009,0.001347,0.001208
0,0.056131,0.103769,0.159138,0.061965,0.200119,0.016991,0.00098,0.001811
0,0.0213,0.027031,-0.018777,-0.087895,0.006491,-0.070207,0.000372,0.000472
0,-0.011067,-0.101782,-0.022143,-0.111977,0.021473,-0.132644,0.000193,0.001776
0,-0.023968,-0.113618,-0.028809,-0.027797,-0.008092,-0.046729,0.000418,0.001983
0,0.096716,0.073704,0.128746,0.181162,0.132704,0.203797,0.001688,0.001286
0,-0.007176,0.02781,-0.095349,-0.020766,-0.077336,-0.042297,0.000125,0.000485
0,0.00529,-0.114213,-0.002732,-0.114067,0.003847,-0.098757,9.2e-05,0.001993
0,0.185372,-0.07814,0.155188,0.019395,0.20516,0.005561,0.003235,0.001364
0,0.083364,0.148206,-0.091348,0.252619,-0.133292,0.292955,0.001455,0.002587
0,-0.021371,-0.09939,-0.130016,-0.235973,-0.144194,-0.231149,0.000373,0.001735
0,0.122425,0.025092,0.158178,0.095301,0.155123,0.063292,0.002137,0.000438
0,0.20916,-0.127326,0.077479,-0.177904,0.092529,-0.21526,0.003651,0.002222
0,0.14814,-0.081066,-0.06139,0.071148,-0.054384,0.046651,0.002586,0.001415
0,-0.033068,0.066486,-0.168592,0.163786,-0.160361,0.199953,0.000577,0.00116
0,0.154871,-0.015265,0.196291,-0.053617,0.191521,-0.033544,0.002703,0.000266
0,0.07216,0.074658,-0.059832,0.113094,-0.011025,0.105575,0.001259,0.001303
0,0.217005,-0.023286,0.153253,-0.089861,0.144961,-0.106741,0.003787,0.000406
0,0.011637,0.05013,-0.216413,0.086701,-0.252165,0.048929,0.000203,0.000875
0,0.007628,-0.05414,-0.009837,-0.125281,-0.021958,-0.132491,0.000133,0.000945
0,0.181888,-0.036764,0.194198,0.012476,0.228354,-0.027627,0.003175,0.000642
0,0.02399,-0.079136,-0.149734,-0.062987,-0.18222,-0.045028,0.000419,0.001381
0,-0.027203,0.184163,-0.03541,0.289322,-0.077858,0.323652,0.000475,0.003214
0,0.137334,0.082991,0.155372,-0.08993,0.131799,-0.043026,0.002397,0.001448
0,0.176822,-0.095176,0.014102,-0.182483,0.046435,-0.156406,0.003086,0.001661
0,0.010936,0.131591,-0.178878,0.207109,-0.20171,0.250217,0.000191,0.002297
0,-0.013351,0.053168,-0.009609,-0.095792,0.030706,-0.072269,0.000233,0.000928
0,0.173912,0.070248,0.169952,0.022973,0.121251,-0.000345,0.003035,0.001226
0,0.162433,-0.119314,-0.023383,-0.193399,-0.070645,-0.198785,0.002835,0.002082
0,-0.050894,0.121241,-0.236988,0.265584,-0.203846,0.249742,0.000888,0.002116
0,0.134352,-0.039567,0.180005,-0.134169,0.218006,-0.140176,0.002345,0.000691
0,-0.026307,0.165171,-0.173893,0.188635,-0.147276,0.231904,0.000459,0.002883
0,0.058713,0.116609,0.090172,-0.025865,0.084138,-0.004959,0.001025,0.002035
0,-0.069516,-0.082141,-0.104041,-0.197218,-0.062186,-0.210445,0.001213,0.001434
0,0.007417,-0.024561,0.066833,0.074893,0.080001,0.094808,0.000129,0.000429
0,0.186958,-0.127536,0.182013,-0.108077,0.220912,-0.11191,0.003263,0.002226
0,0.040591,0.02729,-0.174795,0.139653,-0.160172,0.092733,0.000708,0.000476
0,-0.005432,0.027177,-0.048677,5e-05,-0.03263,-0.014738,9.5e-05,0.000474
0,-0.117828,0.004815,-0.126691,-0.017836,-0.140805,0.019859,0.002056,8.4e-05
0,-0.157534,-0.078186,-0.065388,-0.102693,-0.043305,-0.141893,0.002749,0.001365
0,-0.1716,0.025538,-0.019755,0.131935,0.016025,0.091004,0.002995,0.000446
0,-0.041067,0.066124,0.152475,0.049001,0.120754,0.029377,0.000717,0.001154
0,0.128239,-0.065159,0.159367,-0.139821,0.136751,-0.096487,0.002238,0.001137
0,-0.095499,0.086815,-0.219341,0.135492,-0.248655,0.117707,0.001667,0.001515
0,0.072923,-0.072993,0.150302,-0.147829,0.143579,-0.16621,0.001273,0.001274
0,-0.002731,-0.053064,-0.090019,0.036138,-0.125069,-0.010773,4.8e-05,0.000926
0,0.05095,0.083372,0.06277,0.133409,0.030764,0.161726,0.000889,0.001455
0,-0.090298,-0.129021,-0.122098,-0.211788,-0.077073,-0.214424,0.001576,0.002252
0,0.051119,0.102289,0.119066,0.240925,0.080166,0.231192,0.000892,0.001785
0,0.022283,0.140753,-0.02765,0.018472,-0.074819,0.055212,0.000389,0.002457
0,0.005061,0.068655,-0.028739,-0.08159,-0.016065,-0.101798,8.8e-05,0.001198
0,-0.11817,0.198024,-0.124052,0.119721,-0.123248,0.156806,0.002062,0.003456
0,-0.008821,0.079266,0.083648,-0.131008,0.094837,-0.178891,0.000154,0.001383
0,-0.062345,-0.022946,-0.030828,-0.098557,0.006478,-0.069978,0.001088,0.0004
0,0.07643,0.165373,0.165194,0.194322,0.171891,0.207718,0.001334,0.002886
0,0.008967,0.147409,-0.048972,-0.029938,-0.032564,-0.067912,0.000157,0.002573
0,-0.0612,0.166105,-0.081571,0.009662,-0.125025,-0.023116,0.001068,0.002899
0,-0.08645,0.156236,-0.018865,-0.001835,-0.016952,-0.033484,0.001509,0.002727
0,-0.118337,-0.120882,-0.006985,-0.270641,0.039333,-0.248255,0.002065,0.00211
0,-0.115507,0.164133,-0.019099,0.289039,0.014854,0.292947,0.002016,0.002865
0,-0.17808,0.050926,-0.054751,-0.139465,-0.089963,-0.153997,0.003108,0.000889
0,0.010988,0.143169,0.182161,0.088665,0.18279,0.061107,0.000192,0.002499
0,-0.059489,0.123211,-0.04424,0.008156,-0.0499,0.012345,0.001038,0.00215
0,0.059203,0.060266,0.121757,-0.091198,0.13957,-0.065956,0.001033,0.001052
0,-0.156762,0.003547,-0.22592,-0.071298,-0.177971,-0.089772,0.002736,6.2e-05
0,-0.058543,0.103058,0.125229,0.074011,0.105454,0.064524,0.001022,0.001799
0,-0.074732,0.136077,0.007283,0.04875,0.042757,0.015389,0.001304,0.002375
0,-0.155076,0.076481,-0.079387,-0.071769,-0.090648,-0.074824,0.002707,0.001335
0,0.005051,0.221929,0.136381,0.152625,0.157332,0.149277,8.8e-05,0.003873
0,-0.038175,0.072862,-0.035997,-0.168124,-0.03189,-0.171994,0.000666,0.001272
0,0.091084,0.03081,0.121176,-0.022703,0.129628,-0.0663,0.00159,0.000538
0,-0.074953,-0.073315,-0.175504,-0.099149,-0.132669,-0.100524,0.001308,0.00128
0,-0.017313,-0.056731,0.046094,0.004375,0.085537,-0.042269,0.000302,0.00099
0,0.06127,0.143635,0.067531,0.208074,0.092224,0.205951,0.001069,0.002507
0,-0.141263,0.187997,-0.228884,0.058263,-0.184593,0.047014,0.002466,0.003281
0,-0.073656,0.156345,0.096408,-0.058862,0.07625,-0.045754,0.001286,0.002729
0,0.06557,0.074893,0.109711,-0.101875,0.07783,-0.130063,0.001144,0.001307
0,0.093448,-0.013053,0.037693,-0.097882,0.061282,-0.054506,0.001631,0.000228
0,0.135738,-0.094777,0.067547,-0.077081,0.105191,-0.049253,0.002369,0.001654
0,0.060443,0.146092,-0.097767,0.250729,-0.093802,0.272205,0.001055,0.00255
0,-0.087626,0.185475,-0.166757,0.013608,-0.151555,-0.00273,0.001529,0.003237
0,0.050001,0.091299,0.113632,-0.075027,0.097465,-0.113974,0.000873,0.001593
0,0.066238,0.083358,0.040038,0.010199,0.000114,-0.01616,0.001156,0.001455
0,0.115708,0.08387,0.04029,-0.007427,0.054986,0.032158,0.002019,0.001464
0,-0.098294,0.030186,-0.20857,-0.051374,-0.185849,-0.031178,0.001716,0.000527
0,-0.004546,-0.106652,0.114749,-0.153576,0.134929,-0.121447,7.9e-05,0.001861
0,0.190033,0.136198,0.169743,0.232188,0.167872,0.267844,0.003317,0.002377
0,-0.092734,0.189615,-0.282556,0.033087,-0.295498,0.042037,0.001619,0.003309
0,-0.005746,0.168535,0.07496,-0.023815,0.029706,-0.002921,0.0001,0.002941
0,0.189643,0.011596,0.208319,-0.13685,0.246687,-0.111209,0.00331,0.000202
0,0.088765,0.160365,-0.107855,0.134884,-0.126448,0.159276,0.001549,0.002799
0,0.097162,0.064735,0.011162,-0.118894,0.039086,-0.146909,0.001696,0.00113
0,0.039567,-0.033593,-0.083997,-0.104481,-0.133728,-0.1238,0.000691,0.000586
0,0.141924,0.014572,0.115051,0.042645,0.088137,0.026305,0.002477,0.000254
0,-0.02507,-0.019403,-0.195135,-0.043907,-0.169683,-0.037784,0.000438,0.000339
0,0.22056,-0.025646,0.267067,0.022341,0.249785,0.040456,0.003849,0.000448
0,0.067561,-0.015903,-0.153803,-0.01506,-0.170508,-0.011884,0.001179,0.000278
0,-0.111075,0.073408,-0.200101,0.117471,-0.158868,0.096654,0.001939,0.001281
0,-0.125796,-0.043124,0.00208,-0.125877,-0.007361,-0.095435,0.002196,0.000753
0,0.100062,-0.038122,0.235767,-0.005565,0.274057,0.013659,0.001746,0.000665
0,-0.07395,-0.014514,-0.194138,0.046279,-0.201188,-0.001681,0.001291,0.000253
0,-0.053058,0.04175,3.1e-05,0.058796,-0.034764,0.105998,0.000926,0.000729
0,0.059109,-0.035508,0.089444,-0.087606,0.094982,-0.101599,0.001032,0.00062
0,-0.009942,0.160953,-0.048276,0.182702,-0.025158,0.138872,0.000174,0.002809
0,0.11536,-0.037023,0.135818,-0.183594,0.150123,-0.226055,0.002013,0.000646
0,0.090138,0.161464,-0.001014,0.206363,0.036618,0.253995,0.001573,0.002818
0,0.019941,0.064714,-0.099937,-0.072014,-0.145104,-0.059994,0.000348,0.001129
0,-0.042876,-0.15859,-0.045551,-0.223451,0.002487,-0.188084,0.000748,0.002768
0,-0.01368,-0.137729,0.022745,0.049981,0.047042,0.019809,0.000239,0.002404
0,0.00506,0.054319,0.015505,0.196397,0.018008,0.189759,8.8e-05,0.000948
0,0.066686,-0.164476,0.086559,-0.210435,0.044987,-0.174493,0.001164,0.002871
0,0.111346,-0.197439,0.038492,-0.037951,0.032172,0.007636,0.001943,0.003446
0,0.015255,0.005366,-0.120996,0.18067,-0.116622,0.141899,0.000266,9.4e-05
0,0.15043,-0.173571,0.105701,-0.175478,0.149169,-0.211941,0.002625,0.003029
0,0.176859,-0.151801,0.005379,0.012124,0.029319,0.041351,0.003087,0.002649
0,0.277636,-0.107331,0.109455,0.054584,0.105144,0.014976,0.004846,0.001873
0,0.252401,0.121863,-0.033152,0.24333,-0.016694,0.232426,0.004405,0.002127
0,0.100564,0.102974,-0.159623,-0.001775,-0.151695,0.030156,0.001755,0.001797
0,0.163188,0.033835,0.089537,-0.096188,0.116746,-0.099232,0.002848,0.000591
0,0.178584,0.127389,-0.006759,0.115179,-0.005971,0.084175,0.003117,0.002223
0,-0.096337,-0.063422,-0.261414,-0.163137,-0.286151,-0.166746,0.001681,0.001107
0,0.092198,0.0439,0.177422,0.120291,0.148022,0.139899,0.001609,0.000766
0,0.131154,-0.105614,0.016398,-0.148856,-0.021025,-0.189698,0.002289,0.001843
0,0.179352,0.133599,0.020957,0.234766,-0.001175,0.188748,0.00313,0.002332
0,-0.043764,-0.01165,-0.23027,-0.138728,-0.229735,-0.120647,0.000764,0.000203
0,-0.005245,0.120171,0.040063,0.125417,0.020631,0.137305,9.2e-05,0.002097
0,0.168971,0.110094,0.163475,0.009715,0.135428,0.0344,0.002949,0.001922
0,-0.007405,-0.154462,-0.16497,-0.259593,-0.12099,-0.223116,0.000129,0.002696
0,0.208774,0.064392,0.225488,0.232009,0.211098,0.182014,0.003644,0.001124
0,-0.007234,0.008574,-0.245781,-0.048548,-0.294334,-0.076066,0.000126,0.00015
0,-2.115875,-0.653612,-2.137682,-0.673945,-2.143328,-0.666292,0.000658,0.000683
0,-3.636791,-0.718937,-1.546187,-0.054985,-1.532419,-0.007509,0.003022,0.000457
0,-4.335817,-0.93006,-0.727711,-0.199238,-0.729178,-0.158379,0.003131,0.004142
0,-3.896396,-0.914632,0.443611,-0.009315,0.456244,0.01108,0.004538,0.003873
0,-3.617725,-0.970897,0.253968,-0.054122,0.245498,-0.036743,0.002689,0.004855
0,-3.246516,-0.988691,0.360874,-0.006249,0.326747,-0.038405,0.00379,0.005165
0,-2.349356,-0.739613,0.883662,0.249249,0.909433,0.219634,0.004733,0.000818
0,-1.171277,-0.74103,1.151357,-0.028039,1.129406,-0.041601,0.003738,0.000843
0,-0.535643,-0.363635,0.614021,0.401802,0.570194,0.421762,0.002742,0.005744
0,-0.043636,-0.092605,0.465511,0.288564,0.460875,0.260814,0.000762,0.001616
0,0.283845,-0.252624,0.299309,-0.169496,0.275443,-0.214933,0.004954,0.004409
0,0.299552,0.095826,-0.010411,0.358348,0.031854,0.329685,0.005228,0.001672
0,0.406131,0.132738,0.096255,0.021721,0.079909,0.038543,0.005002,0.002317
0,0.211769,0.153084,-0.215289,0.039878,-0.21487,0.036572,0.003696,0.002672
0,0.342566,-0.009743,0.152993,-0.179164,0.119221,-0.215849,0.005979,0.00017
0,0.267846,0.089998,-0.102009,0.120922,-0.097659,0.131851,0.004675,0.001571
0,0.21928,-0.010594,-0.034113,-0.072237,-0.047405,-0.10849,0.003827,0.000185
0,0.077833,-0.019706,-0.164677,0.017874,-0.119749,0.028067,0.001358,0.000344
0,0.158164,0.196502,0.090664,0.238036,0.108683,0.218924,0.00276,0.00343
0,0.17484,0.015932,0.04407,-0.206944,0.013274,-0.213543,0.003052,0.000278
0,0.154149,0.167001,-0.017491,0.123126,0.017056,0.077194,0.00269,0.002915
0,0.071574,0.056559,-0.077087,-0.138757,-0.094252,-0.153163,0.001249,0.000987
0,0.136524,0.028512,0.062287,-0.012787,0.102456,-0.033824,0.002383,0.000498
0,0.175293,0.070715,0.030671,0.054925,0.080531,0.005569,0.003059,0.001234
0,0.051197,0.248862,-0.122244,0.15637,-0.153576,0.173324,0.000894,0.004343
0,3.03781,-0.129696,3.001075,-0.396213,2.984779,-0.364918,0.004658,0.002264
0,5.233868,-0.452857,2.199409,-0.343263,2.216632,-0.337815,0.005376,0.004187
0,5.637788,-0.345095,0.419738,0.106269,0.386147,0.130037,0.001674,0.006023
0,5.571143,-0.557812,-0.047017,-0.215241,-0.013404,-0.166854,0.000511,0.002355
0,4.883602,-0.634379,-0.67779,-0.106411,-0.64996,-0.139648,0.000602,0.001018
0,3.206692,-0.547058,-1.666569,0.084551,-1.700042,0.071518,0.004485,0.002543
0,1.65639,-0.571675,-1.577808,-0.008566,-1.567427,-0.030655,0.004728,0.002113
0,1.044184,-0.368516,-0.637961,0.216548,-0.625472,0.197959,0.005957,0.005659
0,0.194339,-0.110298,-0.820218,0.241765,-0.780695,0.247402,0.003392,0.001925
0,-0.446357,-0.192924,-0.613034,-0.092011,-0.577238,-0.102627,0.0043,0.003367
0,-0.383618,-0.092412,0.078629,0.093845,0.067988,0.07501,0.005395,0.001613
0,-0.561527,0.162153,-0.204799,0.26952,-0.202269,0.287694,0.00229,0.00283
0,0.696599,1.332838,1.257272,1.186625,1.303577,1.21093,6.7e-05,0.000919
0,1.239263,2.554206,0.543403,1.241146,0.587964,1.233617,0.002552,0.003783
0,1.529673,2.220731,0.261317,-0.363397,0.306009,-0.347533,0.002517,0.002488
0,1.327475,1.960871,-0.180005,-0.275618,-0.209566,-0.297074,0.001012,0.002048
0,1.303764,1.311335,-0.048759,-0.636861,-0.002709,-0.625613,0.001426,0.001294
0,1.185409,1.239303,-0.145559,-0.056288,-0.156141,-0.020282,0.003492,0.002551
0,0.783164,0.84209,-0.409906,-0.40113,-0.439543,-0.426284,0.001578,0.002607
0,0.56104,0.64632,-0.222308,-0.19976,-0.20279,-0.168127,0.002298,0.00081
0,0.506049,0.528046,-0.072955,-0.137368,-0.039309,-0.091049,0.003258,0.002874
0,0.370414,0.199381,-0.106073,-0.304916,-0.094148,-0.3129,0.005626,0.00348
0,-0.013869,0.18472,-0.365287,0.011634,-0.397493,0.039021,0.000242,0.003224
0,-0.236382,0.146275,-0.206552,-0.058649,-0.188951,-0.090152,0.004126,0.002553
0,-0.333884,0.169015,-0.111764,0.016147,-0.118928,0.039092,0.005827,0.00295
0,-0.169161,-0.027956,0.189362,-0.176382,0.171026,-0.186694,0.002952,0.000488
0,-0.450139,0.042164,-0.295301,0.074108,-0.339358,0.032383,0.004234,0.000736
0,-0.326553,-0.045948,0.150924,-0.069463,0.146472,-0.026966,0.005699,0.000802
0,-0.249887,0.076566,0.094038,0.103543,0.086894,0.092344,0.004361,0.001336
0,-0.147792,-0.225863,0.098975,-0.326388,0.090792,-0.340442,0.002579,0.003942
0,-0.168421,-0.111062,-0.046711,0.134391,-0.054156,0.095103,0.002939,0.001938
0,-0.092502,-0.037668,0.091835,0.051512,0.04868,0.096822,0.001614,0.000657
0,-0.203856,-0.202018,-0.130921,-0.191389,-0.145187,-0.193246,0.003558,0.003526
0,-0.125817,-0.013256,0.060756,0.21243,0.10288,0.231921,0.002196,0.000231
0,-0.216205,-0.114793,-0.114907,-0.087812,-0.153621,-0.109283,0.003773,0.002004
0,-0.161623,-0.053313,0.034927,0.078102,0.081704,0.11236,0.002821,0.00093
0,-0.194484,0.000592,-0.05925,0.037081,-0.10456,-0.001969,0.003394,1e-05
0,0.00829,-0.155725,0.201677,-0.139988,0.209431,-0.136294,0.000145,0.002718
0,-0.236454,-0.113253,-0.224256,0.070756,-0.252708,0.095973,0.004127,0.001977
0,-0.214524,0.086458,-0.004286,0.171155,0.002461,0.220828,0.003744,0.001509
0,-0.251937,-0.0883,-0.044324,-0.15976,-0.027385,-0.11148,0.004397,0.001541
0,-1.639173,0.985092,-1.398788,1.088056,-1.380959,1.040077,0.004428,0.005103
0,-2.50586,1.199696,-0.882647,0.190919,-0.889321,0.230368,0.004626,0.003242
0,-2.459264,1.301395,0.044511,0.115039,0.024714,0.117741,0.00544,0.001467
0,-3.006765,1.277869,-0.555882,-0.043809,-0.579913,-0.083333,0.004116,0.001878
0,-2.524246,0.740598,0.468758,-0.525616,0.463472,-0.561245,0.004306,0.000835
0,-1.944007,0.876085,0.599262,0.134597,0.644095,0.145886,0.002342,0.0032
0,-1.578018,0.631615,0.362368,-0.220598,0.367847,-0.217658,0.003361,0.001067
0,-1.256331,0.446376,0.318764,-0.161538,0.360356,-0.12072,0.002254,0.0043
0,-0.737874,0.558305,0.541106,0.081993,0.550219,0.046675,0.000788,0.002346
0,-0.400794,0.203272,0.343294,-0.353249,0.362795,-0.401007,0.005095,0.003548
0,-0.04015,0.09914,0.377093,-0.12336,0.37033,-0.10236,0.000701,0.00173
0,0.13148,0.211275,0.182174,0.129531,0.219017,0.174853,0.002295,0.003687
0,0.307506,-0.042845,0.164421,-0.251061,0.164581,-0.212646,0.005367,0.000748
0,0.375303,0.101543,0.053752,0.125683,0.069468,0.094048,0.00554,0.001772
0,0.189556,1.062334,-0.190099,0.975827,-0.18392,0.9385,0.003308,0.00564
0,0.098684,1.124833,-0.074521,0.064838,-0.097227,0.055942,0.001722,0.004549
0,-0.13198,1.556256,-0.22134,0.441399,-0.204954,0.463913,0.002303,0.002981
0,0.038284,1.338588,0.197476,-0.191053,0.23307,-0.178043,0.000668,0.000818
0,-0.181743,1.230224,-0.201416,-0.129709,-0.175338,-0.161542,0.003172,0.00271
0,-0.234684,1.031044,-0.060239,-0.226233,-0.021557,-0.192241,0.004096,0.005905
0,-0.254539,0.95195,-0.009787,-0.093552,0.012726,-0.125133,0.004443,0.004524
0,-0.118832,1.056094,0.160653,0.125795,0.169102,0.145921,0.002074,0.005749
0,-0.062154,0.717687,0.030059,-0.36657,0.043574,-0.414372,0.001085,0.000436
0,-0.119014,0.477503,-0.075845,-0.254581,-0.102499,-0.253695,0.002077,0.003756
0,-0.1976,0.378575,-0.053396,-0.097253,-0.041307,-0.094615,0.003449,0.005483
0,-0.102614,0.141843,0.086257,-0.219519,0.132311,-0.171223,0.001791,0.002476
0,-0.075743,0.05648,0.015341,-0.112448,0.041191,-0.143702,0.001322,0.000986
0,-0.2845,0.010099,-0.195877,-0.022299,-0.225447,-0.033326,0.004965,0.000176
0,-0.323148,-0.160463,-0.042592,-0.159831,-0.032297,-0.155623,0.00564,0.002801
0,-0.16137,-0.151893,0.132629,-0.009758,0.134435,-0.011827,0.002816,0.002651
0,-0.165545,-0.238552,-0.013375,-0.077177,0.021196,-0.052199,0.002889,0.004164
0,-0.134699,-0.135342,0.017741,0.129771,0.059209,0.147984,0.002351,0.002362
0,-0.208084,-0.189025,-0.048396,-0.029675,-0.096463,-0.010896,0.003632,0.003299
0,-0.202378,-0.256072,0.027958,-0.089231,0.011813,-0.08659,0.003532,0.004469
0,-0.271275,-0.258288,-0.069432,0.015195,-0.032663,0.04073,0.004735,0.004508
0,-0.122325,-0.210805,0.138086,0.036135,0.132571,0.019558,0.002135,0.003679
0,-0.136486,-0.176866,0.008737,0.006978,-0.009686,0.016505,0.002382,0.003087
0,-0.088098,-0.062996,0.020393,0.104886,0.01428,0.07063,0.001538,0.001099
0,-0.146156,-0.310352,-0.057449,-0.225013,-0.067195,-0.23776,0.002551,0.005417
0,-0.111442,-0.250589,0.018394,0.037115,0.032299,-0.005326,0.001945,0.004374
0,-0.036035,-0.346799,0.0814,-0.073859,0.06114,-0.063941,0.000629,0.006038
0,-0.221993,-0.171872,-0.214828,0.204628,-0.183153,0.236683,0.003875,0.003
0,-0.14154,0.00467,0.106827,0.199767,0.06234,0.152974,0.00247,8.2e-05
0,-0.037667,0.004178,0.122079,-0.022073,0.151532,-0.020338,0.000657,7.3e-05
0,-0.268854,0.068333,-0.260985,0.084204,-0.234092,0.094215,0.004692,0.001193
0,-0.105378,-0.197521,0.152032,-0.242171,0.107921,-0.253226,0.001839,0.003447
0,-0.066556,-0.095466,0.051388,0.12419,0.019838,0.155859,0.001162,0.001666
0,-0.031653,-0.094182,0.033204,-0.024365,0.008514,-0.047753,0.000552,0.001644
0,-0.020747,0.040775,0.029539,0.115953,0.05713,0.10915,0.000362,0.000712
0,-0.08219,-0.167899,-0.067645,-0.192017,-0.032648,-0.14677,0.001434,0.00293
0,-0.203475,-0.052102,-0.115065,0.11999,-0.11858,0.081354,0.003551,0.000909
0,-0.00527,0.016769,0.187277,0.064678,0.226039,0.095568,9.2e-05,0.000293
0,-0.047986,-0.154291,-0.034058,-0.182911,0.009338,-0.169539,0.000838,0.002693
0,-0.267751,0.072259,-0.198572,0.253849,-0.215868,0.2248,0.004673,0.001261
0,-0.234644,-0.019677,0.051952,-0.083414,0.012763,-0.072957,0.004095,0.000343
0,-0.192713,-0.136369,0.042852,-0.105201,0.071738,-0.066859,0.003363,0.00238
0,-0.217433,0.09445,-0.00136,0.205074,-0.021398,0.220768,0.003795,0.001648
0,-0.280064,0.080947,-0.092591,-0.027507,-0.079026,-0.042655,0.004888,0.001413
0,-0.049511,0.014449,0.256109,-0.085492,0.210178,-0.04633,0.000864,0.000252
0,-0.037594,0.116697,-0.007054,0.080765,-0.028483,0.114656,0.000656,0.002037
0,0.000793,-0.006328,0.02661,-0.104623,0.035656,-0.113881,1.4e-05,0.00011
0,-0.217108,0.127452,-0.234627,0.152335,-0.239221,0.193047,0.003789,0.002224
0,-0.048513,0.068317,0.142532,-0.07434,0.185323,-0.094373,0.000847,0.001192
0,-0.095996,0.106983,-0.068711,0.044763,-0.093273,0.038536,0.001675,0.001867
0,-0.265281,-0.114751,-0.148709,-0.222524,-0.187705,-0.234302,0.00463,0.002003
0,-0.147475,0.114474,0.122727,0.23725,0.076173,0.242934,0.002574,0.001998
0,-0.243786,-0.062058,-0.115696,-0.190221,-0.083865,-0.165836,0.004255,0.001083
0,-0.126197,-0.099175,0.125498,-0.046271,0.154594,-0.059028,0.002203,0.001731
0,-0.212808,0.031799,-0.074293,0.148062,-0.037057,0.176575,0.003714,0.000555
0,-0.186782,-0.063931,0.017443,-0.098971,-0.007432,-0.049106,0.00326,0.001116
0,-0.262067,-0.114512,-0.090982,-0.071209,-0.061509,-0.088459,0.004574,0.001999
0,-0.174534,0.071025,0.11146,0.1804,0.146968,0.210609,0.003046,0.00124
0,-0.284178,-0.096017,-0.09503,-0.195065,-0.08163,-0.165676,0.00496,0.001676
0,-0.041926,-0.087448,0.246203,-0.018043,0.230975,0.014575,0.000732,0.001526
0,-0.24375,0.020884,-0.207392,0.104712,-0.205069,0.135602,0.004254,0.000365
0,-0.146084,-0.020527,0.122297,-0.051278,0.116162,-0.07352,0.00255,0.000358
0,-0.073447,-0.059811,0.047858,-0.021532,0.075667,0.016447,0.001282,0.001044
0,-0.278584,-0.088562,-0.175267,-0.031886,-0.14479,-0.078195,0.004862,0.001546
0,-0.042346,0.023377,0.258318,0.098801,0.231113,0.122202,0.000739,0.000408
0,-0.070075,-0.057129,-0.047997,-0.102762,-0.05174,-0.075911,0.001223,0.000997
0,0.003804,-0.130757,0.07546,-0.101961,0.084252,-0.063596,6.6e-05,0.002282
0,-0.124121,-0.028308,-0.106503,0.09892,-0.087338,0.092143,0.002166,0.000494
0,-0.170474,-0.027749,-0.030574,-0.021399,-0.015365,-0.015028,0.002975,0.000484
0,0.011655,0.08269,0.201382,0.122414,0.232731,0.168739,0.000203,0.001443
0,0.09025,0.065244,0.070531,-0.043404,0.025168,-0.028491,0.001575,0.001139
0,0.023779,0.052269,-0.076373,-0.024573,-0.053519,0.010202,0.000415,0.000912
0,-0.008607,-0.148442,-0.030293,-0.208098,0.003821,-0.209351,0.00015,0.002591
0,0.093613,-0.020068,0.117531,0.14909,0.159612,0.132693,0.001634,0.00035
0,0.085641,-0.074029,0.001711,-0.047749,-0.010244,-0.017976,0.001495,0.001292
0,0.093988,0.030062,0.011211,0.123258,-0.022433,0.161102,0.00164,0.000525
0,0.043999,0.103429,-0.060394,0.08845,-0.028794,0.131076,0.000768,0.001805
0,0.038429,0.145741,0.003654,0.036698,0.014794,0.035222,0.000671,0.002544
0,-0.151913,-0.097232,-0.189482,-0.242186,-0.201429,-0.209362,0.002651,0.001697
0,0.062765,0.149921,0.198431,0.24948,0.173046,0.210183,0.001095,0.002617
0,-0.085893,0.183898,-0.135684,0.008945,-0.119147,-0.022706,0.001499,0.00321
0,0.026952,0.133625,0.142716,-0.038974,0.161076,-0.011976,0.00047,0.002332
0,0.17014,-0.023135,0.169889,-0.175812,0.20336,-0.189901,0.00297,0.000404
0,0.066598,-0.010319,-0.084963,-0.00387,-0.071614,-0.052917,0.001162,0.00018
0,0.107006,0.113423,0.066064,0.119459,0.030292,0.073664,0.001868,0.00198
0,0.244851,0.123138,0.15506,0.019545,0.127359,0.001611,0.004273,0.002149
0,0.059237,0.044404,-0.198639,-0.083464,-0.232709,-0.109206,0.001034,0.000775
0,0.002736,0.005495,-0.027345,-0.032195,-0.053573,0.006064,4.8e-05,9.6e-05
0,0.06944,-0.025377,0.052417,-0.045004,0.088052,-0.046901,0.001212,0.000443
0,0.092951,0.089319,-0.004583,0.103402,0.009112,0.097637,0.001622,0.001559
0,-0.007449,0.031614,-0.096495,-0.05014,-0.091903,-0.002608,0.00013,0.000552
0,0.173525,0.033016,0.161406,0.004121,0.135177,0.011717,0.003029,0.000576
0,0.123997,0.047208,-0.026881,0.021182,0.009722,-0.008401,0.002164,0.000824
0,0.181137,0.134602,0.043363,0.079066,0.042341,0.123215,0.003161,0.002349
0,0.032256,-0.05883,-0.145209,-0.222615,-0.134054,-0.230068,0.000563,0.001027
0,0.093718,-0.04854,0.055832,0.008984,0.042949,-0.005504,0.001636,0.000847
0,0.176023,-0.038247,0.100218,-0.017976,0.106832,-0.009217,0.003072,0.000668
0,0.252005,0.137674,0.076159,0.195565,0.046997,0.236974,0.004398,0.002403
0,0.035134,0.137323,-0.231776,0.021388,-0.184752,0.062794,0.000613,0.002397
0,0.027507,0.149319,0.004381,-0.006105,-0.019034,0.02455,0.00048,0.002606
0,0.129733,-0.119311,0.104391,-0.268415,0.133884,-0.2842,0.002264,0.002082
0,0.02547,0.047946,-0.090312,0.141494,-0.106739,0.191403,0.000445,0.000837
0,0.110804,-0.134023,0.073636,-0.206506,0.105585,-0.190299,0.001934,0.002339
0,0.280223,-0.097096,0.1541,0.053456,0.129262,0.095608,0.004891,0.001695
0,0.178942,-0.139397,-0.105467,-0.035125,-0.096937,-0.045741,0.003123,0.002433
0,0.221698,0.008288,0.013675,0.13274,0.056704,0.166061,0.003869,0.000145
0,-0.009736,0.076697,-0.246687,0.077162,-0.25107,0.041987,0.00017,0.001339
0,0.138233,0.008431,0.127276,-0.098068,0.146645,-0.120235,0.002413,0.000147
0,0.029218,0.09829,-0.121088,0.109658,-0.101571,0.072915,0.00051,0.001715
0,0.053616,-0.123383,-0.003073,-0.193617,0.006374,-0.219699,0.000936,0.002153
0,-0.101746,-0.1502,-0.145621,-0.04565,-0.117399,-0.024443,0.001776,0.002621
0,0.185018,-0.022089,0.267759,0.149587,0.287106,0.101502,0.003229,0.000386
0,-0.023732,-0.04735,-0.198379,-0.0133,-0.191137,0.025252,0.000414,0.000826
0,-0.026907,0.061491,0.005267,0.092233,0.020815,0.077644,0.00047,0.001073
0,0.213254,0.035752,0.265991,0.000347,0.250061,-0.028164,0.003722,0.000624
0,0.094366,-0.066994,-0.113453,-0.114773,-0.146845,-0.113443,0.001647,0.001169
0,0.069792,-0.008928,-0.039338,0.038849,-0.029682,0.060571,0.001218,0.000156
0,0.095429,-0.096239,0.040914,-0.085079,0.072806,-0.072198,0.001666,0.00168
0,0.220405,-0.036624,0.108076,0.059636,0.15221,0.068794,0.003847,0.000639
0,0.316857,0.039157,0.090129,0.079506,0.066933,0.112881,0.00553,0.000683
0,0.247127,0.101294,-0.060994,0.054147,-0.075476,0.073724,0.004313,0.001768
0,0.374989,-0.048652,0.107435,-0.14062,0.112209,-0.135347,0.005546,0.000849
0,0.434019,0.189117,0.07894,0.212493,0.073237,0.177209,0.004515,0.003301
0,0.294634,0.050881,-0.168961,-0.138224,-0.122664,-0.104166,0.005142,0.000888
0,0.352574,-0.027353,0.053086,-0.061925,0.019083,-0.066056,0.005937,0.000477
0,0.268675,0.103906,-0.10961,0.141196,-0.11768,0.13102,0.004689,0.001813
0,0.104088,0.060967,-0.180272,-0.042801,-0.190177,-0.055948,0.001817,0.001064
0,0.342009,-0.011592,0.234374,-0.055885,0.191942,-0.075827,0.005969,0.000202
0,0.333193,-0.131819,0.012246,-0.112816,0.050445,-0.081392,0.005815,0.002301
0,0.109745,-0.069638,-0.193746,0.089666,-0.233001,0.102238,0.001915,0.001215
0,0.036555,-0.142219,-0.10104,-0.062629,-0.115741,-0.083405,0.000638,0.002482
0,0.108862,-0.0816,0.096582,0.072124,0.117958,0.045103,0.0019,0.001424
0,0.170974,0.001923,0.087326,0.054916,0.068803,0.074095,0.002984,3.4e-05
0,0.026842,-0.089927,-0.160288,-0.080456,-0.121734,-0.074802,0.000468,0.00157
0,0.173086,-0.058248,0.127377,0.040868,0.104065,-0.002396,0.003021,0.001017
0,0.284357,-0.079795,0.133726,-0.023139,0.095223,-0.068354,0.004963,0.001393
0,0.209396,-0.041587,-0.079048,0.010075,-0.067005,0.005611,0.003655,0.000726
0,0.072058,-0.173644,-0.155658,-0.140699,-0.182053,-0.145547,0.001258,0.003031
0,0.247015,-0.077552,0.177224,0.099079,0.13864,0.115907,0.004311,0.001354
0,0.258214,-0.113344,0.039719,-0.051765,0.014014,-0.063067,0.004507,0.001978
0,0.178691,-0.048053,-0.097952,0.071839,-0.1281,0.114528,0.003119,0.000839
0,0.02835,0.046889,-0.163264,0.066296,-0.118604,0.07303,0.000495,0.000818
0,0.144269,-0.11936,0.088052,-0.163816,0.0796,-0.126624,0.002518,0.002083
0,0.158301,-0.135266,-0.008062,-0.026711,0.024045,-0.003255,0.002763,0.002361
0,0.17607,-0.119152,0.027556,0.006245,-0.012759,0.011445,0.003073,0.00208
0,0.205948,-0.045705,0.022498,0.070698,0.049885,0.047324,0.003594,0.000798
0,0.236613,0.022819,0.060299,0.040753,0.026012,0.009015,0.00413,0.000398
0,0.28471,-0.180268,0.073748,-0.179042,0.118611,-0.178577,0.004969,0.003146
0,0.156619,-0.10861,-0.104559,0.073974,-0.066787,0.116154,0.002734,0.001896
0,0.209517,0.104069,0.073132,0.224189,0.088235,0.212647,0.003657,0.001816
0,0.176221,-0.078556,-0.026478,-0.157813,-0.075864,-0.114673,0.003076,0.001371
0,0.13719,-0.160029,-0.052168,-0.08364,-0.040084,-0.109522,0.002394,0.002793
0,0.260616,-0.157894,0.13389,-0.019544,0.109399,0.011505,0.004549,0.002756
0,0.072526,-0.104411,-0.179793,0.07665,-0.210938,0.028913,0.001266,0.001822
0,0.180325,-0.162393,0.098541,-0.047724,0.111878,-0.087753,0.003147,0.002834
0,0.291301,-0.164969,0.09147,-0.004534,0.100722,0.004912,0.005084,0.002879
0,0.189896,-0.030985,-0.104706,0.125529,-0.057368,0.117547,0.003314,0.000541
0,0.131814,-0.012242,-0.085536,0.013325,-0.051809,0.01962,0.002301,0.000214
0,0.308442,-0.190791,0.151929,-0.150829,0.149351,-0.116682,0.005383,0.00333
0,0.390416,-0.091192,0.067635,0.127485,0.030139,0.137587,0.005276,0.001592
0,0.14788,-0.058155,-0.264431,0.050729,-0.262818,0.05845,0.002581,0.001015
0,0.190791,-0.035369,0.070508,0.029143,0.109902,-0.015723,0.00333,0.000617
0,0.344563,-0.058114,0.150682,-0.018276,0.170073,-0.042142,0.006014,0.001014
0,0.235739,-0.062692,-0.092125,0.018242,-0.09455,0.005932,0.004114,0.001094
0,0.161634,0.10944,-0.066168,0.148882,-0.057453,0.150954,0.002821,0.00191
0,0.163448,-0.056957,-0.024826,-0.165883,-0.065381,-0.172559,0.002853,0.000994
0,0.361242,0.095822,0.21218,0.160305,0.199644,0.127511,0.005786,0.001672
0,0.068097,-0.146599,-0.284471,-0.23198,-0.293104,-0.258972,0.001189,0.002559
0,0.341371,-0.206603,0.284436,-0.072602,0.289296,-0.068164,0.005958,0.003606
0,0.365193,-0.127108,0.008439,0.081545,-0.027729,0.120503,0.005717,0.002218
0,0.330896,-0.146982,-0.043824,0.008403,-0.051253,0.027302,0.005775,0.002565
0,0.313381,-0.170827,-0.004246,-0.025448,0.003955,-0.012299,0.00547,0.002981
0,0.119648,-0.172427,-0.198169,0.011042,-0.19158,0.028957,0.002088,0.003009
0,0.19961,0.01813,0.074126,0.191858,0.040632,0.143931,0.003484,0.000316
0,0.369431,-0.090778,0.168695,-0.113949,0.139402,-0.124928,0.005643,0.001584
0,0.416951,-0.038244,0.027054,0.031165,0.034232,0.049449,0.004813,0.000667
0,0.437255,-0.037407,0.036109,0.027732,0.085921,0.027384,0.004459,0.000653
0,0.265362,0.043701,-0.176509,0.059824,-0.221529,0.048575,0.004631,0.000763
0,0.425798,-0.160989,0.180544,-0.203478,0.147137,-0.212174,0.004659,0.00281
0,0.190271,-0.153469,-0.242177,-0.014806,-0.200367,-0.039647,0.003321,0.002679
0,0.123139,-0.149071,-0.096905,-0.011669,-0.054077,0.011956,0.002149,0.002602
0,0.091789,-0.158692,-0.04776,-0.025402,-0.059752,-0.002745,0.001602,0.00277
0,0.176386,0.067549,0.08967,0.197151,0.071875,0.197028,0.003079,0.001179
0,0.262063,-0.079502,0.094696,-0.139862,0.095281,-0.152664,0.004574,0.001388
0,0.110076,0.057402,-0.178717,0.107997,-0.13435,0.080716,0.001921,0.001002
0,0.019237,-0.061466,-0.091304,-0.102185,-0.089486,-0.055938,0.000336,0.001073
0,0.143643,-0.125642,0.112665,-0.053259,0.104503,-0.008464,0.002507,0.002193
0,0.021737,0.105792,-0.115282,0.249831,-0.11137,0.233404,0.000379,0.001846
0,0.216049,-0.030485,0.181094,-0.144573,0.164657,-0.146393,0.003771,0.000532
0,0.177111,0.136378,-0.059718,0.185114,-0.044717,0.202706,0.003091,0.00238
0,0.139114,-0.088548,-0.019892,-0.206889,-0.041816,-0.231847,0.002428,0.001545
0,0.167341,0.132084,0.021422,0.225211,0.051629,0.261414,0.002921,0.002305
0,0.181732,0.079587,0.034847,-0.069553,0.048964,-0.060001,0.003172,0.001389
0,-0.055066,-0.095708,-0.210036,-0.171868,-0.187661,-0.205315,0.000961,0.00167
0,0.237294,-0.04672,0.27884,0.041213,0.289411,0.049703,0.004142,0.000815
0,0.016684,0.155002,-0.205918,0.214065,-0.210302,0.187577,0.000291,0.002705
0,0.07317,-0.024772,0.045834,-0.175608,0.001049,-0.177385,0.001277,0.000432
0,0.199912,0.049879,0.15002,0.080361,0.112598,0.094028,0.003489,0.000871
0,0.04703,0.092808,-0.147183,0.054549,-0.18896,0.100882,0.000821,0.00162
0,0.168537,0.174438,0.103576,0.078815,0.057872,0.093449,0.002942,0.003045
0,0.293861,-0.072948,0.100282,-0.269437,0.11712,-0.263483,0.005129,0.001273
0,0.327249,0.172907,0.04605,0.247406,0.050826,0.20607,0.005712,0.003018
0,0.269246,0.049963,-0.055349,-0.100674,-0.04771,-0.098379,0.004699,0.000872
0,0.189047,0.181233,-0.065146,0.116008,-0.099827,0.125021,0.003299,0.003163
0,0.183545,0.061902,-0.021002,-0.139857,0.013979,-0.090463,0.003203,0.00108
0,0.090919,-0.084756,-0.106204,-0.120201,-0.134002,-0.156556,0.001587,0.001479
0,0.231677,0.198883,0.115939,0.290151,0.138119,0.248388,0.004044,0.003471
0,0.233508,-0.02768,0.015857,-0.245935,0.037545,-0.201295,0.004075,0.000483
0,0.108456,0.21679,-0.111167,0.245709,-0.10397,0.21892,0.001893,0.003784
0,0.086675,0.191629,-0.047035,0.00236,-0.049076,-0.008597,0.001513,0.003345
0,0.085541,-0.034721,0.022262,-0.206221,0.055793,-0.162752,0.001493,0.000606
0,0.151374,0.1994,0.044034,0.213323,0.010726,0.243527,0.002642,0.00348
0,0.27285,-0.094567,0.102818,-0.289801,0.088347,-0.246059,0.004762,0.001651
0,0.084469,-0.072397,-0.167523,-0.000725,-0.134401,-0.042383,0.001474,0.001264
0,0.098512,-0.059325,0.014821,-0.005914,0.028131,0.003406,0.001719,0.001035
0,0.126738,0.10169,0.031423,0.178516,-0.009145,0.211783,0.002212,0.001775
0,0.187235,0.098666,0.041952,0.024761,0.041418,-0.005698,0.003268,0.001722
0,0.14109,0.011867,-0.052325,-0.082967,-0.09169,-0.118493,0.002462,0.000207
0,0.243051,0.102994,0.117857,0.084488,0.149735,0.067994,0.004242,0.001798
0,-0.053685,0.061686,-0.295233,-0.028036,-0.331711,0.021772,0.000937,0.001077
0,0.156787,-0.089461,0.204201,-0.169727,0.155959,-0.141825,0.002736,0.001561
0,0.186803,-0.066372,0.048982,0.011603,0.035637,0.038715,0.00326,0.001158
0,0.07054,-0.025517,-0.10051,0.035866,-0.067497,0.010538,0.001231,0.000445
0,-0.061378,-0.019808,-0.142176,-0.013243,-0.189189,-0.02824,0.001071,0.000346
0,-0.047161,0.008524,-0.013734,0.042913,0.001918,0.05192,0.000823,0.000149
0,-0.034602,-0.06503,0.035098,-0.102177,0.019598,-0.111277,0.000604,0.001135
0,-0.14383,-0.009653,-0.118747,0.048235,-0.082279,0.004033,0.00251,0.000168
0,0.062514,0.078799,0.234201,0.074416,0.268631,0.042438,0.001091,0.001375
0,-0.023832,0.152829,-0.107795,0.090609,-0.084061,0.094629,0.000416,0.002667
0,-0.161443,0.019563,-0.140501,-0.141303,-0.100199,-0.162002,0.002818,0.000341
0,0.059699,-0.048649,0.222638,-0.065919,0.190293,-0.071656,0.001042,0.000849
0,-0.176774,0.07617,-0.225251,0.142849,-0.186569,0.151984,0.003085,0.001329
0,-0.090927,0.160687,0.070176,0.059586,0.053108,0.029063,0.001587,0.002805
0,0.130328,-0.060115,0.198308,-0.20774,0.184916,-0.183097,0.002275,0.001049
0,-0.051564,-0.069891,-0.169806,-0.004937,-0.157138,0.021419,0.0009,0.00122
0,0.131125,0.071034,0.161525,0.154464,0.184061,0.183994,0.002289,0.00124
0,0.074801,-0.078241,-0.038169,-0.154701,-0.028371,-0.160658,0.001306,0.001366
0,-0.07439,0.158094,-0.172922,0.213172,-0.1712,0.218203,0.001298,0.002759
0,0.170221,0.150478,0.23871,-0.011067,0.218139,0.001208,0.002971,0.002626
0,0.194209,-0.041095,0.004579,-0.175061,0.021365,-0.132547,0.00339,0.000717
0,0.105149,-0.085293,-0.066778,-0.060666,-0.08181,-0.107649,0.001835,0.001489
0,0.146355,-0.021503,0.017192,0.091685,0.006922,0.08585,0.002554,0.000375
0,0.190957,-0.016116,0.025358,-0.008697,-0.007132,-0.03165,0.003333,0.000281
0,0.078394,-0.013519,-0.097955,0.015002,-0.091552,0.024347,0.001368,0.000236
0,1.958282,-0.558983,1.901812,-0.555195,1.913599,-0.508403,0.002093,0.002334
0,3.571001,-1.093777,1.634377,-0.528831,1.585853,-0.543708,0.001873,0.005091
0,3.745579,-0.79904,0.20363,0.274138,0.22855,0.227023,0.00492,0.001855
0,4.161956,-0.593504,0.438217,0.197351,0.463074,0.208164,9.7e-05,0.001732
0,3.913649,-0.390224,-0.223737,0.228661,-0.27278,0.199737,0.004237,0.00528
0,2.605415,-0.62681,-1.326682,-0.209595,-1.338471,-0.233764,0.002889,0.001151
0,1.550742,-0.239128,-1.044652,0.40851,-1.081208,0.41718,0.002885,0.004174
0,0.74758,-0.201597,-0.782429,0.052128,-0.767774,0.088058,0.000957,0.003519
0,0.264514,-0.125611,-0.465133,0.061036,-0.443814,0.074741,0.004617,0.002192
0,0.076657,-0.325227,-0.183756,-0.203749,-0.210667,-0.232546,0.001338,0.005676
0,-0.098313,-0.075203,-0.199113,0.260706,-0.242474,0.258903,0.001716,0.001313
0,-0.074039,-0.080142,-0.00174,-0.033582,0.03162,-0.082775,0.001292,0.001399
0,-0.296885,-0.166812,-0.215864,-0.067177,-0.234348,-0.054376,0.005182,0.002911
0,-0.319836,-0.122873,-0.013667,0.051584,0.031767,0.093256,0.005582,0.002145
0,-0.25044,-0.245578,0.041842,-0.126658,0.057876,-0.091602,0.004371,0.004286
0,-0.325952,-0.121595,-0.091461,0.142695,-0.066383,0.146133,0.005689,0.002122
0,-0.399407,-0.174186,-0.070627,-0.033047,-0.101191,-0.06819,0.00512,0.00304
0,-0.172738,-0.075808,0.212076,0.102437,0.20679,0.143713,0.003015,0.001323
0,-0.208981,-0.060715,-0.015582,0.015986,0.013732,0.039578,0.003647,0.00106
0,-0.30159,-0.158068,-0.064208,-0.114484,-0.055527,-0.087535,0.005264,0.002759
0,-0.369563,-0.175174,-0.078409,0.006965,-0.063022,-0.029084,0.00564,0.003057
0,-0.214761,-0.153861,0.181462,-0.007747,0.21605,-0.020777,0.003748,0.002685
0,-0.374116,-0.116707,-0.169904,0.051199,-0.204043,0.005317,0.005561,0.002037
0,-0.319867,0.015981,0.082002,0.133893,0.119102,0.112396,0.005583,0.000279
0,-0.131061,-0.176371,0.169007,-0.221069,0.153937,-0.184532,0.002287,0.003078
0,-0.208682,-0.199061,-0.085761,-0.009139,-0.096839,0.008032,0.003642,0.003474
0,-0.097237,-0.191015,0.104378,0.010135,0.059198,0.040904,0.001697,0.003334
0,-0.282008,0.048222,-0.198007,0.256534,-0.241661,0.240639,0.004922,0.000842
0,-0.147642,0.069351,0.162619,0.048614,0.132118,0.00224,0.002577,0.00121
0,-0.302466,-0.043665,-0.176549,-0.117329,-0.2219,-0.140734,0.005279,0.000762
0,-0.073717,-0.013532,0.211393,0.052103,0.215981,0.082636,0.001287,0.000236
0,-0.389786,-0.110162,-0.290562,-0.086691,-0.274509,-0.127752,0.005287,0.001923
0,-0.230591,-0.123909,0.139222,-0.03706,0.17666,-0.062763,0.004025,0.002163
0,-0.305382,0.077779,-0.089402,0.182937,-0.12885,0.168439,0.00533,0.001357
0,-0.37859,0.021331,-0.088111,-0.081428,-0.054815,-0.09467,0.005483,0.000372
0,-0.39362,-0.003385,-0.00605,-0.052245,-5.5e-05,-0.034233,0.005221,5.9e-05
0,-0.111267,-0.05355,0.27615,-0.075651,0.29735,-0.048166,0.001942,0.000935
0,-0.188579,-0.169286,-0.072704,-0.101855,-0.104172,-0.095519,0.003291,0.002955
0,-0.251296,0.080162,-0.035191,0.232223,-0.067808,0.239396,0.004386,0.001399
0,-0.329807,-0.03054,-0.070202,-0.084958,-0.032855,-0.075041,0.005756,0.000533
0,-0.138917,-0.071214,0.176032,-0.058662,0.207305,-0.102292,0.002425,0.001243
0,-0.356983,-0.156426,-0.234819,-0.074294,-0.253799,-0.077225,0.00586,0.00273
0,-0.085927,0.02719,0.244456,0.207339,0.259054,0.241171,0.0015,0.000475
0,-0.258146,0.025591,-0.157875,-0.016311,-0.161871,-0.013547,0.004506,0.000447
0,-0.127441,0.082167,0.156359,0.085815,0.203528,0.061857,0.002224,0.001434
0,-0.217582,0.068311,-0.064399,-0.020455,-0.07448,-0.035932,0.003798,0.001192
0,-0.308939,0.054886,-0.077614,0.012236,-0.050384,0.00276,0.005392,0.000958
0,-0.111571,-0.135442,0.180683,-0.219672,0.162416,-0.212227,0.001947,0.002364
0,-0.233367,-0.05875,-0.143323,0.080636,-0.144923,0.078493,0.004073,0.001025
0,-0.246633,-0.227616,0.016109,-0.188728,0.056014,-0.229254,0.004305,0.003973
0,-0.14659,0.02158,0.09435,0.229795,0.104577,0.218917,0.002558,0.000377
0,-0.024456,-0.08747,0.1076,-0.100825,0.095822,-0.097126,0.000427,0.001527
0,-0.097093,-0.037537,-0.100407,0.033006,-0.104027,0.010975,0.001695,0.000655
0,-0.170084,-0.197176,-0.050655,-0.18092,-0.037319,-0.169595,0.002969,0.003441
0,-0.086115,-0.1509,0.076668,0.039997,0.083447,0.07464,0.001503,0.002634
0,-0.148292,-0.16895,-0.089848,-0.034814,-0.074889,-0.026225,0.002588,0.002949
0,-0.10895,-0.099907,0.021338,0.067007,0.06571,0.083751,0.001902,0.001744
0,-0.119866,-0.093153,-0.029802,0.005268,-0.008569,-0.036799,0.002092,0.001626
0,-0.123434,-0.178297,0.01677,-0.08516,0.045003,-0.064288,0.002154,0.003112
0,-0.114499,0.046285,0.007448,0.237627,0.024761,0.240127,0.001998,0.000808
0,0.015721,0.041395,0.136497,-0.01365,0.117881,0.032818,0.000274,0.000722
0,-0.058718,-0.102733,-0.063884,-0.160653,-0.109764,-0.200739,0.001025,0.001793
0,0.062808,-0.103408,0.100479,0.027205,0.087402,0.052297,0.001096,0.001805
0,-0.132207,-0.210781,-0.182209,-0.109338,-0.21647,-0.07802,0.002307,0.003679
0,-0.080677,-0.031593,0.079641,0.180314,0.095182,0.214326,0.001408,0.000551
0,-0.126627,-0.055192,-0.034588,-0.039643,-0.053875,-0.074561,0.00221,0.000963
0,-0.171234,0.02122,-0.050846,0.098157,-0.019546,0.145984,0.002989,0.00037
0,-0.075873,0.061062,0.082325,0.065647,0.092317,0.098396,0.001324,0.001066
0,0.05046,0.06434,0.15519,-0.017362,0.172795,-0.06119,0.000881,0.001123
0,-0.107382,-0.226322,-0.184438,-0.293227,-0.226115,-0.316096,0.001874,0.00395
0,-0.085088,0.001766,0.001978,0.229374,-0.025676,0.266319,0.001485,3.1e-05
0,0.117044,-0.004231,0.210227,-0.015832,0.17264,-0.06387,0.002043,7.4e-05
0,-0.024695,-0.147576,-0.149077,-0.165393,-0.108567,-0.189155,0.000431,0.002576
0,0.109988,-0.00203,0.134112,0.142613,0.109774,0.121524,0.00192,3.5e-05
0,0.091105,0.029025,-0.03987,0.01862,-0.068112,0.053979,0.00159,0.000507
0,-0.020519,-0.075754,-0.116117,-0.084771,-0.130325,-0.05608,0.000358,0.001322
0,-0.027897,0.105096,-0.005566,0.173789,-0.039254,0.18166,0.000487,0.001834
0,-0.05041,0.125262,-0.03721,0.041082,0.004255,0.052262,0.00088,0.002186
0,0.096704,-0.015167,0.127851,-0.157321,0.090086,-0.110517,0.001688,0.000265
0,0.056735,0.030398,-0.045867,0.069214,-0.066398,0.044393,0.00099,0.000531
0,-0.031564,0.01996,-0.110786,-0.028255,-0.088301,-0.043137,0.000551,0.000348
0,0.114073,-0.06577,0.161137,-0.061671,0.114553,-0.03904,0.001991,0.001148
0,0.054432,-0.019709,-0.050697,0.04907,-0.068243,0.094668,0.00095,0.000344
0,-0.105649,-0.122296,-0.16101,-0.094925,-0.207139,-0.073807,0.001844,0.002134
0,-0.036801,-0.055049,0.040453,0.072591,-0.006131,0.10648,0.000642,0.000961
0,0.103211,0.042272,0.137203,0.090472,0.093547,0.130868,0.001801,0.000738
0,0.078014,-0.052223,-0.043095,-0.085067,-0.055558,-0.047128,0.001362,0.000911
0,-0.151489,0.133689,-0.247205,0.199799,-0.286782,0.165484,0.002644,0.002333
0,-0.032814,0.132334,0.101732,0.008718,0.091602,0.055484,0.000573,0.00231
0,-0.107324,0.098082,-0.076036,-0.009735,-0.053299,0.02994,0.001873,0.001712
0,0.003988,-0.080118,0.100643,-0.202278,0.092173,-0.17692,7e-05,0.001398
0,0.00412,0.036472,-0.011271,0.098855,-0.025464,0.06213,7.2e-05,0.000637
0,0.092363,-0.099393,0.085127,-0.147716,0.076862,-0.157162,0.001612,0.001735
0,0.073474,0.041258,-0.035954,0.13082,-0.024636,0.161612,0.001282,0.00072
0,-0.120986,-0.053969,-0.203808,-0.068506,-0.166277,-0.101177,0.002112,0.000942
0,0.132386,-0.104788,0.242002,-0.026965,0.291748,-0.016092,0.002311,0.001829
0,-0.084329,0.073828,-0.211431,0.150813,-0.167887,0.109896,0.001472,0.001289
0,0.092984,-0.001065,0.178195,-0.071922,0.170643,-0.057684,0.001623,1.9e-05
0,-0.011938,-0.035766,-0.081535,-0.037221,-0.109687,0.011415,0.000208,0.000624
0,-0.038381,0.102664,-0.017729,0.150226,-0.008777,0.115031,0.00067,0.001792
0,-0.043026,-0.036814,-0.02074,-0.147981,-0.035401,-0.157169,0.000751,0.000643
0,0.06116,-0.125852,0.082942,-0.076585,0.12315,-0.026739,0.001067,0.002197
0,0.02653,0.157481,-0.012603,0.276441,-0.025169,0.261985,0.000463,0.002749
0,0.18241,0.147763,0.185119,0.013019,0.167298,0.002502,0.003184,0.002579
0,0.195431,0.055117,0.013576,-0.11251,-0.009519,-0.124021,0.003411,0.000962
0,0.166766,0.114876,-0.040874,0.05506,-0.085988,0.017957,0.002911,0.002005
0,0.076374,0.037851,-0.093248,-0.079136,-0.13034,-0.033463,0.001333,0.000661
0,-1.047076,0.987599,-1.142364,0.941957,-1.140554,0.934729,0.005906,0.005146
0,-2.421615,1.179323,-1.367446,0.191528,-1.337143,0.153823,0.005994,0.003598
0,-2.540631,1.659779,-0.128602,0.473658,-0.13017,0.487818,0.00402,0.004788
0,-3.098434,1.949094,-0.587741,0.269972,-0.637639,0.279965,0.005716,0.002253
0,-3.042339,1.86636,0.048305,-0.055084,0.008545,-0.070449,0.004737,0.003697
0,-2.897194,1.570163,0.116093,-0.31857,0.103672,-0.310324,0.002204,0.003224
0,-2.432298,1.256442,0.47282,-0.33849,0.448794,-0.295454,0.00591,0.002252
0,-1.709547,1.015681,0.735171,-0.226019,0.767702,-0.230201,0.005656,0.005636
0,-0.98279,0.938313,0.712941,-0.089833,0.753167,-0.11096,0.005062,0.004286
0,-0.657167,0.623465,0.29988,-0.325269,0.342292,-0.347238,0.000621,0.001209
0,-0.42063,0.646443,0.22578,-0.006663,0.207396,-0.015923,0.004749,0.000808
0,0.040746,0.410299,0.439765,-0.210663,0.420007,-0.176293,0.000711,0.004929
0,0.064529,0.117371,0.022203,-0.304967,-0.003177,-0.352075,0.001126,0.002049
0,0.183777,-0.068529,0.117982,-0.186213,0.139866,-0.173637,0.003208,0.001196
0,0.34702,-0.129402,0.146658,-0.060046,0.182818,-0.106375,0.006034,0.002258
0,0.244066,-0.209769,-0.096198,-0.069127,-0.106817,-0.055464,0.00426,0.003661
0,0.306331,-0.320643,0.047103,-0.109333,0.023996,-0.08992,0.005346,0.005596
0,0.209856,-0.26163,-0.117179,0.054856,-0.070748,0.049216,0.003663,0.004566
0,0.160854,-0.283209,-0.037646,-0.000477,-0.033428,0.042482,0.002807,0.004943
0,0.2292,-0.526746,0.053285,-0.254803,0.005236,-0.214133,0.004,0.002897
0,0.362974,-0.462372,0.135715,0.038339,0.123903,0.056471,0.005755,0.004021
0,0.183715,-0.20207,-0.166851,0.261845,-0.126031,0.240228,0.003206,0.003527
0,0.151484,-0.04823,-0.041812,0.167402,-0.043825,0.177031,0.002644,0.000842
0,0.059439,0.000771,-0.097956,0.06092,-0.049292,0.07093,0.001037,1.3e-05
0,0.028212,-0.140928,-0.007654,-0.119597,-0.036262,-0.083439,0.000492,0.00246
0,0.171526,-0.160074,0.151399,-0.024407,0.182061,-0.035503,0.002994,0.002794
0,0.110113,-0.149722,-0.084135,-0.016241,-0.058032,-0.025178,0.001922,0.002613
0,-0.001571,-0.09103,-0.090856,0.043611,-0.051628,0.064834,2.7e-05,0.001589
0,0.045322,-0.183961,0.034668,-0.095543,0.080744,-0.074017,0.000791,0.003211
0,-0.054291,0.006809,-0.0993,0.177644,-0.101761,0.226368,0.000948,0.000119
0,0.082352,-0.029323,0.138503,-0.064545,0.095916,-0.075691,0.001437,0.000512
0,-0.020278,-0.031371,-0.078327,-0.005137,-0.051754,-0.045897,0.000354,0.000548
0,0.108804,-0.029937,0.1025,0.016325,0.082203,0.000737,0.001899,0.000522
0,0.057435,-0.070202,-0.063852,-0.051469,-0.113117,-0.072919,0.001002,0.001225
0,0.075119,0.003536,0.036182,0.09431,0.069539,0.069119,0.001311,6.2e-05
0,0.165909,-0.056993,0.104244,-0.070391,0.144575,-0.092324,0.002896,0.000995
0,0.122254,0.098054,-0.050837,0.147664,-0.064939,0.174474,0.002134,0.001711
0,0.219761,-0.088596,0.08305,-0.159809,0.040025,-0.122068,0.003836,0.001546
0,-0.067019,-0.048515,-0.271207,0.060096,-0.31071,0.085999,0.00117,0.000847
0,0.162057,-0.062008,0.203028,-0.017136,0.233323,-0.05094,0.002828,0.001082
0,0.098051,-0.09245,-0.058549,-0.012938,-0.087844,0.017353,0.001711,0.001614
0,0.145319,-0.039208,0.017386,0.049198,0.011072,0.058371,0.002536,0.000684
0,0.046064,0.111294,-0.07947,0.158328,-0.121259,0.145679,0.000804,0.001942
0,0.036485,0.038833,-0.034043,-0.093484,-0.028829,-0.093077,0.000637,0.000678
0,0.047143,-0.080131,0.039605,-0.091679,0.038191,-0.093979,0.000823,0.001399
0,0.005659,-0.143968,-0.038818,-0.069228,-0.053892,-0.10088,9.9e-05,0.002513
0,-0.055698,0.114876,-0.089684,0.277098,-0.055201,0.277248,0.000972,0.002005
0,0.183029,0.089585,0.21905,-0.042486,0.184379,-0.076427,0.003194,0.001564
0,0.191812,-0.072358,-0.003334,-0.139181,0.021018,-0.089862,0.003348,0.001263
0,0.182281,0.038194,-0.025591,0.083034,-0.040917,0.102372,0.003181,0.000667
0,0.150984,-0.167684,-0.026301,-0.203967,-0.005993,-0.221741,0.002635,0.002927
0,0.060448,0.047521,-0.088144,0.208143,-0.050432,0.219847,0.001055,0.000829
0,0.271539,-0.042367,0.191411,-0.092561,0.164228,-0.087556,0.004739,0.000739
0,0.161292,0.03952,-0.133445,0.093796,-0.091665,0.046075,0.002815,0.00069
0,0.1461,-0.034256,-0.037163,-0.077693,-0.07744,-0.046714,0.00255,0.000598
0,0.110863,-0.164665,-0.043033,-0.106644,-0.049898,-0.131174,0.001935,0.002874
0,0.11052,0.071482,-0.004989,0.220987,-0.019843,0.205683,0.001929,0.001248
0,0.139301,-0.145648,0.05603,-0.201563,0.105619,-0.23638,0.002431,0.002542
0,0.078541,0.057572,-0.077236,0.182247,-0.122456,0.132714,0.001371,0.001005
0,0.114309,-0.113311,0.028961,-0.182353,0.023399,-0.172231,0.001995,0.001978
0,0.01826,-0.003128,-0.116605,0.100973,-0.086174,0.120372,0.000319,5.5e-05
0,0.054951,-0.140133,0.045306,-0.158753,0.055112,-0.132986,0.000959,0.002446
0,0.103017,-0.08031,0.021254,0.081123,0.069435,0.124967,0.001798,0.001402
0,-0.061514,-0.088433,-0.142252,-0.033689,-0.128102,-0.003147,0.001074,0.001543
0,0.044906,-0.139367,0.077508,-0.065714,0.09828,-0.065714,0.000784,0.002432
0,0.001009,-0.134816,-0.03472,0.002387,-0.061592,-0.018886,1.8e-05,0.002353
0,-0.070391,-0.057152,-0.079613,0.086759,-0.048797,0.045483,0.001229,0.000997
0,0.043347,-0.214215,0.084842,-0.177132,0.044576,-0.196827,0.000757,0.003739
0,-0.047367,0.040853,-0.073701,0.247724,-0.102303,0.279642,0.000827,0.000713
0,-0.099989,0.008608,-0.041533,-0.008908,-0.068338,-0.005028,0.001745,0.00015
0,0.020391,-0.01738,0.135345,-0.047642,0.180242,-0.069005,0.000356,0.000303
0,0.013863,-0.027696,-0.014682,-0.04002,0.017809,-0.035938,0.000242,0.000483
0,-0.196184,-0.138198,-0.203625,-0.084986,-0.251329,-0.088106,0.003424,0.002412
0,-0.156723,-0.126664,0.041957,-0.017345,0.091381,-0.016054,0.002735,0.002211
0,-0.049707,-0.023956,0.088375,0.109028,0.064283,0.149047,0.000868,0.000418
0,-0.019619,-0.014157,0.047898,0.021703,0.017522,0.065151,0.000342,0.000247
0,0.090739,0.091868,0.106622,0.124404,0.089182,0.096383,0.001584,0.001603
0,0.102389,-0.02818,0.024511,-0.117368,-0.015006,-0.121043,0.001787,0.000492
0,-0.121229,-0.196919,-0.205687,-0.184857,-0.161825,-0.142219,0.002116,0.003437
0,0.04559,-0.188662,0.175207,0.003788,0.133341,0.044255,0.000796,0.003293
0,-0.137487,-0.023941,-0.159023,0.184019,-0.17372,0.228775,0.0024,0.000418
0,0.134721,0.02463,0.270358,0.047646,0.267235,0.016338,0.002351,0.00043
0,-0.070228,-0.056018,-0.195872,-0.104974,-0.168578,-0.119562,0.001226,0.000978
0,-0.020564,-0.068898,0.021777,-0.030747,0.01682,-0.055541,0.000359,0.001202
0,0.137375,0.113274,0.170826,0.163228,0.131193,0.133787,0.002398,0.001977
0,0.098846,0.046502,-0.026912,-0.085855,-0.015318,-0.124166,0.001725,0.000812
0,0.243844,-0.112152,0.154793,-0.181339,0.115855,-0.139274,0.004256,0.001957
0,0.090841,-0.159292,-0.171566,-0.017749,-0.128413,-0.01929,0.001585,0.00278
0,0.003076,0.065195,-0.095355,0.199902,-0.133997,0.149932,5.4e-05,0.001138
0,0.190691,-0.171642,0.211387,-0.258956,0.207972,-0.209719,0.003328,0.002996
0,0.080439,-0.016743,-0.090423,0.177121,-0.138011,0.158307,0.001404,0.000292
0,0.004701,-0.127337,-0.051625,-0.103386,-0.093243,-0.137429,8.2e-05,0.002222
0,-0.125305,5.9e-05,-0.110654,0.118049,-0.118674,0.136438,0.002187,1e-06
0,0.084247,-0.023616,0.231397,-0.000495,0.230885,0.019271,0.00147,0.000412
0,-0.060696,0.062203,-0.169187,0.070825,-0.1766,0.053251,0.001059,0.001086
0,-0.066109,-0.048243,-0.025385,-0.110204,-0.063518,-0.131292,0.001154,0.000842
0,-0.109982,-0.189556,-0.047323,-0.118853,-0.059383,-0.075654,0.00192,0.003308
0,-1.023984,1.848236,-0.912959,2.040445,-0.919585,2.073143,0.005781,0.004014
0,-1.901606,2.486636,-0.873523,0.631677,-0.870957,0.642234,0.003082,0.004962
0,-2.333488,2.172354,-0.44818,-0.307602,-0.400585,-0.296995,0.004456,0.001643
0,-2.138536,2.181642,0.206135,0.011039,0.199651,0.010377,0.001053,0.001805
0,-1.740716,1.714464,0.373897,-0.454507,0.34003,-0.474858,0.00589,0.005742
0,-1.479067,1.708337,0.256732,-0.004682,0.229538,-0.022907,0.001634,0.005635
0,-0.878804,1.401559,0.599588,-0.285356,0.555454,-0.275087,0.003248,0.000281
0,-0.460515,0.859961,0.416511,-0.532054,0.38131,-0.510095,0.004053,0.002919
0,-0.483261,0.512959,-0.023556,-0.350472,-0.010781,-0.341667,0.003656,0.003138
0,-0.225066,0.191063,0.275596,-0.347735,0.296748,-0.330688,0.003928,0.003335
0,-0.017067,0.192491,0.193486,-0.027919,0.235201,-0.063152,0.000298,0.00336
0,0.105603,0.153721,0.14097,-0.033981,0.097735,-0.036412,0.001843,0.002683
0,0.327816,-0.135367,0.233456,-0.264174,0.248561,-0.237669,0.005721,0.002363
0,0.360997,0.10985,0.017973,0.236446,0.00477,0.198268,0.00579,0.001917
0,0.263173,0.001982,-0.102955,-0.113582,-0.066601,-0.101122,0.004593,3.5e-05
0,0.319618,-0.105978,0.030883,-0.082343,0.075085,-0.121022,0.005578,0.00185
0,0.270733,-0.025758,-0.02943,0.071505,-0.04896,0.056643,0.004725,0.00045
0,0.074978,-0.031482,-0.218962,-0.029304,-0.221326,-0.020528,0.001309,0.000549
0,0.175358,-0.212624,0.10287,-0.199875,0.149157,-0.168189,0.003061,0.003711
0,0.058198,0.023154,-0.10559,0.227978,-0.059763,0.206554,0.001016,0.000404
0,0.158214,-0.149045,0.128396,-0.170599,0.078765,-0.161115,0.002761,0.002601
0,0.045166,0.020382,-0.137214,0.171795,-0.168071,0.155792,0.000788,0.000356
0,0.157034,0.082147,0.098569,0.046401,0.050227,0.05889,0.002741,0.001434
0,0.092909,-0.008175,-0.076174,-0.083784,-0.042403,-0.062959,0.001622,0.000143
0,0.018887,-0.119323,-0.050203,-0.138305,-0.091933,-0.183502,0.00033,0.002083
0,0.179406,0.139722,0.154993,0.268033,0.121622,0.235514,0.003131,0.002439
0,-0.080889,0.164877,-0.290076,0.005504,-0.339606,0.018948,0.001412,0.002878
0,-0.0599,0.077912,0.009457,-0.112541,-0.022992,-0.084546,0.001045,0.00136
0,-0.019082,0.037545,0.016381,-0.068608,-0.010775,-0.02127,0.000333,0.000655
0,0.020023,-0.053943,0.041426,-0.075394,0.049473,-0.099177,0.000349,0.000941
0,-0.152204,-0.028933,-0.153165,0.052103,-0.198335,0.017383,0.002656,0.000505
0,-0.017371,-0.007549,0.152169,-0.004132,0.139483,0.001009,0.000303,0.000132
0,0.058613,0.153667,0.048212,0.14958,0.091052,0.110986,0.001023,0.002682
0,0.124182,-0.098654,0.07015,-0.225844,0.032884,-0.252984,0.002167,0.001722
0,0.080292,-0.041483,-0.037396,0.058681,-0.072751,0.100393,0.001401,0.000724
0,-0.058929,-0.128976,-0.130597,-0.0677,-0.100162,-0.067368,0.001029,0.002251
0,-0.044117,0.072966,0.030974,0.207672,-0.004437,0.21752,0.00077,0.001273
0,0.188889,-0.074459,0.231472,-0.121727,0.18857,-0.083994,0.003297,0.0013
0,0.216163,0.002473,0.040702,0.07747,0.060435,0.126348,0.003773,4.3e-05
0,0.0707,-0.00702,-0.154113,0.019515,-0.187208,0.052187,0.001234,0.000123
0,-0.013051,-0.070527,-0.100657,-0.078121,-0.128462,-0.105171,0.000228,0.001231
0,2.127021,0.728565,2.123732,0.792492,2.157615,0.826044,0.000852,0.000625
0,3.193944,1.202084,1.045678,0.448271,1.014934,0.481657,0.004708,0.003201
0,2.03563,2.58863,-1.160004,1.40791,-1.181771,1.401331,0.000743,0.003182
0,1.438626,3.433917,-0.601402,0.818206,-0.582256,0.82592,0.000928,0.000519
0,0.598852,4.06657,-0.815827,0.656291,-0.794122,0.647244,0.001639,0.001568
0,0.259678,3.213071,-0.324061,-0.838722,-0.308005,-0.830629,0.004532,0.004374
0,-0.321548,3.168524,-0.591355,-0.074176,-0.601322,-0.084513,0.005612,0.005151
0,-0.487724,2.505778,-0.164177,-0.63335,-0.140806,-0.677818,0.003578,0.004628
0,-0.539855,1.718571,-0.072332,-0.79847,-0.117067,-0.769348,0.002668,0.005814
0,-0.469483,1.23429,0.059557,-0.490033,0.10087,-0.455664,0.003896,0.000967
0,-0.405738,0.896303,0.0872,-0.346519,0.079929,-0.357592,0.005009,0.000967
0,-0.268368,0.400697,0.156135,-0.497703,0.189155,-0.511392,0.004684,0.000967
0,-0.327496,0.155846,-0.03226,-0.218416,-0.015275,-0.193166,0.005716,0.000967
0,-0.07623,0.041603,0.239412,-0.122237,0.191014,-0.118906,0.00133,0.000967
0,-0.24374,-0.042425,-0.160998,-0.070735,-0.208244,-0.082321,0.004254,0.000967
0,-0.068006,0.056324,0.204127,0.079428,0.18206,0.099898,0.001187,0.000967
0,-0.002673,-0.074429,0.062877,-0.112273,0.112501,-0.088353,4.7e-05,0.001299
0,-0.231698,0.079801,-0.200264,0.147816,-0.20206,0.166433,0.004044,0.000967
0,-0.099102,-0.058382,0.137197,-0.138681,0.147769,-0.123777,0.00173,0.001019
0,-0.210333,-0.071406,-0.102155,-0.040898,-0.1405,-0.002384,0.003671,0.001246
0,-0.086829,0.13352,0.096212,0.178054,0.084126,0.194363,0.001515,0.000967
0,-0.125303,-0.115576,-0.06725,-0.234252,-0.113189,-0.197017,0.002187,0.002017
0,-0.168741,-0.077389,-0.028623,0.012346,-0.068954,-0.026106,0.002945,0.001351
0,-0.088695,-0.057235,0.098422,0.030526,0.098246,-0.01131,0.001548,0.000999
0,-0.092676,-0.138317,0.018369,-0.079487,0.060502,-0.057019,0.001618,0.002414
0,-0.003366,0.047478,0.116781,0.167947,0.083601,0.192769,5.9e-05,0.000967
0,-0.071603,0.150408,-0.041413,0.115292,0.008256,0.078402,0.00125,0.000967
0,-0.05031,0.13741,-0.005533,-0.009596,-0.014281,-0.022187,0.000878,0.000967
0,-0.079606,-0.078687,-0.031346,-0.214153,0.00992,-0.209899,0.001389,0.001373
0,-0.05848,0.075963,0.007596,0.167028,0.030931,0.132799,0.001021,0.000967
0,-0.221332,-0.005484,-0.152886,-0.079357,-0.17998,-0.074954,0.003863,0.000967
0,-0.111289,-0.007441,0.111325,-0.027493,0.113587,0.001815,0.001942,0.000967
0,-0.310593,0.116096,-0.21908,0.138663,-0.239119,0.140029,0.005421,0.000967
0,-0.204995,0.129683,0.09495,0.004943,0.138857,0.051927,0.003578,0.000967
0,-0.196185,0.207583,0.036778,0.094619,0.060883,0.054706,0.003424,0.000967
0,-0.290552,-0.045097,-0.115951,-0.274946,-0.140633,-0.238036,0.005071,0.000967
0,-0.295208,0.04838,-0.005533,0.102812,0.023427,0.129806,0.005152,0.000967
0,-0.279668,0.196513,0.033061,0.167256,0.00445,0.182609,0.004881,0.000967
0,-0.037258,0.000803,0.250873,-0.20042,0.256568,-0.215447,0.00065,0.000967
0,-0.210069,0.224929,-0.20261,0.253698,-0.177367,0.232443,0.003666,0.000967
0,-0.14397,0.081953,0.057897,-0.171879,0.046245,-0.147258,0.002513,0.000967
0,0.014336,-0.046628,0.163327,-0.157945,0.186695,-0.141794,0.00025,0.000967
0,-0.157207,0.117289,-0.193966,0.15557,-0.223029,0.132947,0.002744,0.000967
0,-0.133957,0.01605,0.004334,-0.112383,0.023626,-0.082447,0.002338,0.000967
0,-0.202193,0.114332,-0.054256,0.112904,-0.042653,0.083477,0.003529,0.000967
0,-0.186534,0.059468,-0.012567,-0.034182,0.011866,0.002502,0.003256,0.000967
0,-0.141846,0.124796,0.014911,0.041239,0.056418,0.057005,0.002476,0.000967
0,-0.091497,0.162232,0.04782,0.067161,0.008167,0.065765,0.001597,0.000967
0,-1.480783,-1.544281,-1.379175,-1.731967,-1.340305,-1.751082,0.001664,0.002772
0,-1.847211,-1.890499,-0.341057,-0.367412,-0.329884,-0.387451,0.004032,0.003276
0,-2.046584,-1.447915,-0.202149,0.424135,-0.161233,0.392817,0.000552,0.00109
0,-2.275854,-1.189718,-0.212538,0.270951,-0.182051,0.247132,0.00345,0.003416
0,-2.075528,-1.117819,0.212362,0.085589,0.196856,0.131622,4.7e-05,0.004671
0,-1.58701,-0.678806,0.501457,0.418451,0.537888,0.396725,0.003518,0.000243
0,-1.400413,-0.261326,0.192015,0.438029,0.18711,0.438921,0.000261,0.004561
0,-0.974767,-0.152351,0.420703,0.085482,0.38238,0.09378,0.004922,0.002659
0,-0.815155,-0.029811,0.188345,0.13297,0.155993,0.140237,0.002137,0.00052
0,-0.397558,-0.131015,0.425004,-0.078287,0.435889,-0.056562,0.005152,0.002287
0,-0.164027,0.071688,0.230673,0.174719,0.184247,0.218864,0.002863,0.001251
0,-0.194842,0.238227,-0.018087,0.17303,-0.020529,0.155768,0.003401,0.004158
0,-0.182775,0.266972,0.010599,0.040708,0.011454,0.087363,0.00319,0.00466
0,-0.020443,0.264763,0.165686,-0.02489,0.137998,0.013361,0.000357,0.004621
0,-0.084262,0.02632,-0.078598,-0.247305,-0.123684,-0.287011,0.001471,0.000459
0,0.03836,0.031857,0.144451,-0.022269,0.146989,-0.033206,0.00067,0.000556
0,-0.023825,0.135916,-0.032225,0.099794,-0.007604,0.067887,0.000416,0.002372
0,-0.08495,-0.009824,-0.07042,-0.134461,-0.048475,-0.127505,0.001483,0.000171
0,-0.083651,0.22527,-0.027868,0.24364,-0.02355,0.263875,0.00146,0.003932
0,0.057458,0.091937,0.135586,-0.152247,0.158743,-0.129081,0.001003,0.001605
0,-0.014968,0.038423,-0.061793,-0.070808,-0.097133,-0.026843,0.000261,0.000671
0,-0.082626,0.127451,-0.09283,0.0915,-0.134665,0.119621,0.001442,0.002224
0,0.123055,0.105673,0.200716,-0.004079,0.163285,0.039275,0.002148,0.001844
0,0.129463,0.316288,0.02279,0.204577,-0.012341,0.181575,0.00226,0.00552
0,0.174757,0.039033,0.06557,-0.260932,0.024394,-0.308988,0.00305,0.000681
0,-0.072344,0.088481,-0.221842,0.023973,-0.213458,0.049536,0.001263,0.001544
0,0.010179,0.07768,0.074575,0.014491,0.074916,0.022389,0.000178,0.001356
0,0.10479,0.004049,0.099369,-0.091064,0.053101,-0.114528,0.001829,7.1e-05
0,-0.079392,0.056323,-0.160122,0.057353,-0.154544,0.037528,0.001386,0.000983
0,0.124699,0.082277,0.228031,0.006411,0.265886,0.033435,0.002176,0.001436
0,0.148462,-0.030212,-0.005442,-0.112297,-0.032047,-0.073944,0.002591,0.000527
0,0.146348,0.018556,-0.031947,0.045309,-0.067208,0.043328,0.002554,0.000324
0,0.113587,0.251241,-0.003359,0.212269,-0.020948,0.187883,0.001982,0.004385
0,-0.058417,0.009639,-0.144185,-0.245131,-0.176047,-0.287245,0.00102,0.000168
0,0.090026,0.001387,0.135088,-0.02404,0.117506,-0.053245,0.001571,2.4e-05
0,-0.007995,0.29268,-0.103012,0.286089,-0.143726,0.270434,0.00014,0.005108
0,0.023022,0.152692,0.035136,-0.114289,0.055715,-0.144892,0.000402,0.002665
0,0.102573,-0.010155,0.061926,-0.147287,0.080426,-0.145063,0.00179,0.000177
0,-0.065647,0.248438,-0.173667,0.243756,-0.148707,0.246737,0.001146,0.004336
0,-0.030073,0.255835,0.018718,0.025612,0.067549,0.039166,0.000525,0.004465
0,0.090925,-0.008265,0.091939,-0.259619,0.133597,-0.262638,0.001587,0.000144
0,0.159838,0.092481,0.045034,0.111335,0.029293,0.065276,0.00279,0.001614
0,-0.073407,0.185043,-0.259956,0.086782,-0.266936,0.067358,0.001281,0.00323
0,-0.01191,0.174681,0.057903,0.009082,0.062091,0.002737,0.000208,0.003049
0,0.024323,0.025148,0.007237,-0.152052,0.031433,-0.200687,0.000425,0.000439
0,-0.080612,-0.005048,-0.129206,-0.029099,-0.083043,-0.077926,0.001407,8.8e-05
0,-0.051508,0.062829,0.010494,0.063842,0.029789,0.105645,0.000899,0.001097
0,0.110248,0.201971,0.167959,0.160241,0.189841,0.180647,0.001924,0.003525
0,-0.120944,0.205085,-0.244874,-0.011989,-0.204062,0.018477,0.002111,0.003579
0,0.194071,0.206319,0.299735,-0.005107,0.31509,0.032056,0.003387,0.003601
0,-0.003925,0.109535,-0.219548,-0.098841,-0.2473,-0.053502,6.8e-05,0.001912
0,0.023375,-0.039445,0.004436,-0.170356,-0.038215,-0.154672,0.000408,0.000688
0,0.054615,0.036463,0.051007,0.104943,0.002764,0.134024,0.000953,0.000636
0,-0.039966,0.015685,-0.083295,-0.044534,-0.089657,-0.005607,0.000698,0.000274
0,-0.073192,0.148905,-0.062466,0.142656,-0.108526,0.112666,0.001277,0.002599
0,-0.134291,0.158638,-0.05662,0.030465,-0.08871,-0.01866,0.002344,0.002769
0,-0.150329,0.160575,-0.017627,0.000569,0.018483,-0.043424,0.002624,0.002803
0,-0.063753,0.015052,0.069446,-0.148646,0.053097,-0.190467,0.001113,0.000263
0,-0.218855,0.098577,-0.139618,0.109314,-0.09018,0.118623,0.00382,0.00172
0,-0.139647,0.171502,0.072603,0.05375,0.076899,0.009097,0.002437,0.002993
0,-0.029407,0.126985,0.12099,-0.030146,0.128023,-0.042662,0.000513,0.002216
0,-0.048013,0.099063,-0.044219,-0.041514,-0.052589,-0.043596,0.000838,0.001729
0,0.002266,0.1524,0.053159,0.023424,0.072402,0.023819,4e-05,0.00266
0,-0.221439,0.047113,-0.197179,-0.08866,-0.23979,-0.124902,0.003865,0.000822
0,-0.249402,0.060695,-0.0315,0.007535,-0.076175,0.050374,0.004353,0.001059
0,-0.078948,-0.026552,0.171038,-0.109779,0.218238,-0.095824,0.001378,0.000463
0,-0.234725,-0.017127,-0.131572,-0.008641,-0.08984,-0.031298,0.004097,0.000299
0,0.035473,0.188922,0.278127,0.222144,0.231346,0.216185,0.000619,0.003297
0,-0.124759,0.009848,-0.130554,-0.166652,-0.123215,-0.132046,0.002177,0.000172
0,0.089494,0.211225,0.225999,0.171533,0.202987,0.145921,0.001562,0.003687
0,0.080886,0.234007,-0.026494,0.025494,-0.054777,-0.001177,0.001412,0.004084
0,0.059325,0.139076,-0.025181,-0.112007,-0.03846,-0.098082,0.001035,0.002427
0,-0.097054,0.090857,-0.156874,-0.020701,-0.123268,-0.029949,0.001694,0.001586
0,-0.215792,0.187173,-0.117403,0.111546,-0.145986,0.13327,0.003766,0.003267
0,0.026241,0.220525,0.227117,0.052786,0.221228,0.082959,0.000458,0.003849
0,-0.236339,0.04447,-0.233751,-0.160247,-0.1854,-0.128406,0.004125,0.000776
0,-0.035823,-0.067386,0.208173,-0.128721,0.230619,-0.124297,0.000625,0.001176
0,0.037265,0.220398,0.08627,0.28137,0.135612,0.319572,0.00065,0.003847
0,0.031739,0.103713,0.011837,-0.117777,0.057426,-0.102994,0.000554,0.00181
0,-0.03956,0.113403,-0.082106,0.016591,-0.082326,-0.033159,0.00069,0.001979
0,0.047235,0.116338,0.093799,0.015416,0.13398,-0.016208,0.000824,0.00203
0,-0.006891,0.103562,-0.038505,-0.019973,-0.031806,-0.063149,0.00012,0.001808
0,0.066261,0.159197,0.085217,0.062083,0.071658,0.0243,0.001156,0.002779
0,0.021531,0.116551,-0.030779,-0.021701,-0.062172,-0.06961,0.000376,0.002034
0,0.022205,-0.0128,-0.005199,-0.099635,0.016582,-0.140508,0.000388,0.000223
0,-0.090069,0.022405,-0.141386,0.046441,-0.190406,0.076777,0.001572,0.000391
0,0.105067,0.018162,0.217302,-0.000397,0.188618,0.006641,0.001834,0.000317
0,0.076708,-0.103123,-0.020266,-0.116357,0.011821,-0.091022,0.001339,0.0018
0,0.11804,-0.009225,0.040763,0.122993,0.050371,0.083634,0.00206,0.000161
0,0.153998,0.1294,0.011717,0.138421,0.028206,0.13371,0.002688,0.002258
0,0.000674,0.021128,-0.16358,-0.091828,-0.138556,-0.109673,1.2e-05,0.000369
0,0.11,0.077957,0.100437,0.044774,0.055856,0.07583,0.00192,0.001361
0,0.114529,-0.09939,0.020887,-0.179032,0.005363,-0.211409,0.001999,0.001735
0,0.044117,0.025214,-0.081385,0.13893,-0.102362,0.099008,0.00077,0.00044
0,0.131188,-0.026083,0.073583,-0.026941,0.057748,-0.016645,0.00229,0.000455
0,0.044342,-0.000563,-0.090104,0.028875,-0.070012,0.018606,0.000774,1e-05
0,0.172721,-0.015753,0.13921,0.001001,0.166489,-0.043332,0.003015,0.000275
0,0.129038,0.137217,-0.045019,0.149009,-0.030883,0.185082,0.002252,0.002395
0,0.071937,-0.058982,-0.056169,-0.189041,-0.070563,-0.198188,0.001256,0.001029
0,0.122686,0.141491,0.043736,0.221458,-0.000135,0.18047,0.002141,0.002469
0,0.008824,0.042705,-0.13568,-0.087881,-0.149298,-0.081322,0.000154,0.000745
0,0.133203,0.123651,0.149237,0.09632,0.155105,0.111175,0.002325,0.002158
0,0.048863,0.087572,-0.087421,-0.026483,-0.071365,-0.005302,0.000853,0.001528
0,0.144411,-0.007344,0.113228,-0.09238,0.095993,-0.108516,0.00252,0.000128
0,-0.124508,-0.081871,-0.280274,-0.063642,-0.237804,-0.106577,0.002173,0.001429
0,-0.084727,-0.123092,0.017715,-0.025703,0.005964,-0.040504,0.001479,0.002148
0,-0.043392,-0.039534,0.047199,0.09007,0.083348,0.068858,0.000757,0.00069
0,0.041673,0.125744,0.105708,0.15507,0.104734,0.158758,0.000727,0.002195
0,0.175516,0.139061,0.114949,0.017251,0.122576,-0.015733,0.003063,0.002427
0,-0.000906,-0.106608,-0.193462,-0.215823,-0.225518,-0.260329,1.6e-05,0.001861
0,0.180868,0.026291,0.191198,0.135891,0.193042,0.167907,0.003157,0.000459
0,0.012886,-0.005279,-0.17299,-0.029808,-0.131864,0.004909,0.000225,9.2e-05
0,0.126673,0.099453,0.118723,0.115072,0.104382,0.150646,0.002211,0.001736
0,0.136668,-0.052483,0.01609,-0.164856,0.015773,-0.125465,0.002385,0.000916
0,-0.085809,0.033435,-0.221532,0.103529,-0.179448,0.062321,0.001498,0.000584
0,0.226267,0.071524,0.315219,0.060865,0.319702,0.098308,0.003949,0.001248
0,0.244122,-0.018264,0.033011,-0.098671,0.017522,-0.096817,0.004261,0.000319
0,-0.038392,-0.058808,-0.304615,-0.014543,-0.346933,0.022441,0.00067,0.001026
0,0.040292,0.101566,0.100122,0.168029,0.082155,0.135219,0.000703,0.001773
0,-0.08416,-0.009003,-0.132232,-0.083612,-0.083157,-0.103801,0.001469,0.000157
0,0.033022,-0.011099,0.100872,-0.029434,0.132322,-0.005415,0.000576,0.000194
0,0.125756,-0.033977,0.113174,-0.005595,0.142111,0.030907,0.002195,0.000593
0,0.25099,-0.035192,0.106474,-0.023111,0.095952,-0.01265,0.004381,0.000614
0,0.055566,-0.057827,-0.17832,-0.035004,-0.226364,0.005773,0.00097,0.001009
0,0.227141,-0.043447,0.167733,-0.009488,0.152239,0.039808,0.003964,0.000758
0,0.001498,0.119339,-0.217689,0.137475,-0.235466,0.102412,2.6e-05,0.002083
0,-0.108495,-0.044913,-0.08195,-0.167191,-0.103506,-0.178591,0.001894,0.000784
0,0.022673,-0.008381,0.105383,0.046363,0.113881,0.075983,0.000396,0.000146
0,-0.041839,-0.087186,-0.081707,-0.057558,-0.090546,-0.091998,0.00073,0.001522
0,0.015362,0.082504,0.050581,0.175661,0.03928,0.137843,0.000268,0.00144
0,0.038271,0.036104,0.016248,-0.076348,0.02422,-0.028656,0.000668,0.00063
0,0.168592,-0.020853,0.107529,-0.064417,0.142809,-0.062624,0.002942,0.000364
0,0.278526,-0.063935,0.138675,-0.043892,0.092565,-0.05612,0.004861,0.001116
0,0.030592,-0.152483,-0.266962,-0.069627,-0.262906,-0.084778,0.000534,0.002661
0,0.194101,-0.110754,0.187034,0.044004,0.184578,0.001003,0.003388,0.001933
0,0.101269,-0.205199,-0.110105,-0.109943,-0.095489,-0.123911,0.001767,0.003581
0,-0.034853,-0.144457,-0.10985,0.07193,-0.084262,0.065338,0.000608,0.002521
0,0.074526,-0.118122,0.128695,-0.0007,0.146555,-0.048264,0.001301,0.002062
0,-0.087148,-0.094493,-0.159881,0.034774,-0.140839,0.067367,0.001521,0.001649
0,-0.126718,-0.049724,-0.067897,0.024479,-0.025281,-0.004176,0.002212,0.000868
0,0.098507,-0.083129,0.238303,-0.034526,0.279747,-0.006847,0.001719,0.001451
0,-0.096164,0.017551,-0.207921,0.121391,-0.177411,0.107637,0.001678,0.000306
0,-0.051839,-0.063941,0.041693,-0.076444,0.00355,-0.085113,0.000905,0.001116
0,-0.152743,-0.184622,-0.08424,-0.111752,-0.081789,-0.100586,0.002666,0.003222
0,-0.159483,-0.180848,0.002093,0.025718,0.035307,-0.015415,0.002784,0.003156
0,0.152245,-0.163965,0.310438,0.013758,0.346896,-0.022488,0.002657,0.002862
0,-0.131857,-0.123329,-0.30631,0.026314,-0.297945,0.052367,0.002301,0.002152
0,0.073747,-0.118352,0.203069,-0.006406,0.186695,-0.00945,0.001287,0.002066
0,-0.235308,-0.130225,-0.326801,0.000571,-0.310912,0.013288,0.004107,0.002273
0,-0.017724,0.060407,0.209568,0.16242,0.190669,0.199668,0.000309,0.001054
0,-0.096391,0.063155,-0.087498,-0.004795,-0.067755,0.023125,0.001682,0.001102
0,-0.119294,-0.059146,-0.042462,-0.147961,-0.083509,-0.106609,0.002082,0.001032
0,-0.104551,0.018172,0.018155,0.071605,0.038016,0.024481,0.001825,0.000317
0,-0.08486,0.088791,0.014313,0.054175,0.060297,0.025763,0.001481,0.00155
0,0.010385,-0.095832,0.074044,-0.161653,0.027852,-0.190495,0.000181,0.001673
0,0.067305,-0.023577,0.035908,0.096548,0.041161,0.135141,0.001175,0.000411
0,-0.132516,0.060427,-0.21491,0.093112,-0.169044,0.106068,0.002313,0.001055
0,0.097349,-0.023678,0.201655,-0.098886,0.177441,-0.065846,0.001699,0.000413
0,-0.045847,0.078848,-0.171312,0.123947,-0.183419,0.132126,0.0008,0.001376
0,-0.027082,-0.038861,0.028448,-0.10204,0.033207,-0.128404,0.000473,0.000678
0,0.054932,-0.116406,0.106213,-0.049928,0.067107,-0.040543,0.000959,0.002032
0,0.048425,0.051421,-0.03173,0.148949,0.015152,0.155259,0.000845,0.000897
0,0.11062,0.021207,0.05108,-0.022523,0.067267,-0.002033,0.001931,0.00037
0,0.017005,-0.090782,-0.098351,-0.085533,-0.052352,-0.065661,0.000297,0.001584
0,0.029793,-0.071606,-0.009566,0.033591,-0.010853,0.080512,0.00052,0.00125
0,0.167698,0.123323,0.110232,0.1782,0.157064,0.227075,0.002927,0.002152
0,0.194955,-0.058859,0.017387,-0.164811,0.008207,-0.157511,0.003403,0.001027
0,0.172183,0.092407,-0.0416,0.12363,-0.044205,0.144238,0.003005,0.001613
0,0.124385,-0.12312,-0.028354,-0.218638,-0.025429,-0.251783,0.002171,0.002149
0,0.108822,0.000843,-0.024569,0.148021,-0.031856,0.164021,0.001899,1.5e-05
0,-0.122068,-0.03165,-0.231194,-0.053324,-0.24507,-0.085893,0.00213,0.000552
0,-0.02754,0.130603,0.094964,0.192008,0.069255,0.178233,0.000481,0.002279
0,-0.067553,-0.055511,-0.054334,-0.196056,-0.033688,-0.157592,0.001179,0.000969
0,-0.149668,0.137526,-0.104607,0.202417,-0.064205,0.20654,0.002612,0.0024
0,0.005788,-0.09077,0.143839,-0.239779,0.117937,-0.261252,0.000101,0.001584
0,-0.033553,0.145626,-0.05561,0.234591,-0.1009,0.263233,0.000586,0.002542
0,-0.150554,0.107011,-0.135682,-0.020615,-0.155985,-0.057332,0.002628,0.001868
0,-0.102609,-0.049622,0.024424,-0.155871,0.063841,-0.160952,0.001791,0.000866
0,-0.039692,0.040969,0.080049,0.101804,0.129537,0.075358,0.000693,0.000715
0,-0.041122,-0.027055,0.004214,-0.057581,-0.030267,-0.046122,0.000718,0.000472
0,-0.043281,-0.166428,-0.007023,-0.117645,-0.008419,-0.149406,0.000755,0.002905
0,-0.170222,-0.058954,-0.113332,0.07832,-0.072449,0.114062,0.002971,0.001029
0,-0.070023,-0.054451,0.099139,-0.012285,0.126326,-0.004668,0.001222,0.00095
0,0.048361,-0.031677,0.106314,0.005512,0.114744,-0.00611,0.000844,0.000553
0,0.139432,0.025345,0.077818,0.078259,0.102514,0.109197,0.002434,0.000442
0,-0.143643,-0.168168,-0.311493,-0.21565,-0.279339,-0.16961,0.002507,0.002935
0,0.030337,-0.226194,0.178447,-0.059223,0.162834,-0.099728,0.000529,0.003948
0,-0.009224,0.033037,-0.031127,0.279624,-0.036786,0.26944,0.000161,0.000577
0,-0.046613,-0.014618,-0.055245,-0.049759,-0.055345,-0.013866,0.000814,0.000255
0,0.106573,-0.166993,0.181292,-0.180613,0.20498,-0.17279,0.00186,0.002915
0,0.156356,-0.133878,0.060784,0.025182,0.07913,0.011427,0.002729,0.002337
0,0.064006,-0.011108,-0.107185,0.143959,-0.099927,0.144197,0.001117,0.000194
0,-0.101635,-0.110685,-0.191192,-0.10464,-0.150855,-0.099335,0.001774,0.001932
0,-0.565797,-0.425006,-0.454661,-0.335618,-0.466019,-0.365033,0.002215,0.004673
0,-1.08094,-0.91228,-0.540677,-0.47666,-0.534214,-0.516277,0.005315,0.003832
0,-1.065847,-0.570322,0.010261,0.320107,0.002503,0.326388,0.005578,0.002136
0,-1.187875,-0.707592,-0.137119,-0.113446,-0.155304,-0.07291,0.003449,0.000259
0,-1.125782,-0.618714,0.045574,0.063169,0.066401,0.109232,0.004532,0.001292
0,-0.869898,-0.436517,0.279716,0.20007,0.305656,0.166576,0.003092,0.004472
0,-1.01636,-0.370551,-0.16102,0.036845,-0.136153,0.001479,0.005648,0.005623
0,-0.787526,-0.07133,0.208105,0.306776,0.173811,0.336278,0.001654,0.001245
0,-0.781685,-0.027868,0.00842,0.032325,0.051209,-0.00796,0.001552,0.000486
0,-0.544075,-0.157547,0.233399,-0.125346,0.282326,-0.135529,0.002595,0.00275
0,-0.200866,-0.125419,0.358872,0.009473,0.323585,-0.035396,0.003506,0.002189
0,-0.312124,-0.0024,-0.109785,0.107076,-0.065586,0.10588,0.005448,4.2e-05
0,-0.147301,0.045105,0.173944,0.066311,0.132099,0.021171,0.002571,0.000787
0,-0.091751,0.111292,0.059501,0.064779,0.097001,0.024222,0.001601,0.001942
0,-0.06178,-0.022543,0.040443,-0.113839,0.051099,-0.097166,0.001078,0.000393
0,-0.024652,-0.055175,0.038986,-0.028884,-0.007839,-0.063742,0.00043,0.000963
0,-0.114565,0.169643,-0.076101,0.222275,-0.066631,0.239209,0.002,0.002961
0,0.082127,0.117191,0.190757,-0.037582,0.205308,-0.001188,0.001433,0.002045
0,-0.046381,0.154707,-0.125453,0.023863,-0.098351,0.005761,0.00081,0.0027
0,0.134835,0.024211,0.184739,-0.159242,0.185467,-0.184375,0.002353,0.000423
0,0.038547,0.01267,-0.10425,-0.029246,-0.113215,-0.011631,0.000673,0.000221
0,0.151927,-0.032303,0.083446,-0.059158,0.042111,-0.050822,0.002652,0.000564
0,-0.04584,0.190042,-0.176036,0.228696,-0.167829,0.232111,0.0008,0.003317
0,0.070273,0.128439,0.094776,-0.053857,0.109031,-0.045955,0.001226,0.002242
0,-0.095159,0.027062,-0.178278,-0.130097,-0.163356,-0.152209,0.001661,0.000472
0,0.004774,0.23288,0.114979,0.179596,0.101527,0.133016,8.3e-05,0.004065
0,-0.090864,0.07009,-0.123085,-0.162807,-0.151866,-0.126744,0.001586,0.001223
0,0.033069,0.154253,0.153482,0.099342,0.166571,0.098318,0.000577,0.002692
0,0.111122,0.155074,0.078612,0.009244,0.105583,-0.035024,0.001939,0.002707
0,-0.019598,0.118074,-0.139227,-0.019229,-0.129927,-0.052735,0.000342,0.002061
0,0.023799,0.129446,0.030601,0.010855,0.042383,0.010057,0.000415,0.002259
0,-0.107411,0.166882,-0.124082,0.048028,-0.135901,0.034662,0.001875,0.002913
0,-0.090913,0.192174,0.035191,0.039932,0.054529,0.03768,0.001587,0.003354
0,0.073755,0.193529,0.157718,-0.018336,0.206843,-0.010469,0.001287,0.003378
0,0.046381,0.198268,-0.022451,-0.010846,-0.011492,-0.007949,0.00081,0.00346
0,-0.03127,0.020808,-0.058814,-0.197617,-0.101394,-0.187293,0.000546,0.000363
0,0.01716,0.072406,0.05783,0.040862,0.102457,0.041597,0.000299,0.001264
0,-0.022403,0.000245,-0.044781,-0.044025,-0.052353,-0.061012,0.000391,4e-06
0,0.150431,-0.003451,0.192635,0.011706,0.152392,0.040738,0.002626,6e-05
0,-0.04823,0.183614,-0.199099,0.183265,-0.233143,0.162754,0.000842,0.003205
0,0.13119,-0.016328,0.17172,-0.196523,0.127817,-0.222537,0.00229,0.000285
0,-0.069421,0.060897,-0.183856,0.095152,-0.16346,0.076758,0.001212,0.001063
0,-0.016163,0.098776,0.053214,0.013946,0.078605,0.032439,0.000282,0.001724
0,-0.154284,0.074489,-0.127121,-0.045793,-0.134371,-0.064486,0.002693,0.0013
0,-0.152675,0.150359,-0.003566,0.105037,0.034499,0.11487,0.002665,0.002624
0,-0.210472,0.010415,-0.060866,-0.169674,-0.051971,-0.167502,0.003673,0.000182
0,0.00206,-0.088985,0.235081,-0.101048,0.283733,-0.094347,3.6e-05,0.001553
0,-0.27267,0.128233,-0.265814,0.204485,-0.266469,0.167617,0.004759,0.002238
0,-0.246479,0.016583,-0.001308,-0.089042,0.043973,-0.106383,0.004302,0.000289
0,-0.276889,0.031525,-0.001111,0.013634,-0.033426,0.016656,0.004833,0.00055
0,-0.290477,-0.092394,-0.002887,-0.137099,0.040103,-0.156544,0.00507,0.001613
0,-0.333205,-0.031209,-0.058874,0.073334,-0.048317,0.119619,0.005816,0.000545
0,-0.063479,-0.052823,0.240682,-0.047213,0.22675,-0.027545,0.001108,0.000922
0,-0.139397,-0.045529,-0.071848,-0.009149,-0.033402,0.037647,0.002433,0.000795
0,0.012375,-0.029642,0.171855,0.024208,0.153259,-0.003569,0.000216,0.000517
0,0.000421,-0.016251,-0.004403,-0.010112,-0.051534,-0.016114,7e-06,0.000284
0,-0.005117,0.132604,-0.019806,0.14641,0.016961,0.096823,8.9e-05,0.002314
0,-0.199996,0.082952,-0.174324,-0.043152,-0.219147,-0.00719,0.003491,0.001448
0,-0.103854,-0.027655,0.088976,-0.104739,0.077583,-0.098941,0.001813,0.000483
0,-0.084569,0.179549,0.002645,0.199056,-0.002118,0.15456,0.001476,0.003134
0,-0.011383,0.117357,0.091046,-0.054201,0.083631,-0.099978,0.000199,0.002048
0,-0.053328,0.127279,-0.055445,0.000872,-0.040726,0.018111,0.000931,0.002221
0,-0.179506,0.16287,-0.138697,0.038778,-0.127059,0.056761,0.003133,0.002843
0,-0.125336,-0.078033,0.05699,-0.245135,0.092012,-0.199648,0.002188,0.001362
0,0.007376,0.13378,0.158459,0.205631,0.183476,0.210839,0.000129,0.002335
0,-0.195329,0.175943,-0.227597,0.056723,-0.243731,0.068934,0.003409,0.003071
0,-0.117048,-0.057146,0.09172,-0.249655,0.11013,-0.295968,0.002043,0.000997
0,0.062487,0.074125,0.162014,0.104443,0.172729,0.083461,0.001091,0.001294
0,-0.097569,0.060006,-0.161949,-0.030764,-0.160995,-0.012938,0.001703,0.001047
0,-0.059087,0.125183,0.009458,0.068021,0.034438,0.022644,0.001031,0.002185
0,0.15348,0.101623,0.221576,0.006289,0.17532,-0.021316,0.002679,0.001774
0,-0.015426,0.114726,-0.188463,-0.006781,-0.205967,-0.009514,0.000269,0.002002
0,0.058847,0.152728,0.07024,0.053371,0.097122,0.041531,0.001027,0.002666
0,0.10526,-0.077738,0.038409,-0.257859,0.05746,-0.279637,0.001837,0.001357
0,0.05845,0.002541,-0.068227,0.060329,-0.070408,0.021425,0.00102,4.4e-05
0,-0.126282,-0.117767,-0.205325,-0.137074,-0.242588,-0.100073,0.002204,0.002055
0,0.127806,-0.063864,0.227281,0.073304,0.269711,0.08194,0.002231,0.001115
0,0.093697,0.042236,-0.047505,0.091722,-0.087096,0.121861,0.001635,0.000737
0,-0.07234,0.146646,-0.186633,0.133949,-0.191616,0.133258,0.001263,0.002559
0,0.142833,0.202483,0.197901,0.045214,0.196037,-0.001866,0.002493,0.003534
0,0.068027,-0.042513,-0.064208,-0.219308,-0.112355,-0.183113,0.001187,0.000742
0,-0.047871,-0.082264,-0.125093,-0.025721,-0.096013,0.000682,0.000835,0.001436
0,0.109116,-0.115834,0.167082,-0.03441,0.178132,0.009354,0.001904,0.002022
0,0.049546,-0.115743,-0.065928,0.022323,-0.096393,0.024829,0.000865,0.00202
0,0.052134,0.089863,-0.003215,0.221871,-0.008299,0.200028,0.00091,0.001568
0,0.108559,0.107737,0.069859,0.003762,0.118728,0.017575,0.001895,0.00188
0,-0.05862,0.099367,-0.148762,-0.029258,-0.173448,-0.055667,0.001023,0.001734
0,-0.09149,0.091979,-0.027541,-0.009464,-0.015308,-0.048483,0.001597,0.001605
0,-0.184651,0.02361,-0.067561,-0.04409,-0.027143,-0.027108,0.003223,0.000412
0,-0.134116,0.170991,0.073455,0.124121,0.068449,0.128497,0.002341,0.002984
0,-0.039985,0.045523,0.067075,-0.135149,0.10239,-0.160969,0.000698,0.000795
0,-0.139083,0.080417,-0.120571,0.053562,-0.125251,0.097947,0.002427,0.001404
0,-0.059104,-0.097633,0.074996,-0.176684,0.098114,-0.186888,0.001032,0.001704
0,-0.096706,0.102479,-0.018472,0.176601,-0.037192,0.204533,0.001688,0.001789
0,-0.088079,0.094775,0.008601,-0.015409,0.043935,-0.004606,0.001537,0.001654
0,-0.109451,0.086859,-0.044954,-0.012752,-0.083338,0.029435,0.00191,0.001516
0,0.009065,0.030789,0.108595,-0.029361,0.082856,-0.007173,0.000158,0.000537
0,0.066548,-0.120348,0.033064,-0.167904,0.004502,-0.118405,0.001161,0.0021
0,0.028995,0.056863,-0.01401,0.185638,-0.056338,0.233365,0.000506,0.000992
0,-0.007963,0.040525,-0.037678,-0.028016,-0.026493,-0.064919,0.000139,0.000707
0,-0.182033,-0.175069,-0.164968,-0.219797,-0.154913,-0.185061,0.003177,0.003056
0,-0.079362,-0.173879,0.11915,-0.005251,0.138395,0.036692,0.001385,0.003035
0,-0.035163,0.017526,0.038879,0.203403,0.034024,0.237875,0.000614,0.000306
0,-0.081144,0.068736,-0.050828,0.033918,-0.041806,0.026683,0.001416,0.0012
0,0.085032,-0.110334,0.14616,-0.179208,0.141637,-0.159283,0.001484,0.001926
0,-0.175414,-0.06542,-0.253963,0.023521,-0.258203,-0.004311,0.003062,0.001142
0,-0.077615,0.008945,0.121837,0.086536,0.107924,0.067815,0.001355,0.000156
0,-0.083315,-0.01602,-0.009216,-0.03321,0.025378,-0.081823,0.001454,0.00028
0,-0.002658,-0.053189,0.105237,-0.047688,0.087937,-0.060328,4.6e-05,0.000928
0,0.052512,-0.007731,0.057072,0.063771,0.047274,0.107137,0.000917,0.000135
0,-0.208001,0.060936,-0.274886,0.068429,-0.265594,0.063792,0.00363,0.001064
0,-0.171707,-0.092592,0.011238,-0.131919,0.00744,-0.145042,0.002997,0.001616
0,-0.268499,0.124054,-0.123215,0.195482,-0.167246,0.17602,0.004686,0.002165
0,-0.163516,-0.00447,0.081201,-0.123034,0.099789,-0.160622,0.002854,7.8e-05
0,-0.108886,0.055636,0.077243,0.08796,0.106805,0.038715,0.0019,0.000971
0,-0.137081,0.100794,-0.00195,0.018666,0.012407,0.057758,0.002393,0.001759
0,-0.246956,0.126665,-0.132796,0.044758,-0.089299,0.006275,0.00431,0.002211
0,-0.022264,0.15714,0.214237,0.0248,0.211541,-0.019813,0.000389,0.002743
0,-0.016788,-0.052247,-0.014629,-0.199279,-0.052508,-0.203735,0.000293,0.000912
0,-0.178906,0.034973,-0.143209,0.082301,-0.160469,0.113305,0.003122,0.00061
0,-0.22898,-0.014191,-0.049575,-0.030974,-0.02052,-0.059991,0.003996,0.000248
0,-0.29867,-0.036923,-0.04943,0.001512,-0.042928,0.010633,0.005213,0.000644
0,-0.174329,-0.059054,0.150126,-0.042573,0.120215,-0.050848,0.003043,0.001031
0,-0.205354,0.003153,-0.047192,0.042478,-0.037048,0.070011,0.003584,5.5e-05
0,-0.307927,0.091549,-0.110953,0.089893,-0.160747,0.063131,0.005374,0.001598
0,-0.150138,-0.082702,0.176342,-0.150181,0.15076,-0.115369,0.00262,0.001443
0,-0.292714,0.095067,-0.159821,0.199315,-0.133917,0.16514,0.005109,0.001659
0,-0.319906,-0.046346,-0.020328,-0.114202,0.003898,-0.124404,0.005583,0.000809
0,-0.089649,-0.009425,0.228786,0.026594,0.250287,-0.012655,0.001565,0.000165
0,-0.21448,0.032462,-0.123738,0.022674,-0.15889,-0.014508,0.003743,0.000567
0,-0.096184,-0.122355,0.105813,-0.179348,0.128012,-0.15551,0.001679,0.002135
0,-0.084185,-0.124554,-0.010181,-0.017056,-0.03476,0.010299,0.001469,0.002174
0,-0.158267,0.063181,-0.061932,0.174744,-0.023329,0.164475,0.002762,0.001103
0,-0.129996,-0.135242,0.024851,-0.18772,-0.010523,-0.158516,0.002269,0.00236
0,-0.255627,0.126007,-0.139864,0.273758,-0.188767,0.317144,0.004462,0.002199
0,-0.257157,0.08625,-0.025433,-0.064558,-0.06257,-0.025643,0.004488,0.001505
0,-0.088767,0.093783,0.182124,0.007372,0.135611,0.041578,0.001549,0.001637
0,-0.234517,0.081193,-0.12052,0.000163,-0.115009,-0.015853,0.004093,0.001417
0,-0.251784,-0.07733,-0.012102,-0.154755,-0.023882,-0.163931,0.004394,0.00135
0,-0.039218,0.152766,0.231647,0.226518,0.276446,0.204674,0.000684,0.002666
0,-0.041729,-0.028422,0.009486,-0.192446,-0.027857,-0.159277,0.000728,0.000496
0,-0.21973,0.193648,-0.18696,0.20262,-0.198856,0.2095,0.003835,0.00338
0,-0.162925,0.082613,0.041592,-0.103498,0.012582,-0.148135,0.002844,0.001442
0,-0.238469,0.085327,-0.056617,0.022965,-0.014593,0.056378,0.004162,0.001489
0,-0.122189,-0.050607,0.128487,-0.130913,0.091247,-0.105225,0.002133,0.000883
0,0.072319,0.112293,0.174263,0.159411,0.212018,0.203279,0.001262,0.00196
0,-0.135891,0.090656,-0.210445,-0.047387,-0.214802,-0.073264,0.002372,0.001582
0,-0.180189,0.190979,-0.030798,0.105575,-0.021418,0.109332,0.003145,0.003333
0,0.093113,0.009926,0.301532,-0.161845,0.30394,-0.114455,0.001625,0.000173
0,0.028487,0.133939,-0.056626,0.116242,-0.055037,0.107361,0.000497,0.002338
0,-0.109631,-0.007843,-0.137586,-0.12412,-0.089609,-0.162735,0.001913,0.000137
0,-0.184743,0.00475,-0.091199,0.041946,-0.111828,0.03191,0.003224,8.3e-05
0,0.040562,0.056604,0.212075,0.042858,0.201394,0.017136,0.000708,0.000988
0,-0.02696,-0.059444,-0.060149,-0.12633,-0.095844,-0.173393,0.000471,0.001037
0,-0.117806,0.181613,-0.095451,0.255331,-0.108022,0.217929,0.002056,0.00317
0,-0.25878,-0.01574,-0.147441,-0.183196,-0.166124,-0.231777,0.004517,0.000275
0,-0.140124,-0.07362,0.098228,-0.043396,0.054292,-0.076492,0.002446,0.001285
0,-0.067643,0.007298,0.05473,0.074723,0.065583,0.062251,0.001181,0.000127
0,-0.278827,0.117803,-0.224222,0.080953,-0.274146,0.125053,0.004866,0.002056
0,-0.071275,0.033862,0.235408,-0.090236,0.242267,-0.092467,0.001244,0.000591
0,-0.136919,-0.031272,-0.082827,-0.092143,-0.048874,-0.092401,0.00239,0.000546
0,-0.135815,0.015934,0.020066,0.072465,0.048497,0.050532,0.00237,0.000278
0,-0.034706,-0.078885,0.093788,-0.082775,0.072492,-0.101531,0.000606,0.001377
0,-0.241754,-0.072857,-0.19264,0.033025,-0.217807,0.010615,0.004219,0.001272
0,-0.097716,-0.001063,0.11583,0.085492,0.066692,0.119664,0.001705,1.9e-05
0,-0.147635,0.037923,-0.025396,0.018319,-0.011725,-0.019644,0.002577,0.000662
0,-0.092061,0.070044,0.081574,0.030552,0.10149,-0.005132,0.001607,0.001222
0,-0.042695,-0.008941,0.047414,-0.053037,0.01334,-0.061957,0.000745,0.000156
0,-0.063991,0.110655,-0.00848,0.120134,-0.048103,0.089883,0.001117,0.001931
0,-0.216247,0.161716,-0.179492,0.025606,-0.196884,0.069497,0.003774,0.002822
0,-0.236909,-0.014419,-0.037026,-0.173823,-0.073194,-0.12448,0.004135,0.000252
0,-0.15885,0.090995,0.106484,0.109146,0.115879,0.116602,0.002772,0.001588
0,-0.007317,-0.010315,0.156149,-0.082365,0.134011,-0.108919,0.000128,0.00018
0,-0.207683,0.098404,-0.201661,0.115889,-0.227296,0.150132,0.003625,0.001717
0,0.039727,0.042739,0.274652,-0.050717,0.268243,-0.017495,0.000693,0.000746
0,0.008112,0.145833,-0.044753,0.130549,-0.029665,0.112717,0.000142,0.002545
0,-0.064247,0.161943,-0.063015,0.024513,-0.084758,0.02646,0.001121,0.002826
0,-0.07156,-0.020692,0.002628,-0.179482,0.011289,-0.192598,0.001249,0.000361
0,-0.10506,0.148875,-0.009817,0.178958,-0.042555,0.151718,0.001834,0.002598
0,-0.047875,0.074223,0.077533,-0.07277,0.047941,-0.103292,0.000836,0.001295
0,-0.039431,0.187989,0.003321,0.107343,0.027323,0.13862,0.000688,0.003281
0,-0.045689,0.06541,-0.003126,-0.137365,-0.039023,-0.129243,0.000797,0.001142
0,-0.078098,0.055021,-0.060734,-0.037291,-0.089241,-0.056579,0.001363,0.00096
0,-0.008051,-0.036266,0.052462,-0.07505,0.061546,-0.109253,0.000141,0.000633
0,0.030025,0.214378,0.065461,0.233924,0.083488,0.22617,0.000524,0.003742
0,-0.094471,0.078358,-0.111748,-0.118108,-0.094749,-0.116494,0.001649,0.001368
0,0.125523,0.014906,0.231415,-0.076486,0.201067,-0.059203,0.002191,0.00026
0,0.058322,0.17776,-0.058038,0.187277,-0.088307,0.233329,0.001018,0.003103
0,-0.010386,0.019336,-0.081594,-0.135733,-0.042217,-0.16069,0.000181,0.000337
0,0.138404,-0.035123,0.150962,-0.079755,0.183679,-0.06124,0.002416,0.000613
0,-0.175331,0.006792,-0.326078,0.038976,-0.294638,0.000927,0.00306,0.000119
0,-0.063148,0.145875,0.090848,0.14515,0.135303,0.110795,0.001102,0.002546
0,0.017729,0.256634,0.094652,0.081374,0.065308,0.057463,0.000309,0.004479
0,0.012365,0.052538,0.023804,-0.174282,0.056121,-0.154628,0.000216,0.000917
0,0.088365,0.111339,0.060315,0.051595,0.093003,0.002649,0.001542,0.001943
0,0.189494,0.057469,0.125366,-0.064638,0.118567,-0.077582,0.003307,0.001003
0,0.107266,0.234569,-0.087312,0.15163,-0.065785,0.129255,0.001872,0.004094
0,0.167735,0.102812,0.03488,-0.111371,0.017914,-0.098325,0.002928,0.001794
0,0.032486,0.225816,-0.114212,0.140097,-0.161873,0.145299,0.000567,0.003941
0,-0.021642,0.207517,-0.079673,-0.015461,-0.063611,-0.057695,0.000378,0.003622
0,0.06916,-0.045921,0.117981,-0.241088,0.131127,-0.232769,0.001207,0.000801
0,0.015229,0.182216,-0.042835,0.213228,-0.037765,0.168167,0.000266,0.00318
0,0.10895,0.127805,0.068971,-0.039651,0.059265,0.008137,0.001902,0.002231
0,0.01215,0.048569,-0.086993,-0.06436,-0.116315,-0.038492,0.000212,0.000848
0,-0.102858,0.016558,-0.125349,-0.026081,-0.107703,-0.009648,0.001795,0.000289
0,0.146951,0.031598,0.258646,0.030588,0.226564,0.061108,0.002565,0.000551
0,0.050814,0.12367,-0.107815,0.091846,-0.086752,0.119838,0.000887,0.002158
0,-0.017228,-0.073618,-0.071157,-0.173933,-0.034032,-0.21195,0.000301,0.001285
0,0.11942,0.187821,0.122193,0.25421,0.151147,0.238264,0.002084,0.003278
0,0.031494,-0.019839,-0.107708,-0.212983,-0.137813,-0.198398,0.00055,0.000346
0,0.079075,-0.091892,0.071426,-0.048838,0.114384,-0.026757,0.00138,0.001604
0,-0.084266,0.047423,-0.150957,0.112756,-0.13138,0.137286,0.001471,0.000828
0,0.089566,0.1364,0.16346,0.070508,0.188494,0.095288,0.001563,0.002381
0,0.069906,-0.048901,0.005015,-0.209381,-0.027012,-0.223333,0.00122,0.000853
0,-0.145795,-0.035197,-0.219859,0.011141,-0.175405,0.043277,0.002545,0.000614
0,-0.107615,-0.057979,0.02207,-0.036191,-0.020539,-0.077858,0.001878,0.001012
0,0.008272,-0.099727,0.091623,-0.040177,0.129355,-0.079646,0.000144,0.001741
0,0.167114,-0.034786,0.128875,0.088455,0.141511,0.066321,0.002917,0.000607
0,0.001307,0.020297,-0.140047,0.082497,-0.164209,0.116627,2.3e-05,0.000354
0,0.110577,-0.124019,0.137883,-0.128954,0.119949,-0.117783,0.00193,0.002165
0,-0.032704,-0.126363,-0.131726,-0.017862,-0.087605,-0.002598,0.000571,0.002205
0,0.095144,0.051035,0.14668,0.154848,0.151022,0.194609,0.001661,0.000891
0,-0.011274,-0.096015,-0.127829,-0.142216,-0.102396,-0.118362,0.000197,0.001676
0,0.041705,-0.02086,0.077251,0.064868,0.124711,0.111474,0.000728,0.000364
0,0.105998,0.162497,0.040809,0.15653,0.044519,0.107568,0.00185,0.002836
0,0.133136,0.109989,0.018962,-0.068387,0.042188,-0.049859,0.002324,0.00192
0,-0.075556,0.16249,-0.202291,0.065599,-0.22373,0.10552,0.001319,0.002836
0,0.162764,0.167167,0.22649,0.017608,0.22764,0.062229,0.002841,0.002918
0,0.127913,0.133998,-0.051486,-0.009709,-0.008904,-0.033891,0.002233,0.002339
0,0.212174,0.113587,0.075871,-0.048696,0.046741,-0.037168,0.003703,0.001982
0,0.191166,0.180776,-0.022778,0.059766,-0.018782,0.093846,0.003336,0.003155
0,0.16087,0.048352,-0.053726,-0.117122,-0.03627,-0.102621,0.002808,0.000844
0,0.174097,-0.063352,0.019857,-0.118053,0.061265,-0.15613,0.003039,0.001106
0,0.055796,0.000739,-0.107283,0.084827,-0.086331,0.064535,0.000974,1.3e-05
0,0.254929,0.069133,0.175932,0.07386,0.209716,0.096824,0.004449,0.001207
0,-0.014027,0.088621,-0.275976,0.036259,-0.239025,0.053466,0.000245,0.001547
0,0.063387,-0.087057,0.078691,-0.155803,0.039223,-0.14459,0.001106,0.001519
0,0.036442,-0.033165,-0.053509,0.074199,-0.017874,0.114816,0.000636,0.000579
0,0.210345,0.013496,0.202229,0.065287,0.186663,0.045749,0.003671,0.000236
0,0.186975,0.083611,-0.032331,0.090919,-0.019742,0.108849,0.003263,0.001459
0,0.204343,-0.080286,0.044735,-0.142846,0.094611,-0.128368,0.003566,0.001401
0,0.15288,-0.001619,-0.02388,0.102777,-0.002242,0.113709,0.002668,2.8e-05
0,0.193322,-0.07114,0.04268,-0.065519,-0.000377,-0.051863,0.003374,0.001242
0,0.182182,-0.125917,-0.033287,-0.050978,-0.01119,-0.060329,0.00318,0.002198
0,0.264618,-0.081114,0.066231,0.03194,0.050044,0.001187,0.004618,0.001416
0,0.02897,0.086025,-0.249895,0.162514,-0.256102,0.191792,0.000506,0.001501
0,0.157756,-0.12645,0.148121,-0.23019,0.19273,-0.228555,0.002753,0.002207
0,0.15025,0.154821,-0.017863,0.303421,-0.038107,0.290755,0.002622,0.002702
0,0.098595,0.162326,-0.076877,0.035026,-0.067236,0.034327,0.001721,0.002833
0,-0.003577,0.028356,-0.117888,-0.16358,-0.102568,-0.12354,6.2e-05,0.000495
0,0.087059,-0.140623,0.089253,-0.176634,0.133441,-0.203489,0.001519,0.002454
0,-0.023064,0.137107,-0.129927,0.267858,-0.095951,0.279798,0.000403,0.002393
0,0.245201,0.106175,0.296586,-0.023783,0.319019,-0.019361,0.00428,0.001853
0,0.030185,-0.018213,-0.19407,-0.119247,-0.17233,-0.16542,0.000527,0.000318
0,0.201179,-0.069415,0.185562,-0.072053,0.226879,-0.023149,0.003511,0.001212
0,0.105164,-0.039506,-0.117006,0.016924,-0.072032,0.036768,0.001835,0.00069
0,0.159786,-0.017529,0.064145,0.022375,0.084206,0.060783,0.002789,0.000306
0,0.070666,0.007059,-0.119035,0.025781,-0.144796,0.009425,0.001233,0.000123
0,0.03739,-0.017385,-0.019572,-0.051057,-0.021244,-0.020458,0.000653,0.000303
0,0.238171,0.106642,0.215087,0.153993,0.182017,0.131208,0.004157,0.001861
0,0.039733,-0.130824,-0.209388,-0.223751,-0.162883,-0.198785,0.000693,0.002283
0,0.091581,0.053936,0.031756,0.199868,0.051342,0.227299,0.001598,0.000941
0,0.100073,0.063496,0.021262,-0.017106,-0.025909,-0.039759,0.001747,0.001108
0,0.255668,0.09229,0.134603,2.3e-05,0.164682,-0.038119,0.004462,0.001611
0,0.062415,0.07211,-0.180013,-0.039499,-0.202591,-0.051692,0.001089,0.001259
0,0.051913,0.062723,-0.007444,-0.002179,0.011009,0.046863,0.000906,0.001095
0,0.117947,-0.052624,0.095991,-0.099234,0.121993,-0.072544,0.002059,0.000918
0,0.037797,0.016379,-0.09571,0.08041,-0.047571,0.033057,0.00066,0.000286
0,0.045186,-0.075139,0.025832,-0.107813,-0.006635,-0.095896,0.000789,0.001311
0,0.034689,-0.136752,-0.004576,-0.07946,-0.005498,-0.049258,0.000605,0.002387
0,0.039629,0.021519,0.025528,0.168458,0.054195,0.135663,0.000692,0.000376
0,0.279781,0.091504,0.249295,0.05545,0.292309,0.00851,0.004883,0.001597
0,0.177444,-0.188651,-0.093679,-0.268261,-0.067906,-0.283828,0.003097,0.003293
0,0.258765,0.083574,0.093126,0.242356,0.090213,0.285154,0.004516,0.001459
0,0.077855,-0.036123,-0.198129,-0.119694,-0.179362,-0.138127,0.001359,0.00063
0,0.183259,-0.04077,0.119372,-0.009291,0.078003,-0.012725,0.003198,0.000712
0,-0.129628,0.022891,-0.307772,0.081082,-0.312975,0.093662,0.002262,0.0004
0,0.094282,-0.051345,0.248956,-0.048157,0.286165,-0.081694,0.001646,0.000896
0,-0.027353,-0.05462,-0.10053,-0.017306,-0.064632,-0.019217,0.000477,0.000953
0,-0.052798,-0.079146,-0.013101,-0.012433,-0.018978,0.004837,0.000922,0.001381
0,-0.061462,-0.146969,0.007626,-0.041002,0.056517,-0.005959,0.001073,0.002565
0,-0.049215,0.060689,0.022331,0.198289,0.025582,0.163819,0.000859,0.001059
0,-0.142313,0.106268,-0.09705,0.033986,-0.066726,0.081832,0.002484,0.001855
0,0.023586,0.019243,0.186412,-0.069231,0.138873,-0.076153,0.000412,0.000336
0,0.213703,0.027992,0.16984,0.019278,0.219564,-0.013019,0.00373,0.000489
0,-0.065214,-0.080151,-0.262223,-0.07951,-0.267662,-0.107247,0.001138,0.001399
0,0.096923,-0.017728,0.134336,0.053845,0.172077,0.031953,0.001692,0.000309
0,0.220512,-0.143277,0.140633,-0.109257,0.094606,-0.112605,0.003849,0.002501
0,-0.060423,-0.077266,-0.294387,0.084807,-0.322244,0.120717,0.001055,0.001349
0,-0.068518,-0.132453,-0.02248,-0.044317,-0.000527,-0.037474,0.001196,0.002312
0,0.058029,-0.010051,0.096924,0.130156,0.075028,0.174817,0.001013,0.000175
0,0.008738,-0.123028,-0.035561,-0.085273,0.012331,-0.087979,0.000153,0.002147
0,-0.053207,0.078075,-0.06465,0.18934,-0.088589,0.197201,0.000929,0.001363
0,0.119539,-0.129022,0.173393,-0.209748,0.188756,-0.204549,0.002086,0.002252
0,-0.107423,-0.051708,-0.229575,0.06725,-0.237548,0.085531,0.001875,0.000902
0,-0.002766,0.024078,0.127231,0.083429,0.125241,0.126315,4.8e-05,0.00042
0,0.099354,-0.106173,0.10996,-0.123845,0.068822,-0.139563,0.001734,0.001853
0,0.12236,-0.093888,0.006854,0.003277,0.000179,-0.014143,0.002136,0.001639
0,0.06715,0.026174,-0.047065,0.125618,-0.022469,0.174064,0.001172,0.000457
0,-0.08313,0.055584,-0.177374,0.058631,-0.129618,0.103294,0.001451,0.00097
0,-0.134643,0.022926,-0.03019,-0.0107,0.004775,0.004356,0.00235,0.0004
0,0.019419,-0.048042,0.131958,-0.080165,0.119155,-0.088158,0.000339,0.000838
0,-0.08138,0.103838,-0.115038,0.180864,-0.157606,0.184237,0.00142,0.001812
0,-0.084081,0.154076,0.004018,0.02543,-0.02599,0.020833,0.001467,0.002689
0,-0.010808,0.129044,0.077637,0.000777,0.083323,0.01861,0.000189,0.002252
0,-0.047379,0.042368,-0.027986,-0.084667,-0.005775,-0.064901,0.000827,0.000739
0,0.054976,-0.07823,0.098724,-0.133043,0.136107,-0.138484,0.00096,0.001365
0,0.084426,0.170453,0.004517,0.26046,0.012928,0.288217,0.001474,0.002975
0,0.194403,0.042236,0.138494,-0.14168,0.157732,-0.14826,0.003393,0.000737
0,0.112237,-0.066958,-0.101716,-0.11446,-0.085806,-0.158852,0.001959,0.001169
0,0.082659,0.074186,-0.057659,0.12316,-0.059065,0.164968,0.001443,0.001295
0,0.162135,-0.086784,0.0936,-0.179787,0.078577,-0.210543,0.00283,0.001515
0,0.122123,-0.061791,-0.053687,0.014161,-0.039176,0.009206,0.002131,0.001078
0,0.151592,-0.124439,0.054926,-0.045847,0.040961,-0.041877,0.002646,0.002172
0,0.252065,-1.8e-05,0.110915,0.13672,0.116613,0.163542,0.004399,0.0
0,0.203849,0.000347,-0.039918,-0.022147,-0.020303,-0.00491,0.003558,6e-06
0,-0.021708,0.116847,-0.20284,0.137967,-0.159767,0.119042,0.000379,0.002039
0,-0.025229,-0.05847,0.005791,-0.151257,0.049696,-0.148476,0.00044,0.00102
0,-0.030843,0.000771,-0.033615,0.079246,-0.047178,0.048876,0.000538,1.3e-05
0,0.021187,0.101296,0.06898,0.080993,0.112817,0.049101,0.00037,0.001768
0,0.17494,0.057739,0.157321,-0.014051,0.140952,-0.033321,0.003053,0.001008
0,0.247854,-0.067888,0.101782,-0.154953,0.141583,-0.132342,0.004326,0.001185
0,0.147976,0.05254,-0.073521,0.106272,-0.074309,0.108646,0.002583,0.000917
0,0.18312,0.119083,0.023282,0.06184,0.008718,0.083176,0.003196,0.002078
0,0.154522,0.139462,-0.026604,0.022917,-0.045392,0.023777,0.002697,0.002434
0,0.159012,0.104094,0.026272,-0.047624,0.041544,-0.003622,0.002775,0.001817
0,0.059529,0.090786,-0.075129,-0.030952,-0.092331,-0.031773,0.001039,0.001585
0,0.012628,0.126357,-0.020938,0.056233,-0.050108,0.086474,0.00022,0.002205
0,0.125683,0.053443,0.107721,-0.091951,0.071992,-0.051794,0.002194,0.000933
0,0.134086,0.094906,-0.007906,0.012051,-0.004738,-0.036952,0.00234,0.001656
0,0.077512,-0.01662,-0.051866,-0.138433,-0.069639,-0.149136,0.001353,0.00029
0,-0.041061,-0.078913,-0.107039,-0.037498,-0.059499,-0.061822,0.000717,0.001377
0,0.096619,-0.101459,0.132215,-0.001328,0.144623,-0.015842,0.001686,0.001771
0,0.231043,-0.015896,0.105167,0.086226,0.05901,0.061836,0.004032,0.000277
0,0.134164,0.068479,-0.069454,0.063942,-0.074245,0.094001,0.002342,0.001195
0,-0.004306,-0.051257,-0.150431,-0.133982,-0.188105,-0.124956,7.5e-05,0.000895
0,0.098351,0.180929,0.093228,0.262137,0.133276,0.212594,0.001717,0.003158
0,0.112472,-0.116779,0.031554,-0.289677,0.005998,-0.261596,0.001963,0.002038
0,0.067234,-0.127589,-0.018869,0.016063,0.018466,0.038777,0.001173,0.002227
0,0.19827,-0.030662,0.127596,0.114553,0.176286,0.108237,0.00346,0.000535
0,0.033065,0.155793,-0.159077,0.188365,-0.166909,0.205663,0.000577,0.002719
0,0.108201,-0.088985,0.072572,-0.239688,0.077018,-0.242127,0.001888,0.001553
0,0.146073,0.148347,0.02015,0.24909,0.053993,0.205229,0.002549,0.002589
0,0.028314,0.069262,-0.109658,-0.073582,-0.107722,-0.035945,0.000494,0.001209
0,-0.093997,-0.043346,-0.102458,-0.126683,-0.080487,-0.107749,0.001641,0.000757
0,0.01157,-0.110974,0.089026,-0.091917,0.042735,-0.069936,0.000202,0.001937
0,0.128147,-0.093981,0.126688,0.041807,0.124444,-0.002456,0.002237,0.00164
0,0.051403,0.089774,-0.0785,0.198772,-0.109229,0.23349,0.000897,0.001567
0,0.150803,0.17156,0.072275,0.069678,0.071236,0.106544,0.002632,0.002994
0,0.180398,-0.075585,0.010145,-0.217453,-0.03874,-0.259403,0.003149,0.001319
0,0.047573,0.046955,-0.152324,0.10575,-0.167987,0.094896,0.00083,0.00082
0,0.149325,0.090594,0.092582,0.04273,0.068605,0.048959,0.002606,0.001581
0,0.233807,-0.0961,0.111078,-0.205784,0.103562,-0.163776,0.004081,0.001677
0,-0.048996,0.116265,-0.255307,0.225059,-0.270869,0.226117,0.000855,0.002029
0,0.127247,-0.131753,0.198188,-0.246158,0.148864,-0.222862,0.002221,0.0023
0,0.172279,0.164162,0.07352,0.282502,0.058427,0.301017,0.003007,0.002865
0,-0.135363,0.092813,-0.303735,-0.078673,-0.331686,-0.115092,0.002363,0.00162
0,0.152727,-0.078187,0.266998,-0.196723,0.263936,-0.17035,0.002666,0.001365
0,0.153118,-0.08008,-0.01276,-0.016861,-0.003021,-0.037143,0.002672,0.001398
0,-0.03423,-0.064817,-0.214815,0.043065,-0.176777,0.087222,0.000597,0.001131
0,-0.06442,0.118153,-0.00321,0.180795,-0.016606,0.162429,0.001124,0.002062
0,0.012027,0.046978,0.068077,-0.065505,0.090802,-0.05724,0.00021,0.00082
0,0.160468,-0.01509,0.17492,-0.039429,0.135707,-0.05263,0.002801,0.000263
0,0.109715,-1.481338,-0.039064,-1.441311,-0.027828,-1.449798,0.001915,0.001673
0,0.079888,-2.428869,-0.009138,-0.947325,0.02898,-0.920885,0.001394,0.00597
0,0.072597,-2.543065,-0.014702,-0.112302,-0.06437,-0.108329,0.001267,0.003977
0,0.08186,-2.372205,0.037597,0.170906,0.018326,0.212802,0.001429,0.005131
0,0.12707,-2.174693,0.049781,0.180259,0.032716,0.173893,0.002218,0.001684
0,-0.00834,-1.36558,-0.116219,0.802809,-0.109426,0.757956,0.000146,0.000347
0,-0.075115,-1.049833,-0.093865,0.326838,-0.133389,0.335574,0.001311,0.005858
0,-0.078387,-0.241329,-0.011319,0.823601,-0.011359,0.791689,0.001368,0.004212
0,-0.004375,-0.226422,0.067274,0.035695,0.085273,0.013407,7.6e-05,0.003952
0,-0.053411,0.067765,-0.019625,0.307107,-0.028585,0.278151,0.000932,0.001183
0,-0.053363,0.104102,0.016232,0.05342,0.059565,0.037001,0.000931,0.001817
0,-0.080773,0.248959,-0.044418,0.161462,-0.021441,0.17271,0.00141,0.004345
0,0.099105,0.283735,0.173748,0.027146,0.219366,-0.013539,0.00173,0.004952
0,0.072365,0.145437,-0.045104,-0.141505,-0.036764,-0.169204,0.001263,0.002538
0,0.038043,0.200365,-0.019243,0.071397,-0.007227,0.097641,0.000664,0.003497
0,-0.206734,0.173409,-0.273729,-0.053264,-0.273373,-0.070266,0.003608,0.003027
0,-0.038802,0.187122,0.190372,0.020145,0.152615,-0.018556,0.000677,0.003266
0,0.063395,0.063124,0.110084,-0.105965,0.123848,-0.085095,0.001106,0.001102
0,0.202712,0.190843,0.135205,0.133821,0.08594,0.097211,0.003538,0.003331
0,0.163847,0.140197,-0.053081,-0.040371,-0.006007,-0.044368,0.00286,0.002447
0,0.195398,0.149177,0.036364,-0.006869,0.05761,-0.012793,0.00341,0.002604
0,-0.067791,0.096628,-0.277899,-0.041331,-0.302719,0.004072,0.001183,0.001686
0,0.082185,0.142763,0.145118,0.044214,0.13778,0.027014,0.001434,0.002492
0,-0.020391,0.063933,-0.082065,-0.064728,-0.099866,-0.026192,0.000356,0.001116
0,0.148143,0.09046,0.179549,0.034514,0.173047,-0.001698,0.002586,0.001579
0,-0.025671,0.255155,-0.155001,0.15723,-0.146436,0.157379,0.000448,0.004453
0,0.18449,0.223627,0.23662,-0.056197,0.2802,-0.082871,0.00322,0.003903
0,0.188478,0.196887,0.021898,0.001135,0.020599,-0.047556,0.00329,0.003436
0,0.132183,0.107312,-0.083557,-0.081663,-0.037221,-0.059582,0.002307,0.001873
0,0.231935,0.112024,0.117429,0.00529,0.115676,-0.042784,0.004048,0.001955
0,0.122312,0.159064,-0.133556,0.059535,-0.173396,0.090197,0.002135,0.002776
0,0.097403,-0.040226,-0.013073,-0.210075,-0.02968,-0.221222,0.0017,0.000702
0,0.135096,-0.08184,0.029228,-0.041519,0.077602,0.00054,0.002358,0.001428
0,0.24559,0.159055,0.089521,0.22795,0.067569,0.262466,0.004286,0.002776
0,0.190735,0.154963,-0.054378,-0.028482,-0.080325,-0.039662,0.003329,0.002705
0,0.091021,-0.118992,-0.108171,-0.277137,-0.145973,-0.310164,0.001589,0.002077
0,-0.017412,0.072838,-0.105792,0.194051,-0.086221,0.150052,0.000304,0.001271
0,0.093761,0.147114,0.087486,0.091612,0.043855,0.133563,0.001636,0.002568
0,0.014556,0.126145,-0.09968,-0.000899,-0.079883,-0.04373,0.000254,0.002202
0,-0.094044,0.133464,-0.110093,-0.002591,-0.089549,-0.009084,0.001641,0.002329
0,-0.066644,0.136672,-0.000355,-0.020786,-0.018666,0.000886,0.001163,0.002385
0,-0.089379,0.036074,0.006331,-0.122675,-0.033551,-0.132991,0.00156,0.00063
0,-0.061772,0.148836,0.008678,0.089533,0.058611,0.084064,0.001078,0.002598
0,-0.097172,-0.036729,-0.03855,-0.214214,-0.03539,-0.213685,0.001696,0.000641
0,-0.123443,0.148143,-0.005189,0.170346,0.020531,0.15751,0.002154,0.002586
0,0.101005,0.184363,0.228706,0.038008,0.186561,0.019517,0.001763,0.003218
0,-0.102952,0.034816,-0.210977,-0.119635,-0.207137,-0.0901,0.001797,0.000608
0,-0.02194,0.061567,0.058837,-0.003018,0.082618,0.026277,0.000383,0.001075
0,-0.110603,0.098225,-0.116321,0.06304,-0.072669,0.02829,0.00193,0.001714
0,-0.099423,0.06941,-0.004931,-0.031918,-0.037601,0.00567,0.001735,0.001211
0,0.105993,-0.034522,0.202134,-0.102398,0.217273,-0.054243,0.00185,0.000603
0,0.011245,0.010203,-0.102394,0.060087,-0.123717,0.012247,0.000196,0.000178
0,0.080317,0.067677,0.095393,0.080917,0.085156,0.088325,0.001402,0.001181
0,-0.015459,0.03021,-0.073446,-0.045054,-0.076807,-0.029849,0.00027,0.000527
0,0.116326,-0.018287,0.122495,-0.049459,0.123798,-0.042402,0.00203,0.000319
0,0.161113,0.082998,0.04098,0.071552,0.084763,0.120192,0.002812,0.001449
0,0.149436,-0.073017,-0.036648,-0.17578,-0.006661,-0.149266,0.002608,0.001274
0,0.000215,-0.025197,-0.149039,0.05908,-0.189406,0.066552,4e-06,0.00044
0,0.118403,0.085214,0.112693,0.10621,0.098282,0.058042,0.002067,0.001487
0,0.089393,0.162195,-0.030832,0.078092,-0.022556,0.092093,0.00156,0.002831
0,0.118994,0.170871,0.007239,-0.01282,0.030103,-0.049709,0.002077,0.002982
0,0.095756,0.113361,-0.040928,-0.067274,-0.025751,-0.082915,0.001671,0.001979
0,0.239628,0.063891,0.169529,-0.059884,0.1286,-0.063763,0.004182,0.001115
0,0.211353,0.074098,-0.04456,0.010274,0.000927,0.019435,0.003689,0.001293
0,-0.069783,-0.048696,-0.258382,-0.14326,-0.208826,-0.131214,0.001218,0.00085
0,-0.013957,0.068789,0.026768,0.140297,0.040458,0.103913,0.000244,0.001201
0,-0.08047,0.015568,-0.044358,-0.077974,-0.070605,-0.099859,0.001404,0.000272
0,0.014366,-0.015543,0.066079,-0.03252,0.01827,-0.064678,0.000251,0.000271
0,0.184995,-0.093796,0.14555,-0.068333,0.12818,-0.10184,0.003229,0.001637
0,-0.114969,0.059633,-0.321411,0.145292,-0.279487,0.144387,0.002007,0.001041
0,0.165367,0.024362,0.26921,-0.028082,0.305349,0.011391,0.002886,0.000425
0,0.050521,0.013929,-0.13839,-0.005341,-0.167922,-0.016211,0.000882,0.000243
0,0.251527,0.086581,0.230203,0.058758,0.257972,0.087803,0.00439,0.001511
0,0.065093,-0.08547,-0.175018,-0.153428,-0.151739,-0.151676,0.001136,0.001492
0,0.247437,-0.100826,0.189842,-0.022028,0.156018,-0.01109,0.004319,0.00176
0,0.019975,0.131032,-0.206196,0.206101,-0.235288,0.208845,0.000349,0.002287
0,1.067051,0.739484,1.033076,0.626825,1.076354,0.650601,0.005557,0.000816
0,1.952542,0.932982,0.901438,0.199789,0.934125,0.203743,0.002193,0.004193
0,2.678583,1.232086,0.709223,0.317558,0.716736,0.361294,0.001612,0.002677
0,2.660088,1.28464,-0.012953,0.022883,0.020946,0.036583,0.001935,0.00176
0,2.808839,1.523476,0.158523,0.239638,0.19134,0.285582,0.000662,0.002409
0,1.953368,1.24286,-0.835833,-0.264936,-0.861853,-0.275065,0.002179,0.002489
0,1.433998,1.077815,-0.516654,-0.176477,-0.483197,-0.193049,0.000847,0.00537
0,0.997673,0.959669,-0.435436,-0.108787,-0.457483,-0.07771,0.005322,0.004659
0,0.410083,0.824537,-0.571953,-0.143681,-0.571866,-0.129445,0.004933,0.0023
0,0.15864,0.4015,-0.261577,-0.405594,-0.259792,-0.378367,0.002769,0.005083
0,-0.052469,0.144859,-0.223975,-0.241066,-0.2668,-0.281023,0.000916,0.002528
0,-0.168267,0.170695,-0.093776,0.033915,-0.127037,0.018959,0.002937,0.002979
0,-0.182396,-0.188433,-0.034322,-0.338906,-0.063747,-0.359292,0.003183,0.003289
0,-0.146936,0.028191,0.056015,0.215305,0.047973,0.250356,0.002565,0.000492
0,-0.226121,-0.081863,-0.069958,-0.081907,-0.070679,-0.071063,0.003947,0.001429
0,-0.312421,-0.012978,-0.08366,0.076303,-0.13178,0.084169,0.005453,0.000227
0,-0.236167,-0.184639,0.101964,-0.19131,0.092482,-0.147968,0.004122,0.003223
0,-0.475329,-0.15998,-0.266552,0.02213,-0.295487,0.034487,0.003794,0.002792
0,-0.241392,-0.164165,0.243555,0.0187,0.201023,0.015178,0.004213,0.002865
0,-0.216454,-0.270569,0.016572,-0.102729,0.023458,-0.140334,0.003778,0.004722
0,-0.278504,-0.049625,-0.037572,0.209576,-0.013475,0.214492,0.004861,0.000866
0,-0.094307,-0.014766,0.175955,0.038022,0.141399,0.076717,0.001646,0.000258
0,-0.242018,-0.265057,-0.139063,-0.230319,-0.145446,-0.242015,0.004224,0.004626
0,-0.203615,-0.040747,0.028587,0.228356,0.037915,0.22584,0.003554,0.000711
0,-0.175075,-0.117451,0.045631,-0.10496,0.078483,-0.100588,0.003056,0.00205
0,-0.10274,-0.212997,0.0702,-0.077126,0.081714,-0.029765,0.001793,0.003718
0,-0.036762,-0.078302,0.059797,0.141642,0.04529,0.100017,0.000642,0.001367
0,-0.105585,-0.075606,-0.079089,-0.015211,-0.120403,0.029854,0.001843,0.00132
0,-0.069138,-0.045441,0.0478,0.009943,0.040242,-0.011709,0.001207,0.000793
0,-0.112242,-0.261406,-0.027656,-0.219563,0.017101,-0.210835,0.001959,0.004562
0,-0.131651,-0.235719,-0.008152,0.009059,-0.052122,-0.008523,0.002298,0.004114
0,-0.166041,-0.054301,-0.054784,0.20513,-0.082503,0.179105,0.002898,0.000948
0,-0.118293,0.040042,0.020913,0.093524,0.057019,0.062611,0.002065,0.000699
0,-0.038633,-0.203299,0.096976,-0.262166,0.074515,-0.212951,0.000674,0.003548
0,-0.078235,-0.140338,-0.023864,0.089383,-0.001901,0.064299,0.001365,0.002449
0,-0.135666,-0.153916,-0.073077,-0.033828,-0.101251,0.005517,0.002368,0.002686
0,-0.061016,-0.202816,0.098684,-0.026921,0.147309,0.008837,0.001065,0.00354
0,-0.140203,-0.167018,-0.084384,0.014089,-0.127906,0.026877,0.002447,0.002915
0,-0.128011,-0.07815,0.036524,0.114245,0.067907,0.068247,0.002234,0.001364
0,-0.110798,-0.115047,-0.010326,-0.051756,0.012038,-0.015478,0.001934,0.002008
0,-0.000843,-0.021232,0.097986,0.068054,0.087378,0.111856,1.5e-05,0.000371
0,0.026884,-0.008497,0.056062,0.02319,0.04471,0.025947,0.000469,0.000148
0,0.004549,-0.25582,-0.031179,-0.245298,-0.053633,-0.200763,7.9e-05,0.004465
0,-0.09073,-0.003638,-0.085543,0.229992,-0.118532,0.201815,0.001584,6.3e-05
0,-0.086487,-0.01913,0.030715,-0.022488,-0.005389,-0.011277,0.001509,0.000334
0,-0.08517,0.025257,-0.009346,0.069576,-0.031252,0.076325,0.001486,0.000441
0,-0.042579,-0.210301,0.060711,-0.220565,0.022504,-0.25307,0.000743,0.00367
0,-0.062661,-0.054997,-0.014195,0.180324,-0.010002,0.190533,0.001094,0.00096
0,0.099734,-0.023458,0.157818,0.050673,0.146211,0.087625,0.001741,0.000409
0,-0.189039,-0.137344,-0.277264,-0.118992,-0.232908,-0.096533,0.003299,0.002397
0,0.116486,0.012038,0.313983,0.140075,0.266911,0.167973,0.002033,0.00021
0,0.142495,-0.19871,0.032547,-0.220591,0.033888,-0.248853,0.002487,0.003468
0,-0.053236,0.048828,-0.170051,0.246817,-0.194198,0.227306,0.000929,0.000852
0,0.114286,-0.15957,0.18467,-0.200073,0.232028,-0.241011,0.001995,0.002785
0,0.126856,-0.091045,0.026348,0.078621,0.056697,0.070268,0.002214,0.001589
0,0.111071,0.050527,-0.003788,0.161158,0.035793,0.171307,0.001939,0.000882
0,0.232682,-0.08548,0.093527,-0.161224,0.105095,-0.163806,0.004061,0.001492
0,0.226752,-0.125102,-0.030403,-0.035383,-0.038816,0.004582,0.003958,0.002183
0,0.052225,-0.066003,-0.156149,0.036412,-0.159583,0.048973,0.000911,0.001152
0,-0.010925,-0.014907,-0.058945,0.071413,-0.08082,0.095627,0.000191,0.00026
0,0.266203,0.005889,0.277443,0.033105,0.321856,0.0542,0.004646,0.000103
0,0.057692,0.000728,-0.179572,-0.005613,-0.167758,-0.00182,0.001007,1.3e-05
0,0.091572,-0.016069,0.043592,-0.024495,0.076929,-0.044301,0.001598,0.00028
0,0.085256,-0.103569,-0.01307,-0.058371,-0.010055,-0.090601,0.001488,0.001808
0,0.267867,-0.022099,0.174053,0.053867,0.202707,0.049342,0.004675,0.000386
0,-0.000434,-0.097472,-0.279919,-0.10468,-0.286488,-0.060689,8e-06,0.001701
0,0.001332,-0.123348,0.015719,-0.010571,0.050248,0.013999,2.3e-05,0.002153
0,-0.065166,0.107789,-0.082212,0.252884,-0.096658,0.217067,0.001137,0.001881
0,-0.043036,0.095674,0.031882,0.011222,-0.017446,0.050894,0.000751,0.00167
0,0.121951,0.002509,0.192154,-0.084037,0.229605,-0.110187,0.002128,4.4e-05
0,-0.1197,-0.147606,-0.267084,-0.162133,-0.288709,-0.169505,0.002089,0.002576
0,-0.018565,-0.063605,0.114778,0.074695,0.070228,0.060812,0.000324,0.00111
0,0.159344,-0.17819,0.154391,-0.102852,0.180693,-0.065303,0.002781,0.00311
0,-0.034213,-0.082655,-0.203097,0.10537,-0.223355,0.098051,0.000597,0.001443
0,0.031985,-0.18211,0.08049,-0.098721,0.058447,-0.14439,0.000558,0.003178
0,0.06955,0.037838,0.06592,0.20117,0.102439,0.176228,0.001214,0.00066
0,-0.019631,-0.140496,-0.111174,-0.16958,-0.133336,-0.195623,0.000343,0.002452
0,0.024256,-0.002707,0.031418,0.134829,0.046052,0.125666,0.000423,4.7e-05
0,0.067196,-0.055791,0.062814,-0.044668,0.045144,-0.008341,0.001173,0.000974
0,-0.209619,0.044564,-0.259039,0.085557,-0.246479,0.109551,0.003659,0.000778
0,-0.212203,-0.131935,0.003654,-0.173012,0.039406,-0.215566,0.003704,0.002303
0,-0.183597,-0.055465,0.008824,0.055888,-0.015563,0.007625,0.003204,0.000968
0,-0.0367,0.009492,0.153932,0.066949,0.120903,0.04813,0.000641,0.000166
0,-0.095141,-0.015332,-0.042048,-0.04638,-0.049218,-0.070575,0.001661,0.000268
0,-0.241415,-0.152076,-0.160267,-0.135046,-0.134965,-0.163199,0.004213,0.002654
0,-0.214599,-0.070214,0.043365,0.07816,0.019053,0.08467,0.003745,0.001225
0,-0.207151,-0.010506,-0.017957,0.054421,-0.045297,0.069931,0.003615,0.000183
0,-0.223036,-0.062456,-0.00738,-0.022774,-0.041052,-0.015585,0.003893,0.00109
0,-0.061381,-0.01083,0.155998,0.041103,0.157129,0.079902,0.001071,0.000189
0,0.017849,-0.141549,0.101334,-0.14913,0.084196,-0.169864,0.000312,0.00247
0,0.056234,-0.166106,0.067817,-0.004147,0.084718,0.013189,0.000981,0.002899
0,0.075507,0.034667,0.040838,0.184451,0.012685,0.174401,0.001318,0.000605
0,-0.037977,-0.214343,-0.089104,-0.271474,-0.105202,-0.235164,0.000663,0.003741
0,-0.120238,-0.217454,-0.06565,-0.030648,-0.034514,-0.058286,0.002099,0.003795
0,-0.014944,-0.249763,0.082566,-0.00423,0.082879,-0.004376,0.000261,0.004359
0,-0.053592,-0.232389,-0.044351,0.013297,-0.090902,0.049969,0.000935,0.004056
0,0.027952,-0.106931,0.10397,0.119069,0.089939,0.129563,0.000488,0.001866
0,-0.146332,-0.076191,-0.171379,0.055298,-0.215417,0.067021,0.002554,0.00133
0,-0.227614,-0.088457,-0.101334,0.008239,-0.138882,0.054958,0.003973,0.001544
0,-0.056908,-0.050333,0.156699,0.055005,0.152727,0.087244,0.000993,0.000878
0,-0.041282,-0.149001,-0.00603,-0.103154,0.040754,-0.11092,0.000721,0.002601
0,0.018063,-0.157179,0.089152,2.8e-05,0.041731,0.045398,0.000315,0.002743
0,0.003368,-0.131304,-0.020991,0.009971,-0.013626,0.003082,5.9e-05,0.002292
0,0.036069,0.046176,0.038664,0.172088,-0.011186,0.214353,0.00063,0.000806
0,0.022972,-0.132781,0.000768,-0.189854,0.024248,-0.142391,0.000401,0.002317
0,-0.01687,0.055025,-0.033653,0.21018,-0.005008,0.247776,0.000294,0.00096
0,0.093512,-0.093826,0.089645,-0.154519,0.069607,-0.129437,0.001632,0.001638
0,-0.160311,-0.217451,-0.273469,-0.106413,-0.241514,-0.110513,0.002798,0.003795
0,-0.096525,-0.07945,0.075096,0.108586,0.035881,0.080673,0.001685,0.001387
0,-0.153704,-0.090233,-0.03195,-0.009943,0.017969,-0.048849,0.002683,0.001575
0,0.047148,0.007347,0.192859,0.086859,0.182443,0.074093,0.000823,0.000128
0,-0.059528,0.027535,-0.097685,0.033476,-0.118561,0.05461,0.001039,0.000481
0,0.113605,-0.07278,0.175827,-0.126456,0.201553,-0.168464,0.001983,0.00127
0,-0.010743,0.080621,-0.100093,0.168474,-0.061886,0.192375,0.000188,0.001407
0,0.109692,0.130354,0.101923,0.0662,0.12524,0.091063,0.001914,0.002275
0,0.093219,-0.120941,-0.015948,-0.232778,-0.008232,-0.229772,0.001627,0.002111
0,-0.034839,0.053823,-0.137192,0.193494,-0.117675,0.215318,0.000608,0.000939
0,0.081079,-0.038537,0.113529,-0.077967,0.131565,-0.075026,0.001415,0.000673
0,-0.014875,0.144664,-0.123555,0.207864,-0.102469,0.219526,0.00026,0.002525
0,0.299497,-0.079371,0.298217,-0.24635,0.274017,-0.262908,0.005227,0.001385
0,0.120625,-0.128951,-0.190574,-0.040788,-0.227458,-0.008351,0.002105,0.002251
0,0.013685,-0.00183,-0.106943,0.146689,-0.113624,0.176848,0.000239,3.2e-05
0,0.204024,-0.082435,0.210511,-0.070211,0.228277,-0.095048,0.003561,0.001439
0,0.053371,-0.102181,-0.12604,-0.031503,-0.162077,-0.012588,0.000931,0.001783
0,0.003081,0.018319,-0.052047,0.095021,-0.096877,0.083571,5.4e-05,0.00032
0,0.307699,0.023035,0.289946,-0.005116,0.279761,-0.009432,0.00537,0.000402
0,-0.028873,0.072693,-0.343091,0.047009,-0.335455,0.062048,0.000504,0.001269
0,0.144996,-0.139804,0.19234,-0.231498,0.175132,-0.223041,0.002531,0.00244
0,0.159415,-0.121313,0.034419,0.040969,0.049819,0.008132,0.002782,0.002117
0,-0.158299,0.106505,-0.336973,0.228402,-0.376583,0.250651,0.002763,0.001859
0,-0.110095,0.082039,0.05148,-0.045832,0.012209,-0.063194,0.001922,0.001432
0,-0.107819,0.058745,0.019188,-0.006056,-0.021428,-0.026597,0.001882,0.001025
0,-0.005458,0.023735,0.084168,-0.057686,0.059097,-0.026153,9.5e-05,0.000414
0,-0.065152,-0.068963,-0.044503,-0.064498,-0.076596,-0.038405,0.001137,0.001204
0,-0.01804,-0.00426,0.057603,0.083667,0.017588,0.06639,0.000315,7.4e-05
0,-0.199349,-0.024763,-0.156015,-0.020019,-0.194311,0.011434,0.003479,0.000432
0,-0.098328,-0.055792,0.094104,-0.023782,0.064734,-0.052764,0.001716,0.000974
0,-0.237362,-0.094645,-0.149246,-0.06247,-0.136951,-0.089859,0.004143,0.001652
0,-0.223786,-0.113033,0.000655,0.00935,0.000669,0.051072,0.003906,0.001973
0,-0.113899,0.11545,0.118426,0.233438,0.137252,0.255526,0.001988,0.002015
0,-0.127286,-0.030644,2.5e-05,-0.167126,0.009955,-0.161412,0.002222,0.000535
0,0.008707,-0.055445,0.131683,-0.02171,0.097651,0.00157,0.000152,0.000968
0,0.834918,-0.123775,0.830487,-0.061905,0.792589,-0.038859,0.002482,0.00216
0,1.475837,-0.06898,0.617567,0.042239,0.615809,0.080977,0.001577,0.001204
0,2.237227,-0.21326,0.79079,-0.1185,0.757558,-0.11593,0.002776,0.003722
0,2.240657,-0.377447,-0.026548,-0.144319,-0.046793,-0.122854,0.002835,0.005503
0,1.72588,-0.073048,-0.50567,0.308503,-0.493256,0.328056,0.005941,0.001275
0,1.575684,-0.240544,-0.172231,-0.181987,-0.134521,-0.157521,0.00332,0.004198
0,1.197354,-0.190862,-0.387995,0.035289,-0.426123,-0.002549,0.003283,0.003331
0,0.785343,-0.111619,-0.410326,0.065949,-0.408861,0.028796,0.001616,0.001948
0,0.651162,0.055904,-0.115878,0.188389,-0.086616,0.174517,0.000726,0.000976
0,0.123953,-0.113329,-0.507282,-0.165293,-0.460477,-0.202865,0.002163,0.001978
0,0.043441,-0.04765,-0.051432,0.039988,-0.015521,0.056136,0.000758,0.000832
0,0.141493,0.11109,0.078146,0.146265,0.070417,0.147968,0.00247,0.001939
0,-0.17195,0.050334,-0.295602,-0.065436,-0.317989,-0.027745,0.003001,0.000878
0,-0.11831,-0.010796,0.025615,-0.040859,0.055207,-0.019647,0.002065,0.000188
0,-0.269266,0.103926,-0.168895,0.098504,-0.190459,0.102436,0.0047,0.001814
0,-0.00849,-0.030656,0.252568,-0.158448,0.239401,-0.162304,0.000148,0.000535
0,-0.122561,-0.118219,-0.106274,-0.077864,-0.081944,-0.061827,0.002139,0.002063
0,-0.203181,-0.102408,-0.059834,-0.004128,-0.07926,0.00371,0.003546,0.001787
0,-0.096137,0.102714,0.107004,0.20905,0.098475,0.217119,0.001678,0.001793
0,-0.028921,0.023918,0.085722,-0.070991,0.131388,-0.114931,0.000505,0.000417
0,0.064321,-0.130849,0.116205,-0.152791,0.112503,-0.113174,0.001123,0.002284
0,-0.16846,-0.055236,-0.231465,0.071472,-0.259823,0.068411,0.00294,0.000964
0,-0.126406,-0.130503,0.030003,-0.091182,0.021871,-0.106934,0.002206,0.002278
0,0.006463,-0.019487,0.131066,0.125088,0.158573,0.136314,0.000113,0.00034
0,-0.232791,0.102382,-0.251031,0.140713,-0.289364,0.115274,0.004063,0.001787
0,-0.262798,-0.018292,-0.005728,-0.1455,-0.028128,-0.132037,0.004587,0.000319
0,-0.134255,-0.074548,0.141578,-0.039702,0.130157,-0.022778,0.002343,0.001301
0,-0.09629,0.045275,0.061792,0.141372,0.013307,0.17688,0.001681,0.00079
0,-0.038847,-0.053624,0.064903,-0.082228,0.073888,-0.125539,0.000678,0.000936
0,-0.185477,0.015421,-0.175444,0.098219,-0.159841,0.103715,0.003237,0.000269
0,-0.214209,-0.097469,-0.051818,-0.142561,-0.097595,-0.16226,0.003739,0.001701
0,0.043263,-0.081266,0.244827,0.04118,0.261925,0.049996,0.000755,0.001418
0,-0.179893,0.043221,-0.237617,0.139173,-0.193568,0.186016,0.00314,0.000754
0,-0.1082,0.005211,0.065759,-0.034143,0.074013,0.001027,0.001888,9.1e-05
0,-0.242549,0.018333,-0.163546,0.006813,-0.139954,-0.016664,0.004233,0.00032
0,-0.122737,0.064514,0.130338,0.054733,0.08861,0.025791,0.002142,0.001126
0,-0.199474,0.103423,-0.090658,0.037423,-0.116229,0.067737,0.003481,0.001805
0,-0.089092,-0.064128,0.135152,-0.18947,0.155418,-0.196533,0.001555,0.001119
0,-0.258405,-0.024349,-0.157865,0.009812,-0.204359,0.026421,0.00451,0.000425
0,-0.120104,-0.084456,0.120078,-0.04251,0.082883,-0.074477,0.002096,0.001474
0,0.021188,0.003069,0.157471,0.058105,0.143444,0.045352,0.00037,5.4e-05
0,-0.043256,0.155058,-0.071074,0.126549,-0.021396,0.133383,0.000755,0.002706
0,-0.055674,0.116874,0.001211,-0.051987,-0.039974,-0.078545,0.000972,0.00204
0,-0.011142,-0.111619,0.045781,-0.212778,0.056227,-0.208152,0.000194,0.001948
0,0.060889,0.040527,0.067768,0.150993,0.072974,0.145413,0.001063,0.000707
0,-0.135696,0.01402,-0.198484,-0.018358,-0.209524,-0.029998,0.002368,0.000245
0,0.13028,0.078198,0.252399,0.06789,0.2836,0.071365,0.002274,0.001365
0,0.109206,-0.005933,-0.000292,-0.063014,0.012544,-0.067807,0.001906,0.000104
0,0.160798,0.116755,0.047234,0.100453,0.070565,0.139151,0.002806,0.002038
0,0.022136,-0.027789,-0.15123,-0.152343,-0.110283,-0.138526,0.000386,0.000485
0,0.149235,-0.110451,0.13533,-0.062387,0.141021,-0.070871,0.002605,0.001928
0,0.136531,-0.128019,-0.039048,-0.019751,-0.068018,-0.012094,0.002383,0.002234
0,-0.029137,-0.105833,-0.143284,0.028123,-0.153305,0.006227,0.000509,0.001847
0,0.207827,-0.023032,0.250298,0.060957,0.265372,0.071124,0.003627,0.000402
0,-0.032178,0.053452,-0.250472,0.079047,-0.237436,0.079147,0.000562,0.000933
0,-0.040731,-0.12502,0.004232,-0.153757,0.045271,-0.124717,0.000711,0.002182
0,0.087701,-0.187244,0.107226,-0.035367,0.116521,-0.073276,0.001531,0.003268
0,-0.152052,-0.125617,-0.260365,0.040282,-0.21732,0.068797,0.002654,0.002192
0,0.142381,-0.096978,0.300052,0.051539,0.300011,0.07826,0.002485,0.001693
0,0.082951,-0.170708,-0.046079,-0.087775,-0.049913,-0.0653,0.001448,0.002979
0,0.000491,-0.084719,-0.086565,0.096001,-0.078495,0.063562,9e-06,0.001479
0,0.184087,0.054757,0.202799,0.16317,0.219645,0.19332,0.003213,0.000956
0,0.000379,-0.196929,-0.163451,-0.224287,-0.145552,-0.200536,7e-06,0.003437
0,0.206105,0.038352,0.185418,0.237991,0.185907,0.222721,0.003597,0.000669
0,0.216991,0.053697,0.00113,-0.008241,0.043728,0.023623,0.003787,0.000937
0,0.109112,-0.038765,-0.083546,-0.083935,-0.069534,-0.084817,0.001904,0.000677
0,0.042333,-0.044519,-0.095464,-0.013422,-0.128813,-0.025891,0.000739,0.000777
0,-0.062813,-0.153051,-0.119689,-0.117316,-0.162941,-0.128714,0.001096,0.002671
0,-0.09001,-0.128721,-0.035709,0.017388,-0.058107,0.036032,0.001571,0.002247
0,-0.03771,-0.153648,0.045117,0.004589,0.088515,-0.000246,0.000658,0.002682
0,-0.043775,0.040256,-0.023865,0.164508,0.010325,0.132145,0.000764,0.000703
0,-0.061606,0.141082,0.000863,0.081773,0.037305,0.109901,0.001075,0.002462
0,-0.021491,0.095501,0.014714,-0.072605,-0.010954,-0.086309,0.000375,0.001667
0,0.067247,-0.001047,0.111695,-0.118615,0.153923,-0.138843,0.001174,1.8e-05
0,0.125236,0.089202,0.075504,0.065455,0.040803,0.02605,0.002186,0.001557
0,-0.157448,0.036489,-0.290562,-0.077982,-0.337201,-0.126702,0.002748,0.000637
0,-0.08539,-0.120095,0.079923,-0.167382,0.087649,-0.158346,0.00149,0.002096
0,0.110351,-0.028225,0.211202,0.11148,0.213934,0.071826,0.001926,0.000493
0,0.074345,-0.142585,-0.036544,-0.134401,-0.077656,-0.177887,0.001298,0.002489
0,0.162591,0.025953,0.092131,0.145184,0.059598,0.169355,0.002838,0.000453
0,-0.099252,-0.123298,-0.25238,-0.179135,-0.267089,-0.148504,0.001732,0.002152
0,0.027388,-0.043165,0.154666,0.086156,0.168324,0.107096,0.000478,0.000753
0,-0.00602,-0.145194,-0.00506,-0.10839,0.014803,-0.130003,0.000105,0.002534
0,0.142602,0.006715,0.178581,0.122427,0.199579,0.090009,0.002489,0.000117
0,0.119838,-0.175456,-0.036987,-0.156437,0.008617,-0.134316,0.002092,0.003062
0,-0.077508,-0.002341,-0.210613,0.159948,-0.228688,0.123609,0.001353,4.1e-05
0,-0.107949,-0.114188,-0.023347,-0.096915,-0.025393,-0.058725,0.001884,0.001993
0,0.01683,-0.040703,0.129256,0.060007,0.154668,0.064512,0.000294,0.00071
0,0.102512,0.097401,0.099226,0.133063,0.105343,0.084504,0.001789,0.0017
0,-0.070132,-0.105953,-0.181624,-0.199012,-0.205218,-0.226719,0.001224,0.001849
0,-0.023588,0.026353,0.056771,0.125982,0.027807,0.129252,0.000412,0.00046
0,-0.037272,-0.093924,-0.007639,-0.126833,0.027053,-0.089722,0.000651,0.001639
0,0.094663,-0.052162,0.135067,0.015015,0.140347,0.010028,0.001652,0.00091
0,0.037883,-0.061643,-0.0663,-0.035927,-0.070185,-0.008116,0.000661,0.001076
0,0.008148,-0.156476,-0.053929,-0.097194,-0.099166,-0.133292,0.000142,0.002731
0,-0.036215,0.004016,-0.0422,0.175751,-0.000987,0.162472,0.000632,7e-05
0,-0.015435,-0.234602,0.011012,-0.240074,0.010153,-0.280978,0.000269,0.004095
0,-0.060422,-0.175243,-0.059552,0.046314,-0.041874,0.036383,0.001055,0.003059
0,-0.050521,-0.132902,0.032281,0.062676,0.059413,0.019165,0.000882,0.00232
0,0.096493,-0.172592,0.15562,-0.056182,0.186818,-0.053961,0.001684,0.003012
0,0.090236,-0.098206,-0.017915,0.092517,-0.031417,0.14152,0.001575,0.001714
0,0.091424,-0.169867,0.020951,-0.063358,0.045014,-0.055724,0.001596,0.002965
0,0.007119,-0.134586,-0.101379,0.061758,-0.091101,0.032216,0.000124,0.002349
0,0.180228,-0.126996,0.169106,0.008271,0.172183,0.048075,0.003146,0.002216
0,0.243277,-0.167985,0.060144,-0.039236,0.06692,-0.026081,0.004246,0.002932
0,0.040115,0.035404,-0.201529,0.215096,-0.153188,0.187828,0.0007,0.000618
0,0.044134,-0.08416,-0.003237,-0.118347,0.031506,-0.138394,0.00077,0.001469
0,0.084046,0.107134,0.013005,0.187291,0.015158,0.157653,0.001467,0.00187
0,0.079958,-0.010899,-0.010143,-0.102745,-0.027871,-0.137408,0.001396,0.00019
0,0.252424,-0.012759,0.200299,-0.021405,0.188061,0.005915,0.004406,0.000223
0,0.028416,-0.127099,-0.199127,-0.125011,-0.179081,-0.13787,0.000496,0.002218
0,0.313001,-0.022198,0.311102,0.076412,0.286433,0.1188,0.005463,0.000387
0,0.259024,0.110456,-0.047014,0.116408,-0.038606,0.111029,0.004521,0.001928
0,0.236061,-0.095703,-0.050388,-0.19078,-0.038189,-0.194416,0.00412,0.00167
0,0.027858,0.166689,-0.217895,0.253056,-0.213429,0.26507,0.000486,0.002909
0,0.046021,-0.034319,0.040726,-0.189752,0.018337,-0.237775,0.000803,0.000599
0,0.043565,-0.052016,0.012303,-0.038832,-0.014005,-0.025316,0.00076,0.000908
0,0.204409,-0.100745,0.139931,-0.052593,0.114356,-0.043833,0.003568,0.001758
0,0.249704,0.179768,0.029832,0.276356,0.009899,0.246491,0.004358,0.003138
0,0.20129,-0.052444,-0.040416,-0.223342,-0.047852,-0.221617,0.003513,0.000915
0,0.197011,0.136886,-0.022007,0.161369,-0.003154,0.155622,0.003438,0.002389
0,-0.032781,0.066149,-0.232208,-0.086862,-0.241904,-0.042814,0.000572,0.001155
0,0.207248,-0.061094,0.210314,-0.144712,0.231116,-0.108468,0.003617,0.001066
0,0.058756,0.104687,-0.156416,0.151149,-0.115188,0.149327,0.001025,0.001827
0,0.07708,0.14295,0.013636,0.021812,-0.032131,0.036525,0.001345,0.002495
0,0.053954,0.039677,-0.042417,-0.088092,-0.024374,-0.083014,0.000942,0.000692
0,0.120362,0.24796,0.05674,0.202429,0.071971,0.183127,0.002101,0.004328
0,0.123932,-0.009489,0.001245,-0.240914,-0.014695,-0.258458,0.002163,0.000166
0,0.081164,0.000559,-0.059738,0.032811,-0.058007,0.041253,0.001417,1e-05
0,0.141582,0.008658,0.044382,-0.003346,0.051736,-0.010066,0.002471,0.000151
0,0.036732,-0.059506,-0.122233,-0.086335,-0.073604,-0.11487,0.000641,0.001039
0,-0.072663,0.171351,-0.091908,0.202875,-0.058055,0.173975,0.001268,0.002991
0,-0.01421,0.203708,0.075005,0.046017,0.076353,0.010022,0.000248,0.003555
0,-0.092009,-0.034812,-0.07227,-0.239133,-0.034046,-0.264998,0.001606,0.000608
0,-0.080125,-0.010963,-0.012465,0.016391,0.015948,0.052689,0.001398,0.000191
0,-0.024435,0.117897,0.084645,0.140629,0.036431,0.160289,0.000426,0.002058
0,-0.120687,0.024385,-0.092689,-0.098211,-0.122491,-0.058251,0.002106,0.000426
0,-0.006303,0.180205,0.095498,0.164314,0.109096,0.160375,0.00011,0.003145
0,0.076591,-0.041319,0.090663,-0.232619,0.099698,-0.216848,0.001337,0.000721
0,-0.111406,-0.040185,-0.162568,-0.023372,-0.137269,-0.048711,0.001944,0.000701
0,-0.063693,-0.067159,0.075757,-0.003059,0.038577,-0.004188,0.001112,0.001172
0,-0.083955,0.034855,0.005515,0.089825,0.010764,0.049584,0.001465,0.000608
0,0.131904,0.040795,0.206594,0.013666,0.245511,-0.010055,0.002302,0.000712
0,-0.135166,0.165675,-0.289248,0.117563,-0.306224,0.117791,0.002359,0.002892
0,-0.0904,-0.012199,0.044475,-0.177089,0.078617,-0.132103,0.001578,0.000213
0,0.098381,-0.007179,0.195744,-0.003637,0.197647,-0.026,0.001717,0.000125
0,-0.005799,-0.039113,-0.081033,-0.058364,-0.079405,-0.107734,0.000101,0.000683
0,-0.099951,0.10398,-0.082987,0.138114,-0.063387,0.174809,0.001744,0.001815
0,-0.016482,-0.001857,0.106021,-0.08071,0.107578,-0.091038,0.000288,3.2e-05
0,0.181069,-0.052307,0.177467,-0.045494,0.200948,-0.037446,0.00316,0.000913
0,0.092054,0.166516,-0.077657,0.223031,-0.102994,0.249442,0.001607,0.002906
0,0.254713,0.163666,0.15871,0.014443,0.197612,0.050134,0.004446,0.002857
0,0.274271,0.091865,0.041313,-0.085504,0.072457,-0.096678,0.004787,0.001603
0,0.056894,0.195733,-0.215416,0.114368,-0.254719,0.091939,0.000993,0.003416
0,0.06487,-0.023368,0.007062,-0.229734,0.011026,-0.278586,0.001132,0.000408
0,0.129701,0.057534,0.092317,0.090449,0.057681,0.117947,0.002264,0.001004
0,0.004341,0.119592,-0.153248,0.042924,-0.161767,0.050948,7.6e-05,0.002087
0,-0.119043,-0.002749,-0.14965,-0.135492,-0.100538,-0.12373,0.002078,4.8e-05
0,0.000104,0.065747,0.120906,0.093901,0.132525,0.081621,2e-06,0.001148
0,0.214224,0.03587,0.21161,-0.03563,0.239355,0.005369,0.003739,0.000626
0,-9.2e-05,-0.026767,-0.223074,-0.087035,-0.187868,-0.096669,2e-06,0.000467
0,0.241162,0.175089,0.250317,0.228005,0.225767,0.22002,0.004209,0.003056
0,0.173546,-0.090904,-0.039753,-0.290631,-0.021017,-0.309905,0.003029,0.001587
0,0.030337,-0.030721,-0.168025,0.054978,-0.180045,0.065803,0.000529,0.000536
0,0.215883,0.172652,0.15656,0.226498,0.124007,0.233683,0.003768,0.003013
0,0.180518,-0.045611,-0.029983,-0.243444,-0.030645,-0.219413,0.003151,0.000796
0,0.285427,-0.063485,0.080251,-0.00722,0.060567,-0.048216,0.004982,0.001108
0,0.162983,-0.079962,-0.108138,0.005963,-0.098935,-0.013951,0.002845,0.001396
0,0.095001,-0.089923,-0.084717,-0.029924,-0.11041,-0.016065,0.001658,0.001569
0,0.063066,0.141734,-0.006567,0.22624,-0.005931,0.241827,0.001101,0.002474
0,0.172849,0.038093,0.101429,-0.09166,0.147533,-0.084518,0.003017,0.000665
0,0.237466,0.007095,0.086477,-0.009356,0.133568,-0.010212,0.004145,0.000124
0,0.192709,0.072084,-0.069472,0.049193,-0.107376,0.076655,0.003363,0.001258
0,0.202452,0.226291,0.027314,0.128456,0.001813,0.141594,0.003533,0.00395
0,0.209956,0.214366,-0.010234,-0.039986,-0.001909,-0.076802,0.003664,0.003741
0,0.240491,0.193607,0.005818,0.005707,0.007928,0.051366,0.004197,0.003379
0,0.151533,0.184591,-0.103615,-0.013128,-0.108732,0.003816,0.002645,0.003222
0,0.144543,0.056212,-0.015533,-0.104883,-0.014642,-0.105648,0.002523,0.000981
0,0.012899,0.141404,-0.137646,0.101336,-0.12127,0.097644,0.000225,0.002468
0,0.096604,0.006621,0.06088,-0.151233,0.013963,-0.151594,0.001686,0.000116
0,0.253832,0.063595,0.15074,0.079189,0.125018,0.116036,0.00443,0.00111
0,0.217336,0.05902,-0.032276,-0.022588,0.007328,0.013529,0.003793,0.00103
0,0.207374,0.022436,-0.02135,-0.025532,-0.058632,0.004908,0.003619,0.000392
0,0.086737,0.023109,-0.094006,-0.006388,-0.061413,-0.018204,0.001514,0.000403
0,0.117612,-0.084203,0.031521,-0.083168,0.074632,-0.064929,0.002053,0.00147
0,0.277557,-0.052787,0.181264,0.052444,0.221046,0.023308,0.004844,0.000921
0,0.192793,-0.056462,-0.070443,0.025561,-0.062134,0.054861,0.003365,0.000985
0,0.134168,-0.143768,-0.053775,-0.061168,-0.087827,-0.025282,0.002342,0.002509
0,0.162246,-0.082589,0.005803,0.034844,0.019472,0.02488,0.002832,0.001441
0,0.047554,-0.010573,-0.09238,0.047699,-0.12677,0.039603,0.00083,0.000185
0,0.192704,-0.056195,0.15311,-0.018277,0.16271,-0.063039,0.003363,0.000981
0,-0.002927,-0.121213,-0.191468,-0.056274,-0.184382,-0.079784,5.1e-05,0.002116
0,-0.004124,0.098348,-0.012991,0.192114,-0.029313,0.142372,7.2e-05,0.001716
0,0.153669,0.074894,0.157493,-0.036761,0.147523,-0.064173,0.002682,0.001307
0,-0.020798,0.003214,-0.172596,-0.087154,-0.177752,-0.061393,0.000363,5.6e-05
0,0.225944,-0.035909,0.264383,-0.018655,0.277662,0.015342,0.003943,0.000627
0,0.069095,0.080144,-0.152832,0.091503,-0.162794,0.137741,0.001206,0.001399
0,-0.043604,0.155684,-0.132103,0.101078,-0.145178,0.103357,0.000761,0.002717
0,-0.137473,0.140353,-0.096738,-0.016377,-0.108552,-0.025471,0.002399,0.00245
0,-0.107333,-0.055718,0.01093,-0.182976,-0.016281,-0.168108,0.001873,0.000972
0,0.143136,0.067755,0.266562,0.144053,0.284828,0.146226,0.002498,0.001183
0,0.23064,-0.070301,0.117349,-0.123197,0.072013,-0.169471,0.004025,0.001227
0,0.093264,-0.007305,-0.158687,0.08868,-0.116188,0.104997,0.001628,0.000127
0,0.207407,0.057662,0.098201,0.085653,0.055163,0.113022,0.00362,0.001006
0,-0.047776,0.063177,-0.244658,-0.008983,-0.211681,-0.004327,0.000834,0.001103
0,0.098398,-0.045879,0.17564,-0.116243,0.205942,-0.071052,0.001717,0.000801
0,-0.01471,-0.052464,-0.139247,-0.018422,-0.139685,-0.019188,0.000257,0.000916
0,0.055362,0.016048,0.096059,0.048468,0.054312,0.017443,0.000966,0.00028
0,-0.144504,-0.035901,-0.209782,-0.033931,-0.163662,-0.080407,0.002522,0.000627
0,-0.004525,-0.047696,0.12594,-0.00863,0.087141,-0.032396,7.9e-05,0.000832
0,-0.149398,-0.112618,-0.156356,-0.059744,-0.199946,-0.094275,0.002607,0.001966
0,-0.069838,-0.022415,0.096569,0.091092,0.066502,0.09674,0.001219,0.000391
0,-0.121296,-0.101443,-0.058221,-0.077979,-0.034808,-0.12682,0.002117,0.001771
0,0.067286,0.041982,0.199473,0.135727,0.234153,0.17052,0.001174,0.000733
0,0.105769,0.023837,0.045335,-0.015086,0.081416,-0.038864,0.001846,0.000416
0,0.007323,-0.070917,-0.073363,-0.10382,-0.050287,-0.090231,0.000128,0.001238
0,-0.072794,-0.068965,-0.08053,-0.023572,-0.077658,-0.022369,0.00127,0.001204
0,0.068568,0.117257,0.112742,0.20711,0.120018,0.164235,0.001197,0.002047
0,0.119926,-0.108021,0.044854,-0.203639,0.040381,-0.20143,0.002093,0.001885
0,0.106193,0.130205,-0.033947,0.230634,-0.020835,0.207048,0.001853,0.002273
0,-0.10809,0.003685,-0.206704,-0.132192,-0.253075,-0.099591,0.001887,6.4e-05
0,0.192618,-0.163882,0.286704,-0.146676,0.336527,-0.125673,0.003362,0.00286
0,0.017751,0.02539,-0.167596,0.164697,-0.173953,0.121077,0.00031,0.000443
0,0.024509,-0.044955,0.012065,-0.04224,0.052627,-0.061428,0.000428,0.000785
0,-0.053732,0.008817,-0.09286,0.02885,-0.083781,0.060045,0.000938,0.000154
0,-0.036231,0.043202,0.012859,0.009827,0.010872,0.045847,0.000632,0.000754
0,-0.101024,-0.026925,-0.036286,-0.086503,-0.016647,-0.101806,0.001763,0.00047
0,0.007235,0.004157,0.120571,0.060202,0.078939,0.082559,0.000126,7.3e-05
0,-0.141357,-0.144581,-0.129099,-0.147882,-0.167914,-0.171451,0.002467,0.002523
0,-0.156381,-0.204969,0.006485,-0.050122,0.042538,-0.051287,0.002729,0.003577
0,-0.013326,-0.202529,0.149802,-0.020411,0.158864,0.001528,0.000233,0.003535
0,-0.144689,-0.07458,-0.118598,0.104707,-0.110488,0.066103,0.002525,0.001302
0,-0.05207,-0.163137,0.077289,-0.071194,0.119585,-0.082005,0.000909,0.002847
0,-0.238253,-0.066362,-0.165419,0.105875,-0.207077,0.072808,0.004158,0.001158
0,-0.206523,-0.091544,0.036924,-0.029332,0.038654,-0.075524,0.003604,0.001598
0,-0.053946,-0.109242,0.158656,0.002598,0.161951,0.008793,0.000942,0.001907
0,-0.073805,-0.118161,-0.026579,0.004242,-0.018577,0.040694,0.001288,0.002062
0,-0.185383,0.072999,-0.083101,0.16756,-0.093399,0.167756,0.003236,0.001274
0,-0.212276,-0.05451,-0.041701,-0.128004,-0.056606,-0.175594,0.003705,0.000951
0,-0.020391,0.039187,0.173813,0.078052,0.190132,0.079529,0.000356,0.000684
0,-0.152855,-0.144637,-0.106142,-0.194653,-0.122629,-0.227313,0.002668,0.002524
0,-0.10079,-0.113715,0.059797,0.015342,0.109567,0.007716,0.001759,0.001985
0,-0.116941,-0.061734,0.007692,0.063029,-0.038167,0.051061,0.002041,0.001077
0,-0.074793,-0.167674,0.050405,-0.097242,0.048719,-0.145722,0.001305,0.002926
0,-0.231293,-0.099869,-0.172249,0.082866,-0.220688,0.127166,0.004037,0.001743
0,-0.186736,0.077956,0.025457,0.199687,0.005748,0.235219,0.003259,0.001361
0,-0.068083,-0.066615,0.124252,-0.152192,0.156571,-0.164355,0.001188,0.001163
0,0.009447,0.054026,0.07807,0.146133,0.103298,0.178318,0.000165,0.000943
0,-0.18818,0.040147,-0.174619,-0.01402,-0.137474,0.019695,0.003284,0.000701
0,-0.024506,-0.171987,0.176165,-0.198267,0.182109,-0.231452,0.000428,0.003002
0,-0.004598,-0.101808,0.014408,0.056439,0.044935,0.015266,8e-05,0.001777
0,-0.111508,-0.00981,-0.102404,0.117645,-0.061078,0.100224,0.001946,0.000171
0,-0.266847,0.021108,-0.157653,0.046066,-0.196705,0.077419,0.004657,0.000368
0,-0.260502,-0.179281,0.021779,-0.192932,0.008063,-0.221483,0.004547,0.003129
0,-0.212294,-0.068091,0.074333,0.106909,0.1138,0.065588,0.003705,0.001188
0,-0.088976,0.007654,0.107926,0.063386,0.135875,0.050897,0.001553,0.000134
0,-0.033578,-0.003085,0.070866,0.012198,0.046985,-0.004656,0.000586,5.4e-05
0,-0.232976,0.066435,-0.213302,0.057687,-0.222099,0.065421,0.004066,0.00116
0,-0.093595,-0.096365,0.122475,-0.14105,0.161906,-0.161126,0.001634,0.001682
0,-0.014999,0.111225,0.052693,0.190107,0.075618,0.153594,0.000262,0.001941
0,-0.098187,0.086792,-0.076337,-0.040304,-0.110427,-0.048167,0.001714,0.001515
0,-0.098528,-0.064228,0.028869,-0.141423,0.048324,-0.148007,0.00172,0.001121
0,0.068358,-0.154566,0.150651,-0.092272,0.16078,-0.062234,0.001193,0.002698
0,0.110098,-0.025216,0.034524,0.145273,0.027656,0.152218,0.001922,0.00044
0,-0.179542,0.070132,-0.310907,0.076665,-0.344005,0.122744,0.003134,0.001224
0,0.08131,0.077821,0.247939,0.037616,0.259406,0.038727,0.001419,0.001358
0,-0.111044,-0.081914,-0.172972,-0.167082,-0.206352,-0.154277,0.001938,0.00143
0,-0.067093,0.018571,0.030042,0.126979,0.00563,0.125571,0.001171,0.000324
0,-0.066146,-0.224236,0.015576,-0.265177,0.017687,-0.284502,0.001154,0.003914
0,0.082311,0.031243,0.132488,0.229576,0.153068,0.27207,0.001437,0.000545
0,-0.139431,-0.081766,-0.243592,-0.087629,-0.245276,-0.039295,0.002434,0.001427
0,-0.012536,-0.051062,0.156757,0.011799,0.171182,0.049704,0.000219,0.000891
0,0.003756,-0.149971,0.002492,-0.096526,0.020119,-0.052362,6.6e-05,0.002617
0,-0.101974,0.080134,-0.076967,0.242891,-0.10951,0.210649,0.00178,0.001399
0,-0.194814,0.093133,-0.105042,0.02751,-0.089836,0.009269,0.0034,0.001625
0,-0.075554,-0.087993,0.104214,-0.188795,0.138248,-0.175826,0.001319,0.001536
0,-0.17145,0.113321,-0.106378,0.19809,-0.130338,0.161424,0.002992,0.001978
0,0.074783,-0.086261,0.251328,-0.222188,0.250183,-0.21342,0.001305,0.001506
0,-0.061929,0.091086,-0.152961,0.195076,-0.201515,0.219114,0.001081,0.00159
0,0.020292,-0.019868,0.110922,-0.131754,0.062107,-0.127008,0.000354,0.000347
0,0.063083,-0.109623,0.023258,-0.106663,0.030441,-0.071457,0.001101,0.001913
0,0.053392,-0.043353,0.001165,0.080495,-0.00667,0.043345,0.000932,0.000757
0,-0.139985,0.045237,-0.191341,0.101586,-0.236396,0.132577,0.002443,0.00079
0,0.136161,0.04417,0.277235,-0.016402,0.278594,0.026363,0.002376,0.000771
0,0.08579,-0.122446,-0.027184,-0.167184,-0.029631,-0.19806,0.001497,0.002137
0,0.157517,0.013139,0.081607,0.12383,0.083688,0.114808,0.002749,0.000229
0,0.067751,-0.024501,-0.068932,-0.048891,-0.018937,-0.010676,0.001182,0.000428
0,-0.049324,0.025446,-0.089738,0.075532,-0.113588,0.036442,0.000861,0.000444
0,-0.162479,-0.008131,-0.107592,-0.034067,-0.085495,-0.070391,0.002836,0.000142
0,-0.200991,-0.129754,-0.040685,-0.14663,-0.088274,-0.097647,0.003508,0.002265
0,-0.015383,0.011401,0.194044,0.160651,0.220534,0.200624,0.000268,0.000199
0,-0.051327,-0.181923,-0.034792,-0.207538,-0.070499,-0.200282,0.000896,0.003175
0,-0.114907,-0.055814,-0.044988,0.133504,-0.079637,0.092929,0.002006,0.000974
0,0.072889,0.055532,0.204269,0.103983,0.231218,0.113385,0.001272,0.000969
0,-0.151214,0.01545,-0.244854,-0.034794,-0.205959,-0.027143,0.002639,0.00027
0,0.031726,0.052123,0.185376,0.042971,0.230943,0.056029,0.000554,0.00091
0,-0.076566,0.059612,-0.089409,0.022937,-0.043147,-0.007858,0.001336,0.00104
0,0.007452,0.034041,0.091956,-0.044449,0.123905,-0.009244,0.00013,0.000594
0,0.161467,-0.069163,0.131147,-0.089948,0.178639,-0.04127,0.002818,0.001207
0,0.130744,-0.089697,-0.001352,-0.046415,0.035945,-0.031744,0.002282,0.001566
0,0.044827,0.100103,-0.091403,0.185824,-0.065447,0.219054,0.000782,0.001747
0,-0.044543,-0.007659,-0.077792,-0.097086,-0.073046,-0.057803,0.000777,0.000134
0,0.182714,0.010235,0.215665,-0.010279,0.251502,-0.000737,0.003189,0.000179
0,0.03609,0.015515,-0.140339,-0.008147,-0.178963,-0.023362,0.00063,0.000271
0,0.192355,-0.058282,0.160282,-0.071442,0.133198,-0.068771,0.003357,0.001017
0,0.237013,-0.091415,0.07352,-0.052457,0.029453,-0.094115,0.004137,0.001595
0,0.160886,0.094837,-0.0914,0.18999,-0.107181,0.182477,0.002808,0.001655
0,0.22066,-0.050302,0.036689,-0.116957,0.003052,-0.142193,0.003851,0.000878
0,0.099866,0.141325,-0.143646,0.217099,-0.116046,0.176326,0.001743,0.002467
0,-0.002761,0.074028,-0.088769,-0.057976,-0.112707,-0.107534,4.8e-05,0.001292
0,0.229892,0.096553,0.224938,0.007892,0.212225,0.025004,0.004012,0.001685
0,0.188545,-0.058446,-0.052681,-0.149735,-0.017801,-0.175799,0.003291,0.00102
0,0.168242,-0.131923,-0.002912,-0.101251,-0.02041,-0.093929,0.002936,0.002302
0,0.069306,0.053531,-0.092442,0.158794,-0.076799,0.15452,0.00121,0.000934
0,0.256882,0.145723,0.21224,0.094368,0.199964,0.072496,0.004483,0.002543
0,0.151013,-0.161335,-0.122151,-0.302279,-0.077623,-0.280501,0.002636,0.002816
0,0.035156,-0.125981,-0.096099,0.012782,-0.07881,0.052037,0.000614,0.002199
0,0.182693,0.063277,0.139869,0.192462,0.128063,0.202196,0.003189,0.001104
0,-0.047069,-0.005538,-0.216494,-0.071899,-0.21723,-0.068714,0.000822,9.7e-05
0,0.091424,-0.027911,0.134273,0.00506,0.169679,0.04622,0.001596,0.000487
0,0.138208,-0.04286,0.018961,-0.039433,0.044625,-0.036256,0.002412,0.000748
0,0.070719,-0.126016,-0.071241,-0.075506,-0.096803,-0.071618,0.001234,0.002199
0,-0.021682,-0.087252,-0.084876,0.05288,-0.105386,0.088881,0.000378,0.001523
0,-0.094334,-0.024688,-0.071434,0.080738,-0.114465,0.113896,0.001646,0.000431
0,0.079949,0.082759,0.17381,0.122908,0.213582,0.091251,0.001395,0.001444
0,0.093946,0.103801,0.022748,0.006997,0.027985,0.043777,0.00164,0.001812
0,0.173023,0.134449,0.108735,0.039037,0.062817,0.050803,0.00302,0.002347
0,0.137166,0.094084,-0.03285,-0.044309,-0.032565,-0.028564,0.002394,0.001642
0,0.167113,-0.083689,0.02395,-0.152185,0.017202,-0.103686,0.002917,0.001461
0,0.154291,0.083261,-0.031844,0.168255,-0.009545,0.134686,0.002693,0.001453
0,-0.089295,-0.112723,-0.237629,-0.197385,-0.255404,-0.205935,0.001558,0.001967
0,-0.060403,-0.083565,0.044526,0.013961,0.04951,0.031553,0.001054,0.001458
0,0.109685,-0.129002,0.182909,-0.074443,0.167073,-0.072088,0.001914,0.002252
0,-0.039222,-0.136467,-0.173651,0.014953,-0.138321,0.013703,0.000685,0.002382
0,0.17356,-0.097615,0.200698,0.058063,0.188171,0.055256,0.003029,0.001704
0,0.151291,-0.068044,-0.001251,0.007184,-0.042657,0.045608,0.002641,0.001188
0,-0.012317,0.167971,-0.142298,0.219387,-0.092453,0.176937,0.000215,0.002932
0,0.181686,0.104607,0.20071,-0.067079,0.189119,-0.097908,0.003171,0.001826
0,0.099326,0.018416,-0.077089,-0.097888,-0.1063,-0.051919,0.001734,0.000321
0,0.16367,0.041702,0.082253,0.000385,0.113231,-0.017808,0.002857,0.000728
0,-0.173761,-0.11297,-0.361538,-0.132565,-0.347744,-0.155256,0.003033,0.001972
0,-0.131669,0.139992,0.054142,0.229773,0.033307,0.187939,0.002298,0.002443
0,0.108033,0.004923,0.251822,-0.161619,0.296556,-0.175467,0.001886,8.6e-05
0,-0.121281,0.036122,-0.247145,0.04898,-0.224051,0.05294,0.002117,0.00063
0,0.025752,-0.019831,0.128304,-0.053041,0.146821,-0.067597,0.000449,0.000346
0,0.041693,0.018292,0.032043,0.026203,0.038413,0.033606,0.000728,0.000319
0,0.07699,-0.095085,0.021259,-0.140148,0.059401,-0.126299,0.001344,0.00166
0,0.211124,0.162944,0.119385,0.287421,0.073984,0.254187,0.003685,0.002844
0,0.061451,-0.062915,-0.139477,-0.221557,-0.124093,-0.184187,0.001073,0.001098
0,-2.452411,2.316802,-2.488567,2.408088,-2.448584,2.405413,0.005559,0.004164
0,-3.189937,2.300928,-0.758143,-0.014776,-0.751062,0.024578,0.004778,0.003887
0,-2.859586,3.095466,0.325827,0.823881,0.283057,0.860929,0.001547,0.005664
0,-3.011873,2.206099,-0.146394,-0.889161,-0.156363,-0.916496,0.004205,0.002232
0,-2.696029,1.895614,0.324333,-0.320433,0.327305,-0.352633,0.001307,0.003187
0,-2.502729,1.633485,0.200533,-0.239154,0.15319,-0.246192,0.004681,0.004329
0,-2.209593,1.296668,0.292512,-0.333849,0.329556,-0.359517,0.002293,0.00155
0,-1.481166,1.037588,0.724615,-0.26114,0.692988,-0.282239,0.00167,0.006019
0,-1.322696,0.781781,0.143528,-0.246354,0.145787,-0.263434,0.001096,0.001554
0,-0.727974,0.44869,0.621939,-0.348734,0.670105,-0.309788,0.000615,0.004259
0,-0.231837,0.105867,0.470117,-0.370489,0.430382,-0.414526,0.004046,0.001848
0,-0.18114,-0.32091,0.070891,-0.450499,0.08682,-0.466069,0.003161,0.005601
0,0.035222,-0.02165,0.18976,0.296841,0.167398,0.342329,0.000615,0.000378
0,0.020125,-0.142666,-0.014667,-0.106271,-0.038286,-0.140873,0.000351,0.00249
0,-0.212701,-0.006995,-0.222568,0.121755,-0.246877,0.154404,0.003712,0.000122
0,-0.208112,-0.027015,0.024241,-0.023535,0.020722,-0.019087,0.003632,0.000472
0,-0.309215,-0.120691,-0.126618,-0.095447,-0.082138,-0.072858,0.005397,0.002106
0,-0.214904,-0.270407,0.118264,-0.138046,0.091744,-0.127149,0.003751,0.004719
0,-0.031158,-0.054667,0.168355,0.186,0.1205,0.231087,0.000544,0.000954
0,-0.169166,-0.01274,-0.155348,0.018946,-0.108498,0.064396,0.002953,0.000222
0,-0.092747,-0.055405,0.085139,-0.01817,0.07901,-0.002901,0.001619,0.000967
0,-0.270622,-0.004559,-0.172009,0.034009,-0.154856,0.048586,0.004723,8e-05
0,-0.183882,0.010157,0.102517,-0.007133,0.081515,0.016554,0.003209,0.000177
0,-0.265584,-0.093853,-0.103647,-0.10553,-0.075161,-0.146165,0.004635,0.001638
0,-0.064894,0.05154,0.2184,0.124542,0.199669,0.087961,0.001133,0.0009
0,-0.187126,-0.053758,-0.118109,-0.13521,-0.071432,-0.132143,0.003266,0.000938
0,-0.239871,0.003343,-0.024256,0.033928,-0.053649,0.053303,0.004187,5.8e-05
0,-0.226268,-0.002164,-0.015026,0.010481,0.021984,0.02961,0.003949,3.8e-05
0,-0.220267,0.014254,0.032423,0.030903,-0.00968,0.057634,0.003844,0.000249
0,0.007102,-0.142126,0.23119,-0.145112,0.209651,-0.113575,0.000124,0.002481
0,-0.03149,-0.212751,-0.016012,-0.100116,-0.039298,-0.088225,0.00055,0.003713
0,0.069555,-0.077113,0.128887,0.106783,0.140027,0.102139,0.001214,0.001346
0,-0.144029,-0.07219,-0.202553,0.015054,-0.164674,-0.00092,0.002514,0.00126
0,0.033325,-0.007528,0.181103,0.059244,0.169255,0.078726,0.000582,0.000131
0,-0.165105,-0.057389,-0.213279,-0.057408,-0.177456,-0.084766,0.002882,0.001002
0,-0.161451,0.025244,-0.018912,0.06431,-0.019622,0.018612,0.002818,0.000441
0,0.004236,-0.124352,0.166397,-0.148158,0.187347,-0.101952,7.4e-05,0.00217
0,-0.237572,0.046699,-0.24143,0.185723,-0.201186,0.205414,0.004146,0.000815
0,-0.1397,0.089236,0.124935,0.044338,0.170531,0.048596,0.002438,0.001557
0,0.095972,-0.171882,0.236623,-0.254558,0.249952,-0.253772,0.001675,0.003
0,-0.042927,-0.119959,-0.11954,0.081717,-0.082628,0.105269,0.000749,0.002094
0,0.052931,0.025958,0.110154,0.174354,0.079694,0.186993,0.000924,0.000453
0,-0.13084,0.068776,-0.162947,0.043394,-0.151583,-0.004322,0.002284,0.0012
0,-0.077009,-0.054956,0.037565,-0.095474,0.009018,-0.115864,0.001344,0.000959
0,-0.176349,-0.01834,-0.091236,0.007734,-0.055039,0.023851,0.003078,0.00032
0,0.078948,-0.068205,0.28287,-0.073293,0.250907,-0.099236,0.001378,0.00119
0,-0.079586,0.01741,-0.129163,0.072875,-0.176136,0.073271,0.001389,0.000304
0,0.150629,-0.184482,0.237511,-0.202742,0.278771,-0.170223,0.002629,0.00322
0,0.000206,-0.133484,-0.125536,0.068857,-0.170006,0.091422,4e-06,0.00233
0,-0.067205,0.071091,-0.060943,0.226119,-0.054236,0.235523,0.001173,0.001241
0,-0.024416,-0.044467,0.047976,-0.119581,0.072952,-0.097182,0.000426,0.000776
0,-0.06448,-0.166823,-0.048681,-0.106381,-0.026515,-0.090909,0.001125,0.002912
0,0.070075,-0.128064,0.116559,0.0133,0.072618,0.017299,0.001223,0.002235
0,0.214529,-0.165554,0.173198,-0.06646,0.193929,-0.111788,0.003744,0.002889
0,0.206599,-0.078851,-0.01684,0.098446,-0.025295,0.097243,0.003606,0.001376
0,0.123459,-0.072156,-0.107,-0.01882,-0.069411,-0.028579,0.002155,0.001259
0,0.063721,0.082571,-0.075091,0.149099,-0.049481,0.167788,0.001112,0.001441
0,0.039568,-0.102917,-0.003936,-0.178575,0.026529,-0.211235,0.000691,0.001796
0,0.092538,0.011009,0.025021,0.119483,0.06134,0.121541,0.001615,0.000192
0,0.105986,0.021606,0.036941,-0.014998,0.053736,0.032659,0.00185,0.000377
0,0.219352,-0.054304,0.126168,-0.096156,0.098151,-0.116782,0.003828,0.000948
0,0.075392,0.064986,-0.142955,0.104041,-0.138952,0.127047,0.001316,0.001134
0,0.118076,-0.018747,0.048629,-0.096499,0.009917,-0.08135,0.002061,0.000327
0,0.243127,-0.088821,0.130705,-0.057303,0.151768,-0.071078,0.004243,0.00155
0,0.186922,0.102048,-0.069913,0.165377,-0.106104,0.210591,0.003262,0.001781
0,-0.047385,-0.151533,-0.234384,-0.248831,-0.189498,-0.296464,0.000827,0.002645
0,-0.052046,0.119926,-0.026313,0.291171,-0.014756,0.268521,0.000908,0.002093
0,-0.136315,-0.050361,-0.05454,-0.144118,-0.021224,-0.191607,0.002379,0.000879
0,0.058027,-0.159248,0.17457,-0.079481,0.14059,-0.061855,0.001013,0.002779
0,-0.00032,0.044096,-0.075437,0.182702,-0.122436,0.219757,6e-06,0.00077
0,0.174587,-0.120436,0.194316,-0.140104,0.164707,-0.180135,0.003047,0.002102
0,0.04339,0.125246,-0.139435,0.264156,-0.094627,0.254635,0.000757,0.002186
0,0.024027,-0.142311,0.002368,-0.251371,-0.015603,-0.235786,0.000419,0.002484
0,0.162548,0.121753,0.136548,0.26564,0.118743,0.304334,0.002837,0.002125
0,0.108408,-0.161836,-0.076602,-0.308535,-0.08412,-0.305868,0.001892,0.002825
0,0.164991,-0.035424,0.053175,0.140939,0.064835,0.145106,0.00288,0.000618
0,-0.025551,-0.019496,-0.220427,0.024302,-0.190763,0.045981,0.000446,0.00034
0,0.102287,-0.030386,0.135931,0.013393,0.108627,0.024974,0.001785,0.00053
0,0.105883,-0.179669,0.022718,-0.140954,-0.013276,-0.189284,0.001848,0.003136
0,0.055434,-0.113433,-0.052751,0.088357,-0.02651,0.092046,0.000968,0.00198
0,0.040198,0.020279,-0.038752,0.141424,-0.061252,0.163883,0.000702,0.000354
0,0.171153,0.076739,0.111888,0.029993,0.085195,-0.013216,0.002987,0.001339
0,0.052186,0.007571,-0.117139,-0.062047,-0.160012,-0.055658,0.000911,0.000132
0,0.069204,0.042207,0.044652,0.030931,0.089327,0.026514,0.001208,0.000737
0,0.090145,-0.029023,0.021466,-0.064857,0.026766,-0.032938,0.001573,0.000507
0,0.000822,-0.212251,-0.066525,-0.160599,-0.074603,-0.174881,1.4e-05,0.003704
0,0.134078,-0.209208,0.113121,-0.002881,0.103975,-0.015415,0.00234,0.003651
0,0.034378,-0.137587,-0.075497,0.051677,-0.029634,0.034783,0.0006,0.002401
0,0.271803,-0.150317,0.211823,-0.02374,0.254107,-0.015561,0.004744,0.002624
0,0.229265,0.090665,-0.045941,0.255326,-0.028205,0.214317,0.004001,0.001582
0,0.068,0.014935,-0.172729,-0.069123,-0.147059,-0.033803,0.001187,0.000261
0,0.103236,0.118822,0.049913,0.113033,0.088829,0.122901,0.001802,0.002074
0,0.18654,-0.066421,0.089019,-0.15706,0.11865,-0.206957,0.003256,0.001159
0,0.298799,-0.071391,0.129077,-0.014685,0.111984,-0.000782,0.005215,0.001246
0,0.264511,0.122975,-0.053835,0.197583,-0.079004,0.188764,0.004617,0.002146
0,0.290433,0.07615,0.009178,-0.018559,0.01683,-0.021678,0.005069,0.001329
0,0.112804,0.066553,-0.18686,-0.024484,-0.180769,-0.050553,0.001969,0.001162
0,0.021406,-0.088946,-0.068718,-0.126285,-0.032553,-0.148746,0.000374,0.001552
0,0.196139,0.033342,0.144768,0.133393,0.120569,0.145084,0.003423,0.000582
0,0.206258,-0.017171,0.008266,-0.055936,0.038413,-0.095044,0.0036,0.0003
0,0.197168,-0.094909,0.015439,-0.061737,0.037717,-0.030594,0.003441,0.001656
0,0.06981,-0.199306,-0.145164,-0.08225,-0.163738,-0.088977,0.001218,0.003479
0,0.192562,0.090213,0.142315,0.29001,0.12266,0.251354,0.003361,0.001575
0,0.079892,-0.156519,-0.08348,-0.25722,-0.075782,-0.262184,0.001394,0.002732
0,-0.043586,-0.053061,-0.128597,0.089821,-0.165241,0.07548,0.000761,0.000926
0,0.050189,-0.140018,0.092685,-0.09282,0.108673,-0.083436,0.000876,0.002444
0,0.130123,0.000415,0.09408,0.112265,0.135319,0.138683,0.002271,7e-06
0,0.153044,0.03711,0.003025,0.053223,-0.00902,0.046059,0.002671,0.000648
0,0.141546,0.042416,-0.023972,0.019203,0.02524,0.046933,0.00247,0.00074
0,0.006979,-0.201297,-0.157359,-0.255646,-0.188449,-0.287057,0.000122,0.003513
0,0.1932,-0.143123,0.169336,0.057398,0.213024,0.09875,0.003372,0.002498
0,0.159986,-0.131237,-0.05779,0.012063,-0.01054,-0.011786,0.002792,0.002291
0,0.149615,-0.060016,-0.025725,0.100473,0.00532,0.077872,0.002611,0.001047
0,-0.086671,0.034739,-0.245877,0.072752,-0.202499,0.033713,0.001513,0.000606
0,0.13957,-0.02066,0.222267,-0.058979,0.264966,-0.025134,0.002436,0.000361
0,0.220201,-0.071387,0.083185,-0.041586,0.036725,-0.034931,0.003843,0.001246
0,0.025208,0.038019,-0.221202,0.102953,-0.186749,0.076542,0.00044,0.000664
0,0.255005,0.015033,0.249319,0.000608,0.202746,0.032974,0.004451,0.000262
0,0.117545,0.014164,-0.147028,-0.012622,-0.192544,0.005149,0.002052,0.000247
0,0.28656,-0.039407,0.198488,-0.045613,0.243181,-0.088253,0.005001,0.000688
0,0.18271,-0.105755,-0.097678,-0.092981,-0.069531,-0.079048,0.003189,0.001846
0,0.241671,-0.180345,0.064626,-0.084534,0.046769,-0.073984,0.004218,0.003148
0,0.056289,-0.150532,-0.191691,0.036964,-0.176769,0.051881,0.000982,0.002627
0,0.179595,0.015198,0.140871,0.15765,0.131318,0.151265,0.003135,0.000265
0,-0.057394,-0.102644,-0.264178,-0.130119,-0.261021,-0.162117,0.001002,0.001791
0,0.048519,-0.10806,0.096908,0.002084,0.086976,-0.012877,0.000847,0.001886
0,0.163994,0.011644,0.115263,0.12641,0.151569,0.098673,0.002862,0.000203
0,-0.08108,-0.230475,-0.239457,-0.243519,-0.212705,-0.235128,0.001415,0.004023
0,0.071806,-0.191323,0.177946,0.052213,0.209875,0.017913,0.001253,0.003339
0,0.032077,-0.172656,-0.05959,0.036456,-0.056828,-0.000959,0.00056,0.003013
0,0.169547,0.048724,0.13328,0.21499,0.107758,0.200376,0.002959,0.00085
0,0.023751,-0.191248,-0.151029,-0.238806,-0.115862,-0.276475,0.000415,0.003338
0,0.148815,-0.125693,0.106301,0.059068,0.119662,0.046238,0.002597,0.002194
0,-0.121204,-0.191592,-0.293763,-0.078424,-0.311675,-0.08105,0.002115,0.003344
0,-0.111957,-0.001381,-0.00409,0.190695,-0.006934,0.204208,0.001954,2.4e-05
0,-0.032853,-0.223381,0.063136,-0.19363,0.015405,-0.188563,0.000573,0.003899
0,0.099684,-0.217529,0.115666,0.006989,0.080543,0.035356,0.00174,0.003797
0,-0.142328,-0.159491,-0.26184,0.052869,-0.242129,0.020213,0.002484,0.002784
0,-0.066374,-0.025548,0.088964,0.157946,0.093774,0.186435,0.001158,0.000446
0,0.104743,-0.152138,0.182188,-0.117619,0.149768,-0.128386,0.001828,0.002655
0,0.048933,-0.139134,-0.06818,0.00024,-0.05659,0.045739,0.000854,0.002428
0,-0.058879,-0.026285,-0.136565,0.128151,-0.158372,0.132053,0.001028,0.000459
0,-0.129458,0.01373,-0.056273,0.024823,-0.106081,1.4e-05,0.002259,0.00024
0,-0.065413,0.006783,0.049656,0.009917,0.057847,-0.027038,0.001142,0.000118
0,0.047802,0.04081,0.137218,0.062256,0.148539,0.106459,0.000834,0.000712
0,0.052357,-0.140713,-0.020029,-0.171536,-0.032018,-0.186058,0.000914,0.002456
0,-0.02348,-0.088124,-0.058996,0.024078,-0.052885,0.049985,0.00041,0.001538
0,0.111898,-0.207878,0.122304,-0.112155,0.087401,-0.127656,0.001953,0.003628
0,0.195622,-0.053413,0.074714,0.178568,0.095269,0.13026,0.003414,0.000932
0,0.057459,-0.234202,-0.130835,-0.189809,-0.167217,-0.146988,0.001003,0.004088
0,0.028952,-0.123908,-0.015637,0.121256,-0.019306,0.164951,0.000505,0.002163
0,-0.001091,-0.000318,-0.023259,0.108338,0.006806,0.0708,1.9e-05,6e-06
0,-0.041221,-0.073383,-0.024999,-0.050556,-0.028411,-0.096401,0.000719,0.001281
0,0.158355,-0.211321,0.187363,-0.119625,0.211112,-0.079195,0.002764,0.003688
0,0.015022,-0.026834,-0.122171,0.191813,-0.128578,0.177675,0.000262,0.000468
0,-0.041066,-0.119563,-0.05947,-0.083404,-0.044483,-0.038251,0.000717,0.002087
0,0.078073,0.008593,0.126909,0.113344,0.091569,0.14684,0.001363,0.00015
0,0.046938,0.022947,-0.05051,0.014132,-0.037531,-0.034679,0.000819,0.0004
0,0.25731,-0.196087,0.209947,-0.234307,0.169861,-0.25946,0.004491,0.003422
0,0.335637,-0.140916,0.09722,0.036128,0.080078,0.015943,0.005858,0.002459
0,0.107607,-0.01906,-0.246825,0.143257,-0.284921,0.146353,0.001878,0.000333
0,0.043263,-0.088436,-0.074878,-0.076045,-0.026299,-0.045343,0.000755,0.001543
0,0.164789,0.018663,0.146811,0.135862,0.148014,0.175692,0.002876,0.000326
0,0.237677,-0.012341,0.049174,-0.043957,0.057669,-0.068976,0.004148,0.000215
0,0.309908,0.12323,0.071239,0.109393,0.113558,0.095636,0.005409,0.002151
0,0.271386,0.062349,-0.01358,-0.088656,0.010828,-0.049491,0.004737,0.001088
0,0.153159,0.013628,-0.116595,-0.062765,-0.099628,-0.088172,0.002673,0.000238
0,0.130251,-0.089128,-0.008876,-0.083764,-0.011277,-0.072815,0.002273,0.001556
0,0.294092,0.114675,0.17597,0.190934,0.165961,0.165413,0.005133,0.002001
0,0.253283,0.106694,-0.037801,0.005421,-0.012768,0.025326,0.004421,0.001862
0,0.086954,-0.136509,-0.175363,-0.217253,-0.153464,-0.184361,0.001518,0.002383
0,0.053075,-0.215531,-0.012344,-0.06237,-0.045508,-0.047173,0.000926,0.003762
0,0.154791,-0.215816,0.125902,0.019949,0.078919,0.029444,0.002702,0.003767
0,0.189222,-0.1046,0.043941,0.094435,0.001435,0.132364,0.003303,0.001826
0,0.259413,-0.032621,0.092133,0.050941,0.106762,0.007988,0.004528,0.000569
0,0.23608,-0.026148,-0.036605,-0.019776,-0.049359,-0.037795,0.00412,0.000456
0,0.173189,-0.205534,-0.055613,-0.152453,-0.073053,-0.153956,0.003023,0.003587
0,0.356346,-0.041602,0.187753,0.138065,0.230966,0.105467,0.005871,0.000726
0,0.291052,0.069467,-0.066447,0.121713,-0.041043,0.137551,0.00508,0.001212
0,0.354185,0.06988,0.050077,-0.014208,0.032896,0.008115,0.005909,0.00122
0,0.240707,0.037841,-0.105961,-0.048715,-0.073252,-0.043029,0.004201,0.00066
0,0.245855,-0.164741,-0.012896,-0.183641,0.025264,-0.17199,0.004291,0.002875
0,0.27052,-0.046723,-0.002517,0.100354,0.04656,0.145721,0.004721,0.000815
0,0.272478,0.036664,-0.018561,0.073592,-0.051219,0.029581,0.004756,0.00064
0,0.164871,0.033293,-0.081999,0.012514,-0.100241,-0.019207,0.002878,0.000581
0,0.012497,-0.139446,-0.135081,-0.162053,-0.134929,-0.203934,0.000218,0.002434
0,-0.087122,-0.09359,-0.07846,0.021204,-0.111501,0.061928,0.001521,0.001633
0,-0.089601,-0.13053,0.002271,-0.037837,-0.010111,-0.01696,0.001564,0.002278
0,-0.087489,-0.061393,-0.013312,0.043165,-0.049206,0.029574,0.001527,0.001072
0,0.01472,-0.0558,0.091141,0.022189,0.075044,0.063731,0.000257,0.000974
0,0.137258,0.116006,0.137057,0.193932,0.144641,0.159732,0.002396,0.002025
0,0.03091,-0.081862,-0.084756,-0.17703,-0.13308,-0.168458,0.000539,0.001429
0,-0.052532,0.064933,-0.079671,0.157567,-0.119369,0.135428,0.000917,0.001133
0,0.110674,-0.087003,0.150059,-0.181321,0.109518,-0.188759,0.001932,0.001518
0,0.104746,0.057438,-0.018216,0.130048,-0.04352,0.086613,0.001828,0.001002
0,0.091165,-0.116771,0.004658,-0.155923,-0.019748,-0.149308,0.001591,0.002038
0,0.202305,-0.02192,0.128005,0.116701,0.133162,0.101227,0.003531,0.000383
0,-0.046481,-0.047754,-0.22853,-0.020768,-0.262239,0.007469,0.000811,0.000833
0,-0.069747,-0.038382,0.001967,-0.008182,-0.03283,-0.04301,0.001217,0.00067
0,0.144781,-0.113096,0.208893,-0.085344,0.173916,-0.057284,0.002527,0.001974
0,0.07547,0.064522,-0.039506,0.176377,-0.071282,0.154645,0.001317,0.001126
0,0.020941,-0.091202,-0.062577,-0.142728,-0.072798,-0.160594,0.000365,0.001592
0,-0.05645,0.161263,-0.061449,0.23945,-0.065345,0.286063,0.000985,0.002815
0,-0.006565,0.016988,0.074316,-0.171014,0.120124,-0.204526,0.000115,0.000296
0,-0.078861,-0.10181,-0.095331,-0.134332,-0.098129,-0.103181,0.001376,0.001777
0,0.028691,-0.031857,0.083095,0.078073,0.107604,0.05828,0.000501,0.000556
0,0.116608,-0.005203,0.117244,0.018744,0.157292,0.062939,0.002035,9.1e-05
0,-0.046225,-0.047998,-0.144199,-0.028497,-0.148706,0.011824,0.000807,0.000838
0,0.105342,0.160489,0.12481,0.229599,0.137105,0.220406,0.001839,0.002801
0,-0.034228,0.124872,-0.153958,-0.021048,-0.14097,-0.032251,0.000597,0.002179
0,0.003646,0.199953,0.04799,0.077894,-3.4e-05,0.02806,6.4e-05,0.00349
0,0.089284,-0.043145,0.092329,-0.259137,0.140636,-0.238589,0.001558,0.000753
0,-0.113432,0.177894,-0.197314,0.223812,-0.244589,0.200962,0.00198,0.003105
0,0.060744,-0.064747,0.152791,-0.258227,0.150651,-0.225391,0.00106,0.00113
0,0.113262,0.028906,0.077957,0.070962,0.068305,0.081604,0.001977,0.000505
0,0.12854,0.169519,0.020493,0.137438,-0.025993,0.089371,0.002243,0.002959
0,-0.124768,0.040311,-0.235053,-0.130986,-0.274722,-0.173976,0.002178,0.000704
0,-0.094882,-0.002945,0.021501,-0.035999,0.003873,0.00068,0.001656,5.1e-05
0,-0.041134,0.1233,0.07533,0.137807,0.085386,0.14587,0.000718,0.002152
0,0.023193,-0.134031,0.089251,-0.250156,0.098184,-0.234097,0.000405,0.002339
0,0.029591,-0.05045,0.024631,0.099916,0.039427,0.132908,0.000516,0.000881
0,0.018678,-0.032413,-0.040201,-0.000932,-0.080459,0.042416,0.000326,0.000566
0,-0.054441,0.129473,-0.095172,0.132215,-0.071091,0.104711,0.00095,0.00226
0,-0.097114,0.021546,-0.067445,-0.114796,-0.0258,-0.092842,0.001695,0.000376
0,-0.178925,0.131926,-0.099365,0.133965,-0.067491,0.12898,0.003123,0.002303
0,0.074846,-0.019375,0.266538,-0.122572,0.240096,-0.145833,0.001306,0.000338
0,-0.087267,0.069494,-0.183159,0.075981,-0.14141,0.057433,0.001523,0.001213
0,-0.08352,-0.042127,0.02377,-0.137268,0.036074,-0.103507,0.001458,0.000735
0,-0.057576,-0.063454,0.041299,-0.003034,0.040288,0.03813,0.001005,0.001107
0,0.154215,-0.007308,0.231569,0.085848,0.259955,0.065075,0.002692,0.000128
0,-0.142463,-0.040016,-0.27932,-0.025174,-0.271624,0.014287,0.002486,0.000698
0,-0.023888,-0.049165,0.129895,-0.028491,0.146266,-0.075542,0.000417,0.000858
0,-0.129831,0.112324,-0.096778,0.154736,-0.055527,0.13445,0.002266,0.00196
0,0.098847,0.042061,0.255189,-0.052947,0.294491,-0.07486,0.001725,0.000734
0,-0.1618,-0.066076,-0.267959,-0.118735,-0.231273,-0.073023,0.002824,0.001153
0,0.107523,0.031902,0.246482,0.072365,0.285697,0.080962,0.001877,0.000557
0,0.019854,-0.159993,-0.060399,-0.219876,-0.084297,-0.267909,0.000347,0.002792
0,-0.019192,-0.006936,-0.023706,0.16037,-0.043994,0.176738,0.000335,0.000121
0,-0.054359,0.060831,-0.024269,0.08899,0.005889,0.085111,0.000949,0.001062
0,-0.0691,0.068227,-0.001254,0.01675,0.035796,-0.020498,0.001206,0.001191
0,-0.130475,-0.111288,-0.069477,-0.162317,-0.110057,-0.163636,0.002277,0.001942
0,-0.149322,0.030313,-0.009144,0.163175,0.010181,0.137371,0.002606,0.000529
0,0.083317,-0.063888,0.234943,-0.107585,0.21912,-0.068761,0.001454,0.001115
0,0.037192,0.157283,-0.070844,0.246014,-0.027202,0.272594,0.000649,0.002745
0,0.021522,0.132333,-0.036502,-0.032682,-0.053631,0.00062,0.000376,0.00231
0,-0.028733,0.155562,-0.038393,0.009331,-0.000467,0.002616,0.000501,0.002715
0,0.016158,0.073503,0.055194,-0.068412,0.03832,-0.105634,0.000282,0.001283
0,-0.138129,0.062051,-0.169062,-0.003585,-0.136867,0.040383,0.002411,0.001083
0,-0.029841,-0.111347,0.132642,-0.159703,0.167258,-0.199501,0.000521,0.001943
0,-0.261822,-0.095429,-0.218277,0.036224,-0.182804,-0.009695,0.00457,0.001666
0,-0.284034,-0.084492,-0.03851,0.026854,-0.050628,0.017859,0.004957,0.001475
0,-0.257209,0.004561,0.043711,0.076544,0.052507,0.093448,0.004489,8e-05
0,-0.131511,-0.042345,0.143875,-0.073871,0.097332,-0.06139,0.002295,0.000739
0,-0.04203,0.008138,0.098829,0.046531,0.098328,0.035569,0.000734,0.000142
0,-0.230103,-0.073145,-0.173696,-0.09926,-0.214135,-0.141686,0.004016,0.001277
0,-0.047065,-0.032767,0.176504,0.050119,0.156527,0.037997,0.000821,0.000572
0,-0.13408,-0.030648,-0.058351,-0.009415,-0.022005,0.01858,0.00234,0.000535
0,-0.189416,-0.074026,-0.027247,-0.026204,-0.057,-0.016261,0.003306,0.001292
0,0.023101,0.141155,0.226418,0.23439,0.177439,0.283331,0.000403,0.002464
0,0.012293,-0.127207,0.002039,-0.263979,-0.011067,-0.253234,0.000215,0.00222
0,-0.271499,-0.019089,-0.258002,0.136206,-0.25753,0.136616,0.004739,0.000333
0,-0.042522,0.075706,0.203918,0.10117,0.181377,0.05561,0.000742,0.001321
0,-0.025396,0.029967,0.03226,-0.060393,0.017546,-0.025807,0.000443,0.000523
0,-0.017164,-0.171297,0.036227,-0.208248,0.008783,-0.242712,0.0003,0.00299
0,-0.132026,-0.124261,-0.09003,0.046774,-0.124251,0.094387,0.002304,0.002169
0,-0.246494,-0.064462,-0.114449,0.030778,-0.082474,0.045841,0.004302,0.001125
0,-0.075535,-0.218651,0.171302,-0.18408,0.200175,-0.202095,0.001318,0.003816
0,-0.000703,-0.006519,0.050842,0.213572,0.050143,0.238157,1.2e-05,0.000114
0,-0.228129,-0.139426,-0.221722,-0.103158,-0.256446,-0.075472,0.003982,0.002433
0,0.072674,-0.145056,0.300884,-0.013755,0.342182,-0.029069,0.001268,0.002532
0,0.092087,-0.204914,0.002291,-0.059144,0.048075,-0.096837,0.001607,0.003576
0,-0.038253,0.025942,-0.126656,0.207469,-0.091327,0.252812,0.000668,0.000453
0,-0.206384,-0.147525,-0.141304,-0.178562,-0.164772,-0.213867,0.003602,0.002575
0,-0.043094,-0.172641,0.16418,0.003904,0.126552,0.006662,0.000752,0.003013
0,-0.128874,-0.137368,-0.072055,0.039129,-0.098896,0.039402,0.002249,0.002398
0,-0.056629,-0.094586,0.089886,0.034441,0.061869,-0.004763,0.000988,0.001651
0,-0.115547,0.103093,-0.041131,0.179152,0.005667,0.205402,0.002017,0.001799
0,-0.188918,-0.168699,-0.069388,-0.282821,-0.049154,-0.321648,0.003297,0.002944
0,-0.061955,0.004382,0.152343,0.176692,0.200899,0.213644,0.001081,7.6e-05
0,-0.293078,0.000672,-0.249091,-0.028029,-0.285858,-0.027382,0.005115,1.2e-05
0,-0.270563,0.048602,0.026375,0.059469,0.058484,0.060496,0.004722,0.000848
0,-0.309504,-0.014553,-0.014659,-0.077251,-0.035581,-0.07588,0.005402,0.000254
0,-0.078918,0.085963,0.254594,0.102736,0.239034,0.095172,0.001377,0.0015
0,-0.187628,0.031536,-0.138235,-0.077948,-0.092806,-0.040397,0.003275,0.00055
0,-3.657761,-1.376996,-3.491151,-1.399345,-3.451069,-1.36894,0.003388,0.000148
0,-3.281579,-1.558166,0.38677,-0.17579,0.371534,-0.192034,0.003178,0.003014
0,-3.705733,-1.810681,-0.431014,-0.260703,-0.400679,-0.256064,0.004225,0.004669
0,-3.619057,-2.189262,0.070428,-0.368608,0.041671,-0.405322,0.002712,0.001938
0,-3.456744,-1.66546,0.16906,0.514217,0.199362,0.480035,0.000121,0.004887
0,-3.085377,-1.849037,0.373152,-0.160261,0.348303,-0.112576,0.005488,0.004
0,-2.404491,-1.041442,0.676619,0.808769,0.65964,0.797645,0.005695,0.006004
0,-1.855081,-0.95202,0.565352,0.086398,0.562975,0.11576,0.003894,0.004525
0,-0.942443,-0.533712,0.937938,0.398921,0.941087,0.376436,0.004358,0.002775
0,-0.350136,-0.490578,0.585384,0.069394,0.588179,0.09822,0.005979,0.003528
0,0.096322,-0.456262,0.465372,0.053095,0.441316,0.102317,0.001681,0.004127
0,0.212145,-0.153211,0.114069,0.309431,0.116299,0.325131,0.003703,0.002674
0,0.343208,0.015535,0.141594,0.188955,0.132775,0.143588,0.00599,0.000271
0,0.441506,-0.00533,0.117635,-0.034111,0.067695,-0.078402,0.004385,9.3e-05
0,0.372594,0.241692,-0.077484,0.275047,-0.087783,0.232203,0.005588,0.004218
0,0.250012,0.133712,-0.120879,-0.087833,-0.159545,-0.074683,0.004364,0.002334
0,0.187855,0.290234,-0.05102,0.179712,-0.082723,0.131096,0.003279,0.005066
0,0.28196,0.295517,0.072256,-0.020645,0.079275,-0.057264,0.004921,0.005158
0,0.247359,0.238065,-0.021994,-0.037467,-0.038549,-0.082265,0.004317,0.004155
0,0.236115,0.319952,-0.033923,0.071624,-0.020645,0.039921,0.004121,0.005584
0,0.07642,0.128942,-0.145154,-0.186742,-0.106004,-0.175279,0.001334,0.00225
0,0.04428,0.256122,-0.054691,0.157117,-0.072341,0.155245,0.000773,0.00447
0,0.148648,0.279291,0.105555,0.044383,0.103728,0.032171,0.002594,0.004875
0,0.199807,0.348367,0.032865,0.083483,0.076571,0.122114,0.003487,0.00601
0,0.035173,0.080782,-0.135449,-0.240121,-0.147111,-0.232005,0.000614,0.00141
0,0.117873,0.196802,0.098404,0.141413,0.094564,0.178194,0.002057,0.003435
0,0.092203,0.091674,-0.034554,-0.120465,-0.083011,-0.103233,0.001609,0.0016
0,0.07753,0.058029,0.011345,-0.053201,-0.028355,-0.068713,0.001353,0.001013
0,0.083733,-0.019986,-0.000474,-0.107576,0.042523,-0.077059,0.001461,0.000349
0,-0.008844,0.09172,-0.087294,0.108986,-0.071195,0.082003,0.000154,0.001601
0,0.084996,0.028727,0.08584,-0.045897,0.064516,-0.037924,0.001483,0.000501
0,0.013638,-0.056583,-0.059213,-0.070358,-0.024665,-0.082134,0.000238,0.000988
0,0.11341,-0.041479,0.122021,0.021463,0.098083,0.065316,0.001979,0.000724
0,0.03361,0.068502,-0.053547,0.124136,-0.014895,0.107358,0.000587,0.001196
0,0.134711,0.179368,0.125943,0.109136,0.106485,0.128548,0.002351,0.003131
0,0.026894,0.04708,-0.08347,-0.124811,-0.082751,-0.083796,0.000469,0.000822
0,0.201682,0.177981,0.174582,0.111133,0.137371,0.129911,0.00352,0.003106
0,0.202759,0.028673,0.004746,-0.129747,0.006302,-0.153076,0.003539,0.0005
0,0.058791,-0.008196,-0.128613,-0.016414,-0.131311,-0.039618,0.001026,0.000143
0,0.031339,0.202378,-0.050909,0.194627,-0.011346,0.201323,0.000547,0.003532
0,0.258172,0.147955,0.224248,-0.037658,0.256846,-0.06337,0.004506,0.002582
0,0.047942,0.050189,-0.194405,-0.07781,-0.235281,-0.080983,0.000837,0.000876
0,-0.024202,0.007437,-0.051031,-0.06613,-0.003343,-0.050661,0.000422,0.00013
0,-0.033933,0.111362,0.018095,0.115974,0.033965,0.098488,0.000592,0.001944
0,0.010491,0.122005,0.020399,-0.003162,0.066201,0.031882,0.000183,0.002129
0,-0.063141,0.260203,-0.072304,0.153643,-0.106655,0.14756,0.001102,0.004541
0,0.070789,0.266408,0.120014,0.008501,0.130268,0.037566,0.001236,0.00465
0,-0.104978,0.0785,-0.175125,-0.204887,-0.162284,-0.15862,0.001832,0.00137
0,-0.029568,0.230329,0.084263,0.127649,0.127086,0.092096,0.000516,0.00402
0,0.064176,0.26468,0.072103,0.02811,0.106378,0.059276,0.00112,0.00462
0,0.073552,0.151117,-0.012383,-0.112298,0.034208,-0.142222,0.001284,0.002637
0,0.085368,0.036983,-0.00563,-0.130587,0.012872,-0.091805,0.00149,0.000645
0,0.10423,-0.003468,0.025529,-0.032173,0.037624,-0.006518,0.001819,6.1e-05
0,-0.062213,0.040945,-0.149325,0.055054,-0.126401,0.084356,0.001086,0.000715
0,-0.022693,0.070637,0.031518,0.008588,-0.018322,0.038899,0.000396,0.001233
0,0.139709,0.094676,0.14593,0.04622,0.133183,0.056552,0.002438,0.001652
0,0.077318,0.03913,-0.072673,-0.056281,-0.114036,-0.062673,0.001349,0.000683
0,-0.022427,0.142972,-0.111172,0.100444,-0.082703,0.057342,0.000391,0.002495
0,-0.054872,0.220371,-0.049477,0.086428,-0.032918,0.130869,0.000958,0.003846
0,-0.110935,0.026176,-0.027484,-0.207831,-0.0102,-0.206343,0.001936,0.000457
0,-0.003706,0.178443,0.119928,0.147895,0.13852,0.129212,6.5e-05,0.003114
0,-0.099543,0.235391,-0.070728,0.064464,-0.057866,0.100244,0.001737,0.004108
0,0.029956,0.220609,0.153747,-0.030845,0.137645,-0.02769,0.000523,0.00385
0,0.006894,0.081039,0.002348,-0.166371,0.005518,-0.194776,0.00012,0.001414
0,-0.037259,0.123252,-0.036815,0.043836,-0.08456,0.042025,0.00065,0.002151
0,0.04149,0.039438,0.050694,-0.063426,0.100003,-0.061746,0.000724,0.000688
0,0.001318,-0.041852,-0.029664,-0.067741,-0.043343,-0.074589,2.3e-05,0.00073
0,-0.127747,0.128289,-0.14022,0.178022,-0.155973,0.186543,0.00223,0.002239
0,-0.131846,-0.044759,0.019683,-0.152463,-0.007784,-0.157114,0.002301,0.000781
0,-0.062866,0.062516,0.088694,0.107914,0.116749,0.116556,0.001097,0.001091
0,-0.227565,0.150007,-0.15292,0.061903,-0.128506,0.041694,0.003972,0.002618
0,-0.154567,0.129677,0.086082,-0.008947,0.050649,0.025845,0.002698,0.002263
0,-0.201126,0.021384,-0.036402,-0.125916,-0.037716,-0.121978,0.00351,0.000373
0,-0.162437,0.036583,0.063018,0.000448,0.067459,0.044075,0.002835,0.000638
0,-0.206718,-0.041843,-0.040163,-0.107572,-0.070094,-0.143117,0.003608,0.00073
0,-0.218027,0.213425,-0.030522,0.27047,-0.014132,0.314423,0.003805,0.003725
0,-0.096758,0.143168,0.099411,-0.04555,0.140813,-0.082307,0.001689,0.002499
0,-0.274836,0.102043,-0.182633,-0.020229,-0.160165,-0.030443,0.004797,0.001781
0,-0.090178,-0.010433,0.202118,-0.10948,0.161411,-0.074932,0.001574,0.000182
0,-0.153061,0.054405,-0.040043,0.086879,-0.061178,0.058133,0.002671,0.00095
0,-0.171263,-0.064678,-0.032219,-0.121253,-0.028164,-0.14363,0.002989,0.001129
0,-0.055162,0.041738,0.102286,0.096694,0.066118,0.139554,0.000963,0.000728
0,-0.173598,0.134021,-0.141682,0.063046,-0.099308,0.059416,0.00303,0.002339
0,-0.166993,-0.060503,-0.00463,-0.171473,0.007122,-0.131405,0.002915,0.001056
0,-0.14354,0.110161,0.048164,0.152219,0.005637,0.158425,0.002505,0.001923
0,-0.094209,0.148931,0.029562,0.03976,0.015143,0.029219,0.001644,0.002599
0,0.013015,-0.034343,0.114524,-0.175942,0.092074,-0.132802,0.000227,0.000599
0,0.057969,0.104422,0.073655,0.142081,0.037374,0.174915,0.001012,0.001823
0,-0.079024,-0.057459,-0.114156,-0.143093,-0.076962,-0.179791,0.001379,0.001003
0,-0.1923,-0.116517,-0.14172,-0.078546,-0.146787,-0.102199,0.003356,0.002034
0,-0.171743,0.077338,0.019794,0.19105,0.019909,0.203442,0.002997,0.00135
0,-0.175167,0.07188,-0.01358,0.006128,0.02529,0.042275,0.003057,0.001255
0,-0.279346,0.165391,-0.101559,0.104736,-0.120324,0.118178,0.004876,0.002887
0,-0.202134,-0.013446,0.05085,-0.159501,0.036441,-0.158918,0.003528,0.000235
0,-0.178984,-0.080029,0.034796,-0.093507,0.036607,-0.117464,0.003124,0.001397
0,-0.082258,0.098557,0.11724,0.152524,0.149824,0.167568,0.001436,0.00172
0,-0.013218,-0.019097,0.05586,-0.139007,0.017723,-0.098246,0.000231,0.000333
0,-0.015625,-0.01835,-0.000786,0.00505,0.036092,-0.018185,0.000273,0.00032
0,-0.296186,0.20035,-0.252093,0.189581,-0.283757,0.191553,0.005169,0.003497
0,-0.025597,-0.081326,0.296472,-0.274298,0.28935,-0.31532,0.000447,0.001419
0,-0.190005,-0.022249,-0.153631,0.087037,-0.124178,0.123051,0.003316,0.000388
0,-0.316834,-0.055546,-0.098991,-0.042874,-0.08808,-0.05575,0.00553,0.000969
0,-0.316343,0.208403,-0.00118,0.252167,-0.023987,0.282287,0.005521,0.003637
0,-0.293721,0.010089,0.031194,-0.196448,0.045141,-0.224277,0.005126,0.000176
0,-0.220573,0.113616,0.0938,0.078912,0.075981,0.048209,0.00385,0.001983
0,-0.309491,0.162307,-0.094297,0.045365,-0.082741,-0.00355,0.005402,0.002833
0,-0.152535,0.218831,0.151141,0.078636,0.134927,0.035733,0.002662,0.003819
0,-0.153756,0.185809,-0.002171,-0.010836,0.018638,-0.055484,0.002684,0.003243
0,0.009259,0.064821,0.160319,-0.107434,0.146086,-0.067592,0.000162,0.001131
0,-0.138983,0.127359,-0.134466,0.075078,-0.088563,0.076537,0.002426,0.002223
0,-0.073716,0.012989,0.06446,-0.114273,0.073829,-0.110977,0.001287,0.000227
0,0.052366,0.027726,0.134069,0.013843,0.136597,-0.009049,0.000914,0.000484
0,-0.008067,0.147905,-0.038806,0.140896,-0.042561,0.149124,0.000141,0.002581
0,0.070817,-0.060528,0.090613,-0.206131,0.059935,-0.225174,0.001236,0.001056
0,-0.073688,-0.057611,-0.145325,-0.023547,-0.172887,-0.058569,0.001286,0.001005
0,-0.058017,0.064328,-0.000894,0.095685,0.013176,0.095877,0.001013,0.001123
0,0.055893,-0.00725,0.105537,-0.081707,0.111013,-0.087098,0.000976,0.000127
0,-0.027878,0.187671,-0.111756,0.173964,-0.06317,0.189649,0.000487,0.003275
0,-0.074515,-0.01401,-0.030931,-0.209168,-0.032263,-0.235854,0.001301,0.000245
0,-0.121549,-0.071424,-0.060412,-0.039354,-0.047944,-0.019798,0.002121,0.001247
0,-0.135688,0.081272,0.009218,0.18236,-0.035349,0.181094,0.002368,0.001418
0,0.058566,0.214763,0.216089,0.132765,0.240512,0.112436,0.001022,0.003748
0,-0.617822,0.588219,-0.670211,0.397031,-0.645431,0.401406,0.001307,0.001824
0,-0.849538,1.417613,-0.21257,0.829856,-0.23635,0.792333,0.002737,0.000561
0,-1.243225,0.998911,-0.420899,-0.436834,-0.401535,-0.389873,0.002483,0.005344
0,-0.964413,1.311233,0.270645,0.33566,0.315379,0.36036,0.004742,0.001296
0,-0.9608,1.013693,0.016167,-0.275372,0.002285,-0.25991,0.004679,0.005602
0,-0.875125,1.008177,0.066357,-0.016269,0.112959,-0.023604,0.003183,0.005506
0,-0.473894,0.691576,0.402656,-0.3241,0.448256,-0.32481,0.003819,2e-05
0,-0.241651,0.543833,0.222605,-0.136163,0.210822,-0.09976,0.004218,0.002599
0,-0.164016,0.343464,0.055457,-0.219887,0.078888,-0.194653,0.002863,0.005995
0,-0.154869,0.192967,0.012644,-0.147749,0.006412,-0.174347,0.002703,0.003368
0,-0.087788,0.305423,0.053347,0.131268,0.087341,0.149949,0.001532,0.005331
0,-0.678311,0.346191,-0.614946,0.05867,-0.585332,0.084769,0.000252,0.006042
0,-1.190039,0.492006,-0.510189,0.160497,-0.496799,0.115289,0.003411,0.003503
0,-1.359983,0.463987,-0.185291,-0.03989,-0.197641,0.006154,0.000445,0.003992
0,-1.169156,0.304919,0.212873,-0.148913,0.247546,-0.155275,0.003775,0.005322
0,-0.91717,0.232573,0.233103,-0.087615,0.209881,-0.079161,0.003917,0.004059
0,-0.974198,0.019462,-0.04891,-0.204221,-0.097483,-0.249607,0.004912,0.00034
0,-0.524945,0.010747,0.452568,-0.021295,0.468701,-0.038226,0.002928,0.000188
0,-0.416185,-0.034897,0.111322,-0.045666,0.086322,0.003621,0.004827,0.000609
0,-0.211926,0.043418,0.175607,0.05225,0.16559,0.059252,0.003699,0.000758
0,-0.177301,-0.018147,0.02994,-0.035305,0.009429,-0.048788,0.003094,0.000317
0,0.087455,-0.017156,0.25168,0.005387,0.244213,0.010549,0.001526,0.000299
0,0.137241,0.109721,0.069296,0.100877,0.032154,0.149772,0.002395,0.001915
0,0.155225,0.004082,0.021425,-0.085639,0.003838,-0.113589,0.002709,7.1e-05
0,0.094862,0.115609,-0.065532,0.087488,-0.065697,0.082575,0.001656,0.002018
0,0.059605,0.097625,-0.019349,-0.034333,-0.054135,-0.083968,0.00104,0.001704
0,0.150953,0.149164,0.069542,0.038758,0.065073,0.0003,0.002635,0.002603
0,0.251282,0.017738,0.124183,-0.128648,0.144706,-0.100469,0.004386,0.00031
0,0.011085,0.131263,-0.214627,0.112035,-0.220547,0.117728,0.000193,0.002291
0,0.243269,-0.037544,0.253408,-0.19284,0.233442,-0.225185,0.004246,0.000655
0,0.229325,0.05423,-0.022714,0.119734,-0.01437,0.083363,0.004002,0.000946
0,0.314112,-0.132024,0.081915,-0.168683,0.091921,-0.190503,0.005482,0.002304
0,0.249113,0.039419,-0.037134,0.143766,-0.04424,0.155388,0.004348,0.000688
0,0.06971,-0.069329,-0.194946,-0.110386,-0.232647,-0.087253,0.001217,0.00121
0,0.122546,0.085586,0.038779,0.182226,0.025169,0.17423,0.002139,0.001494
0,0.229715,0.017783,0.114981,-0.049301,0.077964,-0.008087,0.004009,0.00031
0,0.221852,0.132879,-0.009967,0.129852,0.037919,0.148814,0.003872,0.002319
0,0.108085,-0.059938,-0.110316,-0.200037,-0.15938,-0.190449,0.001886,0.001046
0,0.102675,-0.03513,0.012659,0.005541,-0.001327,0.053248,0.001792,0.000613
0,0.21424,-0.101944,0.101047,-0.094578,0.070699,-0.11519,0.003739,0.001779
0,0.06008,-0.100102,-0.143923,-0.01225,-0.179287,0.027262,0.001049,0.001747
0,0.159471,0.086829,0.106602,0.1779,0.078365,0.191079,0.002783,0.001515
0,0.091366,0.039291,-0.067213,-0.051168,-0.075151,-0.090532,0.001595,0.000686
0,0.016862,0.026682,-0.096955,0.002555,-0.119929,-0.001165,0.000294,0.000466
0,0.087479,0.00929,0.056644,0.001897,0.04361,0.01512,0.001527,0.000162
0,0.242349,-0.121882,0.138994,-0.133639,0.100072,-0.148204,0.00423,0.002127
0,0.084564,-0.081558,-0.139636,0.055805,-0.185007,0.063278,0.001476,0.001423
0,0.075142,0.074073,-0.00427,0.15651,-0.04351,0.136535,0.001311,0.001293
0,0.097727,-0.010516,0.005314,-0.113737,-0.019528,-0.097,0.001706,0.000184
0,0.074986,-0.13605,-0.049316,-0.141466,-0.014444,-0.098698,0.001309,0.002375
0,0.078686,-0.117691,-0.01264,0.042314,-0.032323,-0.00187,0.001373,0.002054
0,0.142851,-0.040398,0.082032,0.051033,0.075341,0.057379,0.002493,0.000705
0,0.285327,0.150727,0.144671,0.189661,0.133008,0.224176,0.00498,0.002631
0,0.360202,0.01079,0.092555,-0.117649,0.10256,-0.083734,0.005804,0.000188
0,0.094568,-0.064329,-0.285733,-0.065316,-0.327877,-0.056412,0.001651,0.001123
0,0.187197,-0.143878,0.089887,-0.090427,0.088916,-0.133603,0.003267,0.002511
0,0.003006,0.057805,-0.184736,0.226186,-0.153249,0.26097,5.2e-05,0.001009
0,0.184526,-0.046358,0.153079,-0.123161,0.198161,-0.101664,0.003221,0.000809
0,0.055547,0.111417,-0.140039,0.134982,-0.132578,0.158092,0.000969,0.001945
0,0.012501,-0.140025,-0.064006,-0.238916,-0.058197,-0.244643,0.000218,0.002444
0,0.083138,-0.078619,0.055704,0.039353,0.05654,0.042441,0.001451,0.001372
0,-0.088512,0.121825,-0.192769,0.185426,-0.211669,0.217373,0.001545,0.002126
0,0.171588,0.002246,0.23997,-0.098814,0.258767,-0.108914,0.002995,3.9e-05
0,0.179352,-0.120781,7.4e-05,-0.130289,0.003008,-0.082843,0.00313,0.002108
0,0.234975,-0.084932,0.042198,0.016545,0.043252,0.042935,0.004101,0.001482
0,0.069574,-0.011668,-0.178975,0.073844,-0.20352,0.075181,0.001214,0.000204
0,0.15357,0.070047,0.089252,0.104554,0.096466,0.072463,0.00268,0.001223
0,-0.111606,-0.121278,-0.261541,-0.218654,-0.290045,-0.221772,0.001948,0.002117
0,-0.107118,-0.048282,0.026573,0.086389,0.049651,0.11504,0.00187,0.000843
0,0.044317,-0.129559,0.158936,-0.062946,0.196229,-0.033828,0.000773,0.002261
0,-0.048287,0.023982,-0.101932,0.129274,-0.060302,0.130933,0.000843,0.000419
0,0.060511,-0.062178,0.122285,-0.110909,0.112865,-0.072263,0.001056,0.001085
0,0.118919,-0.104857,0.073148,-0.054713,0.108093,-0.040232,0.002076,0.00183
0,0.052113,-0.098095,-0.06692,0.006943,-0.065056,0.049178,0.00091,0.001712
0,-0.043365,0.109231,-0.1158,0.185434,-0.127659,0.215831,0.000757,0.001906
0,-0.003686,-0.185449,0.049408,-0.307527,0.044352,-0.282519,6.4e-05,0.003237
0,0.052309,-0.191268,0.042838,-0.009265,0.083681,-0.018206,0.000913,0.003338
0,0.062293,-0.165126,0.009103,0.04482,-0.032107,0.086313,0.001087,0.002882
0,-0.015186,-0.059017,-0.063366,0.130467,-0.099569,0.084088,0.000265,0.00103
0,-0.085284,-0.135332,-0.060526,-0.088235,-0.096267,-0.071633,0.001488,0.002362
0,-0.086752,0.001362,-0.031039,0.161026,-0.046798,0.195066,0.001514,2.4e-05
0,-0.081491,-0.097821,0.027783,-0.114049,0.016785,-0.115629,0.001422,0.001707
0,-0.16226,-0.108184,-0.106998,-0.03135,-0.132556,-0.07573,0.002832,0.001888
0,-0.095746,-0.00984,0.094326,0.12567,0.056026,0.117896,0.001671,0.000172
0,0.071029,-0.033502,0.151789,0.000402,0.181877,0.039736,0.00124,0.000585
0,0.095834,-0.060161,0.003672,-0.036776,0.049761,-0.08208,0.001673,0.00105
0,-0.191114,0.048812,-0.269323,0.103727,-0.233243,0.085251,0.003336,0.000852
0,0.12512,0.050172,0.341048,0.017765,0.308698,-0.02648,0.002184,0.000876
0,-0.065438,-0.010941,-0.163949,-0.056025,-0.175457,-0.090966,0.001142,0.000191
0,-0.105393,0.012563,-0.046389,-0.006188,-0.054225,-0.030536,0.001839,0.000219
0,-0.117262,-0.122009,-0.02818,-0.125541,-0.005261,-0.124519,0.002047,0.002129
0,-0.008112,0.011553,0.11887,0.128622,0.122448,0.17472,0.000142,0.000202
0,0.14264,-0.111667,0.176164,-0.109261,0.175547,-0.149632,0.00249,0.001949
0,-0.016625,0.010697,-0.145555,0.099469,-0.10079,0.052745,0.00029,0.000187
0,0.138609,-0.053165,0.14161,-0.044175,0.171377,-0.073734,0.002419,0.000928
0,-0.029587,0.129254,-0.162165,0.202926,-0.127646,0.173758,0.000516,0.002256
0,-0.085953,0.054403,-0.062011,-0.066898,-0.046278,-0.019862,0.0015,0.00095
0,0.154414,0.024732,0.244345,-0.039347,0.263315,-0.048247,0.002695,0.000432
0,-0.070903,0.12147,-0.223997,0.105544,-0.265254,0.061838,0.001237,0.00212
0,0.100493,-0.044754,0.195291,-0.191756,0.187454,-0.235981,0.001754,0.000781
0,-0.00619,0.087327,-0.085418,0.112201,-0.132745,0.067042,0.000108,0.001524
0,-0.099771,0.05773,-0.093173,-0.010156,-0.106202,-0.042471,0.001741,0.001008
0,-0.025969,-0.144011,0.092619,-0.176824,0.090533,-0.211595,0.000453,0.002513
0,0.04753,-0.047687,0.093532,0.113991,0.132356,0.116576,0.00083,0.000832
0,0.083741,-0.090373,0.061869,-0.039594,0.101686,-0.042681,0.001462,0.001577
0,-0.183002,-0.131884,-0.266306,-0.013975,-0.309823,-0.040209,0.003194,0.002302
0,0.074115,-0.037558,0.239096,0.073934,0.279772,0.088339,0.001294,0.000656
0,-0.114517,-0.027413,-0.211921,-0.008421,-0.208591,0.011865,0.001999,0.000478
0,-0.040133,0.082499,0.044762,0.131015,0.003506,0.128911,0.0007,0.00144
0,-0.172926,-0.136008,-0.145807,-0.236158,-0.116982,-0.279939,0.003018,0.002374
0,0.094434,0.12637,0.245999,0.239387,0.213192,0.246473,0.001648,0.002206
0,-0.141624,0.124357,-0.223181,-0.010247,-0.194732,-0.027115,0.002472,0.00217
0,-0.054535,0.077513,0.112531,-0.075538,0.137202,-0.033599,0.000952,0.001353
0,0.103078,-0.060252,0.128895,-0.133295,0.126674,-0.095707,0.001799,0.001052
0,0.067456,0.192396,-0.023849,0.226352,-0.028023,0.229927,0.001177,0.003358
0,0.00282,-0.062468,-0.040301,-0.26862,-0.039951,-0.23869,4.9e-05,0.00109
0,0.09843,0.014672,0.100964,0.050125,0.051153,0.049609,0.001718,0.000256
0,-0.128442,0.041758,-0.229806,0.03771,-0.26276,0.059841,0.002242,0.000729
0,0.024352,-0.034079,0.133683,-0.065719,0.102276,-0.022362,0.000425,0.000595
0,-0.090716,0.178907,-0.126443,0.193273,-0.089471,0.192961,0.001583,0.003123
0,-0.059662,-0.070686,0.039572,-0.22312,0.037553,-0.267787,0.001041,0.001234
0,0.066325,-0.086729,0.15561,-0.035485,0.189391,-0.013043,0.001158,0.001514
0,0.127515,0.033601,0.053237,0.145272,0.026841,0.154674,0.002226,0.000586
0,0.089746,0.0489,-0.050999,0.006836,-0.049456,0.027694,0.001566,0.000853
0,0.104811,-0.019924,0.043647,-0.060602,0.034233,-0.01543,0.001829,0.000348
0,-0.127707,0.063106,-0.247826,0.111783,-0.252425,0.067017,0.002229,0.001101
0,-0.080858,0.127507,0.024856,0.063614,0.041453,0.086727,0.001411,0.002225
0,0.018923,0.120828,0.079128,-0.036238,0.042561,-0.050486,0.00033,0.002109
0,-0.086737,0.010113,-0.092068,-0.13516,-0.072684,-0.141035,0.001514,0.000177
0,-0.123942,-0.032277,-0.021627,-0.055846,-0.058772,-0.069174,0.002163,0.000563
0,-0.140942,-0.09205,-0.015425,-0.03028,0.033055,-0.025668,0.00246,0.001607
0,-0.149332,0.136601,-1.8e-05,0.243324,-0.019904,0.19877,0.002606,0.002384
0,-0.044677,0.053178,0.10674,-0.08721,0.137122,-0.064477,0.00078,0.000928
0,-0.058639,-0.10756,0.002696,-0.155569,0.04558,-0.19175,0.001023,0.001877
0,-0.175583,-0.118991,-0.137002,0.015577,-0.135778,-0.020657,0.003064,0.002077
0,-0.154221,0.001573,0.035374,0.11931,0.027641,0.120339,0.002692,2.7e-05
0,-0.053534,0.03588,0.124118,0.061604,0.169268,0.09499,0.000934,0.000626
0,-0.112469,-0.058903,-0.036955,-0.083487,-0.08605,-0.085642,0.001963,0.001028
0,-0.193789,-0.099694,-0.053627,-0.049046,-0.020097,-0.075209,0.003382,0.00174
0,-0.244228,-0.000801,-0.061648,0.128204,-0.048942,0.168109,0.004263,1.4e-05
0,-0.158442,0.021736,0.082661,0.044159,0.03695,0.031745,0.002765,0.000379
0,-0.007384,0.104827,0.146419,0.068899,0.12394,0.03098,0.000129,0.00183
0,-0.173453,-0.13524,-0.19431,-0.242817,-0.162987,-0.275545,0.003027,0.00236
0,0.071208,0.042006,0.266848,0.175818,0.316588,0.162434,0.001243,0.000733
0,0.127673,0.019683,0.066645,-0.048192,0.053473,-0.062844,0.002228,0.000344
0,-0.074193,0.060817,-0.228937,0.052221,-0.190629,0.089353,0.001295,0.001061
0,0.010777,0.111077,0.111489,0.046029,0.147651,0.08075,0.000188,0.001939
0,0.007787,0.133358,0.020963,0.019738,-0.004097,0.023343,0.000136,0.002328
0,-0.060358,-0.003607,-0.076076,-0.159408,-0.051356,-0.170345,0.001053,6.3e-05
0,-0.166172,0.095192,-0.100968,0.094439,-0.05518,0.107112,0.0029,0.001661
0,-0.122661,-0.012175,0.02419,-0.103155,0.065185,-0.079053,0.002141,0.000212
0,-0.085136,-0.084692,0.051459,-0.067976,0.101019,-0.08671,0.001486,0.001478
0,-0.151593,-0.081486,-0.054905,-0.001829,-0.052211,-0.017601,0.002646,0.001422
0,0.10211,0.031277,0.250587,0.088109,0.238886,0.117121,0.001782,0.000546
0,0.002789,-0.12008,-0.08945,-0.167047,-0.048839,-0.152649,4.9e-05,0.002096
0,-0.158119,-0.01067,-0.150499,0.080539,-0.151367,0.033287,0.00276,0.000186
0,-0.088764,-0.002011,0.063663,-0.015183,0.08813,-0.055475,0.001549,3.5e-05
0,-0.139274,-0.157979,-0.042704,-0.129276,-0.040681,-0.120283,0.002431,0.002757
0,-0.116074,-0.110812,0.005836,0.052843,0.00687,0.046152,0.002026,0.001934
0,-0.141397,-0.158865,-0.014221,-0.033418,-0.012831,-0.065853,0.002468,0.002773
0,0.093911,0.099142,0.237844,0.264918,0.198171,0.242902,0.001639,0.00173
0,-0.140302,-0.140372,-0.231319,-0.24387,-0.203483,-0.238887,0.002449,0.00245
0,0.043807,-0.071491,0.185662,0.055601,0.200583,0.025859,0.000765,0.001248
0,0.103846,0.025702,0.079244,0.098664,0.128027,0.120817,0.001812,0.000449
0,-0.171445,-0.162024,-0.259141,-0.16416,-0.274726,-0.205916,0.002992,0.002828
0,-0.140733,-0.144991,0.056982,0.016936,0.10149,-0.027086,0.002456,0.002531
0,-0.187089,-0.079019,-0.053217,0.093734,-0.058986,0.118868,0.003265,0.001379
0,-0.057657,0.031682,0.102762,0.081949,0.081985,0.052261,0.001006,0.000553
0,-0.231449,-0.061765,-0.184525,-0.117271,-0.18422,-0.085974,0.00404,0.001078
0,-0.051431,0.052126,0.171469,0.095343,0.220816,0.120994,0.000898,0.00091
0,-0.039333,0.149852,0.000396,0.09842,0.046402,0.134508,0.000686,0.002615
0,-0.044995,-0.126164,0.006967,-0.26186,0.042268,-0.220618,0.000785,0.002202
0,-0.153856,0.07683,-0.107982,0.216674,-0.145475,0.213135,0.002685,0.001341
0,-0.16542,0.011294,-0.007336,-0.052091,-0.038167,-0.070348,0.002887,0.000197
0,0.030323,-0.013833,0.217255,-0.04035,0.233318,-0.053663,0.000529,0.000241
0,-0.036772,0.095411,-0.092514,0.130293,-0.131493,0.082003,0.000642,0.001665
0,-0.103209,-0.099313,-0.040716,-0.178612,-0.004202,-0.201726,0.001801,0.001733
0,-0.186436,0.10258,-0.056217,0.173527,-0.053219,0.199699,0.003254,0.00179
0,-0.06493,0.07859,0.133962,-0.039361,0.08609,-0.01917,0.001133,0.001372
0,-0.211307,0.046292,-0.147955,-0.054161,-0.157026,-0.089901,0.003688,0.000808
0,-0.115663,-0.072586,0.095706,-0.104602,0.098723,-0.066819,0.002019,0.001267
0,-0.034609,-0.025826,0.096754,0.070863,0.140904,0.060462,0.000604,0.000451
0,-0.038404,0.006918,0.020986,0.017517,0.066104,0.043666,0.00067,0.000121
0,0.000764,-0.063691,0.025385,-0.076159,-0.022104,-0.124797,1.3e-05,0.001112
0,-0.018276,-0.021101,-0.040197,0.041871,-0.074625,0.030772,0.000319,0.000368
0,-0.032459,0.170507,0.009723,0.169123,-0.000821,0.153084,0.000567,0.002976
0,-0.009257,0.094587,-0.003259,-0.063816,-0.026092,-0.069329,0.000162,0.001651
0,0.112306,0.166407,0.105788,0.095003,0.067411,0.138299,0.00196,0.002904
0,0.030439,0.052814,-0.062687,-0.134597,-0.045441,-0.178043,0.000531,0.000922
0,0.016082,0.019369,-0.01434,-0.045365,0.003007,-0.090988,0.000281,0.000338
0,0.002175,0.036085,0.011127,0.026152,0.007928,0.073316,3.8e-05,0.00063
0,-0.124413,0.012152,-0.135697,-0.026786,-0.165594,-0.004791,0.002171,0.000212
0,0.034752,0.157768,0.189024,0.149045,0.225567,0.139431,0.000607,0.002754
0,0.044673,0.082898,0.031908,-0.099748,0.046311,-0.067102,0.00078,0.001447
0,0.074256,-0.055251,0.014683,-0.112504,0.042499,-0.112783,0.001296,0.000964
0,0.006455,0.188158,-0.056933,0.263153,-0.028629,0.264366,0.000113,0.003284
0,-0.009856,0.036334,-0.046303,-0.146454,0.002134,-0.13118,0.000172,0.000634
0,-0.064181,0.125221,-0.041249,0.10461,-0.060691,0.089968,0.00112,0.002186
0,0.085208,-0.045571,0.147151,-0.155139,0.124641,-0.170526,0.001487,0.000795
0,0.12509,0.089703,0.010246,0.10939,-0.027207,0.123915,0.002183,0.001566
0,-0.076725,0.026416,-0.179676,-0.063093,-0.169863,-0.098319,0.001339,0.000461
0,-0.013021,0.114766,0.053641,0.06518,0.021192,0.018859,0.000227,0.002003
0,-0.031135,0.111297,0.011552,0.002541,0.042885,0.010915,0.000543,0.001942
0,0.007959,0.158224,0.042679,0.038506,0.090479,0.010277,0.000139,0.002762
0,0.018741,0.096506,0.011602,-0.042992,0.028319,-0.041427,0.000327,0.001684
0,-0.024221,0.152456,-0.02527,0.056853,-0.048251,0.094063,0.000423,0.002661
0,0.06502,-0.121397,0.097148,-0.285026,0.081398,-0.308673,0.001135,0.002119
0,-0.110986,-0.101919,-0.185167,0.006994,-0.223444,-0.035322,0.001937,0.001779
0,0.045222,-0.032416,0.141538,0.085184,0.183816,0.041376,0.000789,0.000566
0,-0.02477,-0.1113,-0.080335,-0.059124,-0.07221,-0.066713,0.000432,0.001943
0,0.125384,0.131607,0.175945,0.21337,0.192787,0.224255,0.002188,0.002297
0,0.09,0.053681,-0.043821,-0.071162,-0.090196,-0.09918,0.001571,0.000937
0,-0.123681,-0.015547,-0.208596,-0.098446,-0.177419,-0.132128,0.002159,0.000271
0,0.037497,-0.12027,0.14287,-0.076738,0.109038,-0.069027,0.000654,0.002099
0,-0.069169,-0.136916,-0.108865,-0.016625,-0.154313,-0.035828,0.001207,0.00239
0,-0.0709,0.016366,-0.026182,0.152345,-0.022723,0.188301,0.001237,0.000286
0,0.050711,-0.008484,0.126662,-0.028541,0.077543,0.015107,0.000885,0.000148
0,-0.073358,-0.054448,-0.11598,-0.021782,-0.12951,0.007662,0.00128,0.00095
0,-0.155776,0.047035,-0.087911,0.129743,-0.100052,0.152283,0.002719,0.000821
0,-0.21601,-0.135625,-0.04628,-0.181184,-0.026928,-0.230879,0.00377,0.002367
0,0.023199,-0.08218,0.218516,0.066842,0.266963,0.082938,0.000405,0.001434
0,-0.174535,-0.077039,-0.191679,-0.011485,-0.177588,-0.009612,0.003046,0.001345
0,0.048666,0.090765,0.219101,0.180632,0.239553,0.226576,0.000849,0.001584
0,-0.12812,0.022173,-0.146923,-0.092562,-0.135816,-0.111096,0.002236,0.000387
0,-0.107235,0.11253,0.010871,0.118123,0.044465,0.091036,0.001872,0.001964
0,0.065513,-0.012608,0.184324,-0.13019,0.223372,-0.109406,0.001143,0.00022
0,-0.018466,-0.086401,-0.071075,-0.078613,-0.070835,-0.062111,0.000322,0.001508
0,-0.041686,0.045552,-0.007071,0.106324,0.011671,0.108029,0.000728,0.000795
0,0.052729,-0.171373,0.079613,-0.230432,0.037467,-0.242949,0.00092,0.002991
0,-0.08639,0.074909,-0.115755,0.26555,-0.072126,0.225467,0.001508,0.001307
0,-0.048127,-0.054507,0.055177,-0.14816,0.077139,-0.167073,0.00084,0.000951
0,0.125875,-0.146183,0.150329,-0.078279,0.109104,-0.090422,0.002197,0.002551
0,0.023277,0.08535,-0.10984,0.217314,-0.082518,0.179838,0.000406,0.00149
0,0.124124,0.076544,0.125943,0.014165,0.083512,0.048765,0.002166,0.001336
0,-0.000285,-0.120821,-0.099883,-0.222936,-0.099155,-0.257742,5e-06,0.002109
0,0.063005,-0.047595,0.083542,0.071611,0.115671,0.043719,0.0011,0.000831
0,0.110576,-0.076761,0.058603,-0.003017,0.077863,-0.011347,0.00193,0.00134
0,-0.119112,-0.142546,-0.208351,-0.058566,-0.208461,-0.009412,0.002079,0.002488
0,0.03743,0.006817,0.149293,0.160853,0.150455,0.140604,0.000653,0.000119
0,-0.017722,0.066549,-0.041448,0.079211,-0.013082,0.029804,0.000309,0.001161
0,-0.02531,-0.066835,-0.032408,-0.148474,-0.033525,-0.189475,0.000442,0.001166
0,-0.057757,-0.062998,-0.019366,-0.00734,-0.027166,0.006794,0.001008,0.0011
0,-0.03959,-0.145944,0.041138,-0.097861,-0.008329,-0.101712,0.000691,0.002547
0,0.020803,-0.022258,0.035776,0.137762,0.04078,0.184035,0.000363,0.000388
0,0.068661,0.0273,0.075441,0.02738,0.098542,0.043551,0.001198,0.000476
0,-0.034136,-0.04113,-0.106893,-0.083153,-0.083708,-0.101471,0.000596,0.000718
0,0.038062,0.037986,0.090223,0.090097,0.13433,0.119606,0.000664,0.000663
0,-0.093459,-0.157175,-0.129029,-0.189159,-0.110826,-0.192396,0.001631,0.002743
0,-0.040241,0.06564,0.081199,0.226614,0.055054,0.254764,0.000702,0.001146
0,0.015375,-0.024778,0.063053,-0.065043,0.044368,-0.110824,0.000268,0.000432
0,-0.154107,-0.143455,-0.190783,-0.09785,-0.215956,-0.122929,0.00269,0.002504
0,-0.155849,0.006511,-0.025363,0.139442,-0.027078,0.156767,0.00272,0.000114
0,0.045935,-0.061923,0.200501,-0.068086,0.211593,-0.066574,0.000802,0.001081
0,-0.151855,-0.031199,-0.170542,0.016315,-0.170493,0.016868,0.00265,0.000545
0,-0.079046,0.144183,0.051576,0.160797,0.005237,0.196067,0.00138,0.002516
0,0.099833,-0.111367,0.20456,-0.229661,0.181315,-0.267096,0.001742,0.001944
0,-0.006345,0.064856,-0.109416,0.205222,-0.062222,0.225132,0.000111,0.001132
0,0.101881,0.042509,0.086575,-0.000784,0.066344,-0.037173,0.001778,0.000742
0,0.01228,0.1026,-0.11711,0.072066,-0.133133,0.044233,0.000214,0.001791
0,0.128685,-0.035956,0.138988,-0.143292,0.163105,-0.164841,0.002246,0.000628
0,0.142944,0.052347,0.028869,0.065438,-0.01543,0.04943,0.002495,0.000914
0,-0.118068,-0.052429,-0.231057,-0.11894,-0.223266,-0.145603,0.002061,0.000915
0,-0.108623,0.117225,0.003206,0.195643,-0.007951,0.244012,0.001896,0.002046
0,-0.047921,0.058622,0.065296,-0.031579,0.096755,-0.076279,0.000836,0.001023
0,-0.01463,0.091527,0.04167,0.049784,0.051262,0.009263,0.000255,0.001597
0,0.144321,-0.105626,0.156421,-0.191173,0.126596,-0.166983,0.002519,0.001844
0,0.186251,-0.043376,0.069318,0.054361,0.093408,0.016777,0.003251,0.000757
0,0.159367,-0.102612,-0.030466,-0.061181,0.005527,-0.076325,0.002781,0.001791
0,0.139207,-0.069296,-0.014388,0.058295,-0.037866,0.08418,0.00243,0.001209
0,-0.016064,-0.00023,-0.128746,0.076138,-0.103114,0.055064,0.00028,4e-06
0,-0.082511,-0.077569,-0.05144,-0.066795,-0.063559,-0.095687,0.00144,0.001354
0,0.094386,0.040942,0.205086,0.140047,0.245489,0.158618,0.001647,0.000715
0,-0.007926,0.076519,-0.076958,0.057432,-0.109546,0.078613,0.000138,0.001336
0,-0.094756,-0.0418,-0.07644,-0.094567,-0.049613,-0.078369,0.001654,0.00073
0,-0.068877,-0.148962,0.001905,-0.087016,-0.014389,-0.052376,0.001202,0.0026
0,0.147318,-0.146917,0.208011,0.016985,0.189598,-0.026756,0.002571,0.002564
0,0.024145,-0.012375,-0.113152,0.124402,-0.077881,0.108691,0.000421,0.000216
0,-0.076872,0.053879,-0.119752,0.062089,-0.128264,0.105739,0.001342,0.00094
0,-0.051429,0.000111,0.022087,-0.061809,0.004468,-0.059861,0.000898,2e-06
0,-0.130119,0.086702,-0.049804,0.097003,-0.087593,0.049212,0.002271,0.001513
0,-0.149238,-0.060031,-0.017618,-0.142081,-0.012328,-0.129432,0.002605,0.001048
0,-0.073401,-0.01073,0.048314,0.07677,0.036568,0.108521,0.001281,0.000187
0,-0.150012,-0.230873,-0.076191,-0.243435,-0.096448,-0.209389,0.002618,0.004029
0,-0.112563,0.050957,0.008856,0.260182,0.000951,0.254196,0.001965,0.000889
0,-0.019838,0.024939,0.100041,-0.024756,0.072822,0.011408,0.000346,0.000435
0,-0.036959,-0.095501,0.002261,-0.109822,-0.026886,-0.070468,0.000645,0.001667
0,-0.166873,0.045632,-0.130491,0.127175,-0.161976,0.089555,0.002912,0.000796
0,-0.070755,-0.235177,0.080626,-0.277285,0.044467,-0.239366,0.001235,0.004105
0,0.09533,-0.086222,0.160369,0.161267,0.196643,0.133019,0.001664,0.001505
0,0.062905,0.016394,-0.031302,0.12852,-0.076979,0.084843,0.001098,0.000286
0,-0.030866,-0.182572,-0.101351,-0.21331,-0.054489,-0.180995,0.000539,0.003186
0,-0.201387,-0.087549,-0.157382,0.077338,-0.14529,0.09658,0.003515,0.001528
0,-0.138986,-0.122955,0.077237,-0.047816,0.035675,-0.015315,0.002426,0.002146
0,0.006079,-0.09324,0.141746,0.046747,0.150543,0.055113,0.000106,0.001627
0,0.053551,-0.181743,0.028565,-0.113421,0.048575,-0.109614,0.000935,0.003172
0,-0.089523,-0.024257,-0.134573,0.13005,-0.104035,0.110486,0.001562,0.000423
0,0.053145,-0.162873,0.112848,-0.109372,0.100912,-0.071203,0.000928,0.002843
0,-0.053716,-0.121201,-0.077189,0.018719,-0.056921,0.030825,0.000938,0.002115
0,0.101672,-0.131371,0.159974,0.002244,0.122748,-0.002792,0.001775,0.002293
0,0.00747,-0.071431,-0.107222,0.085495,-0.097392,0.073919,0.00013,0.001247
0,-0.072282,-0.105426,-0.069177,-0.01621,-0.086104,0.025362,0.001262,0.00184
0,-0.02071,-0.04375,0.053556,0.077246,0.098773,0.110892,0.000361,0.000764
0,-0.105724,0.091173,-0.061559,0.164812,-0.106215,0.158206,0.001845,0.001591
0,-0.145263,-0.117414,-0.025066,-0.19859,0.016728,-0.232634,0.002535,0.002049
0,-0.04018,0.002124,0.090405,0.092458,0.136902,0.079321,0.000701,3.7e-05
0,-0.166854,-0.120403,-0.128074,-0.135612,-0.144776,-0.127686,0.002912,0.002101
0,0.026565,0.024681,0.172923,0.144586,0.168633,0.103582,0.000464,0.000431
0,-0.096227,-0.113821,-0.118629,-0.158575,-0.117132,-0.163446,0.001679,0.001987
0,-0.168929,-0.022874,-0.097451,0.084322,-0.064948,0.056332,0.002948,0.000399
0,-0.29235,-0.079119,-0.118303,-0.044241,-0.08833,-0.050242,0.005102,0.001381
0,-0.200614,-0.147323,0.089886,-0.040504,0.115982,-0.009791,0.003501,0.002571
0,-0.15539,-0.199448,0.039131,-0.063157,0.060204,-0.036862,0.002712,0.003481
0,0.031117,-0.090543,0.185954,0.089685,0.233303,0.089469,0.000543,0.00158
0,-0.019325,-0.152246,-0.063795,-0.052315,-0.06849,-0.073329,0.000337,0.002657
0,-0.168129,0.037392,-0.167062,0.199142,-0.181679,0.238286,0.002934,0.000653
0,-0.102327,0.103877,0.092357,0.068714,0.060505,0.036227,0.001786,0.001813
0,-0.180933,-0.136883,-0.058291,-0.249136,-0.09211,-0.272111,0.003158,0.002389
0,0.038911,-0.164846,0.201716,-0.02586,0.172133,-0.002144,0.000679,0.002877
0,-0.226008,0.05526,-0.271883,0.204706,-0.285799,0.19094,0.003945,0.000964
0,-0.224125,-0.158997,0.013017,-0.201677,0.05775,-0.174415,0.003912,0.002775
0,-0.251893,0.105207,-0.039639,0.277407,-0.073582,0.287397,0.004396,0.001836
0,-0.086537,0.082608,0.151621,-0.044423,0.182788,-0.036413,0.00151,0.001442
0,0.017538,0.095717,0.080267,0.003189,0.06179,0.01143,0.000306,0.001671
0,-0.096276,-0.105215,-0.129332,-0.215932,-0.119655,-0.181476,0.00168,0.001836
0,0.016072,-0.121883,0.098982,-0.027641,0.134231,-0.054563,0.000281,0.002127
0,-0.261188,0.003775,-0.272067,0.128745,-0.280302,0.115666,0.004559,6.6e-05
0,-0.071518,-0.137685,0.164071,-0.147165,0.178114,-0.158523,0.001248,0.002403
0,-0.202192,-0.069429,-0.13595,0.054206,-0.171173,0.077098,0.003529,0.001212
0,-0.741314,0.290489,-0.527995,0.370404,-0.511865,0.392323,0.000848,0.00507
0,-0.74895,0.881413,-0.001618,0.619611,-0.022427,0.569779,0.000981,0.003293
0,-1.123219,0.985834,-0.358856,0.089447,-0.371102,0.055119,0.004577,0.005116
0,-1.06322,1.161368,0.070075,0.193718,0.047127,0.150014,0.005624,0.003911
0,-0.537828,0.975129,0.5236,-0.16596,0.537779,-0.141634,0.002704,0.004929
0,-0.3256,0.782035,0.196829,-0.19868,0.207424,-0.154503,0.005683,0.001559
0,-0.306113,0.590991,0.006373,-0.206352,0.030231,-0.254434,0.005343,0.001776
0,-0.276638,0.558602,0.055978,-0.036973,0.092241,-0.074036,0.004828,0.002341
0,-0.334199,0.514758,-0.080067,-0.017073,-0.115047,-0.010671,0.005833,0.003106
0,-0.115687,0.306435,0.239747,-0.215854,0.280917,-0.215038,0.002019,0.005348
0,-0.126014,0.222526,0.006503,-0.113171,-0.026249,-0.133392,0.002199,0.003884
0,-0.283783,0.131843,-0.179892,-0.103385,-0.150688,-0.087823,0.004953,0.002301
0,-0.067844,0.193451,0.238849,0.073647,0.260768,0.11578,0.001184,0.003376
0,-0.298747,0.108708,-0.240111,-0.056521,-0.269028,-0.020647,0.005214,0.001897
0,-0.223406,0.233589,0.047792,0.128636,0.071268,0.129704,0.003899,0.004077
0,-0.255393,0.22484,-0.058039,0.003407,-0.082272,0.040495,0.004457,0.003924
0,-0.308036,0.267413,-0.056818,0.069402,-0.033523,0.066579,0.005376,0.004667
0,-0.127927,0.209902,0.166434,-0.081191,0.14568,-0.044103,0.002233,0.003663
0,-0.247629,0.158776,-0.123711,-0.053572,-0.153532,-0.048907,0.004322,0.002771
0,-0.24557,0.217804,-0.005364,0.075966,-0.020394,0.070297,0.004286,0.003801
0,-0.245354,0.085549,0.005431,-0.147138,0.003245,-0.169654,0.004282,0.001493
0,-0.0924,0.276251,0.16512,0.184406,0.160159,0.230484,0.001613,0.004821
0,-0.380807,0.073469,-0.266061,-0.196092,-0.234161,-0.223892,0.005444,0.001282
0,-0.294952,0.232118,0.0696,0.158117,0.028028,0.133397,0.005148,0.004051
0,-0.168456,0.208611,0.109097,-0.03994,0.059577,-0.087872,0.00294,0.003641
0,-0.332392,0.148127,-0.148576,-0.058889,-0.114112,-0.078103,0.005801,0.002585
0,-0.226251,0.191824,0.08334,0.052703,0.062156,0.059204,0.003949,0.003348
0,-0.120352,0.103333,0.088713,-0.060796,0.081353,-0.022988,0.002101,0.001803
0,-0.255756,0.048091,-0.126958,-0.044376,-0.09665,-0.024705,0.004464,0.000839
0,-0.077475,0.189244,0.165599,0.152814,0.188997,0.183244,0.001352,0.003303
0,-0.064203,0.063585,0.033512,-0.112815,0.071115,-0.157289,0.001121,0.00111
0,-0.052079,0.208961,0.013135,0.145639,0.059267,0.186464,0.000909,0.003647
0,-0.222848,0.05455,-0.142806,-0.153491,-0.111764,-0.145141,0.003889,0.000952
0,-0.143751,0.218262,0.102106,0.150831,0.118705,0.110722,0.002509,0.003809
0,-0.275532,0.255746,-0.155574,0.029483,-0.110441,0.045998,0.004809,0.004464
0,-0.236861,0.124415,0.032624,-0.140198,0.078257,-0.131892,0.004134,0.002171
0,-0.197603,0.203681,0.043186,0.108663,0.081323,0.133417,0.003449,0.003555
0,-0.100752,0.24181,0.125525,0.040235,0.082995,0.034145,0.001758,0.00422
0,-0.18614,0.057361,-0.102077,-0.189178,-0.124126,-0.15132,0.003249,0.001001
0,-0.172916,0.233682,-0.01035,0.197163,-0.052297,0.231326,0.003018,0.004079
0,-0.158066,0.066998,0.00062,-0.140785,-0.049186,-0.104709,0.002759,0.001169
0,-0.110226,0.262623,0.040125,0.172366,0.040809,0.13512,0.001924,0.004584
0,-0.31032,0.263532,-0.174314,-0.019546,-0.148647,-0.034286,0.005416,0.0046
0,-0.035892,0.052263,0.27642,-0.189914,0.245958,-0.218792,0.000626,0.000912
0,-0.172753,0.18331,-0.116935,0.134104,-0.143057,0.158002,0.003015,0.003199
0,-0.306292,0.096002,-0.154274,-0.116677,-0.110506,-0.131214,0.005346,0.001676
0,-0.20083,0.093626,0.08155,0.00697,0.10575,-0.028256,0.003505,0.001634
0,-0.097187,0.185389,0.103816,0.089918,0.062924,0.085231,0.001696,0.003236
0,-0.257468,0.050393,-0.161841,-0.137202,-0.138126,-0.161971,0.004494,0.00088
0,-0.200022,-0.069176,0.037673,-0.090553,0.008691,-0.086558,0.003491,0.001207
0,-0.108838,0.109775,0.065752,0.206185,0.097158,0.251069,0.0019,0.001916
0,-0.080448,-0.047943,0.019384,-0.177729,-0.014654,-0.205504,0.001404,0.000837
0,-0.157194,0.146615,-0.063691,0.208737,-0.075827,0.201768,0.002744,0.002559
0,-0.198761,0.150915,-0.043568,0.009757,-0.024405,-0.020013,0.003469,0.002634
0,-0.144462,0.163539,0.07403,0.023,0.086693,0.063462,0.002521,0.002854
0,-0.07319,-0.04548,0.067847,-0.201025,0.036982,-0.190984,0.001277,0.000794
0,-0.28174,0.149352,-0.199865,0.166463,-0.22749,0.135025,0.004917,0.002607
0,-0.297681,0.205533,-0.012655,0.048754,0.022293,0.086315,0.005196,0.003587
0,-0.257508,0.180515,0.054494,-0.016008,0.011624,-0.04522,0.004494,0.003151
0,-0.137697,0.096145,0.115048,-0.077159,0.068276,-0.092761,0.002403,0.001678
0,-0.156116,-0.057669,-0.043606,-0.152795,-0.033395,-0.125432,0.002725,0.001007
0,-0.239407,0.009535,-0.067394,0.090244,-0.017965,0.136777,0.004178,0.000166
0,-0.072727,-0.069247,0.169388,-0.060838,0.197923,-0.022179,0.001269,0.001209
0,-0.266128,0.139145,-0.213533,0.181163,-0.191174,0.17441,0.004645,0.002429
0,-0.017032,0.032865,0.233393,-0.077172,0.185035,-0.035401,0.000297,0.000574
0,-0.092384,0.160056,-0.049857,0.142769,-0.041977,0.152632,0.001612,0.002794
0,-0.138068,0.046148,-0.058526,-0.11874,-0.025916,-0.135478,0.00241,0.000805
0,-0.196477,0.055217,-0.073582,0.031953,-0.117753,0.048197,0.003429,0.000964
0,-0.194535,-0.063739,-0.014751,-0.127599,-0.044821,-0.128997,0.003395,0.001112
0,-0.038242,0.042191,0.138553,0.102696,0.117918,0.144332,0.000667,0.000736
0,-0.212659,0.006495,-0.168653,-0.008977,-0.143025,0.002088,0.003712,0.000113
0,-0.090521,0.142918,0.126484,0.108292,0.168684,0.096669,0.00158,0.002494
0,-0.051882,0.155138,0.034216,-0.014724,0.065013,-0.059449,0.000906,0.002708
0,0.063669,-0.127294,0.100621,-0.268861,0.148971,-0.294948,0.001111,0.002222
0,-0.118643,0.114856,-0.164253,0.271536,-0.20592,0.268918,0.002071,0.002005
0,0.009517,0.086005,0.122813,-0.000896,0.104817,-0.050198,0.000166,0.001501
0,-0.044068,0.038991,-0.03399,-0.03908,0.014611,0.009931,0.000769,0.000681
0,0.134487,-0.076618,0.17699,-0.137578,0.193936,-0.1122,0.002347,0.001337
0,-0.074812,0.037701,-0.228724,0.094295,-0.187862,0.142891,0.001306,0.000658
0,0.014243,0.076409,0.102089,0.038852,0.071663,0.010983,0.000249,0.001334
0,-0.164495,0.135653,-0.163034,0.067779,-0.187781,0.113205,0.002871,0.002368
0,0.052544,0.140958,0.199393,0.031233,0.241107,0.067619,0.000917,0.00246
0,-0.160614,0.1065,-0.185521,-0.006945,-0.219504,-0.035604,0.002803,0.001859
0,0.049681,0.186294,0.223462,0.094202,0.263914,0.144142,0.000867,0.003251
0,-0.094153,0.066616,-0.150154,-0.119949,-0.128243,-0.109373,0.001643,0.001163
0,0.115969,-0.011705,0.190713,-0.052398,0.152301,-0.044111,0.002024,0.000204
0,0.068901,0.221949,-0.059316,0.216392,-0.102272,0.225829,0.001203,0.003874
0,-0.090956,0.140848,-0.129932,-0.05142,-0.12582,-0.077821,0.001587,0.002458
0,0.072553,0.051808,0.136552,-0.099537,0.135671,-0.100179,0.001266,0.000904
0,0.019037,0.088427,-0.06578,0.017688,-0.066839,0.022419,0.000332,0.001543
0,-0.0225,0.045396,-0.027024,-0.051585,-0.039883,-0.074702,0.000393,0.000792
0,-0.043415,0.154337,-0.050379,0.128244,-0.00374,0.139411,0.000758,0.002694
0,-0.060623,0.062567,0.00695,-0.085443,0.03683,-0.112453,0.001058,0.001092
0,-0.001469,0.100328,0.067769,0.042608,0.039643,0.074417,2.6e-05,0.001751
0,-0.090176,0.079433,-0.059362,-0.015587,-0.03544,-0.034633,0.001574,0.001386
0,-0.00697,0.098097,0.104869,-0.00632,0.105121,-0.052502,0.000122,0.001712
0,-0.078929,0.085839,-0.078517,-0.008784,-0.047997,-0.058055,0.001378,0.001498
0,0.169796,0.078905,0.277403,-0.028129,0.318575,-0.012208,0.002964,0.001377
0,0.116418,0.137379,-0.048922,0.039631,-0.007059,0.076096,0.002032,0.002398
0,0.083531,-0.166072,-0.044426,-0.283587,-0.08153,-0.277803,0.001458,0.002898
0,0.019373,-0.145648,-0.051096,0.013798,-0.053684,0.056785,0.000338,0.002542
0,0.073265,-0.126423,0.071075,0.010498,0.07809,0.031606,0.001279,0.002207
0,-0.021293,-0.067414,-0.089841,0.069023,-0.043794,0.055478,0.000372,0.001177
0,0.178139,-0.058877,0.208597,0.014332,0.231406,-0.00563,0.003109,0.001028
0,0.146031,0.04505,-0.009019,0.103917,0.001286,0.070802,0.002549,0.000786
0,-0.056568,-0.072652,-0.209364,-0.131409,-0.20133,-0.181305,0.000987,0.001268
0,0.214014,-0.071378,0.257358,-0.001745,0.243793,0.032323,0.003735,0.001246
0,-0.076422,0.075729,-0.29704,0.129901,-0.334164,0.110142,0.001334,0.001322
0,-0.03993,0.04725,0.010237,-0.035676,-0.003033,-0.072887,0.000697,0.000825
0,-0.015453,-0.051834,0.013662,-0.072373,0.016367,-0.066422,0.00027,0.000905
0,0.026436,-0.049338,0.051993,-0.00509,0.037891,0.023086,0.000461,0.000861
0,0.093242,-0.069588,0.072395,-0.012345,0.02327,-0.04123,0.001627,0.001215
0,0.066936,0.10026,-0.03673,0.199073,-0.047863,0.181277,0.001168,0.00175
0,0.116443,0.127826,0.062228,0.039885,0.08439,0.028619,0.002032,0.002231
0,0.038354,0.082472,-0.048469,-0.016897,-0.045261,-0.045746,0.000669,0.001439
0,0.023795,-0.051358,-0.005765,-0.119963,0.04248,-0.118005,0.000415,0.000896
0,0.054234,-0.014101,0.002277,0.063641,0.047234,0.109857,0.000947,0.000246
0,-0.048992,-0.072365,-0.118761,-0.046883,-0.091327,-0.015026,0.000855,0.001263
0,-0.074228,0.065353,-0.04569,0.152173,-0.050189,0.157909,0.001296,0.001141
0,-0.139354,0.011878,-0.072848,-0.045049,-0.109157,-0.004319,0.002432,0.000207
0,-0.114034,0.086205,0.022642,0.05984,0.023746,0.063812,0.00199,0.001505
0,-0.131974,0.083328,-0.024217,0.015407,-0.057686,0.015766,0.002303,0.001454
0,-1.452536,0.262024,-1.317593,0.202586,-1.285337,0.228005,0.001171,0.004573
0,-2.134992,0.088828,-0.660931,-0.171432,-0.640997,-0.167646,0.000991,0.00155
0,-2.679304,0.025511,-0.544057,-0.048474,-0.50642,-0.09802,0.001599,0.000445
0,-1.957174,0.12802,0.717492,0.098566,0.73113,0.126504,0.002112,0.002234
0,-1.540414,0.218574,0.41369,0.109568,0.37864,0.120315,0.002704,0.003815
0,-1.382374,0.099793,0.162489,-0.098731,0.184248,-0.128641,5.4e-05,0.001742
0,-1.269968,0.040844,0.139373,-0.056697,0.119252,-0.03778,0.002016,0.000713
0,-0.785208,0.107625,0.496988,0.095598,0.490015,0.142717,0.001614,0.001878
0,-0.377634,0.216672,0.432977,0.087255,0.392218,0.123908,0.0055,0.003782
0,0.06258,0.169367,0.450598,-0.062539,0.492949,-0.10036,0.001092,0.002956
0,0.247348,0.205605,0.188457,0.05979,0.187854,0.088393,0.004317,0.003588
0,0.200292,0.338389,-0.023228,0.127978,-0.037344,0.154199,0.003496,0.005906
0,0.084965,0.32428,-0.094763,-0.028617,-0.064297,0.004701,0.001483,0.00566
0,0.070197,0.065327,-0.038896,-0.273837,-0.012524,-0.288552,0.001225,0.00114
0,0.313691,0.081157,0.233434,0.010872,0.20771,0.056489,0.005475,0.001416
0,0.253056,0.273069,-0.057384,0.19464,-0.027645,0.150161,0.004417,0.004766
0,0.373579,0.197377,0.120597,-0.080727,0.134985,-0.064578,0.00557,0.003445
0,0.199701,0.112342,-0.15888,-0.098891,-0.121982,-0.058746,0.003485,0.001961
0,0.313803,0.332392,0.089814,0.191171,0.128217,0.191423,0.005477,0.005801
0,0.252499,0.191142,-0.044933,-0.170072,-0.004073,-0.193237,0.004407,0.003336
0,0.244972,0.178281,0.010469,0.01011,-0.03507,-0.012292,0.004276,0.003112
0,0.169989,0.277049,-0.094463,0.095931,-0.064539,0.139222,0.002967,0.004835
0,0.13191,0.28418,-0.05578,-0.017957,-0.033288,-0.051451,0.002302,0.00496
0,0.242405,0.211613,0.130707,-0.046589,0.149846,-0.026949,0.004231,0.003693
0,0.319095,0.269099,0.106396,0.050175,0.11119,0.087081,0.005569,0.004697
0,0.050295,-0.005473,-0.258404,-0.269258,-0.290257,-0.272151,0.000878,9.6e-05
0,0.265537,0.020953,0.194794,0.020716,0.162298,0.018264,0.004634,0.000366
0,0.242277,0.00351,-0.004249,0.010061,-0.030271,0.036632,0.004229,6.1e-05
0,0.103241,0.271767,-0.120764,0.258116,-0.084788,0.257123,0.001802,0.004743
0,0.319918,0.112611,0.205308,-0.157391,0.230494,-0.134204,0.005584,0.001965
0,0.188907,0.244657,-0.120233,0.10801,-0.124118,0.145116,0.003297,0.00427
0,0.187269,-0.006074,0.027576,-0.268631,-0.013167,-0.229007,0.003268,0.000106
0,0.052548,0.059447,-0.15052,0.067154,-0.131812,0.034258,0.000917,0.001038
0,0.258401,0.145851,0.186738,0.081736,0.166837,0.047854,0.00451,0.002546
0,0.276241,0.168387,0.024264,0.002471,0.031137,0.044545,0.004821,0.002939
0,-0.012988,0.094395,-0.288724,-0.077558,-0.325396,-0.102472,0.000227,0.001648
0,-0.064305,0.017164,-0.077393,-0.077233,-0.054864,-0.122893,0.001122,0.0003
0,0.061702,0.191979,0.102788,0.186873,0.071986,0.182345,0.001077,0.003351
0,-0.07124,0.167271,-0.158072,-0.018731,-0.150102,-0.023193,0.001243,0.002919
0,-0.06681,0.104221,0.023269,-0.090828,0.026968,-0.078628,0.001166,0.001819
0,0.107631,0.171513,0.196186,0.051847,0.217129,0.048839,0.001879,0.002993
0,0.043781,-0.053775,-0.046117,-0.20661,0.001408,-0.239829,0.000764,0.000939
0,-0.215814,-0.080731,-0.239463,0.001961,-0.228025,-0.034262,0.003767,0.001409
0,-0.048684,-0.057882,0.196849,0.035822,0.174076,0.002213,0.00085,0.00101
0,-0.095593,0.042614,-0.050778,0.071493,-0.015123,0.051038,0.001668,0.000744
0,-0.026926,0.081151,0.08141,0.025965,0.067011,0.052872,0.00047,0.001416
0,-0.026812,0.043525,-0.006458,-0.011864,-0.022407,-0.006345,0.000468,0.00076
0,-0.136662,0.012789,-0.124425,-0.02258,-0.167351,0.0,0.002385,0.000223
0,-0.201625,0.069029,-0.078359,0.074313,-0.070798,0.117664,0.003519,0.001205
0,-0.090806,0.141321,0.092373,0.074424,0.073232,0.118658,0.001585,0.002467
0,-0.035106,0.193827,0.070406,0.042666,0.06876,0.037171,0.000613,0.003383
0,-0.240676,0.068903,-0.192464,-0.099771,-0.193417,-0.110273,0.004201,0.001203
0,-0.120489,-0.049085,0.091993,-0.113418,0.117527,-0.093556,0.002103,0.000857
0,-0.249897,-0.120261,-0.109814,-0.091339,-0.080682,-0.11796,0.004362,0.002099
0,-0.050072,-0.017206,0.170156,0.101775,0.218305,0.091581,0.000874,0.0003
0,-0.168358,0.09989,-0.100754,0.11125,-0.131299,0.081389,0.002938,0.001743
0,-0.024375,-0.039929,0.124111,-0.129394,0.107458,-0.127169,0.000425,0.000697
0,-0.052186,-0.093641,-0.056839,-0.082847,-0.10523,-0.061582,0.000911,0.001634
0,0.025866,0.053228,0.100124,0.13561,0.101921,0.15834,0.000451,0.000929
0,-0.039392,0.095109,-0.09257,0.053725,-0.119387,0.049718,0.000688,0.00166
0,0.078589,0.087246,0.093246,-0.008195,0.128283,-0.027602,0.001372,0.001523
0,0.05574,0.033063,-0.024341,-0.026295,-0.04841,-0.014082,0.000973,0.000577
0,0.073175,-0.112941,0.000616,-0.139118,-0.029874,-0.177609,0.001277,0.001971
0,-0.030766,0.068483,-0.097526,0.210785,-0.050515,0.19703,0.000537,0.001195
0,0.021057,-0.038215,0.034167,-0.108335,0.000792,-0.150219,0.000368,0.000667
0,-0.054589,-0.115913,-0.072549,-0.066699,-0.070382,-0.103754,0.000953,0.002023
0,-0.056558,-0.101918,0.006642,-0.014907,-0.025991,-0.001266,0.000987,0.001779
0,-1.3e-05,-0.035297,0.07037,0.042307,0.083628,0.048498,0.0,0.000616
0,-0.09348,0.002602,-0.113411,0.058768,-0.096698,0.067435,0.001632,4.5e-05
0,0.119137,-0.01603,0.235204,-0.004368,0.206446,0.010831,0.002079,0.00028
0,-0.062563,0.149004,-0.153199,0.187931,-0.181671,0.21709,0.001092,0.002601
0,0.074424,0.117191,0.1396,-0.053159,0.103334,-0.062431,0.001299,0.002045
0,0.004075,0.048816,-0.042476,-0.074904,-0.065451,-0.116772,7.1e-05,0.000852
0,0.017708,0.160278,0.001599,0.085205,0.0295,0.090021,0.000309,0.002797
0,0.127298,0.133118,0.109627,-0.023456,0.147215,-0.051253,0.002222,0.002323
0,-0.037838,0.139095,-0.137629,0.032091,-0.097354,0.055702,0.00066,0.002428
0,0.102246,-0.002435,0.147408,-0.131636,0.164101,-0.174397,0.001785,4.2e-05
0,-0.095891,0.220929,-0.174324,0.247972,-0.215846,0.253509,0.001674,0.003856
0,0.029855,0.154456,0.155124,-0.086876,0.181257,-0.044057,0.000521,0.002696
0,0.07543,-0.05076,0.055026,-0.176619,0.060801,-0.199692,0.001317,0.000886
0,0.017163,0.166344,-0.086167,0.20065,-0.106534,0.215729,0.0003,0.002903
0,0.024294,0.138569,-0.008,-0.012014,0.009148,-0.061056,0.000424,0.002418
0,0.03757,0.006831,0.030755,-0.110036,0.011455,-0.076997,0.000656,0.000119
0,0.02641,0.221636,0.000364,0.211334,0.005291,0.257819,0.000461,0.003868
0,0.038397,0.216259,0.013773,-0.006667,0.061782,0.025957,0.00067,0.003774
0,-0.097393,0.182334,-0.142136,-0.035479,-0.164194,-0.063905,0.0017,0.003182
0,0.067807,0.097974,0.181854,-0.107935,0.147718,-0.060903,0.001183,0.00171
0,0.033772,0.065881,-0.057635,-0.012143,-0.017623,0.033138,0.000589,0.00115
0,0.104212,0.060432,0.076166,0.021,0.111001,0.065253,0.001819,0.001055
0,0.022398,0.069168,-0.097204,-0.018124,-0.07515,-0.037362,0.000391,0.001207
0,0.096374,0.079111,0.07618,-0.002765,0.084817,-0.028748,0.001682,0.001381
0,-0.128417,-0.018011,-0.234714,-0.097861,-0.209675,-0.090507,0.002241,0.000314
0,-0.113429,0.121915,-0.01168,0.126647,-0.050557,0.119144,0.00198,0.002128
0,0.058278,-0.075019,0.174966,-0.198554,0.198831,-0.218984,0.001017,0.001309
0,0.077593,0.0076,0.025551,0.078107,0.024312,0.081827,0.001354,0.000133
0,0.062014,0.001234,0.010869,0.005977,-0.011238,-0.017947,0.001082,2.2e-05
0,-0.094323,0.079139,-0.146,0.059239,-0.096401,0.070661,0.001646,0.001381
0,0.115775,0.06456,0.234704,-0.032499,0.242639,-0.077762,0.002021,0.001127
0,-0.074596,0.188035,-0.193152,0.145693,-0.242816,0.10291,0.001302,0.003282
0,-0.008954,-0.071177,0.075059,-0.289156,0.111278,-0.338164,0.000156,0.001242
0,0.134442,-0.090314,0.132239,9.2e-05,0.143074,0.04281,0.002346,0.001576
0,0.0131,0.024005,-0.117066,0.09517,-0.095803,0.060507,0.000229,0.000419
