is_cheating,delta_yaw,delta_pitch,accel_yaw,accel_pitch,jerk_yaw,jerk_pitch,gcd_error_yaw,gcd_error_pitch
0,0.070867,-0.023068,-0.003146,0.046681,-0.00037,0.044113,0.001237,0.000403
0,0.154749,-0.09572,0.06995,-0.084593,0.116071,-0.044219,0.002701,0.001671
0,0.259052,0.036163,0.074623,0.148297,0.06024,0.179918,0.00217,0.000631
0,0.199474,-0.127048,-0.057528,-0.188579,-0.050916,-0.221438,0.003209,0.002217
0,0.151265,0.104822,-0.064042,0.231326,-0.045061,0.262667,0.00264,0.001829
0,-0.000154,0.12946,-0.126576,0.048134,-0.107282,0.097268,3e-06,0.002259
0,0.206957,-0.023916,0.221755,-0.137604,0.271392,-0.127064,0.003079,0.000417
0,0.054383,-0.08679,-0.152744,-0.067291,-0.179216,-0.020687,0.000949,0.001515
0,0.13931,0.030807,0.102632,0.136063,0.104378,0.157134,0.002431,0.000538
0,0.181882,-0.169386,0.022021,-0.217183,0.048122,-0.214694,0.003174,0.002956
0,-0.01685,0.078509,-0.178259,0.243247,-0.131625,0.198633,0.000294,0.00137
0,0.078846,0.044595,0.122373,-0.030641,0.111436,-0.070252,0.001376,0.000778
0,0.206108,-0.084121,0.097928,-0.119407,0.101554,-0.120547,0.003094,0.001468
0,0.194002,0.039555,-0.038584,0.097654,-0.086025,0.087861,0.003305,0.00069
0,0.237439,-0.160347,0.064928,-0.194187,0.104565,-0.219426,0.002547,0.002799
0,0.242094,0.020561,0.013169,0.204328,-0.001148,0.161195,0.002465,0.000359
0,0.222847,-0.157753,-0.013254,-0.204166,0.014839,-0.233919,0.002801,0.002753
0,0.121306,-0.174115,-0.111886,-0.032767,-0.134207,-0.064953,0.002117,0.003039
0,0.061034,-0.107201,-0.08508,0.051973,-0.069743,0.023962,0.001065,0.001871
0,0.274555,0.049072,0.207805,0.161127,0.165711,0.177322,0.001899,0.000856
0,0.093098,0.023199,-0.193851,-0.000132,-0.217166,-0.012358,0.001625,0.000405
0,0.216878,0.088226,0.136209,0.073896,0.116472,0.033472,0.002906,0.00154
0,0.242052,-0.120599,0.034769,-0.237886,0.002751,-0.256433,0.002466,0.002105
0,0.061032,0.090583,-0.174016,0.18725,-0.154082,0.20273,0.001065,0.001581
0,0.005089,-0.010086,-0.081178,-0.124798,-0.032498,-0.099996,8.9e-05,0.000176
0,0.14257,-0.058717,0.107763,-0.074851,0.156528,-0.072178,0.002488,0.001025
0,0.096625,-0.095657,-0.021027,-0.019323,0.017864,-0.016746,0.001686,0.00167
0,-0.016901,0.014387,-0.099251,0.12972,-0.071157,0.1171,0.000295,0.000251
0,0.233228,-0.053366,0.251219,-0.088489,0.201286,-0.063955,0.00262,0.000931
0,0.120677,0.114427,-0.119713,0.149162,-0.100288,0.172123,0.002106,0.001997
0,0.037777,-0.11797,-0.075528,-0.211891,-0.073784,-0.194041,0.000659,0.002059
0,0.10281,0.100161,0.046826,0.217609,0.041729,0.178803,0.001794,0.001748
0,0.126983,-0.058278,0.03525,-0.150473,0.004562,-0.11155,0.002216,0.001017
0,0.035078,-0.002825,-0.113634,0.069765,-0.094848,0.033435,0.000612,4.9e-05
0,0.126258,-0.144038,0.091541,-0.163916,0.054013,-0.19096,0.002204,0.002514
0,0.090019,0.12586,-0.050157,0.274322,-0.07882,0.289347,0.001571,0.002197
0,-0.113675,-0.036817,-0.179062,-0.187173,-0.151299,-0.163756,0.001984,0.000643
0,0.006351,-0.038602,0.122849,0.019711,0.127544,0.049358,0.000111,0.000674
0,-0.030961,-0.056396,-0.048737,-0.013193,-0.032184,0.031272,0.00054,0.000984
0,0.073614,-0.072446,0.08764,0.00507,0.102719,-0.02753,0.001285,0.001264
0,0.05843,0.025936,-0.007727,0.076441,0.034555,0.097582,0.00102,0.000453
0,-0.073905,-0.079586,-0.125457,-0.087626,-0.149932,-0.04843,0.00129,0.001389
0,-0.003484,-0.168916,0.086603,-0.068155,0.050025,-0.110172,6.1e-05,0.002948
0,0.134487,-0.103567,0.154591,0.037639,0.120373,0.078018,0.002347,0.001808
0,0.09378,-0.188324,-0.032606,-0.080686,-0.072836,-0.114416,0.001637,0.003287
0,0.044874,-0.207964,-0.043237,-0.021038,-0.075024,-0.000537,0.000783,0.003061
0,-0.031404,0.051777,-0.073996,0.27786,-0.079246,0.27656,0.000548,0.000904
0,-0.013659,-0.024467,5.6e-05,-0.068412,0.013383,-0.080833,0.000238,0.000427
0,-0.007633,0.054169,0.013193,0.090876,0.018836,0.131369,0.000133,0.000945
0,-0.107389,0.030858,-0.11723,-0.029882,-0.088255,-0.068454,0.001874,0.000539
0,0.089719,-0.04419,0.220801,-0.07365,0.173139,-0.09659,0.001566,0.000771
0,-0.15711,-0.13079,-0.232537,-0.10149,-0.195901,-0.116656,0.002742,0.002283
0,-0.137252,-0.112825,0.046386,0.03389,0.040998,0.012473,0.002396,0.001969
0,0.615504,0.611933,0.772124,0.747836,0.727156,0.746705,0.002639,0.002701
0,0.942139,1.909441,0.313867,1.276142,0.26975,1.316565,0.003062,0.000128
0,1.568414,2.006181,0.643825,0.11538,0.616651,0.07398,0.000611,0.00156
0,1.681349,1.642263,0.137064,-0.374131,0.18699,-0.340689,0.002582,0.0019
0,1.537227,1.865449,-0.139701,0.247884,-0.166278,0.291456,6.6e-05,0.000896
0,1.393551,1.663125,-0.118539,-0.224115,-0.103201,-0.232716,0.002441,0.002264
0,-0.040656,-0.0066,-1.423875,-1.669505,-1.430853,-1.624361,0.00071,0.000115
0,-0.928745,-1.360115,-0.890961,-1.350077,-0.927336,-1.384807,0.002828,0.003025
0,-1.955819,-1.228532,-1.057029,0.125434,-1.06943,0.13243,0.000681,0.001369
0,-2.20932,-1.333093,-0.279831,-0.085539,-0.232485,-0.101251,0.001585,0.003194
0,-2.249084,-1.127582,-0.059323,0.226184,-0.033288,0.269474,0.000891,0.000392
0,-2.09334,-0.949246,0.172804,0.159578,0.153617,0.110274,0.003082,0.003186
0,-1.53801,-0.933096,0.546944,0.014329,0.571411,0.013045,8e-05,0.002904
0,-1.180741,-0.717301,0.368642,0.227146,0.353509,0.194799,0.000535,0.000862
0,-0.952482,-0.374228,0.227795,0.327105,0.211383,0.34467,0.003242,0.000159
0,-0.545004,-0.418364,0.433283,-0.026102,0.470334,-0.036042,0.002821,0.000611
0,-0.305742,-0.082084,0.226614,0.35669,0.22672,0.333317,0.001355,0.001433
0,0.092688,-0.149225,0.403042,-0.050195,0.354913,-0.010852,0.001618,0.002604
0,0.190848,-0.000658,0.127467,0.12767,0.127682,0.172237,0.003331,1.1e-05
0,0.059868,0.167243,-0.158116,0.183098,-0.134273,0.186323,0.001045,0.002919
0,0.148022,0.07371,0.091581,-0.108098,0.08365,-0.126512,0.002583,0.001286
0,0.299341,0.153352,0.146447,0.087197,0.14628,0.106321,0.001466,0.002676
0,0.01414,0.095162,-0.275968,-0.06551,-0.289818,-0.100049,0.000247,0.001661
0,0.235946,-0.0431,0.192674,-0.12292,0.206321,-0.141595,0.002573,0.000752
0,0.246712,-0.046873,-0.019169,0.016035,0.008646,-0.007329,0.002385,0.000818
0,0.064539,0.009351,-0.16331,0.040793,-0.176575,0.050105,0.001126,0.000163
0,0.163276,0.13512,0.074564,0.133312,0.12123,0.124508,0.00285,0.002358
0,0.021835,-0.020401,-0.11278,-0.180835,-0.136418,-0.146282,0.000381,0.000356
0,0.211387,-0.03646,0.179453,-0.034544,0.202704,-0.028095,0.003001,0.000636
0,0.226441,0.021561,0.007028,0.077705,0.018672,0.094413,0.002739,0.000376
0,0.174327,0.038266,-0.054123,0.035186,-0.099322,0.062728,0.003043,0.000668
0,0.026566,0.103838,-0.126225,0.041236,-0.135305,0.020065,0.000464,0.001812
0,0.002658,0.048717,-0.015064,-0.04433,-0.018695,-0.06308,4.6e-05,0.00085
0,0.016006,-0.144216,-0.016344,-0.206182,-0.050911,-0.162993,0.000279,0.002517
0,0.006043,0.131815,-0.01669,0.268482,-0.03191,0.317208,0.000105,0.002301
0,0.141,-0.127328,0.111496,-0.244389,0.064999,-0.24322,0.002461,0.002222
0,-0.004472,0.025556,-0.146268,0.166205,-0.163012,0.144506,7.8e-05,0.000446
0,-0.091499,-0.017897,-0.109453,-0.070806,-0.149139,-0.024895,0.001597,0.000312
0,-0.183917,-0.1214,-0.10911,-0.11619,-0.063665,-0.160419,0.00321,0.002119
0,-0.110937,-0.100911,0.048871,0.046751,0.069297,0.064324,0.001936,0.001761
0,0.06083,-0.202745,0.150327,-0.111143,0.16337,-0.073311,0.001062,0.003152
0,0.11075,0.068886,0.021168,0.296002,0.02192,0.281811,0.001933,0.001202
0,-0.077724,-0.045184,-0.216302,-0.099293,-0.209503,-0.096403,0.001357,0.000789
0,0.042141,0.075059,0.148722,0.131861,0.138138,0.130769,0.000735,0.00131
0,-0.046609,0.057686,-0.095426,-0.01664,-0.138357,0.012802,0.000813,0.001007
0,-0.08258,0.010059,-0.058437,-0.066252,-0.07806,-0.019949,0.001441,0.000176
0,0.173949,-0.146334,0.268389,-0.155435,0.253756,-0.169189,0.003036,0.002554
0,0.023758,-0.001713,-0.166655,0.119251,-0.206941,0.090452,0.000415,3e-05
0,0.058302,-0.138867,0.023959,-0.152777,-0.013645,-0.114558,0.001018,0.002424
0,-0.09537,-0.121609,-0.132275,0.042866,-0.097289,0.032267,0.001665,0.002122
0,0.09114,0.050935,0.190452,0.183537,0.215541,0.136401,0.001591,0.000889
0,0.084121,-0.212311,-0.016042,-0.291689,-0.041734,-0.281524,0.001468,0.002985
0,0.139263,-0.108614,0.051825,0.084553,0.024616,0.045915,0.002431,0.001896
0,0.193058,-0.090164,0.027551,-0.004662,-0.014747,0.003457,0.003321,0.001574
0,-0.093588,-0.016086,-0.267809,0.097778,-0.224055,0.124945,0.001633,0.000281
0,0.132704,-0.169999,0.253491,-0.165759,0.303132,-0.175475,0.002316,0.002967
0,0.146604,-0.127757,-0.010212,0.025534,0.023493,0.057411,0.002559,0.00223
0,0.185837,-0.105798,0.054977,0.020498,0.023935,0.01895,0.003243,0.001847
0,0.053325,-0.155029,-0.142976,-0.068804,-0.151139,-0.084461,0.000931,0.002706
0,0.175842,0.018232,0.096889,0.200035,0.081976,0.160353,0.003069,0.000318
0,0.028755,-0.161644,-0.155984,-0.16742,-0.204255,-0.120827,0.000502,0.002821
0,0.127644,0.026482,0.107503,0.161949,0.13027,0.211939,0.002228,0.000462
0,-0.023949,-0.189326,-0.148106,-0.231464,-0.173109,-0.210849,0.000418,0.003304
0,0.059257,0.104036,0.063745,0.308196,0.037377,0.3504,0.001034,0.001816
0,0.169226,0.020034,0.131441,-0.104355,0.133917,-0.058636,0.002954,0.00035
0,0.005154,-0.013403,-0.150914,-0.029092,-0.191812,-0.019299,9e-05,0.000234
0,0.102893,-0.041191,0.08712,-0.033258,0.058973,-0.010912,0.001796,0.000719
0,4.762243,1.431073,4.660661,1.475728,4.684988,1.430939,0.002827,0.001786
0,4.671041,2.45427,-0.089168,1.015983,-0.114544,1.060563,0.001235,0.00269
0,4.435497,2.184717,-0.24755,-0.292279,-0.221972,-0.255714,0.002876,0.002014
0,3.477632,2.109665,-0.953538,-0.084539,-0.923369,-0.101471,0.000479,0.003324
0,2.432065,1.871858,-1.061025,-0.209607,-1.089374,-0.197747,0.002303,0.000784
0,1.91714,1.405647,-0.533469,-0.473165,-0.495683,-0.429825,6e-06,0.00223
0,1.518033,1.182363,-0.424108,-0.215003,-0.404826,-0.177412,0.000269,0.000564
0,1.033901,1.006395,-0.50065,-0.186689,-0.492298,-0.188288,0.002027,0.002508
0,0.724863,0.719874,-0.289395,-0.312307,-0.315295,-0.267252,0.00073,0.000817
0,0.313239,0.387059,-0.423211,-0.334931,-0.424455,-0.303336,0.001224,6.5e-05
0,0.27971,0.215463,-0.013989,-0.19659,0.014408,-0.147533,0.001809,0.00293
0,0.206928,-0.099012,-0.046549,-0.286256,-0.058425,-0.332529,0.003079,0.001728
0,-0.035219,-0.078285,-0.228127,0.031347,-0.240536,0.052254,0.000615,0.001366
0,-0.095286,-0.144009,-0.034789,-0.073565,0.001042,-0.108628,0.001663,0.002513
0,-0.182076,-0.165682,-0.099939,-0.033549,-0.116654,0.012598,0.003178,0.002892
0,-0.081534,-0.039006,0.096782,0.123583,0.141456,0.075214,0.001423,0.000681
0,-0.130775,-0.130826,-0.026045,-0.098329,0.007982,-0.08595,0.002282,0.002283
0,-0.177171,-0.06237,-0.060142,0.047256,-0.073931,0.039995,0.003092,0.001089
0,-0.1046,-0.189315,0.067956,-0.134334,0.114981,-0.094295,0.001826,0.003304
0,0.173529,-0.021982,0.300167,0.189835,0.308928,0.164948,0.003029,0.000384
0,0.078872,-0.179431,-0.098281,-0.150385,-0.126355,-0.194641,0.001377,0.003132
0,0.10565,-0.083475,0.022846,0.125406,0.032288,0.16623,0.001844,0.001457
0,-0.106657,-0.218094,-0.191627,-0.157729,-0.201617,-0.133343,0.001862,0.002884
0,0.006136,-0.208929,0.106858,-0.002548,0.076832,0.038888,0.000107,0.003044
0,0.184695,0.004962,0.20692,0.232223,0.206713,0.183969,0.003224,8.7e-05
0,-0.072115,-0.179534,-0.248507,-0.200341,-0.235432,-0.151379,0.001259,0.003133
0,0.179063,-0.188188,0.242427,0.01087,0.199271,0.016279,0.003125,0.003284
0,0.063068,-0.062381,-0.145498,0.134742,-0.13717,0.116561,0.001101,0.001089
0,-0.079122,-0.028899,-0.147635,0.043017,-0.115238,0.035669,0.001381,0.000504
0,-0.141776,0.004626,-0.067981,0.008318,-0.025464,0.013208,0.002474,8.1e-05
0,0.030154,-0.076264,0.193818,-0.092561,0.189847,-0.099605,0.000526,0.001331
0,-0.096871,-0.046426,-0.130293,0.000398,-0.146641,0.034533,0.001691,0.00081
0,-0.088285,-0.143683,-0.021266,-0.123667,-0.027619,-0.119404,0.001541,0.002508
0,-0.13631,-0.030621,-0.067378,0.099856,-0.075329,0.098184,0.002379,0.000534
0,-0.006649,0.014872,0.141029,0.040311,0.091771,0.063429,0.000116,0.00026
0,0.04098,-0.113399,0.04995,-0.141671,0.007573,-0.132998,0.000715,0.001979
0,1.569912,-0.569994,1.543216,-0.468497,1.551669,-0.470505,0.000637,0.003257
0,3.267227,-0.605401,1.715485,-0.018571,1.697404,-0.027674,0.003193,0.002815
0,3.635141,-0.560414,0.356002,0.040917,0.384323,0.037141,0.003228,0.00309
0,3.318812,-0.650224,-0.292008,-0.086582,-0.249679,-0.062604,0.002293,0.002033
0,2.546146,-0.440375,-0.752006,0.206412,-0.797863,0.195274,0.002397,0.000995
0,-1.723035,0.378135,-4.285258,0.836722,-4.285431,0.83297,0.003309,9.1e-05
0,-2.809332,0.685727,-1.107612,0.313125,-1.144784,0.326262,0.002196,0.001413
0,-3.052284,0.656827,-0.265918,-0.041628,-0.27469,-0.01068,0.000254,0.001918
0,-2.849542,0.51905,0.213943,-0.147412,0.257183,-0.113093,0.002898,0.002368
0,-2.640751,0.570762,0.186565,0.081687,0.164833,0.1176,0.000746,0.003271
0,-2.202738,0.525045,0.443612,-0.04123,0.486067,-0.033494,0.0017,0.002473
0,-1.346047,0.294498,0.845804,-0.228838,0.828707,-0.243837,0.00327,0.001551
0,-0.863072,0.245135,0.501274,-0.065871,0.459309,-0.097852,0.001682,0.002412
0,-0.45062,0.280687,0.390106,0.042183,0.366327,-0.006787,0.001174,0.001792
0,-0.281841,0.026863,0.198219,-0.263075,0.211405,-0.217763,0.001772,0.001546
0,-0.137299,0.05411,0.154079,0.00499,0.166618,-0.002886,0.002396,0.001546
0,0.130643,-0.099819,0.255271,-0.164942,0.24843,-0.183103,0.00228,0.001742
0,-0.038165,0.121845,-0.182693,0.21589,-0.135273,0.21642,0.000666,0.001546
0,-0.008366,-0.018389,0.017738,-0.164803,-0.016136,-0.176653,0.000146,0.001546
0,0.028114,-0.114755,0.064572,-0.074058,0.042607,-0.114188,0.000491,0.002003
0,0.216456,-0.040904,0.186689,0.089873,0.184901,0.095324,0.002913,0.001546
0,0.02819,-0.112036,-0.190952,-0.089081,-0.214671,-0.096729,0.000492,0.001955
0,0.111699,-0.165381,0.107073,-0.064553,0.124882,-0.061421,0.00195,0.002886
0,0.199796,-0.092533,0.101308,0.08435,0.115961,0.089574,0.003204,0.001615
0,0.163197,-0.131193,-0.033021,-0.03267,-0.071665,0.006763,0.002848,0.00229
0,-0.017474,-0.019464,-0.166388,0.10493,-0.211804,0.151203,0.000305,0.001546
0,-0.013304,0.08314,0.009707,0.111803,0.019368,0.064889,0.000232,0.001546
0,0.095067,-0.137555,0.081284,-0.227834,0.106345,-0.208051,0.001659,0.002401
0,0.094582,-0.15346,-0.011931,-0.044599,0.002784,-0.034992,0.001651,0.002678
0,-0.094846,0.064564,-0.184657,0.226695,-0.146088,0.245004,0.001655,0.001546
0,-0.10368,0.05896,-0.001276,0.00851,-0.044091,-0.031871,0.00181,0.001546
0,-0.044339,0.105496,0.039423,0.055778,0.080454,0.078111,0.000774,0.001546
0,-0.083377,0.03873,-0.026366,-0.051515,-0.058557,-0.025361,0.001455,0.001546
0,-0.115556,-0.150021,-0.011738,-0.16581,-0.046495,-0.131112,0.002017,0.002618
0,-0.107461,0.016162,0.011849,0.183236,0.046038,0.194718,0.001876,0.001546
0,-0.050795,-0.030203,0.069304,-0.033889,0.050947,-0.075156,0.000887,0.001546
0,-0.198014,0.074919,-0.121827,0.078707,-0.166394,0.065746,0.003235,0.001546
0,-0.157656,-0.060391,0.033346,-0.126056,0.064728,-0.092958,0.002752,0.001546
0,0.05527,0.091321,0.205773,0.132641,0.221958,0.132555,0.000965,0.001546
0,-0.06167,-0.014242,-0.139019,-0.09579,-0.149174,-0.118408,0.001076,0.001546
0,-0.093325,0.099346,-0.052331,0.128662,-0.036032,0.170126,0.001629,0.001546
0,0.095658,0.117761,0.179624,0.048093,0.19634,0.036654,0.00167,0.001546
0,0.119945,0.002773,0.050312,-0.115907,0.085282,-0.10666,0.002093,0.001546
0,-0.074428,-0.108161,-0.221615,-0.097757,-0.212546,-0.054593,0.001299,0.001888
0,-0.118086,0.075211,-0.065175,0.164317,-0.051668,0.122604,0.002061,0.001546
0,-0.100953,-0.046498,0.01631,-0.145777,0.010931,-0.192336,0.001762,0.001546
0,-0.090769,0.040749,-0.015214,0.08465,-0.008222,0.075013,0.001584,0.001546
0,0.084424,0.036683,0.194554,-0.008059,0.155885,-0.04929,0.001473,0.001546
0,-0.067927,-0.076838,-0.131172,-0.086693,-0.163957,-0.066208,0.001186,0.001546
0,0.078471,0.025219,0.120922,0.096878,0.086924,0.10759,0.00137,0.001546
0,-0.096095,-0.021939,-0.194457,-0.070136,-0.207749,-0.086633,0.001677,0.001546
0,-0.168225,0.000775,-0.066818,0.042906,-0.040796,0.053794,0.002936,0.001546
0,-0.164237,0.013217,0.019681,0.016077,0.004983,0.06396,0.002866,0.001546
0,-0.165976,-0.137643,-0.005372,-0.178436,0.025495,-0.163341,0.002897,0.002402
0,-0.034782,0.147925,0.158957,0.305284,0.112431,0.302809,0.000607,0.001546
0,-0.087428,0.128093,-0.044164,-0.026533,-0.03255,-0.032479,0.001526,0.001546
0,-0.196829,0.128749,-0.117539,-0.020301,-0.126682,-0.011411,0.003256,0.001546
0,-0.068681,0.028682,0.106503,-0.105963,0.145832,-0.130059,0.001199,0.001546
0,-0.037919,0.093845,0.019617,0.075804,-0.010752,0.026865,0.000662,0.001546
0,-0.012,-0.022526,0.016618,-0.131612,0.011876,-0.179964,0.000209,0.001546
0,-0.095818,-0.010001,-0.085044,0.009841,-0.124038,-0.015799,0.001672,0.001546
0,0.070815,-0.160172,0.178764,-0.144322,0.186542,-0.168503,0.001236,0.002796
0,-0.046643,-0.045836,-0.103531,0.121241,-0.106652,0.099517,0.000814,0.001546
0,-0.171337,0.001742,-0.126023,0.057895,-0.168653,0.027437,0.00299,0.001546
0,0.087438,-0.068642,0.241489,-0.051458,0.192755,-0.036998,0.001526,0.001546
0,-0.130702,-0.059092,-0.239019,0.031304,-0.223765,0.022467,0.002281,0.001546
0,-0.019965,0.02625,0.101425,0.093446,0.118644,0.111612,0.000348,0.001546
0,-0.156464,0.04625,-0.143914,-0.002811,-0.113831,0.040461,0.002731,0.001546
0,-0.2279,-0.134462,-0.062002,-0.151768,-0.054409,-0.123826,0.002713,0.002347
0,-0.141163,0.024762,0.111454,0.157577,0.153306,0.116425,0.002464,0.001546
0,0.010175,0.113138,0.12532,0.063622,0.080494,0.019576,0.000178,0.001546
0,0.057419,0.049532,0.055568,-0.070178,0.082183,-0.115843,0.001002,0.001546
0,-0.139173,0.129063,-0.211878,0.056194,-0.250168,0.069932,0.002429,0.001546
0,-0.233233,0.07755,-0.10934,-0.068565,-0.074143,-0.039033,0.00262,0.001546
0,-0.145139,-0.16271,0.08558,-0.232647,0.081301,-0.232777,0.002533,0.00284
0,-0.141611,0.100196,-0.018706,0.272854,-0.030457,0.302828,0.002472,0.001546
0,-0.189506,0.025127,-0.07093,-0.048001,-0.088651,-0.023881,0.003308,0.001546
0,-0.128246,-0.075389,0.065034,-0.104794,0.025294,-0.079536,0.002238,0.001546
0,-0.042917,0.012627,0.06705,0.067572,0.033202,0.036657,0.000749,0.001546
0,-0.120823,-0.049357,-0.086239,-0.058898,-0.107748,-0.064334,0.002109,0.001546
0,-0.119809,-0.073491,-0.01071,-0.023339,0.029363,0.021232,0.002091,0.001546
0,-0.008591,0.020766,0.104613,0.073491,0.079232,0.043106,0.00015,0.001546
0,0.033637,-0.071255,0.050647,-0.067681,0.049764,-0.033652,0.000587,0.001546
0,-0.157867,-0.14679,-0.219424,-0.066402,-0.223294,-0.103403,0.002755,0.002562
0,0.045054,0.012207,0.213765,0.129929,0.167194,0.155912,0.000786,0.001546
0,-0.000729,-0.16391,-0.062308,-0.192479,-0.083781,-0.168161,1.3e-05,0.002861
0,0.083513,0.091055,0.087588,0.248999,0.046019,0.201219,0.001458,0.001546
0,-0.137558,-0.005407,-0.19217,-0.125994,-0.233973,-0.132727,0.002401,0.001546
0,-0.159398,0.063264,-0.048802,0.087624,-0.06894,0.096139,0.002782,0.001546
0,0.050875,0.093087,0.221491,0.052631,0.208275,0.100048,0.000888,0.001546
0,-0.086871,-0.071749,-0.122434,-0.178284,-0.109423,-0.158522,0.001516,0.001546
0,0.073615,-0.056576,0.132506,0.013134,0.107661,0.039727,0.001285,0.001546
0,0.033767,-0.037751,-0.033487,-0.005537,-0.070917,0.014356,0.000589,0.001546
0,-0.152534,-0.040911,-0.21619,0.0213,-0.227476,0.04367,0.002662,0.001546
0,-0.01865,-0.029735,0.152734,0.026612,0.157964,0.071663,0.000325,0.001546
0,-0.083605,-0.021323,-0.046169,0.006227,-0.024106,0.023841,0.001459,0.001546
0,0.03829,0.02513,0.140893,0.052064,0.151615,0.078222,0.000668,0.001546
0,0.004192,0.042712,-0.054601,0.016224,-0.02375,-0.03259,7.3e-05,0.001546
0,-0.085396,-0.043254,-0.113414,-0.112789,-0.082538,-0.11868,0.00149,0.001546
0,0.131214,-0.074873,0.187438,-0.002723,0.225854,-0.02109,0.00229,0.001546
0,-0.060229,-0.04062,-0.200538,0.039575,-0.235137,0.057249,0.001051,0.001546
0,-0.101013,0.056043,-0.017459,0.067874,0.026259,0.029467,0.001763,0.001546
0,0.048405,0.122975,0.167929,0.094571,0.136164,0.09792,0.000845,0.001546
0,0.02671,0.1718,-0.04044,0.044405,-0.025082,0.003619,0.000466,0.001546
0,0.089876,0.15045,0.053593,-0.007042,0.011538,0.016694,0.001569,0.001546
0,-0.031413,0.024803,-0.118765,-0.101314,-0.107498,-0.108331,0.000548,0.001546
0,-0.010587,-0.017823,0.012421,-0.065099,-0.01489,-0.091835,0.000185,0.001546
0,0.051735,-0.119884,0.062391,-0.097555,0.077946,-0.098107,0.000903,0.002092
0,0.00449,0.139539,-0.029131,0.250926,-0.05301,0.259482,7.8e-05,0.001546
0,0.053233,0.016578,0.06495,-0.104717,0.077766,-0.105024,0.000929,0.001546
0,0.138463,-0.039615,0.081474,-0.036604,0.038166,-0.023848,0.002417,0.001546
0,0.164604,-0.090071,0.005391,-0.036688,-0.000996,-0.008602,0.002873,0.001572
0,0.015931,-0.169558,-0.176614,-0.076162,-0.199921,-0.047063,0.000278,0.002959
0,0.179735,0.101847,0.185483,0.292117,0.143458,0.250122,0.003137,0.001546
0,1.703858,0.091396,1.49819,-0.012837,1.517068,0.003113,0.002975,0.001546
0,3.927422,0.0104,2.212488,-0.054806,2.181957,-0.011196,0.001638,0.001546
0,5.232116,0.032222,1.325578,-0.001742,1.366572,0.016609,0.002354,0.001546
0,4.641063,-0.093545,-0.607746,-0.127788,-0.63686,-0.105433,0.000712,0.001633
0,3.982253,0.115861,-0.637352,0.195528,-0.661385,0.18406,0.002595,0.001546
0,3.227476,0.079237,-0.735187,-0.044436,-0.74858,-0.035527,0.002804,0.001546
0,2.161147,0.115239,-1.081571,0.036784,-1.061992,0.084531,0.002426,0.001546
0,1.379406,0.004598,-0.773226,-0.088918,-0.725705,-0.06517,0.002688,0.001546
0,0.403403,0.052635,-0.964303,0.052598,-0.982993,0.096311,0.00035,0.001546
0,-0.051484,-0.100992,-0.484313,-0.149252,-0.440648,-0.146499,0.000899,0.001763
0,-0.110303,-0.145163,-0.080081,-0.039452,-0.055739,-0.029578,0.001925,0.002534
0,-0.094503,0.024525,0.039296,0.194052,0.080152,0.182236,0.001649,0.001546
0,-0.338805,-0.150076,-0.22085,-0.170345,-0.182519,-0.182269,0.000778,0.002619
0,-0.294178,0.060992,0.035447,0.23431,0.047436,0.19765,0.001556,0.001546
0,-0.228613,-0.038504,0.086613,-0.124863,0.082096,-0.134136,0.002701,0.001546
0,-0.334926,-0.140767,-0.082667,-0.103227,-0.109175,-0.087008,0.000845,0.002457
0,-0.25136,-0.098545,0.092708,0.029073,0.07371,0.055967,0.002304,0.00172
0,-0.055445,0.028904,0.224659,0.123058,0.243343,0.108356,0.000968,0.001546
0,0.026691,-0.079903,0.096319,-0.122315,0.078819,-0.143629,0.000466,0.001546
0,-0.043559,-0.169109,-0.087233,-0.117382,-0.038972,-0.149404,0.00076,0.002952
0,0.01853,-0.089741,0.068866,0.099411,0.064152,0.122143,0.000323,0.001566
0,-0.097264,-0.053337,-0.08778,0.02003,-0.074332,0.011953,0.001698,0.001546
0,-0.11524,0.052283,-0.045499,0.134962,-0.014419,0.183462,0.002011,0.001546
0,-0.02313,0.088797,0.091492,0.028473,0.13284,0.055271,0.000404,0.001546
0,0.051127,-0.014278,0.090784,-0.091122,0.052857,-0.113177,0.000892,0.001546
0,-0.020272,0.095224,-0.071765,0.118456,-0.021944,0.097251,0.000354,0.001546
0,0.095321,0.030527,0.096358,-0.079649,0.109369,-0.068356,0.001664,0.001546
0,0.058937,0.090834,-0.038376,0.08352,-0.004531,0.072991,0.001029,0.001546
0,-0.134704,-0.06568,-0.176587,-0.145814,-0.221771,-0.195633,0.002351,0.001546
0,0.055711,-0.03275,0.189785,0.048783,0.1621,0.038074,0.000972,0.001546
0,-0.033083,-0.074575,-0.109787,-0.067901,-0.068676,-0.046372,0.000577,0.001546
0,-0.036521,-0.07872,-0.004162,-0.003873,-0.024802,-0.037469,0.000637,0.001546
0,-0.093258,-0.047474,-0.0575,0.037713,-0.038415,0.074569,0.001628,0.001546
0,-0.106557,0.084395,-0.034925,0.120085,-0.042278,0.146386,0.00186,0.001546
0,0.128883,0.098038,0.265078,0.019183,0.266339,0.0361,0.002249,0.001546
0,-0.095248,-0.113438,-0.22983,-0.20485,-0.277189,-0.216081,0.001662,0.00198
0,0.025527,0.069044,0.109183,0.173715,0.127629,0.215609,0.000446,0.001546
0,-0.049728,-0.044702,-0.048721,-0.12054,-0.048126,-0.081012,0.000868,0.001546
0,-0.122939,0.152553,-0.058196,0.213704,-0.046105,0.227499,0.002146,0.001546
0,0.072575,0.10095,0.177833,-0.036758,0.154783,0.0075,0.001267,0.001546
0,-0.089585,-0.07958,-0.133937,-0.159698,-0.103733,-0.13606,0.001564,0.001546
0,0.025246,-0.02442,0.103043,0.03571,0.148377,0.008557,0.000441,0.001546
0,-0.105288,-0.000241,-0.128731,0.012284,-0.153526,0.005003,0.001838,0.001546
0,0.061248,-0.104963,0.164381,-0.11511,0.196388,-0.145757,0.001069,0.001832
0,0.039045,-0.071435,-0.012873,0.018146,0.016233,0.011486,0.000681,0.001546
0,-0.027553,0.085727,-0.056472,0.170821,-0.09939,0.150289,0.000481,0.001546
0,-0.17175,-0.161179,-0.150849,-0.227597,-0.147933,-0.241302,0.002998,0.002813
0,-0.10719,0.040365,0.093836,0.201974,0.090507,0.171182,0.001871,0.001546
0,-0.151807,0.095987,-0.024132,0.03584,-0.055459,-0.002698,0.00265,0.001546
0,-0.002571,0.027861,0.176267,-0.044237,0.196614,-0.069963,4.5e-05,0.001546
0,-0.06323,0.130119,-0.08248,0.123311,-0.068024,0.149277,0.001104,0.001546
0,-0.106276,-0.005386,-0.057381,-0.118445,-0.03503,-0.152557,0.001855,0.001546
0,-0.101149,-0.05938,0.02256,-0.070796,-0.014051,-0.116514,0.001765,0.001546
0,0.043418,0.008061,0.139074,0.046532,0.109642,0.017363,0.000758,0.001546
0,-0.026957,0.104687,-0.06055,0.116731,-0.065414,0.152087,0.00047,0.001546
0,0.097348,0.013878,0.138233,-0.076309,0.185272,-0.091627,0.001699,0.001546
0,0.042787,-0.03084,-0.077808,-0.062227,-0.115846,-0.049012,0.000747,0.001546
0,0.1919,-0.033598,0.132451,-0.030462,0.136051,0.006338,0.003342,0.001546
0,0.026759,0.054067,-0.173209,0.084955,-0.152687,0.067698,0.000467,0.001546
0,-0.06426,0.038297,-0.073839,-0.035111,-0.049516,-0.054034,0.001122,0.001546
0,-0.067524,0.15438,0.012952,0.106981,0.033139,0.071705,0.001179,0.001546
0,-0.072637,0.163236,0.02079,-0.019475,0.034461,0.028951,0.001268,0.001546
0,-0.007436,-0.035081,0.061541,-0.224278,0.039499,-0.269601,0.00013,0.001546
0,0.110513,0.00126,0.129962,0.044341,0.080454,0.093569,0.001929,0.001546
0,-0.042998,-0.085569,-0.125592,-0.106266,-0.144236,-0.06672,0.00075,0.001546
0,-0.047559,0.032504,-0.026197,0.142923,0.019763,0.121235,0.00083,0.001546
0,0.066735,-0.147546,0.130811,-0.178581,0.134724,-0.219126,0.001165,0.002575
0,-0.011687,0.100972,-0.100383,0.228882,-0.088184,0.197455,0.000204,0.001546
0,0.052256,-0.170894,0.045822,-0.255444,0.01237,-0.234083,0.000912,0.002983
0,-0.049406,-0.073946,-0.130714,0.103158,-0.106541,0.123259,0.000862,0.001546
0,0.063817,-0.158675,0.107954,-0.105332,0.091809,-0.146673,0.001114,0.002769
0,0.062182,-0.035463,-0.006201,0.151079,-0.015262,0.16456,0.001085,0.001546
0,0.04132,-0.03935,-0.014623,-0.023033,-0.050935,-0.063728,0.000721,0.001546
0,-0.034366,-0.146267,-0.093162,-0.097275,-0.103702,-0.052261,0.0006,0.002553
0,0.034844,-0.07584,0.062997,0.053903,0.069707,0.056346,0.000608,0.001546
0,0.026384,-0.060605,-0.001618,0.018055,-0.011652,0.041941,0.00046,0.001546
0,0.169077,-0.000519,0.115465,0.064797,0.126213,0.087177,0.002951,0.001546
0,0.166697,0.097455,-0.029597,0.10131,-0.00473,0.102674,0.002909,0.001546
0,-0.032532,-0.086053,-0.192429,-0.158052,-0.209085,-0.183829,0.000568,0.001546
0,0.18826,0.052926,0.245062,0.141358,0.252248,0.157398,0.003286,0.001546
0,0.24825,0.147096,0.054167,0.114302,0.092875,0.093854,0.002358,0.001546
0,-0.025477,0.116656,-0.297352,-0.008068,-0.291581,0.004435,0.000445,0.001546
0,0.092738,0.045293,0.137939,-0.099684,0.122493,-0.126966,0.001619,0.001546
0,0.056542,-0.124913,-0.022701,-0.165932,0.021011,-0.161182,0.000987,0.00218
0,-0.070496,0.129672,-0.134328,0.252698,-0.120613,0.206843,0.00123,0.001546
0,-0.063474,0.138929,-0.018485,0.003985,-0.024296,-0.008178,0.001108,0.001546
0,0.107859,-0.038582,0.184902,-0.176279,0.215117,-0.214837,0.001882,0.001546
0,0.009756,-0.024963,-0.12572,0.004954,-0.079301,-0.015039,0.00017,0.001546
0,-0.032349,-0.06695,-0.01906,-0.015734,-0.063441,0.015889,0.000565,0.001546
0,-0.00227,0.068645,0.047572,0.144589,0.011956,0.122841,4e-05,0.001546
0,-0.103269,-0.104209,-0.091405,-0.18251,-0.110335,-0.172636,0.001802,0.001819
0,-0.033633,0.135236,0.077274,0.252769,0.062186,0.287974,0.000587,0.001546
0,-0.132422,0.156262,-0.094727,0.043179,-0.071067,0.005527,0.002311,0.001546
0,0.022383,0.146919,0.16664,-0.020114,0.1637,-0.069807,0.000391,0.001546
0,0.066634,0.039623,0.040184,-0.083477,0.032365,-0.121397,0.001163,0.001546
0,-0.011224,0.084515,-0.079864,0.063367,-0.100724,0.056837,0.000196,0.001546
0,0.141479,0.041247,0.158208,-0.044569,0.158201,-0.082242,0.002469,0.001546
0,0.130044,-0.079458,0.001422,-0.123824,-0.043015,-0.157098,0.00227,0.001546
0,-0.001172,-0.092851,-0.115807,-0.024643,-0.06966,-0.058376,2e-05,0.001621
0,0.060703,0.013641,0.066089,0.117653,0.043435,0.109483,0.001059,0.001546
0,0.129826,0.072361,0.088257,0.061684,0.102242,0.068801,0.002266,0.001546
0,-0.18991,-0.085773,-0.328455,-0.185274,-0.299219,-0.195489,0.003315,0.001546
0,-0.088382,-0.004283,0.118144,0.099516,0.113109,0.100637,0.001543,0.001546
0,-0.105715,0.006639,-0.007748,0.014295,0.030567,-0.005691,0.001845,0.001546
0,-0.086094,0.034061,0.018641,0.025127,0.051796,0.024355,0.001503,0.001546
0,-0.059776,-0.112021,0.011392,-0.118124,0.015308,-0.107221,0.001043,0.001955
0,-0.179316,0.138981,-0.120513,0.260834,-0.081922,0.273018,0.00313,0.001546
0,-0.032867,0.0509,0.163504,-0.07285,0.143055,-0.066852,0.000574,0.001546
0,0.120492,0.043526,0.16686,0.011203,0.172474,-0.026801,0.002103,0.001546
0,-0.034013,-0.101592,-0.130204,-0.134287,-0.139018,-0.149046,0.000594,0.001773
0,0.011404,0.011757,0.059765,0.101083,0.077183,0.146427,0.000199,0.001546
0,-0.098434,0.162525,-0.12005,0.136612,-0.162635,0.180856,0.001718,0.001546
0,-0.096741,-0.09087,0.020225,-0.233603,-0.00997,-0.215498,0.001688,0.001586
0,-0.188597,-0.085772,-0.094481,-0.011326,-0.085966,0.031512,0.003292,0.001546
0,-0.104944,-0.064873,0.061849,0.020977,0.06391,-0.019942,0.001832,0.001546
0,0.111089,-0.001921,0.239068,0.057502,0.267569,0.013971,0.001939,0.001546
0,0.097726,-0.133472,0.015828,-0.110171,0.041236,-0.099824,0.001706,0.00233
0,-0.025001,-0.001787,-0.131363,0.131069,-0.106815,0.103885,0.000436,0.001546
0,0.099113,0.09407,0.107354,0.095056,0.121391,0.137494,0.00173,0.001546
0,-0.025347,0.074229,-0.149249,-0.043729,-0.172578,-0.033547,0.000442,0.001546
0,0.131168,0.086057,0.158005,0.003997,0.157867,0.024234,0.002289,0.001546
0,0.110451,-0.063395,-0.042156,-0.177214,-0.083437,-0.172387,0.001928,0.001546
0,0.087023,-0.066774,0.004944,-0.014653,0.014649,0.012762,0.001519,0.001546
0,-0.103984,-0.10313,-0.166583,-0.054654,-0.172492,-0.026363,0.001815,0.0018
0,-0.12792,0.054797,-0.019292,0.144149,-0.04586,0.186194,0.002233,0.001546
0,-0.184161,0.008984,-0.059473,-0.039447,-0.09224,-0.027733,0.003214,0.001546
0,-0.012785,0.076903,0.175287,0.07856,0.207889,0.107866,0.000223,0.001546
0,-0.123922,-0.14575,-0.139704,-0.205417,-0.159508,-0.213713,0.002163,0.002544
0,-0.121998,-0.083508,0.021751,0.05799,0.01732,0.03763,0.002129,0.001546
0,0.110604,0.12646,0.242281,0.194333,0.24527,0.208864,0.00193,0.001546
0,-0.120005,0.09297,-0.223269,-0.016736,-0.260019,0.021645,0.002094,0.001546
0,-0.031529,0.036306,0.110877,-0.075542,0.136338,-0.056369,0.00055,0.001546
0,-0.048523,-0.129536,-0.020817,-0.157676,0.0227,-0.131551,0.000847,0.002261
0,0.091679,0.054836,0.126981,0.212305,0.124793,0.210171,0.0016,0.001546
0,0.064355,0.091098,-0.007924,0.023314,-0.015795,0.033025,0.001123,0.001546
0,0.01441,-0.131702,-0.069235,-0.232903,-0.034474,-0.206263,0.000252,0.002299
0,0.222341,0.107727,0.180743,0.246949,0.169848,0.230416,0.00281,0.001546
0,0.19914,-0.025866,-0.018862,-0.153318,-0.055671,-0.186022,0.003215,0.001546
0,0.065399,0.063471,-0.12822,0.074079,-0.106385,0.062582,0.001141,0.001546
0,0.071133,0.099587,-0.012698,0.034578,-0.018561,0.008291,0.001242,0.001546
0,0.069087,0.038806,0.008464,-0.039675,0.053637,-0.045092,0.001206,0.001546
0,-0.062927,-0.057968,-0.130341,-0.085822,-0.128618,-0.101786,0.001098,0.001546
0,-0.072971,0.122296,-0.000604,0.15163,0.035134,0.191403,0.001274,0.001546
0,-0.308775,0.074254,-0.238604,-0.050641,-0.287681,-0.089189,0.001302,0.001546
0,-0.738356,0.044525,-0.438577,-0.05625,-0.427252,-0.048875,0.000495,0.001546
0,-0.671843,0.105618,0.068303,0.055739,0.094758,0.015781,0.001656,0.001546
0,-0.46548,-0.003159,0.2161,-0.095093,0.184684,-0.071727,0.001433,0.001546
0,-0.452188,0.11997,-0.016371,0.095363,-0.0474,0.060833,0.001201,0.001546
0,-0.14269,0.036403,0.282376,-0.055691,0.257402,-0.034573,0.00249,0.001546
0,-0.251442,0.061995,-0.114385,0.041971,-0.082252,0.025455,0.002302,0.001546
0,-0.231568,-0.074807,0.012763,-0.163128,0.051797,-0.210274,0.002649,0.001546
0,-0.116771,0.026076,0.11348,0.085321,0.076085,0.058214,0.002038,0.001546
0,0.064357,-0.157147,0.171023,-0.172711,0.123592,-0.188621,0.001123,0.002743
0,0.079897,0.126593,0.033552,0.263984,-0.002274,0.308236,0.001394,0.001546
0,0.022661,-0.081037,-0.051992,-0.210073,-0.027147,-0.212865,0.000396,0.001546
0,0.014771,-0.054764,-0.006076,0.030869,-0.022793,-0.005078,0.000258,0.001546
0,0.136257,-0.131993,0.095683,-0.079288,0.113005,-0.071904,0.002378,0.002304
0,0.08813,-0.138854,-0.047926,-0.030517,-0.041364,-0.052241,0.001538,0.002423
0,-0.074277,0.001943,-0.16732,0.153252,-0.216522,0.162794,0.001296,0.001546
0,0.021325,-0.172795,0.096147,-0.19702,0.064301,-0.177649,0.000372,0.003016
0,0.094781,0.092431,0.097486,0.259136,0.080927,0.30186,0.001654,0.001546
0,-0.048226,-0.06662,-0.14161,-0.145021,-0.154109,-0.122192,0.000842,0.001546
0,-0.091926,0.092884,-0.041307,0.177874,-0.022254,0.22154,0.001604,0.001546
0,0.004375,-0.019406,0.073584,-0.133507,0.037785,-0.159274,7.6e-05,0.001546
0,-0.016533,0.093417,0.007647,0.095601,0.025067,0.113572,0.000289,0.001546
0,0.139092,-0.147701,0.166238,-0.256908,0.212183,-0.24446,0.002428,0.002578
0,-0.07172,0.089045,-0.186176,0.227824,-0.142288,0.241373,0.001252,0.001546
0,-0.034691,-0.057752,0.010593,-0.14519,0.046768,-0.106298,0.000605,0.001546
0,0.050072,-0.037531,0.100475,0.008799,0.080628,0.029097,0.000874,0.001546
0,-0.152195,0.114067,-0.213371,0.142393,-0.221675,0.143239,0.002656,0.001546
0,-0.021423,0.053264,0.140845,-0.031682,0.143494,-0.040299,0.000374,0.001546
0,-0.061096,-0.104066,-0.02789,-0.153447,-0.060933,-0.140716,0.001066,0.001816
0,-0.083627,-0.16255,-0.034741,-0.057931,-0.043374,-0.082956,0.00146,0.002837
0,-0.013334,-0.022088,0.050574,0.169697,0.022506,0.185597,0.000233,0.001546
0,-0.22011,0.103846,-0.199374,0.150633,-0.168261,0.108853,0.002849,0.001546
0,-0.027155,0.116927,0.17836,-0.010697,0.224084,0.008636,0.000474,0.001546
0,-0.039657,0.095484,-0.022558,-0.005163,-0.027242,0.012393,0.000692,0.001546
0,0.051676,0.083859,0.117971,-0.001684,0.123387,-0.015086,0.000902,0.001546
0,0.106453,0.039347,0.031045,-0.017653,0.035679,0.016226,0.001858,0.001546
0,0.053608,-0.104325,-0.055721,-0.164668,-0.102843,-0.132682,0.000936,0.001821
0,-0.057066,0.018422,-0.086003,0.099956,-0.054142,0.089007,0.000996,0.001546
0,0.008467,-0.084028,0.06419,-0.099748,0.079376,-0.086922,0.000148,0.001546
0,0.114145,-0.087039,0.102437,0.000836,0.134621,-0.034759,0.001992,0.001546
0,0.02705,0.047666,-0.057985,0.110608,-0.086813,0.138817,0.000472,0.001546
0,0.101317,-0.156025,0.096319,-0.211144,0.056691,-0.215594,0.001768,0.002723
0,-0.004087,0.079068,-0.112579,0.264139,-0.073309,0.21739,7.1e-05,0.001546
0,2.151309,-0.106596,2.152244,-0.196021,2.152812,-0.229953,0.002597,0.00186
0,2.602445,-0.428298,0.475304,-0.325642,0.480555,-0.296216,0.001414,0.000784
0,2.868994,-0.272191,0.259149,0.17777,0.283817,0.204465,0.003238,0.00194
0,2.40985,-0.233656,-0.46336,0.037567,-0.455206,0.014858,0.001915,0.002613
0,1.621834,-0.386001,-0.777176,-0.172675,-0.812111,-0.193405,0.001543,4.6e-05
0,1.449555,-0.26608,-0.160091,0.146944,-0.12353,0.149188,0.001464,0.002047
0,1.127992,-0.008079,-0.32822,0.284763,-0.31093,0.25997,0.000385,0.000141
0,0.531331,-0.225497,-0.57672,-0.226775,-0.557408,-0.251259,0.002583,0.002755
0,0.30088,0.008425,-0.209792,0.227338,-0.234697,0.198735,0.001439,0.000147
0,0.044959,0.099151,-0.247412,0.09222,-0.202514,0.138625,0.000785,0.001731
0,0.00379,-0.04303,-0.053717,-0.141751,-0.017201,-0.144998,6.6e-05,0.000751
0,-0.062932,0.038012,-0.049414,0.070737,-0.080362,0.045573,0.001098,0.000663
0,-0.208269,0.057219,-0.163926,0.005408,-0.152559,-0.01095,0.003056,0.000999
0,-0.128667,0.05679,0.103351,0.018498,0.099076,-0.02071,0.002246,0.000991
0,-0.086708,-0.065111,0.058107,-0.109215,0.082854,-0.096102,0.001513,0.001136
0,-0.215202,0.039684,-0.138613,0.079872,-0.172532,0.128945,0.002935,0.000693
0,-0.011996,-0.038294,0.222416,-0.069507,0.209083,-0.03373,0.000209,0.000668
0,-0.016603,0.252962,0.016182,0.285653,0.012813,0.335636,0.00029,0.002276
0,-0.179195,0.105174,-0.185093,-0.130942,-0.200102,-0.092166,0.003128,0.001836
0,0.094544,0.143826,0.289063,0.03642,0.285319,0.062047,0.00165,0.00251
0,0.052753,0.000691,-0.047522,-0.121264,-0.094292,-0.083193,0.000921,1.2e-05
0,-0.016874,0.008847,-0.051053,0.012083,-0.094557,-0.015555,0.000295,0.000154
0,-0.136777,-0.107763,-0.128894,-0.099852,-0.089282,-0.122116,0.002387,0.001881
0,-0.037558,-0.0238,0.076757,0.09044,0.1264,0.103941,0.000656,0.000415
0,-0.084852,-0.125616,-0.062476,-0.078944,-0.069381,-0.107729,0.001481,0.002192
0,-0.028206,0.10954,0.047401,0.23715,0.072528,0.208199,0.000492,0.001912
0,-0.116197,-0.066764,-0.062781,-0.203003,-0.031871,-0.248073,0.002028,0.001165
0,-0.138138,-0.003013,0.002856,0.061686,0.015431,0.079577,0.002411,5.3e-05
0,-0.092254,0.073388,0.035832,0.088962,0.033533,0.056904,0.00161,0.001281
0,-0.139157,0.126547,-0.0595,0.037393,-0.086818,-0.012462,0.002429,0.002209
0,-0.089047,0.074805,0.059067,-0.057257,0.016864,-0.009599,0.001554,0.001306
0,-0.04771,-0.093093,0.048373,-0.177995,0.054313,-0.150424,0.000833,0.001625
0,-0.02239,0.063659,0.005064,0.156575,0.025797,0.113985,0.000391,0.001111
0,-0.262104,-0.102763,-0.217806,-0.181356,-0.233664,-0.166618,0.002116,0.001794
0,-0.277997,-0.092789,-0.036325,0.034429,-0.021192,0.042234,0.001839,0.001619
0,-0.289318,-0.130441,0.004671,-0.037756,0.013952,0.009949,0.001641,0.002277
0,-0.218223,-0.097727,0.07047,0.05238,0.025518,0.027392,0.002882,0.001706
0,0.008317,-0.106246,0.241571,-0.014675,0.230917,0.015686,0.000145,0.001854
0,0.049673,-0.082371,0.050303,0.026769,0.091426,0.060085,0.000867,0.001438
0,-0.062834,-0.047829,-0.098288,0.056769,-0.059089,0.106334,0.001097,0.000835
0,-0.190672,-0.004609,-0.131616,0.023832,-0.168009,0.040992,0.003328,8e-05
0,-0.122192,-0.123554,0.073119,-0.106093,0.100429,-0.109573,0.002133,0.002156
0,-0.15637,-0.079803,-0.030576,0.030033,0.018606,0.078156,0.002729,0.001393
0,-0.060567,0.004548,0.080206,0.070315,0.102237,0.064801,0.001057,7.9e-05
0,-0.046393,-0.006551,0.04368,-0.030098,0.022014,-0.055228,0.00081,0.000114
0,-0.186745,0.142673,-0.133717,0.156919,-0.119328,0.179758,0.003259,0.00249
0,-0.198488,-0.011688,-0.032611,-0.133407,-0.071961,-0.083794,0.003227,0.000204
0,0.075512,0.154233,0.254647,0.147708,0.293933,0.131596,0.001318,0.002692
0,-0.157482,-0.04144,-0.208493,-0.193721,-0.255179,-0.17012,0.002749,0.000723
0,0.048007,0.161123,0.225176,0.19112,0.182802,0.183744,0.000838,0.002812
0,0.001331,-0.051202,-0.074511,-0.209997,-0.077865,-0.222832,2.3e-05,0.000894
0,-0.030294,-0.043293,-0.058463,-0.006757,-0.063051,0.023279,0.000529,0.000756
0,-0.013451,0.108163,0.004507,0.16808,-0.008198,0.183418,0.000235,0.001888
0,0.113788,0.162384,0.142915,0.033825,0.17297,0.049363,0.001986,0.002834
0,0.19919,0.016695,0.058526,-0.124841,0.020318,-0.085254,0.003214,0.000291
0,0.161479,-0.047936,-0.047343,-0.091193,-0.087442,-0.051439,0.002818,0.000837
0,0.032432,0.065631,-0.142905,0.108447,-0.129472,0.115385,0.000566,0.001145
0,0.122029,0.121791,0.114323,0.059876,0.071458,0.050861,0.00213,0.002126
0,0.04388,0.123051,-0.051957,-0.016141,-0.055158,-0.029688,0.000766,0.002148
0,-0.028448,0.01447,-0.050848,-0.089622,-0.011753,-0.083268,0.000497,0.000253
0,0.121754,-0.004264,0.1731,-0.029436,0.214424,-0.0149,0.002125,7.4e-05
0,-0.084183,-0.063817,-0.209868,-0.037321,-0.254551,-0.018611,0.001469,0.001114
0,-0.069989,0.025978,0.012945,0.095978,0.018126,0.093909,0.001222,0.000453
0,-0.1087,0.047117,-0.011421,0.043466,0.02048,0.014141,0.001897,0.000822
0,0.03242,-0.158246,0.165695,-0.199265,0.187187,-0.156213,0.000566,0.002762
0,-0.08613,0.087769,-0.099668,0.21751,-0.130279,0.177992,0.001503,0.001532
0,-0.035398,0.035153,0.055175,-0.077641,0.0457,-0.120894,0.000618,0.000614
0,0.02946,-0.039597,0.048953,-0.072754,0.020266,-0.105378,0.000514,0.000691
0,0.096104,0.087893,0.07272,0.132674,0.097554,0.119461,0.001677,0.001534
0,0.050818,-0.037962,-0.029793,-0.105318,-0.069479,-0.098525,0.000887,0.000663
0,-0.018378,0.073372,-0.075362,0.136595,-0.103074,0.151112,0.000321,0.001281
0,-0.020863,-0.011372,-0.015866,-0.067009,-0.05568,-0.085936,0.000364,0.000198
0,-0.123862,-0.069815,-0.106151,-0.029847,-0.10744,-0.049486,0.002162,0.001219
0,0.076475,-0.032467,0.230161,0.049267,0.187383,0.009794,0.001335,0.000567
0,-0.042656,-0.184593,-0.116075,-0.122338,-0.117439,-0.119496,0.000744,0.003222
0,0.178445,-0.167958,0.211257,0.029943,0.213731,0.030642,0.003114,0.002931
0,-0.127526,-0.153981,-0.335765,0.016126,-0.334996,0.022622,0.002226,0.002687
0,-0.062881,-0.218463,0.037497,-0.094474,0.044868,-0.071191,0.001097,0.002878
0,0.130644,-0.058419,0.203998,0.160774,0.185093,0.196834,0.00228,0.00102
0,-0.082247,-0.198623,-0.228804,-0.154822,-0.250825,-0.185984,0.001435,0.003224
0,0.131039,-0.160863,0.196849,0.012594,0.155129,0.059638,0.002287,0.002808
0,0.173683,-0.02384,0.053074,0.113599,0.011486,0.129111,0.003031,0.000416
0,-0.074945,-0.197989,-0.261745,-0.151688,-0.280801,-0.104919,0.001308,0.003235
0,-0.146169,-0.05342,-0.07737,0.16421,-0.047235,0.115555,0.002551,0.000932
0,-0.057532,-0.202933,0.110215,-0.159397,0.127142,-0.154279,0.001004,0.003149
0,0.195781,-0.128348,0.261397,0.076153,0.25194,0.072052,0.003274,0.00224
0,0.050135,-0.091188,-0.160329,0.057703,-0.12815,0.066942,0.000875,0.001592
0,-0.074713,-0.149022,-0.121753,-0.061826,-0.135507,-0.035812,0.001304,0.002601
0,0.106029,-0.098539,0.177982,0.077562,0.217223,0.080664,0.001851,0.00172
0,-0.086532,0.034019,-0.184919,0.125278,-0.194489,0.082263,0.00151,0.000594
0,-0.035234,-0.064576,0.057413,-0.069851,0.082468,-0.048586,0.000615,0.001127
0,-0.02162,-0.194252,0.005795,-0.121447,-0.003547,-0.134211,0.000377,0.0033
0,0.145407,-0.118836,0.191363,0.077255,0.145626,0.0516,0.002538,0.002074
0,0.108754,-0.059532,-0.030834,0.05103,0.018893,0.071668,0.001898,0.001039
0,0.000265,0.010741,-0.082571,0.069911,-0.095077,0.08818,5e-06,0.000187
0,0.029078,-0.106013,0.028316,-0.088848,0.053478,-0.069629,0.000508,0.00185
0,0.006522,-0.038251,-0.029928,0.058933,0.009369,0.090339,0.000114,0.000668
0,-0.113424,-0.166037,-0.138707,-0.136043,-0.137969,-0.122529,0.00198,0.002898
0,0.103039,-0.127783,0.196342,0.064694,0.177754,0.075952,0.001798,0.00223
0,-0.045996,-0.162148,-0.171244,-0.027157,-0.158511,0.012516,0.000803,0.00283
0,-0.065162,0.052644,-0.038114,0.196728,-0.031509,0.198357,0.001137,0.000919
0,-0.045342,0.003641,0.031371,-0.046978,-0.016487,-0.090506,0.000791,6.4e-05
0,0.010036,-0.065497,0.061741,-0.07338,0.03259,-0.039874,0.000175,0.001143
0,-0.017094,0.00072,-0.044278,0.066521,-0.051052,0.078759,0.000298,1.3e-05
0,0.179436,-0.033576,0.186287,-0.044455,0.165585,-0.090805,0.003132,0.000586
0,-0.027061,-0.212162,-0.17895,-0.175057,-0.130516,-0.162497,0.000472,0.002988
0,0.038989,-0.213427,0.094638,-0.018392,0.134902,-0.04442,0.00068,0.002966
0,-0.119862,-0.164905,-0.175688,0.037514,-0.137361,0.083797,0.002092,0.002878
0,0.014293,0.084059,0.138373,0.242141,0.092727,0.2798,0.000249,0.001467
0,-0.026024,-0.054731,-0.049608,-0.128492,-0.024411,-0.114974,0.000454,0.000955
0,-0.119707,-0.14135,-0.105001,-0.090334,-0.085437,-0.087907,0.002089,0.002467
0,0.04515,0.081286,0.138171,0.229709,0.164634,0.236017,0.000788,0.001419
0,0.054036,-0.0631,0.027488,-0.12551,0.006379,-0.145109,0.000943,0.001101
0,-0.053891,-0.089896,-0.116933,-0.05508,-0.068604,-0.087317,0.000941,0.001569
0,-0.011731,-0.027489,0.043115,0.032483,0.079007,0.051742,0.000205,0.00048
0,-0.110044,-0.113176,-0.111201,-0.082049,-0.117777,-0.036835,0.001921,0.001975
0,-0.33042,-0.101401,-0.234066,0.039865,-0.260015,0.042757,0.000924,0.00177
0,-0.337846,-0.114392,-0.029285,0.007686,-0.062238,-0.020914,0.000794,0.001997
0,-0.162316,-0.074016,0.167546,0.042015,0.118303,0.0711,0.002833,0.001292
0,-0.203531,-0.012263,-0.022486,0.082712,0.002943,0.120621,0.003139,0.000214
0,-0.204493,-0.016976,-0.027712,-0.033517,-0.022886,0.005908,0.003122,0.000296
0,-0.043699,-0.047105,0.156304,-0.038146,0.187394,-0.021492,0.000763,0.000822
0,-0.25908,0.01796,-0.231666,0.053725,-0.208946,0.028637,0.002169,0.000313
0,-0.135398,-0.129746,0.116749,-0.16012,0.086118,-0.126891,0.002363,0.002264
0,-0.149814,-0.115465,-0.031361,0.028655,-0.011602,0.047397,0.002615,0.002015
0,-0.274542,-0.08098,-0.141362,0.031641,-0.160649,-0.008306,0.001899,0.001413
0,-0.185156,-0.036209,0.082996,0.057811,0.051696,0.096489,0.003232,0.000632
0,0.534472,-1.324022,0.692782,-1.286881,0.705998,-1.280194,0.002637,0.003036
0,0.917259,-2.167549,0.376393,-0.84051,0.405434,-0.803436,0.002628,0.002314
0,0.979431,-2.26013,0.08782,-0.084784,0.059796,-0.055408,0.002978,0.000698
0,1.587328,-2.152006,0.590633,0.134183,0.621304,0.090056,0.000941,0.002585
0,2.412452,-1.771395,0.820993,0.363285,0.812959,0.353494,0.00196,0.002537
0,2.029268,-1.45625,-0.361806,0.320785,-0.394626,0.305207,0.001963,0.001347
0,1.845223,-1.182504,-0.20063,0.291422,-0.162968,0.248682,0.001249,0.000566
0,1.38105,-0.659798,-0.443546,0.549054,-0.397941,0.512622,0.002659,0.001866
0,1.13919,-0.158976,-0.25808,0.529441,-0.210384,0.490545,0.00019,0.002775
0,0.865008,-0.011183,-0.272647,0.14436,-0.315588,0.170508,0.001716,0.000195
0,0.39541,-0.005898,-0.451206,-0.01297,-0.414875,0.014831,0.00021,0.000103
0,0.211906,0.089237,-0.167314,0.077567,-0.149579,0.1251,0.002992,0.001557
0,0.18315,0.217793,-0.000539,0.131476,-0.045679,0.159157,0.003197,0.00289
0,-0.04433,0.125323,-0.22455,-0.06812,-0.197993,-0.083008,0.000774,0.002187
0,-0.204188,0.333843,-0.160477,0.232735,-0.119065,0.225822,0.003127,0.000864
0,-0.065516,0.309775,0.127018,-0.044452,0.141384,-0.039637,0.001143,0.001284
0,0.032309,0.081848,0.073911,-0.206063,0.102041,-0.189152,0.000564,0.001429
0,-0.16015,0.246925,-0.21044,0.187053,-0.244276,0.14774,0.002795,0.002381
0,-0.20142,0.267312,-0.070027,-0.006752,-0.117073,-0.047514,0.003175,0.002025
0,-0.023886,0.18459,0.167061,-0.076693,0.144007,-0.03359,0.000417,0.003222
0,-0.137507,0.139472,-0.085638,-0.05167,-0.079506,-0.031732,0.0024,0.002434
0,0.102309,0.170828,0.232024,0.019858,0.224119,0.067745,0.001786,0.002982
0,-0.091061,0.008813,-0.204038,-0.167354,-0.203668,-0.14311,0.001589,0.000154
0,-0.010747,0.044158,0.051723,0.064275,0.056589,0.088542,0.000188,0.000771
0,0.156937,0.042473,0.186301,-0.00164,0.17493,0.001731,0.002739,0.000741
0,-0.051142,0.002072,-0.194638,-0.035826,-0.211917,-0.082713,0.000893,3.6e-05
0,-0.033333,0.089841,-0.006227,0.089463,-0.043474,0.13476,0.000582,0.001568
0,0.199781,0.205575,0.257837,0.111789,0.259447,0.143171,0.003204,0.003103
0,-0.022974,-0.011148,-0.211344,-0.213192,-0.249516,-0.25205,0.000401,0.000195
0,-0.031403,0.257434,-0.006179,0.272609,0.032374,0.289071,0.000548,0.002198
0,-0.04808,0.226596,-0.024341,-0.056347,-0.034197,-0.033247,0.000839,0.002736
0,0.169032,0.020998,0.194967,-0.224211,0.14944,-0.238078,0.00295,0.000366
0,0.234332,0.245812,0.056207,0.210348,0.026346,0.191683,0.002601,0.002401
0,-0.08396,0.20354,-0.334013,-0.030153,-0.349462,-0.024623,0.001465,0.003138
0,0.114201,0.07096,0.227155,-0.160817,0.274048,-0.200262,0.001993,0.001238
0,0.039838,0.159673,-0.10433,0.080253,-0.066162,0.066742,0.000695,0.002787
0,-0.051036,0.01205,-0.110991,-0.133828,-0.083724,-0.116474,0.000891,0.00021
0,-0.077764,0.058256,-0.01922,0.064188,-0.007125,0.052741,0.001357,0.001017
0,0.066518,0.082853,0.115738,0.03814,0.108745,0.035261,0.001161,0.001446
0,-0.092279,-0.036207,-0.154657,-0.098232,-0.203465,-0.114515,0.001611,0.000632
0,-0.080349,0.114646,0.011717,0.17122,0.042864,0.175287,0.001402,0.002001
0,0.038784,0.187289,0.143787,0.062328,0.158992,0.026804,0.000677,0.003269
0,-0.038311,0.13749,-0.092088,-0.064103,-0.06738,-0.079949,0.000669,0.0024
0,0.08608,-0.065191,0.151528,-0.182711,0.187874,-0.193913,0.001502,0.001138
0,-0.089807,-0.084948,-0.194226,0.006105,-0.16686,0.052757,0.001567,0.001483
0,0.011355,0.068189,0.117195,0.181014,0.090855,0.227795,0.000198,0.00119
0,-0.008358,0.138617,0.006067,0.099012,0.010986,0.093075,0.000146,0.002419
0,-0.146539,-0.020703,-0.165396,-0.15501,-0.154139,-0.196826,0.002558,0.000361
0,-0.128952,0.105467,0.016076,0.147169,0.064833,0.178249,0.002251,0.001841
0,-0.113533,0.062836,0.006184,-0.072346,-0.008225,-0.038626,0.001982,0.001097
0,-0.147065,0.200362,-0.031,0.121003,-0.00201,0.111437,0.002567,0.003194
0,0.095607,-0.016346,0.239797,-0.24537,0.232025,-0.204717,0.001669,0.000285
0,-0.09099,0.167971,-0.177036,0.1631,-0.144607,0.17565,0.001588,0.002932
0,-0.149802,0.165202,-0.054142,-0.002927,-0.015043,0.039186,0.002615,0.002883
0,0.01178,0.001526,0.177651,-0.181754,0.170231,-0.207108,0.000206,2.7e-05
0,-0.216652,-0.055616,-0.243559,-0.031998,-0.241209,-0.012638,0.00291,0.000971
0,-0.125563,0.001012,0.092992,0.033836,0.07093,0.021623,0.002191,1.8e-05
0,-0.168932,0.209101,-0.015323,0.192731,-0.013262,0.176435,0.002948,0.003041
0,-0.150325,0.157655,0.008271,-0.022779,-0.031977,-0.039277,0.002624,0.002752
0,0.079583,-0.047221,0.210959,-0.185283,0.187405,-0.158667,0.001389,0.000824
0,0.087632,0.10243,0.023929,0.172926,0.016557,0.137839,0.001529,0.001788
0,0.026726,-0.022281,-0.065169,-0.135849,-0.085025,-0.110703,0.000466,0.000389
0,0.038202,0.023653,-0.002192,0.01715,0.028855,-0.028632,0.000667,0.000413
0,0.04212,-0.043941,0.003304,-0.069161,-0.014862,-0.025628,0.000735,0.000767
0,-0.094005,0.074626,-0.121608,0.105081,-0.136435,0.058924,0.001641,0.001302
0,-0.189392,0.077409,-0.111093,-0.003426,-0.135184,0.018822,0.003306,0.001351
0,-0.192125,-0.038149,0.020964,-0.108625,0.047093,-0.088817,0.003338,0.000666
0,-0.020572,0.086874,0.17377,0.137694,0.173867,0.119205,0.000359,0.001516
0,0.028114,-0.030431,0.07255,-0.133551,0.056564,-0.093076,0.000491,0.000531
0,0.072998,0.035156,0.059324,0.045971,0.049939,0.043866,0.001274,0.000614
0,-0.178783,-0.08285,-0.264518,-0.126481,-0.256113,-0.174758,0.00312,0.001446
0,0.050654,0.016816,0.255906,0.096623,0.240201,0.111547,0.000884,0.000294
0,0.080608,-0.032638,0.032061,-0.04351,0.061379,-0.022286,0.001407,0.00057
0,-0.094898,-0.011573,-0.160158,0.041379,-0.15934,0.077605,0.001656,0.000202
0,0.001062,0.042775,0.096722,0.069266,0.12667,0.050157,1.9e-05,0.000747
0,-0.014386,0.056367,-0.042148,0.022264,0.005289,0.028831,0.000251,0.000984
0,0.069761,-0.064905,0.070717,-0.12434,0.061721,-0.146758,0.001218,0.001133
0,-0.083348,0.017884,-0.150629,0.092835,-0.138056,0.119679,0.001455,0.000312
0,0.170375,0.09994,0.262216,0.066206,0.302791,0.092628,0.002974,0.001744
0,-0.034282,0.111827,-0.221389,0.034844,-0.230233,0.066554,0.000598,0.001952
0,-0.079293,0.120739,-0.058437,0.02447,-0.05973,-0.01973,0.001384,0.002107
0,0.022049,-0.060906,0.07962,-0.204852,0.12417,-0.214441,0.000385,0.001063
0,-0.177789,-0.052735,-0.219483,0.018118,-0.2092,0.044763,0.003103,0.00092
0,0.034357,0.086796,0.220447,0.133981,0.207583,0.099603,0.0006,0.001515
0,0.117903,0.011862,0.098934,-0.086066,0.050022,-0.058685,0.002058,0.000207
0,0.113454,-0.101154,0.024747,-0.114794,-0.019738,-0.125532,0.00198,0.001765
0,0.093333,-0.119413,0.003562,-0.02733,-0.006562,-0.026822,0.001629,0.002084
0,-0.043711,-0.114632,-0.151411,-0.008382,-0.153047,-0.037912,0.000763,0.002001
0,0.069693,0.165895,0.136386,0.250559,0.112037,0.21723,0.001216,0.002895
0,0.072479,0.143127,0.029544,-0.027215,0.073163,-0.002167,0.001265,0.002498
0,-0.055905,0.02464,-0.137876,-0.095974,-0.117363,-0.108749,0.000976,0.00043
0,0.006897,-0.08232,0.087762,-0.077301,0.04509,-0.050541,0.00012,0.001437
0,-0.076298,-0.007416,-0.086807,0.056557,-0.055885,0.037972,0.001332,0.000129
0,-0.180743,-0.107942,-0.102082,-0.073254,-0.12669,-0.033678,0.003155,0.001884
0,-0.058081,-0.009467,0.127797,0.089415,0.099393,0.084737,0.001014,0.000165
0,-0.117892,0.011699,-0.084176,0.012261,-0.070879,0.045086,0.002058,0.000204
0,-0.094252,-0.026662,0.016412,-0.040916,-0.0253,-0.038141,0.001645,0.000465
0,-0.081773,0.056957,0.012779,0.067392,0.02309,0.106472,0.001427,0.000994
0,-0.013269,-0.068866,0.093867,-0.104598,0.084973,-0.145232,0.000232,0.001202
0,-0.036918,-0.016049,-0.045626,0.046331,-0.063838,0.028112,0.000644,0.00028
0,0.156267,0.111113,0.218666,0.101984,0.179845,0.151138,0.002727,0.001939
0,0.053156,0.112914,-0.112616,-0.011284,-0.066559,0.017798,0.000928,0.001971
0,-0.068151,0.120326,-0.11605,0.031607,-0.120007,-0.010222,0.001189,0.0021
0,-0.039885,0.127166,0.056527,0.033985,0.057961,-0.009231,0.000696,0.002219
0,0.008868,0.127148,0.072115,0.014829,0.037677,-0.027946,0.000155,0.002219
0,0.090795,-0.057564,0.096932,-0.175361,0.143105,-0.160813,0.001585,0.001005
0,-0.014109,-0.003665,-0.079395,0.059055,-0.066692,0.057332,0.000246,6.4e-05
0,-0.077998,0.145325,-0.072281,0.173388,-0.049854,0.199729,0.001361,0.002536
0,-0.133544,0.031991,-0.064938,-0.113445,-0.039536,-0.072501,0.002331,0.000558
0,0.018117,-0.06161,0.129543,-0.106477,0.099542,-0.104411,0.000316,0.001075
0,-0.123375,0.094576,-0.165476,0.143329,-0.144269,0.117184,0.002153,0.001651
0,0.010025,0.017753,0.146451,-0.093252,0.122935,-0.071372,0.000175,0.00031
0,0.129123,0.088821,0.128636,0.07833,0.16159,0.084609,0.002254,0.00155
0,-0.063704,0.165972,-0.190437,0.076783,-0.168848,0.088948,0.001112,0.002897
0,0.049476,0.048404,0.12369,-0.091216,0.114828,-0.110829,0.000864,0.000845
0,0.116474,0.037221,0.057846,0.016588,0.039878,0.03315,0.002033,0.00065
0,-0.097095,-0.06253,-0.184687,-0.094042,-0.211707,-0.120828,0.001695,0.001091
0,0.056381,-0.037378,0.151529,0.051196,0.197729,0.077086,0.000984,0.000652
0,0.139474,0.071494,0.084523,0.11022,0.108088,0.097477,0.002434,0.001248
0,-0.022497,0.102766,-0.186109,0.035895,-0.197782,0.00976,0.000393,0.001794
0,-0.083972,0.014046,-0.039071,-0.086161,-0.006298,-0.076195,0.001466,0.000245
0,0.080194,0.139941,0.179719,0.140312,0.161493,0.160885,0.0014,0.002442
0,-0.113926,0.073181,-0.176054,-0.045659,-0.127743,-0.02364,0.001988,0.001277
0,-0.101514,-0.128631,-0.011154,-0.209071,0.033328,-0.178611,0.001772,0.002245
0,-0.014916,0.079622,0.076896,0.18491,0.069774,0.17691,0.00026,0.00139
0,0.025968,-0.09056,0.030751,-0.167413,0.063337,-0.198839,0.000453,0.001581
0,-0.152878,-0.137673,-0.174333,-0.076731,-0.2083,-0.109356,0.002668,0.002403
0,0.125798,-0.073032,0.252232,0.039435,0.234855,0.079437,0.002196,0.001275
0,0.011868,-0.007034,-0.089382,0.057242,-0.080515,0.091602,0.000207,0.000123
0,0.028455,0.046843,0.022045,0.08068,-0.009868,0.085975,0.000497,0.000818
0,0.087381,0.027344,0.087281,-0.02091,0.126488,-0.024915,0.001525,0.000477
0,-0.049981,0.026159,-0.147783,-0.029779,-0.129447,-0.051034,0.000872,0.000457
0,-0.083758,-0.13193,-0.057715,-0.182666,-0.062179,-0.164198,0.001462,0.002303
0,-0.047228,0.081854,0.033871,0.197779,0.055462,0.219703,0.000824,0.001429
0,0.032608,-0.079766,0.064201,-0.163649,0.096554,-0.171531,0.000569,0.001392
0,-0.109463,0.050917,-0.167871,0.118361,-0.122961,0.122161,0.00191,0.000889
0,0.075401,0.011469,0.203262,-0.036159,0.205842,0.007855,0.001316,0.0002
0,0.142953,-0.127856,0.046978,-0.125089,0.061518,-0.127358,0.002495,0.002232
0,0.124487,-0.091047,-0.016123,0.059796,0.017118,0.021441,0.002173,0.001589
0,0.08603,0.041994,-0.044586,0.108849,-0.030788,0.068115,0.001502,0.000733
0,-0.174315,-0.064156,-0.254802,-0.116885,-0.238333,-0.097592,0.003042,0.00112
0,0.075266,-0.131898,0.271866,-0.085015,0.318387,-0.107393,0.001314,0.002302
0,-0.082511,-0.051766,-0.172228,0.109055,-0.173859,0.065809,0.00144,0.000903
0,0.081225,0.106567,0.168674,0.170061,0.139134,0.18966,0.001418,0.00186
0,-0.067266,-0.021479,-0.164007,-0.105176,-0.164793,-0.092623,0.001174,0.000375
0,-0.110918,-0.14389,-0.07026,-0.137381,-0.051854,-0.146636,0.001936,0.002511
0,0.152578,0.063629,0.265507,0.220932,0.250349,0.177601,0.002663,0.001111
0,0.098034,0.140167,-0.060799,0.078671,-0.011533,0.099772,0.001711,0.002446
0,-0.208899,-0.119782,-0.302644,-0.270039,-0.295031,-0.238166,0.003045,0.002091
0,0.060129,-0.105888,0.260834,-0.012294,0.246196,0.005781,0.001049,0.001848
0,0.052447,-0.18388,-0.002028,-0.092729,0.03726,-0.074719,0.000915,0.003209
0,-0.04453,0.012365,-0.092737,0.213838,-0.140452,0.179624,0.000777,0.000216
0,0.014345,-0.131079,0.043231,-0.153199,0.045992,-0.111843,0.00025,0.002288
0,0.153804,-0.02435,0.123986,0.119031,0.16649,0.142574,0.002684,0.000425
0,-0.087988,0.100263,-0.222812,0.111623,-0.271971,0.151009,0.001536,0.00175
0,-0.172535,-0.06443,-0.059194,-0.144482,-0.025155,-0.108217,0.003011,0.001125
0,0.117601,0.101011,0.275223,0.144054,0.250445,0.14393,0.002053,0.001763
0,-0.000253,0.096545,-0.12265,-0.004971,-0.107898,-0.036532,4e-06,0.001685
0,0.147032,0.171582,0.130284,0.104309,0.155524,0.083361,0.002566,0.002995
0,-0.047649,0.091532,-0.21455,-0.108175,-0.22188,-0.070024,0.000832,0.001598
0,0.202089,0.086185,0.277458,-0.02059,0.252225,-0.012144,0.003164,0.001504
0,0.199375,0.07334,-0.013389,-0.005494,0.00556,-0.049582,0.003211,0.00128
0,0.161714,0.016939,-0.008239,-0.033863,-0.054615,-0.021178,0.002822,0.000296
0,0.126826,0.057773,-0.043479,0.014674,-0.000634,0.063154,0.002214,0.001008
0,0.040864,-0.15372,-0.064649,-0.231373,-0.072473,-0.267003,0.000713,0.002683
0,0.015536,0.063662,-0.015427,0.199907,-0.006604,0.160163,0.000271,0.001111
0,0.065731,0.087399,0.035222,0.014508,0.018914,0.031983,0.001147,0.001525
0,0.082326,-0.056336,0.043949,-0.115616,0.00426,-0.083279,0.001437,0.000983
0,-0.104373,0.02908,-0.212849,0.062633,-0.201095,0.059866,0.001822,0.000508
0,-0.006645,0.144955,0.118255,0.135044,0.06879,0.134085,0.000116,0.00253
0,0.128904,0.183166,0.160197,0.047365,0.120483,0.068781,0.00225,0.003197
0,0.111016,0.184132,-0.041364,0.007524,-0.08126,0.026419,0.001938,0.003214
0,0.049886,-0.030718,-0.084863,-0.212981,-0.124755,-0.237094,0.000871,0.000536
0,0.06393,0.04302,0.017021,0.093087,-0.00265,0.044002,0.001116,0.000751
0,0.023519,0.033315,-0.040247,-0.036627,-0.061596,-0.067515,0.00041,0.000581
0,0.10572,0.019872,0.075633,-0.017053,0.091311,-0.047523,0.001845,0.000347
0,0.062133,0.044421,-0.047103,0.02585,-0.096902,-0.013207,0.001084,0.000775
0,-0.054177,-0.036934,-0.103423,-0.077914,-0.070351,-0.085081,0.000946,0.000645
0,0.016612,0.070345,0.076454,0.113176,0.114594,0.128796,0.00029,0.001228
0,-0.110978,0.063354,-0.150535,-0.026348,-0.17307,-0.068773,0.001937,0.001106
0,0.014515,0.083368,0.130086,0.047243,0.108875,0.038027,0.000253,0.001455
0,-0.215641,-0.099202,-0.203504,-0.160857,-0.174467,-0.122103,0.002927,0.001731
0,-0.039398,-0.117451,0.173086,-0.013101,0.217333,0.028142,0.000688,0.00205
0,-0.157158,0.033646,-0.125464,0.146663,-0.108556,0.152867,0.002743,0.000587
0,-0.111339,-0.039957,0.021269,-0.075573,-0.026501,-0.102144,0.001943,0.000697
0,-0.208467,-0.033099,-0.087416,0.021415,-0.126866,-0.006356,0.003052,0.000578
0,-0.093294,0.001722,0.095221,0.039569,0.052306,0.02052,0.001628,3e-05
0,-0.185438,0.045274,-0.092862,0.065314,-0.056439,0.102769,0.003237,0.00079
0,-0.150614,0.089575,0.063602,0.069323,0.10122,0.090553,0.002629,0.001563
0,0.036658,0.077741,0.195463,-0.026126,0.150789,-0.052198,0.00064,0.001357
0,0.051007,-0.15406,0.043532,-0.222188,0.033874,-0.206281,0.00089,0.002689
0,0.088258,-0.015676,0.063006,0.13653,0.072326,0.100894,0.00154,0.000274
0,-0.063219,0.013798,-0.176052,0.028922,-0.176734,0.0031,0.001103,0.000241
0,0.01978,-0.043038,0.057588,-0.027393,0.010982,-0.036153,0.000345,0.000751
0,0.098361,0.084011,0.056792,0.150666,0.067097,0.191968,0.001717,0.001466
0,0.027972,-0.060167,-0.052191,-0.120222,-0.089259,-0.111523,0.000488,0.00105
0,-0.082476,0.084336,-0.089664,0.119943,-0.090839,0.087212,0.001439,0.001472
0,-0.132864,0.173788,-0.068026,0.091336,-0.047466,0.114817,0.002319,0.003033
0,-0.119827,0.143306,0.026846,-0.022655,0.017654,-0.01949,0.002091,0.002501
0,-0.129302,0.027492,-0.00054,-0.099722,0.009988,-0.059098,0.002257,0.00048
0,-0.130597,-0.083101,0.011022,-0.08431,0.025807,-0.113311,0.002279,0.00145
0,0.055674,-0.113858,0.189519,-0.006092,0.234659,-0.036803,0.000972,0.001987
0,-0.045971,0.083766,-0.086042,0.194928,-0.132688,0.145408,0.000802,0.001462
0,-0.11042,-0.032796,-0.044298,-0.121637,-0.084356,-0.146385,0.001927,0.000572
0,0.017571,0.138981,0.124008,0.174937,0.078737,0.187145,0.000307,0.002426
0,0.044162,-0.063217,0.048619,-0.1986,0.095024,-0.156274,0.000771,0.001103
0,-0.038047,0.045565,-0.101017,0.109409,-0.102422,0.134741,0.000664,0.000795
0,0.014587,0.155666,0.03103,0.106385,0.047412,0.11798,0.000255,0.002717
0,0.06448,-0.034754,0.055329,-0.16281,0.007091,-0.166916,0.001125,0.000607
0,-0.159986,0.026343,-0.199844,0.053969,-0.166374,0.100681,0.002792,0.00046
0,-0.014634,-0.022048,0.140509,-0.061792,0.108062,-0.058788,0.000255,0.000385
0,0.158986,-0.004502,0.193221,0.01198,0.218078,0.06109,0.002775,7.9e-05
0,-0.058722,0.13539,-0.203019,0.143214,-0.19973,0.142582,0.001025,0.002363
0,0.180955,0.041415,0.211461,-0.075535,0.2039,-0.04731,0.003158,0.000723
0,0.053336,-0.054041,-0.107238,-0.119023,-0.141802,-0.136057,0.000931,0.000943
0,-0.051824,0.110726,-0.078318,0.17812,-0.111547,0.172046,0.000904,0.001933
0,0.14965,0.093929,0.193923,0.010339,0.144171,-0.004684,0.002612,0.001639
0,0.119918,-0.129258,-0.021189,-0.23039,-0.01522,-0.242597,0.002093,0.002256
0,0.311494,0.08891,0.21859,0.211239,0.189799,0.22958,0.001254,0.001552
0,0.184996,0.09292,-0.106758,-0.010774,-0.156544,-0.01382,0.003229,0.001622
0,0.321354,-0.088035,0.159922,-0.197151,0.148176,-0.164533,0.001082,0.001537
0,0.055094,0.074414,-0.258462,0.191026,-0.275666,0.164351,0.000962,0.001299
0,0.145245,-0.038555,0.111006,-0.115272,0.123629,-0.145149,0.002535,0.000673
0,-0.001539,-0.13257,-0.160203,-0.074028,-0.147519,-0.045726,2.7e-05,0.002314
0,0.10879,-0.098017,0.082129,0.040784,0.086295,0.078301,0.001899,0.001711
0,-0.070192,-0.074809,-0.164445,0.052188,-0.150741,0.031036,0.001225,0.001306
0,-0.078565,0.079565,0.006886,0.15832,0.054668,0.198973,0.001371,0.001389
0,0.097425,0.09993,0.159922,0.015202,0.173554,0.051533,0.0017,0.001744
0,0.086244,-0.133966,-0.027865,-0.250674,0.002031,-0.298014,0.001505,0.002338
0,0.042973,0.139759,-0.041908,0.281329,0.003789,0.232516,0.00075,0.002439
0,0.23085,0.040631,0.216616,-0.084497,0.265727,-0.126608,0.002662,0.000709
0,0.122362,0.087765,-0.113356,0.073974,-0.066178,0.103962,0.002136,0.001532
0,-0.040099,0.128745,-0.136823,0.064822,-0.102792,0.109636,0.0007,0.002247
0,0.151788,-0.011666,0.177417,-0.163309,0.13052,-0.170816,0.002649,0.000204
0,-0.035277,0.016943,-0.171175,0.0572,-0.21067,0.106369,0.000616,0.000296
0,-0.061006,0.111947,-0.019111,0.12042,0.022016,0.169747,0.001065,0.001954
0,0.019427,-0.046845,0.063273,-0.178093,0.0511,-0.177616,0.000339,0.000818
0,0.166012,-0.096408,0.169838,-0.034936,0.154177,-0.077295,0.002897,0.001683
0,0.147922,-0.074827,-0.001014,0.029588,0.003386,0.033016,0.002582,0.001306
0,-0.008673,0.03838,-0.164839,0.085471,-0.156721,0.036634,0.000151,0.00067
0,0.053126,0.085093,0.08643,0.0259,0.040751,0.07305,0.000927,0.001485
0,0.112459,-0.04707,0.05458,-0.110867,0.06974,-0.133667,0.001963,0.000822
0,0.218251,-0.099662,0.11842,-0.079113,0.130796,-0.059953,0.002882,0.001739
0,0.147235,-0.008865,-0.066983,0.074927,-0.067572,0.03023,0.00257,0.000155
0,0.067069,0.061087,-0.102645,0.059587,-0.063589,0.053695,0.001171,0.001066
0,0.258484,0.103817,0.164879,0.067701,0.170631,0.080047,0.002179,0.001812
0,0.202897,-0.126935,-0.050188,-0.211271,-0.08345,-0.204798,0.00315,0.002215
0,0.046395,-0.085745,-0.160032,0.047427,-0.143788,0.082931,0.00081,0.001497
0,-0.015023,-0.15238,-0.074799,-0.063341,-0.038908,-0.024232,0.000262,0.00266
0,0.133784,0.033228,0.174741,0.158151,0.191853,0.202157,0.002335,0.00058
0,0.121956,0.042605,0.006343,-0.001758,-0.039604,0.046165,0.002129,0.000744
0,0.08234,-0.025283,-0.050693,-0.076983,-0.094252,-0.116229,0.001437,0.000441
0,-0.155074,0.063376,-0.246873,0.111966,-0.26496,0.109093,0.002707,0.001106
0,0.01609,-0.049417,0.181388,-0.142215,0.137618,-0.12453,0.000281,0.000862
0,-0.007187,-0.030583,-0.007494,-0.009263,0.019228,-0.052094,0.000125,0.000534
0,-0.169161,-0.036581,-0.178014,-0.028352,-0.151587,-0.054939,0.002952,0.000638
0,-0.002544,0.066316,0.141079,0.112509,0.132807,0.064188,4.4e-05,0.001157
0,-0.220587,0.159842,-0.199027,0.104148,-0.236455,0.09751,0.002841,0.00279
0,-0.207128,-0.102021,0.035323,-0.265443,-0.0138,-0.230643,0.003076,0.001781
0,-0.066886,-0.167777,0.16863,-0.042346,0.163145,-0.092279,0.001167,0.002928
0,-0.101004,-0.018257,-0.038988,0.16391,0.010941,0.196384,0.001763,0.000319
0,-0.239024,-0.015643,-0.167949,-0.019218,-0.12714,-0.006665,0.002519,0.000273
0,-0.085446,-0.000649,0.153104,-0.000536,0.141326,0.043473,0.001491,1.1e-05
0,-0.10214,0.059925,-0.000326,0.081763,0.031831,0.052507,0.001783,0.001046
0,-0.323789,0.078659,-0.240466,0.005814,-0.222983,0.002988,0.00104,0.001373
0,-0.112176,0.069788,0.218348,0.009948,0.197789,-0.032592,0.001958,0.001218
0,-0.203187,-0.102014,-0.092879,-0.196252,-0.056433,-0.154524,0.003145,0.00178
0,-0.332694,-0.041154,-0.106406,0.087487,-0.075856,0.122559,0.000884,0.000718
0,-0.053454,-0.044874,0.278299,0.000425,0.276606,-0.041698,0.000933,0.000783
0,-0.211611,0.006594,-0.170074,0.046769,-0.205296,0.046812,0.002998,0.000115
0,-0.298436,0.074625,-0.076259,0.080568,-0.0727,0.043522,0.001482,0.001302
0,-0.168963,0.039722,0.111276,-0.030858,0.152744,-0.006663,0.002949,0.000693
0,-0.097458,0.148909,0.093563,0.110943,0.054399,0.068281,0.001701,0.002599
0,-0.193275,0.19824,-0.08146,0.05239,-0.113097,0.09759,0.003318,0.003231
0,-0.269037,0.189737,-0.085668,0.00604,-0.103268,-0.00056,0.001995,0.003312
0,-0.087428,0.110711,0.165993,-0.075759,0.119634,-0.033884,0.001526,0.001932
0,-0.059148,0.101087,0.012995,-0.018215,0.01282,-0.034428,0.001032,0.001764
0,-0.123153,-0.033088,-0.064916,-0.121741,-0.039777,-0.169325,0.002149,0.000577
0,-0.315143,0.070534,-0.17967,0.090319,-0.173679,0.111849,0.001191,0.001231
0,-0.187544,0.143228,0.123546,0.073415,0.156947,0.116173,0.003273,0.0025
0,-0.226885,0.016288,-0.052364,-0.097347,-0.062032,-0.085607,0.002731,0.000284
0,-0.24615,-0.039698,-0.009755,-0.053603,0.036647,-0.086766,0.002395,0.000693
0,-0.105329,-0.090525,0.170643,-0.021042,0.124277,-0.024984,0.001838,0.00158
0,-0.231062,-0.00627,-0.110794,0.080855,-0.117967,0.124458,0.002658,0.000109
0,-0.284684,0.135154,-0.065359,0.117295,-0.019483,0.108146,0.001722,0.002359
0,-0.339206,0.186032,-0.051549,0.050838,-0.084815,0.089911,0.000771,0.003247
0,-0.086592,0.030614,0.239814,-0.152996,0.285981,-0.134052,0.001511,0.000534
0,-0.119128,-0.072952,-0.052107,-0.089531,-0.043583,-0.113971,0.002079,0.001273
0,-0.200026,0.017385,-0.074357,0.111903,-0.027138,0.104447,0.0032,0.000303
0,-0.041583,-0.07787,0.175021,-0.079431,0.136466,-0.103132,0.000726,0.001359
0,-0.2181,0.119231,-0.150497,0.188371,-0.144195,0.193976,0.002884,0.002081
0,-0.003317,-0.105579,0.211759,-0.235498,0.212463,-0.2355,5.8e-05,0.001843
0,-0.187641,-0.050943,-0.187457,0.028495,-0.172119,-0.000318,0.003275,0.000889
0,-0.044764,0.045341,0.12076,0.076695,0.086599,0.106429,0.000781,0.000791
0,-0.197567,-0.086085,-0.173475,-0.150738,-0.127767,-0.152035,0.003243,0.001502
0,0.051956,0.044242,0.237709,0.110452,0.191542,0.131847,0.000907,0.000772
0,-0.148114,-0.009378,-0.213868,-0.074027,-0.244279,-0.089203,0.002585,0.000164
0,-0.011187,0.096915,0.116154,0.115668,0.129166,0.112272,0.000195,0.001691
0,-0.087532,-0.074813,-0.104198,-0.184226,-0.12859,-0.14306,0.001528,0.001306
0,0.000819,0.092297,0.106348,0.15151,0.108756,0.171208,1.4e-05,0.001611
0,0.04087,0.099872,0.052972,0.029343,0.041919,0.001261,0.000713,0.001743
0,0.036547,0.059569,0.00293,-0.045517,0.00207,-0.056603,0.000638,0.00104
0,0.042354,-0.080809,-0.012118,-0.161587,-0.057212,-0.15008,0.000739,0.00141
0,-0.233218,-0.075877,-0.245676,0.005324,-0.291618,-0.011695,0.00262,0.001324
0,0.003535,-0.05275,0.238687,-0.004719,0.243796,0.021824,6.2e-05,0.000921
0,-0.000761,0.171696,-0.013392,0.200217,-0.059693,0.221463,1.3e-05,0.002997
0,-0.070844,-0.054581,-0.048591,-0.252758,-0.017417,-0.278482,0.001236,0.000953
0,-0.130406,-0.008489,-0.066689,0.057711,-0.026147,0.023787,0.002276,0.000148
0,-0.230081,0.170311,-0.074835,0.179263,-0.031543,0.199559,0.002675,0.002972
0,-0.130336,0.148065,0.072323,-0.039164,0.109768,-0.056561,0.002275,0.002584
0,-0.166485,0.016485,-0.035519,-0.12768,0.008149,-0.131988,0.002906,0.000288
0,-0.134985,-0.012094,0.001899,-0.032105,0.046622,-0.030493,0.002356,0.000211
0,-0.209945,0.183464,-0.090684,0.193959,-0.11929,0.2345,0.003027,0.003202
0,-0.020042,-0.078882,0.212208,-0.273896,0.162624,-0.25558,0.00035,0.001377
0,-0.120628,0.101566,-0.104978,0.200648,-0.096724,0.226239,0.002105,0.001773
0,0.065108,0.071723,0.211084,-0.020903,0.242189,-0.04285,0.001136,0.001252
0,-0.135109,-0.022817,-0.193465,-0.071047,-0.171084,-0.101946,0.002358,0.000398
0,0.038614,0.064181,0.200491,0.087069,0.16229,0.066168,0.000674,0.00112
0,0.024513,-0.003773,-0.027359,-0.057817,0.016092,-0.057534,0.000428,6.6e-05
0,2.567422,-0.831456,2.534065,-0.818863,2.561231,-0.819055,0.002026,0.00113
0,2.849057,-1.255892,0.308636,-0.438254,0.299883,-0.43513,0.00289,0.001847
0,2.368476,-1.209536,-0.505892,0.050306,-0.502046,0.024414,0.001193,0.001038
0,2.445048,-1.864222,0.095883,-0.636243,0.103873,-0.614596,0.002529,0.000917
0,1.945057,-1.640811,-0.508232,0.244966,-0.464684,0.198596,0.000494,0.001874
0,1.590876,-1.461064,-0.325958,0.187948,-0.371256,0.157143,0.001003,0.001263
0,1.256628,-1.427512,-0.32871,0.01566,-0.348949,0.016057,0.00186,0.001848
0,0.735495,-0.97798,-0.528989,0.434577,-0.536747,0.441809,0.000545,0.003003
0,0.10115,-1.241715,-0.643601,-0.242537,-0.67744,-0.228232,0.001765,0.0016
0,-0.041342,-2.441437,-0.122131,-1.199661,-0.147559,-1.186556,0.000722,0.002466
0,-0.353117,-2.259796,-0.326879,0.168094,-0.291026,0.192845,0.000528,0.000704
0,-0.433154,-1.961105,-0.106496,0.30893,-0.145945,0.263857,0.000869,0.000774
0,-0.518941,-1.518929,-0.076442,0.438733,-0.03619,0.401949,0.002366,0.000253
0,-0.421357,-1.391362,0.109388,0.151699,0.116123,0.154525,0.000663,0.002479
0,-0.426366,-0.903397,-0.012906,0.467337,-0.05434,0.506151,0.000751,0.002386
0,-0.328009,-0.428257,0.078979,0.504408,0.115158,0.503283,0.000966,0.000784
0,-0.318091,-0.330741,-0.003924,0.11411,0.014575,0.156884,0.001139,0.000918
0,-0.222111,-0.064906,0.099704,0.271706,0.093946,0.254925,0.002814,0.001133
0,0.042497,0.221258,0.236185,0.280264,0.209722,0.320394,0.000742,0.002829
0,-0.187156,0.132423,-0.241198,-0.118009,-0.237506,-0.127676,0.003266,0.002311
0,0.107826,0.242358,0.286024,0.135087,0.270549,0.097681,0.001882,0.002461
0,-0.0261,0.085818,-0.105954,-0.142376,-0.065918,-0.15946,0.000456,0.001498
0,-0.13143,0.25816,-0.094715,0.175013,-0.063565,0.166018,0.002294,0.002185
0,-0.119636,0.194795,0.015872,-0.039039,-0.020788,-0.061572,0.002088,0.003291
0,0.17374,-0.0103,0.293753,-0.229519,0.316737,-0.190067,0.003032,0.00018
0,-0.046515,0.13081,-0.202055,0.145639,-0.240638,0.099581,0.000812,0.002283
0,0.008455,0.067637,0.052557,-0.069711,0.102424,-0.117285,0.000148,0.00118
0,0.16318,0.074942,0.137542,0.034667,0.133229,-0.005143,0.002848,0.001308
0,0.169909,-0.068615,-0.016983,-0.134421,-0.040522,-0.098906,0.002965,0.001198
0,-2.684612,-0.171278,-2.840752,-0.117005,-2.883206,-0.083089,2e-05,0.002989
0,-4.061745,-0.172157,-1.3696,0.018192,-1.375882,0.015246,0.002708,0.003005
0,-5.30013,-0.337478,-1.217484,-0.141501,-1.17212,-0.191476,0.001167,0.000801
0,-4.964431,-0.406555,0.339583,-0.094306,0.330334,-0.138748,0.000335,0.000405
0,-3.373497,-0.392809,1.591497,0.040631,1.573191,0.045899,0.001339,0.000165
0,-2.967535,-0.245368,0.42313,0.160167,0.435667,0.148578,0.001733,0.002408
0,-1.719887,-0.429807,1.27425,-0.170321,1.239447,-0.17241,0.003254,0.000811
0,-1.31739,-0.22669,0.424458,0.185347,0.380848,0.22604,0.00292,0.002734
0,-1.056024,0.000283,0.254669,0.243407,0.303551,0.293243,0.001641,5e-06
0,-0.473877,-0.016216,0.602314,-0.011881,0.624066,0.007972,0.00158,0.000283
0,-0.301422,0.011894,0.14965,0.004047,0.128022,0.04023,0.00143,0.000208
0,0.08618,-0.155372,0.369469,-0.158732,0.388464,-0.207729,0.001504,0.002712
0,0.142515,0.027316,0.034833,0.162515,0.079378,0.208994,0.002487,0.000477
0,0.716541,0.03868,0.548464,-0.013593,0.55473,0.031103,0.000876,0.000675
0,0.61137,0.008041,-0.134961,-0.003913,-0.1697,-0.027439,0.002711,0.00014
0,0.504137,-0.139603,-0.099189,-0.142816,-0.08602,-0.117662,0.002108,0.002437
0,0.43114,0.12904,-0.053235,0.250045,-0.092048,0.285048,0.000834,0.002252
0,0.444653,-0.010947,0.030311,-0.135865,-0.011613,-0.145922,0.00107,0.000191
0,0.227459,0.075524,-0.241695,0.074938,-0.250427,0.029837,0.002721,0.001318
0,0.507837,-0.120764,0.276586,-0.182872,0.308257,-0.15447,0.002173,0.002108
0,0.293374,-0.008986,-0.200747,0.084738,-0.154313,0.105053,0.00157,0.000157
0,0.281063,-0.09338,-0.022408,-0.065178,-0.023829,-0.090971,0.001785,0.00163
0,0.412493,-0.104989,0.114287,0.015533,0.116101,0.013024,0.000509,0.001832
0,0.389355,-0.132043,-0.034781,-0.003118,0.006052,-0.01116,0.000105,0.002305
0,0.297561,-0.131565,-0.063362,-0.019616,-0.036911,-0.067072,0.001497,0.002296
0,0.31641,-0.004688,-0.007886,0.147082,0.010551,0.181031,0.001168,8.2e-05
0,0.262756,0.048437,-0.026916,0.023301,-0.048897,0.015108,0.002105,0.000845
0,0.242206,-0.078383,-0.026641,-0.120328,0.011426,-0.087208,0.002464,0.001368
0,0.186706,0.015979,-0.057465,0.088976,-0.029866,0.062969,0.003259,0.000279
0,0.2344,0.045193,0.073648,0.030791,0.076757,0.08035,0.0026,0.000789
0,0.163318,-0.143114,-0.065579,-0.158891,-0.06959,-0.18899,0.00285,0.002498
0,0.209302,0.127634,0.061559,0.24652,0.087405,0.250096,0.003038,0.002228
0,0.068562,-0.067086,-0.143427,-0.220881,-0.110185,-0.21647,0.001197,0.001171
0,-1.623421,1.311466,-1.71415,1.40358,-1.699551,1.379771,0.001571,0.002817
0,-2.206427,1.390415,-0.583836,0.092387,-0.631808,0.133122,0.001635,0.002496
0,-4.606277,1.457567,-2.421146,0.083157,-2.434514,0.132297,0.000105,0.001324
0,-3.971549,1.537554,0.617457,0.101216,0.583519,0.074509,0.002408,7.2e-05
0,-3.701214,1.594199,0.240809,0.084043,0.236932,0.114084,0.00231,0.001061
0,-3.455394,1.214984,0.249188,-0.35219,0.226524,-0.3319,9.1e-05,0.001133
0,-3.08238,0.94269,0.360978,-0.261,0.392162,-0.297835,0.000271,0.003071
0,-1.932042,0.896382,1.163248,-0.046334,1.194745,-0.045646,0.000266,0.002263
0,-1.523854,0.636701,0.431767,-0.261836,0.41742,-0.299356,0.000167,0.002269
0,-0.768115,0.185368,0.75517,-0.463258,0.782998,-0.499484,2.5e-05,0.003235
0,-0.441443,0.229677,0.354151,0.044252,0.359641,0.035643,0.001014,0.002682
0,-0.049872,0.093358,0.368914,-0.11898,0.389164,-0.124784,0.00087,0.001629
0,-0.031691,-0.10181,0.041083,-0.165214,0.081797,-0.206649,0.000553,0.001777
0,0.239633,-0.241658,0.264352,-0.161757,0.313462,-0.11355,0.002508,0.002473
0,0.286952,-0.077141,0.017484,0.141993,-0.005556,0.140794,0.001683,0.001346
0,0.113339,-0.339734,-0.183726,-0.268153,-0.193248,-0.284955,0.001978,0.000761
0,0.281546,-0.027,0.192269,0.322315,0.212601,0.331251,0.001777,0.000471
0,0.276354,-0.206883,-0.006631,-0.206609,-0.020846,-0.187924,0.001868,0.00308
0,0.190816,-0.224859,-0.081391,-0.016059,-0.127264,0.033919,0.00333,0.002766
0,-0.054276,-0.08845,-0.262966,0.145233,-0.293929,0.189156,0.000947,0.001544
0,0.02315,0.010508,0.101122,0.11095,0.134285,0.09202,0.000404,0.000183
0,0.02897,0.132137,-0.000957,0.1087,-0.014675,0.060322,0.000506,0.002306
0,0.134399,0.156043,0.092258,0.038102,0.128914,0.063331,0.002346,0.002723
0,-0.187198,-0.068135,-0.307001,-0.243083,-0.34827,-0.196602,0.003267,0.001189
0,-0.01538,0.078358,0.194837,0.172985,0.186225,0.146503,0.000268,0.001368
0,0.022826,0.140034,0.008656,0.049046,-0.000105,0.06141,0.000398,0.002444
0,-0.082,-0.059911,-0.117097,-0.196533,-0.071048,-0.203084,0.001431,0.001046
0,-0.201984,0.020062,-0.129439,0.051431,-0.094183,0.080471,0.003166,0.00035
0,-0.122672,0.004949,0.103091,-0.043735,0.059197,-0.060247,0.002141,8.6e-05
0,0.036759,0.081117,0.178399,0.061497,0.158774,0.064922,0.000642,0.001416
0,-0.062412,0.072306,-0.077971,-0.010458,-0.118113,-0.030029,0.001089,0.001262
0,0.097019,0.22053,0.14076,0.133694,0.163894,0.111099,0.001693,0.002842
0,0.135562,-0.082422,0.050017,-0.316594,0.056778,-0.3258,0.002366,0.001439
0,0.141462,-0.000165,0.015188,0.107057,-0.02696,0.13263,0.002469,3e-06
0,0.099206,-0.086524,-0.040245,-0.107597,-0.030466,-0.122408,0.001731,0.00151
0,0.049816,0.057215,-0.039591,0.141818,-0.041952,0.158334,0.000869,0.000999
0,0.1964,-0.020377,0.156986,-0.050497,0.142939,-0.077863,0.003263,0.000356
0,-0.019041,-0.024586,-0.217501,-0.017498,-0.224153,-0.058968,0.000332,0.000429
0,-0.020579,0.014764,0.009117,0.065843,-0.022879,0.041339,0.000359,0.000258
0,0.203047,-0.100739,0.241965,-0.128,0.265113,-0.161706,0.003147,0.001758
0,-0.052712,-0.010526,-0.242303,0.097747,-0.287301,0.057928,0.00092,0.000184
0,0.056099,0.131216,0.121755,0.151661,0.15547,0.164399,0.000979,0.00229
0,0.107616,0.136853,0.052391,-0.021474,0.077639,-0.036153,0.001878,0.002389
0,0.081193,0.036652,-0.052044,-0.127454,-0.033684,-0.118314,0.001417,0.00064
0,0.088945,-0.031578,0.002852,-0.060918,0.008863,-0.032935,0.001552,0.000551
0,0.028089,0.06927,-0.077225,0.106399,-0.059484,0.068949,0.00049,0.001209
0,0.055827,-0.087191,0.038815,-0.147476,0.068805,-0.116736,0.000974,0.001522
0,0.170344,0.04857,0.131758,0.136652,0.089049,0.11899,0.002973,0.000848
0,-0.038295,0.166122,-0.20297,0.121828,-0.158846,0.1538,0.000668,0.002899
0,0.001848,0.067289,0.049845,-0.110496,0.089696,-0.13872,3.2e-05,0.001174
0,0.066205,0.175937,0.035099,0.102288,0.044592,0.101632,0.001155,0.003071
0,0.040256,0.195004,-0.001748,-0.00993,-0.040083,0.022862,0.000703,0.003287
0,0.055499,0.096813,0.006994,-0.074946,-0.02849,-0.040371,0.000969,0.00169
0,0.101849,0.218425,0.057701,0.139271,0.046143,0.096234,0.001778,0.002879
0,-0.03613,0.048778,-0.121407,-0.168369,-0.169627,-0.193367,0.000631,0.000851
0,0.081655,0.234758,0.103333,0.192416,0.149701,0.229248,0.001425,0.002594
0,-0.028448,0.39149,-0.139803,0.129513,-0.09422,0.099954,0.000497,0.000142
0,0.020682,0.447712,0.070489,0.070373,0.07303,0.057017,0.000361,0.001123
0,-0.016537,0.465975,-0.007551,0.029876,0.016267,0.007538,0.000289,0.001442
0,0.035678,0.578209,0.080514,0.103868,0.076641,0.054043,0.000623,0.00329
0,0.115644,0.465914,0.094557,-0.13173,0.110729,-0.114395,0.002018,0.001441
0,0.097334,0.569734,-0.022506,0.10174,-0.029282,0.064823,0.001699,0.003253
0,-0.06189,0.369242,-0.176944,-0.176108,-0.166495,-0.196428,0.00108,0.000246
0,-0.086142,0.478629,-0.008449,0.125441,-0.016075,0.085715,0.001503,0.001663
0,-0.148776,0.401404,-0.060115,-0.067199,-0.043101,-0.033213,0.002597,0.000315
0,-0.050325,0.241437,0.076887,-0.163002,0.082776,-0.178519,0.000878,0.002477
0,0.091857,0.139685,0.124903,-0.111724,0.121489,-0.079773,0.001603,0.002438
0,-0.151091,0.062915,-0.21879,-0.07879,-0.262909,-0.125025,0.002637,0.001098
0,0.063874,-0.183125,0.214008,-0.27283,0.194865,-0.250143,0.001115,0.003196
0,0.054981,-0.067264,0.003336,0.125952,-0.029173,0.148931,0.00096,0.001174
0,0.001354,-0.120868,-0.056597,-0.032143,-0.019729,-0.008897,2.4e-05,0.00211
0,0.110239,-0.038478,0.126751,0.098747,0.077299,0.077708,0.001924,0.000672
0,-0.054334,-0.273785,-0.13918,-0.219201,-0.116271,-0.187675,0.000948,0.001912
0,-0.111123,-0.050597,-0.054243,0.205466,-0.101824,0.255284,0.001939,0.000883
0,-0.036536,0.022381,0.0848,0.060189,0.089528,0.088468,0.000638,0.000391
0,0.03717,0.025788,0.073458,-0.019561,0.10675,-0.057505,0.000649,0.00045
0,-0.056479,-0.234063,-0.097219,-0.258285,-0.04874,-0.245483,0.000986,0.002606
0,-0.033124,-0.025088,0.046015,0.227197,0.07442,0.267449,0.000578,0.000438
0,-0.155182,0.093681,-0.146539,0.104002,-0.122333,0.112558,0.002708,0.001635
0,-0.043314,0.018853,0.091383,-0.05022,0.100458,-0.041612,0.000756,0.000329
0,0.117508,-0.008881,0.15782,-0.029004,0.188261,-0.020552,0.002051,0.000155
0,0.098941,-0.116729,-0.009244,-0.102869,-0.041238,-0.079388,0.001727,0.002037
0,-0.130604,0.069028,-0.210484,0.161627,-0.200817,0.187552,0.002279,0.001205
0,0.101347,-0.095895,0.208076,-0.138985,0.205811,-0.1848,0.001769,0.001674
0,0.115416,0.058432,0.030726,0.174998,0.026944,0.212122,0.002014,0.00102
0,0.125801,-0.121119,0.025555,-0.18985,-0.021608,-0.153087,0.002196,0.002114
0,-0.162377,0.082805,-0.309047,0.17728,-0.328559,0.218011,0.002834,0.001445
0,0.003745,-0.053033,0.192036,-0.161639,0.157267,-0.209974,6.5e-05,0.000926
0,-0.005809,0.133001,0.004997,0.171641,0.03514,0.160029,0.000101,0.002321
0,-0.105548,0.046314,-0.102537,-0.057902,-0.08986,-0.0725,0.001842,0.000808
0,-0.073815,0.028621,0.032669,-0.016383,0.001958,-0.009397,0.001288,0.0005
0,0.116649,0.077511,0.212849,0.063141,0.219003,0.086753,0.002036,0.001353
0,-0.019865,0.171387,-0.163291,0.071488,-0.171386,0.073411,0.000347,0.002991
0,-0.00198,-0.042165,-0.011973,-0.222646,-0.051185,-0.260581,3.5e-05,0.000736
0,2.158741,-0.750631,2.133492,-0.719459,2.088818,-0.763942,0.002468,0.000281
0,4.277368,-2.164624,2.138856,-1.408572,2.108136,-1.378071,0.001055,0.002365
0,4.012382,-2.409307,-0.283663,-0.220108,-0.306159,-0.183035,0.003121,0.001905
0,3.730183,-2.434399,-0.291426,-0.032402,-0.245494,-0.061784,0.001804,0.002343
0,3.081692,-1.730924,-0.638312,0.676011,-0.623289,0.721678,0.000259,0.003244
0,2.058351,-1.189132,-1.001666,0.534555,-0.973284,0.53502,0.002471,0.000682
0,1.489835,-0.873809,-0.588101,0.311746,-0.583669,0.279335,0.000761,0.001869
0,0.969935,-0.314019,-0.501072,0.557919,-0.45703,0.544458,0.003144,0.00121
0,0.245778,-0.213864,-0.742303,0.108667,-0.727964,0.09882,0.002401,0.002958
0,0.204544,-0.025368,-0.068599,0.16005,-0.053397,0.123114,0.003121,0.000443
0,-0.290354,-0.097818,-0.476014,-0.070631,-0.503588,-0.070697,0.001623,0.001707
0,-0.213343,0.113497,0.079874,0.205222,0.107891,0.200613,0.002967,0.001981
0,-0.175558,0.288785,0.044328,0.179035,-0.002161,0.226264,0.003064,0.001651
0,-0.147297,0.101922,0.031305,-0.162659,-0.006412,-0.121682,0.002571,0.001779
0,-0.221608,0.170892,-0.056006,0.082056,-0.057031,0.072815,0.002823,0.002983
0,-0.099305,0.024495,0.129145,-0.173549,0.160826,-0.211206,0.001733,0.000428
0,-0.146804,0.102537,-0.053377,0.104104,-0.027092,0.154077,0.002562,0.00179
0,-0.089934,0.009941,0.060565,-0.096303,0.047038,-0.126201,0.00157,0.000174
0,-0.15709,0.081886,-0.095056,0.089865,-0.100118,0.115479,0.002742,0.001429
0,-0.156029,0.175101,0.018002,0.102698,-0.026375,0.131819,0.002723,0.003056
0,-0.039105,0.164016,0.146217,-0.012292,0.158827,-0.052288,0.000683,0.002863
0,-0.172986,0.225399,-0.159658,0.076049,-0.138715,0.064959,0.003019,0.002757
0,-0.097161,0.246938,0.097882,0.002065,0.13349,0.02933,0.001696,0.002381
0,-0.213746,0.01515,-0.087371,-0.216806,-0.105752,-0.168872,0.00296,0.000264
0,-0.13453,0.115674,0.073768,0.09931,0.025135,0.137552,0.002348,0.002019
0,-0.067807,0.222006,0.088405,0.107663,0.048507,0.145419,0.001183,0.002816
0,-0.253867,0.197997,-0.182769,-0.028197,-0.1979,0.018754,0.00226,0.003235
0,-0.083444,0.219569,0.159254,0.051242,0.195082,0.017368,0.001456,0.002859
0,0.022271,0.245061,0.127348,-0.0041,0.162084,-0.016201,0.000389,0.002414
0,-0.076126,0.193234,-0.083375,-0.075177,-0.130174,-0.062025,0.001329,0.003318
0,0.012587,0.194157,0.065736,0.000589,0.052927,-0.023933,0.00022,0.003302
0,0.082423,0.193892,0.062353,0.024213,0.098414,-0.00712,0.001439,0.003307
0,0.078733,0.20969,0.00836,0.034669,-0.027648,0.028162,0.001374,0.003031
0,0.003179,0.039006,-0.063464,-0.191947,-0.029136,-0.221691,5.5e-05,0.000681
0,-0.017351,0.15733,-0.004737,0.144787,0.044211,0.123757,0.000303,0.002746
0,-0.213675,0.125795,-0.21569,-0.014747,-0.185233,-0.018497,0.002961,0.002196
0,-0.140702,0.078029,0.095671,-0.035805,0.104668,-0.030342,0.002456,0.001362
0,-0.055657,0.113809,0.079081,0.022722,0.121564,-0.025841,0.000971,0.001986
0,-0.032858,0.072133,0.036301,-0.016095,-0.013477,-0.017436,0.000573,0.001259
0,-0.191594,0.217672,-0.145681,0.144373,-0.180475,0.131032,0.003344,0.002892
0,-0.023193,0.120738,0.165824,-0.098061,0.169579,-0.052188,0.000405,0.002107
0,0.041427,0.215885,0.067516,0.118021,0.051091,0.078669,0.000723,0.002923
0,-0.158806,0.044924,-0.177113,-0.180501,-0.144392,-0.194819,0.002772,0.000784
0,0.016737,-0.008215,0.151502,-0.044643,0.12752,-0.059701,0.000292,0.000143
0,0.028969,0.059277,0.000629,0.067318,0.030827,0.090834,0.000506,0.001035
0,-0.034593,0.0961,-0.061739,0.042172,-0.054155,0.046053,0.000604,0.001677
0,-0.014963,0.176321,-0.009465,0.057369,0.009936,0.102637,0.000261,0.003077
0,0.060411,0.194777,0.065431,0.047027,0.042388,0.094837,0.001054,0.003291
0,-0.13767,0.21802,-0.206352,0.051379,-0.23372,0.025566,0.002403,0.002886
0,-0.207123,0.073019,-0.045742,-0.140176,-0.000173,-0.122841,0.003076,0.001274
0,-0.124307,0.159883,0.091267,0.100132,0.106104,0.148238,0.00217,0.00279
0,-0.212097,0.165204,-0.085904,0.00434,-0.041278,-0.042196,0.002989,0.002883
0,0.030639,0.192126,0.228126,0.028209,0.242055,0.065223,0.000535,0.003338
0,-0.01193,0.128376,-0.037256,-0.088928,0.004612,-0.044683,0.000208,0.002241
0,-0.060491,0.080822,-0.061686,-0.050047,-0.020716,-0.080644,0.001056,0.001411
0,-0.020246,0.091388,0.043372,0.015013,0.029182,0.00635,0.000353,0.001595
0,-0.129645,-0.046686,-0.098612,-0.138003,-0.142491,-0.13883,0.002263,0.000815
0,-0.271229,-0.266485,-0.151884,-0.207305,-0.157103,-0.193862,0.001957,0.00204
0,-0.707389,-0.491364,-0.431424,-0.200448,-0.427421,-0.173365,0.001035,0.001885
0,-0.803375,-0.549283,-0.086563,-0.052848,-0.096317,-0.097876,0.00064,0.002896
0,-1.022643,-0.689973,-0.202939,-0.133594,-0.227022,-0.171799,0.002224,0.001339
0,-0.901508,-0.76419,0.106132,-0.085935,0.067227,-0.090103,0.002353,4.4e-05
0,-0.500469,-0.334714,0.404584,0.459404,0.36597,0.461779,0.002044,0.000849
0,-0.342018,-0.413708,0.176604,-0.097868,0.137841,-0.145712,0.000721,0.00053
0,-0.45543,-0.2203,-0.106133,0.170451,-0.078393,0.139322,0.001258,0.002846
0,-0.336872,-0.225074,0.098707,-0.004618,0.056126,-0.050139,0.000811,0.002763
0,-0.150433,-0.064699,0.175859,0.140601,0.143455,0.17392,0.002626,0.001129
0,-0.012814,-0.018267,0.140666,0.068889,0.09375,0.104453,0.000224,0.000319
0,-0.087844,0.021709,-0.055033,0.018279,-0.011364,-0.002925,0.001533,0.000379
0,-0.214795,0.109193,-0.112456,0.057702,-0.105029,0.05249,0.002942,0.001906
0,-0.041492,0.106201,0.180909,-0.011714,0.174338,-0.032795,0.000724,0.001854
0,-0.018191,-0.150917,0.008377,-0.2662,0.027367,-0.283197,0.000317,0.002634
0,-0.049887,0.005785,-0.020893,0.148431,0.021332,0.163954,0.000871,0.000101
0,-0.183104,-0.151011,-0.147913,-0.177651,-0.170517,-0.213312,0.003196,0.002636
0,-0.21612,-0.109467,-0.017705,0.069798,-0.041849,0.071266,0.002919,0.001911
0,-0.006798,0.070855,0.220889,0.161694,0.252056,0.187521,0.000119,0.001237
0,0.037181,-0.08176,0.03223,-0.172604,-0.017038,-0.152184,0.000649,0.001427
0,-0.137116,0.002268,-0.175667,0.062347,-0.211177,0.013217,0.002393,4e-05
0,0.036771,0.029417,0.188142,0.046388,0.177411,0.020296,0.000642,0.000513
0,0.11129,-0.125938,0.063836,-0.179223,0.051547,-0.168092,0.001942,0.002198
0,0.08209,0.052058,-0.031942,0.168642,-0.034907,0.154387,0.001433,0.000909
0,0.009967,0.09363,-0.061222,0.039588,-0.103452,0.019505,0.000174,0.001634
0,0.128935,-0.084014,0.117086,-0.186828,0.101382,-0.189882,0.00225,0.001466
0,0.227804,0.029657,0.08116,0.134343,0.041146,0.166476,0.002715,0.000518
0,0.113387,0.112931,-0.100147,0.076471,-0.15011,0.06561,0.001979,0.001971
0,-0.083597,0.110993,-0.171979,-0.025699,-0.122148,0.00373,0.001459,0.001937
0,0.05165,0.082882,0.112461,-0.002272,0.106037,0.036289,0.000901,0.001447
0,0.021762,0.064149,-0.02752,-0.000365,-0.023577,-0.029593,0.00038,0.00112
0,-0.000391,-0.123316,-0.037819,-0.185815,-0.078202,-0.225172,7e-06,0.002152
0,-0.159521,-0.058104,-0.150375,0.079376,-0.181687,0.046762,0.002784,0.001014
0,0.110173,0.009697,0.288327,0.047289,0.245521,0.081182,0.001923,0.000169
0,0.170368,-0.152105,0.035994,-0.132909,0.028231,-0.09316,0.002973,0.002655
0,0.032139,-0.056375,-0.164142,0.087012,-0.133298,0.069325,0.000561,0.000984
0,-0.069863,-0.104634,-0.073112,-0.051358,-0.123005,-0.01763,0.001219,0.001826
0,0.001445,-0.106534,0.088937,-0.021355,0.070312,0.006362,2.5e-05,0.001859
0,0.055793,-0.149539,0.036647,-0.054996,0.078645,-0.043957,0.000974,0.00261
0,-0.13588,-0.066398,-0.22058,0.088767,-0.182653,0.119192,0.002372,0.001159
0,-0.118239,-0.075871,-0.009833,-0.010612,-0.056406,0.018306,0.002064,0.001324
0,0.058416,0.069924,0.153115,0.118276,0.121428,0.073222,0.00102,0.00122
0,-0.095683,0.064567,-0.145203,-0.024988,-0.115012,-0.027292,0.00167,0.001127
0,0.078863,0.03536,0.18401,-0.034926,0.168386,-0.020144,0.001376,0.000617
0,0.060816,-0.144606,-0.002948,-0.208978,0.000715,-0.218066,0.001061,0.002524
0,0.113148,0.075604,0.044808,0.226547,0.057766,0.259779,0.001975,0.00132
0,0.005312,-0.131597,-0.127784,-0.214427,-0.16957,-0.178111,9.3e-05,0.002297
0,0.079317,-0.040955,0.080012,0.086581,0.075077,0.077056,0.001384,0.000715
0,0.030155,0.075072,-0.027737,0.091192,-0.025867,0.060069,0.000526,0.00131
0,0.022178,0.071411,-0.001325,-0.021057,-0.01168,0.005729,0.000387,0.001246
0,0.268678,-0.011076,0.274589,-0.107689,0.231518,-0.151582,0.002002,0.000193
0,0.013716,-0.090356,-0.254002,-0.089781,-0.238919,-0.110261,0.000239,0.001577
0,0.021054,-0.01462,0.033062,0.048062,-0.005552,0.060707,0.000367,0.000255
0,0.240367,0.065819,0.241678,0.099088,0.280351,0.123878,0.002496,0.001149
0,0.088828,-0.069725,-0.147423,-0.130428,-0.127927,-0.091625,0.00155,0.001217
0,0.137005,-0.03303,0.025354,0.016055,0.025215,0.004329,0.002391,0.000576
0,0.222939,-0.016109,0.107945,-0.008884,0.092173,-0.006489,0.0028,0.000281
0,0.148521,0.183291,-0.102037,0.224637,-0.097067,0.20398,0.002592,0.003199
0,-0.008399,0.006499,-0.172708,-0.157531,-0.170781,-0.194944,0.000147,0.000113
0,0.075446,-0.005916,0.062169,0.011048,0.054868,-0.011979,0.001317,0.000103
0,0.142029,-0.109466,0.091884,-0.094694,0.042,-0.086091,0.002479,0.001911
0,0.188735,0.077034,0.039551,0.165136,0.057634,0.206507,0.003294,0.001344
0,0.00797,-0.019861,-0.203226,-0.10754,-0.172604,-0.111776,0.000139,0.000347
0,0.147623,-0.086293,0.148622,-0.069946,0.17987,-0.079458,0.002577,0.001506
0,0.178548,0.053912,0.034646,0.153745,0.074484,0.184868,0.003116,0.000941
0,0.139232,0.09211,-0.03663,0.01235,-0.0101,0.000199,0.00243,0.001608
0,0.158773,0.012353,0.033267,-0.067813,0.073207,-0.045306,0.002771,0.000216
0,0.13548,0.176383,-0.003935,0.14774,-0.002183,0.186686,0.002365,0.003078
0,-0.081909,-0.054635,-0.192811,-0.253557,-0.231901,-0.237419,0.00143,0.000954
0,-0.051565,0.109395,0.053071,0.13806,0.053113,0.159397,0.0009,0.001909
0,0.175168,-0.059651,0.209377,-0.17665,0.235903,-0.222144,0.003057,0.001041
0,0.034254,0.01421,-0.112445,0.094899,-0.073797,0.084137,0.000598,0.000248
0,0.131951,0.207084,0.110574,0.212963,0.072416,0.254865,0.002303,0.003077
0,0.18089,0.129946,0.067024,-0.051738,0.052551,-0.074244,0.003157,0.002268
0,0.04811,0.043936,-0.117051,-0.108655,-0.12093,-0.135183,0.00084,0.000767
0,0.153578,0.128252,0.076401,0.103949,0.079648,0.080091,0.00268,0.002238
0,-0.057736,0.101326,-0.188599,-0.023423,-0.165911,-0.046571,0.001008,0.001768
0,-0.100537,-0.101598,-0.033902,-0.228284,-0.014576,-0.201342,0.001755,0.001773
0,0.156127,0.16527,0.258548,0.245847,0.238991,0.227022,0.002725,0.002885
0,-0.027894,-0.031225,-0.186254,-0.16691,-0.181834,-0.162383,0.000487,0.000545
0,-0.011839,0.038782,0.038702,0.095552,0.087755,0.14111,0.000207,0.000677
0,0.03916,0.124198,0.039703,0.093912,0.01466,0.044153,0.000683,0.002168
0,0.05017,0.035569,-0.010276,-0.065133,0.000618,-0.085013,0.000876,0.000621
0,0.176155,0.021297,0.100809,0.006942,0.051685,-0.026065,0.003074,0.000372
0,-0.037526,0.174398,-0.226877,0.168474,-0.200233,0.187824,0.000655,0.003044
0,0.17161,-0.069535,0.210899,-0.262829,0.252301,-0.296049,0.002995,0.001214
0,-0.028117,-0.024138,-0.201329,0.042648,-0.181075,0.068383,0.000491,0.000421
0,0.083222,-0.123926,0.100159,-0.102542,0.141577,-0.079408,0.001453,0.002163
0,0.137415,0.102567,0.054289,0.203431,0.018653,0.159153,0.002398,0.00179
0,0.123748,0.020805,-0.009077,-0.07175,-0.018048,-0.079699,0.00216,0.000363
0,-2.439775,1.67091,-2.547578,1.622056,-2.549612,1.646301,0.002437,0.0024
0,-3.770356,2.409996,-1.334289,0.739414,-1.369975,0.727063,0.001103,0.001917
0,-5.173417,2.698441,-1.398848,0.274516,-1.406624,0.304605,0.003313,0.000261
0,-4.707978,2.741442,0.451087,0.030581,0.451168,0.05126,0.00188,0.001011
0,-4.212985,2.32146,0.5074,-0.434851,0.530878,-0.419654,6.9e-05,0.000372
0,-3.898837,1.923092,0.335869,-0.398457,0.367741,-0.362864,0.001139,0.00011
0,-3.29248,1.250114,0.604767,-0.668919,0.633457,-0.69329,0.002753,0.001746
0,-1.951335,1.095065,1.340847,-0.160575,1.365855,-0.208453,0.000603,0.00096
0,-1.040232,0.323854,0.93538,-0.77363,0.911553,-0.76863,0.001917,0.001039
0,-0.205251,0.244336,0.862435,-0.053744,0.90364,-0.04111,0.003109,0.002426
0,-0.075516,-0.074139,0.13287,-0.326064,0.180978,-0.27983,0.001318,0.001294
0,0.181022,-0.469955,0.243001,-0.370921,0.240482,-0.404727,0.003159,0.001511
0,0.36539,-0.38819,0.162736,0.091292,0.195136,0.075916,0.000314,8.4e-05
0,0.46723,-0.19556,0.10421,0.16741,0.105013,0.121884,0.001464,0.003278
0,0.42485,-0.23163,-0.070125,-0.012605,-0.102666,-0.038795,0.000724,0.002648
0,0.324058,-0.148416,-0.093628,0.065259,-0.119982,0.078629,0.001035,0.00259
0,0.182722,-0.396927,-0.159471,-0.259522,-0.172638,-0.276713,0.003189,0.000237
0,0.317426,-0.299299,0.111665,0.111683,0.102591,0.148312,0.001151,0.001467
0,0.154565,-0.27991,-0.188775,0.017545,-0.148431,-0.0157,0.002698,0.001805
0,0.341017,-0.087879,0.207465,0.183722,0.248802,0.138367,0.000739,0.001534
0,0.089764,-0.091228,-0.229534,0.010475,-0.228534,0.055296,0.001567,0.001592
0,0.357187,-0.012092,0.27741,0.052177,0.235424,0.053318,0.000457,0.000211
0,0.253548,-0.145747,-0.089624,-0.115097,-0.060436,-0.068485,0.002266,0.002544
0,0.204046,0.009684,-0.025446,0.136831,0.003637,0.091008,0.00313,0.000169
0,0.231478,-0.071022,0.055474,-0.105548,0.07351,-0.119529,0.002651,0.00124
0,0.260607,0.009951,0.031086,0.068019,0.006586,0.062933,0.002142,0.000174
0,0.112123,-0.066203,-0.15977,-0.060214,-0.172567,-0.01411,0.001957,0.001155
0,0.052798,0.020882,-0.086008,0.0795,-0.128287,0.128264,0.000922,0.000364
0,0.074947,0.023492,0.003495,-0.009368,0.027331,-0.024555,0.001308,0.00041
0,0.02061,-0.124729,-0.050984,-0.161783,-0.073888,-0.209889,0.00036,0.002177
0,0.054886,0.049805,0.030432,0.161092,0.035788,0.203408,0.000958,0.000869
0,0.278022,0.104659,0.196442,0.047272,0.244482,0.067842,0.001838,0.001827
0,0.14675,-0.029354,-0.110064,-0.124707,-0.097076,-0.132772,0.002561,0.000512
0,0.245285,0.019375,0.086459,0.04143,0.052378,0.068738,0.00241,0.000338
0,0.048232,0.053167,-0.198225,0.037693,-0.215083,0.073219,0.000842,0.000928
0,0.121541,0.030431,0.076738,-0.020138,0.122245,-0.009118,0.002121,0.000531
0,0.330015,-0.028961,0.183147,-0.049408,0.185218,-0.096702,0.000931,0.000505
0,0.310782,-0.06864,-0.040378,-0.04885,-0.064239,-0.021315,0.001267,0.001198
0,0.068103,-0.025362,-0.260287,0.04699,-0.281595,0.0782,0.001189,0.000443
0,0.148461,0.033879,0.090941,0.083531,0.095996,0.090823,0.002591,0.000591
0,0.067506,-0.027254,-0.109187,-0.068872,-0.138449,-0.090123,0.001178,0.000476
0,0.055424,-0.040993,-0.012947,-0.030222,-0.033072,-0.018075,0.000967,0.000715
0,0.218746,0.026829,0.136884,0.082375,0.177532,0.091841,0.002873,0.000468
0,0.206608,-0.121725,0.007797,-0.130319,0.044152,-0.15158,0.003085,0.002124
0,0.226579,-0.062373,0.020654,0.073793,0.008478,0.092775,0.002736,0.001089
0,0.054773,0.083819,-0.143414,0.154511,-0.177103,0.155813,0.000956,0.001463
0,0.111279,0.134104,0.045356,0.051353,0.018278,0.091342,0.001942,0.002341
0,0.055487,0.006109,-0.05609,-0.128706,-0.008339,-0.12044,0.000968,0.000107
0,0.302335,-0.075974,0.250517,-0.057114,0.275157,-0.029725,0.001414,0.001326
0,0.020328,-0.13103,-0.284245,-0.074317,-0.325409,-0.080002,0.000355,0.002287
0,0.115949,-0.150525,0.099207,-0.026972,0.07963,-0.056138,0.002024,0.002627
0,0.18897,-0.048165,0.052083,0.117768,0.079647,0.077953,0.003298,0.000841
0,0.153808,-0.084988,-0.025368,-0.033025,-0.005514,-0.005702,0.002684,0.001483
0,0.028822,0.014276,-0.153249,0.117855,-0.184134,0.098288,0.000503,0.000249
0,-0.026162,0.086543,-0.040011,0.079682,-0.077665,0.066153,0.000457,0.00151
0,0.194982,0.02191,0.209152,-0.06347,0.247333,-0.056041,0.003288,0.000382
0,0.227753,0.070148,0.026754,0.04432,0.037753,0.060835,0.002716,0.001224
0,0.064064,0.043048,-0.135999,-0.020188,-0.182192,0.018525,0.001118,0.000751
0,0.053573,-0.085658,-0.029382,-0.10882,-0.041419,-0.123723,0.000935,0.001495
0,0.075478,-0.034393,-0.001707,0.075101,-0.016963,0.090086,0.001317,0.0006
0,-0.055071,-0.011547,-0.11946,0.021585,-0.167692,-0.00873,0.000961,0.000202
0,0.113352,-0.01128,0.190109,0.002164,0.224048,-0.045827,0.001978,0.000197
0,0.175784,-0.068845,0.067646,-0.06268,0.106695,-0.108703,0.003068,0.001202
0,0.036424,0.040929,-0.126964,0.124876,-0.17419,0.16464,0.000636,0.000714
0,0.196369,0.109821,0.1692,0.06555,0.189723,0.084828,0.003264,0.001917
0,-0.018241,-0.070917,-0.213076,-0.202109,-0.234945,-0.227287,0.000318,0.001238
0,0.148201,0.004832,0.171368,0.053906,0.131577,0.068676,0.002587,8.4e-05
0,0.065612,-0.102695,-0.096278,-0.086278,-0.125636,-0.109685,0.001145,0.001792
0,0.135499,0.090788,0.097074,0.170801,0.127692,0.137075,0.002365,0.001585
0,-0.013657,0.098335,-0.150199,-0.009127,-0.126604,0.031739,0.000238,0.001716
0,-0.014461,-0.073827,-0.017349,-0.192889,-0.051232,-0.143243,0.000252,0.001289
0,0.068289,0.109934,0.105357,0.170499,0.079133,0.193345,0.001192,0.001919
0,0.213494,0.144827,0.140425,0.029812,0.115964,0.032663,0.002965,0.002528
0,0.12467,0.072067,-0.100194,-0.049837,-0.078564,-0.077269,0.002176,0.001258
0,0.124913,0.065825,-0.001031,-0.008583,0.03923,-0.017539,0.00218,0.001149
0,0.101087,-0.109795,-0.050017,-0.197503,-0.01165,-0.177019,0.001764,0.001916
0,0.102302,0.090938,-0.018208,0.187243,0.018424,0.197214,0.001786,0.001587
0,0.153286,-0.073334,0.070105,-0.184441,0.093165,-0.13881,0.002675,0.00128
0,0.275828,-0.011122,0.144402,0.053494,0.182724,0.064471,0.001877,0.000194
0,0.193232,-0.146421,-0.10457,-0.159543,-0.144075,-0.117577,0.003318,0.002556
0,0.086319,0.099879,-0.091412,0.252821,-0.118381,0.300319,0.001507,0.001743
0,-0.045925,0.116588,-0.157649,0.001224,-0.157624,-0.015969,0.000802,0.002035
0,0.118161,0.082347,0.168544,-0.034661,0.186969,0.006867,0.002062,0.001437
0,0.133717,-0.030794,-0.011898,-0.108575,-0.019308,-0.094662,0.002334,0.000537
0,0.100619,0.081356,-0.016716,0.106046,-0.055657,0.149515,0.001756,0.00142
0,0.131608,-0.060268,0.056233,-0.122371,0.07725,-0.11886,0.002297,0.001052
0,0.020363,-0.182826,-0.088527,-0.138575,-0.104167,-0.091353,0.000355,0.003191
0,0.239331,-0.002133,0.246042,0.163019,0.230279,0.2029,0.002514,3.7e-05
0,0.159339,-0.145255,-0.090819,-0.140996,-0.091055,-0.105453,0.002781,0.002535
0,0.096975,-0.116667,-0.091671,0.05721,-0.140283,0.031187,0.001693,0.002036
0,0.018483,-0.112704,-0.079754,-0.007908,-0.107946,-0.051471,0.000323,0.001967
0,0.02006,-0.075814,0.005692,0.032892,0.052428,0.045733,0.00035,0.001323
0,-0.037492,0.074729,-0.076799,0.132631,-0.059183,0.115939,0.000654,0.001304
0,-0.041165,-0.153716,0.017472,-0.251394,0.042286,-0.279713,0.000718,0.002683
0,0.145288,-0.142377,0.173169,-0.010974,0.162861,-0.00765,0.002536,0.002485
0,0.140801,-0.17923,-0.012239,-0.021538,0.001926,-0.055724,0.002457,0.003128
0,0.1376,-0.094345,0.011138,0.096609,-0.033238,0.124202,0.002402,0.001647
0,-0.070591,0.110491,-0.232227,0.185899,-0.276975,0.219083,0.001232,0.001928
0,0.108232,-0.011833,0.17812,-0.106951,0.20133,-0.063908,0.001889,0.000207
0,-0.130101,0.113437,-0.228517,0.119022,-0.235886,0.088652,0.002271,0.00198
0,0.068867,-0.093851,0.183877,-0.217855,0.217906,-0.240387,0.001202,0.001638
0,-1.655839,-0.816508,-1.734711,-0.74387,-1.726214,-0.721294,0.002137,0.000869
0,-1.995232,-1.433412,-0.331894,-0.638224,-0.356292,-0.67066,0.001369,0.001746
0,-2.188594,-1.409111,-0.198364,0.002917,-0.188871,0.05235,0.001947,0.00217
0,-2.609232,-1.321958,-0.445362,0.061758,-0.402412,0.10711,0.001296,0.003
0,-2.947127,-1.222105,-0.335628,0.127493,-0.310537,0.119022,0.002089,0.001257
0,-2.491554,-1.10729,0.429095,0.140611,0.407611,0.189628,0.003341,0.000747
0,-1.757492,-0.956644,0.723918,0.145178,0.680398,0.117979,0.00278,0.003315
0,-1.219954,-0.319883,0.56133,0.612995,0.574275,0.637187,0.00122,0.001108
0,-0.888831,-0.325609,0.355426,-0.002107,0.322497,-0.037415,0.002131,0.001008
0,-0.62925,-0.098099,0.28481,0.243025,0.300345,0.247531,0.002399,0.001712
0,-0.428036,-0.009003,0.217426,0.106083,0.250581,0.065986,0.00078,0.000157
0,-0.080117,0.049574,0.34088,0.073233,0.363439,0.066995,0.001398,0.000865
0,-0.07718,0.246457,0.032773,0.203193,0.056593,0.218584,0.001347,0.002389
0,0.157195,-0.030476,0.242073,-0.2772,0.24647,-0.303567,0.002744,0.000532
0,0.145607,0.16595,-0.037707,0.1694,-0.019504,0.166555,0.002541,0.002896
0,0.109667,0.04236,-0.009237,-0.127638,-0.025925,-0.163756,0.001914,0.000739
0,0.364198,0.154251,0.264618,0.129816,0.288772,0.081419,0.000334,0.002692
0,0.272057,0.199141,-0.085929,0.058756,-0.044891,0.076862,0.001943,0.003215
0,0.197637,0.096569,-0.050999,-0.115994,-0.09336,-0.094423,0.003241,0.001685
0,0.223984,0.043627,0.038521,-0.039401,-0.002057,-0.000817,0.002782,0.000761
0,-0.056258,-0.001034,-0.27709,-0.071434,-0.297927,-0.058862,0.000982,1.8e-05
0,-0.142321,0.063786,-0.064938,0.08943,-0.095712,0.070541,0.002484,0.001113
0,0.01787,-0.043556,0.176154,-0.102156,0.150443,-0.146671,0.000312,0.00076
0,-0.078634,0.016642,-0.092255,0.048156,-0.102203,0.025961,0.001372,0.00029
0,0.044867,0.109868,0.105334,0.109153,0.120579,0.114699,0.000783,0.001918
0,-0.271961,-0.168391,-0.307013,-0.298483,-0.313195,-0.305858,0.001944,0.002939
0,0.008349,-0.134262,0.275846,0.00777,0.300416,0.036581,0.000146,0.002343
0,-0.180624,-0.107374,-0.196764,0.043239,-0.181212,-0.00239,0.003152,0.001874
0,-0.16805,-0.042334,0.011375,0.067511,-0.003069,0.030112,0.002933,0.000739
0,-0.170817,0.096049,0.002292,0.16213,-0.039165,0.160816,0.002981,0.001676
0,-0.078291,-0.172199,0.075934,-0.276576,0.069835,-0.240346,0.001366,0.003005
0,-0.013472,0.071356,0.065432,0.254705,0.091569,0.216067,0.000235,0.001245
0,-0.139635,-0.149054,-0.153956,-0.230682,-0.124208,-0.246984,0.002437,0.002601
0,0.072748,-0.096509,0.233398,0.042055,0.278692,0.028277,0.00127,0.001684
0,-0.150237,0.079544,-0.219626,0.200538,-0.248599,0.215015,0.002622,0.001388
0,-0.045294,-0.056359,0.07498,-0.118742,0.048491,-0.084555,0.000791,0.000984
0,0.101358,-0.195155,0.131677,-0.142227,0.176829,-0.145293,0.001769,0.003285
0,0.010434,0.015023,-0.091677,0.213623,-0.042964,0.218874,0.000182,0.000262
0,-0.091127,-0.051365,-0.09303,-0.070582,-0.119414,-0.051199,0.00159,0.000896
0,-0.173661,0.081275,-0.086776,0.139793,-0.067104,0.17551,0.003031,0.001419
0,-0.017631,0.104033,0.153254,0.044859,0.198574,0.040125,0.000308,0.001816
0,0.028703,0.007934,0.044412,-0.084168,0.071852,-0.131146,0.000501,0.000138
0,0.027939,0.099214,0.006512,0.073862,-0.030048,0.095054,0.000488,0.001732
0,0.055055,0.103208,0.032605,0.00097,0.012756,-0.038047,0.000961,0.001801
0,-0.041092,-0.065033,-0.10654,-0.194737,-0.07249,-0.187652,0.000717,0.001135
0,-0.019062,-0.047814,0.000789,0.019222,0.009932,0.057281,0.000333,0.000835
0,0.155404,0.107015,0.18293,0.14527,0.14245,0.134313,0.002712,0.001868
0,-0.059155,-0.101783,-0.241778,-0.223326,-0.214027,-0.25092,0.001032,0.001776
0,0.016928,-0.137123,0.068687,-0.023856,0.108377,-0.053411,0.000295,0.002393
0,0.1325,-0.144524,0.103749,-0.002796,0.062488,-0.04507,0.002313,0.002522
0,0.099843,-0.005605,-0.062539,0.151852,-0.033959,0.131805,0.001743,9.8e-05
0,-0.179399,0.00144,-0.262275,0.021816,-0.312091,0.03712,0.003131,2.5e-05
0,0.030406,-0.188059,0.18586,-0.173084,0.184963,-0.221984,0.000531,0.003282
0,-0.093768,-0.056244,-0.11044,0.115654,-0.13138,0.140569,0.001637,0.000982
0,0.023894,-0.173741,0.100875,-0.110664,0.086742,-0.14199,0.000417,0.003032
0,0.139016,0.017239,0.125728,0.205638,0.174255,0.196278,0.002426,0.000301
0,0.083745,-0.106272,-0.032661,-0.145485,-0.072875,-0.158428,0.001462,0.001855
0,0.019517,-0.100969,-0.035072,0.025055,-0.075865,0.024892,0.000341,0.001762
0,0.200636,-0.030536,0.15821,0.068733,0.112196,0.021366,0.003189,0.000533
0,0.251748,0.048004,0.029523,0.094099,0.03486,0.061142,0.002297,0.000838
0,0.112293,-0.211677,-0.137965,-0.247528,-0.168116,-0.256754,0.00196,0.002996
0,0.222877,-0.086532,0.112234,0.154163,0.158575,0.155613,0.002801,0.00151
0,0.15014,0.023821,-0.066658,0.122308,-0.09946,0.167682,0.00262,0.000416
0,-0.049759,-0.122783,-0.170483,-0.145364,-0.180712,-0.16402,0.000868,0.002143
0,0.170383,-0.210615,0.231618,-0.099664,0.206401,-0.050245,0.002974,0.003015
0,0.114945,-0.145095,-0.052205,0.051539,-0.012258,0.096043,0.002006,0.002532
0,-0.090255,-0.032793,-0.229803,0.091759,-0.210459,0.120874,0.001575,0.000572
0,-0.055949,-0.167451,0.024813,-0.113839,0.002481,-0.144441,0.000976,0.002923
0,-0.098449,0.0213,-0.017439,0.168194,0.029728,0.211195,0.001718,0.000372
0,0.077602,0.023881,0.175301,0.023443,0.136381,0.037894,0.001354,0.000417
0,-0.156146,-0.077569,-0.229031,-0.079859,-0.256627,-0.064997,0.002725,0.001354
0,-0.119156,-0.187098,0.032154,-0.115541,0.006271,-0.127303,0.00208,0.003265
0,-0.172173,0.012685,-0.032277,0.176552,-0.021745,0.226165,0.003005,0.000221
0,0.033659,-0.083485,0.182173,-0.121719,0.230718,-0.132137,0.000587,0.001457
0,0.037008,0.030865,0.00743,0.094153,-0.019097,0.11114,0.000646,0.000539
0,-0.019639,-0.160706,-0.082325,-0.216031,-0.112203,-0.236831,0.000343,0.002805
0,-0.214249,-0.129698,-0.170492,0.029023,-0.146026,0.05181,0.002951,0.002264
0,-0.002064,-0.165577,0.186795,-0.039187,0.155929,-0.033545,3.6e-05,0.00289
0,0.040455,-0.199605,0.046257,-0.005249,0.039725,0.026197,0.000706,0.003207
0,-0.142969,0.071801,-0.163168,0.295714,-0.168107,0.246294,0.002495,0.001253
0,-0.099995,-0.007484,0.016088,-0.100726,0.012765,-0.07797,0.001745,0.000131
0,-0.142292,0.071074,-0.066323,0.102225,-0.052792,0.058621,0.002483,0.00124
0,-0.085961,-0.115614,0.049641,-0.204104,0.087064,-0.235043,0.0015,0.002018
0,-0.192442,-0.145914,-0.088251,-0.041792,-0.099725,-0.014776,0.003332,0.002547
0,0.006077,-0.114287,0.214306,0.042182,0.166214,0.005042,0.000106,0.001995
0,-0.019683,-0.078881,-0.01625,0.027368,-0.044887,-0.003197,0.000344,0.001377
0,0.017818,0.200417,0.06042,0.288521,0.06896,0.260601,0.000311,0.003193
0,-0.128535,-0.049047,-0.145346,-0.262684,-0.193462,-0.297639,0.002243,0.000856
0,-0.09286,0.107017,0.044421,0.155044,0.060493,0.136313,0.001621,0.001868
0,-0.045222,0.148661,0.030239,0.065901,-0.016993,0.086803,0.000789,0.002595
0,0.005314,0.141958,0.059758,-0.03244,0.066568,-0.069928,9.3e-05,0.002478
0,-0.009981,0.07742,-0.000335,-0.077792,0.01206,-0.120395,0.000174,0.001351
0,-0.038631,-0.039209,-0.054342,-0.112712,-0.097617,-0.107154,0.000674,0.000684
0,-0.067519,0.000501,-0.043604,0.025654,-0.01806,-0.005909,0.001178,9e-06
0,-0.113323,-0.068549,-0.019787,-0.052068,-0.022105,-0.023767,0.001978,0.001196
0,-0.000865,0.177261,0.116499,0.236573,0.116952,0.269003,1.5e-05,0.003094
0,-0.20364,0.116415,-0.183788,-0.054114,-0.166651,-0.034325,0.003137,0.002032
0,-0.123753,0.061046,0.076551,-0.048374,0.094559,-0.038692,0.00216,0.001065
0,-0.020334,0.142731,0.100465,0.106075,0.13194,0.134909,0.000355,0.002491
0,0.072597,0.165443,0.107192,0.013184,0.07265,-0.029459,0.001267,0.002888
0,-0.234951,0.124276,-0.335868,-0.019621,-0.352274,-0.054642,0.00259,0.002169
0,-0.027951,-0.130524,0.221678,-0.242412,0.175609,-0.196545,0.000488,0.002278
0,-0.081201,-0.113842,-0.042069,0.004531,-0.081755,-0.029101,0.001417,0.001987
0,0.015684,-0.086948,0.112965,0.032344,0.143277,0.025427,0.000274,0.001518
0,-0.115221,-0.115543,-0.123311,-0.043875,-0.09457,-0.088667,0.002011,0.002017
0,-0.014822,0.106435,0.105459,0.244875,0.138779,0.210096,0.000259,0.001858
0,0.129459,0.165023,0.143685,0.050646,0.144132,0.088824,0.002259,0.00288
0,0.050012,-0.120629,-0.101827,-0.28997,-0.144219,-0.326629,0.000873,0.002105
0,-0.07828,0.102787,-0.105231,0.218125,-0.123911,0.231277,0.001366,0.001794
0,0.039278,-0.117189,0.087697,-0.227266,0.110444,-0.225543,0.000686,0.002045
0,-0.037496,-0.039911,-0.071998,0.051859,-0.052633,0.030121,0.000654,0.000697
0,0.17342,-0.082517,0.212126,-0.013078,0.203717,0.009991,0.003027,0.00144
0,0.018793,0.115669,-0.128664,0.212431,-0.172586,0.224624,0.000328,0.002019
0,0.119553,0.147353,0.085073,0.052474,0.108385,0.011614,0.002087,0.002572
0,0.123709,-0.095643,-0.004845,-0.232253,0.0331,-0.242739,0.002159,0.001669
0,0.042741,-0.012838,-0.056725,0.056275,-0.043445,0.065858,0.000746,0.000224
0,0.155905,-0.01782,0.097337,-0.019516,0.123247,0.014345,0.002721,0.000311
0,-0.05803,0.066946,-0.195683,0.110656,-0.19231,0.073418,0.001013,0.001168
0,0.177379,0.001922,0.225677,-0.073634,0.186412,-0.048131,0.003096,3.4e-05
0,0.161155,-0.10885,-0.038652,-0.122356,-0.019422,-0.114413,0.002813,0.0019
0,0.067012,-0.076575,-0.081453,0.034356,-0.034773,-0.003212,0.00117,0.001336
0,0.260442,0.062611,0.202243,0.161024,0.233948,0.175816,0.002145,0.001093
0,-0.018879,0.077636,-0.307722,-0.010006,-0.286014,-0.023794,0.000329,0.001355
0,0.257581,0.013295,0.251914,-0.051132,0.228848,-0.03253,0.002195,0.000232
0,0.169668,-0.079595,-0.08927,-0.07548,-0.100812,-0.107892,0.002961,0.001389
0,0.011711,0.069021,-0.149239,0.12777,-0.159657,0.16274,0.000204,0.001205
0,0.095382,0.065552,0.070327,-0.014335,0.021486,-0.015459,0.001665,0.001144
0,0.187369,-0.08228,0.104766,-0.159103,0.077411,-0.154153,0.00327,0.001436
0,0.142437,-0.098646,-0.034398,-0.030706,-0.044552,0.019031,0.002486,0.001722
0,0.12004,0.032101,-0.032924,0.136325,-0.049452,0.097169,0.002095,0.00056
0,0.244339,0.077743,0.144183,0.027314,0.136558,-0.001153,0.002426,0.001357
0,0.133538,-0.014232,-0.138588,-0.077293,-0.172874,-0.028339,0.002331,0.000248
0,0.262032,-0.073301,0.129287,-0.038135,0.17369,-0.021682,0.002118,0.001279
0,0.254,-0.013932,-0.029126,0.081086,0.004017,0.035222,0.002258,0.000243
0,0.31522,0.040831,0.047264,0.069338,0.011878,0.073728,0.001189,0.000713
0,0.181896,-0.072948,-0.110639,-0.110125,-0.068939,-0.119989,0.003175,0.001273
0,0.257287,0.037393,0.054909,0.098531,0.006908,0.076748,0.0022,0.000653
0,0.105801,0.057166,-0.13688,0.04756,-0.097868,0.018051,0.001847,0.000998
0,0.9643,0.231623,0.839566,0.16268,0.80982,0.125398,0.003242,0.002648
0,1.262185,0.284175,0.324816,0.082161,0.314169,0.115854,0.001957,0.001731
0,1.213867,0.612228,-0.030664,0.315073,0.000623,0.30824,0.001114,0.002696
0,0.972007,0.605102,-0.232298,-0.002282,-0.232348,-0.032528,0.003108,0.002821
0,0.562233,0.340503,-0.394105,-0.268237,-0.415248,-0.241758,0.003122,0.000748
0,0.560946,0.153891,-0.003592,-0.157961,-0.042979,-0.1242,0.0031,0.002686
0,0.41847,0.231342,-0.149801,0.048489,-0.166745,0.030324,0.000613,0.002653
0,0.381756,0.086985,-0.051502,-0.149579,-0.043328,-0.16149,2.8e-05,0.001518
0,0.255331,-0.035566,-0.116419,-0.120295,-0.080937,-0.103979,0.002234,0.000621
0,-0.079436,-0.045642,-0.321293,-0.032351,-0.31661,-0.069035,0.001386,0.000797
0,-0.171995,-0.016552,-0.08977,0.019779,-0.051916,0.034862,0.003002,0.000289
0,-0.044146,0.036247,0.147103,0.024735,0.122582,0.070761,0.000771,0.000633
0,-0.071701,0.059475,-0.000103,0.04382,-0.005945,0.020092,0.001251,0.001038
0,-0.101693,0.058253,-0.027271,-0.006155,-0.054463,-0.034731,0.001775,0.001017
0,-0.153672,0.150109,-0.047337,0.100839,-0.08244,0.132881,0.002682,0.00262
0,-0.178365,0.141639,-0.024552,0.00138,-0.025854,-0.046662,0.003113,0.002472
0,-0.189,0.001339,-0.027499,-0.129983,-0.048588,-0.163698,0.003299,2.3e-05
0,-0.227349,-0.069613,-0.034602,-0.09219,-0.032225,-0.100832,0.002723,0.001215
0,-0.068837,-0.115131,0.18171,-0.019949,0.228936,-0.04189,0.001201,0.002009
0,-0.268028,-0.038089,-0.178512,0.086781,-0.15354,0.092,0.002013,0.000665
0,0.051272,0.103751,0.336514,0.139001,0.31233,0.115759,0.000895,0.001811
0,0.019193,0.004154,-0.056785,-0.114351,-0.014378,-0.122563,0.000335,7.3e-05
0,-0.030839,0.035166,-0.068838,0.045613,-0.039904,0.01408,0.000538,0.000614
0,0.029017,-0.068355,0.062084,-0.124952,0.024529,-0.17203,0.000506,0.001193
0,0.025982,0.12115,-0.020783,0.194332,-0.035523,0.160484,0.000453,0.002114
0,-0.107827,0.01745,-0.113661,-0.074203,-0.123331,-0.112647,0.001882,0.000305
0,-0.20922,-0.04014,-0.123478,-0.046107,-0.130456,-0.088139,0.003039,0.000701
0,0.04529,0.088699,0.239592,0.131441,0.280144,0.165671,0.00079,0.001548
0,-0.114398,-0.011608,-0.147021,-0.125207,-0.165324,-0.121726,0.001997,0.000203
0,-0.114723,0.015581,-0.009165,0.025146,-0.044773,0.058138,0.002002,0.000272
0,0.023016,-0.034628,0.165222,-0.076499,0.120508,-0.125483,0.000402,0.000604
0,0.131304,0.103529,0.11728,0.124611,0.150884,0.074728,0.002292,0.001807
0,0.037899,-0.049431,-0.071576,-0.12489,-0.098102,-0.112117,0.000661,0.000863
0,-0.073532,0.090291,-0.128465,0.117323,-0.164583,0.074228,0.001283,0.001576
0,0.127714,-0.020344,0.230691,-0.083537,0.266597,-0.085864,0.002229,0.000355
0,0.016485,0.108447,-0.093364,0.098994,-0.105634,0.113374,0.000288,0.001893
0,0.020247,-0.106783,-0.014096,-0.240986,-0.029279,-0.215486,0.000353,0.001864
0,-0.034399,-0.030385,-0.072038,0.074605,-0.080408,0.049603,0.0006,0.00053
0,0.14145,-0.071198,0.201492,-0.067596,0.173608,-0.062664,0.002469,0.001243
0,-0.071273,0.120099,-0.224892,0.162128,-0.26918,0.175526,0.001244,0.002096
0,0.05088,0.004701,0.14411,-0.093048,0.119609,-0.078207,0.000888,8.2e-05
0,-0.068615,-0.095879,-0.095632,-0.126431,-0.088077,-0.101671,0.001198,0.001673
0,-0.019303,0.126705,0.035128,0.238324,0.028341,0.193016,0.000337,0.002211
0,0.01272,-0.067466,0.051274,-0.175572,0.073887,-0.217491,0.000222,0.001178
0,-0.013235,0.136894,-0.008951,0.206383,-0.005261,0.211542,0.000231,0.002389
0,0.184894,-0.084848,0.18463,-0.221821,0.138135,-0.19143,0.003227,0.001481
0,-0.023917,0.005245,-0.185688,0.113023,-0.181199,0.126923,0.000417,9.2e-05
0,-0.053506,0.003905,-0.006705,0.020556,-0.04407,0.011587,0.000934,6.8e-05
0,0.101674,0.021707,0.13954,-0.004988,0.116683,-0.050799,0.001775,0.000379
0,-0.056724,0.034995,-0.153317,0.008522,-0.118718,-0.036152,0.00099,0.000611
0,-0.078473,0.040318,-0.003141,-0.013157,-0.038371,-0.051582,0.00137,0.000704
0,-0.141774,-0.08858,-0.036186,-0.135318,-0.058907,-0.171822,0.002474,0.001546
0,-0.081936,-0.035487,0.041463,0.081701,0.083872,0.064711,0.00143,0.000619
0,-0.10323,0.047258,-0.017011,0.084896,-0.013748,0.124499,0.001802,0.000825
0,-0.008246,0.162787,0.115495,0.095418,0.066963,0.054387,0.000144,0.002841
0,-0.029741,0.100506,-0.049886,-0.05395,-0.005944,-0.062343,0.000519,0.001754
0,0.026413,-0.075284,0.027865,-0.189137,0.022961,-0.181007,0.000461,0.001314
0,-0.037021,0.052987,-0.037579,0.124044,-0.061212,0.165942,0.000646,0.000925
0,0.080624,0.112611,0.124652,0.03592,0.105762,-0.005093,0.001407,0.001965
0,-0.0326,-0.089848,-0.092348,-0.194251,-0.064675,-0.146692,0.000569,0.001568
0,0.239767,-0.117129,0.278376,-0.029564,0.268888,0.016416,0.002506,0.002044
0,0.011428,0.074097,-0.249478,0.191196,-0.253343,0.212268,0.000199,0.001293
0,0.116353,-0.071804,0.122295,-0.148717,0.140544,-0.109368,0.002031,0.001253
0,-0.133735,0.018064,-0.220145,0.116911,-0.25423,0.068127,0.002334,0.000315
0,-0.042196,0.023635,0.076005,-0.005173,0.097838,0.042456,0.000736,0.000413
0,0.156503,0.145777,0.207888,0.10946,0.209518,0.084222,0.002731,0.002544
0,0.143069,0.145215,0.007268,-0.016257,0.033042,-0.029324,0.002497,0.002534
0,0.033902,-0.097432,-0.082439,-0.237321,-0.067733,-0.202253,0.000592,0.001701
0,-0.104085,0.075884,-0.148928,0.199719,-0.133887,0.175138,0.001817,0.001324
0,-0.054112,0.10299,0.068599,0.012068,0.024738,0.029502,0.000944,0.001798
0,0.015086,-0.067303,0.05941,-0.163521,0.012636,-0.162456,0.000263,0.001175
0,0.015336,-0.108755,0.017816,-0.04231,0.01775,-0.006505,0.000268,0.001898
0,-0.053338,-0.118201,-0.091519,-0.026133,-0.141284,-0.00243,0.000931,0.002063
0,0.13195,0.156361,0.180752,0.247002,0.139418,0.273765,0.002303,0.002729
0,-0.091177,0.130484,-0.231905,-0.025225,-0.188743,0.008229,0.001591,0.002277
0,0.007317,-0.001261,0.116916,-0.119841,0.072457,-0.121144,0.000128,2.2e-05
0,-0.108075,0.04677,-0.137907,0.031456,-0.135602,0.004532,0.001886,0.000816
0,0.025431,-0.073118,0.112047,-0.14678,0.086827,-0.1457,0.000444,0.001276
0,0.028602,0.191719,-0.006425,0.250517,-0.002013,0.207907,0.000499,0.003345
0,0.057405,0.138689,0.057105,-0.025794,0.009259,-0.049189,0.001002,0.002421
0,0.092932,-0.021642,0.063911,-0.132335,0.083711,-0.179837,0.001622,0.000378
0,-0.043321,0.043695,-0.15583,0.074977,-0.157417,0.034871,0.000756,0.000763
0,0.004739,0.035397,0.073955,0.010017,0.048528,-0.024797,8.3e-05,0.000618
0,0.000574,0.098912,0.024635,0.034975,0.026101,0.016168,1e-05,0.001726
0,0.012667,-0.054085,0.001376,-0.154823,0.002274,-0.119788,0.000221,0.000944
0,-0.243683,0.109454,-0.281244,0.181866,-0.298,0.145914,0.002438,0.00191
0,0.045809,0.057904,0.2983,-0.068888,0.294937,-0.030986,0.0008,0.001011
0,-0.018017,-0.0314,-0.056057,-0.071144,-0.045275,-0.059677,0.000314,0.000548
0,0.060244,0.011806,0.096616,0.068033,0.046875,0.105117,0.001051,0.000206
0,-0.080807,-0.123183,-0.159867,-0.15719,-0.1123,-0.157002,0.00141,0.00215
0,0.110928,0.05675,0.18708,0.150536,0.142299,0.162918,0.001936,0.00099
0,0.016523,0.048707,-0.115488,-0.031155,-0.091476,-0.071923,0.000288,0.00085
0,-0.080441,0.16289,-0.082065,0.110244,-0.071585,0.131918,0.001404,0.002843
0,0.121381,-0.088118,0.20886,-0.236493,0.178416,-0.213475,0.002119,0.001538
0,0.094119,-0.034826,-0.01133,0.038029,0.000759,0.055493,0.001643,0.000608
0,0.003069,0.035895,-0.113107,0.0692,-0.147991,0.101336,5.4e-05,0.000626
0,0.089551,0.055096,0.095774,0.028468,0.140037,-0.018799,0.001563,0.000962
0,-0.020123,0.061961,-0.127124,-0.01765,-0.14619,-0.029969,0.000351,0.001081
0,0.032791,0.039974,0.049788,-0.046237,0.007682,-0.088303,0.000572,0.000698
0,0.105488,-0.031003,0.049462,-0.069813,0.04649,-0.078743,0.001841,0.000541
0,0.123148,-0.160649,0.027499,-0.121319,0.067475,-0.085153,0.002149,0.002804
0,0.17243,-0.032756,0.053631,0.125532,0.070717,0.165503,0.003009,0.000572
0,0.202779,0.124205,0.051007,0.128691,0.096759,0.176189,0.003152,0.002168
0,0.065301,0.13483,-0.134492,0.038964,-0.136683,0.024736,0.00114,0.002353
0,0.137656,0.064601,0.10175,-0.070497,0.090779,-0.093615,0.002403,0.001128
0,0.011077,0.104048,-0.115535,0.026248,-0.106186,-0.019969,0.000193,0.001816
0,0.026824,-0.112081,0.009061,-0.205887,4e-05,-0.168711,0.000468,0.001956
0,-0.012851,-0.016165,-0.028924,0.077601,0.013925,0.076722,0.000224,0.000282
0,0.112491,-0.085833,0.113949,-0.048796,0.098663,-0.059352,0.001963,0.001498
0,0.122627,-0.167235,0.005422,-0.080494,-0.028658,-0.11618,0.00214,0.002919
0,0.097376,-0.035879,-0.029597,0.149516,-0.054024,0.140237,0.0017,0.000626
0,0.217422,-0.019046,0.133577,-0.003266,0.123792,0.041101,0.002896,0.000332
0,0.28435,-0.045945,0.05767,-0.032678,0.014462,-0.041411,0.001728,0.000802
0,0.141185,-0.093776,-0.121697,-0.0179,-0.087294,0.010435,0.002464,0.001637
0,0.008323,0.069471,-0.151874,0.151995,-0.200452,0.12336,0.000145,0.001212
0,0.045765,0.020311,0.064963,-0.037748,0.032042,-0.023353,0.000799,0.000354
0,0.008547,0.006405,-0.036992,-0.034327,0.002479,-0.061862,0.000149,0.000112
0,1.974812,0.296514,1.986295,0.276924,2.031904,0.313878,0.001013,0.001516
0,3.701968,0.251073,1.738977,-0.043959,1.754932,-0.067245,0.002297,0.002309
0,4.032826,0.298001,0.303359,0.059909,0.266064,0.066838,0.003213,0.00149
0,4.579084,0.352888,0.569647,0.074275,0.562857,0.070703,0.00037,0.000532
0,3.990744,0.386684,-0.591337,0.009515,-0.6048,-0.002553,0.002743,5.8e-05
0,3.802576,0.249892,-0.187752,-0.134654,-0.218705,-0.122432,0.000541,0.002329
0,3.05302,0.187717,-0.750287,-0.064921,-0.756517,-0.03387,0.000241,0.003276
0,2.114805,0.177892,-0.940337,-0.037915,-0.948381,-0.081349,0.003235,0.003105
0,1.709824,0.309045,-0.425178,0.126236,-0.432801,0.126433,0.003079,0.001297
0,1.175939,-0.021737,-0.544354,-0.313354,-0.541847,-0.269341,0.000452,0.000379
0,1.275921,0.018111,0.092128,0.011234,0.085467,0.016268,0.002197,0.000316
0,1.002253,0.027081,-0.301343,0.004561,-0.27222,0.032782,0.00258,0.000473
0,1.102471,0.202116,0.124441,0.148637,0.126695,0.172158,0.000831,0.003163
0,0.970328,0.001282,-0.148454,-0.173264,-0.119072,-0.129211,0.003137,2.2e-05
0,1.020426,0.027107,0.068808,0.012344,0.06143,-0.015433,0.002263,0.000473
0,1.094734,0.010073,0.081559,-0.013685,0.099393,-0.046603,0.000966,0.000176
0,0.885823,0.111266,-0.184878,0.115684,-0.176204,0.075874,0.002079,0.001942
0,1.020983,-0.040895,0.121739,-0.173911,0.072904,-0.17651,0.002253,0.000714
0,0.667744,0.144751,-0.341081,0.209691,-0.372872,0.164385,0.001727,0.002526
0,0.746106,0.203185,0.060256,0.031676,0.011415,0.060271,0.00036,0.003145
0,0.802221,0.247658,0.083215,0.072409,0.090954,0.105619,0.00062,0.002368
0,0.689132,0.018537,-0.090752,-0.219402,-0.092281,-0.256358,0.001354,0.000324
0,0.791307,0.012295,0.112677,-0.030972,0.064374,-0.057698,0.000429,0.000215
0,0.527784,0.01148,-0.265139,0.026791,-0.278324,0.017153,0.002521,0.0002
0,0.515993,-0.06259,-0.014709,-0.049315,-0.004838,-0.077857,0.002315,0.001092
0,0.491215,-0.07583,-0.003382,-0.022932,-0.009277,-0.049666,0.001882,0.001323
0,0.511084,0.112349,0.020634,0.162856,0.057546,0.13771,0.002229,0.001961
0,0.571319,-0.022432,0.035697,-0.121208,0.064521,-0.098076,0.003281,0.000392
0,0.461111,-0.031177,-0.137706,-0.016391,-0.092723,-0.065963,0.001357,0.000544
0,0.505773,0.175581,0.051489,0.221208,0.036978,0.217701,0.002137,0.003064
0,0.543436,0.099395,0.02565,-0.074997,0.034512,-0.092656,0.002794,0.001735
0,0.285106,0.118857,-0.270822,0.011176,-0.269753,-0.033898,0.001715,0.002074
0,0.378063,0.138493,0.093305,-0.001746,0.13639,-0.007803,9.2e-05,0.002417
0,0.357362,-0.000423,-0.023968,-0.134538,-0.009747,-0.160919,0.000454,7e-06
0,0.284533,-0.07491,-0.058552,-0.055307,-0.060332,-0.100892,0.001725,0.001307
0,0.333648,-0.144863,0.035667,-0.08482,0.049588,-0.104506,0.000868,0.002528
0,0.362244,0.097202,0.042126,0.226582,0.041312,0.230134,0.000368,0.001696
0,0.149791,0.036767,-0.207394,-0.035833,-0.228954,-0.012638,0.002614,0.000642
0,0.328323,0.011881,0.188913,-0.009529,0.206586,0.008199,0.000961,0.000207
0,0.052821,0.107865,-0.263205,0.11634,-0.25105,0.102325,0.000922,0.001883
0,0.023115,-0.002887,-0.0232,-0.084225,-0.019205,-0.04041,0.000403,5e-05
0,0.022485,-0.127199,0.006362,-0.150882,0.003636,-0.103655,0.000392,0.00222
0,0.138625,-0.093911,0.137719,0.044848,0.184211,0.061311,0.002419,0.001639
0,0.095338,0.031599,-0.066835,0.13552,-0.031644,0.129316,0.001664,0.000552
0,0.240743,-0.008945,0.134061,-0.028226,0.112697,-0.014422,0.002489,0.000156
0,0.198722,-0.00502,-0.05678,-0.002161,-0.08661,0.022263,0.003222,8.8e-05
0,0.183627,0.104532,-0.008527,0.089601,-0.021364,0.069369,0.003205,0.001824
0,0.188233,-0.107269,-0.022807,-0.193923,-0.038714,-0.1848,0.003285,0.001872
0,0.328598,0.112199,0.147441,0.246923,0.174368,0.272545,0.000956,0.001958
0,0.179941,-0.096656,-0.157657,-0.187634,-0.147845,-0.208161,0.003141,0.001687
0,0.163953,-0.088866,-0.042038,-0.003255,-0.047925,0.014148,0.002862,0.001551
0,0.272029,0.093603,0.089439,0.15989,0.135551,0.169854,0.001943,0.001634
0,0.243151,0.156426,-0.009926,0.048984,0.020767,0.005621,0.002447,0.00273
0,0.002804,0.004039,-0.267732,-0.159014,-0.317286,-0.112282,4.9e-05,7e-05
0,-4.585078,-1.671047,-4.610366,-1.685279,-4.634343,-1.686242,0.000265,0.002402
0,-5.88736,-1.856296,-1.281653,-0.187023,-1.306205,-0.201481,0.002392,0.001056
0,-6.1146,-1.817195,-0.219048,0.044638,-0.230638,0.060444,0.000333,0.001738
0,-5.966097,-1.904836,0.164678,-0.064503,0.115865,-0.055741,0.002925,0.000208
0,-6.581547,-1.533597,-0.609678,0.393831,-0.588633,0.363373,0.001126,3e-06
0,-6.178648,-1.066538,0.432077,0.482169,0.384636,0.477154,0.000785,0.001458
0,-5.497075,-0.579101,0.689288,0.513497,0.737739,0.514873,0.002271,0.003274
0,-5.109345,-0.598006,0.373962,-0.001558,0.350257,0.047264,0.002194,0.002944
0,-3.913323,-0.457079,1.181589,0.159057,1.145434,0.190816,0.001392,0.001287
0,-2.957127,-0.274243,0.951832,0.195945,0.975059,0.177972,0.001915,0.001904
0,-1.98954,-0.163977,0.951337,0.092892,0.944799,0.128366,0.00127,0.002862
0,-1.079274,0.133569,0.909157,0.305566,0.943462,0.313666,0.001236,0.002331
0,-0.278354,0.327163,0.817872,0.181807,0.826093,0.171368,0.001833,0.000981
0,0.135159,0.188773,0.427186,-0.113656,0.460024,-0.071993,0.002359,0.003295
0,0.284963,0.230044,0.156568,0.053559,0.161039,0.004556,0.001717,0.002676
0,0.444718,0.173152,0.13722,-0.08579,0.138614,-0.045722,0.001071,0.003022
0,0.752413,0.066535,0.288097,-0.084814,0.268324,-0.128813,0.00025,0.001161
0,0.673374,0.07314,-0.053324,0.031804,-0.015038,0.078587,0.001629,0.001277
0,0.642896,0.045761,-0.027092,-0.012915,-0.009989,0.021579,0.002161,0.000799
0,0.764595,0.138275,0.118565,0.077827,0.121931,0.065745,3.7e-05,0.002413
0,0.471063,0.206921,-0.269723,0.041362,-0.235042,0.001951,0.001531,0.003079
0,0.28339,-0.063002,-0.182734,-0.290151,-0.213232,-0.305157,0.001745,0.0011
0,0.3001,-0.031014,0.037598,0.024538,0.039779,0.030517,0.001453,0.000541
0,0.235403,0.188846,-0.088667,0.239872,-0.053359,0.220387,0.002582,0.003296
0,0.049404,-0.015028,-0.185069,-0.218566,-0.210147,-0.227362,0.000862,0.000262
0,-0.163331,0.048382,-0.184073,0.055292,-0.216673,0.073721,0.002851,0.000844
0,0.090524,0.137619,0.281941,0.110072,0.331251,0.150697,0.00158,0.002402
0,0.098899,0.131473,-6.8e-05,0.018267,0.049373,0.028713,0.001726,0.002295
0,0.024539,-0.093368,-0.096391,-0.21764,-0.073027,-0.240178,0.000428,0.00163
0,0.045164,-0.033369,0.021696,0.054641,0.003572,0.102694,0.000788,0.000582
0,-0.154656,-0.034744,-0.207129,-0.017632,-0.207518,-0.005278,0.002699,0.000606
0,-0.011667,0.004062,0.128411,0.011947,0.157659,0.044363,0.000204,7.1e-05
0,-0.128199,-0.001208,-0.119651,0.015505,-0.112227,0.020827,0.002237,2.1e-05
0,-0.143031,0.14821,-0.041976,0.176638,-0.073006,0.208471,0.002496,0.002587
0,-0.068551,0.116938,0.080508,-0.019537,0.05214,-0.02503,0.001196,0.002041
0,0.04777,0.131487,0.118878,0.03757,0.145699,0.085575,0.000834,0.002295
0,0.018658,-0.086795,-0.006281,-0.222015,-0.013683,-0.184999,0.000326,0.001515
0,-0.0838,0.000194,-0.08217,0.110242,-0.081495,0.061832,0.001463,3e-06
0,-0.071076,0.135566,0.030712,0.148328,0.008717,0.109349,0.001241,0.002366
0,-0.05892,-0.159691,0.01613,-0.287201,0.016063,-0.255165,0.001028,0.002787
0,-0.001153,-0.112811,0.06302,0.076004,0.02709,0.035722,2e-05,0.001969
0,-0.226233,-0.044342,-0.232474,0.096285,-0.20479,0.104597,0.002742,0.000774
0,-0.02087,0.038927,0.205457,0.082175,0.221229,0.097966,0.000364,0.000679
0,-0.200407,0.161971,-0.151931,0.114792,-0.113478,0.096656,0.003193,0.002827
0,-0.130899,0.118307,0.078947,-0.030091,0.042308,-0.005058,0.002285,0.002065
0,-0.020296,0.010513,0.132638,-0.128489,0.155651,-0.093596,0.000354,0.000183
0,-0.20939,0.132327,-0.211016,0.116255,-0.192813,0.066505,0.003036,0.00231
0,-0.209741,-0.023569,-0.011232,-0.153575,-0.045272,-0.116907,0.00303,0.000411
0,-0.207117,-0.085767,-0.004666,-0.032919,0.041225,-0.0808,0.003076,0.001497
0,-0.131109,-0.160533,0.088514,-0.0842,0.055693,-0.11626,0.002288,0.002802
0,-0.041642,0.103438,0.115302,0.269177,0.065576,0.293506,0.000727,0.001805
0,-0.027331,0.008022,0.032472,-0.120766,0.059004,-0.138158,0.000477,0.00014
0,-0.322843,-0.07815,-0.266418,-0.109147,-0.275353,-0.124094,0.001056,0.001364
0,-0.110139,0.115623,0.228271,0.192454,0.206829,0.164573,0.001922,0.002018
0,-0.051416,-0.093506,0.076177,-0.210283,0.119631,-0.18405,0.000897,0.001632
0,-0.153824,0.080571,-0.08446,0.154557,-0.04509,0.126989,0.002685,0.001406
0,-0.091715,0.08623,0.042373,0.016588,0.02484,-0.023602,0.001601,0.001505
0,-0.055325,-0.080518,0.044363,-0.156675,0.048276,-0.159067,0.000966,0.001405
0,3.180361,0.293141,3.22806,0.400379,3.188554,0.432881,0.001981,0.001575
0,4.104543,1.001781,0.897171,0.714777,0.914442,0.721491,0.001961,0.002588
0,4.384961,1.175655,0.259674,0.153966,0.274539,0.119729,0.002933,0.000447
0,3.661426,1.000391,-0.721065,-0.18315,-0.689302,-0.159759,0.003004,0.002612
0,3.384197,0.846193,-0.280552,-0.154136,-0.248517,-0.119693,0.001152,0.001387
0,2.774131,0.7415,-0.629592,-0.115906,-0.58936,-0.115593,0.001582,0.00044
0,2.314246,0.402606,-0.432903,-0.35352,-0.385832,-0.324195,0.000246,0.000336
0,1.59841,0.290329,-0.737168,-0.139774,-0.692776,-0.108668,0.001134,0.001624
0,0.987669,0.22851,-0.610246,-0.063572,-0.635187,-0.059081,0.002834,0.002703
0,0.140672,0.046084,-0.853757,-0.181614,-0.859444,-0.183717,0.002455,0.000804
0,0.219352,0.065507,0.084906,0.01655,0.103818,0.053122,0.002862,0.001143
0,-0.268938,-0.199748,-0.511458,-0.249286,-0.54664,-0.296891,0.001997,0.003205
0,-0.177777,-0.112761,0.093845,0.101565,0.063655,0.107011,0.003103,0.001968
0,-0.32336,-0.130005,-0.13854,-0.020783,-0.102859,0.028488,0.001047,0.002269
0,-0.368937,-0.127547,-0.061769,-0.002551,-0.017055,-0.049196,0.000252,0.002226
0,-0.321503,-0.160375,0.026095,-0.047968,0.026937,-0.05424,0.00108,0.002799
0,-0.459654,-0.176279,-0.129604,-0.031987,-0.158084,-0.032591,0.001332,0.003077
0,-0.346265,-0.195716,0.140603,0.007979,0.113593,0.04347,0.000647,0.003275
0,-0.206428,-0.137763,0.117118,0.057619,0.099283,0.07556,0.003088,0.002404
0,-0.073824,0.040263,0.120716,0.153021,0.149197,0.112009,0.001288,0.000703
0,-0.041915,0.002577,0.039492,-0.040504,0.019816,-0.011278,0.000732,4.5e-05
0,-0.061056,0.051068,-0.032836,0.056108,-0.04066,0.056309,0.001066,0.000891
0,-0.105046,-0.017333,-0.046214,-0.086654,-0.007654,-0.108995,0.001833,0.000303
0,-0.076375,-0.104863,0.030377,-0.058801,0.055829,-0.084013,0.001333,0.00183
0,0.060283,-0.157546,0.123542,-0.035327,0.154668,-0.0402,0.001052,0.00275
0,0.014363,0.012545,-0.070432,0.160582,-0.046948,0.205399,0.000251,0.000219
0,-0.194084,-0.058088,-0.230486,-0.078129,-0.232666,-0.124987,0.003303,0.001014
0,-0.122791,-0.181248,0.04397,-0.106451,0.059214,-0.11639,0.002143,0.003163
0,0.106094,0.101185,0.257943,0.285312,0.217862,0.249663,0.001852,0.001766
0,0.16134,-0.138342,0.051837,-0.224596,0.079364,-0.1988,0.002816,0.002415
0,0.065078,0.011802,-0.10013,0.133343,-0.119216,0.128408,0.001136,0.000206
0,0.03065,0.075316,-0.042373,0.056655,-0.00199,0.10511,0.000535,0.001315
0,0.047267,-0.115833,0.044031,-0.194331,0.025379,-0.206561,0.000825,0.002022
0,-0.090422,-0.149404,-0.15491,-0.029428,-0.132107,-0.068398,0.001578,0.002608
0,-1.627808,0.112369,-1.521773,0.242724,-1.539136,0.245746,0.001647,0.001961
0,-3.193326,0.205352,-1.575798,0.114029,-1.561693,0.142975,0.002208,0.003107
0,-4.038284,0.147144,-0.819356,-0.067762,-0.857559,-0.021876,0.003118,0.002568
0,-3.733795,0.053737,0.282045,-0.091635,0.236082,-0.071782,0.001741,0.000938
0,-3.448697,0.235259,0.285118,0.189866,0.326404,0.143617,2.6e-05,0.002585
0,-2.490524,0.178877,0.953845,-0.032124,0.925179,-0.035413,0.003323,0.003122
0,-2.150842,-0.058165,0.338558,-0.252715,0.343021,-0.244346,0.002606,0.001015
0,-2.163678,-0.70703,0.000952,-0.619244,-0.010636,-0.575801,0.002382,0.001042
0,-1.920772,-1.963229,0.24061,-1.2608,0.264133,-1.268476,7e-05,0.000811
0,-1.92064,-2.021585,-0.028456,-0.070728,-0.016263,-0.084923,6.7e-05,0.001829
0,-1.312022,-2.257701,0.583743,-0.218356,0.620039,-0.180596,0.002827,0.000741
0,-0.941025,-2.269378,0.396668,-0.01075,0.350809,0.000521,0.003042,0.000537
0,-0.672035,-1.668859,0.259087,0.609197,0.293792,0.632973,0.001652,0.002364
0,-0.374143,-1.285905,0.274377,0.40675,0.243879,0.386872,0.000161,0.002371
0,0.040406,-0.952476,0.424258,0.345656,0.387501,0.355987,0.000705,0.003242
0,0.122508,-0.473552,0.081634,0.459648,0.046374,0.436992,0.002138,0.001574
0,0.158252,0.058121,0.017331,0.539866,0.024673,0.583538,0.002762,0.001014
0,-0.032815,-0.093455,-0.220088,-0.137084,-0.251677,-0.14231,0.000573,0.001631
0,0.181466,0.016081,0.198098,0.113791,0.183958,0.088504,0.003167,0.000281
0,0.012189,0.074883,-0.185252,0.077232,-0.193666,0.114681,0.000213,0.001307
0,0.06531,0.309061,0.059383,0.213237,0.070619,0.187961,0.00114,0.001297
0,0.084819,0.113936,0.008995,-0.184138,0.019124,-0.136884,0.00148,0.001989
0,0.093619,0.140511,0.035209,0.042279,0.084615,0.088006,0.001634,0.002452
0,0.257407,0.184382,0.160675,0.039761,0.201291,0.046336,0.002198,0.003218
0,0.233556,0.236646,-0.012569,0.02744,-0.013947,0.050519,0.002614,0.002561
0,0.177713,0.289616,-0.077462,0.031725,-0.108992,0.020545,0.003102,0.001636
0,0.090121,0.22853,-0.070567,-0.033868,-0.102314,-0.002824,0.001573,0.002702
0,0.083543,0.09459,-0.000546,-0.105525,-0.027823,-0.093088,0.001458,0.001651
0,0.123997,0.255532,0.040545,0.158559,0.089507,0.177365,0.002164,0.002231
0,-0.063275,0.064792,-0.213119,-0.161003,-0.174116,-0.210437,0.001104,0.001131
0,-0.073377,0.169086,-0.016829,0.117535,-0.030972,0.124629,0.001281,0.002951
0,0.1123,0.176033,0.197386,0.003427,0.209408,0.052655,0.00196,0.003072
0,-0.078448,0.060062,-0.17677,-0.098166,-0.134662,-0.138172,0.001369,0.001048
0,-0.042712,-0.020122,0.052115,-0.066872,0.003297,-0.024805,0.000745,0.000351
0,0.170116,-0.024169,0.223018,0.0116,0.206583,0.057466,0.002969,0.000422
0,0.016868,0.141487,-0.182103,0.163311,-0.162846,0.124268,0.000294,0.002469
0,0.064429,0.076926,0.046001,-0.080769,0.044994,-0.117616,0.001125,0.001343
0,0.019216,-0.050824,-0.074032,-0.155104,-0.042214,-0.127089,0.000335,0.000887
0,-0.041587,0.075693,-0.062011,0.104679,-0.052653,0.101366,0.000726,0.001321
0,-0.180188,-0.094388,-0.131305,-0.158473,-0.103704,-0.198721,0.003145,0.001647
0,0.069103,0.107896,0.278283,0.211409,0.309028,0.17013,0.001206,0.001883
0,-0.004068,-0.036189,-0.074649,-0.125843,-0.079904,-0.17281,7.1e-05,0.000632
0,0.126795,-0.091462,0.150389,-0.081609,0.136468,-0.063665,0.002213,0.001596
0,-0.055122,0.021321,-0.153225,0.108764,-0.120077,0.147806,0.000962,0.000372
0,-0.055752,-0.132928,-0.018797,-0.181298,0.007761,-0.144666,0.000973,0.00232
0,0.068229,0.006019,0.138367,0.125429,0.140752,0.151457,0.001191,0.000105
0,-0.013082,0.081133,-0.071211,0.09965,-0.088873,0.053749,0.000228,0.001416
0,-0.034769,0.019116,-0.013471,-0.090615,0.033696,-0.07904,0.000607,0.000334
0,0.116096,-0.030131,0.139866,-0.061291,0.100665,-0.035021,0.002026,0.000526
0,0.10422,0.086424,-0.010537,0.103317,-0.039933,0.140944,0.001819,0.001508
0,-0.017313,-0.033006,-0.145787,-0.099164,-0.127721,-0.055978,0.000302,0.000576
0,0.083665,0.114983,0.085395,0.159941,0.103653,0.162894,0.00146,0.002007
0,0.109523,-0.158056,0.032239,-0.243594,-0.003773,-0.247262,0.001912,0.002759
0,-0.087873,-0.040153,-0.211028,0.142151,-0.22696,0.178303,0.001534,0.000701
0,-0.101956,0.121223,0.005427,0.14448,-0.001086,0.146545,0.001779,0.002116
0,-0.042572,0.041314,0.04546,-0.050106,0.038595,-0.06624,0.000743,0.000721
0,-0.006755,0.164468,0.013475,0.109412,-0.024438,0.079483,0.000118,0.002871
0,-0.029705,0.127893,-0.033521,-0.018371,-0.070526,0.000567,0.000518,0.002232
0,-0.230463,0.029368,-0.227039,-0.115112,-0.254186,-0.103736,0.002668,0.000513
0,-0.028083,-0.166015,0.185009,-0.175184,0.228601,-0.171086,0.00049,0.002898
0,-0.273991,0.086142,-0.254272,0.263157,-0.241126,0.290391,0.001909,0.001503
0,-0.222791,-0.110375,0.037431,-0.202572,0.069439,-0.222004,0.002802,0.001926
0,-0.251351,0.107205,-0.049529,0.23719,-0.026256,0.233824,0.002304,0.001871
0,-0.21707,-0.161823,0.040471,-0.242391,0.010268,-0.27689,0.002902,0.002824
0,-0.226347,-0.140094,-0.008466,0.016277,0.009733,0.024429,0.00274,0.002445
0,-0.120227,0.07344,0.130769,0.194552,0.08779,0.155219,0.002098,0.001282
0,-0.217775,-0.083193,-0.083259,-0.178734,-0.038969,-0.217516,0.00289,0.001452
0,-0.130064,-0.135475,0.073255,-0.057227,0.098759,-0.049403,0.00227,0.002364
0,-0.092657,-0.090432,0.008225,0.045446,0.002057,0.052128,0.001617,0.001578
0,-0.039765,0.009411,0.070659,0.076624,0.042511,0.095596,0.000694,0.000164
0,0.092407,0.083033,0.110371,0.052101,0.160204,0.038223,0.001613,0.001449
0,-0.050782,0.164482,-0.121104,0.051567,-0.091691,0.042672,0.000886,0.002871
0,0.137312,0.012713,0.197525,-0.140202,0.199606,-0.094997,0.002397,0.000222
0,0.096954,0.121219,-0.055888,0.126263,-0.095426,0.107771,0.001692,0.002116
0,-0.034328,0.190192,-0.13352,0.087874,-0.145265,0.081205,0.000599,0.003319
0,-0.047932,0.099155,-0.025325,-0.082796,-0.042313,-0.119099,0.000837,0.001731
0,0.018252,-0.040182,0.062771,-0.132478,0.068942,-0.164835,0.000319,0.000701
0,-0.044956,-0.100731,-0.091262,-0.032338,-0.130582,0.004345,0.000785,0.001758
0,-0.021021,-0.070288,0.038022,0.008995,0.061062,-0.009107,0.000367,0.001227
0,-1.484494,-0.297519,-1.483169,-0.221569,-1.530708,-0.207928,0.000854,0.001498
0,-2.304014,-0.4257,-0.830967,-0.116146,-0.831992,-0.12574,6.8e-05,0.000739
0,-4.418155,-0.362578,-2.127939,0.060028,-2.100847,0.071681,0.003178,0.000363
0,-3.655929,-0.5596,0.732886,-0.178057,0.711776,-0.187462,0.0031,0.003076
0,-3.051754,-0.476782,0.6245,0.060546,0.629772,0.085423,0.000263,0.001631
0,-2.545349,-0.214018,0.480124,0.252325,0.461475,0.20444,0.002411,0.002956
0,-1.893784,-0.348668,0.669097,-0.117893,0.714293,-0.099013,0.000401,0.000605
0,-1.153545,-0.221182,0.717566,0.115287,0.734168,0.122062,6.1e-05,0.00283
0,-0.972912,-0.219746,0.200614,-0.008,0.248206,-0.029096,0.003092,0.002856
0,-0.523111,-0.260674,0.429656,-0.052719,0.44886,-0.041457,0.002439,0.002141
0,-0.26435,-0.186028,0.267145,0.058573,0.269553,0.062702,0.002077,0.003247
0,-0.253806,0.024727,0.011898,0.227588,0.003479,0.191637,0.002261,0.000432
0,-0.110673,-0.054066,0.154535,-0.063203,0.167013,-0.109307,0.001932,0.000944
0,-0.04301,-0.174301,0.056866,-0.132503,0.015807,-0.122586,0.000751,0.003042
0,-0.148551,-0.199965,-0.122823,-0.044439,-0.136132,-0.021341,0.002593,0.003201
0,-0.252376,0.050383,-0.11328,0.263965,-0.133783,0.300441,0.002286,0.000879
0,-0.095992,-0.039807,0.147373,-0.115998,0.123106,-0.14047,0.001675,0.000695
0,-0.207405,-0.114014,-0.122665,-0.064443,-0.114971,-0.056583,0.003071,0.00199
0,-0.118552,-0.137092,0.076092,-0.035126,0.125653,-0.05774,0.002069,0.002393
0,-0.211938,-0.103863,-0.06826,0.008302,-0.105003,0.011117,0.002992,0.001813
0,0.020589,-0.108428,0.220081,0.011986,0.204806,-0.032121,0.000359,0.001892
0,-0.06624,-0.147758,-0.097014,-0.062469,-0.104067,-0.103118,0.001156,0.002579
0,-0.119436,0.016429,-0.04504,0.173975,-0.057804,0.213435,0.002085,0.000287
0,-0.071983,-0.059271,0.072953,-0.064875,0.117097,-0.063437,0.001256,0.001034
0,-0.076166,0.089122,-0.000525,0.135562,0.025636,0.179893,0.001329,0.001555
0,-0.07127,0.085968,0.026997,0.025088,0.038929,0.044187,0.001244,0.0015
0,-0.170308,0.132771,-0.123672,0.075626,-0.173526,0.094404,0.002972,0.002317
0,-0.129743,0.084495,0.069594,-0.055531,0.075153,-0.050556,0.002264,0.001475
0,-0.009459,-0.021182,0.098931,-0.082634,0.112208,-0.127383,0.000165,0.00037
0,0.115474,0.117199,0.150305,0.119134,0.121548,0.137658,0.002015,0.002046
0,-0.023066,0.117377,-0.134064,0.020984,-0.112191,0.026646,0.000403,0.002049
0,0.020811,-0.104551,0.025912,-0.238003,0.048715,-0.269291,0.000363,0.001825
0,0.194878,0.053389,0.200253,0.15714,0.202619,0.178967,0.00329,0.000932
0,0.147173,-0.102836,-0.023055,-0.140007,-0.042614,-0.113356,0.002569,0.001795
0,0.07609,0.045233,-0.092682,0.153414,-0.137513,0.1898,0.001328,0.000789
0,0.076913,-0.120725,0.021685,-0.162046,0.046555,-0.135086,0.001342,0.002107
0,0.064164,0.029749,-0.038961,0.121373,-0.041926,0.166475,0.00112,0.000519
0,0.012048,-0.025507,-0.040204,-0.066323,-0.019202,-0.027945,0.00021,0.000445
0,-0.014753,0.026151,-0.0389,0.054597,-0.022948,0.02833,0.000257,0.000456
0,0.049755,0.035344,0.07868,0.018355,0.103946,0.038256,0.000868,0.000617
0,0.238612,-0.031271,0.196428,-0.043294,0.189321,-0.037151,0.002526,0.000546
0,0.035353,0.02368,-0.227605,0.077271,-0.255215,0.074169,0.000617,0.000413
0,0.049397,0.08009,0.000796,0.074839,0.018289,0.07615,0.000862,0.001398
0,0.279102,-0.102737,0.216314,-0.179061,0.217282,-0.182234,0.00182,0.001793
0,0.281766,-0.070248,0.016651,0.043452,-0.031278,0.091289,0.001773,0.001226
0,-0.027709,0.034281,-0.314763,0.098312,-0.268857,0.102639,0.000484,0.000598
0,0.074314,0.134061,0.086378,0.084861,0.041319,0.098401,0.001297,0.00234
0,0.150194,0.02471,0.06784,-0.087265,0.104948,-0.103374,0.002621,0.000431
0,0.25985,-0.020121,0.099911,-0.026497,0.123036,0.012972,0.002156,0.000351
0,0.278196,-0.006502,0.004322,0.007146,0.022469,0.017548,0.001835,0.000113
0,0.233779,-0.146051,-0.065846,-0.124342,-0.094954,-0.132238,0.002611,0.002549
0,0.158649,-0.112285,-0.102919,0.019711,-0.087696,-0.00683,0.002769,0.00196
0,0.073873,0.030171,-0.057977,0.131685,-0.088634,0.086289,0.001289,0.000527
0,0.211588,-0.071586,0.161341,-0.119607,0.202364,-0.085536,0.002998,0.001249
0,0.01808,-0.091904,-0.194143,-0.031575,-0.213515,-0.055596,0.000316,0.001604
0,0.198809,0.019123,0.194825,0.122889,0.234147,0.131389,0.003221,0.000334
0,0.230117,0.023916,0.00643,-0.008687,0.021594,0.016387,0.002675,0.000417
0,0.140118,0.112971,-0.115344,0.085047,-0.072674,0.03938,0.002446,0.001972
0,-0.034794,-0.0327,-0.1774,-0.160008,-0.148605,-0.162159,0.000607,0.000571
0,0.118561,0.063522,0.154068,0.068913,0.14041,0.043175,0.002069,0.001109
0,-0.06973,0.095676,-0.199789,0.016231,-0.191008,-0.00848,0.001217,0.00167
0,-0.015644,0.016762,0.073873,-0.10612,0.065003,-0.15056,0.000273,0.000293
0,0.053576,0.048196,0.049317,0.010498,0.054701,0.043451,0.000935,0.000841
0,0.204783,-0.07819,0.139009,-0.126038,0.099954,-0.155228,0.003117,0.001365
0,0.25138,0.127814,0.056448,0.198175,0.041199,0.201641,0.002303,0.002231
0,0.068819,-0.035494,-0.162726,-0.187849,-0.205469,-0.219929,0.001201,0.000619
0,0.007692,0.054067,-0.079527,0.098056,-0.057478,0.106406,0.000134,0.000944
0,0.038629,-0.027112,0.009239,-0.100663,0.052745,-0.127976,0.000674,0.000473
0,0.223885,0.064732,0.161138,0.083235,0.121966,0.10045,0.002783,0.00113
0,0.202182,0.010744,0.001504,-0.074571,-0.040627,-0.085746,0.003162,0.000188
0,0.114827,-0.122081,-0.085082,-0.10876,-0.097871,-0.153955,0.002004,0.002131
0,0.039336,-0.083525,-0.070059,0.036227,-0.073173,0.069518,0.000687,0.001458
0,-0.061557,0.068885,-0.122755,0.13432,-0.097266,0.183731,0.001074,0.001202
0,0.119229,-0.11476,0.204822,-0.183055,0.167735,-0.146331,0.002081,0.002003
0,0.185964,-0.172787,0.084895,-0.035514,0.123095,-0.00781,0.003246,0.003016
0,-0.073878,-0.163646,-0.255134,-0.005389,-0.220939,0.009857,0.001289,0.002856
0,0.083534,0.01746,0.163944,0.199186,0.155645,0.214455,0.001458,0.000305
0,0.237563,-0.127586,0.151473,-0.125936,0.151887,-0.092485,0.002545,0.002227
0,0.075742,-0.179819,-0.180717,-0.035541,-0.154571,-0.025518,0.001322,0.003138
0,0.187456,-0.084445,0.117372,0.083037,0.131442,0.123988,0.003272,0.001474
0,-0.003874,-0.14004,-0.187009,-0.034303,-0.225347,-0.074408,6.8e-05,0.002444
0,-0.059215,-0.098115,-0.055834,0.057185,-0.09858,0.081179,0.001034,0.001712
0,-0.0578,-0.098253,0.026007,0.02856,0.05141,0.030557,0.001009,0.001715
0,0.256721,-0.059217,0.305724,0.026829,0.331902,0.034359,0.00221,0.001034
0,0.190988,-0.089309,-0.049431,-0.059869,-0.059277,-0.039852,0.003333,0.001559
0,0.144241,-0.147028,-0.017231,-0.07484,-0.053248,-0.055887,0.002517,0.002566
0,0.147482,-0.093436,0.018352,0.027175,0.063468,0.025887,0.002574,0.001631
0,0.230603,0.042694,0.070848,0.160926,0.030348,0.162186,0.002666,0.000745
0,0.245007,-0.036748,0.029255,-0.103834,0.029116,-0.093017,0.002415,0.000641
0,0.21376,0.053404,-0.036665,0.110301,-0.004977,0.134944,0.00296,0.000932
0,-2.012012,1.252525,-2.224783,1.196393,-2.257125,1.222026,0.001662,0.001788
0,-2.410537,1.148226,-0.411923,-0.090541,-0.419494,-0.106927,0.001927,3.2e-05
0,-2.404815,1.611198,-0.008649,0.488288,0.034417,0.491572,0.001827,0.001357
0,-2.279884,1.845453,0.108619,0.215384,0.059515,0.203437,0.000353,0.001245
0,-1.986695,1.406522,0.270372,-0.42735,0.254415,-0.418214,0.00122,0.002215
0,-1.657544,1.196698,0.317948,-0.195626,0.305625,-0.225914,0.002166,0.000814
0,-0.962787,0.926991,0.712809,-0.290089,0.755138,-0.311481,0.003269,0.002797
0,-0.533987,0.581664,0.43213,-0.360195,0.443416,-0.393175,0.002629,0.00323
0,-0.298375,0.472608,0.236206,-0.079766,0.272622,-0.045842,0.001483,0.001558
0,-0.240248,0.300246,0.062539,-0.191327,0.095702,-0.175856,0.002498,0.001451
0,0.113018,0.026735,0.339745,-0.256377,0.3187,-0.260623,0.001973,0.000467
0,0.15239,-0.059981,0.029175,-0.077441,-0.019451,-0.120128,0.00266,0.001047
0,0.066029,-0.101117,-0.060379,-0.020875,-0.040058,0.021704,0.001152,0.001765
0,0.109541,-0.21368,0.062993,-0.105054,0.070571,-0.11338,0.001912,0.002961
0,0.195733,-0.180031,0.106793,0.055314,0.150126,0.051402,0.003275,0.003142
0,0.285695,-0.102957,0.083616,0.048937,0.073345,0.04273,0.001705,0.001797
0,0.159576,-0.039238,-0.147624,0.071985,-0.183169,0.102953,0.002785,0.000685
0,0.134116,-0.136195,-0.001272,-0.095076,0.021622,-0.136035,0.002341,0.002377
0,0.110948,0.032092,-0.019097,0.188886,-0.044313,0.212672,0.001936,0.00056
0,0.114701,0.017626,-0.00051,-0.021042,0.001352,-0.054057,0.002002,0.000308
0,0.267858,0.048013,0.175286,0.006261,0.145362,0.024955,0.002016,0.000838
0,0.116011,-0.150832,-0.168204,-0.200622,-0.147361,-0.150787,0.002025,0.002633
0,-0.076397,-0.005549,-0.187284,0.143481,-0.206848,0.15067,0.001333,9.7e-05
0,0.125793,-0.008806,0.178953,-0.02575,0.16145,-0.062341,0.002195,0.000154
0,0.163851,0.03823,0.053588,0.058409,0.056464,0.047126,0.00286,0.000667
0,-0.038914,-0.114927,-0.215548,-0.140637,-0.220164,-0.128634,0.000679,0.002006
0,-0.062181,-0.086305,-0.03177,0.000819,-0.023796,0.003503,0.001085,0.001506
0,-0.181464,-0.081605,-0.096296,0.009233,-0.091837,0.031906,0.003167,0.001424
0,0.022204,-0.046746,0.230838,0.031577,0.192196,0.012155,0.000388,0.000816
0,0.068784,0.070072,0.058039,0.145889,0.087369,0.118443,0.001201,0.001223
0,-0.178461,-0.056627,-0.239804,-0.098772,-0.277662,-0.087768,0.003115,0.000988
0,-0.109343,0.035135,0.040447,0.065247,0.038749,0.062669,0.001908,0.000613
0,-0.158106,-0.016249,-0.044391,-0.075553,-0.052792,-0.063063,0.002759,0.000284
0,-0.083983,0.087905,0.05734,0.100867,0.023711,0.052837,0.001466,0.001534
0,-0.102138,-0.018816,-0.04566,-0.098669,-0.009295,-0.115526,0.001783,0.000328
0,-0.096654,-0.026349,0.018374,-0.030076,-0.016415,-0.031191,0.001687,0.00046
0,0.022177,-0.138678,0.098114,-0.086593,0.067276,-0.133726,0.000387,0.00242
0,0.029015,0.091276,0.008419,0.2074,0.020042,0.185058,0.000506,0.001593
0,-0.109394,-0.022967,-0.142006,-0.099299,-0.11456,-0.138134,0.001909,0.000401
0,-0.062904,0.070615,0.030468,0.123464,0.0521,0.097362,0.001098,0.001232
0,-0.253211,-0.155984,-0.161661,-0.239905,-0.175726,-0.196273,0.002271,0.002722
0,-0.227651,0.074781,0.015107,0.217665,0.058855,0.167896,0.002718,0.001305
0,-0.076813,0.063983,0.157463,-0.006841,0.16034,-0.018927,0.001341,0.001117
0,-0.178155,0.077927,-0.080744,0.001939,-0.082009,-0.016932,0.003109,0.00136
0,-0.064141,-0.047221,0.110535,-0.137425,0.135465,-0.178636,0.001119,0.000824
0,-0.116848,-0.007906,-0.077361,0.05796,-0.102233,0.014246,0.002039,0.000138
0,-0.212074,-0.016482,-0.065233,0.009627,-0.09832,-0.038476,0.002989,0.000288
0,-0.099619,0.074067,0.130784,0.099416,0.141722,0.092773,0.001739,0.001293
0,-0.184062,0.066174,-0.085619,0.005321,-0.102334,0.026586,0.003212,0.001155
0,-0.101529,-0.155231,0.10768,-0.250284,0.072254,-0.228268,0.001772,0.002709
0,0.072025,-0.033273,0.147927,0.116554,0.103946,0.105729,0.001257,0.000581
0,-0.215821,0.124083,-0.300861,0.143639,-0.330903,0.096056,0.002924,0.002166
0,-0.18264,0.139086,0.03244,0.042478,0.045723,0.050602,0.003188,0.002428
0,-0.239074,0.124099,-0.086065,-0.041612,-0.086765,-0.027413,0.002518,0.002166
0,-0.123023,0.007478,0.143159,-0.11913,0.119849,-0.144433,0.002147,0.000131
0,-0.250017,-0.096696,-0.155206,-0.095547,-0.19465,-0.122783,0.002327,0.001688
0,-0.076169,-0.160058,0.162806,-0.046136,0.131731,-0.054367,0.001329,0.002794
0,-0.052375,-0.060082,0.050901,0.108586,0.062869,0.078107,0.000914,0.001049
0,-0.055647,-0.135989,0.014295,-0.061861,-0.032862,-0.076062,0.000971,0.002373
0,-0.015192,-0.072297,0.033603,0.082802,0.017974,0.087792,0.000265,0.001262
0,0.00269,-0.000965,0.008741,0.073186,0.031506,0.041715,4.7e-05,1.7e-05
0,-0.008897,-0.135122,-0.015094,-0.124013,-0.032814,-0.095171,0.000155,0.002358
0,0.062283,-0.056752,0.059018,0.076165,0.097529,0.029958,0.001087,0.000991
0,-0.005022,0.065512,-0.090588,0.114727,-0.04408,0.158531,8.8e-05,0.001143
0,-0.125452,-0.044547,-0.121403,-0.113834,-0.130613,-0.083636,0.00219,0.000777
0,-0.026672,-0.013344,0.070411,0.035299,0.100598,0.079153,0.000466,0.000233
0,0.103566,0.002162,0.114982,0.003542,0.087028,0.033745,0.001808,3.8e-05
0,0.040188,0.035539,-0.049213,0.010033,-0.075734,-0.039895,0.000701,0.00062
0,-0.039161,-0.022574,-0.084462,-0.079351,-0.118484,-0.085871,0.000683,0.000394
0,0.062567,-0.097413,0.129364,-0.047905,0.165467,-0.002601,0.001092,0.0017
0,-0.041158,-0.117127,-0.120015,-0.003683,-0.109755,0.003019,0.000718,0.002044
0,0.059385,-0.086424,0.091121,0.029264,0.059254,0.004156,0.001036,0.001508
0,0.197457,0.042166,0.137529,0.127119,0.134167,0.137029,0.003245,0.000736
0,0.113376,-0.111089,-0.084092,-0.135834,-0.074178,-0.139854,0.001979,0.001939
0,0.084666,-0.114873,-0.042936,-0.023739,-0.08149,0.009244,0.001478,0.002005
0,0.038761,-0.087631,-0.036279,0.030814,-0.034923,0.065998,0.000677,0.001529
0,-0.000931,-0.040631,-0.017304,0.076334,0.023797,0.04107,1.6e-05,0.000709
0,0.026457,0.08793,0.051623,0.103389,0.039039,0.080706,0.000462,0.001535
0,-0.060164,-0.140314,-0.109652,-0.199202,-0.12489,-0.207865,0.00105,0.002449
0,-0.061034,-0.135567,-0.02496,0.026751,-0.053306,0.053049,0.001065,0.002366
0,0.056546,-0.031026,0.131209,0.099909,0.139971,0.070189,0.000987,0.000542
0,0.042461,-0.118428,-0.019405,-0.104089,0.023684,-0.111995,0.000741,0.002067
0,0.217752,0.022821,0.167525,0.134068,0.138567,0.174921,0.00289,0.000398
0,-0.061796,-0.117277,-0.261828,-0.141458,-0.212833,-0.158684,0.001079,0.002047
0,0.009129,-0.08659,0.063773,0.044742,0.014582,0.050756,0.000159,0.001511
0,0.130769,0.073462,0.095187,0.165355,0.059028,0.122627,0.002282,0.001282
0,-0.027943,0.025654,-0.171061,-0.038325,-0.209013,-0.015968,0.000488,0.000448
0,-0.03457,-0.122751,0.013253,-0.141697,-0.031554,-0.123958,0.000603,0.002142
0,0.15156,-0.089638,0.199085,0.028005,0.182311,-0.01881,0.002645,0.001564
0,0.004121,0.091481,-0.130461,0.200974,-0.135276,0.183999,7.2e-05,0.001597
0,-0.015954,-0.01361,-0.020146,-0.101864,-0.002825,-0.07013,0.000278,0.000238
0,0.003729,-0.15912,0.048487,-0.122676,0.036015,-0.089143,6.5e-05,0.002777
0,0.119311,-0.186987,0.137504,-0.032789,0.12135,-0.079088,0.002082,0.003264
0,0.152889,-0.083047,0.009587,0.119458,0.021475,0.107888,0.002668,0.001449
0,0.106171,0.03378,-0.071947,0.144204,-0.114881,0.188036,0.001853,0.00059
0,0.102011,-0.098973,-0.023176,-0.104222,0.010316,-0.058077,0.00178,0.001727
0,-0.045771,-0.045014,-0.17566,0.058126,-0.173722,0.074021,0.000799,0.000786
0,0.141019,-0.031984,0.164397,-0.004368,0.185403,-0.050488,0.002461,0.000558
0,-0.018604,0.121391,-0.167783,0.124,-0.160227,0.104231,0.000325,0.002119
0,-0.04066,0.00831,-0.021888,-0.128633,-0.02936,-0.085777,0.00071,0.000145
0,-0.010201,-0.140512,0.058041,-0.126688,0.069198,-0.087522,0.000178,0.002452
0,0.084639,0.135488,0.086016,0.270623,0.070151,0.236271,0.001477,0.002365
0,-0.034006,-0.01898,-0.092019,-0.165337,-0.115923,-0.202888,0.000594,0.000331
0,-0.024594,-0.041959,0.014068,-0.022591,0.012202,-0.023126,0.000429,0.000732
0,0.063509,-0.035802,0.101337,-0.00809,0.084888,-0.049451,0.001108,0.000625
0,0.194805,0.06505,0.123322,0.114769,0.103854,0.149927,0.003291,0.001135
0,-1.484744,0.325126,-1.690636,0.280175,-1.66606,0.313467,0.00085,0.001016
0,-3.056177,0.439985,-1.546588,0.121902,-1.555142,0.092428,0.000186,0.000988
0,-3.801328,0.828667,-0.72581,0.405104,-0.686026,0.438332,0.000562,0.001081
0,-3.104881,0.756874,0.697517,-0.045175,0.659221,-0.000403,0.000664,0.000172
0,-2.776654,0.619104,0.343004,-0.118859,0.375657,-0.08978,0.001626,0.002576
0,-2.661417,0.536086,0.128926,-0.11258,0.129673,-0.126192,0.000385,0.002666
0,-1.84704,0.530595,0.793422,-0.035185,0.757197,-0.067738,0.001217,0.00257
0,-1.533553,0.352731,0.309312,-0.199772,0.312107,-0.236471,2e-06,0.000534
0,-0.917872,0.29151,0.641113,-0.036754,0.639688,-0.028499,0.002638,0.001603
0,-0.618061,0.226601,0.286517,-0.03766,0.277339,-0.037112,0.002594,0.002736
0,-0.237234,0.03977,0.368183,-0.177062,0.379506,-0.192123,0.00255,0.000694
0,-0.153259,0.038788,0.102041,0.003507,0.064467,0.049534,0.002675,0.000677
0,0.106264,-0.048365,0.236344,-0.108233,0.271181,-0.124354,0.001855,0.000844
0,0.103722,-0.079346,0.016722,-0.029438,0.059325,-0.064647,0.00181,0.001385
0,0.243162,-0.006535,0.145389,0.06408,0.194858,0.059903,0.002447,0.000114
0,0.357727,0.012938,0.101163,0.01286,0.140818,0.038322,0.000447,0.000226
0,0.335388,-0.176778,-0.003135,-0.214114,-0.036802,-0.252868,0.000837,0.003085
0,0.017076,-0.082621,-0.33391,0.102305,-0.310412,0.108062,0.000298,0.001442
0,0.128754,-0.134257,0.091032,-0.037129,0.05144,-0.004321,0.002247,0.002343
0,0.231574,-0.105953,0.104247,0.002397,0.127423,0.024268,0.002649,0.001849
0,0.196444,-0.053124,-0.010955,0.07824,0.023555,0.04853,0.003262,0.000927
0,0.101997,-0.100763,-0.109337,-0.02071,-0.147161,-0.018436,0.00178,0.001759
0,-0.126223,-0.252145,-0.217151,-0.13282,-0.204949,-0.103531,0.002203,0.00229
0,-0.027531,-0.215833,0.08781,0.054107,0.040329,0.051173,0.000481,0.002924
0,-1.325246,0.071356,-1.3022,0.306414,-1.280278,0.319293,0.003057,0.001245
0,-2.38317,0.507303,-1.065785,0.413507,-1.034427,0.404598,0.001449,0.002163
0,-2.73709,0.554453,-0.335039,0.042977,-0.342675,0.001417,0.000936,0.002986
0,-2.267126,0.621653,0.479034,0.090892,0.488139,0.081678,0.000576,0.002532
0,-1.987451,0.491685,0.252894,-0.159397,0.282877,-0.200158,0.001233,0.001891
0,-1.349296,0.371757,0.608814,-0.102686,0.5723,-0.116814,0.003214,0.000202
0,-0.620261,0.479269,0.722532,0.091599,0.764683,0.106203,0.002556,0.001674
0,-0.478882,0.442086,0.113178,-0.067027,0.15532,-0.035327,0.001667,0.001025
0,-0.190605,0.107094,0.263374,-0.353561,0.266066,-0.38935,0.003327,0.001869
0,-0.062542,0.068791,0.145188,-0.053108,0.153738,-0.037177,0.001092,0.001201
0,-0.008531,0.062797,0.074959,0.022115,0.122792,0.045897,0.000149,0.001096
0,0.041871,-0.014581,0.035698,-0.084653,0.06848,-0.106474,0.000731,0.000254
0,0.2993,0.014303,0.266457,0.014625,0.252131,-0.030768,0.001467,0.00025
0,0.203719,-0.023965,-0.0711,-0.026518,-0.053364,-0.050185,0.003135,0.000418
0,0.324388,0.187918,0.14251,0.240976,0.098099,0.201483,0.001029,0.00328
0,0.209381,0.169658,-0.106799,-0.014768,-0.143885,-0.027396,0.003036,0.002961
0,0.206391,0.153524,0.019974,-0.010479,0.028508,0.015838,0.003089,0.002679
0,0.173754,0.17204,-0.009619,0.009321,-0.047101,-0.001156,0.003033,0.003003
0,0.11113,-0.042946,-0.061153,-0.199754,-0.043067,-0.178809,0.00194,0.00075
0,-0.018578,0.032387,-0.112309,0.101113,-0.114279,0.071568,0.000324,0.000565
0,-0.230449,0.161469,-0.197874,0.100723,-0.15792,0.059593,0.002669,0.002818
0,0.023449,0.214938,0.224481,0.034282,0.197667,0.083729,0.000409,0.002939
0,0.07364,0.144158,0.038505,-0.094136,0.050525,-0.06229,0.001285,0.002516
0,-0.117351,-0.020956,-0.212569,-0.183847,-0.196997,-0.136733,0.002048,0.000366
0,0.065453,0.142827,0.186915,0.188479,0.191943,0.174768,0.001142,0.002493
0,-0.078031,0.089905,-0.162607,-0.044405,-0.177671,-0.066542,0.001362,0.001569
0,-0.104125,0.138068,-0.003939,0.043023,-0.032944,0.004973,0.001817,0.00241
0,0.046689,-0.071368,0.153051,-0.203281,0.136078,-0.242464,0.000815,0.001246
0,-0.059874,0.074587,-0.095148,0.172424,-0.079249,0.137838,0.001045,0.001302
0,-0.092611,0.116424,-0.052486,0.038769,-0.004374,0.072256,0.001616,0.002032
0,0.053797,-0.116383,0.137551,-0.21839,0.101867,-0.26822,0.000939,0.002031
0,-0.148034,-0.106157,-0.22602,-0.012631,-0.176798,-0.05046,0.002584,0.001853
0,-0.127404,0.081866,0.023844,0.195794,0.052797,0.149099,0.002224,0.001429
0,-0.051716,0.011203,0.09852,-0.067715,0.055258,-0.114284,0.000903,0.000196
0,-0.058789,-0.061365,-0.004394,-0.053725,0.025789,-0.06642,0.001026,0.001071
0,-0.155388,0.007726,-0.07922,0.098301,-0.06676,0.078276,0.002712,0.000135
0,0.003186,-0.111898,0.135379,-0.120538,0.172225,-0.15991,5.6e-05,0.001953
0,-0.054229,0.007555,-0.069835,0.124472,-0.079574,0.124082,0.000946,0.000132
0,0.150658,-0.055387,0.234091,-0.061611,0.228921,-0.077318,0.002629,0.000967
0,0.17534,-0.111361,0.010264,-0.030138,-0.039497,-0.008182,0.00306,0.001944
0,-0.120178,-0.16011,-0.305068,-0.076817,-0.271143,-0.116443,0.002098,0.002794
0,0.005482,0.031485,0.112301,0.172357,0.141126,0.135421,9.6e-05,0.00055
0,0.032088,0.0136,0.0346,0.007545,3.9e-05,0.054822,0.00056,0.000237
0,0.133513,-0.111121,0.124349,-0.153468,0.128232,-0.19013,0.00233,0.001939
0,-0.119327,-0.079655,-0.263257,0.035483,-0.224407,0.061977,0.002083,0.00139
0,0.041438,-0.076681,0.187433,0.003726,0.232459,0.035004,0.000723,0.001338
0,-0.176283,-0.077328,-0.211896,-0.021683,-0.172308,-0.031704,0.003077,0.00135
0,0.018263,-0.105916,0.198656,-0.000191,0.167036,0.031882,0.000319,0.001849
0,-0.001875,0.08631,-0.035144,0.182295,-0.031855,0.190789,3.3e-05,0.001506
0,-0.036975,-0.195581,-0.062279,-0.285498,-0.030591,-0.275246,0.000645,0.003277
0,-0.190777,-0.155941,-0.163707,0.017961,-0.131187,-0.030842,0.00333,0.002722
0,-0.118282,0.073444,0.086157,0.207989,0.134676,0.213823,0.002064,0.001282
0,0.046876,-0.137601,0.151322,-0.196483,0.111332,-0.16319,0.000818,0.002402
0,0.007026,-0.033405,-0.066011,0.091797,-0.056055,0.055216,0.000123,0.000583
0,0.037923,-0.091213,0.050823,-0.037828,0.004263,-0.03984,0.000662,0.001592
0,-0.103258,0.054523,-0.139126,0.155197,-0.126439,0.129514,0.001802,0.000952
0,0.079296,-0.068786,0.203012,-0.137499,0.156625,-0.097053,0.001384,0.001201
0,-0.064271,0.074473,-0.120218,0.155896,-0.078262,0.166584,0.001122,0.0013
0,-0.139346,0.025343,-0.081152,-0.066782,-0.080155,-0.041119,0.002432,0.000442
0,-0.080516,-0.140061,0.033516,-0.181019,0.064923,-0.167109,0.001405,0.002445
0,-0.062727,-0.059531,0.022353,0.070328,0.025511,0.084238,0.001095,0.001039
0,-0.01814,-0.101953,0.071062,-0.049495,0.114211,-0.043052,0.000317,0.001779
0,-0.058535,-0.141129,-0.010728,-0.066499,0.016271,-0.05712,0.001022,0.002463
0,-0.06766,-0.138165,-0.029129,0.007207,-0.017574,-0.038218,0.001181,0.002411
0,-0.007723,-0.128146,0.085796,-0.013705,0.122976,-0.027394,0.000135,0.002237
0,-0.156632,0.067169,-0.142087,0.196933,-0.171191,0.242273,0.002734,0.001172
0,-0.198226,-0.01513,-0.036939,-0.067085,0.003174,-0.034848,0.003231,0.000264
0,-0.112989,0.036741,0.063742,0.022614,0.056159,0.021412,0.001972,0.000641
0,-0.070519,-0.001181,0.045602,-0.02673,0.064613,-0.054406,0.001231,2.1e-05
0,-0.160932,-0.123061,-0.099183,-0.114103,-0.135238,-0.079746,0.002809,0.002148
0,-0.06248,0.087168,0.115376,0.206444,0.119377,0.200988,0.00109,0.001521
0,-0.169662,-0.031749,-0.083007,-0.146623,-0.039975,-0.147176,0.002961,0.000554
0,-0.250013,-0.1048,-0.068155,-0.067373,-0.065016,-0.094026,0.002327,0.001829
0,-0.027517,-0.120102,0.208318,0.010259,0.187993,-0.001106,0.00048,0.002096
0,0.070461,0.129699,0.088544,0.220761,0.138053,0.246741,0.00123,0.002264
0,-0.078963,-0.083176,-0.165352,-0.201542,-0.210844,-0.174289,0.001378,0.001452
0,-0.154894,0.011116,-0.060495,0.072497,-0.090353,0.039044,0.002703,0.000194
0,-0.159174,-0.050117,0.009011,-0.065393,0.037543,-0.087599,0.002778,0.000875
0,0.098619,0.110654,0.239044,0.173011,0.253197,0.199714,0.001721,0.001931
0,0.057267,-0.054937,-0.067679,-0.181878,-0.10528,-0.14075,0.000999,0.000959
0,0.099452,0.130302,0.03342,0.189259,0.034706,0.234285,0.001736,0.002274
0,-0.132993,0.071411,-0.250356,-0.037368,-0.255644,-0.009447,0.002321,0.001246
0,-0.119238,0.022237,0.027756,-0.069065,-0.009657,-0.09724,0.002081,0.000388
0,0.092205,-0.12563,0.19359,-0.129424,0.222539,-0.163337,0.001609,0.002193
0,0.046129,-0.115673,-0.05514,0.0071,-0.089564,0.006772,0.000805,0.002019
0,-0.215078,0.125566,-0.28796,0.24885,-0.245163,0.204042,0.002937,0.002192
0,-0.099309,-0.006453,0.136077,-0.144335,0.128587,-0.128145,0.001733,0.000113
0,-0.10884,0.162894,-0.012578,0.156057,0.003235,0.148727,0.0019,0.002843
0,0.068307,0.083411,0.17877,-0.056855,0.210768,-0.082244,0.001192,0.001456
0,-0.015738,0.122175,-0.057205,0.033334,-0.040624,0.06153,0.000275,0.002132
0,-0.130185,0.1625,-0.095161,0.018739,-0.116154,0.043594,0.002272,0.002836
0,0.070441,-0.02248,0.205263,-0.200909,0.163871,-0.203534,0.001229,0.000392
0,0.109179,0.120243,0.024001,0.116335,-0.021781,0.118077,0.001906,0.002099
0,0.080102,0.131521,-0.026249,0.029427,-0.070566,0.02468,0.001398,0.002295
0,-0.167776,0.139492,-0.247087,0.025506,-0.215369,-0.007896,0.002928,0.002435
0,0.052715,-0.134366,0.217681,-0.295496,0.180625,-0.265228,0.00092,0.002345
0,0.02339,-0.075267,-0.004643,0.077841,-0.045392,0.126397,0.000408,0.001314
0,-0.006243,0.000104,-0.037285,0.093211,-0.025355,0.08107,0.000109,2e-06
0,-0.139606,0.121663,-0.130483,0.14398,-0.148245,0.114636,0.002437,0.002123
0,0.057924,0.129638,0.19872,0.024377,0.231223,0.060822,0.001011,0.002263
0,0.089277,-0.085556,0.037938,-0.18649,0.052584,-0.208505,0.001558,0.001493
0,0.060517,0.048924,-0.03172,0.152828,0.005229,0.198114,0.001056,0.000854
0,-0.060983,0.135723,-0.099491,0.098876,-0.080739,0.076349,0.001064,0.002369
0,0.123782,-0.000534,0.198396,-0.141007,0.183038,-0.106325,0.00216,9e-06
0,-0.029282,-0.098738,-0.143559,-0.11006,-0.098561,-0.111214,0.000511,0.001723
0,0.107743,0.028775,0.16159,0.121954,0.188728,0.13377,0.00188,0.000502
0,-0.069686,0.061034,-0.186457,0.02348,-0.203942,0.05687,0.001216,0.001065
0,0.087496,-0.037415,0.129077,-0.1265,0.130478,-0.111076,0.001527,0.000653
0,0.137247,0.071452,0.052016,0.118175,0.007804,0.140159,0.002395,0.001247
0,0.03421,0.03389,-0.113764,-0.057749,-0.065493,-0.022803,0.000597,0.000591
0,0.107766,0.011982,0.059533,-0.022649,0.048889,-0.064586,0.001881,0.000209
0,0.107855,0.109053,0.024711,0.112261,0.01742,0.068456,0.001882,0.001903
0,0.127586,-0.112557,-0.002906,-0.202327,0.008512,-0.229997,0.002227,0.001964
0,-0.004223,0.104793,-0.151527,0.213884,-0.123109,0.182989,7.4e-05,0.001829
0,0.123732,-0.076925,0.147899,-0.205132,0.176891,-0.211684,0.00216,0.001343
0,-0.09888,0.101853,-0.225196,0.181211,-0.180024,0.208991,0.001726,0.001778
0,0.065999,-0.13784,0.144946,-0.229577,0.180808,-0.254749,0.001152,0.002406
0,0.025878,0.031915,-0.059782,0.156995,-0.031684,0.163589,0.000452,0.000557
0,0.103582,0.07344,0.102178,0.025344,0.089932,-0.004978,0.001808,0.001282
0,0.040805,0.036475,-0.044916,-0.019047,-0.010159,0.012794,0.000712,0.000637
0,-0.115026,-0.06657,-0.171245,-0.074286,-0.171856,-0.088586,0.002008,0.001162
0,0.166676,0.140311,0.275574,0.226571,0.317109,0.217407,0.002909,0.002449
0,-0.030249,-0.136912,-0.21748,-0.303091,-0.210983,-0.327417,0.000528,0.00239
0,0.15704,-0.020298,0.182263,0.116746,0.151729,0.114192,0.002741,0.000354
0,-0.058862,-0.132967,-0.21037,-0.094949,-0.188104,-0.127164,0.001027,0.002321
0,0.00377,0.03296,0.051904,0.147789,0.003661,0.166364,6.6e-05,0.000575
0,0.155499,0.093209,0.172366,0.065293,0.176851,0.045577,0.002714,0.001627
0,-0.03909,-0.065671,-0.210128,-0.134368,-0.21342,-0.161553,0.000682,0.001146
0,0.160324,-0.127652,0.188548,-0.037745,0.212912,-0.041694,0.002798,0.002228
0,0.149188,-0.082439,-0.010281,0.03055,-0.004862,0.072743,0.002604,0.001439
0,-0.103516,-0.0976,-0.224965,0.006166,-0.265466,0.001714,0.001807,0.001703
0,-0.14732,0.071738,-0.033404,0.179076,-0.011673,0.194771,0.002571,0.001252
0,-0.123993,0.047339,0.048616,-0.033685,0.030751,0.011377,0.002164,0.000826
0,0.018218,-0.071537,0.123961,-0.095007,0.13468,-0.121678,0.000318,0.001249
0,-0.004149,0.06341,-0.005507,0.148094,0.016997,0.186587,7.2e-05,0.001107
0,0.051283,-0.025796,0.025655,-0.098328,0.074744,-0.083532,0.000895,0.00045
0,1.356001,-0.873704,1.299163,-0.822848,1.298391,-0.837439,0.003097,0.001867
0,3.087462,-1.405896,1.738566,-0.55967,1.720443,-0.535573,0.00036,0.002226
0,4.591937,-1.853536,1.494311,-0.435766,1.510472,-0.465739,0.000145,0.001104
0,5.258109,-1.315986,0.683387,0.539139,0.693955,0.538188,0.0019,0.002896
0,4.980471,-0.893385,-0.272132,0.430959,-0.229208,0.458542,5.5e-05,0.002211
0,4.568186,-1.093292,-0.433754,-0.178807,-0.478838,-0.217035,0.00056,0.000991
0,3.511949,-0.618852,-1.045005,0.454791,-1.02456,0.46435,0.001078,0.002581
0,2.798815,-0.390479,-0.713249,0.219221,-0.742006,0.192529,0.002013,0.000124
0,2.157951,-0.408653,-0.641369,-0.013136,-0.654024,0.007684,0.002482,0.000442
0,1.067694,-0.192596,-1.11594,0.214339,-1.114565,0.233208,0.001438,0.003329
0,0.234184,0.08338,-0.822877,0.282981,-0.805847,0.252118,0.002604,0.001455
0,-0.21658,0.057373,-0.452539,-0.032557,-0.502338,-0.077653,0.002911,0.001001
0,-0.548963,0.06211,-0.305707,-0.008585,-0.329127,0.016246,0.00289,0.001084
0,-0.600166,-0.022123,-0.055269,-0.054454,-0.030199,-0.076774,0.002907,0.000386
0,-0.519165,0.241376,0.077866,0.243459,0.127289,0.229213,0.00237,0.002478
0,-0.612531,-0.00471,-0.070619,-0.256526,-0.076158,-0.295553,0.002691,8.2e-05
0,-0.386404,0.234749,0.236138,0.225964,0.19244,0.222459,5.3e-05,0.002594
0,-0.156803,0.154212,0.232577,-0.052762,0.22097,-0.053105,0.002737,0.002692
0,-0.307232,0.051907,-0.123836,-0.114973,-0.07733,-0.080029,0.001329,0.000906
0,-0.29844,-0.029842,-0.000677,-0.107626,0.032607,-0.153321,0.001482,0.000521
0,0.000627,-0.040087,0.323207,-0.019489,0.371895,0.024639,1.1e-05,0.0007
0,0.051827,0.002264,0.033121,0.044454,0.01559,-0.000376,0.000905,4e-05
0,-0.139493,0.025274,-0.178828,0.052507,-0.207177,0.005606,0.002435,0.000441
0,0.093305,-0.121848,0.204585,-0.176349,0.214898,-0.173774,0.001628,0.002127
0,-0.04767,-0.173608,-0.115971,-0.053187,-0.130919,-0.031201,0.000832,0.00303
0,0.092003,-0.148673,0.153077,-0.001316,0.191801,-0.034696,0.001606,0.002595
0,-0.092578,0.081028,-0.213423,0.236556,-0.208909,0.279752,0.001616,0.001414
0,0.099643,0.060072,0.20465,-0.029808,0.21699,-0.019864,0.001739,0.001048
0,-0.093437,0.035672,-0.202962,-0.037416,-0.182667,0.010117,0.001631,0.000623
0,-0.042402,0.025314,0.066292,-0.024145,0.058751,-0.069368,0.00074,0.000442
0,-0.051387,0.064227,0.018667,0.05441,0.039951,0.051027,0.000897,0.001121
0,-0.014957,0.049649,0.049065,-0.009262,0.082128,0.004725,0.000261,0.000867
0,0.050519,-0.031048,0.051236,-0.063566,0.097888,-0.063716,0.000882,0.000542
0,-0.040332,-0.153426,-0.068999,-0.124269,-0.051083,-0.099486,0.000704,0.002678
0,-0.002141,-0.008397,0.064183,0.149632,0.029554,0.114721,3.7e-05,0.000147
0,-0.032672,0.005813,-0.013303,0.00381,-0.033544,-0.006323,0.00057,0.000101
0,0.218241,0.055105,0.23619,0.066653,0.227683,0.05373,0.002882,0.000962
0,0.009075,-0.033018,-0.182695,-0.082563,-0.139208,-0.098786,0.000158,0.000576
0,0.081864,-0.056619,0.087171,-0.018837,0.065311,0.004832,0.001429,0.000988
0,-0.007131,-0.162531,-0.112593,-0.083772,-0.065176,-0.076765,0.000124,0.002837
0,0.115336,-0.06751,0.148533,0.071443,0.1801,0.058051,0.002013,0.001178
0,0.175561,0.103513,0.080436,0.188896,0.119077,0.159578,0.003064,0.001807
0,0.100854,0.151573,-0.050242,0.027596,-0.036688,0.012138,0.00176,0.002645
0,0.251378,-0.005188,0.1472,-0.143796,0.133346,-0.165692,0.002303,9.1e-05
0,0.211802,0.051393,-0.060898,0.063296,-0.104027,0.060304,0.002994,0.000897
0,0.008451,-0.154234,-0.185261,-0.222384,-0.192672,-0.242165,0.000148,0.002692
0,0.175803,-0.06836,0.174535,0.058594,0.200242,0.050112,0.003068,0.001193
0,0.006744,-0.070924,-0.186442,0.008785,-0.159239,-0.013141,0.000118,0.001238
0,0.013143,0.120921,-0.008759,0.21443,-0.057793,0.219067,0.000229,0.00211
0,0.02065,-0.049014,0.036208,-0.198998,0.035491,-0.16663,0.00036,0.000855
0,0.201407,0.091759,0.152004,0.163238,0.119447,0.153871,0.003176,0.001601
0,0.010266,-0.033762,-0.190755,-0.131336,-0.212236,-0.135681,0.000179,0.000589
0,0.140186,0.125728,0.131478,0.172054,0.12219,0.179044,0.002447,0.002194
0,-0.131745,0.115197,-0.276913,-0.038897,-0.242945,-0.059558,0.002299,0.002011
0,-0.013611,-0.130139,0.09193,-0.271316,0.045855,-0.238973,0.000238,0.002271
0,-0.188083,0.067273,-0.198434,0.192065,-0.239459,0.146835,0.003283,0.001174
0,-0.027467,0.037595,0.130963,-0.015011,0.088704,-0.020272,0.000479,0.000656
0,0.121237,-0.06492,0.176241,-0.114831,0.140309,-0.082647,0.002116,0.001133
0,0.040575,-0.14213,-0.056742,-0.08629,-0.018817,-0.116104,0.000708,0.002481
0,-0.114248,0.083646,-0.129124,0.248501,-0.148886,0.289927,0.001994,0.00146
0,-0.108424,-0.140639,0.021211,-0.224873,-0.002272,-0.215011,0.001892,0.002455
0,-0.040323,0.033765,0.055285,0.150705,0.041619,0.179573,0.000704,0.000589
0,-0.048495,-0.139471,-0.008005,-0.154786,-0.001366,-0.194201,0.000846,0.002434
0,0.007329,-0.063433,0.044792,0.071676,0.015753,0.022316,0.000128,0.001107
0,0.044243,-0.016788,0.044181,0.033042,0.032398,0.058442,0.000772,0.000293
0,0.061645,-0.097062,-0.004827,-0.063159,0.026929,-0.024848,0.001076,0.001694
0,0.107689,-0.033468,0.025975,0.03647,0.03274,0.081064,0.00188,0.000584
0,-0.049347,0.006524,-0.14453,0.066088,-0.165233,0.074705,0.000861,0.000114
0,-0.013468,0.002243,0.009832,0.001621,0.048909,0.042848,0.000235,3.9e-05
0,0.022165,-0.077003,0.036466,-0.089296,0.073206,-0.077795,0.000387,0.001344
0,0.162961,0.035147,0.147203,0.111761,0.186855,0.122552,0.002844,0.000613
0,-0.11983,-0.057075,-0.257327,-0.117565,-0.219989,-0.165772,0.002091,0.000996
0,-0.067654,0.04038,0.044115,0.105801,0.044772,0.131419,0.001181,0.000705
0,-0.019885,0.080552,0.031082,0.019793,0.059275,0.017921,0.000347,0.001406
0,0.033509,-0.043012,0.043508,-0.130282,-0.00604,-0.099584,0.000585,0.000751
0,0.04194,-0.111529,-0.008869,-0.098355,0.00837,-0.130622,0.000732,0.001947
0,-0.054054,-0.018119,-0.112005,0.073871,-0.159992,0.039233,0.000943,0.000316
0,0.031367,-0.037399,0.112874,0.002831,0.124452,0.02829,0.000547,0.000653
0,-0.126628,0.047965,-0.183779,0.096414,-0.200427,0.097436,0.00221,0.000837
0,-0.107269,0.121935,0.000334,0.061641,0.046823,0.076547,0.001872,0.002128
0,0.018515,-0.005021,0.126585,-0.100656,0.14254,-0.071944,0.000323,8.8e-05
0,-0.099239,0.128043,-0.123308,0.154456,-0.087605,0.176049,0.001732,0.002235
0,0.031686,-0.007577,0.104116,-0.147683,0.07837,-0.161321,0.000553,0.000132
0,0.076375,-0.048844,0.058918,-0.037243,0.049932,-0.073395,0.001333,0.000852
0,0.032108,-0.050115,-0.050709,0.007833,-0.003459,0.022577,0.00056,0.000875
0,-0.00034,-0.097593,-0.061285,-0.060921,-0.029917,-0.077585,6e-06,0.001703
0,0.073292,-0.049298,0.082689,0.025684,0.117572,-0.014044,0.001279,0.00086
0,-0.11315,-0.155229,-0.177077,-0.085624,-0.224684,-0.099366,0.001975,0.002709
0,-0.189372,-0.210546,-0.086179,-0.026631,-0.0746,0.02204,0.003305,0.003016
0,-0.107364,-0.175757,0.056808,0.04082,0.08123,0.045137,0.001874,0.003068
0,0.094575,-0.099283,0.222424,0.057536,0.262754,0.05295,0.001651,0.001733
0,-0.188177,-0.225247,-0.287433,-0.152048,-0.323096,-0.143583,0.003284,0.00276
0,-0.150349,-0.051727,0.02237,0.160975,0.040794,0.169499,0.002624,0.000903
0,-0.202603,-0.163831,-0.056224,-0.113014,-0.094348,-0.105678,0.003155,0.002859
0,0.033882,-0.171749,0.231107,0.010322,0.240245,0.036753,0.000591,0.002998
0,0.122187,-0.165021,0.10709,-0.002334,0.072844,-0.002024,0.002133,0.00288
0,0.006174,-0.063853,-0.140344,0.124682,-0.130042,0.132213,0.000108,0.001114
0,0.080288,-0.099791,0.059051,-0.008798,0.060765,-0.045812,0.001401,0.001742
0,0.068356,-0.031939,0.018029,0.067987,0.028413,0.053329,0.001193,0.000557
0,0.099396,-0.077013,0.059568,-0.024934,0.10262,-0.053941,0.001735,0.001344
0,0.113773,0.037784,-0.007384,0.135626,0.01111,0.15003,0.001986,0.000659
0,0.079546,-0.048521,-0.017039,-0.093037,-0.055552,-0.097023,0.001388,0.000847
0,-0.021055,-0.136902,-0.081075,-0.106333,-0.121754,-0.085793,0.000367,0.002389
0,-0.076156,-0.068188,-0.027482,0.074567,-0.041449,0.072211,0.001329,0.00119
0,0.086381,-0.047346,0.151088,0.01643,0.140256,-0.00603,0.001508,0.000826
0,0.160386,-0.008372,0.049181,0.059735,0.083741,0.071238,0.002799,0.000146
0,0.099445,0.007558,-0.076121,0.035485,-0.101733,0.041464,0.001736,0.000132
0,-0.111347,-0.184956,-0.203929,-0.195332,-0.171644,-0.208647,0.001943,0.003228
0,-0.089865,-0.135374,0.002791,0.073823,-0.043945,0.123798,0.001568,0.002363
0,0.012024,-0.033995,0.122709,0.091211,0.150345,0.075451,0.00021,0.000593
0,0.119435,-0.017455,0.089431,0.030865,0.093929,0.043807,0.002085,0.000305
0,0.01798,-0.050617,-0.099121,-0.038067,-0.123919,0.010065,0.000314,0.000883
0,-0.085863,0.030733,-0.08597,0.065315,-0.107219,0.076201,0.001499,0.000536
0,-0.040979,-0.219214,0.033259,-0.255059,0.076424,-0.302394,0.000715,0.002865
0,0.086154,-0.172089,0.151287,0.02944,0.190276,0.037065,0.001504,0.003004
0,-0.037338,-0.151169,-0.121674,0.03101,-0.135188,0.063213,0.000652,0.002638
0,-0.134783,-0.013607,-0.071581,0.138013,-0.061772,0.0994,0.002352,0.000237
0,0.007328,-0.255676,0.125368,-0.260649,0.089611,-0.224501,0.000128,0.002228
0,-0.027816,0.021166,-0.036214,0.280955,-0.040885,0.23931,0.000485,0.000369
0,-0.064792,-0.157073,-0.063715,-0.173642,-0.108839,-0.212346,0.001131,0.002741
0,-0.0316,-0.075844,0.045501,0.102807,0.045632,0.054752,0.000552,0.001324
0,0.108441,-0.222687,0.114262,-0.147415,0.070825,-0.130063,0.001893,0.002804
0,0.119282,-0.133885,0.029219,0.085174,0.039521,0.038543,0.002082,0.002337
0,0.046335,0.080348,-0.049587,0.213534,-0.097434,0.170679,0.000809,0.001402
0,-0.071729,0.004276,-0.125678,-0.070643,-0.117423,-0.066551,0.001252,7.5e-05
0,-0.022449,0.016762,0.05695,-0.006768,0.02819,0.002122,0.000392,0.000293
0,0.035787,-0.065102,0.058316,-0.072653,0.019586,-0.071257,0.000625,0.001136
0,0.126508,0.11059,0.072639,0.1859,0.089049,0.164906,0.002208,0.00193
0,0.046873,0.006115,-0.08133,-0.106768,-0.130247,-0.078448,0.000818,0.000107
0,0.072371,0.012425,0.046191,0.01017,0.033029,-0.019298,0.001263,0.000217
0,-0.077698,-0.004216,-0.164304,0.010026,-0.135924,-0.023327,0.001356,7.4e-05
0,-0.095708,0.092165,-0.007688,0.117947,0.012254,0.151795,0.00167,0.001609
0,-0.057317,0.058874,0.055408,-0.026968,0.010791,-0.022787,0.001,0.001028
0,-0.118335,0.050415,-0.074496,0.003358,-0.11831,-0.030031,0.002065,0.00088
0,0.123911,0.027879,0.227064,-0.040095,0.202742,-0.075177,0.002163,0.000487
0,-0.031862,0.098007,-0.177957,0.099602,-0.142208,0.136996,0.000556,0.001711
0,-0.082152,0.036909,-0.023957,-0.058749,-0.034097,-0.011973,0.001434,0.000644
0,-0.175754,0.127309,-0.100903,0.111295,-0.091397,0.101544,0.003067,0.002222
0,-0.087848,-0.092461,0.091478,-0.199144,0.072901,-0.168058,0.001533,0.001614
0,0.050431,-0.046796,0.111504,0.040338,0.127411,0.081029,0.00088,0.000817
0,-0.139562,-0.134021,-0.179038,-0.084253,-0.168315,-0.070795,0.002436,0.002339
0,0.111779,-0.044943,0.25551,0.093776,0.21795,0.06995,0.001951,0.000784
0,-0.068013,0.004571,-0.156749,0.032162,-0.128705,0.036252,0.001187,8e-05
0,-0.136357,0.134554,-0.087835,0.156362,-0.096759,0.113273,0.00238,0.002348
0,0.00318,-0.037092,0.123976,-0.176451,0.139496,-0.177933,5.5e-05,0.000647
0,-0.144188,0.095722,-0.148731,0.119452,-0.179349,0.106295,0.002517,0.001671
0,-0.235201,0.013907,-0.070082,-0.063136,-0.069637,-0.095174,0.002586,0.000243
0,0.091855,-0.107918,0.331102,-0.138449,0.285014,-0.144059,0.001603,0.001884
0,-0.00838,-0.159106,-0.082723,-0.038683,-0.088938,-0.045277,0.000146,0.002777
0,0.03406,-0.023919,0.065376,0.133565,0.092486,0.122999,0.000594,0.000417
0,-0.100094,-0.00976,-0.130568,0.014895,-0.090944,-0.031795,0.001747,0.00017
0,-0.024239,-0.054956,0.097202,-0.057139,0.14665,-0.031688,0.000423,0.000959
0,0.114271,-0.150825,0.117137,-0.12457,0.088027,-0.124946,0.001994,0.002632
0,0.142802,0.047005,0.038158,0.195322,0.014755,0.203003,0.002492,0.00082
0,-0.006038,0.002294,-0.127604,-0.042343,-0.154065,0.000627,0.000105,4e-05
0,0.152071,-0.111308,0.133216,-0.091484,0.140816,-0.062416,0.002654,0.001943
0,0.084459,0.08968,-0.066769,0.193467,-0.022165,0.241702,0.001474,0.001565
0,-0.101068,-0.137185,-0.165302,-0.24749,-0.143621,-0.207789,0.001764,0.002394
0,0.009168,0.031089,0.082838,0.150639,0.098349,0.101621,0.00016,0.000543
0,0.005821,-0.020854,0.016573,-0.026869,0.045498,0.013041,0.000102,0.000364
0,-0.141566,0.028824,-0.120694,0.02629,-0.165403,0.029813,0.002471,0.000503
0,0.169621,0.072563,0.281391,0.055849,0.328962,0.037127,0.00296,0.001266
0,-0.090805,0.074185,-0.241331,0.021215,-0.268308,-0.002066,0.001585,0.001295
0,-0.100893,0.070848,-0.040066,0.01259,-0.056003,0.055803,0.001761,0.001237
0,0.122455,-0.093785,0.220444,-0.144382,0.222211,-0.104877,0.002137,0.001637
0,-0.051518,0.140622,-0.16546,0.245166,-0.121955,0.252685,0.000899,0.002454
0,-0.021646,-0.131898,0.034166,-0.274319,0.017227,-0.310086,0.000378,0.002302
0,-0.083843,0.117465,-0.07845,0.25559,-0.110813,0.288387,0.001463,0.00205
0,-0.152645,-0.018717,-0.091056,-0.136438,-0.105632,-0.160709,0.002664,0.000327
0,-0.138994,0.055192,0.039328,0.052853,0.012834,0.061555,0.002426,0.000963
0,0.011947,0.080612,0.172325,0.038554,0.220694,-0.009304,0.000209,0.001407
0,-0.211466,-0.01626,-0.198072,-0.072581,-0.219764,-0.057238,0.003,0.000284
0,-0.146307,0.116357,0.045896,0.122192,0.053717,0.094146,0.002554,0.002031
0,-0.06291,0.030657,0.087383,-0.101894,0.071054,-0.081109,0.001098,0.000535
0,-0.137261,0.033014,-0.064574,-0.00599,-0.069835,-0.026663,0.002396,0.000576
0,0.000821,0.08334,0.15032,0.046055,0.174327,0.00876,1.4e-05,0.001455
0,-0.082494,-0.037857,-0.108799,-0.09485,-0.108926,-0.111745,0.00144,0.000661
0,-0.259686,0.104182,-0.159741,0.154738,-0.176744,0.198716,0.002158,0.001818
0,-0.00705,0.019401,0.257158,-0.063113,0.259262,-0.081671,0.000123,0.000339
0,-0.22782,-0.107879,-0.224213,-0.134898,-0.200611,-0.08895,0.002715,0.001883
0,-0.08963,0.018374,0.118763,0.123077,0.08766,0.141221,0.001564,0.000321
0,0.129033,-0.170832,0.240979,-0.185811,0.28514,-0.143507,0.002252,0.002982
0,-0.027259,-0.101721,-0.168343,0.056186,-0.147707,0.037939,0.000476,0.001775
0,0.046832,0.048773,0.099196,0.127442,0.080847,0.093662,0.000817,0.000851
0,0.013899,-0.116808,-0.006281,-0.148643,-0.042713,-0.12288,0.000243,0.002039
0,-0.209845,0.035893,-0.201849,0.156998,-0.23134,0.197942,0.003028,0.000626
0,-0.153775,0.108831,0.060556,0.075802,0.083934,0.102405,0.002684,0.001899
0,-0.134021,-0.17739,0.018584,-0.271908,0.052995,-0.234799,0.002339,0.003096
0,-0.127911,0.072296,0.026929,0.250638,0.076892,0.227126,0.002232,0.001262
0,0.120745,-0.077111,0.237036,-0.149604,0.254813,-0.174579,0.002107,0.001346
0,-0.074492,-0.201671,-0.181124,-0.132823,-0.140241,-0.171338,0.0013,0.003171
0,-0.021872,-0.021661,0.025421,0.208313,-0.022224,0.249273,0.000382,0.000378
0,0.184779,-0.170131,0.212726,-0.169176,0.199299,-0.126622,0.003225,0.002969
0,0.14702,-0.114962,-0.023399,0.052374,0.022235,0.063569,0.002566,0.002006
0,0.051544,0.058844,-0.084407,0.193764,-0.104361,0.195022,0.0009,0.001027
0,0.146809,0.041214,0.121946,-0.044777,0.114843,-0.019609,0.002562,0.000719
0,-0.108749,0.152344,-0.246659,0.130366,-0.22647,0.135842,0.001898,0.002659
0,-0.002789,0.039527,0.108714,-0.093747,0.085034,-0.104281,4.9e-05,0.00069
0,0.034802,0.024426,0.033408,0.011574,0.061982,0.050901,0.000607,0.000426
0,-0.103638,0.098721,-0.154539,0.09848,-0.124625,0.073951,0.001809,0.001723
0,-0.064266,0.153346,0.023594,0.034566,0.050068,0.014274,0.001122,0.002676
0,0.017217,0.08478,0.060061,-0.062546,0.087827,-0.078516,0.0003,0.00148
0,-0.089253,-0.052042,-0.131533,-0.159099,-0.143881,-0.129163,0.001558,0.000908
0,-0.060511,0.146249,0.006218,0.178286,0.047901,0.185258,0.001056,0.002553
0,0.022734,0.062832,0.085392,-0.062338,0.043165,-0.087379,0.000397,0.001097
0,0.152192,-0.012633,0.130235,-0.092031,0.178601,-0.089124,0.002656,0.00022
0,0.074593,0.072936,-0.078435,0.079226,-0.118633,0.041577,0.001302,0.001273
0,0.061889,0.05508,0.004116,-0.03125,0.039108,-0.068852,0.00108,0.000961
0,0.26828,0.011793,0.211534,-0.035861,0.177819,-0.078423,0.002008,0.000206
0,-0.000109,0.05183,-0.242693,0.069306,-0.21004,0.105179,2e-06,0.000905
0,0.24223,-0.103444,0.257382,-0.127878,0.241329,-0.119461,0.002463,0.001805
0,0.140439,0.053097,-0.122627,0.128055,-0.125002,0.118619,0.002451,0.000927
0,0.150116,0.072518,0.008363,-0.000508,0.044474,-0.043285,0.00262,0.001266
0,0.182051,0.089809,0.048109,0.014544,0.092999,-0.001602,0.003177,0.001567
0,0.099095,0.011538,-0.073841,-0.086112,-0.034946,-0.090469,0.00173,0.000201
0,0.009984,-0.07285,-0.091199,-0.079204,-0.054386,-0.110127,0.000174,0.001271
0,0.021808,0.05757,0.013501,0.152522,-0.00727,0.135875,0.000381,0.001005
0,0.00199,0.016681,-0.041598,-0.052977,-0.015661,-0.094467,3.5e-05,0.000291
0,-0.002502,0.111694,-0.004973,0.073431,0.040446,0.056749,4.4e-05,0.001949
0,0.062423,-0.119541,0.090113,-0.240398,0.08608,-0.277129,0.001089,0.002086
0,-0.078964,-0.039595,-0.150831,0.094087,-0.186485,0.12423,0.001378,0.000691
0,0.07394,0.052353,0.144347,0.119649,0.151509,0.079864,0.00129,0.000914
0,-0.104385,-0.10779,-0.201811,-0.182161,-0.154599,-0.188084,0.001822,0.001881
0,-0.220699,0.035413,-0.138762,0.144938,-0.143369,0.171601,0.002839,0.000618
0,-0.047387,0.129138,0.172774,0.097422,0.202193,0.105645,0.000827,0.002254
0,0.110918,-0.027724,0.167089,-0.12891,0.170767,-0.169763,0.001936,0.000484
0,-0.105721,0.108002,-0.215403,0.159596,-0.170116,0.112949,0.001845,0.001885
0,0.074725,-0.064541,0.200089,-0.176097,0.152113,-0.195142,0.001304,0.001126
0,-0.073666,0.038189,-0.173958,0.09309,-0.198988,0.057591,0.001286,0.000667
0,-0.13232,-0.082717,-0.086896,-0.097884,-0.13114,-0.14108,0.002309,0.001444
0,5.9e-05,-0.072199,0.148323,0.038017,0.138347,0.013332,1e-06,0.00126
0,-0.015439,0.044203,-0.038455,0.117869,-0.047139,0.143197,0.000269,0.000771
0,0.04286,-0.152425,0.074791,-0.201246,0.088263,-0.236508,0.000748,0.00266
0,-0.035317,-0.095312,-0.049955,0.078243,-0.061473,0.063256,0.000616,0.001664
0,0.10072,-0.163738,0.125045,-0.09007,0.154912,-0.122271,0.001758,0.002858
0,0.069078,-0.05543,-0.028165,0.094678,-0.052302,0.086489,0.001206,0.000967
0,-0.137024,0.10646,-0.213897,0.157825,-0.21111,0.171649,0.002392,0.001858
0,-0.156815,-0.094478,0.001797,-0.221945,0.041398,-0.190216,0.002737,0.001649
0,-0.166131,0.126563,-0.02571,0.193463,0.022,0.218334,0.0029,0.002209
0,0.061167,-0.135468,0.214572,-0.268636,0.240742,-0.302499,0.001068,0.002364
0,0.047656,-0.135595,-0.036542,-0.02461,0.002222,-0.056964,0.000832,0.002367
0,-0.044011,0.054801,-0.091249,0.167631,-0.123948,0.159187,0.000768,0.000956
0,0.008235,-0.056849,0.040986,-0.090925,0.085593,-0.053993,0.000144,0.000992
0,0.024104,0.091672,0.017756,0.169603,0.065299,0.166583,0.000421,0.0016
0,-0.092411,-0.124137,-0.137522,-0.205563,-0.14287,-0.166864,0.001613,0.002167
0,-0.066735,-0.067748,0.002509,0.054944,-0.016204,0.055915,0.001165,0.001182
0,-0.033319,0.041689,0.012968,0.102021,0.034906,0.100788,0.000582,0.000728
0,-0.19303,-0.035544,-0.148245,-0.070619,-0.120705,-0.099477,0.003322,0.00062
0,-0.172916,0.069509,-0.001989,0.132426,0.002741,0.142777,0.003018,0.001213
0,-0.09035,-0.023473,0.107436,-0.077187,0.089578,-0.112279,0.001577,0.00041
0,-0.076553,0.052911,0.036721,0.07174,0.000553,0.085979,0.001336,0.000923
0,-0.026502,-0.086597,0.043421,-0.140314,0.059931,-0.110466,0.000463,0.001511
0,0.053622,-0.078997,0.057183,-0.011947,0.065542,-0.00988,0.000936,0.001379
0,-0.141613,-0.045666,-0.166484,0.059859,-0.166859,0.042756,0.002472,0.000797
0,0.064072,-0.036677,0.228415,-0.006,0.188414,0.038863,0.001118,0.00064
0,0.024387,0.051292,-0.053187,0.061057,-0.007728,0.092945,0.000426,0.000895
0,-0.000624,0.100977,-0.017948,0.069032,-0.048844,0.023393,1.1e-05,0.001762
0,-0.064569,-0.032557,-0.081507,-0.140764,-0.06063,-0.144967,0.001127,0.000568
0,-0.027987,-0.057255,0.032143,-0.016973,0.06185,-0.021656,0.000488,0.000999
0,-0.02774,-0.155097,-0.002195,-0.109792,0.003544,-0.116439,0.000484,0.002707
0,-0.073452,0.10833,-0.053679,0.25365,-0.01811,0.295247,0.001282,0.001891
0,-0.20785,-0.074291,-0.112385,-0.156642,-0.102309,-0.187352,0.003063,0.001297
0,-0.161259,0.042858,0.027562,0.140534,0.038087,0.108365,0.002815,0.000748
0,0.026713,-0.116444,0.186976,-0.138566,0.183335,-0.103038,0.000466,0.002032
0,-0.084933,0.091576,-0.101434,0.235379,-0.095501,0.189688,0.001482,0.001598
0,-0.075481,-0.178971,0.038304,-0.266112,0.06937,-0.232822,0.001317,0.003124
0,0.068439,-0.060782,0.156427,0.11505,0.176792,0.06979,0.001194,0.001061
0,-0.008396,-0.081758,-0.078915,-0.04446,-0.032345,-0.020865,0.000147,0.001427
0,-0.038506,0.108545,-0.058641,0.213557,-0.074872,0.253874,0.000672,0.001894
0,-0.078636,0.059243,-0.060783,-0.02031,-0.026286,-0.029384,0.001372,0.001034
0,-0.214504,0.118858,-0.144882,0.077323,-0.11222,0.071538,0.002947,0.002074
0,-0.182927,0.110396,0.033249,-0.010944,0.07278,-0.04594,0.003193,0.001927
0,-0.150445,-0.027457,0.028241,-0.114778,-0.016047,-0.113001,0.002626,0.000479
0,-0.040338,0.060758,0.121827,0.086924,0.166916,0.044337,0.000704,0.00106
0,-0.182332,-0.129168,-0.167106,-0.217913,-0.133428,-0.17867,0.003182,0.002254
0,-0.086824,0.111534,0.1227,0.253804,0.122869,0.208207,0.001515,0.001947
0,-0.163992,-0.017629,-0.078209,-0.119427,-0.086791,-0.097738,0.002862,0.000308
0,-0.072513,-0.080412,0.069397,-0.086317,0.029682,-0.115028,0.001266,0.001403
0,-0.142944,-0.016917,-0.042449,0.046894,-0.071617,0.047923,0.002495,0.000295
0,-0.026645,0.04031,0.103328,0.048888,0.063169,0.050852,0.000465,0.000704
0,-1.51881,0.455282,-1.472769,0.405932,-1.426111,0.45178,0.000255,0.001255
0,-1.119731,1.43114,0.401363,0.982879,0.42432,0.989746,0.000529,0.001785
0,-0.803181,1.56848,0.31607,0.12106,0.309051,0.093814,0.000637,0.000612
0,-0.73787,1.605374,0.071086,0.023719,0.11184,0.0069,0.000503,0.001256
0,-0.331658,1.955945,0.39593,0.328215,0.380036,0.372151,0.000902,0.000684
0,-0.121099,1.901265,0.234445,-0.037112,0.247272,-0.027587,0.002114,0.000271
0,0.04661,1.84985,0.142046,-0.059013,0.101354,-0.079181,0.000813,0.001168
0,0.24814,1.62137,0.205951,-0.256232,0.185499,-0.238456,0.00236,0.001535
0,0.36025,0.988755,0.118029,-0.617499,0.071896,-0.582476,0.000403,0.002815
0,0.324628,0.813681,-0.02307,-0.189927,0.026118,-0.183245,0.001025,0.00082
0,0.215546,0.476168,-0.11493,-0.320204,-0.116297,-0.272704,0.002929,0.00162
0,-0.033622,0.378583,-0.252423,-0.118676,-0.204088,-0.123771,0.000587,8.3e-05
0,-0.073534,0.287313,-0.059426,-0.092325,-0.095768,-0.06124,0.001283,0.001676
0,-0.121639,0.07221,-0.02218,-0.201333,-0.04115,-0.192455,0.002123,0.00126
0,-0.001041,0.016367,0.140625,-0.059159,0.128182,-0.060208,1.8e-05,0.000286
0,-0.057444,-0.192057,-0.034251,-0.211393,0.008246,-0.194707,0.001003,0.003339
0,0.075521,-0.21581,0.103471,-0.048131,0.132719,-0.09254,0.001318,0.002924
0,-0.116652,-0.261201,-0.174036,-0.035484,-0.184747,-0.074834,0.002036,0.002132
0,0.104741,-0.080784,0.231125,0.195233,0.236365,0.155281,0.001828,0.00141
0,-0.140237,-0.286057,-0.252238,-0.175803,-0.213522,-0.204747,0.002448,0.001698
0,-0.014328,-0.053158,0.137692,0.217075,0.113359,0.221345,0.00025,0.000928
0,-1.72807,-1.363673,-1.689955,-1.319885,-1.727509,-1.272235,0.003294,0.002963
0,-2.912485,-1.691752,-1.171681,-0.342804,-1.187897,-0.365031,0.002694,0.002763
0,-4.141976,-1.738069,-1.248034,-0.043977,-1.215394,-0.068943,0.001308,0.003119
0,-4.308458,-1.7222,-0.149355,-0.011645,-0.193282,0.010792,0.001598,0.003295
0,-3.390726,-1.425407,0.93684,0.30199,0.939165,0.260573,0.001038,0.001885
0,-2.842326,-1.388339,0.565634,0.045615,0.573203,0.010067,0.002772,0.002532
0,-2.050946,-1.104663,0.767842,0.262279,0.77452,0.293778,0.002342,0.000792
0,-1.824443,-0.836855,0.207986,0.264102,0.247816,0.287698,0.001612,0.001224
0,-1.138319,-0.698104,0.678735,0.128904,0.691866,0.161956,0.000205,0.001197
0,-0.925226,-0.248945,0.198489,0.476295,0.209405,0.504958,0.002767,0.002346
0,-0.729055,-0.153279,0.167582,0.076561,0.196205,0.090581,0.000657,0.002675
0,0.023921,-0.121848,0.741787,0.059762,0.746989,0.087323,0.000417,0.002127
0,0.346455,0.168847,0.330424,0.277591,0.313156,0.287503,0.000644,0.002947
0,0.328764,0.229711,-0.006114,0.061198,-0.038181,0.037164,0.000953,0.002682
0,0.516054,0.015833,0.172046,-0.240772,0.149846,-0.289146,0.002316,0.000276
0,0.438968,-0.027902,-0.097846,-0.066315,-0.110778,-0.054985,0.000971,0.000487
0,0.505479,0.224189,0.048248,0.279738,0.065971,0.252475,0.002131,0.002778
0,0.270789,0.066027,-0.227091,-0.137445,-0.222498,-0.105452,0.001965,0.001152
0,0.196943,0.046728,-0.075972,-0.018531,-0.098421,-0.005164,0.003254,0.000816
0,0.328549,-0.066658,0.145233,-0.092541,0.187732,-0.08221,0.000957,0.001163
0,0.232564,0.112261,-0.086525,0.171172,-0.089868,0.154198,0.002632,0.001959
0,-0.042579,0.071727,-0.276935,-0.047954,-0.281399,-0.019823,0.000743,0.001252
0,-0.057523,0.132211,-0.038504,0.041598,-0.027179,0.004248,0.001004,0.002308
0,0.05837,-0.082162,0.098643,-0.217519,0.094886,-0.228266,0.001019,0.001434
0,-0.027606,-0.011686,-0.098831,0.071165,-0.076483,0.060729,0.000482,0.000204
0,0.009552,-0.035649,0.021515,-0.03068,0.025204,-0.041118,0.000167,0.000622
0,-0.185653,0.047809,-0.165915,0.086754,-0.137904,0.068721,0.00324,0.000834
0,-0.125555,0.058402,0.064512,-0.00129,0.11278,0.008034,0.002191,0.001019
0,-0.117605,-0.11406,0.025887,-0.153694,0.070093,-0.187437,0.002053,0.001991
0,-0.075348,-0.050066,0.068829,0.086421,0.048506,0.105915,0.001315,0.000874
0,-0.05551,-0.065991,0.039526,-0.03407,0.065699,-0.025757,0.000969,0.001152
0,-0.229521,0.025792,-0.152358,0.112741,-0.155399,0.067693,0.002685,0.00045
0,-0.065834,-0.027023,0.158905,-0.070026,0.191048,-0.080951,0.001149,0.000472
0,-0.069753,-0.106449,0.005693,-0.075839,-0.039384,-0.032568,0.001217,0.001858
0,-0.243973,-0.001316,-0.172974,0.078232,-0.206753,0.088922,0.002433,2.3e-05
0,-0.237585,-0.144021,0.002087,-0.167468,0.047299,-0.144364,0.002544,0.002514
0,-0.067166,0.127071,0.155982,0.28548,0.188115,0.294782,0.001172,0.002218
0,-0.191923,0.125897,-0.100266,-0.019171,-0.129487,0.002251,0.003341,0.002197
0,-0.203184,0.01235,-0.014515,-0.11478,-0.047922,-0.157292,0.003145,0.000216
0,-0.17488,0.080449,0.045161,0.069719,0.039673,0.079555,0.003052,0.001404
0,-1.317345,1.563744,-1.156282,1.479284,-1.161949,1.437834,0.00292,0.000529
0,-1.754034,2.166447,-0.430653,0.575651,-0.469468,0.544203,0.00284,0.002333
0,-2.156701,2.179806,-0.374427,0.042046,-0.398645,0.032046,0.002503,0.0021
0,-2.106112,2.22894,0.07437,0.055421,0.051099,0.070213,0.003304,0.001243
0,-2.090475,2.081111,0.01845,-0.122722,0.05658,-0.076607,0.003032,0.002868
0,-1.978414,1.235976,0.088263,-0.855052,0.074495,-0.813379,0.001076,0.001499
0,-1.641689,1.092752,0.345746,-0.126363,0.341248,-0.113172,0.00189,0.001
0,-1.396352,0.852373,0.256415,-0.245647,0.266246,-0.270919,0.002392,0.001495
0,-0.857297,0.738387,0.513552,-0.092418,0.471589,-0.066156,0.001581,0.000494
0,-0.492984,0.296942,0.381704,-0.446353,0.407617,-0.411412,0.001913,0.001508
0,0.093487,0.1098,0.573137,-0.161964,0.552453,-0.161941,0.001632,0.001916
0,-0.171262,0.340923,-0.286944,0.254644,-0.294319,0.303452,0.002989,0.000741
0,-0.039172,0.08046,0.128868,-0.23118,0.104906,-0.219559,0.000684,0.001404
0,-0.018711,0.212474,-0.003575,0.131834,-0.006991,0.087631,0.000327,0.002982
0,-0.092438,0.169165,-0.05272,-0.04868,-0.0855,-0.097778,0.001613,0.002952
0,-0.039334,0.278082,0.026617,0.084508,0.044182,0.112815,0.000687,0.001837
0,-0.063176,0.0445,-0.014267,-0.220402,-0.061734,-0.263734,0.001103,0.000777
0,-0.192495,0.044332,-0.12941,-0.02925,-0.102406,-0.046126,0.003331,0.000774
0,0.013318,-0.009722,0.222378,-0.066909,0.250999,-0.0643,0.000232,0.00017
0,-0.064588,0.250804,-0.082223,0.269329,-0.127912,0.272245,0.001127,0.002313
0,0.095381,0.038823,0.186977,-0.23674,0.182039,-0.262405,0.001665,0.000678
0,-0.039088,0.095651,-0.150929,0.056477,-0.179009,0.079614,0.000682,0.001669
0,1.621217,-1.284092,1.670394,-1.352162,1.653584,-1.368973,0.001532,0.002339
0,2.498586,-1.518236,0.866414,-0.205053,0.896019,-0.215174,0.003227,0.000265
0,2.979276,-2.050245,0.458986,-0.512968,0.45728,-0.488216,0.001528,0.002329
0,2.426666,-2.105196,-0.538686,-0.07727,-0.502329,-0.105961,0.002208,0.003289
0,2.171759,-2.002262,-0.273506,0.076138,-0.322813,0.096794,0.002241,0.001492
0,1.843638,-1.633484,-0.301475,0.343572,-0.272075,0.345486,0.001277,0.001746
0,1.219912,-1.264628,-0.610339,0.397117,-0.566409,0.359674,0.001219,0.001999
0,0.718518,-0.868975,-0.522622,0.418644,-0.481218,0.439765,0.000841,0.001785
0,0.578022,-0.641328,-0.144894,0.219966,-0.183441,0.1717,0.003293,0.002188
0,0.261729,-0.329759,-0.316549,0.290495,-0.314232,0.262331,0.002123,0.000935
0,0.128834,0.16863,-0.134976,0.508542,-0.09328,0.460746,0.002249,0.002943
0,-0.128552,0.190314,-0.285059,0.002926,-0.237293,0.048217,0.002244,0.003322
0,-0.038951,0.066281,0.083384,-0.117123,0.036023,-0.141519,0.00068,0.001157
0,-0.191879,0.17623,-0.164352,0.110752,-0.18186,0.092805,0.003342,0.003076
0,-0.020378,0.361232,0.196852,0.15646,0.15708,0.185952,0.000356,0.000386
0,-0.041662,0.141312,-0.019729,-0.212862,-0.023709,-0.251596,0.000727,0.002466
0,-0.097032,0.287138,-0.081802,0.170032,-0.078971,0.138091,0.001694,0.001679
0,-0.174345,0.10608,-0.101052,-0.194659,-0.060423,-0.220444,0.003043,0.001851
0,-0.207626,0.176585,-0.025431,0.095736,-0.01558,0.126451,0.003067,0.003082
0,-0.05186,0.25608,0.170217,0.102447,0.145182,0.133486,0.000905,0.002221
0,-0.127614,0.150391,-0.047617,-0.111406,-0.020769,-0.100868,0.002227,0.002625
0,-0.182338,0.224995,-0.048958,0.073373,-0.013732,0.077169,0.003182,0.002764
0,-0.000259,0.071699,0.193886,-0.141694,0.199452,-0.138747,5e-06,0.001251
0,0.075011,-0.111908,0.060804,-0.195435,0.060626,-0.211585,0.001309,0.001953
0,-0.064678,-0.026954,-0.165551,0.0602,-0.162708,0.091321,0.001129,0.00047
0,-0.005387,0.006085,0.055561,0.015782,0.009679,0.00885,9.4e-05,0.000106
0,-1.929074,0.233089,-1.943389,0.252984,-1.98498,0.240972,0.000215,0.002623
0,-2.755317,0.268937,-0.820923,0.009153,-0.828909,-0.012945,0.001254,0.001997
0,-3.18251,0.479311,-0.452019,0.209623,-0.475224,0.173516,0.002019,0.001675
0,-2.560902,0.509653,0.633002,0.001423,0.679089,0.00737,0.00214,0.002204
0,-2.630765,0.241598,-0.097346,-0.286638,-0.116131,-0.313209,0.00092,0.002474
0,-2.388033,0.360736,0.233907,0.123857,0.241178,0.096034,0.001534,0.000395
0,-1.925625,0.206083,0.462965,-0.16381,0.41311,-0.155918,0.000154,0.003094
0,-1.081858,0.137358,0.834898,-0.093571,0.813734,-0.128802,0.00119,0.002397
0,-0.472274,0.167818,0.598098,0.053949,0.634181,0.047095,0.001552,0.002929
0,-0.369305,0.046756,0.120822,-0.124316,0.125781,-0.137984,0.000245,0.000816
0,0.083656,-0.008144,0.456548,-0.029341,0.440507,-0.021675,0.00146,0.000142
0,0.021936,-0.067175,-0.091472,-0.068171,-0.090804,-0.030868,0.000383,0.001172
0,0.001482,0.022484,-0.007444,0.110692,-0.046013,0.134926,2.6e-05,0.000392
0,0.242603,0.001028,0.263459,-0.002224,0.236777,-0.01691,0.002457,1.8e-05
0,0.360956,-0.17014,0.126236,-0.143721,0.078974,-0.12671,0.000391,0.002969
0,0.082178,0.121705,-0.299983,0.28813,-0.300364,0.257636,0.001434,0.002124
0,0.195889,0.123215,0.103587,-0.0072,0.104935,-0.018748,0.003272,0.002151
0,0.245831,0.007955,0.053921,-0.121052,0.034598,-0.163539,0.0024,0.000139
0,0.24217,-0.020091,-0.006563,-0.041557,-0.035532,-0.053996,0.002464,0.000351
0,0.090755,-0.082477,-0.127411,-0.039817,-0.163427,0.010086,0.001584,0.00144
0,-0.191242,-0.133815,-0.256458,-0.030997,-0.289977,-0.045049,0.003338,0.002336
0,-0.12278,-0.162641,0.06128,-0.028595,0.014472,-0.022093,0.002143,0.002839
0,-0.05927,0.093094,0.062664,0.241178,0.048576,0.288008,0.001034,0.001625
0,-0.065799,0.02542,0.0092,-0.095855,-0.036733,-0.103324,0.001148,0.000444
0,-0.198833,-0.146036,-0.142511,-0.142225,-0.144899,-0.134644,0.003221,0.002549
0,0.032022,0.023667,0.223366,0.199102,0.195198,0.242023,0.000559,0.000413
0,-0.192056,0.013584,-0.228133,0.016869,-0.208037,0.036885,0.003339,0.000237
0,0.126185,0.023613,0.316016,0.02053,0.276852,0.008997,0.002202,0.000412
0,0.062716,-0.033334,-0.058575,-0.027451,-0.022608,-0.073842,0.001095,0.000582
0,0.040347,-0.1762,-0.018228,-0.147761,0.027535,-0.144406,0.000704,0.003075
0,0.158318,-0.107436,0.13281,0.069602,0.107532,0.052646,0.002763,0.001875
0,-0.091354,-0.024912,-0.269318,0.087176,-0.314261,0.101572,0.001594,0.000435
0,0.018509,0.085555,0.095067,0.110323,0.07081,0.064378,0.000323,0.001493
0,0.112356,-0.01533,0.070365,-0.078833,0.095778,-0.080651,0.001961,0.000268
0,7.1e-05,-0.147324,-0.122669,-0.122204,-0.132296,-0.127001,1e-06,0.002571
0,-0.038561,0.11188,-0.06159,0.235611,-0.092885,0.277892,0.000673,0.001953
0,-0.069989,0.106683,-0.032282,-0.000654,-0.059981,-0.02677,0.001222,0.001862
0,0.002141,0.039516,0.065076,-0.045327,0.058663,-0.071011,3.7e-05,0.00069
0,0.138538,-0.01735,0.139654,-0.078922,0.129664,-0.057932,0.002418,0.000303
0,0.173431,-0.119695,0.047871,-0.103548,0.031265,-0.141992,0.003027,0.002089
0,0.070114,-0.119298,-0.13183,-0.018815,-0.116638,0.015337,0.001224,0.002082
0,-0.001666,0.079271,-0.043756,0.191974,-0.088233,0.193352,2.9e-05,0.001384
0,0.181322,-0.086118,0.171007,-0.163914,0.212203,-0.134463,0.003165,0.001503
0,0.168758,-0.14583,-0.007593,-0.05863,0.02746,-0.04695,0.002945,0.002545
0,0.059685,0.071334,-0.082168,0.246787,-0.049431,0.254075,0.001042,0.001245
0,0.215475,0.02143,0.175925,-0.0564,0.212477,-0.035783,0.00293,0.000374
0,0.183741,-0.166962,-0.048997,-0.2044,-0.003588,-0.249415,0.003207,0.002914
0,0.19504,0.052938,0.001662,0.19504,0.041163,0.236619,0.003287,0.000924
0,0.125447,-0.119393,-0.06175,-0.197212,-0.046634,-0.164682,0.002189,0.002084
0,0.046555,-0.109191,-0.086057,-0.010457,-0.077375,0.005536,0.000813,0.001906
0,0.159604,-0.124879,0.111372,-0.043957,0.082308,-0.018328,0.002786,0.00218
0,0.049123,-0.217294,-0.126442,-0.11086,-0.153041,-0.113544,0.000857,0.002898
0,0.062693,-0.06861,-0.008836,0.137294,-0.033475,0.164029,0.001094,0.001197
0,-0.028655,0.044386,-0.063745,0.086214,-0.026904,0.10582,0.0005,0.000775
0,0.020944,0.054467,0.058768,0.002477,0.01194,-0.011697,0.000366,0.000951
0,-0.00201,-0.00539,-0.011153,-0.082377,0.019714,-0.082313,3.5e-05,9.4e-05
0,-0.12847,-0.054083,-0.131939,-0.057511,-0.100054,-0.044192,0.002242,0.000944
0,0.09392,0.087449,0.236674,0.142985,0.261484,0.157291,0.001639,0.001526
0,0.058134,-0.096183,-0.028966,-0.159347,0.016523,-0.11666,0.001015,0.001679
0,-0.119481,0.039537,-0.199699,0.131793,-0.177082,0.158721,0.002085,0.00069
0,-0.057974,-0.144315,0.076079,-0.198294,0.045122,-0.162042,0.001012,0.002519
0,0.026556,0.026612,0.101719,0.167988,0.117452,0.160033,0.000463,0.000464
0,-0.074687,-0.082343,-0.110421,-0.125793,-0.135722,-0.167966,0.001304,0.001437
0,-0.113687,-0.178526,-0.040783,-0.067133,-0.073767,-0.037532,0.001984,0.003116
0,-0.053358,0.018581,0.073554,0.168425,0.069969,0.212872,0.000931,0.000324
0,-0.132485,-0.001938,-0.08584,-0.050477,-0.038784,-0.001719,0.002312,3.4e-05
0,0.054676,-0.046666,0.207113,-0.047536,0.235858,-0.062001,0.000954,0.000814
0,-0.052211,0.094757,-0.121824,0.162262,-0.136482,0.181663,0.000911,0.001654
0,-0.173901,-0.133784,-0.11095,-0.2273,-0.157969,-0.181925,0.003035,0.002335
0,-0.089985,-0.033915,0.088647,0.071599,0.115083,0.101672,0.001571,0.000592
0,-0.128878,-0.002462,-0.053308,0.008238,-0.084357,-0.00514,0.002249,4.3e-05
0,-0.113336,-0.01747,0.038532,0.00599,-0.006351,-0.035502,0.001978,0.000305
0,-0.127045,-0.101914,-0.025026,-0.113303,-0.005396,-0.070741,0.002217,0.001779
0,0.092947,-0.078556,0.216894,0.035314,0.211331,0.010571,0.001622,0.001371
0,0.055328,0.114153,-0.064648,0.204818,-0.059212,0.175928,0.000966,0.001992
0,0.039506,0.019582,0.002926,-0.099722,0.013641,-0.083336,0.00069,0.000342
0,0.150728,0.093881,0.116774,0.08324,0.130703,0.058374,0.002631,0.001639
0,-0.027293,0.04953,-0.201017,-0.040262,-0.241047,-0.036889,0.000476,0.000864
0,0.134357,-0.047443,0.161107,-0.106909,0.197692,-0.134984,0.002345,0.000828
0,0.055546,0.049624,-0.068934,0.102007,-0.107718,0.101967,0.000969,0.000866
0,0.126393,0.193494,0.084126,0.146255,0.098133,0.135024,0.002206,0.003314
0,0.117611,-0.003422,-0.000245,-0.181256,-0.002294,-0.202082,0.002053,6e-05
0,0.120429,0.11575,-0.003952,0.138847,0.017077,0.123599,0.002102,0.00202
0,0.006239,-0.035171,-0.101803,-0.172207,-0.084306,-0.173991,0.000109,0.000614
0,-0.034518,-0.006937,-0.060447,0.052079,-0.067826,0.070814,0.000602,0.000121
0,0.088492,0.095674,0.110251,0.090173,0.132337,0.077756,0.001544,0.00167
0,-0.198258,0.134649,-0.280813,0.034961,-0.271156,0.016297,0.003231,0.00235
0,-0.080053,0.161746,0.116837,-0.002562,0.138075,0.01127,0.001397,0.002823
0,0.000576,-0.069525,0.076384,-0.23015,0.094638,-0.197558,1e-05,0.001213
0,-0.082043,-0.111193,-0.074499,-0.032115,-0.024657,0.007358,0.001432,0.001941
0,0.040374,0.005713,0.119492,0.092263,0.14133,0.120007,0.000705,0.0001
0,0.164494,-0.146051,0.115668,-0.157372,0.163074,-0.126384,0.002871,0.002549
0,0.120882,-0.002993,-0.059765,0.150043,-0.104954,0.151308,0.00211,5.2e-05
0,0.057819,0.09039,-0.034653,0.121924,-0.074556,0.085911,0.001009,0.001578
0,0.010058,0.08568,-0.049387,0.004974,-0.03361,-0.006333,0.000176,0.001495
0,0.056688,-0.162594,0.019928,-0.245531,-0.004069,-0.224516,0.000989,0.002838
0,-0.066232,0.08608,-0.125047,0.272228,-0.12616,0.3143,0.001156,0.001502
0,0.000425,-0.126001,0.037085,-0.232348,0.040953,-0.199446,7e-06,0.002199
0,-0.025086,0.118707,-0.049066,0.263801,-0.091197,0.263683,0.000438,0.002072
0,0.070778,-0.115488,0.108395,-0.211711,0.140754,-0.222218,0.001235,0.002016
0,0.148985,-0.181268,0.080735,-0.04362,0.083626,-0.012187,0.0026,0.003164
0,-0.026322,0.041766,-0.184458,0.228606,-0.196861,0.228185,0.000459,0.000729
0,0.176168,0.120884,0.216975,0.102956,0.256619,0.132618,0.003075,0.00211
0,0.154804,0.094803,-0.014294,-0.046389,0.024581,-0.045426,0.002702,0.001655
0,0.069771,0.065734,-0.108881,-0.001913,-0.139902,0.03151,0.001218,0.001147
0,0.036601,-0.048725,-0.053333,-0.139995,-0.009864,-0.179421,0.000639,0.00085
0,-0.011172,-0.033951,-0.040788,-0.011506,-0.020922,0.007034,0.000195,0.000593
0,-0.169719,-0.129593,-0.14292,-0.106324,-0.132595,-0.138018,0.002962,0.002262
0,-0.071443,-0.140415,0.091271,-0.017586,0.079689,-0.046975,0.001247,0.002451
0,-0.166112,0.010186,-0.105588,0.142742,-0.074677,0.113319,0.002899,0.000178
0,-0.048718,-0.132415,0.095115,-0.143509,0.096852,-0.105712,0.00085,0.002311
0,-0.103172,-0.115816,-0.080288,0.00217,-0.102404,-0.004626,0.001801,0.002021
0,0.004427,-0.070993,0.121171,0.069923,0.077214,0.088571,7.7e-05,0.001239
0,-0.107139,-0.038916,-0.096778,0.056105,-0.084153,0.037922,0.00187,0.000679
0,0.085443,0.092123,0.200258,0.117822,0.197336,0.127421,0.001491,0.001608
0,0.119987,0.044501,0.056307,-0.071712,0.098262,-0.081076,0.002094,0.000777
0,-0.054389,-0.051939,-0.171479,-0.097027,-0.199131,-0.115342,0.000949,0.000907
0,-0.027717,0.069569,0.053514,0.107706,0.090589,0.091014,0.000484,0.001214
0,0.104254,-0.164183,0.13847,-0.235536,0.188425,-0.20094,0.00182,0.002866
0,0.088715,-0.065966,-0.032833,0.070728,-0.082499,0.059394,0.001548,0.001151
0,0.038632,-0.050916,-0.053481,0.003979,-0.077865,-0.003275,0.000674,0.000889
0,0.132627,-0.021506,0.068544,0.057647,0.070797,0.025483,0.002315,0.000375
0,0.055091,-0.221018,-0.080106,-0.211168,-0.082244,-0.230064,0.000962,0.002833
0,0.139414,-0.151708,0.109945,0.059875,0.068752,0.021337,0.002433,0.002648
0,0.151401,-0.150684,-0.010366,-0.028903,-0.013643,-0.033188,0.002642,0.00263
0,0.10559,-0.134897,-0.055465,0.040981,-0.083912,0.024943,0.001843,0.002354
0,-0.12474,-0.185351,-0.208749,-0.054684,-0.211458,-0.077918,0.002177,0.003235
0,-0.085886,0.053325,0.028472,0.253887,0.005871,0.244399,0.001499,0.000931
0,0.032471,-0.149503,0.141487,-0.222624,0.111803,-0.20701,0.000567,0.002609
0,0.078472,-0.140306,0.020166,0.024496,0.031529,0.053644,0.00137,0.002449
0,0.051754,-0.117687,-0.052458,0.010918,-0.032053,0.039743,0.000903,0.002054
0,-0.034036,0.089696,-0.063766,0.236883,-0.058206,0.186892,0.000594,0.001565
0,-0.073501,0.039524,-0.009563,-0.037405,-0.02198,-0.029022,0.001283,0.00069
0,0.036974,0.044898,0.136515,0.004461,0.17365,-0.025946,0.000645,0.000784
0,0.08978,-0.071185,0.080263,-0.121684,0.10451,-0.160263,0.001567,0.001242
0,-0.012244,-0.050714,-0.078143,0.025946,-0.122789,0.009823,0.000214,0.000885
0,-0.110912,0.007583,-0.092772,0.048847,-0.106016,0.008841,0.001936,0.000132
0,0.086598,0.070108,0.226263,0.064633,0.178581,0.095125,0.001511,0.001224
0,0.080235,0.007939,-0.002709,-0.069614,0.005561,-0.061765,0.0014,0.000139
0,0.073118,0.093963,-0.007327,0.087402,0.02642,0.084806,0.001276,0.00164
0,0.127193,0.034696,0.047019,-0.053302,0.063594,-0.038559,0.00222,0.000606
0,0.104954,-0.070956,0.001351,-0.130112,0.035637,-0.102001,0.001832,0.001238
0,0.015389,-0.189525,-0.061871,-0.133926,-0.037918,-0.138399,0.000269,0.003308
0,0.058087,-0.143826,0.049054,0.029642,0.055427,0.008085,0.001014,0.00251
0,0.034085,-0.119633,0.000264,0.026638,-0.043351,0.011912,0.000595,0.002088
0,0.023735,-0.022805,-0.003374,0.087208,-0.004716,0.099774,0.000414,0.000398
0,-0.069617,0.045447,-0.109715,0.090243,-0.124813,0.104159,0.001215,0.000793
0,0.075415,-0.027081,0.172737,-0.073846,0.208362,-0.092416,0.001316,0.000473
0,-0.053101,0.055973,-0.106781,0.101613,-0.07093,0.118178,0.000927,0.000977
0,0.010111,0.055801,0.093152,0.019819,0.102447,-0.024034,0.000176,0.000974
0,-0.085056,0.105985,-0.099309,0.070701,-0.12426,0.110022,0.001485,0.00185
0,-0.100105,-0.062503,0.002655,-0.171372,-0.041432,-0.195552,0.001747,0.001091
0,-1.75929,-0.876064,-1.652202,-0.833568,-1.634134,-0.856892,0.002749,0.001909
0,-3.083684,-2.164956,-1.30813,-1.268727,-1.288796,-1.272629,0.000294,0.002359
0,-5.260308,-2.052417,-2.198569,0.117524,-2.169072,0.114319,0.001862,0.002367
0,-5.560212,-1.631831,-0.299581,0.409575,-0.252492,0.393037,0.003318,0.001718
0,-4.786426,-1.479592,0.794904,0.134605,0.81088,0.112062,0.003249,0.00094
0,-4.101798,-1.690114,0.685215,-0.20898,0.681485,-0.18983,0.002009,0.002735
0,-2.930031,-1.394623,1.199836,0.273895,1.158481,0.282069,0.002388,0.002423
0,-2.279226,-0.835219,0.636224,0.562903,0.684688,0.529293,0.000365,0.001196
0,-0.910229,-0.58449,1.362973,0.234199,1.399361,0.270007,0.002505,0.00318
0,-0.29746,-0.445524,0.636646,0.127097,0.650351,0.156588,0.001499,0.001085
0,0.018527,-0.270302,0.332537,0.150653,0.329216,0.145173,0.000323,0.001973
0,0.213468,-0.233203,0.170477,0.015783,0.152682,-0.016802,0.002965,0.002621
0,0.319901,-0.158702,0.116856,0.102884,0.070313,0.086005,0.001108,0.00277
0,0.298421,-0.032333,-0.036028,0.142096,-0.046587,0.167666,0.001482,0.000564
0,0.192967,-0.021723,-0.133078,0.010393,-0.162136,0.04001,0.003323,0.000379
0,0.102322,0.244096,-0.0741,0.270576,-0.116824,0.273584,0.001786,0.002431
0,0.136044,0.09847,0.003754,-0.135777,0.002751,-0.180664,0.002374,0.001719
0,0.283084,0.062979,0.151607,-0.048247,0.199145,-0.068613,0.00175,0.001099
0,0.033331,-0.000897,-0.254768,-0.062538,-0.286016,-0.062344,0.000582,1.6e-05
0,0.101313,-0.026106,0.039989,-0.035248,0.000353,-0.012568,0.001768,0.000456
0,0.178437,0.164798,0.056783,0.214466,0.082216,0.189176,0.003114,0.002876
0,0.123034,0.011328,-0.060831,-0.179647,-0.108138,-0.150157,0.002147,0.000198
0,0.034137,-0.055468,-0.113835,-0.054209,-0.142623,-0.068604,0.000596,0.000968
0,0.212109,-0.061526,0.19481,-0.021436,0.214379,-0.046635,0.002989,0.001074
0,0.16128,0.16228,-0.041058,0.242966,-0.065276,0.261019,0.002815,0.002832
0,0.058614,0.225752,-0.106985,0.058737,-0.106884,0.026143,0.001023,0.002751
0,0.11823,0.079017,0.071674,-0.12654,0.075701,-0.163086,0.002063,0.001379
0,0.20076,0.123757,0.10761,0.026271,0.09273,-0.000659,0.003187,0.00216
0,0.079364,0.207467,-0.119331,0.081929,-0.127096,0.036931,0.001385,0.00307
0,-0.058027,0.191466,-0.117377,0.013382,-0.112695,0.008101,0.001013,0.003342
0,0.03813,0.223602,0.118516,0.051631,0.154595,0.020687,0.000665,0.002788
0,-0.053937,0.004294,-0.104677,-0.210363,-0.143224,-0.258814,0.000941,7.5e-05
0,-0.104788,0.005705,-0.052247,0.006518,-0.09371,-0.037374,0.001829,0.0001
0,0.104669,0.02362,0.209366,0.001556,0.247237,0.020402,0.001827,0.000412
0,0.138696,0.241317,0.034062,0.239123,-0.009154,0.259956,0.002421,0.002479
0,-0.075556,-0.005989,-0.215687,-0.24323,-0.170112,-0.2757,0.001319,0.000105
0,-0.086963,0.102589,-0.030124,0.107389,-0.052031,0.06104,0.001518,0.001791
0,-0.084916,0.159934,0.024363,0.039287,0.055079,0.026306,0.001482,0.002791
0,-0.12038,-0.068021,-0.051752,-0.234438,-0.063659,-0.220229,0.002101,0.001187
0,-0.116406,0.185018,0.003623,0.238598,-0.01587,0.244436,0.002032,0.003229
0,-0.054557,-0.016318,0.084634,-0.211825,0.045072,-0.191686,0.000952,0.000285
0,0.059003,0.099855,0.137175,0.138573,0.159933,0.115704,0.00103,0.001743
0,0.00891,-0.057936,-0.038386,-0.162594,-0.06812,-0.126492,0.000156,0.001011
0,-0.013264,-0.014654,-0.037645,0.023158,-0.068606,0.067594,0.000231,0.000256
0,0.067671,0.12839,0.094492,0.116457,0.099743,0.107451,0.001181,0.002241
0,0.13782,0.128722,0.088211,-0.018056,0.042929,-0.025504,0.002405,0.002247
0,-0.01433,0.020301,-0.125615,-0.125632,-0.152537,-0.146551,0.00025,0.000354
0,0.010589,0.050429,0.030042,0.052441,0.047228,0.012237,0.000185,0.00088
0,-0.08197,0.080645,-0.078381,0.004805,-0.066799,0.027489,0.001431,0.001408
0,0.034803,0.038701,0.097824,-0.049855,0.081818,-0.025065,0.000607,0.000675
0,0.073852,0.024156,0.054726,-0.021032,0.090534,-0.051958,0.001289,0.000422
0,0.086247,0.148742,-0.011534,0.095003,-0.055969,0.062773,0.001505,0.002596
0,-0.083734,0.027711,-0.145317,-0.115297,-0.188821,-0.104794,0.001461,0.000484
0,1.178602,-0.030844,1.256508,-0.077163,1.306184,-0.043257,0.000498,0.000538
0,3.074444,-0.198043,1.901367,-0.139091,1.866884,-0.106517,0.000133,0.003234
0,4.596409,-0.147575,1.498667,0.047313,1.523175,0.059062,6.7e-05,0.002576
0,4.964895,-0.312233,0.3565,-0.142673,0.33942,-0.179644,0.000327,0.001241
0,4.284241,-0.080202,-0.672066,0.231471,-0.673055,0.230723,0.001175,0.0014
0,3.550953,-0.199791,-0.759154,-0.102761,-0.71919,-0.075765,0.001758,0.003204
0,2.936961,0.046389,-0.640461,0.232741,-0.63683,0.224166,0.002267,0.00081
0,1.944245,0.066417,-1.018786,0.031039,-1.008505,0.07079,0.000479,0.001159
0,1.323946,0.139849,-0.636997,0.075571,-0.605656,0.06627,0.003035,0.002441
0,1.010983,-0.055897,-0.311085,-0.172118,-0.293777,-0.165997,0.002427,0.000976
0,0.492731,-0.011178,-0.534213,0.042007,-0.503637,0.041855,0.001909,0.000195
0,-0.062336,0.14013,-0.534806,0.160955,-0.502188,0.147524,0.001088,0.002446
0,-0.342954,-0.065183,-0.29602,-0.175372,-0.334379,-0.179963,0.000705,0.001138
0,-0.693499,0.060294,-0.340486,0.101103,-0.324626,0.105019,0.001278,0.001052
0,-0.670978,0.043887,0.022589,0.003944,0.05499,-0.045805,0.001671,0.000766
0,-0.500424,-0.082057,0.145824,-0.107849,0.105885,-0.064878,0.002043,0.001432
0,-0.403019,0.158785,0.070059,0.224283,0.039564,0.25696,0.000343,0.002771
0,-0.547208,0.117303,-0.136411,-0.028911,-0.124883,-0.056895,0.00286,0.002047
0,-0.119515,0.086139,0.408752,-0.053492,0.36191,-0.014832,0.002086,0.001503
0,-0.309444,0.168411,-0.208384,0.107532,-0.202387,0.139968,0.00129,0.002939
0,-0.193905,0.107008,0.11625,-0.063312,0.144466,-0.077113,0.003307,0.001868
0,0.037913,0.118816,0.218346,0.040661,0.229181,0.006455,0.000662,0.002074
0,0.001125,0.136685,-0.02274,0.044093,0.017612,0.057107,2e-05,0.002386
0,0.147529,-0.045549,0.159731,-0.179187,0.144913,-0.186495,0.002575,0.000795
0,0.079953,-0.01493,-0.045052,0.024606,-0.085626,0.054609,0.001395,0.000261
0,0.103293,-0.002059,0.045905,-0.014696,0.008224,0.011477,0.001803,3.6e-05
0,0.056986,0.149502,-0.058809,0.178607,-0.058907,0.161787,0.000995,0.002609
0,0.149521,-0.019758,0.091109,-0.156538,0.11664,-0.200213,0.00261,0.000345
0,0.18729,-0.057694,0.034917,-0.044348,-0.004151,-0.091588,0.003269,0.001007
0,0.080895,0.117296,-0.085866,0.146899,-0.03851,0.100255,0.001412,0.002047
0,0.135891,0.013051,0.077381,-0.110083,0.103927,-0.141115,0.002372,0.000228
0,0.13407,-0.062189,-0.02203,-0.103161,-0.069783,-0.071689,0.00234,0.001085
0,0.152057,0.093192,0.003306,0.150381,-0.036869,0.166347,0.002654,0.001627
0,0.023642,0.158764,-0.099896,0.0377,-0.083701,0.031203,0.000413,0.002771
0,0.184937,0.134765,0.141177,-0.001193,0.112759,0.001472,0.003228,0.002352
0,0.082154,0.083721,-0.09983,-0.072551,-0.09156,-0.095367,0.001434,0.001461
0,0.10071,-0.015527,0.033225,-0.078813,0.066209,-0.03856,0.001758,0.000271
0,-0.023242,-0.026937,-0.116695,0.011577,-0.074671,0.039142,0.000406,0.00047
0,0.033738,0.044764,0.048738,0.057206,0.001456,0.107122,0.000589,0.000781
0,-0.092565,-0.034845,-0.153795,-0.09351,-0.14911,-0.088794,0.001616,0.000608
0,0.09439,0.128312,0.190024,0.1454,0.194516,0.163728,0.001647,0.002239
0,0.060925,0.094402,-0.053521,-0.04266,-0.073994,-0.078447,0.001063,0.001648
0,0.026142,0.071512,-0.009551,0.004748,-0.048279,0.009779,0.000456,0.001248
0,0.037281,-0.140211,0.039361,-0.223157,0.047368,-0.272888,0.000651,0.002447
0,0.090898,-0.127935,0.063886,-0.009316,0.028519,-0.04898,0.001586,0.002233
0,0.051489,0.021291,-0.021963,0.129834,-0.006422,0.109126,0.000899,0.000372
0,0.051308,-0.159948,-0.008044,-0.196981,-0.050132,-0.230706,0.000895,0.002792
0,0.100105,-0.001209,0.049697,0.166457,0.0114,0.168573,0.001747,2.1e-05
0,-0.014758,0.056572,-0.109642,0.034414,-0.149418,0.045549,0.000258,0.000987
0,0.068854,-0.055621,0.060728,-0.113695,0.047693,-0.149463,0.001202,0.000971
0,2.048544,0.597961,1.998148,0.670714,2.048041,0.68766,0.0023,0.002945
0,2.417206,0.679897,0.357171,0.06717,0.34275,0.084945,0.002043,0.001515
0,2.491934,0.931207,0.08207,0.255117,0.075747,0.299969,0.003343,0.002871
0,3.363337,0.943416,0.859789,0.013785,0.819923,-0.021862,0.001516,0.003084
0,3.127689,0.555926,-0.25896,-0.381938,-0.216843,-0.427147,0.001062,0.003012
0,2.717987,0.579533,-0.438936,0.045087,-0.396367,0.077478,0.000602,0.003267
0,2.311522,0.42091,-0.380228,-0.131302,-0.425172,-0.161022,0.000199,0.000655
0,1.906245,0.202985,-0.428122,-0.246807,-0.417231,-0.210561,0.000184,0.003148
0,1.390391,0.22288,-0.519196,0.048502,-0.556456,0.08373,0.002496,0.002801
0,1.260734,0.137674,-0.105797,-0.114428,-0.069951,-0.151506,0.001931,0.002403
0,0.926346,0.149277,-0.352724,-0.010252,-0.339553,-0.048768,0.002786,0.002605
0,0.479733,0.082059,-0.437318,-0.062118,-0.453608,-0.100078,0.001682,0.001432
0,0.41277,0.072488,-0.090166,-0.011415,-0.068862,-0.037331,0.000513,0.001265
0,0.033995,0.133068,-0.390672,0.065156,-0.423554,0.048368,0.000593,0.002322
0,0.073056,0.014601,0.027433,-0.120158,0.037351,-0.108623,0.001275,0.000255
0,-0.107023,-0.041311,-0.176555,-0.06542,-0.143171,-0.098368,0.001868,0.000721
0,-0.297068,-0.108077,-0.182359,-0.038531,-0.136773,-0.074667,0.001506,0.001886
0,-0.330694,0.003498,-0.042665,0.099912,-0.00049,0.076912,0.000919,6.1e-05
0,-0.098404,0.021176,0.205524,-0.006947,0.163193,-0.019942,0.001717,0.00037
0,-0.182994,-0.167322,-0.083265,-0.206627,-0.132603,-0.159627,0.003194,0.00292
0,-0.177589,0.103893,0.015754,0.273257,-0.034195,0.27278,0.0031,0.001813
0,-0.144253,-0.135236,0.031387,-0.238172,0.060304,-0.278578,0.002518,0.00236
0,-0.049168,0.002777,0.068596,0.13618,0.114905,0.181072,0.000858,4.8e-05
0,-0.2614,-0.0911,-0.233588,-0.086732,-0.204769,-0.117695,0.002129,0.00159
0,-1.391656,0.309975,-1.10468,0.385623,-1.101212,0.345907,0.002474,0.001281
0,-1.83931,0.147999,-0.468293,-0.178618,-0.50893,-0.184631,0.001352,0.002583
0,-2.130047,0.363344,-0.308582,0.233637,-0.286113,0.260466,0.002969,0.000349
0,-1.946774,0.330147,0.203867,-0.059451,0.162302,-0.105734,0.000524,0.000929
0,-2.054491,0.300395,-0.078541,-0.031515,-0.039758,0.01269,0.002404,0.001448
0,-1.433404,0.244969,0.600761,-0.034724,0.581602,-0.045002,0.001746,0.002415
0,-1.042379,0.321596,0.385525,0.05582,0.41318,0.016181,0.00188,0.001078
0,-0.889051,0.329259,0.133853,0.037279,0.088299,0.0146,0.002135,0.000944
0,-0.624002,0.094896,0.27493,-0.262307,0.307247,-0.225388,0.002491,0.001656
0,-0.179041,0.148135,0.424373,0.038061,0.382348,0.032313,0.003125,0.002585
0,-0.027588,0.12222,0.170604,-0.051255,0.198237,-0.061737,0.000481,0.002133
0,-0.098849,-0.138996,-0.092882,-0.273048,-0.099566,-0.278904,0.001725,0.002426
0,0.134998,0.059386,0.257502,0.201554,0.303571,0.178745,0.002356,0.001036
0,0.148708,-0.021224,-0.016035,-0.100752,-0.007625,-0.085554,0.002595,0.00037
0,0.098855,0.071293,-0.032645,0.119574,-0.029318,0.148645,0.001725,0.001244
0,0.184258,-0.028685,0.088401,-0.107809,0.123077,-0.146942,0.003216,0.000501
0,0.124979,0.014183,-0.06492,0.04967,-0.043379,0.052062,0.002181,0.000248
0,0.101991,-0.202673,-0.043869,-0.217034,-0.063031,-0.253522,0.00178,0.003153
0,0.282181,0.119241,0.174038,0.351323,0.127346,0.347624,0.001766,0.002081
0,0.107423,0.15374,-0.199877,0.038999,-0.24241,-0.003831,0.001875,0.002683
0,0.08194,0.051221,-0.014667,-0.123155,0.031617,-0.115165,0.00143,0.000894
0,0.164588,-0.041447,0.101502,-0.079515,0.12353,-0.094824,0.002873,0.000723
0,0.192132,0.074951,0.047962,0.090839,0.013597,0.097454,0.003337,0.001308
0,0.084798,0.004153,-0.126315,-0.055265,-0.089641,-0.079193,0.00148,7.2e-05
0,0.009722,0.125718,-0.060132,0.131546,-0.036908,0.116465,0.00017,0.002194
0,0.112364,0.045546,0.123328,-0.108223,0.162538,-0.157929,0.001961,0.000795
0,0.092694,-0.010095,-0.008377,-0.026414,-0.00936,-0.031758,0.001618,0.000176
0,0.195057,0.060024,0.084584,0.063004,0.080102,0.110536,0.003286,0.001048
0,-0.114141,0.187211,-0.311926,0.123506,-0.326199,0.143571,0.001992,0.003267
0,0.04901,0.085174,0.191534,-0.109265,0.162065,-0.14398,0.000855,0.001487
0,-0.00596,0.163372,-0.034059,0.06617,-0.008132,0.050596,0.000104,0.002851
0,0.106005,-0.087869,0.108392,-0.258934,0.136816,-0.246438,0.00185,0.001534
0,-0.106902,0.126129,-0.195972,0.200114,-0.168128,0.204092,0.001866,0.002201
0,-0.153099,-0.002278,-0.041554,-0.130191,-0.049186,-0.142528,0.002672,4e-05
0,-0.0157,0.115482,0.159694,0.113852,0.137927,0.072517,0.000274,0.002016
0,-0.105801,-0.102735,-0.119232,-0.22408,-0.164473,-0.24454,0.001847,0.001793
0,0.128623,0.013618,0.217869,0.086903,0.198311,0.05989,0.002245,0.000238
0,-0.059622,-0.131499,-0.21689,-0.153445,-0.263284,-0.182027,0.001041,0.002295
0,0.026312,-0.0527,0.09189,0.076052,0.115043,0.0826,0.000459,0.00092
0,-0.07083,-0.185233,-0.091399,-0.111406,-0.057476,-0.071401,0.001236,0.003233
0,0.131567,0.087914,0.218169,0.26448,0.201885,0.292192,0.002296,0.001534
0,0.015248,0.04339,-0.137111,-0.028811,-0.093268,-0.033039,0.000266,0.000757
0,0.10607,0.097856,0.103776,0.072323,0.060971,0.10594,0.001851,0.001708
0,-0.073072,0.055601,-0.163981,-0.068465,-0.198039,-0.030559,0.001275,0.00097
0,-0.066022,0.082799,0.008858,0.030748,-0.02308,-0.010013,0.001152,0.001445
0,0.071514,0.107219,0.138734,0.024631,0.150304,0.07041,0.001248,0.001871
0,-0.133736,-0.08259,-0.214538,-0.191354,-0.195889,-0.162693,0.002334,0.001441
0,-0.065179,0.077656,0.058507,0.146971,0.052133,0.100084,0.001138,0.001355
0,-0.044059,-0.034018,0.036388,-0.08638,-0.011434,-0.127764,0.000769,0.000594
0,-0.179133,0.108193,-0.109957,0.136775,-0.089615,0.124974,0.003126,0.001888
0,-0.028314,-0.064735,0.16192,-0.16778,0.203985,-0.199323,0.000494,0.00113
0,-0.216535,0.104694,-0.193421,0.161785,-0.152373,0.167685,0.002912,0.001827
0,-0.082678,-0.035775,0.127635,-0.14979,0.169152,-0.145106,0.001443,0.000624
0,-0.048617,0.09943,0.046243,0.140631,0.042074,0.105128,0.000849,0.001735
0,-0.056881,0.059714,-0.019027,-0.054111,-0.001319,-0.016656,0.000993,0.001042
0,-0.157288,0.085986,-0.087046,0.026283,-0.098574,-0.009593,0.002745,0.001501
0,-0.128312,0.08104,0.055865,0.004145,0.081486,0.022815,0.002239,0.001414
0,-0.138956,-0.010977,0.006491,-0.083877,-0.019992,-0.064928,0.002425,0.000192
0,-0.133219,-0.018513,0.00707,-0.012203,0.035582,0.030555,0.002325,0.000323
0,0.01258,-0.144188,0.154213,-0.142304,0.108707,-0.128641,0.00022,0.002517
0,0.028917,-0.158696,0.025922,-0.029706,0.072203,-0.004463,0.000505,0.00277
0,0.112224,0.053799,0.054297,0.186056,0.083068,0.234829,0.001959,0.000939
0,0.217238,-0.034523,0.133426,-0.110635,0.121494,-0.117142,0.002899,0.000603
0,0.039391,-0.169233,-0.201879,-0.11517,-0.161274,-0.151858,0.000687,0.002954
0,0.10962,-0.032775,0.045933,0.115938,0.040326,0.143129,0.001913,0.000572
0,-0.057063,-0.085064,-0.137712,-0.0771,-0.153072,-0.095353,0.000996,0.001485
0,0.152189,-0.118885,0.198433,-0.018427,0.190178,0.024216,0.002656,0.002075
0,-0.054385,0.07923,-0.214568,0.227403,-0.235623,0.25005,0.000949,0.001383
0,-0.093035,-0.08447,-0.011347,-0.172206,-0.02852,-0.143866,0.001624,0.001474
0,-0.006511,-0.132346,0.090546,-0.071347,0.074538,-0.074186,0.000114,0.00231
0,-0.013766,-0.05937,-0.034092,0.061932,-0.04933,0.092335,0.00024,0.001036
0,-0.081748,-0.131251,-0.051057,-0.050339,-0.094141,-0.026853,0.001427,0.002291
0,0.105249,-0.103788,0.20171,0.001812,0.244887,-0.022379,0.001837,0.001811
0,-0.067367,0.046466,-0.192579,0.151548,-0.170887,0.181112,0.001176,0.000811
0,0.026198,-0.017539,0.116223,-0.043631,0.088259,-0.077901,0.000457,0.000306
0,0.063948,-0.075331,0.037174,-0.084032,0.060503,-0.083033,0.001116,0.001315
0,-0.0499,-0.088201,-0.094922,0.01333,-0.113198,0.028028,0.000871,0.001539
0,-0.096419,-0.042367,-0.047865,0.022369,-0.081499,-0.02088,0.001683,0.000739
0,0.112369,0.033571,0.215343,0.098132,0.180271,0.085295,0.001961,0.000586
0,0.019101,0.084101,-0.068452,0.057413,-0.112351,0.102933,0.000333,0.001468
0,0.052056,0.020325,0.006543,-0.047813,0.026606,-0.062555,0.000909,0.000355
0,0.025249,0.046938,-0.051839,0.000287,-0.070392,0.025911,0.000441,0.000819
0,-0.11544,0.150214,-0.12282,0.076932,-0.096182,0.117798,0.002015,0.002622
0,0.003486,-0.017474,0.124057,-0.163906,0.083897,-0.150142,6.1e-05,0.000305
0,-0.020369,0.082525,-0.018675,0.086445,-0.025287,0.132187,0.000356,0.00144
0,0.014674,0.038773,0.011889,-0.047786,-0.020329,-0.077742,0.000256,0.000677
0,0.008392,-0.059164,0.018808,-0.080257,-0.020389,-0.06426,0.000146,0.001033
0,0.054052,-0.09242,0.016179,-0.039564,0.01334,-0.043486,0.000943,0.001613
0,-0.179382,0.095673,-0.220236,0.162732,-0.257132,0.208809,0.003131,0.00167
0,-0.135851,-0.028905,0.041986,-0.129177,0.058209,-0.13781,0.002371,0.000504
0,-0.196026,0.016651,-0.058671,0.027292,-0.048832,0.049645,0.00327,0.000291
0,0.018392,0.122251,0.243357,0.130887,0.219761,0.174413,0.000321,0.002134
0,-0.125717,-0.078353,-0.137202,-0.214445,-0.092847,-0.19018,0.002194,0.001368
0,0.008117,0.108612,0.150883,0.172071,0.132688,0.13865,0.000142,0.001896
0,-0.052316,0.126414,-0.078207,-0.007637,-0.106373,0.012002,0.000913,0.002206
0,0.014129,0.052136,0.072397,-0.057875,0.096701,-0.019363,0.000247,0.00091
0,0.058558,-0.065532,0.04654,-0.090603,0.027314,-0.058737,0.001022,0.001144
0,-0.098461,0.002547,-0.170454,0.06112,-0.135826,0.044802,0.001718,4.4e-05
0,-0.125416,-0.00612,-0.029794,-0.016199,-0.039478,-0.004454,0.002189,0.000107
0,-0.142753,-0.04731,-0.043633,-0.061906,-0.066306,-0.097923,0.002492,0.000826
0,-0.020695,0.030522,0.108124,0.069904,0.156692,0.044872,0.000361,0.000533
0,-0.329466,0.105666,-0.335844,0.086324,-0.350481,0.135151,0.000941,0.001844
0,-0.055436,0.107185,0.286394,-0.02679,0.335156,-0.023511,0.000968,0.001871
0,-0.250219,0.119346,-0.216704,-0.009873,-0.187774,-0.003331,0.002324,0.002083
0,-0.086747,0.078791,0.156578,-0.041242,0.179164,-0.015518,0.001514,0.001375
0,-0.220661,-0.073449,-0.12928,-0.150404,-0.104158,-0.115172,0.00284,0.001282
0,-0.217017,-0.130899,0.027604,-0.074585,0.077416,-0.089927,0.002903,0.002285
0,-0.087389,-0.006471,0.145042,0.140416,0.166774,0.160446,0.001525,0.000113
0,-0.162099,0.120546,-0.091897,0.131036,-0.071465,0.101957,0.002829,0.002104
0,-0.195272,0.124004,-0.018194,-0.021981,-0.02509,-0.015427,0.003283,0.002164
0,-0.201833,0.116975,-0.029568,0.002483,-0.029618,0.015325,0.003168,0.002042
0,0.093184,-0.087278,0.322377,-0.187508,0.320244,-0.160962,0.001626,0.001523
0,0.021341,-0.005491,-0.085263,0.109404,-0.123246,0.068857,0.000372,9.6e-05
0,0.03045,-0.000735,0.016486,-0.017627,0.053883,0.008185,0.000531,1.3e-05
0,-0.038771,0.059502,-0.085095,0.033676,-0.065666,0.00662,0.000677,0.001038
0,-0.174414,0.007012,-0.113046,-0.067784,-0.119908,-0.058921,0.003044,0.000122
0,-0.026621,-0.019436,0.124216,-0.0474,0.124101,-0.070235,0.000465,0.000339
0,-0.037487,0.211688,0.012225,0.210633,-0.024496,0.211862,0.000654,0.002996
0,0.059404,-0.077098,0.079937,-0.313406,0.080943,-0.284292,0.001037,0.001346
0,0.096037,0.062479,0.043718,0.162079,0.057856,0.159245,0.001676,0.00109
0,0.033571,0.043845,-0.086287,-0.014176,-0.112264,-0.012308,0.000586,0.000765
0,-0.042375,0.015166,-0.052088,-0.041709,-0.083971,-0.030087,0.00074,0.000265
0,0.072455,-0.022799,0.127429,-0.011023,0.132244,0.001739,0.001265,0.000398
0,0.115206,-0.020066,0.029462,-0.002343,0.043446,0.011789,0.002011,0.00035
0,0.056097,0.077755,-0.076471,0.118991,-0.07214,0.109409,0.000979,0.001357
0,0.007145,0.205644,-0.062565,0.109402,-0.073673,0.096522,0.000125,0.003102
0,0.192172,-0.02202,0.211969,-0.244496,0.196007,-0.204167,0.003337,0.000384
0,0.046548,0.151166,-0.151401,0.161346,-0.143215,0.1209,0.000812,0.002638
0,0.22927,0.04397,0.188927,-0.127606,0.182521,-0.10892,0.002689,0.000767
0,0.042034,0.084723,-0.200695,0.046134,-0.193299,0.032874,0.000734,0.001479
0,0.137074,0.004161,0.08049,-0.10754,0.063576,-0.113154,0.002392,7.3e-05
0,-0.075969,-0.039774,-0.193866,-0.049051,-0.189961,-0.031077,0.001326,0.000694
0,0.187626,-0.057107,0.274056,-0.027675,0.248092,-0.004288,0.003275,0.000997
0,0.111837,0.066321,-0.068763,0.109366,-0.103661,0.099914,0.001952,0.001158
0,0.016032,-0.020499,-0.06899,-0.0675,-0.034506,-0.092362,0.00028,0.000358
0,0.136594,-0.112253,0.097397,-0.073249,0.119581,-0.082087,0.002384,0.001959
0,0.067765,0.062859,-0.07033,0.150854,-0.084272,0.148011,0.001183,0.001097
0,-0.024005,0.082761,-0.078523,-0.002458,-0.114516,0.021676,0.000419,0.001444
0,0.188742,0.012451,0.233935,-0.084475,0.230482,-0.102439,0.003294,0.000217
0,0.137523,-0.013354,-0.059554,-0.032799,-0.039757,-0.012095,0.0024,0.000233
0,0.053308,0.046251,-0.062628,0.076455,-0.05137,0.10412,0.00093,0.000807
0,-0.036317,0.078313,-0.117352,0.044589,-0.098068,0.036576,0.000634,0.001367
0,0.07676,-0.002161,0.131601,-0.067159,0.117516,-0.116927,0.00134,3.8e-05
0,-0.015032,-0.123681,-0.111328,-0.092144,-0.074263,-0.12066,0.000262,0.002159
0,-0.046613,-0.010111,-0.013281,0.127069,0.016917,0.092239,0.000814,0.000176
0,-0.174022,0.016714,-0.138071,0.018544,-0.096631,-0.008381,0.003037,0.000292
0,-0.070222,0.13522,0.116168,0.090118,0.100545,0.138365,0.001226,0.00236
0,-0.060395,0.134947,-0.009579,-0.000367,0.010668,-0.041593,0.001054,0.002355
0,0.083686,0.100377,0.158544,-0.050066,0.166358,-0.052662,0.001461,0.001752
0,0.069067,-0.022297,-0.003234,-0.145461,0.020385,-0.180308,0.001205,0.000389
0,0.180653,0.162852,0.14023,0.176825,0.106133,0.179873,0.003153,0.002842
0,0.019519,0.188783,-0.169761,0.042186,-0.174856,0.077415,0.000341,0.003295
0,0.02657,0.095484,-0.00668,-0.117732,-0.00466,-0.144515,0.000464,0.001667
0,0.173951,0.031493,0.160156,-0.082253,0.194297,-0.047556,0.003036,0.00055
0,-0.030304,-0.096525,-0.232424,-0.104385,-0.260134,-0.097269,0.000529,0.001685
0,0.065593,-0.082412,0.077178,0.023952,0.079438,0.045247,0.001145,0.001438
0,0.100317,-0.106714,0.022665,-0.023096,0.015843,0.000479,0.001751,0.001863
0,-0.051706,-0.166095,-0.13781,-0.068907,-0.166358,-0.091727,0.000902,0.002899
0,0.031028,-0.061181,0.065474,0.123775,0.091986,0.143526,0.000542,0.001068
0,-0.238343,-0.135966,-0.279221,-0.094279,-0.316512,-0.122993,0.002531,0.002373
0,-0.053484,-0.135088,0.159959,0.017323,0.123044,0.047896,0.000933,0.002358
0,-0.019601,0.077179,0.03653,0.227521,0.051778,0.219452,0.000342,0.001347
0,-0.058427,0.003304,-0.031818,-0.072066,0.002201,-0.110865,0.00102,5.8e-05
0,0.076751,-0.13098,0.162709,-0.110856,0.174379,-0.14175,0.00134,0.002286
0,0.032395,0.130754,-0.032434,0.266758,0.011493,0.25788,0.000565,0.002282
0,0.107117,0.000545,0.056742,-0.116004,0.093403,-0.129096,0.00187,1e-05
0,-0.110158,-0.052709,-0.24117,-0.034115,-0.265097,-0.082426,0.001923,0.00092
0,-0.023375,-0.117413,0.11533,-0.045373,0.130795,-0.075953,0.000408,0.002049
0,-0.161434,0.045827,-0.126893,0.18932,-0.111758,0.184415,0.002818,0.0008
0,0.129607,0.017661,0.270653,-0.008848,0.273287,0.023161,0.002262,0.000308
0,0.056885,0.110076,-0.088213,0.073723,-0.041123,0.034971,0.000993,0.001921
0,-0.054514,-0.107183,-0.088029,-0.245761,-0.072078,-0.245326,0.000951,0.001871
0,0.097474,0.073441,0.127546,0.203254,0.099814,0.212048,0.001701,0.001282
0,-0.074045,0.184946,-0.162854,0.1114,-0.190479,0.076754,0.001292,0.003228
0,-0.083518,0.033939,-0.003944,-0.175962,-0.010039,-0.165346,0.001458,0.000592
0,0.070744,0.063017,0.163454,0.034391,0.114116,0.058002,0.001235,0.0011
0,0.114417,-0.060365,0.031882,-0.119499,0.027791,-0.136647,0.001997,0.001054
0,-0.098958,0.204029,-0.234987,0.234759,-0.221157,0.278403,0.001727,0.00313
0,0.091667,0.037366,0.218858,-0.169369,0.182931,-0.167033,0.0016,0.000652
0,-0.126793,0.190132,-0.205753,0.148187,-0.250081,0.176715,0.002213,0.003318
0,0.067073,-0.043776,0.173209,-0.256617,0.151102,-0.213229,0.001171,0.000764
0,0.128288,0.223684,0.044632,0.243794,0.0422,0.212558,0.002239,0.002787
0,0.122482,0.143958,-0.007728,-0.0502,0.013256,-0.08794,0.002138,0.002513
0,0.096551,0.070942,-0.052925,-0.049946,-0.044668,-0.016805,0.001685,0.001238
0,0.006496,0.008278,-0.080109,-0.054604,-0.121763,-0.014659,0.000113,0.000144
0,0.108905,0.110123,0.094706,0.097643,0.074694,0.100137,0.001901,0.001922
0,-1.850053,0.603271,-1.966992,0.487663,-1.976834,0.465637,0.001165,0.002853
0,-1.860467,0.898537,-0.021782,0.289104,-0.02049,0.242082,0.000983,0.002301
0,-2.418371,1.334203,-0.540506,0.435276,-0.56308,0.400446,0.002064,0.003214
0,-3.250967,1.587514,-0.858274,0.26009,-0.893663,0.233783,0.003214,0.000944
0,-2.674539,1.559786,0.604756,-0.010073,0.590289,-0.02057,0.000156,0.00046
0,-1.831404,1.173775,0.83906,-0.408361,0.865327,-0.359378,0.00149,0.000414
0,-1.573761,1.090149,0.249483,-0.094888,0.20697,-0.122951,0.000704,0.001046
0,-1.006948,0.74108,0.586156,-0.321249,0.586151,-0.326289,0.002498,0.000447
0,-0.323685,0.366344,0.692879,-0.403286,0.696755,-0.423709,0.001041,0.000297
0,-0.367642,0.288522,-0.043037,-0.079982,-0.053401,-0.090463,0.000274,0.001655
0,0.187086,0.066275,0.526745,-0.246321,0.528155,-0.288241,0.003265,0.001157
0,0.218791,0.196054,0.032058,0.147864,-0.001538,0.178418,0.002872,0.003269
0,0.264127,0.062712,0.015875,-0.161392,0.013911,-0.163295,0.002081,0.001095
0,0.145855,-0.148698,-0.11928,-0.221326,-0.116393,-0.183257,0.002546,0.002595
0,0.217315,-0.14997,0.079645,-0.002307,0.11357,0.041689,0.002898,0.002617
0,0.050839,-0.194077,-0.146238,-0.039674,-0.130722,-0.02392,0.000887,0.003304
0,0.023487,-0.260085,-0.048438,-0.061451,-0.036354,-0.0412,0.00041,0.002151
0,0.080392,-0.221178,0.039639,0.049989,0.015944,0.014104,0.001403,0.002831
0,-0.027041,-0.21807,-0.11256,-0.020737,-0.101888,-0.002039,0.000472,0.002885
0,-0.051345,-0.196613,-0.027871,0.023312,0.00823,0.028608,0.000896,0.003259
0,0.137657,-0.142772,0.192842,0.034381,0.226057,0.00688,0.002403,0.002492
0,0.126769,-0.196695,-0.024901,-0.067053,-0.020505,-0.100028,0.002213,0.003258
0,-0.028296,-0.101457,-0.172846,0.08308,-0.172749,0.042334,0.000494,0.001771
0,-0.034027,-0.132677,-0.010448,-0.041305,-0.012905,-0.003208,0.000594,0.002316
0,0.040676,-0.088177,0.097156,0.014875,0.093149,-0.004427,0.00071,0.001539
0,1.859869,-1.111941,1.804446,-1.027618,1.837404,-0.992106,0.000993,0.000665
0,3.499776,-1.403151,1.617938,-0.273851,1.570928,-0.310092,0.000865,0.002274
0,4.48388,-1.528794,1.00963,-0.122359,0.989523,-0.152154,0.002031,8.1e-05
0,4.373854,-1.479862,-0.100718,0.045202,-0.115163,0.086365,0.002739,0.000935
0,3.566785,-1.495839,-0.832073,-0.045598,-0.823849,-0.086048,0.002035,0.000656
0,3.434089,-1.059443,-0.157131,0.424765,-0.133543,0.464845,0.000281,0.001582
0,3.103929,-0.845786,-0.329151,0.188577,-0.350007,0.149259,0.000647,0.00138
0,2.25009,-0.512656,-0.82988,0.310596,-0.875631,0.300577,0.000873,0.002257
0,1.899083,-0.28519,-0.360534,0.246671,-0.333091,0.206179,0.000309,0.001713
0,1.2194,0.20042,-0.665042,0.464534,-0.617531,0.445386,0.00121,0.003193
0,0.887408,0.114559,-0.304247,-0.089334,-0.30811,-0.135851,0.002107,0.001999
0,0.431241,0.336202,-0.476124,0.245366,-0.454033,0.249197,0.000836,0.000823
0,0.242211,0.261261,-0.190377,-0.088006,-0.16667,-0.052938,0.002463,0.002131
0,-0.080394,0.325032,-0.309525,0.037165,-0.353229,0.058394,0.001403,0.001018
0,-0.098284,0.137795,0.00383,-0.207504,-0.028984,-0.197106,0.001715,0.002405
0,0.016561,0.186866,0.101901,0.048839,0.136912,0.078379,0.000289,0.003261
0,-0.151697,0.197465,-0.139376,0.022083,-0.130342,0.062341,0.002648,0.003244
0,-0.152524,0.130151,-0.008664,-0.050974,0.000503,-0.021728,0.002662,0.002272
0,-0.196622,0.057716,-0.05252,-0.049565,-0.053503,-0.082688,0.003259,0.001007
0,-0.274075,-0.137508,-0.078599,-0.213069,-0.059679,-0.248305,0.001907,0.0024
0,-0.107462,0.066297,0.178651,0.184455,0.172191,0.18019,0.001876,0.001157
0,-0.27314,-0.148863,-0.140723,-0.218734,-0.111477,-0.211668,0.001924,0.002598
0,-0.116295,0.022475,0.163728,0.195384,0.176703,0.242087,0.00203,0.000392
0,0.047311,-0.0515,0.136006,-0.097331,0.137328,-0.131862,0.000826,0.000899
0,-0.132571,-0.013644,-0.187415,0.01075,-0.165253,-0.028785,0.002314,0.000238
0,-0.18567,-0.084833,-0.024626,-0.086772,-0.023416,-0.068525,0.003241,0.001481
0,-0.16051,-0.182063,0.03461,-0.072254,0.0812,-0.105536,0.002801,0.003178
0,-0.091332,0.059548,0.066232,0.261664,0.047784,0.225348,0.001594,0.001039
0,-0.013958,0.040966,0.078477,-0.045168,0.040828,-0.022551,0.000244,0.000715
0,0.075067,0.107866,0.071036,0.091379,0.051378,0.071074,0.00131,0.001883
0,0.049214,0.075918,-0.017731,-0.055652,-0.021113,-0.060008,0.000859,0.001325
0,0.101714,-0.03599,0.056419,-0.089656,0.094749,-0.091967,0.001775,0.000628
0,0.205317,0.057807,0.088814,0.080917,0.041474,0.088815,0.003107,0.001009
0,0.183288,-0.098721,-0.035651,-0.128943,0.006648,-0.176739,0.003199,0.001723
0,-0.078075,0.081875,-0.278631,0.182132,-0.257038,0.175871,0.001363,0.001429
0,-0.043462,0.180242,0.019484,0.102004,0.032464,0.099493,0.000759,0.003146
0,-0.124991,0.050714,-0.095857,-0.122434,-0.141963,-0.086137,0.002182,0.000885
0,-0.061583,0.008165,0.03471,-0.068288,0.023055,-0.077236,0.001075,0.000142
0,0.189242,-0.130138,0.255442,-0.157995,0.226399,-0.191198,0.003303,0.002271
0,0.03856,0.023964,-0.136221,0.151014,-0.184916,0.192668,0.000673,0.000418
0,0.152558,0.071178,0.119632,0.056729,0.078546,0.091618,0.002663,0.001242
0,0.063157,-0.118525,-0.085107,-0.202116,-0.091902,-0.155626,0.001102,0.002069
0,-0.047776,0.069627,-0.094354,0.197192,-0.114498,0.222362,0.000834,0.001215
0,-0.058765,-0.020623,-0.034296,-0.07672,-0.066464,-0.052581,0.001026,0.00036
0,0.193317,0.146587,0.238757,0.148448,0.241238,0.157499,0.003317,0.002558
0,0.060555,0.180578,-0.12595,0.031633,-0.085296,0.013389,0.001057,0.003152
0,-0.032911,-0.034742,-0.090297,-0.190151,-0.12496,-0.231614,0.000574,0.000606
0,0.099499,0.147011,0.148996,0.203392,0.151361,0.251354,0.001737,0.002566
0,0.098157,-0.034685,-0.000463,-0.197105,0.012832,-0.237001,0.001713,0.000605
0,-0.088579,-0.074414,-0.182782,-0.036177,-0.197976,0.003427,0.001546,0.001299
0,-0.01039,-0.08528,0.071113,-0.008278,0.074604,0.036122,0.000181,0.001488
0,-0.159394,0.013137,-0.171058,0.097282,-0.151503,0.092359,0.002782,0.000229
0,-0.067362,0.090936,0.084454,0.096054,0.108473,0.085317,0.001176,0.001587
0,-0.078027,0.07546,0.003936,-0.018928,-0.002359,-0.055446,0.001362,0.001317
0,-0.026704,0.106549,0.056793,0.012071,0.01652,-0.029456,0.000466,0.00186
0,-0.101937,-0.011841,-0.047749,-0.117247,-0.074659,-0.150317,0.001779,0.000207
0,-0.212529,-0.035064,-0.0943,-0.038646,-0.059276,-0.046146,0.002981,0.000612
0,0.001977,-0.019639,0.209022,0.032694,0.175316,0.020385,3.5e-05,0.000343
0,-0.082494,0.118896,-0.097135,0.114386,-0.055959,0.081847,0.00144,0.002075
0,-0.065446,0.111883,0.045516,0.010849,0.039626,0.046188,0.001142,0.001953
0,0.043565,0.050968,0.080493,-0.064408,0.053207,-0.072986,0.00076,0.00089
0,-0.187018,0.158133,-0.223332,0.113906,-0.183032,0.134618,0.003264,0.00276
0,-0.218915,0.031216,-0.057092,-0.122855,-0.091907,-0.135553,0.00287,0.000545
0,-0.175744,-0.009521,0.044014,-0.042995,0.079732,-0.085598,0.003067,0.000166
0,-0.186748,0.012107,0.018504,0.025083,-0.011222,0.043893,0.003259,0.000211
0,-0.157998,-0.075834,0.034522,-0.067763,0.015621,-0.090307,0.002758,0.001324
0,-0.198581,-0.034689,-0.064828,0.047478,-0.030606,0.019938,0.003225,0.000605
0,-0.169964,-0.131604,0.056207,-0.126542,0.006434,-0.103388,0.002966,0.002297
0,-0.106174,0.134287,0.089416,0.239325,0.106612,0.235333,0.001853,0.002344
0,-0.143527,0.015705,-0.050102,-0.126137,-0.06308,-0.142603,0.002505,0.000274
0,-0.078042,0.104351,0.040192,0.117012,0.054964,0.119518,0.001362,0.001821
0,0.039132,0.078931,0.1062,-0.008245,0.143676,0.013506,0.000683,0.001378
0,0.044857,-0.11052,-0.021765,-0.179343,0.001824,-0.177276,0.000783,0.001929
0,0.024004,-0.116653,-0.018569,-0.020863,0.006988,-0.016004,0.000419,0.002036
0,-0.207305,-0.058787,-0.209395,0.050512,-0.223373,0.093629,0.003073,0.001026
0,-0.057823,0.101482,0.165202,0.186481,0.13777,0.210325,0.001009,0.001771
0,-0.210254,-0.087455,-0.146933,-0.174452,-0.161345,-0.218162,0.003021,0.001526
0,-0.042464,-0.014575,0.138107,0.072873,0.168935,0.075344,0.000741,0.000254
0,0.000688,0.007091,0.045244,0.048963,0.05546,0.060827,1.2e-05,0.000124
0,-0.08794,-0.010241,-0.102704,0.005066,-0.083654,0.026264,0.001535,0.000179
0,-0.043263,-0.088609,0.043806,-0.06638,0.023756,-0.06832,0.000755,0.001547
0,0.094824,0.090313,0.124917,0.174788,0.136292,0.154031,0.001655,0.001576
0,-0.125583,-0.009063,-0.240689,-0.0913,-0.276408,-0.121506,0.002192,0.000158
0,-0.081742,-0.074693,0.064495,-0.062189,0.103619,-0.059308,0.001427,0.001304
0,-0.084751,0.101758,0.003163,0.17147,-0.009292,0.200235,0.001479,0.001776
0,-0.224338,-0.071115,-0.167729,-0.1558,-0.134785,-0.153093,0.002775,0.001241
0,-0.224391,-0.033007,-0.020653,0.047797,0.008595,0.002554,0.002774,0.000576
0,-0.126191,0.094315,0.072656,0.149813,0.111314,0.153475,0.002202,0.001646
0,-0.153045,-0.1558,-0.036615,-0.223403,-0.026041,-0.174212,0.002671,0.002719
0,-0.215337,-0.003258,-0.047663,0.125765,-0.073389,0.085475,0.002932,5.7e-05
0,-0.042441,-0.095982,0.165163,-0.111677,0.208427,-0.143452,0.000741,0.001675
0,-0.171068,-0.080576,-0.10854,0.01226,-0.062175,0.03282,0.002986,0.001406
0,-0.26545,-0.039051,-0.092447,0.031478,-0.12422,0.058376,0.002058,0.000682
0,-0.287833,0.009871,0.00748,0.036973,-0.003728,0.011086,0.001667,0.000172
0,-0.062679,0.003919,0.243587,-0.01701,0.228165,-0.008814,0.001094,6.8e-05
0,-0.25361,-0.110152,-0.21657,-0.131132,-0.252167,-0.180261,0.002264,0.001923
0,-0.086769,0.081335,0.176372,0.205021,0.212154,0.246582,0.001514,0.00142
0,-0.165206,-0.108634,-0.076668,-0.190347,-0.107904,-0.156043,0.002883,0.001896
0,-0.107684,0.055157,0.048391,0.152026,0.079578,0.188644,0.001879,0.000963
0,-0.389629,-0.014316,-0.257142,-0.072016,-0.251187,-0.032273,0.000109,0.00025
0,-0.372741,0.074382,0.004665,0.06248,-0.042592,0.027275,0.000185,0.001298
0,-0.41759,-0.089054,-0.073176,-0.144807,-0.046768,-0.151166,0.000598,0.001554
0,-0.364796,-0.126549,0.077229,-0.02011,0.0711,-0.020008,0.000324,0.002209
0,-0.185298,0.006557,0.152278,0.146628,0.195788,0.192716,0.003234,0.000114
0,-0.33385,0.024819,-0.149669,0.037986,-0.171378,0.002381,0.000864,0.000433
0,-0.325921,0.02902,0.021947,-0.016143,0.068679,0.006019,0.001002,0.000506
0,-0.312333,0.084577,0.018785,0.056775,0.01639,0.021613,0.00124,0.001476
0,-0.044548,-0.026904,0.295534,-0.081791,0.294884,-0.098636,0.000778,0.00047
0,-0.10512,-0.130665,-0.049379,-0.102332,-0.026423,-0.114859,0.001835,0.002281
0,-0.106443,0.051113,-0.028197,0.173602,-0.005637,0.198123,0.001858,0.000892
0,-0.16947,0.065228,-0.066568,-0.012512,-0.084259,-0.06094,0.002958,0.001138
0,-0.194891,0.090227,-0.024987,0.038958,-0.004475,0.072541,0.003289,0.001575
0,-0.007048,0.097253,0.182841,0.017956,0.133005,0.046255,0.000123,0.001697
0,-0.004904,0.14069,0.012279,0.023853,-0.001667,0.028948,8.6e-05,0.002456
0,0.001516,0.009734,0.035175,-0.121632,0.075865,-0.102645,2.6e-05,0.00017
0,0.042739,0.131059,0.01215,0.105564,0.016924,0.060401,0.000746,0.002287
0,-0.064707,0.057414,-0.096366,-0.101421,-0.132515,-0.12393,0.001129,0.001002
0,-0.032488,0.06911,0.019869,0.013591,-0.010139,0.006406,0.000567,0.001206
0,-0.048902,0.018605,-0.02787,-0.074755,-0.034688,-0.103973,0.000853,0.000325
0,0.045912,0.173751,0.10014,0.134447,0.085093,0.168466,0.000801,0.003033
0,-0.042495,0.000951,-0.09193,-0.143646,-0.09966,-0.133693,0.000742,1.7e-05
0,-0.000643,-0.076787,0.027647,-0.10309,-0.015946,-0.145563,1.1e-05,0.00134
0,0.03671,0.044295,0.05369,0.14382,0.054791,0.193262,0.000641,0.000773
0,-0.057906,0.095344,-0.107996,0.061373,-0.072262,0.090282,0.001011,0.001664
0,-0.010767,0.15807,0.040668,0.05732,0.072941,0.052918,0.000188,0.002759
0,0.069316,0.137895,0.076296,-0.023437,0.0849,0.02236,0.00121,0.002407
0,0.02636,-0.010093,-0.059837,-0.158786,-0.089523,-0.198944,0.00046,0.000176
0,0.078467,-0.079215,0.061296,-0.050458,0.057387,-0.001329,0.00137,0.001383
0,0.063978,0.16281,-0.021287,0.242357,-0.068705,0.269943,0.001117,0.002842
0,0.324554,0.050578,0.288116,-0.135021,0.299278,-0.112933,0.001026,0.000883
0,0.100947,0.024851,-0.215947,-0.036685,-0.213406,0.005311,0.001762,0.000434
0,0.030312,0.193677,-0.074657,0.197343,-0.123333,0.23691,0.000529,0.003311
0,0.227887,0.129555,0.201768,-0.039383,0.214171,-0.05784,0.002713,0.002261
0,0.114985,0.183565,-0.116002,0.079375,-0.149645,0.061053,0.002007,0.003204
0,0.099531,0.041219,-0.024781,-0.124352,-0.022702,-0.111207,0.001737,0.000719
0,0.058765,0.152481,-0.034793,0.085928,-0.078686,0.114685,0.001026,0.002661
0,0.074959,0.14757,0.028704,-0.026522,0.048523,0.021914,0.001308,0.002576
0,0.199631,0.077573,0.119504,-0.099928,0.094907,-0.149681,0.003207,0.001354
0,0.220124,0.076097,0.032395,0.004799,0.073779,0.028065,0.002849,0.001328
0,0.003997,-0.114331,-0.236381,-0.187365,-0.261655,-0.165905,7e-05,0.001995
0,0.002529,-0.104937,0.025194,0.004665,0.019757,-0.040067,4.4e-05,0.001831
0,0.241682,-0.053146,0.245494,0.0274,0.214248,0.051029,0.002473,0.000928
0,0.012845,0.028807,-0.224038,0.101262,-0.243519,0.151127,0.000224,0.000503
0,0.25559,-0.120221,0.23475,-0.171818,0.190815,-0.189507,0.00223,0.002098
0,0.034116,0.005125,-0.199412,0.139225,-0.214059,0.134055,0.000595,8.9e-05
0,0.160323,0.140721,0.120775,0.154752,0.121118,0.111957,0.002798,0.002456
0,0.102499,-0.105379,-0.074988,-0.217823,-0.107248,-0.204769,0.001789,0.001839
0,0.076429,0.080197,-0.051416,0.211581,-0.059029,0.166211,0.001334,0.0014
0,-0.06871,-0.142028,-0.133163,-0.211006,-0.149241,-0.22357,0.001199,0.002479
0,-0.014946,-0.103409,0.066524,0.047131,0.050425,0.002845,0.000261,0.001805
0,-0.173186,0.100844,-0.159024,0.228986,-0.118613,0.240066,0.003023,0.00176
0,-0.186269,-0.057697,-0.014925,-0.145569,0.026277,-0.118246,0.003251,0.001007
0,-0.126277,0.096295,0.05889,0.16207,0.048169,0.197036,0.002204,0.001681
0,0.063332,0.014614,0.205914,-0.087488,0.183912,-0.05603,0.001105,0.000255
0,-0.187976,-0.046626,-0.268821,-0.061391,-0.284991,-0.046699,0.003281,0.000814
0,-0.08816,-0.046103,0.121537,0.020406,0.107513,-0.014944,0.001539,0.000805
0,-0.109422,0.018734,-0.02565,0.047508,-0.038426,0.086078,0.00191,0.000327
0,0.009867,-0.054055,0.148824,-0.064802,0.197136,-0.114512,0.000172,0.000943
0,0.111748,-0.118488,0.101283,-0.073911,0.096366,-0.073918,0.00195,0.002068
0,-0.005573,-0.071766,-0.121896,0.034702,-0.13018,0.026858,9.7e-05,0.001253
0,-0.149049,0.089978,-0.134358,0.161899,-0.116818,0.157977,0.002601,0.00157
0,0.131818,0.116983,0.280866,0.019493,0.326906,-0.028374,0.002301,0.002042
0,-0.045998,0.154703,-0.158835,0.061302,-0.110901,0.054519,0.000803,0.0027
0,0.157093,0.054647,0.210593,-0.089062,0.211816,-0.070932,0.002742,0.000954
0,0.225119,0.185815,0.091439,0.107579,0.101284,0.085807,0.002762,0.003243
0,0.239792,0.071929,-0.015288,-0.113967,0.022017,-0.10832,0.002506,0.001255
0,0.046123,0.054396,-0.217197,-0.009674,-0.205832,0.022739,0.000805,0.000949
0,0.051583,0.079829,0.002435,0.031018,0.021844,0.004024,0.0009,0.001393
0,0.275804,0.220564,0.220052,0.124526,0.251337,0.116491,0.001877,0.002841
0,0.243542,0.12721,-0.03954,-0.081891,-0.07211,-0.038474,0.00244,0.00222
0,0.342074,0.223082,0.068669,0.067489,0.099388,0.046873,0.00072,0.002797
0,0.185574,0.124591,-0.186346,-0.123399,-0.21356,-0.154962,0.003239,0.002175
0,0.119242,0.075794,-0.084765,-0.043882,-0.089027,-0.090502,0.002081,0.001323
0,0.213165,0.181699,0.123345,0.100529,0.163607,0.094192,0.00297,0.003171
0,-2.186208,0.08156,-2.418985,-0.103879,-2.424102,-0.054189,0.001988,0.001423
0,-4.140661,0.156132,-1.933256,0.081361,-1.938585,0.045272,0.001331,0.002725
0,-5.434333,0.355638,-1.268657,0.217892,-1.229485,0.207836,0.001176,0.000484
0,-4.526808,0.177942,0.883711,-0.181714,0.922465,-0.22899,0.001282,0.003106
0,-3.129929,0.215881,1.379621,0.029179,1.390025,-0.010792,0.001101,0.002923
0,-2.166369,0.233319,0.961316,0.03633,0.95078,0.071397,0.002335,0.002619
0,-1.90014,0.194849,0.264471,-0.052345,0.275394,-0.077138,0.00029,0.00329
0,-1.148405,0.207012,0.76117,-0.008341,0.71692,0.028071,2.9e-05,0.003078
0,-0.989223,-0.087761,0.169956,-0.277062,0.183416,-0.22975,0.002807,0.001532
0,-0.577606,0.057274,0.417289,0.15269,0.38024,0.103194,0.003301,0.001
0,-0.253886,-0.176376,0.351641,-0.221672,0.320124,-0.209135,0.00226,0.003078
0,-0.076253,0.016638,0.178193,0.213443,0.136707,0.192514,0.001331,0.00029
0,0.084874,-0.015016,0.133808,-0.029674,0.1244,-0.028376,0.001481,0.000262
0,0.259,-0.075172,0.145183,-0.065983,0.174621,-0.048835,0.00217,0.001312
0,0.203637,-0.291648,-0.029989,-0.20754,-0.066848,-0.227655,0.003137,0.001601
0,0.163169,-0.077096,-0.02686,0.21245,-0.045178,0.215022,0.002848,0.001346
0,0.255333,-0.011825,0.069734,0.067881,0.101523,0.024925,0.002234,0.000206
0,0.319584,-0.004209,0.051597,0.027892,0.100129,0.024105,0.001113,7.3e-05
0,0.00617,-0.101337,-0.332456,-0.08907,-0.344682,-0.137418,0.000108,0.001769
0,0.123492,0.008575,0.130106,0.136955,0.10516,0.134056,0.002155,0.00015
0,0.131536,-0.038199,0.009062,-0.042872,-0.034338,-0.039955,0.002296,0.000667
0,0.135739,-0.126824,-0.015222,-0.071722,-0.016839,-0.042195,0.002369,0.002213
0,0.161036,-0.120105,-0.003411,0.033247,-0.021659,0.000384,0.002811,0.002096
0,0.063528,0.102729,-0.078263,0.211331,-0.075456,0.226676,0.001109,0.001793
0,0.057072,-0.18964,0.017884,-0.302151,-0.023711,-0.280139,0.000996,0.00331
0,0.109835,0.067437,0.062283,0.266355,0.044088,0.314337,0.001917,0.001177
0,-0.061919,0.086429,-0.200908,0.000643,-0.221315,0.016382,0.001081,0.001508
0,-0.110815,-0.141764,-0.030389,-0.216852,-0.068774,-0.257498,0.001934,0.002474
0,0.008905,-0.186039,0.102152,-0.053839,0.091787,-0.060285,0.000155,0.003247
0,0.031217,0.060094,0.011137,0.22058,0.01153,0.270257,0.000545,0.001049
0,0.033032,-0.074377,0.017929,-0.160683,0.014731,-0.16777,0.000577,0.001298
0,-1.237688,-0.406605,-1.265192,-0.316774,-1.296891,-0.330535,0.001529,0.000406
0,-2.700277,-0.812316,-1.481055,-0.378586,-1.467157,-0.388939,0.000293,0.000796
0,-2.590286,-1.080501,0.126615,-0.252337,0.088302,-0.225028,0.001627,0.001214
0,-2.674804,-0.882326,-0.071167,0.206609,-0.073657,0.184964,0.000152,0.002018
0,-2.413827,-0.694061,0.249074,0.211314,0.221943,0.227562,0.001984,0.001268
0,-1.89737,-0.430012,0.496141,0.23835,0.520545,0.270238,0.000339,0.000814
0,-1.210848,-0.24273,0.680307,0.200646,0.655212,0.236888,0.001061,0.002454
0,-0.836161,-0.156446,0.399893,0.060806,0.423215,0.038413,0.001212,0.002731
0,-0.52404,-0.305659,0.308621,-0.140093,0.267526,-0.097075,0.002455,0.001356
0,-0.280221,-0.223721,0.255499,0.065743,0.267155,0.037302,0.0018,0.002786
0,-0.137724,-0.006865,0.116206,0.237897,0.113026,0.259092,0.002404,0.00012
0,-0.254728,0.013331,-0.125448,0.047397,-0.175337,0.018447,0.002245,0.000233
0,-0.282291,-0.056706,-0.027429,-0.09685,-0.031762,-0.07893,0.001764,0.00099
0,-0.299004,0.004716,0.008586,0.037193,0.046616,0.082563,0.001472,8.2e-05
0,-0.087296,0.103679,0.204002,0.098599,0.229505,0.056836,0.001524,0.00181
0,-0.04969,-0.126746,0.026959,-0.24883,0.008611,-0.208286,0.000867,0.002212
0,-0.239274,-0.052723,-0.193136,0.061359,-0.219798,0.104393,0.002515,0.00092
0,-0.055235,0.051291,0.203046,0.121063,0.208228,0.100508,0.000964,0.000895
0,-0.276453,-0.09492,-0.236103,-0.134091,-0.221466,-0.183735,0.001866,0.001657
0,-0.078652,-0.062258,0.185541,0.003707,0.224419,-0.014961,0.001373,0.001087
0,-0.062465,-0.039792,0.004855,0.045526,-0.023156,0.056733,0.00109,0.000695
0,-0.140979,0.184625,-0.068576,0.209684,-0.057109,0.257729,0.002461,0.003222
0,-0.149221,0.126422,0.003876,-0.053168,0.004217,-0.052352,0.002604,0.002206
0,-0.167315,0.155634,-0.012228,-0.000414,0.026588,0.02097,0.00292,0.002716
0,-0.237354,-0.025319,-0.09621,-0.197556,-0.121462,-0.196995,0.002548,0.000442
0,-0.253665,-0.018883,-0.030008,-0.009561,-0.028434,-0.030446,0.002264,0.00033
0,-0.13387,-0.844008,0.125477,-0.817605,0.170284,-0.832893,0.002336,0.001349
0,-0.216665,-1.620411,-0.074012,-0.782072,-0.062077,-0.773408,0.002909,0.001518
0,-0.216984,-1.889704,-0.018977,-0.272329,-0.018915,-0.284174,0.002904,0.000473
0,-0.031865,-2.182635,0.177283,-0.287072,0.152269,-0.292388,0.000556,0.002051
0,-0.182012,-2.47926,-0.157099,-0.266835,-0.13819,-0.238447,0.003177,0.003126
0,0.112859,-1.584511,0.303314,0.922828,0.309012,0.942422,0.00197,0.000892
0,0.021625,-1.668285,-0.083603,-0.057617,-0.127495,-0.076183,0.000377,0.002354
0,0.024518,-1.043465,0.005094,0.641092,-0.037206,0.679296,0.000428,0.001861
0,-0.009943,-0.990142,-0.008573,0.049469,-0.052447,0.080412,0.000174,0.002791
0,-0.009323,-0.609468,0.016963,0.407793,0.042095,0.426751,0.000163,0.002744
0,0.12865,-0.338825,0.11612,0.265215,0.077976,0.288891,0.002245,0.000777
0,0.161697,-0.189671,0.007089,0.152766,0.021739,0.173297,0.002822,0.00331
0,0.166534,0.036131,0.007902,0.207753,0.023613,0.234262,0.002907,0.000631
0,-0.077316,0.104461,-0.255702,0.061991,-0.235588,0.023081,0.001349,0.001823
0,0.07598,0.142855,0.177225,0.053612,0.143345,0.091428,0.001326,0.002493
0,-0.042858,0.190053,-0.090242,0.05522,-0.06673,0.085422,0.000748,0.003317
0,-0.05748,0.159878,0.003193,-0.005828,0.028262,-0.016864,0.001003,0.00279
0,-0.067208,0.151288,-0.035446,0.018221,-0.082278,-0.028811,0.001173,0.00264
0,0.201251,0.173831,0.242968,0.003822,0.210538,0.042749,0.003178,0.003034
0,-0.008875,0.290599,-0.22224,0.094249,-0.27216,0.09681,0.000155,0.001619
0,-0.08072,0.230825,-0.09103,-0.043223,-0.065962,-0.017257,0.001409,0.002662
0,0.081341,0.076415,0.18213,-0.156873,0.193846,-0.11399,0.00142,0.001334
0,-0.087708,0.237177,-0.181353,0.146142,-0.134119,0.14842,0.001531,0.002551
0,-2.5e-05,0.231488,0.061927,0.00695,0.040881,0.033303,0.0,0.002651
0,-0.048859,0.190048,-0.043223,-0.060072,-0.035918,-0.059124,0.000853,0.003317
0,-0.095937,0.112415,-0.071141,-0.060584,-0.078545,-0.101636,0.001674,0.001962
0,-0.065597,-0.095929,0.049219,-0.238328,0.055155,-0.280174,0.001145,0.001674
0,-0.139669,0.070082,-0.092459,0.150668,-0.072044,0.197356,0.002438,0.001223
0,0.008317,-0.137421,0.125772,-0.230203,0.17083,-0.212283,0.000145,0.002398
0,0.061151,-0.145929,0.035325,-0.006759,0.014999,-0.027516,0.001067,0.002547
0,-0.093037,-0.007279,-0.161351,0.118429,-0.167847,0.13974,0.001624,0.000127
0,0.079925,-0.16992,0.191722,-0.186693,0.184574,-0.217699,0.001395,0.002966
0,-0.19561,-0.039787,-0.298076,0.122856,-0.285855,0.089167,0.003277,0.000694
0,-0.138595,-0.197845,0.044316,-0.13127,0.043724,-0.122875,0.002419,0.003238
0,-0.09375,-0.126295,0.061154,0.050866,0.107808,0.082956,0.001636,0.002204
0,-0.04816,-0.043122,0.035912,0.062796,0.05545,0.076265,0.000841,0.000753
0,-0.08005,0.032316,-0.02026,0.066708,-0.035312,0.10427,0.001397,0.000564
0,0.061025,-0.027418,0.148467,-0.050834,0.176944,-0.071857,0.001065,0.000479
0,-0.085983,-0.008878,-0.169393,0.012384,-0.14828,0.058363,0.001501,0.000155
0,-0.009639,-0.150687,0.049274,-0.142446,0.085009,-0.118795,0.000168,0.00263
0,0.131149,-0.003623,0.111427,0.1631,0.107857,0.133023,0.002289,6.3e-05
0,0.039763,-0.011772,-0.069394,0.007343,-0.057684,0.036453,0.000694,0.000205
0,-0.100985,0.004482,-0.154087,0.043559,-0.122507,0.021942,0.001763,7.8e-05
0,-0.129917,0.110335,-0.048184,0.134874,-0.081786,0.085684,0.002267,0.001926
0,-0.105295,-0.06266,-0.001157,-0.202796,-0.009198,-0.154732,0.001838,0.001094
0,-0.073373,-0.082735,0.053516,-0.012838,0.08674,-0.010571,0.001281,0.001444
0,-0.094629,0.126915,-0.005398,0.222441,0.010167,0.220434,0.001652,0.002215
0,0.140737,0.045143,0.237461,-0.088877,0.276731,-0.129206,0.002456,0.000788
0,0.073638,-0.080021,-0.061832,-0.105146,-0.019935,-0.082338,0.001285,0.001397
0,0.169029,0.007544,0.072107,0.090507,0.05287,0.127133,0.00295,0.000132
0,0.007124,-0.035221,-0.171133,-0.06588,-0.163787,-0.113745,0.000124,0.000615
0,0.169147,-0.179906,0.165987,-0.171221,0.163134,-0.151455,0.002952,0.00314
0,0.16387,-0.199925,-0.024511,-0.046524,-0.068362,-0.018172,0.00286,0.003201
0,0.048489,0.097191,-0.102836,0.274426,-0.138216,0.301709,0.000846,0.001696
0,0.004175,0.029868,-0.019923,-0.0429,-0.04729,0.000974,7.3e-05,0.000521
0,-0.063652,0.005813,-0.076118,-0.053059,-0.117875,-0.036236,0.001111,0.000101
0,0.021975,-0.096385,0.081411,-0.074087,0.077423,-0.117349,0.000384,0.001682
0,0.024586,-0.077895,0.010569,0.040835,-0.014663,0.032364,0.000429,0.00136
0,-0.063522,-0.040085,-0.07503,0.051942,-0.118472,0.027435,0.001109,0.0007
0,0.175326,0.078473,0.25346,0.098535,0.260467,0.10085,0.00306,0.00137
0,0.032651,-0.055515,-0.139238,-0.162451,-0.131724,-0.14744,0.00057,0.000969
0,-0.126443,-0.01803,-0.153629,0.013671,-0.161807,-0.008906,0.002207,0.000315
0,0.097451,-0.040765,0.228129,-0.013787,0.273357,-0.026962,0.001701,0.000711
0,2.595405,-0.646062,2.497451,-0.601805,2.540985,-0.618847,0.001537,0.002106
0,2.801295,-0.895681,0.205309,-0.261286,0.208661,-0.264485,0.002056,0.002251
0,2.539074,-0.899413,-0.278731,-0.024078,-0.247503,-0.014618,0.002521,0.002316
0,3.25523,-0.959317,0.735096,-0.046676,0.745487,-0.043389,0.003288,0.003329
0,3.329902,-0.889353,0.054377,0.072752,0.097629,0.046181,0.0021,0.002141
0,3.075346,-0.790094,-0.257522,0.092286,-0.281449,0.075979,0.000148,0.000408
0,2.178126,-0.61351,-0.906135,0.158129,-0.945754,0.135009,0.002129,0.002674
0,1.173487,-0.397573,-1.023669,0.232541,-1.052241,0.208551,0.000409,0.000248
0,0.950838,-0.201034,-0.234514,0.202137,-0.229095,0.172003,0.003214,0.003182
0,0.353948,-0.189237,-0.599648,-0.002882,-0.561845,0.038221,0.000513,0.003303
0,-0.098362,-0.130226,-0.427546,0.077822,-0.472757,0.125217,0.001717,0.002273
0,-0.370122,0.037364,-0.286906,0.172091,-0.328741,0.190441,0.000231,0.000652
0,-0.457238,0.049882,-0.07651,0.041442,-0.030349,0.064415,0.001289,0.000871
0,-0.466335,0.156798,-0.024602,0.116404,-0.013466,0.072979,0.001448,0.002737
0,-0.278008,-0.021376,0.206736,-0.154384,0.240645,-0.124543,0.001839,0.000373
0,-0.316703,-0.020687,-0.043421,-0.013019,-0.045229,-0.012173,0.001163,0.000361
0,-0.088436,0.15968,0.230137,0.167737,0.23429,0.196005,0.001544,0.002787
0,-0.258621,0.038063,-0.168033,-0.123942,-0.148388,-0.098886,0.002177,0.000664
0,-0.007809,0.009282,0.255936,-0.017222,0.210241,-0.006336,0.000136,0.000162
0,-0.152521,0.190219,-0.132836,0.210643,-0.159128,0.243155,0.002662,0.00332
0,0.074843,-0.087293,0.199497,-0.251504,0.163894,-0.26291,0.001306,0.001524
0,-0.016619,0.028786,-0.099499,0.095991,-0.071374,0.108222,0.00029,0.000502
0,-0.030983,0.207384,-0.035412,0.189944,-0.026868,0.202659,0.000541,0.003071
0,0.105079,-0.088667,0.155224,-0.293698,0.163032,-0.28446,0.001834,0.001548
0,-0.061176,-0.106677,-0.188734,-0.004284,-0.208974,-0.045944,0.001068,0.001862
0,-0.131508,0.0187,-0.079198,0.107481,-0.070756,0.087125,0.002295,0.000326
0,0.134827,0.064619,0.2697,0.01622,0.316966,0.052579,0.002353,0.001128
0,0.131093,-0.039142,-0.004452,-0.091699,0.034363,-0.070595,0.002288,0.000683
0,0.005566,-0.024592,-0.126709,-0.004806,-0.094061,-0.01871,9.7e-05,0.000429
0,-0.070161,0.02402,-0.082298,0.032193,-0.118968,-0.00962,0.001225,0.000419
0,0.041496,0.092429,0.10604,0.071893,0.115896,0.036803,0.000724,0.001613
0,0.059692,-0.135959,0.006806,-0.243031,0.051372,-0.195423,0.001042,0.002373
0,0.033407,-0.0864,-0.034597,0.048894,-0.017846,0.033953,0.000583,0.001508
0,0.017409,0.022346,0.001187,0.116752,-0.04547,0.070817,0.000304,0.00039
0,-0.100889,-0.147415,-0.145996,-0.173565,-0.113744,-0.185559,0.001761,0.002573
0,-0.085557,-0.050655,0.020382,0.12579,0.020674,0.141671,0.001493,0.000884
0,0.093102,-0.044297,0.154444,0.032582,0.106103,0.024423,0.001625,0.000773
0,-0.150027,0.088329,-0.241359,0.153846,-0.285244,0.112126,0.002618,0.001542
0,0.001793,-0.057926,0.14898,-0.117264,0.134257,-0.074913,3.1e-05,0.001011
0,-0.200312,-0.188259,-0.229027,-0.125644,-0.199406,-0.137796,0.003195,0.003286
0,-0.203624,-0.014273,-0.019346,0.165031,0.023215,0.151754,0.003137,0.000249
0,-0.239646,-0.179137,-0.028689,-0.149056,-0.019418,-0.150418,0.002508,0.003127
0,-0.111158,-0.184865,0.099095,-0.029005,0.053539,-0.000643,0.00194,0.003227
0,-0.179988,-0.180259,-0.040104,0.009827,0.009477,-0.017053,0.003141,0.003146
0,-0.290231,-0.159801,-0.115415,0.034597,-0.129972,0.076325,0.001625,0.002789
0,-0.215063,-0.128353,0.047436,0.020986,0.065071,0.045706,0.002937,0.00224
0,-0.089841,0.084822,0.146374,0.23314,0.164073,0.258991,0.001568,0.00148
0,-0.033653,0.075702,0.057992,0.011466,0.041421,0.01581,0.000587,0.001321
0,-0.105782,0.005751,-0.101502,-0.093162,-0.052964,-0.134603,0.001846,0.0001
0,-0.267045,-0.01288,-0.139215,-0.023543,-0.10635,0.005206,0.00203,0.000225
0,-0.301929,-0.13069,-0.023456,-0.099337,-0.024571,-0.060888,0.001421,0.002281
0,-0.137767,-0.067608,0.146967,0.060912,0.109143,0.035103,0.002404,0.00118
0,-0.207294,0.076067,-0.04932,0.1334,-0.002488,0.118796,0.003073,0.001328
0,-0.049723,0.058476,0.184839,-0.045309,0.228754,-0.016136,0.000868,0.001021
0,-0.049529,-0.025084,0.022322,-0.070992,-0.008342,-0.072334,0.000864,0.000438
0,-0.126818,0.008298,-0.055272,0.041886,-0.060143,0.069042,0.002213,0.000145
0,0.009802,0.153694,0.132139,0.156436,0.133424,0.144366,0.000171,0.002682
0,-0.152839,-0.07441,-0.181958,-0.221853,-0.158186,-0.198264,0.002668,0.001299
0,0.061649,-0.070551,0.200152,-0.008028,0.246195,0.005439,0.001076,0.001231
0,-0.017508,-0.029401,-0.054598,0.026325,-0.020984,-0.014792,0.000306,0.000513
0,-0.280547,0.073723,-0.239914,0.09756,-0.233083,0.0983,0.001794,0.001287
0,-0.132169,-0.070317,0.163718,-0.131744,0.178439,-0.105063,0.002307,0.001227
0,-0.124034,-0.111995,-0.016838,-0.040826,0.021535,-0.047175,0.002165,0.001955
0,-0.065359,0.007386,0.047346,0.134154,0.065641,0.13288,0.001141,0.000129
0,1.327014,1.003283,1.415784,0.977138,1.446438,0.99537,0.003088,0.002562
0,1.837772,2.078335,0.503712,1.053268,0.516023,1.062126,0.001379,0.00282
0,2.644604,1.925415,0.797088,-0.167628,0.780725,-0.134172,0.000679,0.000151
0,3.299678,2.001459,0.668068,0.070359,0.658385,0.082644,0.002627,0.001478
0,3.119773,1.666194,-0.184203,-0.329094,-0.137811,-0.310401,0.000924,0.002317
0,2.887421,1.222672,-0.212618,-0.452871,-0.191612,-0.469578,0.003132,0.001267
0,2.730455,0.784909,-0.168341,-0.424827,-0.128285,-0.437318,0.00082,0.000318
0,1.847585,0.773253,-0.889009,-0.014816,-0.921629,0.010783,0.001208,0.000114
0,1.167483,0.293024,-0.689505,-0.451054,-0.658476,-0.496549,0.000304,0.001577
0,0.671446,0.045271,-0.513166,-0.260256,-0.549181,-0.210732,0.001663,0.00079
0,0.265194,-0.205687,-0.409169,-0.266339,-0.360126,-0.245539,0.002062,0.003101
0,-0.028773,-0.14744,-0.28888,0.039771,-0.272169,0.035366,0.000502,0.002573
0,-0.178725,-0.011122,-0.120413,0.120292,-0.086788,0.094828,0.003119,0.000194
0,-0.272611,-0.029748,-0.122684,-0.047118,-0.079775,-0.090862,0.001933,0.000519
0,-0.288184,-0.112352,-0.032154,-0.060435,-0.046242,-0.040013,0.001661,0.001961
0,-0.169141,-0.184379,0.123982,-0.070964,0.142776,-0.063468,0.002952,0.003218
0,-0.120986,-0.089433,0.046089,0.123645,0.051323,0.149563,0.002112,0.001561
0,-0.08769,0.006954,0.055383,0.091049,0.041397,0.091365,0.00153,0.000121
0,-0.088956,0.043193,0.00409,0.046172,-0.00722,-0.002192,0.001553,0.000754
0,-0.208184,-0.114372,-0.14204,-0.131942,-0.158276,-0.09665,0.003057,0.001996
0,-0.114864,-0.004734,0.076073,0.115958,0.125737,0.103318,0.002005,8.3e-05
0,-0.288851,-0.115066,-0.148559,-0.125699,-0.138269,-0.171261,0.001649,0.002008
0,-0.386519,-0.079727,-0.100454,0.050421,-0.119334,0.059233,5.5e-05,0.001392
0,-0.21063,-0.022111,0.179503,0.077114,0.152452,0.076117,0.003015,0.000386
0,-0.122316,-0.010181,0.105457,0.017372,0.099258,0.047658,0.002135,0.000178
0,-0.186268,-0.035874,-0.063381,-0.045275,-0.062585,-0.008056,0.003251,0.000626
0,-0.263065,-0.03516,-0.048604,-0.011691,-0.032234,-0.037576,0.002099,0.000614
0,-0.170613,-0.067738,0.095568,-0.018277,0.091979,0.024356,0.002978,0.001182
0,-0.094209,-0.088597,0.073274,-0.042446,0.035331,-0.053771,0.001644,0.001546
0,-0.0595,0.071582,0.034155,0.169494,0.023323,0.173779,0.001038,0.001249
0,-0.06863,-0.160999,0.013133,-0.218366,-0.01736,-0.221044,0.001198,0.00281
0,-0.064994,-0.017432,0.022971,0.11643,0.023632,0.14619,0.001134,0.000304
0,-0.142402,-0.065239,-0.084272,-0.052574,-0.104029,-0.003543,0.002485,0.001139
0,-0.140803,-0.141235,-0.013156,-0.096368,0.03256,-0.105566,0.002457,0.002465
0,-0.072462,0.059578,0.095664,0.174529,0.093733,0.194338,0.001265,0.00104
0,-0.170778,-0.088063,-0.106835,-0.141816,-0.141328,-0.187342,0.002981,0.001537
0,-0.068724,-0.113025,0.107956,-0.019134,0.109842,-0.03845,0.001199,0.001973
0,-0.132768,0.033686,-0.04589,0.16384,0.002813,0.158046,0.002317,0.000588
0,-0.087216,-0.16304,0.054696,-0.202902,0.089992,-0.157167,0.001522,0.002846
0,0.019856,0.024694,0.11057,0.177729,0.115012,0.167625,0.000347,0.000431
0,-0.055312,0.085175,-0.088911,0.085529,-0.079022,0.11592,0.000965,0.001487
0,-0.073507,-0.09041,-0.047909,-0.151222,-0.050242,-0.111454,0.001283,0.001578
0,0.156941,-0.088493,0.244529,-0.017717,0.252899,-0.029587,0.002739,0.001544
0,-0.032799,-0.052599,-0.166185,0.055285,-0.209842,0.016823,0.000572,0.000918
0,-0.080622,-0.007199,-0.049185,0.069324,-0.04497,0.072677,0.001407,0.000126
0,-0.03298,-0.11778,0.025127,-0.10415,-0.017333,-0.085559,0.000576,0.002056
0,2.114418,0.417821,2.155162,0.510107,2.117971,0.499004,0.003241,0.000602
0,3.248877,1.058952,1.119981,0.638921,1.137552,0.621203,0.003177,0.00159
0,3.621692,1.390723,0.396578,0.338893,0.4265,0.356292,0.002993,0.002491
0,4.00059,1.538534,0.364763,0.128587,0.402288,0.164739,0.002915,8.9e-05
0,3.832513,1.229364,-0.138828,-0.330513,-0.157518,-0.349482,1.8e-05,0.001384
0,2.980721,1.316615,-0.870014,0.113606,-0.894079,0.070423,0.001503,0.002907
0,2.227958,1.256399,-0.723378,-0.068235,-0.693337,-0.043756,0.00126,0.001856
0,1.661581,1.129229,-0.593098,-0.118717,-0.601929,-0.13239,0.002237,0.000364
0,1.173887,0.805941,-0.496095,-0.328195,-0.47648,-0.310692,0.000416,0.000685
0,0.413121,0.610775,-0.775936,-0.223333,-0.735047,-0.229044,0.00052,0.002722
0,0.358955,0.198741,-0.026019,-0.400904,-0.054834,-0.419893,0.000426,0.003222
0,-0.062991,0.050862,-0.433833,-0.153252,-0.479953,-0.122596,0.001099,0.000888
0,-0.260007,0.099243,-0.201447,0.041696,-0.189093,0.013486,0.002153,0.001732
0,-0.394413,-0.174524,-0.113504,-0.283298,-0.108803,-0.237196,0.000193,0.003046
0,-0.114459,-0.07601,0.29392,0.088837,0.265415,0.137765,0.001998,0.001327
0,-0.296467,-0.057543,-0.174969,0.017437,-0.132926,0.015886,0.001516,0.001004
0,-0.371248,-0.085858,-0.087764,-0.058066,-0.074496,-0.091158,0.000211,0.001499
0,-0.08191,-0.1533,0.264479,-0.085916,0.250531,-0.113641,0.00143,0.002676
0,-0.262344,-0.047006,-0.184071,0.133829,-0.180121,0.149399,0.002112,0.00082
0,-0.265019,-0.274127,-0.007331,-0.243567,0.002134,-0.194399,0.002065,0.001906
0,0.089379,-0.211069,0.368586,0.067008,0.381049,0.058295,0.00156,0.003007
0,0.066455,-0.004746,-0.045668,0.207519,-0.040382,0.171338,0.00116,8.3e-05
0,0.093314,-0.167619,0.030144,-0.173422,0.056789,-0.142524,0.001629,0.002926
0,-0.116422,-0.22545,-0.201676,-0.064439,-0.15793,-0.075335,0.002032,0.002756
0,-0.114795,0.046209,0.004659,0.27056,0.04834,0.29277,0.002004,0.000806
0,0.08477,-0.168147,0.176308,-0.192289,0.203232,-0.145711,0.00148,0.002935
0,-0.017622,-0.135729,-0.116433,0.045839,-0.142263,0.084656,0.000308,0.002369
0,-0.047009,0.070538,-0.05831,0.195334,-0.028764,0.154687,0.00082,0.001231
0,-0.03307,0.015121,0.016401,-0.059283,-0.004305,-0.0758,0.000577,0.000264
0,0.112519,-0.05727,0.15422,-0.053477,0.168148,-0.005934,0.001964,0.001
0,0.137288,-0.085139,0.03545,-0.013399,-0.005355,-0.036321,0.002396,0.001486
0,0.003068,-0.056815,-0.158499,0.051707,-0.166949,0.022337,5.4e-05,0.000992
0,-0.09061,-0.043169,-0.066777,0.017373,-0.060644,-0.017521,0.001581,0.000753
0,-0.08483,0.016753,-0.014231,0.08691,0.006758,0.060172,0.001481,0.000292
0,-0.127291,0.116041,-0.058652,0.091221,-0.059001,0.130718,0.002222,0.002025
0,-0.09656,0.104262,0.031951,-0.013715,0.031632,0.015329,0.001685,0.00182
0,0.021477,-0.041619,0.117581,-0.138157,0.156622,-0.18205,0.000375,0.000726
0,0.191548,-0.047784,0.15934,0.001721,0.185302,0.026947,0.003343,0.000834
0,0.108021,-0.051685,-0.05552,-0.032309,-0.006867,0.009514,0.001885,0.000902
0,-0.07707,-0.13057,-0.169929,-0.093132,-0.140323,-0.045857,0.001345,0.002279
0,-0.146032,-0.089571,-0.070739,0.025786,-0.092172,0.017881,0.002549,0.001563
0,-0.03866,-0.074933,0.102185,0.034152,0.14969,0.03027,0.000675,0.001308
0,-0.168215,0.0778,-0.113426,0.17772,-0.126538,0.135679,0.002936,0.001358
0,-0.154358,0.135752,0.037819,0.043698,0.018734,-0.000484,0.002694,0.002369
0,0.119488,0.089898,0.28201,-0.039337,0.246263,-0.010708,0.002085,0.001569
0,-0.094208,0.072194,-0.232897,-0.022431,-0.266858,0.009681,0.001644,0.00126
0,0.036317,0.028271,0.157313,-0.014058,0.121774,0.002395,0.000634,0.000493
0,0.047421,0.09912,-0.016251,0.046004,-0.016835,0.027792,0.000828,0.00173
0,-0.117679,0.003006,-0.190192,-0.096611,-0.160917,-0.099046,0.002054,5.2e-05
0,-0.124778,-0.051503,-0.012093,-0.047538,-0.043414,-0.00027,0.002178,0.000899
0,-0.016111,-0.025777,0.109955,0.053743,0.151586,0.05067,0.000281,0.00045
0,-0.044822,0.122791,-0.03376,0.136302,-0.034505,0.109489,0.000782,0.002143
0,-0.049591,0.025818,-0.003604,-0.076097,0.015902,-0.101617,0.000866,0.000451
0,-0.038643,0.177466,0.003507,0.133719,-0.019462,0.144216,0.000674,0.003097
0,-0.124678,0.196915,-0.071563,0.042303,-0.109958,0.053403,0.002176,0.003254
0,0.099788,0.055184,0.200356,-0.131134,0.167614,-0.139192,0.001742,0.000963
0,-0.145531,0.114921,-0.261023,0.039882,-0.288286,-0.002877,0.00254,0.002006
0,-0.171128,0.222086,-0.024073,0.087608,-0.0035,0.040986,0.002987,0.002815
0,0.068913,-0.024364,0.248433,-0.258844,0.277888,-0.220304,0.001203,0.000425
0,0.116396,0.120402,0.048731,0.15044,0.018012,0.162869,0.002031,0.002101
0,-0.173654,0.261708,-0.287207,0.161673,-0.287395,0.203733,0.003031,0.002123
0,0.106434,0.207376,0.283688,-0.042901,0.263812,-0.03693,0.001858,0.003071
0,-0.035814,0.028655,-0.170087,-0.159302,-0.17686,-0.121332,0.000625,0.0005
0,-0.042776,0.187125,0.012188,0.15055,0.038051,0.137359,0.000747,0.003266
0,0.044392,0.011714,0.09501,-0.18778,0.056224,-0.198209,0.000775,0.000204
0,0.050475,0.194766,0.022736,0.17768,0.050367,0.15755,0.000881,0.003292
0,-0.020449,0.049338,-0.082259,-0.132703,-0.078584,-0.161475,0.000357,0.000861
0,0.120017,0.00824,0.164383,-0.03673,0.176052,-0.066727,0.002095,0.000144
0,0.147512,0.006632,0.009071,0.011982,0.057795,-0.019861,0.002575,0.000116
0,0.202466,-0.103928,0.051925,-0.132467,0.061005,-0.152457,0.003157,0.001814
0,0.079142,0.013533,-0.147486,0.111727,-0.122471,0.072334,0.001381,0.000236
0,0.300485,0.027019,0.247324,0.020456,0.259467,0.008458,0.001446,0.000472
0,0.073968,0.063796,-0.210121,0.044144,-0.196655,0.070497,0.001291,0.001113
0,0.186709,0.032692,0.112484,-0.047016,0.126018,-0.009279,0.003259,0.000571
0,0.248539,0.044656,0.069409,0.026983,0.048585,0.024855,0.002353,0.000779
0,0.045885,0.109509,-0.230115,0.088469,-0.237282,0.094091,0.000801,0.001911
0,0.172467,-0.059724,0.112038,-0.174098,0.09583,-0.145816,0.00301,0.001042
0,0.115218,-0.03791,-0.034747,0.019384,-0.02976,-0.022276,0.002011,0.000662
0,-0.014156,-0.037942,-0.134175,-0.006788,-0.134116,0.000996,0.000247,0.000662
0,0.22005,0.208355,0.241228,0.232085,0.228955,0.255415,0.00285,0.003054
0,0.086221,0.099742,-0.115688,-0.0838,-0.093689,-0.108622,0.001505,0.001741
0,-0.017002,-0.095006,-0.090808,-0.193953,-0.043706,-0.242347,0.000297,0.001658
0,-0.078532,0.196812,-0.033603,0.3196,-0.039624,0.334897,0.001371,0.003256
0,0.14102,0.178374,0.218784,-0.020053,0.2485,-0.05784,0.002461,0.003113
0,0.00633,-0.038186,-0.128644,-0.229228,-0.130969,-0.225056,0.00011,0.000666
0,-0.035662,0.219461,-0.027848,0.246605,0.02016,0.255259,0.000622,0.002861
0,0.047552,-0.010652,0.054551,-0.214052,0.025202,-0.212275,0.00083,0.000186
0,0.06266,0.023609,0.029954,0.014698,0.024265,0.04089,0.001094,0.000412
0,0.115785,0.0534,0.052382,0.015959,0.06933,0.006936,0.002021,0.000932
0,-0.01539,0.005122,-0.150914,-0.050029,-0.188511,-0.004084,0.000269,8.9e-05
0,0.031341,-0.045575,0.059389,-0.021858,0.048532,-0.021499,0.000547,0.000795
0,-0.108681,0.126805,-0.165047,0.169108,-0.126733,0.177945,0.001897,0.002213
0,-0.146258,0.181255,-0.023416,0.051527,-0.015698,0.065511,0.002553,0.003163
0,0.056849,0.133017,0.197366,-0.057214,0.156504,-0.053947,0.000992,0.002322
0,-0.007198,0.055744,-0.076115,-0.0526,-0.081328,-0.037861,0.000126,0.000973
0,0.173652,0.165453,0.184327,0.080414,0.200297,0.032198,0.003031,0.002888
0,-0.105001,-0.058327,-0.298611,-0.242178,-0.299625,-0.278876,0.001833,0.001018
0,0.119161,0.113297,0.197314,0.165627,0.207,0.180674,0.00208,0.001977
0,-0.009455,0.166716,-0.143052,0.064895,-0.098653,0.097189,0.000165,0.00291
0,-0.171658,-0.056669,-0.186791,-0.215679,-0.174716,-0.210334,0.002996,0.000989
0,0.118212,0.151462,0.267097,0.23275,0.262711,0.240275,0.002063,0.002644
0,-0.000496,-0.079168,-0.10241,-0.218699,-0.080628,-0.178675,9e-06,0.001382
0,0.001288,-0.109524,-0.017533,-0.001092,-0.000309,0.009842,2.2e-05,0.001912
0,0.072653,-0.017533,0.098443,0.084194,0.048866,0.058454,0.001268,0.000306
0,-0.037639,-0.03798,-0.086792,-0.043909,-0.093622,-0.076109,0.000657,0.000663
0,-0.066101,0.065337,-0.009174,0.11735,-0.004335,0.085111,0.001154,0.00114
0,-0.073113,0.070775,-0.004917,0.02294,-0.014152,0.015855,0.001276,0.001235
0,-0.047781,-0.060533,0.009451,-0.106732,-0.027996,-0.10331,0.000834,0.001057
0,-0.039978,-0.173043,0.01705,-0.104451,-0.00265,-0.099267,0.000698,0.00302
0,-0.135099,-0.189351,-0.112496,0.002382,-0.090028,0.043719,0.002358,0.003305
0,0.028758,-0.059816,0.179179,0.115719,0.166317,0.070618,0.000502,0.001044
0,0.186921,-0.075177,0.139354,-0.041934,0.173128,-0.084698,0.003262,0.001312
0,-0.035035,0.101489,-0.202021,0.157242,-0.162914,0.132981,0.000611,0.001771
0,0.077005,-0.132733,0.097211,-0.251863,0.079481,-0.272292,0.001344,0.002317
0,-0.017531,0.075706,-0.108677,0.223666,-0.105767,0.268557,0.000306,0.001321
0,0.019478,0.002515,0.062091,-0.086715,0.033792,-0.047133,0.00034,4.4e-05
0,0.086358,6.1e-05,0.065111,0.005463,0.08931,0.035272,0.001507,1e-06
0,0.221012,0.01104,0.132659,0.016094,0.158722,0.058169,0.002833,0.000193
0,0.115486,-0.131101,-0.125024,-0.120131,-0.113675,-0.162117,0.002016,0.002288
0,0.3267,-0.026721,0.240779,0.078831,0.246599,0.117456,0.000989,0.000466
0,0.262995,0.133156,-0.087411,0.149783,-0.047521,0.191612,0.002101,0.002324
0,0.041187,0.045098,-0.239777,-0.116922,-0.27542,-0.126044,0.000719,0.000787
0,0.224157,-0.028568,0.20745,-0.073545,0.246793,-0.037917,0.002779,0.000499
0,0.243259,0.175455,0.03008,0.201829,0.009031,0.178715,0.002445,0.003062
0,0.257947,0.031757,-0.006791,-0.139291,-0.016884,-0.165639,0.002189,0.000554
0,0.369111,0.157945,0.117721,0.133102,0.11102,0.182276,0.000249,0.002757
0,0.066693,-0.044246,-0.286746,-0.222887,-0.239101,-0.238732,0.001164,0.000772
0,0.27152,-0.031124,0.193885,0.024105,0.186924,0.022248,0.001952,0.000543
0,0.115991,0.187449,-0.127209,0.206306,-0.147864,0.189766,0.002024,0.003272
0,0.172859,-0.047485,0.070284,-0.244951,0.079116,-0.24756,0.003017,0.000829
0,0.302312,0.082869,0.120168,0.11541,0.132987,0.1213,0.001414,0.001446
0,0.181853,-0.030484,-0.147941,-0.142058,-0.180335,-0.161781,0.003174,0.000532
0,0.140168,0.021389,-0.04174,0.050156,-0.005283,0.018387,0.002446,0.000373
0,-4.826992,-1.294747,-4.952523,-1.304063,-4.966309,-1.327447,0.002734,0.002525
0,-4.556532,-1.998037,0.278813,-0.708093,0.270689,-0.744679,0.000763,0.001418
0,-5.371773,-2.733449,-0.829293,-0.756068,-0.870531,-0.75051,8.4e-05,0.000872
0,-4.559938,-3.022691,0.823468,-0.273879,0.872895,-0.284172,0.000704,0.000771
0,-4.035323,-2.627273,0.519769,0.402436,0.505599,0.444773,0.003169,0.000981
0,-3.18333,-2.358234,0.860591,0.2742,0.829365,0.234834,0.002033,0.001014
0,-2.640083,-2.162796,0.523729,0.171839,0.57351,0.217482,0.000758,0.002397
0,-2.567545,-2.370921,0.083745,-0.186063,0.128735,-0.168927,0.002024,0.001235
0,-1.473517,-2.036617,1.117656,0.3374,1.127494,0.351435,0.001046,0.002092
0,-1.361979,-1.84188,0.11012,0.208234,0.158304,0.223785,0.002992,0.001307
0,-0.823547,-2.989918,0.520226,-1.167203,0.541292,-1.14972,0.000992,0.001343
0,-0.607554,-3.206666,0.212613,-0.222113,0.198528,-0.226736,0.002778,0.00244
0,-0.593407,-2.749344,-0.015089,0.467932,0.007196,0.432758,0.003025,0.001149
0,-0.313912,-2.49926,0.258982,0.227983,0.239426,0.24763,0.001212,0.003215
0,-0.330081,-2.002913,-0.017032,0.508047,-0.064208,0.554235,0.00093,0.001503
0,-0.226066,-1.386689,0.074357,0.605748,0.124074,0.625724,0.002745,0.002561
0,0.101083,-0.821075,0.319585,0.555683,0.358036,0.598696,0.001764,0.000949
0,0.098944,-0.261744,-0.010137,0.554034,-0.054197,0.601865,0.001727,0.002123
0,0.122507,-0.058576,0.053468,0.225818,0.033722,0.216455,0.002138,0.001022
0,0.308541,0.173408,0.208291,0.235933,0.159239,0.278734,0.001306,0.003027
0,0.329964,0.139873,0.007409,-0.047803,0.049606,-0.011704,0.000932,0.002441
0,0.227023,0.345203,-0.088142,0.201262,-0.121522,0.204272,0.002729,0.000666
0,0.05093,0.370431,-0.1613,-0.000559,-0.190469,-0.026101,0.000889,0.000226
0,-0.012503,0.255595,-0.060009,-0.114512,-0.057126,-0.072594,0.000218,0.00223
0,0.166612,0.410576,0.189504,0.175984,0.150122,0.133959,0.002908,0.000475
0,0.025931,0.3581,-0.125111,-0.022833,-0.116453,-0.031805,0.000453,0.000441
0,-0.095342,0.020818,-0.09594,-0.321762,-0.07453,-0.319268,0.001664,0.000363
0,1.558938,1.101789,1.630773,1.062039,1.653124,1.060621,0.000445,0.000843
0,2.989133,2.074497,1.401187,0.9788,1.410108,0.952973,0.001356,0.002753
0,3.371244,2.205197,0.387751,0.121629,0.420568,0.152861,0.001378,0.001657
0,3.11754,1.977662,-0.254246,-0.198429,-0.296146,-0.186436,0.000885,0.001063
0,2.548897,1.717166,-0.551316,-0.258768,-0.523528,-0.222572,0.002349,0.003207
0,2.289078,0.956391,-0.246653,-0.772609,-0.238314,-0.812591,0.000193,0.003311
0,1.833881,0.946271,-0.473885,-0.011145,-0.477319,0.027179,0.001447,0.003134
0,1.269287,0.636266,-0.552477,-0.296851,-0.565561,-0.314583,0.002081,0.002277
0,0.718439,0.424474,-0.537726,-0.226652,-0.501927,-0.217159,0.000843,0.000718
0,0.423709,0.478142,-0.304337,0.034936,-0.280487,0.059863,0.000704,0.001654
0,0.394138,0.472559,-0.049654,0.007499,-0.031074,-0.038439,0.000188,0.001557
0,0.108849,0.255708,-0.274903,-0.218213,-0.267382,-0.214312,0.0019,0.002228
0,0.009288,0.031585,-0.100882,-0.239448,-0.142592,-0.242624,0.000162,0.000551
0,-0.074692,-0.04878,-0.069297,-0.093497,-0.10818,-0.12431,0.001304,0.000851
0,-0.052978,0.051441,0.0038,0.070866,-0.034928,0.068415,0.000925,0.000898
0,-0.210069,-0.019037,-0.175878,-0.048439,-0.204476,-0.054435,0.003024,0.000332
0,-0.238204,0.091265,-0.043712,0.118082,-0.072808,0.071781,0.002533,0.001593
0,-0.129846,0.079018,0.137293,-0.001595,0.157485,0.033456,0.002266,0.001379
0,-0.13688,-0.065965,0.003357,-0.115266,-0.008321,-0.123215,0.002389,0.001151
0,-0.29349,-0.191686,-0.131581,-0.134989,-0.119942,-0.111105,0.001568,0.003345
0,-0.074886,-0.025931,0.201315,0.141581,0.214122,0.099133,0.001307,0.000453
0,0.081628,0.069091,0.144808,0.074903,0.154156,0.099208,0.001425,0.001206
0,-0.103329,0.055852,-0.175136,-0.022328,-0.176288,-0.041654,0.001803,0.000975
0,-0.078031,-0.010821,0.044881,-0.043403,-0.00375,-0.013622,0.001362,0.000189
0,-0.091804,-0.073732,-0.036188,-0.089116,-0.057474,-0.08496,0.001602,0.001287
0,-0.115026,-0.035891,0.000974,0.03703,0.010433,0.068073,0.002008,0.000626
0,-0.059922,-0.094914,0.067421,-0.043518,0.106983,-0.042252,0.001046,0.001657
0,0.016781,0.040622,0.056883,0.128766,0.016961,0.14447,0.000293,0.000709
0,-0.1514,0.071063,-0.195887,0.04185,-0.213977,0.016051,0.002642,0.00124
0,-0.090546,-0.001131,0.052841,-0.076622,0.102068,-0.039296,0.00158,2e-05
0,-0.166899,-0.049231,-0.090159,-0.048745,-0.079367,-0.088542,0.002913,0.000859
0,0.005023,0.11999,0.188384,0.179142,0.194936,0.147671,8.8e-05,0.002094
0,-0.019604,0.017715,-0.043395,-0.081487,-0.018712,-0.061014,0.000342,0.000309
0,0.054166,-0.050757,0.086871,-0.041453,0.082932,-0.055185,0.000945,0.000886
0,-0.008114,-0.040758,-0.049359,0.011202,0.000197,-0.01593,0.000142,0.000711
0,-0.170012,-0.018898,-0.133143,0.032763,-0.103305,0.07058,0.002967,0.00033
0,-0.106303,-0.150819,0.054332,-0.143565,0.092766,-0.166272,0.001855,0.002632
0,-0.099356,-0.030852,-0.008823,0.119994,0.034211,0.079943,0.001734,0.000538
0,-0.151438,-0.163289,-0.077723,-0.135892,-0.033484,-0.168397,0.002643,0.00285
0,0.002433,-0.104663,0.130926,0.033135,0.107192,0.007903,4.2e-05,0.001827
0,0.076157,-0.015589,0.085292,0.060965,0.079426,0.085188,0.001329,0.000272
0,-0.122199,0.018435,-0.19052,0.014854,-0.208125,-0.033429,0.002133,0.000322
0,-0.056106,-0.0044,0.074256,-0.043094,0.040143,-0.067674,0.000979,7.7e-05
0,-0.059563,-0.068267,-0.029057,-0.065978,-0.030724,-0.023731,0.00104,0.001191
0,-0.004038,0.104142,0.06838,0.153803,0.106097,0.181232,7e-05,0.001818
0,-0.163098,-0.04512,-0.146006,-0.139303,-0.12556,-0.106834,0.002847,0.000787
0,-0.093012,0.072625,0.073888,0.145402,0.025079,0.187776,0.001623,0.001268
0,0.060361,0.025747,0.126582,-0.047289,0.16997,-0.013215,0.001053,0.000449
0,-0.07307,-0.001555,-0.120763,-0.028065,-0.106826,-0.012906,0.001275,2.7e-05
0,0.06214,0.067596,0.1284,0.072283,0.091818,0.039663,0.001085,0.00118
0,-0.058701,-0.002284,-0.110861,-0.064915,-0.147559,-0.056402,0.001025,4e-05
0,-0.129798,-0.05038,-0.067679,-0.050627,-0.081779,-0.090518,0.002265,0.000879
0,1.02147,-0.035981,1.165381,0.034864,1.124734,0.000119,0.002244,0.000628
0,2.152307,-0.159392,1.136918,-0.125846,1.112053,-0.089412,0.00258,0.002782
0,3.546605,-0.278594,1.401932,-0.146521,1.420764,-0.132844,0.001683,0.001828
0,4.0252,-0.090795,0.472742,0.198104,0.522158,0.230612,0.003345,0.001585
0,4.583656,-0.109907,0.585806,0.003466,0.559953,0.042954,0.00029,0.001918
0,3.958529,-0.255818,-0.639442,-0.162077,-0.617428,-0.206924,0.002181,0.002226
0,3.284813,-0.044844,-0.665921,0.225033,-0.664246,0.233264,0.002887,0.000783
0,2.773703,0.053541,-0.508799,0.119026,-0.528967,0.082412,0.001575,0.000934
0,2.11907,-0.160948,-0.642689,-0.19405,-0.682016,-0.203976,0.00316,0.002809
0,1.588568,0.060254,-0.536817,0.23685,-0.540182,0.204656,0.000962,0.001052
0,1.471262,-0.07247,-0.145094,-0.131897,-0.189074,-0.090668,0.001085,0.001265
0,1.355067,-0.062206,-0.110199,0.028244,-0.083267,-0.01873,0.003113,0.001086
0,-0.145776,0.290062,-1.530202,0.326784,-1.523939,0.28357,0.002544,0.001628
0,-2.861454,0.360479,-2.705363,0.086265,-2.722243,0.097391,0.003106,0.000399
0,-3.266996,0.416708,-0.42607,0.04779,-0.421773,0.077704,0.003198,0.000582
0,-3.60183,0.276418,-0.357689,-0.13431,-0.369712,-0.107708,0.002646,0.001866
0,-3.041952,0.407357,0.586457,0.156395,0.601958,0.135823,0.000434,0.000419
0,-2.368828,0.32063,0.648759,-0.084985,0.664956,-0.074564,0.001199,0.001095
0,-1.987681,0.238106,0.393218,-0.099568,0.348392,-0.08801,0.001237,0.002535
0,-1.745881,0.062848,0.271308,-0.202423,0.24897,-0.207258,0.002983,0.001097
0,-1.055124,0.096742,0.677395,0.032583,0.723441,0.02052,0.001657,0.001688
0,-0.86959,-0.04842,0.207189,-0.136156,0.249699,-0.091785,0.001796,0.000845
0,-0.253258,-0.013024,0.628998,0.028413,0.580125,-0.020134,0.002271,0.000227
0,-0.211873,-0.23246,0.039731,-0.224144,0.0859,-0.247591,0.002993,0.002634
0,-0.05303,-0.198176,0.138097,0.063868,0.164072,0.099913,0.000926,0.003232
0,0.249639,0.096183,0.312187,0.310035,0.285033,0.282485,0.002334,0.001679
0,0.340551,-0.12004,0.078175,-0.24448,0.109189,-0.199666,0.000747,0.002095
0,0.249179,0.131181,-0.099964,0.24382,-0.148227,0.21212,0.002342,0.00229
0,0.220917,0.008824,-0.045492,-0.118595,-0.091054,-0.093407,0.002835,0.000154
0,0.167868,-0.064403,-0.041855,-0.066586,-0.002388,-0.04718,0.00293,0.001124
0,0.265376,0.020191,0.097984,0.076481,0.081403,0.096498,0.002059,0.000352
0,0.058552,0.21099,-0.183801,0.19725,-0.225048,0.167114,0.001022,0.003008
0,-0.012264,0.011058,-0.083968,-0.215779,-0.055001,-0.234634,0.000214,0.000193
0,0.163786,0.024063,0.154548,-0.00461,0.185924,0.004635,0.002859,0.00042
0,0.031922,0.004602,-0.137862,-0.000728,-0.11293,0.006907,0.000557,8e-05
0,-0.054627,-0.119713,-0.107541,-0.139,-0.145472,-0.135876,0.000953,0.002089
0,-0.039483,-0.04892,0.03266,0.085781,0.010542,0.044698,0.000689,0.000854
0,0.003419,0.055891,0.020001,0.078383,0.064203,0.058172,6e-05,0.000975
0,0.109405,-0.06304,0.096654,-0.130027,0.06325,-0.135184,0.001909,0.0011
0,0.010995,-0.105316,-0.072132,-0.063642,-0.058468,-0.030402,0.000192,0.001838
0,-0.0305,0.097871,-0.029433,0.229453,-0.042525,0.187196,0.000532,0.001708
0,0.184631,0.130603,0.208346,0.023254,0.195216,0.054916,0.003222,0.002279
0,0.017941,-0.035213,-0.186875,-0.147435,-0.228562,-0.126934,0.000313,0.000615
0,0.029514,0.071623,-0.004574,0.086589,-0.009506,0.09696,0.000515,0.00125
0,0.081085,0.01948,0.057244,-0.062968,0.035827,-0.019434,0.001415,0.00034
0,-0.060868,-0.01626,-0.136898,-0.06066,-0.110936,-0.028668,0.001062,0.000284
0,0.169963,0.132486,0.254652,0.145059,0.234994,0.111804,0.002966,0.002312
0,-0.021978,-0.154446,-0.181454,-0.279338,-0.17056,-0.288408,0.000384,0.002696
0,-0.023787,0.037198,0.026188,0.205478,0.024265,0.215406,0.000415,0.000649
0,-0.046681,0.102116,-0.008311,0.06274,-0.030253,0.077679,0.000815,0.001782
0,0.161982,-0.106202,0.234977,-0.190891,0.269593,-0.221406,0.002827,0.001854
0,0.19339,-0.101957,0.058255,0.01251,0.048285,-0.033808,0.003316,0.001779
0,0.134357,0.064776,-0.063965,0.175474,-0.070225,0.21743,0.002345,0.001131
0,-0.06521,-0.046193,-0.21472,-0.132543,-0.225755,-0.145501,0.001138,0.000806
0,-0.018922,-0.095215,0.040451,-0.034121,0.011785,-0.070518,0.00033,0.001662
0,0.135369,-0.204913,0.131731,-0.091926,0.160107,-0.056229,0.002363,0.003114
0,0.169348,-0.117785,0.009517,0.100042,0.013792,0.070365,0.002956,0.002056
0,0.1826,-0.13263,-0.012077,-0.036327,0.015358,-0.065148,0.003187,0.002315
0,0.025624,-0.152751,-0.179858,-0.003918,-0.167315,-0.042796,0.000447,0.002666
0,0.253804,-0.140177,0.250109,0.032753,0.263485,0.068696,0.002261,0.002447
0,0.053237,-0.204561,-0.222797,-0.038334,-0.201783,-0.081538,0.000929,0.003121
0,0.119235,-0.167004,0.075941,0.05457,0.101119,0.037864,0.002081,0.002915
0,0.049455,0.035545,-0.054632,0.182202,-0.048552,0.232104,0.000863,0.00062
0,0.034888,0.012442,0.005362,-0.031907,0.013773,-0.018709,0.000609,0.000217
0,0.216616,-0.085643,0.174846,-0.093833,0.143113,-0.052985,0.00291,0.001495
0,0.236951,0.05568,-0.006768,0.136445,-0.045453,0.124479,0.002555,0.000972
0,0.013224,-0.047527,-0.246288,-0.119268,-0.292595,-0.130992,0.000231,0.00083
0,0.057165,-0.105011,0.022581,-0.036086,0.068136,-0.068398,0.000998,0.001833
0,0.040512,-0.10411,-0.027615,-0.028209,0.021511,-0.071813,0.000707,0.001817
0,-0.004192,-0.008628,-0.069058,0.091526,-0.055979,0.125521,7.3e-05,0.000151
0,0.141252,0.132748,0.164534,0.16477,0.149744,0.146616,0.002465,0.002317
0,0.141963,0.096696,-0.004414,-0.024968,0.03169,-0.062803,0.002478,0.001688
0,-0.060662,-0.119417,-0.186499,-0.187905,-0.182604,-0.228248,0.001059,0.002084
0,0.003738,0.074616,0.066165,0.196697,0.08454,0.218271,6.5e-05,0.001302
0,0.188722,0.059154,0.156867,0.00172,0.181452,-0.025915,0.003294,0.001032
0,0.203135,0.111777,0.038034,0.069766,0.027847,0.09139,0.003145,0.001951
0,0.268256,-0.118137,0.093365,-0.200972,0.078325,-0.157872,0.002009,0.002062
0,0.232263,0.109436,-0.043365,0.237803,0.001985,0.246189,0.002637,0.00191
0,0.309666,-0.139495,0.080367,-0.272491,0.113718,-0.281159,0.001286,0.002435
0,0.174408,-0.064308,-0.143208,0.078484,-0.097148,0.102436,0.003044,0.001122
0,0.291274,-0.076736,0.116853,-0.011011,0.143041,-0.007634,0.001607,0.001339
0,0.032147,0.023487,-0.238495,0.096193,-0.284743,0.1073,0.000561,0.00041
0,0.268893,0.088774,0.232452,0.061759,0.259241,0.047902,0.001998,0.001549
0,0.070047,0.028078,-0.169356,-0.064175,-0.192198,-0.057728,0.001223,0.00049
0,0.082847,0.046121,0.023741,0.025049,0.066494,-0.009768,0.001446,0.000805
0,0.33394,-0.015284,0.250283,-0.060523,0.287633,-0.051969,0.000862,0.000267
0,0.331738,-0.118686,-0.006936,-0.112816,-0.020916,-0.1277,0.000901,0.002071
0,0.151132,0.054339,-0.155111,0.160799,-0.142768,0.129698,0.002638,0.000948
0,0.212859,-0.019985,0.075142,-0.057079,0.041802,-0.064755,0.002976,0.000349
0,0.302321,-0.048199,0.096095,-0.055868,0.108251,-0.044691,0.001414,0.000841
0,0.404439,-0.129202,0.126348,-0.101293,0.121994,-0.088386,0.000368,0.002255
0,0.267794,0.038333,-0.140626,0.179511,-0.144406,0.171104,0.002017,0.000669
0,0.114813,-0.117275,-0.151678,-0.178628,-0.181526,-0.167911,0.002004,0.002047
0,0.308761,-0.115144,0.192852,-0.025632,0.198317,-0.010804,0.001302,0.00201
0,0.276235,-0.083622,-0.061629,0.051349,-0.04063,0.040582,0.00187,0.001459
0,0.178715,-0.096344,-0.068137,-0.00272,-0.078168,-0.051746,0.003119,0.001682
0,0.038332,-0.067933,-0.133485,0.002054,-0.103531,0.035675,0.000669,0.001186
0,0.165539,0.042263,0.098537,0.088924,0.058364,0.074433,0.002889,0.000738
0,0.093134,0.158594,-0.08311,0.10981,-0.060935,0.085707,0.001625,0.002768
0,0.056642,0.16197,-0.010819,0.016673,-0.054435,0.011455,0.000989,0.002827
0,0.103223,0.106187,0.072421,-0.081935,0.042805,-0.031955,0.001802,0.001853
0,0.232564,-0.032128,0.113725,-0.110712,0.151916,-0.147946,0.002632,0.000561
0,-0.018766,-0.003959,-0.225272,0.010027,-0.235315,0.00799,0.000328,6.9e-05
0,-0.060802,0.032868,-0.062921,0.009131,-0.048477,0.018197,0.001061,0.000574
0,0.125212,0.146793,0.202278,0.115103,0.180373,0.100744,0.002185,0.002562
0,0.157965,0.048303,0.003117,-0.086947,0.034529,-0.118746,0.002757,0.000843
0,-0.065125,0.075826,-0.228123,0.053654,-0.259854,0.097688,0.001137,0.001323
0,-0.093807,0.150383,-0.051673,0.047276,-0.074986,0.084313,0.001637,0.002625
0,0.035176,0.108805,0.117424,-0.034572,0.102552,-0.065111,0.000614,0.001899
0,-0.090532,-0.058291,-0.137279,-0.155898,-0.146307,-0.135439,0.00158,0.001017
0,-0.113917,0.16203,-0.039198,0.195566,-0.002995,0.153803,0.001988,0.002828
0,0.090976,-0.012228,0.177468,-0.163453,0.180143,-0.212581,0.001588,0.000213
0,0.001348,0.15747,-0.095735,0.156322,-0.1281,0.170068,2.4e-05,0.002748
0,-0.095067,0.002872,-0.118822,-0.126638,-0.144876,-0.10354,0.001659,5e-05
0,-0.069467,0.07744,0.015046,0.045666,0.053219,0.062678,0.001212,0.001352
0,-0.005411,-0.041632,0.080086,-0.13096,0.035007,-0.082273,9.4e-05,0.000727
0,0.160423,-0.022385,0.192525,-0.009817,0.163529,0.015723,0.0028,0.000391
0,0.210165,0.011051,0.047964,0.052685,0.070573,0.02635,0.003023,0.000193
0,0.052393,0.195852,-0.177336,0.184203,-0.12807,0.146251,0.000914,0.003273
0,0.214535,0.143432,0.159418,-0.037724,0.207351,-0.05456,0.002946,0.002503
0,0.028738,-0.060187,-0.210766,-0.214513,-0.228521,-0.258056,0.000502,0.00105
0,-0.113442,0.163087,-0.148735,0.19449,-0.153922,0.171506,0.00198,0.002846
0,-0.071336,0.014795,0.070079,-0.176061,0.119366,-0.153841,0.001245,0.000258
0,0.134631,-0.05961,0.183976,-0.082288,0.190099,-0.10044,0.00235,0.00104
0,0.092546,0.149258,-0.037205,0.216655,-0.02914,0.166719,0.001615,0.002605
0,0.014301,0.155653,-0.089792,0.031804,-0.098686,0.057129,0.00025,0.002717
0,-0.093835,-0.029474,-0.109508,-0.195997,-0.100944,-0.20211,0.001638,0.000514
0,-0.066863,0.078435,0.003062,0.115019,-0.037401,0.117188,0.001167,0.001369
0,-0.038582,0.056917,0.01317,-0.032758,0.042722,-0.00132,0.000673,0.000993
0,0.17987,-0.104904,0.237924,-0.146148,0.254018,-0.149916,0.003139,0.001831
0,0.201933,0.086462,0.002292,0.210141,0.027488,0.246719,0.003166,0.001509
0,0.20629,0.078347,-0.0168,-0.013902,-0.052892,0.025353,0.00309,0.001367
0,0.039181,0.144199,-0.197074,0.056707,-0.234954,0.085701,0.000684,0.002517
0,0.096568,-0.04648,0.063587,-0.207367,0.03221,-0.189555,0.001685,0.000811
0,0.076681,-0.024767,0.002265,-0.001292,-0.030206,0.026884,0.001338,0.000432
0,0.002719,-0.101786,-0.070801,-0.090249,-0.110891,-0.101823,4.7e-05,0.001777
0,0.268815,-0.049388,0.29057,0.046769,0.310801,0.078646,0.001999,0.000862
0,0.041268,0.092773,-0.228657,0.171215,-0.1854,0.176083,0.00072,0.001619
0,0.298672,-0.104803,0.263013,-0.190924,0.294476,-0.221567,0.001478,0.001829
0,0.189594,-0.094975,-0.103649,-0.008881,-0.080422,0.015954,0.003309,0.001658
0,0.032387,-0.016567,-0.149029,0.069321,-0.188541,0.042188,0.000565,0.000289
0,0.00026,-0.04574,-0.011428,-0.030984,-0.052645,0.004196,5e-06,0.000798
0,0.232417,0.136383,0.223111,0.209917,0.272578,0.255946,0.002634,0.00238
0,0.129791,0.12336,-0.118915,-0.037454,-0.126973,-0.055598,0.002265,0.002153
0,0.143598,-0.127361,0.031112,-0.257526,0.058848,-0.259449,0.002506,0.002223
0,0.043924,-0.062179,-0.10862,0.044142,-0.133188,-0.00421,0.000767,0.001085
0,0.248323,0.045143,0.220768,0.135274,0.17442,0.123233,0.002357,0.000788
0,0.016866,-0.139236,-0.257935,-0.206282,-0.293015,-0.177309,0.000294,0.00243
0,0.272789,-0.029261,0.244711,0.137642,0.284601,0.120262,0.00193,0.000511
0,0.191076,-0.148455,-0.076207,-0.12094,-0.090881,-0.083255,0.003335,0.002591
0,0.260001,-0.081112,0.073451,0.084476,0.076381,0.105183,0.002153,0.001416
0,0.017391,0.018701,-0.247971,0.108365,-0.257717,0.127337,0.000304,0.000326
0,0.015946,0.0044,0.012948,0.011857,0.015929,-0.028378,0.000278,7.7e-05
0,0.162357,-0.074809,0.162317,-0.105144,0.211125,-0.132807,0.002834,0.001306
0,-0.025097,0.078804,-0.159982,0.140809,-0.200093,0.185219,0.000438,0.001375
0,0.082861,0.084291,0.089683,-0.022982,0.094188,0.025606,0.001446,0.001471
0,0.081453,0.055422,-0.026429,-0.006678,0.014577,0.030646,0.001422,0.000967
0,0.12682,-0.105822,0.054026,-0.185149,0.065935,-0.149971,0.002213,0.001847
0,0.210562,0.059961,0.069012,0.144554,0.025831,0.189589,0.003016,0.001047
0,0.133311,-0.003411,-0.051396,-0.042279,-0.101039,-0.038968,0.002327,6e-05
0,0.2112,0.105461,0.061029,0.08632,0.012912,0.126556,0.003005,0.001841
0,0.01448,0.114177,-0.226219,0.024715,-0.192278,0.014657,0.000253,0.001993
0,0.019336,0.101307,0.027408,-0.019678,0.046994,-0.054076,0.000337,0.001768
0,0.298552,0.081302,0.269402,-0.00192,0.286591,0.026767,0.00148,0.001419
0,0.272288,-0.051387,-0.021701,-0.151707,-0.05861,-0.144812,0.001939,0.000897
0,0.048754,0.004694,-0.233924,0.075341,-0.184274,0.098402,0.000851,8.2e-05
0,-0.020184,-0.084361,-0.041252,-0.08862,-0.024843,-0.119277,0.000352,0.001472
0,0.004206,0.048918,0.005136,0.157475,-0.01478,0.202277,7.3e-05,0.000854
0,-0.064312,-0.099783,-0.096415,-0.13651,-0.074719,-0.135238,0.001122,0.001742
0,-0.024827,-0.008565,0.033072,0.084073,0.027036,0.075466,0.000433,0.000149
0,0.099803,-0.172779,0.149056,-0.180018,0.109162,-0.150421,0.001742,0.003016
0,0.058616,-0.070195,-0.051531,0.127487,-0.090756,0.086061,0.001023,0.001225
0,-0.069539,0.111478,-0.110595,0.184361,-0.156234,0.190989,0.001214,0.001946
0,0.015708,0.058667,0.105761,-0.024073,0.091609,-0.037001,0.000274,0.001024
0,-0.133111,-0.052456,-0.12564,-0.112418,-0.155024,-0.156044,0.002323,0.000916
0,0.049382,0.099788,0.186159,0.134006,0.193473,0.103031,0.000862,0.001742
0,0.110135,0.135589,0.036092,0.053777,0.001403,0.069103,0.001922,0.002366
0,-0.159888,0.12061,-0.275582,0.007359,-0.241635,-0.023869,0.002791,0.002105
0,-0.170401,-0.04758,-0.02078,-0.181227,-0.002148,-0.147717,0.002974,0.00083
0,-0.270962,0.025464,-0.091819,0.057459,-0.123702,0.070391,0.001962,0.000444
0,-0.177845,0.072586,0.072993,0.073809,0.081549,0.077689,0.003104,0.001267
0,-0.216099,-0.120824,-0.023467,-0.171191,0.017572,-0.200206,0.002919,0.002109
0,-0.161178,-0.076982,0.055193,0.068729,0.037167,0.065558,0.002813,0.001344
0,-0.085192,0.059985,0.060238,0.113416,0.054016,0.159769,0.001487,0.001047
0,0.0318,-0.077422,0.122797,-0.113105,0.084695,-0.119439,0.000555,0.001351
0,-0.048408,-0.008832,-0.10659,0.05565,-0.132761,0.033435,0.000845,0.000154
0,-0.02564,0.017755,0.0318,0.023162,-0.008346,0.028912,0.000447,0.00031
0,-0.079993,-0.143444,-0.040477,-0.188867,-0.079815,-0.142652,0.001396,0.002504
0,-0.082249,0.009901,-0.015012,0.148176,-0.007805,0.100132,0.001436,0.000173
0,-0.100398,-0.071041,0.004576,-0.068191,-0.030969,-0.113979,0.001752,0.00124
0,-0.158104,0.14726,-0.041128,0.226208,-0.021605,0.235504,0.002759,0.00257
0,0.001686,0.016339,0.189336,-0.11445,0.232143,-0.065043,2.9e-05,0.000285
0,0.041564,0.053169,0.025418,0.020874,0.01417,-0.000125,0.000725,0.000928
0,0.219076,-0.109073,0.202582,-0.142285,0.188215,-0.143089,0.002867,0.001904
0,-0.013511,-0.059746,-0.260387,0.074182,-0.304077,0.033193,0.000236,0.001043
0,0.162142,0.058566,0.2003,0.113575,0.198386,0.133008,0.00283,0.001022
0,0.033123,0.167096,-0.145454,0.121266,-0.105701,0.093717,0.000578,0.002916
0,0.115759,0.126578,0.067779,-0.060799,0.022787,-0.084438,0.00202,0.002209
0,0.141042,0.001105,0.014905,-0.119032,0.036221,-0.06981,0.002462,1.9e-05
0,0.009029,0.023465,-0.149641,0.014486,-0.177035,0.005373,0.000158,0.00041
0,-0.145356,0.122082,-0.138819,0.127543,-0.124653,0.170341,0.002537,0.002131
0,-0.007345,0.082956,0.121286,-0.052517,0.157938,-0.08707,0.000128,0.001448
0,0.05855,-0.064492,0.085624,-0.163958,0.072531,-0.131958,0.001022,0.001126
0,-0.120843,0.008976,-0.187922,0.07437,-0.20975,0.095702,0.002109,0.000157
0,-0.145927,0.005208,-0.053352,-0.014433,-0.080176,0.010146,0.002547,9.1e-05
0,-0.091131,0.107221,0.084777,0.100737,0.063311,0.052288,0.001591,0.001871
0,0.067782,0.089647,0.166042,-0.017184,0.198013,-0.059516,0.001183,0.001565
0,0.095673,0.058563,0.041082,-0.028902,0.035446,-0.041666,0.00167,0.001022
0,0.053869,-0.031854,-0.036804,-0.112886,-0.022296,-0.127781,0.00094,0.000556
0,-0.036851,0.11732,-0.097639,0.14969,-0.094605,0.127334,0.000643,0.002048
0,0.106677,-0.062557,0.138363,-0.191315,0.101993,-0.232068,0.001862,0.001092
0,0.138821,-0.126156,0.046997,-0.084607,0.009095,-0.080367,0.002423,0.002202
0,-0.057982,-0.070143,-0.225134,0.083974,-0.196678,0.090222,0.001012,0.001224
0,-0.029796,-0.051097,0.006042,0.030416,-0.002319,0.02015,0.00052,0.000892
0,-0.013117,-0.051145,0.010429,-0.023621,-0.016953,0.014685,0.000229,0.000893
0,-0.053806,0.047364,-0.019173,0.122591,0.025192,0.10142,0.000939,0.000827
0,-0.042593,0.190146,-0.002531,0.165976,-0.013318,0.135039,0.000743,0.003319
0,0.092065,0.071342,0.162329,-0.114782,0.129221,-0.086485,0.001607,0.001245
0,0.01086,0.026896,-0.062957,-0.047399,-0.061812,-0.096896,0.00019,0.000469
0,-0.012878,-0.095284,-0.047551,-0.135267,-0.087848,-0.163964,0.000225,0.001663
0,0.018621,0.133135,0.029671,0.240912,0.024545,0.204713,0.000325,0.002324
0,0.102865,0.031422,0.110867,-0.128142,0.066004,-0.087472,0.001795,0.000548
0,0.184441,-0.040464,0.09191,-0.081662,0.109829,-0.052617,0.003219,0.000706
0,0.020652,0.02715,-0.168908,0.039918,-0.213231,0.020638,0.00036,0.000474
0,0.105342,-0.066961,0.098249,-0.081981,0.069356,-0.046229,0.001839,0.001169
0,0.030018,0.007167,-0.08614,0.062105,-0.082258,0.086091,0.000524,0.000125
0,-0.006804,0.004803,-0.016213,0.002169,-0.00024,0.036247,0.000119,8.4e-05
0,0.09313,0.179489,0.102454,0.185798,0.114967,0.190962,0.001625,0.003133
0,0.162457,-0.021786,0.09395,-0.230317,0.047574,-0.265674,0.002835,0.00038
0,0.10372,-0.124023,-0.081232,-0.081608,-0.068338,-0.130422,0.00181,0.002165
0,-0.051417,-0.107532,-0.129863,0.008267,-0.127112,0.004816,0.000897,0.001877
0,0.115814,0.139741,0.193874,0.261655,0.212502,0.283888,0.002021,0.002439
0,-0.018675,-0.009687,-0.108642,-0.138417,-0.068363,-0.183646,0.000326,0.000169
0,0.122114,0.125422,0.120053,0.147111,0.126866,0.163706,0.002131,0.002189
0,-0.012138,0.085661,-0.160158,-0.033426,-0.191726,-0.034985,0.000212,0.001495
0,0.150923,0.022202,0.1504,-0.051314,0.155257,-0.0437,0.002634,0.000387
0,0.026975,0.026263,-0.135854,0.005969,-0.143382,-0.023762,0.000471,0.000458
0,0.053089,-0.150701,0.012769,-0.153436,0.057805,-0.181759,0.000927,0.00263
0,0.221616,0.130637,0.168027,0.295295,0.206356,0.308016,0.002823,0.00228
0,0.059664,-0.149134,-0.185364,-0.250085,-0.159247,-0.26771,0.001041,0.002603
0,0.19321,-0.140451,0.154517,-0.001167,0.152889,-0.02965,0.003319,0.002451
0,-0.044001,0.144285,-0.211187,0.276005,-0.197105,0.300207,0.000768,0.002518
0,0.038537,0.050073,0.104154,-0.08275,0.059057,-0.042909,0.000673,0.000874
0,-0.084227,0.118017,-0.104085,0.071357,-0.139089,0.053289,0.00147,0.00206
0,-0.100253,0.159835,-0.036135,0.052698,-0.020213,0.010008,0.00175,0.00279
0,0.090785,-0.04151,0.220773,-0.210133,0.238459,-0.168494,0.001584,0.000724
0,0.057166,-0.019283,-0.034872,0.029791,0.001494,0.05997,0.000998,0.000337
0,0.065839,0.034333,0.020437,0.057404,-0.021609,0.055894,0.001149,0.000599
0,0.097876,0.057558,0.023756,0.052707,-0.009493,0.071345,0.001708,0.001005
0,0.050018,0.144081,-0.029741,0.087655,-0.036467,0.070621,0.000873,0.002515
0,-0.086446,-0.051406,-0.106541,-0.167438,-0.11143,-0.161463,0.001509,0.000897
0,-0.100381,-0.116505,-0.012571,-0.041488,0.02578,-0.026861,0.001752,0.002033
0,0.065151,-0.061114,0.16392,0.06935,0.187822,0.105707,0.001137,0.001067
0,-0.045087,-0.067941,-0.109586,-0.022214,-0.071916,-0.054364,0.000787,0.001186
0,-0.083368,-0.019118,-0.059617,0.055967,-0.030196,0.025871,0.001455,0.000334
0,-0.051118,-0.023295,0.025298,-0.017428,0.01218,0.029085,0.000892,0.000407
0,-0.15249,0.0887,-0.115941,0.138747,-0.136336,0.155773,0.002661,0.001548
0,-0.133274,-0.129922,0.036872,-0.216257,0.01277,-0.211901,0.002326,0.002268
0,-0.106535,-0.109264,0.010124,0.003327,0.042411,0.028515,0.001859,0.001907
0,0.07272,0.012544,0.20441,0.100659,0.161293,0.091012,0.001269,0.000219
0,0.153534,0.000248,0.087062,-0.03116,0.057519,0.012836,0.00268,4e-06
0,0.058887,0.007727,-0.086261,-0.01086,-0.065401,-0.039595,0.001028,0.000135
0,0.013037,-0.011652,-0.026715,-0.026484,-0.009756,0.015887,0.000228,0.000203
0,0.115346,0.097977,0.075268,0.118599,0.107436,0.071676,0.002013,0.00171
0,-1.306283,-0.72291,-1.421173,-0.822003,-1.427616,-0.812728,0.002726,0.000764
0,-2.449934,-1.104133,-1.14384,-0.355248,-1.121024,-0.317459,0.002615,0.000802
0,-2.929829,-0.996433,-0.459638,0.111165,-0.414619,0.086848,0.002391,0.002681
0,-3.631849,-1.068942,-0.722543,-0.047023,-0.717095,-0.010656,0.00317,0.001416
0,-2.931877,-0.924072,0.699015,0.148413,0.720985,0.12006,0.002356,0.002746
0,-2.948755,-0.813691,0.011304,0.09538,0.007493,0.081458,0.002061,0.00082
0,-2.477442,-0.417488,0.496515,0.382338,0.515713,0.410769,0.003095,0.000596
0,-2.187709,-0.427636,0.283992,-0.003899,0.246938,-0.032858,0.001962,0.000773
0,-1.666957,-0.169445,0.542052,0.271384,0.547105,0.27755,0.002331,0.002957
0,-1.227037,-0.244986,0.410765,-0.059405,0.405333,-0.058564,0.001343,0.002415
0,-0.971591,0.107151,0.261511,0.341393,0.260406,0.329349,0.003115,0.00187
0,-0.388611,0.23872,0.567859,0.128722,0.570866,0.089609,9.2e-05,0.002524
0,0.117568,0.102069,0.483393,-0.164893,0.448821,-0.186591,0.002052,0.001781
0,0.067061,0.134245,-0.057051,0.013178,-0.098543,0.024992,0.00117,0.002343
0,0.23512,0.222512,0.145928,0.115019,0.107208,0.164951,0.002587,0.002807
0,0.124447,0.09425,-0.113363,-0.158115,-0.148095,-0.153868,0.002172,0.001645
0,0.096528,0.203474,-0.051564,0.13541,-0.049816,0.096028,0.001685,0.00314
0,0.187204,-0.078669,0.111451,-0.285101,0.088914,-0.325733,0.003267,0.001373
0,0.319498,0.082154,0.158284,0.156933,0.149488,0.153464,0.001115,0.001434
0,0.282505,0.008759,-0.026749,-0.101644,-0.025931,-0.065963,0.00176,0.000153
0,0.223991,-0.107894,-0.067146,-0.099004,-0.040472,-0.051467,0.002781,0.001883
0,0.233373,-0.181121,0.003449,-0.086433,0.024445,-0.065779,0.002618,0.003161
0,0.274213,-0.017417,0.012089,0.178906,0.005368,0.163323,0.001905,0.000304
0,0.125784,-0.075167,-0.135519,-0.031973,-0.121916,-0.055834,0.002195,0.001312
0,0.308034,-0.039936,0.176511,0.036787,0.14657,0.083056,0.001315,0.000697
0,0.22014,-0.211702,-0.074133,-0.187938,-0.026397,-0.191257,0.002849,0.002996
0,0.130955,-0.129252,-0.104457,0.078901,-0.143045,0.078955,0.002286,0.002256
0,0.130163,-0.041959,-0.008344,0.09585,0.036383,0.139658,0.002272,0.000732
0,0.003641,-0.189328,-0.099019,-0.129801,-0.087545,-0.145757,6.4e-05,0.003304
0,0.024552,-0.02937,-0.005475,0.149339,-0.005431,0.157578,0.000429,0.000513
0,-0.063195,-0.035326,-0.067578,0.020413,-0.02853,0.019475,0.001103,0.000617
0,0.180228,-0.144961,0.251533,-0.117041,0.22638,-0.117665,0.003146,0.00253
0,0.100429,-0.166638,-0.099505,-0.048862,-0.07674,-0.04763,0.001753,0.002908
0,0.121217,-0.069026,0.008915,0.069576,-0.040063,0.04013,0.002116,0.001205
0,-0.152356,-0.18148,-0.263564,-0.110523,-0.2319,-0.159975,0.002659,0.003167
0,-0.066152,0.051988,0.083552,0.25089,0.051936,0.224026,0.001155,0.000907
0,-0.050732,-0.163932,-0.002996,-0.237333,0.019456,-0.207737,0.000885,0.002861
0,-0.006703,-0.155517,0.043732,-0.006345,0.013185,0.02347,0.000117,0.002714
0,-0.063832,-0.104242,-0.041006,0.029338,-0.046078,0.016085,0.001114,0.001819
0,0.004072,-0.133839,0.048136,-0.055213,0.096193,-0.099753,7.1e-05,0.002336
0,-0.021165,-0.108915,-0.00018,0.041774,0.004029,0.083408,0.000369,0.001901
0,-0.26885,-0.138844,-0.248652,-0.025118,-0.2298,-0.049821,0.001999,0.002423
0,-0.224269,-0.107535,0.071191,0.011631,0.041184,-0.030574,0.002777,0.001877
0,-0.087465,-0.186579,0.110437,-0.107327,0.097835,-0.112118,0.001527,0.003256
0,-0.234671,-0.091483,-0.145716,0.07626,-0.174411,0.055914,0.002595,0.001597
0,-0.253739,-0.069223,-0.003898,0.008516,-0.021834,0.013651,0.002262,0.001208
0,-0.190763,-0.171007,0.083676,-0.081824,0.07685,-0.033902,0.003329,0.002985
0,-0.113636,0.01203,0.069289,0.194503,0.020946,0.207753,0.001983,0.00021
0,-0.221389,0.042333,-0.093227,0.039304,-0.06273,0.088652,0.002827,0.000739
0,-0.061006,-0.083282,0.133306,-0.150502,0.172889,-0.110574,0.001065,0.001454
0,-0.101264,-0.0571,-0.068037,0.003448,-0.09176,0.042778,0.001767,0.000997
0,-0.071875,-0.016776,0.008684,0.04236,0.039888,0.056603,0.001254,0.000293
0,-0.018044,-0.043615,0.031785,-0.027498,0.000378,-0.021215,0.000315,0.000761
0,-0.212946,0.080443,-0.212132,0.129726,-0.173474,0.120844,0.002974,0.001404
0,-0.211016,0.151045,0.013614,0.06541,0.042695,0.074514,0.003008,0.002636
0,-0.122563,0.122511,0.09084,-0.02472,0.094142,-0.053531,0.002139,0.002138
0,-0.149434,-0.011333,-0.006348,-0.111066,-0.018362,-0.10734,0.002608,0.000198
0,-0.205684,0.060051,-0.02776,0.096401,-0.060126,0.078694,0.003101,0.001048
0,-0.21437,-0.156277,-0.018213,-0.240663,-0.059588,-0.200244,0.002949,0.002728
0,-0.11176,0.131264,0.110878,0.266196,0.086197,0.258541,0.001951,0.002291
0,-0.21174,0.133118,-0.09496,0.008574,-0.097685,-0.030554,0.002995,0.002323
0,-0.298796,0.099924,-0.07364,-0.020107,-0.102261,-0.067594,0.001476,0.001744
0,-0.138713,-0.004847,0.162132,-0.126758,0.122563,-0.128348,0.002421,8.5e-05
0,-0.119356,0.006423,0.045282,-0.002974,0.031708,-0.029524,0.002083,0.000112
0,-0.233374,-0.082726,-0.137019,-0.112223,-0.102234,-0.124538,0.002618,0.001444
0,-0.126977,-0.15886,0.101226,-0.0905,0.117194,-0.104389,0.002216,0.002773
0,-0.300299,0.092422,-0.164562,0.253495,-0.140009,0.287219,0.00145,0.001613
0,-0.191045,0.07798,0.130538,-0.008319,0.120939,-0.025159,0.003334,0.001361
0,-0.250122,0.055793,-0.049024,-0.01066,-0.030902,0.037782,0.002325,0.000974
0,0.043754,-0.163013,0.265305,-0.203501,0.278908,-0.233811,0.000764,0.002845
0,0.031365,-0.074157,0.014436,0.094141,-0.013644,0.131394,0.000547,0.001294
0,-0.198875,-0.06094,-0.2223,-0.008386,-0.179462,0.009624,0.00322,0.001064
0,-0.077695,0.06647,0.124208,0.150649,0.172642,0.195092,0.001356,0.00116
0,-0.081238,-0.09694,-0.007302,-0.162934,-0.011489,-0.114254,0.001418,0.001692
0,-0.090462,-0.170387,-0.009837,-0.084326,0.004081,-0.05232,0.001579,0.002974
0,-0.036252,-0.118103,0.070774,0.058413,0.084933,0.039345,0.000633,0.002061
0,0.019281,-0.034819,0.030513,0.112043,0.009172,0.104851,0.000337,0.000608
0,0.167582,-0.175145,0.161542,-0.137187,0.135547,-0.118959,0.002925,0.003057
0,0.093508,-0.07059,-0.082417,0.12564,-0.111886,0.091284,0.001632,0.001232
0,0.019928,0.099001,-0.089636,0.149475,-0.116781,0.143444,0.000348,0.001728
0,0.052923,-0.148569,0.055008,-0.265109,0.078087,-0.294764,0.000924,0.002593
0,0.009164,-0.014312,-0.051213,0.136458,-0.093309,0.124577,0.00016,0.00025
0,-0.070452,-0.066393,-0.057134,-0.056715,-0.090015,-0.007202,0.00123,0.001159
0,-0.123722,-0.001316,-0.052927,0.091463,-0.042209,0.091012,0.002159,2.3e-05
0,0.03139,-0.075535,0.159818,-0.062805,0.20101,-0.046283,0.000548,0.001318
0,0.071641,-0.050742,0.026327,0.010822,0.023599,-0.018201,0.00125,0.000886
0,0.018491,0.025185,-0.030392,0.084487,-0.024373,0.086046,0.000323,0.00044
0,0.046402,-0.127495,0.013954,-0.1566,0.016897,-0.173934,0.00081,0.002225
0,0.049795,0.040092,0.025672,0.143962,-0.006954,0.095729,0.000869,0.0007
0,0.144043,0.056325,0.105897,0.044178,0.05678,0.078186,0.002514,0.000983
0,0.009381,-0.146683,-0.161023,-0.21726,-0.170113,-0.176141,0.000164,0.00256
0,-0.038835,-0.005932,-0.065017,0.157221,-0.090963,0.203382,0.000678,0.000104
0,-0.054174,-0.043425,-0.032352,-0.057739,-0.015099,-0.061632,0.000946,0.000758
0,-0.006894,-0.156163,0.067244,-0.133557,0.090019,-0.16512,0.00012,0.002726
0,0.065215,-0.072528,0.092448,0.112474,0.09196,0.071226,0.001138,0.001266
0,0.043032,-0.140591,-0.021118,-0.094199,0.000301,-0.088174,0.000751,0.002454
0,-0.005297,0.102494,-0.030235,0.268835,0.012672,0.316076,9.2e-05,0.001789
0,-0.048999,-0.099522,-0.040015,-0.174022,-0.081458,-0.156135,0.000855,0.001737
0,0.091372,0.023382,0.15842,0.134478,0.127528,0.108213,0.001595,0.000408
0,-0.004525,0.102858,-0.09659,0.090951,-0.07439,0.121534,7.9e-05,0.001795
0,0.198118,0.195201,0.223125,0.120757,0.210355,0.076366,0.003233,0.003284
0,0.125096,-0.057404,-0.059829,-0.252797,-0.080503,-0.236061,0.002183,0.001002
0,0.184261,0.094125,0.086285,0.15538,0.128807,0.136967,0.003216,0.001643
0,0.06178,-0.087138,-0.118966,-0.204802,-0.147353,-0.176615,0.001078,0.001521
0,0.142597,0.085771,0.105037,0.150213,0.08789,0.135237,0.002489,0.001497
0,-0.524689,0.428351,-0.671741,0.325654,-0.631762,0.287152,0.002467,0.000785
0,-0.896291,0.753171,-0.35537,0.348856,-0.344681,0.367278,0.002262,0.000236
0,-0.803573,0.89303,0.090102,0.114075,0.118547,0.092808,0.000643,0.002205
0,-0.959642,0.982668,-0.12774,0.073262,-0.130783,0.119984,0.003324,0.002922
0,-0.75538,0.878065,0.198775,-0.090584,0.208007,-0.07392,0.000198,0.001943
0,-0.689119,0.766442,0.07147,-0.120335,0.065566,-0.154538,0.001354,5e-06
0,-0.479495,0.659735,0.184297,-0.111981,0.210575,-0.125664,0.001678,0.001867
0,-0.256148,0.67461,0.210547,0.032016,0.214922,-0.01715,0.00222,0.001607
0,-0.158837,0.361468,0.083269,-0.336373,0.125126,-0.326379,0.002772,0.000382
0,-0.151533,0.223517,0.027448,-0.139525,-0.012525,-0.166557,0.002645,0.00279
0,-0.082656,0.10231,0.064495,-0.095127,0.054409,-0.122502,0.001443,0.001786
0,0.016321,-0.040686,0.071232,-0.137203,0.106838,-0.167324,0.000285,0.00071
0,-0.061519,-0.183625,-0.073844,-0.165096,-0.026398,-0.128807,0.001074,0.003205
0,0.145918,-0.238246,0.212829,-0.062553,0.237387,-0.045558,0.002547,0.002533
0,-0.070163,-0.079183,-0.221059,0.163621,-0.255375,0.157254,0.001225,0.001382
0,0.051048,-0.097681,0.134953,-0.013762,0.088082,0.007582,0.000891,0.001705
0,0.017732,-0.319086,-0.011105,-0.212426,-0.037504,-0.214352,0.000309,0.001122
0,0.091634,-0.224627,0.09447,0.09505,0.141165,0.103132,0.001599,0.00277
0,0.083294,-0.169583,-0.02149,0.046478,-0.004759,0.014517,0.001454,0.00296
0,0.0817,0.036209,0.012329,0.184481,-0.011888,0.141146,0.001426,0.000632
0,0.058845,0.043676,-0.014196,0.02388,-0.032012,0.072695,0.001027,0.000762
0,0.169564,0.19259,0.099153,0.121239,0.066753,0.086276,0.002959,0.003329
0,0.030937,0.062069,-0.129043,-0.10164,-0.155691,-0.143434,0.00054,0.001083
0,0.182582,0.125759,0.141167,0.035998,0.10651,0.053453,0.003187,0.002195
0,-0.059558,0.044642,-0.271538,-0.079152,-0.253428,-0.095908,0.001039,0.000779
0,0.073266,0.059097,0.115909,-0.011423,0.068393,0.023248,0.001279,0.001031
0,-0.048346,0.039282,-0.119513,-0.033872,-0.098865,0.006481,0.000844,0.000686
0,0.171114,0.015324,0.205673,-0.047887,0.171692,-0.059737,0.002987,0.000267
0,0.208406,-0.118458,0.056104,-0.135509,0.03839,-0.137919,0.003053,0.002067
0,0.136731,0.019512,-0.047532,0.128295,-0.059819,0.156218,0.002386,0.000341
0,0.18429,0.018186,0.052624,-0.002997,0.065096,-0.026872,0.003216,0.000317
0,0.061544,-0.109631,-0.106925,-0.098669,-0.103969,-0.147742,0.001074,0.001913
0,0.06147,0.125405,-0.00597,0.217703,-0.013384,0.207432,0.001073,0.002189
0,0.099097,-0.0896,0.039756,-0.214367,0.064953,-0.176996,0.00173,0.001564
0,0.14213,-0.051367,0.040247,0.067662,0.023646,0.088782,0.002481,0.000897
0,0.042667,-0.01016,-0.096525,0.043727,-0.135101,-0.00453,0.000745,0.000177
0,0.230676,-0.083343,0.17988,-0.102097,0.153422,-0.063648,0.002665,0.001455
0,0.020918,-0.099917,-0.193704,-0.020197,-0.155799,-0.01728,0.000365,0.001744
0,-0.101912,-0.110662,-0.141758,-0.021369,-0.159694,-0.032995,0.001779,0.001931
0,-0.062502,0.143527,0.042172,0.231135,0.065543,0.265221,0.001091,0.002505
0,0.072895,-0.072386,0.105594,-0.243541,0.154097,-0.2721,0.001272,0.001263
0,-0.072759,0.091825,-0.126937,0.185153,-0.170821,0.150111,0.00127,0.001603
0,-0.120563,0.08059,-0.030469,-0.01651,-0.024677,-0.00411,0.002104,0.001407
0,0.04204,0.141144,0.157774,0.068459,0.183165,0.068484,0.000734,0.002463
0,-0.016612,-0.130505,-0.054175,-0.274592,-0.058442,-0.255661,0.00029,0.002278
0,0.153172,0.049839,0.178688,0.153901,0.146403,0.170013,0.002673,0.00087
0,0.096757,0.00751,-0.070922,-0.053519,-0.084835,-0.003773,0.001689,0.000131
0,0.176571,0.054975,0.106262,0.021912,0.083115,0.007492,0.003082,0.000959
0,0.141292,-0.139515,-0.017835,-0.16773,-0.05206,-0.217336,0.002466,0.002435
0,0.100554,-0.026201,-0.058021,0.123667,-0.032846,0.133768,0.001755,0.000457
0,0.017289,-0.055984,-0.107636,-0.008487,-0.117648,-0.00648,0.000302,0.000977
0,-0.037378,0.041314,-0.080487,0.110451,-0.048902,0.127158,0.000652,0.000721
0,-0.094239,0.092409,-0.038708,0.061706,0.007217,0.053243,0.001645,0.001613
0,0.060143,-0.002371,0.155229,-0.087981,0.183798,-0.102192,0.00105,4.1e-05
0,0.245383,0.165469,0.213757,0.165118,0.235184,0.128582,0.002408,0.002888
0,0.141967,0.187027,-0.128913,0.023745,-0.088304,-0.008664,0.002478,0.003264
0,0.019795,0.097838,-0.134536,-0.078041,-0.111958,-0.127328,0.000345,0.001708
0,-0.005017,-0.080998,-0.053367,-0.161239,-0.048093,-0.209981,8.8e-05,0.001414
0,0.145179,-0.022647,0.122787,0.054969,0.164064,0.005833,0.002534,0.000395
0,0.162666,-0.105418,0.031671,-0.065684,0.054225,-0.069985,0.002839,0.00184
0,0.199736,0.118824,0.019409,0.24941,-0.022729,0.209019,0.003205,0.002074
0,0.247728,-0.009178,0.067028,-0.146076,0.035806,-0.158389,0.002367,0.00016
0,0.07078,0.128863,-0.204383,0.141949,-0.183347,0.159903,0.001235,0.002249
0,0.267727,0.137995,0.194192,0.01655,0.157969,-0.027689,0.002018,0.002408
0,0.109577,-0.105247,-0.158813,-0.230387,-0.115479,-0.252594,0.001912,0.001837
0,0.19305,-0.096504,0.057544,-0.006366,0.09391,-0.052652,0.003321,0.001684
0,0.229456,0.037114,0.064521,0.15503,0.06463,0.155639,0.002686,0.000648
0,0.122697,0.13938,-0.100546,0.12783,-0.069931,0.134443,0.002141,0.002433
0,0.21588,-0.017143,0.096027,-0.175418,0.095587,-0.205152,0.002923,0.000299
0,0.382376,0.112555,0.150295,0.139098,0.125113,0.114201,1.7e-05,0.001964
0,0.196328,-0.047212,-0.163503,-0.153949,-0.13839,-0.193847,0.003264,0.000824
0,0.130333,0.023259,-0.041224,0.045855,-0.026387,0.015358,0.002275,0.000406
0,0.089361,0.006889,-0.044233,0.000699,-0.044935,0.036615,0.00156,0.00012
0,0.111293,-0.032736,0.000957,-0.03058,0.034951,-0.056627,0.001942,0.000571
0,0.14715,-0.074809,0.065486,-0.016851,0.060228,-0.018249,0.002568,0.001306
0,0.281238,-0.042027,0.14557,0.036598,0.193625,0.060829,0.001782,0.000734
0,0.13707,0.055989,-0.165408,0.096876,-0.19961,0.099293,0.002392,0.000977
0,0.205259,0.1081,0.06559,0.030365,0.056837,-0.000833,0.003108,0.001887
0,0.203296,0.071062,-0.013783,-0.029932,-0.000942,0.005456,0.003143,0.00124
0,0.236859,-0.069837,0.023981,-0.114517,0.054821,-0.163927,0.002557,0.001219
0,0.154976,-0.110286,-0.089225,-0.053718,-0.093076,-0.067483,0.002705,0.001925
0,0.18639,-0.051278,0.017344,0.045883,0.057035,0.005643,0.003253,0.000895
0,-0.016591,-0.004827,-0.205633,0.04554,-0.215836,0.049153,0.00029,8.4e-05
0,0.187984,0.147531,0.203664,0.173143,0.187645,0.213421,0.003281,0.002575
0,0.134669,0.192092,-0.054708,0.037933,-0.063017,0.046084,0.00235,0.003338
0,0.078795,0.135712,-0.068511,-0.036615,-0.039312,-0.037886,0.001375,0.002369
0,0.114445,-0.084808,0.039309,-0.202488,0.032527,-0.153471,0.001997,0.00148
0,0.277155,-0.024154,0.133378,0.087984,0.166624,0.108414,0.001854,0.000422
0,0.072406,-0.109457,-0.211256,-0.088185,-0.204583,-0.114754,0.001264,0.00191
0,0.26688,-0.047227,0.195714,0.037662,0.203429,0.087441,0.002033,0.000824
0,0.150852,-0.084604,-0.113323,-0.015027,-0.078314,-0.00265,0.002633,0.001477
0,0.146294,0.035996,-0.003217,0.098459,0.037324,0.094315,0.002553,0.000628
0,0.071683,-0.078519,-0.069357,-0.112356,-0.113507,-0.128513,0.001251,0.00137
0,0.203583,-0.033743,0.111954,0.055786,0.083718,0.052227,0.003138,0.000589
0,0.239162,0.037669,0.033209,0.087654,0.062876,0.107859,0.002517,0.000657
0,0.135044,0.025754,-0.103375,-0.037393,-0.150808,-0.062091,0.002357,0.000449
0,0.068,-0.102452,-0.081557,-0.143299,-0.047158,-0.134629,0.001187,0.001788
0,0.053898,0.079814,-0.025091,0.164232,-0.013325,0.114718,0.000941,0.001393
0,-5.341033,-0.957336,-5.390904,-1.012965,-5.375391,-0.982565,0.000453,0.003327
0,-6.580696,-2.072367,-1.249,-1.134727,-1.268973,-1.108571,0.001111,0.002716
0,-7.157357,-1.826389,-0.580489,0.250606,-0.585445,0.271804,0.002206,0.001578
0,-5.862258,-1.930312,1.312772,-0.080098,1.317296,-0.096151,0.001953,0.000236
0,-4.865392,-1.765526,1.021524,0.14638,1.032873,0.134752,0.002064,0.00264
0,-3.97723,-1.47691,0.874914,0.28463,0.893137,0.261906,0.002508,0.000986
0,-2.500499,-1.095221,1.474654,0.394195,1.491883,0.400368,0.003194,0.000957
0,-1.48813,-0.596911,0.996856,0.527209,1.013068,0.551246,0.000791,0.002964
0,-0.558954,-0.485275,0.950884,0.114994,0.927388,0.111115,0.003065,0.001779
0,-0.034141,-0.293329,0.53312,0.175656,0.56652,0.187023,0.000596,0.001571
0,0.26688,0.082296,0.293531,0.383274,0.273506,0.337935,0.002033,0.001436
0,0.45313,0.140468,0.192338,0.041191,0.179417,0.042454,0.001218,0.002452
0,0.614626,0.325869,0.152621,0.202159,0.130438,0.220106,0.002654,0.001003
0,0.465493,0.358233,-0.151603,0.060018,-0.185578,0.087139,0.001434,0.000438
0,0.429484,0.392871,-0.065295,0.033345,-0.094192,0.073149,0.000805,0.000166
0,0.465524,0.416702,0.031264,0.008164,0.060117,-0.021406,0.001434,0.000582
0,0.416406,0.116023,-0.039142,-0.300061,-0.046347,-0.339755,0.000577,0.002025
0,0.453929,0.171007,0.038343,0.061576,0.062467,0.087631,0.001232,0.002985
0,0.274294,0.056822,-0.172058,-0.090567,-0.157776,-0.0479,0.001903,0.000992
0,0.318421,0.159348,0.063393,0.127905,0.111754,0.166623,0.001133,0.002781
0,0.064165,0.280749,-0.282665,0.0989,-0.262591,0.074504,0.00112,0.001791
0,0.131833,0.205812,0.047405,-0.054974,0.049867,-0.023278,0.002301,0.003099
0,0.043815,-0.075471,-0.097008,-0.297959,-0.08002,-0.287332,0.000765,0.001317
0,-0.086968,-0.037285,-0.136651,0.011269,-0.123563,0.040802,0.001518,0.000651
0,0.111492,-0.097482,0.188302,-0.08512,0.157861,-0.122127,0.001946,0.001701
0,-0.119626,-0.04305,-0.212059,0.081386,-0.235854,0.113731,0.002088,0.000751
0,0.122951,-0.123096,0.223215,-0.096341,0.227401,-0.063064,0.002146,0.002148
0,-0.023668,-0.086184,-0.13717,0.024388,-0.120654,0.05726,0.000413,0.001504
0,-0.027277,-0.039463,-0.006038,0.063474,-0.027268,0.064188,0.000476,0.000689
0,0.073283,-0.161568,0.114312,-0.146251,0.110234,-0.164597,0.001279,0.00282
0,-0.06679,-0.06722,-0.162943,0.120136,-0.199487,0.116993,0.001166,0.001173
0,-0.072379,-0.097639,0.011712,-0.056884,-0.000847,-0.050244,0.001263,0.001704
0,-0.06485,-0.004253,-0.008712,0.100221,0.036229,0.137547,0.001132,7.4e-05
0,-0.028213,0.028336,0.022558,0.004961,0.050482,-0.007068,0.000492,0.000495
0,-0.110481,-0.181713,-0.103822,-0.187496,-0.088591,-0.237469,0.001928,0.003171
0,-0.078935,0.003222,0.04656,0.193257,0.039834,0.145687,0.001378,5.6e-05
0,-0.111467,0.016985,-0.026893,0.007237,-0.017536,0.036201,0.001945,0.000296
0,-0.111566,0.031955,0.018887,0.013228,0.050146,0.039262,0.001947,0.000558
0,0.026294,0.055195,0.117085,-0.004557,0.097237,-0.017483,0.000459,0.000963
0,-0.156259,0.103557,-0.185737,0.047518,-0.217987,0.022195,0.002727,0.001807
0,-0.11248,0.078517,0.042669,-0.014207,0.051716,-0.0178,0.001963,0.00137
0,0.012238,0.152681,0.14192,0.071236,0.139595,0.047022,0.000214,0.002665
0,-0.098947,-0.078667,-0.106785,-0.237794,-0.087496,-0.263201,0.001727,0.001373
0,-0.143682,0.17796,-0.071584,0.264226,-0.038998,0.251935,0.002508,0.003106
0,-0.010569,0.154954,0.149001,-0.036152,0.158317,-0.023642,0.000184,0.002704
0,-0.111655,0.134012,-0.083448,-0.009571,-0.064885,0.01724,0.001949,0.002339
0,-0.230025,0.030972,-0.092594,-0.104667,-0.067599,-0.122178,0.002676,0.000541
0,0.013942,0.05523,0.246019,0.016096,0.198965,0.01171,0.000243,0.000964
0,-0.196754,-0.020162,-0.203238,-0.056222,-0.238327,-0.027738,0.003257,0.000352
0,-0.028201,-0.064003,0.144038,-0.029317,0.144821,-0.031262,0.000492,0.001117
0,-0.129051,0.070844,-0.080365,0.157007,-0.062286,0.141013,0.002252,0.001236
0,-0.24835,-0.035515,-0.143289,-0.112769,-0.113609,-0.136012,0.002356,0.00062
0,-0.074584,0.021232,0.161972,0.078664,0.12366,0.082764,0.001302,0.000371
0,-0.23256,-0.122655,-0.16131,-0.148716,-0.125922,-0.165359,0.002632,0.002141
0,-0.158941,0.046599,0.052804,0.195726,0.024189,0.157329,0.002774,0.000813
0,0.033689,-0.001046,0.171666,-0.047827,0.130821,-0.016514,0.000588,1.8e-05
0,-0.18363,-0.056864,-0.205968,-0.076421,-0.209949,-0.092791,0.003205,0.000992
0,-0.246436,-0.001841,-0.053128,0.05512,-0.052152,0.078399,0.00239,3.2e-05
0,-0.109946,-0.109382,0.123036,-0.079,0.100617,-0.036824,0.001919,0.001909
0,0.024047,-0.146457,0.112958,-0.00814,0.079761,0.034157,0.00042,0.002556
0,-0.177953,0.070272,-0.196486,0.241288,-0.165171,0.267863,0.003106,0.001226
0,-0.086795,0.124329,0.100945,0.080115,0.127605,0.10897,0.001515,0.00217
0,0.015067,0.114875,0.078542,-0.021362,0.078278,-0.011972,0.000263,0.002005
0,-0.135165,-0.007658,-0.146242,-0.149041,-0.175981,-0.167579,0.002359,0.000134
0,-0.04363,0.112225,0.093511,0.108561,0.141385,0.079603,0.000761,0.001959
0,-0.239162,-0.149421,-0.178949,-0.257108,-0.146266,-0.268474,0.002517,0.002608
0,-0.097108,0.060013,0.122469,0.205186,0.103138,0.246823,0.001695,0.001047
0,-0.056588,0.072112,0.028387,-0.007959,0.046003,0.034815,0.000988,0.001259
0,-0.172509,-0.147142,-0.092873,-0.240422,-0.1368,-0.19464,0.003011,0.002568
0,-0.014805,-0.095486,0.131878,0.078125,0.176222,0.087697,0.000258,0.001667
0,-0.135402,0.030617,-0.133944,0.122347,-0.17857,0.137955,0.002363,0.000534
0,-0.250688,0.13709,-0.111411,0.09268,-0.100224,0.116732,0.002315,0.002393
0,-0.005428,0.021197,0.255413,-0.144243,0.236344,-0.11479,9.5e-05,0.00037
0,2.3e-05,-0.159156,0.002418,-0.180044,0.037785,-0.174439,0.0,0.002778
0,0.048733,-0.027011,0.076857,0.126659,0.086234,0.118023,0.000851,0.000471
0,0.061886,-0.035025,-0.016803,-0.007051,0.025918,-0.033856,0.00108,0.000611
0,0.024698,-0.027094,-0.052516,-0.00317,-0.097366,0.04072,0.000431,0.000473
0,0.152076,-0.162734,0.133563,-0.147902,0.087346,-0.163056,0.002654,0.00284
0,-0.032303,-0.051123,-0.171807,0.131732,-0.138267,0.118817,0.000564,0.000892
0,-0.034356,0.001696,0.021515,0.048951,0.026903,0.005001,0.0006,3e-05
0,0.097896,0.048152,0.138726,0.026475,0.124041,0.028879,0.001709,0.00084
0,0.124546,-0.084994,0.037507,-0.132426,-0.000913,-0.099735,0.002174,0.001483
0,0.001271,-0.013681,-0.127148,0.058824,-0.138687,0.095373,2.2e-05,0.000239
0,-0.041739,-0.108426,-0.067713,-0.110428,-0.043505,-0.129793,0.000728,0.001892
0,0.022847,0.131912,0.039532,0.241174,0.03935,0.212928,0.000399,0.002302
0,0.007941,0.004344,-0.023584,-0.139671,-0.056931,-0.170503,0.000139,7.6e-05
0,-0.094834,0.170708,-0.078966,0.152619,-0.06811,0.119577,0.001655,0.002979
0,-0.019145,0.028535,0.08473,-0.139037,0.081132,-0.119919,0.000334,0.000498
0,-0.000579,0.048519,0.038667,0.038579,0.023804,0.050044,1e-05,0.000847
0,0.010181,0.103062,-0.015587,0.028123,-0.043804,0.017818,0.000178,0.001799
0,0.073383,-0.07032,0.06212,-0.171169,0.102698,-0.20825,0.001281,0.001227
0,0.2298,-0.053594,0.146065,0.039421,0.152662,0.006128,0.00268,0.000935
0,0.096469,0.049858,-0.118252,0.119587,-0.132653,0.135256,0.001684,0.00087
0,0.314474,-0.077782,0.192893,-0.113823,0.215803,-0.072736,0.001202,0.001358
0,0.123332,-0.009658,-0.194744,0.040847,-0.179417,0.001237,0.002153,0.000169
0,0.22566,0.02323,0.122247,0.031752,0.130883,-0.013341,0.002752,0.000405
0,0.103224,0.045039,-0.152134,0.016395,-0.120629,0.019518,0.001802,0.000786
0,0.103805,0.06263,-0.020059,0.003644,-0.020615,0.033246,0.001812,0.001093
0,0.351029,0.137579,0.218315,0.067557,0.233255,0.104304,0.000564,0.002401
0,0.052052,0.142415,-0.301596,0.019291,-0.277744,0.062252,0.000908,0.002486
0,0.062121,-0.098366,-0.005464,-0.253583,0.027732,-0.256858,0.001084,0.001717
0,0.000451,0.011588,-0.040848,0.085062,-0.078505,0.058392,8e-06,0.000202
0,0.219233,-0.022941,0.210655,-0.028307,0.16742,-0.005268,0.002864,0.0004
0,0.289912,0.04296,0.078468,0.060962,0.073714,0.095057,0.001631,0.00075
0,0.239413,0.123062,-0.050574,0.051152,-0.009244,0.064432,0.002512,0.002148
0,-0.001146,-0.00416,-0.265264,-0.130191,-0.267052,-0.175614,2e-05,7.3e-05
0,0.154363,-0.043833,0.161462,-0.042347,0.162066,-0.013754,0.002694,0.000765
0,0.224835,0.071984,0.068262,0.145608,0.093298,0.171889,0.002767,0.001256
0,0.255364,-0.117372,0.009258,-0.204656,0.055369,-0.1861,0.002234,0.002049
0,0.170675,0.122814,-0.106324,0.26991,-0.131077,0.301693,0.002979,0.002144
0,0.062015,-0.098936,-0.118349,-0.20535,-0.157169,-0.221888,0.001082,0.001727
0,-0.020768,-0.110453,-0.083453,-0.031611,-0.045307,-0.019277,0.000362,0.001928
0,0.178001,-0.075551,0.200958,0.011146,0.16799,-0.02722,0.003107,0.001319
0,0.029526,0.120882,-0.151067,0.221561,-0.134477,0.174458,0.000515,0.00211
0,0.095543,-0.143796,0.038884,-0.273774,-0.009091,-0.24984,0.001668,0.00251
0,0.065609,0.03197,-0.029543,0.16174,0.004357,0.11916,0.001145,0.000558
0,0.157742,-0.056506,0.065704,-0.113919,0.062284,-0.102103,0.002753,0.000986
0,0.078106,-0.106282,-0.057726,-0.076265,-0.039315,-0.114931,0.001363,0.001855
0,0.107153,-0.101533,0.014119,0.006111,-0.011868,0.023975,0.00187,0.001772
0,0.231554,0.037428,0.101193,0.165338,0.127959,0.123815,0.002649,0.000653
0,0.015877,-0.181702,-0.244784,-0.224678,-0.245206,-0.191013,0.000277,0.003171
0,-0.014481,-0.085746,-0.041748,0.098796,-0.072092,0.114304,0.000253,0.001497
0,0.225429,0.011586,0.23784,0.10073,0.192148,0.115662,0.002756,0.000202
0,0.140261,-0.110994,-0.064643,-0.144871,-0.102554,-0.159749,0.002448,0.001937
0,-0.015836,-0.088644,-0.160675,0.006813,-0.158443,0.038286,0.000276,0.001547
0,0.004884,-0.149925,0.031915,-0.081674,0.004359,-0.086613,8.5e-05,0.002617
0,0.058433,0.049469,0.043038,0.187825,0.005162,0.21782,0.00102,0.000863
0,-0.037451,0.096004,-0.104436,0.06982,-0.147951,0.092699,0.000654,0.001676
0,-0.048024,-0.066771,-0.003644,-0.153431,-0.051357,-0.183201,0.000838,0.001165
0,-0.064092,-0.170011,-0.036152,-0.077276,-0.005898,-0.080909,0.001119,0.002967
0,0.071516,-0.013443,0.109155,0.14132,0.13612,0.129609,0.001248,0.000235
0,0.015899,-0.039392,-0.026982,-0.033227,-0.034832,-0.007868,0.000277,0.000688
0,0.052692,-0.188815,0.039726,-0.151097,0.050468,-0.155282,0.00092,0.003295
0,-0.017396,0.01797,-0.06434,0.228801,-0.057986,0.252156,0.000304,0.000314
0,0.051754,-0.079724,0.045795,-0.099306,0.030049,-0.106625,0.000903,0.001391
0,0.090931,0.058788,0.064251,0.114281,0.038554,0.151112,0.001587,0.001026
0,-0.036968,-0.073469,-0.13663,-0.108698,-0.170008,-0.115327,0.000645,0.001282
0,0.131329,0.052029,0.154248,0.144148,0.182154,0.100025,0.002292,0.000908
0,0.079283,-0.101408,-0.034937,-0.178672,-0.013386,-0.209225,0.001384,0.00177
0,0.218789,-0.137058,0.159182,-0.008171,0.178069,0.004437,0.002872,0.002392
0,-0.032307,-0.16565,-0.249758,-0.037712,-0.235485,-0.047515,0.000564,0.002891
0,0.20487,-0.053833,0.257058,0.100206,0.230147,0.122414,0.003115,0.00094
0,0.113347,-0.028907,-0.092803,0.019137,-0.125597,-0.01856,0.001978,0.000505
0,0.246044,0.117258,0.137025,0.16677,0.096145,0.176821,0.002397,0.002047
0,-0.030216,-0.042152,-0.285567,-0.13129,-0.272593,-0.101442,0.000527,0.000736
0,0.172858,0.105403,0.193322,0.171582,0.236133,0.210981,0.003017,0.00184
0,0.038256,-0.132971,-0.158696,-0.261289,-0.173164,-0.288999,0.000668,0.002321
0,0.020636,0.095676,-0.031958,0.249892,-0.046303,0.290408,0.00036,0.00167
0,-0.079192,0.023179,-0.0896,-0.051401,-0.107259,-0.086257,0.001382,0.000405
0,0.103103,-0.108228,0.189018,-0.108438,0.180298,-0.134693,0.001799,0.001889
0,0.069135,-0.139699,-0.024707,-0.042247,-0.046285,-0.048017,0.001207,0.002438
0,0.017765,-0.058405,-0.059896,0.060677,-0.068427,0.103664,0.00031,0.001019
0,-0.101196,-0.136799,-0.137095,-0.102916,-0.145406,-0.148653,0.001766,0.002388
0,-0.101794,-0.169254,0.010292,-0.020522,-0.020856,0.001479,0.001777,0.002954
0,0.025189,-0.021423,0.127081,0.119212,0.127026,0.147276,0.00044,0.000374
0,-0.027463,-0.151932,-0.078839,-0.100783,-0.101505,-0.110651,0.000479,0.002652
0,0.015081,0.032592,0.018551,0.187092,0.05975,0.204462,0.000263,0.000569
0,0.063472,0.062449,0.076693,0.028692,0.103019,0.063878,0.001108,0.00109
0,0.057221,0.135605,-0.028811,0.084607,0.000642,0.069492,0.000999,0.002367
0,-0.135593,-0.039105,-0.203684,-0.181255,-0.236345,-0.221637,0.002367,0.000683
0,-0.19234,-0.012404,-0.04119,0.012491,-0.011833,0.020897,0.003334,0.000216
0,-0.122383,0.086313,0.082576,0.111541,0.045596,0.098987,0.002136,0.001506
0,0.154482,-0.106029,0.264561,-0.208735,0.303358,-0.234034,0.002696,0.001851
0,-0.08348,0.159492,-0.248718,0.246514,-0.265657,0.281363,0.001457,0.002784
0,-0.208938,-0.11426,-0.144793,-0.244913,-0.122989,-0.244129,0.003044,0.001994
0,0.101206,-0.071145,0.296848,0.044719,0.259468,0.046735,0.001766,0.001242
0,-0.152259,0.030944,-0.250233,0.129047,-0.287442,0.102802,0.002657,0.00054
0,-0.12303,-0.069344,0.013037,-0.097939,0.028213,-0.115327,0.002147,0.00121
0,-0.225676,0.133706,-0.096282,0.216516,-0.093978,0.235803,0.002752,0.002334
0,-0.159915,-0.07921,0.089698,-0.215953,0.067674,-0.228822,0.002791,0.001382
0,0.077408,0.140065,0.267204,0.225418,0.263495,0.209098,0.001351,0.002445
0,-0.049507,-0.089925,-0.107356,-0.244882,-0.146477,-0.236629,0.000864,0.001569
0,-0.124367,0.004644,-0.093117,0.095566,-0.053134,0.141762,0.002171,8.1e-05
0,-0.190455,0.020789,-0.070478,0.014073,-0.106393,-0.000389,0.003324,0.000363
0,-0.071781,-0.140381,0.145946,-0.141805,0.166449,-0.108951,0.001253,0.00245
0,-0.080593,0.055112,-0.029759,0.182153,-0.042046,0.189524,0.001407,0.000962
0,0.08563,0.079004,0.167344,0.020222,0.164043,-0.01086,0.001495,0.001379
0,-0.159697,0.1139,-0.224815,0.056557,-0.2549,0.07903,0.002787,0.001988
0,-0.105583,-0.144703,0.055776,-0.248228,0.009159,-0.284131,0.001843,0.002526
0,-0.004865,0.056607,0.118497,0.187215,0.123841,0.211164,8.5e-05,0.000988
0,-0.092406,-0.17589,-0.06521,-0.255993,-0.074761,-0.270827,0.001613,0.00307
0,-0.907677,0.672412,-0.817246,0.872024,-0.858432,0.837921,0.00246,0.001646
0,-2.574182,1.971022,-1.68336,1.272921,-1.704706,1.227591,0.001908,0.000947
0,-2.790861,2.525593,-0.1988,0.560122,-0.191677,0.513479,0.001874,0.002756
0,-2.799943,2.226866,0.012568,-0.270066,0.03276,-0.254488,0.002032,0.001279
0,-2.932524,1.891319,-0.157394,-0.321143,-0.143251,-0.280179,0.002344,0.000444
0,-2.563657,1.078302,0.380092,-0.822019,0.380808,-0.789395,0.002091,0.001253
0,-2.270167,0.806522,0.307083,-0.283547,0.331383,-0.298874,0.000523,0.000695
0,-1.537015,0.485529,0.723524,-0.327068,0.68072,-0.35075,6.3e-05,0.001783
0,-1.058941,0.226865,0.456027,-0.262648,0.478143,-0.252433,0.002098,0.002731
0,-8.977389,0.033049,-7.904946,-0.191602,-7.895288,-0.217067,0.002796,0.000577
0,-8.895684,-0.149377,0.06498,-0.171922,0.017104,-0.146184,0.00137,0.002607
0,-8.630379,-0.217231,0.281859,-0.072528,0.293688,-0.104815,0.00326,0.002899
0,-8.053969,-0.009009,0.58145,0.196723,0.553619,0.159709,6.1e-05,0.000157
0,-7.744576,-0.113235,0.323634,-0.075154,0.313519,-0.073857,0.001352,0.001976
0,-7.217326,-0.178034,0.511415,-0.07099,0.500889,-0.110902,0.001159,0.003107
0,-6.76902,-0.119981,0.474912,0.049155,0.503431,0.00291,0.002293,0.002094
0,-6.466292,0.072173,0.276193,0.195232,0.325906,0.185078,0.000886,0.00126
0,-6.125133,-0.179213,0.349263,-0.265549,0.35247,-0.300164,0.000149,0.003128
0,-5.726576,-0.081809,0.375398,0.119731,0.342097,0.077078,0.000415,0.001428
0,-5.572017,-0.05298,0.150791,0.030379,0.174428,0.070669,0.003112,0.000925
0,-5.023968,-0.186892,0.567322,-0.119523,0.575835,-0.144012,0.000704,0.003262
0,-4.902682,-0.030113,0.103373,0.129091,0.109078,0.097694,0.001413,0.000526
0,-4.46625,0.04421,0.45134,0.052216,0.404698,0.041854,0.002339,0.000772
0,-4.465089,-0.128606,0.007654,-0.156828,0.024697,-0.12531,0.002359,0.002245
0,-4.206766,-0.18084,0.262408,-0.032441,0.241482,-0.005475,0.000177,0.003156
0,-3.841993,-0.002953,0.374268,0.178326,0.389971,0.205479,0.000147,5.2e-05
0,-3.61023,0.000533,0.220663,0.026148,0.2624,0.027275,0.002793,9e-06
0,-3.384708,-0.138493,0.253788,-0.131152,0.240364,-0.172238,0.001143,0.002417
0,-3.363497,0.001237,0.050269,0.124181,0.049006,0.074707,0.001513,2.2e-05
0,-3.051765,-0.159987,0.309346,-0.182202,0.350703,-0.206871,0.000263,0.002792
0,-8.858792,0.854944,-5.833101,1.03139,-5.835941,1.001342,0.000726,0.00154
0,-8.886482,1.440704,-0.055731,0.609854,-0.036542,0.606398,0.00121,0.001618
0,-8.980966,1.686455,-0.108113,0.218573,-0.081576,0.183706,0.002859,0.002671
0,-9.078813,1.898831,-0.1106,0.221217,-0.133873,0.232433,0.002124,0.000313
0,-8.905588,1.555728,0.155796,-0.320372,0.185528,-0.280914,0.001543,0.000389
0,-9.080165,0.997423,-0.151743,-0.544007,-0.124715,-0.531695,0.002101,0.002664
0,-8.856423,0.983274,0.223556,0.00739,0.199093,0.056416,0.000685,0.002911
0,-9.044396,0.63306,-0.188989,-0.355471,-0.195964,-0.311641,0.002725,0.002333
0,-9.041385,0.395378,-0.008828,-0.233408,-0.057965,-0.253348,0.002778,0.00021
0,-8.868822,0.243381,0.183227,-0.179258,0.202828,-0.176798,0.000901,0.002443
0,-9.124847,0.151872,-0.23372,-0.105651,-0.217404,-0.065151,0.001321,0.002651
0,-9.148254,-0.009127,-0.034981,-0.156269,-0.073525,-0.20369,0.000912,0.000159
0,-9.035985,-0.272396,0.125609,-0.268373,0.107258,-0.261125,0.002872,0.001937
0,-8.872524,-0.12178,0.152639,0.179812,0.190382,0.19121,0.000966,0.002125
0,-9.132425,-0.255779,-0.273355,-0.111611,-0.235708,-0.089935,0.001189,0.002227
0,-9.137062,-0.244962,-0.013036,0.033692,-0.051463,0.037829,0.001108,0.002415
0,-9.0935,-0.153444,0.051139,0.108459,0.097601,0.082192,0.001868,0.002678
0,-9.064206,0.052486,0.051709,0.210799,0.092777,0.166008,0.002379,0.000916
0,-9.061894,0.135618,0.006451,0.09449,0.041812,0.053266,0.00242,0.002367
0,-9.020348,0.047049,0.069705,-0.072126,0.094803,-0.026246,0.003145,0.000821
0,-9.048636,0.123668,0.001032,0.049852,0.033604,0.029768,0.002651,0.002158
0,-9.145541,0.071902,-0.098797,-0.023208,-0.109895,-0.039256,0.00096,0.001255
0,-7.818637,-0.057422,1.300357,-0.136913,1.291035,-0.11933,0.002645,0.001002
0,-6.812366,-0.025484,1.001491,0.00699,1.019032,-0.010326,0.001537,0.000445
0,-6.720556,0.126458,0.104253,0.164504,0.1015,0.130732,0.003139,0.002207
0,-5.725889,0.180851,0.986848,0.069159,0.939429,0.11738,0.000427,0.003156
0,-4.620145,-0.048862,1.117351,-0.201775,1.164028,-0.206056,0.000347,0.000853
0,-3.354461,0.166802,1.274854,0.218456,1.254792,0.263127,0.001671,0.002911
0,-2.226874,0.140146,1.134852,-0.029736,1.184636,0.014743,0.001279,0.002446
0,-1.576977,0.185114,0.664946,0.024299,0.633183,0.028482,0.000253,0.003231
0,-8.863165,-0.070607,-7.285366,-0.27966,-7.243287,-0.265581,0.000803,0.001232
0,-9.021349,0.009852,-0.178386,0.090819,-0.191911,0.077783,0.003127,0.000172
0,-9.047835,0.215573,-0.005432,0.180135,0.00439,0.134581,0.002665,0.002928
0,-9.108773,0.168827,-0.062756,-0.04589,-0.014959,-0.028362,0.001602,0.002947
0,-8.909961,0.037179,0.214246,-0.108766,0.187544,-0.078778,0.001619,0.000649
0,-8.625362,-0.0441,0.295023,-0.051937,0.263688,-0.051308,0.003343,0.00077
0,-8.104997,0.010445,0.544935,0.028192,0.52273,-0.009478,0.000952,0.000182
0,-7.507134,-0.023634,0.616163,-0.013417,0.60099,-0.022877,0.002792,0.000412
0,-7.234874,0.046745,0.285328,0.065768,0.295233,0.026179,0.000853,0.000816
0,-6.661586,0.116569,0.548869,0.075142,0.589389,0.045298,0.002523,0.002035
0,-6.247486,-0.026995,0.433119,-0.142706,0.411378,-0.134889,0.001986,0.000471
0,-5.952674,0.145142,0.280832,0.143782,0.269397,0.125188,0.003159,0.002533
0,-5.677183,0.061285,0.274465,-0.110935,0.248482,-0.097477,0.001277,0.00107
0,-5.15442,-0.081522,0.530783,-0.136578,0.559527,-0.112801,0.002981,0.001423
0,-5.041532,-0.159916,0.090819,-0.081136,0.135132,-0.107689,0.001011,0.002791
0,-4.732152,0.056611,0.293945,0.204242,0.254389,0.177828,0.002302,0.000988
0,-4.527621,-0.079572,0.177895,-0.128602,0.143248,-0.088285,0.001268,0.001389
0,-4.26635,0.131426,0.243849,0.187075,0.215185,0.148932,0.000863,0.002294
0,-4.122499,0.054043,0.138828,-0.086247,0.16508,-0.041781,0.001648,0.000943
0,-3.676427,0.126937,0.429596,0.055075,0.382296,0.01319,0.002742,0.002215
0,-3.684101,0.023964,-0.035167,-0.121347,-0.054046,-0.108915,0.002608,0.000418
0,-3.30931,-0.070119,0.370773,-0.084814,0.369557,-0.069305,0.002459,0.001224
0,-3.139102,-0.100177,0.190352,-0.056359,0.193613,-0.010439,0.001261,0.001748
0,-3.046943,-0.034475,0.067034,0.083186,0.094376,0.083106,0.000347,0.000602
0,-3.020684,0.132209,0.01817,0.139704,-0.022445,0.167967,0.000806,0.002307
0,-2.890372,-0.041226,0.157015,-0.203401,0.162603,-0.235124,0.00308,0.00072
0,-2.643634,0.051873,0.269548,0.06978,0.313399,0.025247,0.000696,0.000905
0,-2.488966,-0.108133,0.167007,-0.166591,0.139825,-0.116813,0.003296,0.001887
0,-2.212858,0.059623,0.250959,0.150103,0.222427,0.117737,0.001523,0.001041
0,-2.197284,-0.063006,0.008536,-0.100449,0.055391,-0.100567,0.001795,0.0011
0,-2.072835,0.004739,0.137014,0.041332,0.091749,0.082478,0.002724,8.3e-05
0,-1.880275,-0.115969,0.201426,-0.126618,0.183386,-0.117881,0.000637,0.002024
0,-1.81527,0.040183,0.0756,0.181994,0.078027,0.210567,0.001772,0.000701
0,-1.873423,0.040491,-0.072161,0.015999,-0.069782,-0.030705,0.000757,0.000707
0,-1.703636,0.104969,0.175689,0.069351,0.164279,0.118347,0.002971,0.001832
0,-1.54426,-0.115714,0.141405,-0.204162,0.162025,-0.226346,0.000189,0.00202
0,-1.539936,0.037723,-0.009195,0.181468,-0.036034,0.138781,0.000114,0.000658
0,-1.330437,0.12895,0.199906,0.061834,0.24903,0.107267,0.003148,0.002251
0,-1.383473,0.052675,-0.032415,-0.096824,0.001195,-0.054154,0.002617,0.000919
0,-1.23561,0.006926,0.130364,-0.025114,0.084179,-0.047659,0.001493,0.000121
0,-1.306863,-0.067704,-0.065692,-0.099922,-0.05161,-0.113454,0.002737,0.001182
0,-0.968858,-0.010079,0.34062,0.045124,0.296756,0.02494,0.003163,0.000176
0,-0.951101,-0.019996,0.011244,-0.029226,-0.010932,-0.040457,0.003218,0.000349
0,-0.922736,-0.016875,0.029442,-0.003148,0.00163,-0.002041,0.002723,0.000295
0,-1.099383,0.104173,-0.188421,0.132431,-0.186213,0.12418,0.000885,0.001818
0,-1.005386,0.042432,0.123275,-0.044204,0.14335,-0.045591,0.002525,0.000741
0,-0.936048,-0.177344,0.040847,-0.233761,0.089713,-0.274211,0.002955,0.003095
0,-0.877337,-0.11441,0.061972,0.080236,0.097888,0.092069,0.001931,0.001997
0,-0.811796,-0.110297,0.084716,-8.8e-05,0.069851,-0.049618,0.000787,0.001925
0,-0.74424,0.138682,0.052963,0.225743,0.060901,0.248531,0.000392,0.00242
0,-0.912367,-0.125844,-0.183442,-0.242496,-0.139217,-0.209316,0.002542,0.002196
0,-0.584836,0.083253,0.355409,0.233802,0.332238,0.251908,0.003174,0.001453
0,-0.72848,-0.127516,-0.119494,-0.238091,-0.165524,-0.233712,0.000667,0.002226
0,-0.660914,0.070538,0.06401,0.21267,0.059494,0.184745,0.001847,0.001231
0,-0.430398,0.102303,0.245224,0.010205,0.27357,0.004397,0.000821,0.001786
0,-0.512721,0.01684,-0.063258,-0.106261,-0.062032,-0.063042,0.002258,0.000294
0,-0.414164,-0.167717,0.079168,-0.169558,0.126665,-0.201994,0.000538,0.002927
0,-0.47647,0.051055,-0.067345,0.200846,-0.047844,0.201428,0.001625,0.000891
0,-0.267545,-0.081621,0.195789,-0.145614,0.218346,-0.101552,0.002021,0.001425
0,-0.221101,0.014364,0.021668,0.101794,0.011814,0.05497,0.002832,0.000251
0,-0.366498,0.082512,-0.127097,0.079695,-0.103509,0.08737,0.000294,0.00144
0,-0.309278,0.05909,0.035834,-0.043257,-0.006197,-0.03314,0.001293,0.001031
0,-0.109205,-0.136869,0.189172,-0.171203,0.227883,-0.147366,0.001906,0.002389
0,-0.332742,-0.05298,-0.211604,0.066905,-0.224606,0.116763,0.000883,0.000925
0,-0.17679,-0.049964,0.173325,-0.013111,0.169569,0.013616,0.003086,0.000872
0,-0.179948,-0.112777,-0.023321,-0.049417,-0.033712,-0.021792,0.003141,0.001968
0,-0.247728,-0.117125,-0.042286,0.016335,-0.086942,0.06332,0.002367,0.002044
0,-0.17837,0.062592,0.073674,0.176599,0.069216,0.191288,0.003113,0.001092
0,-0.314752,-0.158034,-0.13328,-0.230981,-0.099109,-0.216113,0.001197,0.002758
0,-0.149055,0.098457,0.178066,0.251639,0.169409,0.271807,0.002602,0.001718
0,-0.200565,0.094222,-0.081071,-0.011488,-0.065259,-0.039205,0.00319,0.001644
0,-0.03279,0.069269,0.195862,-0.052115,0.174069,-0.053435,0.000572,0.001209
0,-0.041968,-0.075032,-0.030219,-0.159356,-0.050042,-0.110198,0.000732,0.00131
0,0.016334,-0.142946,0.08018,-0.087805,0.040739,-0.044684,0.000285,0.002495
0,-0.007688,-0.055988,-0.030129,0.057496,-0.006836,0.063968,0.000134,0.000977
0,-0.024017,-0.101329,0.010185,-0.068523,0.049222,-0.084109,0.000419,0.001769
0,-0.179062,-0.130585,-0.155018,-0.002376,-0.142049,-0.046359,0.003125,0.002279
0,-0.134224,-0.005394,0.070752,0.144932,0.063221,0.141748,0.002343,9.4e-05
0,-0.040554,-0.159896,0.101359,-0.159478,0.120715,-0.176581,0.000708,0.002791
0,-0.182486,0.02939,-0.160906,0.190539,-0.197333,0.192625,0.003185,0.000513
0,-0.172649,0.071513,-0.016592,0.023642,0.002539,0.071689,0.003013,0.001248
0,-0.090009,0.060828,0.089821,-0.038459,0.04492,-0.026776,0.001571,0.001062
0,0.025338,0.04995,0.110921,-0.013222,0.107739,-0.029889,0.000442,0.000872
0,0.062115,0.103135,0.023901,0.047162,-0.012647,0.075379,0.001084,0.0018
0,-0.176331,0.102703,-0.226514,0.012789,-0.263081,0.058557,0.003078,0.001793
0,-0.125308,0.048952,0.073532,-0.058586,0.068093,-0.061035,0.002187,0.000854
0,-0.126287,-0.122743,0.002619,-0.146609,-0.036078,-0.188408,0.002204,0.002142
0,0.011416,0.10238,0.109466,0.230089,0.155592,0.226856,0.000199,0.001787
0,-0.031921,-0.102137,-0.064135,-0.224415,-0.04942,-0.220873,0.000557,0.001783
0,-0.059936,0.044006,-0.041333,0.161275,-0.056128,0.165135,0.001046,0.000768
0,-0.137505,0.000984,-0.058709,-0.050223,-0.062521,-0.001487,0.0024,1.7e-05
0,-0.161643,-0.015084,-0.001942,0.00139,0.033636,-0.045615,0.002821,0.000263
0,-0.057181,-0.010566,0.123261,0.001638,0.116126,-0.026476,0.000998,0.000184
0,0.081768,0.103804,0.143881,0.09311,0.152551,0.111821,0.001427,0.001812
0,-0.111912,0.077481,-0.20175,0.000693,-0.208009,0.017031,0.001953,0.001352
0,-0.15284,0.108371,-0.024929,0.003576,-0.05665,0.052436,0.002668,0.001891
0,-0.089151,-0.098858,0.04354,-0.192889,0.08876,-0.161883,0.001556,0.001725
0,-0.104752,-0.055887,-0.019541,0.042585,0.009926,0.070863,0.001828,0.000975
0,-0.127601,-0.089069,0.002265,-0.005443,0.040428,0.005373,0.002227,0.001555
0,-0.090531,0.132933,0.058139,0.224529,0.028162,0.182881,0.00158,0.00232
0,0.030312,-0.015463,0.091741,-0.169999,0.046616,-0.146398,0.000529,0.00027
0,-0.097057,0.02315,-0.100009,0.029853,-0.138012,0.020517,0.001694,0.000404
0,-0.014784,0.080722,0.060971,0.036367,0.014993,0.019618,0.000258,0.001409
0,0.076537,0.169497,0.065206,0.099236,0.089606,0.118449,0.001336,0.002958
0,0.020352,0.001128,-0.072194,-0.150479,-0.082589,-0.169759,0.000355,2e-05
0,-0.080959,0.190117,-0.081664,0.167084,-0.109441,0.180626,0.001413,0.003318
0,-0.029549,-0.067295,0.036007,-0.275468,0.027553,-0.230414,0.000516,0.001175
0,-0.089397,0.011271,-0.058096,0.108165,-0.014501,0.143608,0.00156,0.000197
0,-0.111175,0.100303,-0.034586,0.059882,-0.065589,0.084171,0.00194,0.001751
0,-0.095314,0.075645,-0.001909,-0.00388,-0.004235,-0.007289,0.001664,0.00132
0,0.062465,-0.085494,0.184459,-0.156134,0.204715,-0.13318,0.00109,0.001492
0,0.003328,0.072617,-0.04646,0.146024,-0.04027,0.103693,5.8e-05,0.001267
0,0.109931,0.169287,0.129467,0.102916,0.135148,0.13436,0.001919,0.002955
0,-0.001359,0.142555,-0.089375,-0.028183,-0.078232,-0.053185,2.4e-05,0.002488
0,0.024475,-0.020228,0.048904,-0.157039,0.052227,-0.156656,0.000427,0.000353
0,0.021945,-0.020932,-0.001031,-0.008858,-0.014057,-0.029742,0.000383,0.000365
0,-0.218304,0.130686,-0.213535,0.157688,-0.180249,0.137386,0.002881,0.002281
0,-0.186143,0.03536,0.027738,-0.068684,0.042525,-0.024114,0.003249,0.000617
0,-0.165283,-0.048822,0.003901,-0.059179,0.009694,-0.100669,0.002885,0.000852
0,-0.047418,0.061195,0.139007,0.132969,0.155632,0.16424,0.000828,0.001068
0,-0.039516,0.019984,0.021229,-0.048825,-0.006201,-0.001673,0.00069,0.000349
0,0.046344,0.141889,0.066723,0.135389,0.103745,0.166435,0.000809,0.002476
0,-0.052736,-0.051868,-0.072231,-0.202587,-0.073744,-0.231999,0.00092,0.000905
0,-0.035821,0.191722,0.041332,0.219382,0.006402,0.256783,0.000625,0.003345
0,0.005749,-0.075615,0.042448,-0.291384,0.055344,-0.324558,0.0001,0.00132
0,-0.195419,0.155124,-0.198537,0.227218,-0.216645,0.218412,0.00328,0.002707
0,-0.200731,-0.108533,-0.011675,-0.277768,-0.058953,-0.247151,0.003187,0.001894
0,-0.174046,0.062697,-0.001326,0.164506,0.036551,0.1979,0.003038,0.001094
0,-0.082613,0.059192,0.06293,0.024505,0.088947,0.039307,0.001442,0.001033
0,-0.035886,0.101186,0.031812,0.018953,0.07844,-0.012156,0.000626,0.001766
0,-0.0503,-0.119636,0.010327,-0.22191,-0.034694,-0.222501,0.000878,0.002088
0,-0.075573,0.141381,0.001969,0.282187,0.012202,0.254234,0.001319,0.002468
0,0.012352,-0.100253,0.0882,-0.223598,0.095645,-0.190514,0.000216,0.00175
0,0.023562,0.042939,0.036588,0.113695,-0.009897,0.161091,0.000411,0.000749
0,-0.040344,0.113023,-0.080343,0.056017,-0.054764,0.101872,0.000704,0.001973
0,-0.112479,-0.039925,-0.073824,-0.129646,-0.121809,-0.124554,0.001963,0.000697
0,0.098236,-0.133539,0.203743,-0.112499,0.247138,-0.112253,0.001715,0.002331
0,-0.129068,0.04292,-0.211137,0.202031,-0.238934,0.155548,0.002253,0.000749
0,0.060328,-0.060463,0.208685,-0.131388,0.233171,-0.084813,0.001053,0.001055
0,-0.044947,0.132489,-0.120947,0.167846,-0.141903,0.178706,0.000784,0.002312
0,0.109758,-0.129046,0.169092,-0.281132,0.210779,-0.251052,0.001916,0.002252
0,-0.132736,-0.07125,-0.254593,0.073559,-0.277994,0.118898,0.002317,0.001244
0,0.045897,0.046391,0.207969,0.142222,0.249241,0.190328,0.000801,0.00081
0,-0.074221,-0.073911,-0.102439,-0.099428,-0.13627,-0.050657,0.001295,0.00129
0,0.005926,0.004867,0.109647,0.089522,0.104871,0.05192,0.000103,8.5e-05
0,-0.0848,0.122774,-0.072295,0.114463,-0.078215,0.107629,0.00148,0.002143
0,-0.112149,0.090576,-0.039686,-0.013341,0.007664,-0.057847,0.001957,0.001581
0,-0.112148,-0.146407,-0.027402,-0.252451,0.003514,-0.272461,0.001957,0.002555
0,-0.175617,-0.105531,-0.069131,0.041064,-0.095445,0.076159,0.003065,0.001842
0,-0.144197,-0.132924,0.043618,-0.034587,0.050312,-0.009101,0.002517,0.00232
0,-0.16656,-0.157708,-0.014586,-0.023113,0.030019,-0.005579,0.002907,0.002753
0,-0.089531,-0.067484,0.047474,0.073975,0.065403,0.077235,0.001563,0.001178
0,-0.338513,0.02302,-0.25618,0.119022,-0.295708,0.09433,0.000783,0.000402
0,-0.288914,-0.101347,0.074516,-0.103906,0.078343,-0.085408,0.001648,0.001769
0,-0.170146,0.053433,0.100257,0.128006,0.064624,0.141954,0.00297,0.000933
0,-0.259905,0.049764,-0.082312,-0.027939,-0.043273,-0.002208,0.002155,0.000869
0,-0.179548,0.119159,0.075945,0.090342,0.092024,0.090136,0.003134,0.00208
0,-0.125271,0.1004,0.066551,-0.034091,0.074321,0.01013,0.002186,0.001752
0,-0.120316,-0.109619,0.02555,-0.235943,0.075039,-0.23289,0.0021,0.001913
0,-0.113467,-0.099606,0.002138,-0.012104,-0.028322,-0.037225,0.00198,0.001738
0,-0.020119,-0.170253,0.098209,-0.087523,0.082596,-0.086231,0.000351,0.002971
0,-0.214036,-0.026009,-0.179722,0.128443,-0.204867,0.120399,0.002955,0.000454
0,-0.133335,0.011265,0.108184,0.038541,0.066546,0.04446,0.002327,0.000197
0,-0.208319,0.0855,-0.080591,0.079665,-0.103053,0.060108,0.003055,0.001492
0,-0.029271,0.039523,0.179847,-0.024454,0.161351,-0.045339,0.000511,0.00069
0,-0.236522,0.08421,-0.205855,0.071251,-0.238806,0.092396,0.002563,0.00147
0,-0.135059,0.029076,0.108208,-0.05004,0.066217,-0.028576,0.002357,0.000507
0,-0.26106,0.055563,-0.125914,0.036437,-0.15878,0.024988,0.002134,0.00097
0,-0.150741,-0.139953,0.081972,-0.208623,0.113942,-0.184869,0.002631,0.002443
0,-0.020153,-0.107833,0.107684,0.010054,0.152468,0.034177,0.000352,0.001882
0,-0.065378,0.042442,-0.036361,0.146597,-0.025512,0.152905,0.001141,0.000741
0,0.035224,-0.042213,0.073595,-0.067366,0.045085,-0.104748,0.000615,0.000737
0,-0.173155,0.042509,-0.196712,0.071775,-0.179341,0.023544,0.003022,0.000742
0,-0.027923,-0.066108,0.174572,-0.134109,0.215431,-0.13494,0.000487,0.001154
0,-0.048455,0.026422,-0.033116,0.087692,0.014487,0.123534,0.000846,0.000461
0,0.01463,0.083417,0.076413,0.078311,0.057088,0.037273,0.000255,0.001456
0,-0.112141,-0.081198,-0.152964,-0.173165,-0.113276,-0.197561,0.001957,0.001417
0,-0.158584,0.114366,-0.033979,0.221677,-0.002874,0.264442,0.002768,0.001996
0,-0.168617,-0.056379,-0.026539,-0.144753,0.015341,-0.191633,0.002943,0.000984
0,-0.014896,0.081145,0.13943,0.108393,0.175682,0.133909,0.00026,0.001416
0,-0.212408,0.005821,-0.215699,-0.073268,-0.245484,-0.042809,0.002984,0.000102
0,-0.234096,-0.16562,-0.024043,-0.199627,-0.043025,-0.173632,0.002605,0.002891
0,0.054087,-0.133416,0.275377,0.046138,0.316769,0.043599,0.000944,0.002329
0,-0.033462,-0.119685,-0.072977,-0.015159,-0.026223,-0.015228,0.000584,0.002089
0,0.029488,0.094974,0.033458,0.229298,0.028643,0.244207,0.000515,0.001658
0,0.119771,-0.044998,0.062175,-0.114213,0.024863,-0.155307,0.00209,0.000785
0,0.014805,-0.027774,-0.084401,-0.007514,-0.059211,-0.048156,0.000258,0.000485
0,-0.053494,-0.083653,-0.095217,-0.0345,-0.096562,-0.029266,0.000934,0.00146
0,-0.133867,-0.061627,-0.07593,0.052021,-0.046602,0.046686,0.002336,0.001076
0,0.012194,-0.036873,0.119337,-0.004661,0.154339,0.001782,0.000213,0.000644
0,0.003609,0.190013,-0.024831,0.233772,0.012097,0.258427,6.3e-05,0.003316
0,-0.170605,0.128456,-0.174971,-0.041768,-0.219066,-0.048983,0.002978,0.002242
0,-0.017244,0.064012,0.137739,-0.086407,0.172651,-0.054759,0.000301,0.001117
0,-8.98878,0.386554,-8.962789,0.350997,-8.954238,0.395744,0.002995,5.6e-05
0,-8.99326,0.591596,-0.001233,0.198127,-0.039191,0.231222,0.003073,0.003056
0,-9.024555,1.209078,-0.045154,0.612156,-0.016047,0.645572,0.003071,0.00103
0,-8.952743,0.937307,0.088339,-0.262678,0.089844,-0.24036,0.002366,0.002977
0,-9.06437,0.712506,-0.115464,-0.200268,-0.120084,-0.238193,0.002377,0.000946
0,-8.949117,0.713582,0.130751,0.029306,0.143627,0.006722,0.002303,0.000927
0,-8.859466,0.556991,0.08764,-0.186225,0.090326,-0.213665,0.000738,0.003031
0,-9.079992,0.528457,-0.246765,-0.011723,-0.220745,0.003967,0.002104,0.002532
0,-9.080594,0.131424,7.9e-05,-0.426305,0.021742,-0.431592,0.002093,0.002294
0,-8.896901,0.165826,0.160463,0.056937,0.137185,0.074923,0.001391,0.002894
0,-8.98694,-0.063083,-0.101242,-0.224159,-0.089961,-0.250029,0.002963,0.001101
0,-8.926829,0.12826,0.067144,0.184105,0.059061,0.215269,0.001914,0.002239
0,-9.08431,-0.02182,-0.174565,-0.12742,-0.152661,-0.158419,0.002029,0.000381
0,-8.516288,-0.08255,0.588887,-0.04935,0.563214,-0.024893,0.001439,0.001441
0,-8.482444,0.022752,0.008138,0.100323,-0.024318,0.073508,0.000849,0.000397
0,-8.601551,-0.173068,-0.132576,-0.210526,-0.167056,-0.193926,0.002927,0.003021
0,-6.373068,-0.061897,2.229405,0.083856,2.273195,0.064852,0.002513,0.00108
0,-5.893034,-0.06561,0.483037,0.01914,0.464594,0.062698,0.002491,0.001145
0,-4.733233,-0.068297,1.159211,0.007579,1.143895,-0.028849,0.002321,0.001192
0,-3.33429,-0.008629,1.399158,0.030142,1.352628,0.076688,0.00253,0.000151
0,-8.954493,-0.030728,-5.607215,-0.018282,-5.628918,-0.005522,0.002397,0.000536
0,-9.107906,-0.137349,-0.176582,-0.128512,-0.205303,-0.150821,0.001617,0.002397
0,-9.060156,-0.018892,0.032745,0.128695,0.039927,0.106521,0.00245,0.00033
0,-8.966253,-0.017891,0.078977,0.016852,0.057191,-0.027163,0.002602,0.000312
0,-8.889812,-0.119325,0.088173,-0.104768,0.094124,-0.131045,0.001268,0.002083
0,-8.94848,-0.224972,-0.055631,-0.125181,-0.104726,-0.162599,0.002292,0.002764
0,-9.109464,-0.037935,-0.161297,0.206564,-0.173525,0.157452,0.001589,0.000662
0,-8.881703,-0.160599,0.205477,-0.117819,0.205082,-0.130515,0.001126,0.002803
0,-8.85444,0.011438,0.001586,0.199349,0.022606,0.157816,0.00065,0.0002
0,-8.534951,-0.017468,0.299345,-0.030673,0.273249,-0.06998,0.001765,0.000305
0,-8.008741,0.134843,0.546419,0.167785,0.585652,0.157253,0.000728,0.002353
0,-7.575243,0.026397,0.431744,-0.111882,0.422191,-0.081995,0.001603,0.000461
0,-6.963871,-0.144196,0.608476,-0.179165,0.581194,-0.213444,0.001108,0.002517
0,-6.828981,0.043782,0.115782,0.172513,0.144646,0.207414,0.001247,0.000764
0,-6.245019,0.099333,0.57075,0.047318,0.55215,0.012459,0.001943,0.001734
0,-5.845621,-0.114158,0.422077,-0.205852,0.407882,-0.212622,0.001663,0.001992
0,-5.650132,0.036963,0.166852,0.176733,0.142928,0.137367,0.001749,0.000645
0,-5.359221,-0.085377,0.320905,-0.110648,0.280873,-0.157736,0.000135,0.00149
0,-4.88307,-0.068221,0.486602,0.015834,0.44383,0.05983,0.001755,0.001191
0,-4.636615,-0.08446,0.219052,-0.03719,0.264242,-0.022043,0.000634,0.001474
0,-4.521249,0.106166,0.132588,0.173802,0.09852,0.147683,0.001379,0.001853
0,-4.120522,0.097908,0.407303,-0.02571,0.430715,0.015413,0.001682,0.001709
0,-3.926862,-0.038075,0.16704,-0.1185,0.118554,-0.098629,0.001628,0.000665
0,-3.779447,0.02419,0.16429,0.032845,0.163876,0.025921,0.000944,0.000422
0,-3.378275,-0.09247,0.419664,-0.089879,0.452448,-0.133549,0.001255,0.001614
0,-3.252079,-0.014619,0.156135,0.100069,0.170938,0.127783,0.003233,0.000255
0,-3.012618,0.087564,0.234513,0.132078,0.273657,0.172825,0.000946,0.001528
0,-3.005629,-0.083247,-0.010901,-0.165597,-0.038472,-0.151183,0.001068,0.001453
0,-2.766594,0.103845,0.241302,0.187185,0.221113,0.182225,0.00145,0.001812
0,-2.669019,-0.044802,0.094036,-0.171948,0.135712,-0.164438,0.000253,0.000782
0,-2.577,-0.102034,0.074599,-0.061452,0.086862,-0.031926,0.001859,0.001781
0,-2.392845,-0.076601,0.209639,0.025174,0.253007,-0.017572,0.001618,0.001337
0,-2.072609,0.118389,0.336644,0.199169,0.373375,0.20489,0.00272,0.002066
0,-1.959677,0.055762,0.136993,-0.038994,0.127637,-0.05295,0.000749,0.000973
0,-1.814799,-0.105065,0.164977,-0.188509,0.161845,-0.1871,0.00178,0.001834
0,-1.736315,-0.105011,0.054951,-0.017008,0.078547,-0.043379,0.00315,0.001833
0,-1.809344,0.057647,-0.051582,0.136552,-0.039754,0.109036,0.001875,0.001006
0,-1.647298,-0.051854,0.141056,-0.116678,0.120389,-0.128744,0.001988,0.000905
0,-1.6123,-0.057851,0.023158,0.016341,-0.007564,0.060033,0.001377,0.00101
0,-1.452162,0.04177,0.156534,0.09968,0.146706,0.103629,0.001418,0.000729
0,-1.275573,-0.085129,0.20086,-0.147698,0.195648,-0.170683,0.00219,0.001486
0,-1.18266,0.028125,0.096101,0.094308,0.08777,0.059333,0.000569,0.000491
0,-1.278749,0.064364,-0.099976,0.065904,-0.070575,0.026871,0.002246,0.001123
0,-1.177341,0.165126,0.086207,0.113882,0.125964,0.15988,0.000476,0.002882
0,-0.926568,0.222089,0.267713,0.052895,0.272074,0.092122,0.00279,0.002815
0,-1.02538,0.151764,-0.120573,-0.089308,-0.146543,-0.084967,0.002176,0.002649
0,-0.84771,-0.006159,0.174654,-0.153901,0.178353,-0.159377,0.001414,0.000107
0,-0.978088,0.120756,-0.115563,0.123999,-0.096719,0.09834,0.003002,0.002108
0,-0.947027,0.15156,0.045277,0.003484,0.035002,-0.027046,0.003147,0.002645
0,-0.916854,0.107056,0.009837,-0.025681,0.046592,-0.070476,0.00262,0.001868
0,-0.713862,0.012822,0.209965,-0.090283,0.202368,-0.138975,0.000922,0.000224
0,-0.622669,0.165718,0.1154,0.160589,0.069871,0.1419,0.002514,0.002892
0,-0.580404,0.023351,0.060527,-0.146962,0.070359,-0.102731,0.003252,0.000408
0,-0.725081,0.019719,-0.173852,-0.028578,-0.14589,-0.01343,0.000727,0.000344
0,-0.681345,0.093751,0.045439,0.067803,0.047276,0.095682,0.00149,0.001636
0,-0.522659,0.003096,0.168869,-0.071521,0.179819,-0.08405,0.002431,5.4e-05
0,-0.568242,0.181386,-0.051396,0.202875,-0.0601,0.162659,0.003227,0.003166
0,-0.565983,0.115847,-0.007765,-0.057051,-0.001199,-0.040087,0.003187,0.002022
0,-0.396582,0.151198,0.139866,0.064394,0.179249,0.02422,0.000231,0.002639
0,-0.448781,0.098718,-0.049787,-0.055346,-0.091234,-0.026154,0.001142,0.001723
0,-0.379982,0.152395,0.082524,0.056882,0.038935,0.029818,5.9e-05,0.00266
0,-0.405555,0.193305,-0.022027,0.044143,-0.048471,0.000268,0.000387,0.003317
0,-0.196708,0.026125,0.230003,-0.174538,0.203633,-0.18537,0.003258,0.000456
0,-0.235004,0.111216,-0.025533,0.078763,-0.034931,0.066163,0.002589,0.001941
0,-0.393148,-0.08391,-0.155646,-0.222678,-0.183088,-0.17292,0.000171,0.001465
0,-0.372536,0.063736,0.033659,0.141359,0.010908,0.09701,0.000189,0.001112
0,-0.117648,-0.132721,0.260592,-0.173008,0.268178,-0.218496,0.002053,0.002316
0,-0.240268,0.142458,-0.120447,0.287976,-0.089462,0.281931,0.002497,0.002486
0,-0.082261,-0.055767,0.163339,-0.218468,0.133595,-0.265,0.001436,0.000973
0,-0.103089,0.046019,-0.023649,0.080535,-0.043696,0.083917,0.001799,0.000803
0,-0.319359,-0.106211,-0.194365,-0.176623,-0.155157,-0.220039,0.001117,0.001854
0,-0.189085,-0.075318,0.111278,0.021929,0.137721,0.02494,0.0033,0.001315
0,-0.091194,0.054228,0.075044,0.155734,0.100597,0.189296,0.001592,0.000946
0,-0.136829,-0.123009,-0.074455,-0.173083,-0.114001,-0.197565,0.002388,0.002147
0,-0.211925,-0.123849,-0.074605,0.019259,-0.118929,-0.004094,0.002992,0.002162
0,0.044099,-0.076749,0.284351,0.06184,0.319995,0.105392,0.00077,0.00134
0,-0.059579,0.07104,-0.114703,0.141934,-0.135252,0.191013,0.00104,0.00124
0,-0.159525,0.09157,-0.109796,0.009493,-0.075175,0.014424,0.002784,0.001598
0,0.022488,-0.081142,0.182297,-0.164495,0.138966,-0.122851,0.000392,0.001416
0,-0.124277,0.046383,-0.125202,0.108635,-0.079045,0.060012,0.002169,0.00081
0,0.084135,0.010225,0.201793,-0.039599,0.159631,-0.039529,0.001468,0.000178
0,-0.172583,-0.096258,-0.283089,-0.076916,-0.304716,-0.108848,0.003012,0.00168
0,-0.061433,-0.150582,0.126227,-0.062127,0.133951,-0.095629,0.001072,0.002628
0,0.058811,-0.072606,0.09301,0.061232,0.096084,0.049324,0.001026,0.001267
0,0.12896,-0.116878,0.074173,-0.035375,0.112009,-0.007515,0.002251,0.00204
0,-0.142325,0.098935,-0.257597,0.237646,-0.212718,0.251089,0.002484,0.001727
0,0.004468,0.003524,0.164409,-0.113864,0.191534,-0.163268,7.8e-05,6.2e-05
0,-0.115332,0.134184,-0.122409,0.111893,-0.103583,0.065711,0.002013,0.002342
0,-0.122864,0.123544,-0.005563,0.014252,-0.020889,0.045664,0.002144,0.002156
0,-0.021001,-0.087279,0.084074,-0.186387,0.036164,-0.215107,0.000367,0.001523
0,-0.232139,0.140554,-0.198446,0.225932,-0.202052,0.208747,0.002639,0.002453
0,-0.261422,0.170885,-0.059042,0.038501,-0.052023,0.08472,0.002128,0.002983
0,-0.050416,-0.034303,0.23072,-0.218192,0.271765,-0.267183,0.00088,0.000599
0,-0.011093,-0.015284,0.037899,0.006124,0.063496,-0.01808,0.000194,0.000267
0,-0.162898,-0.05594,-0.123791,-0.019939,-0.086826,-0.066059,0.002843,0.000976
0,-0.171686,0.110569,-0.009564,0.17423,0.01389,0.189412,0.002996,0.00193
0,-0.166066,0.106478,0.003363,-0.017742,0.009667,-0.059936,0.002898,0.001858
0,-0.065289,-0.072168,0.074104,-0.167178,0.098076,-0.196471,0.00114,0.00126
0,-0.128254,-0.158245,-0.062843,-0.064457,-0.034052,-0.034525,0.002238,0.002762
0,-0.219783,-0.148899,-0.119922,0.0254,-0.167754,-0.018369,0.002855,0.002599
0,-0.042817,0.066031,0.194167,0.202851,0.1811,0.239818,0.000747,0.001152
0,-0.121198,-0.142882,-0.066879,-0.20428,-0.030876,-0.202226,0.002115,0.002494
0,-0.093676,0.09537,0.008379,0.229555,0.030968,0.227406,0.001635,0.001665
0,-0.034791,0.013022,0.086717,-0.091113,0.106969,-0.05964,0.000607,0.000227
0,-0.082696,-0.041573,-0.036619,-0.084132,-0.030732,-0.098249,0.001443,0.000726
0,0.134249,-0.036911,0.195028,0.00972,0.195022,0.011513,0.002343,0.000644
0,-0.015597,0.034238,-0.178884,0.075181,-0.162721,0.104666,0.000272,0.000598
0,0.119904,0.080947,0.164631,0.02591,0.159157,0.013939,0.002093,0.001413
0,-0.091056,-0.163614,-0.233043,-0.244769,-0.267825,-0.245366,0.001589,0.002856
0,0.055104,-0.088186,0.165697,0.085207,0.186312,0.098333,0.000962,0.001539
0,-0.015415,-0.074367,-0.079312,-0.003268,-0.080159,0.040403,0.000269,0.001298
0,0.051894,0.056772,0.051202,0.15746,0.023645,0.162007,0.000906,0.000991
0,-0.133349,-0.074094,-0.206534,-0.103106,-0.180873,-0.091548,0.002327,0.001293
0,0.120726,0.087213,0.251381,0.140611,0.202127,0.187778,0.002107,0.001522
0,-0.034754,-0.084767,-0.181547,-0.188211,-0.196663,-0.21264,0.000607,0.001479
0,-0.078744,-0.168571,-0.047486,-0.063892,-0.097392,-0.094332,0.001374,0.002942
0,-0.011977,0.020355,0.072363,0.171281,0.117313,0.209777,0.000209,0.000355
0,0.074497,0.006195,0.096068,0.014947,0.077606,0.057231,0.0013,0.000108
0,-0.10935,-0.208395,-0.195417,-0.186476,-0.153925,-0.206201,0.001909,0.003054
0,-0.126072,0.077971,0.00664,0.288101,0.041569,0.263028,0.0022,0.001361
0,0.041485,-0.172753,0.165553,-0.23007,0.192075,-0.195343,0.000724,0.003015
0,0.001391,-0.033286,-0.037178,0.124707,-0.045199,0.140323,2.4e-05,0.000581
0,-0.008012,-0.079845,0.017647,-0.072377,-0.015509,-0.035346,0.00014,0.001394
0,0.024805,-0.099751,0.00853,-0.011006,-0.029459,-0.037794,0.000433,0.001741
0,-0.108708,-0.018168,-0.143393,0.057991,-0.168906,0.101275,0.001897,0.000317
0,0.086454,-0.005815,0.198741,-0.007416,0.220171,-0.030069,0.001509,0.000101
0,0.014432,-0.139895,-0.087613,-0.109718,-0.093137,-0.11548,0.000252,0.002442
0,-0.091763,-0.067102,-0.110594,0.090588,-0.085512,0.118536,0.001602,0.001171
0,-0.043892,-0.022483,0.029912,0.040268,0.053659,0.02975,0.000766,0.000392
0,0.068091,0.003962,0.099012,0.005089,0.065629,-0.022724,0.001188,6.9e-05
0,0.064451,-0.01527,0.015589,9e-06,-0.020033,0.043276,0.001125,0.000267
0,0.174617,-0.207956,0.108568,-0.180951,0.144922,-0.219424,0.003048,0.003061
0,0.158337,-0.174763,-0.00198,0.010062,0.026852,0.011311,0.002763,0.00305
0,-0.142942,-0.194728,-0.280936,-0.006015,-0.303573,-0.036936,0.002495,0.003292
0,0.050367,-0.220953,0.168389,-0.036855,0.148904,0.002589,0.000879,0.002834
0,-0.052669,0.050011,-0.12246,0.292104,-0.095033,0.290858,0.000919,0.000873
0,-0.159413,-0.066453,-0.088752,-0.135986,-0.134638,-0.120566,0.002782,0.00116
0,-0.000562,-0.028779,0.177448,0.010523,0.141713,-0.00467,1e-05,0.000502
0,-0.123557,-0.057715,-0.133399,-0.057006,-0.164914,-0.06764,0.002156,0.001007
0,0.111071,0.092911,0.212931,0.178899,0.185224,0.178641,0.001939,0.001622
0,0.039146,-0.092606,-0.088163,-0.161339,-0.059788,-0.159616,0.000683,0.001616
0,0.115136,0.062043,0.074726,0.1731,0.07659,0.149903,0.00201,0.001083
0,0.052087,0.011874,-0.055209,-0.049139,-0.053517,-0.092884,0.000909,0.000207
0,-0.163763,0.075633,-0.219412,0.041723,-0.247233,0.015234,0.002858,0.00132
0,-0.107328,0.10518,0.072394,0.039344,0.102544,0.08615,0.001873,0.001836
0,-0.130852,0.136948,-0.0075,0.054535,-0.026229,0.060241,0.002284,0.00239
0,-0.029001,-0.166618,0.094913,-0.293165,0.057334,-0.277016,0.000506,0.002908
0,0.074461,-0.125457,0.109235,0.028353,0.079826,0.058493,0.0013,0.00219
0,0.130693,-0.071947,0.081259,0.055173,0.093919,0.016419,0.002281,0.001256
0,-0.094204,-0.131916,-0.24005,-0.087936,-0.209705,-0.121191,0.001644,0.002302
0,0.048796,0.079013,0.162555,0.23364,0.177273,0.247527,0.000852,0.001379
0,-0.025257,0.156032,-0.052141,0.106173,-0.044878,0.088724,0.000441,0.002723
0,-0.004192,-0.072743,0.049833,-0.212697,0.03455,-0.258911,7.3e-05,0.00127
0,-0.15138,-0.105064,-0.129934,-0.019533,-0.089237,0.001123,0.002642,0.001834
0,0.057512,-0.056142,0.201936,0.031298,0.156211,0.007111,0.001004,0.00098
0,-0.152933,0.040789,-0.202782,0.073966,-0.250665,0.103533,0.002669,0.000712
0,-0.055618,0.013089,0.126112,-0.004152,0.095734,0.017848,0.000971,0.000228
0,-0.064097,-0.103413,-0.003391,-0.094726,0.039625,-0.079454,0.001119,0.001805
0,-0.075647,-0.027162,-0.024266,0.074905,-0.020299,0.037234,0.00132,0.000474
0,-0.248073,0.110607,-0.175393,0.15097,-0.1577,0.161475,0.002361,0.00193
0,-0.20696,-0.142351,0.031882,-0.267883,-0.015954,-0.243884,0.003079,0.002484
0,-0.091751,-0.16117,0.109724,-0.023766,0.143681,-0.035003,0.001601,0.002813
0,-0.091229,0.038499,0.023722,0.210709,0.053745,0.208419,0.001592,0.000672
0,-0.063962,-0.084975,0.000185,-0.131162,0.017433,-0.103553,0.001116,0.001483
0,-0.063945,-0.168364,-0.022619,-0.112159,-0.071915,-0.067451,0.001116,0.002939
0,-0.006097,-0.039563,0.061606,0.121912,0.041366,0.126675,0.000106,0.00069
0,-0.131968,-0.036605,-0.111946,-0.006519,-0.124461,-0.041931,0.002303,0.000639
0,0.134288,-0.121712,0.240092,-0.112916,0.246611,-0.103852,0.002344,0.002124
0,0.066675,-0.149522,-0.081405,-0.050735,-0.038008,-0.095765,0.001164,0.00261
0,-0.113847,0.04804,-0.166372,0.192973,-0.17097,0.179655,0.001987,0.000838
0,-0.120885,-0.032882,0.006548,-0.106781,-0.021991,-0.149402,0.00211,0.000574
0,-0.186448,0.016299,-0.087094,0.052187,-0.128023,0.065414,0.003254,0.000284
0,-0.150458,-0.092604,0.017708,-0.094395,0.042073,-0.1413,0.002626,0.001616
0,-0.074132,-0.141549,0.064518,-0.054081,0.113812,-0.080599,0.001294,0.002471
0,-0.187953,-0.044907,-0.097142,0.094553,-0.057827,0.073782,0.00328,0.000784
0,-0.012769,0.090333,0.192291,0.116341,0.240834,0.149872,0.000223,0.001577
0,-0.097667,-0.087149,-0.074792,-0.155483,-0.092116,-0.150454,0.001705,0.001521
0,0.013203,0.082449,0.138308,0.187373,0.147637,0.18875,0.00023,0.001439
0,0.133585,-0.068757,0.113966,-0.148484,0.101613,-0.134724,0.002332,0.0012
0,0.010163,-0.134069,-0.143247,-0.065759,-0.170099,-0.052938,0.000177,0.00234
0,0.089258,-0.024132,0.086388,0.086917,0.122866,0.110065,0.001558,0.000421
0,0.029813,-0.04691,-0.079059,-0.008124,-0.085367,-0.043341,0.00052,0.000819
0,-0.097727,0.000188,-0.112582,0.070088,-0.104267,0.06862,0.001706,3e-06
0,-0.138783,-0.013568,-0.063586,-0.036435,-0.104029,0.001512,0.002422,0.000237
0,0.180428,0.152965,0.32313,0.157139,0.339368,0.117072,0.003149,0.00267
0,0.086398,0.045963,-0.085098,-0.118367,-0.039308,-0.117232,0.001508,0.000802
0,0.074536,0.032688,-0.041631,-0.022056,-0.000293,0.019987,0.001301,0.000571
0,0.182703,0.049451,0.096653,-0.006563,0.052915,0.023962,0.003189,0.000863
0,0.117435,0.056371,-0.071186,0.006989,-0.034462,0.011147,0.00205,0.000984
0,0.068498,-0.102204,-0.073791,-0.149302,-0.084944,-0.100984,0.001196,0.001784
0,-0.024174,0.015875,-0.094843,0.108127,-0.085378,0.09553,0.000422,0.000277
0,0.201445,0.147018,0.244625,0.142377,0.280511,0.154801,0.003175,0.002566
0,0.146233,0.0481,-0.037407,-0.123439,-0.00818,-0.106144,0.002552,0.00084
0,0.143835,0.145506,-0.017024,0.097032,-0.05926,0.100557,0.00251,0.00254
0,0.142492,-0.130089,-0.030191,-0.303422,-0.013875,-0.296141,0.002487,0.00227
0,-0.092889,0.062534,-0.210968,0.189473,-0.179011,0.160956,0.001621,0.001091
0,0.036446,0.118268,0.129748,0.06369,0.082636,0.113015,0.000636,0.002064
0,-0.031272,0.008193,-0.056785,-0.096872,-0.031842,-0.053058,0.000546,0.000143
0,0.199772,-0.11326,0.223412,-0.137838,0.213222,-0.172783,0.003204,0.001977
0,0.202661,-0.059138,0.03023,0.02454,0.065644,0.038909,0.003154,0.001032
0,0.222531,-0.015031,0.04715,0.036847,0.007852,0.077636,0.002807,0.000262
0,0.133544,-0.073191,-0.113645,-0.074157,-0.131162,-0.071528,0.002331,0.001277
0,0.135467,-0.154874,0.025866,-0.07167,0.033553,-0.118323,0.002364,0.002703
0,0.071537,-0.071753,-0.084327,0.060155,-0.034795,0.10159,0.001249,0.001252
0,0.149238,0.028515,0.06892,0.120218,0.057762,0.090909,0.002605,0.000498
0,0.179487,-0.088281,0.003037,-0.11346,-0.001624,-0.087982,0.003133,0.001541
0,0.154809,-0.081655,-0.01632,-0.012089,-9.8e-05,-0.006236,0.002702,0.001425
0,0.18009,0.134714,0.007713,0.20227,-0.014684,0.188034,0.003143,0.002351
0,-0.047108,0.122002,-0.214064,-0.002026,-0.197999,0.023883,0.000822,0.002129
0,-0.162729,-0.075285,-0.116524,-0.219787,-0.142581,-0.174403,0.00284,0.001314
0,0.010609,0.05941,0.153361,0.151097,0.189845,0.124064,0.000185,0.001037
0,-0.027056,-0.049145,-0.030802,-0.082764,-0.026591,-0.119971,0.000472,0.000858
0,-0.204396,0.12535,-0.197746,0.201357,-0.168478,0.21202,0.003123,0.002188
0,-0.047663,-0.064277,0.140786,-0.213898,0.115045,-0.1744,0.000832,0.001122
0,-9.037178,0.374462,-8.985603,0.415339,-8.980805,0.462654,0.002851,0.000155
0,-8.856355,0.638156,0.1513,0.292111,0.172542,0.263125,0.000684,0.002244
0,-8.944478,0.550785,-0.063587,-0.058854,-0.049257,-0.071411,0.002222,0.002922
0,-9.12003,0.666537,-0.155239,0.130413,-0.138509,0.154109,0.001405,0.001748
0,-8.927129,0.493336,0.206197,-0.153327,0.19348,-0.182112,0.001919,0.00192
0,-9.008681,0.547394,-0.058448,0.037358,-0.07104,0.06022,0.003342,0.002863
0,-9.091836,0.502476,-0.069121,-0.034542,-0.049204,0.008223,0.001897,0.002079
0,-8.852606,0.536768,0.22851,0.006018,0.274099,-0.011182,0.000618,0.002678
0,-8.912685,0.148955,-0.063006,-0.362468,-0.019071,-0.367848,0.001667,0.0026
0,-8.860415,-0.086465,0.034938,-0.24896,0.06207,-0.230018,0.000755,0.001509
0,-9.094622,-0.874746,-0.237432,-0.813796,-0.283937,-0.809028,0.001849,0.001886
0,-8.622542,-0.993921,0.491021,-0.128326,0.454598,-0.078557,0.003294,0.002725
0,-8.615721,-0.937533,-0.008144,0.0759,0.031296,0.096363,0.003175,0.002981
0,-7.064836,-0.695237,1.559962,0.221855,1.605256,0.213003,0.00287,0.001247
0,-5.216198,-0.533817,1.848099,0.185674,1.872611,0.233681,0.002632,0.002626
0,-4.179757,-0.479337,1.020487,0.064181,0.971493,0.075642,0.000648,0.001675
0,-2.740556,-0.206665,1.459916,0.292763,1.499536,0.259971,0.000489,0.003084
0,-8.999796,-0.03184,-6.241116,0.162523,-6.204898,0.185684,0.003187,0.000556
0,-9.132642,-0.151135,-0.107231,-0.120882,-0.108115,-0.107018,0.001185,0.002638
0,-9.020575,-0.051084,0.123465,0.094082,0.104795,0.140738,0.003141,0.000892
0,-8.917787,-0.177587,0.117447,-0.111525,0.109512,-0.142422,0.001756,0.003099
0,-9.14743,0.003634,-0.214231,0.195867,-0.231534,0.205883,0.000927,6.3e-05
0,-8.919916,-0.111258,0.229203,-0.094895,0.206062,-0.055464,0.001793,0.001942
0,-8.958311,-0.210723,-0.034945,-0.07223,-0.054865,-0.02706,0.002463,0.003013
0,-9.031487,-0.071969,-0.045852,0.109894,-0.021395,0.085206,0.00295,0.001256
0,-9.092197,-0.211455,-0.040818,-0.165565,-0.035494,-0.11579,0.001891,0.003
0,-9.012235,-0.06506,0.06354,0.155956,0.052542,0.123465,0.003286,0.001136
0,-8.974802,-0.0697,0.037941,0.012006,0.058217,0.00537,0.002751,0.001216
0,-9.111281,-0.175563,-0.147331,-0.134524,-0.124285,-0.162161,0.001558,0.003064
0,-9.053279,-0.526233,0.050619,-0.35576,0.023234,-0.38926,0.00257,0.002494
0,-9.057852,-1.087484,0.004372,-0.538907,0.023003,-0.546611,0.00249,0.001092
0,-8.987273,-1.103529,0.058803,-0.04565,0.063955,-0.085247,0.002969,0.000812
0,-8.905528,-1.422915,0.102642,-0.349132,0.066441,-0.305667,0.001542,0.001929
0,-8.947622,-1.257913,-0.044809,0.14493,-0.019988,0.162412,0.002277,0.001882
0,-9.125047,-0.970722,-0.179933,0.262928,-0.224333,0.226033,0.001318,0.00313
0,-9.031699,-0.940507,0.094871,0.042027,0.050621,0.055683,0.002947,0.003033
0,-9.0001,-0.562767,0.016398,0.375224,0.01248,0.379205,0.003193,0.003131
0,-8.948872,-0.595165,0.050717,-0.021483,0.033374,-0.011526,0.002298,0.002994
0,-9.021584,-0.40439,-0.086005,0.178993,-0.130074,0.159186,0.003123,0.000367
0,-8.858838,-0.279598,0.147111,0.09527,0.182097,0.132741,0.000727,0.001811
0,-9.068603,-0.130416,-0.221979,0.17,-0.213686,0.153443,0.002303,0.002276
0,-9.104445,0.051232,-0.00633,0.159201,0.011222,0.183097,0.001677,0.000894
0,-9.022867,-0.084912,0.062535,-0.115738,0.023808,-0.103704,0.003101,0.001482
0,-9.118309,-0.078868,-0.066795,0.022908,-0.035624,0.023594,0.001435,0.001377
0,-9.044988,0.163298,0.057466,0.269711,0.062421,0.303206,0.002715,0.00285
0,-8.981246,-0.085724,0.067534,-0.243824,0.113223,-0.210906,0.002864,0.001496
0,-9.144291,0.107551,-0.189052,0.16409,-0.206822,0.184729,0.000982,0.001877
0,-8.498002,0.133881,0.660277,0.047782,0.661117,0.090916,0.00112,0.002337
0,-7.996989,0.077799,0.492774,-0.080955,0.523203,-0.103548,0.000933,0.001358
0,-7.474231,0.090078,0.546293,0.036276,0.526937,0.021598,0.003324,0.001572
0,-7.120525,0.195045,0.379648,0.112337,0.334684,0.083841,0.002849,0.003287
0,-6.730187,-0.031874,0.387556,-0.222534,0.380051,-0.250629,0.002971,0.000556
0,-6.464407,0.071022,0.291058,0.07943,0.28384,0.036114,0.000919,0.00124
0,-5.948358,0.013071,0.539281,-0.068478,0.492617,-0.02833,0.003235,0.000228
0,-5.805455,0.188733,0.137157,0.178205,0.151803,0.149309,0.000962,0.003294
0,-5.339525,0.123195,0.441414,-0.061411,0.454988,-0.057913,0.000479,0.00215
0,-5.197459,0.095439,0.16788,0.00207,0.212426,0.03769,0.002959,0.001666
0,-4.664693,0.164024,0.551429,0.081874,0.564108,0.039039,0.001124,0.002863
0,-4.502301,0.069681,0.17753,-0.08806,0.2065,-0.055109,0.00171,0.001216
0,-4.177589,0.039837,0.330155,-0.047061,0.296026,-0.065207,0.000686,0.000695
0,-4.16791,-0.06008,0.023846,-0.128199,-0.010157,-0.122652,0.000855,0.001049
0,-3.770476,-0.009688,0.38437,0.060515,0.363998,0.059302,0.001608,0.000169
0,-3.597073,0.150021,0.163547,0.157028,0.212828,0.114715,0.002563,0.002618
0,-3.367814,-0.102372,0.230823,-0.238934,0.221821,-0.20207,0.001438,0.001787
0,-3.25153,0.010401,0.139566,0.118923,0.138258,0.123272,0.003223,0.000182
0,-3.176118,-0.080627,0.105028,-0.070295,0.076426,-0.084263,0.001907,0.001407
0,-2.955824,-0.139879,0.209025,-0.079456,0.244848,-0.117275,0.001938,0.002441
0,-2.803631,0.123624,0.164259,0.272622,0.145991,0.295651,0.002097,0.002158
0,-2.4834,0.140837,0.343303,0.044702,0.387057,0.093871,0.003199,0.002458
0,-2.539772,-0.037313,-0.08596,-0.163122,-0.127502,-0.174415,0.002508,0.000651
0,-2.349421,-0.086611,0.2069,-0.055172,0.165834,-0.054922,0.00086,0.001512
0,-2.223697,0.062658,0.13251,0.144462,0.125907,0.169509,0.001334,0.001094
0,-2.048266,-0.016455,0.191723,-0.098153,0.177478,-0.126474,0.002295,0.000287
0,-1.861396,0.106286,0.164822,0.107242,0.151877,0.057398,0.000967,0.001855
0,-1.734334,0.006145,0.116438,-0.070242,0.085506,-0.074984,0.003184,0.000107
0,-1.677818,-0.060845,0.035569,-0.085712,0.019038,-0.060462,0.00252,0.001062
0,-1.50243,-0.079917,0.16121,0.003955,0.131486,0.050783,0.000541,0.001395
0,-1.476691,0.131581,0.02642,0.239217,0.001983,0.27973,0.00099,0.002297
0,-1.407961,-0.094863,0.062877,-0.218183,0.081926,-0.230883,0.00219,0.001656
0,-1.262765,0.053302,0.159787,0.12648,0.128883,0.09192,0.001967,0.00093
0,-1.170161,0.142352,0.118219,0.077965,0.156796,0.058641,0.000351,0.002485
0,-1.13027,-0.137651,0.052933,-0.296433,0.088453,-0.336393,0.000346,0.002402
0,-1.000025,-0.1598,0.10234,-0.03039,0.115819,0.017888,0.002619,0.002789
0,-1.035625,0.02115,-0.028921,0.206699,-0.071717,0.238586,0.001997,0.000369
0,-1.083479,0.095482,-0.059762,0.055863,-0.069327,0.011822,0.001162,0.001666
0,-0.874238,-0.063038,0.234904,-0.148353,0.247316,-0.192794,0.001877,0.0011
0,-0.851549,0.17483,0.012878,0.252628,-0.020112,0.282719,0.001481,0.003051
0,-0.866203,0.05283,-0.028625,-0.105594,0.016433,-0.127299,0.001736,0.000922
0,-0.744209,0.140082,0.130746,0.095514,0.118316,0.141492,0.000393,0.002445
0,-0.601963,-0.083,0.11844,-0.231102,0.096369,-0.267664,0.002875,0.001449
0,-0.612103,0.185794,-0.022744,0.255321,0.00102,0.290824,0.002698,0.003243
0,-0.627371,0.067302,-0.023234,-0.094981,-0.017548,-0.069065,0.002432,0.001175
0,-0.581704,-0.083843,0.037506,-0.141611,0.020085,-0.112245,0.003229,0.001463
0,-0.419827,0.081076,0.143183,0.169077,0.133131,0.141614,0.000637,0.001415
0,-0.286332,0.022709,0.103899,-0.054936,0.103315,-0.036695,0.001693,0.000396
0,-0.41297,0.128561,-0.150959,0.134884,-0.15092,0.115159,0.000517,0.002244
0,-0.451471,0.037133,-0.035234,-0.075242,-0.025223,-0.058139,0.001189,0.000648
0,-0.184195,0.012426,0.285437,-0.045612,0.264508,-0.090937,0.003215,0.000217
0,-0.294569,0.130138,-0.08072,0.135655,-0.060141,0.098957,0.00155,0.002271
0,-0.132317,0.00929,0.133143,-0.129966,0.175948,-0.168218,0.002309,0.000162
0,-0.136454,-0.117439,0.008862,-0.101012,-0.040957,-0.137245,0.002382,0.00205
0,-0.223255,-0.035363,-0.114605,0.069515,-0.133695,0.103149,0.002794,0.000617
0,-0.343152,-0.06207,-0.104301,-0.043129,-0.071698,-0.082822,0.000702,0.001083
0,-0.33356,-0.060007,0.039171,0.018498,0.057149,0.051891,0.000869,0.001047
0,-0.268217,0.074041,0.044485,0.13371,0.094431,0.182501,0.00201,0.001292
0,-0.303375,-0.019805,-0.041482,-0.111914,-0.068347,-0.13871,0.001396,0.000346
0,-0.336985,0.057541,-0.038021,0.069884,-0.015097,0.038894,0.000809,0.001004
0,-0.048919,-0.071666,0.272223,-0.144077,0.25889,-0.11973,0.000854,0.001251
0,-0.241725,-0.085065,-0.211314,-0.011553,-0.229975,-0.014884,0.002472,0.001485
0,-0.165725,0.154744,0.1005,0.242747,0.103348,0.264165,0.002892,0.002701
0,-0.138476,0.093925,0.001225,-0.069733,-0.011629,-0.053145,0.002417,0.001639
0,-0.311824,-0.002537,-0.167679,-0.115742,-0.16133,-0.108068,0.001248,4.4e-05
0,-0.316391,-0.084325,-0.021769,-0.083624,-0.024444,-0.117082,0.001169,0.001472
0,-0.167409,-0.021273,0.161421,0.053648,0.204405,0.092641,0.002922,0.000371
0,-0.168973,-0.023129,0.023981,-0.018017,0.027746,-0.01597,0.002949,0.000404
0,-0.114024,-0.043886,0.02871,0.008979,0.021477,0.049779,0.00199,0.000766
0,-0.351294,-0.081545,-0.266881,-0.039929,-0.220775,-0.029328,0.00056,0.001423
0,-0.176122,0.109691,0.152436,0.165033,0.119581,0.183645,0.003074,0.001914
0,-0.121888,0.094494,0.056323,-0.029749,0.103166,-0.028685,0.002127,0.001649
0,-0.357852,-0.083024,-0.260912,-0.169244,-0.309421,-0.182082,0.000445,0.001449
0,-8.865894,-1.230066,-8.480011,-1.138127,-8.45671,-1.088916,0.00085,0.001396
0,-9.031465,-2.53827,-0.178914,-1.280206,-0.200025,-1.27284,0.002951,0.002535
0,-8.851975,-2.264772,0.158427,0.263767,0.131156,0.252492,0.000607,0.000617
0,-8.953981,-2.065797,-0.096964,0.212789,-0.113807,0.198435,0.002388,0.002601
0,-9.116926,-1.852799,-0.183425,0.194577,-0.144664,0.200836,0.001459,0.001117
0,-8.875901,-1.593904,0.25447,0.264155,0.277833,0.285784,0.001025,0.001056
0,-8.993416,-0.990932,-0.089513,0.573548,-0.062562,0.53587,0.003076,0.002777
0,-8.97503,-0.706469,0.000254,0.256115,0.024862,0.258047,0.002755,0.001051
0,-8.856987,-0.454846,0.099149,0.25637,0.087327,0.245597,0.000695,0.001248
0,-9.035697,-0.192544,-0.188312,0.256633,-0.163612,0.303433,0.002877,0.00333
0,-9.145443,-0.018003,-0.102294,0.187778,-0.095455,0.200138,0.000962,0.000314
0,-9.033481,0.131729,0.116263,0.161927,0.074457,0.130257,0.002916,0.002299
0,-8.95589,0.252686,0.064937,0.106766,0.113716,0.057563,0.002421,0.002281
0,-8.96625,0.057706,-0.012132,-0.207748,-0.056045,-0.15933,0.002602,0.001007
0,-8.850804,0.106106,0.130314,0.027211,0.131695,0.001214,0.000587,0.001852
0,-8.905981,0.23999,-0.033948,0.127393,-0.001004,0.132124,0.00155,0.002502
0,-8.923485,0.139681,-0.015665,-0.079629,0.001372,-0.034248,0.001855,0.002438
0,-9.12771,-0.060751,-0.195901,-0.184687,-0.199857,-0.20406,0.001271,0.00106
0,-9.147272,0.177888,-0.049552,0.237731,-0.093054,0.243119,0.00093,0.003105
0,-9.068729,0.01992,0.065037,-0.149435,0.026207,-0.134456,0.0023,0.000348
0,-9.137879,0.153708,-0.079917,0.159933,-0.106712,0.208168,0.001094,0.002683
0,-9.067195,0.044266,0.087799,-0.091084,0.067707,-0.070541,0.002327,0.000773
0,-9.073788,0.152578,-0.03445,0.114077,-0.055497,0.096816,0.002212,0.002663
0,-9.130576,0.006172,-0.033347,-0.137254,-0.067393,-0.154274,0.001221,0.000108
0,-9.011427,0.179288,0.148155,0.168169,0.125601,0.18454,0.003301,0.003129
0,-9.024604,-0.068722,-0.01497,-0.249693,-0.033134,-0.278071,0.003071,0.001199
0,-9.102874,0.006443,-0.083195,0.056201,-0.083727,0.089541,0.001705,0.000112
0,-8.866405,-0.032115,0.246691,-0.054736,0.271655,-0.070472,0.000859,0.000561
0,-9.075702,0.135935,-0.229661,0.141726,-0.264374,0.139395,0.002179,0.002373
0,-9.137853,0.197227,-0.091075,0.056332,-0.053724,0.082152,0.001094,0.003249
0,-8.610062,0.016699,0.535067,-0.152388,0.550506,-0.105477,0.003076,0.000291
0,-7.701544,0.118465,0.937354,0.105864,0.890972,0.091604,0.000601,0.002068
0,-6.526231,-0.095572,1.200787,-0.241025,1.179412,-0.224259,0.00016,0.001668
0,-4.398916,-0.011705,2.115946,0.081176,2.087369,0.080985,0.003177,0.000204
0,-4.266148,0.021532,0.151178,0.023733,0.123669,0.070005,0.000352,0.000376
0,-4.241614,-0.044372,0.014973,-0.079112,0.048412,-0.047612,0.000431,0.000774
0,-3.770245,-0.189579,0.470886,-0.149636,0.516398,-0.105827,0.001105,0.003309
0,-3.808524,-0.063395,-0.052596,0.153546,-0.055797,0.124751,0.000437,0.001106
0,-3.384008,-0.12726,0.416442,-0.066632,0.425774,-0.031621,0.001155,0.002221
0,-3.322174,0.074378,0.042093,0.182688,-0.00755,0.154346,0.002234,0.001298
0,-3.069219,-0.182554,0.235038,-0.229006,0.188778,-0.234216,4.1e-05,0.003186
0,-2.841519,-0.055549,0.208516,0.13589,0.216407,0.147208,0.002758,0.00097
0,-2.680029,-0.164496,0.165704,-0.085028,0.149686,-0.127457,6e-05,0.002871
0,-2.502525,0.000159,0.202817,0.17301,0.169984,0.198518,0.003158,3e-06
0,-2.397529,-0.132114,0.125886,-0.143894,0.121467,-0.130613,0.0017,0.002306
0,-2.447266,0.048241,-0.028123,0.199483,0.009147,0.200057,0.002568,0.000842
0,-2.098606,0.105709,0.338394,0.064047,0.379686,0.021613,0.003173,0.001845
0,-1.93566,-0.039024,0.133392,-0.149468,0.08468,-0.160409,0.00033,0.000681
0,-1.813878,-0.145415,0.114509,-0.094875,0.157851,-0.058986,0.001796,0.002538
0,-1.855019,0.050864,-0.034439,0.210603,-0.014207,0.224189,0.001078,0.000888
0,-1.886518,0.072291,-0.016448,-0.001423,-0.010497,0.041612,0.000528,0.001262
0,-1.611543,-0.010641,0.261354,-0.065217,0.300493,-0.023087,0.001363,0.000186
0,-1.640006,0.050787,-0.004458,0.079291,-0.018,0.069735,0.00186,0.000886
0,-1.586915,-0.048279,0.047272,-0.122785,0.033562,-0.154456,0.000934,0.000843
0,-1.261781,-0.191196,0.298209,-0.150202,0.251903,-0.134219,0.00195,0.003337
0,-1.233876,-0.214315,0.049441,-0.046017,0.081041,-0.077751,0.001463,0.00295
0,-1.191901,-0.035126,0.012483,0.185667,-0.02905,0.171589,0.00073,0.000613
0,-1.295172,-0.10252,-0.123019,-0.057778,-0.105788,-0.021287,0.002533,0.001789
0,-1.121897,0.019162,0.189812,0.121098,0.17458,0.148235,0.000492,0.000334
0,-1.10662,-0.148422,-0.004247,-0.181466,0.010863,-0.188643,0.000758,0.00259
0,-0.868975,0.000237,0.230564,0.162769,0.189781,0.125704,0.001785,4e-06
0,-1.128646,0.052909,-0.242338,0.035128,-0.233092,0.00467,0.000374,0.000923
0,-1.098216,-0.180636,0.005912,-0.247326,0.027494,-0.231022,0.000905,0.003153
0,-0.76434,-0.198458,0.332696,-0.002511,0.336082,-0.006039,4.1e-05,0.003227
0,-1.006483,-0.141442,-0.21832,0.028789,-0.237036,0.041841,0.002506,0.002469
0,-0.937112,-0.042079,0.048105,0.113701,0.00618,0.088212,0.002974,0.000734
0,-0.756004,-0.200845,0.152402,-0.169402,0.123132,-0.196185,0.000187,0.003185
0,-0.855427,0.062021,-0.099118,0.27062,-0.14731,0.236952,0.001548,0.001082
0,-0.76656,-0.144325,0.114067,-0.176754,0.134423,-0.166648,3e-06,0.002519
0,-0.558212,-0.096529,0.192749,0.030292,0.218231,0.079676,0.003052,0.001685
0,-0.558431,0.054852,-0.009547,0.148123,0.014746,0.193452,0.003056,0.000957
0,-0.481669,-0.150963,0.048028,-0.210853,0.021029,-0.255998,0.001716,0.002635
0,-0.464053,0.080629,0.026746,0.223254,0.049382,0.216847,0.001408,0.001407
0,-0.457676,0.051263,-0.008375,-0.035048,-0.049133,-0.071777,0.001297,0.000895
0,-0.531148,0.019841,-0.069456,-0.057417,-0.080698,-0.068869,0.002579,0.000346
0,-0.378792,0.152538,0.170312,0.160152,0.176918,0.157344,8e-05,0.002662
0,-0.536546,-0.073995,-0.173947,-0.215651,-0.19274,-0.228774,0.002674,0.001291
0,-0.328359,0.092063,0.236036,0.173869,0.210661,0.188384,0.00096,0.001607
0,-0.41314,-0.016207,-0.068185,-0.102891,-0.033808,-0.083484,0.00052,0.000283
0,-0.449856,-0.060684,-0.012998,-0.030301,-0.057407,0.00109,0.001161,0.001059
0,-0.229723,0.09031,0.216739,0.131849,0.193511,0.118732,0.002681,0.001576
0,-0.336081,0.065059,-0.090811,-0.03007,-0.093303,0.017856,0.000825,0.001135
0,-0.237494,-0.028994,0.074574,-0.084753,0.030038,-0.095241,0.002546,0.000506
0,-0.179933,-0.014903,0.034315,0.043367,0.004514,0.087548,0.00314,0.00026
0,-0.188545,-0.029327,-0.010527,-0.007038,0.020712,0.041164,0.003291,0.000512
0,-0.156821,0.094359,0.032116,0.148585,0.027887,0.183539,0.002737,0.001647
0,-0.045841,0.097918,0.121052,0.026633,0.145918,-0.00683,0.0008,0.001709
0,-0.097714,0.098277,-0.02835,0.010845,-0.060064,0.023397,0.001705,0.001715
0,-0.296401,0.063443,-0.199389,-0.04854,-0.207331,-0.090736,0.001518,0.001107
0,-0.28684,-0.00784,-0.012976,-0.071641,0.035459,-0.070032,0.001685,0.000137
0,-0.221214,0.007649,0.07334,0.044973,0.039483,-0.001402,0.00283,0.000134
0,-0.085485,-0.129002,0.11604,-0.147416,0.121399,-0.180471,0.001492,0.002252
0,-0.201139,-0.147363,-0.086283,-0.001623,-0.047267,0.016582,0.00318,0.002572
0,-0.05792,0.069061,0.134046,0.202523,0.147319,0.218571,0.001011,0.001205
0,-0.254232,-0.114078,-0.196188,-0.156326,-0.179837,-0.185022,0.002254,0.001991
0,0.001248,-0.015967,0.280018,0.096937,0.320764,0.067453,2.2e-05,0.000279
0,-0.128974,0.006841,-0.115653,0.050352,-0.113465,0.069441,0.002251,0.000119
0,-0.214591,-0.049681,-0.089747,-0.031631,-0.124123,-0.039461,0.002946,0.000867
0,-0.206723,0.017392,0.005461,0.062345,0.018668,0.060197,0.003083,0.000304
0,0.070319,0.024449,0.296883,-0.010868,0.278242,-0.011301,0.001227,0.000427
0,-0.146022,-0.116969,-0.222123,-0.135993,-0.22769,-0.125916,0.002549,0.002042
0,-0.010127,-0.021051,0.133192,0.112393,0.155441,0.126332,0.000177,0.000367
0,-0.135753,-0.063817,-0.11817,-0.016659,-0.147417,0.018854,0.002369,0.001114
0,-0.008449,-0.028014,0.13895,0.041391,0.157904,0.023347,0.000147,0.000489
0,0.050817,-0.075275,0.046407,-0.025728,0.093083,-0.039162,0.000887,0.001314
0,-0.123799,0.092195,-0.161209,0.156682,-0.191749,0.137361,0.002161,0.001609
0,-0.130424,-0.054524,0.01262,-0.172019,-0.025448,-0.140192,0.002276,0.000952
0,-0.148884,0.004224,0.007038,0.069492,0.026476,0.035792,0.002599,7.4e-05
0,-0.006596,0.03964,0.162667,0.024941,0.177596,0.017639,0.000115,0.000692
0,0.068329,-0.128444,0.089713,-0.197474,0.098164,-0.243208,0.001193,0.002242
0,-0.091366,-0.003925,-0.179593,0.121227,-0.156596,0.15047,0.001595,6.9e-05
0,-0.016999,0.139176,0.098679,0.149071,0.052152,0.139381,0.000297,0.002429
0,0.007548,0.09909,0.034909,-0.029783,0.039654,-0.07892,0.000132,0.001729
0,0.011672,0.110418,0.026069,0.03358,-0.015271,0.053668,0.000204,0.001927
0,0.083816,-0.115606,0.048363,-0.218837,0.034979,-0.219182,0.001463,0.002018
0,0.034747,0.090725,-0.056557,0.197459,-0.079015,0.17741,0.000606,0.001583
0,-0.033895,-0.05507,-0.069767,-0.14306,-0.063741,-0.187903,0.000592,0.000961
0,0.051016,-0.00725,0.080948,0.075571,0.130486,0.049746,0.00089,0.000127
0,0.088264,0.001882,0.062492,0.008814,0.094182,0.041054,0.00154,3.3e-05
0,0.163507,-0.049653,0.09417,-0.064745,0.071974,-0.105058,0.002854,0.000867
0,-0.004664,-0.036556,-0.144111,-0.015329,-0.156608,-0.056345,8.1e-05,0.000638
0,0.009533,0.170373,-0.012907,0.2227,-0.053126,0.182292,0.000166,0.002974
0,-0.1059,-0.010355,-0.144621,-0.174418,-0.174742,-0.167755,0.001848,0.000181
0,0.091546,0.077595,0.210566,0.059802,0.176233,0.047896,0.001598,0.001354
0,-0.060481,0.064492,-0.171277,-0.006859,-0.194717,0.016577,0.001056,0.001126
0,0.046564,-0.120517,0.103376,-0.16683,0.092547,-0.172842,0.000813,0.002103
0,-0.004603,0.119878,-0.060819,0.259524,-0.073617,0.252392,8e-05,0.002092
0,-0.09543,-0.110814,-0.069243,-0.219495,-0.037492,-0.25398,0.001666,0.001934
0,0.014961,0.119254,0.082141,0.234234,0.068393,0.253355,0.000261,0.002081
0,0.147116,0.060184,0.125276,-0.081131,0.115289,-0.086697,0.002568,0.00105
0,-0.08221,0.096788,-0.249409,0.058802,-0.233278,0.076149,0.001435,0.001689
0,0.020173,0.068717,0.114777,-0.045465,0.124701,-0.002649,0.000352,0.001199
0,-0.045004,-0.160928,-0.059287,-0.253366,-0.081825,-0.267211,0.000785,0.002809
0,-0.071845,-0.012919,-0.000516,0.133522,0.030273,0.141263,0.001254,0.000225
0,-0.027059,-0.048954,0.071531,-0.043255,0.090203,-0.034352,0.000472,0.000854
0,0.16384,-0.039979,0.181038,0.015193,0.195389,-0.017864,0.00286,0.000698
0,-0.049917,-0.116789,-0.233162,-0.092811,-0.253292,-0.065536,0.000871,0.002038
0,0.201739,-0.032356,0.248225,0.106282,0.217312,0.077547,0.00317,0.000565
0,0.15208,-0.142242,-0.053887,-0.105862,-0.004727,-0.126172,0.002654,0.002483
0,0.149452,-0.105546,-0.022176,0.045551,-0.036511,0.078534,0.002608,0.001842
0,0.014156,-0.026509,-0.161592,0.049597,-0.200868,0.070739,0.000247,0.000463
0,-0.083239,-0.007663,-0.101899,-0.003424,-0.054594,-0.020283,0.001453,0.000134
0,-0.025902,-0.046752,0.064658,-0.046715,0.081949,-0.00813,0.000452,0.000816
0,-0.031387,0.034682,-0.027215,0.098851,-0.022295,0.081305,0.000548,0.000605
0,-0.119674,0.040233,-0.103511,-0.023988,-0.06431,-0.01332,0.002089,0.000702
0,-0.089701,-0.058946,0.025591,-0.111645,-0.009843,-0.076355,0.001566,0.001029
0,-9.040329,-0.118433,-8.948224,-0.034674,-8.91723,0.004052,0.002796,0.002067
0,-9.112227,-0.706051,-0.058498,-0.582417,-0.051822,-0.579598,0.001541,0.001059
0,-9.131929,-1.014204,0.001322,-0.284126,0.041513,-0.254749,0.001197,0.002371
0,-9.114921,-0.815637,0.0023,0.195557,0.00203,0.150079,0.001494,0.000854
0,-8.924853,-0.711063,0.180304,0.111986,0.227388,0.125751,0.001879,0.000971
0,-8.856956,-0.774196,0.054231,-0.042641,0.027295,-0.038734,0.000694,0.000131
0,-8.874813,-0.473895,-0.009666,0.291216,0.033669,0.289199,0.001006,0.00158
0,-8.893989,-0.37647,-0.001093,0.075639,0.04108,0.085484,0.001341,0.00012
0,-8.914914,-0.111356,-0.033259,0.281137,0.004772,0.288684,0.001706,0.001944
0,-8.917561,-0.118673,0.019495,-0.004425,0.034124,-0.052143,0.001752,0.002071
0,-9.119046,0.094916,-0.218327,0.200138,-0.180031,0.164173,0.001422,0.001657
0,-8.984022,0.142703,0.107217,0.077275,0.070776,0.056203,0.002912,0.002491
0,-9.029215,0.11593,-0.043703,-0.029979,-0.074427,-0.022643,0.00299,0.002023
0,-8.868231,0.174839,0.143349,0.042888,0.099277,0.068094,0.000891,0.003052
0,-9.105087,-0.042578,-0.244304,-0.203633,-0.281697,-0.235046,0.001666,0.000743
0,-9.085124,0.146525,0.010406,0.195009,0.016182,0.241357,0.002014,0.002557
0,-8.901738,0.088268,0.19273,-0.084466,0.228754,-0.094752,0.001476,0.001541
0,-9.060642,0.100756,-0.18533,-0.01433,-0.230611,0.033712,0.002442,0.001759
0,-9.148739,0.148289,-0.091493,0.049843,-0.094396,0.091269,0.000904,0.002588
0,-8.852527,-0.031458,0.31825,-0.175483,0.282357,-0.176591,0.000617,0.000549
0,-9.09032,0.171433,-0.232062,0.220518,-0.239417,0.192065,0.001924,0.002992
0,-9.105031,0.05108,-0.04284,-0.139718,-0.064237,-0.097487,0.001667,0.000892
0,-9.110139,-0.011368,0.002512,-0.078256,0.006691,-0.085135,0.001578,0.000198
0,-8.442927,0.074599,0.658008,0.10125,0.64571,0.148913,0.000159,0.001302
0,-7.945737,-0.000611,0.507352,-0.079391,0.461245,-0.09437,0.001828,1.1e-05
0,-7.688088,0.054813,0.233557,0.081541,0.274094,0.0372,0.000366,0.000957
0,-7.140011,0.0643,0.531887,0.03473,0.508218,0.046317,0.002509,0.001122
0,-6.874386,0.17184,0.281114,0.129576,0.239739,0.148373,0.000454,0.002999
0,-6.325834,0.143391,0.553091,-0.049396,0.534761,-0.063945,0.003337,0.002503
0,-6.158555,0.003586,0.183221,-0.165353,0.220129,-0.160641,0.000434,6.3e-05
0,-5.750699,0.20223,0.426927,0.201165,0.458145,0.168591,6e-06,0.003161
0,-5.572978,0.076448,0.174536,-0.142832,0.213046,-0.153937,0.003095,0.001334
0,-5.213627,0.161118,0.381886,0.065923,0.414646,0.038583,0.002676,0.002812
0,-4.841891,0.063126,0.377237,-0.10953,0.380085,-0.103633,0.002474,0.001102
0,-4.564332,0.094139,0.306897,0.013196,0.304741,0.044724,0.000627,0.001643
0,-4.232363,0.152472,0.329427,0.067722,0.301528,0.039442,0.000238,0.002661
0,-3.897265,0.167226,0.317084,0.025528,0.32622,0.039424,0.001112,0.002919
0,-3.689409,0.087149,0.228856,-0.108055,0.239535,-0.123064,0.002516,0.001521
0,-3.713024,0.037705,-0.006909,-0.029884,-0.05633,-0.032177,0.002104,0.000658
0,-3.374189,0.049189,0.34751,0.022438,0.346896,-0.026209,0.001327,0.000859
0,-3.123003,0.245604,0.268822,0.202207,0.232264,0.217898,0.00098,0.002404
0,-2.898625,0.140144,0.245086,-0.133768,0.201799,-0.09369,0.002936,0.002446
0,-2.682626,0.087732,0.245829,-0.079687,0.217837,-0.097781,1.5e-05,0.001531
0,-2.714159,0.11285,-0.060339,-0.000409,-0.086082,0.002879,0.000535,0.00197
0,-2.562554,0.003857,0.156759,-0.134946,0.191726,-0.113463,0.002111,6.7e-05
0,-2.433315,-0.041568,0.124865,-0.053375,0.114279,-0.10039,0.002324,0.000725
0,-2.397268,0.142432,0.048011,0.157723,0.09172,0.165457,0.001695,0.002486
0,-2.134054,-0.053087,0.261025,-0.181868,0.213612,-0.186275,0.002899,0.000927
0,-2.133797,-0.046502,-0.01299,-0.014709,0.010044,0.020558,0.002903,0.000812
0,-1.91583,-3.6e-05,0.229308,0.040325,0.209227,0.058613,1.7e-05,1e-06
0,-1.893657,0.038404,0.014386,0.048037,0.046156,0.050826,0.000404,0.00067
0,-1.920842,-0.014125,-0.022246,-0.053191,0.020504,-0.059409,7.1e-05,0.000247
0,-1.607926,0.181879,0.336098,0.172324,0.346499,0.216005,0.0013,0.003174
0,-1.547843,0.129145,0.040188,-0.054413,0.055364,-0.061751,0.000252,0.002254
0,-1.474923,0.089096,0.091366,-0.010277,0.079352,0.027752,0.001021,0.001555
0,-1.564544,-0.12177,-0.104231,-0.197611,-0.119222,-0.19246,0.000543,0.002125
0,-1.357445,0.088681,0.229699,0.221176,0.219713,0.232443,0.003071,0.001548
0,-1.200541,-0.02914,0.150835,-0.10525,0.180993,-0.148486,0.000881,0.000509
0,-1.250828,-0.096678,-0.074492,-0.081105,-0.060525,-0.07044,0.001759,0.001687
0,-1.201104,0.16759,0.055939,0.269376,0.041406,0.27849,0.000891,0.002925
0,-1.093726,0.057621,0.0973,-0.103886,0.06556,-0.055904,0.000983,0.001006
0,-1.151302,-0.008022,-0.058594,-0.070987,-0.014299,-0.048695,2.2e-05,0.00014
0,-0.975723,-0.033267,0.158082,-0.038193,0.113943,-0.052661,0.003043,0.000581
0,-0.97188,-0.089098,0.018018,-0.085458,0.013121,-0.103349,0.00311,0.001555
0,-0.687764,0.001884,0.280644,0.074822,0.269109,0.076989,0.001378,3.3e-05
0,-9.14932,0.070177,-8.44578,0.070288,-8.403659,0.041927,0.000894,0.001225
0,-8.944048,0.034047,0.192671,-0.026248,0.218294,-0.000893,0.002214,0.000594
0,-9.050278,0.205354,-0.135788,0.190569,-0.119531,0.161962,0.002622,0.003107
0,-8.96072,0.028272,0.106161,-0.171215,0.090198,-0.208001,0.002505,0.000493
0,-8.855757,-0.001005,0.109532,-0.034197,0.122897,-0.045139,0.000673,1.8e-05
0,-9.134168,0.161826,-0.250678,0.181495,-0.262251,0.160987,0.001158,0.002824
0,-8.920875,0.043073,0.184837,-0.148504,0.140449,-0.180567,0.00181,0.000752
0,-9.065926,0.179013,-0.143065,0.113919,-0.190526,0.13891,0.002349,0.003124
0,-8.931343,0.20845,0.142567,0.018559,0.103038,-0.013672,0.001993,0.003053
0,-9.024897,0.093753,-0.101423,-0.097831,-0.136671,-0.058085,0.003065,0.001636
0,-9.085141,0.183933,-0.051175,0.062989,-0.051238,0.015615,0.002014,0.00321
0,-9.0869,0.075725,0.023955,-0.080429,-0.018476,-0.030994,0.001983,0.001322
0,-8.874489,-0.106545,0.227715,-0.193771,0.261591,-0.183003,0.001,0.00186
0,-8.960058,0.157294,-0.099394,0.238127,-0.057541,0.267734,0.002494,0.002745
0,-8.901635,0.125937,0.054407,-0.033562,0.054736,-0.00784,0.001474,0.002198
0,-9.108395,-0.041303,-0.23367,-0.145527,-0.256743,-0.170059,0.001608,0.000721
0,-8.941822,-0.065321,0.169448,-0.010344,0.172021,-0.052079,0.002175,0.00114
0,-9.062695,-0.019705,-0.109618,0.0699,-0.104999,0.091055,0.002406,0.000344
0,-8.863381,0.059661,0.207414,0.077697,0.246523,0.053232,0.000806,0.001041
0,-8.937257,-0.127074,-0.096705,-0.158852,-0.125065,-0.14055,0.002096,0.002218
0,-9.138882,-0.036784,-0.217291,0.093506,-0.217431,0.043616,0.001076,0.000642
0,-8.877405,0.123752,0.232907,0.180443,0.250048,0.203765,0.001051,0.00216
0,-8.579925,0.01953,0.313535,-0.11432,0.308596,-0.163922,0.00255,0.000341
0,-8.205586,0.091455,0.394827,0.088606,0.415086,0.070956,0.002707,0.001596
0,-7.776916,-0.127361,0.437505,-0.206219,0.430323,-0.197939,0.001916,0.002223
0,-7.048456,0.098381,0.70267,0.200624,0.709384,0.172653,0.002584,0.001717
0,-6.77106,0.104604,0.268167,0.030538,0.318028,0.058565,0.002257,0.001826
0,-6.502534,-0.064335,0.248727,-0.170508,0.268579,-0.181348,0.000253,0.001123
0,-5.95429,-0.036608,0.561045,0.006672,0.525941,-0.035256,0.003131,0.000639
0,-5.558459,-0.053689,0.41342,-0.02646,0.363727,-0.062965,0.003342,0.000937
0,-5.189424,0.006218,0.396733,0.087346,0.436563,0.088617,0.003099,0.000109
0,-6.065198,0.111343,-0.902177,0.131277,-0.907563,0.173617,0.001195,0.001943
0,-5.410038,0.212122,0.675501,0.12879,0.704075,0.100506,0.000752,0.002989
0,-4.645406,0.343773,0.751559,0.126065,0.731481,0.100977,0.000788,0.000691
0,-2.98837,0.229392,1.655191,-0.118937,1.673102,-0.096596,0.00137,0.002687
0,-1.657567,0.084955,1.35422,-0.148121,1.316002,-0.157695,0.002167,0.001483
0,-1.001186,0.30544,0.661334,0.241745,0.67432,0.244113,0.002598,0.00136
0,-0.599744,0.082005,0.415156,-0.249442,0.46353,-0.274758,0.002914,0.001431
0,-0.055914,0.227421,0.51442,0.147537,0.492561,0.103301,0.000976,0.002722
0,-0.009139,0.104158,0.05869,-0.124098,0.044668,-0.098869,0.00016,0.001818
0,0.221159,0.105328,0.236079,-0.010704,0.253869,0.031044,0.002831,0.001838
0,0.182845,0.043007,-0.046458,-0.034167,-0.051959,-0.018475,0.003191,0.000751
0,0.455659,0.026046,0.28512,-0.021484,0.258108,-0.066244,0.001262,0.000455
0,0.422459,0.081267,-0.034913,0.042038,0.008913,0.047178,0.000682,0.001418
0,0.298623,-0.013727,-0.1325,-0.104277,-0.18113,-0.090838,0.001479,0.00024
0,0.397208,-0.111002,0.099772,-0.096593,0.070551,-0.118962,0.000242,0.001937
0,0.137643,-0.007437,-0.258286,0.081496,-0.256623,0.101108,0.002402,0.00013
0,0.033842,-0.108032,-0.093123,-0.124119,-0.049833,-0.161765,0.000591,0.001886
0,0.186505,0.107438,0.149766,0.234569,0.138987,0.226416,0.003255,0.001875
0,-0.036826,-0.063479,-0.227112,-0.142162,-0.197153,-0.104171,0.000643,0.001108
0,0.106517,-0.082744,0.121092,-0.02813,0.090708,-0.049072,0.001859,0.001444
0,0.057792,-0.155198,-0.048971,-0.073514,-0.007939,-0.036662,0.001009,0.002709
0,0.004283,-0.019892,-0.077106,0.108913,-0.052829,0.109777,7.5e-05,0.000347
0,0.077827,-0.137922,0.064914,-0.147457,0.039844,-0.120602,0.001358,0.002407
0,0.033474,0.005127,-0.030197,0.148204,-0.05055,0.151645,0.000584,8.9e-05
0,-0.046634,-0.10249,-0.090028,-0.08587,-0.08795,-0.109174,0.000814,0.001789
0,0.027144,-0.069957,0.095702,0.038108,0.045903,-0.004029,0.000474,0.001221
0,-0.079052,0.069928,-0.124382,0.12815,-0.109754,0.113709,0.00138,0.00122
0,0.077788,-0.124131,0.145276,-0.212066,0.181531,-0.250401,0.001358,0.002166
0,-0.057785,-0.081328,-0.126518,0.01889,-0.163282,0.04477,0.001009,0.001419
0,-0.116506,-0.019481,-0.04693,0.071012,-0.015952,0.098301,0.002033,0.00034
0,-0.112733,-0.137552,-0.00251,-0.138132,0.011763,-0.119521,0.001968,0.002401
0,0.077614,-0.141538,0.19372,-0.004411,0.175198,-0.013969,0.001355,0.00247
0,-0.090431,0.008485,-0.190842,0.144578,-0.218571,0.113679,0.001578,0.000148
0,0.06668,-0.139552,0.155058,-0.133467,0.125716,-0.147353,0.001164,0.002436
0,0.020117,0.013444,-0.032681,0.134667,-0.011462,0.127009,0.000351,0.000235
0,0.011796,-0.106801,0.015477,-0.101921,0.003549,-0.082625,0.000206,0.001864
0,-0.068176,0.107989,-0.08718,0.192053,-0.107117,0.21719,0.00119,0.001885
0,0.114923,-0.177483,0.15681,-0.287002,0.163749,-0.248207,0.002006,0.003098
0,0.004999,-0.169449,-0.101417,-0.009142,-0.123731,-0.039895,8.7e-05,0.002957
0,-0.053347,-0.163074,-0.042743,-0.00936,-0.013617,-0.019979,0.000931,0.002846
0,-0.131515,-0.083951,-0.050966,0.105203,-0.098607,0.124974,0.002295,0.001465
0,-0.088334,-0.043382,0.058599,0.016792,0.063044,0.046668,0.001542,0.000757
0,0.085382,-0.029007,0.160717,0.000716,0.196492,-0.047359,0.00149,0.000506
0,-0.184706,-0.050549,-0.277721,0.003894,-0.271475,-0.040961,0.003224,0.000882
0,-0.148726,-0.000365,0.024947,0.071837,-0.011944,0.034528,0.002596,6e-06
0,-0.09828,0.036727,0.072709,0.029114,0.055977,0.057056,0.001715,0.000641
0,0.127569,0.030643,0.244505,-0.005361,0.242211,-0.011757,0.002227,0.000535
0,-0.071574,-0.055522,-0.189923,-0.066595,-0.146006,-0.074737,0.001249,0.000969
0,0.068337,0.052884,0.145573,0.080881,0.184113,0.105232,0.001193,0.000923
0,-0.0885,0.079079,-0.178477,0.016516,-0.163949,0.003319,0.001545,0.00138
0,-0.053837,-0.049111,0.024745,-0.114104,0.071177,-0.132619,0.00094,0.000857
0,-0.017129,0.036781,0.065337,0.080242,0.066068,0.053011,0.000299,0.000642
0,-0.159936,0.155399,-0.137069,0.112563,-0.137317,0.137349,0.002791,0.002712
0,0.03353,0.067117,0.164259,-0.090992,0.124594,-0.087561,0.000585,0.001171
0,-0.091368,0.086725,-0.118522,0.014948,-0.083739,0.013747,0.001595,0.001514
0,-0.036361,0.105541,0.06413,0.011632,0.051717,0.020348,0.000635,0.001842
0,-0.170937,0.066398,-0.112726,-0.042329,-0.064806,-0.043888,0.002983,0.001159
0,-0.100816,0.013301,0.092885,-0.042142,0.071455,-0.090165,0.00176,0.000232
0,-0.102119,-0.100304,-0.014966,-0.120609,-0.04897,-0.125117,0.001782,0.001751
0,-0.044386,0.024385,0.033885,0.113627,0.05914,0.063643,0.000775,0.000426
0,-0.05805,-0.013759,0.004339,-0.056187,0.013298,-0.02103,0.001013,0.00024
0,0.08355,-0.092987,0.152919,-0.097818,0.105739,-0.052742,0.001458,0.001623
0,0.061682,0.041199,-0.008933,0.106824,-0.036803,0.146381,0.001077,0.000719
0,0.082898,0.131449,0.010779,0.092493,0.04335,0.043095,0.001447,0.002294
0,0.076809,0.134715,0.022808,-0.013685,0.003065,0.012778,0.001341,0.002351
0,-0.130417,-0.124088,-0.20877,-0.273548,-0.247052,-0.264368,0.002276,0.002166
0,-0.073097,0.096893,0.046601,0.233504,0.049436,0.228651,0.001276,0.001691
0,-0.095388,0.025281,-0.004716,-0.072643,0.041926,-0.114761,0.001665,0.000441
0,-0.131678,-0.028189,-0.051793,-0.062973,-0.097104,-0.075314,0.002298,0.000492
0,0.154712,-0.111818,0.279102,-0.087364,0.235471,-0.061553,0.0027,0.001952
0,0.082883,-0.118714,-0.094707,-0.025933,-0.085983,-0.066265,0.001447,0.002072
0,0.077823,-0.193594,-0.013286,-0.057293,0.032667,-0.065158,0.001358,0.003312
0,0.004347,-0.110787,-0.087972,0.111537,-0.099383,0.065202,7.6e-05,0.001934
0,-0.149002,0.003448,-0.157222,0.13053,-0.135323,0.126009,0.002601,6e-05
0,-0.151823,-0.124418,-0.009714,-0.109514,-0.058063,-0.115672,0.00265,0.002172
0,-0.099043,-0.186326,0.035883,-0.087909,0.061282,-0.134349,0.001729,0.003252
0,0.154225,-0.077577,0.273544,0.125856,0.251347,0.121792,0.002692,0.001354
0,0.120998,0.045539,-0.056196,0.100729,-0.058766,0.091899,0.002112,0.000795
0,0.081317,0.059827,-0.039407,0.000236,-0.050857,-0.039369,0.001419,0.001044
0,0.08261,0.065696,-0.003348,-0.023965,0.009354,-0.005531,0.001442,0.001147
0,-0.029402,-0.131811,-0.097985,-0.187882,-0.086263,-0.211314,0.000513,0.002301
0,0.050735,0.088764,0.098002,0.23203,0.084637,0.216713,0.000885,0.001549
0,-0.201327,-0.032491,-0.224991,-0.11655,-0.259537,-0.154143,0.003177,0.000567
0,-0.19789,-0.012788,-0.018499,0.032195,0.002249,0.018255,0.003237,0.000223
0,-0.126318,-0.039464,0.059201,-0.023893,0.079444,-0.041705,0.002205,0.000689
0,-0.160342,-0.015423,-0.010519,0.029644,-0.005811,-0.01701,0.002798,0.000269
0,-0.044819,0.035546,0.09161,0.063112,0.077155,0.098702,0.000782,0.00062
0,-0.026807,-0.123056,-0.001018,-0.182703,0.034268,-0.17353,0.000468,0.002148
0,-0.162442,0.10441,-0.150544,0.226451,-0.121462,0.250513,0.002835,0.001822
0,-0.079152,0.059822,0.075354,-0.036501,0.069983,0.006201,0.001381,0.001044
0,-0.098326,0.001971,0.010237,-0.051753,0.047888,-0.088712,0.001716,3.4e-05
0,-0.033276,0.029101,0.068311,0.009057,0.038953,0.056931,0.000581,0.000508
0,-0.01276,-0.133961,0.002952,-0.171792,-0.026647,-0.163357,0.000223,0.002338
0,-0.144758,-0.081883,-0.119487,0.070342,-0.07132,0.07426,0.002527,0.001429
0,-0.080109,-0.059292,0.048191,0.036116,0.032763,0.017157,0.001398,0.001035
0,-0.15662,0.115948,-0.098181,0.200633,-0.111792,0.247036,0.002734,0.002024
0,-0.088873,0.090684,0.095097,-0.039113,0.101732,-0.081646,0.001551,0.001583
0,-0.23825,-0.072994,-0.143751,-0.145468,-0.114884,-0.173015,0.002533,0.001274
0,-0.159262,-0.033087,0.096518,0.025955,0.079526,-0.021554,0.00278,0.000577
0,-0.087092,-0.138794,0.068578,-0.119627,0.055034,-0.132286,0.00152,0.002422
0,-0.109952,0.082474,-0.004406,0.212433,0.033241,0.17869,0.001919,0.001439
0,0.023511,0.062996,0.141966,0.003837,0.099474,0.032018,0.00041,0.001099
0,0.073824,-0.151159,0.057072,-0.213323,0.076874,-0.220629,0.001288,0.002638
0,-0.074952,-0.15451,-0.148953,-0.021427,-0.17227,0.013461,0.001308,0.002697
0,-0.052451,0.091038,0.018344,0.227033,0.064388,0.208689,0.000915,0.001589
0,-0.072904,0.135094,0.004708,0.03884,0.047777,0.012403,0.001272,0.002358
0,-0.0011,-0.082249,0.042299,-0.20335,-0.00753,-0.211801,1.9e-05,0.001436
0,-0.189586,-0.121082,-0.212361,-0.017626,-0.231721,-0.062772,0.003309,0.002113
0,0.066324,0.093959,0.27618,0.196608,0.246323,0.201683,0.001158,0.00164
0,-0.185497,-0.107466,-0.231961,-0.177433,-0.238635,-0.131941,0.003238,0.001876
0,-0.14431,-0.041091,0.027636,0.038263,-0.014189,-0.0021,0.002519,0.000717
0,-0.037268,-0.13322,0.113078,-0.120857,0.158193,-0.084447,0.00065,0.002325
0,-0.137483,0.084584,-0.097648,0.245365,-0.050503,0.243006,0.0024,0.001476
0,-0.163953,0.031472,-0.007147,-0.0562,0.005658,-0.033189,0.002862,0.000549
0,0.02415,-0.046762,0.190206,-0.096531,0.178795,-0.072147,0.000422,0.000816
0,-0.201661,-0.166061,-0.205207,-0.094406,-0.187055,-0.143065,0.003171,0.002898
0,-0.200629,0.012203,0.028298,0.194777,0.042253,0.146633,0.003189,0.000213
0,-0.040598,0.028143,0.137677,0.018594,0.173907,0.015275,0.000709,0.000491
0,0.062041,-0.066697,0.123649,-0.114799,0.113164,-0.137005,0.001083,0.001164
0,-0.03791,-0.033941,-0.079977,0.018453,-0.065376,0.03249,0.000662,0.000592
0,0.134501,-0.072816,0.18492,-0.065911,0.224537,-0.063468,0.002347,0.001271
0,0.088218,0.055506,-0.038757,0.122193,0.007037,0.132169,0.00154,0.000969
0,-0.050142,0.076933,-0.127636,0.035278,-0.078254,0.049541,0.000875,0.001343
0,-0.037116,0.03282,0.020946,-0.030049,0.070645,-0.071501,0.000648,0.000573
0,-0.046042,-0.08911,0.012689,-0.098648,0.059631,-0.074784,0.000804,0.001555
0,0.123171,-0.012389,0.17971,0.102131,0.190506,0.10222,0.00215,0.000216
0,-0.017859,0.045313,-0.161435,0.028939,-0.125179,0.076373,0.000312,0.000791
0,0.087959,0.131789,0.119456,0.107785,0.093719,0.083224,0.001535,0.0023
0,-0.149777,0.150233,-0.247112,0.018331,-0.230716,0.041967,0.002614,0.002622
0,-0.166273,0.160322,-0.017701,0.02537,-0.054616,0.015565,0.002902,0.002798
0,-0.063771,-0.058631,0.114192,-0.199218,0.078968,-0.182051,0.001113,0.001023
0,-0.087334,-0.139258,-0.032604,-0.069182,-0.077677,-0.033925,0.001524,0.002431
0,-0.03493,-0.044214,0.041809,0.080136,0.057869,0.128832,0.00061,0.000772
0,0.023329,0.097212,0.084094,0.125374,0.088307,0.141156,0.000407,0.001697
0,0.036695,-0.030949,0.02379,-0.137943,0.008068,-0.110992,0.00064,0.00054
0,-0.07458,0.117162,-0.111028,0.177951,-0.155331,0.169999,0.001302,0.002045
0,-0.179915,0.007571,-0.115358,-0.130216,-0.065669,-0.157284,0.00314,0.000132
0,-0.036064,0.116154,0.124954,0.081956,0.144401,0.125238,0.000629,0.002027
0,-0.052034,0.095111,-0.008596,-0.038754,-0.02806,-0.047264,0.000908,0.00166
0,-0.134673,0.004504,-0.083885,-0.060756,-0.117111,-0.044924,0.00235,7.9e-05
0,-0.218121,-0.07717,-0.08358,-0.074818,-0.051501,-0.059313,0.002884,0.001347
0,0.019572,-0.118678,0.259406,-0.058887,0.276268,-0.080776,0.000342,0.002071
0,-0.208645,-0.118853,-0.258017,-0.000184,-0.258175,0.020855,0.003049,0.002074
0,-0.137357,-0.08123,0.098196,0.044026,0.117767,0.026697,0.002397,0.001418
0,-0.047413,0.079909,0.105224,0.17654,0.140222,0.17091,0.000828,0.001395
0,0.040062,0.159558,0.074144,0.075197,0.077227,0.034172,0.000699,0.002785
0,0.022656,-0.050946,-0.04217,-0.20248,-0.042089,-0.200405,0.000395,0.000889
0,-0.025625,0.127487,-0.068632,0.205197,-0.049415,0.179506,0.000447,0.002225
0,-0.186156,0.044885,-0.131839,-0.071533,-0.159452,-0.119883,0.003249,0.000783
0,-0.053875,-0.004089,0.147557,-0.068827,0.193934,-0.053635,0.00094,7.1e-05
0,-0.175413,-0.070022,-0.104274,-0.052335,-0.063874,-0.096919,0.003062,0.001222
0,-0.064944,-0.080068,0.100578,-0.03881,0.141453,0.005803,0.001133,0.001397
0,-0.017604,-0.041668,0.069477,0.068396,0.119133,0.100978,0.000307,0.000727
0,-0.114533,-0.114888,-0.12433,-0.098952,-0.167662,-0.12798,0.001999,0.002005
0,-0.105577,0.167997,0.004862,0.297418,0.035862,0.249997,0.001843,0.002932
0,-0.067948,-0.118665,0.012379,-0.298165,0.001247,-0.333977,0.001186,0.002071
0,0.044004,0.05087,0.090747,0.192133,0.054759,0.162974,0.000768,0.000888
0,-0.015115,0.079589,-0.056852,0.027132,-0.057323,0.035513,0.000264,0.001389
0,-0.04436,0.028029,-0.058113,-0.052858,-0.023486,-0.035684,0.000774,0.000489
0,-0.123126,0.062104,-0.107308,0.046042,-0.061893,0.074528,0.002149,0.001084
0,-0.13152,0.057544,0.00753,0.008428,-0.009177,0.051512,0.002295,0.001004
0,-0.220261,0.060866,-0.068203,-0.002924,-0.06997,0.027675,0.002847,0.001062
0,-0.186909,-0.034611,0.004723,-0.10658,0.036144,-0.141509,0.003262,0.000604
0,-0.000335,0.137171,0.203624,0.167571,0.206205,0.193445,6e-06,0.002394
0,-0.047147,0.008471,-0.040827,-0.109728,-0.051245,-0.117209,0.000823,0.000148
0,0.105931,-0.039829,0.126249,-0.05884,0.125904,-0.039313,0.001849,0.000695
0,-0.058993,-0.049775,-0.175417,-0.028652,-0.177921,-0.043342,0.00103,0.000869
0,-0.024968,0.065453,0.01055,0.13364,0.060503,0.088943,0.000436,0.001142
0,-0.072996,0.118161,-0.075874,0.022761,-0.120265,0.029297,0.001274,0.002062
0,-0.007127,0.02441,0.077767,-0.079851,0.073012,-0.100417,0.000124,0.000426
0,-0.179727,0.050593,-0.198119,0.050569,-0.196894,0.016666,0.003137,0.000883
0,-0.102819,-0.06345,0.069583,-0.110673,0.111588,-0.104987,0.001795,0.001107
0,-0.110131,-0.04573,-0.003236,0.028507,0.034785,0.074489,0.001922,0.000798
0,0.003924,-0.002602,0.086724,0.068164,0.057009,0.087035,6.8e-05,4.5e-05
0,-0.198245,0.125618,-0.17828,0.124699,-0.224784,0.0954,0.003231,0.002192
0,0.043426,0.10499,0.229295,0.006022,0.246801,-0.026674,0.000758,0.001832
0,-0.137513,0.066614,-0.155165,-0.054056,-0.179825,-0.064572,0.0024,0.001163
0,-0.153819,0.112231,-0.023115,0.067456,-0.033921,0.092843,0.002685,0.001959
0,-0.085458,0.134938,0.051983,0.048887,0.054694,0.074118,0.001492,0.002355
0,0.071899,0.037693,0.173828,-0.080866,0.156297,-0.071352,0.001255,0.000658
0,0.01103,0.056962,-0.0808,0.043143,-0.12894,0.03774,0.000193,0.000994
0,0.087887,0.031047,0.051154,-0.023253,0.010937,-0.072901,0.001534,0.000542
0,-0.043899,0.140063,-0.110916,0.087887,-0.141243,0.095162,0.000766,0.002445
0,-0.009224,-0.074969,0.043502,-0.227739,0.049917,-0.276543,0.000161,0.001308
0,-0.083015,-0.037972,-0.05881,0.012293,-0.072289,0.04125,0.001449,0.000663
0,-0.251602,0.056589,-0.145018,0.121615,-0.117623,0.07552,0.0023,0.000988
0,-0.156934,-0.04772,0.083135,-0.08799,0.059505,-0.04034,0.002739,0.000833
0,-0.174469,0.045357,-0.015245,0.103402,-0.018635,0.135809,0.003045,0.000792
0,-0.014555,-0.072707,0.164849,-0.120459,0.184522,-0.125813,0.000254,0.001269
0,-0.205308,0.090119,-0.17561,0.174651,-0.177383,0.142294,0.003108,0.001573
0,-0.119011,-0.167082,0.077344,-0.235663,0.119324,-0.204334,0.002077,0.002916
0,-0.186823,-0.04584,-0.037825,0.11104,-0.085095,0.153204,0.003261,0.0008
0,-0.19162,-0.068073,-0.001389,-0.046253,0.008305,-0.003016,0.003344,0.001188
0,0.010902,0.000557,0.2136,0.041883,0.245206,0.078008,0.00019,1e-05
0,0.020315,0.032904,0.035988,0.056312,0.019774,0.015074,0.000355,0.000574
0,-0.004865,0.100808,0.001972,0.096881,-0.001985,0.076849,8.5e-05,0.001759
0,0.102635,0.133331,0.130117,0.046891,0.128045,0.02562,0.001791,0.002327
0,-0.012978,-0.15527,-0.090084,-0.259376,-0.063588,-0.279556,0.000227,0.00271
0,-0.101372,-0.064445,-0.08202,0.116275,-0.121184,0.147929,0.001769,0.001125
0,0.171751,0.11124,0.275078,0.195951,0.248922,0.233104,0.002998,0.001942
0,0.073115,-0.027351,-0.115749,-0.108937,-0.116931,-0.114604,0.001276,0.000477
0,0.226013,0.087892,0.159326,0.1236,0.145033,0.09121,0.002746,0.001534
0,0.193606,-0.105683,-0.030319,-0.166912,-0.051679,-0.191971,0.003312,0.001845
0,-0.024509,-0.154304,-0.210633,-0.05732,-0.16712,-0.093653,0.000428,0.002693
0,-0.094451,0.075599,-0.090761,0.257953,-0.072095,0.234686,0.001648,0.001319
0,0.073557,0.039864,0.156344,-0.035901,0.164222,0.004093,0.001284,0.000696
0,-0.019135,0.015291,-0.121792,-0.008541,-0.099154,0.019495,0.000334,0.000267
0,-0.061783,-0.058042,-0.048603,-0.05489,-0.019308,-0.02787,0.001078,0.001013
0,0.21874,-0.021737,0.257332,0.021016,0.266333,0.059796,0.002873,0.000379
0,-0.087048,-0.136244,-0.312851,-0.118292,-0.280141,-0.131675,0.001519,0.002378
0,0.114203,0.136824,0.189449,0.274019,0.232678,0.261572,0.001993,0.002388
0,-0.093339,-0.041389,-0.229741,-0.174919,-0.274705,-0.140052,0.001629,0.000722
0,0.150076,0.050394,0.218323,0.105013,0.259599,0.086014,0.002619,0.00088
0,0.129535,-0.026142,-0.010774,-0.094979,0.023462,-0.139804,0.002261,0.000456
0,-0.080094,0.022071,-0.199949,0.046532,-0.213462,0.016842,0.001398,0.000385
0,0.141616,0.043187,0.245239,0.018124,0.221825,0.034639,0.002472,0.000754
0,-0.020196,0.081834,-0.149106,0.047108,-0.107717,0.083272,0.000352,0.001428
0,0.048578,0.080461,0.061574,0.025071,0.087647,0.016671,0.000848,0.001404
0,-0.087454,0.054656,-0.109772,-0.010597,-0.153829,-0.046877,0.001526,0.000954
0,-0.033574,-0.036691,0.074405,-0.062868,0.101839,-0.079449,0.000586,0.00064
0,0.024232,-0.01877,0.032619,0.036656,0.068345,0.055021,0.000423,0.000328
0,0.033697,0.123236,-0.008825,0.141346,-0.056044,0.145248,0.000588,0.002151
0,-0.132926,-0.016063,-0.193059,-0.161436,-0.165141,-0.151646,0.00232,0.00028
0,0.063688,0.019178,0.190014,0.013344,0.202101,0.01172,0.001112,0.000335
0,0.096394,0.158692,0.054728,0.143514,0.099301,0.174713,0.001682,0.00277
0,-0.079109,-0.041208,-0.163962,-0.199383,-0.191983,-0.156737,0.001381,0.000719
0,-0.195497,-0.003465,-0.129019,0.028392,-0.161722,0.01863,0.003279,6e-05
0,0.045353,0.017186,0.213611,0.015647,0.25978,-0.000156,0.000792,0.0003
0,-0.150262,0.049748,-0.198846,0.036137,-0.187732,0.003731,0.002623,0.000868
0,-0.11883,0.058306,0.039774,-0.002924,0.024133,0.028913,0.002074,0.001018
0,-0.117965,-0.057986,-0.027001,-0.118792,-0.026252,-0.154546,0.002059,0.001012
0,-0.03423,-0.032157,0.078691,0.034326,0.105273,0.058843,0.000597,0.000561
0,-0.211781,0.046915,-0.152859,0.071767,-0.156109,0.029309,0.002995,0.000819
0,-0.173453,0.160303,0.010853,0.101924,0.051938,0.145374,0.003027,0.002798
0,-0.03735,0.159935,0.146811,0.014835,0.098855,-0.009261,0.000652,0.002791
0,0.075955,-0.028751,0.131188,-0.20302,0.157969,-0.249535,0.001326,0.000502
0,0.082487,0.01126,-0.01682,0.025091,-0.029968,0.070006,0.00144,0.000197
0,0.014985,0.05224,-0.041866,0.063967,-0.028938,0.090142,0.000262,0.000912
0,-0.097252,-0.077869,-0.139297,-0.159049,-0.090705,-0.182459,0.001697,0.001359
0,0.030614,0.16665,0.132028,0.231121,0.165685,0.213491,0.000534,0.002909
0,0.028523,0.057553,-0.016568,-0.124901,0.028105,-0.084596,0.000498,0.001004
0,-0.089425,0.148406,-0.118215,0.075354,-0.094188,0.065135,0.001561,0.00259
0,0.031832,-0.00839,0.10463,-0.183938,0.120863,-0.142539,0.000556,0.000146
0,-0.15372,-0.082991,-0.16961,-0.097077,-0.132636,-0.121078,0.002683,0.001448
0,-0.071614,0.038201,0.104702,0.147258,0.114996,0.109645,0.00125,0.000667
0,-0.073478,-0.066712,0.025153,-0.129949,-0.019077,-0.165847,0.001282,0.001164
0,0.044573,-0.053695,0.12165,-0.005774,0.147956,0.021679,0.000778,0.000937
0,0.134193,0.012089,0.109115,0.07626,0.075306,0.116583,0.002342,0.000211
0,-0.114138,-0.024438,-0.252574,-0.028785,-0.282933,-0.040276,0.001992,0.000427
0,-0.1306,0.02181,-0.040575,0.022289,-0.066357,-0.000492,0.002279,0.000381
0,-0.102079,0.144523,0.006933,0.143418,0.001539,0.15352,0.001782,0.002522
0,0.035831,-0.095682,0.150032,-0.225104,0.200031,-0.250077,0.000625,0.00167
0,-0.137645,0.11507,-0.159554,0.22499,-0.178577,0.262264,0.002402,0.002008
0,-0.003532,0.161487,0.11178,0.057251,0.090934,0.020946,6.2e-05,0.002818
0,-0.05741,0.157695,-0.028522,-0.013115,-0.065022,-0.023148,0.001002,0.002752
0,-0.081857,-0.043615,-0.04053,-0.19538,-0.070418,-0.179861,0.001429,0.000761
0,0.023921,-0.075954,0.116141,-0.015096,0.113345,-0.055924,0.000418,0.001326
0,-0.051822,0.167047,-0.069587,0.265162,-0.059524,0.275073,0.000904,0.002916
0,-0.129763,0.162113,-0.094632,0.005139,-0.072032,0.045497,0.002265,0.002829
0,-0.025282,0.203054,0.077011,0.050798,0.09934,0.073305,0.000441,0.003147
0,-0.090319,0.042857,-0.070184,-0.187843,-0.070579,-0.235561,0.001576,0.000748
0,1.150809,1.224097,1.22647,1.209697,1.200568,1.165516,1.3e-05,0.001292
0,2.686637,1.236305,1.53922,0.040811,1.558059,0.077882,5.5e-05,0.001505
0,2.631273,1.248515,-0.079456,0.014071,-0.106305,0.005672,0.000911,0.001718
0,2.934758,1.349589,0.301018,0.129998,0.34989,0.114958,0.002305,0.003208
0,1.989661,1.617281,-0.945619,0.290888,-0.990106,0.278202,0.001272,0.001464
0,1.433279,1.474367,-0.569342,-0.142867,-0.593921,-0.127815,0.001748,0.001031
0,1.062408,0.810756,-0.358749,-0.651631,-0.38352,-0.657508,0.00153,0.000769
0,0.717278,0.713119,-0.332176,-0.086979,-0.328274,-0.047099,0.000863,0.000935
0,0.459524,0.337851,-0.230949,-0.376946,-0.232388,-0.426905,0.001329,0.000794
0,0.416535,0.054862,-0.054671,-0.28539,-0.087643,-0.244484,0.000579,0.000958
0,0.129305,0.077379,-0.27039,-0.006543,-0.314701,0.027648,0.002257,0.001351
0,-0.027,0.204789,-0.184479,0.098364,-0.15181,0.084435,0.000471,0.003117
0,-0.127257,-0.140592,-0.072006,-0.365619,-0.036366,-0.366322,0.002221,0.002454
0,-0.041475,-0.083062,0.075655,0.048288,0.073161,0.078244,0.000724,0.00145
0,-0.115149,-0.156856,-0.092597,-0.103303,-0.042644,-0.126865,0.00201,0.002738
0,-0.053497,-0.00429,0.048833,0.127752,0.096464,0.105726,0.000934,7.5e-05
0,-0.05917,-0.098465,-0.006957,-0.11242,-0.028404,-0.100804,0.001033,0.001719
0,-0.248314,-0.060254,-0.172168,0.020385,-0.125877,0.032027,0.002357,0.001052
0,0.03208,-0.200373,0.308204,-0.128371,0.331877,-0.104423,0.00056,0.003194
0,-0.004734,-0.058738,-0.046069,0.112151,-0.014861,0.063954,8.3e-05,0.001025
0,-0.18824,-0.199356,-0.193779,-0.138804,-0.227704,-0.164261,0.003285,0.003211
0,0.058419,-0.261715,0.269983,-0.053967,0.312886,-0.03742,0.00102,0.002123
0,-0.114581,-0.214215,-0.160937,0.041205,-0.168409,0.062705,0.002,0.002952
0,0.032637,-0.158991,0.14469,0.076804,0.128974,0.11209,0.00057,0.002775
0,0.047812,-0.226841,-0.008043,-0.054692,0.014495,-0.07882,0.000834,0.002732
0,-0.00231,-0.075672,-0.079177,0.175927,-0.043738,0.173848,4e-05,0.001321
0,-0.022768,-0.136601,-0.041228,-0.063686,-0.027219,-0.049283,0.000397,0.002384
0,0.132031,0.010295,0.183666,0.155898,0.159706,0.189279,0.002304,0.00018
0,0.18482,0.035944,0.041302,0.009346,0.008871,0.011033,0.003226,0.000627
0,0.011159,-0.015414,-0.178027,-0.064156,-0.210819,-0.068563,0.000195,0.000269
0,0.196998,-0.08543,0.215334,-0.091693,0.250251,-0.093187,0.003253,0.001491
0,-0.011623,-0.208446,-0.237309,-0.129008,-0.246977,-0.101032,0.000203,0.003053
0,-0.103466,-0.245174,-0.106741,-0.029082,-0.126313,-0.075337,0.001806,0.002412
0,0.039695,-0.219475,0.123854,0.044619,0.16747,0.031421,0.000693,0.00286
0,0.084358,-0.011234,0.027795,0.201106,-0.002903,0.21693,0.001472,0.000196
0,0.123972,-0.136643,0.04153,-0.139686,0.033186,-0.141822,0.002164,0.002385
0,0.090775,-0.203298,-0.006171,-0.096034,-0.003246,-0.056867,0.001584,0.003143
0,0.043409,-0.06186,-0.066301,0.161162,-0.098773,0.157389,0.000758,0.00108
0,0.035555,0.025195,-0.034617,0.059563,-0.066395,0.108304,0.000621,0.00044
0,-0.035582,-0.185054,-0.088492,-0.209564,-0.118102,-0.238224,0.000621,0.00323
0,0.057541,0.020817,0.074587,0.214139,0.118185,0.209865,0.001004,0.000363
0,0.123426,-0.115954,0.082469,-0.119428,0.073773,-0.090276,0.002154,0.002024
0,0.079027,-0.096588,-0.019238,0.000716,0.007848,-0.031298,0.001379,0.001686
0,-0.178413,0.010854,-0.255458,0.09571,-0.25933,0.113265,0.003114,0.000189
0,-0.132214,-0.028066,0.029069,-0.034085,0.04833,-0.047112,0.002308,0.00049
0,0.006431,-0.093963,0.158127,-0.054335,0.173029,-0.026253,0.000112,0.00164
0,0.043027,0.064539,0.007073,0.177143,-0.014985,0.215374,0.000751,0.001126
0,-0.169356,0.022076,-0.216375,-0.038179,-0.192495,-0.055646,0.002956,0.000385
0,-0.115978,0.001038,0.050483,-0.044662,0.02493,-0.05815,0.002024,1.8e-05
0,-0.001563,-0.171862,0.099747,-0.144213,0.073896,-0.143286,2.7e-05,0.003
0,-0.211672,-0.031335,-0.220623,0.122507,-0.199115,0.164096,0.002996,0.000547
0,-0.107782,0.073549,0.10405,0.081678,0.084159,0.098133,0.001881,0.001284
0,-0.129675,0.031228,-0.03683,-0.018518,-0.017818,-0.013422,0.002263,0.000545
0,-0.150804,0.006427,-0.015397,-0.040899,-0.029327,-0.021218,0.002632,0.000112
0,-0.074653,-0.038973,0.097631,-0.028461,0.084117,0.001,0.001303,0.00068
0,-0.291802,-0.130024,-0.227621,-0.09933,-0.208463,-0.053784,0.001598,0.002269
0,-0.044554,-0.121005,0.260598,0.009965,0.282591,0.046602,0.000778,0.002112
0,-0.236596,0.066793,-0.174271,0.194647,-0.172816,0.17347,0.002561,0.001166
0,-0.118824,0.10714,0.125008,0.029681,0.106733,0.07014,0.002074,0.00187
0,0.074988,0.095497,0.172529,-0.000505,0.193627,0.032537,0.001309,0.001667
0,0.00524,-0.006132,-0.099045,-0.07577,-0.137351,-0.069161,9.1e-05,0.000107
0,0.130088,-0.096211,0.117716,-0.096995,0.117248,-0.116354,0.00227,0.001679
0,-0.019687,0.085648,-0.134869,0.191314,-0.127565,0.176938,0.000344,0.001495
0,-0.13274,-0.130013,-0.089047,-0.218734,-0.095052,-0.221299,0.002317,0.002269
0,-0.138541,-0.09033,-0.008919,0.020781,-0.008921,0.010075,0.002418,0.001577
0,-0.163113,-0.035224,-0.046359,0.068699,-0.021904,0.079525,0.002847,0.000615
0,-0.133773,-0.1028,0.050322,-0.074871,0.020861,-0.050076,0.002335,0.001794
0,-0.257757,0.054122,-0.130712,0.154612,-0.134377,0.142507,0.002192,0.000945
0,-0.015498,0.045897,0.248335,-0.029846,0.209219,-0.034848,0.00027,0.000801
0,0.017493,-0.128147,0.011778,-0.187031,0.041042,-0.216327,0.000305,0.002237
0,-0.211916,-0.046866,-0.248552,0.068379,-0.269006,0.057371,0.002992,0.000818
0,0.066023,0.016367,0.271391,0.033287,0.277338,0.073463,0.001152,0.000286
0,0.141699,-0.102778,0.076639,-0.097922,0.041745,-0.064867,0.002473,0.001794
0,-0.112096,0.030596,-0.236924,0.153532,-0.266727,0.198702,0.001956,0.000534
0,-0.051646,-0.19556,0.079284,-0.240617,0.079592,-0.262035,0.000901,0.003278
0,0.045646,0.090379,0.124704,0.280059,0.07478,0.269095,0.000797,0.001577
0,-0.058052,-0.132307,-0.122597,-0.227894,-0.100517,-0.23648,0.001013,0.002309
0,0.003546,-0.176001,0.073249,-0.072592,0.05076,-0.037598,6.2e-05,0.003072
0,0.018812,0.102122,0.010618,0.304617,0.057597,0.319092,0.000328,0.001782
0,0.142553,-0.075528,0.132155,-0.161743,0.105659,-0.18448,0.002488,0.001318
0,-0.108979,-0.141957,-0.281297,-0.040408,-0.306972,-0.036747,0.001902,0.002478
0,-0.012582,0.040706,0.086648,0.174009,0.085406,0.195267,0.00022,0.00071
0,0.013994,0.063805,0.020127,0.03371,0.031185,0.055562,0.000244,0.001114
0,0.130603,-0.03445,0.134652,-0.085141,0.150964,-0.103982,0.002279,0.000601
0,-0.04008,0.167323,-0.167192,0.18078,-0.203371,0.132494,0.0007,0.00292
0,0.109961,-0.020007,0.17411,-0.17141,0.215033,-0.135872,0.001919,0.000349
0,-0.059423,-0.079086,-0.144088,-0.062145,-0.154951,-0.087516,0.001037,0.00138
0,0.169317,0.060988,0.199461,0.160816,0.238128,0.170203,0.002955,0.001064
0,0.057488,-0.095932,-0.10116,-0.147531,-0.146908,-0.156535,0.001003,0.001674
0,0.130724,-0.06043,0.047122,0.058175,0.007161,0.069052,0.002282,0.001055
0,-0.057673,-0.139164,-0.210673,-0.050392,-0.258222,-0.021364,0.001007,0.002429
0,-0.10391,-0.011218,-0.025109,0.114194,-0.069959,0.141538,0.001814,0.000196
0,-0.056634,0.082424,0.050442,0.077728,0.040562,0.059933,0.000988,0.001439
0,-0.098482,0.016547,-0.026408,-0.040252,-0.034794,-5.7e-05,0.001719,0.000289
0,0.050265,-0.03797,0.145225,-0.057596,0.178564,-0.051429,0.000877,0.000663
0,0.031984,-0.076324,0.00969,-0.038773,-0.016531,-0.004978,0.000558,0.001332
0,-0.107145,-0.075003,-0.166226,-0.006719,-0.137063,0.035066,0.00187,0.001309
0,0.003139,-0.081412,0.117617,-0.003275,0.082298,0.007836,5.5e-05,0.001421
0,-0.104691,-0.069676,-0.127111,0.030715,-0.081861,-0.018592,0.001827,0.001216
0,0.002802,-0.042939,0.100871,0.00811,0.078414,-0.008657,4.9e-05,0.000749
0,0.091521,-0.151157,0.074094,-0.081945,0.035359,-0.09768,0.001597,0.002638
0,0.064273,-0.022538,-0.004432,0.116847,-0.014349,0.159275,0.001122,0.000393
0,0.013364,0.15798,-0.029076,0.207484,0.010612,0.190113,0.000233,0.002757
0,-0.008985,0.047164,-0.027326,-0.114041,-0.013917,-0.116689,0.000157,0.000823
0,-0.096655,0.005902,-0.064797,-0.0124,-0.023353,0.02931,0.001687,0.000103
0,-0.063566,0.128824,0.041394,0.104534,0.07491,0.141432,0.001109,0.002248
0,-0.065429,0.016348,0.016938,-0.13209,0.033396,-0.155048,0.001142,0.000285
0,-0.067397,0.177154,-0.004261,0.158781,0.005748,0.153075,0.001176,0.003092
0,0.121572,-0.085064,0.186798,-0.249725,0.156184,-0.229872,0.002122,0.001485
0,-0.007279,0.173394,-0.132539,0.244652,-0.160793,0.199741,0.000127,0.003026
0,-0.047649,-0.108833,-0.038408,-0.284342,-0.048391,-0.319474,0.000832,0.0019
0,-0.130174,0.133285,-0.096733,0.228747,-0.060018,0.27713,0.002272,0.002326
0,-0.083065,-0.075141,0.01758,-0.188319,-0.024165,-0.211039,0.00145,0.001311
0,-0.119664,-0.003415,-0.055809,0.076376,-0.023786,0.064646,0.002089,6e-05
0,-0.143638,-0.074166,-0.024744,-0.06176,-0.047662,-0.105277,0.002507,0.001294
0,-0.170667,-0.112624,0.002287,-0.018963,-0.043419,-0.048599,0.002979,0.001966
0,-0.032216,-0.098687,0.165272,0.031994,0.132034,0.067961,0.000562,0.001722
0,-0.053913,-0.029047,-0.022816,0.057822,-0.070537,0.017668,0.000941,0.000507
0,0.154057,-0.074713,0.186271,-0.020202,0.2228,0.029642,0.002689,0.001304
0,-0.051149,0.037359,-0.182311,0.123403,-0.182105,0.080988,0.000893,0.000652
0,0.040304,-0.076714,0.100966,-0.128548,0.073715,-0.122843,0.000703,0.001339
0,0.05807,0.129908,0.045214,0.194357,0.04288,0.177588,0.001014,0.002267
0,-0.085564,-0.146474,-0.132209,-0.257599,-0.109448,-0.264725,0.001493,0.002556
0,0.01628,-0.054596,0.100042,0.104232,0.127565,0.134824,0.000284,0.000953
0,0.038016,-0.006776,0.009249,0.039449,0.005789,0.076726,0.000663,0.000118
0,-0.071538,-0.075384,-0.134525,-0.062622,-0.18334,-0.024722,0.001249,0.001316
0,0.134517,0.130731,0.211882,0.220811,0.222903,0.176715,0.002348,0.002282
0,0.13408,0.182115,-0.025941,0.037064,-0.068828,0.015744,0.00234,0.003178
0,0.119718,0.101357,-0.004683,-0.098852,-0.049115,-0.083674,0.002089,0.001769
0,-0.02888,-0.012903,-0.164923,-0.104664,-0.1446,-0.080092,0.000504,0.000225
0,-0.014859,0.055207,0.022122,0.092649,0.023532,0.044332,0.000259,0.000964
0,0.00981,0.109148,0.025156,0.051871,0.012302,0.048977,0.000171,0.001905
0,0.109169,-0.0254,0.07249,-0.144637,0.117308,-0.139888,0.001905,0.000443
0,-0.09043,0.176386,-0.19694,0.211713,-0.220389,0.209217,0.001578,0.003079
0,-0.017036,0.185161,0.092778,0.001155,0.099699,-0.011391,0.000297,0.003232
0,0.192511,0.157155,0.230556,-0.03571,0.228318,-0.017619,0.003331,0.002743
0,-0.003269,-0.100009,-0.204329,-0.233181,-0.193944,-0.278846,5.7e-05,0.001745
0,0.013899,0.036658,-0.010233,0.160776,-0.026023,0.205543,0.000243,0.00064
0,0.02992,-0.111852,0.038513,-0.170452,0.026228,-0.148629,0.000522,0.001952
0,0.153458,-0.092446,0.11782,0.04676,0.115629,0.005802,0.002678,0.001613
0,-0.029484,0.065384,-0.202617,0.143896,-0.159068,0.141795,0.000515,0.001141
0,0.083107,0.134421,0.105477,0.043842,0.126341,0.056614,0.00145,0.002346
0,0.146475,-0.058961,0.08067,-0.186975,0.082773,-0.219567,0.002556,0.001029
0,0.217276,-0.092937,0.093414,-0.034388,0.067885,0.00084,0.002899,0.001622
0,-0.072514,0.037715,-0.290797,0.11644,-0.269636,0.119846,0.001266,0.000658
0,0.152596,0.180052,0.23134,0.146799,0.236251,0.114809,0.002663,0.003143
0,-0.082899,-0.05728,-0.225654,-0.210832,-0.218014,-0.249435,0.001447,0.001
0,0.041552,-0.007111,0.147167,0.078151,0.107376,0.116246,0.000725,0.000124
0,-0.079742,0.035929,-0.122183,0.05711,-0.083253,0.069381,0.001392,0.000627
0,-0.189579,0.078992,-0.139544,0.016528,-0.183681,0.024304,0.003309,0.001379
0,-0.149489,0.074695,0.057354,0.002914,0.08992,-0.020012,0.002609,0.001304
0,-0.18775,-0.073103,-0.054589,-0.11881,-0.041206,-0.107133,0.003277,0.001276
0,-0.208986,0.073873,-0.047583,0.175116,-0.055641,0.153228,0.003043,0.001289
0,-0.217444,0.006915,-0.01127,-0.037346,-0.061217,-0.038371,0.002896,0.000121
0,-0.125953,0.19853,0.079904,0.164289,0.102395,0.201054,0.002198,0.003226
0,0.09697,-0.093156,0.251094,-0.275193,0.268127,-0.237669,0.001692,0.001626
0,0.023236,-0.094144,-0.094034,0.023744,-0.122761,0.072,0.000406,0.001643
0,-0.106626,0.001241,-0.101278,0.122595,-0.07815,0.12465,0.001861,2.2e-05
0,-0.110481,0.060165,-0.002482,0.048688,-0.009077,0.07563,0.001928,0.00105
0,-0.011645,-0.019513,0.116883,-0.065083,0.08309,-0.056737,0.000203,0.000341
0,0.00659,0.009938,0.045549,0.046765,0.036109,0.022675,0.000115,0.000173
0,0.058653,-0.068338,0.064262,-0.073781,0.043354,-0.090343,0.001024,0.001193
0,0.013655,0.108455,-0.024837,0.151854,0.019038,0.116544,0.000238,0.001893
0,0.14302,-0.084055,0.149721,-0.214724,0.127218,-0.237473,0.002496,0.001467
0,-0.046808,0.13312,-0.193482,0.215029,-0.166829,0.256976,0.000817,0.002323
0,-0.091875,0.029481,-0.060025,-0.093214,-0.072252,-0.04458,0.001604,0.000515
0,0.002058,-0.092202,0.080264,-0.094061,0.056878,-0.109078,3.6e-05,0.001609
0,-0.042131,0.161628,-0.052926,0.258329,-0.038139,0.212191,0.000735,0.002821
0,0.015676,-0.094958,0.086763,-0.285559,0.104545,-0.314319,0.000274,0.001657
0,-0.11185,-0.102549,-0.153399,-0.025606,-0.168496,-0.05063,0.001952,0.00179
0,-0.036441,-0.115395,0.067499,-0.015816,0.098136,0.018363,0.000636,0.002014
0,0.017117,0.041141,0.049285,0.171514,0.050914,0.170357,0.000299,0.000718
0,-0.057089,-0.10245,-0.056585,-0.147624,-0.075736,-0.169582,0.000996,0.001788
0,0.011751,0.062198,0.041382,0.190376,0.060051,0.176997,0.000205,0.001086
0,-0.236232,0.139812,-0.228026,0.096817,-0.198176,0.093038,0.002568,0.00244
0,0.059934,0.067738,0.281509,-0.047166,0.236316,-0.040006,0.001046,0.001182
0,-0.078868,0.056473,-0.165189,-0.006615,-0.145878,0.04269,0.001377,0.000986
0,-0.01482,0.055571,0.07237,0.005303,0.043823,0.03724,0.000259,0.00097
0,-0.202444,-0.0916,-0.20175,-0.13807,-0.233424,-0.099954,0.003157,0.001599
0,-0.191322,0.007062,0.014897,0.108179,-0.002018,0.096764,0.003339,0.000123
0,0.09459,-0.004251,0.294929,-0.00504,0.342436,-0.049066,0.001651,7.4e-05
0,0.09039,-0.052533,0.022763,-0.054932,0.027024,-0.030459,0.001578,0.000917
0,-0.143325,-0.110968,-0.238036,-0.051368,-0.242578,-0.014235,0.002502,0.001937
0,-0.180567,-0.180199,-0.056618,-0.085287,-0.02398,-0.050545,0.003151,0.003145
0,-0.050217,0.088648,0.15822,0.240432,0.110741,0.273154,0.000876,0.001547
0,-0.127656,-0.04114,-0.06362,-0.159691,-0.106711,-0.111204,0.002228,0.000718
0,-0.122328,-0.133365,0.024006,-0.104199,0.039901,-0.113911,0.002135,0.002328
0,-0.037111,0.043279,0.083636,0.147124,0.065877,0.132071,0.000648,0.000755
0,-0.106251,-0.127383,-0.086373,-0.169663,-0.037448,-0.156968,0.001854,0.002223
0,0.083607,-0.051349,0.213889,0.103744,0.239715,0.125444,0.001459,0.000896
0,0.034969,0.107744,-0.069926,0.169441,-0.047408,0.130826,0.00061,0.00188
0,0.04888,0.047071,-0.00363,-0.047093,-0.030275,-0.063943,0.000853,0.000822
0,0.005455,-0.010782,-0.063095,-0.050238,-0.08616,-0.097481,9.5e-05,0.000188
0,0.058914,-0.079341,0.066837,-0.086618,0.057018,-0.055716,0.001028,0.001385
0,0.023222,0.064397,-0.046129,0.138647,-0.009517,0.118814,0.000405,0.001124
0,0.050748,0.067799,0.020814,-0.012736,0.025733,-0.039797,0.000886,0.001183
0,-0.035991,0.115902,-0.087574,0.056776,-0.086967,0.035036,0.000628,0.002023
0,-0.114301,0.093094,-0.069105,-0.045661,-0.09843,-0.058114,0.001995,0.001625
0,-0.096878,0.090991,0.037366,0.005731,0.081406,-0.020883,0.001691,0.001588
0,-0.100472,-0.045194,-0.001709,-0.121578,0.000747,-0.166877,0.001754,0.000789
0,-0.206475,-0.112672,-0.082491,-0.05183,-0.048333,-0.100091,0.003087,0.001966
0,-0.121357,-0.000711,0.076713,0.108536,0.062479,0.15507,0.002118,1.2e-05
0,0.006566,-0.100316,0.126771,-0.115911,0.110122,-0.140386,0.000115,0.001751
0,-0.189074,0.045493,-0.220235,0.160926,-0.228628,0.182537,0.0033,0.000794
0,0.038894,0.014167,0.219682,-0.049055,0.216208,-0.01814,0.000679,0.000247
0,-0.123752,0.154921,-0.180107,0.157701,-0.138706,0.169451,0.00216,0.002704
0,-0.05641,0.020967,0.039407,-0.122148,0.001554,-0.084117,0.000985,0.000366
0,0.126604,-0.006899,0.182989,-0.041186,0.179276,-0.034721,0.00221,0.00012
0,-0.023404,0.117512,-0.139862,0.116529,-0.181954,0.088546,0.000408,0.002051
0,-0.051976,0.029715,-0.004695,-0.097492,0.016974,-0.074216,0.000907,0.000519
0,-0.061143,0.133316,-0.001654,0.116139,-0.011773,0.077301,0.001067,0.002327
0,0.112441,-0.048974,0.147529,-0.171343,0.138683,-0.17853,0.001962,0.000855
0,-0.08074,0.043455,-0.173087,0.102397,-0.173149,0.073839,0.001409,0.000758
0,0.183939,-0.049077,0.269813,-0.112918,0.30519,-0.124217,0.00321,0.000857
0,0.12489,-0.041073,-0.054808,-0.012056,-0.005701,-0.01771,0.00218,0.000717
0,0.081475,0.12349,-0.045479,0.141864,-0.072185,0.137691,0.001422,0.002155
0,0.248664,-0.123048,0.150114,-0.261547,0.145914,-0.287562,0.002351,0.002148
0,0.19397,0.14076,-0.031761,0.267751,0.003326,0.316284,0.003305,0.002457
0,0.027562,-0.064803,-0.164119,-0.22041,-0.191479,-0.193564,0.000481,0.001131
0,0.189784,0.147409,0.149796,0.241644,0.10567,0.274373,0.003312,0.002573
0,0.237263,0.162132,0.045453,0.037699,0.050829,-0.000972,0.00255,0.00283
0,0.035328,0.052613,-0.215311,-0.130174,-0.25208,-0.142132,0.000617,0.000918
0,0.258742,0.003088,0.232518,-0.028848,0.282244,-0.013906,0.002175,5.4e-05
0,0.157472,0.053624,-0.094979,0.038703,-0.104861,0.062264,0.002748,0.000936
0,0.109813,-0.108841,-0.030301,-0.168472,-0.022442,-0.213231,0.001917,0.0019
0,0.196678,0.048129,0.112027,0.144837,0.156601,0.179203,0.003258,0.00084
0,0.128492,-0.046606,-0.082269,-0.12345,-0.096293,-0.104941,0.002243,0.000813
0,0.013117,-0.100349,-0.13522,-0.061796,-0.160501,-0.086267,0.000229,0.001751
0,0.109263,-0.132424,0.079901,-0.050857,0.047874,-0.09824,0.001907,0.002311
0,0.121304,-0.004583,0.034002,0.116354,0.082921,0.091204,0.002117,8e-05
0,0.059138,-0.144947,-0.084731,-0.112414,-0.110766,-0.142015,0.001032,0.00253
0,0.120012,0.098678,0.079872,0.217453,0.089491,0.184921,0.002095,0.001722
0,-0.146928,0.080433,-0.265148,-0.041236,-0.292054,-0.036581,0.002564,0.001404
0,0.043047,0.12114,0.197484,0.032671,0.237543,0.073791,0.000751,0.002114
0,-0.159444,0.033423,-0.200989,-0.071298,-0.217316,-0.051816,0.002783,0.000583
0,-0.039729,-0.066619,0.145066,-0.071048,0.1439,-0.092537,0.000693,0.001163
0,0.064272,0.054128,0.104637,0.115429,0.115652,0.067081,0.001122,0.000945
0,-0.171225,-0.051096,-0.227675,-0.103642,-0.220568,-0.150633,0.002988,0.000892
0,-0.056196,-0.150714,0.131445,-0.081097,0.082496,-0.096404,0.000981,0.00263
0,-0.015435,0.03557,0.051503,0.189654,0.101146,0.185371,0.000269,0.000621
0,0.101883,-0.125637,0.123959,-0.14168,0.173771,-0.145485,0.001778,0.002193
0,-0.009691,-0.013839,-0.130077,0.110983,-0.113305,0.091466,0.000169,0.000242
0,0.098259,-0.078359,0.083598,-0.066627,0.111734,-0.080444,0.001715,0.001368
0,-0.031454,0.056109,-0.127209,0.122191,-0.170585,0.126234,0.000549,0.000979
0,-0.075796,0.099257,-0.041242,0.049383,-0.008802,0.006795,0.001323,0.001732
0,0.034603,-0.106386,0.09183,-0.214164,0.11687,-0.191715,0.000604,0.001857
0,-0.145271,-0.042272,-0.150564,0.073983,-0.199638,0.053828,0.002535,0.000738
0,0.018055,-0.050104,0.141976,-0.036817,0.129249,-0.045747,0.000315,0.000874
0,-0.117527,0.133596,-0.156628,0.171862,-0.15409,0.156079,0.002051,0.002332
0,0.024373,-0.017584,0.157497,-0.179646,0.181802,-0.195985,0.000425,0.000307
0,-0.127759,-0.015416,-0.131481,-0.013084,-0.107878,-0.010641,0.00223,0.000269
0,-0.101376,0.025468,0.026717,0.026498,-0.013997,-0.003908,0.001769,0.000445
0,0.07106,-0.145266,0.19406,-0.165885,0.208485,-0.185687,0.00124,0.002535
0,-0.119478,-0.037673,-0.183469,0.118946,-0.224754,0.127735,0.002085,0.000658
0,-0.104578,-0.001354,0.005531,0.063315,-0.006838,0.055699,0.001825,2.4e-05
0,-0.01251,-0.067635,0.077919,-0.068932,0.067249,-0.087961,0.000218,0.00118
0,0.100917,0.020275,0.113486,0.058354,0.075018,0.09786,0.001761,0.000354
0,-0.155369,-0.124934,-0.283321,-0.145963,-0.262051,-0.098817,0.002712,0.002181
0,-0.158663,-0.036899,-0.002976,0.0701,0.01708,0.09022,0.002769,0.000644
0,-0.085592,-0.127802,0.064555,-0.083075,0.048719,-0.041246,0.001494,0.002231
0,-0.089689,-0.083306,0.003837,0.021176,0.023494,0.009422,0.001565,0.001454
0,-0.102734,0.001402,-0.02603,0.055614,-0.050641,0.055342,0.001793,2.4e-05
0,0.009619,-0.181023,0.118816,-0.188248,0.120579,-0.212439,0.000168,0.003159
0,-0.009651,-0.143325,-0.044994,0.029785,-0.059861,0.000215,0.000168,0.002501
0,-0.106475,-0.0787,-0.101215,0.072579,-0.143487,0.072526,0.001858,0.001374
0,0.131832,-0.131931,0.267246,-0.053526,0.310479,-0.056306,0.002301,0.002303
0,-0.12519,-0.095253,-0.227543,0.018186,-0.242532,0.049189,0.002185,0.001662
0,0.063607,-0.118448,0.188739,6.9e-05,0.196189,-0.049551,0.00111,0.002067
0,0.035686,0.003709,-0.034795,0.107489,-0.080507,0.078071,0.000623,6.5e-05
0,-0.030782,-0.251247,-0.095735,-0.232118,-0.090156,-0.197684,0.000537,0.002306
0,0.133665,0.040034,0.159484,0.316892,0.157423,0.297096,0.002333,0.000699
0,0.068045,0.027281,-0.047139,-0.011979,-0.004278,-0.033244,0.001188,0.000476
0,0.160241,-0.102155,0.102459,-0.1507,0.129915,-0.190582,0.002797,0.001783
0,-0.086853,-0.097859,-0.245558,-0.012618,-0.235655,-0.027592,0.001516,0.001708
0,-0.020674,-0.1087,0.068587,-0.001029,0.045476,-0.041502,0.000361,0.001897
0,0.078252,-0.076928,0.114039,0.009668,0.067156,0.052421,0.001366,0.001343
0,0.182613,-0.038545,0.10634,0.043237,0.088946,0.00023,0.003187,0.000673
0,0.169633,-0.055807,-0.009901,0.000475,-0.047006,-0.033563,0.002961,0.000974
0,0.072616,-0.090361,-0.11969,-0.036391,-0.123861,0.00315,0.001267,0.001577
0,0.077595,-0.028246,0.016188,0.081401,0.031507,0.120947,0.001354,0.000493
0,-0.041211,-0.157197,-0.097924,-0.11698,-0.118696,-0.150178,0.000719,0.002744
0,-0.068636,-0.009854,-0.031869,0.15692,-0.080014,0.12006,0.001198,0.000172
0,0.061075,0.028876,0.130745,0.046186,0.083922,0.070436,0.001066,0.000504
0,0.032806,-0.087732,-0.0221,-0.114036,0.013211,-0.093349,0.000573,0.001531
0,0.090523,0.098423,0.05425,0.186814,0.051521,0.216421,0.00158,0.001718
0,-0.042865,-0.008543,-0.11205,-0.090132,-0.13782,-0.096544,0.000748,0.000149
0,0.013411,-0.125457,0.041468,-0.111736,0.072216,-0.074777,0.000234,0.00219
0,-0.060401,-0.048931,-0.088361,0.077421,-0.132738,0.039817,0.001054,0.000854
0,0.083821,0.084797,0.114694,0.151737,0.108992,0.155664,0.001463,0.00148
0,0.030101,-0.14473,-0.069071,-0.212072,-0.090331,-0.170142,0.000525,0.002526
0,-0.037498,-0.102796,-0.074823,0.039819,-0.095265,0.071206,0.000654,0.001794
0,0.047493,0.09398,0.104023,0.180762,0.08828,0.14091,0.000829,0.00164
0,0.132777,0.091669,0.092391,-0.020749,0.120961,0.025018,0.002317,0.0016
0,0.189434,0.059159,0.032923,-0.002541,0.071204,-0.015756,0.003306,0.001033
0,0.030452,0.10794,-0.181244,0.037678,-0.211525,0.047352,0.000531,0.001884
0,-0.046449,0.073615,-0.059099,-0.020597,-0.108857,-0.043677,0.000811,0.001285
0,0.043766,-0.027544,0.082564,-0.088211,0.099119,-0.09112,0.000764,0.000481
0,0.030732,-0.050112,-0.004538,-0.000722,0.022205,0.020925,0.000536,0.000875
0,-0.133376,0.060491,-0.175213,0.081953,-0.166368,0.114266,0.002328,0.001056
0,-0.167055,0.098358,-0.014485,0.045798,-0.056133,0.083419,0.002916,0.001717
0,0.026689,-0.008061,0.209061,-0.116547,0.235495,-0.133264,0.000466,0.000141
0,0.016278,0.226549,-0.039971,0.227468,-0.015044,0.212181,0.000284,0.002737
0,-0.202196,0.246477,-0.22819,0.036468,-0.227374,0.028501,0.003162,0.002389
0,-0.109502,0.078595,0.07927,-0.138142,0.050787,-0.117047,0.001911,0.001372
0,-0.167715,0.236294,-0.039055,0.13462,-0.082067,0.089935,0.002927,0.002567
0,-0.081097,0.07263,0.073601,-0.181345,0.094315,-0.147019,0.001415,0.001268
0,-0.017345,0.22238,0.039907,0.148739,0.002502,0.197184,0.000303,0.00281
0,0.00881,0.185843,0.016269,-0.02596,0.011503,0.008565,0.000154,0.003244
0,-0.052461,0.088387,-0.037928,-0.089238,-0.032255,-0.062544,0.000916,0.001543
0,0.0899,-0.015468,0.128911,-0.102928,0.165717,-0.099032,0.001569,0.00027
0,-0.081295,-0.064991,-0.148994,-0.066803,-0.108885,-0.042774,0.001419,0.001134
0,0.007472,0.048529,0.08139,0.111217,0.078546,0.093617,0.00013,0.000847
0,-0.016089,0.026374,-0.004437,-0.040708,-0.030847,-0.072669,0.000281,0.00046
0,0.160186,0.115366,0.180969,0.080078,0.147724,0.118151,0.002796,0.002014
0,0.168274,-0.045075,0.007993,-0.178275,0.003053,-0.136141,0.002937,0.000787
0,-0.064015,-0.009702,-0.226552,0.050064,-0.22423,0.006489,0.001117,0.000169
0,0.045539,0.119129,0.121167,0.100724,0.091978,0.068841,0.000795,0.002079
0,-1.178123,1.346362,-1.238907,1.235335,-1.279578,1.247332,0.00049,0.003265
0,-1.378613,2.309455,-0.20897,0.946914,-0.225628,0.924256,0.002702,0.000163
0,-1.333574,2.098723,0.052738,-0.203803,0.061328,-0.162229,0.003203,0.003176
0,-1.738082,2.103015,-0.412618,0.032328,-0.456681,-0.011486,0.003119,0.00325
0,-1.798139,1.525869,-0.062986,-0.574594,-0.030195,-0.612847,0.002071,0.000132
0,-1.590451,1.307932,0.178524,-0.203157,0.154125,-0.243987,0.000995,0.002755
0,-1.045282,0.900392,0.57203,-0.419846,0.579933,-0.460233,0.001829,0.002333
0,-0.842869,1.032544,0.216152,0.115684,0.228798,0.077496,0.001329,0.002051
0,-0.483161,0.586045,0.375152,-0.458685,0.415424,-0.421304,0.001742,0.003153
0,-0.154829,0.410218,0.340339,-0.164336,0.355066,-0.119925,0.002702,0.000469
0,-0.083758,0.032556,0.059181,-0.355689,0.028748,-0.372857,0.001462,0.000568
0,0.006709,0.201129,0.105954,0.174987,0.086295,0.191081,0.000117,0.00318
0,0.063699,-0.195307,0.063909,-0.420164,0.033779,-0.392997,0.001112,0.003282
0,0.221025,-0.258505,0.138948,-0.044862,0.170636,-0.027875,0.002833,0.002179
0,0.246794,5e-05,0.046176,0.277299,0.034846,0.251723,0.002383,1e-06
0,-0.03597,-0.06746,-0.293527,-0.07685,-0.283359,-0.084243,0.000628,0.001177
0,0.144867,-0.171172,0.199785,-0.108991,0.229823,-0.131481,0.002528,0.002988
0,-0.051198,-0.1133,-0.22558,0.075373,-0.270576,0.105684,0.000894,0.001977
0,-0.025199,-0.058583,0.040927,0.040606,0.072038,0.039305,0.00044,0.001022
0,0.172134,-0.124331,0.206834,-0.04031,0.25671,-0.027153,0.003004,0.00217
0,0.170942,-0.022923,-0.014973,0.123577,0.011539,0.081495,0.002983,0.0004
0,0.095118,-0.266834,-0.102943,-0.261526,-0.099997,-0.300151,0.00166,0.002034
0,-0.081262,-0.167275,-0.160048,0.07963,-0.208897,0.090416,0.001418,0.002919
0,-0.076975,-0.138827,0.010091,0.049577,-0.035867,0.020527,0.001343,0.002423
0,0.064394,-0.00832,0.160221,0.12776,0.111454,0.145949,0.001124,0.000145
0,0.024628,0.027045,-0.059292,0.043493,-0.02151,0.055219,0.00043,0.000472
0,0.163006,-0.008497,0.157355,-0.018237,0.204609,0.004641,0.002845,0.000148
0,-0.044702,-0.041694,-0.233643,-0.053395,-0.268017,-0.067641,0.00078,0.000728
0,0.008037,-0.100216,0.078004,-0.041433,0.041439,-0.068415,0.00014,0.001749
0,-0.044357,-0.130294,-0.042095,-0.034949,-0.055056,-0.02495,0.000774,0.002274
0,-0.053788,-0.12825,0.013722,-0.023657,0.019081,-0.014085,0.000939,0.002238
0,0.179272,0.10611,0.243113,0.20744,0.255292,0.246468,0.003129,0.001852
0,0.107148,-0.079412,-0.064141,-0.192365,-0.021967,-0.177899,0.00187,0.001386
0,-0.065832,-0.004976,-0.158053,0.055419,-0.172929,0.093227,0.001149,8.7e-05
0,-0.077528,0.050029,-0.033941,0.079642,-0.029229,0.119629,0.001353,0.000873
0,0.116143,-0.094511,0.179415,-0.159297,0.206925,-0.189432,0.002027,0.00165
0,-0.035853,0.054141,-0.154407,0.174922,-0.115444,0.197959,0.000626,0.000945
0,0.002941,0.118878,0.04129,0.046501,0.044591,0.042217,5.1e-05,0.002075
0,0.0819,0.110256,0.078134,-0.003661,0.05286,-0.025536,0.001429,0.001924
0,0.001536,0.01731,-0.063928,-0.07842,-0.095305,-0.07427,2.7e-05,0.000302
0,0.046462,0.094648,0.016015,0.0765,-0.00643,0.082622,0.000811,0.001652
0,0.06337,-0.012457,0.04277,-0.117868,0.031429,-0.092245,0.001106,0.000217
0,-0.006698,0.076974,-0.081786,0.094973,-0.122324,0.117834,0.000117,0.001343
0,0.181804,-0.059957,0.165751,-0.164253,0.146365,-0.163302,0.003173,0.001046
0,-0.029449,-0.049334,-0.21764,-0.00683,-0.208689,0.00633,0.000514,0.000861
0,0.181901,0.055555,0.184885,0.12393,0.157851,0.111737,0.003175,0.00097
0,0.192767,-0.099646,0.024998,-0.176985,0.058446,-0.175991,0.003326,0.001739
0,0.101311,-0.211306,-0.105252,-0.11557,-0.057517,-0.138707,0.001768,0.003003
0,0.133529,0.049553,0.039874,0.240547,0.005632,0.258547,0.002331,0.000865
0,-0.168729,-0.00081,-0.278666,-0.077684,-0.257742,-0.044584,0.002945,1.4e-05
0,0.072095,0.065399,0.221728,0.090949,0.175808,0.061554,0.001258,0.001141
0,-0.13581,-0.074574,-0.228432,-0.1582,-0.224682,-0.165087,0.00237,0.001302
0,-0.006282,0.038858,0.119785,0.101806,0.095194,0.100799,0.00011,0.000678
0,-0.074209,-0.053541,-0.071069,-0.070245,-0.056993,-0.05707,0.001295,0.000934
0,0.078577,-0.118315,0.172348,-0.035727,0.18042,-0.068462,0.001371,0.002065
0,0.102999,0.039062,0.022581,0.140537,0.036772,0.177009,0.001798,0.000682
0,0.197637,0.063871,0.064754,0.039703,0.041827,0.066762,0.003241,0.001115
0,0.090881,-0.161098,-0.136523,-0.2158,-0.124441,-0.193039,0.001586,0.002812
0,0.11032,0.051397,0.013587,0.236066,0.027013,0.208581,0.001925,0.000897
0,-0.0194,0.037846,-0.138975,0.006402,-0.109374,-0.037588,0.000339,0.000661
0,0.105924,-0.161149,0.104191,-0.180924,0.107539,-0.203359,0.001849,0.002813
0,-0.050502,-0.011239,-0.148521,0.159319,-0.133616,0.110121,0.000881,0.000196
0,-0.008447,0.118755,0.03717,0.110502,0.041545,0.064346,0.000147,0.002073
0,0.061501,0.110977,0.098915,-0.019046,0.107723,-0.011875,0.001073,0.001937
0,0.038125,-0.038206,0.003424,-0.134265,-0.044814,-0.160395,0.000665,0.000667
0,0.194627,0.031057,0.149519,0.086576,0.164709,0.049492,0.003294,0.000542
0,-0.038914,-0.20705,-0.2596,-0.228078,-0.267073,-0.211028,0.000679,0.003077
0,-0.083336,-0.210255,-0.015443,-0.004545,-0.056103,-0.011672,0.001454,0.003021
0,-0.004264,0.012939,0.10818,0.222164,0.118995,0.21908,7.4e-05,0.000226
0,0.24655,0.038263,0.249783,0.050048,0.27914,0.090628,0.002388,0.000668
0,0.275904,-0.178993,0.002132,-0.19225,-0.009111,-0.187234,0.001875,0.003124
0,0.217398,-0.071187,-0.07518,0.131578,-0.069021,0.087167,0.002897,0.001242
0,0.138763,-0.119473,-0.083939,-0.018356,-0.043116,0.007763,0.002422,0.002085
0,0.230947,-0.033232,0.119744,0.107625,0.162143,0.132379,0.00266,0.00058
0,-0.051712,0.006915,-0.258094,0.064675,-0.286714,0.039164,0.000903,0.000121
0,0.171708,0.047737,0.211661,0.01548,0.206372,0.034285,0.002997,0.000833
0,-0.000812,0.104251,-0.165215,0.046125,-0.161641,0.013265,1.4e-05,0.00182
0,-0.024913,0.079082,-0.045336,0.002586,-0.047163,0.039274,0.000435,0.00138
0,-0.160414,0.023064,-0.150674,-0.061982,-0.157727,-0.036898,0.0028,0.000403
0,-0.014882,-0.046854,0.132718,-0.079875,0.119241,-0.123436,0.00026,0.000818
0,-0.030702,-0.044046,-0.003897,0.031987,-0.028086,0.009072,0.000536,0.000769
0,-0.00992,0.080687,0.04205,0.115301,-0.004024,0.122246,0.000173,0.001408
0,0.107997,-0.070085,0.117629,-0.174082,0.086968,-0.129529,0.001885,0.001223
0,-0.075892,0.163954,-0.163103,0.208412,-0.19641,0.232462,0.001325,0.002862
0,-0.198945,-0.077911,-0.1036,-0.247785,-0.143146,-0.22423,0.003219,0.00136
0,-0.161351,0.153117,0.051526,0.246841,0.095553,0.219688,0.002816,0.002672
0,-0.286884,0.00201,-0.149846,-0.168257,-0.169672,-0.125008,0.001684,3.5e-05
0,-0.190301,0.209357,0.124684,0.194799,0.088461,0.215263,0.003321,0.003037
0,0.02736,-0.091182,0.195482,-0.293024,0.227251,-0.282899,0.000478,0.001591
0,0.027288,0.109192,-0.017508,0.228132,-0.023711,0.213825,0.000476,0.001906
0,-0.127207,0.127046,-0.158549,0.010735,-0.173011,-0.005736,0.00222,0.002217
0,-0.09637,-0.048232,0.038415,-0.201679,0.021588,-0.231806,0.001682,0.000842
0,0.060654,0.182756,0.17831,0.227864,0.159373,0.25574,0.001059,0.00319
0,-0.113475,0.121626,-0.155292,-0.068421,-0.181141,-0.050731,0.001981,0.002123
0,-0.121642,-0.046998,0.020823,-0.185782,0.015154,-0.234468,0.002123,0.00082
0,-0.047876,0.120225,0.069136,0.194812,0.028504,0.238602,0.000836,0.002098
0,-0.182112,-0.074706,-0.116258,-0.172104,-0.081293,-0.221325,0.003178,0.001304
0,0.074231,0.032718,0.267496,0.132637,0.281178,0.083567,0.001296,0.000571
0,-0.019219,0.156102,-0.113452,0.126492,-0.127182,0.145845,0.000335,0.002724
0,0.018521,0.062786,0.011286,-0.078095,-0.018725,-0.118701,0.000323,0.001096
0,0.176748,0.05151,0.164234,-0.006307,0.154703,-0.017077,0.003085,0.000899
0,-0.063214,0.116205,-0.220926,0.045816,-0.19718,-0.003702,0.001103,0.002028
0,0.169701,-0.084367,0.205889,-0.228395,0.233087,-0.244851,0.002962,0.001472
0,0.071796,0.043405,-0.108482,0.135269,-0.119399,0.165525,0.001253,0.000758
0,0.051936,0.021406,-0.036982,-0.051504,-0.005044,-0.061908,0.000906,0.000374
0,0.204883,-0.152121,0.182437,-0.199607,0.217705,-0.21473,0.003115,0.002655
0,0.209257,0.121605,-0.008535,0.25588,-0.030357,0.206828,0.003039,0.002122
0,0.130392,0.035723,-0.083598,-0.060431,-0.033746,-0.067265,0.002276,0.000623
0,0.127207,0.129613,-0.012115,0.11068,-0.060268,0.084195,0.00222,0.002262
0,0.254377,0.011039,0.131164,-0.145416,0.165762,-0.168055,0.002251,0.000193
0,0.158126,0.05911,-0.112744,0.034903,-0.14083,0.044551,0.00276,0.001032
0,0.25972,0.079838,0.126968,0.013934,0.103119,-0.006551,0.002158,0.001393
0,0.210413,-0.068614,-0.041089,-0.161968,0.006652,-0.200176,0.003018,0.001198
0,0.034173,0.023285,-0.148329,0.084371,-0.141671,0.06322,0.000596,0.000406
0,0.217883,-0.009583,0.176592,-0.023306,0.151497,-0.041065,0.002888,0.000167
0,-0.047845,-0.025871,-0.244674,-0.032818,-0.271274,-0.048252,0.000835,0.000452
0,0.205453,-0.038351,0.25411,-0.040078,0.30345,-0.034015,0.003105,0.000669
0,0.069413,0.04463,-0.137578,0.09884,-0.12489,0.079613,0.001211,0.000779
0,0.031248,0.004282,-0.036895,-0.035683,-0.030941,0.0078,0.000545,7.5e-05
0,0.143295,0.011418,0.084282,0.010188,0.128219,0.018795,0.002501,0.000199
0,0.034408,0.072551,-0.118307,0.039864,-0.122116,-0.000151,0.000601,0.001266
0,-0.024379,0.010974,-0.085888,-0.071222,-0.0886,-0.077233,0.000425,0.000192
0,0.276563,-0.072287,0.276744,-0.069449,0.23498,-0.024248,0.001864,0.001262
0,0.061567,-0.127734,-0.207868,-0.049208,-0.195042,-0.017872,0.001075,0.002229
0,0.067352,0.081085,-0.001134,0.213979,-0.022755,0.171403,0.001176,0.001415
0,-0.015264,0.069302,-0.065167,-0.023764,-0.056029,-0.068942,0.000266,0.00121
0,0.133286,-0.10913,0.154871,-0.171128,0.146281,-0.135432,0.002326,0.001905
0,0.226523,-0.128509,0.073559,-0.019176,0.059314,-0.068271,0.002737,0.002243
0,0.173326,0.080594,-0.040489,0.233705,-0.083304,0.282571,0.003025,0.001407
0,0.033392,-0.208393,-0.112717,-0.270551,-0.141966,-0.274696,0.000583,0.003054
0,-0.05178,-0.148138,-0.112202,0.043059,-0.094266,0.020581,0.000904,0.002585
0,0.044544,-0.084379,0.126293,0.049903,0.173659,0.093453,0.000777,0.001473
0,0.049046,-0.13651,0.014318,-0.06944,0.026142,-0.055503,0.000856,0.002383
0,0.062606,-0.056624,0.012013,0.089498,-0.008627,0.052674,0.001093,0.000988
0,0.156446,-0.008023,0.083421,0.064475,0.077883,0.087991,0.002731,0.00014
0,-0.00925,0.080235,-0.183369,0.112541,-0.229922,0.085991,0.000161,0.0014
0,-0.02705,-0.163385,-0.004654,-0.24408,0.006587,-0.237601,0.000472,0.002852
0,-0.116412,0.097597,-0.108235,0.285304,-0.139376,0.240725,0.002032,0.001703
0,-0.123907,0.060853,0.008689,-0.05839,0.047797,-0.050644,0.002163,0.001062
0,-0.035416,0.057038,0.090768,0.015888,0.124931,-0.008997,0.000618,0.000995
0,-0.079908,-0.17829,-0.021323,-0.251147,-0.011834,-0.253876,0.001395,0.003112
0,0.054444,-0.134439,0.114164,0.04401,0.136704,-0.000181,0.00095,0.002346
0,-0.103063,-0.071452,-0.151437,0.068276,-0.185712,0.031217,0.001799,0.001247
0,0.027458,-0.182929,0.11842,-0.13348,0.069505,-0.08785,0.000479,0.003193
0,-0.13901,0.045674,-0.165951,0.232573,-0.1197,0.201735,0.002426,0.000797
0,-0.1177,-0.111169,0.004638,-0.178171,0.02083,-0.187642,0.002054,0.00194
0,-0.04732,0.049353,0.058476,0.177846,0.065724,0.17815,0.000826,0.000861
0,-0.000342,0.011929,0.075256,-0.055489,0.044157,-0.079826,6e-06,0.000208
0,0.020697,-0.030029,0.024476,-0.017233,0.007245,0.006821,0.000361,0.000524
0,-0.056496,-0.048885,-0.064822,-0.020359,-0.068321,-0.019619,0.000986,0.000853
0,0.003198,-0.058419,0.043721,-0.00417,0.017787,-0.041071,5.6e-05,0.00102
0,-0.131536,0.091309,-0.116937,0.150851,-0.134488,0.16435,0.002296,0.001594
0,-1.378705,0.871506,-1.242634,0.786998,-1.199934,0.812634,0.0027,0.001829
0,-3.951719,1.94173,-2.576445,1.081874,-2.56399,1.091062,0.002062,0.000435
0,-4.172123,1.882953,-0.223762,-0.070617,-0.269369,-0.104397,0.000782,0.00059
0,-3.472392,2.023909,0.690706,0.169415,0.68845,0.197443,0.000387,0.00187
0,-2.521691,2.119095,0.941772,0.095771,0.973371,0.067033,0.002824,0.00316
0,-1.83955,1.695176,0.65578,-0.417245,0.654112,-0.389328,0.001348,0.002823
0,-1.383964,1.378549,0.475906,-0.290546,0.427807,-0.295122,0.002609,0.002703
0,-0.988608,1.022503,0.415817,-0.382865,0.461139,-0.347727,0.002818,0.002226
0,-0.681535,0.588031,0.331305,-0.460867,0.309909,-0.44023,0.001487,0.003119
0,-0.332087,0.132953,0.330483,-0.440523,0.348302,-0.487131,0.001402,0.00232
0,-9.091441,0.011159,-8.785412,-0.144383,-8.826118,-0.178415,0.001904,0.000195
0,-8.982583,-0.013451,0.086821,-0.006615,0.075423,-0.048662,0.002887,0.000235
0,-8.956123,-0.328559,0.019941,-0.343386,-0.005919,-0.295375,0.002425,0.000956
0,-9.076634,-0.280308,-0.101974,0.025442,-0.135358,0.050776,0.002162,0.001799
0,-9.081873,-0.216024,-0.008105,0.085497,-0.00453,0.124486,0.002071,0.00292
0,-8.977972,-0.111693,0.123344,0.121035,0.159971,0.130565,0.002806,0.001949
0,-9.023354,-0.031875,-0.052853,0.076619,-0.050162,0.03648,0.003092,0.000556
0,-8.931053,0.050256,0.095727,0.094649,0.053281,0.113563,0.001987,0.000877
0,-8.649287,-0.092503,0.29357,-0.125319,0.245457,-0.12195,0.00293,0.001614
0,-8.172957,-0.214436,0.452662,-0.131545,0.407302,-0.136645,0.002138,0.002948
0,-7.659953,-0.053426,0.50638,0.134275,0.500518,0.16725,0.000125,0.000932
0,-7.195601,-0.00618,0.464791,0.042316,0.510725,0.061867,0.001539,0.000108
0,-6.870703,-0.028308,0.316061,-0.013007,0.352562,-0.006992,0.000518,0.000494
0,-6.264023,-0.083226,0.61611,-0.076682,0.651668,-0.079342,0.002275,0.001453
0,-6.138863,0.064995,0.149314,0.147049,0.196038,0.172244,9e-05,0.001134
0,-5.813653,-0.139698,0.331015,-0.213649,0.323518,-0.200043,0.001105,0.002438
0,-5.231145,-0.094576,0.571111,0.028404,0.600266,0.05833,0.002371,0.001651
0,-5.064422,0.027669,0.185572,0.128379,0.20134,0.083638,0.00141,0.000483
0,-4.591317,-0.037018,0.499736,-0.071899,0.464318,-0.049576,0.000156,0.000646
0,-4.313261,-0.084813,0.28251,-0.02569,0.236277,-0.021546,0.001682,0.00148
0,-4.228657,-0.14469,0.085989,-0.050251,0.063892,-0.083541,0.000205,0.002525
0,-3.878311,0.126435,0.329896,0.270981,0.329391,0.315179,0.000781,0.002207
0,-3.852958,0.009701,0.011568,-0.139203,-0.023347,-0.123993,0.000339,0.000169
0,-3.555458,-0.147101,0.295197,-0.146854,0.332182,-0.157589,0.001837,0.002567
0,-3.174137,0.104498,0.361928,0.260556,0.367729,0.309738,0.001873,0.001824
0,-2.981758,0.066692,0.202598,-0.034653,0.15293,-0.067895,0.001485,0.001164
0,-2.903548,-0.10408,0.071631,-0.156725,0.116949,-0.135005,0.00285,0.001817
0,-2.787848,-0.128588,0.105504,-0.020853,0.125301,0.023148,0.001821,0.002244
0,-2.635048,-0.151293,0.125036,0.005799,0.082719,0.03103,0.000845,0.002641
0,-2.448712,0.136184,0.194904,0.316913,0.242804,0.334803,0.002593,0.002377
0,-2.274874,0.102149,0.199325,-0.054446,0.169369,-0.081641,0.000441,0.001783
0,-2.269469,0.078417,0.019059,-0.000558,0.048251,0.016883,0.000535,0.001369
0,-2.194328,0.085235,0.093259,0.008187,0.056323,0.020409,0.001847,0.001488
0,-1.793757,0.100743,0.409986,0.035652,0.440272,0.005748,0.002147,0.001758
0,-1.890388,-0.112481,-0.103629,-0.225823,-0.074815,-0.194494,0.000461,0.001963
0,-1.691972,0.130758,0.214644,0.23032,0.216696,0.195812,0.002767,0.002282
0,-1.490866,0.076762,0.177831,-0.068596,0.186409,-0.067776,0.000743,0.00134
0,-1.4555,-0.060653,0.029246,-0.12996,-0.019164,-0.106635,0.00136,0.001059
0,-1.548575,-0.067248,-0.080618,0.021929,-0.114715,0.006145,0.000264,0.001174
0,-1.350402,-0.07362,0.187436,0.014139,0.14574,0.058184,0.003194,0.001285
0,-1.343027,0.027195,0.018158,0.119666,0.030176,0.156511,0.003323,0.000475
0,-1.140082,-0.038393,0.174948,-0.070886,0.17563,-0.053738,0.000174,0.00067
0,-1.1198,0.013804,0.012752,0.059122,-0.005378,0.038834,0.000528,0.000241
0,-1.04976,0.131791,0.072874,0.090509,0.108795,0.06483,0.001751,0.0023
0,-1.064608,0.031666,-0.007122,-0.086426,-0.007822,-0.062764,0.001492,0.000553
0,-0.892774,0.218933,0.14586,0.202214,0.19084,0.152912,0.0022,0.00287
0,-9.102497,-0.600076,-8.200438,-0.80067,-8.16151,-0.77266,0.001711,0.002908
0,-8.934829,-1.032154,0.169042,-0.430369,0.211007,-0.386795,0.002053,0.002058
0,-8.915575,-1.214751,-0.008315,-0.211083,-0.052548,-0.212673,0.001717,0.001129
0,-8.928805,-1.224903,0.002065,-0.006767,-0.015899,-0.043683,0.001948,0.001306
0,-8.901003,-0.906783,0.001969,0.307863,0.05148,0.352847,0.001463,0.002445
0,-9.141766,-0.952712,-0.252805,-0.017864,-0.283812,0.008403,0.001026,0.003246
0,-9.099296,-0.7912,0.047707,0.17293,0.068523,0.173617,0.001767,0.000427
0,-9.016985,-0.811348,0.099093,-0.005937,0.111744,0.018144,0.003204,0.000779
0,-8.863042,-0.53447,0.17381,0.293491,0.13484,0.259164,0.0008,0.002637
0,-8.538826,-0.303873,0.319326,0.201531,0.313062,0.1535,0.001833,0.001387
0,-8.887847,-0.067432,-0.33912,0.259564,-0.309109,0.236811,0.001233,0.001177
0,-8.917709,0.017359,-0.008852,0.07911,-0.029855,0.098165,0.001755,0.000303
0,-8.443039,0.210577,0.485038,0.171035,0.459339,0.131313,0.000161,0.003016
0,-7.291867,0.010601,1.124535,-0.209269,1.161743,-0.16266,0.000142,0.000185
0,-4.612794,0.056365,2.694656,0.068743,2.66129,0.070492,0.000219,0.000984
0,-3.829262,0.240487,0.773407,0.161029,0.728879,0.179598,7.5e-05,0.002494
0,-2.706741,0.078593,1.105577,-0.186921,1.071787,-0.208918,0.000406,0.001372
0,-0.833787,0.098044,1.850937,0.040332,1.837829,0.002265,0.001171,0.001711
0,-0.269797,0.181872,0.591754,0.094325,0.550728,0.065475,0.001982,0.003174
0,0.398741,0.113066,0.676777,-0.053316,0.634817,-0.052283,0.000269,0.001973
0,1.082235,-0.029841,0.698131,-0.11679,0.740167,-0.114027,0.001184,0.000521
0,1.141586,-0.026868,0.04111,-0.023742,0.005804,-0.036827,0.000148,0.000469
0,1.021783,0.149754,-0.133385,0.151247,-0.172286,0.130367,0.002239,0.002614
0,0.667647,-0.003902,-0.338818,-0.150436,-0.357466,-0.191136,0.001729,6.8e-05
0,0.429383,0.145265,-0.258804,0.127438,-0.29908,0.090149,0.000803,0.002535
0,0.520582,0.150788,0.101189,0.014587,0.100711,0.062518,0.002395,0.002632
0,0.368938,0.179155,-0.146481,0.026114,-0.118268,0.053756,0.000252,0.003127
0,0.128194,-0.033578,-0.253412,-0.239714,-0.257441,-0.249263,0.002237,0.000586
0,0.184377,0.001938,0.039721,0.01319,0.014906,0.056671,0.003218,3.4e-05
0,-0.07709,-0.014223,-0.263741,-0.022805,-0.252856,-0.054995,0.001345,0.000248
0,-0.106381,-0.050374,-0.04853,-0.039403,-0.018616,0.002752,0.001857,0.000879
0,0.147037,0.124911,0.263457,0.154055,0.242941,0.17691,0.002566,0.00218
0,0.040104,0.13741,-0.091394,0.012847,-0.076978,0.057763,0.0007,0.002398
0,-0.01502,0.112922,-0.061544,-0.047866,-0.018638,-0.024112,0.000262,0.001971
0,-0.020656,0.06806,-0.030564,-0.036781,0.006666,-0.07862,0.000361,0.001188
0,-0.108137,0.18455,-0.090277,0.105326,-0.104175,0.083158,0.001887,0.003221
0,0.015754,0.146957,0.124929,-0.041849,0.109641,-0.07063,0.000275,0.002565
0,0.159977,0.087137,0.151975,-0.062146,0.199543,-0.02044,0.002792,0.001521
0,0.184261,-0.066526,0.015446,-0.180549,0.054131,-0.217919,0.003216,0.001161
0,0.24429,-0.004176,0.088914,0.072788,0.057194,0.06697,0.002427,7.3e-05
0,0.242635,-0.100727,-0.006593,-0.098199,-0.006119,-0.106651,0.002456,0.001758
0,0.153007,0.032505,-0.095768,0.114595,-0.125563,0.067322,0.00267,0.000567
0,1.871438,0.580148,1.711099,0.518155,1.715137,0.468345,0.000791,0.003256
0,3.398909,1.258631,1.541806,0.695147,1.531469,0.738405,0.000895,0.001895
0,3.481959,1.145519,0.06218,-0.122195,0.042925,-0.148551,0.000554,7.9e-05
0,3.629393,1.213384,0.13061,0.066938,0.165307,0.077673,0.003127,0.001105
0,3.564448,1.056671,-0.04617,-0.130721,-0.040974,-0.169179,0.001994,0.00163
0,3.323204,0.948001,-0.224219,-0.082902,-0.219066,-0.100075,0.002217,0.003164
0,2.266349,0.836651,-1.067342,-0.127456,-1.062946,-0.099634,0.00059,0.001221
0,1.816634,0.652308,-0.456641,-0.174475,-0.44984,-0.209127,0.001748,0.001997
0,1.06299,0.222151,-0.763042,-0.417374,-0.792016,-0.442063,0.00152,0.002814
0,0.687382,0.297809,-0.39207,0.078654,-0.390149,0.038151,0.001385,0.001493
0,0.243549,0.10792,-0.466395,-0.162658,-0.433992,-0.186076,0.00244,0.001884
0,-0.112249,-0.127535,-0.349731,-0.251135,-0.331528,-0.230286,0.001959,0.002226
0,-0.535288,-0.291535,-0.413576,-0.152962,-0.441751,-0.161391,0.002652,0.001603
0,-0.459954,-0.016596,0.079677,0.258211,0.098181,0.224131,0.001337,0.00029
0,-0.690073,-0.225968,-0.249046,-0.181333,-0.277901,-0.195414,0.001338,0.002747
0,-0.425298,-0.130292,0.292833,0.090942,0.296614,0.079707,0.000732,0.002274
0,-0.4521,-0.091233,-0.020913,0.059146,-0.044363,0.028041,0.0012,0.001592
0,-0.41781,0.030001,0.034826,0.117009,0.065748,0.134778,0.000601,0.000524
0,-0.352681,0.019755,0.05769,-0.000978,0.027607,-0.029482,0.000535,0.000345
0,-0.174969,-0.032907,0.174589,-0.063538,0.220463,-0.093715,0.003054,0.000574
0,-0.26175,-0.022186,-0.086537,0.000309,-0.053176,-0.019789,0.002122,0.000387
0,-0.181037,-0.121534,0.065998,-0.09823,0.073021,-0.06442,0.00316,0.002121
0,-0.043277,0.012679,0.132483,0.1608,0.142883,0.18659,0.000755,0.000221
0,-0.091437,0.077975,-0.071435,0.072825,-0.101548,0.090585,0.001596,0.001361
0,-0.08876,-0.069102,0.000347,-0.136178,0.036526,-0.086383,0.001549,0.001206
0,-0.109033,-0.072877,-0.007036,0.008995,-0.045431,-0.022559,0.001903,0.001272
0,-0.03341,-0.186726,0.059992,-0.112012,0.012524,-0.107056,0.000583,0.003259
0,0.17682,-0.062026,0.227799,0.122241,0.274823,0.082204,0.003086,0.001083
0,-0.110874,-0.158891,-0.291797,-0.104901,-0.260376,-0.079684,0.001935,0.002773
0,0.002246,0.023504,0.106314,0.184339,0.070111,0.1828,3.9e-05,0.00041
0,0.031126,-0.066256,0.021819,-0.066376,0.047231,-0.034556,0.000543,0.001156
0,0.148433,-0.212661,0.122304,-0.158579,0.116398,-0.202478,0.002591,0.002979
0,-0.045856,-0.049469,-0.213982,0.151036,-0.17997,0.163837,0.0008,0.000863
0,0.080046,-0.074638,0.11845,-0.032674,0.081789,-0.028221,0.001397,0.001303
0,0.165492,-0.168971,0.098645,-0.066718,0.127601,-0.09085,0.002888,0.002949
0,0.143443,-0.01475,-0.051722,0.155123,-0.05911,0.112436,0.002504,0.000257
0,0.205414,-0.040148,0.047775,-0.024403,0.064614,-0.014442,0.003106,0.000701
0,0.102241,-0.017675,-0.120601,-0.002234,-0.106019,-0.04348,0.001784,0.000308
0,0.083243,-0.010186,-0.035396,0.016359,-0.025888,-0.005734,0.001453,0.000178
0,-0.069766,0.079099,-0.175162,0.099872,-0.202809,0.136271,0.001218,0.001381
0,0.080392,-0.170129,0.145679,-0.226412,0.122038,-0.24905,0.001403,0.002969
0,-0.1087,-0.111504,-0.175005,0.048419,-0.157602,0.091294,0.001897,0.001946
0,-0.183188,-0.012159,-0.081025,0.110126,-0.04582,0.084829,0.003197,0.000212
0,0.106125,-0.025107,0.314678,-0.007222,0.284456,-0.007734,0.001852,0.000438
0,0.000737,-0.131862,-0.1086,-0.123846,-0.124882,-0.129142,1.3e-05,0.002301
0,-0.094939,-0.093935,-0.087468,0.014941,-0.04867,0.04167,0.001657,0.001639
0,0.053218,-0.099757,0.131379,0.004546,0.133567,0.013793,0.000929,0.001741
0,-0.13003,-0.111168,-0.161945,0.014151,-0.173786,0.031155,0.002269,0.00194
0,-0.052036,0.105518,0.065082,0.206954,0.036377,0.180042,0.000908,0.001842
0,0.002537,0.077687,0.06487,-0.04073,0.046546,-0.044432,4.4e-05,0.001356
0,0.05089,0.04445,0.020257,-0.02205,0.070089,-0.031985,0.000888,0.000776
0,-0.093699,-0.015784,-0.144921,-0.069155,-0.126878,-0.035693,0.001635,0.000275
0,-0.123414,-0.085307,-0.036877,-0.045622,0.00967,-0.068415,0.002154,0.001489
0,0.007531,0.049495,0.16038,0.11106,0.201407,0.100363,0.000131,0.000864
0,-0.099254,0.098002,-0.106462,0.073545,-0.072431,0.052073,0.001732,0.00171
0,-0.112413,0.004024,-0.026767,-0.094754,-0.037649,-0.070491,0.001962,7e-05
0,-0.073329,0.10158,0.018563,0.119153,-0.007297,0.074702,0.00128,0.001773
0,-0.052107,-0.079339,-0.000114,-0.170724,0.048599,-0.127596,0.000909,0.001385
0,-0.098724,0.050445,-0.034171,0.124984,0.013531,0.091622,0.001723,0.00088
0,-0.124494,0.097226,-0.023858,0.05132,-0.056116,0.0569,0.002173,0.001697
0,0.022814,-0.127271,0.174109,-0.214136,0.187798,-0.247561,0.000398,0.002221
0,-0.214147,0.007881,-0.262791,0.148167,-0.28603,0.155231,0.002953,0.000138
0,-0.050164,0.0095,0.178807,0.0266,0.176043,0.066421,0.000876,0.000166
0,-0.036677,-0.140071,-0.009711,-0.129454,0.039097,-0.1739,0.00064,0.002445
0,0.006286,-0.139325,0.024837,0.011739,0.02272,0.014769,0.00011,0.002432
0,-0.119068,-0.178593,-0.105267,-0.029136,-0.128852,-0.058349,0.002078,0.003117
0,-0.233945,0.018367,-0.115635,0.204915,-0.088339,0.215597,0.002608,0.000321
0,-0.054567,-0.108381,0.182598,-0.154139,0.136257,-0.176958,0.000952,0.001892
0,-0.225678,0.007099,-0.179407,0.09531,-0.185224,0.078378,0.002752,0.000124
0,-0.227169,-0.112591,0.017127,-0.135406,0.054682,-0.171628,0.002726,0.001965
0,-0.031266,0.105131,0.211412,0.237009,0.204237,0.253695,0.000546,0.001835
0,-0.117102,-0.073112,-0.098897,-0.152179,-0.068573,-0.181346,0.002044,0.001276
0,-0.109832,-0.105313,-0.001157,-0.035532,0.041006,-0.030713,0.001917,0.001838
0,-0.147785,0.075778,-0.021612,0.151403,-0.013596,0.124859,0.002579,0.001323
0,-0.081438,-0.130548,0.084109,-0.223407,0.099641,-0.267979,0.001421,0.002278
0,-0.049973,-0.07938,0.029423,0.032097,0.052732,0.001451,0.000872,0.001385
0,-0.154079,0.005234,-0.110816,0.095982,-0.076504,0.077757,0.002689,9.1e-05
0,-0.00371,0.003146,0.158375,0.025673,0.151313,0.040522,6.5e-05,5.5e-05
0,0.02404,0.032598,0.022954,0.05558,0.05903,0.032388,0.00042,0.000569
0,0.057156,-0.045387,0.021663,-0.093377,0.002897,-0.089405,0.000998,0.000792
0,-0.028737,-0.072399,-0.097955,-0.010475,-0.085514,-0.016068,0.000502,0.001264
0,-0.011853,0.081243,0.009096,0.140566,-0.024661,0.186781,0.000207,0.001418
0,0.061748,-0.018306,0.068283,-0.118117,0.035179,-0.110584,0.001078,0.000319
0,0.048973,0.122315,-0.001216,0.16175,0.01436,0.127621,0.000855,0.002135
0,0.052546,0.029496,0.028466,-0.06497,0.019781,-0.111955,0.000917,0.000515
0,0.147103,-0.088125,0.069446,-0.117942,0.027513,-0.157207,0.002567,0.001538
0,-0.014792,-0.000276,-0.151311,0.078133,-0.103051,0.099753,0.000258,5e-06
0,0.148623,-0.094275,0.134484,-0.101927,0.093801,-0.083564,0.002594,0.001645
0,-0.037261,-0.042262,-0.165442,0.057332,-0.213329,0.02804,0.00065,0.000738
0,-0.051988,0.106474,0.006296,0.146369,-0.026104,0.186732,0.000907,0.001858
0,0.04316,-0.028539,0.122036,-0.116449,0.089201,-0.09695,0.000753,0.000498
0,-0.044119,0.156873,-0.11612,0.197075,-0.136153,0.227361,0.00077,0.002738
0,0.025352,-0.100249,0.068853,-0.246026,0.085153,-0.282253,0.000442,0.00175
0,0.110212,-0.137145,0.0582,-0.041242,0.070051,-0.016348,0.001924,0.002394
0,-0.003078,-0.002118,-0.111407,0.140497,-0.123786,0.146598,5.4e-05,3.7e-05
0,0.179648,0.05518,0.205677,0.081364,0.173721,0.129237,0.003135,0.000963
0,0.070255,-0.170473,-0.102622,-0.199372,-0.127429,-0.187959,0.001226,0.002975
0,0.021619,-0.08324,-0.037029,0.114587,0.010218,0.140866,0.000377,0.001453
0,0.023366,-0.058891,-0.024244,0.051704,0.007589,0.096904,0.000408,0.001028
0,-0.1588,0.056092,-0.192848,0.109215,-0.228948,0.120262,0.002772,0.000979
0,-0.124134,0.085233,0.040951,0.027669,0.059192,0.059838,0.002167,0.001488
0,-0.135846,-0.017165,-0.009969,-0.109722,-0.051967,-0.069052,0.002371,0.0003
0,-0.129652,-0.046197,0.025326,0.000248,0.065812,0.030532,0.002263,0.000806
0,-0.061959,-0.147909,0.048767,-0.088426,0.017803,-0.043714,0.001081,0.002582
0,-0.111682,0.064898,-0.04213,0.226847,-0.034405,0.253101,0.001949,0.001133
0,-0.073679,0.019405,0.011704,-0.054307,-0.026814,-0.082424,0.001286,0.000339
0,0.006753,-0.061691,0.051738,-0.090143,0.045681,-0.13681,0.000118,0.001077
0,-0.147151,-0.046261,-0.15261,0.032047,-0.187897,-0.012816,0.002568,0.000807
0,-0.034441,-0.02394,0.127133,-0.000717,0.153077,0.02498,0.000601,0.000418
0,-0.096835,-0.0473,-0.088574,-0.006928,-0.112671,-0.012325,0.00169,0.000826
0,-0.217659,0.051564,-0.123652,0.127465,-0.116073,0.156741,0.002892,0.0009
0,-0.053437,0.023148,0.156077,-0.008769,0.165844,-0.010847,0.000933,0.000404
0,-0.181101,0.097973,-0.100095,0.08689,-0.124518,0.07309,0.003161,0.00171
0,0.050257,-0.157973,0.21998,-0.260472,0.232352,-0.291025,0.000877,0.002757
0,-0.112144,0.101577,-0.170279,0.285626,-0.15315,0.244087,0.001957,0.001773
0,-0.15703,0.004079,-0.04563,-0.070847,-0.052822,-0.022463,0.002741,7.1e-05
0,-0.218899,-0.157473,-0.083498,-0.17919,-0.130841,-0.138216,0.00287,0.002748
0,-0.207084,-0.084878,0.038335,0.098892,0.025177,0.109974,0.003077,0.001481
0,-0.081913,-0.120725,0.117705,-0.035157,0.139024,-0.077502,0.00143,0.002107
0,-0.049703,0.03456,0.034342,0.179315,0.00466,0.201967,0.000867,0.000603
0,-0.214708,-0.151504,-0.163087,-0.207092,-0.188146,-0.181585,0.002943,0.002644
0,-0.147292,0.048497,0.041386,0.196431,0.006479,0.237316,0.002571,0.000846
0,-0.163539,0.09734,-0.033251,0.021258,-0.059883,0.048165,0.002854,0.001699
0,-0.306771,0.036203,-0.170394,-0.066241,-0.187941,-0.023933,0.001337,0.000632
0,-0.274694,0.104549,0.039985,0.070174,0.025196,0.030044,0.001896,0.001825
0,-0.04416,0.01152,0.234419,-0.072534,0.223614,-0.100917,0.000771,0.000201
0,-0.232211,0.06484,-0.193693,0.055342,-0.162767,0.098482,0.002638,0.001132
0,-0.110129,-0.015091,0.093243,-0.081756,0.081121,-0.082522,0.001922,0.000263
0,-0.073965,0.123642,0.062679,0.112975,0.071802,0.099147,0.001291,0.002158
0,-0.184659,0.117314,-0.139927,0.010834,-0.122871,-0.032382,0.003223,0.002048
0,-0.208525,-0.120335,-0.012955,-0.252492,-0.018572,-0.270312,0.003051,0.0021
0,-0.195758,0.004006,-0.003446,0.126941,-0.014323,0.120839,0.003274,7e-05
0,-0.168303,0.046827,0.027822,0.042382,0.040115,0.068849,0.002937,0.000817
0,-0.236713,-0.007606,-0.067919,-0.046417,-0.096255,-0.065239,0.002559,0.000133
0,-0.097973,0.011625,0.145416,0.042211,0.143297,0.014606,0.00171,0.000203
0,-0.186856,-0.024636,-0.062604,-0.007385,-0.043619,-0.00833,0.003261,0.00043
0,-0.280219,0.020215,-0.094079,0.03654,-0.059176,0.021402,0.0018,0.000353
0,-0.326953,-0.092753,-0.066507,-0.128837,-0.099002,-0.161069,0.000984,0.001619
0,-0.227789,-0.171881,0.124456,-0.104735,0.105334,-0.060549,0.002715,0.003
0,-0.09357,0.032791,0.146921,0.207565,0.187231,0.205303,0.001633,0.000572
0,-0.096814,0.034883,0.015608,0.028078,0.053907,0.047855,0.00169,0.000609
0,-0.260783,0.03523,-0.154344,0.005591,-0.157141,0.042952,0.002139,0.000615
0,-0.241869,0.063194,0.024089,0.054231,0.070789,0.071841,0.002469,0.001103
0,-0.316101,-0.09677,-0.081156,-0.179731,-0.121415,-0.200599,0.001174,0.001689
0,-0.079737,-0.055612,0.211257,0.036999,0.198123,0.028876,0.001392,0.000971
0,0.052958,0.015951,0.106685,0.04355,0.097044,0.089195,0.000924,0.000278
0,-0.048285,0.059774,-0.079981,0.063733,-0.047371,0.02711,0.000843,0.001043
0,-0.078949,0.073133,-0.028861,0.021608,-0.056692,-0.01022,0.001378,0.001276
0,-0.103293,0.030626,-0.034958,-0.04338,-0.076171,-0.028119,0.001803,0.000535
0,-0.070097,0.143427,0.023843,0.118991,0.042402,0.128741,0.001223,0.002503
0,-0.008127,0.039269,0.058939,-0.099581,0.045337,-0.061373,0.000142,0.000685
0,-0.128929,0.149957,-0.138536,0.124384,-0.121369,0.126883,0.00225,0.002617
0,-0.186763,0.123758,-0.076997,-0.007553,-0.101227,-0.048329,0.00326,0.00216
0,-0.081208,0.020436,0.084836,-0.099673,0.092633,-0.116972,0.001417,0.000357
0,-0.078918,0.084338,-0.017253,0.055523,0.014452,0.074597,0.001377,0.001472
0,0.076633,0.067832,0.127249,-0.013321,0.165222,-0.022218,0.001338,0.001184
0,0.110457,-0.034836,0.027392,-0.121794,0.048594,-0.166685,0.001928,0.000608
0,-0.050697,0.151931,-0.138806,0.192498,-0.172556,0.18784,0.000885,0.002652
0,-0.144361,0.030602,-0.103697,-0.144456,-0.135361,-0.116663,0.00252,0.000534
0,-0.129055,-0.042014,0.002326,-0.082242,-0.041022,-0.097842,0.002252,0.000733
0,-0.008086,-0.025589,0.091041,0.012566,0.104392,-0.017348,0.000141,0.000447
0,-0.15122,-0.081442,-0.140092,-0.049992,-0.185551,-0.084354,0.002639,0.001421
0,-0.002056,0.002359,0.142996,0.087366,0.095014,0.126131,3.6e-05,4.1e-05
0,-0.128488,-0.028349,-0.114081,-0.024941,-0.086703,-0.038366,0.002243,0.000495
0,-0.041574,0.168299,0.113978,0.175421,0.158453,0.151452,0.000726,0.002937
0,-0.021256,0.155324,-0.003602,-0.00068,-0.030924,-0.002985,0.000371,0.002711
0,-0.109299,0.086676,-0.069422,-0.090155,-0.075817,-0.104728,0.001908,0.001513
0,-0.064515,0.007624,0.030057,-0.079273,0.010611,-0.044567,0.001126,0.000133
0,0.030682,0.157217,0.122695,0.165584,0.117132,0.187277,0.000536,0.002744
0,-0.174882,0.084906,-0.176171,-0.09701,-0.183454,-0.086383,0.003052,0.001482
0,-0.06359,0.184926,0.099876,0.104243,0.135077,0.114956,0.00111,0.003228
0,-0.088934,0.057987,-0.010898,-0.127966,-0.010579,-0.093076,0.001552,0.001012
0,-0.111811,-0.046438,-0.025899,-0.129029,-0.052916,-0.143823,0.001951,0.000811
0,-0.056209,0.034467,0.033563,0.069325,0.018496,0.022603,0.000981,0.000602
0,-0.093391,-0.019116,-0.042674,-0.066366,-0.08598,-0.053134,0.00163,0.000334
0,-0.191458,0.103057,-0.120179,0.121489,-0.083279,0.153774,0.003342,0.001799
0,-0.339403,0.134682,-0.145483,0.04882,-0.113417,0.035888,0.000767,0.002351
0,-0.337149,0.003944,0.030439,-0.157102,0.003674,-0.119444,0.000806,6.9e-05
0,-0.224996,0.109518,0.099613,0.134766,0.115538,0.137701,0.002764,0.001911
0,-0.143704,0.2046,0.058714,0.079696,0.03114,0.072149,0.002508,0.00312
0,-0.222079,0.013074,-0.057943,-0.220552,-0.027789,-0.199478,0.002815,0.000228
0,-0.279967,0.104135,-0.030505,0.105175,-0.015601,0.13628,0.001804,0.001817
0,-0.400572,0.040016,-0.133114,-0.062473,-0.109062,-0.088049,0.0003,0.000698
0,-0.175381,-0.043853,0.223803,-0.077944,0.251717,-0.061798,0.003061,0.000765
0,-0.171316,0.072445,-0.000305,0.140005,-0.042934,0.105913,0.00299,0.001264
0,-0.28007,-0.061349,-0.125692,-0.10977,-0.135556,-0.089353,0.001803,0.001071
0,-0.146521,0.025192,0.138463,0.110139,0.140426,0.157255,0.002557,0.00044
0,-0.187264,0.030178,-0.059814,0.00113,-0.034308,0.002166,0.003268,0.000527
0,-0.317926,-0.011299,-0.13454,-0.037255,-0.091974,-0.017505,0.001142,0.000197
0,-0.207701,-0.131436,0.110323,-0.122691,0.07998,-0.103657,0.003066,0.002294
0,-0.207082,-0.0538,-0.002675,0.060573,0.035209,0.038421,0.003077,0.000939
0,-0.129077,-0.037225,0.101105,0.030334,0.093685,0.075969,0.002253,0.00065
0,-0.105532,-0.078596,0.040457,-0.049651,0.041036,-0.016413,0.001842,0.001372
0,-0.049045,0.167004,0.037007,0.255341,0.035182,0.27378,0.000856,0.002915
0,-0.141295,-0.09415,-0.121129,-0.243681,-0.11703,-0.24907,0.002466,0.001643
0,-0.184014,0.143249,-0.046474,0.212148,-0.063417,0.230122,0.003212,0.0025
0,0.016856,-0.12393,0.201097,-0.279865,0.172824,-0.257933,0.000294,0.002163
0,0.909282,-0.597988,0.885228,-0.488104,0.879397,-0.440367,0.002488,0.002945
0,3.856427,-1.438855,2.932594,-0.856333,2.934533,-0.818249,0.000399,0.001651
0,4.80538,-1.568282,0.946913,-0.15655,0.933106,-0.128869,0.003111,0.000608
0,5.246258,-1.356964,0.458515,0.204671,0.433978,0.229305,0.002107,0.00308
0,4.717401,-1.376287,-0.514084,-0.035185,-0.535516,-0.071819,0.002044,0.002743
0,3.063884,-0.972144,-1.627072,0.431212,-1.607975,0.455699,5.2e-05,0.003105
0,2.390986,-0.727991,-0.701262,0.2332,-0.741663,0.202234,0.001586,0.000676
0,1.716098,-0.536211,-0.684242,0.20564,-0.665067,0.179402,0.003188,0.002668
0,1.324381,-0.279773,-0.3958,0.263596,-0.364439,0.241261,0.003042,0.001808
0,0.762234,0.093682,-0.576127,0.367644,-0.563189,0.369625,7.8e-05,0.001635
0,0.443258,0.214922,-0.305065,0.105497,-0.299335,0.134023,0.001045,0.00294
0,0.011294,0.301936,-0.44103,0.093196,-0.475731,0.048141,0.000197,0.001421
0,0.005219,0.04653,0.023363,-0.257765,0.001775,-0.298219,9.1e-05,0.000812
0,-0.450221,0.038376,-0.464131,-0.011643,-0.432069,-0.027184,0.001167,0.00067
0,-0.308543,0.268346,0.142648,0.221691,0.149537,0.257374,0.001306,0.002007
0,-0.315245,0.031032,-0.024273,-0.21187,-0.026745,-0.215368,0.001189,0.000542
0,-0.338617,0.121656,-0.030835,0.117757,-0.015633,0.15888,0.000781,0.002123
0,-0.166968,0.155285,0.170923,0.02281,0.127284,0.013969,0.002914,0.00271
0,-0.382842,0.074893,-0.202792,-0.098738,-0.214818,-0.077474,9e-06,0.001307
0,-0.114254,0.065538,0.276926,-0.009204,0.280362,-0.007594,0.001994,0.001144
0,-0.206882,0.275034,-0.071876,0.203609,-0.062566,0.17439,0.00308,0.001891
0,-0.100247,0.182868,0.101646,-0.068481,0.147042,-0.083624,0.00175,0.003192
0,-0.082012,0.245534,0.004308,0.054442,0.021438,0.041013,0.001431,0.002405
0,-0.193914,0.200043,-0.100519,-0.044087,-0.074741,-0.014198,0.003306,0.003199
0,-0.234622,0.078874,-0.06244,-0.105171,-0.093314,-0.09854,0.002596,0.001377
0,-0.358066,-0.008916,-0.148757,-0.080287,-0.141076,-0.061365,0.000441,0.000156
0,-0.331002,0.091902,0.013284,0.094334,0.000571,0.114887,0.000914,0.001604
0,-0.008125,0.20364,0.350566,0.091188,0.337571,0.047077,0.000142,0.003137
0,-0.06512,0.073343,-0.034247,-0.10496,0.002156,-0.080491,0.001137,0.00128
0,-0.288675,-0.020245,-0.248238,-0.065346,-0.235788,-0.054938,0.001652,0.000353
0,-0.354027,0.216157,-0.058646,0.240779,-0.041098,0.261424,0.000512,0.002918
0,-0.154966,0.14858,0.186209,-0.045996,0.172535,-0.021304,0.002705,0.002593
0,-0.062144,0.077551,0.120586,-0.064498,0.133773,-0.031588,0.001085,0.001354
0,-0.177457,0.17893,-0.108627,0.119735,-0.12891,0.072061,0.003097,0.003123
0,-0.072155,0.148867,0.117569,-0.041616,0.124414,-0.086132,0.001259,0.002598
0,-0.200823,0.221282,-0.154797,0.095689,-0.202008,0.089112,0.003186,0.002829
0,-0.210207,0.147917,0.015901,-0.063577,0.025296,-0.023898,0.003022,0.002582
0,-0.10937,-0.049097,0.102267,-0.206417,0.110438,-0.201461,0.001909,0.000857
0,-0.183397,-0.064164,-0.083511,-0.016499,-0.078384,-0.037188,0.003201,0.00112
0,-0.022422,0.133416,0.178741,0.183938,0.134894,0.228977,0.000391,0.002329
0,-0.211869,-0.029296,-0.214719,-0.133389,-0.189452,-0.148444,0.002993,0.000511
0,-0.191184,-0.120789,-0.006309,-0.083074,0.001925,-0.083547,0.003337,0.002108
0,-0.171571,0.152079,0.024377,0.274545,0.008668,0.312166,0.002994,0.002654
0,-0.154049,-0.070084,-0.006653,-0.227892,-0.032941,-0.229069,0.002689,0.001223
0,-0.221864,0.09566,-0.092565,0.190797,-0.07074,0.202923,0.002819,0.00167
0,-0.760433,-1.238419,-0.527875,-1.351052,-0.5725,-1.363553,0.00011,0.001542
0,-0.981458,-1.233516,-0.240637,0.013146,-0.276886,-0.017791,0.002943,0.001456
0,-1.041322,-1.18641,-0.052835,0.025842,-0.075011,0.052668,0.001898,0.000634
0,-0.913963,-0.848315,0.126649,0.31295,0.119947,0.343133,0.00257,0.001424
0,-0.938654,-0.815625,-0.023395,0.017254,-0.020738,0.058968,0.003001,0.000854
0,-0.897951,-0.664372,0.018595,0.151678,0.010914,0.136258,0.002291,0.001786
0,-0.554931,-0.501992,0.350099,0.180168,0.378534,0.201639,0.002995,0.002071
0,-0.408201,-0.502684,0.120781,-0.028803,0.072385,-0.056683,0.000434,0.002083
0,-0.356166,-0.368239,0.076641,0.132504,0.067646,0.095784,0.000475,0.000264
0,-0.209452,-0.090609,0.144952,0.248015,0.17006,0.263726,0.003035,0.001581
0,-0.150161,-0.152957,0.063583,-0.07804,0.074026,-0.070346,0.002621,0.00267
0,-0.100505,-0.151976,0.056754,-0.027508,0.060783,-0.021857,0.001754,0.002652
0,-0.001744,-0.128537,0.069903,0.050501,0.044643,0.001856,3e-05,0.002243
0,-0.070262,-0.078672,-0.038648,0.039568,-0.007653,0.006119,0.001226,0.001373
0,0.217924,-0.050395,0.286726,0.036988,0.296856,0.034586,0.002887,0.00088
0,0.018288,0.204623,-0.213104,0.269843,-0.211369,0.294061,0.000319,0.003119
0,-0.068739,-0.023578,-0.058168,-0.245645,-0.066059,-0.224578,0.0012,0.000412
0,0.017851,0.088034,0.114505,0.109695,0.142141,0.154437,0.000312,0.001536
0,-0.01929,-0.132447,-0.039274,-0.202129,-0.059382,-0.217156,0.000337,0.002312
0,0.061473,-0.055383,0.080725,0.105135,0.067874,0.152259,0.001073,0.000967
0,0.063778,0.068945,-0.018181,0.1109,-0.034902,0.130757,0.001113,0.001203
0,-0.05523,-0.073595,-0.146976,-0.129001,-0.098397,-0.12029,0.000964,0.001284
0,-0.029463,-0.04809,0.01156,0.003877,-0.002156,-0.029477,0.000514,0.000839
0,0.129622,0.006989,0.179227,0.028771,0.169171,-0.008679,0.002262,0.000122
0,0.057048,0.063557,-0.074901,0.057528,-0.122962,0.085183,0.000996,0.001109
0,-0.021293,-0.069337,-0.07469,-0.154471,-0.069982,-0.169844,0.000372,0.00121
0,-0.077796,0.072501,-0.084857,0.151418,-0.125763,0.18834,0.001358,0.001265
0,0.060245,-0.022347,0.161963,-0.111213,0.1977,-0.072341,0.001051,0.00039
0,0.092815,0.072295,0.047803,0.107871,0.005095,0.148244,0.00162,0.001262
0,-0.039709,-0.029111,-0.147051,-0.096425,-0.151182,-0.073233,0.000693,0.000508
0,-0.058351,0.078993,-0.032721,0.081512,-0.057737,0.049204,0.001018,0.001379
0,0.021557,-0.028781,0.086805,-0.094374,0.125417,-0.091695,0.000376,0.000502
0,0.043116,-0.098394,0.027166,-0.078071,-0.011399,-0.108666,0.000753,0.001717
0,0.117717,-0.014743,0.087929,0.071961,0.126476,0.027697,0.002055,0.000257
0,0.030861,-0.093669,-0.073858,-0.087916,-0.079092,-0.130044,0.000539,0.001635
0,-0.055514,-0.133765,-0.10752,-0.063389,-0.131804,-0.059001,0.000969,0.002335
0,-0.005733,-0.045172,0.056838,0.112766,0.061653,0.161425,0.0001,0.000788
0,0.018941,0.031481,0.008828,0.058867,-0.009227,0.096705,0.000331,0.000549
0,-0.087484,-0.112846,-0.127771,-0.170019,-0.09987,-0.208955,0.001527,0.00197
0,-0.062979,-0.12198,0.048761,-0.001972,0.083901,0.03946,0.001099,0.002129
0,-0.134611,0.099158,-0.083522,0.227845,-0.102461,0.218881,0.002349,0.001731
0,-0.025182,0.089668,0.086089,0.010892,0.096047,-0.023341,0.00044,0.001565
0,2.453502,-0.988982,2.486235,-1.09455,2.481875,-1.103297,0.002677,0.002811
0,2.639963,-1.19844,0.204784,-0.229337,0.206439,-0.235245,0.00076,0.000844
0,2.516901,-1.401675,-0.106062,-0.232075,-0.064569,-0.253647,0.002908,0.002299
0,2.147203,-1.323115,-0.365548,0.091605,-0.398811,0.063867,0.002669,0.00302
0,1.810706,-1.184601,-0.331147,0.141172,-0.380277,0.091387,0.001851,0.000603
0,1.233464,-1.530745,-0.577746,-0.370719,-0.55023,-0.400001,0.001456,4.7e-05
0,0.917145,-0.969413,-0.305124,0.588427,-0.258223,0.549078,0.002626,0.003153
0,0.492354,-0.603094,-0.413156,0.359061,-0.436215,0.40775,0.001902,0.002856
0,0.190402,-0.717031,-0.327462,-0.125211,-0.288003,-0.13635,0.003323,0.000867
0,-0.069853,-0.249662,-0.262441,0.459529,-0.251017,0.442172,0.001219,0.002333
0,-0.054263,-0.221473,0.025108,0.037159,-0.008209,0.009377,0.000947,0.002825
0,-0.173265,-0.079802,-0.135865,0.145277,-0.130375,0.133984,0.003024,0.001393
0,-0.1373,0.158826,0.027305,0.208653,0.061555,0.172689,0.002396,0.002772
0,-0.148986,0.133888,-0.040992,-0.008847,-0.023301,0.017114,0.0026,0.002337
0,-0.010279,0.130814,0.10926,0.024034,0.117861,0.052303,0.000179,0.002283
0,-0.076431,0.138388,-0.052723,-0.004922,-0.052181,0.043021,0.001334,0.002415
0,-0.046751,0.352943,0.040547,0.189643,0.01216,0.205649,0.000816,0.000531
0,-0.187646,0.199494,-0.133338,-0.136921,-0.119887,-0.155216,0.003275,0.003209
0,-0.262465,0.121144,-0.09095,-0.105643,-0.124645,-0.060011,0.00211,0.002114
0,-0.251897,0.004253,-0.005838,-0.13967,-0.010214,-0.16365,0.002294,7.4e-05
0,-0.025371,0.035821,0.207915,0.035978,0.180709,-0.007883,0.000443,0.000625
0,0.046152,0.076082,0.082497,0.055001,0.104226,0.061046,0.000806,0.001328
0,-0.040015,-0.086885,-0.09126,-0.153484,-0.054201,-0.127311,0.000698,0.001516
0,0.054266,0.148116,0.06859,0.231617,0.052296,0.216434,0.000947,0.002585
0,0.050536,0.149958,-0.001587,-0.027262,0.034526,0.006172,0.000882,0.002617
0,-0.12379,-0.031306,-0.170985,-0.162319,-0.159896,-0.211812,0.002161,0.000546
0,-0.154796,0.180137,-0.056923,0.232123,-0.011998,0.27093,0.002702,0.003144
0,-0.131178,-0.03909,0.046238,-0.227353,0.018206,-0.265259,0.002289,0.000682
0,0.075144,0.031213,0.226588,0.078188,0.230906,0.067103,0.001312,0.000545
0,-0.087286,0.009965,-0.158337,-0.003746,-0.120654,0.001062,0.001523,0.000174
0,0.039669,-0.078213,0.150326,-0.074422,0.15981,-0.10053,0.000692,0.001365
0,-0.111854,0.132242,-0.170226,0.238132,-0.210965,0.201542,0.001952,0.002308
0,-0.002336,0.141983,0.136161,0.003353,0.108024,0.018853,4.1e-05,0.002478
0,-0.015776,0.11886,0.015706,-0.032341,0.062978,-0.01035,0.000275,0.002074
0,0.150328,-0.008497,0.158471,-0.123857,0.195463,-0.141476,0.002624,0.000148
0,-0.550411,-0.658693,-0.678443,-0.639231,-0.68317,-0.685002,0.002916,0.001885
0,-1.266936,-0.823297,-0.714141,-0.154429,-0.678802,-0.201003,0.00204,0.000988
0,-1.89577,-0.752025,-0.658428,0.05072,-0.640099,0.085236,0.000367,0.000256
0,-1.744774,-0.987933,0.177244,-0.26055,0.157643,-0.294137,0.003002,0.00283
0,-1.558046,-0.953893,0.189816,0.06118,0.1423,0.02641,0.00043,0.003267
0,-1.322402,-0.920787,0.259674,0.012041,0.293373,0.019444,0.003008,0.002689
0,-1.092759,-0.721022,0.238428,0.192324,0.193914,0.211682,0.001,0.000797
0,-0.761928,-0.37905,0.333646,0.358189,0.30925,0.311518,8.3e-05,7.5e-05
0,-0.184357,-0.268673,0.566582,0.102461,0.521437,0.111377,0.003218,0.002002
0,0.125382,-0.112984,0.293825,0.177468,0.251714,0.194101,0.002188,0.001972
0,0.051448,-0.214194,-0.103252,-0.1092,-0.1224,-0.135778,0.000898,0.002952
0,0.142568,0.099575,0.072259,0.289659,0.046682,0.336504,0.002488,0.001738
0,0.32082,0.029546,0.205852,-0.052878,0.177598,-0.054285,0.001091,0.000516
0,0.30803,0.207504,0.004544,0.206117,-0.038735,0.238638,0.001315,0.003069
0,0.282931,0.111439,-0.017561,-0.069928,-0.018291,-0.030646,0.001753,0.001945
0,0.239229,0.241485,-0.018411,0.149589,0.00766,0.120327,0.002515,0.002476
0,0.259107,0.150855,0.003133,-0.078892,0.017328,-0.065415,0.002169,0.002633
0,0.326737,0.069426,0.061609,-0.084853,0.054451,-0.105102,0.000988,0.001212
0,0.208685,0.163241,-0.139379,0.07399,-0.125442,0.052774,0.003049,0.002849
0,0.118004,0.122418,-0.107728,-0.062888,-0.109365,-0.065039,0.00206,0.002137
0,0.283761,0.184772,0.141314,0.063988,0.095302,0.078903,0.001738,0.003225
0,0.345428,0.091368,0.064042,-0.086136,0.105023,-0.133399,0.000662,0.001595
0,0.218331,-0.017614,-0.111751,-0.119575,-0.141973,-0.100188,0.00288,0.000307
0,0.211695,-0.021213,-0.02342,0.004256,-0.015077,0.004172,0.002996,0.00037
0,0.179129,0.143672,-0.044185,0.192949,-0.090608,0.220574,0.003126,0.002508
0,0.107703,0.195484,-0.079075,0.03059,-0.094441,-0.000136,0.00188,0.003279
0,0.11465,0.09539,0.006153,-0.115714,-0.040886,-0.102748,0.002001,0.001665
0,0.141228,0.248203,0.03038,0.152434,0.034562,0.11474,0.002465,0.002359
0,0.218157,0.234293,0.054895,0.000354,0.020238,0.008692,0.002883,0.002602
0,0.206166,0.256495,-0.017094,0.031836,-0.021778,0.066362,0.003093,0.002214
0,0.194364,-0.003096,-0.021678,-0.24591,-0.065211,-0.278068,0.003299,5.4e-05
0,0.160364,0.105614,-0.056536,0.122695,-0.087291,0.148998,0.002799,0.001843
0,0.075615,0.038418,-0.081194,-0.051397,-0.129082,-0.002751,0.00132,0.000671
0,0.087646,0.255463,0.003564,0.244111,0.043098,0.244249,0.00153,0.002232
0,0.058793,0.003444,-0.038363,-0.226981,-0.042662,-0.223311,0.001026,6e-05
0,-0.101379,0.02853,-0.154611,0.014518,-0.137374,-0.009692,0.001769,0.000498
0,-0.053941,-0.022801,0.042706,-0.025231,0.033892,-0.056872,0.000941,0.000398
0,-0.115862,0.136993,-0.077951,0.182265,-0.124851,0.179819,0.002022,0.002391
0,-0.150539,0.035821,-0.037352,-0.12659,-0.023662,-0.140146,0.002627,0.000625
0,-0.123043,0.019408,0.006729,-0.029922,-0.003735,-0.079727,0.002148,0.000339
0,-0.108385,0.1675,0.001738,0.156462,-0.023127,0.202135,0.001892,0.002923
0,-0.019122,0.208325,0.063261,0.02205,0.061605,0.025398,0.000334,0.003055
0,0.059128,0.163939,0.074502,-0.031215,0.112947,-0.067221,0.001032,0.002861
0,-0.031779,0.118764,-0.065526,-0.045771,-0.114618,-0.055266,0.000555,0.002073
0,0.003838,0.146325,0.057374,0.005361,0.057896,-0.013604,6.7e-05,0.002554
0,-0.064958,0.078536,-0.042868,-0.083174,0.005531,-0.112605,0.001134,0.001371
0,-0.064454,0.055249,-0.023189,-0.0239,-0.035199,-0.001079,0.001125,0.000964
0,0.004229,0.017099,0.056099,-0.061397,0.039689,-0.052781,7.4e-05,0.000298
0,0.043428,0.134094,0.048214,0.116299,0.083556,0.093829,0.000758,0.00234
0,0.041645,0.043638,-0.019043,-0.100271,-0.043513,-0.121992,0.000727,0.000762
0,0.013201,-0.144849,-0.007881,-0.19074,-0.039897,-0.205631,0.00023,0.002528
0,-0.121001,-0.416322,-0.112797,-0.264838,-0.120269,-0.231923,0.002112,0.000575
0,0.117562,-0.587558,0.246089,-0.147659,0.270521,-0.126387,0.002052,0.003127
0,0.085249,-0.431405,-0.023072,0.149773,-0.023994,0.122904,0.001488,0.000839
0,-0.095544,-0.333975,-0.209949,0.099211,-0.217674,0.115013,0.001668,0.000862
0,0.129999,-0.50378,0.205283,-0.196624,0.194979,-0.208712,0.002269,0.002102
0,-0.146148,-0.36446,-0.25728,0.146719,-0.2127,0.149006,0.002551,0.00033
0,-0.135275,-0.2758,0.039656,0.064532,0.086146,0.093808,0.002361,0.001877
0,0.091601,-0.244588,0.251874,0.035051,0.212166,-0.007195,0.001599,0.002422
0,0.125705,-0.014178,0.008811,0.224098,-0.029138,0.256093,0.002194,0.000247
0,-0.026591,-0.015307,-0.148355,-0.001523,-0.11072,0.00191,0.000464,0.000267
0,-0.11061,-0.009784,-0.070324,-0.020821,-0.106879,-0.002806,0.001931,0.000171
0,0.079803,0.115191,0.166996,0.098818,0.18668,0.138102,0.001393,0.00201
0,-0.041337,0.030902,-0.097482,-0.080886,-0.105024,-0.128657,0.000721,0.000539
0,-0.128733,0.133055,-0.070175,0.113788,-0.070156,0.104628,0.002247,0.002322
0,-0.081937,0.0162,0.068215,-0.096529,0.062414,-0.053897,0.00143,0.000283
0,-0.160146,0.025956,-0.071508,0.00818,-0.101474,-0.037666,0.002795,0.000453
0,0.082028,-0.023894,0.220098,-0.066501,0.226052,-0.109413,0.001432,0.000417
0,-0.079757,0.013121,-0.146147,0.010134,-0.171663,0.03106,0.001392,0.000229
0,0.030814,0.106789,0.099741,0.085704,0.080658,0.049258,0.000538,0.001864
0,-0.023255,0.040997,-0.026226,-0.050957,-0.060536,-0.040897,0.000406,0.000716
0,-0.042779,0.174136,-0.000253,0.147781,-0.047937,0.122637,0.000747,0.003039
0,-0.027631,-0.09901,-0.008458,-0.277898,0.01043,-0.251658,0.000482,0.001728
0,-0.088719,-0.069162,-0.067394,0.026111,-0.027945,-0.015967,0.001548,0.001207
0,0.08727,-0.037599,0.180328,0.02956,0.183194,0.068448,0.001523,0.000656
0,-0.090522,0.00602,-0.162417,0.022736,-0.168866,0.022753,0.00158,0.000105
0,-0.139507,0.018953,-0.062594,0.0267,-0.088584,0.063194,0.002435,0.000331
0,-0.034201,-0.014776,0.093804,-0.034275,0.137925,0.00902,0.000597,0.000258
0,-0.162526,-0.046245,-0.145709,-0.046097,-0.140704,-0.073491,0.002837,0.000807
0,-0.077826,-0.096919,0.113239,-0.062917,0.162969,-0.078216,0.001358,0.001692
0,0.007059,-0.130524,0.082666,-0.025657,0.086915,0.01557,0.000123,0.002278
0,0.157408,-0.09326,0.140652,0.019706,0.163093,-0.011652,0.002747,0.001628
0,0.122868,-0.040828,-0.028251,0.081037,-0.006402,0.039179,0.002144,0.000713
0,-0.013887,-0.095258,-0.126279,-0.050376,-0.083236,-0.100162,0.000242,0.001663
0,-0.085467,-0.115311,-0.098663,-0.023568,-0.109378,0.015982,0.001492,0.002013
0,0.122694,0.177678,0.196975,0.293257,0.180752,0.290915,0.002141,0.003101
0,-0.164173,0.121571,-0.276507,-0.062675,-0.253421,-0.108982,0.002865,0.002122
0,-0.187767,0.067021,-0.021847,-0.025336,0.005819,-0.026203,0.003277,0.00117
0,0.033372,0.031184,0.211093,-0.031679,0.173155,-0.005653,0.000582,0.000544
0,-0.170491,0.07633,-0.208266,0.038892,-0.217932,0.056949,0.002976,0.001332
0,-0.117481,-0.082563,0.078055,-0.166766,0.030875,-0.161307,0.00205,0.001441
0,-0.207486,-0.009673,-0.066304,0.062028,-0.06889,0.10361,0.00307,0.000169
0,-0.125123,0.091842,0.057162,0.071687,0.067881,0.052497,0.002184,0.001603
0,-0.208701,-0.088685,-0.073134,-0.151869,-0.063833,-0.190455,0.003048,0.001548
0,0.016611,0.122559,0.244604,0.195726,0.243724,0.218861,0.00029,0.002139
0,-0.213607,-0.146233,-0.244754,-0.270598,-0.269635,-0.301894,0.002963,0.002552
0,-0.158206,0.160502,0.045558,0.313654,0.023066,0.305947,0.002761,0.002801
0,-0.075136,0.12535,0.057841,-0.05814,0.076498,-0.093742,0.001311,0.002188
0,-0.169415,-0.113186,-0.072784,-0.211682,-0.034483,-0.166325,0.002957,0.001975
0,-0.151686,0.121771,0.024603,0.233117,-0.019159,0.216853,0.002647,0.002125
0,-0.050177,-0.142523,0.101017,-0.291342,0.115511,-0.310478,0.000876,0.002487
0,-0.120987,0.076235,-0.08218,0.247144,-0.100025,0.211127,0.002112,0.001331
0,-0.147593,0.106625,-0.054792,0.044354,-0.051179,0.059172,0.002576,0.001861
0,-0.165739,-0.003219,-0.000325,-0.091534,0.019405,-0.087285,0.002893,5.6e-05
0,-0.096007,-0.085077,0.093093,-0.059669,0.081406,-0.025208,0.001676,0.001485
0,-0.091125,-0.118769,-0.019638,-0.031393,0.010965,-0.004978,0.00159,0.002073
0,-0.07625,0.011207,-0.001168,0.114002,-0.012054,0.08886,0.001331,0.000196
0,-0.218915,-0.130598,-0.137669,-0.167997,-0.105973,-0.177418,0.00287,0.002279
0,-0.182373,0.004788,0.016044,0.157309,0.043161,0.172963,0.003183,8.4e-05
0,-0.087849,-0.050095,0.069186,-0.065051,0.046882,-0.080403,0.001533,0.000874
0,-0.213832,0.032142,-0.142331,0.088914,-0.14172,0.04788,0.002959,0.000561
0,-0.078374,-0.08526,0.13116,-0.122195,0.095153,-0.154644,0.001368,0.001488
0,2.907078,-0.090509,3.001909,-0.026893,2.969485,-0.037197,0.002788,0.00158
0,4.487199,0.086896,1.568663,0.168686,1.58547,0.123598,0.001973,0.001517
0,4.916916,-0.149753,0.415398,-0.248631,0.391433,-0.257363,0.001164,0.002614
0,4.492355,-0.031091,-0.416935,0.135207,-0.437288,0.10942,0.001883,0.000543
0,3.276337,-0.131148,-1.20559,-0.086108,-1.176522,-0.107713,0.003034,0.002289
0,2.354051,0.092173,-0.939682,0.197875,-0.900111,0.179765,0.000941,0.001609
0,1.571722,0.04378,-0.76866,-0.069841,-0.791301,-0.032513,0.000668,0.000764
0,1.093496,-0.139378,-0.492184,-0.192189,-0.486534,-0.193198,0.000987,0.002433
0,0.731551,-0.029652,-0.359626,0.097099,-0.342173,0.116965,0.000614,0.000518
0,0.518299,-0.007484,-0.189855,0.030419,-0.197442,0.046709,0.002355,0.000131
0,0.086003,-0.14092,-0.429903,-0.152725,-0.437823,-0.127738,0.001501,0.00246
0,-0.407508,-0.184111,-0.491283,-0.018783,-0.443168,0.02556,0.000422,0.003213
0,-0.705688,-0.078976,-0.284913,0.096208,-0.273007,0.082917,0.001065,0.001378
0,-0.616304,-0.133717,0.101967,-0.057872,0.093593,-0.083741,0.002625,0.002334
0,-0.438582,0.000949,0.171611,0.107733,0.150165,0.122196,0.000964,1.7e-05
0,-0.432368,0.044707,0.029833,0.021252,-0.004141,-0.027198,0.000855,0.00078
0,-0.141494,-0.105796,0.263887,-0.153271,0.2267,-0.195305,0.00247,0.001846
0,-0.141183,-0.206496,-0.008736,-0.119115,-0.03887,-0.12236,0.002464,0.003087
0,-0.187003,0.029274,-0.037624,0.210752,0.008696,0.183478,0.003264,0.000511
0,-0.19532,0.09792,-0.021228,0.081785,0.018711,0.089116,0.003282,0.001709
0,-0.078928,0.14086,0.12837,0.061708,0.117676,0.046234,0.001378,0.002458
0,0.066243,0.154796,0.137603,-0.010745,0.149744,0.015765,0.001156,0.002702
0,0.089836,0.163373,0.017225,-0.002158,-0.010295,-0.02268,0.001568,0.002851
0,0.193839,0.026152,0.080871,-0.134957,0.119825,-0.162268,0.003308,0.000456
0,0.121478,0.1342,-0.066438,0.12181,-0.04764,0.111571,0.00212,0.002342
0,6.7e-05,-0.065641,-0.115337,-0.197838,-0.142413,-0.245443,1e-06,0.001146
0,-0.079801,0.161646,-0.084068,0.21011,-0.083166,0.164483,0.001393,0.002821
0,-0.056009,-0.003984,0.01008,-0.146039,-0.024675,-0.131163,0.000978,7e-05
0,0.104082,-0.003776,0.178774,-0.010569,0.16943,0.021352,0.001817,6.6e-05
0,-0.13162,0.031046,-0.218266,0.023401,-0.244686,0.01979,0.002297,0.000542
0,0.08716,0.045395,0.204629,-0.013654,0.169141,0.024407,0.001521,0.000792
0,-0.079082,-0.037927,-0.163715,-0.083336,-0.11559,-0.070039,0.00138,0.000662
0,0.084532,-0.026503,0.186301,0.003654,0.144272,0.044024,0.001475,0.000463
0,-0.040422,0.040907,-0.15322,0.045335,-0.199441,0.042778,0.000705,0.000714
0,0.036651,0.019811,0.078497,-0.012542,0.084702,-0.03977,0.00064,0.000346
0,0.013842,-0.137928,-0.012291,-0.150348,0.015294,-0.112033,0.000242,0.002407
0,-0.041467,-0.043477,-0.081865,0.065351,-0.042134,0.037419,0.000724,0.000759
0,-0.018416,-0.110284,0.004073,-0.064982,0.004387,-0.099061,0.000321,0.001925
0,-0.012587,-0.065873,-0.010937,0.020673,-0.009848,-0.023531,0.00022,0.00115
0,-0.069707,-0.027263,-0.077335,0.031688,-0.103187,0.035175,0.001217,0.000476
0,0.038281,0.064141,0.099448,0.069678,0.127347,0.024146,0.000668,0.001119
0,-0.045394,0.036252,-0.081539,-0.001426,-0.128251,0.040969,0.000792,0.000633
0,0.089842,-0.083345,0.123516,-0.146648,0.152512,-0.173542,0.001568,0.001455
0,0.167344,0.066797,0.100959,0.139889,0.052226,0.138467,0.002921,0.001166
0,-0.042033,0.113455,-0.196655,0.055877,-0.245494,0.073959,0.000734,0.00198
0,0.187318,0.09996,0.213876,-0.001287,0.202222,0.037634,0.003269,0.001745
0,0.049005,-0.015442,-0.146641,-0.137926,-0.123893,-0.09621,0.000855,0.00027
0,0.092827,0.068702,0.027454,0.069658,-0.019223,0.105743,0.00162,0.001199
0,0.006069,0.039947,-0.067199,-0.018443,-0.029376,0.005269,0.000106,0.000697
0,-0.112596,-0.085472,-0.122931,-0.110253,-0.120651,-0.142357,0.001965,0.001492
0,0.144116,-0.095082,0.252399,-0.028634,0.237083,-0.060458,0.002515,0.001659
0,0.109277,-0.010996,-0.026525,0.076601,-0.036526,0.058665,0.001907,0.000192
0,-0.057816,0.022733,-0.140962,0.062976,-0.176985,0.072668,0.001009,0.000397
0,0.041438,0.095434,0.110486,0.09161,0.126901,0.066811,0.000723,0.001666
0,-0.167305,-0.143675,-0.210424,-0.225659,-0.163827,-0.230099,0.00292,0.002508
0,0.115328,-0.00322,0.296179,0.122502,0.265756,0.168185,0.002013,5.6e-05
0,0.16175,-0.056857,0.02508,-0.03602,0.044064,0.006033,0.002823,0.000992
0,0.025151,-0.105515,-0.150102,-0.067111,-0.175917,-0.048521,0.000439,0.001842
0,-0.043713,-0.22726,-0.044273,-0.114884,-0.087275,-0.112285,0.000763,0.002724
0,0.179551,-0.002685,0.240758,0.199664,0.279442,0.18077,0.003134,4.7e-05
0,0.027559,-0.209148,-0.168518,-0.201575,-0.162748,-0.223778,0.000481,0.00304
0,-0.025507,-0.184851,-0.06556,0.017857,-0.050566,0.042933,0.000445,0.003226
0,0.045847,-0.023232,0.088341,0.168521,0.101822,0.165997,0.0008,0.000405
0,0.230463,-0.221411,0.194686,-0.171633,0.207561,-0.187824,0.002668,0.002826
0,0.137259,-0.02778,-0.122794,0.16646,-0.154048,0.130426,0.002396,0.000485
0,0.190493,-0.008314,0.081191,0.010345,0.109332,0.036172,0.003325,0.000145
0,0.086333,-0.073234,-0.088771,-0.051723,-0.046042,-0.019044,0.001507,0.001278
0,0.117758,-0.08735,0.054729,-0.032971,0.044535,-0.009585,0.002055,0.001525
0,0.021178,-0.074194,-0.094611,-0.016472,-0.141995,-0.023509,0.00037,0.001295
0,-0.094923,-0.0736,-0.114023,0.019663,-0.090875,-0.020227,0.001657,0.001285
0,0.038719,-0.218089,0.118576,-0.158901,0.114577,-0.138834,0.000676,0.002884
0,0.085273,-0.1327,0.065573,0.085474,0.021711,0.113844,0.001488,0.002316
0,0.228824,-0.000868,0.158579,0.126845,0.166087,0.162768,0.002697,1.5e-05
0,0.1974,-0.098371,-0.014398,-0.127495,-0.02359,-0.132069,0.003246,0.001717
0,0.237045,-0.083619,0.037866,0.017257,0.031495,0.035317,0.002554,0.001459
0,0.019824,-0.156033,-0.205832,-0.077857,-0.205633,-0.054796,0.000346,0.002723
0,0.034013,-0.046986,0.024632,0.090341,0.067647,0.057045,0.000594,0.00082
0,0.098439,0.018092,0.037372,0.037711,0.065768,0.071843,0.001718,0.000316
0,0.349202,0.015006,0.235508,-0.01922,0.252076,0.024597,0.000596,0.000262
0,0.11549,-0.053331,-0.225421,-0.07236,-0.241381,-0.087889,0.002016,0.000931
0,0.184141,0.087551,0.041287,0.12114,0.019245,0.162756,0.003214,0.001528
0,0.113591,-0.076275,-0.094464,-0.163636,-0.109646,-0.158355,0.001983,0.001331
0,0.302419,-0.064737,0.218016,-0.011916,0.250932,-0.045801,0.001413,0.00113
0,0.110346,-0.126116,-0.176087,-0.055608,-0.129537,-0.019164,0.001926,0.002201
0,0.036695,-0.121948,-0.059669,0.025036,-0.10218,-0.000481,0.00064,0.002128
0,0.009623,-0.07499,-0.043939,0.02779,-0.018023,0.015401,0.000168,0.001309
0,0.101517,-0.107228,0.110646,-0.009871,0.155813,0.036521,0.001772,0.001871
0,0.193467,-0.145703,0.086408,-0.050744,0.041402,-0.00805,0.003314,0.002543
0,0.193054,-0.014851,0.000386,0.10948,-0.037121,0.144885,0.003321,0.000259
0,0.133878,-0.033446,-0.083453,-0.021223,-0.080751,-0.065472,0.002337,0.000584
0,0.198135,-0.143601,0.043218,-0.081222,0.028261,-0.079161,0.003233,0.002506
0,-0.015683,-0.09751,-0.229634,0.03827,-0.273685,0.069228,0.000274,0.001702
0,0.024797,-0.167089,0.0252,-0.060936,-0.005949,-0.061837,0.000433,0.002916
0,0.215042,-0.078038,0.194511,0.067488,0.180147,0.059822,0.002938,0.001362
0,0.155853,0.116946,-0.048779,0.181948,-0.056277,0.183256,0.00272,0.002041
0,0.059209,-0.050276,-0.07517,-0.167143,-0.085351,-0.117196,0.001033,0.000877
0,-0.049778,0.066279,-0.115274,0.088065,-0.142349,0.082088,0.000869,0.001157
0,0.117521,-0.136912,0.152157,-0.1841,0.158172,-0.203086,0.002051,0.00239
0,0.180437,-0.182706,0.065072,-0.023066,0.031713,-0.035665,0.003149,0.003189
0,0.074806,-0.132215,-0.114235,0.06604,-0.117865,0.114807,0.001306,0.002308
0,0.000227,0.02863,-0.071639,0.184539,-0.043712,0.156097,4e-06,0.0005
0,-0.12511,-0.016806,-0.116272,-0.037992,-0.097407,-0.008321,0.002184,0.000293
0,0.027272,0.110907,0.171267,0.14665,0.145654,0.183769,0.000476,0.001936
0,0.047179,-0.155173,0.016546,-0.289022,-0.006715,-0.247138,0.000823,0.002708
0,-0.094019,0.035572,-0.115025,0.195218,-0.140708,0.20016,0.001641,0.000621
0,-0.081586,-0.10866,0.031456,-0.149849,0.015273,-0.192122,0.001424,0.001896
0,-0.13825,0.09359,-0.06048,0.206695,-0.017102,0.207357,0.002413,0.001633
0,-0.024353,-0.121379,0.086217,-0.201237,0.135964,-0.187509,0.000425,0.002118
0,-0.06748,-0.089308,-0.06903,0.013246,-0.078345,0.046022,0.001178,0.001559
0,0.022616,0.075648,0.08014,0.179703,0.096972,0.143043,0.000395,0.00132
0,-0.005116,0.032435,-0.015017,-0.039333,0.034806,0.005212,8.9e-05,0.000566
0,-0.155569,-0.019894,-0.121967,-0.07757,-0.125464,-0.084907,0.002715,0.000347
0,-0.056419,-0.077801,0.06982,-0.074239,0.029086,-0.080432,0.000985,0.001358
0,-0.035183,-0.0082,0.007563,0.062795,0.033587,0.062472,0.000614,0.000143
0,0.065266,0.113173,0.09882,0.124662,0.124137,0.130823,0.001139,0.001975
0,-0.198861,-0.111569,-0.246028,-0.23412,-0.227229,-0.27045,0.00322,0.001947
0,0.047759,0.052865,0.272052,0.183262,0.239129,0.182383,0.000834,0.000923
0,-0.118279,-0.163854,-0.185943,-0.229555,-0.189104,-0.274249,0.002064,0.00286
0,0.006912,-0.191485,0.115037,-0.03113,0.076419,-0.042339,0.000121,0.003342
0,-0.107454,0.004804,-0.124318,0.217201,-0.116193,0.194262,0.001875,8.4e-05
0,-0.122859,-0.04884,-0.011681,-0.057707,-0.014752,-0.051631,0.002144,0.000852
0,-0.164215,-0.01389,-0.023308,0.027357,-0.031212,0.01992,0.002866,0.000242
0,0.104145,-0.19518,0.288366,-0.177694,0.265144,-0.130464,0.001818,0.003284
0,0.10499,-0.079034,-0.009797,0.115895,-0.035373,0.088002,0.001832,0.001379
0,-0.1532,0.063398,-0.242449,0.120493,-0.227956,0.122122,0.002674,0.001106
0,-0.008328,-0.13325,0.127789,-0.198162,0.078838,-0.155383,0.000145,0.002326
0,0.099206,0.116867,0.102856,0.258392,0.148757,0.218134,0.001731,0.00204
0,-0.004639,-0.014682,-0.085503,-0.142174,-0.097603,-0.106834,8.1e-05,0.000256
0,-0.130104,0.067624,-0.123008,0.091264,-0.172792,0.059424,0.002271,0.00118
0,-0.125513,0.04106,-0.012036,-0.012882,-0.028395,0.005314,0.002191,0.000717
0,-0.205344,-0.15601,-0.070797,-0.219487,-0.065794,-0.231534,0.003107,0.002723
0,-0.087783,-0.015078,0.141912,0.165981,0.10087,0.186551,0.001532,0.000263
0,-0.050171,-0.098846,0.020236,-0.095853,0.032799,-0.06152,0.000876,0.001725
0,-0.008904,0.08991,0.035718,0.196387,-0.005948,0.236325,0.000155,0.001569
0,-0.148977,0.005764,-0.156253,-0.095497,-0.201924,-0.111092,0.0026,0.000101
0,-0.172146,-0.02426,-0.042408,-0.022179,0.005853,-0.012115,0.003005,0.000423
0,-0.125166,0.001238,0.01992,0.038106,0.04614,0.069374,0.002185,2.2e-05
0,0.072859,0.161977,0.171609,0.140923,0.151505,0.178741,0.001272,0.002827
0,-0.030042,0.154773,-0.097124,0.021799,-0.10977,0.033492,0.000524,0.002701
0,-0.139044,-0.027379,-0.126714,-0.205133,-0.129672,-0.203771,0.002427,0.000478
0,-0.077462,0.152314,0.051009,0.193985,0.066378,0.226661,0.001352,0.002658
0,-0.148397,0.044157,-0.09449,-0.112809,-0.086345,-0.154387,0.00259,0.000771
0,-0.125936,0.006832,0.032261,-0.012807,0.027834,0.02623,0.002198,0.000119
0,-0.128996,0.157013,-0.019575,0.14015,-0.019891,0.179457,0.002251,0.00274
0,-0.048373,0.13019,0.054139,-0.021232,0.038772,-0.000403,0.000844,0.002272
0,-0.034072,-0.014125,0.007259,-0.173341,0.051995,-0.163787,0.000595,0.000247
0,0.01181,0.052377,0.01724,0.059515,0.039953,0.016491,0.000206,0.000914
0,-0.232183,-0.086559,-0.246859,-0.109403,-0.270378,-0.129588,0.002638,0.001511
0,-0.082278,-0.096967,0.133764,-0.032627,0.177613,-0.048534,0.001436,0.001692
0,-0.204037,-0.037836,-0.114883,0.045499,-0.104751,0.043583,0.00313,0.00066
0,-0.113932,0.145616,0.075869,0.170027,0.121797,0.165898,0.001988,0.002541
0,0.006713,0.110819,0.117406,-0.047803,0.149117,-0.019504,0.000117,0.001934
0,-0.086781,-0.068759,-0.098671,-0.207999,-0.1446,-0.213017,0.001515,0.0012
0,-0.006258,-0.075732,0.102373,0.022058,0.125685,0.016346,0.000109,0.001322
0,0.025395,-0.002274,0.060568,0.09968,0.067822,0.130319,0.000443,4e-05
0,-0.22773,0.063774,-0.23339,0.039229,-0.203378,0.026651,0.002716,0.001113
0,-0.132855,-0.077671,0.109968,-0.111822,0.11626,-0.124343,0.002319,0.001356
0,-0.265257,-0.049397,-0.140752,0.057309,-0.1189,0.020988,0.002061,0.000862
0,-0.177663,0.0999,0.067669,0.148519,0.106948,0.169834,0.003101,0.001744
0,-0.098124,-0.062462,0.065635,-0.134675,0.042441,-0.129709,0.001713,0.00109
0,-0.160909,0.113061,-0.056113,0.174527,-0.028702,0.223695,0.002808,0.001973
0,-0.157031,-0.138668,0.025812,-0.229518,0.043612,-0.189281,0.002741,0.00242
0,-0.11611,0.120156,0.023111,0.273201,-0.001572,0.306418,0.002026,0.002097
0,-0.078091,-0.152243,0.050543,-0.289877,0.093947,-0.240749,0.001363,0.002657
0,-0.170467,-0.093977,-0.085113,0.073018,-0.046893,0.094836,0.002975,0.00164
0,0.083924,-0.034625,0.247867,0.059233,0.285712,0.04933,0.001465,0.000604
0,-0.098881,-0.037161,-0.178625,-0.025324,-0.150131,-0.060973,0.001726,0.000649
0,-0.137122,-0.090725,-0.021056,-0.068766,-0.025005,-0.101575,0.002393,0.001583
0,-0.045908,-0.148355,0.092507,-0.030603,0.053557,-0.001038,0.000801,0.002589
0,-0.153281,0.083118,-0.12535,0.212221,-0.082986,0.250147,0.002675,0.001451
0,-0.009621,-0.188116,0.116019,-0.292093,0.142626,-0.340501,0.000168,0.003283
0,-0.109509,-0.136891,-0.092717,0.058714,-0.085317,0.039245,0.001911,0.002389
0,-0.010387,-0.067581,0.094293,0.081701,0.04535,0.068247,0.000181,0.00118
0,-0.232795,-0.188665,-0.225656,-0.103334,-0.18948,-0.09432,0.002628,0.003293
0,0.008403,-0.101273,0.264667,0.060533,0.27116,0.095068,0.000147,0.001768
0,-0.054868,0.034342,-0.082349,0.115725,-0.059092,0.155996,0.000958,0.000599
0,-0.18106,-0.005113,-0.148704,-0.061127,-0.105043,-0.070113,0.00316,8.9e-05
0,-0.177318,-0.06686,0.009022,-0.063035,0.030133,-0.073171,0.003095,0.001167
0,0.040792,0.030801,0.222963,0.109955,0.259796,0.14406,0.000712,0.000538
0,-0.219581,-0.132559,-0.28871,-0.164721,-0.243021,-0.140375,0.002858,0.002314
0,-0.14408,0.066913,0.058184,0.213225,0.059502,0.216847,0.002515,0.001168
0,-0.202147,0.030869,-0.080322,-0.034302,-0.05738,-0.027329,0.003163,0.000539
0,-0.173934,0.000844,0.03755,-0.018628,0.054313,-0.004398,0.003036,1.5e-05
0,-0.009592,0.046469,0.160903,0.02431,0.174262,0.005019,0.000167,0.000811
0,-0.080683,0.029007,-0.055613,-0.032292,-0.07533,-0.019891,0.001408,0.000506
0,-0.18082,-0.02155,-0.093599,-0.062905,-0.065306,-0.087245,0.003156,0.000376
0,-0.135721,-0.060153,0.015266,-0.04409,-0.00183,-0.07828,0.002369,0.00105
0,-0.168653,0.085762,-0.024517,0.127612,-0.066512,0.138819,0.002944,0.001497
0,-0.097739,0.170234,0.09562,0.079977,0.126319,0.065528,0.001706,0.002971
0,-0.017764,0.13542,0.06192,-0.053272,0.089136,-0.018752,0.00031,0.002364
0,-0.044512,-0.05894,-0.031714,-0.193705,0.003625,-0.210198,0.000777,0.001029
0,-0.113583,-0.016023,-0.082078,0.051246,-0.087493,0.01484,0.001982,0.00028
0,-0.138396,0.109576,-0.033075,0.108804,-0.028647,0.110879,0.002415,0.001912
0,2.701492,0.413874,2.812703,0.275146,2.783143,0.300503,0.000314,0.000533
0,4.569918,0.691653,1.856701,0.281155,1.873502,0.232897,0.00053,0.00131
0,5.111168,0.71618,0.55696,0.001726,0.580932,-0.022712,0.002226,0.000882
0,4.322571,0.66466,-0.808047,-0.030744,-0.827406,-0.052982,0.001844,0.001781
0,3.846632,0.660438,-0.470161,-0.017946,-0.514844,-0.003212,0.000228,0.001855
0,2.705039,0.40281,-1.151633,-0.2683,-1.175007,-0.298669,0.000376,0.00034
0,2.235509,0.08751,-0.487597,-0.287841,-0.51085,-0.312066,0.001128,0.001527
0,1.179823,0.004817,-1.030249,-0.088923,-1.033364,-0.11164,0.000519,8.4e-05
0,0.763803,0.001577,-0.39996,0.003399,-0.38894,0.027234,5.1e-05,2.8e-05
0,0.580758,-0.115468,-0.192404,-0.123639,-0.148148,-0.127921,0.003246,0.002015
0,0.160129,0.117267,-0.401405,0.203789,-0.369231,0.226716,0.002795,0.002047
0,-0.367301,0.025732,-0.533455,-0.101025,-0.556767,-0.119952,0.00028,0.000449
0,-0.431792,-0.145299,-0.094461,-0.17375,-0.073411,-0.165844,0.000845,0.002536
0,-0.259543,0.043358,0.1424,0.190073,0.144411,0.234926,0.002161,0.000757
0,-0.328354,-0.195824,-0.057565,-0.261206,-0.094602,-0.273905,0.00096,0.003273
0,-0.502895,0.063495,-0.196419,0.247061,-0.246096,0.288652,0.002086,0.001108
0,-0.258054,0.089129,0.2381,0.046076,0.198639,0.008269,0.002187,0.001556
0,-0.240744,-0.094487,0.00485,-0.200156,0.022728,-0.197351,0.002489,0.001649
0,0.076949,-0.018607,0.33812,0.063254,0.330057,0.05969,0.001343,0.000325
0,0.054208,0.030013,-0.030254,0.071248,-0.005187,0.056919,0.000946,0.000524
0,-0.076764,0.093723,-0.122043,0.043294,-0.139981,0.042737,0.00134,0.001636
0,0.018913,0.007503,0.100685,-0.108997,0.058232,-0.1369,0.00033,0.000131
0,-0.052181,-0.002976,-0.052287,-0.014273,-0.08806,-0.045883,0.000911,5.2e-05
0,-0.015096,-0.109122,0.013142,-0.087462,0.04197,-0.111999,0.000263,0.001905
0,-0.023938,-0.121107,-0.024005,-0.023009,-0.007464,0.014369,0.000418,0.002114
0,0.239135,0.107737,0.256329,0.224996,0.254786,0.181251,0.002517,0.00188
0,0.201469,0.061563,-0.038133,-0.074576,-0.022778,-0.046789,0.003175,0.001074
0,0.053161,0.079381,-0.16823,0.025376,-0.13907,-0.005954,0.000928,0.001385
0,0.192095,0.066838,0.13926,0.016985,0.13364,0.040754,0.003338,0.001167
0,0.054979,-0.092552,-0.151101,-0.151062,-0.149665,-0.189224,0.00096,0.001615
0,0.181912,-0.115697,0.128355,-0.04491,0.108517,-0.030414,0.003175,0.002019
0,0.146314,-0.012409,-0.022373,0.081685,-0.070992,0.052028,0.002554,0.000217
0,-0.065558,-0.095536,-0.187074,-0.08051,-0.186418,-0.108639,0.001144,0.001667
0,0.081279,-0.022115,0.128884,0.043803,0.167025,0.006577,0.001419,0.000386
0,-0.148929,-0.016149,-0.250805,0.032638,-0.252775,0.080858,0.002599,0.000282
0,0.046853,0.058417,0.203053,0.063686,0.166976,0.057677,0.000818,0.00102
0,0.080002,-0.065095,0.020525,-0.109159,0.063725,-0.077458,0.001396,0.001136
0,-0.107366,0.010646,-0.183328,0.096871,-0.164916,0.108669,0.001874,0.000186
0,0.086427,-0.080809,0.20722,-0.0964,0.20573,-0.097818,0.001508,0.00141
0,-0.157577,0.075134,-0.23193,0.161526,-0.233243,0.168595,0.00275,0.001311
0,-0.099797,-0.024963,0.063436,-0.113575,0.075494,-0.065504,0.001742,0.000436
0,-0.194899,0.132474,-0.107742,0.134134,-0.107403,0.109617,0.003289,0.002312
0,-0.106229,-0.11582,0.112154,-0.25813,0.091347,-0.276658,0.001854,0.002021
0,-0.069049,0.123354,0.060523,0.236044,0.042248,0.247049,0.001205,0.002153
0,-0.023399,0.008624,0.039627,-0.128086,0.073957,-0.131814,0.000408,0.000151
0,-0.152235,0.067649,-0.117247,0.051507,-0.165379,0.012482,0.002657,0.001181
0,-0.072686,0.03065,0.060585,-0.021858,0.095978,-0.034516,0.001269,0.000535
0,-0.340571,-0.072431,-0.251182,-0.131149,-0.217878,-0.104035,0.000747,0.001264
0,-0.140755,0.071942,0.183604,0.132699,0.14813,0.181522,0.002457,0.001256
0,-0.138794,-0.09353,0.023694,-0.177553,0.003443,-0.139415,0.002422,0.001632
0,-0.15206,-0.093207,-0.024067,0.017299,-0.029967,0.008991,0.002654,0.001627
0,-0.36257,-0.128237,-0.23564,-0.021925,-0.260151,-0.051496,0.000363,0.002238
0,-0.306312,-0.141553,0.047643,0.016489,0.016695,0.040008,0.001345,0.002471
0,-0.167645,0.133259,0.131809,0.260319,0.169131,0.231403,0.002926,0.002326
0,-0.247374,-0.085105,-0.092179,-0.206018,-0.087845,-0.226244,0.002373,0.001485
0,-0.278144,0.089506,-0.019781,0.183926,-0.048672,0.13515,0.001836,0.001562
0,-0.068155,-0.032468,0.229556,-0.142638,0.187141,-0.094513,0.00119,0.000567
0,-0.128018,-0.123362,-0.046922,-0.068599,-0.08849,-0.117883,0.002234,0.002153
0,-0.063328,0.108164,0.053573,0.210359,0.055637,0.172034,0.001105,0.001888
0,-0.064349,0.130639,0.010663,-0.004498,0.023304,0.011295,0.001123,0.00228
0,-0.081095,0.099994,-0.039422,-0.052344,-0.070672,-0.04687,0.001415,0.001745
0,-0.070897,-0.07145,-0.016154,-0.158678,0.020009,-0.171576,0.001237,0.001247
0,0.054486,-0.089628,0.11991,-0.035309,0.08571,-0.055743,0.000951,0.001564
0,-0.214573,-0.064111,-0.26363,0.036089,-0.22138,0.081892,0.002946,0.001119
0,0.008257,-0.076922,0.198886,-0.033244,0.219532,-0.022377,0.000144,0.001343
0,-0.158982,0.096629,-0.141671,0.19218,-0.141407,0.178595,0.002775,0.001686
0,-0.139478,-0.104601,0.031213,-0.203216,0.079295,-0.155671,0.002434,0.001826
0,-0.199023,0.023273,-0.077063,0.142215,-0.02911,0.151193,0.003217,0.000406
0,0.025637,0.023447,0.243692,0.027201,0.23116,0.03333,0.000447,0.000409
0,-0.194993,-0.075585,-0.21648,-0.081979,-0.22672,-0.071374,0.003288,0.001319
0,0.011839,-0.035154,0.18498,0.032895,0.22269,0.043203,0.000207,0.000614
0,0.014114,0.015082,-0.026859,0.029181,-0.020156,-0.016095,0.000246,0.000263
0,-0.06493,0.013859,-0.052298,-0.025607,-0.031896,-0.051789,0.001133,0.000242
0,-0.18339,-0.089627,-0.139383,-0.114088,-0.090218,-0.147708,0.003201,0.001564
0,0.075882,-0.104979,0.256073,0.002267,0.218579,-0.023327,0.001324,0.001832
0,0.020658,0.130999,-0.048425,0.262226,-0.067939,0.259684,0.000361,0.002286
0,-0.123008,-0.052767,-0.133094,-0.171078,-0.102393,-0.13408,0.002147,0.000921
0,-0.073364,0.143514,0.067129,0.205091,0.059735,0.22502,0.00128,0.002505
0,0.056093,0.081804,0.124562,-0.054338,0.146518,-0.10072,0.000979,0.001428
0,0.025751,-0.028802,-0.04139,-0.094178,-0.003082,-0.137037,0.000449,0.000503
0,0.113613,-0.0509,0.097523,-0.047563,0.102402,-0.089868,0.001983,0.000888
0,0.082667,-0.037507,-0.050476,0.012148,-0.019781,-0.035124,0.001443,0.000655
0,0.033984,-0.133175,-0.046221,-0.077173,-0.057978,-0.084666,0.000593,0.002324
0,0.119078,0.035178,0.096249,0.181853,0.113081,0.170112,0.002078,0.000614
0,0.210895,-0.061702,0.11895,-0.0823,0.144382,-0.077143,0.00301,0.001077
0,0.086422,0.033263,-0.150785,0.111771,-0.157515,0.072774,0.001508,0.000581
0,0.101448,0.045575,0.043179,0.002419,0.014471,-0.032755,0.001771,0.000795
0,-0.009798,-0.070258,-0.084571,-0.142319,-0.131508,-0.098913,0.000171,0.001226
0,0.073598,-0.118499,0.092642,-0.057006,0.063491,-0.084276,0.001285,0.002068
0,0.084046,-0.037349,0.033116,0.092422,0.024605,0.065248,0.001467,0.000652
0,0.09364,0.035378,0.020678,0.102159,-0.014083,0.055211,0.001634,0.000617
0,0.125772,0.106695,0.053605,0.087375,0.066556,0.114572,0.002195,0.001862
0,-0.035796,-0.036615,-0.17067,-0.137265,-0.14399,-0.1471,0.000625,0.000639
0,0.12766,0.078653,0.137425,0.086563,0.095919,0.129403,0.002228,0.001373
0,0.000308,-0.115286,-0.121664,-0.221918,-0.160215,-0.254637,5e-06,0.002012
0,0.047021,-0.040735,0.061215,0.097034,0.09074,0.069938,0.000821,0.000711
0,0.140246,-0.036706,0.073607,0.011454,0.069691,-0.016376,0.002448,0.000641
0,-0.059577,-0.068501,-0.205409,-0.033963,-0.214229,0.002356,0.00104,0.001196
0,-0.005578,-0.142378,0.060005,-0.084008,0.064884,-0.059775,9.7e-05,0.002485
0,0.029206,-0.02886,0.063394,0.104154,0.027293,0.128658,0.00051,0.000504
0,-0.002394,-0.022227,-0.024111,-0.001904,-0.002032,-0.01378,4.2e-05,0.000388
0,-0.020274,-0.083719,-0.030874,-0.041491,0.008084,-0.062798,0.000354,0.001461
0,0.095035,-0.09073,0.11804,0.006107,0.145569,0.013215,0.001659,0.001584
0,0.149831,-0.099761,0.05121,0.012766,0.064589,0.020653,0.002615,0.001741
0,-0.061666,0.090731,-0.22695,0.209528,-0.243058,0.213068,0.001076,0.001584
0,-0.021254,0.129007,0.037791,0.018759,0.056305,0.003201,0.000371,0.002252
0,-0.175421,-0.096523,-0.163246,-0.249567,-0.19734,-0.235622,0.003062,0.001685
0,-0.09763,-0.126889,0.065611,-0.027189,0.100763,-0.076104,0.001704,0.002215
0,0.030658,-0.102848,0.124195,0.032131,0.156384,0.034236,0.000535,0.001795
0,-0.074866,0.096773,-0.118537,0.207683,-0.142014,0.240939,0.001307,0.001689
0,0.221194,0.136711,0.278432,0.051956,0.297641,0.091018,0.00283,0.002386
0,-0.008743,-0.067725,-0.221607,-0.181567,-0.172204,-0.167745,0.000153,0.001182
0,0.069563,-0.032189,0.081372,0.057356,0.034791,0.019091,0.001214,0.000562
0,-0.032208,-0.078617,-0.111972,-0.03923,-0.064476,0.002715,0.000562,0.001372
0,-0.086443,0.078526,-0.028101,0.147223,-0.027784,0.166944,0.001509,0.001371
0,-0.043803,-0.105169,0.052195,-0.156595,0.088176,-0.118922,0.000764,0.001836
0,0.030916,0.1043,0.062787,0.232382,0.039875,0.254873,0.00054,0.00182
0,-0.09687,-0.048148,-0.125153,-0.154521,-0.128522,-0.168226,0.001691,0.00084
0,0.141373,0.029986,0.234975,0.093318,0.236002,0.064309,0.002467,0.000523
0,0.070385,0.035855,-0.045764,0.005313,0.003357,-0.024385,0.001228,0.000626
0,-0.198392,0.087855,-0.270649,0.062421,-0.286327,0.088431,0.003228,0.001533
0,-0.069503,0.041082,0.123236,-0.069833,0.160482,-0.074377,0.001213,0.000717
0,0.058341,-0.111362,0.147521,-0.164209,0.182999,-0.200174,0.001018,0.001944
0,-0.159323,0.142837,-0.233328,0.280905,-0.241936,0.281304,0.002781,0.002493
0,-0.038494,-0.066779,0.140777,-0.222068,0.127662,-0.199867,0.000672,0.001166
0,-0.072527,0.074129,-0.049194,0.158811,-0.05011,0.185393,0.001266,0.001294
0,-0.053592,-0.020725,-0.004964,-0.089271,-0.025815,-0.103012,0.000935,0.000362
0,-0.122037,0.113223,-0.050152,0.144867,-0.020377,0.120149,0.00213,0.001976
0,-0.044071,-0.064329,0.058856,-0.167995,0.076258,-0.134119,0.000769,0.001123
0,0.041847,0.021096,0.078409,0.097703,0.093994,0.099553,0.00073,0.000368
0,-0.121825,0.120114,-0.171254,0.0715,-0.178625,0.04182,0.002126,0.002096
0,-0.008474,-0.142851,0.088044,-0.258142,0.115234,-0.224782,0.000148,0.002493
0,-0.090041,-0.085433,-0.079475,0.04938,-0.059557,0.004716,0.001572,0.001491
0,-0.145499,0.007612,-0.050285,0.079636,-0.034125,0.070268,0.002539,0.000133
0,-0.148709,0.007376,0.01134,-0.005289,-0.02552,0.039911,0.002595,0.000129
0,-0.043811,0.086459,0.085101,0.107694,0.036589,0.074428,0.000765,0.001509
0,0.00166,0.105311,0.033066,0.033692,0.014958,-0.01068,2.9e-05,0.001838
0,0.007205,0.183465,0.023821,0.064653,0.001605,0.096773,0.000126,0.003202
0,-0.148373,0.119848,-0.14525,-0.035548,-0.150168,-0.071624,0.00259,0.002092
0,0.094856,0.129345,0.261164,0.028273,0.227749,0.061739,0.001656,0.002257
0,-0.091984,0.153928,-0.192933,0.003751,-0.203549,-0.042418,0.001605,0.002687
0,-0.14671,0.167463,-0.028936,0.040641,-0.070157,0.063435,0.002561,0.002923
0,-0.14011,0.067651,0.001825,-0.092536,0.043583,-0.066775,0.002445,0.001181
0,-0.065135,0.081248,0.10448,0.007267,0.073331,-0.006486,0.001137,0.001418
0,-0.073752,0.058074,-0.036922,0.005563,-0.059592,-0.04077,0.001287,0.001014
0,-0.020353,-0.072027,0.052823,-0.1252,0.020734,-0.119613,0.000355,0.001257
0,0.108934,0.124704,0.114931,0.192476,0.070855,0.235797,0.001901,0.002176
0,0.051608,0.128097,-0.027714,0.022043,-0.027104,-0.021477,0.000901,0.002236
0,-0.045187,-0.096355,-0.07057,-0.239191,-0.115175,-0.206122,0.000789,0.001682
0,-0.021138,-0.027272,0.051083,0.088505,0.03133,0.109985,0.000369,0.000476
0,0.118759,-0.069603,0.120149,-0.067046,0.131656,-0.105633,0.002073,0.001215
0,-0.136965,0.08407,-0.24129,0.161465,-0.260445,0.151461,0.00239,0.001467
0,0.11635,0.058006,0.281332,-0.007197,0.282027,0.035966,0.002031,0.001012
0,0.16092,-0.048975,0.036184,-0.104212,0.041371,-0.069436,0.002809,0.000855
0,0.112071,-0.071007,-0.040897,-0.029098,-0.063705,-0.024817,0.001956,0.001239
0,0.014549,-0.004852,-0.093913,0.064455,-0.118034,0.089265,0.000254,8.5e-05
0,0.049208,-0.104369,0.035475,-0.128732,0.014811,-0.160988,0.000859,0.001822
0,-0.074964,0.031118,-0.114001,0.124552,-0.10819,0.167157,0.001308,0.000543
0,0.132852,-0.08168,0.196518,-0.103034,0.209043,-0.128918,0.002319,0.001426
0,-0.120395,-0.176078,-0.279477,-0.094657,-0.23887,-0.085099,0.002101,0.003073
0,-1.484989,-0.745677,-1.350544,-0.545823,-1.377117,-0.54705,0.000845,0.000367
0,-1.655641,-1.626655,-0.147844,-0.908463,-0.19269,-0.88726,0.002133,0.001627
0,-1.595587,-1.983964,0.044268,-0.368101,0.069688,-0.32078,0.001085,0.001173
0,-1.881681,-1.63779,-0.300582,0.332883,-0.27602,0.328518,0.000613,0.001822
0,-1.663485,-1.971106,0.199688,-0.342077,0.174356,-0.347484,0.00227,0.000948
0,-1.693335,-1.620171,-0.057506,0.356061,-0.059982,0.330259,0.002791,0.001514
0,-1.240803,-1.510414,0.471008,0.128888,0.436929,0.159333,0.001584,0.000402
0,-0.963899,-1.073103,0.250453,0.439037,0.258716,0.447026,0.003249,0.001343
0,-0.735176,-0.634538,0.240509,0.468317,0.201095,0.488107,0.00055,0.002307
0,-0.389295,-0.400499,0.326606,0.232337,0.375441,0.261022,0.000104,0.000299
0,-0.266479,-0.1996,0.09643,0.223136,0.079972,0.251283,0.00204,0.003207
0,-0.070427,-0.165116,0.181892,0.050724,0.191156,0.066605,0.001229,0.002882
0,0.167285,-0.039962,0.218193,0.148038,0.237172,0.161049,0.00292,0.000697
0,0.17705,0.110605,0.02405,0.175871,0.054817,0.193243,0.00309,0.00193
0,0.29446,0.011783,0.102725,-0.109727,0.13189,-0.114325,0.001552,0.000206
0,0.133904,0.2148,-0.186546,0.199371,-0.153416,0.170031,0.002337,0.002942
0,0.185015,0.063798,0.057082,-0.133743,0.10311,-0.144389,0.003229,0.001113
0,0.391025,0.202972,0.209108,0.151199,0.199819,0.157585,0.000134,0.003148
0,0.199211,-0.081086,-0.173439,-0.27788,-0.194338,-0.277816,0.003214,0.001415
0,0.199805,-0.123356,0.020465,-0.033208,0.011464,-0.012788,0.003204,0.002153
0,0.126855,-0.102449,-0.097522,0.003256,-0.049504,0.012048,0.002214,0.001788
0,-0.059727,-0.12586,-0.214699,-0.032072,-0.243085,0.009587,0.001042,0.002197
0,-0.101155,0.032047,-0.067293,0.159928,-0.056731,0.153525,0.001765,0.000559
0,-0.163958,0.027568,-0.049706,-0.01815,-0.098818,-0.048613,0.002862,0.000481
0,-0.08172,-0.029301,0.109417,-0.06113,0.1047,-0.102437,0.001426,0.000511
0,-0.011278,-0.090934,0.064257,-0.082408,0.064864,-0.130467,0.000197,0.001587
0,-0.096963,0.056605,-0.061079,0.171307,-0.095583,0.132541,0.001692,0.000988
0,0.073582,-0.072342,0.170136,-0.102235,0.159053,-0.054692,0.001284,0.001263
0,0.060725,-0.095843,0.016149,-0.040863,0.013085,-0.013776,0.00106,0.001673
0,0.033782,0.042396,-0.040336,0.156931,-0.018598,0.169123,0.00059,0.00074
0,1.595006,-0.910599,1.569741,-0.979823,1.609905,-0.955096,0.001075,0.002511
0,1.793695,-1.386095,0.186529,-0.463854,0.19931,-0.417062,0.002148,0.002571
0,1.782951,-1.739746,-0.026991,-0.381417,0.019196,-0.407521,0.002336,0.00309
0,2.050009,-1.46513,0.265955,0.263264,0.219856,0.307162,0.002325,0.001192
0,1.848233,-1.27848,-0.221399,0.198831,-0.224872,0.230473,0.001196,0.002241
0,1.649685,-1.036312,-0.212446,0.250459,-0.197622,0.206381,0.002029,0.001985
0,1.399049,-0.980327,-0.230509,0.060131,-0.209785,0.094368,0.002345,0.002963
0,0.855312,-0.617847,-0.530937,0.344701,-0.544791,0.327486,0.001546,0.002598
0,0.40438,-0.362403,-0.431997,0.252977,-0.386005,0.258501,0.000367,0.000366
0,0.220305,-0.235186,-0.168288,0.14759,-0.2169,0.173354,0.002846,0.002586
0,-0.037715,-0.113595,-0.248067,0.09721,-0.237553,0.141323,0.000658,0.001983
0,-0.039219,-0.065301,-0.029426,0.03145,-0.029717,0.051246,0.000684,0.00114
0,0.14694,0.159669,0.187572,0.200929,0.222648,0.197408,0.002565,0.002787
0,-0.112577,0.135315,-0.281279,-0.033793,-0.260988,-0.04333,0.001965,0.002362
0,0.065522,-0.050592,0.15551,-0.212852,0.129719,-0.163556,0.001144,0.000883
0,-0.093222,-0.015984,-0.16248,0.063152,-0.199625,0.107115,0.001627,0.000279
0,0.12858,-0.013451,0.234403,0.026084,0.222812,-0.00271,0.002244,0.000235
0,0.164312,0.109275,0.022621,0.11367,0.040031,0.109635,0.002868,0.001907
0,-0.14338,0.164791,-0.309603,0.050634,-0.264572,0.061171,0.002502,0.002876
0,-0.099558,-0.054095,0.033621,-0.229743,0.040661,-0.22478,0.001738,0.000944
0,-0.103857,-0.082339,0.021325,-0.055164,0.024381,-0.072645,0.001813,0.001437
0,-0.158834,-0.036023,-0.081142,0.0689,-0.073277,0.041566,0.002772,0.000629
0,0.009771,0.100358,0.146332,0.148771,0.179791,0.15056,0.000171,0.001752
0,-0.220956,0.017941,-0.244801,-0.071911,-0.268029,-0.100722,0.002834,0.000313
0,-0.091087,0.179089,0.147572,0.179799,0.129568,0.147179,0.00159,0.003126
0,-0.241586,0.078835,-0.126991,-0.093204,-0.139964,-0.078303,0.002474,0.001376
0,-0.014339,0.16759,0.22514,0.080232,0.261981,0.051113,0.00025,0.002925
0,-0.070779,-0.081455,-0.080482,-0.262388,-0.071113,-0.291052,0.001235,0.001422
0,-0.005558,0.021174,0.073714,0.09033,0.112185,0.097094,9.7e-05,0.00037
0,-0.130512,0.041251,-0.106623,0.001246,-0.074251,-0.000663,0.002278,0.00072
0,-0.141465,-0.10545,0.004092,-0.122421,0.004901,-0.131635,0.002469,0.00184
0,-0.089344,0.060657,0.022835,0.158723,0.034295,0.147082,0.001559,0.001059
0,-0.041008,-0.084339,0.064028,-0.168563,0.113054,-0.208958,0.000716,0.001472
0,-0.1507,0.102066,-0.085261,0.175109,-0.061038,0.154891,0.00263,0.001781
0,-0.183086,-0.115613,-0.032947,-0.216582,0.008375,-0.260439,0.003195,0.002018
0,-0.181746,-0.000371,0.001028,0.103963,-0.048239,0.130328,0.003172,6e-06
0,-0.205052,-0.07513,-0.046559,-0.09964,-0.071524,-0.110331,0.003112,0.001311
0,-0.099311,0.012968,0.10931,0.066297,0.096624,0.059285,0.001733,0.000226
0,-0.049243,-0.020396,0.033731,-0.058223,-0.005718,-0.080278,0.000859,0.000356
0,-0.111027,-0.060531,-0.069305,-0.029201,-0.026197,-0.077278,0.001938,0.001056
0,-0.075915,-0.169353,0.042694,-0.109886,-0.002234,-0.147063,0.001325,0.002956
0,-0.070835,0.129523,0.00018,0.280211,-0.042298,0.319492,0.001236,0.002261
0,-0.133375,-0.028728,-0.043726,-0.188016,-0.000589,-0.213202,0.002328,0.000501
0,-0.121211,-0.127573,0.023728,-0.114177,-0.004268,-0.154444,0.002116,0.002227
0,-0.036685,0.144935,0.068359,0.282676,0.059331,0.235692,0.00064,0.00253
0,0.095563,0.115292,0.12035,-0.022169,0.140081,-0.028645,0.001668,0.002012
0,0.059229,0.167894,-0.013506,0.024912,0.029933,0.015434,0.001034,0.00293
0,-0.001821,0.065006,-0.044626,-0.088882,-0.073,-0.040674,3.2e-05,0.001135
0,0.000464,-0.018373,0.012317,-0.072837,0.036651,-0.1031,8e-06,0.000321
0,-0.121931,0.184964,-0.132656,0.182346,-0.12913,0.147635,0.002128,0.003228
0,-0.077348,0.173391,0.057569,-0.018829,0.0888,-0.0542,0.00135,0.003026
0,-0.052623,0.153984,0.040878,-0.037035,0.067261,-0.086226,0.000918,0.002688
0,0.131159,-0.070505,0.168503,-0.238476,0.145208,-0.275189,0.002289,0.001231
0,-0.008467,-0.114749,-0.143176,-0.052144,-0.150099,-0.010371,0.000148,0.002003
0,-0.014054,-0.014677,-0.020385,0.101695,-0.043229,0.102463,0.000245,0.000256
0,-0.029475,0.042682,-0.022809,0.058646,0.020986,0.055605,0.000514,0.000745
0,0.089689,0.162075,0.091657,0.100006,0.112352,0.149398,0.001565,0.002829
0,0.052443,0.012043,-0.034206,-0.173656,-0.054509,-0.124732,0.000915,0.00021
0,0.061335,0.138594,-0.017938,0.140756,0.031954,0.120958,0.001071,0.002419
0,-0.094612,-0.074446,-0.17057,-0.21071,-0.164105,-0.183471,0.001651,0.001299
0,-0.00031,0.003236,0.10564,0.103802,0.125129,0.10459,5e-06,5.6e-05
0,-0.128314,-0.085512,-0.14877,-0.066798,-0.198085,-0.048023,0.00224,0.001492
0,0.123348,-0.068778,0.266595,0.016167,0.246078,0.037717,0.002153,0.0012
0,-0.082816,0.001177,-0.201896,0.093547,-0.238319,0.136331,0.001445,2.1e-05
0,-0.130428,0.09715,-0.068421,0.074879,-0.019077,0.092804,0.002276,0.001696
0,0.109732,0.074034,0.227327,0.004616,0.255205,-0.01345,0.001915,0.001292
0,-0.097387,0.084148,-0.187547,0.022263,-0.150797,-0.003434,0.0017,0.001469
0,0.012823,0.163458,0.116975,0.097487,0.122835,0.061587,0.000224,0.002853
0,0.064821,-0.003007,0.074605,-0.146068,0.031287,-0.19432,0.001131,5.2e-05
0,-0.127878,0.082778,-0.179153,0.056935,-0.20085,0.054186,0.002232,0.001445
0,-0.04223,0.116785,0.069451,0.045893,0.091466,0.052582,0.000737,0.002038
0,0.065487,-0.04625,0.136857,-0.148901,0.149115,-0.107404,0.001143,0.000807
0,-0.102227,-0.101958,-0.16533,-0.032575,-0.125023,0.000638,0.001784,0.00178
0,0.148598,-0.096724,0.251786,0.013119,0.277936,-0.00705,0.002594,0.001688
0,0.015589,0.053122,-0.11527,0.144866,-0.148162,0.135316,0.000272,0.000927
0,-0.091396,-0.039497,-0.125354,-0.083093,-0.123518,-0.12594,0.001595,0.000689
0,0.102621,-0.076197,0.181227,-0.014635,0.196129,-0.052057,0.001791,0.00133
0,-0.004678,-0.107302,-0.07856,-0.057967,-0.114775,-0.062587,8.2e-05,0.001873
0,0.129126,0.029312,0.155435,0.141871,0.129719,0.182202,0.002254,0.000512
0,0.04301,0.030447,-0.074178,0.023346,-0.081034,0.035547,0.000751,0.000531
0,0.040834,-0.12142,0.007973,-0.163323,0.046635,-0.144155,0.000713,0.002119
0,-0.036664,0.133486,-0.086535,0.245593,-0.0581,0.20886,0.00064,0.00233
0,0.071195,0.0634,0.094086,-0.071166,0.068581,-0.061613,0.001243,0.001107
0,-0.027384,0.082574,-0.093511,0.043244,-0.111277,0.038105,0.000478,0.001441
0,0.131376,-0.079821,0.159972,-0.172194,0.135617,-0.156831,0.002293,0.001393
0,-0.130747,0.136216,-0.238817,0.243321,-0.248384,0.276142,0.002282,0.002377
0,0.04745,0.138341,0.156804,-0.00304,0.202875,-0.032172,0.000828,0.002415
0,-0.030767,0.078853,-0.088588,-0.038781,-0.101032,-0.086981,0.000537,0.001376
0,-0.109151,-0.069175,-0.071588,-0.172506,-0.05325,-0.212199,0.001905,0.001207
0,-0.176651,-0.052535,-0.048888,0.010788,-0.057156,-0.037348,0.003083,0.000917
0,-0.049695,0.05293,0.120507,0.09386,0.074122,0.121329,0.000867,0.000924
0,0.035173,0.103314,0.108777,0.052203,0.068971,0.07032,0.000614,0.001803
0,0.013885,-0.067717,0.000546,-0.191919,0.045862,-0.211565,0.000242,0.001182
0,-0.115382,0.033035,-0.136494,0.115856,-0.096821,0.100551,0.002014,0.000577
0,-0.02309,-0.023521,0.078466,-0.031478,0.082206,-0.067154,0.000403,0.000411
0,0.06026,0.13858,0.078369,0.170251,0.048513,0.148977,0.001052,0.002419
0,-0.173627,-0.100253,-0.207183,-0.218255,-0.17492,-0.223878,0.00303,0.00175
0,-0.190698,0.120458,-0.037207,0.19958,-0.029103,0.191708,0.003328,0.002102
0,-0.295639,0.069259,-0.080395,-0.054438,-0.084795,-0.088232,0.001531,0.001209
0,-0.016194,-0.010065,0.291982,-0.052267,0.277891,-0.03505,0.000283,0.000176
0,-0.047345,-0.099902,-0.012791,-0.087468,-0.008888,-0.080964,0.000826,0.001744
0,-0.288247,-0.069907,-0.247745,0.023139,-0.278591,0.023288,0.00166,0.00122
0,-0.245364,-0.03612,0.03748,0.027779,0.017416,0.037377,0.002408,0.00063
0,-0.241549,0.111499,-0.021833,0.160515,-0.053484,0.170523,0.002475,0.001946
0,-0.221679,-0.018025,0.03139,-0.104219,0.053241,-0.111241,0.002822,0.000315
0,-0.065818,0.12437,0.168747,0.145432,0.126331,0.157245,0.001149,0.002171
0,-0.3638,-0.121716,-0.293796,-0.252418,-0.300202,-0.226572,0.000341,0.002124
0,-0.165186,0.027653,0.177727,0.150797,0.162789,0.148977,0.002883,0.000483
0,-0.277467,-0.06928,-0.095383,-0.102618,-0.130734,-0.132356,0.001848,0.001209
0,-0.043716,-0.02918,0.214423,0.028565,0.19958,0.059675,0.000763,0.000509
0,-0.203265,0.119846,-0.158922,0.168466,-0.151183,0.19937,0.003143,0.002092
0,-0.052323,-0.155526,0.132017,-0.250993,0.139395,-0.299896,0.000913,0.002714
0,-0.195372,0.132213,-0.120998,0.306768,-0.119941,0.324816,0.003281,0.002308
0,-0.12767,0.130481,0.058169,0.008777,0.023377,0.05156,0.002228,0.002277
0,0.093371,0.090216,0.239685,-0.042389,0.285432,-0.016689,0.00163,0.001575
0,-0.032026,0.164351,-0.107391,0.103842,-0.079785,0.151586,0.000559,0.002868
0,-0.102031,0.0785,-0.071607,-0.114689,-0.079786,-0.119794,0.001781,0.00137
0,-0.176385,-0.062238,-0.052406,-0.170202,-0.067105,-0.123024,0.003079,0.001086
0,-0.124451,0.053688,0.064009,0.10356,0.056541,0.082623,0.002172,0.000937
0,-0.127216,-0.036829,0.025141,-0.092704,0.019592,-0.113536,0.00222,0.000643
0,-0.186381,0.116307,-0.056052,0.129097,-0.047647,0.092133,0.003253,0.00203
0,0.057174,-0.185571,0.231752,-0.330511,0.260334,-0.346165,0.000998,0.003239
0,-0.019651,-0.017265,-0.063214,0.157603,-0.107835,0.169301,0.000343,0.000301
0,-2.175501,-0.228184,-2.183295,-0.214987,-2.136237,-0.204962,0.002175,0.002708
0,-3.086646,-0.582052,-0.886218,-0.380941,-0.863577,-0.415421,0.000346,0.003223
0,-3.268609,-0.639319,-0.208399,-0.030127,-0.168201,-0.00256,0.003169,0.002223
0,-3.805448,-0.484026,-0.550622,0.130575,-0.585346,0.1385,0.000491,0.001757
0,-2.802985,-0.410953,1.016485,0.086134,1.014964,0.131464,0.002086,0.000482
0,-1.7309,-0.472001,1.053649,-0.06169,1.043334,-0.018121,0.003244,0.001547
0,-1.698214,-0.417101,0.038866,0.059502,0.087672,0.028522,0.002876,0.000589
0,-1.346871,-0.224525,0.342212,0.173144,0.315312,0.217448,0.003256,0.002772
0,-0.746628,-0.168902,0.614682,0.072447,0.625893,0.0316,0.000351,0.002948
0,-0.37004,-0.185403,0.395035,-0.03752,0.376583,0.010579,0.000232,0.003236
0,-0.274696,-0.107185,0.111632,0.053084,0.152291,0.097229,0.001896,0.001871
0,-0.176058,-0.205221,0.110442,-0.103085,0.115229,-0.08242,0.003073,0.003109
0,0.18013,-0.014943,0.371,0.219555,0.34305,0.218211,0.003144,0.000261
0,0.04204,-0.096867,-0.152193,-0.081296,-0.115333,-0.092863,0.000734,0.001691
0,0.233718,-0.210808,0.217648,-0.107877,0.249567,-0.086034,0.002612,0.003012
0,4.05806,-0.622758,3.796399,-0.435908,3.783275,-0.445722,0.002772,0.002512
0,4.351224,-1.057061,0.263643,-0.446046,0.259274,-0.40399,0.002344,0.001623
0,4.335044,-1.056514,-0.040936,0.024386,-0.054991,0.031758,0.002062,0.001633
0,3.378313,-0.656655,-0.942216,0.385565,-0.961457,0.395132,0.001255,0.001921
0,2.543052,-0.495388,-0.838244,0.18616,-0.871314,0.190363,0.002451,0.001955
0,1.72214,-0.330289,-0.793777,0.190626,-0.818956,0.20638,0.003294,0.000926
0,1.03259,-0.102181,-0.682025,0.214738,-0.695124,0.203081,0.00205,0.001783
0,0.563315,-0.096739,-0.490284,0.013815,-0.463512,-0.015313,0.003141,0.001688
0,0.227858,-0.039174,-0.310637,0.04569,-0.342138,0.019651,0.002714,0.000684
0,-0.612304,0.138643,-0.842393,0.187936,-0.838689,0.175857,0.002695,0.00242
0,-0.810685,0.140432,-0.18637,0.023678,-0.168264,0.002132,0.000767,0.002451
0,-0.690668,0.122361,0.148228,-0.0176,0.111744,-0.039073,0.001327,0.002136
0,-0.762167,0.212794,-0.049359,0.092774,-0.024176,0.12364,7.9e-05,0.002977
0,-0.491073,0.213894,0.262379,0.018156,0.283336,-0.009386,0.00188,0.002958
0,-0.5096,0.029856,-0.023564,-0.178932,0.013352,-0.184464,0.002203,0.000521
0,-0.256561,-0.070428,0.270249,-0.100602,0.255673,-0.126175,0.002213,0.001229
0,-0.065629,0.036449,0.193704,0.132451,0.214567,0.142171,0.001145,0.000636
0,-0.132482,0.024195,-0.083939,-0.037584,-0.089179,0.010606,0.002312,0.000422
0,0.033345,-0.08388,0.174528,-0.098524,0.12868,-0.048558,0.000582,0.001464
0,-0.078903,-0.151547,-0.090562,-0.071677,-0.137846,-0.041073,0.001377,0.002645
0,-0.014078,-0.151255,0.05277,0.005222,0.094252,0.025084,0.000246,0.00264
0,0.092762,0.08997,0.114638,0.254193,0.075049,0.236477,0.001619,0.00157
0,-0.00659,-0.026731,-0.074416,-0.132115,-0.02748,-0.101055,0.000115,0.000467
0,0.027441,0.064682,0.023209,0.076619,-0.015645,0.123984,0.000479,0.001129
0,-0.031389,-0.053947,-0.069526,-0.147183,-0.11851,-0.099738,0.000548,0.000942
0,-0.01591,-0.153354,0.013038,-0.12337,0.041921,-0.125502,0.000278,0.002677
0,0.130348,0.066954,0.163538,0.231752,0.11477,0.264736,0.002275,0.001169
0,0.065571,-0.102161,-0.047473,-0.190977,-0.095031,-0.218801,0.001144,0.001783
0,0.116814,-0.211238,0.027179,-0.09243,0.066821,-0.113993,0.002039,0.003004
0,0.187005,-0.193116,0.056752,0.023838,0.011809,-0.012948,0.003264,0.00332
0,0.130667,-0.108201,-0.033648,0.096822,-0.005715,0.11464,0.002281,0.001888
0,0.010472,-0.034459,-0.149733,0.047071,-0.161029,0.052635,0.000183,0.000601
0,-0.020414,-0.118295,-0.004116,-0.064254,-0.023134,-0.099614,0.000356,0.002065
0,-0.119606,0.005954,-0.113627,0.149664,-0.135291,0.116722,0.002088,0.000104
0,-0.066967,-0.128635,0.042997,-0.162039,0.074498,-0.140875,0.001169,0.002245
0,0.157775,-0.031346,0.211438,0.11105,0.195318,0.10332,0.002754,0.000547
0,-0.091506,0.060703,-0.248412,0.11392,-0.200848,0.131328,0.001597,0.001059
0,0.206513,-0.017312,0.278361,-0.093396,0.289253,-0.095106,0.003086,0.000302
0,0.07349,0.057602,-0.159858,0.069515,-0.14943,0.04191,0.001283,0.001005
0,0.219881,-0.164919,0.157911,-0.195237,0.192493,-0.223246,0.002853,0.002878
0,0.239916,-0.171678,0.040719,0.013414,-0.00624,0.011304,0.002503,0.002996
0,0.025713,-0.133562,-0.24129,0.060203,-0.235446,0.034757,0.000449,0.002331
0,-0.019642,-0.0879,-0.06823,0.063434,-0.06908,0.026306,0.000343,0.001534
0,-0.009087,-0.184529,-0.009479,-0.119701,-0.0003,-0.100363,0.000159,0.003221
0,0.15913,-0.172323,0.1416,-0.00642,0.159878,-0.05173,0.002777,0.003008
0,0.062594,-0.19365,-0.084903,-0.045503,-0.043773,-0.074569,0.001092,0.003311
0,-0.04809,0.077412,-0.114728,0.272891,-0.122316,0.227571,0.000839,0.001351
0,0.074977,0.030773,0.106762,-0.062435,0.095776,-0.087338,0.001309,0.000537
0,0.019774,-0.164607,-0.07888,-0.199733,-0.077622,-0.203586,0.000345,0.002873
0,0.05644,0.066552,0.04236,0.258203,0.057694,0.224241,0.000985,0.001162
0,0.083872,-0.16298,0.012632,-0.23795,0.057116,-0.257286,0.001464,0.002845
0,0.182971,-0.135006,0.121603,0.00606,0.096545,-0.001061,0.003193,0.002356
0,0.266552,-0.154248,0.071425,-0.029915,0.075114,-0.057436,0.002039,0.002692
0,0.230868,0.006763,-0.057689,0.135824,-0.041956,0.151177,0.002661,0.000118
0,-0.001005,0.096995,-0.257383,0.083782,-0.253825,0.11448,1.8e-05,0.001693
0,-0.030278,-0.065344,-0.002217,-0.142932,0.026461,-0.141525,0.000528,0.00114
0,0.132403,-0.014071,0.14132,0.05075,0.12946,0.006103,0.002311,0.000246
0,0.182976,0.047361,0.060506,0.079897,0.078601,0.063147,0.003194,0.000827
0,0.143309,-0.145668,-0.057369,-0.202131,-0.017673,-0.153258,0.002501,0.002542
0,0.076818,-0.116245,-0.080905,0.005517,-0.07579,-0.013528,0.001341,0.002029
0,-0.111175,0.038368,-0.189805,0.175389,-0.210215,0.161467,0.00194,0.00067
0,0.182498,-0.042614,0.288112,-0.051417,0.315888,-0.07727,0.003185,0.000744
0,-0.037852,0.046259,-0.235551,0.092603,-0.204312,0.123434,0.000661,0.000807
0,-0.085494,-0.00117,-0.076418,-0.075922,-0.07305,-0.077387,0.001492,2e-05
0,-0.135385,-0.067718,-0.071015,-0.066415,-0.120779,-0.079588,0.002363,0.001182
0,0.046074,0.014668,0.179609,0.070785,0.17446,0.036041,0.000804,0.000256
0,-0.037116,-0.039296,-0.096142,-0.030826,-0.061536,-0.036625,0.000648,0.000686
0,-0.050329,-0.029773,-0.01114,0.006383,-0.009121,-0.039165,0.000878,0.00052
0,0.04429,-0.152709,0.118943,-0.112178,0.156076,-0.065969,0.000773,0.002665
0,-0.047656,-0.208855,-0.069003,-0.049535,-0.03253,-0.029628,0.000832,0.003046
0,-0.164742,-0.049483,-0.129914,0.165613,-0.129433,0.164583,0.002875,0.000864
0,-0.19803,-0.19255,-0.014712,-0.157266,-0.054592,-0.121085,0.003235,0.00333
0,-0.034943,-0.177654,0.136112,-0.001158,0.179814,0.005957,0.00061,0.003101
0,-0.046365,-0.122107,-0.007278,0.07529,0.00668,0.072915,0.000809,0.002131
0,-0.160304,-0.052091,-0.139654,0.072394,-0.098324,0.034212,0.002798,0.000909
0,-0.284866,0.090429,-0.111784,0.150757,-0.146009,0.148598,0.001719,0.001578
0,-0.047925,0.063831,0.209027,-0.03039,0.168676,0.001202,0.000836,0.001114
0,-0.09546,-0.104114,-0.048438,-0.14742,-0.019788,-0.155532,0.001666,0.001817
0,-0.077728,0.006938,-0.006367,0.081207,0.018425,0.035882,0.001357,0.000121
0,-0.031608,-0.211243,0.020275,-0.222756,0.038061,-0.265625,0.000552,0.003004
0,0.042202,-0.061367,0.095354,0.129695,0.12792,0.11736,0.000737,0.001071
0,-0.127502,-0.088702,-0.165796,-0.017071,-0.171735,0.020391,0.002225,0.001548
0,-0.194279,-0.10159,-0.068059,-0.027517,-0.105339,-0.005211,0.0033,0.001773
0,0.002253,-0.016443,0.22205,0.090553,0.249038,0.132881,3.9e-05,0.000287
0,-0.018044,0.025715,0.00692,0.055229,0.048306,0.064721,0.000315,0.000449
0,-0.087381,-0.061056,-0.05285,-0.094384,-0.069504,-0.052413,0.001525,0.001066
0,0.080681,-0.052497,0.171259,0.002014,0.125777,0.048675,0.001408,0.000916
0,0.122059,0.099496,0.037316,0.161906,0.0294,0.163102,0.00213,0.001737
0,0.078272,-0.044994,-0.038099,-0.156912,-0.064985,-0.111487,0.001366,0.000785
0,-0.010364,0.093499,-0.083091,0.161532,-0.050781,0.127442,0.000181,0.001632
0,-0.040548,0.119532,-0.016838,0.011873,0.024237,-0.008723,0.000708,0.002086
0,-0.055721,0.072265,-0.039511,-0.076572,-0.038153,-0.100861,0.000973,0.001261
0,-0.002435,0.029797,0.046283,-0.066994,0.019917,-0.096349,4.2e-05,0.00052
0,0.019413,0.106402,0.000913,0.07933,0.043352,0.049606,0.000339,0.001857
0,0.212889,-0.006315,0.163735,-0.125204,0.168712,-0.166385,0.002975,0.00011
0,0.087822,-0.060911,-0.114712,-0.061726,-0.092,-0.022109,0.001533,0.001063
0,0.008808,0.030956,-0.104559,0.078684,-0.065786,0.11976,0.000154,0.00054
0,0.054391,0.142673,0.029412,0.136419,0.012604,0.165817,0.000949,0.00249
0,0.06163,0.145186,0.011951,-0.024496,-0.01334,-0.068851,0.001076,0.002534
0,-0.055315,0.125446,-0.118549,0.010085,-0.141263,0.025996,0.000965,0.002189
0,0.133156,0.113447,0.184385,-0.004842,0.149324,0.011981,0.002324,0.00198
0,0.081261,-0.116362,-0.078335,-0.236564,-0.050399,-0.207761,0.001418,0.002031
0,0.195086,-0.031819,0.12869,0.101976,0.123931,0.136686,0.003286,0.000555
0,0.018824,0.056134,-0.184327,0.067847,-0.163375,0.047609,0.000329,0.00098
0,-0.085701,0.121314,-0.134005,0.083052,-0.143225,0.088409,0.001496,0.002117
0,-0.021513,0.09316,0.056091,-0.012544,0.097921,0.01327,0.000375,0.001626
0,-0.07177,-0.007082,-0.030594,-0.129025,-0.052266,-0.095678,0.001253,0.000124
0,-0.060841,-0.062362,0.003684,-0.031213,0.045774,0.012877,0.001062,0.001088
0,0.162187,-0.116679,0.217153,-0.025588,0.262657,0.007716,0.002831,0.002036
0,0.08268,-0.029243,-0.078373,0.079103,-0.04452,0.093229,0.001443,0.00051
0,0.152511,0.027855,0.069542,0.054502,0.039072,0.01223,0.002662,0.000486
0,-0.11914,0.149961,-0.262758,0.149124,-0.287413,0.182104,0.002079,0.002617
0,-0.000719,0.091068,0.147688,-0.035288,0.10737,-0.029911,1.3e-05,0.001589
0,0.075999,-0.053407,0.063654,-0.139411,0.03062,-0.145771,0.001326,0.000932
0,-0.068953,0.088793,-0.121297,0.112575,-0.082354,0.089971,0.001203,0.00155
0,0.108831,0.101558,0.163157,0.016228,0.163754,0.059358,0.001899,0.001773
0,0.109304,0.030801,0.022203,-0.072569,0.029324,-0.034736,0.001908,0.000538
0,0.021677,0.081397,-0.110928,0.033216,-0.097847,0.068766,0.000378,0.001421
0,0.014997,-0.158472,0.009679,-0.238254,0.040225,-0.262558,0.000262,0.002766
0,-0.103124,0.002636,-0.111453,0.135068,-0.106048,0.165182,0.0018,4.6e-05
0,0.1523,-0.047942,0.280913,-0.031407,0.236992,-0.042867,0.002658,0.000837
0,-0.086337,-0.114422,-0.236999,-0.041191,-0.268289,-0.069587,0.001507,0.001997
0,0.147945,0.095051,0.216041,0.221778,0.209547,0.216816,0.002582,0.001659
0,-0.075928,-0.070968,-0.250764,-0.143155,-0.29961,-0.123165,0.001325,0.001239
0,-0.014832,-0.080624,0.061744,0.004569,0.0229,0.002696,0.000259,0.001407
0,0.062188,0.074267,0.094726,0.143623,0.058715,0.153493,0.001085,0.001296
0,-0.057372,0.14513,-0.142428,0.066124,-0.191889,0.050712,0.001001,0.002533
0,-0.058521,0.057494,0.022725,-0.108103,-0.020227,-0.090196,0.001021,0.001003
0,-0.089115,-0.052839,-0.055242,-0.133934,-0.076005,-0.145535,0.001555,0.000922
0,0.162894,-0.097667,0.271791,-0.065885,0.303662,-0.098119,0.002843,0.001705
0,0.131135,0.145273,-0.04772,0.237451,-0.015109,0.273028,0.002289,0.002535
0,0.144547,0.075639,0.024596,-0.08072,-0.016718,-0.05524,0.002523,0.00132
0,0.17116,0.047264,0.007987,-0.023566,0.016185,-0.061235,0.002987,0.000825
0,0.153023,-0.096325,-0.02482,-0.133867,0.009964,-0.090311,0.002671,0.001681
0,0.196152,-0.062302,0.049769,0.03275,0.06614,-0.006478,0.003267,0.001087
0,-0.004035,-0.147142,-0.197908,-0.071298,-0.236171,-0.097546,7e-05,0.002568
0,0.083513,-0.0014,0.069543,0.174637,0.087498,0.198893,0.001458,2.4e-05
0,0.196576,0.023407,0.116837,0.024778,0.153644,0.015574,0.00326,0.000409
0,-0.012787,-0.047759,-0.197682,-0.051101,-0.23797,-0.070289,0.000223,0.000834
0,0.19864,0.044243,0.223056,0.072892,0.194563,0.035423,0.003224,0.000772
0,0.041432,-0.120308,-0.177553,-0.18939,-0.146529,-0.161295,0.000723,0.0021
0,-0.03216,-0.013472,-0.073164,0.098127,-0.06677,0.10093,0.000561,0.000235
0,0.037079,0.016226,0.081935,0.044714,0.096446,0.049383,0.000647,0.000283
0,-0.004637,0.012087,-0.052216,0.002785,-0.009728,-0.030146,8.1e-05,0.000211
0,0.064163,-0.151259,0.091865,-0.142538,0.05874,-0.19126,0.00112,0.00264
0,-0.031453,0.058999,-0.093886,0.235372,-0.131591,0.248524,0.000549,0.00103
0,-0.009901,-0.052581,0.038448,-0.141572,0.072997,-0.110426,0.000173,0.000918
0,-0.066979,-0.072439,-0.079595,0.0038,-0.093527,-0.019298,0.001169,0.001264
0,0.023776,-0.092814,0.10657,0.001331,0.09857,-0.019957,0.000415,0.00162
0,0.114718,-0.112128,0.089289,-0.007677,0.115947,-0.034047,0.002002,0.001957
0,0.102932,-0.13131,-0.032287,-0.020446,-0.037271,-0.028845,0.001796,0.002292
0,0.162911,-0.096999,0.063558,0.050905,0.08872,0.095284,0.002843,0.001693
0,0.132945,-0.093945,-0.020965,0.013711,-0.005188,0.010661,0.00232,0.00164
0,0.157777,-0.045132,0.02909,0.067963,0.063682,0.018952,0.002754,0.000788
0,0.110968,-0.020551,-0.068338,0.007545,-0.060015,0.052224,0.001937,0.000359
0,-0.11854,0.064287,-0.203339,0.093995,-0.210282,0.134549,0.002069,0.001122
0,0.034537,0.104221,0.16085,0.054327,0.186694,0.074114,0.000603,0.001819
0,-0.025895,-0.012814,-0.035396,-0.100333,-0.075539,-0.13341,0.000452,0.000224
0,0.00716,0.065324,0.012206,0.049121,0.02662,0.063823,0.000125,0.00114
0,0.104847,-0.018687,0.084828,-0.113395,0.111686,-0.132733,0.00183,0.000326
0,0.097448,-0.125014,0.002447,-0.08146,-0.012966,-0.036044,0.001701,0.002182
0,-0.036882,0.042135,-0.111825,0.14491,-0.107429,0.141992,0.000644,0.000735
0,0.063993,0.077378,0.071139,0.012218,0.050715,-0.037127,0.001117,0.00135
0,0.062237,0.108973,0.012264,0.054781,0.000519,0.098145,0.001086,0.001902
0,0.030135,-0.084647,-0.026439,-0.1863,-0.014286,-0.188879,0.000526,0.001477
0,0.121191,-0.149281,0.084767,-0.083556,0.04402,-0.109891,0.002115,0.002605
0,0.080063,0.06169,-0.020406,0.220379,0.017568,0.197848,0.001397,0.001077
0,0.116038,0.14299,0.03279,0.059613,0.07806,0.034319,0.002025,0.002496
0,-0.06691,0.014956,-0.173187,-0.126261,-0.161607,-0.131199,0.001168,0.000261
0,0.072978,0.044298,0.149817,0.010136,0.178747,0.014244,0.001274,0.000773
0,-0.174269,0.090931,-0.253497,0.044298,-0.239664,0.02376,0.003042,0.001587
0,-0.204448,-0.076216,-0.040249,-0.183001,-0.022368,-0.203035,0.003123,0.00133
0,-0.144073,-0.144304,0.058348,-0.046762,0.094845,-0.009757,0.002515,0.002519
0,-0.026254,-0.057662,0.107424,0.066685,0.144686,0.114195,0.000458,0.001006
0,-0.212606,-0.133787,-0.165221,-0.103004,-0.128022,-0.135689,0.00298,0.002335
0,-0.150504,0.092823,0.045758,0.223606,0.076564,0.262611,0.002627,0.00162
0,-0.25145,-0.046019,-0.122941,-0.151615,-0.096806,-0.141018,0.002302,0.000803
0,0.019579,-0.072077,0.259799,-0.055519,0.251427,-0.051758,0.000342,0.001258
0,-0.106402,-0.071852,-0.13828,-0.004106,-0.17026,0.014609,0.001857,0.001254
0,0.032337,0.091985,0.163974,0.1612,0.195819,0.191754,0.000564,0.001605
0,-0.033032,0.098087,-0.083216,0.00161,-0.1153,-6.8e-05,0.000577,0.001712
0,-0.012546,0.076577,0.050123,0.006987,0.077179,0.022032,0.000219,0.001337
0,-0.19329,-0.088193,-0.159616,-0.177081,-0.135343,-0.199284,0.003317,0.001539
0,-0.141642,0.123449,0.052492,0.232257,0.013519,0.276531,0.002472,0.002155
0,-0.1063,-0.106024,0.014883,-0.251147,0.039891,-0.252814,0.001855,0.00185
0,-0.252007,-0.012089,-0.158705,0.072926,-0.130867,0.09424,0.002292,0.000211
0,-0.272107,0.100775,-0.042325,0.118575,-0.089354,0.152901,0.001942,0.001759
0,-0.303186,0.092815,-0.013457,0.012248,-0.033549,-0.028092,0.001399,0.00162
0,-0.019088,-0.015497,0.304542,-0.10793,0.295783,-0.08942,0.000333,0.00027
0,-0.128087,-0.058682,-0.087947,-0.031875,-0.089316,-0.032446,0.002236,0.001024
0,-0.160132,0.066556,-0.036993,0.144295,-0.00215,0.127097,0.002795,0.001162
0,0.060615,-0.178681,0.208142,-0.22655,0.246645,-0.251279,0.001058,0.003119
0,-0.152714,0.025189,-0.21637,0.196846,-0.234433,0.23748,0.002665,0.00044
0,-0.089063,-0.003827,0.055793,-0.039738,0.025087,0.004723,0.001554,6.7e-05
0,-0.121238,0.068775,-0.048041,0.042686,-0.045647,0.020776,0.002116,0.0012
0,0.131336,-0.003745,0.235331,-0.099559,0.227127,-0.11221,0.002292,6.5e-05
0,-0.020015,0.108506,-0.127004,0.099613,-0.077998,0.052083,0.000349,0.001894
0,0.088683,-0.094536,0.135529,-0.174721,0.124206,-0.22163,0.001548,0.00165
0,0.101716,0.097008,0.008303,0.19371,0.055778,0.174656,0.001775,0.001693
0,-0.136484,-0.118608,-0.264112,-0.234817,-0.224939,-0.223556,0.002382,0.00207
0,-0.094542,-0.049047,0.067204,0.088938,0.048712,0.054923,0.00165,0.000856
0,0.113186,0.056239,0.204404,0.078317,0.228111,0.048453,0.001975,0.000982
0,-0.035004,0.160003,-0.16371,0.094973,-0.194435,0.047158,0.000611,0.002793
0,0.027715,0.116551,0.033524,-0.042423,0.001774,-0.024482,0.000484,0.002034
0,-0.034835,-0.118108,-0.058589,-0.218273,-0.040755,-0.257966,0.000608,0.002061
0,0.105185,-0.013016,0.152018,0.0909,0.125211,0.051012,0.001836,0.000227
0,0.247446,-0.013515,0.166062,-0.017342,0.205807,0.011158,0.002372,0.000236
0,0.19707,-0.024549,-0.08036,-0.006905,-0.032565,0.014832,0.003251,0.000428
0,0.229464,0.087925,0.05308,0.115768,0.024289,0.079876,0.002686,0.001535
0,0.155548,0.067265,-0.076668,-0.018974,-0.085997,-0.041241,0.002715,0.001174
0,0.220156,0.088783,0.039248,-0.001926,0.010672,0.008393,0.002848,0.00155
0,0.140468,0.202339,-0.100659,0.133815,-0.11937,0.098373,0.002452,0.003159
0,0.178304,0.002799,0.060372,-0.19489,0.035691,-0.21924,0.003112,4.9e-05
0,0.169256,0.170825,-0.02162,0.174138,0.017438,0.146062,0.002954,0.002981
0,0.136788,0.033777,-0.013774,-0.148129,-0.05933,-0.161592,0.002387,0.00059
0,0.017668,-0.012628,-0.129914,-0.036196,-0.084478,-0.038671,0.000308,0.00022
0,0.122561,0.115339,0.11156,0.121132,0.125665,0.163321,0.002139,0.002013
0,0.027308,-0.00958,-0.084598,-0.102761,-0.113328,-0.067818,0.000477,0.000167
0,0.144203,-0.07202,0.12133,-0.090455,0.120886,-0.104551,0.002517,0.001257
0,0.02913,-0.124215,-0.123596,-0.050319,-0.12314,-0.006572,0.000508,0.002168
0,0.020136,-0.044512,0.019896,0.074123,-0.011344,0.083274,0.000351,0.000777
0,0.26333,0.089485,0.251826,0.14865,0.290565,0.155162,0.002095,0.001562
0,0.047796,0.198004,-0.217787,0.094445,-0.250486,0.091451,0.000834,0.003235
0,0.107072,-0.008518,0.030427,-0.212053,-0.007506,-0.219763,0.001869,0.000149
0,0.253698,-0.061553,0.120038,-0.044472,0.070589,-0.094302,0.002263,0.001074
0,0.117946,0.127907,-0.162514,0.1633,-0.20247,0.174005,0.002059,0.002232
0,0.203663,0.085861,0.064911,-0.023911,0.042747,-0.01955,0.003136,0.001499
0,0.093561,-0.100178,-0.092083,-0.157132,-0.046685,-0.137396,0.001633,0.001748
0,0.259711,0.109181,0.162626,0.192238,0.171709,0.156764,0.002158,0.001906
0,0.076768,0.146667,-0.211949,0.008111,-0.250767,0.048754,0.00134,0.00256
0,0.222587,0.081097,0.152053,-0.081152,0.195399,-0.083976,0.002806,0.001415
0,-0.013242,0.069076,-0.25003,-0.030941,-0.205421,-0.022174,0.000231,0.001206
0,0.09112,0.172163,0.085617,0.119511,0.078698,0.090268,0.00159,0.003005
0,0.228376,-0.004715,0.164722,-0.181917,0.186493,-0.164509,0.002705,8.2e-05
0,0.071575,-0.038791,-0.127618,-0.054243,-0.166007,-0.067823,0.001249,0.000677
0,-0.085364,-0.091785,-0.138787,-0.026118,-0.187416,-0.013157,0.00149,0.001602
0,-0.121867,-0.001317,-0.039511,0.062907,-0.027402,0.10975,0.002127,2.3e-05
0,-0.043358,0.071907,0.05766,0.085447,0.092583,0.089422,0.000757,0.001255
0,-0.076059,0.082288,-0.049804,-0.009612,-0.04026,-0.020876,0.001327,0.001436
0,0.088243,-0.098375,0.140293,-0.195398,0.177924,-0.188809,0.00154,0.001717
0,0.003685,0.138094,-0.086985,0.239026,-0.115898,0.281794,6.4e-05,0.00241
0,-0.020795,-0.069722,-0.032218,-0.197962,-0.013179,-0.222241,0.000363,0.001217
0,-0.080066,-0.135148,-0.050258,-0.071379,-0.044508,-0.099803,0.001397,0.002359
0,0.050252,-0.074621,0.103223,0.083694,0.089405,0.065445,0.000877,0.001302
0,0.14758,0.068143,0.117276,0.128878,0.096676,0.086292,0.002576,0.001189
0,0.065549,0.064779,-0.06084,-0.01739,-0.042725,0.031839,0.001144,0.001131
0,-0.103672,0.144171,-0.197424,0.098542,-0.168357,0.13119,0.001809,0.002516
0,-0.014772,-0.031013,0.073325,-0.177164,0.071209,-0.136843,0.000258,0.000541
0,0.074946,0.009394,0.115363,0.025151,0.084935,0.019964,0.001308,0.000164
0,0.032502,-0.024044,-0.04334,-0.059852,-0.01433,-0.022117,0.000567,0.00042
0,-0.178458,-0.016805,-0.231269,0.002487,-0.190467,-0.012094,0.003115,0.000293
0,-0.00519,0.056009,0.195246,0.07098,0.203775,0.108616,9.1e-05,0.000978
0,-0.058624,-0.062632,-0.04948,-0.125224,-0.016936,-0.159587,0.001023,0.001093
0,-0.015749,-0.062439,0.036635,0.007081,0.019423,0.055511,0.000275,0.00109
0,-0.163611,-0.049779,-0.169673,0.02185,-0.13563,0.048801,0.002856,0.000869
0,0.009325,0.090674,0.18573,0.152606,0.195094,0.127654,0.000163,0.001583
0,-0.232406,0.057538,-0.260735,-0.019955,-0.239172,-0.045109,0.002635,0.001004
0,-0.159136,0.04235,0.092303,-0.041092,0.093098,-0.065981,0.002777,0.000739
0,-0.122986,0.015889,0.024885,-0.046391,0.014436,-0.039766,0.002147,0.000277
0,-0.02353,-0.056272,0.085439,-0.050811,0.083533,-0.053756,0.000411,0.000982
0,-0.027977,-0.031953,0.018147,0.016297,-0.021784,0.029445,0.000488,0.000558
0,-0.008108,0.327863,0.019238,0.363347,0.050926,0.326867,0.000142,0.000969
0,-0.083063,0.462867,-0.095067,0.121289,-0.060762,0.095318,0.00145,0.001388
0,-0.275492,0.336435,-0.193649,-0.106492,-0.146188,-0.100138,0.001883,0.000819
0,-0.221338,0.255249,0.03525,-0.084686,0.075674,-0.045485,0.002828,0.002236
0,-0.346597,0.156419,-0.138003,-0.102724,-0.174137,-0.05325,0.000642,0.00273
0,-0.174957,0.199454,0.166704,0.03894,0.128562,0.072277,0.003054,0.00321
0,-0.137028,0.14428,0.035585,-0.046853,0.050413,-0.003487,0.002392,0.002518
0,-0.249382,0.04354,-0.096252,-0.095621,-0.141131,-0.091706,0.002338,0.00076
0,-0.126793,0.230004,0.100781,0.160552,0.055535,0.203199,0.002213,0.002676
0,-0.161752,0.077298,-0.023561,-0.122834,0.01645,-0.120995,0.002823,0.001349
0,-0.158942,0.163727,0.008165,0.064192,0.000899,0.088003,0.002774,0.002858
0,-0.044145,0.150623,0.138292,-0.013703,0.162547,-0.060574,0.00077,0.002629
0,-0.13658,0.086483,-0.098973,-0.081806,-0.142363,-0.100234,0.002384,0.001509
0,0.020343,-0.020425,0.156842,-0.100445,0.110874,-0.128991,0.000355,0.000356
0,-0.062672,-0.061501,-0.099013,-0.066201,-0.061597,-0.027861,0.001094,0.001073
0,-0.107702,-0.13208,-0.033589,-0.04914,-0.030054,-0.003636,0.00188,0.002305
0,-0.0487,-0.076253,0.081284,0.044246,0.092486,0.025688,0.00085,0.001331
0,0.003991,0.03767,0.050571,0.111125,0.020159,0.110842,7e-05,0.000657
0,-0.151605,-0.039961,-0.175969,-0.067828,-0.190896,-0.106322,0.002646,0.000697
0,-0.14213,0.045139,-0.000811,0.081841,0.025914,0.090973,0.002481,0.000788
0,0.040919,-0.204706,0.19156,-0.236603,0.195575,-0.23344,0.000714,0.003118
0,0.065697,-0.024325,0.037768,0.177704,0.019229,0.180192,0.001147,0.000425
0,0.04867,0.00409,-0.030289,0.057603,-0.052177,0.075924,0.000849,7.1e-05
0,0.076153,-0.025092,0.05546,-0.040169,0.037565,-0.050847,0.001329,0.000438
0,-0.075397,-0.127064,-0.157329,-0.104747,-0.165456,-0.091564,0.001316,0.002218
0,-0.017762,-0.024998,0.042928,0.089819,0.001498,0.134289,0.00031,0.000436
0,0.160056,0.015731,0.164056,0.051717,0.198904,0.082236,0.002794,0.000275
0,-0.034326,-0.055129,-0.177689,-0.074998,-0.20749,-0.04777,0.000599,0.000962
0,-0.027319,-0.028189,0.029308,0.036452,0.02052,0.071215,0.000477,0.000492
0,-0.010912,-0.020725,0.037097,0.026641,0.032175,-0.014863,0.00019,0.000362
0,0.054502,-0.142323,0.054432,-0.141281,0.067865,-0.102302,0.000951,0.002484
0,0.217466,-0.077456,0.163379,0.05047,0.1178,0.027342,0.002895,0.001352
0,0.15543,0.07696,-0.060726,0.175056,-0.108933,0.174722,0.002713,0.001343
0,0.14134,-0.174292,0.003562,-0.279917,0.025599,-0.269206,0.002467,0.003042
0,0.227787,0.076211,0.062175,0.222303,0.048001,0.213357,0.002715,0.00133
0,0.006103,0.105547,-0.248757,0.019081,-0.234775,0.03464,0.000107,0.001842
0,0.097315,-0.007751,0.108532,-0.139085,0.092508,-0.135223,0.001698,0.000135
0,-0.020261,-0.003608,-0.12781,0.025583,-0.165843,0.0172,0.000354,6.3e-05
0,0.194967,0.059908,0.213266,0.061132,0.167139,0.099603,0.003288,0.001046
0,-0.04998,-0.089053,-0.235992,-0.141373,-0.283785,-0.1334,0.000872,0.001554
0,-0.05245,-0.069025,-0.005902,0.03411,-0.041462,0.079001,0.000915,0.001205
0,-0.023198,-0.115772,0.037108,-0.028854,0.050648,0.007542,0.000405,0.002021
0,0.140915,-0.152902,0.178482,-0.058556,0.219144,-0.020667,0.002459,0.002669
0,0.079343,-0.10976,-0.038363,0.023169,-0.0461,-0.010655,0.001385,0.001916
0,0.215563,0.032589,0.147476,0.146348,0.111074,0.147314,0.002929,0.000569
0,0.076081,0.038341,-0.139576,0.020956,-0.13637,0.002258,0.001328,0.000669
0,0.138673,-0.139461,0.04938,-0.14946,0.025966,-0.196199,0.00242,0.002434
0,0.109637,-0.198444,-0.054278,-0.087379,-0.045046,-0.13457,0.001914,0.003227
0,-0.117903,-0.006923,-0.214697,0.215266,-0.194852,0.261921,0.002058,0.000121
0,-0.054411,0.011851,0.049863,0.001712,0.026029,-0.040362,0.00095,0.000207
0,0.041801,0.070974,0.12088,0.032467,0.099117,-0.005198,0.00073,0.001239
0,-0.15725,-0.08284,-0.195767,-0.151923,-0.231072,-0.160277,0.002745,0.001446
0,-0.082295,0.113722,0.053279,0.213764,0.034987,0.258747,0.001436,0.001985
0,-0.214319,-0.007015,-0.156933,-0.109184,-0.141014,-0.092073,0.00295,0.000122
0,-0.005458,0.017909,0.219513,0.029913,0.211763,0.017292,9.5e-05,0.000313
0,-0.194261,-0.103135,-0.209838,-0.096607,-0.167527,-0.113773,0.0033,0.0018
0,-0.111577,0.026973,0.07733,0.125996,0.095472,0.161977,0.001947,0.000471
0,-0.055579,-0.07175,0.027637,-0.071009,0.039041,-0.023636,0.00097,0.001252
0,-0.260894,0.100066,-0.189572,0.173772,-0.225722,0.16353,0.002137,0.001746
0,0.049313,-0.020612,0.316713,-0.09427,0.351381,-0.117625,0.000861,0.00036
0,-0.079744,0.091916,-0.149558,0.118176,-0.131675,0.150067,0.001392,0.001604
0,0.023509,0.041998,0.122,-0.034007,0.074449,-0.06269,0.00041,0.000733
0,-0.172075,0.061792,-0.180619,0.030913,-0.178847,0.032166,0.003003,0.001078
0,-0.123366,0.047769,0.027918,-0.00535,0.047878,0.006538,0.002153,0.000834
0,-0.043242,-0.091045,0.069505,-0.116146,0.020975,-0.118936,0.000755,0.001589
0,0.062677,0.052511,0.114574,0.152106,0.086849,0.154629,0.001094,0.000916
0,0.121164,-0.103611,0.028835,-0.166922,-0.002842,-0.140286,0.002115,0.001808
0,0.139198,0.110461,-0.006343,0.198779,0.016045,0.200188,0.002429,0.001928
0,-0.057906,0.064587,-0.212064,-0.055384,-0.173155,-0.049289,0.001011,0.001127
0,0.087502,0.087254,0.169697,-0.002369,0.183761,0.031169,0.001527,0.001523
0,0.074796,-0.115774,-0.005977,-0.222632,-0.05067,-0.211925,0.001305,0.002021
0,-0.190168,0.025165,-0.244746,0.154441,-0.254641,0.192479,0.003319,0.000439
0,0.016768,-0.040215,0.201739,-0.086805,0.226813,-0.107633,0.000293,0.000702
0,-0.057448,0.11391,-0.06077,0.157974,-0.109729,0.195411,0.001003,0.001988
0,-0.050509,-0.000948,0.002277,-0.105234,0.003016,-0.132208,0.000882,1.7e-05
0,-0.077973,0.118172,-0.003238,0.118517,-0.045711,0.094644,0.001361,0.002062
0,0.069056,0.013648,0.147883,-0.104291,0.121115,-0.125544,0.001205,0.000238
0,0.052575,0.012672,-0.020943,-0.007555,-0.057975,0.009092,0.000918,0.000221
0,-0.109297,0.085102,-0.166121,0.096267,-0.198623,0.06527,0.001908,0.001485
0,-0.049768,0.092093,0.035921,-0.011361,0.083789,-0.054898,0.000869,0.001607
0,0.11516,-0.001916,0.167946,-0.109987,0.173862,-0.133445,0.00201,3.3e-05
0,-0.169302,-0.014404,-0.294073,-0.003589,-0.297239,0.003616,0.002955,0.000251
0,-0.143281,-0.071921,0.000379,-0.067797,0.014251,-0.02041,0.002501,0.001255
0,-0.046314,0.062442,0.120513,0.139623,0.078462,0.089896,0.000808,0.00109
0,-0.13687,-0.024939,-0.089707,-0.104453,-0.064316,-0.099411,0.002389,0.000435
0,-0.053186,-0.133492,0.111827,-0.099544,0.107997,-0.097162,0.000928,0.00233
0,-0.200089,0.057401,-0.125602,0.18315,-0.162788,0.218771,0.003199,0.001002
0,-0.153304,-0.091402,0.023675,-0.154746,0.035905,-0.17072,0.002676,0.001595
0,-0.14366,-0.027378,0.030434,0.056667,0.058853,0.057491,0.002507,0.000478
0,0.011002,-0.013696,0.159835,-0.002904,0.144138,-0.051267,0.000192,0.000239
0,0.09025,0.069168,0.057193,0.060266,0.077569,0.028985,0.001575,0.001207
0,-0.016382,-0.08402,-0.085249,-0.165303,-0.122859,-0.20345,0.000286,0.001466
0,-0.010181,0.055285,0.007019,0.137718,0.028865,0.096385,0.000178,0.000965
0,-0.098065,-0.06254,-0.091109,-0.088896,-0.118683,-0.110707,0.001712,0.001092
0,-0.083708,-0.045611,0.015955,0.027674,0.026312,0.004239,0.001461,0.000796
0,0.056735,0.069818,0.160562,0.130356,0.185332,0.153175,0.00099,0.001219
0,-0.098132,-0.082492,-0.174544,-0.179096,-0.21189,-0.223387,0.001713,0.00144
0,-0.085294,-0.017257,0.035393,0.047179,0.019703,0.025767,0.001489,0.000301
0,-0.173711,-0.097456,-0.074757,-0.052973,-0.086206,-0.03055,0.003032,0.001701
0,-0.057133,0.018769,0.089691,0.143856,0.10386,0.122264,0.000997,0.000328
0,-0.168755,-0.062525,-0.109391,-0.055049,-0.07979,-0.05485,0.002945,0.001091
0,0.012856,-0.01771,0.162378,0.025629,0.192506,0.053663,0.000224,0.000309
0,0.045912,-0.06766,0.062951,-0.057438,0.049707,-0.091018,0.000801,0.001181
0,0.11683,0.033364,0.055816,0.125308,0.06609,0.117911,0.002039,0.000582
0,0.114098,-0.236705,-0.011366,-0.250823,-0.014749,-0.274314,0.001991,0.00256
0,0.179901,-0.119451,0.050951,0.107114,0.069797,0.100857,0.00314,0.002085
0,-0.103561,0.052886,-0.297775,0.199603,-0.251377,0.169262,0.001807,0.000923
0,0.007337,-0.036961,0.1395,-0.06505,0.145667,-0.048179,0.000128,0.000645
0,0.044138,-0.21565,0.034749,-0.154692,0.024611,-0.16638,0.00077,0.002927
0,0.052977,-0.081379,-0.003974,0.155831,-0.036744,0.173561,0.000925,0.00142
0,0.039022,-0.09014,-0.033839,0.001677,-0.047699,0.000274,0.000681,0.001573
0,0.116943,0.038936,0.063278,0.101029,0.048418,0.121769,0.002041,0.00068
0,0.041595,0.026751,-0.103916,-0.002386,-0.119201,0.040384,0.000726,0.000467
0,0.163331,0.078165,0.138392,0.026455,0.187332,0.050403,0.002851,0.001364
0,-0.020705,0.022819,-0.177437,-0.073848,-0.153856,-0.032966,0.000361,0.000398
0,0.130806,-0.102422,0.173061,-0.137752,0.123446,-0.181256,0.002283,0.001788
0,0.0795,-0.111431,-0.028458,0.007612,-0.043472,-0.031808,0.001388,0.001945
0,-0.0419,0.028524,-0.101648,0.122749,-0.116501,0.117556,0.000731,0.000498
0,0.084287,-0.129041,0.098995,-0.159809,0.107429,-0.157961,0.001471,0.002252
0,0.07881,0.008392,0.012442,0.118446,-0.033333,0.154478,0.001375,0.000146
0,-0.013476,0.000447,-0.112321,0.011479,-0.090112,-0.026023,0.000235,8e-06
0,0.208054,-0.118825,0.219141,-0.111849,0.189579,-0.129392,0.00306,0.002074
0,0.137637,-0.060541,-0.042342,0.068887,-0.052011,0.061626,0.002402,0.001057
0,0.105097,0.004832,-0.029921,0.086644,-0.051543,0.091724,0.001834,8.4e-05
0,0.069012,0.122164,-0.032247,0.107902,-0.000823,0.108668,0.001204,0.002132
0,0.09333,-0.055458,0.030436,-0.187122,0.005032,-0.155673,0.001629,0.000968
0,0.145326,0.074315,0.048707,0.156563,-0.000242,0.168117,0.002536,0.001297
0,0.035702,-0.043533,-0.081522,-0.143926,-0.114537,-0.130542,0.000623,0.00076
0,0.180545,0.021801,0.155054,0.085504,0.162002,0.119888,0.003151,0.00038
0,0.141057,0.077973,-0.057279,0.080177,-0.030763,0.119366,0.002462,0.001361
0,0.044405,0.138165,-0.079861,0.062278,-0.077578,0.043254,0.000775,0.002411
0,0.203845,-0.107828,0.180516,-0.227325,0.215703,-0.203149,0.003133,0.001882
0,0.022459,-0.11546,-0.200146,0.021706,-0.210246,0.051447,0.000392,0.002015
0,0.196368,0.154263,0.164008,0.28744,0.150094,0.255145,0.003264,0.002692
0,0.148988,0.163169,-0.068493,-0.005412,-0.114822,-0.018308,0.0026,0.002848
0,0.14481,-0.092657,0.018622,-0.267106,0.04641,-0.254517,0.002527,0.001617
0,0.226541,-0.057276,0.059197,0.011096,0.025403,0.052386,0.002737,0.001
0,0.12185,0.145041,-0.077334,0.196712,-0.106284,0.17805,0.002127,0.002531
0,0.102888,-0.034065,-0.040409,-0.155179,-0.075922,-0.122694,0.001796,0.000595
0,0.090376,-0.086267,-0.002439,-0.047642,0.003885,-0.000875,0.001577,0.001506
0,0.260173,0.154554,0.180489,0.22814,0.159401,0.205828,0.00215,0.002697
0,0.118174,-0.073044,-0.11336,-0.253227,-0.13012,-0.232795,0.002063,0.001275
0,0.255739,-0.027561,0.126661,0.056095,0.158971,0.055942,0.002227,0.000481
0,0.253422,0.00725,-0.005098,0.060988,-0.025962,0.062053,0.002268,0.000127
0,0.116742,-0.082662,-0.152351,-0.07617,-0.12802,-0.064226,0.002038,0.001443
0,0.127215,-0.038664,-0.009263,0.038123,-0.042088,0.081686,0.00222,0.000675
0,0.168994,-0.15181,0.025893,-0.090549,0.055824,-0.067062,0.00295,0.00265
0,0.011155,0.093147,-0.145327,0.260177,-0.14179,0.275367,0.000195,0.001626
0,0.009061,-0.070415,-0.005365,-0.186651,-0.023519,-0.144474,0.000158,0.001229
0,-0.075246,0.042057,-0.061463,0.097609,-0.015674,0.086866,0.001313,0.000734
0,0.188093,-0.065972,0.259048,-0.126686,0.237075,-0.135667,0.003283,0.001151
0,0.047483,-0.019287,-0.124605,0.069962,-0.116447,0.087676,0.000829,0.000337
0,-0.104216,-0.063715,-0.145651,-0.068408,-0.190084,-0.046478,0.001819,0.001112
0,0.093928,0.02898,0.222191,0.080931,0.25819,0.109221,0.001639,0.000506
0,0.074069,0.059073,0.006225,0.02853,0.006486,0.00371,0.001293,0.001031
0,-0.201806,-0.045545,-0.265938,-0.103811,-0.282745,-0.082502,0.003169,0.000795
0,-0.114974,-0.061286,0.10962,0.000297,0.134959,-0.002644,0.002007,0.00107
0,-0.030035,-0.128241,0.071787,-0.055376,0.04565,-0.033865,0.000524,0.002238
0,-0.078181,0.131266,-0.063027,0.243529,-0.099947,0.210093,0.001365,0.002291
0,0.044527,0.071797,0.107381,-0.049996,0.127562,-0.056788,0.000777,0.001253
0,-0.167125,0.017687,-0.222984,-0.075277,-0.225391,-0.093021,0.002917,0.000309
0,-0.077244,0.079572,0.091314,0.062038,0.075315,0.043164,0.001348,0.001389
0,-0.004568,-0.098297,0.086282,-0.168148,0.117542,-0.206347,8e-05,0.001716
0,-0.193042,-0.063953,-0.196775,0.008875,-0.208892,0.008324,0.003322,0.001116
0,-0.068852,-0.006042,0.117426,0.066644,0.117868,0.04037,0.001202,0.000105
0,0.103661,-0.121303,0.169018,-0.144488,0.170009,-0.192877,0.001809,0.002117
0,0.034619,-0.080193,-0.080327,0.058501,-0.120264,0.051027,0.000604,0.0014
0,-0.138119,-0.146474,-0.196783,-0.088713,-0.230403,-0.068888,0.002411,0.002556
0,-0.03176,0.091519,0.107208,0.213727,0.080662,0.255352,0.000554,0.001597
0,0.109332,-0.015215,0.143193,-0.123389,0.109859,-0.162804,0.001908,0.000266
0,0.10035,0.155643,-0.012124,0.149619,-0.015417,0.100327,0.001751,0.002716
0,-0.070023,-0.09129,-0.163459,-0.22539,-0.169292,-0.195399,0.001222,0.001593
0,0.036103,0.00976,0.099997,0.102846,0.139311,0.098737,0.00063,0.00017
0,0.096411,0.140235,0.062011,0.105774,0.080645,0.089337,0.001683,0.002448
0,-0.027326,0.074385,-0.152893,-0.059763,-0.175671,-0.055561,0.000477,0.001298
0,0.075125,0.134009,0.076148,0.064915,0.124785,0.065014,0.001311,0.002339
0,-0.142802,-0.108665,-0.237108,-0.229725,-0.279215,-0.272671,0.002492,0.001897
0,0.123106,0.033807,0.279493,0.160577,0.312513,0.196505,0.002149,0.00059
0,-0.002551,-0.066924,-0.147922,-0.117194,-0.146501,-0.107187,4.5e-05,0.001168
0,0.060881,-0.075112,0.067925,-0.028722,0.064518,-0.063605,0.001063,0.001311
0,-0.005684,0.01933,-0.038489,0.084534,0.009498,0.119055,9.9e-05,0.000337
0,-0.117434,0.043811,-0.093734,0.024571,-0.065819,0.060897,0.00205,0.000765
0,0.026914,0.154438,0.129719,0.140077,0.169221,0.137657,0.00047,0.002695
0,0.126183,-0.047933,0.097439,-0.213453,0.067591,-0.190286,0.002202,0.000837
0,0.175979,0.195637,0.024111,0.243139,-0.023055,0.243592,0.003071,0.003276
0,0.062686,0.144998,-0.137383,-0.079585,-0.104791,-0.057588,0.001094,0.002531
0,-0.016475,-0.031107,-0.093401,-0.151896,-0.109705,-0.137948,0.000288,0.000543
0,-0.044943,0.189939,-0.006737,0.237145,0.001867,0.277431,0.000784,0.003315
0,0.109792,0.097059,0.155858,-0.110257,0.12831,-0.073738,0.001916,0.001694
0,-0.024951,0.099689,-0.11851,-0.02713,-0.071957,-0.052748,0.000435,0.00174
0,0.078466,0.125318,0.077096,0.053663,0.043608,0.065461,0.001369,0.002187
0,-0.154235,0.189052,-0.239185,0.090872,-0.198362,0.10576,0.002692,0.0033
0,0.096241,0.105399,0.266109,-0.05864,0.289712,-0.073448,0.00168,0.00184
0,0.115702,-0.024222,0.041728,-0.121311,0.053425,-0.073071,0.002019,0.000423
0,0.073517,0.029058,-0.053091,0.056252,-0.094941,0.103804,0.001283,0.000507
0,0.109195,0.023853,0.009552,-0.017665,0.046014,-0.010526,0.001906,0.000416
0,-0.022219,0.149173,-0.160315,0.12957,-0.11162,0.099477,0.000388,0.002604
0,-0.001896,0.111434,0.02841,-0.033673,-0.008891,-0.021987,3.3e-05,0.001945
0,0.078225,0.054748,0.062142,-0.039043,0.02902,-0.078959,0.001365,0.000956
0,0.092483,-0.00713,-0.012184,-0.061611,-0.004172,-0.058649,0.001614,0.000124
0,0.143783,-0.10613,0.024151,-0.07304,0.002882,-0.06554,0.002509,0.001852
0,0.10748,0.048011,-0.011282,0.161521,-0.061033,0.128953,0.001876,0.000838
0,0.018825,0.07531,-0.117581,0.001432,-0.117964,-0.009793,0.000329,0.001314
0,-0.143162,0.13822,-0.152789,0.067217,-0.193883,0.022667,0.002499,0.002412
0,-0.044604,-0.055468,0.119878,-0.187817,0.155145,-0.194824,0.000778,0.000968
0,-1.385233,-0.641507,-1.322105,-0.588711,-1.366394,-0.596073,0.002586,0.002185
0,-3.303051,-0.802962,-1.920106,-0.139884,-1.909939,-0.10628,0.002568,0.000633
0,-4.296708,-0.795152,-0.980499,0.022141,-0.961357,0.050677,0.001393,0.000496
0,-5.148726,-0.850748,-0.824217,-0.047735,-0.838566,-0.01664,0.002882,0.001467
0,-4.172993,-0.852182,0.975328,0.000882,1.013789,-0.016956,0.000767,0.001492
0,-3.785974,-0.784247,0.399246,0.094766,0.396103,0.065248,0.00083,0.000306
0,-3.175303,-0.498678,0.635445,0.268938,0.59924,0.220858,0.001893,0.002013
0,-2.440571,-0.333607,0.742628,0.180965,0.764563,0.229462,0.002451,0.000868
0,-1.761805,-0.379646,0.677042,-0.055253,0.687159,-0.045624,0.002705,6.5e-05
0,-0.740209,-0.272195,0.991634,0.085708,0.943476,0.077725,0.000463,0.00194
0,-0.658808,-0.223221,0.108401,0.052747,0.061817,0.086619,0.001883,0.002795
0,-0.293862,0.048041,0.365579,0.25299,0.323709,0.262587,0.001562,0.000838
0,-0.025721,-0.06902,0.264114,-0.12474,0.243909,-0.099756,0.000449,0.001205
0,0.209115,0.179571,0.247561,0.252586,0.21503,0.265108,0.003041,0.003134
0,0.266366,-0.056446,0.072687,-0.219469,0.058109,-0.260815,0.002042,0.000985
0,0.223694,-0.012083,-0.016771,0.015707,-0.02143,-0.001203,0.002787,0.000211
0,0.156353,0.029644,-0.050555,0.065871,-0.065078,0.097757,0.002729,0.000517
0,0.076234,0.012093,-0.056127,-0.021325,-0.042818,-0.054499,0.001331,0.000211
0,0.221165,0.127913,0.143565,0.138838,0.098851,0.104329,0.002831,0.002233
0,-0.77339,0.581506,-0.985965,0.425932,-0.993262,0.45224,0.000117,0.003232
0,-0.876355,1.126245,-0.073549,0.545919,-0.092179,0.580699,0.001914,0.000416
0,-1.200169,1.446911,-0.344406,0.313771,-0.356896,0.282032,0.000874,0.00151
0,-0.960709,1.187816,0.265288,-0.264513,0.268807,-0.216099,0.003305,0.000659
0,-0.846641,0.82724,0.119457,-0.361703,0.168672,-0.362379,0.001395,0.001056
0,-0.646397,0.667019,0.170887,-0.148366,0.210916,-0.112198,0.0021,0.00174
0,-0.651907,0.540553,-0.02706,-0.108114,-0.068628,-0.128305,0.002004,0.002744
0,-0.389219,0.258839,0.256456,-0.305747,0.240942,-0.293237,0.000102,0.002173
0,-0.18791,0.040628,0.203345,-0.235003,0.238298,-0.225345,0.00328,0.000709
0,-0.263122,0.046995,-0.058803,0.009354,-0.105389,-0.035273,0.002098,0.00082
0,-0.049203,-0.041575,0.190526,-0.089945,0.172681,-0.074401,0.000859,0.000726
0,-0.054993,-0.020846,-0.015116,0.017052,-0.017808,0.06352,0.00096,0.000364
0,0.001152,-0.313935,0.066935,-0.272575,0.116466,-0.279387,2e-05,0.001212
0,0.338982,-0.222514,0.343549,0.104306,0.383291,0.075725,0.000774,0.002807
0,0.264966,-0.213848,-0.099983,0.000955,-0.146372,0.013143,0.002066,0.002958
0,0.152664,0.054505,-0.11458,0.243597,-0.153642,0.281394,0.002664,0.000951
0,0.091298,-0.105075,-0.072296,-0.140544,-0.116415,-0.124727,0.001593,0.001834
0,0.267849,0.035156,0.180578,0.136793,0.178769,0.112144,0.002016,0.000614
0,-0.021646,0.135085,-0.317603,0.107345,-0.284546,0.087301,0.000378,0.002358
0,0.148348,0.077077,0.144438,-0.077505,0.181484,-0.094066,0.002589,0.001345
0,0.180334,-0.107033,0.051865,-0.195751,0.019119,-0.182256,0.003147,0.001868
0,0.098,-0.034815,-0.098709,0.094175,-0.078243,0.113175,0.00171,0.000608
0,-0.023261,0.042441,-0.139419,0.078229,-0.116324,0.077279,0.000406,0.000741
0,-0.044521,0.080077,-0.032934,0.021496,-0.041405,0.055414,0.000777,0.001398
0,0.087844,0.018628,0.158177,-0.090969,0.157663,-0.12896,0.001533,0.000325
0,-0.075555,0.019941,-0.18336,-0.020842,-0.205772,0.001524,0.001319,0.000348
0,0.08958,0.114798,0.144156,0.096339,0.178735,0.054863,0.001563,0.002004
0,-0.148163,-0.008362,-0.226412,-0.128058,-0.20629,-0.095419,0.002586,0.000146
0,0.047385,0.118014,0.21271,0.114653,0.259481,0.150949,0.000827,0.00206
0,0.062416,-0.066543,0.028631,-0.189809,0.070647,-0.218726,0.001089,0.001161
0,-0.038467,0.175947,-0.128507,0.216452,-0.117152,0.178435,0.000671,0.003071
0,0.045354,-0.086017,0.065742,-0.247127,0.107106,-0.270763,0.000792,0.001501
0,0.075501,-0.008096,0.052547,0.097978,0.09967,0.092065,0.001318,0.000141
0,-0.097108,0.120738,-0.168733,0.129266,-0.194437,0.115696,0.001695,0.002107
0,0.023398,0.059586,0.133475,-0.050473,0.174504,-0.053078,0.000408,0.00104
0,0.042589,-0.025875,0.031242,-0.113685,-0.006624,-0.139635,0.000743,0.000452
0,-0.026549,0.199938,-0.052475,0.250441,-0.085304,0.232458,0.000463,0.003201
0,-0.006402,-0.042328,0.003477,-0.263114,0.038824,-0.297634,0.000112,0.000739
0,0.066254,0.136915,0.090971,0.189432,0.06554,0.145412,0.001156,0.00239
0,-0.169628,-0.064737,-0.231174,-0.174216,-0.187742,-0.178927,0.002961,0.00113
0,-0.120412,0.074642,0.066237,0.136523,0.100202,0.135246,0.002102,0.001303
0,0.014011,0.13691,0.112218,0.045379,0.107256,0.020848,0.000245,0.00239
0,-0.220992,0.047332,-0.236857,-0.060387,-0.221517,-0.010526,0.002834,0.000826
0,-0.109929,-0.061427,0.127697,-0.137543,0.127724,-0.168131,0.001919,0.001072
0,0.001239,0.011025,0.085142,0.05284,0.060405,0.042506,2.2e-05,0.000192
0,0.103956,-0.116637,0.112487,-0.118968,0.153099,-0.163915,0.001814,0.002036
0,-0.113238,0.062456,-0.239126,0.15704,-0.284113,0.11561,0.001976,0.00109
0,0.131697,0.151315,0.27048,0.101676,0.260094,0.148979,0.002299,0.002641
0,0.098809,-0.063429,-0.005425,-0.199582,-0.046313,-0.178562,0.001725,0.001107
0,0.10195,-0.127169,-0.026831,-0.06475,-0.035093,-0.103959,0.001779,0.00222
0,0.105359,0.119241,-0.023506,0.251323,0.018332,0.257658,0.001839,0.002081
0,0.132923,-0.067482,0.006036,-0.167976,0.0269,-0.193825,0.00232,0.001178
0,-0.039696,-0.023976,-0.156173,0.046134,-0.200427,0.008428,0.000693,0.000418
0,0.094181,0.120574,0.144864,0.150551,0.14004,0.138672,0.001644,0.002104
0,0.064676,0.023916,-0.009383,-0.097379,0.035474,-0.10427,0.001129,0.000417
0,-0.106394,-0.062665,-0.144176,-0.090233,-0.104668,-0.104115,0.001857,0.001094
0,0.061351,0.184768,0.155955,0.272484,0.117615,0.269845,0.001071,0.003225
0,0.01776,0.189041,-0.058475,0.032505,-0.060085,0.073879,0.00031,0.003299
0,-0.084525,0.148831,-0.081517,-0.066334,-0.038606,-0.031557,0.001475,0.002598
0,0.092353,-0.037233,0.177927,-0.199169,0.17983,-0.179331,0.001612,0.00065
0,0.032408,0.033305,-0.052601,0.09342,-0.099894,0.135541,0.000566,0.000581
0,-0.139241,0.05157,-0.145156,0.036194,-0.151348,0.046226,0.00243,0.0009
0,0.147024,-0.087658,0.27129,-0.124537,0.230436,-0.076591,0.002566,0.00153
0,-0.144223,0.207682,-0.295097,0.267947,-0.283043,0.308477,0.002517,0.003066
0,-0.102861,0.131263,0.039832,-0.081154,0.012685,-0.077452,0.001795,0.002291
0,-0.156393,0.176771,-0.0506,0.058831,-0.031323,0.104346,0.00273,0.003085
0,0.02847,0.110914,0.160694,-0.079277,0.172856,-0.111012,0.000497,0.001936
0,0.115987,0.051194,0.073802,-0.064479,0.092111,-0.106524,0.002024,0.000894
0,-0.019523,-0.076792,-0.147196,-0.15299,-0.10299,-0.126015,0.000341,0.00134
0,-0.118603,0.096963,-0.083709,0.157389,-0.098296,0.160209,0.00207,0.001692
0,0.035564,0.148693,0.135804,0.060191,0.147887,0.047123,0.000621,0.002595
0,0.115849,-0.024318,0.072357,-0.143933,0.057245,-0.163015,0.002022,0.000424
0,-0.051556,-0.046345,-0.1533,-0.005678,-0.106676,0.027432,0.0009,0.000809
0,-0.107007,0.071566,-0.052222,0.09255,-0.06506,0.108197,0.001868,0.001249
0,0.049288,-0.05953,0.129419,-0.142589,0.100807,-0.16473,0.00086,0.001039
0,-0.178584,-0.023862,-0.248429,0.006903,-0.293939,0.042254,0.003117,0.000416
0,-0.084849,-0.135775,0.094737,-0.096874,0.099633,-0.075155,0.001481,0.00237
0,0.039262,0.036651,0.121402,0.193479,0.147326,0.176198,0.000685,0.00064
0,-0.035714,0.098599,-0.053951,0.085819,-0.085196,0.07312,0.000623,0.001721
0,0.089051,-0.080105,0.125123,-0.201417,0.078436,-0.196441,0.001554,0.001398
0,-0.126849,0.080375,-0.195845,0.163091,-0.182646,0.195764,0.002214,0.001403
0,-0.107576,-0.072177,-0.000294,-0.145467,0.03881,-0.097,0.001878,0.00126
0,-0.068702,-0.078673,0.02958,-0.029367,0.020814,-0.03883,0.001199,0.001373
0,-0.144663,0.114125,-0.064939,0.1742,-0.027408,0.197234,0.002525,0.001992
0,0.061729,-0.105867,0.209464,-0.22259,0.228068,-0.198044,0.001077,0.001848
0,-0.155422,0.004585,-0.211275,0.134415,-0.195775,0.094093,0.002713,8e-05
0,-0.045742,0.024795,0.130484,-0.003686,0.175039,0.032119,0.000798,0.000433
0,-0.025543,-0.032496,-0.002725,-0.081862,0.012132,-0.041751,0.000446,0.000567
0,-0.098612,-0.031417,-0.09651,-0.027645,-0.101645,-0.016526,0.001721,0.000548
0,0.208262,-0.070859,0.329354,-0.065898,0.353758,-0.097939,0.003056,0.001237
0,0.033434,0.118927,-0.194676,0.170145,-0.217276,0.178334,0.000584,0.002076
0,0.13224,0.023054,0.083665,-0.100434,0.037824,-0.146786,0.002308,0.000402
0,0.11055,0.001628,-0.046343,-0.000833,-0.024927,-0.039924,0.001929,2.8e-05
0,-0.100224,-0.015929,-0.234561,-0.003066,-0.22255,-0.039138,0.001749,0.000278
0,0.132499,0.213894,0.206657,0.236821,0.228744,0.231135,0.002313,0.002958
0,0.081159,0.011626,-0.078681,-0.177855,-0.107635,-0.174804,0.001416,0.000203
0,0.186034,0.129017,0.088498,0.088272,0.090804,0.072444,0.003247,0.002252
0,0.041204,-0.024416,-0.170812,-0.183202,-0.155475,-0.184796,0.000719,0.000426
0,0.122527,0.030524,0.071913,0.02644,0.057661,0.026122,0.002138,0.000533
0,0.089254,-0.044382,-0.020127,-0.07851,-0.021238,-0.0651,0.001558,0.000775
0,0.121701,0.08013,0.005734,0.123817,-0.018427,0.079464,0.002124,0.001399
0,0.014978,0.001751,-0.09551,-0.108358,-0.067758,-0.149768,0.000261,3.1e-05
0,0.22046,0.007194,0.180034,-0.013888,0.139896,-0.046428,0.002843,0.000126
0,0.215553,0.064004,0.000496,0.054828,-0.017565,0.043999,0.002929,0.001117
0,0.242281,0.225003,0.031026,0.176168,0.068317,0.149491,0.002462,0.002764
0,0.212434,0.041737,-0.034993,-0.201941,-0.001961,-0.235251,0.002983,0.000728
0,0.096398,-0.006992,-0.134123,-0.036263,-0.115519,-0.07013,0.001682,0.000122
0,0.257001,0.287209,0.155523,0.277795,0.140544,0.284373,0.002205,0.001678
0,0.212251,0.130158,-0.071999,-0.133156,-0.03736,-0.134631,0.002986,0.002272
0,0.121613,0.244632,-0.10914,0.118354,-0.092352,0.139264,0.002123,0.002421
0,0.006071,0.100801,-0.111968,-0.159889,-0.108786,-0.131664,0.000106,0.001759
0,0.277356,0.010384,0.24351,-0.062104,0.262165,-0.041106,0.00185,0.000181
0,0.206568,0.087393,-0.051414,0.063769,-0.050726,0.075875,0.003086,0.001525
0,0.204602,0.181542,-0.01936,0.069264,-0.000329,0.112427,0.00312,0.003169
0,0.061144,-0.000951,-0.168588,-0.164451,-0.17737,-0.141028,0.001067,1.7e-05
0,0.176464,0.135782,0.09119,0.126177,0.096501,0.077145,0.00308,0.00237
0,0.128346,0.055796,-0.040097,-0.073361,-0.019555,-0.103743,0.00224,0.000974
0,0.117968,0.022269,0.007767,-0.028403,-0.004937,-0.044495,0.002059,0.000389
0,0.101771,0.052716,0.009879,0.023517,-0.022905,0.072427,0.001776,0.00092
0,0.026391,0.154116,-0.083303,0.119505,-0.033633,0.074874,0.000461,0.00269
0,0.051865,0.105522,0.0379,-0.049349,0.058336,-0.084157,0.000905,0.001842
0,0.06573,0.179277,-0.012338,0.098484,-0.051571,0.113346,0.001147,0.003129
0,0.236415,0.028962,0.145475,-0.125595,0.185538,-0.150351,0.002565,0.000505
0,0.189948,0.008356,-0.065449,-0.049645,-0.052446,-0.045191,0.003315,0.000146
0,0.151436,-0.011266,-0.021978,0.007861,-0.058721,-0.00374,0.002643,0.000197
0,0.216717,0.146556,0.037865,0.179257,0.030254,0.188011,0.002908,0.002558
0,-1.338128,-0.719642,-1.56345,-0.84602,-1.528126,-0.872416,0.003282,0.000822
0,-2.246563,-0.902669,-0.923563,-0.187485,-0.938656,-0.207186,0.000935,0.002373
0,-3.29712,-1.762035,-1.046222,-0.871171,-1.070625,-0.905982,0.002672,0.002701
0,-2.629761,-2.589507,0.643691,-0.801397,0.637197,-0.757333,0.000938,0.00164
0,-2.326256,-2.000206,0.290178,0.578179,0.259968,0.604368,0.000456,0.001456
0,-1.879232,-1.666025,0.447225,0.325461,0.440504,0.372989,0.000655,0.002314
0,-1.590562,-1.493956,0.269729,0.183434,0.29548,0.134322,0.000997,0.000689
0,-1.27511,-1.107603,0.315038,0.415798,0.363323,0.418402,0.002182,0.000741
0,-0.916304,-0.70236,0.332542,0.377271,0.332642,0.421864,0.002611,0.001123
0,-0.303103,-0.3134,0.612213,0.389314,0.624078,0.346578,0.001401,0.001221
0,-0.306578,-0.239867,0.000813,0.072511,-0.020242,0.024185,0.00134,0.002504
0,-0.37682,-0.342463,-0.061745,-0.106454,-0.076491,-0.107621,0.000114,0.000714
0,-0.302212,-0.211677,0.103043,0.125765,0.138629,0.119588,0.001416,0.002996
0,-0.381372,-0.390207,-0.087733,-0.163693,-0.070935,-0.16924,3.5e-05,0.00012
0,-0.854002,0.376496,-0.491817,0.780441,-0.516519,0.806417,0.001524,0.00012
0,-0.908469,1.363835,-0.033239,0.981261,0.000442,0.973542,0.002474,0.00296
0,-1.083549,2.323651,-0.157654,0.955865,-0.125658,0.948829,0.001161,0.00041
0,-1.221387,2.088135,-0.134784,-0.24143,-0.107564,-0.206834,0.001245,0.002991
0,-1.112203,1.783859,0.088521,-0.277747,0.131796,-0.255747,0.000661,0.00232
0,-0.954785,1.362657,0.163275,-0.405152,0.193505,-0.445127,0.003282,0.00298
0,-0.876657,1.113724,0.092863,-0.240569,0.120754,-0.247945,0.001919,0.000634
0,-0.710931,0.857911,0.170555,-0.240874,0.14719,-0.244219,0.000974,0.001592
0,-0.468582,0.228044,0.271541,-0.643195,0.282732,-0.639226,0.001487,0.002711
0,-0.331335,0.099588,0.138644,-0.120155,0.159122,-0.119142,0.000908,0.001738
0,-0.248382,-0.006192,0.07365,-0.095123,0.113647,-0.124055,0.002356,0.000108
0,-0.304465,0.02103,-0.028459,-0.000114,-0.07755,0.032406,0.001377,0.000367
0,-0.037428,-0.241682,0.284566,-0.260354,0.280844,-0.286521,0.000653,0.002473
0,-0.147139,0.00874,-0.113529,0.226641,-0.127034,0.242679,0.002568,0.000153
0,0.084361,-0.149957,0.211747,-0.185722,0.220825,-0.21025,0.001472,0.002617
0,-0.085376,-0.229211,-0.142852,-0.070091,-0.164033,-0.108594,0.00149,0.00269
0,0.097093,-0.155603,0.196101,0.074063,0.217689,0.051686,0.001695,0.002716
0,0.107849,0.121341,-0.018731,0.297532,-0.039936,0.300893,0.001882,0.002118
0,-0.057932,0.0263,-0.175057,-0.108064,-0.151648,-0.145121,0.001011,0.000459
0,0.19295,0.025884,0.224885,-0.00074,0.236678,0.007617,0.003323,0.000452
0,0.002881,-0.088641,-0.211763,-0.133592,-0.255953,-0.086706,5e-05,0.001547
0,0.145653,-0.076704,0.164583,-0.017527,0.123623,-0.020811,0.002542,0.001339
0,-0.009858,0.089211,-0.133174,0.149868,-0.171198,0.188302,0.000172,0.001557
0,0.047165,-0.07513,0.065912,-0.182333,0.062897,-0.208395,0.000823,0.001311
0,-0.093764,-0.037111,-0.165076,0.060991,-0.17382,0.058563,0.001636,0.000648
0,0.020501,0.14724,0.085501,0.207032,0.117286,0.199918,0.000358,0.00257
0,0.115128,-0.095491,0.09586,-0.222624,0.131783,-0.189661,0.002009,0.001667
0,-0.140254,-0.04947,-0.25402,0.024552,-0.232835,0.049886,0.002448,0.000863
0,-0.077201,-0.106991,0.059459,-0.066932,0.060558,-0.022182,0.001347,0.001867
0,-0.111433,-0.115318,-0.008487,-0.035357,0.02237,-0.082109,0.001945,0.002013
0,-0.094781,0.073976,0.031047,0.188034,0.019214,0.151754,0.001654,0.001291
0,-0.119219,-0.023474,-0.024246,-0.092822,0.015438,-0.064479,0.002081,0.00041
0,0.109976,-0.002785,0.251155,0.03441,0.266182,0.017277,0.001919,4.9e-05
0,-0.00968,-0.130281,-0.113616,-0.140843,-0.076318,-0.181826,0.000169,0.002274
0,-0.032304,0.059182,-0.012522,0.216324,-0.050085,0.26135,0.000564,0.001033
0,-0.133587,0.078915,-0.128395,0.016293,-0.119154,0.052465,0.002332,0.001377
0,-0.023072,-0.017661,0.080658,-0.099171,0.050665,-0.060707,0.000403,0.000308
0,0.087628,-0.005753,0.114275,0.029086,0.123927,0.014741,0.001529,0.0001
0,-0.149417,-0.067525,-0.218033,-0.058613,-0.226997,-0.019887,0.002608,0.001179
0,-0.069861,0.162646,0.106586,0.228035,0.057828,0.243874,0.001219,0.002839
0,0.12139,0.071534,0.167484,-0.078152,0.141609,-0.100274,0.002119,0.001248
0,0.100597,0.116642,-0.040283,0.050282,-0.000318,0.093913,0.001756,0.002036
0,0.194806,-0.121191,0.093426,-0.257458,0.052371,-0.295778,0.003291,0.002115
0,0.179856,0.118417,-0.006263,0.251975,0.025281,0.281378,0.003139,0.002067
0,-0.014772,0.083318,-0.224449,-0.020612,-0.228519,-0.066693,0.000258,0.001454
0,0.157917,-0.044269,0.169305,-0.135031,0.17748,-0.132284,0.002756,0.000773
0,0.184684,0.096447,0.01664,0.163525,0.039864,0.15738,0.003223,0.001683
0,0.206713,0.059556,0.011992,-0.029625,0.022389,-0.058652,0.003083,0.001039
0,0.185629,-0.123835,0.004767,-0.178031,0.026671,-0.128367,0.00324,0.002161
0,-0.002335,0.10862,-0.176467,0.256608,-0.137771,0.233771,4.1e-05,0.001896
0,0.264183,-0.071972,0.256293,-0.16114,0.241368,-0.118026,0.00208,0.001256
0,0.200966,0.030132,-0.044207,0.093821,-0.04082,0.06943,0.003183,0.000526
0,0.000623,-0.032582,-0.207331,-0.070857,-0.211813,-0.06327,1.1e-05,0.000569
0,-2.724554,1.572334,-2.722672,1.596783,-2.747298,1.574847,0.000717,0.000679
0,-3.685047,2.085836,-0.96293,0.542549,-0.999338,0.585617,0.002592,0.002951
0,-3.373042,1.795476,0.322062,-0.283483,0.353144,-0.241796,0.001347,0.002117
0,-2.478917,1.624658,0.89187,-0.172116,0.880889,-0.209359,0.00312,0.001592
0,-2.462837,1.328736,-0.010556,-0.28138,-0.056294,-0.298826,0.00284,0.003118
0,-1.752772,1.195896,0.685856,-0.136672,0.682196,-0.17797,0.002862,0.0008
0,-1.135858,0.835956,0.622441,-0.354355,0.621575,-0.322649,0.000248,0.001209
0,-0.845914,0.620143,0.283085,-0.245752,0.332881,-0.211315,0.001382,0.002558
0,-0.781022,0.41427,0.090599,-0.184738,0.055252,-0.206094,0.00025,0.00054
0,-0.390726,0.333511,0.407978,-0.091087,0.410092,-0.089905,0.000129,0.00087
0,-0.322806,0.008642,0.079079,-0.316875,0.119908,-0.274491,0.001057,0.000151
0,0.029295,-0.136382,0.331699,-0.125902,0.321327,-0.170553,0.000511,0.00238
0,0.262628,-0.357465,0.219585,-0.22878,0.235891,-0.213301,0.002107,0.000452
0,0.338475,-0.176402,0.079289,0.206292,0.089244,0.210714,0.000783,0.003079
0,0.388816,-0.344194,0.032366,-0.166086,0.051565,-0.176512,9.5e-05,0.000684
0,0.220344,-0.06633,-0.191933,0.283512,-0.15268,0.319139,0.002845,0.001158
0,0.166687,-0.294089,-0.046296,-0.23259,-0.060222,-0.233996,0.002909,0.001558
0,0.128833,-0.025288,-0.047696,0.283406,-0.078039,0.291269,0.002249,0.000441
0,0.296201,-0.193657,0.151056,-0.182446,0.169077,-0.156308,0.001521,0.003311
0,0.035231,-0.070114,-0.255701,0.125946,-0.285976,0.076609,0.000615,0.001224
0,-0.024779,-0.099281,-0.069902,-0.057437,-0.067136,-0.008844,0.000432,0.001733
0,0.109815,0.04322,0.141367,0.136376,0.104157,0.109977,0.001917,0.000754
0,-0.023501,0.130662,-0.122818,0.068892,-0.128219,0.100588,0.00041,0.00228
0,-0.003501,0.161948,0.0326,0.058757,0.052744,0.041098,6.1e-05,0.002827
0,-0.047871,0.211211,-0.062145,0.022906,-0.024361,0.040824,0.000836,0.003004
0,0.036859,0.14962,0.087529,-0.091394,0.123163,-0.088207,0.000643,0.002611
0,-0.089177,0.138,-0.134068,-0.029152,-0.149997,-0.00672,0.001556,0.002409
0,-0.014483,0.089741,0.08654,-0.051343,0.117577,-0.020226,0.000253,0.001566
0,0.0045,0.012576,0.031839,-0.054697,0.024938,-0.064882,7.9e-05,0.000219
0,-0.089625,-0.147525,-0.121834,-0.173783,-0.14458,-0.133572,0.001564,0.002575
0,-0.026655,-0.071907,0.05781,0.055907,0.027186,0.024305,0.000465,0.001255
0,-0.120762,-0.122327,-0.093986,-0.067983,-0.071468,-0.051941,0.002108,0.002135
0,0.15193,0.12231,0.269178,0.259921,0.247383,0.305184,0.002652,0.002135
0,-0.120188,-0.050515,-0.248359,-0.1716,-0.206196,-0.13262,0.002098,0.000882
0,-0.014745,-0.128759,0.1179,-0.090888,0.158763,-0.109595,0.000257,0.002247
0,-0.006704,-0.113675,-0.0159,0.01401,0.014518,0.044239,0.000117,0.001984
0,-0.104193,-0.137141,-0.095644,-0.051283,-0.075676,-0.094104,0.001819,0.002394
0,-0.092758,0.007549,0.02441,0.123221,0.017994,0.096616,0.001619,0.000132
0,-0.06489,0.012929,0.036192,-0.008244,0.048139,-0.017114,0.001133,0.000226
0,0.02646,0.03714,0.114703,0.013993,0.153163,0.033632,0.000462,0.000648
0,0.032372,-0.112315,0.026187,-0.17421,0.063314,-0.174284,0.000565,0.00196
0,-0.09468,-0.183153,-0.118884,-0.076008,-0.105823,-0.073761,0.001652,0.003197
0,0.121695,-0.201755,0.231932,-0.03235,0.210159,-0.035401,0.002124,0.00317
0,-0.055339,0.057611,-0.168122,0.283608,-0.12101,0.279562,0.000966,0.001006
0,0.146413,0.113478,0.189272,0.084112,0.162924,0.07573,0.002555,0.001981
0,0.032303,-0.095022,-0.12736,-0.198778,-0.176806,-0.213117,0.000564,0.001658
0,0.243476,-0.060955,0.213076,0.05727,0.181212,0.041251,0.002441,0.001064
0,0.020162,0.104677,-0.234196,0.170341,-0.220935,0.208024,0.000352,0.001827
0,0.27228,-0.010095,0.242328,-0.114934,0.230085,-0.146325,0.001939,0.000176
0,0.016696,0.018141,-0.271393,0.027229,-0.274919,0.071929,0.000291,0.000317
0,0.218786,0.129193,0.183073,0.09726,0.186223,0.070944,0.002872,0.002255
0,0.221283,0.038214,-0.000143,-0.061308,-0.021902,-0.110329,0.002829,0.000667
0,0.199443,-0.099659,0.007707,-0.109886,0.006702,-0.120524,0.00321,0.001739
0,0.012957,0.046153,-0.19775,0.134881,-0.239972,0.105566,0.000226,0.000806
0,0.207686,0.15203,0.204617,0.131687,0.235049,0.11824,0.003066,0.002653
0,0.22142,0.183814,-0.015718,0.015393,0.026329,0.064811,0.002826,0.003208
0,0.208818,-0.044689,-0.021901,-0.210159,-0.014711,-0.251157,0.003046,0.00078
0,0.16384,-0.048151,-0.042943,0.004338,-0.038403,-0.031761,0.00286,0.00084
0,0.17153,-0.061605,-0.010173,-0.017864,-0.026336,-0.045714,0.002994,0.001075
0,-0.031833,0.073142,-0.218113,0.150122,-0.245714,0.144691,0.000556,0.001277
0,0.028753,0.041781,0.067097,-0.014265,0.110066,0.019345,0.000502,0.000729
0,-0.137902,0.078403,-0.160623,0.020201,-0.182332,0.01023,0.002407,0.001368
0,-0.015808,0.022327,0.11105,-0.032741,0.13138,0.016942,0.000276,0.00039
0,-0.012402,0.075655,0.011512,0.038972,-0.006621,0.015943,0.000216,0.00132
0,-0.200328,-0.004509,-0.159906,-0.074096,-0.111705,-0.059152,0.003194,7.9e-05
0,-0.075744,0.124859,0.106338,0.152176,0.139508,0.185162,0.001322,0.002179
0,-0.074456,0.054893,0.010398,-0.098639,-0.010751,-0.065707,0.0013,0.000958
0,-0.056776,0.032483,0.016449,-0.019745,-0.026189,-0.035966,0.000991,0.000567
0,0.005579,-0.018491,0.072492,-0.061908,0.069987,-0.095603,9.7e-05,0.000323
0,0.028544,0.095377,-0.00681,0.109284,0.033554,0.147973,0.000498,0.001665
0,0.019483,0.100964,-0.003212,-0.002533,0.044906,-0.051811,0.00034,0.001762
0,0.10406,-0.123483,0.081532,-0.222085,0.079531,-0.262743,0.001816,0.002155
0,-0.024467,0.033467,-0.11525,0.182518,-0.071461,0.168736,0.000427,0.000584
0,0.129017,-0.077775,0.175537,-0.090962,0.167048,-0.095962,0.002252,0.001357
0,-0.038114,-0.132459,-0.18109,-0.04011,-0.182524,0.006948,0.000665,0.002312
0,-0.142032,-0.072369,-0.089282,0.084687,-0.138755,0.071942,0.002479,0.001263
0,-0.09886,0.006165,0.026751,0.072642,0.071079,0.039226,0.001725,0.000108
0,0.125108,0.098203,0.20721,0.105526,0.163282,0.138192,0.002184,0.001714
0,-0.00704,0.012262,-0.134732,-0.080252,-0.115542,-0.098283,0.000123,0.000214
0,-0.006539,0.114495,0.012868,0.087367,0.008701,0.102717,0.000114,0.001998
0,-0.007433,0.10731,-0.004233,-0.030104,-0.042318,-0.05212,0.00013,0.001873
0,-0.137021,0.107781,-0.104364,0.013404,-0.139241,-0.014947,0.002391,0.001881
0,-0.226153,0.045919,-0.09469,-0.070908,-0.090924,-0.077516,0.002744,0.000801
0,-0.178361,-0.02219,0.022388,-0.070192,0.041628,-0.096101,0.003113,0.000387
0,-0.162231,0.117046,0.018874,0.148691,0.011088,0.187138,0.002831,0.002043
0,-0.062335,-0.082729,0.103535,-0.184055,0.094702,-0.167775,0.001088,0.001444
0,-0.066482,0.026125,0.017629,0.087445,0.032316,0.05079,0.00116,0.000456
0,-0.029796,-0.031327,0.016485,-0.070493,0.053642,-0.041761,0.00052,0.000547
0,0.066794,0.102533,0.070089,0.129042,0.046606,0.174878,0.001166,0.00179
0,-0.013353,-0.152849,-0.100278,-0.263362,-0.110475,-0.234697,0.000233,0.002668
0,-0.20846,-0.066043,-0.173155,0.072462,-0.164687,0.035102,0.003053,0.001153
0,0.004411,0.098313,0.184308,0.166465,0.135108,0.187036,7.7e-05,0.001716
0,0.021233,-0.067415,0.028438,-0.185076,0.004858,-0.156887,0.000371,0.001177
0,-0.20845,-0.011133,-0.248479,0.077579,-0.214328,0.083959,0.003053,0.000194
0,0.010469,-0.078407,0.203715,-0.061001,0.210195,-0.106933,0.000183,0.001368
0,-0.146599,-0.076187,-0.129026,-0.025455,-0.095936,-0.047417,0.002559,0.00133
0,0.046978,0.105363,0.182637,0.203234,0.187474,0.185143,0.00082,0.001839
0,-0.081158,0.002082,-0.108856,-0.132847,-0.063689,-0.162559,0.001416,3.6e-05
0,0.006087,-0.041617,0.090363,-0.038438,0.084828,-0.07976,0.000106,0.000726
0,-0.047248,0.127155,-0.081799,0.140509,-0.093133,0.143184,0.000825,0.002219
0,1.831263,1.483718,1.862098,1.366306,1.820084,1.352325,0.001493,0.000868
0,1.955752,1.458356,0.139775,-0.031383,0.177201,0.001967,0.00068,0.00131
0,1.920292,1.375786,-0.026716,-0.106062,-0.038373,-0.101306,6.1e-05,0.002751
0,1.315567,1.535287,-0.613911,0.17367,-0.574086,0.181199,0.002889,3.3e-05
0,1.448024,1.395671,0.106226,-0.145656,0.112814,-0.17681,0.00149,0.002404
0,4.61319,-0.276342,3.183823,-1.654571,3.212382,-1.701009,0.000226,0.001868
0,5.14022,-1.207839,0.497595,-0.936318,0.510546,-0.98381,0.002733,0.001008
0,5.485376,-1.810358,0.371168,-0.629038,0.354429,-0.596195,0.002066,0.001857
0,4.867377,-1.500498,-0.609269,0.321653,-0.636515,0.348697,0.002029,0.000575
0,3.049345,-1.441485,-1.818572,0.032635,-1.797615,0.044092,0.000305,0.001605
0,2.539887,-1.425758,-0.510154,0.02032,-0.480495,-0.015346,0.002506,0.001879
0,1.641563,-1.063691,-0.927692,0.358552,-0.976057,0.372921,0.001887,0.001508
0,0.721314,-0.94971,-0.896581,0.111312,-0.859908,0.158179,0.000792,0.003194
0,0.282543,-0.408729,-0.420384,0.522229,-0.455995,0.516602,0.00176,0.000443
0,0.195658,-0.455496,-0.097492,-0.051307,-0.120583,-0.068895,0.003276,0.001259
0,-0.225286,-0.105215,-0.407731,0.363724,-0.4575,0.410226,0.002759,0.001836
0,-0.264831,-0.084699,-0.032066,0.011425,-0.075153,0.058451,0.002069,0.001478
0,-0.458165,0.063743,-0.200634,0.144742,-0.221089,0.180676,0.001306,0.001113
0,-0.411892,-0.053289,0.056124,-0.107827,0.022309,-0.069664,0.000498,0.00093
0,-0.445606,0.118056,-0.053871,0.193749,-0.099435,0.148932,0.001086,0.00206
0,-0.300075,0.091428,0.161394,-0.000196,0.169582,-0.038035,0.001454,0.001596
0,-0.395765,0.047143,-0.081965,-0.03688,-0.053447,-0.08399,0.000217,0.000823
0,-0.146185,-0.05082,0.27001,-0.114619,0.254066,-0.08103,0.002551,0.000887
0,-0.063268,-0.041795,0.097437,0.035142,0.098732,0.041392,0.001104,0.000729
0,-0.30189,0.172322,-0.249495,0.185368,-0.268167,0.160398,0.001422,0.003008
0,0.032117,0.143926,0.32612,-0.046759,0.291154,-0.094944,0.000561,0.002512
0,-0.113904,-0.032191,-0.169283,-0.18922,-0.12786,-0.181492,0.001988,0.000562
0,-0.086284,0.15481,0.010294,0.187736,0.018333,0.140098,0.001506,0.002702
0,0.019647,0.137978,0.112768,-0.02369,0.097233,-0.040375,0.000343,0.002408
0,0.003224,-0.061361,-0.020647,-0.183516,-0.008033,-0.218493,5.6e-05,0.001071
0,-0.053191,0.169783,-0.040312,0.217451,-0.080285,0.212548,0.000928,0.002963
0,0.167779,-0.030574,0.246854,-0.209397,0.238867,-0.178884,0.002928,0.000534
0,0.033917,-0.043465,-0.111867,-0.005597,-0.134021,-0.022782,0.000592,0.000759
0,-0.009942,-0.083451,-0.045411,-0.062912,-0.00887,-0.036561,0.000174,0.001456
0,0.162321,0.133419,0.193071,0.243501,0.176483,0.280049,0.002833,0.002329
0,0.010319,-0.024316,-0.142183,-0.186187,-0.125483,-0.160404,0.00018,0.000424
0,-0.05895,-0.10361,-0.079721,-0.088385,-0.03205,-0.126132,0.001029,0.001808
0,0.073033,0.146738,0.11396,0.248471,0.07881,0.271509,0.001275,0.002561
0,0.047417,0.130167,-0.012251,0.002789,0.030058,0.033779,0.000828,0.002272
0,0.085782,0.07884,0.058991,-0.080879,0.071965,-0.048976,0.001497,0.001376
0,-0.095137,-0.048442,-0.156054,-0.133602,-0.126636,-0.182309,0.00166,0.000845
0,0.107457,0.071416,0.183557,0.148051,0.190106,0.112895,0.001875,0.001246
0,0.086265,0.075846,-0.016542,0.01721,-0.038426,0.057304,0.001506,0.001324
0,0.103258,0.050775,0.017741,-0.000624,0.04223,-0.042046,0.001802,0.000886
0,0.009492,0.163543,-0.074546,0.129534,-0.110986,0.096746,0.000166,0.002854
0,-0.052924,0.16651,-0.034105,-0.003046,0.002726,-0.005283,0.000924,0.002906
0,0.221916,-0.034759,0.302637,-0.204562,0.315097,-0.249014,0.002818,0.000607
0,0.186887,-0.008371,-0.053992,0.034657,-0.059864,0.008871,0.003262,0.000146
0,0.231374,-0.039815,0.048927,-0.03639,0.051892,-0.000589,0.002653,0.000695
0,-0.040419,-0.036487,-0.268907,0.008861,-0.294331,-0.036133,0.000705,0.000637
0,0.027719,-0.009227,0.070876,0.019746,0.100569,-0.001977,0.000484,0.000161
0,-0.027934,0.062377,-0.052535,0.053725,-0.045913,0.033863,0.000488,0.001089
0,-0.02295,0.125296,0.034628,0.033,0.062604,0.076886,0.000401,0.002187
0,-0.089037,0.043869,-0.07045,-0.071849,-0.098831,-0.062798,0.001554,0.000766
0,-0.017982,0.065822,0.096238,0.04332,0.059014,0.071701,0.000314,0.001149
0,-0.011639,0.086819,0.026732,0.010331,-0.002136,-0.01621,0.000203,0.001515
0,0.086986,-0.106061,0.124082,-0.185274,0.11097,-0.137471,0.001518,0.001851
0,-0.005912,-0.001269,-0.106599,0.125847,-0.09904,0.115449,0.000103,2.2e-05
0,0.042862,0.120021,0.034082,0.112048,0.053386,0.094309,0.000748,0.002095
0,-0.005611,0.040744,-0.044124,-0.094514,-0.054542,-0.076254,9.8e-05,0.000711
0,0.075359,0.054681,0.103669,0.029307,0.115013,0.033982,0.001315,0.000954
0,0.109761,0.109608,0.050828,0.067488,0.002852,0.038714,0.001916,0.001913
0,0.15796,-0.027238,0.052464,-0.125649,0.067755,-0.133848,0.002757,0.000475
0,-0.008841,-0.142943,-0.185196,-0.114329,-0.212112,-0.121648,0.000154,0.002495
0,0.121839,-0.090266,0.117931,0.064713,0.159751,0.101963,0.002126,0.001575
0,-0.013536,0.12239,-0.105409,0.212764,-0.084905,0.179647,0.000236,0.002136
0,-0.008183,0.010453,-0.000863,-0.083559,-0.036919,-0.045263,0.000143,0.000182
0,0.091001,0.049597,0.101176,0.037472,0.089513,0.027007,0.001588,0.000866
0,-0.039945,-0.105273,-0.154368,-0.16875,-0.188158,-0.190215,0.000697,0.001837
0,-0.005797,0.005386,0.048409,0.139464,0.041339,0.119589,0.000101,9.4e-05
0,-0.03541,-0.105113,-0.024051,-0.093951,-0.026502,-0.077477,0.000618,0.001835
0,0.041117,0.125215,0.101834,0.202689,0.069747,0.244302,0.000718,0.002185
0,0.054276,-0.013553,0.011347,-0.112806,0.038494,-0.081035,0.000947,0.000237
0,-0.015132,0.065781,-0.074448,0.053722,-0.067856,0.068639,0.000264,0.001148
0,0.137143,0.00333,0.17125,-0.071845,0.218011,-0.051895,0.002394,5.8e-05
0,-0.14871,0.075142,-0.258729,0.084604,-0.268286,0.095812,0.002595,0.001311
0,-0.105069,0.040414,0.043981,-0.022377,0.092886,-0.019524,0.001834,0.000705
0,-0.17812,0.09852,-0.098434,0.031899,-0.107051,-0.00496,0.003109,0.001719
0,-0.046125,0.162628,0.136685,0.049581,0.119483,0.009668,0.000805,0.002838
0,0.017645,0.030407,0.040628,-0.123837,0.06286,-0.10044,0.000308,0.000531
0,0.004605,-0.068303,-0.007361,-0.119731,0.017865,-0.126025,8e-05,0.001192
0,-0.142882,-0.082899,-0.118587,-0.036853,-0.129903,-0.029063,0.002494,0.001447
0,-0.175174,0.153619,-0.040244,0.209067,-0.019881,0.241603,0.003057,0.002681
0,0.016758,0.088119,0.184532,-0.085895,0.140985,-0.041445,0.000292,0.001538
0,-0.12031,-0.041196,-0.128217,-0.104145,-0.099994,-0.123181,0.0021,0.000719
0,-0.261014,0.06469,-0.159109,0.130083,-0.177292,0.140624,0.002135,0.001129
0,-0.15345,0.146371,0.13658,0.106972,0.103316,0.119128,0.002678,0.002555
0,-0.043638,-0.055079,0.089003,-0.185662,0.122839,-0.138531,0.000762,0.000961
0,-0.302668,-0.026453,-0.2311,0.016503,-0.204724,0.000254,0.001408,0.000462
0,-0.134482,0.010348,0.14595,0.030635,0.138584,0.071664,0.002347,0.000181
0,-0.042256,-0.032271,0.097687,-0.039198,0.119494,-0.036944,0.000738,0.000563
0,-0.277555,0.059224,-0.234824,0.077583,-0.249115,0.063966,0.001847,0.001034
0,-0.045955,0.027574,0.215789,-0.037317,0.264632,-0.009447,0.000802,0.000481
0,-0.124082,0.124905,-0.060763,0.092704,-0.072342,0.065818,0.002166,0.00218
0,0.021982,0.184946,0.16755,0.055127,0.159282,0.054392,0.000384,0.003228
0,-0.168226,-0.025623,-0.211008,-0.189602,-0.168619,-0.192289,0.002936,0.000447
0,-0.053814,-0.093746,0.103494,-0.086814,0.124699,-0.0661,0.000939,0.001636
0,-0.015906,-0.057262,0.042525,0.039174,0.072652,0.026777,0.000278,0.000999
0,0.029071,0.091808,0.060006,0.123393,0.037819,0.169316,0.000507,0.001602
0,-0.052052,-0.008164,-0.0965,-0.085558,-0.098785,-0.070852,0.000908,0.000142
0,0.109945,0.035984,0.157397,0.062836,0.149537,0.048302,0.001919,0.000628
0,-0.075797,0.098257,-0.193286,0.038954,-0.188917,0.067106,0.001323,0.001715
0,-0.06634,0.149692,0.024968,0.064281,-0.01103,0.097857,0.001158,0.002613
0,-0.185968,0.024945,-0.122333,-0.145493,-0.117788,-0.164533,0.003246,0.000435
0,0.025664,-0.087541,0.240572,-0.094293,0.27706,-0.102481,0.000448,0.001528
0,0.115911,-0.048516,0.106292,0.053422,0.106365,0.079766,0.002023,0.000847
0,-0.073832,-0.010296,-0.181463,0.037765,-0.166573,0.026287,0.001289,0.00018
0,0.121851,-0.171403,0.174096,-0.142829,0.181097,-0.183859,0.002127,0.002992
0,0.018469,-0.059641,-0.095752,0.123102,-0.12092,0.141691,0.000322,0.001041
0,-0.074437,0.010691,-0.081121,0.072962,-0.074204,0.058353,0.001299,0.000187
0,0.025226,0.05162,0.115198,0.027386,0.079636,0.057547,0.00044,0.000901
0,-0.194367,-0.115654,-0.196291,-0.170251,-0.213413,-0.208524,0.003298,0.002019
0,-0.058994,0.147305,0.143983,0.238645,0.169499,0.202497,0.00103,0.002571
0,-0.306823,0.064239,-0.268004,-0.072692,-0.243868,-0.077637,0.001336,0.001121
0,0.022408,-0.054342,0.30924,-0.104404,0.338756,-0.113127,0.000391,0.000948
0,-0.15787,0.008537,-0.15688,0.074111,-0.204246,0.035738,0.002755,0.000149
0,-0.16173,0.022501,-0.024687,0.022177,-0.072094,0.050579,0.002823,0.000393
0,0.047831,0.053651,0.188836,0.045763,0.231139,0.08831,0.000835,0.000936
0,-0.137255,0.050366,-0.168416,-0.024128,-0.138925,-0.051455,0.002396,0.000879
0,-0.131922,0.025596,0.029895,-0.018947,0.000273,-0.029699,0.002302,0.000447
0,0.14089,-0.07907,0.249342,-0.131584,0.23447,-0.162661,0.002459,0.00138
0,0.028757,-0.03511,-0.100563,0.070588,-0.084219,0.049641,0.000502,0.000613
0,-0.074673,-0.111436,-0.11352,-0.069769,-0.064353,-0.085603,0.001303,0.001945
0,0.097804,-0.107723,0.188771,0.027566,0.238221,0.025815,0.001707,0.00188
0,0.018464,0.039753,-0.071097,0.155329,-0.027521,0.14141,0.000322,0.000694
0,-0.040258,-0.115523,-0.062451,-0.135561,-0.070349,-0.166188,0.000703,0.002016
0,0.227902,-0.020481,0.241139,0.101689,0.222725,0.150288,0.002713,0.000357
0,0.080083,-0.021302,-0.168297,0.020374,-0.162364,0.069219,0.001398,0.000372
0,0.022472,0.065356,-0.029711,0.103117,-0.004283,0.110787,0.000392,0.001141
0,0.056802,-0.03628,0.018981,-0.124522,0.068245,-0.145783,0.000991,0.000633
0,0.003632,0.053261,-0.048465,0.061805,-0.084289,0.087968,6.3e-05,0.00093
0,0.016203,-0.072419,0.013741,-0.133857,0.008127,-0.167462,0.000283,0.001264
0,0.145321,0.095577,0.10201,0.160187,0.062889,0.199992,0.002536,0.001668
0,0.028259,-0.099485,-0.119475,-0.222784,-0.108333,-0.200567,0.000493,0.001736
0,-0.070635,0.055271,-0.079733,0.184454,-0.066551,0.185951,0.001233,0.000965
0,0.125742,0.107051,0.182399,0.053299,0.226895,0.094648,0.002195,0.001868
0,-0.006583,0.055623,-0.115557,-0.039539,-0.156285,-0.010496,0.000115,0.000971
0,0.07071,-0.031727,0.105305,-0.093592,0.06567,-0.132689,0.001234,0.000554
0,0.06524,0.119126,-0.029133,0.175151,0.013275,0.224647,0.001139,0.002079
0,0.030603,-0.100393,-0.01643,-0.200324,-0.022775,-0.182024,0.000534,0.001752
0,0.122577,-0.110594,0.101225,0.006779,0.100249,-0.015953,0.002139,0.00193
0,0.020309,-0.111967,-0.109956,-0.015344,-0.09705,-0.008476,0.000354,0.001954
0,0.157498,-0.128504,0.130665,-0.022141,0.092631,0.003374,0.002749,0.002243
0,-0.109793,-0.027739,-0.280324,0.108371,-0.274322,0.157509,0.001916,0.000484
0,0.079068,0.047343,0.207773,0.099203,0.240414,0.142484,0.00138,0.000826
0,0.120286,-0.142313,0.032093,-0.190915,0.070378,-0.160403,0.002099,0.002484
0,-0.080319,0.043956,-0.180585,0.15993,-0.184488,0.182166,0.001402,0.000767
0,0.100414,-0.169231,0.181861,-0.231265,0.178496,-0.22981,0.001753,0.002954
0,-0.019859,0.064342,-0.094231,0.231234,-0.080795,0.279292,0.000347,0.001123
0,-0.030732,0.000777,0.013625,-0.047477,-0.004958,-0.067966,0.000536,1.4e-05
0,-0.07088,-0.021569,-0.062288,-0.011733,-0.05939,-0.015498,0.001237,0.000376
0,0.022861,-0.130203,0.074261,-0.095804,0.081373,-0.127746,0.000399,0.002272
0,-0.069994,-0.124526,-0.101592,-0.008607,-0.145969,-0.052184,0.001222,0.002173
0,0.259381,-0.074668,0.337468,0.066409,0.365591,0.071755,0.002164,0.001303
0,0.14138,-0.183578,-0.097781,-0.122705,-0.052771,-0.105054,0.002468,0.003204
0,0.03873,-0.175112,-0.119013,-0.015298,-0.131412,-0.051678,0.000676,0.003056
0,0.174502,-0.147254,0.153665,0.005177,0.182031,0.023727,0.003046,0.00257
0,0.083661,-0.007281,-0.113722,0.164652,-0.0696,0.1918,0.00146,0.000127
0,0.005807,-0.108109,-0.063174,-0.093409,-0.043775,-0.115966,0.000101,0.001887
0,-0.094484,0.059817,-0.083422,0.149055,-0.077397,0.186897,0.001649,0.001044
0,0.061639,-0.143188,0.133891,-0.205927,0.109052,-0.17755,0.001076,0.002499
0,-0.034635,-0.097606,-0.102302,0.053647,-0.074461,0.036219,0.000604,0.001704
0,0.096497,-0.049973,0.11757,0.035867,0.090158,0.016016,0.001684,0.000872
0,0.091757,-0.084551,-0.023359,-0.043243,-0.042188,-0.074797,0.001601,0.001476
0,-0.164786,-0.026649,-0.250052,0.046974,-0.275841,0.066545,0.002876,0.000465
0,0.03968,0.095297,0.202125,0.134873,0.169753,0.11738,0.000693,0.001663
0,0.054026,0.013163,-0.015031,-0.080994,-0.043723,-0.046264,0.000943,0.00023
0,-0.095876,-0.118383,-0.179501,-0.153435,-0.1939,-0.179306,0.001673,0.002066
0,-0.079018,0.111144,0.034494,0.247504,0.028461,0.291617,0.001379,0.00194
0,0.09341,0.15681,0.161411,0.024517,0.169321,0.031083,0.00163,0.002737
0,0.113944,0.089716,0.011501,-0.070928,0.051197,-0.118848,0.001989,0.001566
0,-0.044223,-0.087564,-0.140584,-0.163863,-0.092398,-0.200225,0.000772,0.001528
0,-0.046183,0.097462,0.014383,0.161466,0.04877,0.146432,0.000806,0.001701
0,0.171803,0.103742,0.209315,0.010789,0.163617,-0.028245,0.002999,0.001811
0,0.115773,0.00339,-0.054637,-0.083104,-0.056724,-0.076582,0.002021,5.9e-05
0,-0.076754,-0.089457,-0.222315,-0.098853,-0.253442,-0.068312,0.00134,0.001561
0,0.081212,0.077677,0.174253,0.166738,0.128877,0.206417,0.001417,0.001356
0,0.102443,0.044422,0.011032,-0.056264,0.034792,-0.088874,0.001788,0.000775
0,-0.023637,-0.054699,-0.111822,-0.070379,-0.074942,-0.099875,0.000413,0.000955
0,-0.095442,0.037707,-0.097262,0.109886,-0.077457,0.138582,0.001666,0.000658
0,-0.161744,0.12929,-0.066189,0.111084,-0.06451,0.124907,0.002823,0.002257
0,0.038669,-0.116583,0.228455,-0.245088,0.238682,-0.211666,0.000675,0.002035
0,-0.143303,-0.110164,-0.166067,0.001878,-0.185212,-0.02314,0.002501,0.001923
0,-0.150473,0.102535,-0.002753,0.192559,-0.007453,0.159903,0.002626,0.00179
0,-0.009542,0.085268,0.160104,-0.01906,0.196122,-0.049331,0.000167,0.001488
0,0.093576,0.147828,0.110458,0.074712,0.144691,0.075966,0.001633,0.00258
0,0.069485,-0.054688,-0.014948,-0.18538,-0.034324,-0.199017,0.001213,0.000954
0,-0.092412,0.102105,-0.154184,0.169423,-0.197407,0.183238,0.001613,0.001782
0,-0.084102,-0.017059,0.032937,-0.092859,0.052952,-0.061689,0.001468,0.000298
0,-0.048227,-0.063206,0.012297,-0.046898,-0.005522,-0.057554,0.000842,0.001103
0,0.040457,-0.092406,0.088154,-0.002974,0.075922,0.02509,0.000706,0.001613
0,-0.076316,0.168621,-0.137177,0.247943,-0.122074,0.245625,0.001332,0.002943
0,-0.138229,0.05401,-0.075134,-0.125358,-0.122309,-0.095942,0.002413,0.000943
0,-0.133464,-0.170765,0.016123,-0.19777,0.021647,-0.162643,0.002329,0.00298
0,-0.0034,0.001252,0.104647,0.1806,0.099631,0.210157,5.9e-05,2.2e-05
0,-0.164437,0.052809,-0.170398,0.055861,-0.177448,0.085862,0.00287,0.000922
0,-0.003748,-0.012318,0.179851,-0.088311,0.146062,-0.118752,6.5e-05,0.000215
0,-0.14115,-0.032038,-0.1488,0.007792,-0.16282,-0.031378,0.002464,0.000559
0,-0.008247,0.085034,0.14858,0.092914,0.109164,0.110705,0.000144,0.001484
0,-0.103377,-0.138048,-0.103571,-0.227359,-0.137166,-0.222967,0.001804,0.002409
0,-0.138784,0.012088,-0.060491,0.146288,-0.04791,0.160976,0.002422,0.000211
0,-0.211538,-0.083615,-0.085353,-0.0862,-0.081589,-0.057816,0.002999,0.001459
0,-0.155502,0.067842,0.075906,0.163141,0.072421,0.172452,0.002714,0.001184
0,-0.250996,0.095937,-0.080994,0.038685,-0.050481,0.029871,0.00231,0.001674
0,-0.090863,0.033324,0.187903,-0.083006,0.141929,-0.103534,0.001586,0.000582
0,-0.211487,0.039243,-0.130905,-0.000538,-0.118898,0.004466,0.003,0.000685
0,-0.145816,-0.022978,0.043731,-0.089491,0.028728,-0.119274,0.002545,0.000401
0,-0.295068,0.029122,-0.165481,0.055843,-0.212819,0.036745,0.001541,0.000508
0,-0.279735,-0.019253,0.044164,-0.038096,0.036999,0.001805,0.001809,0.000336
0,-0.172836,0.047904,0.108677,0.048702,0.11605,0.041493,0.003017,0.000836
0,-0.222546,-0.151583,-0.049229,-0.178853,-0.06606,-0.131495,0.002807,0.002646
0,-0.280236,-0.190067,-0.027858,-0.061969,-0.076604,-0.075066,0.0018,0.003317
0,-0.360129,0.053262,-0.058561,0.258048,-0.056535,0.209194,0.000405,0.00093
0,-0.1504,0.007298,0.219082,-0.063133,0.236857,-0.102499,0.002625,0.000127
0,-0.14821,-0.147007,0.02387,-0.174873,0.055421,-0.206351,0.002587,0.002566
0,-0.420617,-0.10261,-0.290934,0.034984,-0.308609,0.083793,0.00065,0.001791
0,-0.118323,0.021055,0.282667,0.153519,0.249259,0.19725,0.002065,0.000367
0,-0.318147,-0.087994,-0.214081,-0.12034,-0.244002,-0.092555,0.001138,0.001536
0,-0.356957,-0.064709,-0.009211,0.026919,-0.029283,0.053474,0.000461,0.001129
0,-0.123621,-0.011497,0.203648,0.050213,0.196862,0.015194,0.002158,0.000201
0,-0.168611,-0.123719,-0.047169,-0.14006,-0.088281,-0.185902,0.002943,0.002159
0,-0.279421,-0.147238,-0.127034,-0.026832,-0.168687,-0.040054,0.001814,0.00257
0,-0.006423,0.005612,0.268074,0.155277,0.309456,0.192258,0.000112,9.8e-05
0,-0.054565,-0.123734,-0.069118,-0.126702,-0.035376,-0.145929,0.000952,0.00216
0,-0.12065,-0.018261,-0.064395,0.085699,-0.040844,0.115665,0.002106,0.000319
0,-0.19981,0.016214,-0.098951,0.037644,-0.129527,0.066579,0.003203,0.000283
0,-0.133495,0.049866,0.040507,0.039194,0.004956,0.047856,0.00233,0.00087
0,-0.200544,0.052343,-0.051475,0.014117,-0.03314,0.008788,0.003191,0.000914
0,-0.197286,0.097917,0.018312,0.070425,0.016623,0.033172,0.003248,0.001709
0,-0.824484,-0.215315,-0.64675,-0.324925,-0.692467,-0.287725,0.001008,0.002933
0,-0.976488,-0.223656,-0.156622,-0.011235,-0.137024,0.037777,0.00303,0.002787
0,-1.054255,-0.382016,-0.105492,-0.150581,-0.091724,-0.118148,0.001672,2.3e-05
0,-0.694792,-0.445901,0.366484,-0.072361,0.355473,-0.07051,0.001255,0.001092
0,-0.682023,-0.464647,-0.014767,-0.048737,-0.022666,0.000348,0.001478,0.001419
0,-0.671399,-0.418761,0.005271,0.044612,0.020577,0.000705,0.001664,0.000618
0,-0.52202,-0.275638,0.161435,0.13468,0.175918,0.149205,0.00242,0.00188
0,-0.246407,-0.161578,0.260901,0.112157,0.284886,0.103773,0.00239,0.00282
0,-0.14315,-0.161878,0.123812,0.005409,0.0966,0.026568,0.002498,0.002825
0,-0.28669,0.06524,-0.158222,0.228504,-0.197915,0.198156,0.001687,0.001139
0,-0.19568,-0.023356,0.089567,-0.069295,0.129929,-0.088494,0.003276,0.000408
0,0.002547,-0.090857,0.225267,-0.089978,0.211401,-0.04144,4.4e-05,0.001586
0,-0.065698,-0.114026,-0.086805,0.0043,-0.121604,-0.006044,0.001147,0.00199
0,0.184428,-0.07516,0.256671,0.028772,0.236576,0.005576,0.003219,0.001312
0,0.200268,0.101844,-0.002382,0.183829,-0.014049,0.190697,0.003195,0.001778
0,-0.001168,0.119974,-0.192329,0.03108,-0.236877,0.061584,2e-05,0.002094
0,-0.040249,0.155666,-0.037111,0.062466,-0.01133,0.028699,0.000702,0.002717
0,0.07795,0.087764,0.11619,-0.070161,0.160527,-0.089006,0.00136,0.001532
0,0.065976,0.135836,0.011206,0.041229,0.05674,-0.002056,0.001151,0.002371
0,0.091611,0.004385,0.033739,-0.108701,-0.000516,-0.086193,0.001599,7.7e-05
0,0.035375,-0.083416,-0.044959,-0.08566,-0.000502,-0.049796,0.000617,0.001456
0,0.192278,-0.046568,0.147622,0.027356,0.124534,0.012389,0.003335,0.000813
0,-0.024281,-0.09058,-0.213811,-0.048196,-0.184731,0.000798,0.000424,0.001581
0,-0.110813,-0.035371,-0.081706,0.061247,-0.092746,0.068224,0.001934,0.000617
0,0.14788,0.054705,0.236191,0.116809,0.195157,0.110949,0.002581,0.000955
0,0.123448,-0.018133,0.000351,-0.091759,0.004173,-0.116187,0.002155,0.000316
0,0.038992,0.027159,-0.073399,0.053937,-0.037722,0.039587,0.000681,0.000474
0,0.046095,0.114544,-0.004938,0.060244,0.022457,0.021218,0.000805,0.001999
0,0.02109,-0.030088,-0.049442,-0.128663,-0.020392,-0.139648,0.000368,0.000525
0,-0.111545,0.134619,-0.127692,0.194208,-0.096866,0.155251,0.001947,0.00235
0,0.086537,0.117579,0.186522,-0.031178,0.211163,-0.054186,0.00151,0.002052
0,-0.018498,0.155523,-0.089492,0.044084,-0.090497,0.05119,0.000323,0.002714
0,-0.019596,0.082452,-0.011437,-0.076639,0.025384,-0.043749,0.000342,0.001439
0,-0.034749,-0.056854,-0.025988,-0.1423,0.01767,-0.096144,0.000606,0.000992
0,0.038952,-0.021864,0.100349,0.017153,0.146885,-0.010949,0.00068,0.000382
0,0.966389,0.092252,0.946339,0.11244,0.939345,0.110657,0.003206,0.00161
0,2.49066,0.051049,1.518026,-0.055053,1.500281,-0.02527,0.003325,0.000891
0,3.61748,0.070762,1.112193,-0.004785,1.074837,0.013859,0.00292,0.001235
0,3.157933,0.00126,-0.435751,-0.067265,-0.450817,-0.114995,0.00159,2.2e-05
0,2.94183,-0.009509,-0.194498,-0.033519,-0.236567,-0.057497,0.002182,0.000166
0,1.830655,-0.043872,-1.103063,-0.013582,-1.128108,0.02396,0.001503,0.000766
0,1.524297,0.039178,-0.326926,0.096258,-0.338171,0.111776,0.000159,0.000684
0,1.10546,0.241204,-0.41291,0.173959,-0.364117,0.18208,0.000779,0.002481
0,0.928727,0.048028,-0.148919,-0.166416,-0.102345,-0.117049,0.002828,0.000838
0,0.434413,0.164623,-0.49768,0.126627,-0.464622,0.085184,0.000891,0.002873
0,0.312052,0.157254,-0.148907,0.015177,-0.098965,0.009367,0.001244,0.002745
0,-0.060653,-0.108652,-0.363472,-0.237232,-0.377407,-0.260077,0.001059,0.001896
0,-0.371442,-0.030422,-0.330605,0.105355,-0.309468,0.106333,0.000208,0.000531
0,-0.277578,-0.103173,0.120716,-0.051709,0.082462,-0.066067,0.001846,0.001801
0,-0.135697,0.022377,0.152636,0.152597,0.169442,0.179556,0.002368,0.000391
0,-0.309923,0.069576,-0.18307,0.066013,-0.197824,0.100692,0.001282,0.001214
0,-0.232076,0.102601,0.083737,0.049688,0.120354,0.057943,0.00264,0.001791
0,-0.036832,-0.09005,0.215837,-0.168928,0.262932,-0.171703,0.000643,0.001572
0,-0.039636,-0.095613,0.024855,0.003722,0.039394,0.031876,0.000692,0.001669
0,0.009315,0.088169,0.027861,0.210467,0.064165,0.204765,0.000163,0.001539
0,-0.192318,-0.075203,-0.229059,-0.18217,-0.208464,-0.153403,0.003334,0.001313
0,-0.076455,-0.037252,0.129186,0.057237,0.146812,0.034965,0.001334,0.00065
0,0.089148,-0.121212,0.152419,-0.07792,0.144622,-0.032686,0.001556,0.002116
0,-0.104826,-0.070813,-0.173762,0.042974,-0.170929,0.085783,0.00183,0.001236
0,-0.123689,-0.126915,-0.024889,-0.083717,-0.030498,-0.070731,0.002159,0.002215
0,-0.1466,0.142526,-0.010301,0.294473,0.026995,0.305344,0.002559,0.002488
0,-0.049417,-0.050732,0.121333,-0.220994,0.104899,-0.238198,0.000862,0.000885
0,0.093165,0.11825,0.158527,0.178628,0.15775,0.169443,0.001626,0.002064
0,-0.167192,-0.053971,-0.253067,-0.148675,-0.260039,-0.142384,0.002918,0.000942
0,-0.116587,0.103851,0.035901,0.158906,0.01986,0.197293,0.002035,0.001813
0,-0.079285,-0.050268,0.065487,-0.160266,0.074608,-0.129304,0.001384,0.000877
0,-0.009945,0.087816,0.047081,0.141348,0.08526,0.098241,0.000174,0.001533
0,-0.150257,-0.003902,-0.120224,-0.073698,-0.135534,-0.025581,0.002622,6.8e-05
0,-0.054829,-0.020245,0.097281,-0.028532,0.097727,-0.040591,0.000957,0.000353
0,-0.057316,-0.134494,0.022152,-0.136755,-0.013965,-0.154434,0.001,0.002347
0,0.126958,0.15338,0.191084,0.306656,0.179012,0.315556,0.002216,0.002677
0,-0.075464,0.142084,-0.176185,-0.022148,-0.220977,-0.026817,0.001317,0.00248
0,0.021926,-0.008054,0.116855,-0.151259,0.088846,-0.155549,0.000383,0.000141
0,0.13382,0.010445,0.12745,-0.004108,0.079658,0.015975,0.002336,0.000182
0,-0.04151,-0.005976,-0.15949,0.01064,-0.146167,-0.009934,0.000724,0.000104
0,-0.065442,-0.132075,-0.019641,-0.147957,0.021608,-0.104773,0.001142,0.002305
0,0.055043,-0.047854,0.110702,0.077331,0.140557,0.104596,0.000961,0.000835
0,0.140091,-0.069945,0.08637,-0.051055,0.114452,-0.020321,0.002445,0.001221
0,0.074943,-0.029118,-0.058607,0.047565,-0.062075,0.018236,0.001308,0.000508
0,0.208526,-0.019879,0.145075,0.029531,0.153987,0.033739,0.003051,0.000347
0,0.084884,0.072535,-0.140048,0.097456,-0.132507,0.11112,0.001482,0.001266
0,0.062273,-0.026191,-0.012894,-0.073378,0.003518,-0.07981,0.001087,0.000457
0,0.001536,-0.172536,-0.047662,-0.154424,-0.021766,-0.129521,2.7e-05,0.003011
0,-0.05856,-0.06539,-0.071379,0.112117,-0.105186,0.081825,0.001022,0.001141
0,0.108532,-0.138284,0.17971,-0.061139,0.223785,-0.098532,0.001894,0.002414
0,0.037238,-0.159142,-0.089886,-0.039006,-0.078884,-0.057846,0.00065,0.002778
0,0.127544,0.090749,0.086127,0.235646,0.104248,0.260592,0.002226,0.001584
0,-0.058467,-0.094933,-0.177711,-0.203906,-0.225894,-0.221435,0.00102,0.001657
0,0.017668,-0.035617,0.05308,0.034237,0.050828,-0.004368,0.000308,0.000622
0,0.137677,-0.062627,0.127968,-0.049805,0.112937,-0.027296,0.002403,0.001093
0,0.067785,-0.05697,-0.090751,0.000288,-0.064706,-0.011027,0.001183,0.000994
0,0.085114,-0.120097,0.017419,-0.068913,0.028625,-0.118108,0.001486,0.002096
0,-0.073475,0.032471,-0.159393,0.136659,-0.208905,0.102645,0.001282,0.000567
0,0.163879,-0.088867,0.21057,-0.128779,0.253733,-0.16249,0.00286,0.001551
0,0.151962,-0.059136,-0.026576,0.059012,-0.006895,0.08031,0.002652,0.001032
0,-1.250147,-0.574032,-1.404442,-0.508404,-1.381234,-0.516076,0.001747,0.003328
0,-1.815085,-1.498891,-0.582383,-0.904349,-0.553104,-0.913762,0.001775,0.000603
0,-2.204304,-2.434932,-0.396147,-0.926485,-0.404802,-0.930284,0.001673,0.002353
0,-2.095508,-2.174326,0.097979,0.249196,0.11333,0.24672,0.003119,0.002196
0,-1.962439,-1.631248,0.122258,0.553041,0.10395,0.508237,0.000797,0.001707
0,-1.576036,-1.471941,0.361343,0.140194,0.334438,0.113937,0.000744,0.001073
0,-1.304396,-1.29496,0.242288,0.186452,0.271086,0.22733,0.002694,0.002529
0,-1.007561,-1.004978,0.304938,0.319901,0.259264,0.342995,0.002487,0.002532
0,-0.915564,-0.450961,0.106806,0.565603,0.143839,0.54409,0.002598,0.00118
0,-0.758858,-0.260132,0.129659,0.197366,0.128349,0.238035,0.000137,0.002151
0,-0.603307,-0.35207,0.128935,-0.089117,0.107164,-0.096267,0.002852,0.000546
0,-0.338202,0.052757,0.294349,0.391322,0.34408,0.433911,0.000788,0.000921
0,-0.364295,0.033214,-0.030125,-0.003831,-0.051054,-0.038051,0.000333,0.00058
0,-0.222412,0.146515,0.148736,0.122544,0.14726,0.092679,0.002809,0.002557
0,-0.068796,0.423133,0.162851,0.282245,0.175056,0.297275,0.001201,0.000694
0,0.078058,0.394013,0.168453,-0.045706,0.172564,-0.062665,0.001362,0.000186
0,0.026259,0.341708,-0.044949,-0.023218,-0.016073,-0.052173,0.000458,0.000727
0,0.25343,0.18069,0.221874,-0.151027,0.262335,-0.180906,0.002268,0.003154
0,-0.033051,0.185871,-0.305925,-0.009189,-0.272592,-0.015004,0.000577,0.003244
0,0.089837,0.062058,0.108049,-0.117416,0.080088,-0.159403,0.001568,0.001083
0,0.130773,0.134076,0.053792,0.092804,0.097655,0.130854,0.002282,0.00234
0,0.122568,0.091863,-0.018361,-0.019053,-0.003232,-0.044263,0.002139,0.001603
0,0.049633,-0.006569,-0.089352,-0.08346,-0.049489,-0.064841,0.000866,0.000115
0,0.113243,0.094078,0.064777,0.07972,0.051654,0.106237,0.001976,0.001642
0,-0.011872,0.046934,-0.134585,-0.034349,-0.126854,-0.02032,0.000207,0.000819
0,-0.035861,0.149926,-0.019774,0.120064,0.001878,0.08302,0.000626,0.002617
0,0.013852,0.131694,0.066375,0.001195,0.096726,-0.029841,0.000242,0.002298
0,0.120134,0.06178,0.124017,-0.045629,0.084566,-0.070248,0.002097,0.001078
0,0.185912,0.062535,0.07702,-0.005049,0.112,0.036887,0.003245,0.001091
0,-0.077142,0.158914,-0.271343,0.0807,-0.291775,0.069451,0.001346,0.002774
0,0.056015,-0.090056,0.124726,-0.246409,0.141017,-0.252854,0.000978,0.001572
0,0.064484,0.04266,-0.003719,0.10625,-0.02211,0.071136,0.001125,0.000745
0,-0.088387,0.202613,-0.137222,0.136766,-0.134454,0.135777,0.001543,0.003155
0,0.021564,-0.004955,0.090202,-0.180156,0.093977,-0.147868,0.000376,8.6e-05
0,-0.103045,-0.020666,-0.153655,-0.003402,-0.187677,0.017427,0.001798,0.000361
0,-0.079346,-0.063108,0.00916,-0.012827,0.010768,0.025298,0.001385,0.001101
0,0.200126,0.143271,0.304726,0.182549,0.301051,0.216291,0.003198,0.002501
0,-0.027709,0.181053,-0.241882,0.047308,-0.230819,0.054441,0.000484,0.00316
0,0.032367,0.206338,0.043873,0.002081,0.09308,-0.033643,0.000565,0.00309
0,0.094698,0.037994,0.084069,-0.191113,0.082105,-0.188425,0.001653,0.000663
0,0.115662,0.013884,-0.008037,-0.042421,-0.027636,-0.027599,0.002019,0.000242
0,0.029274,0.074743,-0.099809,0.059804,-0.11561,0.097838,0.000511,0.001305
0,0.104416,0.050493,0.073243,-0.015144,0.119006,-0.044987,0.001822,0.000881
0,0.172777,0.201224,0.044457,0.138118,0.012058,0.103591,0.003016,0.003179
0,0.087452,0.211377,-0.091567,-0.013414,-0.101307,-0.012352,0.001526,0.003002
0,0.214666,0.13549,0.140005,-0.07428,0.170472,-0.10138,0.002944,0.002365
0,-0.035635,0.186921,-0.220483,0.038373,-0.262256,0.059794,0.000622,0.003262
0,0.021048,0.161505,0.074189,-0.027533,0.093214,-0.006771,0.000367,0.002819
0,-0.016762,0.051701,-0.041458,-0.127329,-0.014789,-0.1772,0.000293,0.000902
0,-0.026777,0.217827,-0.029694,0.162364,-0.063555,0.119137,0.000467,0.002889
0,0.045266,0.041169,0.096342,-0.188392,0.097803,-0.148933,0.00079,0.000719
0,0.191564,-0.034589,0.161775,-0.053368,0.116814,-0.032866,0.003343,0.000604
0,0.004998,0.123559,-0.181839,0.187487,-0.200297,0.209058,8.7e-05,0.002157
0,0.051349,0.150079,0.058791,0.016393,0.087521,0.018289,0.000896,0.002619
0,0.050437,0.08074,-0.02518,-0.072071,0.010758,-0.073343,0.00088,0.001409
0,0.044942,-0.071386,-0.024207,-0.129767,0.007186,-0.115689,0.000784,0.001246
0,-0.132928,0.101245,-0.185437,0.160718,-0.135486,0.15963,0.00232,0.001767
0,0.060553,0.058989,0.213227,-0.065298,0.218982,-0.0992,0.001057,0.00103
0,0.009101,0.178754,-0.068409,0.144244,-0.047877,0.11414,0.000159,0.00312
0,0.074641,0.072071,0.056386,-0.109692,0.080528,-0.106765,0.001303,0.001258
0,0.018706,0.10741,-0.065639,0.060774,-0.073408,0.059875,0.000326,0.001875
0,0.078297,-0.054565,0.083252,-0.143778,0.131866,-0.193112,0.001367,0.000952
0,0.101981,-0.018752,-0.000104,0.016515,0.028826,0.039608,0.00178,0.000327
0,-0.088195,0.050122,-0.174635,0.061746,-0.156305,0.071355,0.001539,0.000875
0,-0.128366,-0.03427,-0.068814,-0.092269,-0.081609,-0.090803,0.00224,0.000598
0,-0.113552,-0.036793,0.03161,0.014804,-0.006647,0.057865,0.001982,0.000642
0,-0.079203,-0.009272,0.050738,0.023417,0.070271,0.014015,0.001382,0.000162
0,-0.132983,0.105351,-0.052828,0.141589,-0.048598,0.101718,0.002321,0.001839
0,-0.102959,0.089614,0.042847,0.004115,0.04793,-0.006901,0.001797,0.001564
0,0.056831,0.03909,0.161131,-0.02415,0.124228,-0.032033,0.000992,0.000682
0,-0.174153,0.133015,-0.244806,0.086499,-0.242766,0.078368,0.00304,0.002322
0,0.000241,0.008976,0.186304,-0.118983,0.213228,-0.075168,4e-06,0.000157
0,-0.241045,0.043447,-0.217914,0.03626,-0.248533,0.049044,0.002484,0.000758
0,-0.195307,0.097563,0.056808,0.051046,0.052614,0.052166,0.003282,0.001703
0,-0.096646,-0.139891,0.124106,-0.240464,0.092336,-0.2101,0.001687,0.002442
0,-0.071913,-0.030562,0.020199,0.111543,0.027916,0.151728,0.001255,0.000533
0,-0.216847,0.011524,-0.141963,0.013723,-0.176359,0.056103,0.002906,0.000201
0,0.039945,0.047353,0.229442,0.063563,0.259472,0.076372,0.000697,0.000826
0,-0.140853,0.008484,-0.194876,-0.05735,-0.197544,-0.057707,0.002458,0.000148
0,-0.080465,0.150822,0.039304,0.113091,0.065257,0.100885,0.001404,0.002632
0,-0.150684,0.087006,-0.050016,-0.059073,-0.087126,-0.041723,0.00263,0.001519
0,0.002323,-0.035404,0.153483,-0.14845,0.144601,-0.177149,4.1e-05,0.000618
0,-0.139578,0.109644,-0.160163,0.162102,-0.190131,0.118401,0.002436,0.001914
0,-0.003607,0.162939,0.165885,0.07147,0.116466,0.077087,6.3e-05,0.002844
0,-0.016058,-0.122762,0.007026,-0.291842,-0.034491,-0.292969,0.00028,0.002143
0,0.007849,-0.083451,0.016089,0.031505,0.028709,0.009335,0.000137,0.001456
0,-0.148409,0.124954,-0.157696,0.197848,-0.199909,0.196582,0.00259,0.002181
0,-0.077597,-0.109373,0.06836,-0.214443,0.031885,-0.229303,0.001354,0.001909
0,0.019723,-0.082465,0.10539,0.02848,0.113396,0.007186,0.000344,0.001439
0,0.080623,-0.060302,0.060848,0.030252,0.035744,0.019945,0.001407,0.001052
0,-0.138548,-0.07277,-0.233736,-0.041004,-0.269866,-0.031462,0.002418,0.00127
0,-0.075417,-0.058148,0.086364,-0.009468,0.061104,0.012742,0.001316,0.001015
0,-0.002082,-0.175728,0.07378,-0.09933,0.082295,-0.069521,3.6e-05,0.003067
0,-0.07722,-0.063615,-0.090929,0.109939,-0.083568,0.083178,0.001348,0.00111
0,0.022239,-0.013695,0.093627,0.022517,0.075063,0.031926,0.000388,0.000239
0,-0.217266,-0.111073,-0.227592,-0.07939,-0.228698,-0.05713,0.002899,0.001939
0,-0.031866,-0.01817,0.190186,0.100548,0.153007,0.143265,0.000556,0.000317
0,-0.088835,-0.160807,-0.055567,-0.132161,-0.063145,-0.108522,0.00155,0.002807
0,-0.021443,-0.116613,0.056384,0.061416,0.014273,0.02373,0.000374,0.002035
0,-0.02543,-0.039983,-0.000413,0.096512,0.02322,0.111854,0.000444,0.000698
0,-0.026907,-0.128457,-0.000314,-0.10205,-0.016582,-0.124012,0.00047,0.002242
0,0.092447,0.124239,0.12967,0.272362,0.11866,0.245516,0.001614,0.002168
0,0.023853,-0.120513,-0.082484,-0.254751,-0.047673,-0.242635,0.000416,0.002103
0,-0.151672,0.031083,-0.165303,0.17416,-0.186219,0.21967,0.002647,0.000542
0,-0.271807,0.034176,-0.111714,0.019065,-0.159523,0.006176,0.001947,0.000596
0,-0.13014,-0.027702,0.12103,-0.078652,0.083512,-0.09292,0.002271,0.000483
0,-0.008772,-0.114959,0.097887,-0.087363,0.051661,-0.130457,0.000153,0.002006
0,-0.16833,0.024568,-0.175901,0.12692,-0.175829,0.085163,0.002938,0.000429
0,-0.197237,-0.000905,-0.007996,0.001617,0.006245,-0.011614,0.003248,1.6e-05
0,-0.089485,0.087168,0.095482,0.064728,0.096082,0.111168,0.001562,0.001521
0,0.033939,-0.045548,0.098499,-0.112418,0.100489,-0.070145,0.000592,0.000795
0,0.055969,0.143164,-0.004837,0.183968,-0.025808,0.2212,0.000977,0.002499
0,0.064438,0.120872,0.029798,-0.032791,0.010571,-0.047315,0.001125,0.00211
0,0.006538,0.074241,-0.065311,-0.048969,-0.110317,-0.039576,0.000114,0.001296
0,0.187574,0.103089,0.168583,0.044127,0.165082,0.050941,0.003274,0.001799
0,-0.002432,-0.134044,-0.194391,-0.234974,-0.221442,-0.202401,4.2e-05,0.00234
0,0.14322,-0.045378,0.172942,0.109604,0.21932,0.130513,0.0025,0.000792
0,-0.01547,0.018695,-0.178739,0.044206,-0.17093,0.07947,0.00027,0.000326
0,0.153071,0.09808,0.183386,0.060642,0.197479,0.066632,0.002672,0.001712
0,0.239771,0.108787,0.104001,0.019782,0.086994,0.06596,0.002506,0.001899
0,-0.036475,-0.06788,-0.27548,-0.194213,-0.303524,-0.220583,0.000637,0.001185
0,0.018329,-0.048444,0.082218,-0.001791,0.115151,0.023611,0.00032,0.000846
0,0.0492,0.13546,0.011948,0.190777,-0.002768,0.157732,0.000859,0.002364
0,0.143751,0.087176,0.095563,-0.019624,0.089693,-0.057334,0.002509,0.001522
0,0.278266,-0.106196,0.159985,-0.213483,0.115653,-0.239447,0.001834,0.001853
0,0.291891,0.047751,0.004225,0.170783,0.029358,0.154129,0.001596,0.000833
0,0.095819,-0.084614,-0.218625,-0.126529,-0.172214,-0.12982,0.001672,0.001477
0,0.06525,-0.091933,-0.025005,0.014109,-0.052992,0.035145,0.001139,0.001605
0,0.122041,-0.107026,0.076691,-0.024227,0.044262,-0.067856,0.00213,0.001868
0,0.087747,0.000397,-0.057046,0.113037,-0.057197,0.143197,0.001531,7e-06
0,0.01542,0.138254,-0.083267,0.135358,-0.132551,0.133977,0.000269,0.002413
0,0.091078,0.012086,0.075871,-0.151759,0.106377,-0.178419,0.00159,0.000211
0,0.057897,-0.119582,-0.033637,-0.13729,-0.024864,-0.156443,0.00101,0.002087
0,0.127722,-0.003066,0.046869,0.129361,0.049517,0.113667,0.002229,5.4e-05
0,-0.03631,-0.119269,-0.137241,-0.141487,-0.185367,-0.17578,0.000634,0.002082
0,0.123779,-0.066151,0.174853,0.02902,0.162651,0.048215,0.00216,0.001155
0,0.185822,-0.092701,0.053015,-0.005246,0.02322,-0.020306,0.003243,0.001618
0,0.01391,0.084913,-0.143629,0.202714,-0.145196,0.210116,0.000243,0.001482
0,0.13075,0.087763,0.138963,0.003447,0.102826,-0.045141,0.002282,0.001532
0,-0.133107,0.175262,-0.293682,0.086095,-0.300225,0.112341,0.002323,0.003059
0,-0.026139,0.153802,0.105008,-0.046986,0.140945,-0.003045,0.000456,0.002684
0,-0.589472,-0.276101,-0.574968,-0.401375,-0.616621,-0.3988,0.003093,0.001872
0,-1.484493,-1.049177,-0.893859,-0.790472,-0.892828,-0.772086,0.000854,0.001761
0,-1.626235,-1.229282,-0.116887,-0.161123,-0.128795,-0.135875,0.00162,0.001383
0,-1.369512,-1.235612,0.25235,-0.01398,0.244071,-0.01454,0.002861,0.001493
0,-1.02142,-1.074541,0.360861,0.160363,0.347408,0.148712,0.002245,0.001318
0,-0.83868,-0.932596,0.199361,0.161934,0.228011,0.161805,0.001256,0.002895
0,-0.574013,-0.812311,0.235619,0.139159,0.281195,0.133911,0.003328,0.000796
0,-0.294702,-0.591695,0.277525,0.205371,0.257515,0.176792,0.001547,0.003055
0,0.003269,-0.23799,0.300763,0.336325,0.289506,0.346814,5.7e-05,0.002537
0,0.112263,-0.331088,0.0823,-0.090319,0.10975,-0.057555,0.001959,0.000912
0,0.118507,-0.173701,0.009178,0.147055,-0.021754,0.162931,0.002068,0.003032
0,0.148947,0.144588,0.057514,0.317664,0.043273,0.318354,0.0026,0.002524
0,0.162706,0.017914,-0.004864,-0.155923,0.035466,-0.178487,0.00284,0.000313
0,0.047622,0.028309,-0.116287,0.00024,-0.107545,0.025245,0.000831,0.000494
0,0.205561,0.248727,0.133655,0.201229,0.159866,0.2344,0.003103,0.00235
0,0.139337,-0.002828,-0.051087,-0.221625,-0.006781,-0.199279,0.002432,4.9e-05
0,0.199501,-0.024918,0.060337,-0.001751,0.036235,-0.032049,0.003209,0.000435
0,-0.052951,0.001937,-0.231252,0.046922,-0.251098,0.019423,0.000924,3.4e-05
0,0.143572,-0.019517,0.225273,-0.033696,0.181786,-0.049378,0.002506,0.000341
0,-0.086144,-0.037925,-0.200923,-0.037856,-0.211771,-0.035297,0.001503,0.000662
0,0.112724,0.127744,0.199137,0.147931,0.151551,0.164961,0.001967,0.00223
0,-0.091483,-0.021658,-0.220955,-0.1433,-0.240281,-0.139808,0.001597,0.000378
0,-0.186546,0.175199,-0.084497,0.202505,-0.112744,0.210571,0.003256,0.003058
0,-0.045379,0.013159,0.159112,-0.138869,0.188025,-0.170615,0.000792,0.00023
0,-0.171061,7.3e-05,-0.114017,-0.02559,-0.112297,0.001877,0.002986,1e-06
0,0.068102,0.132979,0.217814,0.12681,0.219686,0.084932,0.001189,0.002321
0,0.056311,0.00267,-0.017188,-0.113333,-0.051312,-0.0886,0.000983,4.7e-05
0,0.004848,-0.074056,-0.056481,-0.0577,-0.017068,-0.046673,8.5e-05,0.001293
0,-0.143401,0.087187,-0.145669,0.178204,-0.117336,0.150787,0.002503,0.001522
0,0.036401,0.141726,0.178334,0.074075,0.228034,0.077405,0.000635,0.002474
0,0.01588,0.075992,0.007938,-0.086661,-0.008778,-0.134899,0.000277,0.001326
0,0.032308,0.080543,0.04551,-0.007895,0.007747,-0.017164,0.000564,0.001406
0,-0.205704,-0.022171,-0.214491,-0.083043,-0.260622,-0.127735,0.003101,0.000387
0,-0.07543,0.183835,0.108728,0.230217,0.088724,0.263273,0.001316,0.003209
0,-0.214602,0.171361,-0.123837,-0.042455,-0.149806,-0.062869,0.002945,0.002991
0,-0.045668,0.005053,0.17897,-0.138671,0.211111,-0.120636,0.000797,8.8e-05
0,0.032043,-0.047547,0.095105,-0.049678,0.045517,-0.084935,0.000559,0.00083
0,0.017846,-0.078242,0.000633,-0.026151,-0.02367,-0.060747,0.000311,0.001366
0,0.037916,0.087014,0.027249,0.139598,0.073759,0.149612,0.000662,0.001519
0,0.038922,0.177851,0.007649,0.105133,0.017628,0.058284,0.000679,0.003104
0,0.019103,0.078996,-0.029907,-0.126267,-0.040814,-0.099022,0.000333,0.001379
0,-0.143828,-0.003719,-0.156604,-0.098659,-0.117532,-0.077029,0.00251,6.5e-05
0,0.042655,0.05217,0.192333,0.056139,0.14801,0.078735,0.000744,0.000911
0,-0.077423,-0.006574,-0.11136,-0.067205,-0.117254,-0.03363,0.001351,0.000115
0,0.064777,-0.131418,0.116924,-0.107584,0.124007,-0.064586,0.001131,0.002294
0,-0.037938,0.040889,-0.104106,0.143975,-0.102325,0.108438,0.000662,0.000714
0,-0.062219,-0.059789,-0.035117,-0.096421,-0.012722,-0.119824,0.001086,0.001044
0,0.041472,0.020289,0.075251,0.057327,0.066646,0.021465,0.000724,0.000354
0,0.084235,-0.073502,0.014385,-0.087604,-0.030179,-0.069737,0.00147,0.001283
0,-0.088579,0.046371,-0.196628,0.135265,-0.1867,0.172825,0.001546,0.000809
0,-0.152353,-0.062642,-0.058479,-0.122652,-0.050217,-0.15266,0.002659,0.001093
0,0.063308,-0.027043,0.218634,0.006197,0.201548,0.041174,0.001105,0.000472
0,0.090289,0.109212,0.031331,0.141162,0.040552,0.153753,0.001576,0.001906
0,0.003571,-0.075645,-0.070579,-0.173501,-0.101744,-0.195766,6.2e-05,0.00132
0,0.023165,0.113394,0.040678,0.164429,0.012218,0.122807,0.000404,0.001979
0,0.139687,0.144676,0.101404,0.060222,0.109205,0.089686,0.002438,0.002525
0,0.014833,0.010514,-0.13055,-0.14905,-0.145045,-0.140005,0.000259,0.000183
0,0.194899,-0.015258,0.197658,-0.017244,0.186299,-0.057582,0.003289,0.000266
0,0.068686,0.167199,-0.119352,0.189434,-0.157549,0.177509,0.001199,0.002918
0,-0.027954,0.100734,-0.111903,-0.095311,-0.15427,-0.048518,0.000488,0.001758
0,0.160211,-0.041912,0.18024,-0.149417,0.204454,-0.107471,0.002796,0.000732
0,0.157503,0.164628,-0.019179,0.199219,-0.000544,0.207542,0.002749,0.002873
0,-0.005851,-0.074204,-0.146193,-0.251268,-0.183257,-0.293307,0.000102,0.001295
0,0.089785,0.000951,0.100747,0.070968,0.122066,0.038502,0.001567,1.7e-05
0,0.114393,0.059472,0.012493,0.080667,0.014825,0.071678,0.001997,0.001038
0,0.219352,-0.039117,0.083113,-0.118872,0.097251,-0.117421,0.002862,0.000683
0,-0.047232,0.147572,-0.241816,0.175366,-0.21145,0.175597,0.000824,0.002576
0,0.088573,-0.090336,0.140558,-0.22944,0.167888,-0.200916,0.001546,0.001577
0,0.066457,-0.103797,-0.038863,-0.036229,-0.002948,-0.083188,0.00116,0.001812
0,0.142554,0.100474,0.05494,0.187012,0.052974,0.203735,0.002488,0.001754
0,0.226209,-0.063737,0.056358,-0.141294,0.02211,-0.117779,0.002743,0.001112
0,0.136282,-0.069498,-0.107769,-0.034585,-0.067894,0.010065,0.002379,0.001213
0,0.063475,0.156528,-0.051372,0.199681,-0.017283,0.214524,0.001108,0.002732
0,0.241953,0.062715,0.18482,-0.109529,0.158908,-0.141476,0.002468,0.001095
0,0.580899,0.434039,0.3424,0.352638,0.300996,0.347124,0.003243,0.000885
0,0.804945,0.656842,0.214439,0.244446,0.239578,0.224072,0.000667,0.001918
0,1.009834,0.779459,0.183092,0.126541,0.150599,0.097467,0.002448,0.000222
0,0.899993,0.866113,-0.130023,0.115732,-0.089307,0.09101,0.002326,0.001735
0,0.912992,0.655413,-0.015489,-0.19821,-0.033865,-0.19072,0.002553,0.001943
0,0.5869,0.566494,-0.348612,-0.063538,-0.384684,-0.033165,0.003138,0.003196
0,0.453425,0.456241,-0.116533,-0.086181,-0.098943,-0.06138,0.001223,0.001272
0,0.394239,0.174007,-0.040348,-0.289622,-0.005491,-0.25537,0.00019,0.003037
0,0.249813,0.093677,-0.134733,-0.060858,-0.096812,-0.041087,0.002331,0.001635
0,0.06324,0.19861,-0.175502,0.131159,-0.158549,0.176345,0.001104,0.003224
0,0.003755,-0.038427,-0.041133,-0.249357,-0.067015,-0.225556,6.6e-05,0.000671
0,-0.192043,0.086418,-0.196057,0.1227,-0.194392,0.135034,0.003339,0.001508
0,-0.049546,0.024311,0.167761,-0.048551,0.187862,-0.024425,0.000865,0.000424
0,-0.15795,-0.004445,-0.107294,-0.037774,-0.110716,-0.009871,0.002757,7.8e-05
0,0.051334,0.065245,0.201509,0.091064,0.244767,0.073843,0.000896,0.001139
0,-0.046905,0.032994,-0.113282,-0.03877,-0.153524,-0.068869,0.000819,0.000576
0,-0.151773,-0.012212,-0.082794,-0.030088,-0.097258,0.005257,0.002649,0.000213
0,0.008591,-0.048815,0.136684,-0.02595,0.178989,-0.039936,0.00015,0.000852
0,-0.107312,-0.137114,-0.098604,-0.06053,-0.069727,-0.064929,0.001873,0.002393
0,-0.116787,0.128649,-0.036551,0.269227,-0.024969,0.23343,0.002038,0.002245
0,0.056444,-0.134645,0.201185,-0.278613,0.174765,-0.229887,0.000985,0.00235
0,0.084281,-0.122985,0.005759,-0.018319,-0.023592,-0.063219,0.001471,0.002146
0,-0.07828,-0.070604,-0.173831,0.032802,-0.143329,0.033385,0.001366,0.001232
0,-0.094778,0.133859,-0.017817,0.188853,0.003967,0.164016,0.001654,0.002336
0,-0.038191,0.158913,0.069989,0.046789,0.107224,-0.001344,0.000667,0.002774
0,0.073208,0.036469,0.12154,-0.124634,0.131554,-0.119476,0.001278,0.000637
0,0.056182,-0.113148,-0.001134,-0.155524,0.015,-0.141129,0.000981,0.001975
0,-0.0582,0.055395,-0.113121,0.165217,-0.068345,0.159732,0.001016,0.000967
0,-0.127753,0.058345,-0.076726,-0.006519,-0.104079,-0.03419,0.00223,0.001018
0,0.059533,-0.073846,0.179108,-0.160852,0.134636,-0.207231,0.001039,0.001289
0,0.010669,0.001487,-0.036495,0.064285,-0.030952,0.035612,0.000186,2.6e-05
0,0.009115,-0.131571,-0.011013,-0.121583,-0.004571,-0.167313,0.000159,0.002296
0,-0.148219,-0.01349,-0.158865,0.131551,-0.167728,0.105087,0.002587,0.000235
0,-0.137851,0.08487,0.025463,0.112739,0.001496,0.074392,0.002406,0.001481
0,-0.026638,-0.063451,0.104714,-0.140312,0.069329,-0.182816,0.000465,0.001107
0,-0.251394,-0.115847,-0.24449,-0.068888,-0.215446,-0.044461,0.002303,0.002022
0,-0.149932,0.047128,0.088901,0.139026,0.13104,0.120824,0.002617,0.000823
0,-0.044696,0.071134,0.088652,0.014793,0.046338,-0.025488,0.00078,0.001242
0,-0.11605,-0.016377,-0.05162,-0.116549,-0.084024,-0.110157,0.002025,0.000286
0,0.001066,-0.075598,0.129693,-0.032171,0.08964,0.013504,1.9e-05,0.001319
0,-0.107468,0.080253,-0.108421,0.179322,-0.124727,0.139056,0.001876,0.001401
0,-0.167174,-0.062659,-0.04801,-0.168086,-0.091883,-0.141159,0.002918,0.001094
0,-0.051807,-0.149144,0.136867,-0.111243,0.096001,-0.160007,0.000904,0.002603
0,-0.243933,0.004848,-0.180153,0.167234,-0.204573,0.148839,0.002433,8.5e-05
0,-0.112318,-0.155924,0.145003,-0.139945,0.132926,-0.163195,0.00196,0.002721
0,-0.130657,-0.081151,0.001078,0.100362,-0.031669,0.139049,0.00228,0.001416
0,-0.197993,0.053698,-0.083416,0.156326,-0.049561,0.149126,0.003235,0.000937
0,-0.217896,0.04274,0.008256,-0.02013,0.053104,-0.041829,0.002888,0.000746
0,-0.196429,0.060116,0.026451,0.031049,0.068315,0.065264,0.003262,0.001049
0,-0.252594,0.114766,-0.048595,0.049839,-0.022216,0.029131,0.002282,0.002003
0,-0.105694,0.018736,0.132285,-0.104604,0.169783,-0.137237,0.001845,0.000327
0,-0.175288,0.126117,-0.050873,0.095907,-0.020722,0.144243,0.003059,0.002201
0,-0.044646,0.020896,0.133036,-0.104028,0.095044,-0.131464,0.000779,0.000365
0,-0.203202,-0.025527,-0.173424,-0.041342,-0.18032,-0.089679,0.003144,0.000446
0,-0.007279,-0.027403,0.181828,-0.014856,0.188632,-0.044645,0.000127,0.000478
0,0.010455,0.079282,-0.011118,0.077705,-0.02927,0.097002,0.000182,0.001384
0,0.029369,-0.066141,0.015001,-0.138087,0.038248,-0.156474,0.000513,0.001154
0,-0.014558,-0.119753,-0.052787,-0.065302,-0.02571,-0.114249,0.000254,0.00209
0,-0.244634,-0.096976,-0.230006,0.041746,-0.21323,0.077684,0.002421,0.001693
0,-0.03176,-0.143074,0.197492,-0.022409,0.16306,0.013074,0.000554,0.002497
0,-0.003246,0.085492,0.024394,0.248263,0.057337,0.237243,5.7e-05,0.001492
0,0.055038,-0.163013,0.074459,-0.230342,0.036966,-0.180714,0.000961,0.002845
0,-0.121169,0.114864,-0.180611,0.288463,-0.150345,0.259304,0.002115,0.002005
0,-0.065403,-0.051785,0.083062,-0.186062,0.080585,-0.235704,0.001142,0.000904
0,0.082639,0.038629,0.129425,0.08712,0.144287,0.107652,0.001442,0.000674
0,-0.167953,-0.061991,-0.240348,-0.083398,-0.228087,-0.128804,0.002931,0.001082
0,-0.09161,-0.023084,0.051203,0.037121,0.025238,0.022629,0.001599,0.000403
0,0.000766,-0.013504,0.107442,0.003066,0.097172,-0.035912,1.3e-05,0.000236
0,0.015184,-0.085602,0.021223,-0.052625,0.016964,-0.023088,0.000265,0.001494
0,0.111325,-0.073238,0.113905,0.01054,0.080875,0.006399,0.001943,0.001278
0,-0.113832,-0.069244,-0.237897,-0.017156,-0.208153,-0.030379,0.001987,0.001209
0,0.110318,0.082969,0.243826,0.15527,0.28688,0.133086,0.001925,0.001448
0,0.051959,0.014244,-0.057584,-0.072287,-0.026352,-0.078791,0.000907,0.000249
0,-0.052791,-0.036321,-0.107107,-0.069174,-0.110471,-0.048734,0.000921,0.000634
0,0.016569,0.177623,0.042778,0.200393,0.050145,0.156692,0.000289,0.0031
0,-0.207116,0.137361,-0.252317,-0.011695,-0.255436,-0.006358,0.003076,0.002397
0,-0.241582,-0.125203,-0.048753,-0.255209,-0.07799,-0.294765,0.002474,0.002185
0,-0.045145,0.022303,0.181108,0.154682,0.227731,0.18273,0.000788,0.000389
0,0.059042,0.132688,0.126374,0.121446,0.15189,0.085914,0.00103,0.002316
0,0.019079,-0.020721,-0.053709,-0.141,-0.072852,-0.164779,0.000333,0.000362
0,-0.162184,-0.072332,-0.172486,-0.031624,-0.197389,-0.046147,0.002831,0.001262
0,-0.156766,-0.090192,-0.02425,-0.016367,-0.044827,-0.062987,0.002736,0.001574
0,-0.110156,-0.056645,0.06413,0.007996,0.06233,-0.040887,0.001923,0.000989
0,-0.193165,-0.081266,-0.064252,-0.011773,-0.108165,0.025401,0.003319,0.001418
0,-0.159607,-0.085834,0.036902,0.001489,0.067165,-0.043209,0.002786,0.001498
0,0.031198,0.017755,0.16632,0.078869,0.132052,0.127566,0.000545,0.00031
0,0.068311,0.021427,0.02769,0.023124,-0.003242,-0.017072,0.001192,0.000374
0,0.047611,-0.045574,-0.026771,-0.053194,0.000512,-0.012085,0.000831,0.000795
0,-0.159068,0.174591,-0.216341,0.246324,-0.241307,0.271535,0.002776,0.003047
0,-0.018203,0.052108,0.127904,-0.117277,0.092877,-0.158647,0.000318,0.000909
0,-0.085641,0.010528,-0.087809,-0.017183,-0.074849,0.032528,0.001495,0.000184
0,0.003239,0.077978,0.08956,0.065481,0.123679,0.024385,5.7e-05,0.001361
0,-0.232854,0.011758,-0.211714,-0.092853,-0.241069,-0.09447,0.002627,0.000205
0,-0.101405,-0.079799,0.101484,-0.073193,0.115538,-0.074983,0.00177,0.001393
0,-0.006907,-0.027971,0.087425,0.071756,0.119811,0.089586,0.000121,0.000488
0,-0.269091,0.05325,-0.256874,0.071308,-0.282689,0.107719,0.001994,0.000929
0,-0.20832,-0.095948,0.074069,-0.134151,0.079614,-0.123619,0.003055,0.001675
0,0.044326,0.032371,0.235284,0.10378,0.199311,0.083524,0.000774,0.000565
0,-0.086642,0.08886,-0.156742,0.072984,-0.146643,0.053006,0.001512,0.001551
0,-0.150196,-0.171369,-0.055029,-0.250649,-0.035299,-0.24097,0.002621,0.002991
0,0.029926,-0.118031,0.197666,0.062459,0.176823,0.056557,0.000522,0.00206
0,-0.169099,-0.125753,-0.215446,-0.00378,-0.228114,0.044886,0.002951,0.002195
0,-0.10853,-0.12348,0.070237,-0.020999,0.08213,-0.00457,0.001894,0.002155
0,-0.094656,-0.009275,0.035903,0.087878,0.076798,0.05257,0.001652,0.000162
0,-0.253915,-0.077887,-0.153874,-0.0647,-0.179057,-0.075484,0.002259,0.001359
0,-0.312612,0.002915,-0.065368,0.083612,-0.059873,0.066169,0.001235,5.1e-05
0,-0.123249,-0.005564,0.196673,-0.006304,0.238568,0.004408,0.002151,9.7e-05
0,-0.220902,-0.062473,-0.106518,-0.062565,-0.136775,-0.107158,0.002835,0.00109
0,-0.240699,0.131903,0.00973,0.218249,-0.029409,0.174894,0.00249,0.002302
0,-0.183521,-0.096703,0.053304,-0.257121,0.008684,-0.306532,0.003203,0.001688
0,-0.073207,0.03041,0.104868,0.146257,0.151841,0.161725,0.001278,0.000531
0,-0.166603,0.086131,-0.092558,0.03315,-0.071771,-0.015934,0.002908,0.001503
0,-0.147949,-0.099497,-0.006377,-0.21482,0.036185,-0.171524,0.002582,0.001737
0,-0.246053,0.06172,-0.115675,0.172412,-0.159099,0.199653,0.002396,0.001077
0,-0.174514,-0.075392,0.089972,-0.142526,0.075281,-0.102791,0.003046,0.001316
0,-0.116586,-0.031562,0.039728,0.038216,0.030343,0.014931,0.002035,0.000551
0,-0.038688,-0.065801,0.092031,-0.058435,0.046906,-0.069451,0.000675,0.001148
0,0.03958,0.140535,0.081408,0.190301,0.100171,0.177755,0.000691,0.002453
0,-0.056499,-0.101875,-0.106155,-0.261231,-0.083552,-0.249822,0.000986,0.001778
0,0.168205,0.017768,0.202803,0.096478,0.162005,0.100761,0.002936,0.00031
0,0.028745,-0.111445,-0.142346,-0.113637,-0.161461,-0.14782,0.000502,0.001945
0,0.10052,-0.165339,0.073206,-0.027024,0.081344,0.016447,0.001754,0.002886
0,0.134441,-0.128617,0.036816,0.047319,0.003868,0.031349,0.002346,0.002245
0,0.032409,-0.02718,-0.099328,0.118338,-0.144172,0.102105,0.000566,0.000474
0,-0.132454,0.037705,-0.138526,0.054728,-0.142237,0.062555,0.002312,0.000658
0,-0.098677,-0.123444,0.020907,-0.157813,0.027457,-0.196072,0.001722,0.002154
0,-0.027361,-0.133685,0.09957,-0.029991,0.114934,-0.027355,0.000478,0.002333
0,-0.148739,0.08495,-0.109063,0.223665,-0.121212,0.263176,0.002596,0.001483
0,0.06528,0.080504,0.226087,-0.028779,0.177752,-0.045802,0.001139,0.001405
0,-0.146135,0.085187,-0.182533,0.034616,-0.147186,0.082398,0.002551,0.001487
0,-0.003955,-0.189529,0.137128,-0.260247,0.116143,-0.280867,6.9e-05,0.003308
0,-0.043399,-0.145406,-0.035931,0.048202,-0.070127,0.004991,0.000757,0.002538
0,0.159688,-0.058812,0.206049,0.115346,0.215375,0.164771,0.002787,0.001026
0,0.181271,-0.063074,0.029631,-0.0021,0.074426,0.019242,0.003164,0.001101
0,-0.016134,-0.074715,-0.170782,0.017355,-0.145414,0.024282,0.000282,0.001304
0,0.145312,0.099838,0.164619,0.185592,0.158119,0.158115,0.002536,0.001742
0,0.072771,-0.094168,-0.045332,-0.19121,-0.088185,-0.236354,0.00127,0.001644
0,0.165856,-0.104793,0.100116,-0.015275,0.061119,-0.033341,0.002895,0.001829
0,-0.05482,-0.145581,-0.233132,-0.02909,-0.222367,-0.034052,0.000957,0.002541
0,-0.108995,-0.142257,-0.060627,-0.009887,-0.089068,0.021858,0.001902,0.002483
0,0.120984,-0.12906,0.247805,-0.012263,0.231683,-0.023414,0.002112,0.002253
0,0.036147,-0.047974,-0.098744,0.058269,-0.073738,0.102768,0.000631,0.000837
0,-0.012496,-0.170017,-0.050761,-0.11403,-0.050485,-0.156035,0.000218,0.002967
0,0.030667,-0.038124,0.02517,0.148549,0.056668,0.152035,0.000535,0.000665
0,-0.140274,0.052662,-0.177931,0.083561,-0.215066,0.093138,0.002448,0.000919
0,0.022553,-0.103026,0.18297,-0.178957,0.214809,-0.143738,0.000394,0.001798
0,-0.01746,-0.041188,-0.037643,0.07321,-0.050362,0.097522,0.000305,0.000719
0,-0.233656,-0.038913,-0.220758,9.9e-05,-0.243556,0.041524,0.002613,0.000679
0,-0.000796,-0.132395,0.218459,-0.106263,0.189757,-0.141538,1.4e-05,0.002311
0,-0.017628,-0.055086,0.001002,0.102128,0.045902,0.090759,0.000308,0.000961
0,-0.087274,-0.096381,-0.040264,-0.046952,-0.059616,-0.035143,0.001523,0.001682
0,-0.050309,-0.074877,0.038122,0.022006,0.055119,0.009517,0.000878,0.001307
0,-0.030078,-0.109902,0.039399,-0.063994,0.084151,-0.022589,0.000525,0.001918
0,-0.184234,-0.106068,-0.180743,-0.007617,-0.175311,-0.032468,0.003215,0.001851
0,1.629074,0.206145,1.787465,0.32445,1.795233,0.295027,0.001669,0.003093
0,5.146135,0.388771,3.524386,0.206985,3.535615,0.159455,0.002836,9.5e-05
0,5.515813,0.445321,0.396333,0.035593,0.394263,0.029905,0.002598,0.001082
0,5.985492,0.374236,0.489694,-0.092616,0.52386,-0.120271,0.002587,0.000159
0,4.754043,0.212748,-1.219379,-0.189206,-1.220748,-0.156373,0.002684,0.002978
0,4.091959,0.25514,-0.658202,0.063282,-0.673074,0.101332,0.002181,0.002238
0,3.665424,0.104549,-0.421609,-0.179748,-0.417913,-0.16547,0.002934,0.001825
0,2.932233,0.034092,-0.711333,-0.04542,-0.750051,-0.000229,0.002349,0.000595
0,1.898746,0.035188,-1.033986,-0.014374,-0.996355,-0.063786,0.000315,0.000614
0,1.52775,-0.052565,-0.397381,-0.057864,-0.35158,-0.07471,9.9e-05,0.000917
0,0.776644,0.122518,-0.773132,0.152111,-0.735441,0.125297,0.000173,0.002138
0,0.384923,-0.065955,-0.402165,-0.192013,-0.390872,-0.234668,2.7e-05,0.001151
0,0.201865,0.057464,-0.158442,0.112704,-0.126972,0.096058,0.003168,0.001003
0,0.251695,0.110033,0.049231,0.023858,0.008971,0.054554,0.002298,0.00192
0,0.445198,-0.140421,0.180109,-0.255316,0.229967,-0.231299,0.001079,0.002451
0,0.380196,-0.079059,-0.08631,0.048146,-0.130244,0.07421,5.5e-05,0.00138
0,0.460752,0.123808,0.071978,0.179453,0.056505,0.152327,0.001351,0.002161
0,0.160855,-0.059271,-0.293156,-0.188106,-0.292903,-0.185742,0.002807,0.001034
0,0.171043,0.025202,-0.011084,0.081877,-0.007049,0.05927,0.002985,0.00044
0,0.390107,-0.058691,0.204164,-0.099926,0.207886,-0.087969,0.000118,0.001024
0,0.276964,-0.147897,-0.095403,-0.09283,-0.055237,-0.137201,0.001857,0.002581
0,0.413612,-0.063219,0.10763,0.111774,0.060716,0.125994,0.000528,0.001103
0,0.440862,0.081539,0.055252,0.115177,0.091767,0.15242,0.001004,0.001423
0,0.479001,0.064983,0.05304,0.001535,0.099016,0.046798,0.001669,0.001134
0,0.261408,0.144262,-0.24303,0.091287,-0.207195,0.072777,0.002128,0.002518
0,0.225315,0.133825,-0.06482,0.01388,-0.1128,0.059052,0.002758,0.002336
0,0.238143,-0.035,0.020544,-0.139162,0.04568,-0.093081,0.002534,0.000611
0,0.276341,-0.055958,0.021583,-0.016056,0.00145,-0.053191,0.001868,0.000977
0,0.420404,-0.077856,0.156233,-0.009355,0.107914,0.016815,0.000647,0.001359
0,0.162504,-0.094673,-0.271091,-0.023506,-0.275644,0.009613,0.002836,0.001652
0,0.242658,-0.090354,0.051883,0.020117,0.025393,-0.023477,0.002456,0.001577
0,0.286284,0.150212,0.043726,0.263184,0.08278,0.243813,0.001694,0.002622
0,0.137866,0.0538,-0.135043,-0.08586,-0.158297,-0.112841,0.002406,0.000939
0,0.336016,-0.091228,0.220274,-0.160957,0.251949,-0.157984,0.000826,0.001592
0,0.266,0.1223,-0.083196,0.207785,-0.112434,0.185957,0.002048,0.002135
0,0.252218,0.03018,0.011311,-0.114859,-0.014118,-0.147145,0.002289,0.000527
0,0.099635,0.104975,-0.144224,0.051929,-0.165634,0.091085,0.001739,0.001832
0,0.061399,0.0669,-0.056065,-0.064392,-0.102699,-0.113251,0.001072,0.001168
0,0.227571,0.030204,0.160297,-0.024399,0.143493,-0.056593,0.002719,0.000527
0,-0.098819,-0.071878,-0.352642,-0.093916,-0.373475,-0.1051,0.001725,0.001255
0,0.089444,0.125058,0.208689,0.204247,0.218078,0.199254,0.001561,0.002183
0,-0.034861,0.136818,-0.123593,-0.012445,-0.126439,0.024057,0.000608,0.002388
0,0.001728,0.048316,0.009016,-0.087094,0.034014,-0.128714,3e-05,0.000843
0,0.200901,-0.086458,0.222284,-0.125247,0.183674,-0.16705,0.003184,0.001509
0,0.001094,-0.041421,-0.190101,0.036114,-0.162742,0.034063,1.9e-05,0.000723
0,-0.043331,0.059417,-0.023721,0.126368,-0.038444,0.086551,0.000756,0.001037
0,0.203018,0.134429,0.276011,0.099204,0.23093,0.074427,0.003147,0.002346
0,0.235483,0.051819,0.04219,-0.061273,0.027537,-0.072376,0.002581,0.000904
0,0.026653,0.170903,-0.206617,0.147903,-0.174387,0.165141,0.000465,0.002983
0,0.1111,0.026533,0.104124,-0.12243,0.107061,-0.132791,0.001939,0.000463
0,-0.019889,0.108185,-0.14479,0.070878,-0.164956,0.106238,0.000347,0.001888
0,0.154452,0.042466,0.149154,-0.055835,0.103916,-0.053803,0.002696,0.000741
0,0.048232,0.218044,-0.124351,0.183428,-0.171092,0.140863,0.000842,0.002885
0,0.074374,0.201442,0.0317,-0.022466,-0.015072,-0.065133,0.001298,0.003175
0,0.047303,-0.040444,-0.019915,-0.259009,-0.011801,-0.229209,0.000826,0.000706
0,0.060988,-0.024588,0.010121,-0.002969,0.057623,-0.02543,0.001064,0.000429
0,-0.025191,-0.087754,-0.091329,-0.067543,-0.128368,-0.112265,0.00044,0.001532
0,0.129875,0.06642,0.135479,0.172698,0.131632,0.147058,0.002267,0.001159
0,0.145443,0.062794,0.003696,0.003759,-0.017174,0.038101,0.002538,0.001096
0,0.165093,-0.02122,0.015465,-0.087361,0.00114,-0.119045,0.002881,0.00037
0,0.236488,0.080106,0.101016,0.103029,0.06866,0.095407,0.002563,0.001398
0,0.271114,0.059445,0.034753,0.006362,0.066518,0.050945,0.001959,0.001038
0,0.112173,-0.034362,-0.144671,-0.122024,-0.145071,-0.126575,0.001958,0.0006
0,0.048763,-0.031878,-0.036253,-0.025584,0.006892,-0.042476,0.000851,0.000556
0,0.095016,-0.123446,0.028265,-0.071155,0.026977,-0.057385,0.001658,0.002155
0,0.22747,-0.03041,0.109936,0.106088,0.087542,0.08527,0.002721,0.000531
0,0.101994,0.135156,-0.114411,0.169558,-0.140964,0.133177,0.00178,0.002359
0,0.030294,0.038875,-0.060396,-0.094238,-0.038762,-0.103932,0.000529,0.000678
0,-0.018983,-0.010663,-0.053979,-0.047693,-0.038836,-0.094859,0.000331,0.000186
0,0.045678,0.12544,0.087249,0.145554,0.125825,0.135771,0.000797,0.002189
0,-0.02526,-0.031305,-0.09658,-0.171977,-0.10371,-0.180675,0.000441,0.000546
0,0.003424,-0.062739,0.017616,-0.044658,0.009227,0.000399,6e-05,0.001095
0,0.184391,-0.088334,0.205128,-0.003874,0.226847,-0.042998,0.003218,0.001542
0,-0.049368,-0.019432,-0.231203,0.078623,-0.246744,0.125985,0.000862,0.000339
0,0.044987,0.100736,0.100246,0.101159,0.133503,0.113642,0.000785,0.001758
0,-0.106058,0.026601,-0.149221,-0.096343,-0.110412,-0.129645,0.001851,0.000464
0,0.068052,0.118782,0.151202,0.084242,0.101336,0.09598,0.001188,0.002073
0,-0.004181,0.098736,-0.07704,-0.032952,-0.087268,0.009658,7.3e-05,0.001723
0,-0.182876,-0.004649,-0.173191,-0.098853,-0.156846,-0.091765,0.003192,8.1e-05
0,-0.142714,0.104195,0.053191,0.102658,0.091529,0.123589,0.002491,0.001819
0,0.10787,-0.066733,0.23391,-0.163171,0.187959,-0.147644,0.001883,0.001165
0,-0.06883,0.098683,-0.202228,0.174082,-0.233396,0.159104,0.001201,0.001722
0,-0.076256,0.080703,-0.002334,-0.041531,0.019928,-0.052613,0.001331,0.001409
0,0.027221,0.11549,0.100402,0.05366,0.122644,0.087591,0.000475,0.002016
0,0.085613,-0.037711,0.045417,-0.145561,0.042601,-0.151587,0.001494,0.000658
0,0.049264,0.068733,-0.047631,0.098566,-0.024338,0.142872,0.00086,0.0012
0,-0.104766,-0.083223,-0.179196,-0.177784,-0.192324,-0.164737,0.001829,0.001453
0,0.057628,-0.087428,0.157905,-0.027542,0.133071,-0.046126,0.001006,0.001526
0,0.145144,-0.107861,0.071112,-0.005175,0.029419,0.000651,0.002533,0.001883
0,0.000792,-0.123065,-0.150448,0.012382,-0.151647,0.055271,1.4e-05,0.002148
0,0.132557,-0.089542,0.135584,0.017639,0.130908,0.017691,0.002314,0.001563
0,0.098955,-0.104603,-0.014086,-0.037363,-0.040504,0.008176,0.001727,0.001826
0,0.033739,0.000144,-0.058624,0.132551,-0.04923,0.092469,0.000589,3e-06
0,0.017226,0.084351,-0.019293,0.101882,-0.04636,0.093647,0.000301,0.001472
0,0.083066,0.064129,0.088505,-0.037038,0.099577,-0.061856,0.00145,0.001119
0,0.007755,0.099356,-0.0648,0.061626,-0.060041,0.034587,0.000135,0.001734
0,0.020017,-0.040566,0.011473,-0.160933,-0.002407,-0.186244,0.000349,0.000708
0,0.19054,0.128642,0.151912,0.167965,0.172512,0.166562,0.003326,0.002245
0,-0.066492,0.117524,-0.265285,0.006063,-0.273062,-0.023837,0.001161,0.002051
0,-0.050398,-0.088169,-0.003035,-0.200087,0.039225,-0.155746,0.00088,0.001539
0,-0.080283,0.052924,-0.047796,0.127803,-0.053195,0.121312,0.001401,0.000924
0,-0.100942,0.007603,-0.028491,-0.071445,-0.051147,-0.071227,0.001762,0.000133
0,0.10929,-0.099732,0.235991,-0.09607,0.197204,-0.140339,0.001907,0.001741
0,0.09228,0.008961,-0.031066,0.104434,-0.005116,0.099765,0.001611,0.000156
0,-0.036709,-0.104868,-0.101366,-0.116396,-0.092976,-0.083289,0.000641,0.00183
0,0.049683,0.071792,0.105362,0.149814,0.140568,0.138482,0.000867,0.001253
0,0.20088,0.05655,0.151522,-0.016444,0.136736,-0.064964,0.003185,0.000987
0,0.12576,-0.127848,-0.055397,-0.171757,-0.102926,-0.212874,0.002195,0.002231
0,-0.067372,0.057482,-0.165185,0.211383,-0.161279,0.231571,0.001176,0.001003
0,0.181743,0.019674,0.261302,-0.054366,0.251738,-0.082893,0.003172,0.000343
0,0.00575,0.079739,-0.178219,0.031614,-0.208145,0.011729,0.0001,0.001392
0,0.031958,-0.107288,0.052458,-0.205547,0.044732,-0.205519,0.000558,0.001873
0,0.014833,-0.149406,0.003229,-0.0212,-0.020308,0.011182,0.000259,0.002608
0,-0.146525,-0.157775,-0.157416,-0.007622,-0.158373,-0.000694,0.002557,0.002754
0,0.085436,-0.082199,0.234328,0.083063,0.271236,0.107238,0.001491,0.001435
0,-0.142935,0.055468,-0.226212,0.141697,-0.257667,0.096796,0.002495,0.000968
0,-0.166138,0.00227,0.00438,-0.029529,0.054265,-0.030525,0.0029,4e-05
0,-0.078944,0.050834,0.080468,0.052548,0.090542,0.101054,0.001378,0.000887
0,-0.114454,-0.040944,-0.050467,-0.121386,-0.092503,-0.080015,0.001998,0.000715
0,-0.257818,0.096012,-0.132762,0.144022,-0.107879,0.16972,0.002191,0.001676
0,-0.238959,-0.011687,0.00408,-0.126504,-0.039026,-0.172744,0.00252,0.000204
0,-0.302129,-0.087561,-0.063238,-0.096329,-0.042965,-0.090489,0.001418,0.001528
0,-0.2801,-0.041962,0.026873,0.015777,0.031712,0.037994,0.001802,0.000732
0,-0.168942,0.126628,0.100323,0.172672,0.128899,0.213681,0.002949,0.00221
0,-0.087296,0.083255,0.103283,-0.03042,0.116197,-0.054685,0.001524,0.001453
0,-0.094519,-0.007855,-0.019556,-0.106801,0.029064,-0.113234,0.00165,0.000137
0,-0.163842,-0.061079,-0.088595,-0.047857,-0.091632,-0.007619,0.00286,0.001066
0,-0.027872,-0.085394,0.142658,-0.03299,0.131027,-0.051127,0.000486,0.00149
0,-0.100545,-0.015194,-0.091703,0.042185,-0.0465,0.029151,0.001755,0.000265
0,-0.102731,-0.031344,0.006814,-0.001921,-0.003901,-0.038026,0.001793,0.000547
0,-0.312762,-0.026021,-0.219935,0.007586,-0.175809,-0.040309,0.001232,0.000454
0,-0.115245,0.072861,0.21534,0.12519,0.179132,0.123026,0.002011,0.001272
0,-0.104657,0.096487,0.026685,0.00501,0.064972,0.044369,0.001827,0.001684
0,-0.093633,0.066666,0.006488,-0.056287,-0.02024,-0.057114,0.001634,0.001164
0,-0.122678,-0.090684,-0.019792,-0.154647,-0.063712,-0.152984,0.002141,0.001583
0,-0.29384,-0.025055,-0.150807,0.056111,-0.194799,0.013979,0.001562,0.000437
0,-0.112302,0.061926,0.191798,0.103147,0.233207,0.068793,0.00196,0.001081
0,-0.051537,0.152391,0.061374,0.080508,0.096268,0.104976,0.000899,0.00266
0,-0.138161,0.146485,-0.094416,-0.015264,-0.081622,0.024377,0.002411,0.002557
0,-0.203529,-0.009951,-0.059403,-0.155946,-0.079413,-0.179273,0.003139,0.000174
0,-0.063098,-0.125211,0.119656,-0.135343,0.153332,-0.086775,0.001101,0.002185
0,-0.097362,0.121614,-0.03175,0.25616,-0.011341,0.259351,0.001699,0.002123
0,-0.088392,-0.142299,0.004511,-0.283933,0.00651,-0.292724,0.001543,0.002484
0,-0.326728,-0.0536,-0.265834,0.100054,-0.287481,0.129374,0.000988,0.000935
0,-1.652294,0.052916,-1.35299,0.095789,-1.30412,0.133701,0.002075,0.000924
0,-4.066748,-0.073415,-2.422014,-0.099031,-2.394171,-0.065626,0.002621,0.001281
0,-5.045812,-0.134816,-0.992031,-0.084803,-0.991666,-0.084844,0.001085,0.002353
0,-6.109494,-0.215222,-1.0455,-0.081649,-1.005714,-0.088466,0.000422,0.002934
0,-7.047367,-0.125933,-0.926913,0.095565,-0.929217,0.136029,0.002565,0.002198
0,-6.094542,-0.20732,0.935278,-0.060122,0.960859,-0.033695,0.000683,0.003072
0,-4.892628,-0.175992,1.17876,0.050671,1.190941,0.089482,0.001588,0.003072
0,-3.297018,-0.120345,1.614248,0.036522,1.597881,-0.013164,0.002674,0.0021
0,-1.837773,-0.122523,1.443232,-0.0275,1.406729,-0.004216,0.001379,0.002138
0,-1.091458,-0.035683,0.759522,0.113211,0.759925,0.15113,0.001023,0.000623
0,-0.287262,-0.163836,0.809876,-0.137629,0.831655,-0.147186,0.001677,0.002859
0,-0.019769,-0.044869,0.245874,0.141982,0.284007,0.159708,0.000345,0.000783
0,0.383536,0.058785,0.426085,0.085972,0.390153,0.105777,3e-06,0.001026
0,0.68588,-0.086495,0.332061,-0.130828,0.342093,-0.123088,0.001411,0.00151
0,0.45533,0.038024,-0.213714,0.138979,-0.232091,0.093637,0.001256,0.000664
0,0.514921,-0.015102,0.042603,-0.025232,0.032743,-0.032111,0.002296,0.000264
0,0.601923,-0.131219,0.076018,-0.143811,0.026704,-0.105425,0.002876,0.00229
0,0.58234,0.102501,-0.037694,0.241712,0.005096,0.199659,0.003218,0.001789
0,0.334151,0.137667,-0.221788,0.04461,-0.230607,0.092537,0.000859,0.002403
0,0.478032,-0.106616,0.170551,-0.26225,0.173161,-0.25496,0.001652,0.001861
0,0.390982,0.113853,-0.093705,0.204962,-0.127975,0.157407,0.000133,0.001987
0,0.40097,0.100338,0.019386,-0.003807,0.017337,0.028847,0.000307,0.001751
0,0.136224,-0.145144,-0.275149,-0.221141,-0.297415,-0.186877,0.002378,0.002533
0,0.190943,0.125549,0.037625,0.294921,0.010843,0.343226,0.003333,0.002191
0,0.220069,0.113199,0.050368,-0.019692,0.045499,-0.045459,0.00285,0.001976
0,0.435052,-0.125734,0.195469,-0.225175,0.213127,-0.274365,0.000902,0.002194
0,0.25026,-0.060584,-0.169082,0.08707,-0.147604,0.134768,0.002323,0.001057
0,0.237363,-0.051879,0.009466,0.036164,0.01553,-0.013785,0.002548,0.000905
0,0.3113,0.040359,0.096488,0.111066,0.118684,0.139685,0.001258,0.000704
0,0.258656,-0.060183,-0.054585,-0.101581,-0.027776,-0.082495,0.002176,0.00105
0,0.111724,-0.111646,-0.163361,-0.039522,-0.116587,-0.016202,0.00195,0.001949
0,0.382978,-0.106198,0.287207,0.032142,0.289965,-0.013447,7e-06,0.001854
0,0.35103,-0.115981,-0.031508,-0.011509,0.010031,-0.015463,0.000564,0.002024
0,0.148114,-0.057406,-0.223301,0.042318,-0.256219,0.061919,0.002585,0.001002
0,0.050912,-0.15002,-0.096632,-0.084198,-0.136892,-0.08669,0.000889,0.002618
0,0.105929,-0.073921,0.064698,0.063091,0.086821,0.051991,0.001849,0.00129
0,0.044359,0.070167,-0.035794,0.151856,-0.082589,0.106522,0.000774,0.001225
0,0.228613,0.023519,0.210729,-0.069652,0.218614,-0.079819,0.002701,0.00041
0,-0.04065,-0.183424,-0.294852,-0.206518,-0.309291,-0.203093,0.000709,0.003201
0,-0.006913,-0.066274,0.026538,0.140471,0.050734,0.106518,0.000121,0.001157
0,0.194074,0.071037,0.210895,0.149612,0.250541,0.137282,0.003304,0.00124
0,-0.061076,0.006116,-0.233165,-0.057459,-0.192196,-0.049399,0.001066,0.000107
0,-0.089035,0.01061,-0.022312,-0.022188,0.027339,0.013715,0.001554,0.000185
0,-0.038736,-0.181013,0.064805,-0.2085,0.070573,-0.225104,0.000676,0.003159
0,0.135767,-0.175628,0.160591,0.033044,0.154805,0.038164,0.00237,0.003065
0,0.063556,-0.131582,-0.088254,0.015233,-0.123517,0.03064,0.001109,0.002297
0,0.230735,0.027366,0.13921,0.156115,0.105142,0.196719,0.002664,0.000478
0,0.195901,0.057286,-0.019732,0.025786,-0.061244,0.06627,0.003272,0.001
0,-0.098816,-0.181319,-0.304996,-0.211777,-0.338422,-0.21421,0.001725,0.003165
0,-0.037565,0.010237,0.071012,0.218142,0.049892,0.26287,0.000656,0.000179
0,0.188272,0.023525,0.242474,0.033892,0.283314,0.01966,0.003286,0.000411
0,0.026979,-0.133158,-0.187238,-0.13683,-0.184782,-0.095049,0.000471,0.002324
0,0.098993,0.064783,0.060394,0.187031,0.093982,0.235435,0.001728,0.001131
0,0.04941,-0.175023,-0.079073,-0.223466,-0.071525,-0.247036,0.000862,0.003055
0,0.125443,-0.040147,0.072846,0.144832,0.028687,0.146018,0.002189,0.000701
0,0.105335,0.006468,0.003945,0.073372,0.046218,0.041296,0.001838,0.000113
0,0.022132,-0.150225,-0.094313,-0.170305,-0.120973,-0.207537,0.000386,0.002622
0,-0.071307,0.036374,-0.095319,0.182944,-0.083897,0.18744,0.001245,0.000635
0,0.068873,-0.076172,0.121081,-0.130571,0.099009,-0.080872,0.001202,0.001329
0,-0.001352,-0.027501,-0.076291,0.077214,-0.096544,0.089324,2.4e-05,0.00048
0,0.087963,-0.060537,0.063304,-0.03843,0.016481,-0.045053,0.001535,0.001057
0,0.062495,-0.100143,-0.011916,-0.067637,0.010877,-0.029728,0.001091,0.001748
0,0.115231,-0.103184,0.059635,-0.014697,0.091624,0.032869,0.002011,0.001801
0,-0.003066,0.127523,-0.093497,0.218826,-0.069636,0.179212,5.4e-05,0.002226
0,0.154253,0.102171,0.160493,-0.018965,0.161038,-0.042089,0.002692,0.001783
0,-0.111819,-0.015261,-0.277394,-0.124352,-0.313172,-0.141184,0.001952,0.000266
0,0.168174,0.088343,0.292108,0.10422,0.24773,0.12939,0.002935,0.001542
0,-0.089079,-0.11679,-0.240667,-0.221638,-0.255103,-0.267906,0.001555,0.002038
0,-0.068565,-0.080163,0.022715,0.046048,-0.007184,-0.000207,0.001197,0.001399
0,0.098998,-0.008751,0.191378,0.076316,0.219615,0.031366,0.001728,0.000153
0,0.003442,0.072909,-0.090225,0.058142,-0.091258,0.077267,6e-05,0.001273
0,0.083131,0.088584,0.094578,0.004563,0.094131,-0.014255,0.001451,0.001546
0,0.107371,0.081282,0.010704,-0.000149,-0.038775,-0.016689,0.001874,0.001419
0,-0.027226,0.134524,-0.152686,0.046208,-0.139841,0.00491,0.000475,0.002348
0,-0.100982,0.068377,-0.050872,-0.076978,-0.062326,-0.117206,0.001762,0.001193
0,0.064718,0.12827,0.159664,0.072608,0.123805,0.074957,0.00113,0.002239
0,-0.086602,0.181946,-0.150385,0.078261,-0.139293,0.103568,0.001511,0.003176
0,-0.078579,0.181369,0.029325,0.027396,0.063287,0.013223,0.001371,0.003165
0,0.022988,0.169822,0.081897,0.012991,0.114267,-0.022129,0.000401,0.002964
0,0.139338,0.064932,0.08716,-0.102417,0.065844,-0.101866,0.002432,0.001133
0,-0.163482,0.177282,-0.274884,0.088804,-0.242819,0.122116,0.002853,0.003094
0,-0.123376,-0.066788,0.013573,-0.247078,0.040341,-0.208439,0.002153,0.001166
0,0.141842,0.106901,0.24402,0.17248,0.210446,0.150898,0.002476,0.001866
0,0.104455,0.062723,-0.020621,-0.042523,-0.00176,0.001299,0.001823,0.001095
0,-0.101722,0.150837,-0.185305,0.061205,-0.210339,0.06935,0.001775,0.002633
0,-0.017415,0.06446,0.107717,-0.099937,0.134271,-0.141645,0.000304,0.001125
0,-0.136647,-0.025129,-0.137065,-0.109462,-0.129003,-0.067904,0.002385,0.000439
0,-0.111015,0.165116,0.02718,0.170603,0.05014,0.122774,0.001938,0.002882
0,0.075834,-0.022041,0.174147,-0.206187,0.208328,-0.158701,0.001324,0.000385
0,0.000327,-0.115263,-0.068761,-0.081009,-0.117101,-0.051925,6e-06,0.002012
0,0.21342,0.102199,0.203042,0.225999,0.193724,0.237656,0.002966,0.001784
0,0.174521,-0.128491,-0.018942,-0.220417,-0.051848,-0.226929,0.003046,0.002243
0,0.221295,-0.115484,0.032588,-0.00962,0.009107,-0.043556,0.002828,0.002016
0,0.051871,-0.073347,-0.186166,0.05986,-0.209517,0.051054,0.000905,0.00128
0,0.037738,0.013264,-0.015246,0.069685,-0.026567,0.021986,0.000659,0.000232
0,0.080711,0.207775,0.036404,0.168208,-0.007919,0.143338,0.001409,0.003064
0,0.028148,-0.057086,-0.038795,-0.267781,-0.084,-0.297073,0.000491,0.000996
0,0.10612,0.046401,0.069992,0.120727,0.112886,0.141216,0.001852,0.00081
0,0.20804,0.17771,0.086238,0.15596,0.102027,0.201843,0.00306,0.003102
0,0.079432,-0.093119,-0.152374,-0.264232,-0.157609,-0.274505,0.001386,0.001625
0,0.150869,-0.025843,0.063554,0.062933,0.09492,0.105728,0.002633,0.000451
0,0.00892,-0.039187,-0.148896,-0.010444,-0.123563,-0.030746,0.000156,0.000684
0,0.209218,0.077779,0.183034,0.123247,0.137677,0.160399,0.003039,0.001357
0,0.231555,-0.084325,0.050969,-0.174387,0.082973,-0.186823,0.002649,0.001472
0,0.096419,-0.077121,-0.11568,-0.004804,-0.161894,0.020474,0.001683,0.001346
0,0.1685,0.058121,0.080372,0.11875,0.03317,0.124409,0.002941,0.001014
0,-0.025516,0.195028,-0.17433,0.126151,-0.148865,0.170144,0.000445,0.003287
0,-0.072776,0.03592,-0.036099,-0.184627,-0.046565,-0.194425,0.00127,0.000627
0,-0.074601,0.069395,0.017844,0.045175,0.055832,0.002899,0.001302,0.001211
0,-0.127876,0.059134,-0.025358,-0.030026,-0.00742,-0.044857,0.002232,0.001032
0,0.205148,0.037653,0.321869,-0.019109,0.293278,0.002481,0.00311,0.000657
0,0.10911,0.053591,-0.09212,0.028868,-0.072372,-0.012356,0.001904,0.000935
0,0.151633,-0.026531,0.063575,-0.090995,0.04338,-0.110276,0.002646,0.000463
0,0.21715,-0.035523,0.048396,-0.033383,-0.00047,-0.031459,0.002901,0.00062
0,0.148419,0.133617,-0.04573,0.162596,-0.076788,0.183842,0.00259,0.002332
0,0.018546,0.116633,-0.112239,-0.006542,-0.072276,-0.009324,0.000324,0.002036
0,0.032309,-0.014867,4.1e-05,-0.106232,-0.001649,-0.129071,0.000564,0.000259
0,0.131843,-0.014417,0.110265,0.014284,0.091942,-0.024412,0.002301,0.000252
0,0.151976,0.030092,0.002507,0.026798,-0.026051,0.033175,0.002652,0.000525
0,0.286502,-0.093166,0.117018,-0.095453,0.103762,-0.055169,0.00169,0.001626
0,0.026371,0.034875,-0.271918,0.11752,-0.24124,0.16335,0.00046,0.000609
0,0.043366,-0.075005,0.034764,-0.131463,0.039338,-0.085117,0.000757,0.001309
0,0.246867,0.038382,0.190214,0.100658,0.194578,0.127509,0.002382,0.00067
0,0.010349,0.061202,-0.207264,0.035793,-0.158583,0.070095,0.000181,0.001068
0,0.241576,-0.002487,0.228513,-0.037685,0.213426,-0.08205,0.002475,4.3e-05
0,0.106223,-0.01264,-0.163687,-0.030777,-0.154214,-0.058983,0.001854,0.000221
0,0.01829,-0.113224,-0.102209,-0.090323,-0.104463,-0.071899,0.000319,0.001976
0,0.181764,-0.082193,0.171055,0.04703,0.12137,0.027171,0.003172,0.001435
0,0.045131,-0.091786,-0.111882,-0.01621,-0.140458,0.014289,0.000788,0.001602
0,0.203008,-0.134696,0.185932,-0.015779,0.152717,-0.037747,0.003148,0.002351
0,0.080146,-0.05384,-0.098366,0.079234,-0.072071,0.088287,0.001399,0.00094
0,0.089351,-0.032581,-0.001608,0.019859,-0.050955,0.056882,0.001559,0.000569
0,0.234448,0.129729,0.143725,0.156136,0.168648,0.174033,0.002599,0.002264
0,0.094967,-0.065365,-0.129117,-0.221554,-0.101124,-0.263197,0.001657,0.001141
0,0.166625,0.079738,0.06059,0.146576,0.104192,0.124811,0.002908,0.001392
0,0.160463,0.071897,-0.016235,-0.005941,0.02732,-0.035565,0.002801,0.001255
0,0.124785,-0.123601,-0.065202,-0.208209,-0.016399,-0.253237,0.002178,0.002157
0,0.104223,0.033299,-0.008064,0.139883,-0.005836,0.097037,0.001819,0.000581
0,-0.097697,-0.126164,-0.177768,-0.179068,-0.134041,-0.167166,0.001705,0.002202
0,0.081394,-0.129294,0.200812,-0.029634,0.17832,-0.026584,0.001421,0.002257
0,0.172959,0.060357,0.114029,0.166577,0.147636,0.192481,0.003019,0.001053
0,0.103328,-0.087311,-0.081348,-0.118554,-0.074339,-0.140266,0.001803,0.001524
0,0.137461,0.077662,0.03472,0.189088,-0.010206,0.228289,0.002399,0.001355
0,0.050609,-0.016613,-0.114354,-0.07039,-0.09019,-0.073892,0.000883,0.00029
0,0.01872,-0.190602,-0.056823,-0.183222,-0.088084,-0.199445,0.000327,0.003327
0,-0.030729,-0.171098,-0.044866,0.018135,-0.007102,0.000373,0.000536,0.002986
0,0.113197,0.071252,0.135991,0.253056,0.12242,0.250388,0.001976,0.001244
0,0.068774,0.010569,-0.048894,-0.078388,-0.06622,-0.093582,0.0012,0.000184
0,0.133256,-0.019484,0.06085,-0.012558,0.012473,-0.027121,0.002326,0.00034
0,0.100755,-0.161822,-0.009543,-0.169135,0.005654,-0.16605,0.001759,0.002824
0,0.158163,-0.146448,0.070037,-0.00879,0.062979,-0.048714,0.00276,0.002556
0,-0.050683,0.116412,-0.179924,0.234364,-0.175934,0.263138,0.000885,0.002032
0,0.005332,0.079387,0.029861,-0.013032,-0.013913,-0.046723,9.3e-05,0.001386
0,0.128267,-0.039249,0.144336,-0.141199,0.16981,-0.114767,0.002239,0.000685
0,0.077098,-0.208902,-0.034779,-0.172822,-0.002163,-0.201774,0.001346,0.003045
0,-0.049198,-0.02437,-0.118754,0.171204,-0.092248,0.170529,0.000859,0.000425
0,-0.007286,-0.000359,0.061494,0.039516,0.09442,0.051114,0.000127,6e-06
0,-0.085299,-0.139755,-0.070295,-0.165805,-0.099137,-0.201199,0.001489,0.002439
0,0.05666,-0.056029,0.142028,0.111883,0.157736,0.132231,0.000989,0.000978
0,-0.062035,0.064846,-0.10879,0.143685,-0.120664,0.112159,0.001083,0.001132
0,0.134626,-0.151619,0.190526,-0.245251,0.153831,-0.270403,0.00235,0.002646
0,0.072721,-0.003666,-0.090277,0.121996,-0.105397,0.160065,0.001269,6.4e-05
0,-0.09385,-0.013155,-0.173783,-0.024215,-0.143909,-0.004338,0.001638,0.00023
0,0.020675,-0.063016,0.091504,-0.030343,0.054975,-0.002362,0.000361,0.0011
0,-0.000613,-0.142222,-0.037287,-0.094799,-0.01894,-0.133206,1.1e-05,0.002482
0,-0.14517,-0.100036,-0.136471,0.065576,-0.177318,0.08725,0.002534,0.001746
0,-0.178043,0.033974,-0.036877,0.113088,-0.063496,0.074605,0.003107,0.000593
0,-0.039981,-0.025551,0.140116,-0.044437,0.097095,-0.006121,0.000698,0.000446
0,-0.190777,0.085665,-0.136312,0.111829,-0.098744,0.09238,0.00333,0.001495
0,-0.19856,-0.093443,0.020592,-0.149429,0.065785,-0.136525,0.003225,0.001631
0,-0.197846,0.01765,-0.015424,0.10452,-0.036561,0.090136,0.003238,0.000308
0,-0.004453,-0.005305,0.166743,-0.026284,0.156176,-0.074516,7.8e-05,9.3e-05
0,-0.151074,-0.045017,-0.128069,-0.058997,-0.080842,-0.026209,0.002637,0.000786
0,-0.064232,-0.104615,0.075305,-0.053365,0.123357,-0.064381,0.001121,0.001826
0,-0.156024,-0.004567,-0.064566,0.123454,-0.078393,0.162413,0.002723,8e-05
0,-0.202879,0.069812,-0.037174,0.092409,-0.058871,0.061632,0.00315,0.001218
0,-0.262387,-0.062705,-0.035699,-0.14958,-0.052114,-0.139894,0.002111,0.001094
0,-0.112107,0.004655,0.154494,0.08293,0.184388,0.062806,0.001957,8.1e-05
0,-0.149116,0.078749,-0.046802,0.078554,-0.00131,0.099213,0.002603,0.001374
0,-0.180805,-0.007289,-0.010478,-0.063846,0.024145,-0.094862,0.003156,0.000127
0,-0.199502,0.140628,-0.013664,0.138832,0.003188,0.11163,0.003209,0.002454
0,-0.065694,0.154655,0.150272,0.008922,0.123368,-0.00478,0.001147,0.002699
0,-0.360574,1.081875,-0.311002,0.94163,-0.315157,0.94893,0.000398,0.00119
0,-0.19927,1.558524,0.144961,0.467745,0.122845,0.456659,0.003213,0.000438
0,-0.508276,2.285918,-0.284498,0.700712,-0.291277,0.684061,0.00218,0.000248
0,-0.363279,2.338333,0.157891,0.044699,0.140475,0.056212,0.00035,0.000667
0,-0.228423,2.050331,0.148978,-0.26848,0.127103,-0.275964,0.002704,0.002331
0,-0.201388,1.885858,0.014015,-0.140691,0.054262,-0.133071,0.003176,0.00054
0,-0.297898,1.233909,-0.088255,-0.671706,-0.087133,-0.702052,0.001492,0.001463
0,-0.079381,1.055238,0.19013,-0.158285,0.163877,-0.116296,0.001385,0.001655
0,0.053696,0.586597,0.132587,-0.440636,0.092257,-0.458674,0.000937,0.003144
0,0.04543,0.300061,-0.005479,-0.290566,-0.033633,-0.326322,0.000793,0.001454
0,0.157107,0.032637,0.118136,-0.243308,0.142013,-0.231169,0.002742,0.00057
0,-0.009899,-0.010265,-0.140834,-0.016941,-0.160377,0.011494,0.000173,0.000179
0,0.126307,-0.243722,0.139565,-0.219079,0.167099,-0.228343,0.002204,0.002437
0,0.074676,0.020453,-0.03382,0.242021,0.00428,0.214105,0.001303,0.000357
0,0.123276,-0.258017,0.070076,-0.249577,0.02702,-0.252841,0.002152,0.002188
0,-0.003245,-0.141784,-0.107127,0.097711,-0.127586,0.080175,5.7e-05,0.002475
0,0.135655,0.03802,0.142029,0.197059,0.173048,0.230103,0.002368,0.000664
0,0.242095,-0.171837,0.112448,-0.195048,0.075654,-0.14875,0.002465,0.002999
0,0.041452,-0.048007,-0.222593,0.099983,-0.231684,0.094271,0.000723,0.000838
0,0.092656,-0.026327,0.04666,0.050095,0.056444,0.087428,0.001617,0.000459
0,0.222344,0.002645,0.146903,0.055735,0.170458,0.042296,0.00281,4.6e-05
0,0.084983,0.034091,-0.143913,0.023855,-0.122541,-0.00043,0.001483,0.000595
0,-0.051532,-0.043469,-0.133931,-0.103628,-0.15612,-0.081418,0.000899,0.000759
0,0.170897,-0.180168,0.203299,-0.146562,0.201446,-0.114573,0.002983,0.003145
0,0.046929,-0.165806,-0.142366,-0.002989,-0.175318,0.002778,0.000819,0.002894
0,-0.024157,-0.105564,-0.097578,0.036716,-0.079164,0.060501,0.000422,0.001842
0,0.015043,-0.100482,0.026762,0.02989,0.010003,0.000977,0.000263,0.001754
0,-0.094004,-0.066609,-0.128808,0.020865,-0.089464,0.030183,0.001641,0.001163
0,-0.027548,-0.183344,0.043159,-0.0932,0.023465,-0.132527,0.000481,0.0032
0,0.025404,-0.102401,0.059494,0.089891,0.041425,0.081248,0.000443,0.001787
0,-0.157117,-0.156789,-0.154179,-0.077964,-0.139585,-0.125953,0.002742,0.002736
0,0.017819,-0.089705,0.199689,0.046082,0.160125,0.046786,0.000311,0.001566
0,-0.052925,0.03417,-0.066289,0.121284,-0.103095,0.166775,0.000924,0.000596
0,0.026889,-0.15243,0.063005,-0.169589,0.076406,-0.191138,0.000469,0.00266
0,-0.098885,0.040016,-0.09846,0.206019,-0.087143,0.233462,0.001726,0.000698
0,-0.113861,-0.018253,-0.029288,-0.048526,0.000337,-0.095437,0.001987,0.000319
0,-0.118539,-0.096716,0.024233,-0.049572,-0.016972,-0.05798,0.002069,0.001688
0,-0.11597,-0.096647,-0.015966,0.021912,0.006568,0.053438,0.002024,0.001687
0,-0.052685,0.061599,0.06989,0.177398,0.090964,0.139642,0.00092,0.001075
0,-0.169797,0.013137,-0.106997,-0.028562,-0.071606,-0.023511,0.002964,0.000229
0,-0.016893,0.086577,0.146158,0.060765,0.191655,0.042842,0.000295,0.001511
0,-0.079515,-0.061567,-0.039072,-0.173534,-0.045723,-0.175731,0.001388,0.001075
0,0.068258,0.087251,0.177417,0.121137,0.208601,0.131907,0.001191,0.001523
0,0.126803,0.066034,0.066472,-0.041105,0.092545,-0.038514,0.002213,0.001153
0,0.096382,-0.096064,-0.020103,-0.188988,0.007032,-0.171728,0.001682,0.001677
0,-0.08582,-0.072614,-0.199704,0.046382,-0.213851,0.054243,0.001498,0.001267
0,-0.196025,-0.000425,-0.091174,0.100829,-0.083542,0.070445,0.00327,7e-06
0,-0.071634,-0.031904,0.119273,-0.03714,0.101533,-0.053118,0.00125,0.000557
0,-0.141909,-0.0258,-0.05657,0.032784,-0.076156,0.07982,0.002477,0.00045
0,-0.200948,0.118394,-0.044775,0.137539,-0.010677,0.103877,0.003184,0.002066
0,-0.03934,0.130579,0.15543,0.009857,0.162244,-0.039203,0.000687,0.002279
0,-0.096617,-0.023284,-0.048598,-0.166412,-0.058183,-0.139575,0.001686,0.000406
0,-0.084947,0.131891,0.014854,0.134917,-0.003916,0.087659,0.001483,0.002302
0,-0.196082,0.124264,-0.13697,-0.014727,-0.178984,0.032763,0.003269,0.002169
0,0.037169,-0.14047,0.257251,-0.237313,0.232664,-0.235606,0.000649,0.002452
0,-0.17906,0.01067,-0.19238,0.164506,-0.224603,0.180612,0.003125,0.000186
0,-0.10758,-0.071048,0.07961,-0.111069,0.085685,-0.105719,0.001878,0.00124
0,-0.04358,-0.161529,0.079103,-0.096227,0.046168,-0.086885,0.000761,0.002819
0,-0.330522,-0.018637,-0.257341,0.158604,-0.239562,0.15201,0.000922,0.000325
0,-0.065325,0.056562,0.272273,0.055148,0.294915,0.056644,0.00114,0.000987
0,-0.104414,0.007766,-0.0302,-0.057572,-0.011644,-0.059325,0.001822,0.000136
0,-0.274258,-0.155439,-0.197016,-0.148556,-0.241058,-0.11691,0.001904,0.002713
0,-0.194378,0.059715,0.076829,0.233165,0.034717,0.273395,0.003298,0.001042
0,-0.190284,0.020727,-0.013605,-0.021666,-0.040497,-0.04607,0.003321,0.000362
0,-0.082318,-0.111203,0.125019,-0.143069,0.17262,-0.165997,0.001437,0.001941
0,-0.364637,-0.095832,-0.297741,0.035818,-0.290753,0.018238,0.000327,0.001673
0,-0.142493,0.069697,0.212208,0.184872,0.201373,0.188683,0.002487,0.001216
0,-0.322829,-0.010449,-0.200387,-0.063958,-0.168545,-0.018333,0.001056,0.000182
0,-0.127101,-0.034011,0.17281,-0.050386,0.174846,-0.010768,0.002218,0.000594
0,-0.368656,0.085802,-0.271131,0.128643,-0.286249,0.162466,0.000257,0.001498
0,-0.335509,0.059637,0.02198,-0.025215,0.016674,-0.001436,0.000835,0.001041
0,-0.440949,0.004217,-0.086224,-0.030703,-0.132691,-0.038247,0.001005,7.4e-05
0,-0.199155,-0.162458,0.224316,-0.151732,0.193134,-0.164839,0.003215,0.002835
0,-0.407456,0.017302,-0.194173,0.160472,-0.200781,0.148273,0.000421,0.000302
0,-0.128701,-0.072293,0.260538,-0.060195,0.301808,-0.051218,0.002246,0.001262
0,-0.415679,-0.101101,-0.28886,-0.006464,-0.33131,-0.042659,0.000564,0.001765
0,-0.093109,-0.043653,0.307175,0.063861,0.306276,0.099852,0.001625,0.000762
0,-0.397239,-0.01294,-0.284679,0.024095,-0.271106,0.016699,0.000242,0.000226
0,-0.281131,-0.21079,0.087946,-0.223324,0.084645,-0.252036,0.001784,0.003012
0,-0.307932,0.022792,-0.015336,0.212087,0.007806,0.189697,0.001316,0.000398
0,-0.238516,-0.156129,0.066139,-0.187516,0.044428,-0.168408,0.002528,0.002725
0,-0.319263,-0.063715,-0.096754,0.107013,-0.072306,0.138234,0.001119,0.001112
0,-0.161349,-0.146977,0.136757,-0.080049,0.182246,-0.122944,0.002816,0.002565
0,-0.292416,-0.005381,-0.112235,0.163492,-0.096595,0.171559,0.001587,9.4e-05
0,-0.281442,-0.138091,0.037205,-0.159639,-0.00654,-0.179437,0.001779,0.00241
0,-0.217056,-0.08824,0.036655,0.064611,0.053766,0.01984,0.002902,0.00154
0,-0.284208,-0.093323,-0.073237,0.008055,-0.038577,-0.03516,0.00173,0.001629
0,-0.410435,-0.089762,-0.154364,-0.001725,-0.181859,0.022017,0.000473,0.001567
0,-0.227096,-0.07096,0.186791,0.006166,0.1917,0.02689,0.002727,0.001238
0,-0.388712,-0.134065,-0.183899,-0.043492,-0.168271,-0.002358,9.3e-05,0.00234
0,-0.199649,-0.054404,0.182639,0.098011,0.174959,0.089376,0.003206,0.00095
0,-0.038668,-0.124706,0.167087,-0.09496,0.210386,-0.105909,0.000675,0.002177
0,-0.216978,-0.163331,-0.158243,-0.049209,-0.15628,-0.015719,0.002904,0.002851
0,-0.290773,0.031611,-0.074435,0.174581,-0.050166,0.132282,0.001616,0.000552
0,-0.046312,0.118899,0.25228,0.090578,0.236884,0.135017,0.000808,0.002075
0,-0.102829,0.022711,-0.037346,-0.070725,-0.074485,-0.044609,0.001795,0.000396
0,-0.102282,-0.063748,0.002193,-0.085794,0.000413,-0.074682,0.001785,0.001113
0,1.29394,1.047062,1.40724,1.12906,1.409821,1.13449,0.002511,0.001798
0,6.604435,2.258373,5.315322,1.203738,5.34496,1.187339,0.001525,0.000729
0,7.033758,2.168796,0.406407,-0.107112,0.442715,-0.066962,0.002328,0.002292
0,6.265091,1.914606,-0.758294,-0.235564,-0.805224,-0.259278,0.002293,3.8e-05
0,6.203125,1.456653,-0.070564,-0.446479,-0.063555,-0.435306,0.001212,0.00134
0,4.811542,0.928094,-1.394076,-0.503517,-1.369818,-0.512625,0.003003,0.002817
0,3.543368,0.553375,-1.245106,-0.372441,-1.209313,-0.325336,0.001626,0.002967
0,2.799567,0.504839,-0.751186,-0.060254,-0.712743,-0.081556,0.002026,0.00212
0,1.950783,0.50897,-0.819509,0.000872,-0.865349,0.033189,0.000594,0.002192
0,1.54062,0.234777,-0.384859,-0.256921,-0.379182,-0.306889,0.000126,0.002593
0,0.8782,0.278286,-0.659696,0.035093,-0.684554,0.038044,0.001946,0.001834
0,0.581234,0.078929,-0.292221,-0.196355,-0.282859,-0.219793,0.003237,0.001378
0,0.586019,-0.118771,0.032803,-0.226365,-0.012906,-0.24312,0.003154,0.002073
0,0.660532,0.046377,0.074926,0.149843,0.087436,0.115043,0.001853,0.000809
0,0.441121,-0.023882,-0.193672,-0.050005,-0.234429,-0.016875,0.001008,0.000417
0,0.538933,0.077885,0.073568,0.119458,0.072919,0.115914,0.002715,0.001359
0,0.343843,0.078677,-0.210762,0.013686,-0.225515,-0.016709,0.00069,0.001373
0,0.538467,0.004103,0.211676,-0.052675,0.183735,-0.004911,0.002707,7.2e-05
0,0.315472,0.103525,-0.239952,0.084381,-0.275437,0.082602,0.001185,0.001807
0,0.287868,-0.01648,-0.048339,-0.145966,-0.054622,-0.157631,0.001667,0.000288
0,0.402471,-0.032301,0.143087,0.004846,0.182846,-0.01494,0.000334,0.000564
0,0.249567,0.043095,-0.159579,0.086894,-0.172367,0.0768,0.002335,0.000752
0,0.294239,-0.038444,0.025212,-0.109635,0.06119,-0.15436,0.001555,0.000671
0,0.379351,0.042252,0.100605,0.104013,0.125961,0.106499,7e-05,0.000737
0,0.386137,-0.072006,0.035718,-0.085957,-0.012212,-0.078358,4.9e-05,0.001257
0,0.355449,0.123757,-0.047363,0.203973,-0.054521,0.205601,0.000487,0.00216
0,0.318369,-0.058537,-0.03062,-0.159971,-0.039828,-0.122195,0.001134,0.001022
0,0.127008,-0.158167,-0.181893,-0.085414,-0.185776,-0.038898,0.002217,0.002761
0,0.210699,-0.079331,0.105564,0.086959,0.152372,0.088226,0.003013,0.001385
0,0.160466,-0.044369,-0.062692,0.014691,-0.039356,-0.01318,0.002801,0.000774
0,0.098774,0.127466,-0.071729,0.181554,-0.062626,0.133555,0.001724,0.002225
0,0.243361,-0.134867,0.144006,-0.278657,0.192028,-0.299495,0.002443,0.002354
0,0.033769,0.021037,-0.200634,0.143893,-0.173605,0.154649,0.000589,0.000367
0,0.121915,-0.032564,0.090155,-0.053369,0.056794,-0.042085,0.002128,0.000568
0,0.023737,-0.024023,-0.11034,0.024546,-0.094474,-0.002153,0.000414,0.000419
0,-0.016333,-0.070251,-0.046574,-0.036215,-0.038849,0.003528,0.000285,0.001226
0,-0.088809,-0.131842,-0.102203,-0.049357,-0.107167,-0.085945,0.00155,0.002301
0,-0.02857,0.11601,0.044527,0.22006,0.004459,0.212469,0.000499,0.002025
0,-0.01346,-0.067382,0.033365,-0.158555,0.013755,-0.176544,0.000235,0.001176
0,0.121045,-0.197536,0.131382,-0.145163,0.089492,-0.180902,0.002113,0.003243
0,-0.116,-0.198341,-0.220818,0.012202,-0.254274,0.055462,0.002025,0.003229
0,-0.080549,-0.132994,0.041118,0.061203,0.032634,0.034663,0.001406,0.002321
0,-0.056948,-0.080491,0.013141,0.046142,0.027385,0.048224,0.000994,0.001405
0,-0.019906,-0.155063,0.0429,-0.085264,0.041707,-0.048894,0.000347,0.002706
0,-0.178281,0.089557,-0.170206,0.261746,-0.208835,0.216574,0.003112,0.001563
0,-0.107974,0.054392,0.054256,-0.031567,0.10026,0.004728,0.001885,0.000949
0,0.008037,-0.092909,0.127264,-0.139732,0.160586,-0.107126,0.00014,0.001622
0,-0.093287,-0.057848,-0.124033,0.062163,-0.152741,0.063611,0.001628,0.00101
0,-0.20935,0.068876,-0.089142,0.108793,-0.064002,0.12531,0.003037,0.001202
0,-0.149326,-0.130362,0.068692,-0.169823,0.035696,-0.17447,0.002606,0.002275
0,0.100881,0.076541,0.227795,0.182071,0.226586,0.216255,0.001761,0.001336
0,-0.045412,-0.087625,-0.130402,-0.147876,-0.128857,-0.152126,0.000793,0.001529
0,0.068667,-0.106634,0.116257,-0.006502,0.119781,-0.030068,0.001198,0.001861
0,0.109972,-0.022329,0.069317,0.064997,0.109559,0.114974,0.001919,0.00039
0,0.172988,-0.061605,0.072295,-0.037527,0.080106,-0.028181,0.003019,0.001075
0,0.015948,0.207228,-0.158644,0.277667,-0.13939,0.306769,0.000278,0.003074
0,-0.04849,0.060742,-0.061677,-0.138511,-0.020259,-0.129954,0.000846,0.00106
0,0.046392,0.177763,0.067851,0.126663,0.028267,0.176538,0.00081,0.003103
0,0.009746,0.020026,-0.020388,-0.144948,0.026419,-0.145434,0.00017,0.00035
0,0.143388,0.06998,0.139218,0.056553,0.14173,0.061316,0.002503,0.001221
0,-0.015941,0.060602,-0.18786,-0.016765,-0.187561,0.031123,0.000278,0.001058
0,0.13555,0.018763,0.162114,-0.013227,0.139508,0.035138,0.002366,0.000327
0,-0.014351,-0.085768,-0.176051,-0.084372,-0.135194,-0.036051,0.00025,0.001497
0,-0.054714,-0.008126,-0.063117,0.09267,-0.033612,0.067509,0.000955,0.000142
0,-0.075124,0.142012,-0.017887,0.155878,0.027871,0.137215,0.001311,0.002479
0,-0.116323,-0.006203,-0.036623,-0.166853,-0.070689,-0.170718,0.00203,0.000108
0,-0.064777,0.108137,0.055975,0.128382,0.074163,0.139885,0.001131,0.001887
0,0.148889,-0.040568,0.238419,-0.17778,0.285634,-0.196514,0.002599,0.000708
0,0.110936,0.191616,-0.064172,0.236979,-0.087102,0.227116,0.001936,0.003344
0,0.149128,0.08959,0.009349,-0.098677,0.008087,-0.077902,0.002603,0.001564
0,0.130978,0.135149,-0.033643,0.016691,-0.011294,-0.030211,0.002286,0.002359
0,0.0543,0.163462,-0.087643,0.017237,-0.129776,0.052249,0.000948,0.002853
0,0.191116,-0.005006,0.123217,-0.172846,0.084433,-0.190035,0.003336,8.7e-05
0,-0.068019,-0.017542,-0.256445,-0.019143,-0.220682,-0.016022,0.001187,0.000306
0,0.173438,-0.160479,0.247464,-0.16875,0.276751,-0.196766,0.003027,0.002801
0,0.014026,-0.065201,-0.154567,0.084274,-0.136757,0.101892,0.000245,0.001138
0,0.169565,0.06138,0.176874,0.113094,0.223805,0.127878,0.002959,0.001071
0,-0.000835,0.076766,-0.178734,-0.010897,-0.151713,0.034882,1.5e-05,0.00134
0,0.018115,-0.160807,0.043979,-0.239837,0.026198,-0.194459,0.000316,0.002807
0,0.164686,-0.157363,0.119045,0.019836,0.071913,0.028751,0.002874,0.002746
0,0.182012,0.014384,0.003991,0.175938,-0.019651,0.202244,0.003177,0.000251
0,0.095169,0.065405,-0.06763,0.055667,-0.049571,0.095907,0.001661,0.001142
0,0.01839,0.120205,-0.057784,0.061172,-0.042536,0.091957,0.000321,0.002098
0,-0.035093,-0.041428,-0.069905,-0.188206,-0.050992,-0.209117,0.000612,0.000723
0,0.155647,0.063475,0.203944,0.116932,0.22854,0.084825,0.002717,0.001108
0,0.021976,0.110402,-0.129182,0.041921,-0.129245,0.0838,0.000384,0.001927
0,0.051709,0.073027,0.036831,-0.060091,0.054197,-0.072143,0.000903,0.001275
0,0.124215,0.005195,0.065053,-0.07851,0.034144,-0.122876,0.002168,9.1e-05
0,-0.014158,0.059691,-0.124649,0.027768,-0.083829,0.012316,0.000247,0.001042
0,0.250064,-0.021563,0.292167,-0.082222,0.337098,-0.122789,0.002326,0.000376
0,0.112244,-0.042359,-0.137673,-0.044166,-0.107299,-0.001813,0.001959,0.000739
0,0.104192,-0.048845,-0.000733,-0.004568,-0.043143,0.020486,0.001818,0.000853
0,0.228716,0.142099,0.145083,0.211502,0.130223,0.215098,0.002699,0.00248
0,0.014749,0.064653,-0.209485,-0.048035,-0.17877,-0.035111,0.000257,0.001128
0,0.110989,-0.064515,0.122858,-0.140798,0.113862,-0.188489,0.001937,0.001126
0,-0.04246,-0.059288,-0.130777,-0.000622,-0.133663,0.042104,0.000741,0.001035
0,0.045773,0.08028,0.071706,0.114533,0.045611,0.086837,0.000799,0.001401
0,0.06217,0.119225,0.016683,0.038593,0.057931,0.051736,0.001085,0.002081
0,-0.083814,0.012907,-0.139822,-0.135063,-0.135233,-0.139116,0.001463,0.000225
0,0.136345,-0.023515,0.236835,-0.065128,0.280647,-0.080193,0.00238,0.00041
0,-0.024861,0.019761,-0.139232,0.0553,-0.175571,0.02824,0.000434,0.000345
0,0.01698,0.065166,0.036204,0.015868,0.0229,-0.01927,0.000296,0.001137
0,0.228558,-0.086539,0.190811,-0.161912,0.146628,-0.185241,0.002702,0.00151
0,0.007571,0.132168,-0.218859,0.201783,-0.239946,0.156328,0.000132,0.002307
0,0.025634,0.131649,0.018261,-0.0189,0.025721,0.004983,0.000447,0.002298
0,0.010427,0.137926,-0.039693,-0.003526,-0.082563,0.02022,0.000182,0.002407
0,-0.024324,-0.079225,-0.054377,-0.228403,-0.051845,-0.212418,0.000425,0.001383
0,0.235767,0.040437,0.278483,0.097066,0.294041,0.139001,0.002576,0.000706
0,0.181147,0.042126,-0.044076,-0.011708,0.000871,0.011563,0.003162,0.000735
0,0.235637,0.047123,0.06382,-0.00924,0.090344,-0.027571,0.002578,0.000822
0,0.110812,-0.024751,-0.110121,-0.093065,-0.10624,-0.100312,0.001934,0.000432
0,0.041796,-0.148526,-0.060466,-0.14075,-0.016181,-0.115082,0.000729,0.002592
0,0.072961,-0.136755,0.022004,-0.013143,0.061949,-0.047575,0.001273,0.002387
0,-0.055575,0.05925,-0.104178,0.167698,-0.127921,0.208262,0.00097,0.001034
0,-0.013123,0.056533,0.028355,0.00262,0.042504,-0.017781,0.000229,0.000987
0,-0.092361,0.045773,-0.078225,-0.031847,-0.090503,-0.018472,0.001612,0.000799
0,-0.026323,-0.153347,0.049327,-0.205174,0.041345,-0.16278,0.000459,0.002676
0,0.12362,-0.148414,0.140696,0.010851,0.162376,0.024253,0.002158,0.00259
0,0.163615,0.067887,0.068228,0.242259,0.054395,0.245476,0.002856,0.001185
0,0.007383,0.05222,-0.142261,-0.013207,-0.132711,0.007589,0.000129,0.000911
0,0.009292,0.082556,-0.011069,0.024303,0.008169,0.056368,0.000162,0.001441
0,0.172439,0.024463,0.158814,-0.045143,0.189412,-0.024695,0.00301,0.000427
0,0.004519,0.016496,-0.187598,-0.036947,-0.173515,-0.052547,7.9e-05,0.000288
0,-0.095612,-0.09195,-0.093553,-0.10553,-0.129992,-0.130158,0.001669,0.001605
0,-0.006762,0.104882,0.103188,0.218227,0.091454,0.217788,0.000118,0.001831
0,0.066446,0.037461,0.088067,-0.092451,0.058717,-0.096759,0.00116,0.000654
0,-0.158037,-0.034952,-0.25162,-0.061289,-0.219227,-0.041339,0.002758,0.00061
0,-0.058704,-0.031768,0.125685,-0.011004,0.132312,0.009609,0.001025,0.000554
0,-0.024202,-0.045101,0.038984,-0.039829,0.039852,-0.03542,0.000422,0.000787
0,-0.22883,0.150499,-0.176158,0.181762,-0.162216,0.200129,0.002697,0.002627
0,-0.11174,-0.070823,0.100468,-0.207407,0.14091,-0.198809,0.00195,0.001236
0,-0.063306,0.045506,0.067578,0.097788,0.108193,0.052858,0.001105,0.000794
0,-0.008751,0.152374,0.035783,0.085126,0.067991,0.065271,0.000153,0.002659
0,-0.036237,0.032227,-0.034967,-0.14007,-0.078976,-0.169074,0.000632,0.000562
0,-0.087084,0.167891,-0.021603,0.115107,0.024649,0.146926,0.00152,0.00293
0,-0.167905,0.018332,-0.067991,-0.12098,-0.07804,-0.108859,0.00293,0.00032
0,-0.211115,-0.041137,-0.040739,-0.063463,-0.022914,-0.059189,0.003006,0.000718
0,-0.128888,-0.070817,0.063882,-0.004755,0.1119,0.041873,0.00225,0.001236
0,-0.255331,-0.038626,-0.111008,0.041952,-0.06384,0.040257,0.002234,0.000674
0,-0.233788,0.091096,0.017621,0.1424,-0.000329,0.186248,0.00261,0.00159
0,-0.039367,-0.033201,0.183108,-0.103268,0.140659,-0.093621,0.000687,0.000579
0,-0.025865,0.098124,-0.006759,0.111535,-0.001738,0.10063,0.000451,0.001713
0,-0.135638,0.198099,-0.135662,0.122339,-0.100613,0.105831,0.002367,0.003233
0,0.025368,0.13194,0.162833,-0.085303,0.179548,-0.08044,0.000443,0.002303
0,-0.19038,0.206176,-0.203502,0.103918,-0.216147,0.063902,0.003323,0.003092
0,-0.048654,0.019857,0.123486,-0.156862,0.126473,-0.195118,0.000849,0.000347
0,-0.145262,-0.013896,-0.074891,-0.02136,-0.049624,-0.010937,0.002535,0.000243
0,-0.114445,0.145712,0.019196,0.141558,0.004064,0.140703,0.001997,0.002543
0,-0.047492,0.219063,0.052641,0.079957,0.027064,0.100678,0.000829,0.002867
0,-0.124279,0.2079,-0.068329,-0.0039,-0.095529,0.00127,0.002169,0.003062
0,-0.055181,-0.088605,0.097556,-0.291973,0.054667,-0.307594,0.000963,0.001546
0,-0.173324,0.116703,-0.147728,0.180925,-0.193919,0.145323,0.003025,0.002037
0,-0.182252,0.194024,0.003065,0.063369,0.049793,0.0764,0.003181,0.003304
0,-0.219278,-0.085849,-0.057216,-0.256241,-0.037613,-0.253012,0.002864,0.001498
0,-0.253194,0.08587,-0.05711,0.184694,-0.069412,0.231424,0.002272,0.001499
0,-0.008608,-0.105366,0.232384,-0.164537,0.258323,-0.192768,0.00015,0.001839
0,0.023749,0.101678,0.052575,0.210016,0.035006,0.21224,0.000415,0.001775
0,-0.120618,0.109015,-0.119769,0.029099,-0.075046,0.06935,0.002105,0.001903
0,-0.019963,0.103979,0.075927,-0.017588,0.059723,-0.013144,0.000348,0.001815
0,0.042463,-0.021153,0.080006,-0.139733,0.079265,-0.135628,0.000741,0.000369
0,0.065254,0.04422,0.027779,0.03582,0.008949,0.004765,0.001139,0.000772
0,-0.036789,0.133532,-0.07558,0.079675,-0.046192,0.101113,0.000642,0.002331
0,0.050046,0.049832,0.079358,-0.113006,0.101538,-0.11759,0.000873,0.00087
0,-0.134914,0.187702,-0.19373,0.134719,-0.217798,0.129183,0.002355,0.003276
0,-0.112845,0.059929,0.001208,-0.122915,-0.020888,-0.144533,0.00197,0.001046
0,0.054921,0.12246,0.170363,0.071052,0.144503,0.021516,0.000959,0.002137
0,0.055343,0.017426,0.026357,-0.124549,0.036578,-0.129041,0.000966,0.000304
0,-0.128209,-0.075651,-0.212107,-0.081504,-0.244504,-0.125656,0.002238,0.00132
0,-0.233517,-0.024776,-0.078525,0.051628,-0.1047,0.045073,0.002615,0.000432
0,-0.169706,-0.096583,0.080508,-0.045993,0.106936,-0.039148,0.002962,0.001686
0,-0.194529,0.048998,-0.013924,0.170264,-0.063411,0.195657,0.003296,0.000855
0,-0.010176,0.11838,0.190184,0.049316,0.212575,0.066413,0.000178,0.002066
0,-0.104874,0.092281,-0.066862,-0.027559,-0.099469,0.014118,0.00183,0.001611
0,-0.173258,-0.13323,-0.084296,-0.2152,-0.117224,-0.254523,0.003024,0.002325
0,-0.069394,-0.084566,0.085665,0.060984,0.07067,0.077802,0.001211,0.001476
0,-0.227297,0.079818,-0.138828,0.1828,-0.117276,0.19248,0.002724,0.001393
0,-0.049272,0.09592,0.196232,-0.007685,0.149164,-0.038315,0.00086,0.001674
0,-0.030648,0.079096,0.031638,-0.045988,0.002061,-0.062382,0.000535,0.00138
0,-0.07303,-0.055051,-0.058789,-0.127814,-0.048732,-0.104134,0.001275,0.000961
0,0.052441,0.178534,0.103893,0.212714,0.097988,0.249212,0.000915,0.003116
0,-0.149033,-0.054118,-0.172815,-0.220397,-0.155502,-0.207801,0.002601,0.000945
0,-0.013006,0.005605,0.161823,0.071647,0.144289,0.065319,0.000227,9.8e-05
0,0.031629,-0.051321,0.018045,-0.033588,-0.014483,-0.031353,0.000552,0.000896
0,-0.166424,0.04913,-0.227625,0.128502,-0.198483,0.093149,0.002905,0.000857
0,0.080077,0.00369,0.268257,-0.051975,0.28344,-0.031542,0.001398,6.4e-05
0,0.024579,0.000313,-0.078886,0.02504,-0.12025,0.031906,0.000429,5e-06
0,-0.098726,-0.049358,-0.137419,-0.04005,-0.100398,-0.045463,0.001723,0.000861
0,0.033219,-0.070416,0.144163,0.005106,0.101426,-0.01049,0.00058,0.001229
0,-0.197561,-0.059678,-0.24094,0.003736,-0.276196,-0.024856,0.003243,0.001042
0,-0.140766,-0.110911,0.067513,-0.058344,0.021439,-0.107236,0.002457,0.001936
0,0.077717,-0.107766,0.200013,-0.0092,0.204971,-0.022225,0.001356,0.001881
0,-0.148158,-0.044707,-0.199276,0.068488,-0.175659,0.110271,0.002586,0.00078
0,-0.184386,0.030559,-0.063505,0.094723,-0.04122,0.141135,0.003218,0.000533
0,-0.000762,-0.106211,0.192843,-0.122349,0.14486,-0.080844,1.3e-05,0.001854
0,0.006037,0.006702,0.025016,0.13513,0.031529,0.121298,0.000105,0.000117
0,-0.205591,0.142499,-0.218781,0.152093,-0.216133,0.118659,0.003103,0.002487
0,-0.076769,-0.088988,0.137652,-0.249712,0.135802,-0.216366,0.00134,0.001553
0,-0.19611,0.162991,-0.100248,0.231315,-0.093749,0.254039,0.003268,0.002845
0,-0.065131,-0.134807,0.106226,-0.315903,0.09198,-0.294715,0.001137,0.002353
0,-0.053575,0.077295,0.036703,0.215174,0.085155,0.190666,0.000935,0.001349
0,0.001062,-0.006189,0.060775,-0.058552,0.026918,-0.082838,1.9e-05,0.000108
0,-0.117262,-0.097848,-0.146202,-0.064015,-0.097531,-0.046939,0.002047,0.001708
0,0.075466,-0.009183,0.202767,0.067762,0.223184,0.019012,0.001317,0.00016
0,-0.074242,-0.000458,-0.166543,0.021869,-0.211609,0.065611,0.001296,8e-06
0,-0.194704,-0.100854,-0.131722,-0.120172,-0.11472,-0.086781,0.003293,0.00176
0,0.062322,0.118385,0.228938,0.24832,0.205325,0.292421,0.001088,0.002066
0,0.067382,0.134925,0.019961,0.022256,-0.019937,0.040123,0.001176,0.002355
0,-0.164085,0.01849,-0.250437,-0.127804,-0.23644,-0.100247,0.002864,0.000323
0,0.065811,-0.085016,0.249955,-0.090923,0.210358,-0.064317,0.001149,0.001484
0,-2.836601,0.38496,-2.887992,0.488978,-2.853427,0.48393,0.002672,2.8e-05
0,-4.879029,0.328073,-2.018917,-0.027316,-2.062644,-0.074552,0.001826,0.000965
0,-4.916421,0.54256,-0.02827,0.239811,0.009014,0.220267,0.001173,0.002779
0,-5.426429,0.61172,-0.507109,0.088364,-0.496387,0.137341,0.001038,0.002705
0,-4.695099,0.622123,0.702278,-0.018216,0.726686,0.004039,0.001655,0.002524
0,-4.05055,0.480729,0.672677,-0.128825,0.624911,-0.155045,0.002904,0.001699
0,-2.544769,0.140427,1.512936,-0.353505,1.472942,-0.358678,0.002421,0.002451
0,-2.083468,0.134559,0.473784,-0.021917,0.461859,-0.041216,0.002909,0.002348
0,-1.099179,0.302956,0.976038,0.17185,0.976451,0.179271,0.000888,0.001403
0,-0.722812,0.044609,0.365915,-0.22882,0.335845,-0.261329,0.000766,0.000779
0,-0.262554,0.043229,0.456777,-0.002686,0.460297,0.009997,0.002108,0.000754
0,-0.199087,0.200592,0.066878,0.1498,0.115518,0.18249,0.003216,0.00319
0,0.214769,0.180144,0.411659,-0.027722,0.391697,-0.012065,0.002942,0.003144
0,0.082768,-0.108915,-0.132196,-0.289467,-0.163385,-0.304514,0.001445,0.001901
0,0.227929,-0.127821,0.152387,-0.040978,0.185476,-0.064331,0.002713,0.002231
0,0.317204,-0.038882,0.094623,0.067899,0.069953,0.080943,0.001155,0.000679
0,0.127695,-0.163167,-0.195314,-0.107475,-0.149069,-0.094904,0.002229,0.002848
0,0.258297,0.002092,0.159496,0.176496,0.163117,0.139107,0.002183,3.7e-05
0,0.151459,-0.126376,-0.09983,-0.124202,-0.085031,-0.136897,0.002643,0.002206
0,0.201149,0.029726,0.036544,0.150031,0.00398,0.189423,0.00318,0.000519
0,0.233038,-0.117632,0.057343,-0.13624,0.070044,-0.169429,0.002624,0.002053
0,-0.031066,0.082903,-0.272036,0.179015,-0.289567,0.185474,0.000542,0.001447
0,-0.09816,-0.061918,-0.078036,-0.160677,-0.031535,-0.139645,0.001713,0.001081
0,0.006439,-0.091343,0.097719,-0.000909,0.124253,-0.000505,0.000112,0.001594
0,0.070393,0.078565,0.084202,0.159712,0.121176,0.119194,0.001229,0.001371
0,-0.069799,0.047656,-0.123563,-0.059677,-0.075586,-0.012312,0.001218,0.000832
0,-0.184246,0.060427,-0.095203,0.02003,-0.143755,0.045785,0.003216,0.001055
0,-0.118391,-0.134293,0.078016,-0.18998,0.103206,-0.147932,0.002066,0.002344
0,-0.103852,-0.025312,-0.00182,0.117555,-0.021166,0.135031,0.001813,0.000442
0,-0.097654,-0.002987,0.021452,0.014223,-0.003774,0.033138,0.001704,5.2e-05
0,-0.10173,0.096023,-0.016046,0.104433,0.00828,0.10089,0.001776,0.001676
0,0.002843,0.014254,0.096872,-0.069262,0.060458,-0.077874,5e-05,0.000249
0,0.0315,-0.034829,0.01379,-0.049222,0.038341,-0.015425,0.00055,0.000608
0,0.111022,-0.036311,0.065176,-0.006021,0.063329,0.020932,0.001938,0.000634
0,-0.10975,0.015741,-0.219777,0.051025,-0.206772,0.084093,0.001915,0.000275
0,-0.162624,0.129841,-0.051653,0.14186,-0.097493,0.189789,0.002838,0.002266
0,0.04288,-0.152735,0.188104,-0.266713,0.210379,-0.268926,0.000748,0.002666
0,-0.139338,0.13464,-0.173725,0.307883,-0.166199,0.292659,0.002432,0.00235
0,-0.088292,0.086571,0.037582,-0.062118,0.080992,-0.017185,0.001541,0.001511
0,0.013211,-0.068354,0.126056,-0.174205,0.122331,-0.140064,0.000231,0.001193
0,-0.034499,-0.121456,-0.074209,-0.034287,-0.031933,-0.007858,0.000602,0.00212
0,0.009275,-0.113974,0.040629,-0.016853,0.084606,0.002045,0.000162,0.001989
0,0.049161,-0.002719,0.014209,0.119257,0.050724,0.1682,0.000858,4.7e-05
0,0.172763,-0.026029,0.118886,-0.043618,0.08916,-0.059738,0.003015,0.000454
0,0.075304,0.058083,-0.115627,0.054122,-0.163545,0.027635,0.001314,0.001014
0,-0.124627,0.034626,-0.195929,-0.011679,-0.150004,-0.054405,0.002175,0.000604
0,-0.03114,0.006968,0.080156,-0.019557,0.078624,0.002556,0.000543,0.000122
0,0.047466,0.128685,0.095059,0.132435,0.110712,0.117748,0.000828,0.002246
0,-0.094933,0.098186,-0.171603,-0.011711,-0.215111,-0.020405,0.001657,0.001714
0,-0.175421,0.083187,-0.096932,0.003612,-0.118782,0.013826,0.003062,0.001452
0,-0.117992,-0.055109,0.079514,-0.125389,0.077362,-0.129069,0.002059,0.000962
0,-0.229887,0.032503,-0.102119,0.086409,-0.079725,0.083813,0.002679,0.000567
0,0.098139,-0.114682,0.356247,-0.120654,0.356743,-0.165895,0.001713,0.002002
0,-0.029616,-0.091066,-0.127003,0.049547,-0.084415,0.010594,0.000517,0.001589
0,0.103062,0.049807,0.120588,0.132452,0.143326,0.10824,0.001799,0.000869
0,0.103984,0.161661,0.020348,0.098217,0.041212,0.098334,0.001815,0.002822
0,-0.063574,0.047427,-0.16241,-0.11369,-0.165679,-0.151941,0.00111,0.000828
0,0.036278,-0.105232,0.097586,-0.170831,0.127143,-0.140125,0.000633,0.001837
0,-0.148995,0.092596,-0.181358,0.17181,-0.135418,0.209515,0.0026,0.001616
0,-0.15456,-0.003824,-0.029956,-0.111295,-0.03363,-0.099565,0.002698,6.7e-05
0,-0.00757,0.186054,0.157733,0.212727,0.11088,0.250517,0.000132,0.003247
0,-3.463278,1.409624,-3.443431,1.247082,-3.40455,1.269126,0.000228,0.002161
0,-3.80324,1.448518,-0.318549,0.010326,-0.291392,-0.011706,0.000529,0.001482
0,-4.088245,1.648857,-0.26809,0.226434,-0.251915,0.195511,0.002246,0.002015
0,-4.264233,1.44057,-0.156685,-0.197799,-0.107105,-0.243189,0.000826,0.001621
0,-3.768145,1.053427,0.524264,-0.388224,0.533146,-0.438219,0.001142,0.001687
0,-3.00435,0.691154,0.778052,-0.355772,0.775538,-0.340991,0.001091,0.001319
0,-2.471664,0.627657,0.558871,-0.043096,0.585063,-0.030223,0.002994,0.002427
0,-1.686174,0.31607,0.802262,-0.338858,0.788847,-0.341299,0.002666,0.001174
0,-1.023922,0.29492,0.650472,-0.025918,0.690722,0.023438,0.002202,0.001543
0,-0.551612,0.177112,0.472886,-0.10261,0.473201,-0.102912,0.002937,0.003091
0,-0.293995,0.146386,0.242728,-0.01368,0.286977,0.003203,0.00156,0.002555
0,0.071062,0.063443,0.340865,-0.058793,0.291659,-0.020249,0.00124,0.001107
0,0.257225,0.106301,0.206706,0.016955,0.188869,0.039669,0.002201,0.001855
0,0.458441,0.045936,0.222407,-0.090206,0.254056,-0.112222,0.00131,0.000802
0,0.272465,0.023273,-0.204617,0.000959,-0.204688,-0.048825,0.001935,0.000406
0,0.131607,-0.004125,-0.152697,-0.009603,-0.159295,-0.041786,0.002297,7.2e-05
0,0.073582,0.031947,-0.081413,0.044804,-0.036681,0.016566,0.001284,0.000558
0,0.210987,-0.086176,0.145193,-0.133065,0.14251,-0.153241,0.003008,0.001504
0,0.012112,-0.084694,-0.194839,-0.02144,-0.146552,0.004777,0.000211,0.001478
0,0.041191,0.04,0.042596,0.134785,0.010067,0.089482,0.000719,0.000698
0,0.085344,0.003194,0.020034,-0.014735,0.041244,-0.042697,0.00149,5.6e-05
0,0.148503,-0.097733,0.049588,-0.082053,0.03567,-0.120735,0.002592,0.001706
0,-0.074498,-0.171884,-0.193057,-0.091583,-0.214808,-0.110157,0.0013,0.003
0,0.110509,-0.22094,0.204136,-0.033841,0.246392,-0.008258,0.001929,0.002835
0,-0.006398,-0.177177,-0.110732,0.056729,-0.146118,0.051369,0.000112,0.003092
0,-0.079582,-0.187955,-0.093655,-0.033444,-0.081884,-0.009078,0.001389,0.00328
0,0.083199,-0.195692,0.157044,0.01864,0.107697,0.048809,0.001452,0.003275
0,0.067223,-0.033457,0.010439,0.161161,-0.016021,0.181697,0.001173,0.000584
0,0.149018,0.009325,0.10956,0.017142,0.121594,0.000558,0.002601,0.000163
0,0.151652,-0.100289,0.022637,-0.086336,0.014211,-0.073928,0.002647,0.00175
0,-0.0424,-0.007202,-0.207787,0.080907,-0.17771,0.075945,0.00074,0.000126
0,-0.120682,-0.183325,-0.063496,-0.196868,-0.109596,-0.24414,0.002106,0.0032
0,-0.066489,0.020662,0.067837,0.206879,0.079557,0.182339,0.00116,0.000361
0,-0.000459,0.080951,0.067491,0.086408,0.100603,0.048783,8e-06,0.001413
0,0.093806,-0.001285,0.079127,-0.077444,0.040481,-0.088568,0.001637,2.2e-05
0,-0.056448,-0.076194,-0.150965,-0.084878,-0.108846,-0.133432,0.000985,0.00133
0,-0.036763,-0.105861,0.00888,-0.00188,-0.015194,-0.025557,0.000642,0.001848
0,0.039782,-0.028848,0.060499,0.048875,0.011224,0.048579,0.000694,0.000503
0,-0.001665,-0.121659,-0.034002,-0.095114,-0.00619,-0.106039,2.9e-05,0.002123
0,-0.101307,-0.045516,-0.125484,0.051741,-0.098946,0.085647,0.001768,0.000794
0,-0.131236,-0.144749,-0.009692,-0.120106,0.028596,-0.141717,0.002291,0.002526
0,-0.052972,0.134791,0.071201,0.297075,0.100301,0.314323,0.000925,0.002353
0,-0.130524,0.070263,-0.061259,-0.081829,-0.028604,-0.070595,0.002278,0.001226
0,0.096676,-0.000529,0.222599,-0.052849,0.204211,-0.084705,0.001687,9e-06
0,-0.071894,0.08466,-0.183353,0.072012,-0.189475,0.053019,0.001255,0.001478
0,-0.112788,0.146847,-0.04541,0.085327,-0.072615,0.087835,0.001969,0.002563
0,-0.146669,0.063875,-0.037289,-0.099239,0.007008,-0.141567,0.00256,0.001115
0,0.063522,0.134256,0.236772,0.070156,0.278793,0.096666,0.001109,0.002343
0,-0.186159,-0.132257,-0.254513,-0.253812,-0.232496,-0.284499,0.003249,0.002308
0,-0.106965,-0.071724,0.1078,0.07301,0.155789,0.045201,0.001867,0.001252
0,-0.197565,-0.092874,-0.060899,-0.039834,-0.048738,-0.00012,0.003243,0.001621
0,0.03795,0.137757,0.260678,0.249139,0.220301,0.258464,0.000662,0.002404
0,-0.17323,-0.071769,-0.198538,-0.224284,-0.156714,-0.242165,0.003023,0.001253
0,-0.077367,-0.083935,0.122758,0.016355,0.094492,0.030385,0.00135,0.001465
0,-0.04431,0.165958,0.044764,0.241262,0.018527,0.27714,0.000773,0.002897
0,-0.083607,-0.096347,-0.044293,-0.242456,-0.01194,-0.278493,0.001459,0.001682
0,0.015825,0.142739,0.128873,0.232833,0.153008,0.187862,0.000276,0.002491
0,-0.000631,0.084982,-0.041022,-0.06293,-0.005454,-0.0375,1.1e-05,0.001483
0,-0.085904,0.147975,-0.096666,0.067307,-0.138325,0.028822,0.001499,0.002583
0,0.056352,-0.117512,0.120307,-0.243832,0.146827,-0.266845,0.000984,0.002051
0,-0.124298,0.08858,-0.20846,0.228303,-0.192677,0.198126,0.002169,0.001546
0,-0.128931,-0.012911,-0.020527,-0.106612,-0.010736,-0.096659,0.00225,0.000225
0,-0.104936,-0.120883,0.031028,-0.13649,0.056739,-0.091817,0.001831,0.00211
0,-0.11843,0.104404,-0.030426,0.24027,-0.023022,0.192419,0.002067,0.001822
0,0.050598,-0.019456,0.195,-0.118267,0.157345,-0.083512,0.000883,0.00034
0,0.012101,-0.106127,-0.045758,-0.084727,-0.090765,-0.077585,0.000211,0.001852
0,-0.036485,-0.056146,-0.065081,0.027736,-0.042946,0.031358,0.000637,0.00098
0,-0.066558,0.043301,-0.031701,0.078152,-0.020189,0.109613,0.001162,0.000756
0,-0.047028,0.03169,-0.001018,0.003884,-0.019362,-0.017631,0.000821,0.000553
0,0.122334,-0.065915,0.164938,-0.122146,0.161212,-0.164889,0.002135,0.00115
0,0.071451,-0.127785,-0.028854,-0.048425,-0.00943,-0.077174,0.001247,0.00223
0,0.196309,0.024964,0.146997,0.146223,0.135726,0.165164,0.003265,0.000436
0,0.004837,-0.036417,-0.181133,-0.071996,-0.150627,-0.052842,8.4e-05,0.000636
0,0.059116,0.058099,0.031859,0.118012,0.004811,0.100463,0.001032,0.001014
0,-0.040401,-0.113674,-0.107508,-0.17764,-0.076391,-0.154491,0.000705,0.001984
0,0.094645,0.10221,0.139383,0.214088,0.113419,0.244296,0.001652,0.001784
0,0.014617,0.136315,-0.098985,0.034469,-0.134655,0.009039,0.000255,0.002379
0,0.029396,-0.155497,0.008233,-0.274289,-0.014477,-0.238242,0.000513,0.002714
0,0.121088,0.054726,0.113163,0.187712,0.072261,0.165735,0.002113,0.000955
0,-0.106117,-0.140143,-0.24628,-0.210501,-0.255997,-0.164517,0.001852,0.002446
0,-0.097188,-0.082064,0.031328,0.051878,0.050598,0.066951,0.001696,0.001432
0,-0.138101,-0.155649,-0.069523,-0.074645,-0.088026,-0.081131,0.00241,0.002717
0,-0.087818,-0.112472,0.048928,0.028523,0.090362,0.008982,0.001533,0.001963
0,0.128084,0.127555,0.188274,0.264013,0.215239,0.281399,0.002235,0.002226
0,-0.062092,0.079107,-0.177011,-0.075562,-0.138099,-0.08904,0.001084,0.001381
0,0.148939,-0.050768,0.203485,-0.100736,0.237648,-0.082883,0.002599,0.000886
0,0.017428,-0.085641,-0.139128,-0.027593,-0.095923,-0.076878,0.000304,0.001495
0,-0.028793,0.08098,-0.057408,0.16287,-0.01338,0.198908,0.000503,0.001413
0,0.043333,0.113351,0.043487,0.029304,0.087853,0.000499,0.000756,0.001978
0,-0.139516,0.058395,-0.181326,-0.030955,-0.152706,-0.04191,0.002435,0.001019
0,0.103875,0.10295,0.266125,0.038689,0.305756,0.056702,0.001813,0.001797
0,0.04921,0.021515,-0.052752,-0.061024,-0.065333,-0.034396,0.000859,0.000376
0,-0.183825,-0.178216,-0.249512,-0.189251,-0.274212,-0.238993,0.003208,0.00311
0,-0.094601,0.024659,0.081535,0.180451,0.07265,0.136697,0.001651,0.00043
0,0.000407,0.099997,0.065069,0.063966,0.10919,0.103599,7e-06,0.001745
0,-0.093044,0.048986,-0.082983,-0.023243,-0.107462,0.015738,0.001624,0.000855
0,-0.12393,0.091324,-0.0046,0.049887,-0.017195,0.005844,0.002163,0.001594
0,0.133726,-0.112515,0.277507,-0.202259,0.314393,-0.174443,0.002334,0.001964
0,-0.131141,-0.077862,-0.281185,0.057706,-0.267179,0.041158,0.002289,0.001359
0,-0.092477,-0.115372,0.060075,-0.011624,0.094295,0.00089,0.001614,0.002014
0,-0.035516,-0.005038,0.045983,0.138016,0.040638,0.125275,0.00062,8.8e-05
0,0.072878,0.04701,0.126893,0.034533,0.175641,0.06272,0.001272,0.00082
0,-0.096424,-0.037874,-0.169692,-0.09586,-0.185669,-0.118588,0.001683,0.000661
0,0.048794,0.066648,0.123198,0.086084,0.158456,0.111318,0.000852,0.001163
0,-0.028769,-0.019942,-0.07747,-0.087587,-0.062481,-0.045021,0.000502,0.000348
0,-0.096117,-0.16371,-0.092677,-0.123687,-0.057238,-0.152695,0.001678,0.002857
0,0.085305,-0.179237,0.205874,-0.032164,0.215082,-0.004907,0.001489,0.003128
0,0.048768,-0.16839,-0.03756,0.009199,-0.062198,0.021137,0.000851,0.002939
0,-0.05192,0.101228,-0.093048,0.266289,-0.139781,0.263254,0.000906,0.001767
0,0.009204,-0.056387,0.069785,-0.166108,0.08066,-0.119897,0.000161,0.000984
0,-0.10943,0.083458,-0.108992,0.122936,-0.076555,0.11719,0.00191,0.001457
0,-0.081594,0.032646,0.043393,-0.038356,0.070324,-0.084161,0.001424,0.00057
0,-0.117606,0.009238,-0.051531,-0.001613,-0.020983,0.030132,0.002053,0.000161
0,0.060195,-0.064091,0.151056,-0.092982,0.15863,-0.116892,0.001051,0.001119
0,-0.134208,0.00298,-0.202266,0.050051,-0.162119,0.077889,0.002342,5.2e-05
0,-0.065888,0.147758,0.082836,0.145442,0.034581,0.17322,0.00115,0.002579
0,-0.093776,0.011199,-0.003939,-0.147272,0.00271,-0.116615,0.001637,0.000195
0,-0.071873,0.077691,0.027799,0.044654,-0.008359,0.063176,0.001254,0.001356
0,-0.057676,-0.072643,0.040376,-0.130231,0.06703,-0.134247,0.001007,0.001268
0,-0.20923,0.031287,-0.12211,0.11367,-0.147154,0.137237,0.003039,0.000546
0,-0.241552,0.001425,-0.033427,-0.038379,-0.068347,-0.025561,0.002475,2.5e-05
0,-0.133236,-0.178622,0.081327,-0.198608,0.124253,-0.232058,0.002325,0.003118
0,-0.042826,-0.186782,0.087606,-0.024364,0.129209,-0.020868,0.000747,0.00326
0,-0.038264,-0.067728,-0.000645,0.118785,0.01234,0.164418,0.000668,0.001182
0,-0.25478,0.088839,-0.217299,0.184296,-0.22919,0.198563,0.002244,0.001551
0,-0.251923,-0.112804,0.022448,-0.217288,0.03818,-0.182108,0.002294,0.001969
0,-0.20219,-0.106221,0.037636,0.032409,0.039146,2.1e-05,0.003162,0.001854
0,0.016841,-0.01012,0.205717,0.096293,0.239175,0.136844,0.000294,0.000177
0,-0.007409,-0.103952,-0.025591,-0.108628,0.006102,-0.118262,0.000129,0.001814
0,-0.145186,-0.10744,-0.163237,-0.010879,-0.122974,0.033517,0.002534,0.001875
0,0.080687,0.068016,0.246924,0.197883,0.284457,0.226867,0.001408,0.001187
0,0.074819,-0.17821,-0.008758,-0.237833,-0.058146,-0.261408,0.001306,0.00311
0,-0.179739,-0.045242,-0.252692,0.16233,-0.245652,0.20114,0.003137,0.00079
0,-0.112359,0.038021,0.085997,0.065254,0.036197,0.041768,0.001961,0.000664
0,-0.200902,-0.05054,-0.097156,-0.116442,-0.133687,-0.128325,0.003184,0.000882
0,-0.17259,-0.191853,0.045279,-0.140107,0.018547,-0.131632,0.003012,0.003342
0,-0.12394,-0.120375,0.044226,0.052208,-0.004008,0.041183,0.002163,0.002101
0,-0.220093,-0.058566,-0.07118,0.080776,-0.099422,0.077284,0.002849,0.001022
0,-0.12569,-0.169327,0.117076,-0.136638,0.068292,-0.109176,0.002194,0.002955
0,-0.235382,-0.084033,-0.130152,0.087236,-0.116061,0.114136,0.002583,0.001467
0,-0.29276,-0.1149,-0.058761,-0.035113,-0.079899,0.013338,0.001581,0.002005
0,-0.040504,0.090841,0.229787,0.195927,0.248156,0.234858,0.000707,0.001585
0,-0.219154,-0.028116,-0.153088,-0.108286,-0.158492,-0.153703,0.002866,0.000491
0,-0.080507,-0.005631,0.139171,0.035102,0.120867,0.016271,0.001405,9.8e-05
0,-0.084646,-0.008379,-0.012924,0.009435,0.00672,-0.040275,0.001477,0.000146
0,-0.172874,-0.138968,-0.076514,-0.12705,-0.113329,-0.082552,0.003017,0.002425
0,-0.215667,0.058988,-0.070634,0.216228,-0.103875,0.179294,0.002927,0.00103
0,-0.211456,-0.072605,0.03153,-0.159758,0.015933,-0.204454,0.003,0.001267
0,-0.124838,-0.117684,0.067138,-0.038508,0.098201,-0.066367,0.002179,0.002054
0,0.03055,-0.098387,0.153919,-0.000861,0.158778,0.049032,0.000533,0.001717
0,-0.269713,0.123244,-0.287759,0.210725,-0.24764,0.235343,0.001983,0.002151
0,-0.097672,-0.035831,0.172428,-0.164565,0.12611,-0.142293,0.001705,0.000625
0,-0.20168,-0.076697,-0.105096,-0.016955,-0.085,0.002738,0.003171,0.001339
0,-0.31751,0.014589,-0.144389,0.065297,-0.184844,0.017496,0.001149,0.000255
0,-0.133296,0.023421,0.196926,-0.018408,0.158902,-0.009013,0.002326,0.000409
0,-0.216935,-0.049283,-0.074332,-0.074368,-0.045106,-0.099459,0.002905,0.00086
0,-0.301628,0.113246,-0.094253,0.166084,-0.088217,0.132495,0.001426,0.001977
0,-0.174218,-0.018132,0.147551,-0.108476,0.120974,-0.144725,0.003041,0.000316
0,-0.248832,-0.152247,-0.057923,-0.129108,-0.020933,-0.138593,0.002348,0.002657
0,-0.26449,-0.142275,-0.031713,0.005241,-0.043314,-0.028809,0.002075,0.002483
0,-0.272471,-0.135408,-0.029825,-0.008824,-0.020737,0.014591,0.001935,0.002363
0,-0.295231,-0.063838,-0.044349,0.079534,-0.025118,0.074724,0.001538,0.001114
0,-0.081592,-0.137815,0.192589,-0.07923,0.185006,-0.091353,0.001424,0.002405
0,-0.056217,-0.041191,0.020436,0.067791,0.045411,0.086654,0.000981,0.000719
0,-0.128968,-0.057618,-0.082697,-0.044032,-0.044723,-0.012669,0.002251,0.001006
0,-0.204233,0.084194,-0.060916,0.147488,-0.01749,0.176623,0.003126,0.001469
0,-0.092897,-0.058091,0.091076,-0.170644,0.065241,-0.192758,0.001621,0.001014
0,-0.158258,0.066916,-0.042003,0.154765,-0.02045,0.105052,0.002762,0.001168
0,-0.276311,-0.016886,-0.111636,-0.090642,-0.099949,-0.053322,0.001868,0.000295
0,-0.18787,0.027715,0.081216,0.065804,0.127196,0.101646,0.003279,0.000484
0,-0.254538,0.116479,-0.053759,0.071358,-0.009439,0.045325,0.002248,0.002033
0,-0.166945,0.01801,0.113886,-0.114314,0.086976,-0.097202,0.002914,0.000314
0,-0.164105,-0.048888,0.001458,-0.051235,0.00771,-0.022211,0.002864,0.000853
0,-0.242231,0.100873,-0.05735,0.128492,-0.051063,0.149148,0.002463,0.001761
0,-0.268328,0.011866,-0.05097,-0.097164,-0.057884,-0.146604,0.002008,0.000207
0,-0.21361,0.068949,0.080736,0.066862,0.031061,0.080298,0.002963,0.001203
0,-0.257927,-0.023567,-0.021096,-0.122026,0.021752,-0.10732,0.002189,0.000411
0,-0.32883,0.120788,-0.047019,0.135295,-0.084792,0.165694,0.000952,0.002108
0,-0.183052,0.100146,0.122668,-0.036184,0.101866,0.00751,0.003195,0.001748
0,-0.066662,-0.145596,0.097055,-0.263975,0.090299,-0.257841,0.001163,0.002541
0,-0.283993,-0.140604,-0.205525,0.024063,-0.19418,0.04562,0.001734,0.002454
0,-0.097662,-0.126489,0.170382,-0.007239,0.151711,0.016853,0.001705,0.002208
0,-0.074716,-0.066749,0.031066,0.086455,0.075213,0.128838,0.001304,0.001165
0,-0.182953,0.098396,-0.108806,0.138856,-0.133445,0.130594,0.003193,0.001717
0,-0.082391,0.127743,0.109774,-0.000475,0.109757,-0.039842,0.001438,0.00223
0,-0.032995,-0.013184,0.060129,-0.125287,0.074136,-0.162752,0.000576,0.00023
0,-0.194303,0.144374,-0.141504,0.16815,-0.091953,0.172575,0.0033,0.00252
0,-0.165557,-0.05825,0.055663,-0.189286,0.05796,-0.169403,0.00289,0.001017
0,0.120441,0.013845,0.28109,0.044425,0.231641,-0.002835,0.002102,0.000242
0,0.021047,0.08939,-0.09775,0.08121,-0.091807,0.04966,0.000367,0.00156
0,0.03193,-0.022494,0.033609,-0.10113,0.033056,-0.094762,0.000557,0.000393
0,0.210334,-0.996797,0.1815,-1.001815,0.222637,-0.997557,0.00302,0.002675
0,0.475448,-1.029552,0.275772,-0.008179,0.260515,-0.026716,0.001607,0.002103
0,0.482354,-1.352723,-0.014525,-0.323852,-0.03292,-0.365044,0.001728,0.003154
0,0.50191,-1.141561,0.03718,0.237202,0.012722,0.229133,0.002069,0.000148
0,0.543916,-1.025862,0.037116,0.095146,0.053992,0.133755,0.002802,0.002168
0,0.348795,-0.508651,-0.16811,0.529653,-0.209083,0.508166,0.000603,0.002187
0,0.39212,-0.441312,0.047176,0.082977,0.090648,0.081046,0.000153,0.001012
0,0.324675,-0.212739,-0.06702,0.198604,-0.075316,0.206922,0.001024,0.002978
0,0.101031,-0.154573,-0.197776,0.058493,-0.215629,0.087642,0.001763,0.002698
0,0.232718,-0.161369,0.156006,0.008089,0.189489,0.037049,0.002629,0.002816
0,0.025932,-0.205774,-0.19278,-0.032325,-0.242678,-0.076489,0.000453,0.003099
0,-0.056168,0.078301,-0.057838,0.311208,-0.075262,0.290597,0.00098,0.001367
0,-0.041766,0.065107,0.005364,-0.037972,-0.032456,0.003994,0.000729,0.001136
0,-0.000668,0.091725,0.050172,0.032668,0.038853,-0.014953,1.2e-05,0.001601
0,-0.004953,0.145735,-0.026879,0.077189,-0.053269,0.079666,8.6e-05,0.002544
0,-0.157781,0.112154,-0.158602,-0.041383,-0.128301,0.005928,0.002754,0.001957
0,-0.019276,0.042788,0.161538,-0.083283,0.19975,-0.117385,0.000336,0.000747
0,0.0195,0.151411,0.022393,0.128259,-0.005783,0.141593,0.00034,0.002643
0,-0.135771,0.000467,-0.142021,-0.153784,-0.119145,-0.173868,0.00237,8e-06
0,-0.129576,-0.04889,0.028266,-0.076287,0.076097,-0.036474,0.002262,0.000853
0,-0.110522,0.184271,-0.002419,0.247575,0.019972,0.227353,0.001929,0.003216
0,-0.146983,0.083378,-0.014086,-0.102559,-0.024724,-0.116673,0.002565,0.001455
0,-0.06701,0.191691,0.069479,0.13825,0.065358,0.13202,0.00117,0.003345
0,-0.00187,0.181553,0.071451,-0.03891,0.050104,-0.08654,3.3e-05,0.003169
0,-0.082656,-0.039613,-0.088169,-0.222381,-0.102979,-0.205493,0.001443,0.000691
0,0.213015,0.068983,0.281217,0.083243,0.304593,0.044661,0.002973,0.001204
0,0.151486,0.081469,-0.039975,0.022018,-0.059902,0.03919,0.002644,0.001422
0,0.154597,0.172817,0.032327,0.08203,-0.008338,0.069114,0.002698,0.003016
0,0.00531,0.098847,-0.160532,-0.082366,-0.198641,-0.105478,9.3e-05,0.001725
0,-0.109888,-0.050541,-0.097684,-0.131059,-0.144712,-0.140217,0.001918,0.000882
0,-0.063223,0.09666,0.026797,0.156681,0.022839,0.191376,0.001103,0.001687
0,-0.138328,0.066531,-0.05751,-0.006219,-0.05814,0.018874,0.002414,0.001161
0,0.02966,0.215072,0.156183,0.168382,0.144361,0.202944,0.000518,0.002937
0,0.11713,-0.07705,0.083304,-0.302052,0.06533,-0.281416,0.002044,0.001345
0,-0.035475,0.072598,-0.125425,0.13831,-0.16083,0.108476,0.000619,0.001267
0,-0.096902,0.071829,-0.038478,0.018,-0.00164,0.020986,0.001691,0.001254
0,0.177894,0.125061,0.258905,0.052059,0.227834,0.063766,0.003105,0.002183
0,0.157643,0.052725,0.009204,-0.052221,-0.029893,-0.009719,0.002751,0.00092
0,2.389526,0.641805,2.205743,0.581392,2.18329,0.570878,0.00156,0.00218
0,2.601392,1.43212,0.188114,0.784509,0.177865,0.828386,0.001433,0.001768
0,2.339352,2.188816,-0.274635,0.785436,-0.243531,0.802651,0.000684,0.001943
0,1.818811,2.050337,-0.548172,-0.129378,-0.597013,-0.091099,0.00171,0.002331
0,1.462963,1.580743,-0.337781,-0.461608,-0.331269,-0.506549,0.00123,0.000826
0,1.472275,1.497204,-0.018095,-0.082832,-0.030489,-0.088478,0.001067,0.000632
0,0.952973,1.031906,-0.489701,-0.45547,-0.521365,-0.500066,0.003251,0.002062
0,0.720758,0.703588,-0.234849,-0.336809,-0.194602,-0.369689,0.000802,0.001102
0,0.698048,0.292175,-0.006167,-0.400995,-0.042119,-0.373288,0.001198,0.001591
0,0.426241,-0.026289,-0.290808,-0.34711,-0.244787,-0.38664,0.000748,0.000459
0,0.316173,0.114011,-0.100947,0.115213,-0.055556,0.066967,0.001173,0.00199
0,-0.097397,-0.001452,-0.417832,-0.100417,-0.423437,-0.061627,0.0017,2.5e-05
0,0.091416,-0.204771,0.173301,-0.230977,0.204153,-0.25363,0.001596,0.003117
0,0.117728,-0.11975,0.041064,0.078491,0.074439,0.09798,0.002055,0.00209
0,0.125054,-0.021732,0.030419,0.101518,0.075715,0.108628,0.002183,0.000379
0,0.045363,-0.05203,-0.05196,-0.022062,-0.063026,-0.021243,0.000792,0.000908
0,0.129586,-0.200047,0.097388,-0.129042,0.144154,-0.114137,0.002262,0.003199
0,-0.031157,-0.160692,-0.176646,0.039105,-0.199592,0.041113,0.000544,0.002805
0,-0.055136,-0.094378,-0.047382,0.05991,-0.036872,0.049216,0.000962,0.001647
0,-0.095046,-0.028389,-0.055796,0.064929,-0.010446,0.064113,0.001659,0.000495
0,0.08242,-0.012414,0.178447,0.020581,0.208583,0.019665,0.001439,0.000217
0,0.111911,-0.176995,0.048733,-0.15185,0.019375,-0.103153,0.001953,0.003089
0,0.082092,-0.083468,-0.047078,0.101559,-0.053806,0.115767,0.001433,0.001457
0,0.020927,-0.195946,-0.045271,-0.120096,-0.042409,-0.11329,0.000365,0.003271
0,0.108629,-0.001781,0.06309,0.172352,0.099926,0.192515,0.001896,3.1e-05
0,0.051906,-0.176163,-0.064941,-0.197033,-0.028393,-0.190416,0.000906,0.003075
0,0.082436,-0.066998,0.038403,0.100355,0.011694,0.059336,0.001439,0.001169
0,0.167843,-0.103139,0.082836,-0.061933,0.105263,-0.038341,0.002929,0.0018
0,0.002307,0.05232,-0.136663,0.155734,-0.136814,0.174925,4e-05,0.000913
0,0.136909,-0.001066,0.157818,-0.041066,0.158532,-0.049243,0.00239,1.9e-05
0,-0.115926,0.004147,-0.261905,0.023267,-0.274994,0.064957,0.002023,7.2e-05
0,0.173834,-0.008731,0.292657,-0.04086,0.298518,-0.070548,0.003034,0.000152
0,-0.006492,-0.098125,-0.178783,-0.065476,-0.146979,-0.049392,0.000113,0.001713
0,0.112918,-0.009438,0.134652,0.096985,0.088472,0.11791,0.001971,0.000165
0,-0.011121,-0.127695,-0.106362,-0.1156,-0.151874,-0.123466,0.000194,0.002229
0,-0.096123,-0.13639,-0.109472,-0.025545,-0.085891,-0.067996,0.001678,0.00238
0,0.076286,-0.135645,0.15353,-0.014401,0.152778,-0.00447,0.001331,0.002367
0,-0.140614,0.061485,-0.235327,0.224859,-0.197939,0.270354,0.002454,0.001073
0,-0.01902,-0.091063,0.144853,-0.182441,0.148291,-0.189985,0.000332,0.001589
0,0.079187,-0.035774,0.073018,0.025456,0.040031,0.017469,0.001382,0.000624
0,-0.051151,0.04809,-0.135867,0.077444,-0.097096,0.124425,0.000893,0.000839
0,0.035727,-0.116344,0.05961,-0.151247,0.09006,-0.174267,0.000624,0.002031
0,-0.035101,0.071896,-0.092752,0.168247,-0.129487,0.143161,0.000613,0.001255
0,0.15525,0.016154,0.167139,-0.05494,0.214643,-0.07538,0.00271,0.000282
0,-0.095307,-0.171777,-0.241393,-0.205226,-0.209809,-0.167111,0.001663,0.002998
0,0.008933,-0.001237,0.128705,0.172318,0.175039,0.133879,0.000156,2.2e-05
0,0.005888,0.071484,0.021272,0.07742,0.007138,0.039649,0.000103,0.001248
0,0.070852,0.036885,0.075691,-0.005149,0.042409,-0.000318,0.001237,0.000644
0,-0.094326,0.066893,-0.137378,0.058237,-0.179699,0.031116,0.001646,0.001168
0,-0.057537,0.006395,0.045013,-0.061276,0.035775,-0.031696,0.001004,0.000112
0,-0.013791,0.110588,0.054202,0.074343,0.088057,0.031114,0.000241,0.00193
0,0.120242,-0.072227,0.150942,-0.168564,0.140288,-0.173792,0.002099,0.001261
0,0.199669,0.129365,0.10638,0.200756,0.065887,0.175496,0.003206,0.002258
0,0.070087,0.189016,-0.135129,0.060707,-0.161316,0.020959,0.001223,0.003299
0,0.139273,0.070965,0.073098,-0.12478,0.09502,-0.084138,0.002431,0.001239
0,0.121992,-0.087021,0.003232,-0.142585,-0.002143,-0.129909,0.002129,0.001519
0,0.147895,0.034334,0.049596,0.144981,0.08644,0.10925,0.002581,0.000599
0,-0.003052,0.145688,-0.13798,0.084489,-0.115569,0.128515,5.3e-05,0.002543
0,0.202627,0.125635,0.205063,-0.049718,0.185285,-0.083073,0.003154,0.002193
0,0.148762,-0.026412,-0.050673,-0.135296,-0.040117,-0.155211,0.002596,0.000461
0,0.059506,0.090873,-0.077077,0.143778,-0.080922,0.151653,0.001039,0.001586
0,-0.019312,-0.087897,-0.058524,-0.199771,-0.04157,-0.21933,0.000337,0.001534
0,-0.015706,0.030265,0.031836,0.092645,0.042166,0.073109,0.000274,0.000528
0,0.14952,0.030805,0.183197,0.001533,0.134037,0.040848,0.00261,0.000538
0,0.051091,0.037354,-0.106051,0.031905,-0.154173,0.065886,0.000892,0.000652
0,0.024739,0.116493,-0.033001,0.093252,-0.001339,0.092014,0.000432,0.002033
0,0.312879,0.034249,0.273222,-0.070831,0.293891,-0.031382,0.00123,0.000598
0,-0.009643,-0.047365,-0.306075,-0.053385,-0.324714,-0.041666,0.000168,0.000827
0,0.264258,0.155336,0.266472,0.195017,0.29199,0.240362,0.002079,0.002711
0,0.141875,0.006597,-0.150524,-0.150359,-0.194337,-0.136594,0.002476,0.000115
0,-0.0244,0.155193,-0.1862,0.141969,-0.229502,0.131466,0.000426,0.002709
0,-0.038542,0.097781,-0.033576,-0.079499,-0.071047,-0.075758,0.000673,0.001707
0,-0.126185,0.14099,-0.103478,0.026541,-0.112946,0.07565,0.002202,0.002461
0,0.08784,-0.039239,0.218895,-0.193787,0.223536,-0.206866,0.001533,0.000685
0,0.08879,0.209558,0.000553,0.244148,-0.007151,0.273049,0.00155,0.003033
0,0.105339,-0.07773,0.039582,-0.313377,0.079271,-0.313253,0.001839,0.001357
0,0.18475,0.075807,0.050572,0.15371,0.035797,0.172439,0.003225,0.001323
0,-0.063216,-0.034067,-0.24456,-0.092041,-0.209874,-0.096479,0.001103,0.000595
0,-0.00691,0.192753,0.081375,0.210672,0.118385,0.183339,0.000121,0.003327
0,0.112813,0.098232,0.094236,-0.084794,0.121928,-0.129231,0.001969,0.001714
0,0.044536,0.057789,-0.071931,-0.052796,-0.063344,-0.094116,0.000777,0.001009
0,-0.100339,-0.036613,-0.141763,-0.108609,-0.122519,-0.078811,0.001751,0.000639
0,-0.05437,0.179032,0.071865,0.232981,0.088674,0.209894,0.000949,0.003125
0,0.001739,-0.021354,0.042804,-0.188851,0.003595,-0.138985,3e-05,0.000373
0,-0.048816,-0.049106,-0.024748,-0.021952,-0.036576,-0.030285,0.000852,0.000857
0,-0.046681,0.009738,0.021472,0.049541,-0.022669,0.049784,0.000815,0.00017
0,0.165453,-0.078851,0.233045,-0.060832,0.239718,-0.090551,0.002888,0.001376
0,0.003074,0.16227,-0.16728,0.243245,-0.140781,0.286249,5.4e-05,0.002832
0,-0.125156,-0.024849,-0.109136,-0.17055,-0.126717,-0.145843,0.002184,0.000434
0,0.068401,0.111557,0.186783,0.127066,0.216745,0.124448,0.001194,0.001947
0,-0.066602,-0.101084,-0.150486,-0.231589,-0.167182,-0.231321,0.001162,0.001764
0,0.075101,-0.13643,0.150428,-0.010804,0.161019,-0.000248,0.001311,0.002381
0,-0.076462,0.058697,-0.144744,0.190742,-0.183269,0.196037,0.001335,0.001024
0,0.14442,0.051836,0.193439,-0.00934,0.156508,0.026757,0.002521,0.000905
0,0.144439,0.104353,0.018572,0.068095,-0.016244,0.115121,0.002521,0.001821
0,0.094188,-0.095127,-0.063233,-0.19675,-0.111697,-0.152893,0.001644,0.00166
0,-0.149955,-0.124706,-0.244035,-0.052669,-0.28118,-0.100117,0.002617,0.002177
0,-0.152716,-0.062575,0.025034,0.090957,0.06532,0.083791,0.002665,0.001092
0,-0.04761,-0.112757,0.120517,-0.025245,0.164149,-0.045036,0.000831,0.001968
0,-0.060482,-0.058782,-0.020114,0.047462,0.014075,0.09162,0.001056,0.001026
0,0.001539,-0.04409,0.058709,-0.008232,0.06153,-0.043665,2.7e-05,0.00077
0,0.022551,0.088096,0.049362,0.129767,0.057805,0.131459,0.000394,0.001538
0,0.022391,-0.006751,-0.016019,-0.085433,0.004253,-0.071044,0.000391,0.000118
0,-0.22071,-0.093492,-0.271457,-0.062329,-0.314375,-0.03704,0.002839,0.001632
0,-0.208273,-0.09196,0.039622,0.025145,0.00502,0.02529,0.003056,0.001605
0,-0.264136,-0.007595,-0.044595,0.066724,-0.078722,0.041358,0.002081,0.000133
0,-0.222244,0.105778,0.026721,0.111092,0.068751,0.112367,0.002812,0.001846
0,-0.220094,-0.106725,-0.020936,-0.198951,0.027066,-0.198758,0.002849,0.001863
0,0.002467,-0.016954,0.195057,0.109571,0.207026,0.093195,4.3e-05,0.000296
0,-0.074218,-0.012389,-0.062662,0.011027,-0.044364,-0.005133,0.001295,0.000216
0,-0.099222,0.068073,0.003142,0.088562,-0.003416,0.128865,0.001732,0.001188
0,-0.104308,-0.053823,-0.002722,-0.101051,0.024296,-0.129597,0.001821,0.000939
0,0.061144,-0.090276,0.177737,-0.041371,0.143787,-0.070111,0.001067,0.001576
0,-0.148894,0.076051,-0.224587,0.161872,-0.244888,0.183217,0.002599,0.001327
0,-0.090091,-0.006509,0.053495,-0.076226,0.042544,-0.065123,0.001572,0.000114
0,-0.109306,-0.128236,-0.044516,-0.131238,-0.080864,-0.110776,0.001908,0.002238
0,-0.104937,-0.136562,-0.003043,-0.015971,0.008652,-0.058929,0.001831,0.002383
0,-0.12088,0.072613,-0.011309,0.20063,-0.017012,0.17838,0.00211,0.001267
0,-0.01528,-0.101912,0.120445,-0.189756,0.072824,-0.237093,0.000267,0.001779
0,-0.042637,-0.088948,-0.053804,0.019972,-0.025273,0.036612,0.000744,0.001552
0,-0.03388,0.02813,-0.006008,0.109883,-0.044401,0.129045,0.000591,0.000491
0,0.012296,-0.178663,0.026034,-0.193585,0.039213,-0.150491,0.000215,0.003118
0,0.003801,-0.171485,-0.037852,-0.00674,-0.017859,-0.032283,6.6e-05,0.002993
0,-0.045163,-0.131772,-0.042687,0.057526,-0.036409,0.07864,0.000788,0.0023
0,0.009994,-0.033359,0.031636,0.07443,0.061325,0.120997,0.000174,0.000582
0,-0.091283,-0.043985,-0.108384,-0.014372,-0.148281,-0.052046,0.001593,0.000768
0,-0.056523,0.08512,0.057133,0.132736,0.067566,0.134616,0.000987,0.001486
0,-0.177669,-0.007567,-0.095721,-0.082027,-0.101269,-0.107192,0.003101,0.000132
0,-0.248641,-0.006416,-0.071042,0.016684,-0.05989,-0.01757,0.002351,0.000112
0,-0.188397,0.023013,0.05681,0.005828,0.038493,-0.043182,0.003288,0.000402
0,-0.184696,0.023681,-0.025051,0.024908,-0.013736,0.073338,0.003224,0.000413
0,-0.171607,0.1016,0.013117,0.058018,0.048981,0.057986,0.002995,0.001773
0,-0.058667,-0.088387,0.120162,-0.20822,0.081947,-0.19448,0.001024,0.001543
0,-0.035624,0.053702,0.04193,0.129575,0.032839,0.119974,0.000622,0.000937
0,-0.186736,-0.027323,-0.133658,-0.072388,-0.127817,-0.09985,0.003259,0.000477
0,0.015228,0.060512,0.199652,0.078671,0.203969,0.126314,0.000266,0.001056
0,-0.211112,-0.218496,-0.237644,-0.264219,-0.270522,-0.231683,0.003006,0.002877
0,-0.053954,0.001162,0.128443,0.221621,0.080868,0.193013,0.000942,2e-05
0,-0.097621,-0.14335,-0.015337,-0.149586,-0.046951,-0.159159,0.001704,0.002502
0,0.041078,-0.059042,0.12016,0.086022,0.123568,0.047066,0.000717,0.00103
0,-0.054522,0.081712,-0.08014,0.145052,-0.072282,0.098249,0.000952,0.001426
0,-0.103121,0.082684,-0.06158,0.014135,-0.047485,0.049014,0.0018,0.001443
0,-0.181978,-0.119678,-0.081566,-0.188615,-0.118198,-0.139938,0.003176,0.002089
0,-0.153815,0.071099,-0.000973,0.164969,0.028989,0.202888,0.002685,0.001241
0,0.043147,-0.111615,0.226014,-0.166006,0.187053,-0.152775,0.000753,0.001948
0,-0.220428,-0.01466,-0.289006,0.108429,-0.297011,0.095308,0.002844,0.000256
0,-0.004429,-0.005012,0.226931,0.022134,0.256599,-0.024012,7.7e-05,8.7e-05
0,-0.017585,0.081956,-0.017731,0.099551,-0.063249,0.080115,0.000307,0.00143
0,-0.298134,0.02439,-0.252926,-0.033227,-0.233386,-0.034556,0.001487,0.000426
0,-0.100485,0.010548,0.221922,-0.038277,0.224275,-0.031826,0.001754,0.000184
0,-0.176744,0.01194,-0.082175,0.019617,-0.110762,0.062092,0.003085,0.000208
0,-0.120734,0.0076,0.033417,0.02427,0.02726,-0.015206,0.002107,0.000133
0,-0.172696,-0.023894,-0.033485,-0.016908,-0.046223,-0.033544,0.003014,0.000417
0,-0.227564,0.038399,-0.040127,0.055463,0.003451,0.056955,0.002719,0.00067
0,-0.088154,0.14393,0.116299,0.081937,0.091251,0.119288,0.001539,0.002512
0,-0.182012,-0.060831,-0.112744,-0.204493,-0.066317,-0.205122,0.003177,0.001062
0,0.015862,0.148768,0.212027,0.236424,0.258701,0.265726,0.000277,0.002596
0,-0.08923,0.113709,-0.130673,-0.023805,-0.093976,-0.067854,0.001557,0.001985
0,0.001575,-0.045205,0.074788,-0.136276,0.064043,-0.12436,2.7e-05,0.000789
0,-0.224233,-0.12023,-0.24469,-0.047201,-0.246923,-0.007069,0.002777,0.002098
0,-0.294459,-0.035493,-0.076436,0.110036,-0.051199,0.060281,0.001552,0.000619
0,-0.166947,-0.102527,0.128414,-0.095108,0.111556,-0.083788,0.002914,0.001789
0,-0.139291,0.049718,0.005674,0.139377,0.041707,0.145023,0.002431,0.000868
0,-0.017707,0.007189,0.137571,-0.022759,0.105835,-0.06515,0.000309,0.000125
0,-0.157606,0.004734,-0.145671,0.0082,-0.135211,0.021376,0.002751,8.3e-05
0,0.01024,0.020138,0.155078,-0.001079,0.162955,-0.002791,0.000179,0.000351
0,-0.207859,0.206394,-0.193258,0.192999,-0.189525,0.167046,0.003063,0.003089
0,-0.196493,0.172616,0.028528,-0.007069,0.015361,-0.020045,0.003261,0.003013
0,-0.162875,-0.03271,0.03456,-0.218623,0.072852,-0.264332,0.002843,0.000571
0,-0.329851,-0.009893,-0.184219,0.002148,-0.169551,-0.040228,0.000934,0.000173
0,-0.083525,0.137769,0.216571,0.159543,0.215591,0.158733,0.001458,0.002405
0,-0.244835,0.043008,-0.15919,-0.073357,-0.14004,-0.0382,0.002418,0.000751
0,0.009169,0.006137,0.240485,-0.049974,0.268993,-0.026217,0.00016,0.000107
0,0.007851,0.084097,0.005643,0.052098,0.035429,0.044046,0.000137,0.001468
0,-0.212502,-0.163558,-0.217365,-0.243748,-0.214533,-0.274982,0.002982,0.002855
0,-0.019535,0.051443,0.193194,0.231169,0.206938,0.181611,0.000341,0.000898
0,-0.213965,-0.150458,-0.191469,-0.226219,-0.142802,-0.213924,0.002956,0.002626
0,-0.201392,-0.172621,0.036267,-0.023855,0.071177,-0.029784,0.003176,0.003013
0,-0.182494,0.116211,0.019854,0.309678,0.002966,0.353764,0.003185,0.002028
0,0.091931,-0.06497,0.295892,-0.199728,0.263876,-0.188946,0.001604,0.001134
0,-0.006035,0.019366,-0.113999,0.071064,-0.093217,0.107607,0.000105,0.000338
0,-0.25159,0.007491,-0.241939,0.014333,-0.25933,0.038531,0.0023,0.000131
0,-0.063231,0.042003,0.19986,0.021338,0.15886,0.000799,0.001104,0.000733
0,-0.141408,-0.086686,-0.080851,-0.110026,-0.100363,-0.122153,0.002468,0.001513
0,-0.021703,-0.115159,0.092673,-0.015965,0.079879,-0.033366,0.000379,0.00201
0,-0.01575,0.021499,0.006775,0.118802,-0.00918,0.087185,0.000275,0.000375
0,0.070509,0.008806,0.074022,-0.028888,0.109735,-0.04209,0.001231,0.000154
0,-0.020394,-0.002363,-0.10424,-0.014501,-0.152767,-0.035539,0.000356,4.1e-05
0,-0.00348,-0.006394,-0.000925,0.025774,0.00661,0.061408,6.1e-05,0.000112
0,-0.145473,0.154447,-0.121857,0.175289,-0.075943,0.170388,0.002539,0.002696
0,0.079787,0.067927,0.255168,-0.09549,0.235444,-0.056262,0.001393,0.001186
0,-0.043612,0.052452,-0.116446,-0.028845,-0.100726,-0.065509,0.000761,0.000915
0,0.188719,0.060115,0.203323,-0.008663,0.235496,-0.032634,0.003294,0.001049
0,0.143942,-0.003123,-0.069031,-0.037898,-0.042214,-0.022409,0.002512,5.5e-05
0,0.293987,-0.138863,0.13445,-0.122766,0.184417,-0.102085,0.00156,0.002424
0,0.163266,-0.101096,-0.132269,0.029956,-0.181888,0.046107,0.00285,0.001764
0,0.084704,-0.086241,-0.10784,0.026541,-0.12793,0.014367,0.001478,0.001505
0,0.138347,0.075995,0.037113,0.148114,-0.008097,0.17014,0.002415,0.001326
0,-0.018887,0.062403,-0.138518,-0.011399,-0.113523,0.014292,0.00033,0.001089
0,0.15701,0.0104,0.192492,-0.029772,0.164805,0.001535,0.00274,0.000182
0,0.014563,-0.135394,-0.126681,-0.144053,-0.162529,-0.106327,0.000254,0.002363
0,0.181735,0.080474,0.168756,0.205693,0.133153,0.242958,0.003172,0.001405
0,-0.077958,-0.029321,-0.275797,-0.136505,-0.254806,-0.123837,0.001361,0.000512
0,0.00169,-0.110398,0.103662,-0.054556,0.119513,-0.058031,2.9e-05,0.001927
0,-0.001233,0.012899,0.013745,0.120783,0.057767,0.074465,2.2e-05,0.000225
0,-0.009389,-0.074567,0.005165,-0.098319,-0.002638,-0.139143,0.000164,0.001301
0,-0.052719,0.058894,-0.046116,0.112689,-0.020986,0.146533,0.00092,0.001028
0,-0.262398,-1.060541,-0.228404,-1.148161,-0.233464,-1.138145,0.002111,0.001563
0,-0.328787,-2.242966,-0.046293,-1.164219,-0.035616,-1.173825,0.000952,0.000998
0,-0.379842,-2.208037,-0.027282,0.045336,-0.018304,0.05541,6.1e-05,0.001607
0,-0.440188,-2.414518,-0.079554,-0.21422,-0.081003,-0.191268,0.000992,0.001996
0,-0.318622,-1.625805,0.094526,0.767813,0.05397,0.816365,0.00113,0.001612
0,-0.114695,-1.606254,0.223384,-0.004894,0.211372,-0.016037,0.002002,0.001271
0,-0.306622,-0.959834,-0.189364,0.650076,-0.188927,0.688272,0.001339,0.00332
0,-0.177107,-0.633589,0.153353,0.307959,0.172768,0.277844,0.003091,0.002323
0,-0.10226,-0.556213,0.048234,0.059994,0.08829,0.064484,0.001785,0.003017
0,-0.081275,-0.195164,0.049746,0.331616,0.093376,0.370796,0.001419,0.003285
0,0.0655,-0.091269,0.143054,0.107361,0.14619,0.114652,0.001143,0.001593
0,-0.007298,0.047246,-0.075163,0.129365,-0.045025,0.113976,0.000127,0.000825
0,-0.177834,0.277194,-0.188594,0.259499,-0.199268,0.213572,0.003104,0.001853
0,-0.180149,0.29955,0.017152,0.030363,0.002778,0.028482,0.003144,0.001463
0,0.102414,0.046464,0.282627,-0.266635,0.279179,-0.228731,0.001787,0.000811
0,-0.005694,0.126225,-0.087788,0.100915,-0.074971,0.11488,9.9e-05,0.002203
0,-0.137848,0.129829,-0.133978,-0.000482,-0.16469,-0.035708,0.002406,0.002266
0,0.058664,0.085695,0.216087,-0.04037,0.20701,-0.047752,0.001024,0.001496
0,-0.029692,0.095611,-0.117591,-0.018187,-0.111436,-0.021712,0.000518,0.001669
0,-0.089783,-0.027775,-0.05491,-0.121054,-0.080816,-0.093396,0.001567,0.000485
0,0.039725,0.03826,0.148081,0.07863,0.170141,0.064349,0.000693,0.000668
0,0.156147,0.094294,0.095551,0.062352,0.066039,0.074591,0.002725,0.001646
0,0.028234,0.04946,-0.153522,-0.069426,-0.199451,-0.105353,0.000493,0.000863
0,-0.051875,0.031097,-0.058155,0.003054,-0.103677,-0.021356,0.000905,0.000543
0,0.011324,-0.124304,0.036377,-0.160309,0.019171,-0.159487,0.000198,0.00217
0,-0.03194,0.124986,-0.06755,0.267721,-0.08043,0.266384,0.000557,0.002181
0,-0.082836,0.043807,-0.068699,-0.091418,-0.091265,-0.094217,0.001446,0.000765
0,0.130248,-0.06304,0.224853,-0.077306,0.248838,-0.044652,0.002273,0.0011
0,0.157577,-0.064442,0.002393,-0.024964,0.00984,-0.03094,0.00275,0.001125
0,-0.05735,-0.11946,-0.230296,-0.030917,-0.191941,-0.075681,0.001001,0.002085
0,-0.119449,0.044327,-0.051905,0.153858,-0.010829,0.110222,0.002085,0.000774
0,-0.138837,-0.128962,-0.02597,-0.14902,-0.027227,-0.194382,0.002423,0.002251
0,-0.105975,-0.121597,0.016256,0.036126,-0.02319,0.074411,0.00185,0.002122
0,-0.016343,0.057051,0.108494,0.18842,0.115897,0.195856,0.000285,0.000996
0,-0.117233,-0.047108,-0.08142,-0.099785,-0.064203,-0.149431,0.002046,0.000822
0,0.042791,-0.188561,0.164022,-0.120937,0.173866,-0.127252,0.000747,0.003291
0,-0.112477,-0.003896,-0.168775,0.186755,-0.143203,0.202842,0.001963,6.8e-05
0,0.146632,-0.128187,0.268245,-0.136669,0.232098,-0.093878,0.002559,0.002237
0,-0.039856,-0.192561,-0.172846,-0.05964,-0.204824,-0.068858,0.000696,0.00333
0,-0.153921,-0.020574,-0.134193,0.176073,-0.13819,0.15443,0.002686,0.000359
0,0.086707,-0.152871,0.265722,-0.122442,0.304806,-0.072874,0.001513,0.002668
0,-0.141113,-0.092657,-0.215901,0.041805,-0.184044,0.005498,0.002463,0.001617
0,0.09423,-0.139373,0.254404,-0.035886,0.266266,-0.013019,0.001645,0.002433
0,0.187281,-0.139025,0.101394,-0.026137,0.144057,-0.018611,0.003269,0.002426
0,-0.026332,-0.043873,-0.19008,0.074755,-0.148899,0.074465,0.00046,0.000766
0,0.101988,-0.012997,0.136925,0.037715,0.116774,0.031383,0.00178,0.000227
0,-0.043546,0.093022,-0.138814,0.12263,-0.151333,0.116409,0.00076,0.001624
0,0.117096,-0.123154,0.151676,-0.197395,0.172458,-0.210155,0.002044,0.002149
0,-0.125046,-0.058001,-0.22365,0.08134,-0.216044,0.128869,0.002182,0.001012
0,-0.105564,-0.192729,0.030575,-0.153254,0.077672,-0.115837,0.001842,0.003327
0,-0.066555,-0.160455,0.042818,0.03342,0.084959,0.034226,0.001162,0.0028
0,-0.157699,0.122781,-0.109812,0.257627,-0.141114,0.278749,0.002752,0.002143
0,-0.109271,-0.143688,0.069025,-0.276869,0.102259,-0.251237,0.001907,0.002508
0,-0.143596,0.035907,-0.022687,0.188052,-0.033796,0.182556,0.002506,0.000627
0,0.115687,0.114079,0.238266,0.074102,0.192301,0.068188,0.002019,0.001991
0,0.120188,0.044031,-0.025006,-0.096328,-0.005869,-0.131519,0.002098,0.000768
0,-0.111147,0.016038,-0.235686,-0.04073,-0.200489,-0.061297,0.00194,0.00028
0,0.085923,0.01855,0.196693,-0.00695,0.160252,-0.047963,0.0015,0.000324
0,-0.000441,-0.029071,-0.079062,-0.025425,-0.044843,-0.063389,8e-06,0.000507
0,0.103304,-0.027253,0.083975,0.031402,0.098879,0.033233,0.001803,0.000476
0,-0.033564,-0.067525,-0.116843,-0.062761,-0.158706,-0.077298,0.000586,0.001179
0,0.126649,0.021591,0.150091,0.11483,0.125503,0.109243,0.00221,0.000377
0,-0.080101,-0.049761,-0.224735,-0.041495,-0.226184,-0.058296,0.001398,0.000868
0,0.051051,-0.072453,0.153991,0.001379,0.138667,-0.009746,0.000891,0.001265
0,-0.120999,-0.068393,-0.175637,-0.00972,-0.225526,0.004389,0.002112,0.001194
0,0.01141,0.131088,0.143421,0.194961,0.10248,0.160217,0.000199,0.002288
0,0.068538,-0.1135,0.043344,-0.215114,-0.003648,-0.239307,0.001196,0.001981
0,-0.204661,-0.04828,-0.256258,0.068258,-0.281327,0.062402,0.003119,0.000843
0,-0.072112,-0.045649,0.125649,-0.007643,0.080406,0.007292,0.001259,0.000797
0,0.06024,0.018376,0.128034,0.090103,0.159525,0.133107,0.001051,0.000321
0,0.104276,0.009853,0.035854,-0.011346,0.060278,-0.004142,0.00182,0.000172
0,-0.06616,0.082142,-0.163255,0.095777,-0.132326,0.074531,0.001155,0.001434
0,-0.132282,0.143242,-0.076976,0.076718,-0.028502,0.096398,0.002309,0.0025
0,0.062047,-0.060719,0.173854,-0.200316,0.212157,-0.238271,0.001083,0.00106
0,0.059527,-0.037199,0.022251,0.03681,0.007738,0.02608,0.001039,0.000649
0,-0.03472,0.013462,-0.07958,0.02479,-0.091111,0.067426,0.000606,0.000235
0,-0.052134,-0.018284,-0.03676,-0.022369,-0.008648,-0.061968,0.00091,0.000319
0,-0.036701,-0.003144,0.004337,0.011459,-0.037202,-0.031037,0.000641,5.5e-05
0,-0.196967,-0.002703,-0.138806,-0.012018,-0.164353,-0.010005,0.003253,4.7e-05
0,0.012175,-0.034892,0.21467,-0.025892,0.176417,0.005155,0.000212,0.000609
0,-0.111997,0.121052,-0.12173,0.175348,-0.119942,0.134699,0.001955,0.002113
0,-0.211637,0.096312,-0.088526,-0.024044,-0.090091,-0.057315,0.002997,0.001681
0,-0.039229,0.006845,0.143282,-0.10819,0.098237,-0.128524,0.000685,0.000119
0,-0.175274,-0.076504,-0.12275,-0.104452,-0.169782,-0.058155,0.003059,0.001335
0,-0.03802,0.044563,0.110828,0.125685,0.113134,0.113616,0.000664,0.000778
0,-0.004926,-0.047494,0.026695,-0.098326,0.028641,-0.065943,8.6e-05,0.000829
0,-0.01843,-0.101327,-0.033375,-0.026663,0.006934,-0.029988,0.000322,0.001768
0,-0.02191,-0.028423,-0.021258,0.072873,0.018521,0.09783,0.000382,0.000496
0,-0.09135,-0.064748,-0.091813,-0.03948,-0.091558,-0.048792,0.001594,0.00113
0,-0.114398,-0.046013,-0.01564,-0.007222,-0.036193,0.002876,0.001997,0.000803
0,-0.08897,0.019712,0.03057,0.05771,0.067846,0.077353,0.001553,0.000344
0,0.119562,-0.174811,0.225988,-0.171351,0.243529,-0.179259,0.002087,0.003051
0,-0.097518,0.08736,-0.21979,0.234628,-0.266964,0.192075,0.001702,0.001525
0,-0.124862,0.015493,0.001455,-0.071604,0.02401,-0.022932,0.002179,0.00027
0,-0.102456,0.085045,0.017906,0.088918,-0.004419,0.103223,0.001788,0.001484
0,-0.127373,0.130015,-0.026491,0.062246,-0.059744,0.093982,0.002223,0.002269
0,-0.106142,0.063774,0.033338,-0.093396,0.024068,-0.100709,0.001853,0.001113
0,0.102642,-0.031871,0.225894,-0.080936,0.187139,-0.127806,0.001791,0.000556
0,0.085561,-0.114451,-0.003009,-0.053596,-0.044093,-0.037522,0.001493,0.001998
0,0.034958,0.106858,-0.044896,0.231593,-0.047329,0.266136,0.00061,0.001865
0,0.12967,0.119664,0.116525,0.006227,0.160477,0.036004,0.002263,0.002089
0,-0.042375,-0.089234,-0.195495,-0.230572,-0.170261,-0.219019,0.00074,0.001557
0,0.0547,0.095502,0.124618,0.182228,0.099702,0.220575,0.000955,0.001667
0,0.048536,0.127286,0.010545,0.045662,-0.029506,0.030082,0.000847,0.002222
0,0.184275,0.10846,0.11562,0.01003,0.073612,0.035495,0.003216,0.001893
0,0.053511,-0.01265,-0.124156,-0.109613,-0.091059,-0.093395,0.000934,0.000221
0,0.105404,0.022112,0.048206,0.023128,0.09674,0.008318,0.00184,0.000386
0,0.131292,-0.033919,0.046626,-0.065664,0.063129,-0.113051,0.002291,0.000592
0,-0.084369,0.15615,-0.222956,0.180764,-0.201696,0.219906,0.001473,0.002725
0,0.119741,0.006678,0.224177,-0.125802,0.264125,-0.136795,0.00209,0.000117
0,-0.059262,0.018411,-0.200244,-0.018085,-0.236225,-0.039316,0.001034,0.000321
0,0.197554,-0.00222,0.244926,-0.022919,0.249317,-0.022265,0.003243,3.9e-05
0,-0.051387,-0.009771,-0.261011,0.00981,-0.284511,-0.002225,0.000897,0.000171
0,0.149528,-0.031984,0.223278,-0.02026,0.272097,0.020985,0.00261,0.000558
0,0.002506,0.036658,-0.133082,0.039261,-0.101106,0.027873,4.4e-05,0.00064
0,0.057444,-0.003854,0.043846,-0.043459,0.015363,-0.065693,0.001003,6.7e-05
0,-0.081483,0.100003,-0.153349,0.124106,-0.133435,0.138107,0.001422,0.001745
0,-0.063598,0.072886,0.008258,-0.022544,0.012686,-0.009483,0.00111,0.001272
0,0.074995,0.064165,0.1507,0.007193,0.175201,0.025981,0.001309,0.00112
0,-0.071999,0.112458,-0.130994,0.021452,-0.11017,0.015063,0.001257,0.001963
0,0.686661,-0.332816,0.737903,-0.467053,0.769622,-0.494976,0.001397,0.000882
0,1.959811,-0.249225,1.284986,0.053951,1.237866,0.03684,0.000751,0.002341
0,2.118194,-0.273619,0.178878,-0.018673,0.149323,0.010997,0.003175,0.001915
0,2.196569,-0.541973,0.09649,-0.281498,0.064514,-0.238185,0.001808,0.002768
0,1.819526,-0.321352,-0.388429,0.215966,-0.386773,0.169632,0.001697,0.001082
0,1.057863,-0.364834,-0.767799,-0.019614,-0.729094,0.011609,0.001609,0.000323
0,0.704533,-0.105148,-0.36113,0.242301,-0.325861,0.242141,0.001085,0.001835
0,0.479823,-0.02407,-0.230108,0.092282,-0.248602,0.139949,0.001684,0.00042
0,-0.075826,-0.171325,-0.545854,-0.125409,-0.579235,-0.105237,0.001323,0.00299
0,-0.045342,0.065591,0.041112,0.264366,0.058865,0.251462,0.000791,0.001145
0,-0.075424,-0.18288,-0.015087,-0.268443,-0.037713,-0.292054,0.001316,0.003192
0,-0.032899,0.002652,0.059473,0.16272,0.053156,0.117181,0.000574,4.6e-05
0,0.039341,-0.018976,0.084954,-0.025094,0.04655,-0.037303,0.000687,0.000331
0,0.014737,-0.095607,-0.037107,-0.096941,0.004516,-0.04727,0.000257,0.001669
0,-1.100286,-0.011869,-1.091261,0.085909,-1.116237,0.040592,0.000869,0.000207
0,-0.95609,0.088647,0.127609,0.087621,0.150016,0.060808,0.003305,0.001547
0,-1.062332,0.057629,-0.103553,-0.052239,-0.078917,-0.041301,0.001531,0.001006
0,-0.832648,-0.022047,0.225111,-0.082911,0.188417,-0.118631,0.001151,0.000385
0,-0.812884,-0.054949,0.00267,-0.038433,-0.040188,0.011195,0.000806,0.000959
0,-0.752565,0.10701,0.086104,0.145076,0.114478,0.150871,0.000247,0.001868
0,-0.440964,0.139122,0.338255,0.016655,0.30485,0.063196,0.001005,0.002428
0,-0.327958,0.128143,0.089021,0.003027,0.044689,0.037233,0.000967,0.002237
0,-0.24163,-0.109388,0.091608,-0.22778,0.102597,-0.228082,0.002474,0.001909
0,-0.141588,0.101711,0.117503,0.193879,0.130194,0.159405,0.002471,0.001775
0,-0.273279,-0.0797,-0.103661,-0.191284,-0.087255,-0.236429,0.001921,0.001391
0,-0.041247,-0.03769,0.226546,0.060132,0.224144,0.101426,0.00072,0.000658
0,-0.118521,-0.012233,-0.08483,0.025607,-0.088413,0.018251,0.002069,0.000214
0,-0.097945,0.158968,0.016456,0.153025,0.016432,0.107232,0.001709,0.002775
0,-0.105763,-0.016297,-0.000187,-0.173635,-0.020584,-0.160539,0.001846,0.000284
0,0.06744,-0.05643,0.174667,-0.03907,0.165082,-0.01021,0.001177,0.000985
0,0.078203,-0.086248,0.011831,-0.046056,0.019956,-0.006494,0.001365,0.001505
0,-0.053122,-0.098409,-0.106797,-0.029297,-0.124812,-0.02014,0.000927,0.001718
0,0.107188,0.127881,0.139648,0.221105,0.133674,0.23969,0.001871,0.002232
0,-0.081613,-0.032662,-0.195285,-0.169592,-0.197662,-0.161284,0.001424,0.00057
0,0.119334,-0.053187,0.217243,-0.044313,0.204921,-0.051234,0.002083,0.000928
0,-0.033187,-0.062236,-0.146947,-0.036608,-0.179614,-0.052964,0.000579,0.001086
0,-0.026299,0.155673,-0.015537,0.205379,-0.062211,0.204782,0.000459,0.002717
0,-0.132854,0.001576,-0.081831,-0.158213,-0.06954,-0.134648,0.002319,2.7e-05
0,0.126989,-0.110113,0.246412,-0.126838,0.227124,-0.082568,0.002216,0.001922
0,0.050501,0.136816,-0.094082,0.266662,-0.055929,0.265489,0.000881,0.002388
0,-0.122931,0.109428,-0.163494,-0.020937,-0.212401,-0.058311,0.002146,0.00191
0,-0.130587,0.125111,-0.036558,-0.012447,-0.031448,0.021197,0.002279,0.002184
0,0.061737,0.089975,0.186961,-0.018211,0.227366,-0.061128,0.001078,0.00157
0,0.071203,0.057089,0.021784,-0.058169,0.005443,-0.022694,0.001243,0.000996
0,-0.062132,-0.046695,-0.104562,-0.104383,-0.125172,-0.149866,0.001084,0.000815
0,-0.133856,0.059643,-0.063791,0.128767,-0.083626,0.143675,0.002336,0.001041
0,0.024226,0.087919,0.184403,0.010992,0.228324,-0.022024,0.000423,0.001534
0,-0.030402,0.140602,-0.061664,0.029597,-0.065623,0.069559,0.000531,0.002454
0,0.048594,0.01084,0.102816,-0.14144,0.143454,-0.157587,0.000848,0.000189
0,0.063091,0.121148,-0.014209,0.108509,-0.000827,0.084721,0.001101,0.002114
0,0.069359,0.162921,0.031258,0.042464,0.013489,0.076122,0.001211,0.002844
0,0.159834,0.105806,0.100531,-0.065572,0.06671,-0.016582,0.00279,0.001847
0,0.099227,0.017304,-0.081044,-0.081043,-0.126637,-0.128731,0.001732,0.000302
0,-0.040234,-0.057848,-0.145256,-0.071821,-0.100781,-0.042899,0.000702,0.00101
0,0.009716,-0.081047,0.022618,-0.0109,-0.004812,-0.030062,0.00017,0.001415
0,0.121977,-0.04494,0.13187,0.046314,0.154488,0.013538,0.002129,0.000784
0,0.190259,0.138268,0.082471,0.16588,0.082291,0.145608,0.003321,0.002413
0,0.236076,-0.100904,0.046279,-0.249182,0.031404,-0.228979,0.002571,0.001761
0,0.149562,-0.075977,-0.074581,0.053544,-0.029241,0.076683,0.00261,0.001326
0,0.221645,0.114727,0.100173,0.175902,0.084148,0.165184,0.002822,0.002002
0,0.237763,0.005336,0.026556,-0.096088,0.019093,-0.119355,0.002541,9.3e-05
0,0.220849,-0.11556,-0.023128,-0.119317,-0.049398,-0.113723,0.002836,0.002017
0,0.159086,-0.109128,-0.031807,0.001973,-0.015636,0.031468,0.002777,0.001905
0,0.094888,-0.064687,-0.059963,0.041087,-0.044552,0.01511,0.001656,0.001129
0,0.071923,0.061377,-0.039986,0.106085,0.005917,0.126214,0.001255,0.001071
0,0.076638,-0.168996,0.002357,-0.256667,-0.024563,-0.23001,0.001338,0.00295
0,0.084991,0.035972,-0.009553,0.193784,0.033912,0.207428,0.001483,0.000628
0,0.188215,-0.187133,0.098246,-0.247953,0.135524,-0.266545,0.003285,0.003266
0,-0.012875,-0.000208,-0.217855,0.161602,-0.181213,0.184067,0.000225,4e-06
0,0.127955,-0.116474,0.156176,-0.145151,0.161854,-0.188184,0.002233,0.002033
0,0.001989,0.135044,-0.129867,0.232986,-0.110468,0.26909,3.5e-05,0.002357
0,-0.077163,-0.01989,-0.072125,-0.174415,-0.031261,-0.15404,0.001347,0.000347
0,-0.107734,0.071704,-0.031591,0.083943,-0.070225,0.046049,0.00188,0.001251
0,0.006625,-0.131276,0.128193,-0.190944,0.143672,-0.19804,0.000116,0.002291
0,-0.11798,0.047111,-0.112819,0.202273,-0.15334,0.191142,0.002059,0.000822
0,-0.172055,-0.100398,-0.082338,-0.152886,-0.038291,-0.15838,0.003003,0.001752
0,-0.000817,0.021532,0.145061,0.093411,0.108221,0.117432,1.4e-05,0.000376
0,0.118535,0.056997,0.13775,0.047791,0.180192,0.035145,0.002069,0.000995
0,0.061347,-0.087582,-0.084329,-0.154584,-0.102774,-0.159887,0.001071,0.001529
0,0.109513,-0.037208,0.038974,0.079624,0.003487,0.029666,0.001911,0.000649
0,-0.058471,0.073492,-0.195356,0.129043,-0.146093,0.085937,0.001021,0.001283
0,-0.032013,0.016508,0.052093,-0.076979,0.072091,-0.056267,0.000559,0.000288
0,0.053253,-0.009419,0.092116,-0.003879,0.061634,-0.017667,0.000929,0.000164
0,0.042013,-0.018311,-0.010118,-0.016979,0.033588,0.015379,0.000733,0.00032
0,-0.000805,0.0078,-0.068271,0.049821,-0.019266,0.054367,1.4e-05,0.000136
0,0.196421,0.111377,0.201844,0.112575,0.169493,0.109993,0.003263,0.001944
0,0.105594,0.102158,-0.110691,-0.027806,-0.086274,-0.038341,0.001843,0.001783
0,-0.056102,-0.104611,-0.142901,-0.231923,-0.145186,-0.224291,0.000979,0.001826
0,0.10948,0.011453,0.191009,0.101593,0.217276,0.149046,0.001911,0.0002
0,0.071252,0.075167,-0.02319,0.056969,-0.027583,0.021339,0.001244,0.001312
0,-0.131288,0.156221,-0.208794,0.103249,-0.217833,0.126661,0.002291,0.002727
0,-0.001346,-0.124884,0.114975,-0.290719,0.096126,-0.255043,2.3e-05,0.00218
0,0.053156,0.052111,0.054818,0.206206,0.083167,0.175586,0.000928,0.00091
0,-0.00744,-0.065751,-0.075144,-0.115305,-0.064989,-0.132878,0.00013,0.001148
0,-0.022344,0.10135,0.012275,0.145219,0.061592,0.18733,0.00039,0.001769
0,0.034641,0.132713,0.077771,0.059304,0.105013,0.089302,0.000605,0.002316
0,0.159892,0.082925,0.145121,-0.031204,0.157775,-0.002851,0.002791,0.001447
0,0.074611,0.006113,-0.104582,-0.094894,-0.095266,-0.139661,0.001302,0.000107
0,-0.144685,-0.105217,-0.226994,-0.105314,-0.193989,-0.144859,0.002525,0.001836
0,-0.134593,-0.12447,0.012036,-0.009151,-0.020336,-0.020916,0.002349,0.002172
0,-0.055448,-0.086923,0.089287,0.020667,0.042699,-0.015001,0.000968,0.001517
0,-0.133639,-0.103554,-0.087548,0.002838,-0.112895,0.02742,0.002332,0.001807
0,0.059638,-0.067531,0.213924,0.064577,0.198113,0.046355,0.001041,0.001179
0,0.016011,-0.006789,-0.019859,0.047833,0.013027,0.078689,0.000279,0.000118
0,0.115361,0.056976,0.127369,0.073404,0.164288,0.118297,0.002013,0.000994
0,0.044729,0.129858,-0.099482,0.056527,-0.121234,0.02283,0.000781,0.002266
0,0.04391,-0.032349,-0.016368,-0.152893,-0.064688,-0.173713,0.000766,0.000565
0,-0.034858,-0.095699,-0.075627,-0.04292,-0.035431,-0.031118,0.000608,0.00167
0,-0.023606,-0.117184,-0.006694,0.004192,-0.040944,-0.019113,0.000412,0.002045
0,0.106968,0.168487,0.110569,0.266217,0.096214,0.271027,0.001867,0.002941
0,-0.058917,-0.128661,-0.152645,-0.318406,-0.180542,-0.314148,0.001028,0.002246
0,0.001478,-0.055972,0.039277,0.097398,0.053251,0.095804,2.6e-05,0.000977
0,-0.15706,0.056969,-0.138702,0.093991,-0.128617,0.103771,0.002741,0.000994
0,-0.002841,-0.076142,0.173202,-0.152296,0.142604,-0.161487,5e-05,0.001329
0,-0.028223,0.112784,-0.020774,0.215847,-0.005572,0.244614,0.000493,0.001968
0,-0.098863,0.066734,-0.054143,-0.024383,-0.00839,-0.037325,0.001725,0.001165
0,-0.065123,-0.135582,0.039044,-0.17681,0.084608,-0.168351,0.001137,0.002366
0,-0.114002,-0.00395,-0.050255,0.160505,-0.064178,0.172814,0.00199,6.9e-05
0,-0.184787,0.010177,-0.078524,-0.00524,-0.112365,0.036875,0.003225,0.000178
0,-0.003459,-0.049745,0.162764,-0.048215,0.185901,-0.0812,6e-05,0.000868
0,-0.100159,-0.144293,-0.073437,-0.117809,-0.11179,-0.154672,0.001748,0.002518
0,-0.164819,-0.179578,-0.0859,-0.035233,-0.112639,-0.030171,0.002877,0.003134
0,0.04196,0.054612,0.235777,0.231307,0.259931,0.231375,0.000732,0.000953
0,-0.087138,0.070123,-0.141825,0.012365,-0.176969,0.013341,0.001521,0.001224
0,-0.14525,-0.008799,-0.084896,-0.048978,-0.083206,-0.011597,0.002535,0.000154
0,0.065687,-0.094272,0.215847,-0.070559,0.178521,-0.060604,0.001146,0.001645
0,-0.032972,0.105356,-0.121464,0.224961,-0.143961,0.208309,0.000575,0.001839
0,0.099906,0.072607,0.107965,-0.053718,0.151623,-0.084302,0.001744,0.001267
0,-0.102218,0.099265,-0.224222,0.010504,-0.241427,-0.009802,0.001784,0.001733
0,-0.098302,0.036165,0.016347,-0.038849,0.001013,-0.060845,0.001716,0.000631
0,-0.020756,-0.147754,0.090367,-0.153966,0.048058,-0.115628,0.000362,0.002579
0,-0.096831,-0.107411,-0.100477,0.046896,-0.112588,0.053576,0.00169,0.001875
0,0.002039,0.007416,0.094068,0.104192,0.101847,0.082168,3.6e-05,0.000129
0,-0.207072,0.095221,-0.204749,0.088029,-0.245937,0.045655,0.003077,0.001662
0,0.005798,-0.033715,0.211809,-0.106834,0.164179,-0.092843,0.000101,0.000588
0,0.0206,-0.14353,-0.010142,-0.080592,-0.052644,-0.112047,0.00036,0.002505
0,-0.200661,-0.143537,-0.236183,0.004155,-0.240796,0.051788,0.003189,0.002505
0,0.016008,0.08623,0.24087,0.223121,0.286169,0.268336,0.000279,0.001505
0,-0.022661,0.107174,-0.054514,-0.005016,-0.040602,-0.027462,0.000396,0.001871
0,-0.165293,-0.079562,-0.15553,-0.210473,-0.202595,-0.161104,0.002885,0.001389
0,-0.010903,-0.078404,0.148105,-0.008194,0.184817,-0.049111,0.00019,0.001368
0,-0.100614,0.124871,-0.091326,0.186261,-0.099298,0.145074,0.001756,0.002179
0,-0.098341,-0.174212,-0.014394,-0.293804,0.030528,-0.3191,0.001716,0.003041
0,-0.066335,0.023769,0.034393,0.184344,0.014605,0.168232,0.001158,0.000415
0,-0.141472,0.099422,-0.057999,0.079192,-0.091261,0.11165,0.002469,0.001735
0,-0.214562,-0.074499,-0.097927,-0.188473,-0.067295,-0.234404,0.002946,0.0013
0,-0.007287,0.001005,0.233789,0.081082,0.244013,0.090789,0.000127,1.8e-05
0,-0.211881,-0.057355,-0.209133,-0.053266,-0.240932,-0.033062,0.002993,0.001001
0,-0.118024,-0.106501,0.086644,-0.066289,0.045358,-0.087856,0.00206,0.001859
0,0.021895,-0.043992,0.14262,0.055722,0.10288,0.022866,0.000382,0.000768
0,-0.237735,-0.058629,-0.242849,-0.04134,-0.266736,-0.053643,0.002542,0.001023
0,-0.028366,-0.071566,0.188263,0.013752,0.219463,-0.017993,0.000495,0.001249
0,0.012459,-0.139957,0.067184,-0.049953,0.080513,-0.015081,0.000217,0.002443
0,0.037777,-0.029506,0.016346,0.125978,0.031315,0.112466,0.000659,0.000515
0,1.54977,0.170348,1.49005,0.21907,1.494364,0.185303,0.000285,0.002973
0,3.251827,0.394668,1.673745,0.233412,1.679073,0.250524,0.003229,0.000197
0,2.835904,0.516212,-0.390317,0.10335,-0.409773,0.103627,0.00266,0.002319
0,2.77093,0.384474,-0.073088,-0.130825,-0.102565,-0.098114,0.001526,2e-05
0,2.562852,0.403316,-0.196091,0.019464,-0.159473,0.009539,0.002106,0.000348
0,2.553234,0.477609,0.003067,0.097852,0.035819,0.095995,0.002273,0.001645
0,1.998517,0.400443,-0.529587,-0.054388,-0.496889,-0.028303,0.001427,0.000298
0,1.712793,0.236189,-0.303618,-0.150324,-0.33637,-0.184576,0.003131,0.002569
0,0.994445,0.047622,-0.695822,-0.200021,-0.681657,-0.219136,0.002716,0.000831
0,0.60196,0.003458,-0.394933,-0.016397,-0.355041,0.020423,0.002875,6e-05
0,0.321413,-0.054886,-0.253679,-0.035679,-0.237444,-0.070698,0.001081,0.000958
0,0.053146,-0.106734,-0.266764,-0.03264,-0.255483,0.011887,0.000928,0.001863
0,-0.007095,-0.025626,-0.043679,0.079111,-0.050895,0.099295,0.000124,0.000447
0,-0.309684,0.059056,-0.297466,0.075406,-0.34125,0.058216,0.001286,0.001031
0,-0.287431,0.01926,0.011985,-0.045,-0.001232,-0.0249,0.001674,0.000336
0,-0.218542,-0.237766,0.041281,-0.243731,0.031405,-0.249773,0.002877,0.002541
0,-0.032518,0.090783,0.182661,0.319342,0.216539,0.295357,0.000568,0.001584
0,-0.260711,0.020404,-0.243206,-0.060523,-0.268014,-0.08483,0.002141,0.000356
0,-0.070156,-0.170621,0.189122,-0.176315,0.151226,-0.142295,0.001224,0.002978
0,-0.122302,0.073402,-0.07859,0.239143,-0.094397,0.248224,0.002135,0.001281
0,-0.11724,-0.013575,-0.003488,-0.097098,-0.024339,-0.109312,0.002046,0.000237
0,-0.024672,-0.093652,0.090072,-0.103838,0.1106,-0.147951,0.000431,0.001635
0,-0.124807,0.07838,-0.074695,0.19227,-0.034307,0.158846,0.002178,0.001368
0,-0.035577,0.051699,0.113708,-0.014878,0.084288,0.03062,0.000621,0.000902
0,-0.031468,0.041645,-0.022037,-0.020877,-0.044807,-0.048964,0.000549,0.000727
0,0.039784,0.032425,0.055408,-0.028253,0.094129,-0.035342,0.000694,0.000566
0,-0.073334,0.072144,-0.120698,0.02853,-0.092202,0.00788,0.00128,0.001259
0,-0.087662,0.133725,-0.010444,0.040363,0.036466,-0.002641,0.00153,0.002334
0,-0.139778,-0.03049,-0.038109,-0.149223,-0.076856,-0.122408,0.00244,0.000532
0,0.06149,-0.095251,0.207755,-0.088576,0.193342,-0.116011,0.001073,0.001662
0,-0.010989,-0.092564,-0.051139,0.004893,-0.043986,0.009345,0.000192,0.001616
0,0.115928,-0.011848,0.117578,0.065752,0.13457,0.075191,0.002023,0.000207
0,0.109426,-0.046982,-0.011317,-0.056735,0.02618,-0.059423,0.00191,0.00082
0,0.017604,-0.067956,-0.085952,-0.01239,-0.124101,-0.055269,0.000307,0.001186
0,0.097662,-0.060908,0.0632,-0.008894,0.058857,-0.013266,0.001705,0.001063
0,0.012507,-0.131151,-0.094703,-0.073008,-0.102358,-0.078844,0.000218,0.002289
0,0.044826,-0.090577,0.022351,0.038039,0.033617,0.01074,0.000782,0.001581
0,-0.080433,-0.014867,-0.136704,0.086845,-0.092918,0.050238,0.001404,0.000259
0,-0.030579,-0.116594,0.046994,-0.111314,0.078847,-0.064817,0.000534,0.002035
0,-0.185238,-0.011,-0.180184,0.123728,-0.227901,0.080417,0.003233,0.000192
0,-0.188347,-0.008609,-0.01232,0.015841,0.014105,0.000937,0.003287,0.00015
0,-0.218286,-0.090921,-0.039893,-0.093201,0.006129,-0.137875,0.002881,0.001587
0,-0.04781,0.004396,0.171307,0.066637,0.197195,0.048903,0.000834,7.7e-05
0,-0.097246,-0.060255,-0.07551,-0.05982,-0.094242,-0.023567,0.001697,0.001052
0,-0.074513,-0.00647,0.027303,0.039715,0.039794,0.012669,0.0013,0.000113
0,-0.14842,0.054633,-0.075549,0.048039,-0.081194,0.059906,0.00259,0.000954
0,-0.009858,0.002544,0.163571,-0.072767,0.167146,-0.054987,0.000172,4.4e-05
0,-0.052218,0.059378,-0.046547,0.055203,-0.062521,0.092866,0.000911,0.001036
0,-0.209087,-0.105722,-0.140826,-0.166329,-0.172753,-0.150779,0.003042,0.001845
0,0.053436,-0.007996,0.2727,0.083912,0.259066,0.086242,0.000933,0.00014
0,0.032875,0.027221,-0.006194,0.06121,-0.041511,0.052304,0.000574,0.000475
0,0.112536,0.11174,0.058147,0.108575,0.05175,0.144367,0.001964,0.00195
0,0.104522,-0.0061,-0.021518,-0.105618,-0.005729,-0.146639,0.001824,0.000106
0,-0.054573,-0.07162,-0.139775,-0.051316,-0.121887,-0.077569,0.000952,0.00125
0,0.092486,-0.102176,0.123221,-0.023532,0.074501,-0.002864,0.001614,0.001783
0,0.062997,0.050944,-0.022462,0.127153,-0.057821,0.151673,0.0011,0.000889
0,-0.076164,0.110546,-0.114756,0.067569,-0.099772,0.060389,0.001329,0.001929
0,0.165626,0.080744,0.26743,-0.01024,0.302408,-0.045874,0.002891,0.001409
0,0.1004,-0.020141,-0.059417,-0.106725,-0.048045,-0.112531,0.001752,0.000352
0,0.057341,0.115084,-0.043114,0.160145,-0.002198,0.138004,0.001001,0.002009
0,0.070141,0.151591,0.009522,0.040714,-0.008013,0.081039,0.001224,0.002646
0,0.094413,-0.10065,0.003722,-0.273125,0.034238,-0.257347,0.001648,0.001757
0,0.050059,-0.084587,-0.024601,0.000604,-0.059021,0.01749,0.000874,0.001476
0,0.237624,-0.02063,0.179777,0.050442,0.163195,0.034694,0.002544,0.00036
0,-0.017045,-0.017913,-0.256577,-0.004728,-0.226445,-0.029906,0.000297,0.000313
0,0.053533,-0.000949,0.086261,0.020771,0.072616,0.023002,0.000934,1.7e-05
0,0.05216,-0.051773,0.01459,-0.03874,0.002524,-0.038939,0.00091,0.000904
0,0.06315,0.070156,0.003222,0.150715,0.031719,0.120966,0.001102,0.001224
0,0.028465,0.144808,-0.030196,0.051127,-0.025649,0.012031,0.000497,0.002527
0,-0.046914,0.047349,-0.061585,-0.092376,-0.033656,-0.118135,0.000819,0.000826
0,-0.023618,0.058564,0.043068,-0.004523,0.014576,-0.025154,0.000412,0.001022
0,-0.050782,-0.013103,-0.014763,-0.049255,0.006831,-0.047003,0.000886,0.000229
0,0.008814,0.063211,0.064564,0.073129,0.030627,0.100648,0.000154,0.001103
0,-0.069999,-0.082104,-0.076662,-0.175232,-0.056094,-0.147587,0.001222,0.001433
0,-0.034371,0.064858,0.012058,0.155678,0.01798,0.134953,0.0006,0.001132
0,-0.026845,-0.015677,-0.015727,-0.092013,0.017005,-0.109121,0.000469,0.000274
0,-0.099661,-0.109438,-0.0881,-0.103161,-0.090371,-0.093726,0.001739,0.00191
0,-0.139068,0.11823,-0.019185,0.228243,-0.004547,0.237081,0.002427,0.002064
0,0.130607,0.071413,0.294466,-0.052421,0.29543,-0.094044,0.00228,0.001246
0,0.231266,0.078591,0.083988,-0.000549,0.106169,-0.040386,0.002654,0.001372
0,0.269413,0.160369,0.01914,0.068424,-0.01646,0.04214,0.001989,0.002799
0,0.298124,0.463735,0.044381,0.283844,0.068357,0.298084,0.001488,0.001403
0,0.299028,0.267453,0.018365,-0.197073,-0.024126,-0.151987,0.001472,0.002023
0,0.505104,0.286171,0.209956,0.012781,0.162542,0.039536,0.002125,0.001696
0,0.299047,0.12458,-0.178603,-0.159704,-0.172116,-0.200671,0.001471,0.002174
0,0.16187,0.142681,-0.155643,-0.000548,-0.203501,0.037247,0.002825,0.00249
0,0.102342,0.097747,-0.087357,-0.017293,-0.070959,0.025004,0.001786,0.001706
0,0.132765,0.10008,0.019979,0.011307,0.069031,-0.026551,0.002317,0.001747
0,0.095948,0.037184,-0.026581,-0.087434,-0.018126,-0.101943,0.001675,0.000649
0,0.104618,0.210105,0.023237,0.187412,0.025716,0.216535,0.001826,0.003024
0,-0.004956,0.1375,-0.106613,-0.102476,-0.125262,-0.146324,8.7e-05,0.0024
0,0.215008,0.066655,0.235077,-0.080947,0.277822,-0.114491,0.002938,0.001163
0,-0.010974,-0.026665,-0.19748,-0.081989,-0.190554,-0.056271,0.000192,0.000465
0,0.168317,0.056853,0.194311,0.057144,0.154585,0.018896,0.002938,0.000992
0,-0.082468,0.169137,-0.234114,0.120669,-0.24805,0.16457,0.001439,0.002952
0,-0.097095,-0.020504,-0.026398,-0.171225,0.018969,-0.15178,0.001695,0.000358
0,0.159234,0.100234,0.265064,0.145841,0.275415,0.17299,0.002779,0.001749
0,0.139677,-0.024372,-0.040937,-0.130269,-0.050827,-0.149153,0.002438,0.000425
0,0.104328,0.056118,-0.031026,0.05933,0.005247,0.078463,0.001821,0.000979
0,0.039037,0.113054,-0.041139,0.08295,-0.00478,0.034868,0.000681,0.001973
0,-0.131597,0.0598,-0.180092,-0.062188,-0.137638,-0.021539,0.002297,0.001044
0,-0.193366,-0.007064,-0.079304,-0.075005,-0.080806,-0.064429,0.003316,0.000123
0,-0.05418,-0.136353,0.154701,-0.119879,0.159189,-0.128815,0.000946,0.00238
0,-0.001429,0.051056,0.059231,0.163877,0.090913,0.154382,2.5e-05,0.000891
0,-0.224814,0.014587,-0.225613,-0.04279,-0.240298,-0.026886,0.002767,0.000255
0,-0.011838,0.014603,0.194553,0.012849,0.153178,-0.023382,0.000207,0.000255
0,-0.034695,-0.099968,-0.009433,-0.08987,0.027329,-0.130502,0.000606,0.001745
0,0.033163,0.059163,0.081199,0.133281,0.10121,0.164227,0.000579,0.001033
0,0.029225,0.041582,-0.018281,-0.012225,-0.027365,-0.006379,0.00051,0.000726
0,0.066196,-0.071949,0.040871,-0.141479,0.06471,-0.143722,0.001155,0.001256
0,0.054373,-0.027923,-0.003181,0.034004,-0.025592,0.046046,0.000949,0.000487
0,-0.123895,0.081673,-0.187515,0.13199,-0.229398,0.180573,0.002162,0.001425
0,0.033915,-0.057335,0.129726,-0.126602,0.124292,-0.09424,0.000592,0.001001
0,-0.168345,0.046612,-0.18086,0.092689,-0.206388,0.100883,0.002938,0.000814
0,-0.097893,-0.050008,0.040753,-0.084286,0.085187,-0.074651,0.001709,0.000873
0,-0.001547,-0.142775,0.086406,-0.109375,0.045085,-0.131473,2.7e-05,0.002492
0,-0.145641,-0.052343,-0.164711,0.090878,-0.118233,0.067524,0.002542,0.000914
0,-0.122035,-0.046599,0.004179,0.003886,-0.033644,0.037248,0.00213,0.000813
0,-0.207422,0.098078,-0.09226,0.166095,-0.136752,0.16674,0.003071,0.001712
0,-0.10909,-0.01933,0.116694,-0.106868,0.089327,-0.064452,0.001904,0.000337
0,-0.247945,0.100514,-0.144206,0.115438,-0.130885,0.141337,0.002363,0.001754
0,0.035418,0.075751,0.272609,-0.000115,0.302872,-0.028722,0.000618,0.001322
0,-0.225537,-0.087844,-0.246909,-0.171711,-0.250924,-0.142565,0.002754,0.001533
0,-0.207819,-0.104986,-0.007709,-0.009917,0.023354,0.027177,0.003064,0.001832
0,-0.169488,-0.15747,0.054524,-0.04796,0.01955,-0.063913,0.002958,0.002748
0,-0.03462,-0.198579,0.119588,-0.033782,0.151778,-0.032644,0.000604,0.003225
0,-0.017967,0.053603,0.029567,0.241409,-0.005358,0.240974,0.000314,0.000936
0,0.107866,-0.159862,0.13134,-0.198814,0.161318,-0.179422,0.001883,0.00279
0,-0.068335,0.067556,-0.202101,0.231312,-0.238104,0.271839,0.001193,0.001179
0,-0.10799,-0.173521,-0.035772,-0.2257,0.00459,-0.194365,0.001885,0.003029
0,-0.139792,-0.052054,-0.009706,0.124593,0.005971,0.160362,0.00244,0.000909
0,-0.063438,-0.206142,0.077694,-0.15608,0.118445,-0.123064,0.001107,0.003093
0,0.041643,-0.075504,0.134217,0.112221,0.172542,0.08735,0.000727,0.001318
0,-0.070449,-0.066862,-0.097534,-0.014711,-0.062774,0.022839,0.00123,0.001167
0,0.065377,-0.162,0.151074,-0.110554,0.122894,-0.103279,0.001141,0.002827
0,0.15831,-0.119526,0.102556,0.023522,0.097798,0.014204,0.002763,0.002086
0,-0.168849,-0.006137,-0.300941,0.116131,-0.258349,0.116402,0.002947,0.000107
0,-0.207374,-0.171442,-0.03561,-0.183927,-0.076323,-0.198668,0.003071,0.002992
0,-0.058894,-0.039174,0.170741,0.124561,0.152281,0.122474,0.001028,0.000684
0,-0.155017,-0.143511,-0.124397,-0.087462,-0.165615,-0.128348,0.002706,0.002505
0,-0.107006,-0.2138,0.055268,-0.066889,0.025789,-0.058659,0.001868,0.002959
0,-0.064596,0.030051,0.049399,0.245079,0.036461,0.219869,0.001127,0.000524
0,-0.053374,-0.099359,0.01855,-0.152422,0.067324,-0.150231,0.000932,0.001734
0,0.037039,-0.100238,0.11165,0.016991,0.065135,0.04254,0.000646,0.001749
0,0.094127,0.008146,0.036576,0.1035,0.068041,0.090966,0.001643,0.000142
0,0.005046,-0.093059,-0.109685,-0.11145,-0.080009,-0.146099,8.8e-05,0.001624
0,0.175557,-0.133039,0.189914,-0.047021,0.180441,-0.017932,0.003064,0.002322
0,-0.021552,0.1004,-0.19004,0.24747,-0.23303,0.216987,0.000376,0.001752
0,-0.047344,-0.032795,-0.022095,-0.119399,-0.015863,-0.143981,0.000826,0.000572
0,0.032353,-0.131525,0.054392,-0.115437,0.048472,-0.150011,0.000565,0.002296
0,0.195022,-0.022796,0.164352,0.121513,0.11669,0.091532,0.003287,0.000398
0,0.071714,-0.082184,-0.112624,-0.058278,-0.132062,-0.011578,0.001252,0.001434
0,0.27281,0.034081,0.196884,0.113893,0.152538,0.122048,0.001929,0.000595
0,0.235049,-0.071398,-0.056355,-0.086536,-0.013901,-0.055896,0.002588,0.001246
0,0.133015,-0.064758,-0.111619,-0.009425,-0.134519,-0.022586,0.002322,0.00113
0,0.149882,0.051278,0.016656,0.11913,0.05071,0.104523,0.002616,0.000895
0,0.11846,-0.153991,-0.057468,-0.222581,-0.03676,-0.237582,0.002068,0.002688
0,0.081681,-0.033565,-0.009975,0.126384,-0.058031,0.086566,0.001426,0.000586
0,-0.080613,0.00941,-0.154888,0.050249,-0.190088,0.072064,0.001407,0.000164
0,-0.0219,0.001553,0.031649,-0.035781,0.003035,-0.078996,0.000382,2.7e-05
0,0.029534,-0.043122,0.04548,-0.043683,0.063513,-0.0738,0.000515,0.000753
0,0.101258,-0.040494,0.095955,-0.011579,0.058686,-0.0279,0.001767,0.000707
0,-0.041461,0.026418,-0.121162,0.074678,-0.151011,0.043405,0.000724,0.000461
0,0.14823,-0.02207,0.201648,-0.032968,0.181212,-0.051364,0.002587,0.000385
0,0.030409,-0.071207,-0.093849,-0.054816,-0.073655,-0.046471,0.000531,0.001243
0,0.052943,-0.16204,0.025083,-0.099872,0.056394,-0.065481,0.000924,0.002828
0,-0.047979,-0.057944,-0.105704,0.108465,-0.078678,0.06553,0.000837,0.001011
0,-0.101587,-0.181705,-0.045366,-0.117093,-0.049396,-0.095558,0.001773,0.003171
0,-0.084771,0.031676,0.039943,0.22675,0.045783,0.244181,0.00148,0.000553
0,0.105632,0.030199,0.179508,0.008898,0.16083,0.037171,0.001844,0.000527
0,-0.102616,-0.105634,-0.19445,-0.142054,-0.234045,-0.140273,0.001791,0.001844
0,-0.110539,-0.03138,-0.036625,0.100385,-0.054557,0.120633,0.001929,0.000548
0,0.035571,0.164177,0.153625,0.202084,0.195309,0.244927,0.000621,0.002865
0,0.124707,-0.134822,0.060431,-0.286835,0.082447,-0.272051,0.002177,0.002353
0,-0.100491,0.047561,-0.21019,0.186513,-0.244674,0.213331,0.001754,0.00083
0,-0.066967,-0.029363,0.059137,-0.084658,0.098414,-0.120234,0.001169,0.000512
0,-0.139742,0.139464,-0.100634,0.144423,-0.146762,0.148819,0.002439,0.002434
0,-0.067669,0.175662,0.082303,0.032299,0.062398,0.03284,0.001181,0.003066
0,-0.10869,0.165932,-0.015056,-0.037296,0.008039,0.007255,0.001897,0.002896
0,-0.160954,-0.103302,-0.060831,-0.281947,-0.033119,-0.30748,0.002809,0.001803
0,-0.172799,0.035923,0.015901,0.116376,0.007703,0.150321,0.003016,0.000627
0,-0.146103,-0.030252,0.035156,-0.067123,0.014479,-0.048506,0.00255,0.000528
0,0.086124,0.038092,0.258075,0.04901,0.217199,0.081666,0.001503,0.000665
0,-0.098203,0.000261,-0.213236,-0.065276,-0.231168,-0.049937,0.001714,5e-06
0,0.15645,0.04926,0.283152,0.043968,0.306749,0.036655,0.002731,0.00086
0,0.049189,-0.052496,-0.086359,-0.08733,-0.067947,-0.092098,0.000859,0.000916
0,-0.109415,-0.058218,-0.155147,-0.017679,-0.189401,-0.060117,0.00191,0.001016
0,-0.009933,-0.104956,0.128813,-0.038879,0.087478,-0.053108,0.000173,0.001832
0,0.044243,0.151449,0.044419,0.257991,0.07153,0.290458,0.000772,0.002643
0,-0.168665,-0.100271,-0.209712,-0.22421,-0.183572,-0.250375,0.002944,0.00175
0,-0.155504,0.148907,0.022507,0.269236,-0.007389,0.226698,0.002714,0.002599
0,-0.013045,0.099794,0.15381,-0.024731,0.180963,-0.030341,0.000228,0.001742
0,0.00247,0.001899,0.04249,-0.06892,0.002345,-0.105484,4.3e-05,3.3e-05
0,-0.237334,0.057716,-0.229175,0.066701,-0.237696,0.053518,0.002549,0.001007
0,-0.071867,0.123855,0.168751,0.037656,0.198943,0.028531,0.001254,0.002162
0,-0.014879,0.055049,0.038923,-0.054684,0.028345,-0.07366,0.00026,0.000961
0,0.061456,-0.04883,0.101008,-0.116121,0.131329,-0.156202,0.001073,0.000852
0,-0.068771,-0.008436,-0.102054,0.016418,-0.112743,-0.000853,0.0012,0.000147
0,-0.041284,0.050243,0.029033,0.056815,0.036252,0.071918,0.000721,0.000877
0,0.107415,0.029243,0.142919,-0.011831,0.192759,-0.002738,0.001875,0.00051
0,-0.045976,-0.021664,-0.183248,-0.042854,-0.211972,-0.012295,0.000802,0.000378
0,-0.033403,-0.112619,-0.005336,-0.108314,-0.041627,-0.140862,0.000583,0.001966
0,-0.011281,0.104191,0.032107,0.220807,0.051212,0.174874,0.000197,0.001818
0,-0.187464,-0.07331,-0.165874,-0.181879,-0.21173,-0.190437,0.003272,0.00128
0,-0.010709,0.148642,0.174606,0.233186,0.181616,0.275972,0.000187,0.002594
0,-0.167742,-0.0748,-0.182652,-0.2243,-0.215977,-0.232193,0.002928,0.001305
0,-0.111,-0.058194,0.040724,0.025944,0.065865,0.033654,0.001937,0.001016
0,-0.000308,0.118649,0.118421,0.192545,0.120467,0.212138,5e-06,0.002071
0,-0.13575,0.103116,-0.136479,-0.010046,-0.117449,0.029803,0.002369,0.0018
0,-0.147967,-0.047624,-0.021987,-0.126395,0.009504,-0.118829,0.002583,0.000831
0,-0.229671,0.118811,-0.07174,0.178096,-0.03237,0.136988,0.002682,0.002074
0,0.028401,-0.002106,0.236907,-0.113644,0.222831,-0.0696,0.000496,3.7e-05
0,0.025254,0.125726,-0.015854,0.136392,-0.020891,0.148416,0.000441,0.002194
0,-0.04037,0.132447,-0.069278,-0.004376,-0.043474,-0.002408,0.000705,0.002312
0,-0.161588,0.095612,-0.145134,-0.053236,-0.186171,-0.068873,0.00282,0.001669
0,-0.186093,0.059777,-0.014258,-0.033742,-0.051606,-0.062621,0.003248,0.001043
0,-0.220342,0.053208,-0.048136,0.005785,-0.035213,-0.028897,0.002845,0.000929
0,0.039288,-0.009009,0.267617,-0.073516,0.27246,-0.046346,0.000686,0.000157
0,-0.100584,-0.033153,-0.134585,-0.022915,-0.087275,0.007564,0.001756,0.000579
0,-0.190404,0.030988,-0.086973,0.072731,-0.13624,0.05724,0.003323,0.000541
0,-0.04228,-0.033481,0.135331,-0.091315,0.096827,-0.098228,0.000738,0.000584
0,-0.171443,-0.14158,-0.151292,-0.106855,-0.176259,-0.131822,0.002992,0.002471
0,-0.018642,-0.145514,0.14867,-0.027776,0.177149,-0.035563,0.000325,0.00254
0,-0.01342,0.118319,0.029585,0.263978,0.021224,0.235348,0.000234,0.002065
0,0.097491,-0.075993,0.11014,-0.177623,0.130053,-0.196897,0.001702,0.001326
0,0.076225,0.042204,-0.0439,0.103906,-0.021843,0.070605,0.00133,0.000737
0,-0.041086,0.110275,-0.123212,0.071552,-0.1427,0.079885,0.000717,0.001925
0,-0.092412,-0.111146,-0.027797,-0.205531,0.019469,-0.192473,0.001613,0.00194
0,-0.117397,-0.10824,-0.027248,-0.001022,-0.011617,0.012751,0.002049,0.001889
0,-0.04558,0.097058,0.088692,0.231083,0.053516,0.264498,0.000796,0.001694
0,-0.079792,0.086025,-0.027873,-8.5e-05,-0.059046,0.015572,0.001393,0.001501
0,0.078424,0.129426,0.186268,0.069909,0.214928,0.04316,0.001369,0.002259
0,-0.10438,0.154674,-0.183931,0.02436,-0.207442,0.017464,0.001822,0.0027
0,-0.012222,-0.13683,0.109173,-0.308983,0.071852,-0.284411,0.000213,0.002388
0,-0.048809,-0.098681,-0.045984,0.045034,-0.039278,0.088737,0.000852,0.001722
0,0.001244,-0.045538,0.022351,0.066267,-0.007336,0.052711,2.2e-05,0.000795
0,-0.161428,0.050617,-0.179705,0.084087,-0.177083,0.045326,0.002817,0.000883
0,-0.225106,-0.101949,-0.06669,-0.134697,-0.021047,-0.136416,0.002762,0.001779
0,-0.006007,0.016884,0.241327,0.114259,0.262992,0.101084,0.000105,0.000295
0,-0.019609,0.126814,-0.027004,0.132712,-0.064004,0.129915,0.000342,0.002213
0,0.013105,-0.018495,0.023104,-0.158653,0.059389,-0.136305,0.000229,0.000323
0,-0.268194,0.047732,-0.266159,0.041257,-0.249243,-0.004117,0.00201,0.000833
0,-0.249098,-0.015002,0.020691,-0.092084,-0.007915,-0.140952,0.002343,0.000262
0,-0.13276,-0.055995,0.08738,-0.032235,0.080376,-0.007514,0.002317,0.000977
0,-0.197467,0.021961,-0.042301,0.093914,-0.046032,0.09155,0.003244,0.000383
0,0.043432,-0.319223,0.252353,-0.359282,0.225347,-0.376022,0.000758,0.001119
0,0.16341,-0.273273,0.1376,0.016207,0.093969,0.042542,0.002852,0.001921
0,0.212625,-0.470176,0.057245,-0.184551,0.05655,-0.20824,0.00298,0.001515
0,0.020546,-0.235972,-0.172569,0.208598,-0.16011,0.203442,0.000359,0.002572
0,0.098252,-0.205173,0.055719,0.022807,0.044814,0.002306,0.001715,0.00311
0,0.104274,-0.041609,0.015194,0.145668,0.002475,0.183034,0.00182,0.000726
0,0.093306,-0.060577,-0.013098,0.009963,-0.050087,-0.009883,0.001629,0.001057
0,0.080472,-0.010457,-0.03746,0.049948,-0.027379,0.093658,0.001405,0.000183
0,0.04811,-0.217765,-0.004817,-0.215534,-0.047258,-0.191046,0.00084,0.00289
0,0.071588,0.066322,0.04884,0.27685,0.084954,0.249318,0.001249,0.001158
0,-0.049985,-0.088502,-0.142183,-0.147972,-0.15763,-0.195298,0.000872,0.001545
0,-0.105465,0.199361,-0.064477,0.264068,-0.089333,0.293114,0.001841,0.003211
0,-0.061538,0.00244,0.060549,-0.174401,0.107982,-0.127954,0.001074,4.3e-05
0,0.136841,-0.042385,0.200342,-0.048822,0.157555,-0.040275,0.002388,0.00074
0,0.196671,0.035481,0.089238,0.106363,0.084213,0.137948,0.003258,0.000619
0,-0.089854,-0.10473,-0.260519,-0.159172,-0.222682,-0.191899,0.001568,0.001828
0,0.069193,0.089078,0.155021,0.206266,0.171021,0.239579,0.001208,0.001555
0,0.027724,0.083942,-0.037929,-0.023268,-0.060324,0.025298,0.000484,0.001465
0,0.032025,-0.043571,0.020268,-0.146733,0.032917,-0.129647,0.000559,0.00076
0,-0.093943,-0.158042,-0.140218,-0.107053,-0.114321,-0.116068,0.00164,0.002758
0,-0.180554,0.089586,-0.071955,0.263294,-0.062876,0.296093,0.003151,0.001564
0,0.070271,-0.117735,0.27523,-0.187279,0.30125,-0.23223,0.001226,0.002055
0,0.044267,-0.004816,-0.037984,0.100498,-0.037113,0.101545,0.000773,8.4e-05
0,-0.103413,0.007652,-0.159051,-0.006732,-0.164258,-0.023986,0.001805,0.000134
0,-0.061984,-0.095355,0.044476,-0.131964,0.093691,-0.160161,0.001082,0.001664
0,-0.014365,-0.129214,0.040246,-0.020626,0.042098,0.014808,0.000251,0.002255
0,-0.163522,-0.00018,-0.13749,0.148788,-0.116337,0.179984,0.002854,3e-06
0,-0.151021,-0.145982,0.00685,-0.13555,-0.015588,-0.113753,0.002636,0.002548
0,-0.052637,-0.157548,0.08019,-0.005692,0.047579,-0.036696,0.000919,0.00275
0,-0.013175,0.03565,0.01256,0.216801,-0.012799,0.173538,0.00023,0.000622
0,-0.10588,-0.138891,-0.10646,-0.172054,-0.118902,-0.186326,0.001848,0.002424
0,0.119363,-0.047728,0.213251,0.073061,0.25752,0.110126,0.002083,0.000833
0,-0.15098,-0.152344,-0.272203,-0.075916,-0.230829,-0.112475,0.002635,0.002659
0,-0.159124,-0.02173,0.012431,0.113753,0.049516,0.064584,0.002777,0.000379
0,-0.086248,-0.064166,0.075299,-0.043823,0.075884,-0.009798,0.001505,0.00112
0,0.068646,0.020113,0.147164,0.086675,0.111756,0.124152,0.001198,0.000351
0,0.017173,-0.084633,-0.046074,-0.12122,-0.093394,-0.148935,0.0003,0.001477
0,0.058062,-0.040578,0.052779,0.067101,0.052066,0.116348,0.001013,0.000708
0,-0.033059,0.021126,-0.071409,0.059809,-0.108994,0.03392,0.000577,0.000369
0,-0.282043,-0.164771,-0.224896,-0.156498,-0.190159,-0.123939,0.001768,0.002876
0,-0.039207,-0.051447,0.252515,0.104535,0.254808,0.150901,0.000684,0.000898
0,-0.194223,-0.169866,-0.153348,-0.12617,-0.183182,-0.104699,0.003301,0.002965
0,-0.057556,0.025235,0.117294,0.215911,0.136926,0.242977,0.001005,0.00044
0,-0.210624,-0.16578,-0.132033,-0.166747,-0.167888,-0.215395,0.003015,0.002893
0,-0.099343,-0.208105,0.088922,-0.041471,0.134625,-0.000524,0.001734,0.003059
0,-0.15419,0.0623,-0.055222,0.282152,-0.079076,0.294373,0.002691,0.001087
0,-0.054176,-0.14097,0.115245,-0.232175,0.122452,-0.206998,0.000946,0.00246
0,-0.093218,0.044623,-0.033716,0.164373,-0.077675,0.12678,0.001627,0.000779
0,-0.218517,0.038598,-0.106911,0.001466,-0.099596,0.038208,0.002877,0.000674
0,-0.179141,-0.033459,0.042957,-0.092178,0.077005,-0.080542,0.003127,0.000584
0,-0.258954,-0.18614,-0.076765,-0.160202,-0.102271,-0.210024,0.002171,0.003249
0,-0.216707,-0.054542,0.03453,0.133061,0.050138,0.126055,0.002909,0.000952
0,-0.297393,-0.03123,-0.092819,0.033587,-0.099105,-0.014379,0.0015,0.000545
0,-0.103815,-0.180099,0.17281,-0.133572,0.159737,-0.182536,0.001812,0.003143
0,-0.08586,-0.082849,0.03901,0.083598,0.084267,0.120574,0.001499,0.001446
0,-0.139758,-0.136377,-0.030238,-0.026017,-0.041585,-0.009548,0.002439,0.00238
0,-0.345112,0.010355,-0.198922,0.128546,-0.23791,0.122209,0.000667,0.000181
0,-0.15565,0.070244,0.204116,0.064925,0.196925,0.067303,0.002717,0.001226
0,-0.260328,-0.095723,-0.092054,-0.171773,-0.048451,-0.126905,0.002147,0.001671
0,-0.14981,0.036214,0.09365,0.145251,0.06313,0.166233,0.002615,0.000632
0,-0.288879,-0.206566,-0.116793,-0.237862,-0.099555,-0.270009,0.001649,0.003086
0,-0.167512,0.008942,0.115607,0.208342,0.067036,0.165996,0.002924,0.000156
0,-0.152844,-0.05517,-0.006217,-0.045792,-0.052214,-0.057761,0.002668,0.000963
0,-0.218482,-0.040762,-0.043741,0.000267,-0.006594,-0.029222,0.002878,0.000711
0,0.069563,0.034249,0.26545,0.080707,0.24444,0.051798,0.001214,0.000598
0,-0.011929,-0.154819,-0.080828,-0.189943,-0.032842,-0.146703,0.000208,0.002702
0,0.026545,-0.164939,0.059279,-0.014219,0.090038,-0.061998,0.000463,0.002879
0,-0.238426,-0.088473,-0.281983,0.078127,-0.236182,0.060938,0.002529,0.001544
0,-0.175746,0.027817,0.033329,0.110881,-0.010155,0.108094,0.003067,0.000486
0,-0.268322,-0.167316,-0.084041,-0.217333,-0.065183,-0.239044,0.002008,0.00292
0,-0.333574,-0.026711,-0.079224,0.163544,-0.101436,0.121266,0.000869,0.000466
0,-0.093213,-0.158903,0.226301,-0.135128,0.258298,-0.109203,0.001627,0.002773
0,-0.115622,0.061031,-0.003428,0.231978,0.017387,0.212682,0.002018,0.001065
0,-0.201738,-0.149315,-0.079369,-0.227485,-0.078655,-0.260157,0.00317,0.002606
0,-0.099255,0.065021,0.081255,0.200026,0.113053,0.197146,0.001732,0.001135
0,-0.232502,0.098805,-0.147004,0.040499,-0.137751,0.018591,0.002633,0.001724
0,-0.050861,0.085288,0.205272,-0.027944,0.203367,-0.023041,0.000888,0.001489
0,-0.044003,-0.103526,0.014929,-0.16878,-0.030383,-0.1457,0.000768,0.001807
0,0.096345,-0.047092,0.165448,0.079214,0.117187,0.082667,0.001682,0.000822
0,0.095787,0.078471,-0.011452,0.150159,-0.017671,0.15908,0.001672,0.00137
0,-0.107215,0.109735,-0.195508,0.017418,-0.154711,0.02727,0.001871,0.001915
0,-0.192174,0.103729,-0.10021,0.006489,-0.060835,-0.033463,0.003337,0.00181
0,0.016686,0.183579,0.227597,0.090747,0.219595,0.069023,0.000291,0.003204
0,0.091057,-0.04279,0.065941,-0.227092,0.035903,-0.211217,0.001589,0.000747
0,-0.018215,0.074474,-0.1103,0.108605,-0.075267,0.08581,0.000318,0.0013
0,-0.166373,0.173351,-0.152269,0.10174,-0.107948,0.144237,0.002904,0.003026
0,-0.052046,0.15588,0.106878,0.000372,0.08144,-0.022293,0.000908,0.002721
0,-0.060092,0.085567,-0.034039,-0.046513,-0.006241,-0.049841,0.001049,0.001493
0,-0.172774,0.10989,-0.135906,0.04996,-0.123949,0.093284,0.003015,0.001918
0,-0.296327,0.104313,-0.112426,0.017169,-0.119424,0.053681,0.001519,0.001821
0,-0.284671,0.108165,0.027694,-0.014709,0.008093,0.020761,0.001722,0.001888
0,-0.202416,0.08174,0.105898,-0.04989,0.108369,-0.073548,0.003158,0.001427
0,-0.035769,0.06934,0.164549,0.00854,0.177123,0.051969,0.000624,0.00121
0,-0.010498,0.15603,0.010689,0.094515,-0.001406,0.085315,0.000183,0.002723
0,-0.031421,0.048068,-0.041984,-0.086609,-0.031654,-0.112923,0.000548,0.000839
0,-0.11705,0.023617,-0.06214,-0.041365,-0.080875,-0.090435,0.002043,0.000412
0,-0.177073,0.146299,-0.055603,0.104041,-0.032991,0.090042,0.003091,0.002553
0,-0.242362,0.243604,-0.06992,0.105306,-0.112873,0.136082,0.002461,0.002439
0,-0.162285,0.134624,0.066804,-0.137762,0.093977,-0.169258,0.002832,0.00235
0,-0.007518,0.199062,0.161777,0.087506,0.179804,0.056857,0.000131,0.003217
0,-0.042424,0.129013,-0.023118,-0.083113,0.013001,-0.105873,0.00074,0.002252
0,-0.258678,0.074844,-0.223478,-0.064132,-0.233533,-0.020536,0.002176,0.001306
0,-0.126535,-0.042142,0.132759,-0.144446,0.101974,-0.126099,0.002208,0.000736
0,-0.151713,-0.032659,-0.044359,-0.011346,-0.084767,-0.055682,0.002648,0.00057
0,-0.079075,-0.010074,0.081278,0.01319,0.063836,-0.027955,0.00138,0.000176
0,-0.182163,0.195207,-0.074183,0.202731,-0.094651,0.179347,0.003179,0.003284
0,-0.180336,0.054556,-0.019228,-0.169224,-0.040534,-0.132872,0.003147,0.000952
0,-0.016863,0.16292,0.192806,0.083701,0.228685,0.101516,0.000294,0.002843
0,-0.245202,0.040422,-0.219443,-0.099852,-0.229562,-0.134051,0.002411,0.000706
0,-0.169832,0.153292,0.080052,0.090121,0.100173,0.079612,0.002964,0.002675
0,-0.032572,-0.052863,0.124278,-0.192676,0.149126,-0.158637,0.000568,0.000923
0,-0.024372,0.19936,0.033924,0.273829,-0.010015,0.232681,0.000425,0.003211
0,-0.167318,0.197501,-0.115299,0.011877,-0.16215,-0.011545,0.00292,0.003244
0,0.151367,-0.05836,0.334938,-0.264309,0.335672,-0.303853,0.002642,0.001019
0,-0.053117,0.109249,-0.178773,0.176631,-0.186714,0.183292,0.000927,0.001907
0,-0.136493,0.137467,-0.054047,0.023329,-0.045182,0.039828,0.002382,0.002399
0,0.060682,0.042509,0.202205,-0.110503,0.237083,-0.112836,0.001059,0.000742
0,-0.158717,0.12761,-0.213448,0.097991,-0.206416,0.06965,0.00277,0.002227
0,-0.136798,0.117603,-0.000807,0.011006,-0.000327,0.039258,0.002388,0.002053
0,-0.104424,-0.073708,0.061442,-0.172407,0.091624,-0.140355,0.001823,0.001286
0,-0.059608,0.052774,0.034498,0.103034,-0.006925,0.148634,0.00104,0.000921
0,-0.208775,0.160142,-0.130909,0.090212,-0.123381,0.101179,0.003047,0.002795
0,0.010134,-0.091733,0.218717,-0.265435,0.212189,-0.290681,0.000177,0.001601
0,-0.102752,-0.01203,-0.088265,0.084688,-0.125742,0.035728,0.001793,0.00021
0,-0.115766,0.047879,0.016242,0.045145,0.048309,0.001498,0.00202,0.000836
0,-0.084149,-0.057121,0.055255,-0.077938,0.061107,-0.069472,0.001469,0.000997
0,-0.199121,0.06215,-0.098141,0.11768,-0.098669,0.097732,0.003216,0.001085
0,-0.04122,0.187629,0.182235,0.137902,0.215482,0.153537,0.000719,0.003275
0,-0.100752,0.033328,-0.065218,-0.179819,-0.102718,-0.2108,0.001758,0.000582
0,-0.023413,0.113197,0.05471,0.085396,0.063946,0.092695,0.000409,0.001976
0,-0.049111,-0.090334,-0.053685,-0.194683,-0.081406,-0.207453,0.000857,0.001577
0,0.099444,0.009441,0.119307,0.125304,0.107274,0.12655,0.001736,0.000165
0,-0.131112,-0.092411,-0.251034,-0.114761,-0.235673,-0.117336,0.002288,0.001613
0,-0.132828,0.126495,-0.023272,0.220372,-0.015644,0.172491,0.002318,0.002208
0,-0.120336,0.095258,0.018392,-0.041493,0.054036,0.006821,0.0021,0.001663
0,0.04414,-0.082181,0.136481,-0.175394,0.148376,-0.191762,0.00077,0.001434
0,-0.013195,0.011355,-0.078641,0.090513,-0.112648,0.088029,0.00023,0.000198
0,-0.045843,0.033961,-0.058969,0.015084,-0.101276,-0.022671,0.0008,0.000593
0,-0.131476,0.117937,-0.099301,0.073057,-0.145987,0.04184,0.002295,0.002058
0,-0.138293,-0.133173,0.001691,-0.253707,0.017598,-0.277094,0.002414,0.002324
0,0.121456,-0.044763,0.279177,0.087719,0.269865,0.088437,0.00212,0.000781
0,0.08054,0.151678,-0.022976,0.218682,-0.031656,0.211374,0.001406,0.002647
0,-0.0098,0.165421,-0.064148,0.037008,-0.025738,0.057928,0.000171,0.002887
0,-0.024284,0.159685,-0.030426,0.018375,-0.01981,0.055137,0.000424,0.002787
0,-0.056522,-0.008747,-0.011216,-0.151041,-0.021125,-0.158864,0.000986,0.000153
0,-0.24316,0.148426,-0.210875,0.137192,-0.200681,0.093594,0.002447,0.002591
0,-0.186622,-0.129821,0.058383,-0.257297,0.088808,-0.247189,0.003257,0.002266
0,-0.004182,-0.141002,0.176227,-0.023531,0.141357,-0.014526,7.3e-05,0.002461
0,-0.251556,-0.039259,-0.24155,0.109744,-0.281421,0.068564,0.0023,0.000685
0,-0.07797,-0.163953,0.188425,-0.147453,0.213009,-0.170549,0.001361,0.002862
0,-0.044711,0.029063,0.036048,0.193747,0.052283,0.225719,0.00078,0.000507
0,0.026002,0.080329,0.070338,0.069883,0.097532,0.119421,0.000454,0.001402
0,0.004164,0.116974,-0.022376,0.060106,0.00507,0.017069,7.3e-05,0.002042
0,-0.081226,0.141157,-0.078232,0.009886,-0.113471,0.053074,0.001418,0.002464
0,-0.152007,-0.132042,-0.056435,-0.281509,-0.105579,-0.258546,0.002653,0.002305
0,-0.072563,0.03001,0.088845,0.147251,0.073257,0.145025,0.001266,0.000524
0,0.08246,-0.043101,0.163807,-0.07281,0.171618,-0.067615,0.001439,0.000752
0,-0.093948,0.048748,-0.170043,0.065503,-0.143132,0.050188,0.00164,0.000851
0,0.014413,-0.097484,0.128702,-0.123501,0.081446,-0.15644,0.000252,0.001701
0,0.091438,-0.083797,0.090565,0.026418,0.115476,0.043173,0.001596,0.001463
0,-0.134388,-0.004916,-0.252559,0.066809,-0.212988,0.056255,0.002346,8.6e-05
0,-0.138075,0.055609,-0.015465,0.032697,-0.031604,0.060536,0.00241,0.000971
0,-0.184679,-0.187415,-0.035371,-0.239879,-0.060757,-0.194748,0.003223,0.003271
0,-0.010982,0.034152,0.182622,0.217785,0.16065,0.196403,0.000192,0.000596
0,-0.005745,0.06073,0.02601,-0.002993,0.008604,-3.4e-05,0.0001,0.00106
0,0.099928,-0.062186,0.124636,-0.139151,0.172892,-0.143216,0.001744,0.001085
0,-0.16613,0.026697,-0.261152,0.105274,-0.268141,0.069898,0.0029,0.000466
0,-0.033112,0.00927,0.149286,-0.037042,0.151838,-0.069667,0.000578,0.000162
0,-0.120702,-0.023514,-0.060434,-0.033469,-0.095102,-0.080164,0.002107,0.00041
0,0.065763,0.076759,0.187912,0.130006,0.174629,0.150177,0.001148,0.00134
0,0.019036,-0.019381,-0.066333,-0.067837,-0.087258,-0.058578,0.000332,0.000338
0,-0.125897,0.087083,-0.153756,0.104759,-0.188171,0.106831,0.002197,0.00152
0,-0.052438,0.079238,0.082961,-0.006951,0.128911,-0.034936,0.000915,0.001383
0,-0.17635,0.103716,-0.094591,0.021427,-0.090222,0.010472,0.003078,0.00181
0,-0.091274,-0.073728,0.08301,-0.156262,0.069387,-0.126163,0.001593,0.001287
0,-0.178534,0.135701,-0.115159,0.181229,-0.165081,0.17219,0.003116,0.002368
0,-0.120519,0.029814,0.067148,-0.081295,0.078606,-0.05962,0.002103,0.00052
0,0.134365,0.111883,0.234023,0.060556,0.268224,0.052526,0.002345,0.001953
0,-0.068282,0.010221,-0.195822,-0.098355,-0.14743,-0.115747,0.001192,0.000178
0,-0.140949,-0.08436,-0.096597,-0.11931,-0.053845,-0.146056,0.00246,0.001472
0,-0.150317,-0.136587,0.017851,-0.073153,0.053696,-0.090122,0.002624,0.002384
0,-0.177597,-0.008361,-0.036084,0.104459,-0.055108,0.146682,0.0031,0.000146
0,-0.038895,0.098456,0.13946,0.097973,0.16505,0.108942,0.000679,0.001718
0,-0.18029,-0.159659,-0.120551,-0.277652,-0.143032,-0.279649,0.003147,0.002787
0,1.715335,0.841175,1.866409,1.028875,1.866701,1.036805,0.003175,0.0013
0,3.491894,1.90624,1.795258,1.08774,1.782873,1.078333,0.000728,0.000184
0,3.579229,2.448828,0.077795,0.56243,0.0427,0.521521,0.002252,0.002595
0,3.794064,2.792467,0.187351,0.322981,0.193433,0.368151,0.000689,0.001902
0,3.542428,1.885202,-0.279424,-0.890714,-0.238702,-0.908037,0.00161,0.000551
0,3.523707,1.674964,-0.013083,-0.220043,0.020694,-0.255079,0.001283,0.00247
0,3.71368,0.994472,0.210071,-0.699294,0.165233,-0.707717,0.002092,0.002716
0,3.557562,0.636596,-0.139137,-0.376097,-0.105528,-0.366395,0.001874,0.002271
0,2.940608,0.344413,-0.611389,-0.301981,-0.565395,-0.308295,0.002203,0.00068
0,2.090051,-0.010026,-0.828879,-0.370275,-0.877082,-0.321178,0.003024,0.000175
0,1.492806,-0.08028,-0.574268,-0.064621,-0.538505,-0.022863,0.000709,0.001401
0,0.948186,-0.290768,-0.568261,-0.186782,-0.581534,-0.230994,0.003167,0.001616
0,0.385706,-0.071371,-0.552766,0.218726,-0.550291,0.175471,4.1e-05,0.001246
0,0.155288,-0.167213,-0.225299,-0.10592,-0.196948,-0.075655,0.00271,0.002918
0,-0.102443,-0.296346,-0.235034,-0.116149,-0.190497,-0.084955,0.001788,0.001519
0,-0.473976,-0.329181,-0.354276,-0.041809,-0.345039,-0.067457,0.001582,0.000946
0,-0.388091,-0.084081,0.086385,0.264061,0.057771,0.277605,8.3e-05,0.001467
0,-0.413089,-0.038277,-0.035544,0.038682,-0.005503,0.076145,0.000519,0.000668
0,-0.57018,-0.100278,-0.131297,-0.032243,-0.158005,0.011403,0.003261,0.00175
0,-0.355486,-0.139963,0.203539,-0.0613,0.169197,-0.077666,0.000486,0.002443
0,-0.361826,0.091003,0.019801,0.237234,0.05407,0.277416,0.000376,0.001588
0,-0.176259,-0.089041,0.167901,-0.19499,0.193099,-0.24009,0.003076,0.001554
0,-0.123955,0.030764,0.071852,0.100326,0.117779,0.069406,0.002163,0.000537
0,-0.015054,0.124062,0.127823,0.069042,0.08497,0.05199,0.000263,0.002165
0,-0.159143,-0.122598,-0.168397,-0.260475,-0.125163,-0.230145,0.002778,0.00214
0,-0.138977,0.130229,0.002428,0.249727,0.00648,0.289863,0.002426,0.002273
0,-0.031011,-0.04993,0.089338,-0.169207,0.134487,-0.120031,0.000541,0.000871
0,-0.055113,0.141834,-0.006371,0.166078,0.014369,0.137433,0.000962,0.002475
0,-0.270463,0.12366,-0.209368,-0.010277,-0.193434,0.012058,0.00197,0.002158
0,-0.005386,0.047889,0.24111,-0.101638,0.263345,-0.060639,9.4e-05,0.000836
0,-0.07354,-0.001594,-0.083328,-0.023797,-0.08586,-0.013299,0.001284,2.8e-05
0,-0.205317,0.039766,-0.113157,0.066965,-0.159038,0.027896,0.003107,0.000694
0,0.069171,0.073028,0.302606,0.041076,0.295947,0.052012,0.001207,0.001275
0,-0.06493,0.047503,-0.10575,-0.005668,-0.062654,-0.00935,0.001133,0.000829
0,0.110828,-0.081268,0.160236,-0.10319,0.139947,-0.066473,0.001934,0.001418
0,0.129951,0.09048,0.025489,0.158648,0.006216,0.126714,0.002268,0.001579
0,-0.102294,0.129392,-0.260507,0.019506,-0.21684,-0.019549,0.001785,0.002258
0,0.010055,-0.106623,0.08433,-0.223959,0.115723,-0.263382,0.000175,0.001861
0,0.073392,-0.104169,0.071552,-0.017694,0.037984,0.007501,0.001281,0.001818
0,-0.026213,0.134397,-0.105324,0.237243,-0.137911,0.283902,0.000457,0.002346
0,0.14279,0.002743,0.188689,-0.142757,0.213131,-0.116534,0.002492,4.8e-05
0,0.007017,0.109918,-0.157942,0.078886,-0.164596,0.119991,0.000122,0.001918
0,0.13226,0.053296,0.114606,-0.075867,0.111112,-0.100113,0.002308,0.00093
0,-0.140366,-0.072139,-0.248123,-0.128329,-0.269359,-0.164094,0.00245,0.001259
0,-0.084371,0.096037,0.058279,0.195096,0.086657,0.220201,0.001473,0.001676
0,-0.082966,0.002246,0.003981,-0.080098,0.000906,-0.072243,0.001448,3.9e-05
0,-0.121244,-0.041887,-0.031641,-0.046283,0.002705,-0.042199,0.002116,0.000731
0,-0.032058,-0.089349,0.062215,-0.02442,0.063223,-0.068927,0.00056,0.001559
0,-0.114372,0.114019,-0.076822,0.232778,-0.11871,0.253194,0.001996,0.00199
0,-0.069129,-0.077187,0.03168,-0.176628,0.02528,-0.149439,0.001207,0.001347
0,0.210723,0.007333,0.272402,0.078567,0.235167,0.056729,0.003013,0.000128
0,0.12922,0.067011,-0.111293,0.041345,-0.08462,-0.005316,0.002255,0.00117
0,-0.001391,0.011217,-0.153359,-0.052287,-0.105417,-0.013969,2.4e-05,0.000196
0,0.050009,0.072443,0.054034,0.032568,0.040589,0.021061,0.000873,0.001264
0,0.035185,-0.017222,-0.008194,-0.068408,0.032821,-0.11688,0.000614,0.000301
0,0.08103,-0.11689,0.030752,-0.11284,0.034816,-0.143913,0.001414,0.00204
0,0.15738,-0.148482,0.096523,-0.049123,0.118887,-0.062233,0.002747,0.002591
0,0.042266,0.059543,-0.101806,0.218032,-0.112959,0.229434,0.000738,0.001039
0,0.141061,0.144885,0.094809,0.076817,0.082223,0.089408,0.002462,0.002529
0,0.185046,0.157084,0.056411,-0.007655,0.095141,-0.056704,0.00323,0.002742
0,0.08233,-0.037841,-0.127306,-0.17241,-0.089144,-0.140665,0.001437,0.00066
0,0.061483,-0.044688,-0.019688,0.019487,0.009025,0.040495,0.001073,0.00078
0,0.159787,0.103433,0.109953,0.173186,0.116035,0.157497,0.002789,0.001805
0,0.035359,0.172845,-0.115457,0.040577,-0.080666,0.023496,0.000617,0.003017
0,-0.009862,0.127562,-0.028613,-0.068581,0.013507,-0.074521,0.000172,0.002226
0,0.081305,0.171819,0.116548,0.051925,0.099334,0.062057,0.001419,0.002999
0,0.056736,-0.005191,-0.001515,-0.149712,-0.040752,-0.180382,0.00099,9.1e-05
0,0.072069,0.032062,-0.000117,0.051577,-0.037587,0.064474,0.001258,0.00056
0,0.030947,-0.058644,-0.059941,-0.09589,-0.035541,-0.074178,0.00054,0.001024
0,0.051502,0.076558,0.001356,0.152191,-0.008284,0.194359,0.000899,0.001336
0,0.134366,0.180413,0.076692,0.111848,0.042545,0.110545,0.002345,0.003149
0,0.10036,-0.024795,-0.020699,-0.231797,-0.069227,-0.199837,0.001752,0.000433
0,0.128519,0.119433,0.046173,0.134453,0.017153,0.118461,0.002243,0.002085
0,0.096247,0.154552,-0.012191,0.064863,-0.023608,0.030664,0.00168,0.002697
0,0.088117,-0.063971,0.000624,-0.223224,-0.037843,-0.237612,0.001538,0.001116
0,-0.02163,-0.077118,-0.111385,-0.024116,-0.064845,-0.0575,0.000378,0.001346
0,1.407528,-0.186182,1.422365,-0.088848,1.439151,-0.082243,0.002197,0.003249
0,1.615048,-0.158473,0.207889,0.014236,0.168335,0.04266,0.001425,0.002766
0,2.652426,-0.246567,1.020649,-0.075801,0.982519,-0.031446,0.000542,0.002387
0,2.696963,-0.294647,0.030549,-0.021545,-0.005661,-0.026633,0.000235,0.001548
0,2.617577,-0.081387,-0.094078,0.201869,-0.052688,0.181802,0.00115,0.00142
0,2.29227,-0.035537,-0.308128,0.034928,-0.314476,0.016545,0.000137,0.00062
0,1.523038,-0.144607,-0.784648,-0.118732,-0.74124,-0.084291,0.000181,0.002524
0,0.990859,0.042603,-0.550068,0.159449,-0.527268,0.129256,0.002779,0.000744
0,0.382273,0.072309,-0.633092,0.000931,-0.615204,-0.045671,1.9e-05,0.001262
0,0.131169,0.055515,-0.221304,-0.037445,-0.206208,-0.021975,0.002289,0.000969
0,-0.068241,-0.172663,-0.210036,-0.21094,-0.225682,-0.224766,0.001191,0.003014
0,-0.056304,-0.136498,0.011435,0.02779,0.027596,-0.019742,0.000983,0.002382
0,-0.109675,-0.010053,-0.026837,0.10298,-0.023527,0.147656,0.001914,0.000175
0,-0.18448,-0.103575,-0.092393,-0.09183,-0.080165,-0.084067,0.00322,0.001808
0,-0.316991,-0.033413,-0.133188,0.060354,-0.11066,0.034515,0.001158,0.000583
0,-0.242641,-0.172849,0.071518,-0.161127,0.107142,-0.205066,0.002456,0.003017
0,-0.250261,0.099321,-0.0159,0.262237,-0.034908,0.289117,0.002323,0.001733
0,-0.283246,-0.108115,-0.034329,-0.1844,-0.064209,-0.138884,0.001747,0.001887
0,-0.183346,-0.051692,0.079141,0.073047,0.077263,0.040926,0.0032,0.000902
0,-0.179521,-0.12359,-0.021134,-0.091106,0.025366,-0.116744,0.003133,0.002157
0,0.016016,-0.165885,0.224582,-0.019292,0.237489,0.003368,0.00028,0.002895
0,0.038408,-0.170174,0.0225,-0.025876,0.000316,-0.032721,0.00067,0.00297
0,-0.074377,0.049592,-0.140566,0.207325,-0.152043,0.182713,0.001298,0.000866
0,-0.109831,-0.203337,-0.03435,-0.255523,0.011157,-0.207404,0.001917,0.003142
0,-0.095068,-0.067137,0.021133,0.132681,-0.020639,0.110528,0.001659,0.001172
0,-0.064543,-0.07716,0.055603,-0.026286,0.081469,-0.014355,0.001126,0.001347
0,0.032769,-0.12687,0.067493,-0.034704,0.07127,-0.069995,0.000572,0.002214
0,0.157336,-0.099104,0.098224,0.002304,0.122726,0.020692,0.002746,0.00173
0,-0.047153,0.100503,-0.196051,0.191342,-0.206666,0.216558,0.000823,0.001754
0,-0.020156,0.08111,0.017135,-0.007678,-0.000233,0.005273,0.000352,0.001416
0,-0.130354,0.125509,-0.096247,0.056115,-0.063781,0.051175,0.002275,0.002191
0,0.006673,-0.068519,0.146067,-0.164395,0.154774,-0.160565,0.000116,0.001196
0,0.09087,-0.091314,0.073723,-0.018489,0.082048,-0.037163,0.001586,0.001594
0,0.009964,-0.087539,-0.063879,-0.024513,-0.09992,-0.050048,0.000174,0.001528
0,0.011457,0.13059,-0.013286,0.22854,-0.036712,0.249094,0.0002,0.002279
0,0.092173,0.088644,0.06169,-0.034064,0.050755,-0.057519,0.001609,0.001547
0,0.09371,-0.08153,-0.014725,-0.154445,0.014834,-0.122858,0.001636,0.001423
0,-0.07948,-0.119195,-0.199549,-0.053571,-0.173682,-0.025842,0.001387,0.00208
0,-0.096592,0.014782,-0.011982,0.156419,0.015891,0.189128,0.001686,0.000258
0,0.039768,-0.165829,0.137818,-0.151656,0.152753,-0.121921,0.000694,0.002894
0,-0.115259,-0.110248,-0.140571,0.079224,-0.180611,0.105966,0.002012,0.001924
0,-0.133626,0.01396,-0.003057,0.115086,0.001337,0.115916,0.002332,0.000244
0,-0.076644,-0.018605,0.057566,-0.035219,0.080005,-0.017286,0.001338,0.000325
0,-0.127459,0.059365,-0.057116,0.087426,-0.100101,0.117904,0.002225,0.001036
0,-0.187988,0.121181,-0.083127,0.07708,-0.050338,0.102363,0.003281,0.002115
0,-0.068652,-0.042651,0.14508,-0.145443,0.154163,-0.176196,0.001198,0.000744
0,-0.105162,-0.07857,-0.065854,-0.009123,-0.026705,-0.040241,0.001835,0.001371
0,0.023,0.064362,0.137899,0.145834,0.127274,0.118403,0.000401,0.001123
0,-0.057326,-0.176292,-0.084484,-0.244516,-0.052834,-0.220882,0.001001,0.003077
0,-0.075214,-0.060721,-0.0126,0.115613,-0.009086,0.159861,0.001313,0.00106
0,0.124998,-0.024531,0.177787,0.006419,0.181437,-0.000814,0.002182,0.000428
0,0.175195,0.08078,0.073417,0.127647,0.072987,0.142439,0.003058,0.00141
0,0.156352,0.000923,-0.044791,-0.081931,-0.056859,-0.095848,0.002729,1.6e-05
0,0.210077,-0.046879,0.062162,-0.052885,0.082595,-0.100803,0.003024,0.000818
0,0.087876,0.08272,-0.132552,0.121233,-0.161361,0.118125,0.001534,0.001444
0,0.074972,-0.120322,0.000659,-0.209302,-0.010587,-0.212734,0.001309,0.0021
0,0.197253,-0.025654,0.132198,0.084057,0.168343,0.070248,0.003248,0.000448
0,0.114767,-0.136873,-0.098674,-0.089113,-0.076318,-0.09503,0.002003,0.002389
0,0.025857,-0.152228,-0.082365,-0.031698,-0.097345,-0.06409,0.000451,0.002657
0,0.022084,0.058821,0.025399,0.202521,0.050088,0.154621,0.000385,0.001027
0,-0.056119,0.063455,-0.104656,-0.016361,-0.082755,-0.024589,0.000979,0.001108
0,0.07493,-0.018965,0.12695,-0.058926,0.141353,-0.102458,0.001308,0.000331
0,-0.028944,-0.095905,-0.114756,-0.087975,-0.095809,-0.043811,0.000505,0.001674
0,-0.057925,0.031558,-0.006738,0.125393,0.007364,0.106563,0.001011,0.000551
0,-0.087487,0.102371,-0.042741,0.054884,-0.040912,0.020884,0.001527,0.001787
0,0.036498,-0.146716,0.150696,-0.256897,0.167558,-0.285398,0.000637,0.002561
0,0.012347,-0.041766,-0.037287,0.119593,-0.010965,0.073062,0.000215,0.000729
0,-0.0742,-0.074529,-0.058075,-0.024867,-0.079099,-0.059852,0.001295,0.001301
0,0.060699,-0.071768,0.118078,-0.000566,0.075751,0.037401,0.001059,0.001253
0,-0.019528,-0.080029,-0.088581,-0.010796,-0.129778,-0.056356,0.000341,0.001397
0,-0.014042,0.069464,-0.000294,0.12593,0.033178,0.082068,0.000245,0.001212
0,0.017141,-0.090766,0.001365,-0.178282,0.04403,-0.210334,0.000299,0.001584
0,0.00144,-0.043846,0.001243,0.064093,-0.044614,0.034337,2.5e-05,0.000765
0,0.008606,-0.141859,0.010849,-0.113745,0.036582,-0.15657,0.00015,0.002476
0,0.025047,0.128672,-0.003593,0.28398,0.00522,0.325877,0.000437,0.002246
0,-0.090345,0.070782,-0.144866,-0.037411,-0.115299,-0.038312,0.001577,0.001235
0,-0.126607,0.001588,-0.033632,-0.077093,-0.032168,-0.063314,0.00221,2.8e-05
0,-0.026175,-0.053526,0.075807,-0.071061,0.051446,-0.029512,0.000457,0.000934
0,-0.061466,-0.080675,-0.047407,-0.037199,-0.095806,-0.008742,0.001073,0.001408
0,-0.036386,-0.110501,0.013564,-0.008816,0.047018,-0.003058,0.000635,0.001929
0,0.061943,-0.047903,0.093645,0.070196,0.130195,0.115794,0.001081,0.000836
0,0.006073,-0.023298,-0.082433,0.052752,-0.113372,0.043623,0.000106,0.000407
0,0.103681,-0.013871,0.120207,-0.006153,0.159306,0.041685,0.00181,0.000242
0,-0.032347,0.073938,-0.122106,0.096796,-0.146118,0.073456,0.000565,0.00129
0,-0.015322,-0.02275,0.033051,-0.089741,0.012244,-0.124214,0.000267,0.000397
0,-0.058529,-0.188216,-0.024785,-0.135746,-0.038676,-0.104592,0.001022,0.003285
0,-0.095858,0.068803,-0.042766,0.280218,-0.083454,0.266276,0.001673,0.001201
0,-0.118649,-0.023167,0.005288,-0.100238,0.001761,-0.137673,0.002071,0.000404
0,-0.006959,0.012289,0.139867,0.027913,0.148711,0.032771,0.000121,0.000214
0,-0.114086,-0.073849,-0.126434,-0.083759,-0.123768,-0.104177,0.001991,0.001289
0,-0.156268,-0.157775,-0.066516,-0.058141,-0.115384,-0.054988,0.002727,0.002754
0,-0.033568,-0.219819,0.108267,-0.091335,0.072957,-0.054712,0.000586,0.002854
0,-0.215116,0.055998,-0.15814,0.276487,-0.108412,0.262702,0.002936,0.000977
0,-0.203243,-0.05535,0.017331,-0.130953,-0.013814,-0.120784,0.003144,0.000966
0,-0.030417,-0.0365,0.144303,0.045011,0.187011,0.049422,0.000531,0.000637
0,-0.112064,-0.096351,-0.088565,-0.05,-0.110707,-0.055138,0.001956,0.001682
0,-0.074882,-0.169262,0.065885,-0.088141,0.085762,-0.119967,0.001307,0.002954
0,-0.052179,-0.030359,0.040641,0.125449,0.073161,0.156754,0.000911,0.00053
0,-0.021987,-0.029664,0.046821,-0.015177,0.065229,-0.045403,0.000384,0.000518
0,-0.014754,-0.19947,-0.00222,-0.18189,-0.021199,-0.210349,0.000258,0.003209
0,-0.104928,-0.06453,-0.113319,0.124882,-0.121078,0.102272,0.001831,0.001126
0,-0.185229,0.087469,-0.109907,0.163732,-0.109839,0.133199,0.003233,0.001527
0,-0.244043,-0.203222,-0.079466,-0.273297,-0.116944,-0.266924,0.002431,0.003144
0,-0.078433,-0.141273,0.168839,0.091938,0.189689,0.106147,0.001369,0.002466
0,-0.120504,-0.081732,-0.017468,0.04486,-0.052536,0.039066,0.002103,0.001426
0,-0.300424,0.016909,-0.203453,0.124199,-0.158122,0.07871,0.001447,0.000295
0,-0.161361,-0.057994,0.143522,-0.098004,0.148754,-0.114225,0.002816,0.001012
0,-0.174817,0.036133,0.013443,0.073937,0.042493,0.046506,0.003051,0.000631
0,-0.155387,-0.022923,0.014686,-0.062894,-0.005163,-0.090889,0.002712,0.0004
0,-0.135983,-0.003178,-0.001127,0.026424,-0.011697,-0.013113,0.002373,5.5e-05
0,-0.182209,0.088527,-0.041056,0.081623,-0.048607,0.072169,0.00318,0.001545
0,0.071993,-0.003936,0.226452,-0.100893,0.242474,-0.094738,0.001257,6.9e-05
0,-0.116109,0.111615,-0.182001,0.136413,-0.204227,0.097868,0.002026,0.001948
0,-0.005743,-0.155865,0.12974,-0.250913,0.129497,-0.255567,0.0001,0.00272
0,0.023695,-0.023092,0.054953,0.124161,0.059878,0.145052,0.000414,0.000403
0,-0.111819,-0.054905,-0.128479,-0.049351,-0.137177,-0.03679,0.001952,0.000958
0,-0.201733,0.122573,-0.070368,0.193452,-0.118869,0.187395,0.00317,0.002139
0,-0.186094,0.001643,-0.010058,-0.143513,0.026279,-0.133279,0.003248,2.9e-05
0,-0.044749,-0.018443,0.120741,-0.017872,0.085276,0.002495,0.000781,0.000322
0,-0.128231,0.026918,-0.102832,0.058366,-0.078616,0.077983,0.002238,0.00047
0,-0.047075,-0.142177,0.070918,-0.143538,0.033387,-0.138672,0.000822,0.002481
0,-0.08563,0.100681,-0.038284,0.223047,-0.040392,0.261006,0.001495,0.001757
0,0.065479,0.092773,0.138285,-0.028745,0.163645,-0.07472,0.001143,0.001619
0,0.034911,-0.04353,-0.003273,-0.114669,-0.041839,-0.085196,0.000609,0.00076
0,-0.043563,-0.134762,-0.088579,-0.108817,-0.081386,-0.119161,0.00076,0.002352
0,-0.281306,-0.168146,-0.21453,-0.055393,-0.227957,-0.050126,0.001781,0.002935
0,-0.154598,-0.131418,0.099431,0.031149,0.052188,0.046849,0.002698,0.002294
0,-0.132938,0.030116,0.010284,0.143313,-0.021003,0.137497,0.00232,0.000526
0,0.021244,0.005959,0.142249,-0.005043,0.14218,0.004405,0.000371,0.000104
0,-0.080335,0.043732,-0.122313,0.017613,-0.103979,0.04452,0.001402,0.000763
0,-0.172855,0.165895,-0.106389,0.147027,-0.106147,0.14621,0.003017,0.002895
0,-0.014367,-0.005725,0.180071,-0.158873,0.178966,-0.171536,0.000251,0.0001
0,-0.206126,0.130275,-0.183683,0.163046,-0.233451,0.210673,0.003093,0.002274
0,-0.149325,0.131638,0.049343,0.013945,0.017666,-0.006241,0.002606,0.002298
0,-0.205747,0.16627,-0.040285,0.049153,-0.038459,0.016005,0.0031,0.002902
0,-0.219314,0.136465,-0.021893,-0.053067,0.018226,-0.02882,0.002863,0.002382
0,-0.006095,0.197377,0.192352,0.053552,0.238885,0.024899,0.000106,0.003246
0,-0.197736,0.001593,-0.191177,-0.206846,-0.185244,-0.176797,0.00324,2.8e-05
0,-0.20424,0.037497,0.021761,0.021144,0.034858,0.051092,0.003126,0.000654
0,-0.017892,0.196362,0.213477,0.165343,0.193354,0.16334,0.000312,0.003264
0,-0.116877,0.03146,-0.126302,-0.137744,-0.149187,-0.139859,0.00204,0.000549
0,-0.259466,-0.066143,-0.165429,-0.087615,-0.187192,-0.104145,0.002162,0.001154
0,-0.01994,0.155628,0.212155,0.217107,0.252378,0.252532,0.000348,0.002716
0,-0.018476,0.10205,0.026035,-0.03192,0.069981,-0.076582,0.000322,0.001781
0,-0.240651,0.023789,-0.238566,-0.103958,-0.220603,-0.060474,0.002491,0.000415
0,-0.025643,-0.02367,0.234292,-0.03376,0.27167,-0.034478,0.000448,0.000413
0,-0.127691,-0.046999,-0.082725,-0.028789,-0.12089,0.001104,0.002229,0.00082
0,-0.228513,-0.060883,-0.099644,0.011397,-0.071013,0.000863,0.002703,0.001063
0,-0.140662,0.012682,0.095815,0.054798,0.063073,0.044007,0.002455,0.000221
0,-0.163986,0.032071,-0.044585,0.034901,-0.071297,0.034875,0.002862,0.00056
0,0.036339,0.102585,0.183706,0.055582,0.184155,0.061432,0.000634,0.00179
0,0.078278,-0.051375,0.044061,-0.146028,0.025059,-0.129766,0.001366,0.000897
0,-0.080967,-0.006447,-0.151414,0.038896,-0.129944,0.009126,0.001413,0.000113
0,-0.139655,0.023549,-0.060972,0.041208,-0.092266,0.06606,0.002437,0.000411
0,0.022165,0.106974,0.138711,0.108944,0.185551,0.107862,0.000387,0.001867
0,0.003485,0.007812,-0.036658,-0.1184,-0.085184,-0.076774,6.1e-05,0.000136
0,-0.173904,-0.113374,-0.150499,-0.100931,-0.199674,-0.102179,0.003035,0.001979
0,0.044392,-0.068809,0.20886,0.073136,0.224066,0.031433,0.000775,0.001201
0,0.073516,0.164107,0.049201,0.262302,0.084764,0.236506,0.001283,0.002864
0,-0.171787,-0.004668,-0.248504,-0.143435,-0.249321,-0.142071,0.002998,8.1e-05
0,-0.014863,0.13331,0.140615,0.121195,0.155628,0.111185,0.000259,0.002327
0,-0.049039,-0.046243,-0.020814,-0.17782,-0.00852,-0.172107,0.000856,0.000807
0,0.062227,0.074672,0.096682,0.105044,0.089103,0.058725,0.001086,0.001303
0,0.024645,-0.074319,-0.057879,-0.16935,-0.026681,-0.208547,0.00043,0.001297
0,-0.140246,-0.078441,-0.136277,-0.022839,-0.123437,-0.027555,0.002448,0.001369
0,0.041508,-0.104649,0.196057,-0.028247,0.22774,-0.01153,0.000724,0.001826
0,-0.181861,0.127062,-0.243795,0.223163,-0.223094,0.17726,0.003174,0.002218
0,-0.09539,0.120459,0.090676,-0.022051,0.121783,0.019851,0.001665,0.002102
0,0.037994,0.133656,0.136075,0.008963,0.094437,0.02535,0.000663,0.002333
0,0.095399,-0.045425,0.045292,-0.15709,0.066044,-0.118559,0.001665,0.000793
0,-0.037109,-0.056169,-0.153013,-0.021501,-0.119289,0.027133,0.000648,0.00098
0,-0.016506,0.143417,0.014253,0.188783,0.011569,0.205131,0.000288,0.002503
0,-0.194719,-0.040673,-0.206001,-0.193831,-0.230496,-0.202342,0.003292,0.00071
0,-0.102176,0.092982,0.093719,0.113198,0.0737,0.092833,0.001783,0.001623
0,-0.201943,0.132561,-0.119468,0.03855,-0.114014,0.005014,0.003166,0.002314
0,-0.147361,0.036452,0.061416,-0.092768,0.018839,-0.124733,0.002572,0.000636
0,-0.161927,0.11658,-0.014549,0.078302,-0.000969,0.126659,0.002826,0.002035
0,-0.229566,0.21655,-0.084017,0.096607,-0.064358,0.117513,0.002684,0.002911
0,-0.048987,0.189909,0.192347,-0.024177,0.201307,-0.066719,0.000855,0.003315
0,0.020771,0.195758,0.099729,0.011389,0.074135,0.037477,0.000363,0.003274
0,0.010287,0.189811,0.004033,0.011759,-0.02086,-0.012646,0.00018,0.003313
0,-0.027435,0.106968,-0.01966,-0.087353,-0.049693,-0.101415,0.000479,0.001867
0,0.133116,0.123175,0.135199,-0.012182,0.161052,-0.040567,0.002323,0.00215
0,0.143011,0.21899,0.022704,0.092483,0.043457,0.132649,0.002496,0.002869
0,0.159681,-0.012453,0.037545,-0.237741,0.082435,-0.231052,0.002787,0.000217
0,0.006135,0.010104,-0.163612,0.007844,-0.148648,0.045681,0.000107,0.000176
0,0.016003,-0.076111,0.036283,-0.075194,0.032689,-0.10501,0.000279,0.001328
0,-0.024618,0.209695,-0.048741,0.273349,-0.036075,0.308483,0.00043,0.003031
0,0.050748,0.126584,0.097952,-0.090127,0.074419,-0.055862,0.000886,0.002209
0,0.072537,0.112744,0.031227,-0.014515,0.016156,-0.008783,0.001266,0.001968
0,0.084161,-0.083027,0.007162,-0.204418,0.038551,-0.18868,0.001469,0.001449
0,0.074087,0.113528,-0.002842,0.194409,-0.041836,0.206664,0.001293,0.001981
0,-0.145569,0.11118,-0.240907,-0.024876,-0.218351,0.02001,0.002541,0.00194
0,-0.065359,-0.075261,0.063774,-0.182723,0.019964,-0.159219,0.001141,0.001314
0,-0.10629,0.019737,-0.063367,0.101155,-0.028117,0.146316,0.001855,0.000344
0,0.078426,0.099682,0.167936,0.096341,0.200892,0.068766,0.001369,0.00174
0,-0.043987,0.190632,-0.127365,0.08649,-0.116599,0.043053,0.000768,0.003327
0,0.141875,0.004778,0.208697,-0.160328,0.172872,-0.127902,0.002476,8.3e-05
0,0.128809,0.032855,-0.002354,0.014177,0.001883,0.021257,0.002248,0.000573
0,-0.099959,0.192623,-0.207644,0.154925,-0.198834,0.157304,0.001745,0.003329
0,-0.077305,-0.011315,0.045169,-0.214613,0.014061,-0.251634,0.001349,0.000197
0,0.094536,0.223886,0.195617,0.218581,0.223038,0.238984,0.00165,0.002783
0,0.047679,0.017386,-0.046072,-0.20041,-0.07111,-0.177956,0.000832,0.000303
0,0.024888,0.247453,-0.011312,0.220944,-0.023627,0.183824,0.000434,0.002372
0,-0.140548,0.165613,-0.177938,-0.05884,-0.178246,-0.02334,0.002453,0.00289
0,0.1299,0.022022,0.284971,-0.16275,0.269035,-0.122349,0.002267,0.000384
0,0.170065,0.057238,0.019306,0.043926,-0.002267,0.002133,0.002968,0.000999
0,-0.002891,0.117662,-0.157546,0.057972,-0.198976,0.025674,5e-05,0.002054
0,0.099947,-0.018967,0.081254,-0.145398,0.099306,-0.108447,0.001744,0.000331
0,-0.061492,0.17097,-0.183209,0.189376,-0.225809,0.153136,0.001073,0.002984
0,-0.144853,0.242559,-0.074811,0.054983,-0.109953,0.021169,0.002528,0.002457
0,-0.030505,-0.007628,0.091453,-0.270848,0.108729,-0.257387,0.000532,0.000133
0,0.227142,-0.030684,0.265409,-0.049531,0.259165,-0.060285,0.002726,0.000536
0,0.12086,-0.02624,-0.106603,0.003371,-0.072271,0.023832,0.002109,0.000458
0,-0.119592,0.146929,-0.220044,0.155794,-0.212001,0.158333,0.002087,0.002564
0,-0.141813,-0.027931,-0.00077,-0.157225,0.000643,-0.108304,0.002475,0.000487
0,0.025927,0.216419,0.183283,0.252354,0.178827,0.288264,0.000453,0.002914
0,0.172321,0.152603,0.142519,-0.078529,0.123227,-0.050397,0.003008,0.002663
0,-0.057364,0.243811,-0.223898,0.065236,-0.248038,0.090248,0.001001,0.002436
0,0.040727,0.212855,0.105642,-0.05836,0.111038,-0.086354,0.000711,0.002976
0,0.111911,0.166313,0.093984,-0.043202,0.11342,-0.04166,0.001953,0.002903
0,-0.086365,0.155813,-0.176155,-0.002351,-0.209346,0.035048,0.001507,0.002719
0,0.00367,0.107898,0.072729,-0.035439,0.100047,-0.056776,6.4e-05,0.001883
0,0.088498,0.186879,0.075111,0.071808,0.066605,0.088745,0.001545,0.003262
0,0.113232,0.201424,0.023795,0.000675,0.043684,0.023425,0.001976,0.003175
0,-0.116619,0.201124,-0.234231,-0.011154,-0.258431,0.036521,0.002035,0.003181
0,0.097553,0.200493,0.209359,0.027218,0.194053,0.001078,0.001703,0.003192
0,0.100041,0.197118,-0.009212,-0.020353,0.018652,0.005993,0.001746,0.00325
0,0.188998,0.089597,0.072937,-0.092685,0.075347,-0.067989,0.003299,0.001564
0,-0.039928,0.059836,-0.208241,-0.053892,-0.214668,-0.041159,0.000697,0.001044
0,-0.100449,0.034314,-0.078929,-0.01656,-0.079423,-0.065726,0.001753,0.000599
0,0.09512,0.129299,0.211873,0.121527,0.222018,0.117508,0.00166,0.002257
0,-0.158059,-0.038082,-0.258557,-0.153596,-0.276447,-0.142028,0.002759,0.000665
0,-0.120788,-0.037471,0.059882,0.027042,0.044217,0.032111,0.002108,0.000654
0,-0.14237,0.097804,-0.046169,0.111482,-0.092241,0.09818,0.002485,0.001707
0,-0.146607,0.091293,0.0045,0.02047,-0.016579,-0.003159,0.002559,0.001593
0,0.004628,-0.029155,0.141827,-0.113191,0.116978,-0.099233,8.1e-05,0.000509
0,-0.113856,-0.080529,-0.14094,-0.068293,-0.168606,-0.024715,0.001987,0.001405
0,0.014669,0.185025,0.138945,0.282642,0.10818,0.251577,0.000256,0.003229
0,-0.099479,0.181067,-0.119851,-0.000448,-0.083959,-0.040126,0.001736,0.00316
0,-0.067078,-0.072317,0.054995,-0.234004,0.086478,-0.277311,0.001171,0.001262
0,0.040173,0.080369,0.115737,0.140324,0.127787,0.101481,0.000701,0.001403
0,0.087494,0.063461,0.051046,-0.014421,0.070474,0.010703,0.001527,0.001108
0,-0.070798,0.112745,-0.182477,0.076842,-0.151043,0.080685,0.001236,0.001968
0,-0.094733,-0.081423,-0.022448,-0.198267,-0.014328,-0.167561,0.001653,0.001421
0,0.005859,0.090505,0.115849,0.145679,0.124956,0.129169,0.000102,0.00158
0,0.073533,0.05514,0.088544,-0.008451,0.097825,-0.01461,0.001283,0.000962
0,0.024215,0.172504,-0.073354,0.118193,-0.026023,0.16403,0.000423,0.003011
0,-0.103911,0.030126,-0.131539,-0.163354,-0.167661,-0.151739,0.001814,0.000526
0,-0.130018,-0.11824,0.000441,-0.150994,0.03624,-0.147934,0.002269,0.002064
0,-0.201757,-0.019686,-0.051086,0.08793,-0.031213,0.08275,0.00317,0.000344
0,-0.074545,0.089381,0.118398,0.13721,0.105174,0.096971,0.001301,0.00156
0,-0.063869,0.108487,0.030567,0.042667,-0.011302,0.063342,0.001115,0.001893
0,-0.118597,0.019252,-0.064413,-0.10056,-0.032458,-0.050645,0.00207,0.000336
0,0.034925,0.176242,0.127739,0.142002,0.138024,0.11519,0.00061,0.003076
0,-0.03879,-0.037625,-0.100124,-0.198102,-0.081265,-0.173695,0.000677,0.000657
0,0.080923,0.090894,0.102812,0.148532,0.098817,0.180967,0.001412,0.001586
0,-0.058766,-0.057336,-0.137046,-0.169075,-0.107495,-0.158053,0.001026,0.001001
0,0.153213,0.015901,0.220667,0.078098,0.259513,0.056959,0.002674,0.000278
0,0.060595,0.054913,-0.070741,0.024558,-0.043502,-0.02453,0.001058,0.000958
0,-0.056994,0.171987,-0.109887,0.123468,-0.082398,0.153902,0.000995,0.003002
0,0.134205,0.023565,0.176264,-0.16706,0.18882,-0.154278,0.002342,0.000411
0,-0.076757,-0.059263,-0.229491,-0.108128,-0.188885,-0.121911,0.00134,0.001034
0,-0.069828,0.002738,0.011554,0.060249,0.03425,0.098665,0.001219,4.8e-05
0,0.093499,-0.015894,0.161245,-0.026208,0.174709,-0.012814,0.001632,0.000277
0,0.09638,0.030519,0.022188,0.075775,-0.010288,0.072966,0.001682,0.000533
0,-0.075308,-0.051024,-0.161942,-0.105186,-0.206488,-0.130317,0.001314,0.000891
0,-0.114104,0.070875,-0.047328,0.140215,-0.055062,0.159158,0.001991,0.001237
0,0.068356,0.001216,0.180527,-0.090991,0.183886,-0.066549,0.001193,2.1e-05
0,0.042323,0.083451,0.000254,0.084584,-0.018792,0.039433,0.000739,0.001456
0,-0.316213,0.494569,-0.361822,0.439509,-0.333015,0.489262,0.001172,0.001941
0,-0.909303,1.397149,-0.618376,0.896169,-0.631703,0.909315,0.002489,0.002378
0,-1.323559,1.349212,-0.41804,-0.071829,-0.402837,-0.060757,0.003028,0.003215
0,-1.475066,0.990223,-0.164883,-0.382689,-0.158746,-0.394604,0.001019,0.00279
0,-1.252578,0.712813,0.214945,-0.301147,0.206034,-0.312351,0.001789,0.000941
0,-0.853973,0.588655,0.404264,-0.130882,0.354618,-0.178456,0.001523,0.003108
0,-0.796402,0.464736,0.066937,-0.094997,0.095472,-0.102069,0.000518,0.00142
0,-0.787589,0.215966,0.033551,-0.231719,-0.007891,-0.214975,0.000364,0.002922
0,-0.508068,0.129773,0.278245,-0.096827,0.27413,-0.070127,0.002177,0.002265
0,-0.51966,0.154145,0.017657,0.019905,0.050532,-0.000553,0.002379,0.00269
0,-0.171101,-0.048493,0.338431,-0.21204,0.296601,-0.215755,0.002986,0.000846
0,-0.224028,-0.06371,-0.03077,-0.018345,-0.02606,0.018267,0.002781,0.001112
0,-0.198991,-0.133051,0.00165,-0.063635,0.03832,-0.073185,0.003218,0.002322
0,0.030487,-0.227422,0.248811,-0.088757,0.283665,-0.105598,0.000532,0.002722
0,0.12843,-0.059965,0.091905,0.184195,0.123471,0.17319,0.002242,0.001047
0,0.049829,0.039827,-0.079997,0.116318,-0.078314,0.121041,0.00087,0.000695
0,0.206361,-0.171932,0.183615,-0.239911,0.177907,-0.226854,0.003089,0.003001
0,-0.075866,-0.075519,-0.264546,0.112984,-0.293495,0.138233,0.001324,0.001318
0,0.133506,-0.047779,0.198546,0.035796,0.186019,0.061573,0.00233,0.000834
0,0.121293,-0.061055,-0.002209,-0.019146,-0.046567,-0.019695,0.002117,0.001066
0,0.037281,0.070475,-0.062925,0.133852,-0.03093,0.177844,0.000651,0.00123
0,0.096083,-0.185625,0.033718,-0.240534,0.044796,-0.277381,0.001677,0.00324
0,0.162809,-0.084585,0.058741,0.104943,0.020395,0.115659,0.002842,0.001476
0,-0.00181,0.062699,-0.169571,0.134344,-0.136864,0.169925,3.2e-05,0.001094
0,0.045226,-0.122286,0.066094,-0.161259,0.089263,-0.168559,0.000789,0.002134
0,-0.044731,0.025656,-0.068052,0.14791,-0.059354,0.190435,0.000781,0.000448
0,0.02869,-0.166435,0.066318,-0.185544,0.070571,-0.178246,0.000501,0.002905
0,0.078525,0.008006,0.077397,0.159746,0.059988,0.166949,0.001371,0.00014
0,-0.008493,-0.133477,-0.075566,-0.128962,-0.072833,-0.11131,0.000148,0.00233
0,0.085465,0.012079,0.094898,0.166597,0.060572,0.192718,0.001492,0.000211
0,0.150648,0.044485,0.037374,0.025752,0.054689,0.053676,0.002629,0.000776
0,-0.022339,-0.189028,-0.164459,-0.226386,-0.209967,-0.181222,0.00039,0.003299
0,-0.014096,-0.181699,-0.00248,-0.004716,0.003696,0.007808,0.000246,0.003171
0,0.070116,0.018314,0.055142,0.218184,0.073587,0.23451,0.001224,0.00032
0,0.164121,-0.146587,0.08392,-0.165656,0.082094,-0.157369,0.002864,0.002558
0,0.054759,-0.052295,-0.134478,0.105586,-0.097157,0.142672,0.000956,0.000913
0,0.129325,-0.087684,0.044665,-0.039341,0.073345,-0.072872,0.002257,0.00153
0,0.028134,-0.129753,-0.1219,-0.024732,-0.086996,0.005351,0.000491,0.002265
0,0.082978,-0.051242,0.030785,0.064651,0.075431,0.068461,0.001448,0.000894
0,-0.061658,-0.025229,-0.133635,0.028779,-0.164444,-0.014445,0.001076,0.00044
0,-0.10128,-0.05381,-0.039892,-0.040656,-0.068803,-0.05119,0.001768,0.000939
0,-0.043804,-0.198889,0.046047,-0.137167,0.063012,-0.181063,0.000765,0.00322
0,-0.059219,-0.091607,0.002748,0.133966,0.049524,0.114185,0.001034,0.001599
0,0.014187,0.006025,0.079508,0.088184,0.075728,0.046425,0.000248,0.000105
0,0.090761,-0.001346,0.048719,-0.006282,0.089727,0.031192,0.001584,2.3e-05
0,0.015563,-0.160465,-0.058585,-0.165426,-0.041036,-0.200311,0.000272,0.002801
0,0.26339,0.13051,0.256128,0.309703,0.273459,0.281567,0.002094,0.002278
0,0.123953,0.067722,-0.144417,-0.089885,-0.131598,-0.042769,0.002163,0.001182
0,0.221703,-0.035768,0.07247,-0.105149,0.109487,-0.056431,0.002821,0.000624
0,0.182688,-0.091012,-0.04087,-0.030209,-0.00029,-0.059924,0.003189,0.001588
0,0.208812,-0.057885,0.048559,0.022006,0.046394,0.071696,0.003046,0.00101
0,-0.020752,-0.085643,-0.240116,-0.000395,-0.257716,0.033797,0.000362,0.001495
0,0.095659,0.139105,0.130133,0.245171,0.17762,0.212347,0.00167,0.002428
0,-0.009576,0.147733,-0.125758,-0.017493,-0.139157,-0.040662,0.000167,0.002578
0,0.265848,0.079305,0.301047,-0.085194,0.267555,-0.120332,0.002051,0.001384
0,0.064429,0.003492,-0.180842,-0.099343,-0.141828,-0.082852,0.001125,6.1e-05
0,0.006814,0.016036,-0.076627,0.008222,-0.09502,0.003635,0.000119,0.00028
0,0.222372,0.125488,0.2324,0.118866,0.249249,0.081063,0.00281,0.00219
0,0.061739,0.017216,-0.136531,-0.094759,-0.12285,-0.137405,0.001078,0.0003
0,0.01364,-0.006246,-0.052546,-0.046037,-0.008101,-0.040812,0.000238,0.000109
0,0.050549,0.000687,0.01719,0.004843,-0.014623,-0.010181,0.000882,1.2e-05
0,0.071815,-0.144422,0.009252,-0.135909,-0.00269,-0.125879,0.001253,0.002521
0,0.057208,-0.002388,0.001295,0.158424,-0.030862,0.146765,0.000998,4.2e-05
0,-0.030945,0.162319,-0.077862,0.141039,-0.036412,0.108059,0.00054,0.002833
0,0.125412,0.177787,0.174731,0.012517,0.20037,0.016647,0.002189,0.003103
0,0.137634,-0.096313,-0.017102,-0.277526,-0.053728,-0.286282,0.002402,0.001681
0,0.051286,0.071851,-0.087565,0.196055,-0.129913,0.188968,0.000895,0.001254
0,0.066426,0.162555,-0.01458,0.119202,-0.009966,0.166976,0.001159,0.002837
0,0.073521,0.01543,-0.001058,-0.126302,-0.042707,-0.137502,0.001283,0.000269
0,0.124962,0.159579,0.053428,0.168785,0.052157,0.202191,0.002181,0.002785
0,-0.044388,0.005842,-0.164671,-0.181391,-0.172321,-0.170383,0.000775,0.000102
0,-0.02121,0.000394,0.026512,0.020295,0.052777,0.041595,0.00037,7e-06
0,0.056509,0.124672,0.051301,0.131813,0.087561,0.134326,0.000986,0.002176
0,0.019691,0.071978,-0.02601,-0.034749,-0.035649,-0.026523,0.000344,0.001256
0,0.069433,-0.047304,0.052327,-0.09663,0.072063,-0.070475,0.001212,0.000826
0,-0.011022,0.03987,-0.103385,0.10975,-0.121917,0.108823,0.000192,0.000696
0,-0.208145,0.100239,-0.172044,0.043463,-0.125691,0.046441,0.003058,0.00175
0,0.008361,0.063459,0.188729,-0.04483,0.145857,-0.01402,0.000146,0.001108
0,-0.049743,0.110734,-0.086137,0.066307,-0.089374,0.073914,0.000868,0.001933
0,-0.03576,-0.057615,0.013946,-0.162181,0.030421,-0.173073,0.000624,0.001006
0,0.12668,-0.000544,0.184694,0.041313,0.214414,0.032358,0.002211,9e-06
0,-0.111744,0.075009,-0.214129,0.098411,-0.193056,0.076706,0.00195,0.001309
0,0.062267,0.08796,0.191804,0.015258,0.204347,0.052571,0.001087,0.001535
0,-0.149982,-0.083206,-0.221755,-0.199416,-0.259942,-0.166331,0.002618,0.001452
0,0.061378,0.035721,0.236661,0.10102,0.240577,0.103525,0.001071,0.000623
0,-0.119364,0.149328,-0.204223,0.096578,-0.24811,0.125252,0.002083,0.002606
0,-0.224619,-0.027425,-0.111974,-0.171197,-0.089478,-0.205927,0.00277,0.000479
0,-0.065245,-0.09745,0.132158,-0.090405,0.157475,-0.044923,0.001139,0.001701
0,-0.032051,0.077219,0.060825,0.194378,0.063229,0.190058,0.000559,0.001348
0,-0.248306,-0.021494,-0.221732,-0.118459,-0.221324,-0.089024,0.002357,0.000375
0,-0.274137,0.13429,0.001061,0.136889,0.005666,0.122777,0.001906,0.002344
0,-0.244686,0.11944,0.025518,-0.001013,0.028818,0.005864,0.00242,0.002085
0,-0.237355,0.023998,0.007696,-0.09178,-0.003298,-0.04667,0.002548,0.000419
0,-0.106975,0.015999,0.116216,0.009569,0.073156,0.031692,0.001867,0.000279
0,-0.043191,0.188203,0.073616,0.154328,0.08954,0.113686,0.000754,0.003285
0,-0.087572,0.181976,-0.04141,0.009173,-0.033183,0.009666,0.001528,0.003176
0,-0.063483,0.161817,-0.004639,-0.023114,0.01362,-0.052485,0.001108,0.002824
0,-0.221527,0.194447,-0.150932,0.012328,-0.184585,0.002479,0.002824,0.003297
0,-0.186914,0.04102,0.014357,-0.162399,0.058531,-0.153104,0.003262,0.000716
0,-0.18121,0.004376,0.000209,-0.032455,-0.004471,-0.02786,0.003163,7.6e-05
0,-0.264142,0.148083,-0.063896,0.171862,-0.064782,0.174714,0.002081,0.002585
0,-0.3119,-0.029528,-0.057472,-0.170031,-0.029434,-0.191207,0.001247,0.000515
0,-0.217008,0.153429,0.098621,0.178145,0.12818,0.159876,0.002903,0.002678
0,-0.254717,0.235024,-0.016351,0.076535,-0.057752,0.117007,0.002245,0.002589
0,-0.147204,0.236871,0.135294,0.005257,0.166646,0.005071,0.002569,0.002557
0,-0.047336,0.204893,0.110093,-0.010412,0.144894,0.021219,0.000826,0.003115
0,-0.262418,0.001547,-0.194366,-0.219087,-0.222932,-0.259525,0.002111,2.7e-05
0,-0.051898,-0.007178,0.21576,-0.002899,0.224935,0.037565,0.000906,0.000125
0,-0.117816,0.106609,-0.092694,0.139629,-0.05702,0.164742,0.002056,0.001861
0,-0.102515,-0.038943,0.042768,-0.129801,0.068759,-0.151648,0.001789,0.00068
0,-0.079443,0.185032,0.013363,0.244702,0.029633,0.257832,0.001387,0.003229
0,-0.188644,0.081627,-0.122502,-0.074295,-0.090883,-0.11345,0.003292,0.001425
0,-0.077589,0.205878,0.10945,0.141616,0.082247,0.173511,0.001354,0.003098
0,0.05556,-0.059411,0.160756,-0.28509,0.11956,-0.273427,0.00097,0.001037
0,0.114923,0.206601,0.063031,0.255283,0.030274,0.270459,0.002006,0.003085
0,-0.105551,-0.027244,-0.248277,-0.255019,-0.285943,-0.295869,0.001842,0.000475
0,-0.112227,0.141861,0.016357,0.150181,0.040147,0.19762,0.001959,0.002476
0,0.053896,-0.045489,0.183817,-0.158473,0.142656,-0.13501,0.000941,0.000794
0,-0.003601,-0.078258,-0.036682,-0.022429,-0.003636,0.025756,6.3e-05,0.001366
0,-0.00472,-0.079773,-0.0105,0.002824,-0.050371,0.0082,8.2e-05,0.001392
0,-0.091623,-0.052123,-0.069263,0.030173,-0.035347,0.058961,0.001599,0.00091
0,0.162952,0.197209,0.224764,0.239094,0.231272,0.262269,0.002844,0.003249
0,-0.107062,0.208344,-0.269178,0.012682,-0.289596,0.046941,0.001869,0.003055
0,0.161012,0.163762,0.250416,-0.053068,0.217781,-0.014578,0.00281,0.002858
0,0.000598,0.205498,-0.187125,0.047595,-0.154056,0.045686,1e-05,0.003104
0,0.042938,0.065542,0.035727,-0.124674,-0.01096,-0.080423,0.000749,0.001144
0,0.029122,0.231991,0.001549,0.184439,0.020474,0.18905,0.000508,0.002642
0,0.024561,0.25451,0.003568,0.027851,0.004885,0.059209,0.000429,0.002249
0,-0.096623,0.134623,-0.141486,-0.145011,-0.182143,-0.183919,0.001686,0.00235
0,0.143821,0.134502,0.241747,0.019028,0.253097,-0.028145,0.00251,0.002348
0,0.170063,-0.061515,0.023966,-0.197835,0.036617,-0.196606,0.002968,0.001074
0,0.079987,-0.002904,-0.083674,0.035789,-0.034061,0.044648,0.001396,5.1e-05
0,-0.015767,-0.032202,-0.093385,-0.017626,-0.137333,0.009097,0.000275,0.000562
0,0.021992,0.085847,0.031706,0.10903,0.004007,0.07291,0.000384,0.001498
0,0.018953,-0.061988,0.019549,-0.135413,-0.004805,-0.128519,0.000331,0.001082
0,0.02138,0.011916,0.021862,0.081006,-0.01161,0.083752,0.000373,0.000208
0,0.046806,0.18314,0.034317,0.171799,-0.005698,0.208459,0.000817,0.003196
0,-0.120026,0.149816,-0.172403,-0.007248,-0.160325,0.032928,0.002095,0.002615
0,-0.072537,0.124044,0.072834,-0.008993,0.112818,-0.012907,0.001266,0.002165
0,0.068751,-1.115081,0.169926,-1.231418,0.179475,-1.189661,0.0012,0.000611
0,0.322775,-1.334043,0.263507,-0.226472,0.291923,-0.259865,0.001057,0.003211
0,0.163215,-1.422427,-0.174029,-0.100606,-0.195924,-0.127247,0.002849,0.001937
0,0.212978,-1.181056,0.073963,0.224464,0.07479,0.238369,0.002974,0.000541
0,0.210667,-1.03597,-0.023737,0.134835,-0.047362,0.087396,0.003014,0.001991
0,0.164489,-0.875657,-0.069641,0.167826,-0.088058,0.154381,0.002871,0.001901
0,0.063188,-0.689581,-0.075346,0.176521,-0.046635,0.211774,0.001103,0.001346
0,0.171458,-0.664551,0.125629,0.029897,0.116101,-0.001165,0.002993,0.001783
0,0.011812,-0.365303,-0.143167,0.279946,-0.159527,0.281848,0.000206,0.000315
0,0.212835,-0.304295,0.174103,0.088638,0.13193,0.135865,0.002976,0.00138
0,-0.033984,-0.149598,-0.238182,0.142775,-0.28782,0.133973,0.000593,0.002611
0,0.084252,0.026215,0.141345,0.190842,0.122995,0.201932,0.00147,0.000458
0,0.10363,-0.02622,0.041127,-0.052488,0.068179,-0.045701,0.001809,0.000458
0,0.006695,-0.049779,-0.068244,-0.052869,-0.110239,-0.035706,0.000117,0.000869
0,0.040955,-0.13548,0.046872,-0.093758,0.016571,-0.09563,0.000715,0.002365
0,0.07586,-0.044368,0.020696,0.116902,0.042553,0.150319,0.001324,0.000774
0,0.149457,-0.001036,0.044101,0.040537,0.023331,0.003692,0.002609,1.8e-05
0,0.065558,0.114803,-0.109147,0.106068,-0.069899,0.114324,0.001144,0.002004
0,-0.040116,-0.101386,-0.117449,-0.208259,-0.070647,-0.160609,0.0007,0.00177
0,-0.027221,-0.047213,0.030998,0.032755,0.063568,0.036581,0.000475,0.000824
0,-0.026366,-0.016878,0.003508,0.011312,-0.01575,0.056298,0.00046,0.000295
0,-0.087357,-0.08894,-0.043319,-0.061116,-0.028623,-0.011823,0.001525,0.001552
0,0.03142,-0.014311,0.118972,0.092282,0.104422,0.12416,0.000548,0.00025
0,0.082175,0.137472,0.042286,0.161008,0.085548,0.158456,0.001434,0.002399
0,0.125842,-0.067122,0.02528,-0.182891,0.030297,-0.135878,0.002196,0.001171
0,0.082518,-0.034571,-0.06279,0.030659,-0.079015,0.05685,0.00144,0.000603
0,0.111155,0.16374,0.00772,0.198391,0.047144,0.191461,0.00194,0.002858
0,0.078206,-0.114685,-0.050912,-0.25654,-0.092724,-0.229267,0.001365,0.002002
0,-0.02363,0.033452,-0.130771,0.177564,-0.12681,0.177209,0.000412,0.000584
0,-0.210927,0.036233,-0.214197,-0.019488,-0.173723,-0.010523,0.003009,0.000632
0,0.017601,-0.110835,0.256298,-0.170302,0.213828,-0.122797,0.000307,0.001934
0,0.039098,0.083168,0.010991,0.200177,0.050962,0.197236,0.000682,0.001452
0,-0.137713,0.11353,-0.199111,0.014141,-0.231557,0.003535,0.002404,0.001981
0,-0.200003,0.062302,-0.057339,-0.057724,-0.040362,-0.028232,0.0032,0.001087
0,-0.06832,-0.035704,0.1099,-0.106295,0.129386,-0.15609,0.001192,0.000623
0,-0.023724,-0.141191,0.024427,-0.081505,0.029336,-0.037285,0.000414,0.002464
0,0.04171,-0.120991,0.037226,0.048026,0.059611,0.015827,0.000728,0.002112
0,0.047003,0.096462,0.006749,0.246602,0.031714,0.223285,0.00082,0.001684
0,0.090559,-0.064042,0.066806,-0.144379,0.055319,-0.172174,0.001581,0.001118
0,-0.054961,0.073958,-0.142845,0.161962,-0.162548,0.208525,0.000959,0.001291
0,-0.100737,0.139504,-0.063042,0.084277,-0.112905,0.050754,0.001758,0.002435
0,0.101088,-0.096888,0.211661,-0.239736,0.193269,-0.227245,0.001764,0.001691
0,-0.048973,-0.037109,-0.122713,0.067292,-0.097407,0.11,0.000855,0.000648
0,0.004376,-0.00194,0.026125,0.035506,0.042298,0.034835,7.6e-05,3.4e-05
0,-0.00614,-0.139887,-0.019929,-0.109142,-0.032891,-0.136305,0.000107,0.002441
0,-0.052489,0.074062,-0.048442,0.189309,-0.029381,0.149095,0.000916,0.001293
0,0.015496,-0.076913,0.087071,-0.134627,0.124155,-0.113004,0.00027,0.001342
0,-0.077855,-0.137787,-0.109546,-0.047751,-0.098476,-0.064529,0.001359,0.002405
0,-0.156748,-0.098235,-0.066417,0.065159,-0.057554,0.058908,0.002736,0.001715
0,-0.778572,-0.873508,-0.602548,-0.803487,-0.635993,-0.836974,0.000207,0.001864
0,-1.492171,-1.240329,-0.73934,-0.345272,-0.718671,-0.347593,0.00072,0.001575
0,-1.37871,-1.415247,0.099438,-0.182012,0.127343,-0.169745,0.0027,0.002063
0,-1.099447,-1.273675,0.287355,0.118591,0.275746,0.135767,0.000883,0.002157
0,-0.900019,-1.279674,0.183197,0.011488,0.1792,0.011772,0.002327,0.002262
0,-0.78116,-1.349248,0.120126,-0.075021,0.10285,-0.060155,0.000252,0.003214
0,-0.705942,-1.02342,0.091983,0.344219,0.077961,0.301977,0.001061,0.00221
0,-0.241986,-0.65387,0.448715,0.395556,0.437257,0.419007,0.002467,0.001969
0,-0.318438,-0.20347,-0.055452,0.459672,-0.0168,0.417338,0.001133,0.00314
0,-0.221929,-0.004669,0.086441,0.170758,0.112014,0.190509,0.002817,8.1e-05
0,-0.065359,-0.094133,0.137193,-0.111203,0.153823,-0.14623,0.001141,0.001643
0,0.115328,-0.057751,0.196213,0.027716,0.180435,0.052864,0.002013,0.001008
0,0.390135,0.126972,0.27976,0.18271,0.266912,0.201889,0.000118,0.002216
0,0.270351,-0.038815,-0.133722,-0.182256,-0.093657,-0.174994,0.001972,0.000677
0,0.121754,0.018428,-0.171285,0.071751,-0.16757,0.025564,0.002125,0.000322
0,0.244231,0.068875,0.105916,0.078157,0.101486,0.082935,0.002428,0.001202
0,0.035366,0.27116,-0.205878,0.215166,-0.207222,0.246823,0.000617,0.001958
0,0.125772,0.263595,0.11037,-0.010937,0.131998,-0.013861,0.002195,0.00209
0,-0.007565,-0.036225,-0.146508,-0.300701,-0.125464,-0.32333,0.000132,0.000632
0,-0.035555,0.201048,-0.044213,0.2264,-0.0236,0.210522,0.000621,0.003182
0,0.118192,-0.015756,0.143535,-0.198547,0.097317,-0.210434,0.002063,0.000275
0,0.032863,0.13716,-0.085051,0.164364,-0.121767,0.19346,0.000574,0.002394
0,0.073084,0.092331,0.042479,-0.032951,0.038363,-0.065951,0.001276,0.001611
0,-0.089609,0.058104,-0.135059,-0.013273,-0.111501,0.003677,0.001564,0.001014
0,0.00735,-0.025575,0.102391,-0.066339,0.059063,-0.087682,0.000128,0.000446
0,-0.002363,-0.003723,-0.029013,0.004268,-0.043164,0.050118,4.1e-05,6.5e-05
0,0.138964,-0.144569,0.161345,-0.166596,0.111391,-0.183577,0.002425,0.002523
0,0.033072,0.026609,-0.118651,0.147095,-0.119733,0.179731,0.000577,0.000464
0,0.102713,-0.220979,0.070423,-0.240272,0.11113,-0.274285,0.001793,0.002834
0,0.108146,0.001616,-0.013369,0.196474,-0.032069,0.150439,0.001888,2.8e-05
0,0.128541,-0.146759,0.042714,-0.123018,0.000108,-0.153748,0.002243,0.002561
0,0.091655,-0.110471,-0.023969,0.038933,-0.02079,-0.010641,0.0016,0.001928
0,0.103761,-0.040744,0.018493,0.040259,0.042897,0.078629,0.001811,0.000711
0,0.189968,0.048688,0.099298,0.082584,0.109742,0.104622,0.003316,0.00085
0,0.059199,-0.035425,-0.108372,-0.068769,-0.131227,-0.059878,0.001033,0.000618
0,0.063793,0.077128,0.015713,0.137897,-0.020538,0.174834,0.001113,0.001346
0,-0.016026,-0.111304,-0.108214,-0.178022,-0.135881,-0.1744,0.00028,0.001943
0,0.005573,-0.15551,0.00219,-0.070881,0.051407,-0.059088,9.7e-05,0.002714
0,0.009161,0.03367,-0.000924,0.171387,-0.042359,0.162257,0.00016,0.000588
0,-0.098292,-0.151406,-0.091557,-0.19238,-0.115734,-0.154762,0.001716,0.002643
0,0.048574,0.040847,0.11868,0.219929,0.150182,0.263864,0.000848,0.000713
0,-0.127511,-0.150215,-0.203621,-0.168146,-0.19135,-0.204651,0.002225,0.002622
0,0.055314,0.061563,0.166941,0.193671,0.141214,0.226382,0.000965,0.001074
0,-0.072756,0.037692,-0.116439,-0.043043,-0.112823,-0.004937,0.00127,0.000658
0,0.009286,-0.167477,0.101722,-0.197735,0.068345,-0.151185,0.000162,0.002923
0,-0.050647,-0.028297,-0.065508,0.14813,-0.053771,0.188394,0.000884,0.000494
0,0.066715,-0.031422,0.114634,0.018351,0.117638,0.005308,0.001164,0.000548
0,-0.083265,-0.089269,-0.147948,-0.072362,-0.190345,-0.113442,0.001453,0.001558
0,0.156763,0.092719,0.233257,0.165046,0.269435,0.121565,0.002736,0.001618
0,0.207,0.124997,0.047953,0.053908,0.05094,0.019894,0.003078,0.002182
0,0.161986,-0.128892,-0.038986,-0.230664,-0.05277,-0.268189,0.002827,0.00225
0,-0.015209,0.066892,-0.17437,0.216594,-0.196805,0.244517,0.000265,0.001167
0,0.065101,0.157533,0.096133,0.096903,0.09592,0.141848,0.001136,0.002749
0,0.0858,-0.091577,0.009755,-0.257477,0.004162,-0.257968,0.001497,0.001598
0,-0.040292,-0.072071,-0.143108,0.030987,-0.16616,0.069564,0.000703,0.001258
0,-0.024844,-0.161847,0.019507,-0.079851,0.039454,-0.115912,0.000434,0.002825
0,0.100803,-0.012875,0.146863,0.171639,0.142585,0.134918,0.001759,0.000225
0,0.01539,0.042753,-0.09123,0.05183,-0.073247,0.097771,0.000269,0.000746
0,0.233166,-0.009402,0.244131,-0.035846,0.200943,0.009375,0.002621,0.000164
0,-0.006463,-0.039665,-0.26293,-0.04718,-0.279149,-0.017893,0.000113,0.000692
0,0.220235,0.08599,0.222508,0.142256,0.239225,0.140744,0.002847,0.001501
0,0.02643,0.109093,-0.207522,0.01835,-0.161456,0.054394,0.000461,0.001904
0,0.061077,0.112544,0.02805,0.016046,0.060179,0.023447,0.001066,0.001964
0,-0.047174,-0.080538,-0.117369,-0.167136,-0.127189,-0.168476,0.000823,0.001406
0,0.077319,-0.110662,0.119178,-0.053395,0.114962,-0.032398,0.001349,0.001931
0,0.115645,0.014296,0.029707,0.134864,-0.011382,0.171925,0.002018,0.00025
0,-0.082443,0.147996,-0.210166,0.160406,-0.183698,0.167197,0.001439,0.002583
0,-0.05017,0.052007,0.036568,-0.079003,0.057058,-0.092016,0.000876,0.000908
0,-0.060514,0.105287,0.00421,0.070955,-0.00982,0.023076,0.001056,0.001838
0,-0.0968,-0.097549,-0.03356,-0.204309,0.007367,-0.251963,0.001689,0.001703
0,0.023224,-0.053994,0.12584,0.058263,0.172745,0.07036,0.000405,0.000942
0,-0.16867,-0.045828,-0.174069,-0.001012,-0.138744,0.047208,0.002944,0.0008
0,-0.035891,0.169824,0.149782,0.215017,0.165781,0.181442,0.000626,0.002964
0,-0.082103,-0.093901,-0.062315,-0.277353,-0.016526,-0.309514,0.001433,0.001639
0,-0.245957,0.051155,-0.160101,0.166683,-0.1515,0.166766,0.002398,0.000893
0,-0.034167,0.002399,0.191898,-0.070509,0.195667,-0.059241,0.000596,4.2e-05
0,-0.15744,-0.095677,-0.145364,-0.120965,-0.104889,-0.100172,0.002748,0.00167
0,-0.031513,0.073454,0.138511,0.193291,0.114237,0.162914,0.00055,0.001282
0,-0.064765,0.033158,-0.024163,-0.041045,-0.05049,-0.056567,0.00113,0.000579
0,-0.17789,0.002167,-0.091354,-0.057537,-0.079677,-0.073759,0.003105,3.8e-05
0,-0.184831,0.011892,-0.003161,-0.009418,-0.039988,-0.054029,0.003226,0.000208
0,-0.169283,0.085656,0.006477,0.055841,-0.007603,0.062456,0.002955,0.001495
0,0.039936,0.044235,0.190468,-0.052225,0.219995,-0.004914,0.000697,0.000772
0,-0.085683,0.117207,-0.141791,0.088219,-0.114553,0.088213,0.001495,0.002046
0,0.013095,0.209769,0.079816,0.083921,0.122282,0.10719,0.000229,0.00303
0,-0.063143,-0.063419,-0.091441,-0.284344,-0.100093,-0.268937,0.001102,0.001107
0,-0.165652,0.095456,-0.102433,0.165209,-0.146137,0.18926,0.002891,0.001666
0,-0.143279,0.053366,0.020071,-0.055935,0.065804,-0.076251,0.002501,0.000931
0,-0.156096,-0.048378,-0.037462,-0.083219,-0.013181,-0.075123,0.002724,0.000844
0,-0.038443,-0.152044,0.131001,-0.096618,0.087712,-0.13517,0.000671,0.002654
0,0.059253,-0.124668,0.071986,0.003643,0.030305,0.001174,0.001034,0.002176
0,-0.187286,-0.137324,-0.242141,-0.018376,-0.289667,-0.024884,0.003269,0.002397
0,-0.017839,0.066072,0.197984,0.211696,0.180145,0.191362,0.000311,0.001153
0,-0.113477,0.093528,-0.08724,0.02561,-0.125303,0.020036,0.001981,0.001632
0,-0.167153,-0.083042,-0.067777,-0.19349,-0.037236,-0.222294,0.002917,0.001449
0,-0.16939,-0.024577,-0.018165,0.07565,0.022001,0.059753,0.002956,0.000429
0,-0.13567,-0.117027,0.044892,-0.091762,0.078172,-0.054502,0.002368,0.002043
0,-0.138609,-0.039277,-0.028478,0.076374,-0.074191,0.058823,0.002419,0.000686
0,-0.158975,0.065828,-0.015928,0.115584,-0.014006,0.13766,0.002775,0.001149
0,-0.010279,0.100594,0.152589,0.044461,0.196426,0.09072,0.000179,0.001756
0,-0.187411,-0.000239,-0.170577,-0.106552,-0.143765,-0.137396,0.003271,4e-06
0,0.024218,-0.177611,0.184201,-0.167223,0.178191,-0.156087,0.000423,0.0031
0,0.068387,0.054089,0.043505,0.240521,0.042674,0.273038,0.001194,0.000944
0,0.028894,-0.043614,-0.058488,-0.121175,-0.09814,-0.137079,0.000504,0.000761
0,0.023089,-0.126384,-0.028502,-0.106725,-0.032618,-0.087036,0.000403,0.002206
0,-0.129224,-0.173104,-0.143012,-0.03822,-0.178077,-0.035891,0.002255,0.003021
0,-0.075789,0.028104,0.047844,0.203254,0.077674,0.231387,0.001323,0.000491
0,-0.142971,-0.138964,-0.081563,-0.196317,-0.101069,-0.194954,0.002495,0.002425
0,-0.17513,-0.028123,-0.056248,0.102111,-0.10073,0.108162,0.003057,0.000491
0,-0.101557,0.1119,0.059773,0.135845,0.075973,0.136006,0.001773,0.001953
0,-0.066321,-0.012247,0.017032,-0.143729,-0.027785,-0.097201,0.001158,0.000214
0,-0.088638,-0.123053,-0.003544,-0.126847,-0.02755,-0.095833,0.001547,0.002148
0,-0.044106,-0.015626,0.045675,0.116822,0.044324,0.122403,0.00077,0.000273
0,-0.174867,-0.068753,-0.101335,-0.075252,-0.092092,-0.066292,0.003052,0.0012
0,0.032569,-0.006469,0.22939,0.084849,0.194771,0.091101,0.000568,0.000113
0,-0.14179,-0.005738,-0.182916,-0.008332,-0.136955,-0.029095,0.002475,0.0001
0,-0.036187,0.028242,0.111655,0.011445,0.137636,0.05562,0.000632,0.000493
0,-0.031084,-0.005245,0.020047,-0.046808,0.034228,-0.075856,0.000543,9.2e-05
0,0.000217,-0.030207,0.040208,-0.027007,0.067322,-0.033673,4e-06,0.000527
0,-0.097363,0.07445,-0.087596,0.104209,-0.037609,0.146028,0.001699,0.001299
0,-0.300613,0.065924,-0.186946,0.013627,-0.230524,0.023174,0.001444,0.001151
0,-0.209343,-0.1091,0.06746,-0.154695,0.10979,-0.178798,0.003037,0.001904
0,-0.056896,-0.048155,0.163473,0.034244,0.148524,0.062274,0.000993,0.00084
0,-0.227519,-0.133307,-0.149469,-0.076508,-0.162845,-0.085155,0.00272,0.002327
0,0.021656,0.020057,0.244787,0.135102,0.243687,0.118974,0.000378,0.00035
0,-0.265172,0.073561,-0.298078,0.050939,-0.293846,0.080669,0.002063,0.001284
0,-0.136503,0.108558,0.115057,0.063896,0.121095,0.094364,0.002382,0.001895
0,-0.1348,-0.080065,-0.00427,-0.188142,-0.037967,-0.173837,0.002353,0.001397
0,-0.069807,0.040452,0.09477,0.101867,0.137763,0.077698,0.001218,0.000706
0,-0.020761,-0.061406,0.03129,-0.120455,-0.005711,-0.150264,0.000362,0.001072
0,0.036166,0.141204,0.043519,0.230202,0.069228,0.210767,0.000631,0.002464
0,-0.092276,0.070553,-0.120571,-0.063698,-0.076002,-0.0645,0.001611,0.001231
0,-0.208719,-0.138082,-0.120587,-0.226517,-0.111408,-0.235791,0.003048,0.00241
0,-0.020397,-0.054782,0.196286,0.085973,0.166505,0.126992,0.000356,0.000956
0,-0.174035,0.010658,-0.135396,0.076018,-0.118165,0.055866,0.003037,0.000186
0,0.025827,-0.050674,0.19066,-0.060927,0.228678,-0.037194,0.000451,0.000884
0,-0.113492,-0.008747,-0.147007,0.06797,-0.138805,0.098878,0.001981,0.000153
0,0.030827,0.082506,0.119053,0.071182,0.106204,0.058406,0.000538,0.00144
0,-0.20807,-0.174158,-0.244975,-0.237793,-0.265027,-0.250622,0.003059,0.00304
0,0.054321,-0.197718,0.280446,-0.016418,0.264811,-0.024417,0.000948,0.00324
0,-0.095784,-0.067597,-0.153052,0.11553,-0.193166,0.15814,0.001672,0.00118
0,-0.169636,0.013164,-0.044437,0.068612,-0.027691,0.022082,0.002961,0.00023
0,-0.146578,-0.223084,0.03518,-0.233942,0.008103,-0.236092,0.002558,0.002797
0,0.011123,0.015969,0.165103,0.220397,0.116765,0.172051,0.000194,0.000279
0,-0.079153,-0.1895,-0.07677,-0.198345,-0.073622,-0.227137,0.001381,0.003307
0,-0.157684,-0.210261,-0.078432,-0.035404,-0.100218,-0.003524,0.002752,0.003021
0,-0.162083,0.047117,0.017029,0.24352,0.050864,0.28931,0.002829,0.000822
0,0.069478,-0.035384,0.228207,-0.086886,0.197853,-0.10667,0.001213,0.000618
0,0.091288,-0.089863,0.035222,-0.051925,0.012855,-0.050557,0.001593,0.001568
0,-0.070228,0.017904,-0.147387,0.124563,-0.181613,0.109911,0.001226,0.000312
0,0.080211,-0.102971,0.127472,-0.137959,0.116524,-0.091976,0.0014,0.001797
0,0.064612,-0.070919,-0.039336,0.0407,-9.2e-05,0.017923,0.001128,0.001238
0,0.028563,-0.086182,-0.038823,-0.037616,-0.000468,-0.035663,0.000499,0.001504
0,0.193288,-0.082095,0.183053,-4.5e-05,0.226713,-0.00039,0.003317,0.001433
0,0.106337,0.034525,-0.092707,0.093585,-0.064808,0.11421,0.001856,0.000603
0,-0.06674,-0.072514,-0.190318,-0.13215,-0.190924,-0.171968,0.001165,0.001266
0,-0.043001,-0.132201,0.031527,-0.041481,-0.008306,-0.045266,0.000751,0.002307
0,-0.156892,-0.013398,-0.136839,0.09895,-0.104474,0.119309,0.002738,0.000234
0,0.11537,-0.164724,0.295948,-0.159655,0.319502,-0.122197,0.002014,0.002875
0,0.025888,-0.13779,-0.093538,0.051491,-0.12217,0.096449,0.000452,0.002405
0,-0.21293,0.021559,-0.213964,0.132751,-0.228603,0.165245,0.002974,0.000376
0,-0.182938,0.082958,0.015502,0.062252,0.024536,0.09278,0.003193,0.001448
0,-0.089084,-0.017112,0.094574,-0.118847,0.106224,-0.087291,0.001555,0.000299
0,-0.085289,0.087942,-0.023802,0.132512,0.020565,0.088649,0.001489,0.001535
0,0.049464,-0.017953,0.112547,-0.092805,0.095218,-0.119175,0.000863,0.000313
0,0.00179,-0.077616,-0.019288,-0.064549,-0.051304,-0.112607,3.1e-05,0.001355
0,-0.053584,0.077677,-0.073562,0.150251,-0.104895,0.174755,0.000935,0.001356
0,-0.107459,0.04792,-0.079856,-0.058989,-0.100273,-0.009256,0.001876,0.000836
0,-0.001766,0.093915,0.116122,0.035196,0.150406,0.049033,3.1e-05,0.001639
0,-0.073983,-0.065751,-0.053783,-0.14359,-0.005969,-0.179024,0.001291,0.001148
0,0.048805,-0.147552,0.131689,-0.062873,0.158335,-0.099109,0.000852,0.002575
0,-0.071472,0.113484,-0.110951,0.282717,-0.142096,0.251051,0.001247,0.001981
0,-0.114655,-0.044303,-0.071975,-0.16939,-0.106434,-0.136801,0.002001,0.000773
0,-0.075517,0.147351,0.059471,0.21021,0.105781,0.227783,0.001318,0.002572
0,0.058325,-0.065108,0.154907,-0.198804,0.135146,-0.218659,0.001018,0.001136
0,-0.101343,0.063183,-0.145466,0.104009,-0.108989,0.118147,0.001769,0.001103
0,-0.045778,0.081595,0.054873,0.002372,0.055855,0.034975,0.000799,0.001424
0,0.021845,0.003346,0.052238,-0.089165,0.064522,-0.061821,0.000381,5.8e-05
0,-0.08056,-0.094391,-0.101139,-0.122879,-0.088386,-0.12381,0.001406,0.001647
0,-0.047876,-0.044431,0.010117,0.066106,-0.014515,0.039324,0.000836,0.000775
0,0.16289,0.102017,0.209716,0.129827,0.243359,0.092996,0.002843,0.001781
0,0.004642,-0.114997,-0.151578,-0.222099,-0.110009,-0.243528,8.1e-05,0.002007
0,-0.050648,-0.101817,-0.030533,0.037654,-0.047083,0.061848,0.000884,0.001777
0,0.079844,0.134509,0.15159,0.237446,0.173574,0.240744,0.001394,0.002348
0,-0.049656,-0.034702,-0.117349,-0.161315,-0.131534,-0.111567,0.000867,0.000606
0,0.198443,0.040873,0.222927,0.091571,0.203977,0.115928,0.003227,0.000713
0,0.105692,0.086097,-0.081518,0.062701,-0.106052,0.078654,0.001845,0.001503
0,0.047109,-0.050966,-0.07061,-0.107421,-0.053069,-0.094567,0.000822,0.00089
0,-0.017532,0.101554,-0.085044,0.129064,-0.097912,0.119357,0.000306,0.001772
0,0.071155,-0.015576,0.088533,-0.145173,0.088204,-0.141996,0.001242,0.000272
0,-0.164869,0.104724,-0.220887,0.138399,-0.203429,0.184409,0.002878,0.001828
0,-0.127793,0.154326,0.009831,0.055882,-0.003487,0.032933,0.00223,0.002693
0,-0.117033,0.118947,0.018612,-0.006597,0.029047,-0.041276,0.002043,0.002076
0,0.106359,-0.034175,0.220004,-0.157662,0.181571,-0.170709,0.001856,0.000596
0,0.094583,0.062965,0.003053,0.103676,-0.04631,0.121781,0.001651,0.001099
0,0.228704,-0.088895,0.149945,-0.125473,0.179148,-0.110456,0.002699,0.001552
0,0.222379,-0.092307,-0.010866,-0.027877,0.011588,-0.072624,0.00281,0.001611
0,0.018732,-0.048183,-0.212202,0.044125,-0.225077,0.070069,0.000327,0.000841
0,0.153874,0.033256,0.160009,0.064755,0.143768,0.093057,0.002686,0.00058
0,0.103066,0.126696,-0.039074,0.118922,-0.049271,0.087774,0.001799,0.002211
0,0.191509,0.085185,0.098189,-0.055563,0.13222,-0.099848,0.003342,0.001487
0,0.067214,-0.051607,-0.13379,-0.129066,-0.087637,-0.089637,0.001173,0.000901
0,-0.070721,0.031963,-0.134878,0.082227,-0.117315,0.096632,0.001234,0.000558
0,0.107428,-0.050686,0.167207,-0.104283,0.150933,-0.074132,0.001875,0.000885
0,-0.05631,0.058138,-0.17547,0.124853,-0.199645,0.081129,0.000983,0.001015
0,0.038285,0.106519,0.104318,0.063849,0.080773,0.022071,0.000668,0.001859
0,-0.034342,-0.012921,-0.052194,-0.140387,-0.008123,-0.116576,0.000599,0.000226
0,0.114051,0.135351,0.126104,0.150018,0.108276,0.129475,0.001991,0.002362
0,0.025601,0.112599,-0.073869,-0.008633,-0.073639,-0.026094,0.000447,0.001965
0,-0.046185,0.016173,-0.076197,-0.106923,-0.095556,-0.075323,0.000806,0.000282
0,0.048348,0.167401,0.081389,0.126936,0.063225,0.156918,0.000844,0.002922
0,0.119025,-0.090531,0.042579,-0.274226,0.079429,-0.242816,0.002077,0.00158
0,0.121622,0.003931,0.031099,0.117356,-0.014364,0.148821,0.002123,6.9e-05
0,2.46928,0.371382,2.3424,0.381999,2.390251,0.41008,0.002952,0.000209
0,3.419996,0.562259,0.931083,0.169038,0.944519,0.149724,0.000527,0.003122
0,4.122064,0.49493,0.700204,-0.065995,0.677986,-0.033851,0.001655,0.001947
0,5.35914,0.668754,1.235979,0.184818,1.240273,0.143525,0.000137,0.00171
0,4.970151,0.617908,-0.363936,-0.022708,-0.409486,-0.023115,0.000235,0.002597
0,4.324329,0.717858,-0.670071,0.113164,-0.681621,0.121875,0.001875,0.000853
0,3.269775,0.618794,-1.07602,-0.079888,-1.042982,-0.067478,0.003149,0.002582
0,1.892279,0.338738,-1.352742,-0.291981,-1.374998,-0.261039,0.000428,0.000779
0,1.140143,0.240185,-0.739061,-0.094378,-0.77047,-0.133672,0.000173,0.002499
0,0.663202,0.199427,-0.472456,-0.031343,-0.456532,0.016126,0.001807,0.00321
0,0.050538,-0.039752,-0.61005,-0.259886,-0.657462,-0.229857,0.000882,0.000694
0,-0.302765,-0.070744,-0.380069,-0.020539,-0.398459,-0.058522,0.001407,0.001235
0,-0.576346,-0.214021,-0.293698,-0.122589,-0.326009,-0.10196,0.003322,0.002955
0,-0.330578,-0.128323,0.243231,0.073724,0.235211,0.036781,0.000921,0.00224
0,-0.542312,-0.114751,-0.239412,0.040268,-0.240385,0.027737,0.002774,0.002003
0,-0.411863,-0.316686,0.129347,-0.218654,0.173905,-0.207082,0.000498,0.001164
0,-0.236054,-0.17091,0.178539,0.118365,0.135366,0.099171,0.002571,0.002983
0,-0.290561,-0.336567,-0.04737,-0.148989,-0.087181,-0.147715,0.00162,0.000817
0,-0.065149,-0.044181,0.204029,0.305995,0.180889,0.351748,0.001137,0.000771
0,-0.200563,0.03703,-0.161597,0.106298,-0.152934,0.108902,0.00319,0.000646
0,-0.11071,-0.180466,0.081801,-0.208828,0.045028,-0.203275,0.001932,0.00315
0,0.095459,-0.093295,0.185046,0.063145,0.202318,0.045683,0.001666,0.001628
0,0.20487,-0.062494,0.098807,0.0193,0.105607,0.045451,0.003115,0.001091
0,0.171461,-0.024478,-0.010102,0.008025,0.033869,0.027742,0.002993,0.000427
0,0.047828,0.025805,-0.142567,0.058322,-0.171671,0.093449,0.000835,0.00045
0,-0.078409,0.004427,-0.13357,-0.044273,-0.101109,-0.023974,0.001368,7.7e-05
0,0.186693,-0.033167,0.237974,-0.032844,0.21025,-0.013277,0.003258,0.000579
0,0.169567,-0.073595,-0.024926,-0.012682,0.017718,0.032583,0.002959,0.001284
0,0.018841,-0.004457,-0.126088,0.047377,-0.092047,0.017089,0.000329,7.8e-05
0,0.1963,-0.099043,0.178774,-0.092391,0.143186,-0.134554,0.003265,0.001729
0,0.107334,0.10848,-0.066221,0.180557,-0.092221,0.195077,0.001873,0.001893
0,-0.057065,0.047821,-0.152615,-0.061978,-0.172073,-0.059391,0.000996,0.000835
0,0.149017,-0.003889,0.192915,-0.026408,0.144829,-0.008668,0.002601,6.8e-05
0,0.097116,-0.139044,-0.069171,-0.132623,-0.056882,-0.141029,0.001695,0.002427
0,-0.052924,-0.054604,-0.140558,0.061269,-0.138718,0.10172,0.000924,0.000953
0,0.106737,-0.121275,0.16138,-0.081141,0.176763,-0.097974,0.001863,0.002117
0,0.103116,0.116799,0.006252,0.215226,0.036184,0.173272,0.0018,0.002039
0,0.058442,-0.135033,-0.049064,-0.244331,-0.08101,-0.27729,0.00102,0.002357
0,0.037072,0.057514,-0.043824,0.214398,-0.04829,0.17524,0.000647,0.001004
0,-0.076537,0.151136,-0.106753,0.088066,-0.115302,0.070642,0.001336,0.002638
0,-0.092089,0.123033,-0.040461,-0.054067,-0.051827,-0.091791,0.001607,0.002147
0,-0.060335,-0.012898,0.02411,-0.112318,0.034205,-0.153695,0.001053,0.000225
0,-0.017957,0.14405,0.032832,0.165231,0.011444,0.120335,0.000313,0.002514
0,0.008394,-0.105579,0.034482,-0.267782,-0.00662,-0.29054,0.000147,0.001843
0,-0.053323,-0.003133,-0.061275,0.132385,-0.07401,0.150281,0.000931,5.5e-05
0,-0.270644,0.063438,-0.206857,0.050852,-0.252491,0.042818,0.001967,0.001107
0,-0.038049,0.164203,0.206979,0.085819,0.173246,0.132528,0.000664,0.002866
0,-0.229001,-0.077066,-0.174121,-0.221426,-0.143026,-0.257943,0.002694,0.001345
0,-0.13264,-0.022667,0.115866,0.029781,0.14364,0.066877,0.002315,0.000396
0,-0.191811,0.047562,-0.072827,0.089755,-0.084145,0.129309,0.003343,0.00083
0,-0.174752,-0.10672,0.021462,-0.150031,0.018125,-0.140547,0.00305,0.001863
0,-0.064529,0.02899,0.091121,0.138557,0.061416,0.137637,0.001126,0.000506
0,-0.076919,0.135954,-0.03827,0.123944,0.001534,0.120612,0.001342,0.002373
0,-0.23701,0.045869,-0.133075,-0.111959,-0.109845,-0.090307,0.002554,0.000801
0,-0.043452,-0.102971,0.184008,-0.120497,0.23085,-0.109319,0.000758,0.001797
0,-0.177507,-0.122046,-0.154304,-0.01465,-0.105665,0.008595,0.003098,0.00213
0,-0.15097,0.039549,0.042796,0.159645,0.025325,0.140412,0.002635,0.00069
0,-0.116778,0.013878,0.057854,-0.018185,0.107763,0.002267,0.002038,0.000242
0,-0.193528,0.039509,-0.060795,0.023497,-0.062951,-0.025403,0.003313,0.00069
0,-0.165501,0.050286,-0.001541,0.036208,-0.016476,-0.012101,0.002889,0.000878
0,-0.028117,-0.124969,0.145432,-0.149771,0.194895,-0.145576,0.000491,0.002181
0,-0.02074,-0.07988,-0.007972,0.042727,0.027385,0.023133,0.000362,0.001394
0,-0.184112,0.097066,-0.172236,0.166713,-0.190025,0.214924,0.003213,0.001694
0,-0.306475,-0.029862,-0.101425,-0.099393,-0.081635,-0.123491,0.001342,0.000521
0,-0.140593,-0.120829,0.171533,-0.094105,0.193214,-0.120599,0.002454,0.002109
0,-0.218999,0.092023,-0.080284,0.213576,-0.039281,0.187771,0.002869,0.001606
0,-0.012641,-0.041765,0.191415,-0.16255,0.237254,-0.153137,0.000221,0.000729
0,-0.009929,-0.110362,0.024132,-0.044808,0.039221,-0.056145,0.000173,0.001926
0,-0.079507,-0.023124,-0.083639,0.063808,-0.128426,0.078111,0.001388,0.000404
0,0.053758,0.037809,0.158068,0.076031,0.153246,0.121899,0.000938,0.00066
0,-0.037836,0.053193,-0.102983,0.023052,-0.075805,0.000137,0.00066,0.000928
0,-0.096022,-0.033603,-0.042359,-0.065169,-0.068965,-0.085122,0.001676,0.000586
0,-0.043588,-0.107237,0.064031,-0.084235,0.072565,-0.091007,0.000761,0.001872
0,-0.028611,0.096127,0.043246,0.2084,0.087271,0.203052,0.000499,0.001678
0,0.111095,-0.006442,0.122505,-0.101829,0.163486,-0.090649,0.001939,0.000112
0,-0.103867,-0.076922,-0.1947,-0.0437,-0.150769,-0.080518,0.001813,0.001343
0,-0.009723,-0.004052,0.073217,0.045466,0.093469,0.027778,0.00017,7.1e-05
0,-0.065241,-0.059091,-0.084087,-0.053122,-0.057727,-0.031383,0.001139,0.001031
0,-0.183625,-0.123982,-0.122228,-0.035656,-0.087704,-0.037353,0.003205,0.002164
0,-0.001054,-0.064137,0.168481,0.033705,0.149083,0.072662,1.8e-05,0.001119
0,-0.03223,0.179032,-0.02293,0.221089,-0.013587,0.257084,0.000563,0.003125
0,0.04172,0.022129,0.099649,-0.158324,0.11411,-0.161998,0.000728,0.000386
0,0.013505,0.004986,-0.019453,0.006986,0.012402,0.04929,0.000236,8.7e-05
0,-0.119957,0.125727,-0.153626,0.137965,-0.167731,0.093389,0.002094,0.002194
0,-0.048794,-0.128695,0.047606,-0.237537,0.052238,-0.257766,0.000852,0.002246
0,-0.221462,-0.11251,-0.143379,0.010228,-0.126239,-0.023608,0.002826,0.001964
0,-0.115538,0.022256,0.135134,0.109408,0.096121,0.133295,0.002017,0.000388
0,-0.193639,0.061846,-0.059699,0.020085,-0.041099,0.057114,0.003311,0.001079
0,0.031067,0.064121,0.252582,0.019576,0.207092,0.00581,0.000542,0.001119
0,-0.149426,-0.152387,-0.192825,-0.239838,-0.165224,-0.274832,0.002608,0.00266
0,0.079958,-0.129339,0.239941,0.010586,0.211372,0.002251,0.001396,0.002257
0,0.20441,0.001164,0.118535,0.125836,0.079303,0.105126,0.003123,2e-05
0,0.0623,-0.061993,-0.162768,-0.084536,-0.203463,-0.082439,0.001087,0.001082
0,-0.061777,-0.131633,-0.149667,-0.06902,-0.137821,-0.026241,0.001078,0.002297
0,-0.011407,0.104631,0.063605,0.208954,0.069157,0.235963,0.000199,0.001826
0,0.11487,-0.07101,0.147618,-0.183864,0.159128,-0.212259,0.002005,0.001239
0,0.159957,0.05375,0.05812,0.128116,0.01561,0.12368,0.002792,0.000938
0,-0.063918,0.032964,-0.211821,-0.03149,-0.174604,-0.02226,0.001116,0.000575
0,-0.026522,-0.051684,0.038248,-0.09759,0.041723,-0.101276,0.000463,0.000902
0,0.066437,-0.037255,0.064999,0.017896,0.103321,-0.028527,0.00116,0.00065
0,-0.073472,-0.020308,-0.122079,0.025211,-0.156542,0.072531,0.001282,0.000354
0,-0.039041,-0.042799,0.029279,0.00437,0.038256,-0.007713,0.000681,0.000747
0,0.104213,0.143633,0.124099,0.173107,0.083177,0.156378,0.001819,0.002507
0,0.097437,0.080721,-0.023635,-0.040838,-0.070942,-0.089598,0.001701,0.001409
0,0.118574,0.168088,0.016837,0.093581,0.060514,0.051777,0.00207,0.002934
0,-0.008208,0.102481,-0.134799,-0.048776,-0.126694,-0.003576,0.000143,0.001789
0,-0.042153,0.136508,-0.041842,0.017524,-0.035762,0.018468,0.000736,0.002383
0,0.044362,-0.105241,0.092339,-0.218139,0.111656,-0.22382,0.000774,0.001837
0,-0.052395,-0.110188,-0.093616,-0.034942,-0.127623,-0.019919,0.000914,0.001923
0,0.124317,0.060804,0.194753,0.170891,0.22702,0.195485,0.00217,0.001061
0,-0.044212,0.033589,-0.163867,-0.017935,-0.120307,-0.040913,0.000772,0.000586
0,0.182432,0.052488,0.256222,0.013464,0.286208,-0.013028,0.003184,0.000916
0,0.003625,0.034433,-0.201671,-0.019463,-0.168151,0.013736,6.3e-05,0.000601
0,-0.070452,-0.027375,-0.070634,-0.058498,-0.069676,-0.091201,0.00123,0.000478
0,0.067627,0.139877,0.157186,0.157032,0.142142,0.166436,0.00118,0.002441
0,0.06957,0.08415,-0.011934,-0.059896,0.011583,-0.065986,0.001214,0.001469
0,-0.141878,0.005932,-0.199067,-0.087733,-0.223259,-0.079958,0.002476,0.000104
0,-0.191886,0.11185,-0.057158,0.080589,-0.065816,0.085108,0.003342,0.001952
0,0.054696,0.102095,0.221769,-0.02552,0.180537,-0.067555,0.000955,0.001782
0,-0.085885,0.079388,-0.16812,-0.021783,-0.184214,-0.049197,0.001499,0.001386
0,0.090258,0.069983,0.152268,-0.035627,0.15181,-0.010196,0.001575,0.001221
0,0.131721,-0.045447,0.059776,-0.097514,0.06441,-0.052701,0.002299,0.000793
0,-0.025231,-0.01333,-0.1368,0.060336,-0.164986,0.03775,0.00044,0.000233
0,0.18726,0.171607,0.188297,0.201174,0.212049,0.214131,0.003268,0.002995
0,0.063959,0.007904,-0.124376,-0.16738,-0.093726,-0.163144,0.001116,0.000138
0,0.080671,0.106449,0.031445,0.080674,0.053871,0.092764,0.001408,0.001858
0,0.110389,0.076549,0.015471,-0.054745,0.058753,-0.099041,0.001927,0.001336
0,0.008997,0.114957,-0.100131,0.027738,-0.131985,0.066318,0.000157,0.002006
0,0.020869,0.038802,0.000328,-0.096219,-0.044773,-0.12125,0.000364,0.000677
0,-0.015937,0.094731,-0.019359,0.048111,-0.025031,0.075113,0.000278,0.001653
0,-0.071618,-0.037995,-0.070212,-0.155567,-0.057091,-0.201918,0.00125,0.000663
0,0.038384,0.107638,0.088368,0.171324,0.108086,0.168117,0.00067,0.001879
0,0.083788,0.13614,0.019564,0.02822,-0.01349,-0.010491,0.001462,0.002376
0,0.118666,0.162538,0.012846,0.017427,0.058573,0.008029,0.002071,0.002837
0,-0.030886,0.039809,-0.151922,-0.126599,-0.199012,-0.162716,0.000539,0.000695
0,0.05499,-0.060966,0.06291,-0.121014,0.071318,-0.117658,0.00096,0.001064
0,0.095688,-0.011928,0.013484,0.063321,-0.009664,0.100548,0.00167,0.000208
0,0.026092,0.085731,-0.074306,0.089836,-0.108091,0.134839,0.000455,0.001496
0,0.09647,0.129374,0.048186,0.04761,0.054464,0.050391,0.001684,0.002258
0,0.071335,-0.065459,-0.023133,-0.192919,-0.010581,-0.196692,0.001245,0.001142
0,-0.00811,-0.054532,-0.099361,0.015896,-0.120269,0.058297,0.000142,0.000952
0,0.157725,0.127736,0.13722,0.194712,0.131683,0.179658,0.002753,0.002229
0,0.040434,0.003426,-0.095768,-0.097741,-0.089575,-0.110556,0.000706,6e-05
0,0.051539,0.012123,0.028356,0.021635,0.031656,0.062519,0.0009,0.000212
0,-0.05342,0.007741,-0.089258,-0.019962,-0.079841,-0.061548,0.000932,0.000135
0,0.205393,-0.153978,0.245764,-0.189068,0.209125,-0.178561,0.003106,0.002687
0,0.159553,-0.071553,-0.051971,0.101493,-0.066743,0.069235,0.002785,0.001249
0,-0.008172,-0.151926,-0.142458,-0.090222,-0.122954,-0.044618,0.000143,0.002652
0,0.105786,0.042517,0.116098,0.166766,0.087301,0.185263,0.001846,0.000742
0,0.016575,-0.089476,-0.116177,-0.11703,-0.085357,-0.073777,0.000289,0.001562
0,0.061613,0.154386,0.017424,0.21641,0.038737,0.247388,0.001075,0.002695
0,0.00562,0.054424,-0.037829,-0.126111,-0.037378,-0.168668,9.8e-05,0.00095
0,0.105268,-0.084987,0.113266,-0.124441,0.107257,-0.111998,0.001837,0.001483
0,-0.082614,-0.089,-0.207454,-0.014166,-0.2526,-0.041253,0.001442,0.001553
0,0.221063,-0.09297,0.307763,0.023048,0.262174,0.012976,0.002833,0.001623
0,0.182789,0.137507,-0.048972,0.20335,-0.023303,0.247754,0.00319,0.0024
0,0.151197,0.027536,-0.031749,-0.080171,-0.001566,-0.042764,0.002639,0.000481
0,-0.048766,-0.033172,-0.220421,-0.036417,-0.180348,-0.020289,0.000851,0.000579
0,0.154467,0.007533,0.194502,0.059159,0.207113,0.029732,0.002696,0.000131
0,0.071389,0.048615,-0.089827,0.030661,-0.102799,-0.014605,0.001246,0.000848
0,0.033617,-0.025102,-0.034562,-0.094649,-0.045467,-0.051099,0.000587,0.000438
0,0.015258,0.128125,-0.046236,0.133841,-0.032039,0.174298,0.000266,0.002236
0,0.135569,0.077854,0.096721,-0.025401,0.132856,-0.06501,0.002366,0.001359
0,-0.032676,0.106881,-0.181543,0.001796,-0.206945,-0.011095,0.00057,0.001865
0,0.166811,-0.045675,0.177836,-0.153134,0.219365,-0.187354,0.002911,0.000797
0,0.051451,-0.138322,-0.135458,-0.104089,-0.127071,-0.12159,0.000898,0.002414
0,-1.008925,0.090728,-1.07119,0.215825,-1.063002,0.229124,0.002463,0.001583
0,-1.661937,-0.03736,-0.637153,-0.113407,-0.658076,-0.129242,0.002243,0.000652
0,-1.924705,-0.223057,-0.241756,-0.211474,-0.271256,-0.184921,0.000138,0.002798
0,-1.823041,-0.200009,0.108571,0.004375,0.083063,0.016693,0.001636,0.0032
0,-1.29969,-0.015668,0.545025,0.158339,0.535973,0.204159,0.002611,0.000273
0,-1.28485,-0.130995,0.031712,-0.135127,-0.00156,-0.153206,0.002352,0.002286
0,-1.139427,0.183561,0.12931,0.285837,0.081725,0.301419,0.000186,0.003204
0,-0.698523,0.098634,0.458029,-0.092448,0.483361,-0.126149,0.00119,0.001721
0,-0.285004,0.009309,0.400458,-0.06459,0.418665,-0.113672,0.001717,0.000162
0,-0.231244,0.069338,0.033871,0.072445,-0.007253,0.090098,0.002655,0.00121
0,-0.1412,-0.034801,0.073024,-0.113862,0.050882,-0.109285,0.002464,0.000607
0,-0.128756,0.089046,0.022751,0.098811,0.028373,0.082764,0.002247,0.001554
0,-0.074102,0.171457,0.025613,0.054418,0.060207,0.022554,0.001293,0.002992
0,0.026395,0.072958,0.070862,-0.082612,0.099351,-0.083179,0.000461,0.001273
0,0.229626,0.117981,0.212573,0.046037,0.185459,0.000269,0.002683,0.002059
0,0.09571,0.08794,-0.159644,-0.016321,-0.152305,0.024657,0.00167,0.001535
0,0.117475,0.031049,-0.002467,-0.080046,0.031377,-0.070686,0.00205,0.000542
0,0.078127,0.058904,-0.05452,0.015581,-0.061699,0.065179,0.001364,0.001028
0,0.143886,-0.008827,0.090473,-0.086925,0.120729,-0.089769,0.002511,0.000154
0,0.009505,-0.035667,-0.117416,-0.047138,-0.130926,-0.080362,0.000166,0.000623
0,0.1136,0.216747,0.116418,0.229805,0.156255,0.236659,0.001983,0.002908
0,0.074605,0.029934,-0.018849,-0.173427,0.022902,-0.172215,0.001302,0.000522
0,-0.1127,-0.003256,-0.193633,-0.053083,-0.179833,-0.007019,0.001967,5.7e-05
0,-0.097752,0.055348,0.026102,0.030554,0.01173,0.080091,0.001706,0.000966
0,-0.099507,-0.14303,-0.018087,-0.177676,-0.040396,-0.197604,0.001737,0.002496
0,0.027029,-0.083146,0.096969,0.054972,0.128769,0.013027,0.000472,0.001451
0,0.146865,0.10237,0.136806,0.170262,0.092878,0.207285,0.002563,0.001787
0,0.001531,0.061862,-0.117246,-0.042224,-0.138535,0.005716,2.7e-05,0.00108
0,0.095172,0.103529,0.11065,0.031575,0.08307,-0.008795,0.001661,0.001807
0,0.226914,-0.031066,0.115657,-0.132233,0.066146,-0.133682,0.00273,0.000542
0,0.01239,-0.061135,-0.216814,-0.038524,-0.247881,-0.073533,0.000216,0.001067
0,0.081159,-0.026917,0.067598,0.05101,0.112894,0.002258,0.001416,0.00047
0,0.12496,-0.044565,0.059965,-0.042386,0.020283,-0.046762,0.002181,0.000778
0,0.300142,0.009485,0.17352,0.080812,0.141373,0.122991,0.001452,0.000166
0,0.179871,-0.130579,-0.094975,-0.160972,-0.097645,-0.124213,0.003139,0.002279
0,0.145368,0.095358,-0.046534,0.246125,-0.025131,0.263223,0.002537,0.001664
0,0.259186,-0.017931,0.084362,-0.120954,0.128662,-0.158747,0.002167,0.000313
0,0.26727,-0.034421,0.000881,-0.037298,0.01249,-0.051856,0.002026,0.000601
0,0.099742,-0.147748,-0.151161,-0.105653,-0.144088,-0.119883,0.001741,0.002579
0,0.162752,0.081103,0.082854,0.257399,0.054749,0.228259,0.002841,0.001416
0,0.223613,-0.148216,0.039156,-0.225537,0.029988,-0.23496,0.002788,0.002587
0,-1.563809,-1.094458,-1.797886,-0.92277,-1.79165,-0.931526,0.00053,0.000971
0,-1.917488,-1.173439,-0.347408,-0.055139,-0.354437,-0.086956,1.2e-05,0.000408
0,-2.689958,-2.013167,-0.769548,-0.854893,-0.818615,-0.813111,0.000113,0.001682
0,-2.499862,-2.034884,0.202608,-0.019249,0.18069,-0.061545,0.003205,0.002061
0,-2.759774,-2.024857,-0.266137,0.018904,-0.307985,0.067737,0.001331,0.001886
0,-2.771932,-2.150128,0.002825,-0.133741,-0.028705,-0.15269,0.001544,0.002618
0,-2.324784,-1.874169,0.46702,0.28631,0.429702,0.315017,0.00043,0.000744
0,-1.982899,-1.508595,0.364097,0.386211,0.37938,0.344369,0.001154,0.000433
0,-1.259503,-0.785309,0.7029,0.735794,0.694084,0.782877,0.00191,0.000325
0,-0.92649,-0.636704,0.317783,0.121126,0.350527,0.090594,0.002789,0.002269
0,-0.641231,-0.245441,0.256322,0.388866,0.210582,0.412378,0.00219,0.002407
0,-0.456893,-0.02058,0.16414,0.209644,0.179788,0.232956,0.001283,0.000359
0,-0.06538,0.043848,0.418908,0.051448,0.429253,0.053192,0.001141,0.000765
0,0.085046,0.119935,0.166226,0.066642,0.129271,0.084853,0.001484,0.002093
0,0.345742,0.359501,0.287914,0.251038,0.252039,0.265728,0.000656,0.000416
0,0.499241,0.319013,0.165487,-0.019915,0.162723,-0.025177,0.002023,0.001123
0,0.24161,0.120641,-0.263478,-0.199766,-0.277751,-0.237511,0.002474,0.002106
0,0.24648,0.237824,0.024705,0.117137,0.022567,0.122091,0.002389,0.00254
0,0.318745,0.094034,0.084705,-0.121331,0.12641,-0.111713,0.001128,0.001641
0,0.061365,0.155368,-0.250088,0.078984,-0.215931,0.085947,0.001071,0.002712
0,0.186263,0.068839,0.111208,-0.075039,0.154246,-0.0506,0.003251,0.001201
0,-0.039638,0.28976,-0.206065,0.216875,-0.252075,0.181933,0.000692,0.001634
0,-0.070344,0.000469,-0.040471,-0.298247,-0.079496,-0.253015,0.001228,8e-06
0,0.013998,0.084242,0.092296,0.08826,0.104227,0.088882,0.000244,0.00147
0,-0.113372,0.259127,-0.125333,0.153248,-0.078507,0.118753,0.001979,0.002168
0,-0.026361,0.175848,0.099902,-0.081401,0.083796,-0.099322,0.00046,0.003069
0,0.119305,0.243954,0.118264,0.075146,0.091448,0.12341,0.002082,0.002433
0,0.160027,0.116291,0.024671,-0.129684,-0.021301,-0.098063,0.002793,0.00203
0,0.10208,0.196033,-0.029333,0.101817,-0.064237,0.145039,0.001782,0.003269
0,0.030662,0.005601,-0.084482,-0.171553,-0.121072,-0.14065,0.000535,9.8e-05
0,-0.095371,0.174914,-0.101235,0.180429,-0.080673,0.182141,0.001665,0.003053
0,0.155352,0.19614,0.276117,0.009628,0.233201,0.003466,0.002711,0.003268
0,0.173677,0.216599,0.020584,0.028243,-0.015302,0.011157,0.003031,0.00291
0,-0.079983,0.031444,-0.268626,-0.198553,-0.275409,-0.18493,0.001396,0.000549
0,0.140649,0.009095,0.190893,-0.032469,0.180815,-0.006187,0.002455,0.000159
0,0.18551,0.178037,0.072876,0.160375,0.046449,0.143793,0.003238,0.003107
0,0.032197,-0.042083,-0.163218,-0.215285,-0.141447,-0.204781,0.000562,0.000734
0,-0.141988,0.036936,-0.188418,0.093982,-0.21426,0.093187,0.002478,0.000645
0,0.174205,-0.032612,0.296765,-0.076428,0.339587,-0.119296,0.00304,0.000569
0,0.044172,0.055374,-0.130881,0.104447,-0.119205,0.124506,0.000771,0.000966
0,-0.037307,0.107309,-0.101057,0.059003,-0.088891,0.027721,0.000651,0.001873
0,0.065965,-0.009515,0.11621,-0.135371,0.165435,-0.092838,0.001151,0.000166
0,0.187435,0.153686,0.141129,0.141581,0.184068,0.149893,0.003271,0.002682
0,0.279992,0.18192,0.120772,-0.000484,0.070874,0.036396,0.001804,0.003175
0,0.262984,0.059951,-0.038731,-0.150918,-0.064979,-0.143691,0.002101,0.001046
0,0.365005,0.167493,0.081989,0.082554,0.125098,0.119135,0.00032,0.002923
0,0.103801,0.206588,-0.23688,0.027025,-0.268319,0.026744,0.001812,0.003085
0,0.331246,0.046222,0.233123,-0.161457,0.234557,-0.20434,0.000909,0.000807
0,0.142216,-0.037021,-0.183332,-0.111031,-0.22243,-0.134411,0.002482,0.000646
0,0.250369,0.033489,0.116404,0.080408,0.092897,0.066378,0.002321,0.000584
0,0.007517,-0.024019,-0.229674,-0.040762,-0.231542,-0.048543,0.000131,0.000419
0,0.052505,-0.025157,0.045262,-0.002986,0.05514,-0.045327,0.000916,0.000439
0,0.216165,0.148359,0.146084,0.157457,0.122744,0.187094,0.002918,0.002589
0,0.146955,0.066253,-0.060634,-0.095655,-0.039329,-0.14263,0.002565,0.001156
0,0.087509,0.148288,-0.054474,0.104508,-0.021457,0.111199,0.001527,0.002588
0,-0.053653,0.179701,-0.168898,0.046861,-0.179556,0.006112,0.000936,0.003136
0,-0.070737,-0.078895,-0.033744,-0.262774,-0.023214,-0.235516,0.001235,0.001377
0,-0.075595,0.038402,-0.02823,0.116581,-0.025638,0.124888,0.001319,0.00067
0,-0.109238,0.186563,-0.060877,0.173266,-0.069006,0.191568,0.001907,0.003256
0,-0.022983,-0.012593,0.094204,-0.178561,0.106763,-0.172882,0.000401,0.00022
0,0.022991,-0.009223,0.04519,0.024694,0.074147,0.007996,0.000401,0.000161
0,0.041166,0.126534,0.011196,0.137107,-0.024301,0.169213,0.000718,0.002208
0,0.125806,-0.044985,0.102954,-0.164824,0.078539,-0.142946,0.002196,0.000785
0,-0.079951,-0.105246,-0.203859,-0.04712,-0.236796,-0.056026,0.001395,0.001837
0,-0.069769,0.171949,0.014275,0.292254,0.032452,0.289099,0.001218,0.003001
0,0.104687,0.117304,0.191601,-0.024676,0.19662,-0.011297,0.001827,0.002047
0,0.078423,-0.056793,-0.030417,-0.168396,0.01512,-0.179065,0.001369,0.000991
0,0.17831,-0.076376,0.108426,-0.031363,0.139045,-0.048661,0.003112,0.001333
0,0.006398,0.17719,-0.187489,0.226085,-0.229984,0.224618,0.000112,0.003093
0,0.053171,0.163724,0.018598,-0.025754,0.032897,-0.032773,0.000928,0.002858
0,0.051269,0.162217,0.010854,-0.023727,0.021555,0.02562,0.000895,0.002831
0,-0.095811,-0.070665,-0.159719,-0.226168,-0.114469,-0.221339,0.001672,0.001233
0,0.110592,0.171981,0.203029,0.25246,0.217297,0.271406,0.00193,0.003002
0,0.156818,-0.100796,0.057953,-0.246997,0.088692,-0.242375,0.002737,0.001759
0,-0.11051,-0.004621,-0.257175,0.073753,-0.225822,0.032574,0.001929,8.1e-05
0,0.170599,-0.016655,0.286024,-0.016036,0.302655,-0.050549,0.002978,0.000291
0,0.047103,0.134335,-0.123754,0.169722,-0.13077,0.21272,0.000822,0.002345
0,0.184076,0.117224,0.117975,-0.029854,0.077225,-0.077829,0.003213,0.002046
0,0.034624,-0.080593,-0.178213,-0.207884,-0.179268,-0.174805,0.000604,0.001407
0,-0.027658,-0.016824,-0.070829,0.090158,-0.022937,0.08629,0.000483,0.000294
0,-0.149011,-0.114158,-0.108848,-0.096743,-0.129739,-0.075693,0.002601,0.001992
0,-0.062906,0.009823,0.077131,0.131515,0.122138,0.105349,0.001098,0.000171
0,-2.817509,-1.785243,-2.764932,-1.771803,-2.808059,-1.727491,0.002339,0.002296
0,-5.704511,-2.914269,-2.882843,-1.15306,-2.889546,-1.147819,0.0008,0.002663
0,-6.286512,-3.094127,-0.585265,-0.169705,-0.554513,-0.133031,0.002667,0.000476
0,-6.311973,-2.742971,-0.019076,0.356298,0.011757,0.367658,0.003112,0.001038
0,-5.118104,-2.491476,1.216177,0.231439,1.259002,0.207363,0.002347,0.00334
0,-3.874111,-1.953328,1.25142,0.519725,1.234852,0.477469,0.000708,0.000638
0,-2.844737,-1.445016,1.027771,0.497431,1.032815,0.459934,0.002814,0.001543
0,-1.560804,-0.655556,1.261605,0.788245,1.290906,0.824768,0.000478,0.00194
0,-0.738482,-0.322252,0.849816,0.343004,0.8324,0.36689,0.000493,0.001066
0,-0.239704,-0.119728,0.489006,0.216383,0.516842,0.226429,0.002507,0.00209
0,0.062214,-0.153875,0.276023,-0.007618,0.247622,-0.014494,0.001086,0.002686
0,0.481167,0.131197,0.445247,0.268851,0.451013,0.296445,0.001707,0.00229
0,0.462767,0.249572,-0.018845,0.138638,-0.015178,0.12717,0.001386,0.002335
0,0.640923,0.163258,0.205288,-0.09429,0.193507,-0.049841,0.002195,0.002849
0,0.423203,-0.010257,-0.225609,-0.145708,-0.202423,-0.142416,0.000695,0.000179
0,0.549949,0.238725,0.133316,0.234889,0.111903,0.235159,0.002908,0.002524
0,0.372227,0.00209,-0.185144,-0.217538,-0.144886,-0.180718,0.000194,3.6e-05
0,0.237597,-0.006356,-0.137392,-0.00085,-0.123273,0.035398,0.002544,0.000111
0,0.233198,0.080161,-0.008918,0.069306,-0.019034,0.034039,0.002621,0.001399
0,0.253702,0.038479,0.029521,-0.046042,0.072746,-0.032415,0.002263,0.000672
0,0.069791,0.026101,-0.17738,-0.019355,-0.190544,-0.036535,0.001218,0.000456
0,0.072856,0.039676,0.011799,-0.006813,0.021244,0.028689,0.001272,0.000692
0,-0.07284,0.112117,-0.138232,0.063099,-0.156301,0.055655,0.001271,0.001957
0,0.146511,0.171034,0.2352,0.071564,0.248691,0.074991,0.002557,0.002985
0,0.209018,0.182571,0.082854,0.021441,0.072301,0.0604,0.003043,0.003186
0,-0.006961,0.037253,-0.188334,-0.121557,-0.170067,-0.152412,0.000121,0.00065
0,0.124316,0.026672,0.15601,-0.037786,0.16461,-0.046637,0.00217,0.000466
0,-0.068871,-0.121872,-0.220986,-0.165086,-0.18451,-0.16427,0.001202,0.002127
0,0.079047,0.114483,0.168977,0.209524,0.17429,0.188047,0.00138,0.001998
0,-0.123589,-0.173665,-0.231175,-0.291391,-0.260792,-0.325116,0.002157,0.003031
0,-0.172277,-0.075501,-0.020736,0.103988,-0.038117,0.089316,0.003007,0.001318
0,-0.149083,-0.030903,0.027315,0.049266,0.019401,0.02521,0.002602,0.000539
0,-0.028999,-0.100108,0.119094,-0.086516,0.141128,-0.060167,0.000506,0.001747
0,-0.10133,0.041601,-0.088975,0.154601,-0.067789,0.176108,0.001769,0.000726
0,0.009487,-0.133372,0.140513,-0.175912,0.160664,-0.199795,0.000166,0.002328
0,-0.061869,0.062913,-0.087039,0.221677,-0.095713,0.204087,0.00108,0.001098
0,-0.251421,0.02882,-0.202122,-0.017382,-0.210187,-0.055867,0.002303,0.000503
0,-0.025965,0.033142,0.253922,-0.009277,0.286705,-0.027036,0.000453,0.000578
0,-0.118663,-0.127127,-0.083862,-0.131406,-0.056298,-0.093191,0.002071,0.002219
0,0.007077,0.036939,0.098462,0.15851,0.06244,0.155654,0.000124,0.000645
0,-0.232041,-0.124083,-0.227434,-0.160255,-0.199186,-0.180121,0.002641,0.002166
0,-0.149601,-0.059559,0.073701,0.090496,0.085273,0.045159,0.002611,0.00104
0,-0.022269,0.040109,0.135173,0.125265,0.16647,0.105535,0.000389,0.0007
0,-0.103186,0.034928,-0.064137,-0.024698,-0.106312,-0.024309,0.001801,0.00061
0,-0.074988,0.045271,0.032771,0.005536,0.00685,0.043567,0.001309,0.00079
0,0.028697,-0.127489,0.104341,-0.174033,0.108872,-0.127539,0.000501,0.002225
0,0.050727,-0.092731,0.046293,0.06208,0.055949,0.017712,0.000885,0.001618
0,0.01264,0.101195,-0.03414,0.166425,-0.041365,0.189486,0.000221,0.001766
0,-0.009457,-0.095632,-0.014552,-0.192723,-0.033829,-0.195592,0.000165,0.001669
0,-0.027673,-0.168285,-0.032467,-0.065421,-0.068149,-0.045381,0.000483,0.002937
0,-0.131924,-0.081291,-0.117775,0.071892,-0.133295,0.103413,0.002303,0.001419
0,-0.209405,-0.065955,-0.096603,0.023372,-0.140851,0.003235,0.003036,0.001151
0,-0.034612,0.033257,0.162132,0.103866,0.185836,0.055275,0.000604,0.00058
0,-0.000264,-0.025987,0.035417,-0.039955,-0.01049,0.005721,5e-06,0.000454
0,0.134049,0.09984,0.15808,0.135784,0.129334,0.124339,0.00234,0.001743
0,0.08369,0.112255,-0.074553,-0.005181,-0.068,-0.012153,0.001461,0.001959
0,-0.103703,-0.135645,-0.168214,-0.274059,-0.129661,-0.23297,0.00181,0.002367
0,-0.030418,-0.090844,0.06892,0.060913,0.09844,0.065955,0.000531,0.001586
0,0.073366,0.018656,0.089415,0.12984,0.079523,0.175984,0.00128,0.000326
0,0.069884,-0.086876,-0.01919,-0.087135,0.016211,-0.113892,0.00122,0.001516
0,0.005786,0.048227,-0.090442,0.112894,-0.113515,0.124031,0.000101,0.000842
0,0.024438,0.003681,0.011219,-0.032463,0.004916,-0.071049,0.000427,6.4e-05
0,0.119327,0.117967,0.115504,0.141859,0.068222,0.092152,0.002083,0.002059
0,-0.038302,-0.076138,-0.139605,-0.209872,-0.121688,-0.163433,0.000668,0.001329
0,0.091978,0.033068,0.159865,0.122592,0.200359,0.116579,0.001605,0.000577
0,-0.040253,-0.086169,-0.136335,-0.116411,-0.168039,-0.133054,0.000703,0.001504
0,-0.167132,0.031515,-0.100779,0.13286,-0.101109,0.094928,0.002917,0.00055
0,0.007433,0.063117,0.148279,0.042363,0.108827,0.030814,0.00013,0.001102
0,-0.034836,0.119632,-0.034257,0.037782,-0.029361,0.070853,0.000608,0.002088
0,0.013382,0.114897,0.031503,0.019801,-0.00267,-0.020282,0.000234,0.002005
0,0.13899,-0.022366,0.135823,-0.133178,0.104538,-0.131442,0.002426,0.00039
0,0.028896,-0.030823,-0.085506,-0.033052,-0.083432,-0.077544,0.000504,0.000538
0,-0.102352,0.009878,-0.158231,0.02872,-0.138877,-0.001564,0.001786,0.000172
0,0.151417,0.109762,0.251502,0.128729,0.250663,0.122187,0.002643,0.001916
0,0.082687,-0.032205,-0.040643,-0.133793,-0.052519,-0.09086,0.001443,0.000562
0,0.133499,-0.117414,0.079864,-0.084737,0.097142,-0.10025,0.00233,0.002049
0,-0.013588,0.147694,-0.174242,0.247609,-0.141845,0.245506,0.000237,0.002578
0,0.036952,0.096018,0.058368,-0.032722,0.058688,-0.038582,0.000645,0.001676
0,-0.046663,0.065578,-0.05649,-0.059753,-0.061875,-0.077211,0.000814,0.001145
0,0.14935,-0.004063,0.207309,-0.081972,0.252709,-0.070188,0.002607,7.1e-05
0,0.036026,-0.018243,-0.104312,-0.00439,-0.154195,-0.046319,0.000629,0.000318
0,-0.060276,0.015967,-0.108292,0.022623,-0.132126,-0.023138,0.001052,0.000279
0,0.168699,-0.003513,0.216309,0.002165,0.223389,0.004519,0.002944,6.1e-05
0,0.095584,0.001618,-0.095889,0.024054,-0.13238,0.032782,0.001668,2.8e-05
0,-0.061961,0.060911,-0.177942,0.054616,-0.131603,0.076458,0.001081,0.001063
0,0.195016,0.046165,0.285201,0.009174,0.283843,0.025492,0.003287,0.000806
0,0.09435,0.002393,-0.092988,-0.049886,-0.085511,-0.057619,0.001647,4.2e-05
0,0.069708,0.150005,-0.008462,0.123197,-0.050332,0.103366,0.001217,0.002618
0,0.003884,-0.05609,-0.050525,-0.187144,-0.006207,-0.228947,6.8e-05,0.000979
0,0.036393,0.004313,0.055248,0.086865,0.070276,0.123709,0.000635,7.5e-05
0,-0.086912,-0.118641,-0.112389,-0.14915,-0.12041,-0.149553,0.001517,0.002071
0,-0.207044,-0.480547,-0.1058,-0.345566,-0.154181,-0.330144,0.003077,0.001696
0,-0.149706,-0.881307,0.032774,-0.399643,0.056816,-0.379971,0.002613,0.002
0,-0.273204,-1.407141,-0.143112,-0.535898,-0.16654,-0.554332,0.001923,0.002204
0,-0.41424,-1.528931,-0.129852,-0.129772,-0.144412,-0.104114,0.000539,7.8e-05
0,-0.30652,-1.669414,0.110071,-0.135453,0.092596,-0.128377,0.001341,0.002374
0,-0.281077,-1.648499,0.045912,0.041793,0.041093,0.086616,0.001785,0.002008
0,-0.113786,-1.1303,0.168281,0.502835,0.200329,0.486583,0.001986,0.000345
0,-0.129057,-0.919966,0.004307,0.240113,0.016517,0.225321,0.002252,0.002675
0,-0.214681,-0.604137,-0.055866,0.292835,-0.098852,0.296481,0.002944,0.002837
0,-0.218773,-0.317438,0.012961,0.269194,0.049536,0.253606,0.002873,0.00115
0,0.164467,-0.119862,0.394546,0.174639,0.399555,0.200366,0.00287,0.002092
0,-0.017545,0.116223,-0.184684,0.244216,-0.193983,0.293729,0.000306,0.002028
0,0.269398,0.179353,0.306766,0.086143,0.25985,0.070993,0.001989,0.00313
0,0.082184,0.326597,-0.191149,0.170814,-0.178889,0.153073,0.001434,0.000991
0,0.172962,0.298457,0.105196,-0.040874,0.056449,-0.027794,0.003019,0.001482
0,0.090188,0.232422,-0.06428,-0.083268,-0.043569,-0.112281,0.001574,0.002634
0,0.068703,0.260825,-0.024257,0.042426,0.001047,0.089091,0.001199,0.002139
0,0.045315,0.185553,-0.011026,-0.093999,-0.018078,-0.052653,0.000791,0.003239
0,0.073441,0.113468,0.021696,-0.072084,0.051016,-0.048898,0.001282,0.00198
0,0.185775,-0.106671,0.09338,-0.193926,0.065539,-0.218222,0.003242,0.001862
0,0.088656,0.114286,-0.095554,0.197107,-0.079239,0.243101,0.001547,0.001995
0,0.113798,0.063252,0.007892,-0.05339,0.02061,-0.078835,0.001986,0.001104
0,-0.059217,0.082912,-0.188291,0.020185,-0.152224,0.041687,0.001034,0.001447
0,0.101398,0.066991,0.173652,-0.033377,0.157513,-0.064772,0.00177,0.001169
0,0.138994,-0.136978,0.031084,-0.175668,0.020651,-0.209754,0.002426,0.002391
0,-0.085329,-0.129846,-0.220775,0.012102,-0.196867,-0.013132,0.001489,0.002266
0,0.172508,-0.018105,0.285301,0.140576,0.262396,0.17515,0.003011,0.000316
0,-0.161124,-0.056104,-0.348192,-0.057536,-0.32168,-0.07077,0.002812,0.000979
0,-0.073653,0.018285,0.096975,0.058968,0.126872,0.049508,0.001285,0.000319
0,-0.01622,-0.118812,0.070463,-0.16611,0.067257,-0.153051,0.000283,0.002074
0,0.028332,-0.184798,0.037311,-0.087064,0.078803,-0.069631,0.000494,0.003225
0,-0.016384,-0.019688,-0.065567,0.135891,-0.045426,0.115969,0.000286,0.000344
0,-0.126683,-0.004099,-0.134898,-0.00189,-0.105636,-0.049172,0.002211,7.2e-05
0,-0.003056,-0.124664,0.143686,-0.145666,0.133299,-0.118686,5.3e-05,0.002176
0,-0.044793,0.022046,-0.022623,0.165326,-0.053185,0.127199,0.000782,0.000385
0,-0.115701,0.011783,-0.080693,-0.01165,-0.109389,-0.016309,0.002019,0.000206
0,-0.092827,-0.169881,0.038101,-0.16284,0.006905,-0.11592,0.00162,0.002965
0,-0.193942,-0.260138,-0.099447,-0.086379,-0.070018,-0.102283,0.003306,0.002151
0,-0.06095,-0.123461,0.111551,0.122293,0.098168,0.106204,0.001064,0.002155
0,-0.09719,-0.017509,-0.053733,0.098685,-0.01007,0.14667,0.001696,0.000306
0,-0.109253,-0.079127,-0.012341,-0.054912,0.034245,-0.040687,0.001907,0.001381
0,-0.13915,0.037778,-0.02838,0.129124,0.012096,0.175362,0.002429,0.000659
0,-0.019818,0.09253,0.125856,0.047339,0.157601,0.009831,0.000346,0.001615
0,-0.246123,-0.020491,-0.198912,-0.128555,-0.175784,-0.157783,0.002395,0.000358
0,0.034489,-0.14354,0.301276,-0.145464,0.339885,-0.114298,0.000602,0.002505
0,-0.121367,0.037504,-0.13519,0.170198,-0.172185,0.20119,0.002118,0.000655
0,-0.189665,0.038663,-0.071418,0.030114,-0.111678,0.046855,0.00331,0.000675
0,-0.118276,-0.085002,0.061745,-0.10464,0.035169,-0.085014,0.002064,0.001484
0,-0.036949,0.125448,0.097549,0.185054,0.068865,0.178977,0.000645,0.002189
0,-0.067701,-0.061523,-0.053784,-0.201363,-0.057481,-0.208745,0.001182,0.001074
0,0.057363,0.022369,0.099452,0.074428,0.138894,0.080554,0.001001,0.00039
0,-0.022609,-0.144516,-0.093888,-0.175106,-0.057799,-0.12749,0.000395,0.002522
0,-0.037019,-0.133873,0.012763,0.011928,0.005341,0.027104,0.000646,0.002337
0,-0.030135,-0.101724,0.008934,0.041525,0.004934,0.078669,0.000526,0.001775
0,0.08724,-0.185317,0.092715,-0.089632,0.128941,-0.127967,0.001523,0.003234
0,-0.099344,-0.078008,-0.167732,0.134867,-0.18594,0.162661,0.001734,0.001362
0,-0.06543,0.098334,0.061676,0.158187,0.01717,0.146017,0.001142,0.001716
0,-0.101062,-0.036995,-0.006606,-0.128874,0.023885,-0.088953,0.001764,0.000646
0,-0.139067,-0.101725,-0.062718,-0.052923,-0.083138,-0.07449,0.002427,0.001775
0,-0.151193,0.03188,0.009816,0.160051,0.024066,0.196219,0.002639,0.000556
0,0.072282,0.065806,0.236387,0.039729,0.220442,-0.006134,0.001262,0.001149
0,0.010783,-0.073087,-0.051203,-0.115437,-0.065664,-0.147769,0.000188,0.001276
0,-0.084813,-0.046215,-0.114549,0.021473,-0.133444,-0.001479,0.00148,0.000807
0,0.064881,-0.162407,0.16125,-0.122091,0.17303,-0.080002,0.001132,0.002835
0,-0.148238,0.001057,-0.198299,0.177011,-0.212224,0.216899,0.002587,1.8e-05
0,-0.234673,0.086766,-0.115592,0.108064,-0.141972,0.143185,0.002595,0.001514
0,-0.219491,0.135227,0.033818,0.026771,0.063163,0.017534,0.00286,0.00236
0,-0.272955,-0.1239,-0.059226,-0.285512,-0.058956,-0.255463,0.001927,0.002162
0,0.025382,-0.083434,0.276771,0.019059,0.25147,0.051263,0.000443,0.001456
0,-0.105478,-0.008019,-0.130693,0.066178,-0.14321,0.020782,0.001841,0.00014
0,-0.00818,-0.117867,0.083258,-0.132659,0.043816,-0.171433,0.000143,0.002057
0,-0.135491,0.003993,-0.129532,0.128918,-0.125427,0.122342,0.002365,7e-05
0,-0.269655,-0.071386,-0.128645,-0.055211,-0.11154,-0.008827,0.001984,0.001246
0,-0.195336,0.045648,0.06194,0.125315,0.051548,0.154556,0.003282,0.000797
0,0.023596,-0.071423,0.194522,-0.141509,0.215114,-0.140731,0.000412,0.001247
0,0.075319,0.15956,0.05125,0.23728,0.085007,0.268916,0.001315,0.002785
0,0.065806,-0.036748,-0.034313,-0.168351,-0.071606,-0.196853,0.001149,0.000641
0,-0.134594,-0.051136,-0.229008,-0.041387,-0.216062,-0.019446,0.002349,0.000892
0,-0.033863,-0.035313,0.115238,-0.008735,0.068166,0.037754,0.000591,0.000616
0,-0.096176,-0.052512,-0.071409,-0.022416,-0.042949,-0.055518,0.001679,0.000917
0,-0.067074,0.036504,0.009435,0.067233,0.026712,0.044342,0.001171,0.000637
0,-0.046504,-0.082729,0.018199,-0.123442,0.033586,-0.1379,0.000812,0.001444
0,-0.063381,0.096721,-0.015506,0.200832,-0.05018,0.169849,0.001106,0.001688
0,-0.053119,-0.047734,0.013583,-0.118983,-0.005201,-0.160545,0.000927,0.000833
0,-0.084636,0.150907,-0.04464,0.213448,-0.083775,0.217183,0.001477,0.002634
0,-0.123034,0.140964,-0.051358,0.014582,-0.096656,0.057151,0.002147,0.00246
0,-0.799193,1.058426,-0.669117,0.915236,-0.663729,0.940454,0.000567,0.001599
0,-1.594201,1.370613,-0.783611,0.333111,-0.750659,0.334526,0.001061,0.002842
0,-1.572149,1.367758,0.009441,0.020118,-0.008609,0.042331,0.000676,0.002891
0,-1.539262,1.03167,0.05359,-0.36519,0.045789,-0.330902,0.000102,0.002066
0,-1.117305,0.936948,0.437726,-0.078912,0.484648,-0.127613,0.000572,0.002971
0,-0.907551,0.892011,0.207549,-0.064093,0.184806,-0.03091,0.002458,0.002187
0,-0.411155,0.676327,0.48307,-0.190756,0.447118,-0.177595,0.000485,0.001578
0,-0.206189,0.440927,0.198479,-0.248629,0.200988,-0.223531,0.003092,0.001005
0,-0.153782,0.277283,0.0324,-0.142654,-0.001932,-0.114132,0.002684,0.001851
0,-0.214581,0.196434,-0.041974,-0.065205,-0.060767,-0.054207,0.002946,0.003262
0,-0.094371,-0.107723,0.091785,-0.309139,0.109966,-0.329391,0.001647,0.00188
0,0.010203,0.020298,0.118899,0.147252,0.111102,0.1351,0.000178,0.000354
0,0.197561,0.013157,0.194766,-0.025373,0.160796,0.022344,0.003243,0.00023
0,0.161469,-0.277049,-0.011308,-0.292734,0.038508,-0.259505,0.002818,0.001855
0,0.191047,-0.223286,0.002196,0.068603,-0.039183,0.100466,0.003334,0.002794
0,0.092961,-0.179834,-0.092472,0.073183,-0.05897,0.047942,0.001622,0.003139
0,0.095962,-0.000833,0.029503,0.179931,0.04129,0.218413,0.001675,1.5e-05
0,0.018873,-0.062412,-0.103346,-0.04123,-0.125832,-0.060526,0.000329,0.001089
0,0.082501,-0.044607,0.072244,0.042,0.089961,0.067694,0.00144,0.000779
0,0.14086,-0.046253,0.084742,-0.019663,0.072014,-0.054735,0.002458,0.000807
0,0.041953,-0.107903,-0.11086,-0.041249,-0.101907,0.001022,0.000732,0.001883
0,0.091336,0.071525,0.065369,0.182713,0.038357,0.221166,0.001594,0.001248
0,0.288671,-0.100489,0.219278,-0.175987,0.244846,-0.218964,0.001653,0.001754
0,0.059105,-0.010542,-0.230826,0.086034,-0.225501,0.063074,0.001032,0.000184
0,0.234938,0.079514,0.174846,0.065794,0.129737,0.035075,0.00259,0.001388
0,0.1725,-0.093117,-0.085203,-0.158927,-0.116672,-0.165139,0.003011,0.001625
0,0.0833,0.016521,-0.090527,0.138149,-0.052965,0.165173,0.001454,0.000288
0,0.178209,0.091316,0.112336,0.082729,0.088841,0.038359,0.00311,0.001594
0,0.178878,0.023596,0.016895,-0.038528,0.032232,-0.078541,0.003122,0.000412
0,0.052674,0.026815,-0.10221,0.012645,-0.053366,-0.00096,0.000919,0.000468
0,0.067221,-0.152161,-0.001173,-0.176554,0.043733,-0.13033,0.001173,0.002656
0,0.153846,0.06076,0.102049,0.219466,0.104958,0.250935,0.002685,0.00106
0,0.045248,-0.101049,-0.098024,-0.17602,-0.065287,-0.139732,0.00079,0.001764
0,0.251302,0.087776,0.234696,0.169995,0.195037,0.200638,0.002305,0.001532
0,0.137135,-0.11637,-0.08699,-0.216219,-0.08005,-0.220097,0.002393,0.002031
0,0.186965,-0.039267,0.028956,0.048248,-0.011372,0.050602,0.003263,0.000685
0,0.165607,0.13507,-0.000724,0.161473,0.005673,0.181763,0.00289,0.002357
0,-0.029681,-0.032064,-0.176438,-0.176996,-0.137725,-0.166883,0.000518,0.00056
0,0.015243,-0.117118,0.073083,-0.089932,0.103857,-0.13707,0.000266,0.002044
0,0.061723,-0.051855,0.055171,0.089839,0.098837,0.134821,0.001077,0.000905
0,0.207764,-0.140316,0.116411,-0.097652,0.093138,-0.066686,0.003065,0.002449
0,0.169164,-0.116676,-0.018695,0.022796,-0.057895,0.036774,0.002952,0.002036
0,-0.076897,0.011484,-0.23966,0.120993,-0.237377,0.10097,0.001342,0.0002
0,0.184564,-0.0516,0.239672,-0.077727,0.236113,-0.04144,0.003221,0.000901
0,0.173297,0.071258,-0.025263,0.116151,-0.04679,0.155869,0.003025,0.001244
0,0.035531,0.033785,-0.162484,-0.032384,-0.114332,0.01487,0.00062,0.00059
0,0.18054,-0.133247,0.125899,-0.194515,0.133072,-0.185067,0.003151,0.002326
0,0.08722,-0.12965,-0.110038,0.023407,-0.107026,-0.025097,0.001522,0.002263
0,0.04622,0.001946,-0.041236,0.112778,-0.042089,0.062928,0.000807,3.4e-05
0,0.118649,-0.122332,0.088852,-0.148871,0.054187,-0.18458,0.002071,0.002135
0,-0.090084,0.04904,-0.19425,0.178013,-0.189806,0.160714,0.001572,0.000856
0,-0.162243,0.075332,-0.044929,0.023235,-0.050988,0.010808,0.002832,0.001315
0,-0.064802,-0.127407,0.122547,-0.232195,0.126941,-0.197266,0.001131,0.002224
0,-0.098138,0.076161,-0.059918,0.175102,-0.04883,0.150426,0.001713,0.001329
0,0.118489,0.076431,0.215633,0.022337,0.249576,0.071918,0.002068,0.001334
0,0.066353,-0.137538,-0.072914,-0.209557,-0.027183,-0.254395,0.001158,0.0024
0,-0.164228,0.003774,-0.216235,0.156228,-0.247437,0.199591,0.002866,6.6e-05
0,0.022786,0.071835,0.186145,0.064186,0.16693,0.059126,0.000398,0.001254
0,0.136064,0.053619,0.088445,0.005103,0.135478,0.005037,0.002375,0.000936
0,-0.07728,-0.165368,-0.23199,-0.233696,-0.23038,-0.23436,0.001349,0.002886
0,-0.020817,0.052772,0.071096,0.231187,0.046813,0.185079,0.000363,0.000921
0,0.170865,0.036703,0.196902,-0.027721,0.164481,-0.036576,0.002982,0.000641
0,0.011186,-0.071754,-0.139371,-0.088093,-0.165693,-0.096673,0.000195,0.001252
0,0.016284,-0.135743,-0.008962,-0.042823,-0.016767,-0.003977,0.000284,0.002369
0,0.191576,0.067582,0.157919,0.196373,0.163491,0.230394,0.003344,0.00118
0,0.245098,0.067388,0.079657,-0.001193,0.123843,0.047976,0.002413,0.001176
0,0.003074,-0.000829,-0.244107,-0.08927,-0.22784,-0.099955,5.4e-05,1.4e-05
0,0.15325,0.020267,0.143708,0.039273,0.182435,0.046183,0.002675,0.000354
0,-0.06348,0.028154,-0.20749,0.009463,-0.198452,0.024534,0.001108,0.000491
0,0.119029,-0.106316,0.182535,-0.147009,0.204422,-0.117094,0.002077,0.001856
0,-0.027602,-0.14355,-0.151533,-0.040872,-0.186146,0.004928,0.000482,0.002505
0,0.039801,0.0499,0.08114,0.209626,0.038274,0.188595,0.000695,0.000871
0,0.157008,-0.050357,0.117299,-0.090159,0.114493,-0.10509,0.00274,0.000879
0,0.185925,0.031588,0.010727,0.057025,0.004346,0.076141,0.003245,0.000551
0,0.209822,-0.13515,0.038527,-0.192998,0.06819,-0.157775,0.003029,0.002359
0,0.151206,0.062118,-0.042374,0.206397,-0.023442,0.226723,0.002639,0.001084
0,-0.002211,-0.059976,-0.174719,-0.103066,-0.149339,-0.07038,3.9e-05,0.001047
0,0.097581,0.009623,0.125265,0.095156,0.08007,0.0974,0.001703,0.000168
0,0.016946,-0.135826,-0.059806,-0.123106,-0.042124,-0.147201,0.000296,0.002371
0,-0.111538,-0.056754,-0.122213,0.103285,-0.131062,0.129022,0.001947,0.000991
0,0.035332,0.049369,0.140453,0.088067,0.099169,0.040925,0.000617,0.000862
0,-0.101828,-0.085291,-0.144843,-0.152562,-0.098757,-0.109351,0.001777,0.001489
0,-0.092836,0.050067,0.012777,0.116012,-0.005547,0.072161,0.00162,0.000874
0,-0.105089,0.014914,0.0172,-0.038503,0.010881,-0.032696,0.001834,0.00026
0,-0.069273,-0.041933,0.031168,-0.073433,0.034124,-0.119517,0.001209,0.000732
0,-0.01657,-0.04908,0.036894,-0.005502,0.062935,-0.005245,0.000289,0.000857
0,-0.049671,-0.118463,-0.026692,-0.050524,-0.040958,-0.01453,0.000867,0.002068
0,-0.07592,-0.023884,-0.040861,0.109759,-0.056217,0.11483,0.001325,0.000417
0,0.171208,-0.123393,0.219328,-0.107798,0.195048,-0.14523,0.002988,0.002154
0,0.022732,-0.079,-0.164859,0.059756,-0.181432,0.027267,0.000397,0.001379
0,-0.022325,-0.112218,-0.034706,-0.032422,-0.043915,-0.012959,0.00039,0.001959
0,0.045256,-0.063924,0.085452,0.07427,0.123813,0.123365,0.00079,0.001116
0,0.063114,-0.102266,0.009993,-0.029331,-0.017424,-0.044586,0.001102,0.001785
0,-0.035554,-0.053623,-0.118717,0.048053,-0.083822,0.022132,0.000621,0.000936
0,0.221583,0.020976,0.243317,0.061299,0.197096,0.081317,0.002823,0.000366
0,0.22797,-0.148356,0.03586,-0.182278,0.033281,-0.146242,0.002712,0.002589
0,0.033087,-0.140656,-0.219631,0.000448,-0.200913,-0.038294,0.000577,0.002455
0,0.235983,0.049529,0.206634,0.192335,0.249279,0.189954,0.002572,0.000864
0,0.029817,-0.014753,-0.190657,-0.073113,-0.216382,-0.110177,0.00052,0.000257
0,0.273895,0.077711,0.219254,0.093549,0.243425,0.056794,0.00191,0.001356
0,0.060018,-0.035547,-0.217424,-0.121494,-0.204424,-0.142894,0.001048,0.00062
0,0.253147,0.075189,0.22301,0.112848,0.238462,0.134809,0.002273,0.001312
0,0.205076,0.138499,-0.043258,0.051561,0.005197,0.099809,0.003112,0.002417
0,0.232558,-0.158235,0.049118,-0.31188,0.085359,-0.352477,0.002632,0.002762
0,0.154162,-0.081981,-0.068901,0.097383,-0.117956,0.131247,0.002691,0.001431
0,2.306955,-0.694588,2.134375,-0.616214,2.166986,-0.642688,0.000119,0.001259
0,2.920401,-1.066176,0.612942,-0.38991,0.638292,-0.426409,0.002556,0.001464
0,2.958928,-1.31516,0.010511,-0.269708,0.05724,-0.234496,0.001884,0.002881
0,1.996784,-1.136332,-0.964128,0.184413,-0.914308,0.221765,0.001396,0.00024
0,1.688157,-1.165676,-0.320868,-0.011202,-0.271562,-0.013537,0.002701,0.000272
0,0.879381,-0.692788,-0.797437,0.498971,-0.797999,0.479999,0.001966,0.00129
0,0.690423,-0.604245,-0.199304,0.116362,-0.181357,0.155229,0.001331,0.002836
0,0.521871,-0.412594,-0.172274,0.18967,-0.181025,0.219716,0.002418,0.00051
0,0.283653,-0.374301,-0.220286,0.066317,-0.183114,0.046776,0.00174,0.000158
0,0.063609,0.097797,-0.191459,0.484745,-0.232864,0.516654,0.00111,0.001707
0,0.072427,0.057605,0.008545,-0.028845,-0.000994,-0.064434,0.001264,0.001005
0,0.225175,0.095952,0.139693,0.068288,0.181709,0.093761,0.002761,0.001675
0,0.051487,-0.046968,-0.15783,-0.16553,-0.158216,-0.177151,0.000899,0.00082
0,0.155277,0.097125,0.117432,0.128046,0.106876,0.15932,0.00271,0.001695
0,0.151831,-0.031982,-0.030413,-0.145334,-0.080352,-0.131192,0.00265,0.000558
0,0.178428,0.031067,0.034068,0.088099,0.06402,0.081526,0.003114,0.000542
0,-0.001712,0.043242,-0.199508,0.003662,-0.15804,0.038686,3e-05,0.000755
0,0.060012,0.096867,0.054439,0.039171,0.053028,0.066545,0.001047,0.001691
0,0.194401,0.099552,0.155423,-0.014212,0.115245,-0.048767,0.003298,0.001738
0,0.035637,0.070849,-0.144865,-0.047803,-0.172927,-0.006978,0.000622,0.001237
0,0.083159,-0.030356,0.020837,-0.087744,0.028762,-0.092418,0.001451,0.00053
0,0.050845,0.038515,-0.018018,0.071206,-0.020992,0.051897,0.000887,0.000672
0,-0.011184,0.111098,-0.089761,0.090509,-0.098518,0.108895,0.000195,0.001939
0,0.107874,-0.052717,0.145459,-0.187068,0.111505,-0.153244,0.001883,0.00092
0,-0.068479,-0.095498,-0.191853,-0.016593,-0.174759,-0.000455,0.001195,0.001667
0,-0.040385,-0.115636,0.024031,-0.020646,0.073854,-0.024132,0.000705,0.002018
0,-0.059682,-0.098887,-0.010478,-0.003865,0.017249,0.024249,0.001042,0.001726
0,-0.001925,0.034402,0.046168,0.120148,0.071516,0.072193,3.4e-05,0.0006
0,0.003523,-0.000328,0.000409,-0.023345,0.005955,0.015126,6.1e-05,6e-06
0,-0.031018,-0.080006,-0.034265,-0.069296,0.006374,-0.103416,0.000541,0.001396
0,0.138702,-0.137764,0.191128,-0.057273,0.211907,-0.024867,0.002421,0.002404
0,0.008114,0.021761,-0.109449,0.185952,-0.151853,0.217087,0.000142,0.00038
0,0.010958,-0.001085,-0.000275,-0.016587,0.010818,-0.030037,0.000191,1.9e-05
0,0.033944,0.031127,0.014304,0.022323,0.03833,0.068793,0.000592,0.000543
0,-0.045397,0.142108,-0.096607,0.111413,-0.106839,0.153205,0.000792,0.00248
0,-0.017779,0.004654,0.006927,-0.135544,0.011183,-0.13217,0.00031,8.1e-05
0,-0.067501,-0.054815,-0.034255,-0.044906,-0.001903,-0.080903,0.001178,0.000957
0,0.106865,-0.068092,0.171636,-0.008007,0.147718,0.038239,0.001865,0.001188
0,-0.042507,0.101222,-0.1502,0.145778,-0.14552,0.150032,0.000742,0.001767
0,-0.118284,0.076935,-0.098158,-0.031218,-0.141663,-0.04393,0.002064,0.001343
0,-0.122114,0.107438,-0.00929,0.041705,0.016783,0.019635,0.002131,0.001875
0,-0.135792,0.044283,0.002591,-0.05827,0.0523,-0.057243,0.00237,0.000773
0,-0.140112,-0.022735,0.006561,-0.076557,0.006866,-0.092049,0.002445,0.000397
0,0.04062,0.097554,0.189381,0.149244,0.140187,0.158421,0.000709,0.001703
0,0.034062,0.151427,0.022037,0.050784,-0.009202,0.035328,0.000594,0.002643
0,-0.059048,0.04991,-0.083857,-0.077079,-0.051612,-0.121674,0.001031,0.000871
0,-0.026115,0.180642,0.011562,0.110838,0.00026,0.10453,0.000456,0.003153
0,-0.16209,0.000912,-0.118539,-0.188828,-0.166249,-0.176287,0.002829,1.6e-05
0,-0.213309,-0.023694,-0.072189,-0.025651,-0.080888,0.007638,0.002968,0.000414
0,0.036285,0.01123,0.261253,0.041181,0.310793,0.080072,0.000633,0.000196
0,0.052144,-0.023138,0.022502,-0.039316,0.007092,-0.037371,0.00091,0.000404
0,0.014044,-0.018293,-0.029903,0.002051,-0.069698,-0.0435,0.000245,0.000319
0,-0.128047,-0.031499,-0.137118,0.015514,-0.109174,0.0032,0.002235,0.00055
0,-0.162241,-0.02438,-0.030524,0.033471,0.013368,0.005482,0.002832,0.000426
0,-0.221984,-0.089422,-0.03482,-0.036876,-0.005069,-0.06767,0.002816,0.001561
0,-0.24885,-0.052896,-0.053606,0.017915,-0.030124,0.025806,0.002348,0.000923
0,-0.026701,0.155991,0.245446,0.198259,0.220408,0.192753,0.000466,0.002723
0,-0.10111,0.216842,-0.102823,0.048457,-0.129646,0.010844,0.001765,0.002906
0,-0.132278,0.098942,-0.003407,-0.104658,-0.046311,-0.099671,0.002309,0.001727
0,-0.239669,0.013847,-0.117838,-0.058436,-0.157498,-0.073648,0.002508,0.000242
0,-0.085709,-0.122386,0.175427,-0.112958,0.164144,-0.107635,0.001496,0.002136
0,0.007776,-0.116884,0.070218,-0.000479,0.047505,-0.002069,0.000136,0.00204
0,-0.175363,-0.043213,-0.202139,0.066345,-0.22567,0.053704,0.003061,0.000754
0,-0.014872,0.129202,0.173923,0.189862,0.178766,0.147625,0.00026,0.002255
0,0.097228,0.101914,0.131338,-0.046971,0.159567,-0.081599,0.001697,0.001779
0,-0.186337,0.030542,-0.281173,-0.058158,-0.31912,-0.037598,0.003252,0.000533
0,0.001544,0.193894,0.176212,0.162325,0.14891,0.195908,2.7e-05,0.003307
0,0.097927,0.052347,0.097842,-0.15768,0.144167,-0.108824,0.001709,0.000914
0,0.012346,0.194957,-0.080806,0.144815,-0.084314,0.100027,0.000215,0.003288
0,-0.133753,0.085618,-0.136221,-0.122777,-0.104663,-0.156244,0.002334,0.001494
0,-0.096406,0.112197,0.012181,0.006036,0.000341,0.00548,0.001683,0.001958
0,-0.105596,-0.114006,0.006391,-0.21143,0.001624,-0.180796,0.001843,0.00199
0,-0.008303,0.044372,0.068554,0.171176,0.090373,0.206037,0.000145,0.000774
0,0.042221,-0.098686,0.064618,-0.158909,0.108767,-0.109932,0.000737,0.001722
0,-0.118749,-0.100355,-0.171303,0.005462,-0.170923,-0.012506,0.002073,0.001752
0,0.084639,0.054953,0.187114,0.159707,0.201406,0.122791,0.001477,0.000959
0,0.110609,0.14353,0.026355,0.113709,0.0169,0.110283,0.00193,0.002505
0,-0.011288,0.169827,-0.094146,0.006703,-0.057542,0.028282,0.000197,0.002964
0,0.092412,-0.044722,0.126014,-0.196853,0.076724,-0.196833,0.001613,0.000781
0,0.00652,-0.121446,-0.088404,-0.103168,-0.109297,-0.091458,0.000114,0.00212
0,-0.006836,0.122555,0.00083,0.23656,-0.021388,0.223786,0.000119,0.002139
0,-0.000795,-0.075834,-0.00082,-0.185936,-0.022472,-0.166652,1.4e-05,0.001324
0,-0.146899,0.078813,-0.151776,0.171665,-0.187037,0.184348,0.002564,0.001376
0,-0.153816,-0.055743,-0.03578,-0.121188,-0.049036,-0.137674,0.002685,0.000973
0,-0.017401,-0.04015,0.14532,0.039145,0.162711,0.085535,0.000304,0.000701
0,-0.137768,-0.060571,-0.132006,-0.017824,-0.128188,-0.005177,0.002405,0.001057
0,-0.132161,0.008284,0.031924,0.041255,0.039944,0.035795,0.002307,0.000145
0,-0.039036,0.108893,0.107042,0.118661,0.064125,0.083427,0.000681,0.001901
0,-0.120968,0.096532,-0.103448,-0.027101,-0.080841,-0.074755,0.002111,0.001685
0,0.013508,0.020232,0.11547,-0.061751,0.122697,-0.019128,0.000236,0.000353
0,0.007337,-0.016544,0.020878,-0.009644,-3.9e-05,-0.038648,0.000128,0.000289
0,-0.102807,0.108211,-0.096674,0.096966,-0.091468,0.113124,0.001794,0.001889
0,0.068826,-0.058545,0.18881,-0.187577,0.13992,-0.196064,0.001201,0.001022
0,0.011552,-0.125805,-0.076419,-0.044254,-0.085635,-0.088204,0.000202,0.002196
0,-0.20048,-0.164239,-0.234104,-0.056343,-0.257254,-0.022252,0.003192,0.002867
0,-0.138492,0.114219,0.073274,0.256476,0.055986,0.251908,0.002417,0.001993
0,-0.032292,-0.027538,0.084937,-0.16274,0.097236,-0.186124,0.000564,0.000481
0,-0.153766,0.030695,-0.146127,0.074638,-0.167338,0.041453,0.002684,0.000536
0,-0.191698,0.081496,-0.066868,0.053499,-0.06127,0.057166,0.003345,0.001422
0,0.076989,-0.054038,0.290426,-0.141019,0.336884,-0.12896,0.001344,0.000943
0,-0.093923,-0.116923,-0.156405,-0.043133,-0.134848,-0.067533,0.001639,0.002041
0,-0.026172,0.041453,0.052075,0.169371,0.021641,0.141323,0.000457,0.000723
0,0.039643,-0.073301,0.060679,-0.112519,0.081894,-0.144471,0.000692,0.001279
0,-0.181517,-0.082034,-0.24109,-0.021551,-0.259005,-0.070519,0.003168,0.001432
0,-0.072562,0.078587,0.115781,0.14652,0.149616,0.141617,0.001266,0.001372
0,-0.064482,0.000753,0.021131,-0.080776,0.05419,-0.070816,0.001125,1.3e-05
0,0.068921,0.077308,0.121778,0.105071,0.10353,0.127517,0.001203,0.001349
0,0.029544,-0.099566,-0.022846,-0.18477,-0.046027,-0.177339,0.000516,0.001738
0,0.074847,-0.097859,0.038444,0.011938,0.057969,-0.002573,0.001306,0.001708
0,0.019742,-0.02411,-0.038354,0.048438,-0.046302,0.003762,0.000345,0.000421
0,0.100728,0.059104,0.052212,0.095227,0.022622,0.077363,0.001758,0.001032
0,0.106825,-0.028504,-0.007253,-0.097474,-0.020871,-0.136272,0.001864,0.000497
0,-0.025518,-0.129032,-0.147017,-0.116002,-0.162088,-0.100826,0.000445,0.002252
0,0.110236,-0.126529,0.148797,-0.017777,0.131956,0.024463,0.001924,0.002208
0,0.062615,-0.109211,-0.035536,0.022253,-0.046153,-0.014476,0.001093,0.001906
0,-0.076874,-0.021027,-0.150306,0.08321,-0.130778,0.095276,0.001342,0.000367
0,-0.150046,0.100481,-0.057963,0.127241,-0.040717,0.134684,0.002619,0.001754
0,-0.027218,-0.110205,0.094203,-0.234049,0.113953,-0.251918,0.000475,0.001923
0,-0.006915,-0.134413,0.041319,-0.025274,-0.00823,-0.035507,0.000121,0.002346
0,0.000585,-0.073279,-0.002519,0.04296,-0.022728,0.090845,1e-05,0.001279
0,-0.201581,0.081665,-0.181877,0.164945,-0.195476,0.174946,0.003173,0.001425
0,0.125799,-0.076788,0.327812,-0.141258,0.28629,-0.12953,0.002196,0.00134
0,0.025885,-0.130069,-0.086828,-0.076548,-0.117331,-0.08938,0.000452,0.00227
0,-0.108705,-0.167736,-0.130069,-0.02028,-0.148392,0.003658,0.001897,0.002928
0,-0.027768,0.094525,0.087585,0.283916,0.074351,0.296169,0.000485,0.00165
0,0.119505,0.054574,0.170808,-0.041657,0.155438,-0.061157,0.002086,0.000952
0,0.209266,0.081081,0.078518,0.019489,0.114184,0.004885,0.003038,0.001415
0,0.194449,-0.057754,0.001866,-0.120562,0.028307,-0.072836,0.003297,0.001008
0,0.06067,-0.173628,-0.150528,-0.113775,-0.119428,-0.133608,0.001059,0.00303
0,-0.089021,0.000638,-0.120517,0.180517,-0.163352,0.164091,0.001554,1.1e-05
0,0.075809,-0.090766,0.193653,-0.076241,0.228775,-0.06237,0.001323,0.001584
0,-0.182622,0.094478,-0.281197,0.182708,-0.250667,0.193931,0.003187,0.001649
0,-0.201451,0.081711,0.008969,0.016096,0.022287,0.023595,0.003175,0.001426
0,-0.09613,-0.138249,0.081124,-0.197412,0.045315,-0.233142,0.001678,0.002413
0,0.122334,-0.184404,0.23728,-0.024855,0.243428,-0.054155,0.002135,0.003218
0,0.022414,0.028591,-0.080456,0.230658,-0.074582,0.190207,0.000391,0.000499
0,0.007742,0.044065,-0.029358,0.031953,-0.031018,0.052111,0.000135,0.000769
0,-0.050029,0.06053,-0.07662,0.008067,-0.075567,0.046081,0.000873,0.001056
0,0.082156,0.107824,0.135786,0.068264,0.145118,0.070563,0.001434,0.001882
0,-0.031591,-0.108278,-0.138561,-0.237291,-0.109792,-0.213322,0.000551,0.00189
0,-0.112876,-0.12599,-0.060711,0.002277,-0.059774,-0.03623,0.00197,0.002199
0,0.041527,-0.056353,0.137809,0.075024,0.180029,0.026313,0.000725,0.000984
0,0.107048,-0.176486,0.048268,-0.1076,0.054803,-0.136775,0.001868,0.00308
0,0.205505,0.112661,0.109536,0.277626,0.125476,0.236778,0.003104,0.001966
0,-0.010292,0.120393,-0.204717,-0.008587,-0.253727,-0.028259,0.00018,0.002101
0,0.031269,0.015583,0.020514,-0.081464,-0.007534,-0.031477,0.000546,0.000272
0,0.020115,0.084129,-0.025731,0.094548,-0.000814,0.105828,0.000351,0.001468
0,-0.0404,0.123917,-0.057,0.064363,-0.056863,0.08088,0.000705,0.002163
0,-0.073437,0.015595,-0.020094,-0.099968,0.029694,-0.062603,0.001282,0.000272
0,-0.119403,-0.083553,-0.05526,-0.092344,-0.058383,-0.09124,0.002084,0.001458
0,-0.020369,0.038889,0.08065,0.120004,0.083384,0.089219,0.000356,0.000679
0,0.163431,-0.141887,0.186593,-0.204551,0.211972,-0.185686,0.002852,0.002476
0,0.053902,-0.100662,-0.08554,0.066694,-0.074445,0.106455,0.000941,0.001757
0,2.003746,0.311151,1.943567,0.39554,1.953362,0.405116,0.001518,0.00126
0,2.587928,0.795896,0.558374,0.468834,0.534832,0.435847,0.001668,0.000509
0,2.845779,0.792777,0.230918,0.002703,0.246927,-0.033531,0.002832,0.000455
0,3.621814,0.649914,0.775896,-0.160183,0.765919,-0.117597,0.002995,0.002039
0,3.715543,0.713654,0.070238,0.079973,0.081499,0.037995,0.00206,0.000926
0,3.437644,0.667937,-0.271693,-0.064842,-0.263874,-0.067456,0.000219,0.001724
0,2.888723,0.735281,-0.568174,0.073823,-0.574262,0.061776,0.003109,0.000549
0,1.961838,0.603449,-0.949548,-0.134191,-0.953325,-0.120616,0.000786,0.002849
0,0.833613,0.304656,-1.157527,-0.275802,-1.109734,-0.294872,0.001168,0.001374
0,0.499538,0.131309,-0.309856,-0.195508,-0.355245,-0.180825,0.002028,0.002292
0,0.14795,-0.089522,-0.324371,-0.225871,-0.275291,-0.271415,0.002582,0.001562
0,0.030755,0.077752,-0.144569,0.183987,-0.109647,0.183776,0.000537,0.001357
0,-0.137889,-0.1907,-0.140933,-0.257687,-0.135615,-0.288925,0.002407,0.003328
0,-0.280448,-0.016913,-0.129983,0.192982,-0.116534,0.234641,0.001796,0.000295
0,-0.265973,-0.254531,-0.001425,-0.265329,0.043669,-0.303808,0.002049,0.002248
0,-0.410547,0.016567,-0.12268,0.245403,-0.157791,0.236811,0.000475,0.000289
0,-0.353812,0.0596,0.076799,0.018967,0.06097,0.007172,0.000516,0.00104
0,-0.034595,0.027712,0.330882,-0.045579,0.363113,-0.082565,0.000604,0.000484
0,-0.114238,-0.065173,-0.054757,-0.063155,-0.020333,-0.075171,0.001994,0.001137
0,0.055943,-0.195087,0.181459,-0.128126,0.207099,-0.148536,0.000976,0.003286
0,-0.038033,-0.143681,-0.116904,0.045571,-0.096635,0.091854,0.000664,0.002508
0,0.047555,-0.028364,0.102063,0.09591,0.076979,0.059302,0.00083,0.000495
0,0.075577,-0.135183,-0.001963,-0.084528,-0.03547,-0.064612,0.001319,0.002359
0,-0.107195,-0.041126,-0.197527,0.119504,-0.211107,0.109305,0.001871,0.000718
0,0.034934,-0.002405,0.117961,0.023235,0.144762,0.036155,0.00061,4.2e-05
0,-0.014745,0.021559,-0.06818,0.034322,-0.104561,0.076278,0.000257,0.000376
0,-0.101856,-0.033317,-0.110516,-0.073019,-0.143865,-0.064124,0.001778,0.000581
0,-0.000558,0.083615,0.10191,0.122043,0.072389,0.089902,1e-05,0.001459
0,0.004262,-0.047319,0.027851,-0.10109,-0.004197,-0.083499,7.4e-05,0.000826
0,0.083314,0.065921,0.060779,0.130808,0.104244,0.138989,0.001454,0.001151
0,-0.083906,0.175046,-0.141264,0.123764,-0.18065,0.162928,0.001464,0.003055
0,0.138521,0.002306,0.240268,-0.153801,0.233909,-0.14595,0.002418,4e-05
0,0.087867,0.136206,-0.062783,0.147455,-0.035559,0.139491,0.001534,0.002377
0,0.102033,0.140279,0.005879,-0.022942,0.014819,-0.002778,0.001781,0.002448
0,-0.06935,0.122399,-0.161277,0.009692,-0.199578,-0.03407,0.00121,0.002136
0,-0.128469,0.079675,-0.064685,-0.069064,-0.045738,-0.057224,0.002242,0.001391
0,0.119511,0.181296,0.265531,0.111384,0.224874,0.093968,0.002086,0.003164
0,0.107892,0.10852,-0.027502,-0.078656,-0.02848,-0.107045,0.001883,0.001894
0,-0.002789,-0.032958,-0.098162,-0.130263,-0.060231,-0.120029,4.9e-05,0.000575
0,0.052036,0.020184,0.05145,0.025238,0.044969,0.0618,0.000908,0.000352
0,-0.010392,0.162694,-0.074829,0.113096,-0.106432,0.099247,0.000181,0.00284
0,0.128255,0.027039,0.140099,-0.147278,0.159956,-0.128471,0.002238,0.000472
0,-0.055729,0.199348,-0.210757,0.168685,-0.252565,0.176937,0.000973,0.003212
0,-0.049454,-0.005059,-0.008939,-0.22584,0.01792,-0.178051,0.000863,8.8e-05
0,0.138435,0.023904,0.172002,0.048195,0.19606,0.001964,0.002416,0.000417
0,0.10034,0.047527,-0.053629,0.051375,-0.068712,0.070147,0.001751,0.00083
0,0.136145,-0.129434,0.040889,-0.194343,0.049891,-0.167767,0.002376,0.002259
0,-0.019722,0.080587,-0.165426,0.2178,-0.139891,0.224525,0.000344,0.001407
0,-0.056977,0.071659,-0.033281,-0.00371,-0.049298,-0.016322,0.000994,0.001251
0,0.022364,0.030127,0.086971,-0.051562,0.05288,-0.008678,0.00039,0.000526
0,0.04131,0.121351,0.016125,0.120626,-0.011847,0.162457,0.000721,0.002118
0,-0.053727,0.112545,-0.087402,-0.014011,-0.071424,0.031517,0.000938,0.001964
0,-0.094912,0.117833,-0.036936,-0.010038,0.010433,0.009058,0.001657,0.002057
0,-0.207378,0.024083,-0.110292,-0.100553,-0.104329,-0.099642,0.003071,0.00042
0,-0.138083,-0.005739,0.076798,-0.033266,0.105655,-0.06435,0.00241,0.0001
0,-0.043924,-0.04568,0.075516,-0.021211,0.042582,-0.018185,0.000767,0.000797
0,0.067537,0.114371,0.083584,0.169371,0.128155,0.138157,0.001179,0.001996
0,0.077954,0.152514,0.022611,0.042379,0.063714,0.06811,0.001361,0.002662
0,-0.06755,0.198403,-0.163012,0.040305,-0.145554,0.08326,0.001179,0.003228
0,0.042161,0.008068,0.092724,-0.194713,0.104625,-0.191583,0.000736,0.000141
0,0.105939,0.085456,0.092401,0.054263,0.098412,0.071416,0.001849,0.001491
0,-0.046101,0.176598,-0.148212,0.079754,-0.189852,0.101762,0.000805,0.003082
0,-0.041423,-0.012187,0.032289,-0.175283,0.036765,-0.159138,0.000723,0.000213
0,-0.167162,0.029046,-0.149931,0.058459,-0.174891,0.011376,0.002918,0.000507
0,0.009139,0.130944,0.172597,0.126293,0.162628,0.121417,0.00016,0.002285
0,-0.201259,0.120291,-0.22041,-0.019407,-0.174456,0.027747,0.003178,0.002099
0,-0.083616,0.153704,0.118444,0.030923,0.098927,-0.00161,0.001459,0.002683
0,-0.139418,0.194571,-0.027922,0.04481,0.000561,0.044441,0.002433,0.003295
0,-0.183814,0.074458,-0.047963,-0.128282,-0.08686,-0.11463,0.003208,0.0013
0,0.040006,0.152143,0.239046,0.05739,0.23846,0.064999,0.000698,0.002655
0,-0.100957,0.123546,-0.158885,-0.004271,-0.156753,-0.018067,0.001762,0.002156
0,-0.146957,-0.081714,-0.025392,-0.197008,-0.012258,-0.175906,0.002565,0.001426
0,-0.114371,0.066025,0.018683,0.161737,-0.013523,0.166164,0.001996,0.001152
0,-0.017208,-0.111084,0.08956,-0.185104,0.13909,-0.183591,0.0003,0.001939
0,-0.162919,-0.052294,-0.11724,0.05351,-0.114268,0.046319,0.002843,0.000913
0,-0.028417,-0.026944,0.156904,0.040209,0.11819,0.071741,0.000496,0.00047
0,-0.051706,0.028403,-0.012417,0.073304,-0.049772,0.105729,0.000902,0.000496
0,-0.000172,0.054562,0.072896,0.004004,0.063116,-0.019187,3e-06,0.000952
0,0.019259,0.035388,0.049389,-0.024374,0.005072,-0.025399,0.000336,0.000618
0,-0.095092,-0.104154,-0.141405,-0.155727,-0.096774,-0.170279,0.00166,0.001818
0,-0.051714,-0.079724,0.037122,0.038793,0.040695,0.03093,0.000903,0.001391
0,0.149067,0.030092,0.208993,0.124964,0.248868,0.126442,0.002602,0.000525
0,0.024792,0.143259,-0.114374,0.101241,-0.136863,0.136979,0.000433,0.0025
0,0.260471,0.125816,0.262781,-0.027657,0.218081,-0.019123,0.002145,0.002196
0,0.168483,0.12412,-0.062215,-0.010421,-0.065614,0.037022,0.002941,0.002166
0,0.063998,0.01921,-0.124248,-0.121406,-0.10971,-0.088694,0.001117,0.000335
0,0.084878,0.118827,-0.006498,0.083617,0.011008,0.087981,0.001481,0.002074
0,0.237006,-0.016518,0.142744,-0.163749,0.128112,-0.141806,0.002554,0.000288
0,0.190261,0.009505,-0.047774,0.029235,-0.032427,0.01728,0.003321,0.000166
0,-0.009561,0.15846,-0.213362,0.150745,-0.230959,0.200411,0.000167,0.002766
0,0.135473,0.045222,0.115543,-0.109428,0.122255,-0.146792,0.002364,0.000789
0,0.204403,0.068012,0.053038,0.005368,0.069747,-0.029579,0.003123,0.001187
0,0.173566,0.078513,-0.021068,0.008043,-0.02012,0.019489,0.003029,0.00137
0,0.122615,0.179703,-0.023224,0.119885,0.01125,0.113399,0.00214,0.003136
0,0.131741,0.081672,-0.017477,-0.113972,-0.039308,-0.070476,0.002299,0.001425
0,-0.065809,0.177996,-0.180836,0.102565,-0.196074,0.071707,0.001149,0.003107
0,-0.022151,0.037244,0.046234,-0.148732,0.063862,-0.154939,0.000387,0.00065
0,0.128579,-0.054896,0.143362,-0.120959,0.18255,-0.131994,0.002244,0.000958
0,0.006205,-0.015805,-0.09698,0.054437,-0.132279,0.067753,0.000108,0.000276
0,-0.020817,0.224244,-0.054842,0.25757,-0.093351,0.288989,0.000363,0.002777
0,-0.123714,0.076766,-0.093908,-0.153618,-0.06649,-0.193255,0.002159,0.00134
0,0.079841,0.023711,0.194381,-0.059294,0.233069,-0.029103,0.001393,0.000414
0,-0.09513,-0.063966,-0.195555,-0.115146,-0.184981,-0.090533,0.00166,0.001116
0,-0.100117,0.116531,-0.032162,0.18543,-0.075361,0.190057,0.001747,0.002034
0,0.07114,-0.149273,0.192195,-0.24136,0.220548,-0.278066,0.001242,0.002605
0,-0.084432,0.076588,-0.156158,0.23594,-0.107224,0.275818,0.001474,0.001337
0,-0.117387,-0.070898,-0.007611,-0.153301,-0.037364,-0.138577,0.002049,0.001237
0,-0.060235,-0.024604,0.040078,0.065978,-0.006784,0.066815,0.001051,0.000429
0,0.065048,0.079113,0.104708,0.107867,0.13918,0.078179,0.001135,0.001381
0,0.161066,0.062478,0.105787,-0.018581,0.063677,0.026326,0.002811,0.00109
0,0.143558,0.065544,0.005592,0.025433,0.020762,0.045029,0.002506,0.001144
0,0.170503,0.0962,0.008046,0.044873,0.007015,0.081281,0.002976,0.001679
0,-0.059488,-0.067236,-0.230231,-0.136362,-0.182444,-0.112444,0.001038,0.001173
0,0.202802,-0.153153,0.251086,-0.069459,0.230265,-0.048514,0.003151,0.002673
0,0.188844,0.008314,-0.013879,0.17159,-0.029537,0.172315,0.003296,0.000145
0,0.096158,-0.108867,-0.084046,-0.131748,-0.122974,-0.122978,0.001678,0.0019
0,-0.033934,-0.076125,-0.149467,0.015994,-0.169104,0.029169,0.000592,0.001329
0,0.026886,-0.100994,0.041434,-0.009596,0.025556,-0.041927,0.000469,0.001763
0,0.01981,-0.129278,-0.03141,-0.044785,-0.050119,-0.086753,0.000346,0.002256
0,0.120434,-0.045042,0.130477,0.084025,0.159058,0.079388,0.002102,0.000786
0,0.053274,0.04452,-0.079754,0.080626,-0.079353,0.076287,0.00093,0.000777
0,0.075803,-0.047506,0.047512,-0.074027,0.051347,-0.092175,0.001323,0.000829
0,0.116804,0.007156,0.064192,0.031916,0.094656,0.056181,0.002039,0.000125
0,0.138591,0.038829,0.022536,0.001758,0.03419,0.010063,0.002419,0.000678
0,0.034929,0.094632,-0.07815,0.071563,-0.123401,0.054759,0.00061,0.001652
0,0.032596,0.004454,-0.021739,-0.066756,-0.043612,-0.095742,0.000569,7.8e-05
0,0.29664,-0.09119,0.264885,-0.079781,0.271905,-0.081786,0.001513,0.001592
0,0.110914,-0.012333,-0.196837,0.104619,-0.170864,0.061188,0.001936,0.000215
0,0.10588,-0.110406,0.024353,-0.125303,0.073494,-0.147789,0.001848,0.001927
0,0.229122,-0.116459,0.108116,0.023847,0.118497,-0.023461,0.002692,0.002033
0,0.233132,-0.134925,0.006768,-0.01042,0.056265,-0.00689,0.002622,0.002355
0,0.179802,0.042268,-0.080067,0.191287,-0.128759,0.154807,0.003138,0.000738
0,0.158605,-0.124476,-0.01221,-0.172611,-0.035697,-0.219447,0.002768,0.002173
0,0.22342,-0.122007,0.078103,-0.009747,0.045894,0.022887,0.002791,0.002129
0,0.129338,-0.144554,-0.114705,-0.03561,-0.127264,-0.053757,0.002257,0.002523
0,0.167957,-0.151028,0.03708,-0.02225,0.003909,-0.048722,0.002931,0.002636
0,0.385829,-0.080545,0.1928,0.082777,0.1558,0.060208,4.3e-05,0.001406
0,0.276971,-0.098098,-0.093329,-0.041249,-0.121356,-0.050337,0.001857,0.001712
0,0.133525,-0.117003,-0.134204,-0.008823,-0.16922,-0.046432,0.00233,0.002042
0,0.181967,-0.074985,0.061147,0.021903,0.038446,0.041213,0.003176,0.001309
0,0.327343,0.012659,0.119425,0.079685,0.152041,0.128654,0.000978,0.000221
0,0.255212,-0.035766,-0.072298,-0.053555,-0.068316,-0.012455,0.002237,0.000624
0,0.09918,0.067953,-0.127231,0.123107,-0.144949,0.129724,0.001731,0.001186
0,0.157599,-0.068944,0.06799,-0.119643,0.042287,-0.139354,0.002751,0.001203
0,0.188446,-0.077419,0.014977,-0.000726,0.005318,0.043534,0.003289,0.001351
0,0.263997,-0.062073,0.097207,-0.012133,0.10064,-0.043414,0.002083,0.001083
0,0.076619,0.002233,-0.167165,0.079518,-0.121059,0.096368,0.001337,3.9e-05
0,0.109648,-0.192611,0.037256,-0.219287,0.086018,-0.26524,0.001914,0.003329
0,0.091495,0.008053,-0.003121,0.204949,-0.002824,0.189003,0.001597,0.000141
0,0.115937,-0.077234,0.035084,-0.084997,0.081789,-0.073585,0.002023,0.001348
0,0.004609,0.011648,-0.101892,0.11373,-0.084174,0.135162,8e-05,0.000203
0,0.107865,-0.122568,0.132754,-0.126432,0.144993,-0.176348,0.001883,0.002139
0,0.060253,0.071388,-0.040343,0.171173,-0.030957,0.177518,0.001052,0.001246
0,0.114966,-0.066124,0.044257,-0.158559,0.005162,-0.167737,0.002007,0.001154
0,-0.068294,0.025689,-0.169681,0.108404,-0.214986,0.083489,0.001192,0.000448
0,0.045969,-0.156655,0.108943,-0.171,0.125238,-0.140715,0.000802,0.002734
0,0.188996,-0.146128,0.142613,-0.016166,0.165611,0.00229,0.003299,0.00255
0,-0.076545,-0.092861,-0.264892,0.063959,-0.283733,0.028623,0.001336,0.001621
0,-0.060569,0.033704,0.021733,0.107812,0.004001,0.146059,0.001057,0.000588
0,0.191746,-0.142583,0.274198,-0.203767,0.275509,-0.205727,0.003344,0.002489
0,0.050307,-0.003402,-0.141981,0.141682,-0.113576,0.152045,0.000878,5.9e-05
0,-0.030325,0.007473,-0.068861,0.000481,-0.053045,-0.044689,0.000529,0.00013
0,0.172555,-0.025975,0.204727,-0.043393,0.174428,-0.030055,0.003012,0.000453
0,0.118157,0.041097,-0.062957,0.079382,-0.068603,0.099,0.002062,0.000717
0,-0.012844,0.082691,-0.128292,0.048299,-0.129328,0.079535,0.000224,0.001443
0,0.067448,-0.032763,0.086914,-0.097721,0.084368,-0.108532,0.001177,0.000572
0,-0.01348,-0.049277,-0.064598,-0.043012,-0.095605,-0.029562,0.000235,0.00086
0,0.00212,0.150855,0.000529,0.185191,0.001223,0.216901,3.7e-05,0.002633
0,-0.121735,0.15292,-0.126897,0.005691,-0.083221,0.051212,0.002125,0.002669
0,-0.067134,-0.061158,0.083244,-0.194277,0.106388,-0.178321,0.001172,0.001067
0,0.146381,-0.036556,0.228222,0.036545,0.190278,0.027931,0.002555,0.000638
0,0.197553,0.119206,0.066769,0.125777,0.031095,0.118546,0.003243,0.002081
0,-0.050623,-0.133126,-0.258766,-0.26965,-0.279474,-0.231411,0.000884,0.002323
0,0.12273,0.119619,0.174146,0.277244,0.192244,0.273448,0.002142,0.002088
0,-0.033652,-0.087272,-0.130173,-0.184222,-0.09026,-0.178777,0.000587,0.001523
0,0.068331,0.10097,0.130034,0.167064,0.110409,0.143731,0.001193,0.001762
0,0.256679,0.110881,0.173235,-0.008603,0.159537,-0.056573,0.002211,0.001935
0,0.164354,-0.013202,-0.090375,-0.12057,-0.110212,-0.156182,0.002869,0.00023
0,-0.005928,-0.066243,-0.187067,-0.026641,-0.189974,-0.067322,0.000103,0.001156
0,-0.029628,0.072343,-0.046397,0.167456,-0.022212,0.128627,0.000517,0.001263
0,-0.130163,0.043413,-0.109316,-0.050436,-0.110771,-0.003456,0.002272,0.000758
0,0.191511,0.126848,0.298184,0.067976,0.255374,0.046825,0.003343,0.002214
0,0.161813,0.079449,-0.044202,-0.052672,-0.011146,-0.008343,0.002824,0.001387
0,-0.023143,-0.010538,-0.169217,-0.117786,-0.177291,-0.144947,0.000404,0.000184
0,0.187119,0.132665,0.221685,0.168397,0.198372,0.136249,0.003266,0.002315
0,-0.045502,0.035599,-0.211567,-0.125451,-0.226815,-0.15136,0.000794,0.000621
0,-0.072799,0.116908,-0.048321,0.068098,-0.041036,0.097834,0.001271,0.00204
0,-0.095611,0.017656,-0.020655,-0.076405,-0.069516,-0.104298,0.001669,0.000308
0,0.0561,0.152978,0.16001,0.144452,0.183168,0.172432,0.000979,0.00267
0,-0.022898,0.195035,-0.099337,0.045586,-0.100444,0.087741,0.0004,0.003287
0,0.04098,-0.052906,0.036437,-0.2255,0.05162,-0.196228,0.000715,0.000923
0,-0.138655,0.177394,-0.190446,0.241191,-0.238878,0.23008,0.00242,0.003096
0,-0.070155,0.106947,0.043082,-0.08982,0.045151,-0.123476,0.001224,0.001867
0,0.053676,-0.069528,0.14382,-0.155914,0.093873,-0.17176,0.000937,0.001213
0,0.092769,0.045963,0.050655,0.118966,0.071239,0.15664,0.001619,0.000802
0,0.052349,0.081465,-0.01981,0.056942,-0.002656,0.055807,0.000914,0.001422
0,-0.183496,0.133469,-0.248105,0.034215,-0.235513,0.026518,0.003203,0.002329
0,-0.050209,0.012274,0.156789,-0.135871,0.201594,-0.143369,0.000876,0.000214
0,-0.052349,-0.06043,-0.029263,-0.084001,-0.009989,-0.08099,0.000914,0.001055
0,-0.123763,0.071808,-0.057594,0.155417,-0.05464,0.145627,0.00216,0.001253
0,0.044097,-0.086537,0.161861,-0.148692,0.134189,-0.10673,0.00077,0.00151
0,-0.032999,0.041134,-0.081869,0.115416,-0.092499,0.08083,0.000576,0.000718
0,0.060262,0.10475,0.077175,0.082273,0.051367,0.065706,0.001052,0.001828
0,-0.207215,0.077306,-0.270487,-0.035972,-0.22442,-0.001901,0.003074,0.001349
0,-0.122061,-0.074579,0.114816,-0.171083,0.14789,-0.209157,0.00213,0.001302
0,-0.17957,-0.031141,-0.029984,0.053215,-0.061444,0.102025,0.003134,0.000544
0,0.015454,0.058057,0.173863,0.090217,0.180883,0.115191,0.00027,0.001013
0,-0.056216,0.147471,-0.072707,0.09394,-0.026576,0.103252,0.000981,0.002574
0,-0.152804,-0.062657,-0.072911,-0.222996,-0.120635,-0.207864,0.002667,0.001094
0,-0.106698,0.15942,0.051327,0.234206,0.086195,0.194141,0.001862,0.002782
0,0.016663,0.011656,0.118795,-0.119933,0.073245,-0.144259,0.000291,0.000203
0,-0.124678,0.139056,-0.164049,0.145271,-0.162364,0.103703,0.002176,0.002427
0,-0.232492,0.068678,-0.124732,-0.087197,-0.161252,-0.050555,0.002633,0.001199
0,-0.083767,0.075029,0.141627,0.03351,0.10877,0.050736,0.001462,0.001309
0,0.0313,0.105642,0.097168,0.009513,0.130435,0.049669,0.000546,0.001844
0,0.074416,0.007959,0.048544,-0.091921,0.066996,-0.104458,0.001299,0.000139
0,-0.1848,0.025324,-0.27359,0.010979,-0.275302,-0.01463,0.003225,0.000442
0,-0.128251,-0.143596,0.028513,-0.191171,0.061827,-0.155818,0.002238,0.002506
0,0.022884,-0.12558,0.159699,0.030097,0.15895,-0.016294,0.000399,0.002192
0,-0.158747,-0.05671,-0.168205,0.083803,-0.127885,0.050982,0.002771,0.00099
0,0.08595,-0.092302,0.252932,-0.017372,0.248932,-0.00389,0.0015,0.001611
0,0.004217,0.046293,-0.074317,0.159731,-0.123121,0.1387,7.4e-05,0.000808
0,-0.092245,-0.076312,-0.074197,-0.150129,-0.114336,-0.166214,0.00161,0.001332
0,-0.15222,0.047565,-0.04624,0.103217,-0.075646,0.086192,0.002657,0.00083
0,-0.15186,0.086482,-0.020456,0.067042,-0.024731,0.096332,0.00265,0.001509
0,-0.139541,0.037495,-0.009219,-0.059083,-0.02045,-0.078448,0.002435,0.000654
0,-0.151542,-0.034124,0.003372,-0.089669,0.014024,-0.070881,0.002645,0.000596
0,-0.15844,0.091238,0.017805,0.122697,0.043752,0.088244,0.002765,0.001592
0,-0.130371,-0.114758,0.026452,-0.23289,0.001445,-0.265419,0.002275,0.002003
0,-0.084354,0.084006,0.046119,0.184737,0.034499,0.199262,0.001472,0.001466
0,-0.266662,0.103384,-0.176477,0.024224,-0.213839,0.061908,0.002037,0.001804
0,-0.188838,0.121801,0.103071,-0.011301,0.131508,-0.0053,0.003296,0.002126
0,-0.218902,-0.138587,-0.049866,-0.256928,-0.095819,-0.221868,0.00287,0.002419
0,-0.147592,0.036208,0.051245,0.201822,0.037118,0.21495,0.002576,0.000632
0,-0.229893,-0.038591,-0.05952,-0.073005,-0.030252,-0.039105,0.002678,0.000674
0,-0.324063,0.149798,-0.113887,0.165726,-0.124209,0.152473,0.001035,0.002614
0,-0.269452,0.105551,0.06313,-0.03234,0.034914,-0.076112,0.001988,0.001842
0,-0.157026,0.070764,0.133918,-0.049581,0.129063,-0.028605,0.002741,0.001235
0,-0.178888,-0.020109,0.000763,-0.093058,-0.012564,-0.065807,0.003122,0.000351
0,-0.164385,0.042915,-0.008567,0.089508,-0.023887,0.133332,0.002869,0.000749
0,-0.241104,-0.052049,-0.081191,-0.075035,-0.063662,-0.096369,0.002483,0.000908
0,-0.360855,-0.018727,-0.137038,0.041497,-0.144201,0.00888,0.000393,0.000327
0,-0.112648,0.026738,0.219923,0.074469,0.244438,0.078009,0.001966,0.000467
0,-0.090637,-0.141951,0.037448,-0.181152,0.061506,-0.198166,0.001582,0.002478
0,-0.062448,0.092399,0.008682,0.228878,0.053724,0.241958,0.00109,0.001613
0,-0.098258,-0.117952,-0.043007,-0.191282,-0.064598,-0.20212,0.001715,0.002059
0,-0.077743,0.07376,0.037731,0.199631,0.053081,0.197088,0.001357,0.001287
0,-0.184334,-0.026234,-0.094208,-0.115777,-0.068531,-0.126922,0.003217,0.000458
0,-0.059076,-0.031698,0.132924,-0.015175,0.120218,-0.02794,0.001031,0.000553
0,-0.239546,0.098895,-0.205342,0.133324,-0.242503,0.170071,0.00251,0.001726
0,-0.256858,-0.102478,-0.015204,-0.179807,-0.022517,-0.164813,0.002208,0.001789
0,-0.202999,-0.000791,0.046652,0.082595,0.056721,0.077312,0.003148,1.4e-05
0,-0.349041,-0.158651,-0.127806,-0.185938,-0.153601,-0.149903,0.000599,0.002769
0,-0.044806,-0.124116,0.281422,0.05269,0.244185,0.082059,0.000782,0.002166
0,-0.072176,0.085854,-0.017159,0.223665,-0.036155,0.207818,0.00126,0.001498
0,-0.174968,-0.1353,-0.119015,-0.226633,-0.125354,-0.275502,0.003054,0.002361
0,0.01318,0.080645,0.211924,0.236432,0.197623,0.232457,0.00023,0.001408
0,-0.222005,-0.150277,-0.240278,-0.25274,-0.236834,-0.207055,0.002816,0.002623
0,0.024491,-0.137937,0.256743,0.025312,0.231148,0.044603,0.000427,0.002407
0,-0.122211,0.090471,-0.117459,0.215089,-0.069859,0.254055,0.002133,0.001579
0,-0.017169,0.074369,0.080332,-0.038627,0.055072,-0.024216,0.0003,0.001298
0,-0.045414,-0.152604,-0.0546,-0.210607,-0.01555,-0.177038,0.000793,0.002663
0,-0.163179,-0.007337,-0.138566,0.121923,-0.107094,0.146758,0.002848,0.000128
0,0.08181,0.073478,0.227064,0.052409,0.193311,0.090199,0.001428,0.001282
0,0.073694,-0.079524,0.007538,-0.15835,0.034032,-0.142323,0.001286,0.001388
0,0.054251,0.09061,0.00686,0.175401,-0.00363,0.162143,0.000947,0.001581
0,0.02965,-0.089138,-0.049341,-0.202269,-0.053363,-0.226212,0.000517,0.001556
0,0.064709,0.09447,0.043258,0.191241,0.028064,0.226513,0.001129,0.001649
0,-0.026892,-0.089069,-0.114007,-0.187592,-0.122444,-0.174623,0.000469,0.001555
0,0.127238,0.036433,0.132232,0.140558,0.147804,0.190548,0.002221,0.000636
0,-0.104823,0.05401,-0.233042,0.016121,-0.24606,0.024794,0.00183,0.000943
0,-0.017812,0.099905,0.103329,0.022814,0.103658,0.002073,0.000311,0.001744
0,0.071789,0.01555,0.11534,-0.077282,0.09798,-0.042132,0.001253,0.000271
0,0.068994,-0.082941,-0.013181,-0.086789,-0.00148,-0.133524,0.001204,0.001448
0,0.144949,0.119938,0.071032,0.178002,0.047777,0.159516,0.00253,0.002093
0,0.031957,-0.142653,-0.083683,-0.274961,-0.107387,-0.289216,0.000558,0.00249
0,0.088584,0.091835,0.078531,0.254827,0.087605,0.234955,0.001546,0.001603
0,-0.08445,-0.015038,-0.193955,-0.116132,-0.222964,-0.15693,0.001474,0.000262
0,0.097698,-0.081005,0.162649,-0.073742,0.143431,-0.118036,0.001705,0.001414
0,0.105698,-0.093813,0.013246,-0.040334,-0.004041,-0.039669,0.001845,0.001637
0,0.119608,-0.075496,0.000641,0.045786,-0.011384,0.042604,0.002088,0.001318
0,-0.005883,-0.20586,-0.1542,-0.132595,-0.131511,-0.14254,0.000103,0.003098
0,0.07004,0.024003,0.057068,0.210651,0.007542,0.236474,0.001222,0.000419
0,-0.101123,0.064376,-0.14308,0.051584,-0.122086,0.004504,0.001765,0.001124
0,0.128803,-0.117321,0.204735,-0.178151,0.195958,-0.18454,0.002248,0.002048
0,0.003988,-0.032709,-0.139595,0.078249,-0.139533,0.02918,7e-05,0.000571
0,0.190503,-0.112659,0.182365,-0.097624,0.229956,-0.091814,0.003325,0.001966
0,-0.053109,-0.032818,-0.250868,0.100545,-0.227161,0.147759,0.000927,0.000573
0,0.229172,-0.011651,0.26267,0.017401,0.274249,-0.017399,0.002691,0.000203
0,0.193045,-0.106416,-0.010506,-0.093439,-0.003555,-0.121542,0.003322,0.001857
0,-0.096845,-0.192394,-0.281789,-0.076975,-0.279998,-0.031792,0.00169,0.003333
0,-0.063655,-0.0132,0.007962,0.173351,-0.005277,0.14469,0.001111,0.00023
0,0.130243,-0.104637,0.17566,-0.088471,0.170658,-0.082886,0.002273,0.001826
0,-0.018339,0.081272,-0.160662,0.199047,-0.11307,0.1564,0.00032,0.001418
0,0.119986,-0.142605,0.126755,-0.205207,0.136884,-0.189,0.002094,0.002489
0,-0.031624,0.042832,-0.153235,0.160569,-0.161983,0.14245,0.000552,0.000748
0,0.029693,-0.128271,0.041711,-0.15952,0.004792,-0.14205,0.000518,0.002239
0,-0.040478,-0.207996,-0.05477,-0.06454,-0.06909,-0.103691,0.000706,0.003061
0,0.189544,-0.046921,0.222138,0.150821,0.251799,0.167476,0.003308,0.000819
0,0.083698,-0.031815,-0.086738,0.009372,-0.130593,0.058167,0.001461,0.000555
0,-0.001008,-0.180525,-0.106269,-0.163571,-0.132457,-0.206323,1.8e-05,0.003151
0,0.014996,0.006601,0.044205,0.165329,0.088876,0.131381,0.000262,0.000115
0,-0.008655,0.053887,-0.002943,0.046659,-0.016328,-0.001651,0.000151,0.000941
0,0.064373,0.109518,0.091454,0.035458,0.108518,-0.000731,0.001124,0.001911
0,-0.086139,0.056158,-0.15853,-0.057245,-0.181385,-0.030505,0.001503,0.00098
0,0.196838,-0.011422,0.288148,-0.071182,0.253033,-0.10771,0.003255,0.000199
0,0.043585,-0.143698,-0.130006,-0.138353,-0.134513,-0.125899,0.000761,0.002508
0,-0.069454,-0.078056,-0.130674,0.037975,-0.164395,0.023604,0.001212,0.001362
0,-0.074196,0.074838,0.019863,0.148426,0.010585,0.178008,0.001295,0.001306
0,0.083353,-0.025888,0.1487,-0.119903,0.159667,-0.120321,0.001455,0.000452
0,-0.036422,-0.022126,-0.146369,-0.022253,-0.143456,0.027691,0.000636,0.000386
0,0.145406,-0.170366,0.16728,-0.120181,0.120342,-0.076805,0.002538,0.002973
0,-0.066299,0.022782,-0.205145,0.213102,-0.244226,0.168989,0.001157,0.000398
0,0.04265,0.084798,0.092682,0.091525,0.094123,0.099112,0.000744,0.00148
0,0.054255,0.068341,0.010009,-0.028999,0.00414,-0.030342,0.000947,0.001193
0,-0.06304,0.108685,-0.111596,0.028137,-0.159068,0.030977,0.0011,0.001897
0,0.107585,-0.126892,0.173159,-0.232195,0.127473,-0.277877,0.001878,0.002215
0,-0.106456,-0.015739,-0.239054,0.106846,-0.223446,0.152606,0.001858,0.000275
0,-0.050216,-0.011398,0.081104,0.026403,0.095393,-0.010777,0.000876,0.000199
0,0.011524,-0.130461,0.077531,-0.10861,0.048744,-0.075574,0.000201,0.002277
0,0.143719,0.009547,0.126774,0.152091,0.100897,0.175678,0.002508,0.000167
0,-0.056977,0.028519,-0.193478,-0.002363,-0.238329,-0.032298,0.000994,0.000498
0,0.077157,0.09751,0.142684,0.046099,0.191756,0.060691,0.001347,0.001702
0,0.247059,0.00133,0.153273,-0.076537,0.16183,-0.041977,0.002379,2.3e-05
0,-0.006393,-0.057487,-0.250237,-0.058063,-0.293158,-0.013637,0.000112,0.001003
0,-0.051566,0.028792,-0.058099,0.096656,-0.100608,0.055033,0.0009,0.000503
0,0.205022,-0.079736,0.260149,-0.127043,0.25392,-0.082317,0.003113,0.001392
0,-0.058377,0.128805,-0.233967,0.217231,-0.208941,0.255431,0.001019,0.002248
0,-0.099038,-0.095002,-0.03899,-0.227272,-0.067921,-0.196226,0.001729,0.001658
0,0.126705,-0.113811,0.236827,0.009461,0.255357,-0.009384,0.002211,0.001986
0,0.070836,-0.126957,-0.077157,-0.002408,-0.118126,-0.034394,0.001236,0.002216
0,0.002802,-0.033748,-0.054329,0.098612,-0.071138,0.082109,4.9e-05,0.000589
0,-0.011706,0.041661,-0.041522,0.084428,0.001411,0.045097,0.000204,0.000727
0,-0.083559,0.105635,-0.097599,0.069504,-0.147306,0.083364,0.001458,0.001844
0,0.058951,0.090463,0.113433,-0.019779,0.088426,-0.065107,0.001029,0.001579
0,-0.025926,0.059146,-0.071964,-0.031983,-0.03755,-0.019491,0.000452,0.001032
0,0.13607,-0.051449,0.162623,-0.132786,0.117352,-0.167085,0.002375,0.000898
0,-0.09303,-0.008434,-0.232609,0.066041,-0.22835,0.019283,0.001624,0.000147
0,0.106485,-0.120029,0.219326,-0.092062,0.257268,-0.111582,0.001859,0.002095
0,0.015605,0.102648,-0.086678,0.206024,-0.108093,0.254531,0.000272,0.001792
0,-0.165343,0.081233,-0.175166,-0.034282,-0.156535,-0.014123,0.002886,0.001418
0,-0.007854,0.055904,0.161921,-0.054691,0.147872,-0.104552,0.000137,0.000976
0,-0.022914,0.12696,-0.019476,0.066395,-0.026397,0.105775,0.0004,0.002216
0,-0.031012,-0.145376,0.009973,-0.299337,0.033508,-0.312904,0.000541,0.002537
0,0.022847,-0.019546,0.053097,0.125057,0.06624,0.12786,0.000399,0.000341
0,0.170256,-0.031751,0.175034,0.009803,0.141841,-0.036054,0.002972,0.000554
0,0.1819,0.08406,0.031875,0.137026,0.063661,0.135741,0.003175,0.001467
0,0.07391,0.106509,-0.096328,0.024419,-0.089235,0.0101,0.00129,0.001859
0,0.002042,0.021781,-0.042583,-0.071271,-0.039143,-0.033661,3.6e-05,0.00038
0,-0.013412,0.156809,-0.033796,0.159363,-0.065855,0.143198,0.000234,0.002737
0,0.00428,0.108388,0.002469,-0.044263,0.004157,-0.087203,7.5e-05,0.001892
0,-0.064579,-0.033309,-0.047889,-0.160599,-0.068335,-0.129709,0.001127,0.000581
0,0.010313,0.035134,0.070078,0.081939,0.108831,0.033015,0.00018,0.000613
0,-0.003153,-0.092692,-0.043168,-0.140262,-0.027613,-0.130099,5.5e-05,0.001618
0,0.175709,0.076563,0.157344,0.143591,0.131382,0.172994,0.003067,0.001336
0,-0.02254,0.008426,-0.209285,-0.082305,-0.162739,-0.062998,0.000393,0.000147
0,0.011813,-0.043133,0.004456,-0.032723,-0.016088,-0.032542,0.000206,0.000753
0,0.018276,0.029926,0.036285,0.069153,0.066954,0.098564,0.000319,0.000522
0,0.005333,-0.052398,-0.03276,-0.091124,-0.00314,-0.092421,9.3e-05,0.000915
0,-0.012749,0.156493,-0.026158,0.19529,-0.011659,0.229616,0.000223,0.002731
0,0.164276,0.165536,0.149396,0.010149,0.120267,0.007367,0.002867,0.002889
0,0.182661,-0.091021,0.043732,-0.270668,0.021748,-0.25197,0.003188,0.001589
0,0.027983,-0.085955,-0.125103,0.022823,-0.149608,0.051343,0.000488,0.0015
0,0.186753,0.140099,0.142242,0.214202,0.095445,0.252018,0.003259,0.002445
0,0.136485,-0.101292,-0.032521,-0.229322,-0.006985,-0.277097,0.002382,0.001768
0,-0.048309,-0.012699,-0.178604,0.069156,-0.227979,0.042458,0.000843,0.000222
0,0.022166,-0.026644,0.045488,-0.026353,-0.0037,-0.043653,0.000387,0.000465
0,0.096949,0.094582,0.077951,0.146159,0.052322,0.12262,0.001692,0.001651
0,-0.020899,-0.090251,-0.129146,-0.186584,-0.168686,-0.194787,0.000365,0.001575
0,0.00857,-0.044843,0.035049,0.035563,0.026214,0.082013,0.00015,0.000783
0,-0.186258,0.012762,-0.168909,0.049938,-0.149301,0.008888,0.003251,0.000223
0,-0.127754,0.034224,0.041444,0.006091,0.06314,0.024404,0.00223,0.000597
0,-0.041299,-0.110015,0.113145,-0.134755,0.063332,-0.104077,0.000721,0.00192
0,0.056566,-0.129487,0.124668,-0.012237,0.104685,0.028949,0.000987,0.00226
0,-0.129774,-0.142798,-0.196714,-0.033093,-0.208472,-0.076977,0.002265,0.002492
0,-0.081282,-0.000944,0.061558,0.124368,0.045519,0.110532,0.001419,1.6e-05
0,-0.003148,0.058947,0.088125,0.078522,0.053909,0.030161,5.5e-05,0.001029
0,-0.026742,-0.074146,-0.038184,-0.158304,-0.06268,-0.158176,0.000467,0.001294
0,0.154954,0.070424,0.173758,0.117964,0.150562,0.137641,0.002704,0.001229
0,0.115444,-0.094311,-0.033165,-0.139172,0.006284,-0.137303,0.002015,0.001646
0,0.106715,-0.004039,-0.007843,0.105667,0.036778,0.097658,0.001863,7e-05
0,0.203417,0.061197,0.122554,0.065701,0.165636,0.030718,0.003141,0.001068
0,0.190382,0.053594,0.00647,0.001893,0.038767,0.02884,0.003323,0.000935
0,0.043841,-0.093535,-0.142902,-0.139148,-0.127545,-0.142172,0.000765,0.001632
0,0.017074,-0.229986,-0.027711,-0.11192,-0.030113,-0.161842,0.000298,0.002677
0,-0.067061,-0.210322,-0.060564,0.018145,-0.053707,0.05828,0.00117,0.00302
0,0.114867,-0.136246,0.189342,0.054941,0.215278,0.032319,0.002005,0.002378
0,-0.088272,-0.094074,-0.178035,0.068558,-0.178214,0.05635,0.001541,0.001642
0,-0.036145,0.025555,0.050787,0.118793,0.010135,0.135112,0.000631,0.000446
0,0.051048,-0.048067,0.085803,-0.092929,0.058941,-0.137103,0.000891,0.000839
0,-0.015564,-0.144963,-0.071677,-0.067292,-0.089874,-0.066368,0.000272,0.00253
0,0.1591,-0.082092,0.179144,0.050684,0.164588,0.09824,0.002777,0.001433
0,0.105584,0.126261,-0.032489,0.184941,-0.040062,0.145013,0.001843,0.002204
0,0.057081,0.001169,-0.063033,-0.116108,-0.082308,-0.101653,0.000996,2e-05
0,0.011449,0.115188,-0.067045,0.093142,-0.091057,0.119068,0.0002,0.00201
0,-0.148235,-0.037143,-0.141789,-0.12709,-0.10469,-0.151363,0.002587,0.000648
0,-0.053523,-0.064441,0.083787,-0.02407,0.063368,0.007648,0.000934,0.001125
0,-0.016442,-0.050405,0.03514,-0.014816,0.032187,-0.02707,0.000287,0.00088
0,-0.108155,-0.041122,-0.10791,-0.00492,-0.154178,0.021086,0.001888,0.000718
0,-0.01402,0.118999,0.070653,0.15783,0.09648,0.14266,0.000245,0.002077
0,-0.151457,-0.109133,-0.136768,-0.210938,-0.159915,-0.242596,0.002643,0.001905
0,-0.128144,0.114942,0.053031,0.232131,0.075284,0.251844,0.002237,0.002006
0,-0.140557,-0.014188,-0.012789,-0.156536,-0.053481,-0.135151,0.002453,0.000248
0,-0.081209,-0.056364,0.076708,-0.040741,0.109437,-0.053476,0.001417,0.000984
0,-0.070329,-0.076231,-0.015099,-0.020119,0.030018,-0.038138,0.001227,0.00133
0,0.121176,0.100865,0.1648,0.179984,0.135009,0.161088,0.002115,0.00176
0,0.112295,0.01205,-0.030251,-0.065499,-0.04057,-0.01653,0.00196,0.00021
0,-0.077009,-0.048759,-0.207121,-0.056881,-0.194115,-0.032192,0.001344,0.000851
0,0.068478,0.017333,0.143617,0.063932,0.192536,0.081404,0.001195,0.000303
0,0.043977,-0.019503,-0.04868,-0.052843,-0.092158,-0.071236,0.000768,0.00034
0,0.103447,-0.071604,0.055494,-0.025311,0.033461,-0.024201,0.001805,0.00125
0,0.079067,0.013307,-0.020428,0.090174,-0.001237,0.126754,0.00138,0.000232
0,0.066164,-0.051558,0.004342,-0.087486,-0.015965,-0.093575,0.001155,0.0009
0,0.111347,-0.054601,0.047784,0.019369,0.043073,0.052221,0.001943,0.000953
0,0.000327,0.131013,-0.088289,0.186104,-0.081973,0.18109,6e-06,0.002287
0,0.079888,-0.032498,0.088804,-0.147155,0.134149,-0.147687,0.001394,0.000567
0,0.030472,-0.117776,-0.061117,-0.065746,-0.069005,-0.059569,0.000532,0.002056
0,0.116005,-0.096115,0.093428,0.050399,0.054905,0.001138,0.002025,0.001678
0,0.174642,-0.122188,0.084715,-0.015514,0.065972,0.030074,0.003048,0.002133
0,0.153775,-0.062441,-0.029179,0.053958,0.004926,0.013799,0.002684,0.00109
0,0.076149,-0.147444,-0.097178,-0.06009,-0.128781,-0.097894,0.001329,0.002573
0,0.202839,-0.163114,0.13279,-0.017381,0.150247,0.007955,0.003151,0.002847
0,0.271482,-0.163715,0.082519,-0.021942,0.113891,0.011802,0.001953,0.002857
0,0.077827,-0.177304,-0.178183,-0.002482,-0.204338,0.032482,0.001358,0.003095
0,0.10152,0.049426,0.049253,0.218026,0.026776,0.240851,0.001772,0.000863
0,0.154077,-0.163306,0.0792,-0.190677,0.080704,-0.170446,0.002689,0.00285
0,0.071819,0.032561,-0.078949,0.224169,-0.121593,0.226379,0.001253,0.000568
0,0.249841,-0.1678,0.200842,-0.182491,0.232622,-0.192515,0.00233,0.002929
0,0.214291,-0.060762,-0.010785,0.079331,-0.028451,0.100399,0.002951,0.00106
0,0.228122,0.021502,0.006164,0.074088,0.044843,0.059635,0.002709,0.000375
0,0.197496,0.076747,-0.030236,0.056092,-0.076778,0.105327,0.003244,0.001339
0,0.149529,-0.054621,-0.031011,-0.141653,-0.06574,-0.108279,0.00261,0.000953
0,0.027713,-0.136136,-0.092372,-0.069231,-0.081758,-0.101082,0.000484,0.002376
0,0.201294,0.118878,0.174527,0.251883,0.151489,0.245932,0.003178,0.002075
0,0.186619,0.010543,-0.0181,-0.091591,0.019389,-0.118897,0.003257,0.000184
0,-0.04873,0.018434,-0.231622,-0.016616,-0.189979,-0.041153,0.000851,0.000322
0,0.075224,0.024131,0.125178,-0.005547,0.097132,-0.003084,0.001313,0.000421
0,0.221366,0.039189,0.165876,0.017237,0.183394,0.005196,0.002827,0.000684
0,-0.021908,0.141787,-0.217956,0.084108,-0.243802,0.120511,0.000382,0.002475
0,0.236604,0.04353,0.234526,-0.122868,0.184834,-0.09844,0.002561,0.00076
0,-0.074509,0.002088,-0.318106,-0.060341,-0.318507,-0.077808,0.0013,3.6e-05
0,0.112783,0.023116,0.183721,-0.007926,0.194242,-0.00161,0.001968,0.000403
0,0.044207,0.159166,-0.082696,0.111412,-0.131578,0.087126,0.000772,0.002778
0,0.133234,0.147369,0.114216,0.009153,0.08209,0.031774,0.002325,0.002572
0,0.107951,0.136822,-0.03923,-0.028092,-0.068833,-0.000328,0.001884,0.002388
0,0.403168,-1.298066,0.275242,-1.428672,0.266208,-1.471974,0.000346,0.002583
0,0.907984,-2.133792,0.511705,-0.810404,0.526138,-0.793761,0.002466,0.002903
0,1.035579,-2.146027,0.148967,0.016986,0.192626,-0.005377,0.001998,0.00269
0,0.990767,-2.370639,-0.071567,-0.223241,-0.086238,-0.246035,0.00278,0.001231
0,1.002622,-2.130517,0.002121,0.229651,-0.035047,0.239134,0.002573,0.00296
0,0.746542,-1.619699,-0.2277,0.497611,-0.179291,0.456003,0.000352,0.001506
0,0.451854,-1.211516,-0.286191,0.412498,-0.258273,0.396624,0.001196,0.001072
0,1.9588,0.020545,1.503712,1.207082,1.552278,1.243225,0.000733,0.000359
0,3.821815,0.283192,1.889257,0.257573,1.906657,0.27909,0.000205,0.001748
0,5.565357,0.982776,1.73253,0.684533,1.70963,0.638608,0.003228,0.00292
0,5.23762,0.864759,-0.343548,-0.144207,-0.389175,-0.185954,0.002258,0.001711
0,3.431362,1.077537,-1.780896,0.192377,-1.789267,0.242332,0.000329,0.001266
0,3.014745,0.790407,-0.445322,-0.316035,-0.485862,-0.348561,0.000909,0.000414
0,2.354275,0.49432,-0.645225,-0.279559,-0.671872,-0.309136,0.000945,0.001937
0,1.865156,0.60107,-0.499833,0.134716,-0.471238,0.144679,0.000901,0.002891
0,1.404918,0.28961,-0.463344,-0.317246,-0.444779,-0.352329,0.002243,0.001636
0,0.043467,0.185193,-1.339124,-0.120341,-1.336838,-0.074438,0.000759,0.003232
0,-0.361834,0.000757,-0.382827,-0.203169,-0.423147,-0.221611,0.000376,1.3e-05
0,-0.546029,-0.07942,-0.165593,-0.100418,-0.11768,-0.074222,0.002839,0.001386
0,-0.683014,0.041062,-0.110981,0.135279,-0.105446,0.163586,0.001461,0.000717
0,-0.508427,-0.105787,0.183871,-0.143332,0.203352,-0.166538,0.002183,0.001846
0,-0.487632,-0.111351,0.001947,0.021186,-0.017812,-0.007706,0.00182,0.001943
0,-0.24192,0.00896,0.258045,0.097409,0.248618,0.070418,0.002469,0.000156
0,-0.265051,0.013324,-0.011131,-0.003478,-0.05774,0.0055,0.002065,0.000233
0,-0.269638,0.022268,-0.015447,0.014883,-0.006433,0.034562,0.001985,0.000389
0,-0.003573,-0.116606,0.288745,-0.162164,0.286542,-0.161325,6.2e-05,0.002035
0,0.079827,-0.149481,0.112103,-0.030111,0.152779,-0.0384,0.001393,0.002609
0,0.140428,-0.245893,0.089256,-0.096751,0.138888,-0.051588,0.002451,0.002399
0,0.049084,-0.23277,-0.113962,0.007792,-0.140072,0.011168,0.000857,0.002628
0,0.131006,-0.108387,0.075083,0.129238,0.112078,0.129308,0.002286,0.001892
0,0.210044,0.009955,0.075097,0.091818,0.038062,0.048172,0.003025,0.000174
0,-0.09204,0.089071,-0.30851,0.103594,-0.263917,0.12575,0.001606,0.001555
0,0.121325,0.072041,0.189213,0.011329,0.183197,0.038604,0.002118,0.001257
0,-0.129677,-0.036833,-0.2539,-0.118934,-0.298963,-0.165823,0.002263,0.000643
0,0.025191,0.123625,0.126077,0.156788,0.100399,0.144751,0.00044,0.002158
0,-0.097874,0.100163,-0.096863,-0.039482,-0.067517,-0.013227,0.001708,0.001748
0,-0.05123,0.106353,0.070691,-0.014232,0.046709,-0.062441,0.000894,0.001856
0,-0.081986,0.073829,-0.032681,-0.011708,-0.060128,-0.054623,0.001431,0.001289
0,0.045929,0.170998,0.155688,0.105883,0.133395,0.123084,0.000802,0.002984
0,-0.06827,0.126569,-0.141522,-0.064697,-0.12332,-0.060302,0.001192,0.002209
0,0.008612,-0.009715,0.0945,-0.152653,0.103961,-0.199952,0.00015,0.00017
0,-0.001932,-0.11636,0.0083,-0.119159,-0.03545,-0.110878,3.4e-05,0.002031
0,0.08956,-0.146358,0.072927,-0.039377,0.071241,-0.032306,0.001563,0.002554
0,0.055905,-0.010543,-0.051028,0.114268,-0.046344,0.150257,0.000976,0.000184
0,0.032169,-0.112941,-0.033028,-0.075432,0.010604,-0.104619,0.000561,0.001971
0,-0.065556,-0.048627,-0.072472,0.064392,-0.066787,0.048236,0.001144,0.000849
0,-0.11646,-0.098985,-0.041348,-0.056247,-0.034136,-0.017901,0.002033,0.001728
0,-0.030986,-0.15695,0.060099,-0.078076,0.058467,-0.114468,0.000541,0.002739
0,-0.120036,-0.166603,-0.117748,0.01927,-0.083471,0.044042,0.002095,0.002908
0,0.039815,0.045831,0.151283,0.235514,0.137449,0.209797,0.000695,0.0008
0,0.020968,-0.097457,-0.03021,-0.161942,-0.028137,-0.194279,0.000366,0.001701
0,-0.043696,0.084925,-0.03851,0.200405,-0.056121,0.20277,0.000763,0.001482
0,-0.12156,0.110388,-0.052371,0.02648,-0.077488,0.044337,0.002122,0.001927
0,-0.000956,0.002839,0.097041,-0.12095,0.097677,-0.140602,1.7e-05,5e-05
0,-0.031746,0.081818,-0.015056,0.064175,-0.033999,0.019015,0.000554,0.001428
0,-0.031761,-0.131605,0.006835,-0.193241,-0.010965,-0.158085,0.000554,0.002297
0,0.165805,0.129086,0.172733,0.231007,0.168829,0.264239,0.002894,0.002253
0,0.214794,0.114831,0.035942,-0.026118,0.027102,-0.012435,0.002942,0.002004
0,0.019461,0.044908,-0.222567,-0.089208,-0.271976,-0.11619,0.00034,0.000784
0,0.24176,0.063755,0.24813,0.020355,0.279672,0.046551,0.002471,0.001113
0,2.598259,-0.678723,2.330032,-0.741311,2.295212,-0.743129,0.001488,0.001536
0,3.050595,-1.212549,0.445005,-0.512751,0.399346,-0.480687,0.000284,0.001091
0,3.124514,-1.131499,0.051237,0.094841,0.056615,0.120677,0.001007,0.000324
0,3.142533,-1.320464,0.03618,-0.18791,0.007125,-0.183679,0.001321,0.002974
0,2.828964,-1.397961,-0.318443,-0.084157,-0.285542,-0.096381,0.002539,0.002364
0,2.282415,-1.39366,-0.527463,0.02859,-0.512447,0.038643,0.000309,0.002439
0,1.517331,-1.13478,-0.792953,0.288531,-0.773994,0.256817,0.000281,0.000267
0,0.926607,-0.783625,-0.567534,0.346349,-0.611377,0.382395,0.002791,0.000295
0,0.155014,-0.851054,-0.790104,-0.055814,-0.767462,-0.016197,0.002706,0.001472
0,0.066085,-0.53096,-0.064279,0.337715,-0.106306,0.385537,0.001153,0.002576
0,-0.195533,-0.601999,-0.243509,-0.094024,-0.282923,-0.070424,0.003278,0.002875
0,-0.003914,-0.088233,0.208088,0.486386,0.194315,0.504472,6.8e-05,0.00154
0,-0.165077,-0.122189,-0.177704,-0.0519,-0.173698,-0.097617,0.002881,0.002133
0,-0.135801,-0.147002,0.044522,-0.020038,0.058844,-0.054011,0.00237,0.002566
0,-0.279677,0.058304,-0.136622,0.204519,-0.118518,0.210598,0.00181,0.001018
0,-0.195468,0.063737,0.111366,0.023685,0.098196,0.069325,0.003279,0.001112
0,-0.020509,-0.096472,0.200964,-0.14321,0.164082,-0.104205,0.000358,0.001684
0,-0.240946,-0.083088,-0.235664,0.012942,-0.251008,0.011827,0.002486,0.00145
0,-0.16198,0.020935,0.098906,0.10591,0.098786,0.073842,0.002827,0.000365
0,0.002056,0.023805,0.18055,0.032101,0.139554,0.053863,3.6e-05,0.000415
0,-0.07392,0.013449,-0.096557,-0.039882,-0.077257,-0.078905,0.00129,0.000235
0,0.109538,0.147781,0.15657,0.138083,0.174247,0.095991,0.001912,0.002579
0,-0.01759,0.197303,-0.103755,0.033081,-0.131227,0.019965,0.000307,0.003247
0,-0.00578,-0.002629,0.02852,-0.224158,-0.002597,-0.216182,0.000101,4.6e-05
0,0.090287,-0.004525,0.069646,-0.025202,0.067059,-0.037603,0.001576,7.9e-05
0,0.072855,-0.061095,-0.03172,-0.037174,-0.016615,-0.066097,0.001272,0.001066
0,-0.090591,-0.110066,-0.156241,-0.071696,-0.186356,-0.048888,0.001581,0.001921
0,0.087991,-0.068167,0.168979,0.061312,0.172437,0.071915,0.001536,0.00119
0,-0.10344,-0.023092,-0.172842,0.073584,-0.205432,0.097942,0.001805,0.000403
0,0.164282,0.064953,0.29069,0.08087,0.261276,0.115381,0.002867,0.001134
0,0.078284,-0.024256,-0.10856,-0.061999,-0.079964,-0.042042,0.001366,0.000423
0,-0.07565,-0.181722,-0.168069,-0.171086,-0.198946,-0.173701,0.00132,0.003172
0,0.126847,0.1114,0.231597,0.321301,0.242572,0.312471,0.002214,0.001944
0,0.166062,-0.164591,0.03795,-0.261746,0.086756,-0.267917,0.002898,0.002873
0,-0.12799,0.058217,-0.281282,0.21157,-0.249287,0.181281,0.002234,0.001016
0,0.081303,0.037421,0.215048,-0.030793,0.193466,-0.023576,0.001419,0.000653
0,-0.0655,-0.131749,-0.165726,-0.198479,-0.196285,-0.156082,0.001143,0.002299
0,-0.038546,-0.064687,0.003672,0.089145,-0.036484,0.096002,0.000673,0.001129
0,-0.023449,0.099023,0.038045,0.183195,0.019713,0.147716,0.000409,0.001728
0,-0.106097,0.006169,-0.06211,-0.109075,-0.049436,-0.092817,0.001852,0.000108
0,0.125518,-0.130692,0.26085,-0.152558,0.287933,-0.117619,0.002191,0.002281
0,0.11113,-0.150886,0.002818,0.004434,-0.001938,0.013051,0.00194,0.002633
0,0.099485,0.000874,-0.008788,0.1344,0.028971,0.168528,0.001736,1.5e-05
0,0.122624,-0.063493,0.001153,-0.040387,-0.003127,-0.024098,0.00214,0.001108
0,0.150662,-0.007171,0.003109,0.061808,-0.044533,0.102845,0.00263,0.000125
0,0.067076,-0.002682,-0.059455,0.030628,-0.107224,0.076928,0.001171,4.7e-05
0,-0.109638,0.131552,-0.181797,0.161951,-0.228738,0.136399,0.001914,0.002296
0,0.026413,0.085467,0.126956,-0.062479,0.176924,-0.078237,0.000461,0.001492
0,-0.049892,0.090558,-0.078979,0.021547,-0.041536,0.011624,0.000871,0.001581
0,0.043014,-0.010148,0.069293,-0.118288,0.106035,-0.108141,0.000751,0.000177
0,0.060899,0.119224,0.005761,0.127695,-0.040112,0.169773,0.001063,0.002081
0,0.059561,0.097666,-0.018995,-0.048369,-0.038213,-0.069876,0.00104,0.001705
0,0.12866,0.140339,0.05337,0.032472,0.026965,0.053071,0.002246,0.002449
0,0.044242,0.126091,-0.079556,-6.8e-05,-0.106359,0.045382,0.000772,0.002201
0,-0.036668,0.055844,-0.094481,-0.058165,-0.116261,-0.09257,0.00064,0.000975
0,-0.144353,-0.077625,-0.082315,-0.156848,-0.07209,-0.148762,0.002519,0.001355
0,-0.008362,0.041359,0.144175,0.107117,0.095621,0.130819,0.000146,0.000722
0,-0.001354,-0.034518,0.000852,-0.075567,0.041668,-0.038202,2.4e-05,0.000602
0,0.092661,0.107455,0.06667,0.141996,0.071968,0.098122,0.001617,0.001875
0,-0.076079,-0.068802,-0.180081,-0.14711,-0.168271,-0.176888,0.001328,0.001201
0,-0.025549,0.085454,0.072626,0.171351,0.120017,0.140312,0.000446,0.001491
0,-0.080685,0.133517,-0.03146,0.03199,-0.073124,-0.007807,0.001408,0.00233
0,0.10038,0.191534,0.15161,0.052359,0.177879,0.037292,0.001752,0.003343
0,0.141218,0.010924,0.03931,-0.180064,0.028653,-0.168563,0.002465,0.000191
0,-0.060118,0.034175,-0.202663,0.045329,-0.17042,0.065174,0.001049,0.000596
0,-0.002915,0.013192,0.052323,0.000908,0.050209,-0.041303,5.1e-05,0.00023
0,-0.055189,0.069817,-0.075385,0.03045,-0.048238,0.055892,0.000963,0.001219
0,0.079245,-0.140058,0.12191,-0.196688,0.13033,-0.188531,0.001383,0.002444
0,-0.011853,0.117631,-0.077338,0.269872,-0.091237,0.225986,0.000207,0.002053
0,-0.142779,0.130673,-0.112159,0.023124,-0.14056,-0.007172,0.002492,0.002281
0,-0.062747,0.000322,0.095233,-0.146107,0.094612,-0.19468,0.001095,6e-06
0,0.01143,0.03681,0.101016,0.0562,0.11419,0.039511,0.000199,0.000642
0,0.0351,-0.141877,0.036881,-0.205703,0.064763,-0.226529,0.000613,0.002476
0,0.057659,-0.109602,0.049336,0.029488,0.034938,0.05137,0.001006,0.001913
0,-0.201233,-0.123799,-0.260538,-0.035644,-0.27129,-0.072898,0.003179,0.002161
0,-0.103659,-0.0692,0.074519,0.064156,0.051019,0.056863,0.001809,0.001208
0,-0.13549,0.092822,-0.017561,0.149983,0.001733,0.113007,0.002365,0.00162
0,0.054183,-0.111114,0.161497,-0.227208,0.127847,-0.180459,0.000946,0.001939
0,-0.12904,0.048987,-0.154013,0.133541,-0.150877,0.088645,0.002252,0.000855
0,-0.137381,-0.032709,-0.018954,-0.060711,-0.038917,-0.014691,0.002398,0.000571
0,-0.0382,-0.071092,0.088721,-0.043192,0.052723,-0.089858,0.000667,0.001241
0,-0.049977,-0.054661,-0.026206,0.010583,0.016699,0.006288,0.000872,0.000954
0,-0.12767,0.119891,-0.054059,0.186139,-0.004136,0.221748,0.002228,0.002092
0,-0.038886,-0.090847,0.10896,-0.222804,0.111261,-0.25141,0.000679,0.001586
0,0.10032,-0.015133,0.158293,0.089844,0.129099,0.089061,0.001751,0.000264
0,0.076045,-0.10273,-0.020222,-0.079516,0.008433,-0.100715,0.001327,0.001793
0,-0.028737,0.103865,-0.099356,0.21962,-0.136857,0.249404,0.000502,0.001813
0,0.09391,-0.011209,0.149863,-0.1057,0.156923,-0.071186,0.001639,0.000196
0,-0.059593,-0.129632,-0.138628,-0.121418,-0.150641,-0.141875,0.00104,0.002262
0,0.170983,0.132209,0.248742,0.267136,0.201865,0.249909,0.002984,0.002307
0,0.200424,-0.124701,0.057765,-0.229882,0.107439,-0.264286,0.003193,0.002176
0,0.136489,-0.069044,-0.075199,0.046633,-0.103192,0.06739,0.002382,0.001205
0,-0.070853,-0.082893,-0.218643,0.005586,-0.248087,-0.030615,0.001237,0.001447
0,-0.126289,-0.048647,-0.083894,0.014993,-0.120973,0.064447,0.002204,0.000849
0,0.021748,0.20574,0.132093,0.280574,0.095543,0.250764,0.00038,0.0031
0,0.034751,0.145035,0.030644,-0.050606,0.008854,-0.028302,0.000607,0.002531
0,0.085201,0.004919,0.029382,-0.162137,0.014858,-0.205237,0.001487,8.6e-05
0,0.058054,0.077991,-0.030122,0.059669,-0.034082,0.108859,0.001013,0.001361
0,-0.052277,0.064069,-0.096661,-0.039936,-0.100271,-0.043968,0.000912,0.001118
0,0.108542,0.163266,0.171036,0.08909,0.156818,0.125217,0.001894,0.00285
0,-0.102207,0.100114,-0.219182,-0.080833,-0.229434,-0.067417,0.001784,0.001747
0,0.034701,-0.030996,0.128511,-0.144359,0.178404,-0.187412,0.000606,0.000541
0,0.069285,-0.00092,0.062921,0.047778,0.069992,0.008307,0.001209,1.6e-05
0,-0.103702,0.016005,-0.184435,0.020294,-0.176087,0.014635,0.00181,0.000279
0,-0.188377,0.088912,-0.074141,0.0783,-0.11146,0.12696,0.003288,0.001552
0,0.065676,-0.008653,0.255366,-0.112487,0.251714,-0.119201,0.001146,0.000151
0,-0.044811,-0.04908,-0.1165,-0.051521,-0.117659,-0.055997,0.000782,0.000857
0,0.012965,0.107694,0.070862,0.174121,0.052175,0.205911,0.000226,0.00188
0,0.016072,0.063056,0.026951,-0.023886,0.023411,-0.020485,0.000281,0.001101
0,-0.022225,0.08907,-0.009776,0.027854,-0.035716,0.067092,0.000388,0.001555
0,0.009104,0.026884,0.056788,-0.078512,0.086355,-0.101529,0.000159,0.000469
0,0.092328,0.17392,0.092387,0.129877,0.126122,0.154804,0.001611,0.003035
0,-0.142369,-0.065167,-0.206953,-0.244603,-0.167502,-0.248171,0.002485,0.001137
0,-0.076131,0.192982,0.062422,0.235212,0.038336,0.257007,0.001329,0.003323
0,0.021753,-0.069777,0.103326,-0.254835,0.091903,-0.284554,0.00038,0.001218
0,0.029199,-0.089627,0.028627,-0.005282,0.040852,-0.018257,0.00051,0.001564
0,-0.217858,0.108017,-0.217512,0.172473,-0.169973,0.20768,0.002888,0.001885
0,-0.021593,-0.096812,0.202574,-0.180708,0.192153,-0.135189,0.000377,0.00169
0,-1.135871,0.240713,-1.117464,0.362653,-1.083918,0.338329,0.000248,0.00249
0,-2.388692,0.149169,-1.237567,-0.082129,-1.232161,-0.035434,0.001546,0.002603
0,-2.655465,0.289533,-0.242314,0.111471,-0.23354,0.080882,0.000489,0.001638
0,-3.056528,0.102681,-0.412499,-0.162159,-0.446377,-0.140083,0.00018,0.001792
0,-2.923666,0.192942,0.146037,0.117648,0.167484,0.138506,0.002499,0.003323
0,-2.972032,0.063229,-0.07748,-0.154065,-0.114438,-0.124372,0.001655,0.001104
0,-3.10437,-0.032629,-0.108455,-0.068695,-0.101821,-0.116315,0.000655,0.000569
0,-2.431249,0.145779,0.656505,0.149141,0.701733,0.178071,0.002288,0.002544
0,-2.088209,-0.041001,0.327681,-0.18072,0.367017,-0.132637,0.002992,0.000716
0,-1.499092,-0.120429,0.585887,-0.108858,0.628449,-0.140902,0.000599,0.002102
0,-0.450192,-0.023425,1.048027,0.099029,1.029289,0.140004,0.001167,0.000409
0,-0.198912,-0.135707,0.227915,-0.112138,0.185581,-0.131316,0.003219,0.002369
0,0.316359,0.005608,0.513048,0.166349,0.549021,0.199749,0.001169,9.8e-05
0,0.226119,-0.053925,-0.068034,-0.044284,-0.073645,-0.000146,0.002744,0.000941
0,0.362043,0.133219,0.13864,0.205052,0.088773,0.21655,0.000372,0.002325
0,0.421248,-0.134578,0.085578,-0.249454,0.106684,-0.288612,0.000661,0.002349
0,0.189938,-0.135128,-0.216053,-0.029411,-0.186923,-0.009726,0.003315,0.002358
0,0.261815,0.143197,0.043141,0.291208,0.001087,0.335005,0.002121,0.002499
0,0.274234,-0.100062,0.032712,-0.259071,0.012022,-0.25827,0.001905,0.001746
0,0.062667,-0.050707,-0.190036,0.053989,-0.229618,0.034923,0.001094,0.000885
0,-0.05377,-0.001534,-0.135179,0.042937,-0.181821,0.063757,0.000938,2.7e-05
0,0.160463,0.039282,0.206197,0.052301,0.236939,0.053811,0.002801,0.000686
0,0.072263,0.134032,-0.083293,0.115996,-0.055481,0.085337,0.001261,0.002339
0,0.026222,-0.144967,-0.072255,-0.285057,-0.094601,-0.266956,0.000458,0.00253
0,0.062741,-0.148743,0.007905,-0.01159,-0.035122,-0.015487,0.001095,0.002596
0,-0.091119,0.023337,-0.141724,0.149726,-0.129025,0.12408,0.00159,0.000407
0,0.026572,-0.011845,0.109653,-0.06196,0.147416,-0.083118,0.000464,0.000207
0,-0.170981,-0.048184,-0.225217,-0.017584,-0.269883,0.01945,0.002984,0.000841
0,0.008954,0.084801,0.183794,0.112426,0.14017,0.134742,0.000156,0.00148
0,-0.039847,-0.001653,-0.029234,-0.089267,-0.074842,-0.076108,0.000695,2.9e-05
0,0.075242,-0.094906,0.137205,-0.09477,0.127649,-0.117656,0.001313,0.001656
0,-0.091743,-0.074557,-0.144168,0.000703,-0.161148,0.043705,0.001601,0.001301
0,-0.061113,-0.136663,0.047573,-0.056124,0.041842,-0.086215,0.001067,0.002385
0,0.08833,-0.06365,0.136397,0.062012,0.125418,0.03239,0.001542,0.001111
0,0.020156,-0.066032,-0.077791,-0.01369,-0.08818,0.005354,0.000352,0.001152
0,-0.119476,0.046403,-0.143341,0.1058,-0.179787,0.065722,0.002085,0.00081
0,-0.042805,0.099558,0.104954,0.075368,0.072864,0.025845,0.000747,0.001738
0,-0.055047,0.086529,-0.021918,-0.041487,-0.050596,-0.078771,0.000961,0.00151
0,-0.00149,0.149824,0.043257,0.049689,0.045016,0.01718,2.6e-05,0.002615
0,-0.057611,0.164075,-0.07117,0.042916,-0.088521,0.07563,0.001005,0.002864
0,-0.228103,-0.112281,-0.153175,-0.288587,-0.134676,-0.282842,0.00271,0.00196
0,-0.076386,-0.084818,0.146217,0.002932,0.179909,-0.043283,0.001333,0.00148
0,-0.055201,0.055658,-0.005388,0.164832,-0.049055,0.199663,0.000963,0.000971
0,0.020732,-0.118893,0.087122,-0.149678,0.125053,-0.169024,0.000362,0.002075
0,-0.201825,0.01185,-0.247691,0.10348,-0.274051,0.140141,0.003168,0.000207
0,-0.022317,0.084122,0.188048,0.092451,0.188972,0.091175,0.00039,0.001468
0,-0.191529,0.073118,-0.147386,-0.029314,-0.179827,-0.076674,0.003343,0.001276
0,0.04017,0.118564,0.217202,0.065125,0.190023,0.093565,0.000701,0.002069
0,0.098361,-0.093844,0.038258,-0.195713,0.010921,-0.188727,0.001717,0.001638
0,-0.141262,0.108557,-0.227916,0.217382,-0.236662,0.226716,0.002465,0.001895
0,0.004165,0.041557,0.149648,-0.079749,0.157816,-0.12702,7.3e-05,0.000725
0,0.105217,-0.071,0.108942,-0.099868,0.062339,-0.090749,0.001836,0.001239
0,0.142925,0.086335,0.016418,0.162615,0.027164,0.176281,0.002495,0.001507
0,0.051453,0.046562,-0.071806,-0.025445,-0.036846,-0.066338,0.000898,0.000813
0,0.154656,0.131147,0.118044,0.065863,0.127477,0.083179,0.002699,0.002289
0,-0.119542,0.075377,-0.277482,-0.048801,-0.269962,-0.093282,0.002086,0.001316
0,0.042977,-0.052547,0.177847,-0.132832,0.185164,-0.155637,0.00075,0.000917
0,0.019063,0.11892,-0.006617,0.201286,-0.033828,0.183236,0.000333,0.002076
0,0.00704,0.006109,-0.021018,-0.094409,-0.040875,-0.105974,0.000123,0.000107
0,-0.002407,-0.032594,-0.015196,-0.042422,-0.021594,-0.064685,4.2e-05,0.000569
0,-0.013939,-0.03443,-0.037228,-0.006309,-0.0819,0.019864,0.000243,0.000601
0,-0.145567,-0.022968,-0.122018,0.000854,-0.13214,0.010335,0.002541,0.000401
0,0.006991,0.224322,0.14259,0.252232,0.142688,0.265847,0.000122,0.002776
0,-0.11666,0.214688,-0.152656,0.008233,-0.199509,0.000244,0.002036,0.002944
0,-0.175809,0.051995,-0.040249,-0.18378,-0.038904,-0.144196,0.003068,0.000907
0,-0.171359,-0.0059,-0.023212,-0.038756,-0.012265,-0.024896,0.002991,0.000103
0,-0.143615,-0.021617,0.031165,-0.034386,-0.002175,-0.028866,0.002507,0.000377
0,-0.217466,0.054208,-0.072222,0.097568,-0.077575,0.139067,0.002895,0.000946
0,-0.253875,0.169451,-0.043041,0.12268,-0.061865,0.075512,0.00226,0.002957
0,-0.138118,0.059244,0.08774,-0.126043,0.042655,-0.147083,0.002411,0.001034
0,-0.160307,0.06326,-0.038906,0.014896,-0.049172,0.032457,0.002798,0.001104
0,-0.062303,0.214287,0.103614,0.127172,0.063189,0.176959,0.001087,0.002951
0,-0.304786,0.013537,-0.233804,-0.175894,-0.195983,-0.20997,0.001371,0.000236
0,-0.267692,-0.017445,0.009316,-0.017529,0.05487,-0.02521,0.002019,0.000304
0,-0.317025,0.182995,-0.04406,0.210797,-0.064838,0.169503,0.001158,0.003194
0,-0.313144,0.040784,0.013563,-0.165798,0.004216,-0.153655,0.001225,0.000712
0,-0.147979,0.177129,0.179926,0.125402,0.170298,0.133438,0.002583,0.003091
0,-0.055928,-0.023828,0.086016,-0.212557,0.087769,-0.234704,0.000976,0.000416
0,-0.21458,-0.066901,-0.168552,-0.059043,-0.188835,-0.06216,0.002946,0.001168
0,-0.032275,0.171299,0.159558,0.254411,0.128373,0.250399,0.000563,0.00299
0,-0.100625,0.004749,-0.058211,-0.137849,-0.088601,-0.142683,0.001756,8.3e-05
0,-0.193849,0.041511,-0.080513,0.059228,-0.130169,0.03188,0.003308,0.000725
0,-0.147006,0.208218,0.050706,0.152558,0.041069,0.175746,0.002566,0.003057
0,0.003439,0.096162,0.13704,-0.105849,0.149944,-0.056361,6e-05,0.001678
0,0.054619,-0.059043,0.027108,-0.130907,-0.011924,-0.141694,0.000953,0.00103
0,-0.015162,0.027106,-0.040086,0.105933,-0.082988,0.151991,0.000265,0.000473
0,-0.209678,0.157559,-0.205856,0.120018,-0.157001,0.082297,0.003031,0.00275
0,-0.035274,-0.05188,0.146008,-0.198165,0.168382,-0.205466,0.000616,0.000905
0,-0.07705,-0.057046,-0.053719,-0.023019,-0.016805,0.001304,0.001345,0.000996
0,-0.06365,-0.117818,-0.01298,-0.06137,0.026705,-0.01773,0.001111,0.002056
0,-0.224777,-0.085391,-0.142676,0.029181,-0.168453,-0.016395,0.002768,0.00149
0,-0.102097,-0.098892,0.143807,0.007821,0.173049,-0.039225,0.001782,0.001726
0,-0.216298,-0.15266,-0.088562,-0.072092,-0.057102,-0.08838,0.002916,0.002664
0,-0.039905,0.021575,0.166401,0.190926,0.176949,0.200046,0.000696,0.000377
0,-0.21318,0.043809,-0.174334,0.025702,-0.180923,0.023941,0.00297,0.000765
0,-0.005082,0.076344,0.197676,0.004414,0.218063,0.049295,8.9e-05,0.001332
0,-0.044975,-0.00038,-0.057341,-0.070064,-0.071499,-0.069835,0.000785,7e-06
0,1.948712,-0.480648,1.995656,-0.450521,1.951968,-0.484485,0.000557,0.001698
0,2.432204,-0.561758,0.471589,-0.076253,0.441131,-0.09142,0.002305,0.003114
0,1.876675,-0.829817,-0.539649,-0.238642,-0.517903,-0.224555,0.0007,0.001101
0,1.426737,-1.063135,-0.450087,-0.253607,-0.409307,-0.244241,0.001862,0.001517
0,1.314358,-1.209943,-0.087368,-0.151321,-0.041405,-0.154372,0.002867,0.001045
0,1.158541,-1.080778,-0.180652,0.14556,-0.190953,0.104022,0.000148,0.001209
0,0.859884,-1.013315,-0.293568,0.081317,-0.254933,0.046333,0.001626,0.002387
0,0.625699,-0.914352,-0.254944,0.12087,-0.214655,0.14091,0.002461,0.002577
0,0.567331,-0.827786,-0.064175,0.101362,-0.022405,0.059409,0.003211,0.001066
0,0.40594,-0.509681,-0.179269,0.307964,-0.144372,0.339964,0.000394,0.002205
0,0.095552,-0.363928,-0.31107,0.133488,-0.294088,0.179976,0.001668,0.000339
0,0.11454,-0.086349,0.03106,0.276549,-0.008474,0.298433,0.001999,0.001507
0,-0.091423,0.031579,-0.197951,0.113847,-0.214297,0.118568,0.001596,0.000551
0,-0.106823,-0.0166,-0.020189,-0.060346,-0.052899,-0.019137,0.001864,0.00029
0,-0.216953,-0.058666,-0.098081,-0.059195,-0.068306,-0.100209,0.002904,0.001024
0,-0.121643,0.089587,0.115755,0.128814,0.095545,0.086266,0.002123,0.001564
0,0.032806,0.072539,0.168198,0.003251,0.197115,0.010023,0.000573,0.001266
0,-0.129637,0.199176,-0.158979,0.098706,-0.134562,0.059954,0.002263,0.003215
0,-0.15148,0.107063,-0.044937,-0.073069,-0.052382,-0.113359,0.002644,0.001869
0,-0.128006,0.179441,0.011644,0.066862,-0.020768,0.032719,0.002234,0.003132
0,-0.026024,0.029068,0.090285,-0.164639,0.104458,-0.146394,0.000454,0.000507
0,0.066975,0.052218,0.071099,0.005074,0.102452,0.001344,0.001169,0.000911
0,-0.128403,0.100169,-0.165497,0.032255,-0.167232,0.02375,0.002241,0.001748
0,-0.094956,0.304157,0.010395,0.213578,0.017103,0.188074,0.001657,0.001382
0,-0.163275,0.256582,-0.051576,-0.040307,-0.049571,-0.083361,0.00285,0.002213
0,-0.132072,0.019402,0.060171,-0.22402,0.067571,-0.216363,0.002305,0.000339
0,0.026128,-0.010389,0.179285,-0.056807,0.193873,-0.058896,0.000456,0.000181
0,0.054526,0.015705,0.005443,0.0533,0.019356,0.041753,0.000952,0.000274
0,0.071353,0.111738,0.004336,0.070992,-0.020124,0.029688,0.001245,0.00195
0,0.092904,0.006708,-0.003634,-0.123404,0.035361,-0.092144,0.001621,0.000117
0,-0.080942,-0.09964,-0.147933,-0.121586,-0.14047,-0.164436,0.001413,0.001739
0,-0.075864,-0.046171,-0.007491,0.048207,-0.020075,0.024399,0.001324,0.000806
0,-0.097002,-0.160652,-0.035243,-0.127886,-0.062493,-0.167327,0.001693,0.002804
0,-0.018496,0.077682,0.074071,0.217322,0.065372,0.175863,0.000323,0.001356
0,0.001101,0.003169,0.048925,-0.077618,0.09688,-0.079835,1.9e-05,5.5e-05
0,-0.083428,-0.036743,-0.074024,-0.065005,-0.030694,-0.033332,0.001456,0.000641
0,0.170243,-0.096983,0.274739,-0.089129,0.230842,-0.108259,0.002971,0.001693
0,0.029466,0.074115,-0.163304,0.172385,-0.123102,0.210335,0.000514,0.001294
0,0.194505,0.12007,0.138302,0.030705,0.098545,-0.003146,0.003296,0.002096
0,-0.016632,-0.08202,-0.206521,-0.228094,-0.186433,-0.18186,0.00029,0.001432
0,0.140942,-0.023776,0.137453,0.08487,0.110845,0.056434,0.00246,0.000415
0,0.145376,-0.042269,-0.016134,-0.043905,-0.031384,-0.082126,0.002537,0.000738
0,0.025991,-0.061481,-0.09105,-0.00992,-0.076561,-0.039892,0.000454,0.001073
0,0.122216,0.007672,0.118451,0.042884,0.103624,0.065604,0.002133,0.000134
0,-0.049134,-0.159039,-0.168469,-0.196231,-0.182724,-0.167508,0.000858,0.002776
0,0.196737,-0.140928,0.237586,0.033408,0.258325,0.025288,0.003257,0.00246
0,0.032225,-0.152547,-0.169016,-0.03706,-0.181106,-0.017314,0.000562,0.002662
0,-0.047405,-0.188262,-0.067139,-0.007597,-0.067164,-0.001688,0.000827,0.003286
0,-0.11728,0.08618,-0.095811,0.295065,-0.11191,0.260447,0.002047,0.001504
0,-0.082236,-0.15359,0.005626,-0.223461,0.03378,-0.18603,0.001435,0.002681
0,-0.118371,0.079482,-0.042289,0.215723,-0.006941,0.178125,0.002066,0.001387
0,0.018142,-0.123475,0.111167,-0.221118,0.158947,-0.207834,0.000317,0.002155
0,0.074896,0.10131,0.071103,0.235693,0.061151,0.239043,0.001307,0.001768
0,0.088022,-0.060383,-0.001893,-0.137073,-0.025254,-0.135199,0.001536,0.001054
0,0.046064,-0.009932,-0.056758,0.020791,-0.103484,0.029538,0.000804,0.000173
0,-0.039459,0.050627,-0.103278,0.060727,-0.120238,0.017675,0.000689,0.000884
0,-0.049389,-0.06286,-0.023549,-0.139008,-0.035113,-0.1656,0.000862,0.001097
0,0.009341,-0.041913,0.047418,0.000448,0.016257,-0.006435,0.000163,0.000732
0,0.071077,-0.152496,0.049233,-0.125384,0.015117,-0.173097,0.001241,0.002662
0,0.056556,-0.179988,-0.025517,-0.031832,-0.041334,-0.075971,0.000987,0.003141
0,-0.11006,-0.096694,-0.175754,0.097584,-0.141524,0.063139,0.001921,0.001688
0,-0.131126,-0.034494,-0.009122,0.038259,-0.054155,0.036425,0.002289,0.000602
0,0.127432,-0.231086,0.251078,-0.17707,0.27875,-0.221862,0.002224,0.002658
0,0.077291,-0.057682,-0.040157,0.184174,-0.052277,0.21016,0.001349,0.001007
0,0.171349,-0.116806,0.113496,-0.069278,0.1282,-0.05508,0.002991,0.002039
0,-0.080847,-0.24584,-0.248415,-0.10482,-0.263036,-0.117707,0.001411,0.0024
0,-0.05453,0.038702,0.028903,0.259716,0.035366,0.303037,0.000952,0.000675
0,-0.052387,-0.072191,-0.007563,-0.088846,0.006592,-0.099874,0.000914,0.00126
0,-0.0195,0.030775,0.009788,0.107564,0.050329,0.118578,0.00034,0.000537
0,0.119395,-0.097594,0.111251,-0.106936,0.109802,-0.13338,0.002084,0.001703
0,0.087457,-0.218904,-0.058859,-0.143433,-0.0229,-0.098455,0.001526,0.00287
0,0.072151,-0.251956,0.011618,-0.059094,-0.010773,-0.041946,0.001259,0.002293
0,-0.102717,-0.16562,-0.199504,0.071695,-0.189192,0.031908,0.001793,0.002891
0,0.006631,0.041372,0.125513,0.217174,0.086581,0.238801,0.000116,0.000722
0,0.023055,-0.096274,-0.009095,-0.162194,-0.028401,-0.176435,0.000402,0.00168
0,-0.126619,-0.199171,-0.155609,-0.077265,-0.138945,-0.067947,0.00221,0.003215
0,-2.058387,0.560868,-1.943008,0.737495,-1.914457,0.722062,0.002472,0.003098
0,-3.08193,2.257713,-1.002626,1.677871,-0.980699,1.653416,0.000263,0.00074
0,-3.179357,2.084589,-0.096433,-0.185848,-0.047792,-0.172687,0.001964,0.002929
0,-3.454176,2.09844,-0.257524,0.002156,-0.288142,-0.02953,6.9e-05,0.003171
0,-2.978844,1.95013,0.493942,-0.160233,0.542987,-0.127157,0.001536,0.000582
0,-2.431447,1.899762,0.562244,-0.028912,0.598511,-0.068873,0.002292,0.000297
0,-1.887021,1.473131,0.571106,-0.413031,0.523764,-0.447807,0.000519,0.001052
0,-1.130068,1.191894,0.759654,-0.26105,0.797852,-0.226545,0.000349,0.00073
0,-0.57851,0.893902,0.527539,-0.286323,0.494066,-0.324492,0.003285,0.00222
0,-0.182469,0.418327,0.383526,-0.50533,0.351051,-0.494942,0.003185,0.00061
0,-0.110892,-0.059482,0.085071,-0.494212,0.076676,-0.49463,0.001935,0.001038
0,0.299225,-0.095904,0.413724,-0.064001,0.442866,-0.049351,0.001468,0.001674
0,0.443671,0.04485,0.116587,0.142114,0.099923,0.097155,0.001053,0.000783
0,0.337589,-0.230228,-0.115167,-0.28525,-0.068796,-0.237475,0.000799,0.002673
0,0.317115,-0.220165,-0.034425,-0.015062,-0.044594,-0.042609,0.001156,0.002848
0,0.283132,-0.100462,-0.00999,0.104743,-0.035137,0.083444,0.001749,0.001753
0,0.164918,-0.130779,-0.125649,-0.007649,-0.123123,-0.022002,0.002878,0.002283
0,0.230304,0.069037,0.056928,0.191508,0.030872,0.156147,0.002671,0.001205
0,0.21575,-0.035955,-0.003815,-0.09292,0.02185,-0.127185,0.002925,0.000628
0,0.171657,0.084887,-0.049052,0.127075,-0.046196,0.104465,0.002996,0.001482
0,-0.025349,0.05109,-0.198429,-0.041796,-0.154148,-0.081084,0.000442,0.000892
0,-0.017729,-0.164886,0.022982,-0.186181,0.04118,-0.190878,0.000309,0.002878
0,-0.247266,-0.170208,-0.238135,-0.009183,-0.275911,0.02466,0.002375,0.002971
0,-0.144754,-0.13189,0.132045,0.033264,0.099229,0.005231,0.002526,0.002302
0,-0.110337,0.123282,0.02193,0.266374,0.049124,0.2538,0.001926,0.002152
0,0.0219,0.134504,0.12672,0.003262,0.142983,0.015188,0.000382,0.002348
0,-0.050691,0.062755,-0.076118,-0.095687,-0.105852,-0.059619,0.000885,0.001095
0,-0.026101,-0.145605,0.03751,-0.201518,0.058582,-0.219787,0.000456,0.002541
0,0.073427,-0.150913,0.128299,0.004204,0.161808,0.019556,0.001282,0.002634
0,-0.022432,-0.140619,-0.09809,0.038737,-0.108534,0.067049,0.000392,0.002454
0,-0.042796,-0.010396,-0.03772,0.104615,0.007898,0.126777,0.000747,0.000181
0,-0.104673,0.099971,-0.071732,0.086891,-0.040166,0.082797,0.001827,0.001745
0,-0.11531,0.097108,-0.015205,-0.017537,-0.015741,-0.046768,0.002013,0.001695
0,-0.057906,0.122532,0.085267,-0.000207,0.050944,-0.010131,0.001011,0.002139
0,-0.098402,-0.011232,-0.05268,-0.160922,-0.023225,-0.199844,0.001717,0.000196
0,0.006317,-0.131432,0.101221,-0.147427,0.085722,-0.168383,0.00011,0.002294
0,-0.129935,0.160225,-0.131826,0.319824,-0.097633,0.367093,0.002268,0.002796
0,-0.091682,0.016464,0.023334,-0.165548,-0.001844,-0.163276,0.0016,0.000287
0,0.139268,0.153016,0.204723,0.117739,0.211458,0.139,0.002431,0.002671
0,0.186037,-0.014197,0.058211,-0.182416,0.054415,-0.16121,0.003247,0.000248
0,0.251457,0.128165,0.07488,0.125481,0.067942,0.084756,0.002302,0.002237
0,0.239196,-0.097782,-0.016693,-0.220792,-0.017071,-0.216914,0.002516,0.001707
0,0.045846,0.036951,-0.195783,0.123915,-0.237243,0.098166,0.0008,0.000645
0,-0.014253,-0.029268,-0.087967,-0.078391,-0.061311,-0.065599,0.000249,0.000511
0,-0.100366,0.060104,-0.066665,0.111638,-0.052734,0.093406,0.001752,0.001049
0,-0.135505,-0.069129,-0.057191,-0.114355,-0.055664,-0.068318,0.002365,0.001207
0,-0.152965,-0.142381,-0.005934,-0.064853,-0.030941,-0.035833,0.00267,0.002485
0,-0.080961,-0.127305,0.092541,0.035122,0.118709,0.0052,0.001413,0.002222
0,0.093811,0.156323,0.145317,0.272247,0.103907,0.268985,0.001637,0.002728
0,0.078722,0.093095,-0.007066,-0.033506,0.028261,-0.037377,0.001374,0.001625
0,-0.045452,-0.108673,-0.144234,-0.174888,-0.109026,-0.192682,0.000793,0.001897
0,0.06388,-0.019314,0.134172,0.108317,0.147684,0.097478,0.001115,0.000337
0,0.031753,-0.123676,-0.017324,-0.096413,-0.01785,-0.076409,0.000554,0.002159
0,0.05271,-0.018723,0.032315,0.082227,0.073587,0.090174,0.00092,0.000327
0,0.004341,-0.191298,-0.062043,-0.202112,-0.069285,-0.199717,7.6e-05,0.003339
0,-0.040882,-0.154253,-0.052162,0.014636,-0.033427,0.024945,0.000714,0.002692
0,-0.002956,0.061918,0.043078,0.220962,0.064574,0.213582,5.2e-05,0.001081
0,-0.042209,0.093971,-0.06258,0.040935,-0.070328,-0.00471,0.000737,0.00164
0,-0.044021,-0.12914,0.027655,-0.238489,0.047632,-0.267292,0.000768,0.002254
0,0.176077,-0.133905,0.207351,-0.009851,0.180252,0.022791,0.003073,0.002337
0,0.161949,-0.080563,0.005256,0.064954,-0.033745,0.044458,0.002827,0.001406
0,0.087138,-0.05566,-0.051719,0.011167,-0.069211,-0.006698,0.001521,0.000971
0,-0.055117,0.057828,-0.133064,0.111117,-0.182179,0.070725,0.000962,0.001009
0,0.087784,-0.130915,0.116186,-0.206102,0.140154,-0.245638,0.001532,0.002285
0,-0.01402,-0.008966,-0.089493,0.144148,-0.136509,0.100167,0.000245,0.000156
0,-0.08951,-0.048607,-0.088668,-0.058046,-0.063397,-0.02919,0.001562,0.000848
0,0.042301,-0.125353,0.152417,-0.052818,0.144582,-0.08623,0.000738,0.002188
0,-0.01996,0.128833,-0.053509,0.279252,-0.080098,0.293435,0.000348,0.002249
0,-0.005146,-0.087111,0.004909,-0.186744,-0.042103,-0.183922,9e-05,0.00152
0,0.115854,-0.064293,0.111301,-5.2e-05,0.152526,0.043596,0.002022,0.001122
0,0.17613,-0.083438,0.066309,-0.029078,0.108924,-0.019157,0.003074,0.001456
0,0.177049,0.146104,-0.024666,0.251253,-0.055745,0.271033,0.00309,0.00255
0,0.025281,0.078617,-0.170338,-0.082845,-0.122969,-0.051045,0.000441,0.001372
0,-0.021633,-0.047252,-0.053621,-0.135534,-0.013877,-0.16461,0.000378,0.000825
0,0.176773,-0.136973,0.19919,-0.06448,0.224221,-0.034496,0.003085,0.002391
0,0.139171,0.082357,-0.014436,0.193969,-0.047549,0.232752,0.002429,0.001437
0,-0.004638,-0.134931,-0.150109,-0.218574,-0.179908,-0.182209,8.1e-05,0.002355
0,-0.005329,-0.121116,0.004954,-0.012741,-0.043943,0.018545,9.3e-05,0.002114
0,-0.022534,0.046799,-0.03198,0.193362,0.002682,0.181017,0.000393,0.000817
0,-0.151423,0.059299,-0.11255,0.018358,-0.068098,0.002043,0.002643,0.001035
0,-0.021717,0.149675,0.141145,0.075908,0.108626,0.044741,0.000379,0.002612
0,0.007064,0.072354,0.007725,-0.078167,0.046419,-0.069102,0.000123,0.001263
0,0.044608,0.091385,0.01263,0.014985,0.043913,-0.004408,0.000779,0.001595
0,-0.126946,0.134044,-0.178816,0.025258,-0.205156,0.002123,0.002216,0.00234
0,-0.012478,0.084815,0.09908,-0.078601,0.114686,-0.064843,0.000218,0.00148
0,0.003845,0.20626,0.019977,0.107349,-0.004937,0.066898,6.7e-05,0.003091
0,0.034112,-0.062674,0.050237,-0.24205,0.074683,-0.199007,0.000595,0.001094
0,0.135585,0.003748,0.110253,0.045797,0.132521,0.052274,0.002366,6.5e-05
0,0.094632,-0.000457,-0.043472,-0.027389,-0.044536,-0.061808,0.001652,8e-06
0,0.262522,0.152587,0.15201,0.137441,0.129467,0.133139,0.002109,0.002663
0,0.283105,0.061592,0.031045,-0.063361,0.034414,-0.073695,0.00175,0.001075
0,0.308357,0.048587,0.038283,0.014144,0.043332,0.009659,0.001309,0.000848
0,0.298497,0.016462,-0.000312,-0.02899,0.024239,-0.01629,0.001481,0.000287
0,0.125051,0.218812,-0.150831,0.210453,-0.197463,0.238229,0.002183,0.002872
0,0.257054,0.180828,0.115591,-0.009053,0.104631,0.027772,0.002204,0.003156
0,0.355024,-0.065397,0.102226,-0.223764,0.085036,-0.226083,0.000494,0.001141
0,0.248033,0.012744,-0.118779,0.063431,-0.09842,0.104679,0.002362,0.000222
0,0.148238,-0.05819,-0.099286,-0.090213,-0.076704,-0.050887,0.002587,0.001016
0,0.150697,0.162379,0.030199,0.195589,0.033444,0.208136,0.00263,0.002834
0,0.088143,-0.055469,-0.051678,-0.240476,-0.007142,-0.226653,0.001538,0.000968
0,0.271969,0.054866,0.186138,0.122862,0.222284,0.0898,0.001944,0.000958
0,0.334753,-0.051843,0.063173,-0.084514,0.042441,-0.099658,0.000848,0.000905
0,0.229443,0.037571,-0.13159,0.10184,-0.179499,0.117748,0.002686,0.000656
0,0.034148,0.199362,-0.203549,0.189191,-0.20465,0.170524,0.000596,0.003211
0,0.322482,0.050218,0.298709,-0.170229,0.311201,-0.180627,0.001062,0.000876
0,0.097827,0.190312,-0.21664,0.159815,-0.17887,0.150827,0.001707,0.003322
0,0.08815,0.194524,0.005755,-0.004776,0.007164,-0.041343,0.001539,0.003296
0,0.124535,-0.025575,0.036011,-0.191919,0.044912,-0.206145,0.002174,0.000446
0,0.080762,-0.040636,-0.044307,0.006616,-0.051379,0.024571,0.00141,0.000709
0,0.068821,0.060372,-0.021006,0.097373,0.017123,0.106218,0.001201,0.001054
0,0.039374,0.113263,-0.021086,0.063451,-0.034771,0.063765,0.000687,0.001977
0,0.234398,0.054986,0.2078,-0.056295,0.171348,-0.070001,0.0026,0.00096
0,0.005832,0.201062,-0.22954,0.124807,-0.190382,0.161453,0.000102,0.003182
0,0.012853,0.106738,0.010729,-0.065286,-0.022048,-0.105971,0.000224,0.001863
0,0.162048,0.072342,0.12261,-0.048794,0.132301,-0.019151,0.002828,0.001263
0,0.038041,-0.06074,-0.121761,-0.13827,-0.17019,-0.105554,0.000664,0.00106
0,0.013264,0.016029,-0.019155,0.106068,-0.045153,0.080038,0.000232,0.00028
0,0.089333,0.123333,0.086913,0.096726,0.09676,0.076266,0.001559,0.002153
0,0.153297,0.068265,0.064801,-0.059932,0.043821,-0.04993,0.002676,0.001191
0,-0.058391,0.11537,-0.183512,0.065135,-0.205872,0.055145,0.001019,0.002014
0,0.187156,0.063296,0.275253,-0.055486,0.266826,-0.020054,0.003266,0.001105
0,0.06391,0.128076,-0.131954,0.082168,-0.139474,0.105494,0.001115,0.002235
0,0.192473,0.008092,0.101618,-0.12311,0.065565,-0.086274,0.003332,0.000141
0,0.247999,-0.094403,0.041401,-0.103638,0.014082,-0.113276,0.002362,0.001648
0,0.085257,0.165846,-0.172849,0.264039,-0.128076,0.2248,0.001488,0.002895
0,0.254338,0.002974,0.187873,-0.14245,0.161483,-0.141636,0.002252,5.2e-05
0,0.285439,0.213106,0.004832,0.226178,0.040441,0.210474,0.001709,0.002971
0,0.095727,0.036096,-0.188684,-0.20588,-0.176747,-0.211962,0.001671,0.00063
0,0.133691,0.182057,0.012197,0.140974,-0.021392,0.138495,0.002333,0.003178
0,0.181738,-0.011488,0.060068,-0.206652,0.093012,-0.19906,0.003172,0.0002
0,0.240752,-0.072982,0.073355,-0.055718,0.088032,-0.013801,0.002489,0.001274
0,0.136878,0.114584,-0.084793,0.194277,-0.116931,0.157107,0.002389,0.002
0,0.188065,0.04296,0.049642,-0.049653,0.097192,-0.008833,0.003282,0.00075
0,0.014613,0.007962,-0.182375,-0.009395,-0.192837,0.033096,0.000255,0.000139
0,0.166843,0.132385,0.157876,0.125832,0.182973,0.159382,0.002912,0.002311
0,0.052693,0.148645,-0.087552,0.024957,-0.039801,0.032998,0.00092,0.002594
0,0.211268,0.025228,0.179706,-0.118499,0.133145,-0.156862,0.003004,0.00044
0,0.10966,1e-06,-0.11658,0.003325,-0.098993,-0.030231,0.001914,0.0
0,0.055295,0.032143,-0.055002,0.027309,-0.081702,0.071014,0.000965,0.000561
0,-0.014689,-0.085812,-0.061555,-0.091511,-0.0339,-0.100985,0.000256,0.001498
0,0.216306,0.169889,0.236469,0.226378,0.24625,0.185675,0.002916,0.002965
0,0.216687,0.096577,0.011847,-0.064957,0.030291,-0.034401,0.002909,0.001686
0,0.246083,-0.039981,0.042313,-0.16604,0.02234,-0.119641,0.002396,0.000698
0,0.191889,0.046075,-0.042078,0.070095,-0.049717,0.064023,0.003342,0.000804
0,0.052099,0.125368,-0.137599,0.06797,-0.116929,0.117763,0.000909,0.002188
0,0.187523,-0.067287,0.151109,-0.213676,0.134065,-0.163877,0.003273,0.001174
0,0.112125,-0.090375,-0.062342,-0.009369,-0.045803,-0.012668,0.001957,0.001577
0,0.230769,0.036388,0.101827,0.151427,0.109883,0.156284,0.002663,0.000635
0,-0.021081,0.116427,-0.224431,0.072429,-0.208834,0.060035,0.000368,0.002032
0,0.070381,-0.072741,0.112497,-0.18733,0.065005,-0.223021,0.001228,0.00127
0,0.310118,-0.041681,0.232947,0.035211,0.267708,0.041889,0.001278,0.000727
0,0.043514,0.06751,-0.247957,0.134121,-0.222711,0.146368,0.000759,0.001178
0,0.256984,0.138102,0.232571,0.044333,0.201681,0.074132,0.002206,0.00241
0,0.295122,0.195525,0.01139,0.030369,0.053027,0.015795,0.00154,0.003278
0,0.068676,0.087361,-0.220449,-0.118605,-0.229579,-0.096078,0.001199,0.001525
0,0.04473,-0.067296,-0.009875,-0.147334,0.032924,-0.161959,0.000781,0.001175
0,0.195924,0.160654,0.152002,0.257551,0.190316,0.266749,0.003271,0.002804
0,0.023387,0.151884,-0.16609,-0.002362,-0.13559,-0.004255,0.000408,0.002651
0,0.015025,0.11482,-0.012411,-0.009181,-0.026612,0.023544,0.000262,0.002004
0,0.081257,-0.032614,0.049942,-0.144946,0.083788,-0.166118,0.001418,0.000569
0,0.013112,-0.038954,-0.058043,-0.035453,-0.0737,-0.007031,0.000229,0.00068
0,0.091505,0.022302,0.093023,0.057386,0.066471,0.099224,0.001597,0.000389
0,-0.095905,0.037269,-0.186089,0.001366,-0.142262,0.030189,0.001674,0.00065
0,-0.052735,0.028162,0.058375,-0.005542,0.01262,0.012557,0.00092,0.000492
0,-0.018198,0.06748,0.037815,0.03012,0.07067,-0.011264,0.000318,0.001178
0,0.003308,0.108967,0.029679,0.029074,-0.000187,-0.020157,5.8e-05,0.001902
0,0.036147,-0.110936,0.058544,-0.213815,0.009455,-0.259165,0.000631,0.001936
0,0.013197,-0.113146,-0.016504,-0.031129,0.013517,-0.044616,0.00023,0.001975
0,0.023045,-0.073326,0.026446,0.029188,0.042187,0.079089,0.000402,0.00128
0,-0.084501,-0.155682,-0.087435,-0.108854,-0.061054,-0.143674,0.001475,0.002717
0,-0.04569,-0.048175,0.026615,0.122616,0.041462,0.096399,0.000797,0.000841
0,-0.05804,0.013035,-0.017838,0.032977,0.024914,0.020082,0.001013,0.000228
0,0.066244,0.048617,0.147852,0.061235,0.152321,0.022028,0.001156,0.000849
0,0.001752,0.062486,-0.057366,0.031903,-0.045616,-0.005422,3.1e-05,0.001091
0,-0.149313,0.047076,-0.123057,-0.023901,-0.128976,-0.008388,0.002606,0.000822
0,0.142383,-0.012266,0.318696,-0.061944,0.306965,-0.092728,0.002485,0.000214
0,-0.102299,0.018932,-0.257916,0.046946,-0.240557,0.077019,0.001785,0.00033
0,0.063787,-0.134343,0.166166,-0.18005,0.185814,-0.168026,0.001113,0.002345
0,0.124606,-0.02513,0.076718,0.08344,0.071405,0.056765,0.002175,0.000439
0,0.072475,-0.039917,-0.03336,0.013363,-0.073627,-0.000242,0.001265,0.000697
0,0.018247,0.045316,-0.035427,0.096311,-0.083894,0.097746,0.000318,0.000791
0,-0.134905,-0.099579,-0.155943,-0.120119,-0.195772,-0.111093,0.002355,0.001738
0,0.033936,-0.1079,0.157083,-0.03247,0.124593,-0.043302,0.000592,0.001883
0,0.047731,0.128348,-0.007047,0.209208,-0.019404,0.195466,0.000833,0.00224
0,0.036119,-0.103544,-0.041357,-0.26078,-0.084859,-0.287864,0.00063,0.001807
0,0.179018,-0.007643,0.128817,0.116234,0.172338,0.127532,0.003124,0.000133
0,-0.044729,-0.069213,-0.2286,-0.054148,-0.245002,-0.022278,0.000781,0.001208
0,-0.128006,-0.027989,-0.101542,0.031536,-0.053047,0.070836,0.002234,0.000489
0,-0.055885,0.06576,0.055892,0.073924,0.034911,0.040338,0.000975,0.001148
0,-0.067904,0.112739,-0.033366,0.052488,-0.040373,0.076826,0.001185,0.001968
0,0.110641,0.014438,0.191172,-0.113798,0.20106,-0.116004,0.001931,0.000252
0,0.177333,0.120442,0.096244,0.11993,0.066209,0.166952,0.003095,0.002102
0,0.2505,0.14377,0.066467,0.040354,0.094586,0.008314,0.002319,0.002509
0,0.090182,0.084176,-0.141406,-0.047456,-0.140166,-0.084231,0.001574,0.001469
0,0.309006,-0.121947,0.246585,-0.189342,0.209019,-0.197845,0.001298,0.002128
0,0.213389,-0.119918,-0.067318,0.025069,-0.039273,-0.006642,0.002966,0.002093
0,0.139885,0.103287,-0.053752,0.24717,-0.072782,0.251554,0.002441,0.001803
0,0.221312,-0.071087,0.079175,-0.14491,0.09283,-0.172331,0.002828,0.001241
0,0.238613,-0.022266,0.00848,0.036666,0.028522,-0.002826,0.002526,0.000389
0,0.407592,-0.020457,0.153292,0.010367,0.196431,-0.024477,0.000423,0.000357
0,0.337882,-0.046379,-0.053995,-0.016285,-0.004219,0.021131,0.000794,0.000809
0,0.219798,0.046365,-0.13228,0.09387,-0.13799,0.094117,0.002855,0.000809
0,0.064935,0.189996,-0.168465,0.162779,-0.179012,0.165984,0.001133,0.003316
0,0.173554,-0.00699,0.127605,-0.191048,0.160941,-0.173799,0.003029,0.000122
0,0.269988,-0.01033,0.083552,-0.011832,0.119353,0.021807,0.001979,0.00018
0,0.260533,0.034319,-0.011518,0.028678,0.036746,0.045039,0.002144,0.000599
0,0.184958,0.162161,-0.06521,0.145429,-0.059765,0.184959,0.003228,0.00283
0,0.275004,0.079607,0.102794,-0.089975,0.099612,-0.117481,0.001891,0.001389
0,0.183191,0.149498,-0.116613,0.060626,-0.078416,0.096928,0.003197,0.002609
0,0.036957,0.057944,-0.131449,-0.089122,-0.146083,-0.139107,0.000645,0.001011
0,0.036038,0.082724,0.015642,0.02148,0.05971,0.060824,0.000629,0.001444
0,0.039275,0.028475,0.019937,-0.032633,0.029531,-0.004227,0.000685,0.000497
0,0.080053,0.109656,0.022946,0.083311,0.037033,0.09129,0.001397,0.001914
0,0.204029,0.061235,0.107678,-0.049352,0.101956,-0.046618,0.00313,0.001069
0,0.195423,0.150395,-0.009259,0.094937,-0.036221,0.120607,0.00328,0.002625
0,0.148384,-0.069976,-0.057265,-0.214875,-0.037136,-0.245826,0.00259,0.001221
0,-0.072666,0.096062,-0.23471,0.157754,-0.224137,0.129472,0.001268,0.001677
0,0.068908,0.185716,0.129362,0.083004,0.083812,0.077454,0.001203,0.003241
0,0.191921,-0.071195,0.110188,-0.279656,0.089895,-0.252739,0.003341,0.001243
0,-0.046072,0.006008,-0.255391,0.097072,-0.23418,0.063572,0.000804,0.000105
0,0.041106,-0.124269,0.095831,-0.105308,0.075851,-0.138203,0.000717,0.002169
0,0.032999,-0.020751,-0.016421,0.078898,0.015974,0.101985,0.000576,0.000362
0,-0.027131,-0.000289,-0.068065,0.011134,-0.049647,0.049474,0.000474,5e-06
0,-0.085774,-0.005432,-0.044456,0.016324,-0.083434,0.011199,0.001497,9.5e-05
0,0.041423,0.00096,0.134816,0.016736,0.093114,0.032464,0.000723,1.7e-05
0,0.055091,-0.10541,0.006657,-0.101198,0.029181,-0.073893,0.000962,0.00184
0,0.131535,0.086883,0.076714,0.2104,0.08246,0.240717,0.002296,0.001516
0,0.125874,0.109218,0.016433,0.037602,0.008856,0.027335,0.002197,0.001906
0,0.149226,0.022239,0.02123,-0.061845,0.039417,-0.099638,0.002604,0.000388
0,0.023088,0.001973,-0.135826,-0.047744,-0.126374,-0.097102,0.000403,3.4e-05
0,0.077143,-0.086496,0.082941,-0.063393,0.066674,-0.083169,0.001346,0.00151
0,0.015784,-0.024756,-0.051892,0.090394,-0.01117,0.11585,0.000275,0.000432
0,0.064731,-0.106344,0.074714,-0.084121,0.075882,-0.123013,0.00113,0.001856
0,0.111719,0.000118,0.067708,0.10516,0.034292,0.133581,0.00195,2e-06
0,0.2247,0.030772,0.14212,0.045215,0.105184,0.032508,0.002769,0.000537
0,0.150558,-0.048371,-0.062055,-0.067747,-0.046282,-0.03141,0.002628,0.000844
0,0.287637,-0.128301,0.153792,-0.071204,0.107015,-0.114747,0.001671,0.002239
0,0.273788,-0.071615,-0.026324,0.046019,-0.008867,0.070157,0.001912,0.00125
0,0.137456,-0.004358,-0.150418,0.043408,-0.140796,0.084152,0.002399,7.6e-05
0,0.258753,0.029883,0.106807,0.018536,0.126682,0.014346,0.002175,0.000522
0,0.121053,0.02337,-0.116883,-0.007418,-0.107751,-0.018198,0.002113,0.000408
0,0.154483,0.088828,0.049623,0.057513,0.011104,0.099028,0.002696,0.00155
0,0.021936,0.11904,-0.144466,0.043157,-0.127277,0.057861,0.000383,0.002078
0,-0.028346,0.035641,-0.02543,-0.108338,-0.037272,-0.15027,0.000495,0.000622
0,0.012276,0.094408,0.044478,0.055322,0.007206,0.075002,0.000214,0.001648
0,0.00695,0.071684,-0.00679,-0.009703,0.004558,-0.051319,0.000121,0.001251
0,0.17038,0.088109,0.156517,0.001442,0.155859,-0.018968,0.002974,0.001538
0,0.151008,0.103563,-0.00153,0.010648,0.038756,0.023331,0.002636,0.001808
0,0.02764,0.100451,-0.141463,0.026567,-0.17612,0.007568,0.000482,0.001753
0,-0.044966,0.004394,-0.086406,-0.094399,-0.06637,-0.094882,0.000785,7.7e-05
0,0.16697,-0.125875,0.193617,-0.136866,0.182289,-0.098375,0.002914,0.002197
0,0.038183,0.081497,-0.110908,0.236046,-0.146977,0.209557,0.000666,0.001422
0,-0.069166,0.037294,-0.11778,-0.040688,-0.075637,0.008174,0.001207,0.000651
0,0.172574,0.054424,0.224709,0.035449,0.212018,-0.010926,0.003012,0.00095
0,-0.088366,0.00191,-0.258788,-0.03955,-0.250527,-0.043126,0.001542,3.3e-05
0,0.168318,-0.06327,0.242973,-0.039397,0.277773,-0.048071,0.002938,0.001104
0,0.130901,-0.113556,-0.018656,-0.052776,-0.052514,-0.082288,0.002285,0.001982
0,0.102171,-0.07872,-0.00783,0.037759,-0.05566,0.048479,0.001783,0.001374
0,0.050459,0.068156,-0.034494,0.141743,-0.016819,0.129673,0.000881,0.00119
0,0.06793,-0.002067,0.011858,-0.055159,0.028727,-0.045934,0.001186,3.6e-05
0,-0.01933,0.011666,-0.08778,-0.00582,-0.119536,0.008246,0.000337,0.000204
0,-0.072411,-0.038192,-0.049398,-0.065165,-0.080326,-0.057011,0.001264,0.000667
0,-0.189012,0.081249,-0.13826,0.090835,-0.138843,0.08511,0.003299,0.001418
0,0.020656,0.058109,0.206289,-0.034076,0.1805,-0.044898,0.000361,0.001014
0,0.043276,0.028683,0.026547,-0.005845,0.043411,-0.055752,0.000755,0.000501
0,0.104588,0.04246,0.045446,0.003797,0.059766,-0.002966,0.001825,0.000741
0,0.043384,-0.100011,-0.040401,-0.167458,-0.022137,-0.178112,0.000757,0.001746
0,0.058438,0.024943,0.034016,0.108959,0.009279,0.147111,0.00102,0.000435
0,-0.153142,0.103913,-0.235475,0.060855,-0.255712,0.081915,0.002673,0.001814
0,0.123484,0.100506,0.295561,0.01883,0.285993,0.023642,0.002155,0.001754
0,-0.080891,-0.109065,-0.212858,-0.193447,-0.250242,-0.195712,0.001412,0.001904
0,-0.159004,0.049062,-0.087836,0.129961,-0.050399,0.144023,0.002775,0.000856
0,0.066888,0.083408,0.215632,0.022616,0.245658,-0.00423,0.001167,0.001456
0,0.049757,0.07825,-0.038056,-0.019252,-0.050111,0.029272,0.000868,0.001366
0,0.030896,0.023869,-0.032418,-0.051659,0.010665,-0.004297,0.000539,0.000417
0,-0.035601,0.126722,-0.062841,0.080818,-0.09812,0.041186,0.000621,0.002212
0,-0.088916,-0.111463,-0.075397,-0.250743,-0.052725,-0.287741,0.001552,0.001945
0,-0.032126,0.045906,0.031802,0.1276,0.007711,0.090298,0.000561,0.000801
0,0.021587,0.02132,0.082147,-0.02937,0.044609,-0.023533,0.000377,0.000372
0,-0.026908,-0.07598,-0.026667,-0.07565,0.017596,-0.048239,0.00047,0.001326
0,-0.074405,-0.079877,-0.047568,0.006374,-0.023583,-0.029384,0.001299,0.001394
0,-0.158257,0.075302,-0.07219,0.15424,-0.061367,0.168547,0.002762,0.001314
0,-0.147713,0.113344,0.022868,0.022439,0.030862,-0.023974,0.002578,0.001978
0,-0.181468,-0.037122,-0.011617,-0.14803,0.027027,-0.188749,0.003167,0.000648
0,-0.223896,0.014983,-0.061066,0.041697,-0.034282,0.049265,0.002783,0.000262
0,-0.147485,-0.026527,0.103064,-0.041827,0.074098,-0.090148,0.002574,0.000463
0,-0.236379,0.134685,-0.111249,0.162175,-0.161052,0.116854,0.002565,0.002351
0,0.00231,0.213657,0.227495,0.105593,0.183718,0.114643,4e-05,0.002962
0,0.075906,0.040843,0.095169,-0.183195,0.082688,-0.201696,0.001325,0.000713
0,-0.181703,0.153006,-0.240298,0.130222,-0.27077,0.170081,0.003171,0.00267
0,-0.125298,0.084669,0.042408,-0.066327,0.066989,-0.025449,0.002187,0.001478
0,-0.027945,0.089448,0.102778,-0.022091,0.074783,-0.056746,0.000488,0.001561
0,-0.187898,0.081721,-0.182752,-0.030102,-0.201354,-0.077167,0.003279,0.001426
0,-0.057861,0.119601,0.121317,0.035797,0.114638,0.025838,0.00101,0.002087
0,-0.050986,0.103689,-0.011664,-0.020589,0.03564,0.027391,0.00089,0.00181
0,0.059611,-0.047034,0.0839,-0.129395,0.119503,-0.08548,0.00104,0.000821
0,-0.172439,0.157308,-0.260137,0.226485,-0.295164,0.214218,0.00301,0.002746
0,-0.122767,0.144182,0.02939,0.001046,0.038602,0.046369,0.002143,0.002516
0,-0.014132,0.095448,0.117076,-0.061367,0.077198,-0.06782,0.000247,0.001666
0,-0.055466,-0.085218,-0.054634,-0.177839,-0.102551,-0.166152,0.000968,0.001487
0,-0.173715,0.188868,-0.121781,0.273535,-0.100062,0.234614,0.003032,0.003296
0,-0.268663,0.137983,-0.107474,-0.064713,-0.127456,-0.040227,0.002002,0.002408
0,-0.157377,-0.095572,0.107615,-0.250569,0.068084,-0.233747,0.002747,0.001668
0,-0.097313,0.006454,0.053122,0.094503,0.082423,0.132166,0.001698,0.000113
0,-0.093313,0.149127,0.008673,0.114326,-0.016636,0.109567,0.001629,0.002603
0,-0.217843,0.083169,-0.133806,-0.054924,-0.134262,-0.09877,0.002889,0.001452
0,-0.238218,0.116335,0.00308,0.017134,0.051987,0.06171,0.002533,0.00203
0,-0.202516,0.033064,0.039978,-0.078572,-0.004232,-0.071048,0.003156,0.000577
0,-0.035388,0.107815,0.156142,0.103373,0.172334,0.135174,0.000618,0.001882
0,-0.076779,0.007383,-0.01587,-0.097432,-0.048917,-0.118983,0.00134,0.000129
0,-0.277924,0.103757,-0.19743,0.087754,-0.207113,0.096326,0.00184,0.001811
0,-0.237917,0.028267,0.059925,-0.104537,0.044806,-0.078341,0.002538,0.000493
0,-0.038107,-0.153573,0.18243,-0.209086,0.158651,-0.254531,0.000665,0.00268
0,-0.121687,0.067331,-0.08039,0.213687,-0.065255,0.192125,0.002124,0.001175
0,-0.173093,-0.003055,-0.055885,-0.091311,-0.087584,-0.052295,0.003021,5.3e-05
0,-0.020322,-0.022432,0.178109,-0.025816,0.184086,-0.06091,0.000355,0.000392
0,-0.089525,-0.09634,-0.085148,-0.051099,-0.042106,-0.049552,0.001563,0.001681
0,-0.253131,-0.028328,-0.169821,0.040244,-0.171868,0.037037,0.002273,0.000494
0,-0.102926,-0.109104,0.132396,-0.068866,0.120184,-0.088533,0.001796,0.001904
0,-0.204234,-0.004647,-0.126207,0.096836,-0.157518,0.059012,0.003126,8.1e-05
0,-0.02636,-0.235757,0.157969,-0.259073,0.137278,-0.286158,0.00046,0.002576
0,0.030502,-0.196009,0.05401,0.053576,0.070037,0.083542,0.000532,0.00327
0,-0.149239,-0.214366,-0.163339,-0.040674,-0.129654,-0.066944,0.002605,0.002949
0,-0.227426,-0.00623,-0.062335,0.234103,-0.029933,0.196,0.002721,0.000109
0,-0.123276,-0.222948,0.113641,-0.208004,0.145342,-0.231047,0.002152,0.0028
0,-0.122838,-0.043522,-0.00378,0.183626,0.035129,0.143313,0.002144,0.00076
0,-0.065806,0.047024,0.085906,0.064749,0.072466,0.022663,0.001149,0.000821
0,-0.226281,0.009876,-0.161406,-0.040211,-0.182033,-0.015437,0.002741,0.000172
0,-0.244162,0.048812,-0.019814,0.021716,-0.061735,0.051296,0.002429,0.000852
0,-0.011751,0.080278,0.248963,0.018533,0.232659,0.00372,0.000205,0.001401
0,0.031444,-0.009584,0.025649,-0.113423,0.027536,-0.070047,0.000549,0.000167
0,-0.166148,-0.154522,-0.177192,-0.170957,-0.148033,-0.144366,0.0029,0.002697
0,-0.153943,0.086882,0.033063,0.223321,0.030033,0.262494,0.002687,0.001516
0,-0.238769,-0.163295,-0.057382,-0.268027,-0.092135,-0.219757,0.002524,0.00285
0,0.010105,0.062032,0.256002,0.198097,0.30542,0.221254,0.000176,0.001083
0,0.000954,0.126932,-0.014925,0.039746,-0.038164,0.055442,1.7e-05,0.002215
0,0.000153,0.006775,-0.003514,-0.096397,-0.017389,-0.141313,3e-06,0.000118
0,-0.047584,-0.086188,-0.063214,-0.098985,-0.036923,-0.085136,0.00083,0.001504
0,-0.005424,0.068107,0.06368,0.143182,0.047734,0.145521,9.5e-05,0.001189
0,0.004481,0.097243,0.003305,0.006377,0.051595,0.00256,7.8e-05,0.001697
0,0.080531,0.014317,0.087478,-0.108704,0.057048,-0.062371,0.001406,0.00025
0,-0.131015,-0.067547,-0.2398,-0.056507,-0.223406,-0.040727,0.002287,0.001179
0,-0.030165,-0.034443,0.087663,0.040651,0.079798,-0.000467,0.000526,0.000601
0,-0.09083,-0.012012,-0.039447,0.013476,-0.024646,-0.019625,0.001585,0.00021
0,-0.186998,-0.117479,-0.111405,-0.121092,-0.09564,-0.160526,0.003264,0.00205
0,0.014765,-0.157521,0.217807,-0.018352,0.264646,-0.048561,0.000258,0.002749
0,-0.160029,0.09191,-0.200482,0.278768,-0.185139,0.242349,0.002793,0.001604
0,0.009487,-0.06183,0.146826,-0.18026,0.175709,-0.156843,0.000166,0.001079
0,0.08839,-0.043147,0.086289,0.025416,0.061467,-0.009104,0.001543,0.000753
0,-0.167911,-0.116418,-0.243324,-0.062237,-0.230177,-0.039553,0.002931,0.002032
0,0.069094,-0.019534,0.213389,0.082661,0.187161,0.108364,0.001206,0.000341
0,-0.127658,-0.128032,-0.214752,-0.122234,-0.22485,-0.123395,0.002228,0.002235
0,-0.109573,0.00094,0.033622,0.115087,0.067303,0.090451,0.001912,1.6e-05
0,-0.01812,-0.151168,0.072278,-0.180443,0.041415,-0.130809,0.000316,0.002638
0,-0.065963,-0.02671,-0.045378,0.113538,-0.07428,0.091867,0.001151,0.000466
0,-0.090419,-0.178995,-0.029198,-0.15585,-0.02172,-0.130289,0.001578,0.003124
0,-0.134537,0.02078,-0.015712,0.21188,-0.024938,0.197534,0.002348,0.000363
0,0.093688,-0.159793,0.241931,-0.195142,0.213452,-0.241688,0.001635,0.002789
0,-0.009667,-0.017931,-0.082245,0.137577,-0.079617,0.098343,0.000169,0.000313
0,0.010724,-0.117473,0.035649,-0.088768,0.022196,-0.129569,0.000187,0.00205
0,0.118506,0.075985,0.083313,0.181587,0.048291,0.164486,0.002068,0.001326
0,0.083098,0.031443,-0.049023,-0.042982,-0.028339,-0.040205,0.00145,0.000549
0,0.0667,0.026288,-0.036281,0.009119,-0.019775,0.048354,0.001164,0.000459
0,0.020903,-0.049426,-0.052978,-0.086498,-0.100781,-0.108869,0.000365,0.000863
0,0.114453,0.107803,0.065128,0.145091,0.071697,0.123017,0.001998,0.001882
0,0.12219,-0.089277,-0.018191,-0.184064,0.022325,-0.161003,0.002133,0.001558
0,0.083539,0.013267,-0.031655,0.096066,-0.050708,0.123752,0.001458,0.000232
0,0.170769,0.114514,0.108925,0.124327,0.097755,0.160829,0.00298,0.001999
0,-0.016083,0.05804,-0.160007,-0.049114,-0.17028,-0.079739,0.000281,0.001013
0,0.064044,0.06681,0.093545,0.036403,0.075768,0.014065,0.001118,0.001166
0,0.012883,0.087315,-0.071108,0.036969,-0.053417,0.084513,0.000225,0.001524
0,0.201022,0.108642,0.160035,0.045207,0.11572,4.6e-05,0.003182,0.001896
0,-0.012391,-0.108388,-0.19524,-0.234067,-0.187566,-0.229529,0.000216,0.001892
0,-0.130212,0.077327,-0.096006,0.168204,-0.094104,0.133049,0.002273,0.00135
0,-0.137826,-0.086008,-0.011865,-0.142162,-0.050757,-0.126531,0.002406,0.001501
0,0.097827,-0.021991,0.225938,0.051747,0.191761,0.075757,0.001707,0.000384
0,0.137868,-0.06681,0.064205,-0.019233,0.070678,-0.026048,0.002406,0.001166
0,0.099715,0.054895,-0.044219,0.144972,-0.004673,0.166116,0.00174,0.000958
0,0.020076,0.148461,-0.055206,0.070936,-0.017733,0.086814,0.00035,0.002591
0,-0.163825,0.028803,-0.178074,-0.102988,-0.129333,-0.054184,0.002859,0.000503
0,-0.106781,0.162336,0.044708,0.140535,0.059295,0.154248,0.001864,0.002833
0,-0.221782,0.14142,-0.094845,0.003323,-0.079956,-0.039757,0.00282,0.002468
0,-0.231572,-0.047166,-0.015269,-0.162529,-0.009065,-0.209028,0.002649,0.000823
0,-0.137591,0.046544,0.120418,0.113308,0.070958,0.127212,0.002401,0.000812
0,-0.078512,-0.030415,0.042844,-0.059754,0.092182,-0.01653,0.00137,0.000531
0,0.052553,0.02442,0.123415,0.031704,0.105105,0.08081,0.000917,0.000426
0,-0.149406,0.098443,-0.230012,0.089166,-0.275503,0.044336,0.002608,0.001718
0,-0.13747,-0.006514,0.040291,-0.102062,0.046914,-0.150098,0.002399,0.000114
0,-0.194436,0.177013,-0.077729,0.199518,-0.104882,0.177709,0.003297,0.003089
0,0.045255,-0.032298,0.2197,-0.237755,0.198003,-0.256712,0.00079,0.000564
0,-0.120081,-0.003872,-0.17125,0.048,-0.147243,0.082455,0.002096,6.8e-05
0,-0.17864,-0.071349,-0.031093,-0.046581,0.00772,-0.007616,0.003118,0.001245
0,-0.092103,0.231787,0.112402,0.297329,0.107345,0.311156,0.001608,0.002645
0,-0.17061,0.058286,-0.08721,-0.200154,-0.043892,-0.212664,0.002978,0.001017
0,-0.126733,0.206003,0.048847,0.1496,0.046149,0.134973,0.002212,0.003095
0,-0.029863,0.22245,0.083834,0.036076,0.048287,0.077191,0.000521,0.002808
0,-0.223094,-0.024574,-0.216977,-0.258511,-0.207042,-0.248482,0.002797,0.000429
0,-0.189848,0.009463,0.026908,0.032866,0.031905,0.003253,0.003313,0.000165
0,-0.275342,0.096683,-0.085415,0.087448,-0.117875,0.132239,0.001885,0.001687
0,-0.097664,0.208106,0.152205,0.08403,0.180276,0.108494,0.001705,0.003059
0,-0.091764,0.10391,-0.020687,-0.114246,0.027485,-0.154352,0.001602,0.001814
0,-0.244399,0.209868,-0.133271,0.125757,-0.121616,0.085197,0.002425,0.003028
0,-0.069903,-0.057985,0.198534,-0.25753,0.199533,-0.245017,0.00122,0.001012
0,0.049557,0.160355,0.128242,0.220158,0.084753,0.170724,0.000865,0.002799
0,-0.099921,0.036558,-0.167623,-0.11362,-0.208988,-0.096712,0.001744,0.000638
0,-0.014536,-0.047397,0.09483,-0.063405,0.0957,-0.022536,0.000254,0.000827
0,-0.18495,-0.109717,-0.174187,-0.047178,-0.170458,-0.076296,0.003228,0.001915
0,-0.022995,0.006891,0.147054,0.111788,0.162184,0.135676,0.000401,0.00012
0,-0.036325,-0.164243,-0.035289,-0.158789,-0.081652,-0.176488,0.000634,0.002867
0,-0.047841,-0.120492,0.000392,0.030848,-0.049054,0.077249,0.000835,0.002103
0,-0.069725,0.117726,-0.043585,0.246681,-0.038287,0.213773,0.001217,0.002055
0,-0.278493,-0.039185,-0.218942,-0.156482,-0.215662,-0.124239,0.00183,0.000684
0,-0.199923,-0.172834,0.092885,-0.118053,0.068542,-0.078038,0.003202,0.003017
0,-0.097862,0.116623,0.077339,0.315982,0.114185,0.30209,0.001708,0.002035
0,-0.261887,0.047568,-0.180195,-0.057199,-0.169424,-0.061122,0.00212,0.00083
0,-0.255757,-0.00508,-0.014812,-0.07961,0.017599,-0.125531,0.002227,8.9e-05
0,-0.031631,-0.160887,0.195828,-0.135519,0.19443,-0.106355,0.000552,0.002808
0,-0.268016,0.008309,-0.258222,0.190654,-0.233995,0.194442,0.002013,0.000145
0,-0.112591,-0.009496,0.17992,-0.034646,0.153956,-0.025866,0.001965,0.000166
0,-0.291672,-0.197535,-0.176148,-0.166492,-0.203383,-0.210444,0.0016,0.003243
0,-0.317413,0.012919,-0.016741,0.20174,-0.01592,0.152418,0.001151,0.000225
0,-0.118815,-0.07963,0.226536,-0.098995,0.217936,-0.132016,0.002074,0.00139
0,-0.224028,-0.100044,-0.117304,-0.037094,-0.099641,-0.001298,0.002781,0.001746
0,-0.088148,-0.053111,0.115368,0.025004,0.142039,0.050155,0.001538,0.000927
0,-0.107126,-0.159224,-0.009379,-0.135891,0.001222,-0.154175,0.00187,0.002779
0,-0.252428,-0.104399,-0.151307,0.072595,-0.125569,0.054488,0.002285,0.001822
0,-0.337237,-0.013547,-0.067833,0.09907,-0.09245,0.069695,0.000805,0.000236
0,-0.36004,-0.149643,-0.034719,-0.132311,0.011775,-0.106504,0.000407,0.002612
0,-0.40996,-0.177703,-0.036691,-0.007158,-0.058578,-0.036445,0.000464,0.003101
0,-0.308991,0.095273,0.106948,0.296006,0.108889,0.297268,0.001298,0.001663
0,-0.35473,-0.164349,-0.021998,-0.275003,0.020093,-0.265083,0.0005,0.002868
0,-0.347396,-0.205703,0.021584,-0.06834,0.034175,-0.043162,0.000628,0.003101
0,-0.270136,-0.159433,0.106475,0.070484,0.069566,0.045198,0.001976,0.002783
0,-0.271926,0.002915,-0.01033,0.13663,-0.029083,0.121723,0.001945,5.1e-05
0,-0.035792,0.060594,0.216732,0.038361,0.178126,0.080149,0.000625,0.001058
0,-0.205552,-0.017978,-0.17419,-0.072446,-0.134149,-0.050246,0.003103,0.000314
0,-0.283706,-0.054009,-0.061022,-0.051571,-0.101151,-0.046199,0.001739,0.000943
0,-0.228129,-0.186355,0.034577,-0.106098,0.064954,-0.087566,0.002709,0.003253
0,-0.177899,0.053557,0.043396,0.247033,0.089733,0.273707,0.003105,0.000935
0,-0.096268,0.071376,0.054119,0.013694,0.023746,-0.034677,0.00168,0.001246
0,-0.236765,0.024308,-0.151643,-0.025405,-0.17582,0.020148,0.002558,0.000424
0,-0.217756,-0.00296,0.048415,-0.014781,0.068207,0.00854,0.00289,5.2e-05
0,-0.041078,-0.009914,0.155871,0.013134,0.190203,-0.009919,0.000717,0.000173
0,-0.102903,-0.194024,-0.036079,-0.193435,-0.03177,-0.209196,0.001796,0.003304
0,-0.102265,0.065975,-0.02739,0.244741,-0.068681,0.226111,0.001785,0.001151
0,-0.240849,-0.208681,-0.123474,-0.248748,-0.145926,-0.213649,0.002487,0.003049
0,-0.12668,-0.193431,0.121403,-0.012694,0.121279,0.005817,0.002211,0.003315
0,-0.179169,-0.133476,-0.062472,0.04353,-0.094633,0.080076,0.003127,0.00233
0,-0.214534,0.004776,-0.028705,0.163554,-0.0598,0.201518,0.002946,8.3e-05
0,-0.189741,-0.013096,0.000484,-0.005938,0.009144,-0.002498,0.003312,0.000229
0,-0.154991,-0.186717,0.053342,-0.201833,0.014116,-0.15692,0.002705,0.003259
0,-0.227855,-0.013912,-0.080928,0.192199,-0.127828,0.157958,0.002714,0.000243
0,-0.214216,-0.010456,-0.012465,0.026312,-0.002547,0.0616,0.002952,0.000182
0,-0.211416,0.098812,-0.001486,0.110624,0.040977,0.085268,0.003001,0.001725
0,-0.201304,-0.116347,-0.01904,-0.205599,-0.03786,-0.199927,0.003177,0.002031
0,-0.344272,0.072478,-0.160185,0.17914,-0.126982,0.193922,0.000682,0.001265
0,-0.336693,-0.102236,-0.015397,-0.149579,-0.056498,-0.165223,0.000814,0.001784
0,-0.320098,-0.010021,0.025464,0.104234,0.007772,0.057837,0.001104,0.000175
0,-0.029182,0.047761,0.306315,0.047664,0.31382,0.074834,0.000509,0.000834
0,-0.048853,0.090607,-0.013037,0.046716,-0.061604,0.086875,0.000853,0.001581
0,0.019076,0.009633,0.096775,-0.061208,0.133324,-0.085099,0.000333,0.000168
0,-0.0518,-0.163284,-0.069577,-0.167357,-0.042017,-0.203516,0.000904,0.00285
0,-0.098992,-0.164402,-0.036445,-0.013835,-0.025762,-0.045567,0.001728,0.002869
0,-0.066422,-0.161967,0.056963,0.018317,0.039673,-0.025702,0.001159,0.002827
0,-0.231861,-0.092296,-0.172087,0.068939,-0.130566,0.105204,0.002644,0.001611
0,-0.244115,-0.056725,-0.007423,0.06347,0.014565,0.09662,0.00243,0.00099
0,-0.26302,-0.098255,-0.046492,-0.045222,-0.062324,-0.087964,0.0021,0.001715
0,-0.200093,-0.138666,0.056374,-0.057025,0.072558,-0.027538,0.003199,0.00242
0,-0.058759,0.066085,0.163883,0.206846,0.162059,0.226727,0.001026,0.001153
0,-0.221386,-0.011587,-0.146972,-0.069105,-0.118767,-0.059093,0.002827,0.000202
0,-0.11836,0.053036,0.112418,0.072123,0.108533,0.08898,0.002066,0.000926
0,-0.213541,-0.049895,-0.087899,-0.111706,-0.101651,-0.160656,0.002964,0.000871
0,-0.062249,-0.159897,0.169861,-0.086894,0.171788,-0.045486,0.001086,0.002791
0,-0.282949,-0.170524,-0.236221,-0.02757,-0.270881,-0.075012,0.001752,0.002976
0,-0.092161,-0.060209,0.218205,0.139183,0.189149,0.174033,0.001609,0.001051
0,-0.166485,-0.145071,-0.074223,-0.071923,-0.121931,-0.120932,0.002906,0.002532
0,-0.18197,0.084187,-0.034561,0.231787,-0.051829,0.207489,0.003176,0.001469
0,-0.116318,-0.181946,0.038703,-0.251732,0.05115,-0.261094,0.00203,0.003176
0,-0.014098,0.033161,0.130628,0.207226,0.083322,0.157513,0.000246,0.000579
0,-0.259351,-0.00841,-0.215818,-0.059213,-0.226998,-0.068645,0.002164,0.000147
0,-0.063262,0.065496,0.210184,0.09696,0.177364,0.064557,0.001104,0.001143
0,-0.186778,0.024669,-0.13333,-0.019043,-0.12288,0.021648,0.00326,0.000431
0,-0.321801,-0.132392,-0.156511,-0.166298,-0.152295,-0.135092,0.001074,0.002311
0,-0.282478,-0.221612,0.043575,-0.088486,0.025299,-0.119508,0.001761,0.002823
0,-0.366026,0.042514,-0.05964,0.293543,-0.044958,0.289359,0.000302,0.000742
0,-0.331524,-0.111619,0.025256,-0.134504,-0.01334,-0.170502,0.000905,0.001948
0,-0.168323,-0.060531,0.167983,0.071768,0.164128,0.106243,0.002938,0.001056
0,-0.212581,-0.169656,-0.041108,-0.090108,-0.032373,-0.110987,0.002981,0.002961
0,-0.046819,0.043612,0.141258,0.233116,0.123268,0.22901,0.000817,0.000761
0,0.015988,-0.161704,0.047408,-0.187775,0.036302,-0.172441,0.000279,0.002822
0,-0.150353,0.095551,-0.18481,0.241329,-0.210333,0.210941,0.002624,0.001668
0,-0.111579,0.137472,0.053988,0.048905,0.031905,0.034181,0.001947,0.002399
0,-0.047028,0.066518,0.072603,-0.096927,0.10315,-0.121304,0.000821,0.001161
0,-0.015774,0.122954,0.042388,0.073414,-0.001446,0.081729,0.000275,0.002146
0,0.067218,0.136491,0.061237,0.026641,0.062739,-0.018113,0.001173,0.002382
0,0.043793,-0.038815,-0.027512,-0.202528,0.007235,-0.174554,0.000764,0.000677
0,-0.030387,0.074126,-0.092202,0.118459,-0.121219,0.070025,0.00053,0.001294
0,0.022315,-0.068255,0.03209,-0.126394,0.053793,-0.090749,0.000389,0.001191
0,0.000864,-0.131233,-0.020366,-0.080325,-0.00936,-0.077847,1.5e-05,0.00229
0,0.033305,0.040178,0.053989,0.195605,0.046613,0.157215,0.000581,0.000701
0,0.150907,0.046418,0.129749,0.003772,0.124097,-0.02736,0.002634,0.00081
0,0.05456,0.122169,-0.113861,0.0988,-0.129574,0.148252,0.000952,0.002132
0,-0.143406,0.058553,-0.169653,-0.065363,-0.142751,-0.025481,0.002503,0.001022
0,-0.14829,0.006853,-0.022829,-0.044026,-0.042422,-0.027545,0.002588,0.00012
0,0.022763,0.075348,0.157449,0.052494,0.12269,0.044995,0.000397,0.001315
0,-0.071164,-0.070573,-0.095918,-0.162138,-0.13869,-0.172773,0.001242,0.001232
0,0.174122,-0.067726,0.262068,-0.00876,0.233098,0.012837,0.003039,0.001182
0,-0.075121,0.062477,-0.26911,0.148153,-0.248614,0.16386,0.001311,0.00109
0,-0.09319,0.046856,-0.010977,0.008128,-0.040799,-0.036893,0.001626,0.000818
0,-0.145008,0.052574,-0.080955,-0.016136,-0.096956,-0.027157,0.002531,0.000918
0,0.112212,-0.005261,0.239977,-0.082352,0.230815,-0.0434,0.001958,9.2e-05
0,0.100591,-0.052341,-0.006137,-0.035855,-0.024249,-0.065444,0.001756,0.000914
0,0.000156,-0.018583,-0.071574,0.004529,-0.10167,0.047576,3e-06,0.000324
0,-0.008975,0.112552,0.014563,0.117997,-0.022372,0.126789,0.000157,0.001964
0,0.175848,0.020635,0.191126,-0.121774,0.205924,-0.137477,0.003069,0.00036
0,-0.007982,0.135747,-0.195661,0.099742,-0.230404,0.0756,0.000139,0.002369
0,0.019851,-0.059525,0.057307,-0.21644,0.039733,-0.19403,0.000346,0.001039
0,0.056578,0.136259,0.040131,0.207076,0.033717,0.18211,0.000987,0.002378
0,-0.089842,-0.087679,-0.161467,-0.235762,-0.193491,-0.239631,0.001568,0.00153
0,0.124889,0.070522,0.232201,0.157861,0.189868,0.161264,0.00218,0.001231
0,-0.136049,0.111721,-0.233386,0.054361,-0.235245,0.007192,0.002375,0.00195
0,-0.032579,0.032941,0.112001,-0.053378,0.147741,-0.056943,0.000569,0.000575
0,0.148116,0.086567,0.159147,0.069114,0.176204,0.030915,0.002585,0.001511
0,0.083598,-0.051744,-0.062472,-0.117677,-0.080985,-0.082884,0.001459,0.000903
0,-0.007121,-0.091693,-0.108388,-0.023944,-0.14928,-0.046407,0.000124,0.0016
0,-0.027916,-0.014866,-0.045553,0.076311,-0.037218,0.047237,0.000487,0.000259
0,0.184389,0.100751,0.235384,0.120274,0.283122,0.169167,0.003218,0.001758
0,0.054883,0.002375,-0.144214,-0.093366,-0.134401,-0.084835,0.000958,4.1e-05
0,0.09797,0.051972,0.045788,0.057421,0.06646,0.077795,0.00171,0.000907
0,-0.052981,0.126887,-0.161836,0.048657,-0.133773,0.037867,0.000925,0.002215
0,-0.036923,-0.164732,0.043691,-0.287225,0.082901,-0.272524,0.000644,0.002875
0,0.23316,0.062619,0.299757,0.219427,0.289026,0.258153,0.002621,0.001093
0,0.161771,-0.088591,-0.087705,-0.128239,-0.134481,-0.145952,0.002823,0.001546
0,0.030749,0.021474,-0.114195,0.129741,-0.067268,0.093388,0.000537,0.000375
0,-0.021884,0.022014,-0.047434,0.005732,-0.052061,-0.001538,0.000382,0.000384
0,0.158603,0.159225,0.194039,0.110864,0.17775,0.104171,0.002768,0.002779
0,0.098542,0.04295,-0.059014,-0.101972,-0.051849,-0.124174,0.00172,0.00075
0,0.158855,-0.132684,0.04844,-0.153446,0.09668,-0.117262,0.002773,0.002316
0,0.028717,-0.098756,-0.150169,0.039582,-0.131683,-0.008124,0.000501,0.001724
0,0.234429,-0.062306,0.180594,0.059693,0.147857,0.022082,0.002599,0.001087
0,0.291367,-0.047975,0.050416,0.006734,0.068647,-0.009014,0.001606,0.000837
0,0.119298,0.125804,-0.199083,0.202114,-0.181729,0.241766,0.002082,0.002196
0,0.315009,0.10489,0.191659,-0.04377,0.144411,-0.064982,0.001193,0.001831
0,-0.304655,1.071702,-0.647053,0.942775,-0.604743,0.980915,0.001374,0.001368
0,-1.321987,1.877853,-1.010014,0.791383,-1.047535,0.763425,0.003001,0.000679
0,-1.744681,2.304716,-0.41519,0.428653,-0.43706,0.465957,0.003004,8e-05
0,-1.896254,3.512572,-0.149427,1.219384,-0.197022,1.182558,0.000358,0.001089
0,-1.903474,2.981732,-0.020576,-0.513848,-0.056609,-0.534286,0.000232,0.001485
0,-1.707274,2.73342,0.213169,-0.275261,0.166366,-0.322253,0.003034,0.000871
0,-1.163829,2.258574,0.567576,-0.467043,0.57007,-0.42104,0.00024,0.000725
0,-0.84319,1.792366,0.302778,-0.486055,0.336394,-0.517829,0.001335,0.002171
0,-0.543018,1.110608,0.307265,-0.670729,0.300599,-0.713774,0.002787,0.000689
0,-0.361342,0.874393,0.178952,-0.209722,0.180795,-0.23643,0.000384,0.001879
0,-0.344251,0.476162,-0.00345,-0.424268,0.02631,-0.401803,0.000683,0.00162
0,-0.087603,0.222794,0.27243,-0.228416,0.224396,-0.249862,0.001529,0.002802
0,-0.17692,-0.040522,-0.068673,-0.246694,-0.074215,-0.247232,0.003088,0.000707
0,0.067244,-0.467965,0.216263,-0.451241,0.244322,-0.442885,0.001174,0.001477
0,0.060881,-0.213587,-0.016429,0.241188,-0.060488,0.259814,0.001063,0.002963
0,0.157647,-0.289737,0.082997,-0.082904,0.076469,-0.087888,0.002751,0.001634
0,0.081834,-0.232162,-0.072989,0.065801,-0.091494,0.05762,0.001428,0.002639
0,0.271663,-0.378401,0.182884,-0.151047,0.194832,-0.147653,0.001949,8.6e-05
0,0.04098,-0.200112,-0.22677,0.155399,-0.267895,0.151549,0.000715,0.003198
0,0.045927,-0.177795,-0.001496,0.020792,-0.001027,0.006742,0.000802,0.003103
0,0.043696,0.019124,-0.020458,0.220081,0.016039,0.216382,0.000763,0.000334
0,0.012036,-0.119435,-0.007959,-0.125924,-0.031607,-0.139047,0.00021,0.002085
0,0.07801,0.055777,0.039334,0.174795,0.047695,0.214488,0.001362,0.000973
0,0.016271,0.037094,-0.088483,-0.029862,-0.044275,-0.030533,0.000284,0.000647
0,0.18005,-0.047694,0.171044,-0.066367,0.20308,-0.057613,0.003142,0.000832
0,0.111014,-0.042422,-0.093876,-0.006319,-0.09128,0.021524,0.001938,0.00074
0,0.185742,0.079333,0.056458,0.132923,0.021633,0.138404,0.003242,0.001385
0,0.215273,0.022778,0.0083,-0.068216,0.049187,-0.110495,0.002934,0.000398
0,0.149328,0.090258,-0.056652,0.077149,-0.093045,0.039308,0.002606,0.001575
0,0.099582,0.145419,-0.021761,0.066772,-0.007289,0.101276,0.001738,0.002538
0,0.054357,0.154406,-0.052317,0.018886,-0.090861,0.018612,0.000949,0.002695
0,0.105379,0.053995,0.046971,-0.102683,0.032658,-0.058034,0.001839,0.000942
0,0.115676,0.089538,0.021896,0.015093,0.054526,0.044855,0.002019,0.001563
0,0.01003,-0.082959,-0.118412,-0.169205,-0.154343,-0.183902,0.000175,0.001448
0,0.129265,0.161463,0.126734,0.273537,0.107776,0.300108,0.002256,0.002818
0,-0.011383,-0.002063,-0.118127,-0.181315,-0.102616,-0.18965,0.000199,3.6e-05
0,-0.071177,0.12183,-0.035867,0.118696,-0.051244,0.112938,0.001242,0.002126
0,-0.012434,-0.04432,0.046034,-0.183749,0.068557,-0.224194,0.000217,0.000774
0,0.188847,0.134423,0.22814,0.161081,0.244306,0.141924,0.003296,0.002346
0,0.25335,-0.022661,0.041279,-0.145728,-0.002391,-0.129092,0.002269,0.000396
0,0.058132,0.106257,-0.214962,0.134342,-0.183837,0.169698,0.001015,0.001855
0,0.187826,-0.062115,0.125471,-0.176987,0.087633,-0.215166,0.003278,0.001084
0,0.066309,0.00993,-0.094876,0.05949,-0.106518,0.07207,0.001157,0.000173
0,0.011527,0.060144,-0.043604,0.079647,-0.064243,0.032027,0.000201,0.00105
0,0.01628,0.19007,0.022684,0.10321,0.046316,0.070103,0.000284,0.003317
0,0.045313,-0.000356,0.025377,-0.16882,0.05446,-0.138172,0.000791,6e-06
0,0.072634,-0.040131,0.010756,-0.049811,-0.023946,-0.021089,0.001268,0.0007
0,0.188625,0.071156,0.113196,0.126822,0.136285,0.095891,0.003292,0.001242
0,-0.014165,0.127329,-0.200742,0.084146,-0.236234,0.070811,0.000247,0.002222
0,-0.057521,0.179468,-0.047197,0.05918,-0.009434,0.029859,0.001004,0.003132
0,0.193255,-0.051759,0.24651,-0.234141,0.217928,-0.195767,0.003318,0.000903
0,0.223735,0.173145,0.050378,0.243245,0.09728,0.246582,0.002786,0.003022
0,-0.049173,0.152922,-0.273295,-0.003257,-0.286465,-0.04372,0.000858,0.002669
0,0.086697,-0.023684,0.121399,-0.172944,0.082966,-0.21334,0.001513,0.000413
0,0.021159,-0.029805,-0.060299,-0.026969,-0.026501,-0.068396,0.000369,0.00052
0,0.174364,-0.106217,0.174785,-0.090897,0.213091,-0.085077,0.003043,0.001854
0,-0.079303,0.102937,-0.273917,0.197488,-0.249256,0.192293,0.001384,0.001797
0,0.10234,-0.038594,0.194714,-0.120803,0.234287,-0.113691,0.001786,0.000674
0,0.11641,0.173617,0.013898,0.187147,0.061128,0.176648,0.002032,0.00303
0,0.004132,0.101229,-0.095303,-0.072217,-0.130347,-0.025823,7.2e-05,0.001767
0,0.119735,-0.041161,0.096178,-0.136763,0.097516,-0.13079,0.00209,0.000718
0,0.016072,-0.062911,-0.080315,0.007834,-0.031166,-0.009476,0.000281,0.001098
0,0.078588,-0.048149,0.084525,-1.1e-05,0.117587,0.049858,0.001372,0.00084
0,0.203776,0.13052,0.144623,0.163635,0.095844,0.187394,0.003134,0.002278
0,0.062468,-0.099427,-0.166042,-0.203409,-0.15766,-0.200416,0.00109,0.001735
0,0.018397,-0.015837,-0.031897,0.109183,-0.015375,0.066024,0.000321,0.000276
0,0.171048,0.142747,0.13381,0.132779,0.087968,0.155298,0.002985,0.002491
0,-0.042705,-0.07301,-0.237745,-0.217344,-0.236669,-0.180081,0.000745,0.001274
0,0.175724,-0.138476,0.244546,-0.075145,0.241949,-0.124829,0.003067,0.002417
0,-0.006537,0.093415,-0.195198,0.221775,-0.206399,0.193956,0.000114,0.00163
0,0.144434,0.020631,0.151604,-0.07738,0.10893,-0.096814,0.002521,0.00036
0,0.082442,-0.118884,-0.066044,-0.112107,-0.078193,-0.100096,0.001439,0.002075
0,0.128644,-0.086768,0.069088,0.055568,0.048739,0.013938,0.002245,0.001514
0,0.174917,-0.037305,0.039733,0.052514,0.068319,0.098259,0.003053,0.000651
0,-0.042635,-0.071717,-0.220537,-0.023914,-0.210645,0.003874,0.000744,0.001252
0,0.115666,-0.098043,0.147409,-0.019985,0.100576,-0.027094,0.002019,0.001711
0,0.034328,-0.127847,-0.072102,-0.041767,-0.095397,-0.014512,0.000599,0.002231
0,0.025681,0.046998,0.014208,0.162383,-0.005559,0.114051,0.000448,0.00082
0,2.5006,1.141239,2.468864,1.082288,2.449718,1.090002,0.003192,0.000154
0,3.951919,1.175792,1.449738,0.048145,1.486997,0.068627,0.002066,0.000449
0,4.516565,1.415816,0.571905,0.240481,0.618045,0.236619,0.001461,0.002053
0,4.037634,1.308347,-0.493805,-0.130416,-0.454626,-0.146016,0.003129,0.002763
0,3.059417,0.972036,-0.980895,-0.331455,-0.9911,-0.380975,0.00013,0.003107
0,2.425849,0.746172,-0.617136,-0.224119,-0.584547,-0.2008,0.002194,0.000358
0,1.995125,0.513702,-0.458194,-0.233273,-0.488205,-0.2122,0.001367,0.002275
0,1.543521,0.390925,-0.455642,-0.103729,-0.435614,-0.08763,0.000176,0.000132
0,0.62304,0.158726,-0.931027,-0.219218,-0.955446,-0.223317,0.002508,0.00277
0,0.148846,-0.049948,-0.497774,-0.216277,-0.449334,-0.247163,0.002598,0.000872
0,0.054912,-0.067138,-0.104282,-0.026726,-0.105353,0.013836,0.000958,0.001172
0,-0.028724,-0.189501,-0.111209,-0.123492,-0.074796,-0.089344,0.000501,0.003307
0,0.110588,-0.077384,0.141415,0.088903,0.147991,0.066277,0.00193,0.001351
0,-0.066454,-0.166937,-0.160789,-0.073777,-0.125352,-0.101486,0.00116,0.002914
0,-0.044093,-0.015694,0.0191,0.139532,-0.015387,0.104512,0.00077,0.000274
0,-0.170823,0.023307,-0.139438,0.03091,-0.189338,0.033657,0.002981,0.000407
0,0.100033,-0.023272,0.296697,-0.054632,0.343736,-0.006998,0.001746,0.000406
0,-0.032206,-0.174712,-0.158875,-0.17767,-0.175011,-0.130124,0.000562,0.003049
0,-0.023171,-0.046819,-0.019027,0.139393,0.024378,0.123417,0.000404,0.000817
0,0.173641,-0.238658,0.173,-0.188108,0.155425,-0.172112,0.003031,0.002525
0,0.021336,-0.020161,-0.163984,0.20269,-0.11447,0.159571,0.000372,0.000352
0,0.158869,-0.109283,0.153313,-0.076417,0.190514,-0.061092,0.002773,0.001907
0,0.060474,-0.045123,-0.106454,0.036408,-0.1232,0.034584,0.001055,0.000788
0,1.261368,-1.001002,1.185673,-0.968853,1.18549,-0.93169,0.001943,0.002602
0,1.810262,-1.952219,0.523159,-0.975923,0.47438,-1.004719,0.001859,0.000619
0,2.120313,-2.000704,0.299182,-0.033717,0.321462,0.010636,0.003138,0.001465
0,2.354518,-2.006523,0.253414,-0.005053,0.226425,-0.051235,0.000949,0.001566
0,1.651398,-1.476631,-0.706392,0.557039,-0.690786,0.535773,0.002059,0.000991
0,1.419565,-1.537472,-0.252303,-0.06038,-0.255599,-0.065415,0.001987,7.1e-05
0,1.350867,-1.606481,-0.091171,-0.045097,-0.121864,-0.001154,0.003186,0.001275
0,0.993295,-1.016168,-0.387298,0.614044,-0.40386,0.612251,0.002736,0.002337
0,0.575593,-0.843975,-0.409723,0.151527,-0.364718,0.185118,0.003336,0.001349
0,0.212084,-0.42772,-0.34975,0.443851,-0.307649,0.408376,0.002989,0.000774
0,-0.080042,-0.283411,-0.263596,0.14119,-0.2204,0.129231,0.001397,0.001744
0,-0.143965,-0.165901,-0.060393,0.094298,-0.064254,0.046509,0.002513,0.002896
0,-0.410713,-0.214623,-0.264284,-0.073263,-0.301814,-0.071687,0.000477,0.002945
0,-0.483909,0.069724,-0.092835,0.260998,-0.107987,0.237622,0.001755,0.001217
0,-0.31126,-0.000226,0.160528,-0.05451,0.177303,-0.078933,0.001258,4e-06
0,-0.089228,0.300174,0.233276,0.290453,0.235518,0.304837,0.001557,0.001452
0,-0.226713,0.260226,-0.123484,-0.022666,-0.078777,-0.035785,0.002734,0.002149
0,-0.139733,0.082765,0.070322,-0.179431,0.093711,-0.221569,0.002439,0.001445
0,-0.085508,0.181417,0.034297,0.101918,0.001702,0.072764,0.001492,0.003166
0,-0.072499,-0.006681,-0.004335,-0.196096,-0.008111,-0.201226,0.001265,0.000117
0,-0.066162,-0.03741,0.004532,-0.015244,0.026587,-0.01436,0.001155,0.000653
0,-0.060114,0.166006,0.007673,0.214532,-0.002028,0.225686,0.001049,0.002897
0,0.035212,0.171464,0.069721,-0.01063,0.091404,-0.016986,0.000615,0.002993
0,0.059546,0.183363,0.036161,0.018779,0.014959,0.023554,0.001039,0.0032
0,-0.035485,0.165081,-0.116352,0.011503,-0.123711,0.022289,0.000619,0.002881
0,0.073855,0.180668,0.12534,0.027089,0.169927,0.044248,0.001289,0.003153
0,0.03559,0.180286,-0.014865,0.024204,-0.038039,0.063399,0.000621,0.003147
0,-0.077278,0.089832,-0.120358,-0.111659,-0.167923,-0.141105,0.001349,0.001568
0,0.028808,-0.062045,0.134206,-0.149867,0.150009,-0.187798,0.000503,0.001083
0,0.101191,0.035414,0.082777,0.074456,0.035085,0.070184,0.001766,0.000618
0,-0.021173,-0.034205,-0.102115,-0.047434,-0.08273,-0.052074,0.00037,0.000597
0,0.054131,0.003983,0.083018,0.053145,0.089269,0.08312,0.000945,7e-05
0,-0.032957,-0.15506,-0.114985,-0.144526,-0.105872,-0.185053,0.000575,0.002706
0,-0.118639,0.102501,-0.079701,0.268682,-0.121336,0.297947,0.002071,0.001789
0,-0.135836,-0.12093,0.002672,-0.230033,0.029835,-0.220651,0.002371,0.002111
0,0.009108,-0.026122,0.146403,0.121433,0.156783,0.113329,0.000159,0.000456
0,-0.151857,-0.00093,-0.150441,0.008528,-0.152051,0.053652,0.00265,1.6e-05
0,0.058294,-0.082682,0.229901,-0.108285,0.190308,-0.126851,0.001017,0.001443
0,-0.157016,-0.175942,-0.234336,-0.113393,-0.273975,-0.116753,0.00274,0.003071
0,-0.25854,-0.093902,-0.11897,0.063832,-0.150067,0.07772,0.002178,0.001639
0,-0.165186,-0.20218,0.089658,-0.115292,0.117123,-0.099437,0.002883,0.003162
0,0.035493,-0.150827,0.215535,0.06356,0.170328,0.060619,0.000619,0.002632
0,-0.151084,-0.100926,-0.214446,0.05794,-0.240953,0.071205,0.002637,0.001761
0,-0.135559,0.032939,0.022083,0.145628,0.046962,0.18372,0.002366,0.000575
0,-0.101059,0.014185,0.05613,-0.045711,0.010315,-0.086418,0.001764,0.000248
0,0.027442,-0.127524,0.119435,-0.119548,0.138581,-0.091887,0.000479,0.002226
0,-0.172988,-0.049518,-0.22071,0.073992,-0.231133,0.108838,0.003019,0.000864
0,-0.110966,-0.03812,0.090025,0.024562,0.090808,-0.002197,0.001937,0.000665
0,-0.160379,-0.005759,-0.076604,0.017874,-0.035596,0.056834,0.002799,0.000101
0,0.018504,0.001113,0.190228,-0.008012,0.187987,-0.003961,0.000323,1.9e-05
0,-0.058866,-0.091243,-0.0706,-0.069333,-0.037814,-0.119205,0.001027,0.001592
0,-0.004307,-0.147091,0.081712,-0.035715,0.064164,-0.049597,7.5e-05,0.002567
0,-0.170784,-0.026951,-0.137168,0.115528,-0.122651,0.148326,0.002981,0.00047
0,-0.049612,-0.170628,0.115117,-0.128546,0.149379,-0.100911,0.000866,0.002978
0,-0.052907,-0.030777,-0.00396,0.142184,-0.046446,0.093272,0.000923,0.000537
0,-0.179509,-0.125426,-0.125236,-0.084923,-0.092717,-0.134743,0.003133,0.002189
0,-0.1387,0.008015,0.023431,0.144992,0.067167,0.145554,0.002421,0.00014
0,-0.083293,-0.058141,0.062027,-0.068762,0.055487,-0.088537,0.001454,0.001015
0,-0.086222,0.033503,0.003788,0.078806,0.029015,0.06712,0.001505,0.000585
0,-0.05674,-0.114202,0.043552,-0.156912,0.023698,-0.191862,0.00099,0.001993
0,-0.203948,0.096053,-0.168031,0.221294,-0.206327,0.265519,0.003131,0.001676
0,0.08424,-0.06067,0.26737,-0.146572,0.31406,-0.109567,0.00147,0.001059
0,-0.120492,0.071563,-0.192478,0.129116,-0.155083,0.154902,0.002103,0.001249
0,0.040202,-0.129396,0.155293,-0.203455,0.144358,-0.207071,0.000702,0.002258
0,-0.174404,-0.066654,-0.192293,0.08409,-0.185357,0.085643,0.003044,0.001163
0,-0.139675,-0.120853,0.025538,-0.06717,-0.024031,-0.036575,0.002438,0.002109
0,-0.084502,0.139037,0.082301,0.247261,0.129895,0.201974,0.001475,0.002427
0,-0.043145,-0.03295,0.032713,-0.156075,0.056833,-0.182602,0.000753,0.000575
0,0.098603,0.099404,0.127028,0.149868,0.153658,0.133467,0.001721,0.001735
0,0.039094,0.163819,-0.057425,0.053091,-0.091508,0.089971,0.000682,0.002859
0,-0.171319,-0.096707,-0.22921,-0.290068,-0.185197,-0.305587,0.00299,0.001688
0,-0.202514,0.081193,-0.027907,0.197034,-0.074106,0.17628,0.003156,0.001417
0,-0.092066,-0.093622,0.087283,-0.192612,0.087116,-0.200804,0.001607,0.001634
0,-0.027125,0.050838,0.080349,0.141198,0.125041,0.110918,0.000473,0.000887
0,-0.094096,-0.091832,-0.075402,-0.143247,-0.046049,-0.1597,0.001642,0.001603
0,-0.197795,0.146423,-0.102065,0.215094,-0.080872,0.184453,0.003239,0.002556
0,-0.144597,-0.092597,0.065959,-0.26877,0.017963,-0.257376,0.002524,0.001616
0,-0.229802,0.052106,-0.094651,0.128129,-0.048774,0.094217,0.00268,0.000909
0,-0.281535,0.03293,-0.025563,-0.021961,0.012986,-0.005775,0.001777,0.000575
0,-0.183751,-0.048623,0.123622,-0.096336,0.074144,-0.139298,0.003207,0.000849
0,0.036387,-0.097412,0.225527,-0.026209,0.20617,-0.047317,0.000635,0.0017
0,-0.022764,-0.045517,-0.081288,0.022933,-0.034306,0.000346,0.000397,0.000794
0,-0.029148,-0.004461,0.011332,0.022119,0.023052,0.004692,0.000509,7.8e-05
0,-0.100321,0.13784,-0.050465,0.143241,-0.003466,0.13201,0.001751,0.002406
0,0.071514,-0.044319,0.162142,-0.171303,0.193341,-0.193671,0.001248,0.000774
0,-0.11238,0.011017,-0.157556,0.03389,-0.144673,0.038087,0.001961,0.000192
0,-0.000905,-0.065528,0.08976,-0.08766,0.065655,-0.105823,1.6e-05,0.001144
0,-0.108347,-0.14016,-0.11356,-0.085926,-0.099083,-0.056933,0.001891,0.002446
0,0.075533,-0.136203,0.198725,-0.013979,0.221718,0.032267,0.001318,0.002377
0,0.06031,0.057745,-0.043134,0.173523,-0.014018,0.214888,0.001053,0.001008
0,-0.147289,-0.140851,-0.191844,-0.218298,-0.195135,-0.200873,0.002571,0.002458
0,-0.066345,-0.10284,0.079238,0.035203,0.036425,0.059814,0.001158,0.001795
0,0.010225,-0.049953,0.079223,0.078733,0.029607,0.091753,0.000178,0.000872
0,-0.005839,-0.108053,-0.033399,-0.079407,-0.02595,-0.119012,0.000102,0.001886
0,0.112628,-0.001703,0.117767,0.130237,0.1422,0.102354,0.001966,3e-05
0,0.081658,0.053708,-0.001152,0.077874,-0.046907,0.116347,0.001425,0.000937
0,-0.06594,-0.051298,-0.169395,-0.101884,-0.218789,-0.133278,0.001151,0.000895
0,-0.172256,0.080067,-0.100109,0.104897,-0.143943,0.119583,0.003006,0.001397
0,0.028592,0.041457,0.189806,-0.011149,0.162356,0.002646,0.000499,0.000724
0,-0.107621,-0.110957,-0.154612,-0.137798,-0.118203,-0.171662,0.001878,0.001937
0,0.049644,0.022892,0.177853,0.117714,0.193273,0.150145,0.000866,0.0004
0,-0.049187,0.07267,-0.099492,0.074704,-0.055656,0.076274,0.000858,0.001268
0,-0.121537,0.06414,-0.100255,-0.002758,-0.130327,0.01057,0.002121,0.001119
0,-0.042821,-0.131069,0.051751,-0.220731,0.070383,-0.24219,0.000747,0.002288
0,-0.109883,0.061178,-0.087453,0.179033,-0.10617,0.134607,0.001918,0.001068
0,-0.036566,-0.160245,0.088319,-0.250099,0.051863,-0.231273,0.000638,0.002797
0,0.039077,-0.037217,0.076681,0.11142,0.058602,0.079276,0.000682,0.00065
0,0.012623,-0.128307,-0.033625,-0.108217,-0.021785,-0.156111,0.00022,0.002239
0,0.009604,0.025963,-0.012164,0.132533,-0.034692,0.123196,0.000168,0.000453
0,0.050528,-0.125041,0.069892,-0.13312,0.080866,-0.083413,0.000882,0.002182
0,0.003815,0.052438,-0.05143,0.201894,-0.016454,0.233315,6.7e-05,0.000915
0,-0.020895,-0.198737,-0.027963,-0.225093,0.007638,-0.202972,0.000365,0.003222
0,-0.0372,-0.070196,-0.009267,0.114621,0.039825,0.079611,0.000649,0.001225
0,-0.089486,-0.213688,-0.05167,-0.146055,-0.021518,-0.147216,0.001562,0.002961
0,0.016447,-0.211083,0.110185,-0.01823,0.107035,0.02927,0.000287,0.003007
0,-0.078988,0.018783,-0.096599,0.217435,-0.085579,0.169284,0.001379,0.000328
0,0.102959,-0.108186,0.16812,-0.10515,0.144174,-0.063988,0.001797,0.001888
0,0.020434,-0.160332,-0.075617,-0.039176,-0.07995,-0.071897,0.000357,0.002798
0,0.020621,-0.060151,-0.025822,0.079264,-0.075621,0.115623,0.00036,0.00105
0,-0.131426,-0.073378,-0.15506,-0.024044,-0.11906,-0.047922,0.002294,0.001281
0,-0.093226,-0.062561,0.063786,0.037356,0.062978,0.013335,0.001627,0.001092
0,0.034095,0.087324,0.13,0.178104,0.082936,0.187354,0.000595,0.001524
0,0.113193,0.112112,0.083789,0.011041,0.12727,0.05303,0.001976,0.001957
0,0.068761,-0.144389,-0.06072,-0.226578,-0.073558,-0.235413,0.0012,0.00252
0,-0.082095,-0.036122,-0.14652,0.10457,-0.116902,0.062353,0.001433,0.00063
0,0.074565,-0.112139,0.183274,-0.059458,0.21306,-0.04647,0.001301,0.001957
0,-0.038926,0.164593,-0.084801,0.257168,-0.049195,0.276978,0.000679,0.002873
0,-0.002265,-0.07342,0.012878,-0.218287,0.035768,-0.195472,4e-05,0.001281
0,0.151116,-0.124273,0.163269,-0.072591,0.135966,-0.091025,0.002637,0.002169
0,0.250202,0.124222,0.123012,0.21948,0.131115,0.22022,0.002324,0.002168
0,0.195348,0.061031,-0.076809,-0.044776,-0.063131,-0.066571,0.003281,0.001065
0,0.147192,-0.103106,-0.047053,-0.144348,-0.059661,-0.188244,0.002569,0.0018
0,0.090831,0.146314,-0.068633,0.256209,-0.072288,0.22558,0.001585,0.002554
0,-0.063213,0.086417,-0.165227,-0.074603,-0.1564,-0.080842,0.001103,0.001508
0,-0.008627,0.043446,0.059149,-0.062321,0.091935,-0.055478,0.000151,0.000758
0,-0.04004,-0.115317,-0.006801,-0.13743,0.039805,-0.12365,0.000699,0.002013
0,-0.057716,-0.101043,-0.023864,0.025436,-0.023761,-0.022903,0.001007,0.001764
0,-0.189337,-0.052729,-0.1407,0.045973,-0.187029,0.024273,0.003305,0.00092
0,0.028751,0.103304,0.244079,0.182282,0.284236,0.179671,0.000502,0.001803
0,0.049145,0.031644,0.041922,-0.045148,0.037732,-0.068122,0.000858,0.000552
0,-0.05094,0.163195,-0.096988,0.117742,-0.083947,0.14089,0.000889,0.002848
0,0.039576,0.054672,0.08289,-0.106187,0.097067,-0.06536,0.000691,0.000954
0,-0.191021,0.036621,-0.211795,0.005863,-0.249663,0.034903,0.003334,0.000639
0,-0.154829,-0.03211,0.032789,-0.053728,0.066453,-0.083162,0.002702,0.00056
0,-0.258807,-0.037837,-0.111838,0.001775,-0.112257,-0.007655,0.002174,0.00066
0,-0.191931,0.185081,0.077602,0.209623,0.043583,0.236636,0.003341,0.00323
0,-0.193336,0.077708,-0.031053,-0.121715,0.002011,-0.129869,0.003316,0.001356
0,0.059831,0.059507,0.26755,0.000729,0.306212,-0.003137,0.001044,0.001039
0,-0.046174,-0.067098,-0.086392,-0.146323,-0.083196,-0.193672,0.000806,0.001171
0,-0.113491,-0.020705,-0.041772,0.043436,-0.09097,0.002672,0.001981,0.000361
0,0.098762,-0.028548,0.18549,-0.001582,0.206635,0.042582,0.001724,0.000498
0,-0.14147,-0.030621,-0.21463,0.021131,-0.215991,-0.015384,0.002469,0.000534
0,-0.069575,-0.031847,0.077872,0.014306,0.098854,0.008878,0.001214,0.000556
0,-0.154784,0.062044,-0.092924,0.080527,-0.131925,0.08487,0.002701,0.001083
0,-0.120953,0.082718,0.021601,0.039159,0.033534,0.050986,0.002111,0.001444
0,0.083718,-0.064183,0.180817,-0.122332,0.134528,-0.138976,0.001461,0.00112
0,0.044063,0.116535,-0.021767,0.186288,-0.025052,0.154939,0.000769,0.002034
0,-0.084244,-0.083784,-0.157724,-0.202509,-0.13677,-0.215967,0.00147,0.001462
0,0.100393,0.015115,0.169786,0.069924,0.21326,0.079275,0.001752,0.000264
0,0.054384,0.146982,-0.065575,0.141441,-0.071082,0.162242,0.000949,0.002565
0,-0.119574,-0.02975,-0.195451,-0.201184,-0.203717,-0.159639,0.002087,0.000519
0,-0.062906,0.147119,0.080396,0.203866,0.127468,0.225125,0.001098,0.002568
0,0.024214,-0.090784,0.105551,-0.243938,0.098623,-0.241154,0.000423,0.001584
0,-0.255987,0.030039,-0.305937,0.100976,-0.339176,0.127072,0.002223,0.000524
0,-0.141215,0.052994,0.11568,0.011737,0.080587,0.032734,0.002465,0.000925
0,-0.016964,-0.017088,0.131501,-0.059617,0.124777,-0.071742,0.000296,0.000298
0,-0.08473,0.141539,-0.039292,0.136585,-0.015501,0.1449,0.001479,0.00247
0,0.013925,-0.075737,0.110385,-0.217087,0.122722,-0.220054,0.000243,0.001322
0,-0.21575,-0.021421,-0.240465,0.077321,-0.284374,0.061404,0.002925,0.000374
0,-0.03085,0.103051,0.184105,0.131345,0.169875,0.097563,0.000538,0.001799
0,0.053981,0.022064,0.081067,-0.08918,0.116502,-0.123249,0.000942,0.000385
0,-0.079324,-0.180754,-0.155177,-0.19107,-0.132356,-0.230371,0.001384,0.003155
0,-0.217854,0.062153,-0.126065,0.218111,-0.087888,0.228378,0.002889,0.001085
0,-0.165095,-0.110326,0.029522,-0.174483,0.061189,-0.185748,0.002881,0.001926
0,0.039813,0.061611,0.217085,0.160314,0.263255,0.150581,0.000695,0.001075
0,-0.159419,0.047394,-0.192946,0.008164,-0.198747,0.00061,0.002782,0.000827
0,-0.108541,-0.036829,0.0341,-0.109599,0.065698,-0.154913,0.001894,0.000643
0,0.044152,0.028275,0.169269,0.039031,0.186025,0.069611,0.000771,0.000493
0,0.061102,-0.168546,0.04059,-0.203388,0.061961,-0.18279,0.001066,0.002942
0,-0.143954,-0.018774,-0.195101,0.126784,-0.19767,0.171861,0.002512,0.000328
0,-0.112044,-0.040629,0.056972,-0.012198,0.029208,-0.034089,0.001956,0.000709
0,-0.124511,-0.115154,0.015463,-0.063107,0.054948,-0.046141,0.002173,0.00201
0,-0.072718,-0.093959,0.054622,0.009934,0.057129,-0.0082,0.001269,0.00164
0,-0.205684,-0.045012,-0.123838,0.021267,-0.142212,-0.013756,0.003101,0.000786
0,0.003686,-0.11876,0.179971,-0.102694,0.173544,-0.107937,6.4e-05,0.002073
0,-0.085334,0.01729,-0.092499,0.142019,-0.119725,0.1601,0.001489,0.000302
0,-0.130644,-0.111301,-0.024142,-0.107757,0.017605,-0.077001,0.00228,0.001943
0,-0.028815,-0.19668,0.077864,-0.065225,0.043182,-0.098999,0.000503,0.003258
0,-0.257765,-0.104071,-0.238318,0.093982,-0.199517,0.117088,0.002192,0.001816
0,-0.07648,-0.175697,0.207678,-0.101353,0.227943,-0.142877,0.001335,0.003066
0,-0.042776,-0.186602,0.016022,-0.025484,0.007655,-0.008977,0.000747,0.003257
0,-0.009556,0.085032,0.060494,0.278444,0.016351,0.278509,0.000167,0.001484
0,-0.17833,0.081844,-0.162194,0.006491,-0.130416,0.046162,0.003112,0.001428
0,-0.090877,-0.103559,0.105268,-0.182539,0.146785,-0.139439,0.001586,0.001807
0,0.149587,0.010032,0.243671,0.105306,0.267601,0.134191,0.002611,0.000175
0,0.090656,-0.1477,-0.06131,-0.139696,-0.025713,-0.162504,0.001582,0.002578
0,-0.009741,-0.096886,-0.073521,0.043883,-0.043556,0.035418,0.00017,0.001691
0,0.1184,-0.103793,0.138524,0.008705,0.149351,0.00996,0.002066,0.001812
0,-0.091352,0.025764,-0.200153,0.107794,-0.243187,0.150151,0.001594,0.00045
0,0.225565,-0.020855,0.287386,-0.050542,0.333523,-0.039576,0.002754,0.000364
0,0.196497,0.041807,-0.037804,0.078231,-0.074773,0.036685,0.003261,0.00073
0,0.063509,-0.088778,-0.111798,-0.114015,-0.119591,-0.144507,0.001108,0.001549
0,0.078822,0.005015,0.005221,0.069723,0.008205,0.02545,0.001376,8.8e-05
0,-0.005483,-0.112713,-0.055981,-0.118393,-0.092352,-0.079849,9.6e-05,0.001967
0,-0.052312,-0.051937,-0.050759,0.062498,-0.089255,0.018579,0.000913,0.000906
0,-0.098402,0.061613,-0.056538,0.087101,-0.045258,0.066736,0.001717,0.001075
0,0.106995,-0.084165,0.197767,-0.164035,0.160725,-0.135903,0.001867,0.001469
0,0.18583,1.516494,0.086881,1.607474,0.088876,1.593664,0.003243,0.000295
0,0.114432,1.462367,-0.043066,-0.04447,-0.023474,-0.065423,0.001997,0.00124
0,0.104944,1.43774,0.014611,-0.051522,0.023947,-0.092486,0.001832,0.00167
0,0.303772,1.526676,0.20873,0.078481,0.234139,0.035407,0.001389,0.000118
0,0.073087,1.38586,-0.233865,-0.162437,-0.250577,-0.130958,0.001276,0.002575
0,0.233483,0.876385,0.1736,-0.506788,0.134189,-0.469638,0.002616,0.001914
0,0.036748,0.721125,-0.169301,-0.131824,-0.134426,-0.132919,0.000641,0.000796
0,0.175002,0.505144,0.162349,-0.186926,0.155751,-0.221831,0.003054,0.002126
0,0.045729,0.478514,-0.116907,-0.022751,-0.103412,0.001193,0.000798,0.001661
0,0.099414,0.204256,0.058934,-0.255998,0.065446,-0.258019,0.001735,0.003126
0,0.163157,0.202234,0.087852,-0.027796,0.123512,-0.065682,0.002848,0.003161
0,0.151354,0.194749,0.013062,0.010027,0.019392,-0.025997,0.002642,0.003292
0,0.000982,-0.003582,-0.134634,-0.201367,-0.105425,-0.230482,1.7e-05,6.3e-05
0,-0.026253,-0.016646,-0.018281,-0.022936,-0.033483,-0.011687,0.000458,0.000291
0,0.205988,-0.182744,0.225344,-0.19385,0.253058,-0.173736,0.003096,0.003189
0,0.052271,-0.379246,-0.170744,-0.220761,-0.145404,-0.225723,0.000912,7.2e-05
0,0.047951,-0.326362,-0.03219,0.067945,0.009584,0.077729,0.000837,0.000995
0,0.016134,-0.055562,-0.014045,0.299757,-0.038716,0.257749,0.000282,0.00097
0,-0.118863,-0.143599,-0.164431,-0.060712,-0.115724,-0.092257,0.002075,0.002506
0,-0.002366,-0.211125,0.139332,-0.048929,0.185132,-0.034661,4.1e-05,0.003006
0,-0.077229,-0.013312,-0.04923,0.211479,-0.061135,0.174501,0.001348,0.000232
0,0.057842,-0.114658,0.158094,-0.109614,0.130445,-0.15633,0.00101,0.002001
0,0.145382,-0.140892,0.109971,-0.038678,0.130573,-0.078324,0.002537,0.002459
0,-0.029439,-0.123501,-0.172395,0.000462,-0.146614,-0.019308,0.000514,0.002156
0,-0.083679,0.075487,-0.043556,0.208255,-0.048226,0.184954,0.00146,0.001317
0,-0.060193,0.076013,-0.003285,-0.018551,-0.039016,-0.049014,0.001051,0.001327
0,0.043721,-0.158775,0.106092,-0.243955,0.146506,-0.206569,0.000763,0.002771
0,-0.065534,0.027096,-0.126566,0.184517,-0.147056,0.193648,0.001144,0.000473
0,0.082826,0.046149,0.171583,0.029455,0.137131,0.035938,0.001446,0.000805
0,-0.126788,0.00955,-0.23373,-0.02009,-0.207666,-0.065346,0.002213,0.000167
0,-0.010866,0.023504,0.119467,0.039875,0.13739,0.038083,0.00019,0.00041
0,0.013244,0.088534,-0.002434,0.062662,-0.039911,0.090275,0.000231,0.001545
0,-0.088129,-0.000926,-0.123379,-0.115582,-0.157732,-0.117906,0.001538,1.6e-05
0,-0.099358,-0.043152,-0.013275,-0.040628,-0.011552,-0.048145,0.001734,0.000753
0,-0.018678,-0.017326,0.079,0.035759,0.106743,0.063782,0.000326,0.000302
0,-0.147397,0.168143,-0.117294,0.16225,-0.086196,0.190993,0.002573,0.002935
0,-0.083143,0.028799,0.077611,-0.154235,0.115661,-0.105505,0.001451,0.000503
0,0.111621,-0.039839,0.168973,-0.057812,0.216674,-0.083369,0.001948,0.000695
0,-0.085861,-0.096565,-0.187119,-0.069228,-0.160404,-0.047247,0.001499,0.001685
0,-0.114943,-0.149528,-0.057042,-0.055185,-0.052629,-0.049358,0.002006,0.00261
0,-0.107035,-0.023099,0.036908,0.121835,0.055535,0.097588,0.001868,0.000403
0,0.015003,0.055558,0.130234,0.059405,0.175244,0.030344,0.000262,0.00097
0,0.060888,0.0991,0.04364,0.041414,0.02173,0.084198,0.001063,0.00173
0,0.087566,-0.016887,0.018176,-0.127565,0.030693,-0.079009,0.001528,0.000295
0,0.055754,0.165165,-0.044499,0.160918,-0.053197,0.169741,0.000973,0.002883
0,0.188158,0.032805,0.111319,-0.139974,0.134923,-0.108315,0.003284,0.000573
0,0.073898,0.003567,-0.116876,-0.014973,-0.143006,-0.015258,0.00129,6.2e-05
0,0.182995,0.041512,0.138394,0.013709,0.116086,0.061775,0.003194,0.000725
0,0.139699,-0.024483,-0.045341,-0.044563,-0.090624,-0.06508,0.002438,0.000427
0,0.030121,0.110239,-0.124571,0.149875,-0.089209,0.107528,0.000526,0.001924
0,0.058142,0.117559,0.041176,0.019156,0.027316,0.02797,0.001015,0.002052
0,-0.048414,-0.006423,-0.123533,-0.12457,-0.092307,-0.131211,0.000845,0.000112
0,0.091884,-0.01721,0.135449,-0.040645,0.088438,0.008915,0.001604,0.0003
0,-0.091047,-0.090124,-0.187622,-0.052471,-0.164955,-0.042113,0.001589,0.001573
0,0.135309,0.042442,0.198945,0.112544,0.246982,0.111336,0.002362,0.000741
0,0.111295,0.095693,-0.0119,0.058821,0.014539,0.023545,0.001942,0.00167
0,0.053098,0.073463,-0.050424,-0.009781,-0.083986,-0.00661,0.000927,0.001282
0,0.038731,-0.031716,0.006398,-0.09097,0.046543,-0.061829,0.000676,0.000554
0,-0.153192,0.01511,-0.206934,0.050121,-0.203938,0.016864,0.002674,0.000264
0,-0.05754,-0.116161,0.075562,-0.131699,0.052271,-0.178179,0.001004,0.002027
0,-0.045391,-0.093546,-0.009509,0.000884,0.025084,0.037857,0.000792,0.001633
0,-0.05782,0.01454,-0.018704,0.092196,0.012868,0.055986,0.001009,0.000254
0,-0.195944,-0.167015,-0.113689,-0.195256,-0.091733,-0.153538,0.003271,0.002915
0,0.011026,-0.15541,0.183767,0.020267,0.189955,0.044586,0.000192,0.002712
0,-0.168889,-0.096694,-0.188435,0.055351,-0.168547,0.014777,0.002948,0.001688
0,-0.20086,0.055188,-0.021068,0.175289,0.015332,0.204229,0.003185,0.000963
0,-0.262488,0.085118,-0.058011,0.013632,-0.06393,-0.014257,0.00211,0.001486
0,-0.179703,-0.128256,0.092118,-0.21889,0.125295,-0.19931,0.003136,0.002238
0,-0.072372,0.042116,0.137009,0.170731,0.17101,0.162312,0.001263,0.000735
0,-0.150861,-0.15601,-0.063063,-0.227595,-0.047021,-0.222227,0.002633,0.002723
0,-0.112204,-0.04478,0.011178,0.083404,0.021796,0.118366,0.001958,0.000782
0,-0.282673,0.10032,-0.174514,0.120935,-0.159904,0.15032,0.001757,0.001751
0,-0.245905,-0.172192,0.053255,-0.289525,0.018553,-0.334479,0.002399,0.003005
0,-0.219033,-0.009007,0.019005,0.182325,0.041808,0.221098,0.002868,0.000157
0,-0.005552,0.097266,0.209671,0.08715,0.228573,0.095451,9.7e-05,0.001698
0,0.075558,-0.140822,0.084149,-0.222802,0.070731,-0.26314,0.001319,0.002458
0,0.031798,-0.109363,-0.032167,0.054559,-0.050524,0.02609,0.000555,0.001909
0,0.021909,-0.105266,-0.026747,0.012826,-0.008922,-0.020313,0.000382,0.001837
0,0.02832,0.050757,0.012417,0.144953,0.052529,0.114568,0.000494,0.000886
0,-0.035701,0.086659,-0.070608,0.054474,-0.044394,0.080001,0.000623,0.001512
0,-0.134026,-0.15137,-0.089713,-0.212606,-0.067701,-0.199859,0.002339,0.002642
0,-0.146789,0.054627,-0.021997,0.184831,0.027245,0.14394,0.002562,0.000953
0,-0.130671,0.024094,0.009152,-0.005242,-0.000866,0.012715,0.002281,0.000421
0,-0.211837,-0.094709,-0.06297,-0.147198,-0.016499,-0.185746,0.002994,0.001653
0,-0.070659,0.00619,0.165562,0.093465,0.199231,0.098543,0.001233,0.000108
0,-0.251577,-0.109019,-0.19314,-0.109978,-0.228983,-0.122499,0.0023,0.001903
0,-0.050324,-0.128536,0.179383,-0.019046,0.189008,-0.001592,0.000878,0.002243
0,-0.081439,-0.10635,-0.0365,0.012151,-0.010919,-0.027784,0.001421,0.001856
0,0.037863,-0.003235,0.11617,0.10768,0.143518,0.142746,0.000661,5.6e-05
0,-0.249842,-0.137465,-0.291082,-0.123428,-0.306524,-0.114952,0.00233,0.002399
0,-0.143415,-0.08136,0.131764,0.051053,0.096571,0.080357,0.002503,0.00142
0,-0.161161,0.016217,0.00086,0.093777,-0.005557,0.093855,0.002813,0.000283
0,0.029598,-0.062313,0.19186,-0.051025,0.198654,-0.010666,0.000517,0.001088
0,-0.030447,-0.107709,-0.06654,-0.059408,-0.048092,-0.090082,0.000531,0.00188
0,-0.099374,0.024731,-0.097499,0.133224,-0.130168,0.14882,0.001734,0.000432
0,0.066882,-0.026761,0.176868,-0.062239,0.194402,-0.10298,0.001167,0.000467
0,-0.13224,-0.002349,-0.194568,0.03669,-0.169194,0.071287,0.002308,4.1e-05
0,-0.245707,0.093066,-0.084572,0.111887,-0.107925,0.061911,0.002402,0.001624
0,0.069243,-0.095693,0.320631,-0.16577,0.326995,-0.137237,0.001209,0.00167
0,-0.068937,-0.069505,-0.166401,0.052587,-0.139136,0.030071,0.001203,0.001213
0,0.067979,-0.017435,0.139947,0.079747,0.141041,0.082345,0.001186,0.000304
0,0.010727,-0.04557,-0.070157,-0.032647,-0.101992,-0.024562,0.000187,0.000795
0,0.083423,0.015315,0.070402,0.083166,0.04623,0.10206,0.001456,0.000267
0,0.117095,0.152361,0.013162,0.146436,0.01186,0.147047,0.002044,0.002659
0,0.140744,-0.133607,0.014043,-0.264571,-0.009272,-0.277076,0.002456,0.002332
0,0.005884,-0.049557,-0.156274,0.058766,-0.141116,0.098858,0.000103,0.000865
0,0.045332,-0.008166,0.068103,0.027327,0.099528,0.023555,0.000791,0.000143
0,-0.035238,-0.031134,-0.071486,-0.034656,-0.071135,-0.009009,0.000615,0.000543
0,0.061603,0.14866,0.090476,0.172038,0.118803,0.205472,0.001075,0.002595
0,0.236261,0.084152,0.158797,-0.075292,0.142757,-0.117583,0.002567,0.001469
0,0.044776,0.00614,-0.202842,-0.097267,-0.230534,-0.130542,0.000781,0.000107
0,0.276949,0.011225,0.246712,0.022521,0.282778,0.052882,0.001857,0.000196
0,0.22758,-0.056722,-0.055345,-0.058859,-0.054813,-0.054343,0.002719,0.00099
0,0.305064,-0.077331,0.103284,-0.03142,0.069553,-0.079869,0.001366,0.00135
0,0.247498,0.103588,-0.057745,0.206065,-0.032465,0.182413,0.002371,0.001808
0,-0.010582,0.089056,-0.245198,-0.000614,-0.198858,0.014909,0.000185,0.001554
0,0.236627,0.007531,0.235309,-0.085871,0.194698,-0.053285,0.002561,0.000131
0,0.052261,0.014592,-0.161936,0.018562,-0.15461,0.02293,0.000912,0.000255
0,0.243321,-0.018822,0.184017,-0.040512,0.181611,-0.060789,0.002444,0.000329
0,0.101032,-0.076817,-0.156726,-0.084268,-0.14743,-0.067513,0.001763,0.001341
0,-0.005049,-0.132859,-0.077531,-0.059848,-0.086229,-0.090888,8.8e-05,0.002319
0,-0.043604,0.011532,-0.018628,0.15513,-0.036901,0.200737,0.000761,0.000201
0,0.281078,-0.10604,0.327273,-0.122248,0.366412,-0.111067,0.001785,0.001851
0,0.028105,-0.137459,-0.227285,-0.052637,-0.211572,-0.060996,0.000491,0.002399
0,0.08974,0.03191,0.071129,0.1601,0.053002,0.205388,0.001566,0.000557
0,0.184615,0.03889,0.121797,-0.004022,0.077983,0.022868,0.003222,0.000679
0,0.147626,0.103606,-0.016623,0.0937,-0.044909,0.10269,0.002577,0.001808
0,0.133618,-0.009163,-0.034103,-0.138048,0.011813,-0.18339,0.002332,0.00016
0,0.220282,0.055371,0.059825,0.094472,0.09799,0.121079,0.002846,0.000966
0,0.083447,-0.139125,-0.146377,-0.21353,-0.106498,-0.173543,0.001456,0.002428
0,0.167485,0.114,0.104471,0.229134,0.152939,0.254607,0.002923,0.00199
0,0.246901,0.069129,0.062432,-0.035477,0.086773,-0.040925,0.002382,0.001207
0,0.064789,0.083308,-0.187323,0.029608,-0.148122,0.003382,0.001131,0.001454
0,0.138613,0.017669,0.082593,-0.039258,0.131347,-0.032275,0.002419,0.000308
0,-0.040616,-0.162272,-0.159944,-0.164856,-0.191369,-0.116744,0.000709,0.002832
0,-0.021668,0.014527,0.043931,0.188187,0.034876,0.200005,0.000378,0.000254
0,0.144978,-0.126915,0.141166,-0.120903,0.102171,-0.124469,0.00253,0.002215
0,0.067839,-0.060342,-0.053851,0.049405,-0.05894,0.00512,0.001184,0.001053
0,-0.14829,-0.207946,-0.223329,-0.168105,-0.177892,-0.193459,0.002588,0.003061
0,-0.023425,-0.120086,0.132055,0.093717,0.084931,0.132979,0.000409,0.002096
0,-0.050817,-0.184448,-0.042588,-0.049427,-0.057141,-0.067336,0.000887,0.003219
0,-0.175046,-0.111085,-0.107965,0.054321,-0.066252,0.100019,0.003055,0.001939
0,0.09093,0.07475,0.248813,0.188108,0.289261,0.173404,0.001587,0.001305
0,-0.004817,0.027065,-0.082789,-0.077174,-0.070987,-0.03871,8.4e-05,0.000472
0,-0.12442,0.066374,-0.110395,0.038404,-0.072741,0.0841,0.002172,0.001158
0,-0.247526,-0.151737,-0.146757,-0.206001,-0.196291,-0.17229,0.002371,0.002648
0,-0.205621,0.119267,0.053471,0.261659,0.01796,0.291487,0.003102,0.002082
0,-0.146109,0.039455,0.061644,-0.065314,0.050036,-0.019917,0.00255,0.000689
0,-0.197703,0.087573,-0.029871,0.030999,-0.060616,0.048419,0.00324,0.001528
0,-0.065272,-0.031117,0.158016,-0.105065,0.191261,-0.075709,0.001139,0.000543
0,-0.201294,-0.139541,-0.111247,-0.09152,-0.143551,-0.123349,0.003178,0.002435
0,-0.168288,-0.071051,0.03792,0.088198,0.001063,0.083776,0.002937,0.00124
0,-0.078416,0.072381,0.061636,0.170959,0.044657,0.142743,0.001369,0.001263
0,-0.097009,-0.06583,-0.033823,-0.108897,-0.019287,-0.127351,0.001693,0.001149
0,-0.029489,0.095594,0.064577,0.157999,0.067992,0.168494,0.000515,0.001668
0,-0.067696,0.056336,-0.032922,-0.062741,-0.034779,-0.08753,0.001182,0.000983
0,-0.024111,-0.07671,0.040857,-0.104286,0.022178,-0.082878,0.000421,0.001339
0,-0.004454,-0.108851,0.007658,-0.045977,0.050876,0.00341,7.8e-05,0.0019
0,-0.030792,-0.095068,-0.023561,0.043055,0.017648,-0.001243,0.000537,0.001659
0,-0.059647,0.054528,-0.008353,0.128388,-0.032629,0.092581,0.001041,0.000952
0,-0.277537,-0.023761,-0.209577,-0.088917,-0.164414,-0.077172,0.001847,0.000415
0,-0.185578,-0.153385,0.111632,-0.10054,0.095287,-0.06892,0.003239,0.002677
0,-0.18761,0.056165,-0.023193,0.18565,-0.029825,0.180735,0.003274,0.00098
0,-0.162855,0.054615,-0.00059,0.026226,0.014598,-0.007558,0.002842,0.000953
0,-0.13734,-0.203178,0.03638,-0.261343,0.04977,-0.246993,0.002397,0.003145
0,-0.09686,0.067065,0.040936,0.275312,-0.00243,0.246401,0.001691,0.00117
0,-0.057022,-0.035568,0.027103,-0.076761,0.022518,-0.068537,0.000995,0.000621
0,-0.235495,-0.111153,-0.171017,-0.085021,-0.202855,-0.09696,0.002581,0.00194
0,-0.024161,-0.131939,0.238358,-0.00646,0.204925,0.012447,0.000422,0.002303
0,-0.17596,-0.05993,-0.137643,0.065665,-0.17147,0.053685,0.003071,0.001046
0,-0.175265,0.096541,-0.019694,0.172191,-0.039612,0.192658,0.003059,0.001685
0,-0.068276,0.093485,0.099954,0.00875,0.060198,-0.002406,0.001192,0.001632
0,-0.280505,-0.08825,-0.20649,-0.181069,-0.206804,-0.145794,0.001795,0.00154
0,-0.082465,0.111137,0.205525,0.196705,0.211495,0.186323,0.001439,0.00194
0,-0.03262,-0.027423,0.025203,-0.137033,-0.004552,-0.127761,0.000569,0.000479
0,-0.122528,-0.004702,-0.063944,0.000247,-0.061633,-0.049677,0.002139,8.2e-05
0,-0.100518,0.133436,0.002034,0.119899,-0.019939,0.137088,0.001754,0.002329
0,-0.192559,-0.031476,-0.064677,-0.18159,-0.107322,-0.231028,0.00333,0.000549
0,-0.097763,0.034858,0.089628,0.040063,0.129028,0.013728,0.001706,0.000608
0,0.065415,0.095279,0.152113,0.081806,0.107961,0.091254,0.001142,0.001663
0,-0.130854,-0.121249,-0.176044,-0.221011,-0.208966,-0.24584,0.002284,0.002116
0,-0.084254,-0.079619,0.018704,0.044906,0.025508,0.069369,0.001471,0.00139
0,0.075453,0.068277,0.1786,0.169086,0.198463,0.136174,0.001317,0.001192
0,-0.116305,-0.073069,-0.183935,-0.152392,-0.133982,-0.149287,0.00203,0.001275
0,-0.040089,0.140399,0.062642,0.227019,0.057957,0.232013,0.0007,0.00245
0,-0.104376,0.100216,-0.073723,-0.034365,-0.063928,-0.049543,0.001822,0.001749
0,-0.090986,-0.019382,-0.010959,-0.098446,-0.05567,-0.127464,0.001588,0.000338
0,0.02242,-0.055403,0.110633,-0.032848,0.082258,-0.036383,0.000391,0.000967
0,-0.159626,0.158175,-0.17677,0.243398,-0.142975,0.265255,0.002786,0.002761
0,-0.220401,-0.082888,-0.064883,-0.242548,-0.040362,-0.253888,0.002844,0.001447
0,-0.184334,0.012457,0.025757,0.109127,0.064965,0.073621,0.003217,0.000217
0,-0.186152,0.013541,-0.006928,-0.007091,-0.013139,-0.025696,0.003249,0.000236
0,-0.254602,-0.041698,-0.092798,-0.085056,-0.069765,-0.11703,0.002247,0.000728
0,-0.215551,0.075115,0.023078,0.110903,0.065361,0.123053,0.002929,0.001311
0,0.019952,0.044981,0.225789,-0.01543,0.203877,-0.033944,0.000348,0.000785
0,-0.115784,0.101586,-0.138935,0.026744,-0.136108,0.076386,0.002021,0.001773
0,-0.127536,0.12819,0.005064,0.023068,0.007796,-0.005374,0.002226,0.002237
0,-0.127016,-0.014194,0.028615,-0.112663,0.01417,-0.111779,0.002217,0.000248
0,-0.185782,0.044162,-0.030224,0.065228,-0.030397,0.021719,0.003243,0.000771
0,-0.184905,-0.061925,0.021001,-0.078798,0.040059,-0.063493,0.003227,0.001081
0,-0.067613,0.011468,0.116571,0.071601,0.086212,0.077348,0.00118,0.0002
0,-0.183193,0.012365,-0.121723,0.004715,-0.169538,-0.01573,0.003197,0.000216
0,0.032127,0.001716,0.190131,-0.029689,0.154839,0.004367,0.000561,3e-05
0,-0.037425,-0.067023,-0.087878,-0.087173,-0.041697,-0.087777,0.000653,0.00117
0,0.118457,-0.016788,0.155353,0.035908,0.158258,0.035623,0.002067,0.000293
0,0.031915,-0.008048,-0.096316,0.008116,-0.13064,0.042868,0.000557,0.00014
0,0.128484,0.012324,0.121146,-0.007511,0.170089,0.011156,0.002242,0.000215
0,0.17883,0.072025,0.02589,0.082436,0.038495,0.065464,0.003121,0.001257
0,0.117135,0.002997,-0.08425,-0.059769,-0.081021,-0.040107,0.002044,5.2e-05
0,0.022049,0.11607,-0.07367,0.10251,-0.051755,0.080355,0.000385,0.002026
0,0.082973,0.014813,0.087038,-0.099129,0.129533,-0.076261,0.001448,0.000259
0,0.131856,0.159206,0.051258,0.14017,0.057145,0.13123,0.002301,0.002779
0,-0.040437,0.034743,-0.155175,-0.117128,-0.19846,-0.158379,0.000706,0.000606
0,-0.072651,-0.028935,-0.040142,-0.038637,-0.07921,-0.06274,0.001268,0.000505
0,0.051049,0.054319,0.137967,0.079285,0.139246,0.068616,0.000891,0.000948
0,0.24559,-0.073609,0.203014,-0.104613,0.170772,-0.073131,0.002404,0.001285
0,-0.007077,0.078449,-0.245069,0.17099,-0.207503,0.147193,0.000124,0.001369
0,0.053125,-0.154689,0.05432,-0.261899,0.092584,-0.236575,0.000927,0.0027
0,0.117568,0.11107,0.060969,0.269093,0.035299,0.221963,0.002052,0.001939
0,0.171079,0.038922,0.040089,-0.073629,0.018078,-0.104055,0.002986,0.000679
0,0.12072,-0.142018,-0.057464,-0.156368,-0.034734,-0.127566,0.002107,0.002479
0,0.131774,0.093582,-0.018637,0.240114,-0.016403,0.212023,0.0023,0.001633
0,0.176085,-0.142065,0.070408,-0.214425,0.110352,-0.179943,0.003073,0.002479
0,0.054861,-0.106824,-0.125931,0.029005,-0.107294,0.010668,0.000958,0.001864
0,0.200415,-0.071598,0.163087,0.053776,0.209515,0.060764,0.003193,0.00125
0,0.178594,0.049273,-0.013352,0.106347,-0.014686,0.088583,0.003117,0.00086
0,0.200115,-0.145984,0.024807,-0.191662,0.025682,-0.201346,0.003198,0.002548
0,0.248164,-0.037576,0.071752,0.094687,0.069306,0.064453,0.00236,0.000656
0,0.028142,-0.103761,-0.243852,-0.066941,-0.203251,-0.112208,0.000491,0.001811
0,-0.01867,-0.027786,-0.02269,0.074508,-0.049694,0.069983,0.000326,0.000485
0,0.117534,0.114741,0.144228,0.171052,0.176571,0.212968,0.002051,0.002003
0,0.272212,0.119508,0.138906,0.005216,0.122682,-0.007719,0.00194,0.002086
0,0.232608,-0.084088,-0.046803,-0.173779,-0.030583,-0.128737,0.002631,0.001468
0,0.164155,-0.054409,-0.043899,0.031168,-0.072425,-0.013218,0.002865,0.00095
0,0.249841,0.114194,0.096833,0.151287,0.05004,0.123883,0.00233,0.001993
0,0.0594,-0.141513,-0.2023,-0.267414,-0.168345,-0.294256,0.001037,0.00247
0,-0.017204,0.09293,-0.103824,0.262279,-0.092649,0.299647,0.0003,0.001622
0,0.022016,-0.136272,0.010714,-0.218009,-5e-05,-0.239099,0.000384,0.002378
0,0.281822,0.046765,0.282945,0.209611,0.274739,0.168133,0.001772,0.000816
0,0.028307,-0.15506,-0.257801,-0.193014,-0.224759,-0.165046,0.000494,0.002706
0,0.126324,0.018497,0.104857,0.186758,0.153906,0.194898,0.002205,0.000323
0,0.280604,-0.055192,0.176891,-0.099977,0.182459,-0.107758,0.001793,0.000963
0,0.241868,0.015318,-0.063588,0.087001,-0.031638,0.113117,0.002469,0.000267
0,0.16213,-0.096624,-0.104075,-0.117204,-0.126914,-0.1214,0.00283,0.001686
0,-0.000906,0.099879,-0.133155,0.22443,-0.157223,0.263787,1.6e-05,0.001743
0,0.118017,0.013658,0.104452,-0.071686,0.151824,-0.121138,0.00206,0.000238
0,0.011546,-0.148556,-0.102808,-0.139226,-0.054111,-0.137531,0.000202,0.002593
0,0.069334,0.001634,0.040034,0.123931,0.03356,0.083601,0.00121,2.9e-05
0,-0.054918,0.010456,-0.127738,0.002683,-0.173015,0.0326,0.000959,0.000182
0,0.048034,0.079584,0.082627,0.079739,0.039211,0.070514,0.000838,0.001389
0,0.175906,0.017987,0.121984,-0.082957,0.137516,-0.071086,0.00307,0.000314
0,0.149774,0.12136,-0.026126,0.133264,-0.049419,0.140974,0.002614,0.002118
0,-0.136369,0.078842,-0.295375,-0.050377,-0.334647,-0.020983,0.00238,0.001376
0,0.184085,-0.02274,0.304387,-0.08957,0.255443,-0.0616,0.003213,0.000397
0,-0.051775,-0.071631,-0.247804,-0.057162,-0.216069,-0.090433,0.000904,0.00125
0,-0.063722,0.165516,0.007832,0.237057,0.045101,0.249763,0.001112,0.002889
0,0.05842,0.117012,0.125396,-0.044977,0.157804,-0.034718,0.00102,0.002042
0,-0.056062,0.035726,-0.086271,-0.083595,-0.077872,-0.132359,0.000978,0.000624
0,-0.16122,0.001581,-0.091851,-0.018331,-0.051843,0.020392,0.002814,2.8e-05
0,-0.008391,0.031049,0.178417,0.015745,0.226947,0.058741,0.000146,0.000542
0,-0.02958,0.157215,-0.042296,0.137619,-0.040182,0.094506,0.000516,0.002744
0,-0.064292,-0.051876,-0.03969,-0.203283,-0.072993,-0.247913,0.001122,0.000905
0,-0.05052,0.154309,0.025228,0.194952,0.001515,0.19018,0.000882,0.002693
0,-0.052824,0.035823,0.0016,-0.115233,0.048716,-0.11237,0.000922,0.000625
0,-0.208257,-0.037924,-0.149001,-0.073094,-0.138632,-0.02704,0.003056,0.000662
0,0.070014,0.002398,0.282371,0.023089,0.270646,0.040612,0.001222,4.2e-05
0,-1.633009,-0.07719,-1.704819,-0.078629,-1.663022,-0.084323,0.001738,0.001347
0,-2.136345,-0.299693,-0.493245,-0.192744,-0.522442,-0.195426,0.002859,0.00146
0,-2.292817,-0.262926,-0.142182,0.056756,-0.118921,0.027242,0.000128,0.002102
0,-2.164792,-0.366947,0.140121,-0.076765,0.117733,-0.05814,0.002362,0.000286
0,-0.76289,-0.053423,1.407019,0.327903,1.359351,0.32877,6.7e-05,0.000932
0,-0.244122,0.255587,0.498679,0.336615,0.532198,0.310635,0.00243,0.00223
0,0.456525,0.715721,0.680583,0.439012,0.641152,0.43058,0.001277,0.00089
0,0.626029,0.406452,0.170465,-0.306745,0.154104,-0.312459,0.002455,0.000403
0,0.423828,0.527692,-0.226383,0.119472,-0.220465,0.072134,0.000706,0.002519
0,0.565143,0.46183,0.156628,-0.043679,0.109296,-0.047009,0.003173,0.00137
0,0.353224,0.311193,-0.185647,-0.162891,-0.169984,-0.183501,0.000526,0.001259
0,0.497324,0.301988,0.140532,-0.031137,0.145679,-0.037699,0.001989,0.00142
0,0.446606,0.255358,-0.033261,-0.023383,-0.045504,0.016998,0.001104,0.002234
0,0.326252,0.087292,-0.129484,-0.19026,-0.175904,-0.232108,0.000997,0.001524
0,0.190393,0.138073,-0.139907,0.071408,-0.100098,0.031293,0.003323,0.00241
0,-8.4e-05,0.043972,-0.216842,-0.10625,-0.232844,-0.063233,1e-06,0.000767
0,0.167845,-0.146855,0.174481,-0.1887,0.210824,-0.173238,0.002929,0.002563
0,0.024348,-0.010708,-0.149092,0.114163,-0.119334,0.134036,0.000425,0.000187
0,0.086283,0.056672,0.068731,0.044218,0.046826,0.087578,0.001506,0.000989
0,-0.123787,-0.028275,-0.191698,-0.074077,-0.150807,-0.098345,0.00216,0.000493
0,0.049965,-0.085488,0.147358,-0.077195,0.179857,-0.086811,0.000872,0.001492
0,0.117418,-0.021228,0.056141,0.056531,0.057754,0.042089,0.002049,0.000371
0,0.038044,0.023762,-0.057304,0.02143,-0.09016,0.042318,0.000664,0.000415
0,-0.096934,-0.045462,-0.140932,-0.087849,-0.182077,-0.087165,0.001692,0.000793
0,0.016603,-0.128503,0.133847,-0.097791,0.118751,-0.104776,0.00029,0.002243
0,0.035171,-0.041934,0.013669,0.097103,0.058252,0.0582,0.000614,0.000732
0,0.115124,0.072994,0.064828,0.1062,0.109491,0.085414,0.002009,0.001274
0,-0.129134,-0.108917,-0.267649,-0.199903,-0.231584,-0.24352,0.002254,0.001901
0,-0.154861,0.04971,-0.037125,0.172337,-0.026018,0.167478,0.002703,0.000868
0,-0.048187,-0.063816,0.077157,-0.083788,0.067382,-0.079779,0.000841,0.001114
0,0.096271,0.065428,0.148695,0.132604,0.138089,0.091825,0.00168,0.001142
0,-0.14169,-0.140567,-0.262752,-0.189492,-0.267151,-0.170385,0.002473,0.002453
0,0.11098,-0.043232,0.259144,0.086812,0.210032,0.13363,0.001937,0.000755
0,-0.077601,-0.085799,-0.186957,-0.055353,-0.233498,-0.066719,0.001354,0.001497
0,0.07773,0.044964,0.155538,0.155487,0.162608,0.138603,0.001357,0.000785
0,-0.137673,-0.222281,-0.209208,-0.261686,-0.172958,-0.295051,0.002403,0.002811
0,0.06357,-0.087382,0.184906,0.120245,0.174861,0.146015,0.00111,0.001525
0,0.067424,0.016489,-0.001124,0.118618,-0.041449,0.139605,0.001177,0.000288
0,-0.181634,-0.111973,-0.221512,-0.141334,-0.259681,-0.123001,0.00317,0.001954
0,-0.176929,-0.001317,-0.020132,0.085641,-0.052288,0.049307,0.003088,2.3e-05
0,-0.004618,-0.153704,0.180793,-0.1428,0.140848,-0.098549,8.1e-05,0.002683
0,-0.001663,-0.138919,-0.01604,0.00988,-0.005869,0.020399,2.9e-05,0.002425
0,-0.22508,-0.020032,-0.199439,0.090963,-0.23597,0.124154,0.002762,0.00035
0,-0.127741,-0.177863,0.107796,-0.186875,0.076272,-0.202096,0.00223,0.003104
0,0.099208,0.074736,0.253035,0.264596,0.225134,0.244766,0.001732,0.001304
0,0.100839,-0.074509,-0.006419,-0.12075,-0.045636,-0.079758,0.00176,0.0013
0,0.0154,0.02909,-0.069372,0.093329,-0.031074,0.084743,0.000269,0.000508
0,-0.13354,0.012165,-0.153029,0.008646,-0.103387,0.014487,0.002331,0.000212
0,-0.030314,0.097274,0.110233,0.113025,0.12111,0.155891,0.000529,0.001698
0,0.039887,0.11738,0.099454,0.00414,0.109978,0.040383,0.000696,0.002049
0,0.072858,0.13379,0.012002,-0.007524,0.060989,-0.047798,0.001272,0.002335
0,-0.063575,-0.020563,-0.116112,-0.124697,-0.115212,-0.120568,0.00111,0.000359
0,-0.157997,-0.128962,-0.070009,-0.085513,-0.059476,-0.077375,0.002758,0.002251
0,0.001073,-0.093791,0.138905,0.031189,0.135904,0.041864,1.9e-05,0.001637
0,0.019591,-0.121923,0.019837,-0.021672,-0.017021,-0.059262,0.000342,0.002128
0,0.123685,-0.069633,0.107659,0.080559,0.152654,0.10111,0.002159,0.001215
0,0.055723,-0.039493,-0.086151,0.028998,-0.059686,0.059682,0.000973,0.000689
0,-0.093681,-0.104273,-0.161716,-0.066506,-0.132614,-0.066789,0.001635,0.00182
0,-0.010713,-0.092783,0.093554,0.015536,0.105054,0.052304,0.000187,0.001619
0,-0.023723,0.101927,-0.00773,0.165586,-0.011216,0.186301,0.000414,0.001779
0,-0.086727,0.079152,-0.06963,-0.030795,-0.056701,-0.0423,0.001514,0.001381
0,0.044434,-0.05444,0.141204,-0.112603,0.190925,-0.161216,0.000776,0.00095
0,-0.040331,-0.120347,-0.099642,-0.060198,-0.108426,-0.033429,0.000704,0.0021
0,0.060722,0.020831,0.080432,0.151742,0.109231,0.121662,0.00106,0.000364
0,-0.007257,0.04708,-0.071396,0.036925,-0.053598,0.026369,0.000127,0.000822
0,0.066711,-0.046197,0.069892,-0.114877,0.103789,-0.164201,0.001164,0.000806
0,0.140155,-0.052376,0.071625,-0.02809,0.025423,0.015174,0.002446,0.000914
0,0.249028,-0.127304,0.093581,-0.101154,0.050926,-0.087173,0.002344,0.002222
0,0.204096,0.105177,-0.046637,0.261998,-0.024457,0.258106,0.003129,0.001836
0,-0.015473,0.108511,-0.202774,0.005,-0.201011,-0.040222,0.00027,0.001894
0,0.123253,-0.165083,0.166993,-0.284632,0.191314,-0.258381,0.002151,0.002881
0,0.08655,0.014794,-0.015215,0.15086,-0.050321,0.148328,0.001511,0.000258
0,-0.035453,-0.112864,-0.133615,-0.112765,-0.122191,-0.080586,0.000619,0.00197
0,0.060615,-0.075065,0.070095,0.033263,0.022302,0.063008,0.001058,0.00131
0,0.244488,-0.106656,0.159564,-0.042876,0.115015,-0.081461,0.002424,0.001862
0,0.018646,0.089066,-0.247205,0.199531,-0.267791,0.228514,0.000325,0.001554
0,0.306913,0.074349,0.317329,0.000544,0.341979,0.038757,0.001334,0.001298
0,-0.003704,0.053111,-0.300245,-0.005275,-0.259273,0.030886,6.5e-05,0.000927
0,-0.034479,0.025787,-0.012195,-0.006872,-0.04593,0.000864,0.000602,0.00045
0,-0.099599,-0.157346,-0.081862,-0.188995,-0.12079,-0.191823,0.001738,0.002746
0,0.023181,-0.121568,0.138168,0.012377,0.138256,-0.007395,0.000405,0.002122
0,0.109909,-0.169546,0.109183,-0.027916,0.072285,0.008564,0.001918,0.002959
0,-0.101248,0.035806,-0.186011,0.176053,-0.190115,0.182519,0.001767,0.000625
0,0.974796,0.442604,1.067483,0.413569,1.090033,0.377083,0.003059,0.001034
0,1.995819,1.341698,1.031038,0.870265,1.02683,0.872602,0.00138,0.003345
0,1.74135,1.349481,-0.225172,-0.013724,-0.188398,-0.051842,0.003062,0.00321
0,1.482425,1.388581,-0.25918,0.02966,-0.256471,-0.002182,0.00089,0.002528
0,1.198346,1.082238,-0.262555,-0.298678,-0.257535,-0.339674,0.000843,0.001184
0,1.093837,1.048019,-0.090401,-0.013886,-0.138781,0.000925,0.000981,0.001781
0,0.792608,0.823561,-0.278672,-0.211444,-0.233539,-0.173289,0.000452,0.000992
0,0.372765,0.688289,-0.420247,-0.111649,-0.412175,-0.097055,0.000185,0.001369
0,0.342657,0.185213,-0.054656,-0.514315,-0.073343,-0.487345,0.00071,0.003233
0,0.043828,0.033498,-0.325924,-0.124352,-0.281008,-0.080738,0.000765,0.000585
0,-0.046896,-0.096468,-0.087731,-0.13415,-0.050738,-0.156276,0.000818,0.001684
0,-0.008749,-0.057196,0.047829,0.057893,0.079791,0.012381,0.000153,0.000998
0,-0.166116,-0.066829,-0.140609,-0.000203,-0.157219,-0.032215,0.002899,0.001166
0,-0.296431,-0.063543,-0.158971,0.001839,-0.142995,0.001517,0.001517,0.001109
0,-0.271569,-0.192815,0.000574,-0.145363,-0.043916,-0.137817,0.001951,0.003326
0,-0.154191,-0.084747,0.114752,0.111279,0.138777,0.117956,0.002691,0.001479
0,-0.189955,-0.160161,-0.049872,-0.102492,-0.034336,-0.120486,0.003315,0.002795
0,-0.17085,-0.167619,0.016736,-0.011154,0.024293,-0.006049,0.002982,0.002926
0,-0.131989,0.031944,0.027911,0.179062,0.027049,0.203551,0.002304,0.000558
0,-0.020284,-0.129323,0.091484,-0.135245,0.072389,-0.11903,0.000354,0.002257
0,-0.054505,-0.078888,-0.036095,0.022331,-0.002947,0.036234,0.000951,0.001377
0,-0.041181,0.03321,0.001329,0.109297,-0.006616,0.103995,0.000719,0.00058
0,0.039937,0.0046,0.066683,-0.007032,0.073961,0.035832,0.000697,8e-05
0,-0.013184,-0.126585,-0.071137,-0.137826,-0.053198,-0.157309,0.00023,0.002209
0,0.091752,-0.185721,0.128234,-0.088735,0.111272,-0.120516,0.001601,0.003241
0,0.13348,0.031154,0.06478,0.22121,0.099207,0.241679,0.00233,0.000544
0,-0.14419,-0.158448,-0.260671,-0.218689,-0.228676,-0.202551,0.002517,0.002765
0,0.10891,-0.050499,0.235159,0.119561,0.258162,0.162044,0.001901,0.000881
0,-0.142412,-0.069378,-0.260554,0.010711,-0.222257,-0.012992,0.002486,0.001211
0,0.07828,0.095068,0.19764,0.178574,0.207563,0.148415,0.001366,0.001659
0,-0.000998,0.030896,-0.064297,-0.087363,-0.041863,-0.041787,1.7e-05,0.000539
0,-0.032307,0.136701,-0.052393,0.093997,-0.061347,0.143279,0.000564,0.002386
0,-0.067007,-0.009705,-0.059241,-0.1333,-0.026771,-0.13995,0.001169,0.000169
0,-0.078026,-0.033644,0.007129,-0.028631,-0.029582,-0.013912,0.001362,0.000587
0,0.09886,-0.072032,0.17658,-0.044933,0.225495,-0.039409,0.001725,0.001257
0,0.137608,-0.12435,0.025442,-0.023128,0.038307,-0.017264,0.002402,0.00217
0,-0.006201,-0.0324,-0.151805,0.114913,-0.193738,0.084411,0.000108,0.000565
0,0.093735,0.071292,0.105519,0.108272,0.106704,0.078917,0.001636,0.001244
0,0.130088,-0.084517,0.04489,-0.140026,0.068247,-0.141631,0.00227,0.001475
0,0.163134,0.000606,0.0555,0.074022,0.082977,0.102922,0.002847,1.1e-05
0,-0.046591,0.060921,-0.216034,0.033316,-0.256916,0.004639,0.000813,0.001063
0,-0.041921,0.066805,-0.022128,0.032429,-0.043533,0.048973,0.000732,0.001166
0,0.11774,0.050642,0.13944,-0.042671,0.157757,-0.030355,0.002055,0.000884
0,0.016495,-0.015733,-0.123022,-0.091684,-0.098995,-0.140365,0.000288,0.000275
0,-0.017657,-0.157843,-0.006674,-0.143682,-0.050488,-0.109373,0.000308,0.002755
0,-0.078457,-0.153633,-0.084045,0.010607,-0.054942,-0.030635,0.001369,0.002681
0,-0.100982,-0.06736,-0.035105,0.108741,-0.053751,0.084606,0.001762,0.001176
0,-0.071209,0.057765,0.020282,0.102744,0.063236,0.079448,0.001243,0.001008
0,0.027275,-0.118983,0.119827,-0.167702,0.096774,-0.148271,0.000476,0.002077
0,-0.197484,-0.060572,-0.240893,0.050094,-0.215827,0.036196,0.003244,0.001057
0,0.057347,0.025318,0.231963,0.10396,0.221913,0.055788,0.001001,0.000442
0,-0.181082,0.062082,-0.234981,0.022314,-0.281673,0.064118,0.00316,0.001084
0,-0.013272,-0.002271,0.164972,-0.081878,0.192626,-0.105031,0.000232,4e-05
0,-0.029846,-0.189301,-0.010277,-0.212683,-0.015364,-0.21889,0.000521,0.003304
0,-0.145274,-0.171267,-0.121299,0.012651,-0.138165,-0.011133,0.002536,0.002989
0,1.676548,0.260674,1.839054,0.426527,1.864216,0.462627,0.002498,0.002141
0,2.701705,0.912122,1.004452,0.675436,0.967132,0.653157,0.000318,0.002538
0,4.088831,1.177522,1.40481,0.239317,1.451735,0.222236,0.002235,0.000479
0,3.913302,1.024563,-0.145844,-0.175581,-0.105306,-0.176935,0.001392,0.00219
0,3.569269,1.161469,-0.371441,0.109584,-0.402074,0.085268,0.002078,0.000199
0,2.988574,0.811212,-0.585231,-0.337082,-0.542539,-0.327436,0.001366,0.000777
0,1.979407,0.581559,-0.982995,-0.224407,-0.98829,-0.234884,0.001093,0.003232
0,1.339842,0.538285,-0.612342,-0.038327,-0.611703,-0.054718,0.003312,0.002704
0,0.901428,0.199849,-0.423696,-0.363331,-0.44359,-0.319584,0.002351,0.003203
0,0.417588,0.187501,-0.472015,-0.023734,-0.422785,0.023385,0.000597,0.003273
0,0.206025,0.213579,-0.214265,0.009732,-0.252612,-0.028527,0.003095,0.002963
0,0.033973,0.060723,-0.162067,-0.158659,-0.165605,-0.129077,0.000593,0.00106
0,-0.128823,0.03056,-0.16513,-0.009128,-0.124258,-0.023153,0.002248,0.000533
0,-0.18503,-0.085349,-0.043651,-0.130001,-0.008396,-0.104704,0.003229,0.00149
0,-0.572854,-0.072374,-0.37527,0.034015,-0.390087,0.030914,0.003307,0.001263
0,-0.456575,-0.00728,0.103345,0.054744,0.107759,0.089916,0.001278,0.000127
0,-0.60991,-0.127457,-0.183142,-0.095005,-0.146278,-0.067197,0.002737,0.002225
0,-0.231067,-0.247919,0.388736,-0.133138,0.340263,-0.158564,0.002658,0.002364
0,-0.41892,-0.19287,-0.199139,0.0625,-0.182437,0.022292,0.000621,0.003325
0,-0.217045,-0.174958,0.226412,0.00814,0.214876,0.044635,0.002903,0.003054
0,-0.363924,-0.274083,-0.134021,-0.121601,-0.1197,-0.13345,0.000339,0.001907
0,-0.333397,-0.005025,0.058136,0.288614,0.028413,0.288181,0.000872,8.8e-05
0,-0.456513,-0.223465,-0.100648,-0.232781,-0.111187,-0.194146,0.001277,0.002791
0,-0.298852,-0.053603,0.15039,0.197517,0.108877,0.200532,0.001475,0.000936
0,-0.82873,0.621293,-0.548906,0.673047,-0.54697,0.691614,0.001082,0.002538
0,-2.021203,1.427489,-1.221503,0.822653,-1.265047,0.823059,0.001823,0.001849
0,-1.973819,1.965892,0.064059,0.533196,0.02205,0.559341,0.000996,0.000857
0,-2.275032,2.1039,-0.329127,0.158598,-0.321288,0.133533,0.000438,0.003266
0,-1.614964,1.925467,0.666252,-0.177007,0.627841,-0.173748,0.001423,0.000152
0,-1.201502,1.562613,0.43943,-0.38072,0.445455,-0.368547,0.000898,0.000509
0,-1.158283,1.073738,0.062518,-0.470346,0.090027,-0.432174,0.000143,0.001332
0,-0.652497,0.779377,0.480738,-0.297517,0.448255,-0.289296,0.001993,0.000221
0,-0.496614,0.488167,0.181762,-0.306537,0.170822,-0.283213,0.001977,0.001829
0,-0.369958,-0.024229,0.107793,-0.527597,0.142455,-0.544511,0.000234,0.000423
0,-0.011466,-0.00782,0.370051,0.00445,0.329319,0.046499,0.0002,0.000136
0,0.120623,0.028375,0.140814,0.056059,0.170571,0.081272,0.002105,0.000495
0,0.141381,-0.285884,0.001504,-0.315021,-0.004774,-0.318491,0.002468,0.001701
0,0.099306,-0.051739,-0.041401,0.261638,-0.031762,0.236985,0.001733,0.000903
0,0.208193,-0.212832,0.079963,-0.13856,0.109984,-0.124249,0.003057,0.002976
0,0.06412,-0.140229,-0.126885,0.087439,-0.098598,0.130698,0.001119,0.002447
0,0.068484,-0.188785,-0.024944,-0.044701,-0.035426,-0.085812,0.001195,0.003295
0,0.118503,-0.054887,0.061258,0.152981,0.019414,0.173748,0.002068,0.000958
0,0.219778,-0.168947,0.10424,-0.135283,0.120182,-0.137848,0.002855,0.002949
0,0.205057,0.02325,-0.023951,0.205847,-0.018894,0.1663,0.003112,0.000406
0,0.066403,-0.178771,-0.149205,-0.175471,-0.177812,-0.15981,0.001159,0.00312
0,0.071498,-0.044135,-0.01128,0.120768,-0.030683,0.122504,0.001248,0.00077
0,-0.098982,-0.060553,-0.183852,-0.00384,-0.150819,-0.005687,0.001728,0.001057
0,-0.161211,-0.133657,-0.050264,-0.051077,-0.003324,-0.051434,0.002814,0.002333
0,-0.130914,-0.131575,0.039934,0.02691,0.038773,-0.020133,0.002285,0.002296
0,-0.210955,0.021492,-0.052662,0.148994,-0.023614,0.119722,0.003009,0.000375
0,0.009554,-0.088562,0.19535,-0.082345,0.198001,-0.127752,0.000167,0.001546
0,0.120859,0.052856,0.108562,0.131846,0.123006,0.180539,0.002109,0.000923
0,-0.150853,-0.130318,-0.272746,-0.16818,-0.310633,-0.154297,0.002633,0.002274
0,-0.057867,0.015927,0.094347,0.171225,0.080248,0.173279,0.00101,0.000278
0,0.023828,-0.187311,0.05393,-0.193928,0.015618,-0.188702,0.000416,0.003269
0,0.032247,0.031254,0.024177,0.194545,0.001746,0.176168,0.000563,0.000545
0,0.177098,-0.177755,0.141633,-0.180573,0.135869,-0.164439,0.003091,0.003102
0,0.130617,-0.140584,-0.055884,0.015737,-0.064532,-0.005735,0.00228,0.002454
0,-0.076842,-0.133575,-0.235316,0.024364,-0.284153,0.016583,0.001341,0.002331
0,-0.065547,-0.184237,0.017425,-0.046081,0.009291,-0.061041,0.001144,0.003216
0,0.134634,0.046958,0.219541,0.216627,0.202303,0.265787,0.00235,0.00082
0,-0.021644,-0.038851,-0.183264,-0.089058,-0.204758,-0.061287,0.000378,0.000678
0,0.083793,-0.082335,0.097016,-0.05807,0.103049,-0.049572,0.001462,0.001437
0,0.069231,-0.028594,-0.037534,0.080145,0.011514,0.033771,0.001208,0.000499
0,0.099882,-0.204292,0.018196,-0.204267,0.064505,-0.229355,0.001743,0.003125
0,0.056393,-0.076747,-0.052779,0.118877,-0.080335,0.097561,0.000984,0.001339
0,0.057707,-0.138821,0.026718,-0.054811,0.059289,-0.085935,0.001007,0.002423
0,0.129148,-0.091834,0.072192,0.064281,0.077785,0.069269,0.002254,0.001603
0,0.20268,0.06953,0.092097,0.174343,0.063059,0.141243,0.003153,0.001214
0,0.191319,0.072208,-0.01688,0.018181,-0.052752,0.021237,0.003339,0.00126
0,0.10504,-0.126923,-0.098259,-0.224587,-0.107468,-0.243356,0.001833,0.002215
0,0.157648,0.134623,0.042438,0.256991,0.071241,0.267091,0.002751,0.00235
0,0.160422,-0.077878,0.000321,-0.202601,-0.008337,-0.166838,0.0028,0.001359
0,0.262882,-0.100726,0.115843,-0.009527,0.084107,0.016639,0.002103,0.001758
0,0.117275,-0.027166,-0.170271,0.044873,-0.128998,0.068088,0.002047,0.000474
0,0.104908,-0.070123,0.005996,-0.04096,0.044037,-0.05714,0.001831,0.001224
0,0.120672,0.14991,0.036612,0.2322,0.038315,0.265709,0.002106,0.002616
0,0.058202,0.089256,-0.067913,-0.068283,-0.019314,-0.049947,0.001016,0.001558
0,0.046252,-0.004961,0.003557,-0.075713,-0.00024,-0.109105,0.000807,8.7e-05
0,0.117667,-0.044994,0.057044,-0.057627,0.10607,-0.048737,0.002054,0.000785
0,-0.091744,0.056695,-0.205668,0.101277,-0.253076,0.072405,0.001601,0.00099
0,0.092293,0.032211,0.180522,-0.034139,0.132318,-0.028369,0.001611,0.000562
0,0.012167,-0.075501,-0.092403,-0.108851,-0.13976,-0.120592,0.000212,0.001318
0,0.067401,-0.105213,0.034038,-0.005834,0.070406,0.018825,0.001176,0.001836
0,-0.094185,-0.073989,-0.152232,0.005531,-0.124905,-0.042375,0.001644,0.001291
0,-0.019993,0.110531,0.053374,0.18905,0.032946,0.177262,0.000349,0.001929
0,-0.102928,-0.166838,-0.112644,-0.268247,-0.077545,-0.219137,0.001796,0.002912
0,-0.019312,-0.120503,0.087978,0.055668,0.093306,0.019766,0.000337,0.002103
0,0.036245,0.035513,0.054791,0.149101,0.053714,0.190817,0.000633,0.00062
0,-0.063113,0.045423,-0.128525,0.021064,-0.135402,-0.002295,0.001102,0.000793
0,-0.137774,-0.072361,-0.084737,-0.145537,-0.048644,-0.095971,0.002405,0.001263
0,0.074077,0.021547,0.230354,0.117445,0.250219,0.106045,0.001293,0.000376
0,-0.119364,0.00095,-0.203336,-0.034907,-0.234685,-0.05026,0.002083,1.7e-05
0,-0.054913,-0.207219,0.07944,-0.235378,0.111523,-0.265862,0.000958,0.003074
0,0.074771,-0.067304,0.130677,0.147867,0.171206,0.151125,0.001305,0.001175
0,0.168178,0.083251,0.088812,0.145879,0.112358,0.172917,0.002935,0.001453
0,-0.078722,0.034377,-0.239835,-0.041479,-0.289463,-0.013686,0.001374,0.0006
0,-0.067067,0.118626,-0.00577,0.06519,-0.002678,0.023803,0.001171,0.00207
0,0.083617,0.073491,0.135527,-0.031213,0.18302,-0.014892,0.001459,0.001283
0,0.148627,0.008944,0.075179,-0.089819,0.124373,-0.064616,0.002594,0.000156
0,0.15044,-0.006313,0.003321,-0.001201,0.048436,-0.050434,0.002626,0.00011
0,0.068551,0.026086,-0.089532,0.03863,-0.135712,0.048052,0.001196,0.000455
0,-0.016522,-0.169218,-0.066929,-0.207689,-0.030545,-0.193558,0.000288,0.002953
0,0.044845,-0.09244,0.079174,0.072473,0.127192,0.043131,0.000783,0.001613
0,0.020752,-0.172784,-0.053988,-0.094238,-0.052844,-0.088356,0.000362,0.003016
0,0.007677,-0.101216,-0.003173,0.049167,-0.02038,0.095085,0.000134,0.001767
0,-0.079684,-0.049145,-0.088087,0.064499,-0.067031,0.065404,0.001391,0.000858
0,0.02932,0.075174,0.10991,0.109703,0.119253,0.092861,0.000512,0.001312
0,-0.072607,-0.082435,-0.091645,-0.164931,-0.053739,-0.155041,0.001267,0.001439
0,-0.14514,-0.007797,-0.082708,0.055189,-0.087607,0.075169,0.002533,0.000136
0,-0.015849,-0.119705,0.119887,-0.097842,0.162101,-0.096775,0.000277,0.002089
0,0.082579,-0.116228,0.085142,-0.017056,0.041163,-0.04141,0.001441,0.002029
0,-0.094277,0.031418,-0.169611,0.135284,-0.147702,0.158494,0.001645,0.000548
0,-0.035456,-0.041174,0.029788,-0.050173,0.052687,-0.04585,0.000619,0.000719
0,-0.048793,-0.088782,-0.006196,-0.048462,0.037255,-0.077487,0.000852,0.00155
0,-0.063487,0.073464,-0.000833,0.139043,0.006373,0.136264,0.001108,0.001282
0,0.087601,-0.006022,0.126901,-0.097567,0.173188,-0.121193,0.001529,0.000105
0,0.125493,0.091727,0.018359,0.091399,0.003465,0.092321,0.00219,0.001601
0,-0.140831,-0.021774,-0.240191,-0.121627,-0.260924,-0.086522,0.002458,0.00038
0,0.114062,0.097808,0.27125,0.103588,0.317008,0.064081,0.001991,0.001707
0,-0.048961,-0.063223,-0.151108,-0.174498,-0.13296,-0.180829,0.000855,0.001103
0,0.042752,-0.151763,0.06838,-0.072615,0.090695,-0.045638,0.000746,0.002649
0,0.053949,-0.121662,0.031695,0.009564,-0.011943,0.011528,0.000942,0.002123
0,-0.102731,0.071694,-0.170909,0.189713,-0.161917,0.17996,0.001793,0.001251
0,-0.055598,0.093556,0.063938,0.013943,0.081943,0.018759,0.00097,0.001633
0,0.052903,0.051526,0.096744,-0.037168,0.116463,-0.029433,0.000923,0.000899
0,-0.106214,-0.124259,-0.174624,-0.180646,-0.177026,-0.228089,0.001854,0.002169
0,-0.021232,-0.095516,0.111262,0.027934,0.117927,-0.013587,0.000371,0.001667
0,0.113615,-0.156863,0.148889,-0.064582,0.128019,-0.088313,0.001983,0.002738
0,0.075621,0.019378,-0.06529,0.178774,-0.02025,0.143955,0.00132,0.000338
0,0.123858,0.070537,0.024672,0.025939,-0.01893,0.066923,0.002162,0.001231
0,-0.103735,-0.168904,-0.238381,-0.246591,-0.251965,-0.237504,0.001811,0.002948
0,0.157817,-0.0622,0.2827,0.103199,0.257104,0.087734,0.002754,0.001086
0,0.046069,-0.12474,-0.111331,-0.051795,-0.124297,-0.071262,0.000804,0.002177
0,-0.011905,-0.040649,-0.083366,0.091405,-0.121766,0.041631,0.000208,0.000709
0,-0.148738,-0.139929,-0.121136,-0.097474,-0.104362,-0.092212,0.002596,0.002442
0,-0.058781,-0.124358,0.087619,-0.011346,0.088384,-0.052739,0.001026,0.00217
0,-0.005088,0.094458,0.028373,0.224781,-0.005208,0.176194,8.9e-05,0.001649
0,0.099437,0.152895,0.086966,0.061254,0.120955,0.016328,0.001736,0.002669
0,-0.02199,-0.059108,-0.104863,-0.200434,-0.140011,-0.191999,0.000384,0.001032
0,-0.131627,-0.061483,-0.092394,0.01548,-0.140565,-0.031448,0.002297,0.001073
0,-0.007777,-0.12222,0.135286,-0.0431,0.08812,-0.000772,0.000136,0.002133
0,0.086375,-0.069209,0.083773,0.035367,0.035557,0.056113,0.001508,0.001208
0,-0.019327,0.082229,-0.076681,0.171516,-0.050662,0.210277,0.000337,0.001435
0,-0.130726,0.004997,-0.115485,-0.072587,-0.078339,-0.069906,0.002282,8.7e-05
0,-0.079075,0.087663,0.076792,0.084048,0.043707,0.042715,0.00138,0.00153
0,-0.024443,-0.109644,0.076374,-0.168735,0.039098,-0.159894,0.000427,0.001914
0,-0.008492,-0.13417,-0.009309,-0.03205,-0.016255,0.00258,0.000148,0.002342
0,0.081568,-0.027596,0.097696,0.086324,0.119647,0.068915,0.001424,0.000482
0,0.086811,0.129607,-0.022105,0.134075,-3.3e-05,0.163266,0.001515,0.002262
0,-0.05976,0.16954,-0.124726,0.021119,-0.166877,-0.001065,0.001043,0.002959
0,0.066172,-0.03626,0.134853,-0.229482,0.123414,-0.259536,0.001155,0.000633
0,0.155348,0.023816,0.082719,0.039303,0.102751,0.049612,0.002711,0.000416
0,0.117928,0.007262,-0.04051,-0.036604,-0.035777,-0.047868,0.002058,0.000127
0,0.038149,-0.144258,-0.091596,-0.149681,-0.080057,-0.150842,0.000666,0.002518
0,-0.103775,-0.077165,-0.128778,0.04772,-0.130676,0.064857,0.001811,0.001347
0,0.017705,0.08912,0.108844,0.16331,0.108813,0.14279,0.000309,0.001555
0,0.002337,0.0062,-0.005031,-0.076322,0.000489,-0.117577,4.1e-05,0.000108
0,-0.021364,-0.089126,-0.024926,-0.069249,-0.064737,-0.094341,0.000373,0.001556
0,-0.135347,-0.099138,-0.129273,0.015951,-0.131993,-0.013202,0.002362,0.00173
0,-0.13395,0.07385,0.026861,0.157142,-0.004021,0.179011,0.002338,0.001289
0,-0.255898,0.071561,-0.134901,-0.027199,-0.150613,-0.06582,0.002225,0.001249
0,-0.08243,-0.16562,0.186541,-0.216381,0.204209,-0.259001,0.001439,0.002891
0,-0.326326,-0.161748,-0.214811,0.027932,-0.206751,0.028464,0.000995,0.002823
0,-0.140388,-0.077933,0.209488,0.096091,0.166447,0.139657,0.00245,0.00136
0,-0.122687,0.033302,0.03413,0.100409,0.068129,0.067659,0.002141,0.000581
0,-0.260359,-0.124948,-0.152184,-0.14685,-0.146366,-0.147896,0.002147,0.002181
0,-0.214271,-0.100367,0.020703,0.032308,0.024121,0.040289,0.002951,0.001752
0,-0.121652,0.012113,0.074237,0.120521,0.080319,0.110884,0.002123,0.000211
0,-0.044938,0.001679,0.088346,0.018029,0.111229,0.002425,0.000784,2.9e-05
0,-0.206355,-0.1842,-0.172652,-0.171669,-0.199827,-0.122008,0.003089,0.003215
0,-0.112938,-0.115406,0.10068,0.047165,0.096697,0.053527,0.001971,0.002014
0,-0.076847,-0.141421,0.02075,-0.012595,0.05283,-0.055949,0.001341,0.002468
0,-0.094604,0.054487,-0.025808,0.180643,0.004582,0.182193,0.001651,0.000951
0,-0.226568,0.029558,-0.126916,-0.053186,-0.145162,-0.019281,0.002736,0.000516
0,-0.198695,-0.072682,0.015816,-0.107172,0.047817,-0.06208,0.003223,0.001269
0,-0.194426,0.028714,-0.012949,0.08793,0.020205,0.043538,0.003297,0.000501
0,-0.091559,0.147114,0.112221,0.1143,0.101774,0.110302,0.001598,0.002568
0,-0.227544,-0.072324,-0.126817,-0.202984,-0.129285,-0.22103,0.002719,0.001262
0,-0.094616,-0.030049,0.134406,0.028699,0.182354,0.059318,0.001651,0.000524
0,-0.146212,0.057736,-0.053853,0.100501,-0.062207,0.148281,0.002552,0.001008
0,0.029385,0.150318,0.150375,0.07628,0.144897,0.028344,0.000513,0.002624
0,0.023574,-0.000739,0.023603,-0.140834,0.065964,-0.182162,0.000411,1.3e-05
0,-0.031789,0.124658,-0.076623,0.142869,-0.036197,0.189162,0.000555,0.002176
0,-0.197132,0.04448,-0.14301,-0.078192,-0.140445,-0.053164,0.00325,0.000776
0,0.079504,0.034303,0.272202,-0.006792,0.284986,-0.049671,0.001388,0.000599
0,-0.054899,0.137599,-0.11118,0.12971,-0.084019,0.155996,0.000958,0.002402
0,-0.121187,-0.10502,-0.061127,-0.271556,-0.030379,-0.235776,0.002115,0.001833
0,0.079125,-0.043919,0.213404,0.083603,0.173346,0.112331,0.001381,0.000767
0,0.12416,-0.028517,0.048931,0.026653,0.055181,0.025566,0.002167,0.000498
0,-0.110972,-0.051225,-0.20887,-0.012609,-0.220451,-0.055475,0.001937,0.000894
0,0.007882,-0.003222,0.112296,0.044883,0.143309,0.047224,0.000138,5.6e-05
0,-0.040911,0.153573,-0.046084,0.148195,-0.017752,0.11357,0.000714,0.00268
0,0.012709,-0.103761,0.043936,-0.281123,0.036699,-0.266726,0.000222,0.001811
0,-0.003684,-0.060459,0.001892,0.058898,6e-05,0.038556,6.4e-05,0.001055
0,-0.031794,0.023909,-0.052807,0.064583,-0.070715,0.096268,0.000555,0.000417
0,0.095203,0.10981,0.14062,0.05816,0.181525,0.101679,0.001662,0.001917
0,-1.73818,0.884061,-1.84132,0.771792,-1.794349,0.774643,0.003117,0.002048
0,-2.908294,1.305932,-1.168518,0.43637,-1.197015,0.425279,0.002767,0.00272
0,-3.670023,1.235538,-0.775218,-0.057546,-0.818728,-0.020629,0.002854,0.001492
0,-3.319244,1.357644,0.344975,0.144975,0.320734,0.117621,0.002286,0.003068
0,-2.751537,1.086105,0.554267,-0.286604,0.528553,-0.244857,0.001188,0.001116
0,-2.377854,0.875228,0.396472,-0.216512,0.348202,-0.204693,0.001356,0.001894
0,-2.119012,0.925354,0.249143,0.021101,0.273752,0.064467,0.003161,0.002769
0,-1.471759,0.767018,0.663455,-0.171378,0.66964,-0.145387,0.001076,5e-06
0,-0.796558,0.300116,0.703854,-0.47117,0.749275,-0.492042,0.000521,0.001453
0,-0.065286,0.72617,0.752794,0.408387,0.789855,0.385476,0.001139,0.000708
0,0.279589,1.446093,0.370898,0.730709,0.381621,0.68726,0.001811,0.001524
0,0.268173,1.647581,-0.01016,0.226491,0.00156,0.219309,0.00201,0.001992
0,0.512006,1.532015,0.221632,-0.135841,0.244673,-0.124882,0.002245,2.5e-05
0,0.533147,1.231059,0.033676,-0.280329,0.050767,-0.243648,0.002614,0.001414
0,0.61501,0.991133,0.079323,-0.216477,0.10956,-0.264434,0.002648,0.002774
0,0.30399,0.670527,-0.331105,-0.346475,-0.31804,-0.351162,0.001385,0.001679
0,0.350295,0.263662,0.021021,-0.403332,-0.002231,-0.423292,0.000577,0.002089
0,0.19565,0.088503,-0.180245,-0.1982,-0.208199,-0.228578,0.003276,0.001545
0,-0.016888,0.10062,-0.233262,-0.013897,-0.212229,-0.029629,0.000295,0.001756
0,-0.035364,0.117503,-0.009812,0.028052,0.003807,0.058128,0.000617,0.002051
0,-0.004783,0.049822,0.033299,-0.063463,0.02454,-0.044233,8.3e-05,0.00087
0,-0.153461,-0.090555,-0.11911,-0.160298,-0.118701,-0.188953,0.002678,0.00158
0,0.074646,0.012087,0.212331,0.085756,0.233806,0.050338,0.001303,0.000211
0,-0.117096,0.089634,-0.209865,0.074691,-0.218763,0.109444,0.002044,0.001564
0,-0.000546,-0.122584,0.108156,-0.228788,0.141219,-0.24458,1e-05,0.002139
0,-0.171083,-0.14765,-0.199084,-0.030865,-0.156421,-0.029018,0.002986,0.002577
0,0.038541,-0.156424,0.234253,-0.032377,0.249054,-0.059671,0.000673,0.00273
0,0.082725,0.096509,0.015907,0.25454,-0.033867,0.247134,0.001444,0.001684
0,-0.201177,-0.099085,-0.306652,-0.194945,-0.265995,-0.232582,0.00318,0.001729
0,-0.088627,0.058976,0.117356,0.14373,0.097314,0.097476,0.001547,0.001029
0,0.068343,-0.033311,0.157045,-0.065194,0.125775,-0.016261,0.001193,0.000581
0,-0.065728,-0.085108,-0.122359,-0.072192,-0.104298,-0.030404,0.001147,0.001485
0,-0.016274,0.113791,0.028062,0.1882,0.044031,0.171331,0.000284,0.001986
0,2.580656,-0.441271,2.572132,-0.538202,2.610451,-0.579165,0.001795,0.001011
0,3.018781,-1.277064,0.453022,-0.841484,0.493083,-0.827528,0.000839,0.002217
0,2.957275,-1.210863,-0.035416,0.063737,-0.012318,0.022383,0.001912,0.001061
0,3.125702,-0.998474,0.183457,0.21709,0.196233,0.234524,0.001027,0.002646
0,2.845334,-0.723935,-0.251192,0.287744,-0.243289,0.336998,0.002825,0.000747
0,2.781479,-0.749995,-0.092198,-0.040255,-0.123608,-0.021654,0.00171,0.000292
0,2.063022,-0.447998,-0.743195,0.323952,-0.727574,0.355484,0.002552,0.001128
0,1.781885,-0.500465,-0.259113,-0.029435,-0.217703,-0.027312,0.002354,0.002044
0,1.372916,-0.160071,-0.382771,0.367827,-0.362831,0.326791,0.002801,0.002794
0,0.916869,-0.270345,-0.451735,-0.112885,-0.493624,-0.087771,0.002621,0.001972
0,0.112642,-0.162421,-0.800667,0.078704,-0.761364,0.037198,0.001966,0.002835
0,0.110169,0.050591,-0.002209,0.222597,-0.040105,0.255143,0.001923,0.000883
0,-0.000484,0.098612,-0.122164,0.037454,-0.093048,0.004096,8e-06,0.001721
0,-0.250717,0.066439,-0.231267,-0.019906,-0.184139,-0.022395,0.002315,0.00116
0,-0.368094,0.071987,-0.090251,-0.023459,-0.11068,0.014207,0.000266,0.001256
0,-0.176409,0.156812,0.177912,0.109523,0.1949,0.097447,0.003079,0.002737
0,-0.433037,0.106355,-0.266189,-0.069512,-0.304506,-0.115205,0.000867,0.001856
0,-0.193467,-0.014008,0.215033,-0.149809,0.210568,-0.13682,0.003314,0.000244
0,-0.176597,0.040467,0.027076,0.03738,0.074189,0.00473,0.003082,0.000706
0,-0.281314,0.137737,-0.129751,0.07752,-0.139887,0.103434,0.001781,0.002404
0,-0.07321,0.165429,0.213185,0.027016,0.219551,-0.000262,0.001278,0.002887
0,-0.179679,0.046054,-0.117379,-0.101678,-0.080069,-0.143503,0.003136,0.000804
0,-0.033285,0.054027,0.124293,0.006912,0.147125,0.033594,0.000581,0.000943
0,-0.206216,-0.008899,-0.152974,-0.079176,-0.179196,-0.073432,0.003092,0.000155
0,-0.259524,0.077931,-0.053478,0.082087,-0.070393,0.112211,0.002161,0.00136
0,-0.106786,-0.001337,0.177779,-0.101028,0.156724,-0.056801,0.001864,2.3e-05
0,0.054467,0.009018,0.167793,-0.011125,0.124139,0.025265,0.000951,0.000157
0,-0.215604,0.075815,-0.27202,0.076567,-0.240016,0.043072,0.002928,0.001323
0,-0.095404,0.065827,0.116221,0.001442,0.101837,-0.014053,0.001665,0.001149
0,-0.014262,-0.058011,0.077725,-0.150165,0.101441,-0.151731,0.000249,0.001012
0,-0.172531,0.032218,-0.173478,0.117254,-0.147943,0.109848,0.003011,0.000562
0,-0.205243,-0.065091,-0.020835,-0.081423,-0.042641,-0.114911,0.003109,0.001136
0,-0.168126,-0.099094,0.048117,-0.053115,0.049647,-0.037812,0.002934,0.00173
0,-0.278416,0.042722,-0.124751,0.147563,-0.086528,0.155729,0.001832,0.000746
0,-0.056537,0.146935,0.203546,0.087512,0.156175,0.052841,0.000987,0.002564
0,-0.069136,0.172736,0.001679,0.04286,-0.013843,0.048254,0.001207,0.003015
0,-0.265996,0.006598,-0.20883,-0.168878,-0.22513,-0.205588,0.002048,0.000115
0,-0.070332,-0.012922,0.22462,-0.044279,0.184289,-0.033549,0.001228,0.000226
0,-0.260718,-0.117569,-0.193213,-0.099128,-0.146874,-0.082601,0.00214,0.002052
0,-0.192043,-0.025578,0.094155,0.080635,0.047022,0.087133,0.003339,0.000446
0,-0.025102,0.015521,0.169294,0.049318,0.198328,0.055961,0.000438,0.000271
0,-0.231172,0.083501,-0.208001,0.095082,-0.19859,0.069776,0.002656,0.001457
0,-0.261441,0.119796,-0.023712,0.01783,-0.058166,0.017048,0.002128,0.002091
0,-0.124092,-0.099389,0.128789,-0.19992,0.098182,-0.230006,0.002166,0.001735
0,-0.218491,0.01165,-0.110627,0.131613,-0.069474,0.13553,0.002877,0.000203
0,-0.14411,0.090279,0.063131,0.094411,0.030695,0.119817,0.002515,0.001576
0,-0.188812,0.135621,-0.064262,0.064943,-0.07888,0.019326,0.003295,0.002367
0,-0.070969,0.112118,0.116445,-0.023258,0.084345,-0.025147,0.001239,0.001957
0,-0.246682,0.010545,-0.18791,-0.109801,-0.170222,-0.127281,0.002385,0.000184
0,-0.212362,-0.061255,0.052863,-0.054887,0.068438,-0.036353,0.002984,0.001069
0,-0.119387,0.123512,0.113197,0.199966,0.132297,0.179425,0.002084,0.002156
0,0.017382,-0.066702,0.134455,-0.184395,0.146372,-0.144202,0.000303,0.001164
0,-0.218029,0.114176,-0.20707,0.176873,-0.181616,0.155886,0.002885,0.001993
0,-0.249935,-0.058523,-0.034511,-0.189481,-0.070984,-0.17142,0.002329,0.001021
0,-0.16339,0.046587,0.06635,0.079611,0.03542,0.089138,0.002852,0.000813
0,-0.112036,-0.125509,0.078511,-0.192583,0.039261,-0.241218,0.001955,0.002191
0,0.054622,-0.094669,0.156009,0.029453,0.168566,-0.014207,0.000953,0.001652
0,0.195915,0.010928,0.164833,0.095763,0.17323,0.121711,0.003271,0.000191
0,0.012617,0.146614,-0.154257,0.139198,-0.186779,0.119539,0.00022,0.002559
0,0.142933,0.084201,0.157687,-0.055474,0.117925,-0.026867,0.002495,0.00147
0,0.139036,0.143969,-0.019967,0.047425,-0.049205,0.048924,0.002427,0.002513
0,0.102111,0.096116,-0.013114,-0.072733,0.00679,-0.091414,0.001782,0.001678
0,-0.007606,-0.088613,-0.08918,-0.18891,-0.072279,-0.234766,0.000133,0.001547
0,0.060213,-0.061187,0.072014,0.032005,0.098899,0.042429,0.001051,0.001068
0,-0.11684,-0.109267,-0.20157,-0.076492,-0.200408,-0.121263,0.002039,0.001907
0,0.107067,-0.027764,0.247803,0.067313,0.244709,0.050751,0.001869,0.000485
0,-0.122588,0.04211,-0.246741,0.074314,-0.284039,0.0323,0.00214,0.000735
0,-0.137867,-0.086647,-0.031613,-0.140375,-0.060258,-0.181957,0.002406,0.001512
0,-0.042001,-0.131828,0.089191,-0.07393,0.096396,-0.025766,0.000733,0.002301
0,-0.040507,-0.1596,0.012086,-0.025065,-0.03643,-0.056156,0.000707,0.002786
0,4.007005,0.323173,4.034588,0.484742,3.993428,0.500918,0.003027,0.00105
0,6.315945,1.141212,2.294668,0.814007,2.316178,0.789679,0.003181,0.000155
0,6.165275,1.134081,-0.154097,-0.021918,-0.127984,-0.06678,0.000551,0.000279
0,5.612155,1.690639,-0.527902,0.553857,-0.576939,0.573655,0.002412,0.002744
0,4.84876,1.461246,-0.735771,-0.257465,-0.688741,-0.278776,0.002354,0.00126
0,3.357404,1.678162,-1.487797,0.201171,-1.513737,0.204487,0.00162,0.002526
0,2.216578,1.462949,-1.159144,-0.213414,-1.208804,-0.260418,0.001458,0.00123
0,1.356071,0.969699,-0.83768,-0.489339,-0.867941,-0.449111,0.003095,0.003148
0,0.152173,0.717606,-1.226372,-0.274999,-1.229859,-0.25044,0.002656,0.000857
0,-0.314313,0.488753,-0.44187,-0.248198,-0.407559,-0.287649,0.001205,0.00184
0,-0.25507,-0.018223,0.031287,-0.479296,0.039905,-0.442611,0.002239,0.000318
0,-0.366007,0.039162,-0.131576,0.033033,-0.154367,0.060417,0.000303,0.000684
0,-0.370962,0.031602,0.010536,-0.027293,0.023037,0.002055,0.000216,0.000552
0,-0.323253,0.023572,0.061088,-0.021126,0.074881,-0.053435,0.001049,0.000411
0,-0.30073,0.062091,0.04048,0.029671,-0.00366,0.078296,0.001442,0.001084
0,-0.457721,0.113078,-0.159196,0.029861,-0.176366,0.070044,0.001298,0.001974
0,-0.461474,-0.063092,0.012969,-0.184864,-0.033719,-0.180431,0.001363,0.001101
0,-0.397435,-0.027531,0.071952,0.062396,0.101788,0.064686,0.000246,0.000481
0,-0.491665,0.136089,-0.095651,0.161538,-0.069148,0.210812,0.00189,0.002375
0,-0.257694,0.089671,0.238156,-0.019821,0.239581,-0.05947,0.002193,0.001565
0,-0.207697,-0.069367,0.040001,-0.1426,-0.008153,-0.122107,0.003066,0.001211
0,-0.290355,-0.015434,-0.100551,0.061341,-0.13981,0.034415,0.001623,0.000269
0,-0.168025,0.078718,0.09529,0.065777,0.068529,0.060604,0.002933,0.001374
0,-0.159809,0.04469,-0.00606,-0.014501,-0.009716,0.023444,0.002789,0.00078
0,-0.295865,0.089185,-0.156349,0.066074,-0.113963,0.081282,0.001527,0.001557
0,-0.275916,-0.02166,0.015086,-0.091674,0.056687,-0.051583,0.001875,0.000378
0,-0.164464,-0.041856,0.110042,-0.018446,0.14826,0.027341,0.00287,0.000731
0,-0.263669,-0.167107,-0.081989,-0.131487,-0.12014,-0.174507,0.002089,0.002917
0,-0.210508,-0.09204,0.060654,0.055361,0.051383,0.08565,0.003017,0.001606
0,-0.269962,0.080562,-0.0411,0.15804,-0.065726,0.14773,0.001979,0.001406
0,-0.015316,-0.03103,0.255062,-0.112644,0.222001,-0.095952,0.000267,0.000542
0,-0.029245,0.019657,-0.008678,0.034992,-0.011585,0.04089,0.00051,0.000343
0,0.076747,-0.142006,0.130908,-0.144991,0.122386,-0.183264,0.001339,0.002478
0,0.046134,-0.135714,-0.034446,0.011424,-0.036355,-0.007334,0.000805,0.002369
0,0.048362,-0.093965,0.012714,0.050131,-0.01021,0.031332,0.000844,0.00164
0,0.04173,-0.000467,-0.030809,0.069117,-0.029095,0.07881,0.000728,8e-06
0,-0.051078,-0.069041,-0.064111,-0.06941,-0.112736,-0.068047,0.000891,0.001205
0,-0.046351,0.075567,0.021986,0.15203,0.023212,0.171246,0.000809,0.001319
0,-0.070269,-0.080869,-0.012416,-0.136281,-0.019024,-0.151616,0.001226,0.001411
0,-0.264398,-0.148259,-0.169113,-0.066535,-0.156695,-0.056425,0.002076,0.002588
0,-0.268446,0.107334,-0.026882,0.237572,0.022737,0.199045,0.002006,0.001873
0,-0.033529,-0.133068,0.252007,-0.23308,0.203943,-0.261557,0.000585,0.002322
0,0.02901,-0.057763,0.036266,0.104475,0.076166,0.103964,0.000506,0.001008
0,-0.236367,-0.111462,-0.280559,-0.024852,-0.232115,-0.069144,0.002565,0.001945
0,0.052162,0.099155,0.31236,0.235447,0.357706,0.254573,0.00091,0.001731
0,-0.166007,0.007266,-0.241135,-0.10936,-0.263431,-0.082797,0.002897,0.000127
0,-0.073104,-0.037804,0.101619,-0.071463,0.112845,-0.040601,0.001276,0.00066
0,-0.036832,-0.146901,0.036838,-0.106948,0.046906,-0.132642,0.000643,0.002564
0,-0.027958,0.082946,0.03102,0.209976,-0.002525,0.239318,0.000488,0.001448
0,-0.130268,-0.067488,-0.094974,-0.121552,-0.142458,-0.107003,0.002274,0.001178
0,-0.17973,-0.018977,-0.062007,0.045575,-0.028971,0.010514,0.003137,0.000331
0,-0.078652,0.113832,0.126909,0.111067,0.169115,0.139391,0.001373,0.001987
0,0.147241,-0.134404,0.241165,-0.244787,0.206688,-0.238583,0.00257,0.002346
0,0.159254,0.076179,0.015439,0.237729,0.005828,0.205421,0.00278,0.00133
0,0.03827,-0.128379,-0.147157,-0.222892,-0.1228,-0.199637,0.000668,0.002241
0,0.067405,0.064615,0.054137,0.165575,0.027695,0.128783,0.001176,0.001128
0,0.032855,0.070715,-0.028304,0.02609,-0.060193,0.022082,0.000573,0.001234
0,-0.154146,-0.056739,-0.210066,-0.104821,-0.225387,-0.11551,0.00269,0.00099
0,-0.126044,0.101237,0.05287,0.155265,0.005885,0.17749,0.0022,0.001767
0,-0.035988,0.045461,0.090711,-0.080792,0.137983,-0.044855,0.000628,0.000793
0,-0.194889,0.01017,-0.179141,-0.015975,-0.22229,-0.01528,0.003289,0.000178
0,-0.129899,0.033858,0.035604,0.021001,0.019792,0.059177,0.002267,0.000591
0,-0.185515,-0.096974,-0.05532,-0.109813,-0.018138,-0.134639,0.003238,0.001693
0,0.069117,-0.092877,0.276219,-0.00801,0.235768,-0.020572,0.001206,0.001621
0,-0.168213,0.006642,-0.244541,0.124735,-0.247346,0.095898,0.002936,0.000116
0,-0.100957,-0.030375,0.055558,-0.008521,0.065427,-0.029196,0.001762,0.00053
0,0.062482,0.12093,0.168355,0.152968,0.188281,0.18431,0.001091,0.002111
0,-0.030319,-0.017209,-0.070479,-0.109171,-0.027676,-0.137522,0.000529,0.0003
0,0.051874,0.048999,0.106146,0.079962,0.118226,0.044224,0.000905,0.000855
0,-0.11349,-0.035329,-0.148224,-0.091042,-0.169975,-0.08024,0.001981,0.000617
0,-0.017456,0.187622,0.074334,0.247014,0.081281,0.203956,0.000305,0.003275
0,-0.141347,0.210787,-0.132192,0.046804,-0.086881,0.060235,0.002467,0.003012
0,-0.196069,0.142018,-0.038283,-0.085196,-0.061091,-0.049022,0.003269,0.002479
0,-0.091661,-0.0067,0.082408,-0.125894,0.112278,-0.113302,0.0016,0.000117
0,-0.180174,0.163602,-0.084019,0.170366,-0.104309,0.182657,0.003145,0.002855
0,-0.049789,-0.037372,0.151541,-0.214804,0.147124,-0.194909,0.000869,0.000652
0,0.152851,-0.056773,0.173824,-0.047966,0.194001,-0.033475,0.002668,0.000991
0,0.075203,-0.042777,-0.068342,-0.010565,-0.039458,-0.009072,0.001313,0.000747
0,0.142559,0.008798,0.067169,0.051834,0.044211,0.051775,0.002488,0.000154
0,0.100654,0.106626,-0.047324,0.102132,-0.005197,0.113417,0.001757,0.001861
0,0.122289,-0.0575,0.039448,-0.138239,0.075126,-0.166199,0.002134,0.001004
0,-0.079359,0.064965,-0.177307,0.149747,-0.186514,0.18074,0.001385,0.001134
0,0.0014,0.100759,0.089472,0.038403,0.138719,0.034649,2.4e-05,0.001759
0,0.054585,0.095937,0.074443,0.000195,0.096085,-0.020116,0.000953,0.001674
0,-0.104713,0.043849,-0.158224,-0.050939,-0.203593,-0.046931,0.001828,0.000765
0,0.076213,0.050603,0.197408,0.028662,0.241649,0.029071,0.00133,0.000883
0,-0.122388,0.026018,-0.216214,0.001756,-0.179133,0.036111,0.002136,0.000454
0,-0.074161,-0.155172,0.055905,-0.189355,0.024852,-0.234422,0.001294,0.002708
0,-0.19998,-0.069977,-0.148385,0.102633,-0.171566,0.129794,0.003201,0.001221
0,-0.207437,-0.13352,-0.023737,-0.090691,0.0151,-0.131052,0.00307,0.00233
0,-0.170573,0.108466,0.038425,0.220839,0.05011,0.206745,0.002977,0.001893
0,-0.082541,-0.126157,0.068242,-0.241362,0.063896,-0.219073,0.001441,0.002202
0,0.01212,0.060253,0.081613,0.177634,0.045195,0.14669,0.000212,0.001052
0,-0.237639,-0.104173,-0.268167,-0.162206,-0.318131,-0.172223,0.002543,0.001818
0,-0.143895,-0.037701,0.076094,0.038943,0.121708,0.049624,0.002511,0.000658
0,-0.114751,0.016863,0.029483,0.084284,-0.012933,0.073397,0.002003,0.000294
0,-0.112929,0.112803,0.006968,0.090715,0.018933,0.086319,0.001971,0.001969
0,-0.170807,0.115657,-0.072922,0.00318,-0.120406,0.047215,0.002981,0.002019
0,-0.244625,0.105178,-0.066639,-0.007379,-0.077824,0.022194,0.002421,0.001836
0,0.026341,0.017309,0.288846,-0.069958,0.302151,-0.044469,0.00046,0.000302
0,-0.145349,0.070428,-0.16645,0.072451,-0.154988,0.037701,0.002537,0.001229
0,-0.28444,-0.155396,-0.15687,-0.232812,-0.177561,-0.267178,0.001726,0.002712
0,-0.211742,-0.047837,0.05028,0.098623,0.008032,0.084991,0.002995,0.000835
0,-0.150474,-0.079546,0.075515,-0.019052,0.073306,-0.023354,0.002626,0.001388
0,-0.1151,-0.007549,0.03353,0.092218,0.017299,0.133228,0.002009,0.000132
0,-0.237076,-0.042157,-0.096193,-0.042664,-0.117272,-0.061672,0.002553,0.000736
0,-0.082334,0.013949,0.162099,0.035849,0.116911,0.02889,0.001437,0.000243
0,-0.190517,0.030107,-0.116131,0.036945,-0.163997,0.054691,0.003325,0.000525
0,-0.089159,-0.093362,0.077976,-0.094743,0.097239,-0.121864,0.001556,0.001629
0,-0.160557,-0.169778,-0.062974,-0.055429,-0.022267,-0.024458,0.002802,0.002963
0,-0.056563,-0.133637,0.118307,0.048447,0.08984,0.074424,0.000987,0.002332
0,0.010249,-0.035523,0.094224,0.079342,0.138812,0.038201,0.000179,0.00062
0,-0.002783,0.027932,-0.034094,0.035391,-0.067411,0.01039,4.9e-05,0.000488
0,0.062859,-0.028339,0.051979,-0.078314,0.049771,-0.124057,0.001097,0.000495
0,0.097981,-0.20304,0.010542,-0.168479,-0.019906,-0.204701,0.00171,0.003147
0,0.081631,-0.167334,-0.01407,0.018248,-0.026456,-0.030578,0.001425,0.002921
0,0.016725,0.014751,-0.041721,0.15483,-0.003272,0.191577,0.000292,0.000257
0,0.256949,-0.21886,0.262963,-0.206936,0.254624,-0.22972,0.002206,0.002871
0,0.108134,-0.209587,-0.17202,0.009862,-0.207798,0.006737,0.001887,0.003033
0,0.09094,-0.083516,-9.1e-05,0.131182,-0.008564,0.15435,0.001587,0.001458
0,-0.08272,-0.185557,-0.188056,-0.08323,-0.181218,-0.076429,0.001444,0.003239
0,0.187244,-0.257769,0.241072,-0.08294,0.257396,-0.105627,0.003268,0.002192
0,-0.018683,-0.013679,-0.22248,0.27066,-0.198823,0.270734,0.000326,0.000239
0,0.091999,-0.18403,0.10613,-0.162283,0.059863,-0.128861,0.001606,0.003212
0,0.070862,-0.114036,-0.039059,0.098237,-0.06417,0.104417,0.001237,0.00199
0,-0.11062,-0.093951,-0.155118,-0.006055,-0.193302,0.031802,0.001931,0.00164
0,-0.043092,-0.036175,0.078507,0.039381,0.053733,-0.007218,0.000752,0.000631
0,-0.163403,-0.134579,-0.116684,-0.109947,-0.147355,-0.112028,0.002852,0.002349
0,0.057969,-0.200097,0.2151,-0.088529,0.210427,-0.069719,0.001012,0.003198
0,-0.083962,0.024132,-0.11784,0.251865,-0.106102,0.241485,0.001465,0.000421
0,0.079501,0.002286,0.176155,-0.004505,0.216749,-0.02264,0.001388,4e-05
0,0.247939,0.024518,0.185191,0.02717,0.153747,0.057004,0.002363,0.000428
0,0.104139,-0.037679,-0.11616,-0.047097,-0.109919,-0.012562,0.001818,0.000658
0,0.226917,-0.139007,0.15276,-0.126124,0.179287,-0.113488,0.00273,0.002426
0,0.034132,0.083133,-0.212993,0.241398,-0.224553,0.21111,0.000596,0.001451
0,-0.007963,0.080055,-0.029954,0.00874,0.002359,0.035458,0.000139,0.001397
0,0.108524,-0.150008,0.089482,-0.218239,0.126692,-0.173633,0.001894,0.002618
0,0.035934,0.076204,-0.05621,0.227149,-0.085742,0.211199,0.000627,0.00133
0,-0.036019,-0.035249,-0.046561,-0.096136,-0.001496,-0.085498,0.000629,0.000615
0,-0.110647,-0.144655,-0.048399,-0.08315,-0.006255,-0.131679,0.001931,0.002525
0,-0.008545,-0.119981,0.101388,0.008873,0.092708,0.037859,0.000149,0.002094
0,0.057134,-0.092243,0.081221,0.048493,0.071766,0.092647,0.000997,0.00161
0,-0.213238,-0.045898,-0.258147,0.053796,-0.26284,0.093578,0.002969,0.000801
0,-0.196665,0.022588,0.043115,0.055185,0.004977,0.038226,0.003258,0.000394
0,-0.051591,-0.013279,0.162393,-0.021843,0.13888,0.014968,0.0009,0.000232
0,-0.007003,0.132291,0.032395,0.126581,0.035063,0.095553,0.000122,0.002309
0,-0.141688,-0.130046,-0.105676,-0.251672,-0.109192,-0.238528,0.002473,0.00227
0,-0.133993,-0.040545,0.006218,0.084543,-0.022912,0.095244,0.002339,0.000708
0,-0.147488,0.093197,-0.032817,0.155722,-0.073437,0.14604,0.002574,0.001627
0,-0.00027,-0.098052,0.171278,-0.170519,0.139883,-0.124967,5e-06,0.001711
0,-0.140727,-0.078127,-0.129041,0.022398,-0.080587,-0.025378,0.002456,0.001364
0,0.05271,-0.065789,0.191509,-0.004508,0.200443,-0.030472,0.00092,0.001148
0,0.05227,-0.083344,0.022983,-0.031742,0.047075,-0.055619,0.000912,0.001455
0,-0.01434,0.076251,-0.041066,0.140562,-0.015945,0.189775,0.00025,0.001331
0,0.136296,-0.092325,0.155136,-0.191737,0.130798,-0.142235,0.002379,0.001611
0,0.129811,-0.040954,0.018007,0.059655,-0.018562,0.046505,0.002266,0.000715
0,-0.050897,0.065809,-0.181514,0.077183,-0.193495,0.037754,0.000888,0.001149
0,-0.1177,-0.057808,-0.059069,-0.143654,-0.0133,-0.124841,0.002054,0.001009
0,-0.063828,-0.160759,0.067078,-0.102296,0.026428,-0.111917,0.001114,0.002806
0,0.041631,0.052585,0.078947,0.236018,0.102961,0.241722,0.000727,0.000918
0,-0.057694,-0.033325,-0.107608,-0.102583,-0.088476,-0.092031,0.001007,0.000582
0,-0.028468,-0.057999,0.05892,-0.04524,0.08381,-0.078705,0.000497,0.001012
0,-0.093396,-0.143284,-0.078843,-0.072491,-0.076175,-0.101774,0.00163,0.002501
0,-0.061709,0.089278,0.013573,0.252904,0.023073,0.22593,0.001077,0.001558
0,0.011168,-0.049267,0.075278,-0.134823,0.058058,-0.107154,0.000195,0.00086
0,-0.010435,0.011808,-0.030517,0.032127,0.017096,0.022717,0.000182,0.000206
0,-0.153492,0.140138,-0.165387,0.113417,-0.154417,0.1425,0.002679,0.002446
0,-0.181593,0.037535,-0.010273,-0.074554,-0.022246,-0.105833,0.003169,0.000655
0,0.11435,0.036433,0.290142,0.018994,0.289046,0.007629,0.001996,0.000636
0,-0.020279,0.10999,-0.16427,0.083944,-0.172977,0.076419,0.000354,0.00192
0,-0.087096,0.094864,-0.089149,-0.035932,-0.046569,-0.001181,0.00152,0.001656
0,-0.020586,-0.117447,0.08009,-0.199417,0.115217,-0.227779,0.000359,0.00205
0,-0.160729,0.08743,-0.132818,0.219846,-0.099604,0.170852,0.002805,0.001526
0,0.026759,0.018608,0.209904,-0.046645,0.187906,-0.076402,0.000467,0.000325
0,-0.242681,-0.133434,-0.274825,-0.156587,-0.281701,-0.199188,0.002455,0.002329
0,-0.102116,0.147698,0.168596,0.284409,0.163698,0.28689,0.001782,0.002578
0,-0.167986,-0.02743,-0.054024,-0.159254,-0.026317,-0.173417,0.002932,0.000479
0,-0.188871,0.10071,-0.016398,0.155176,-0.033369,0.159645,0.003296,0.001758
0,0.056241,0.120536,0.272375,-0.01012,0.249572,-0.049163,0.000982,0.002104
0,-0.075342,0.015171,-0.150523,-0.090206,-0.169102,-0.09678,0.001315,0.000265
0,-0.052889,-0.048467,0.029271,-0.053399,0.07557,-0.045822,0.000923,0.000846
0,0.040483,-0.021602,0.111488,0.049277,0.110887,0.019742,0.000707,0.000377
0,-0.085005,-0.069712,-0.13111,-0.026617,-0.09585,-0.022433,0.001484,0.001217
0,-0.157358,-0.128003,-0.053572,-0.067865,-0.080445,-0.057883,0.002746,0.002234
0,-0.056838,-0.15703,0.111045,-0.055269,0.099829,-0.101187,0.000992,0.002741
0,-0.120931,-0.073844,-0.059118,0.093679,-0.02092,0.102103,0.002111,0.001289
0,-0.087613,0.106157,0.038797,0.191,0.013462,0.163852,0.001529,0.001853
0,-0.047869,-0.119385,0.051527,-0.220308,0.048849,-0.191256,0.000835,0.002084
0,0.084922,-0.035184,0.117066,0.064014,0.112973,0.039717,0.001482,0.000614
0,0.109579,-0.095554,0.010101,-0.066128,-0.02031,-0.034269,0.001913,0.001668
0,-0.089264,-0.035452,-0.177267,0.0612,-0.197457,0.052042,0.001558,0.000619
0,0.165321,0.071568,0.278066,0.106946,0.305036,0.11347,0.002885,0.001249
0,0.234066,-0.163462,0.053136,-0.231196,0.081788,-0.19474,0.002606,0.002853
0,0.217111,-0.125333,-0.035247,0.025999,-0.021914,0.073723,0.002902,0.002187
0,0.09844,-0.100453,-0.143437,0.042058,-0.148531,0.071,0.001718,0.001753
0,0.133458,-0.029539,0.01797,0.086676,0.0237,0.05079,0.002329,0.000516
0,0.05864,0.132787,-0.092458,0.148674,-0.111531,0.102561,0.001023,0.002318
0,-0.046404,-0.15182,-0.120782,-0.285993,-0.145559,-0.325757,0.00081,0.00265
0,0.126928,-0.059554,0.161612,0.085552,0.115697,0.055573,0.002215,0.001039
0,0.161136,0.047955,0.05327,0.114948,0.025853,0.098007,0.002812,0.000837
0,0.073746,-0.155625,-0.116547,-0.190274,-0.163715,-0.232666,0.001287,0.002716
0,0.17953,-0.171073,0.080704,-0.041474,0.039343,-0.039238,0.003133,0.002986
0,0.169693,-0.163013,-0.002681,0.032608,-0.028904,-0.016589,0.002962,0.002845
0,0.174246,-0.18535,0.001735,-0.037459,0.034665,-0.031689,0.003041,0.003235
0,0.228036,-0.009116,0.039523,0.197168,0.076334,0.214651,0.002711,0.000159
0,0.16351,-0.164026,-0.035024,-0.139004,-0.010008,-0.158156,0.002854,0.002863
0,0.072458,-0.024006,-0.101753,0.114959,-0.146114,0.140605,0.001265,0.000419
0,0.154403,0.13791,0.060796,0.132646,0.074809,0.163558,0.002695,0.002407
0,0.10685,-0.091254,-0.071119,-0.238073,-0.043652,-0.270174,0.001865,0.001593
0,0.112589,0.10329,0.019296,0.172432,0.06779,0.195035,0.001965,0.001803
0,0.333855,0.133272,0.216921,0.043267,0.260957,0.057886,0.000864,0.002326
0,0.333627,-0.001304,-0.016341,-0.148937,-0.012628,-0.117201,0.000868,2.3e-05
0,0.137617,0.032673,-0.205651,0.015798,-0.205114,0.061903,0.002402,0.00057
0,0.117338,0.167404,-0.003381,0.154542,-0.031224,0.166492,0.002048,0.002922
0,0.047539,0.155815,-0.046591,0.006511,-0.083637,0.03025,0.00083,0.002719
0,0.110686,0.089006,0.055633,-0.095943,0.011171,-0.098818,0.001932,0.001553
0,-0.003447,0.030267,-0.086261,-0.033016,-0.051621,-0.030572,6e-05,0.000528
0,0.10142,-0.158701,0.108638,-0.208817,0.156542,-0.167054,0.00177,0.00277
0,0.256007,0.13071,0.161271,0.316136,0.13615,0.267995,0.002223,0.002281
0,0.027802,-0.101132,-0.224044,-0.20282,-0.199179,-0.193029,0.000485,0.001765
0,0.147976,-0.138061,0.133147,-0.064987,0.171585,-0.016722,0.002583,0.00241
0,0.118697,0.154969,-0.020772,0.280146,0.019412,0.266408,0.002072,0.002705
0,0.122945,0.063811,0.014165,-0.104214,0.042083,-0.112367,0.002146,0.001114
0,0.156341,-0.065468,0.047821,-0.138841,0.08511,-0.089533,0.002729,0.001143
0,-0.080566,0.084904,-0.224209,0.170803,-0.257124,0.19565,0.001406,0.001482
0,-0.130433,0.047661,-0.061818,-0.024404,-0.059532,-0.052607,0.002276,0.000832
0,0.043089,0.146718,0.153313,0.126737,0.1592,0.162192,0.000752,0.002561
0,-0.127686,0.059701,-0.164682,-0.109066,-0.134964,-0.146051,0.002229,0.001042
0,0.035517,-0.054218,0.144312,-0.090459,0.106031,-0.109141,0.00062,0.000946
0,-0.132087,-0.083814,-0.138199,-0.00328,-0.116808,-0.016137,0.002305,0.001463
0,-0.021768,-0.112633,0.09779,-0.035561,0.146445,-0.075273,0.00038,0.001966
0,-0.139404,-0.070368,-0.136798,0.065977,-0.097615,0.115006,0.002433,0.001228
0,-0.093723,0.017772,0.061222,0.079723,0.038806,0.031389,0.001636,0.00031
0,-0.174785,-0.065374,-0.107637,-0.105529,-0.103203,-0.085454,0.003051,0.001141
0,-0.008884,0.093713,0.167607,0.182225,0.206099,0.173004,0.000155,0.001636
0,-0.058607,-0.011142,-0.041787,-0.116911,-0.028345,-0.094017,0.001023,0.000194
0,-0.135229,0.00342,-0.068644,0.029304,-0.059107,0.032452,0.00236,6e-05
0,-0.027166,-0.03978,0.081157,-0.070597,0.050496,-0.075363,0.000474,0.000694
0,-0.109061,0.00974,-0.103897,0.023651,-0.054026,0.061503,0.001903,0.00017
0,-0.020204,0.0224,0.066467,0.00807,0.067696,-0.018072,0.000353,0.000391
0,0.028733,0.129515,0.033145,0.104896,0.068846,0.151139,0.000501,0.00226
0,-0.186609,0.108085,-0.241754,-0.020421,-0.28643,0.013469,0.003257,0.001886
0,-0.076488,-0.05259,0.093847,-0.139995,0.079142,-0.154462,0.001335,0.000918
0,-0.154985,-0.104682,-0.05335,-0.032333,-0.030382,0.011867,0.002705,0.001827
0,-0.034071,-0.020109,0.122576,0.056523,0.09752,0.070292,0.000595,0.000351
0,0.089526,0.100392,0.117227,0.118992,0.116137,0.135322,0.001563,0.001752
0,-0.050237,-0.085794,-0.132341,-0.199927,-0.122251,-0.229601,0.000877,0.001497
0,0.02536,0.10766,0.077383,0.215946,0.092867,0.18599,0.000443,0.001879
0,-0.111703,0.130129,-0.109932,0.019097,-0.103826,0.059004,0.00195,0.002271
0,-0.044807,-0.076437,0.045828,-0.197365,0.023937,-0.185193,0.000782,0.001334
0,-0.147211,-0.070697,-0.096039,0.017349,-0.092728,-0.019717,0.002569,0.001234
0,0.154876,-0.089796,0.328803,-0.016771,0.296126,0.004228,0.002703,0.001567
0,2.559146,0.868238,2.403548,0.970064,2.39574,0.975845,0.00217,0.001772
0,3.977457,1.749954,1.389984,0.857579,1.377522,0.855149,0.002512,0.002912
0,4.274225,2.180088,0.277882,0.409214,0.261551,0.362302,0.001,0.002095
0,4.135697,2.177901,-0.160628,-0.019391,-0.162167,-0.024363,0.001417,0.002133
0,3.732813,1.96833,-0.389702,-0.221303,-0.392276,-0.254223,0.001758,0.0009
0,2.926936,1.640699,-0.776082,-0.320485,-0.750008,-0.320201,0.002442,0.001872
0,2.428652,1.197932,-0.511375,-0.44041,-0.541395,-0.41765,0.002243,0.000835
0,2.190403,0.724368,-0.252292,-0.47395,-0.26868,-0.484105,0.001915,0.000739
0,1.248561,0.574315,-0.939878,-0.176503,-0.924131,-0.175513,0.001719,0.003333
0,0.884088,0.369813,-0.338635,-0.233997,-0.388258,-0.199333,0.002049,0.000236
0,0.354874,-0.078012,-0.531872,-0.438815,-0.518518,-0.435125,0.000497,0.001362
0,0.195915,-0.134796,-0.158728,-0.068619,-0.142422,-0.021682,0.003271,0.002353
0,0.014916,-0.457943,-0.177002,-0.341664,-0.158713,-0.32247,0.00026,0.001302
0,-0.016278,-0.213448,-0.030368,0.255683,-0.020186,0.21123,0.000284,0.002965
0,-0.109434,-0.210738,-0.074223,0.021594,-0.091848,0.00344,0.00191,0.003013
0,-0.338816,-0.239403,-0.209572,-0.003179,-0.225405,-0.02693,0.000777,0.002512
0,-0.290359,-0.167931,0.065803,0.061677,0.090404,0.091209,0.001623,0.002931
0,-0.088298,-0.113779,0.217426,0.0774,0.212563,0.057994,0.001541,0.001986
0,-0.346229,0.027792,-0.240826,0.138134,-0.283358,0.173999,0.000648,0.000485
0,-0.25854,-0.01478,0.097284,-0.063706,0.055946,-0.034676,0.002178,0.000258
0,-0.017353,-0.074886,0.271089,-0.064427,0.302705,-0.040945,0.000303,0.001307
0,-0.047589,-0.101346,-0.019301,-0.016685,-0.05309,-0.028006,0.000831,0.001769
0,-0.087383,-0.014559,-0.024935,0.101271,-0.070822,0.084334,0.001525,0.000254
0,0.07022,-0.101188,0.158713,-0.091091,0.183597,-0.060656,0.001226,0.001766
0,-0.024916,-0.007584,-0.087911,0.090285,-0.100465,0.135674,0.000435,0.000132
0,0.049296,-0.172355,0.100071,-0.16549,0.142563,-0.190868,0.00086,0.003008
0,0.041646,-0.076769,0.021045,0.086893,0.017065,0.047198,0.000727,0.00134
0,0.13405,-0.136815,0.104396,-0.07413,0.10039,-0.062569,0.00234,0.002388
0,0.10428,0.058435,-0.019178,0.202853,-0.006904,0.173283,0.00182,0.00102
0,0.067921,-0.120813,-0.053676,-0.185931,-0.083443,-0.228473,0.001185,0.002109
0,0.013039,-0.100653,-0.072785,0.001921,-0.027775,0.044869,0.000228,0.001757
0,0.011822,0.072701,0.003465,0.147063,-0.010183,0.180295,0.000206,0.001269
0,-0.154161,-0.00546,-0.15801,-0.100776,-0.179646,-0.064242,0.002691,9.5e-05
0,-0.057837,-0.057433,0.073486,-0.056413,0.079043,-0.029987,0.001009,0.001002
0,0.092013,0.091837,0.126914,0.122253,0.135174,0.120985,0.001606,0.001603
0,-0.1342,-0.140614,-0.200304,-0.233482,-0.181407,-0.25534,0.002342,0.002454
0,-0.12219,0.022748,-0.014503,0.14039,-0.05107,0.0937,0.002133,0.000397
0,-0.116773,-0.081978,0.006595,-0.120921,-0.007146,-0.08733,0.002038,0.001431
0,0.032981,-0.107839,0.150928,-0.055404,0.162988,-0.040043,0.000576,0.001882
0,-0.014691,-0.020079,-0.074026,0.059137,-0.090239,0.100939,0.000256,0.00035
0,0.1297,-0.089265,0.126972,-0.062692,0.094755,-0.095679,0.002264,0.001558
0,0.052478,-0.107835,-0.056456,-0.014532,-0.089683,0.012989,0.000916,0.001882
0,0.114696,-0.190293,0.090498,-0.077311,0.063353,-0.036561,0.002002,0.003321
0,0.099095,-0.067477,0.000449,0.111335,0.004755,0.121527,0.00173,0.001178
0,0.050251,0.065277,-0.03419,0.152807,-0.043717,0.164731,0.000877,0.001139
0,0.301514,0.005595,0.245164,-0.051623,0.266763,-0.05097,0.001428,9.8e-05
0,0.242429,-0.092335,-0.034116,-0.068986,-0.033044,-0.110813,0.00246,0.001612
0,0.286179,0.028273,0.064812,0.124789,0.101613,0.164973,0.001696,0.000493
0,-0.03657,-0.088588,-0.314003,-0.10917,-0.309799,-0.12081,0.000638,0.001546
0,0.234284,0.019568,0.28402,0.113745,0.242974,0.103802,0.002602,0.000342
0,0.306492,0.082734,0.081861,0.090752,0.059737,0.047137,0.001342,0.001444
0,0.196149,-0.156248,-0.092751,-0.241505,-0.116826,-0.28925,0.003267,0.002727
0,0.209407,-0.077644,0.02589,0.06948,0.019877,0.049874,0.003036,0.001355
0,0.093861,-0.115232,-0.111287,-0.012172,-0.124065,-0.015693,0.001638,0.002011
0,0.214267,-0.017137,0.101639,0.12122,0.099203,0.105972,0.002951,0.000299
0,0.15134,0.073347,-0.039375,0.068133,-0.014114,0.021564,0.002641,0.00128
0,0.046316,0.115968,-0.11291,0.047198,-0.136082,0.079273,0.000808,0.002024
0,0.065061,-0.157088,0.011691,-0.279406,-0.028486,-0.278706,0.001136,0.002742
0,0.062258,0.051022,0.013462,0.231487,0.035998,0.24476,0.001087,0.000891
0,0.080789,-0.092376,0.030361,-0.147792,0.006011,-0.191182,0.00141,0.001612
0,0.176984,0.074684,0.080346,0.142457,0.068736,0.159982,0.003089,0.001303
0,-2.397369,0.892991,-2.579146,0.816474,-2.560703,0.780883,0.001697,0.002204
0,-2.704354,1.432327,-0.309845,0.551118,-0.269266,0.545971,0.000364,0.001764
0,-2.774413,1.65287,-0.081986,0.229602,-0.078052,0.218998,0.001587,0.002085
0,-2.570596,1.466109,0.194353,-0.187535,0.213416,-0.15662,0.00197,0.001175
0,-2.771113,1.303622,-0.223981,-0.178216,-0.179409,-0.183633,0.001529,0.00268
0,-2.249323,1.226582,0.498458,-0.093466,0.512917,-0.081002,0.000887,0.001335
0,-1.862424,0.973308,0.378567,-0.267977,0.389768,-0.262542,0.000949,0.003085
0,-1.488544,0.945382,0.367399,-0.006437,0.391387,-0.050101,0.000783,0.003118
0,-1.301474,0.576253,0.203523,-0.39727,0.210364,-0.420421,0.002643,0.003324
0,-0.892886,0.210403,0.393317,-0.345273,0.435342,-0.367359,0.002202,0.003019
0,-0.363901,-0.004931,0.499539,-0.193552,0.512171,-0.211597,0.00034,8.6e-05
0,-0.180519,-0.15961,0.183561,-0.176602,0.176964,-0.20067,0.003151,0.002786
0,-0.205892,-0.059271,-0.049013,0.088734,-0.047624,0.125643,0.003097,0.001034
0,-0.073782,-0.051128,0.124174,-0.010656,0.107803,0.001951,0.001288,0.000892
0,-0.151893,0.049821,-0.076976,0.108786,-0.068291,0.096594,0.002651,0.00087
0,0.101568,-0.12592,0.26337,-0.187125,0.303161,-0.183777,0.001773,0.002198
0,-0.154341,-0.035317,-0.252655,0.093701,-0.258966,0.091052,0.002694,0.000616
0,-0.059702,-0.0145,0.11307,-0.000124,0.106816,0.027789,0.001042,0.000253
0,0.100264,0.063753,0.130079,0.071858,0.086792,0.100471,0.00175,0.001113
0,0.0787,0.093916,-0.034658,0.033689,-0.040685,-0.001645,0.001374,0.001639
0,-0.165243,-0.078514,-0.264221,-0.185257,-0.312403,-0.217503,0.002884,0.00137
0,0.060667,0.060372,0.20544,0.166317,0.252554,0.197721,0.001059,0.001054
0,0.151969,0.029815,0.088476,-0.033069,0.071271,-0.009647,0.002652,0.00052
0,-0.113025,-0.05468,-0.277629,-0.103517,-0.247152,-0.140215,0.001973,0.000954
0,-0.141001,-0.028025,-0.0416,0.025107,0.0017,-0.012447,0.002461,0.000489
0,0.098355,-0.050736,0.250862,-0.00848,0.22331,-0.050951,0.001717,0.000886
0,-0.089384,0.119758,-0.163554,0.182481,-0.147636,0.208037,0.00156,0.00209
0,-0.035739,-0.065862,0.037683,-0.185163,0.015471,-0.183589,0.000624,0.00115
0,-0.095667,0.058757,-0.073386,0.095521,-0.075517,0.128965,0.00167,0.001026
0,-0.114375,0.056963,-0.016526,0.013567,0.002847,-0.015766,0.001996,0.000994
0,-0.04661,-0.1164,0.067158,-0.192338,0.043344,-0.154912,0.000814,0.002032
0,-0.033464,0.044371,0.018335,0.158527,-0.00089,0.183267,0.000584,0.000774
0,-0.067854,-0.166176,-0.013056,-0.182576,-0.000449,-0.211669,0.001184,0.0029
0,-0.117869,-0.052029,-0.052884,0.100154,-0.097363,0.055466,0.002057,0.000908
0,-0.038191,0.124989,0.055873,0.167743,0.088083,0.146999,0.000667,0.002181
0,-0.124074,0.039408,-0.107802,-0.101406,-0.111464,-0.128732,0.002166,0.000688
0,-0.282038,0.007545,-0.156693,-0.032016,-0.108806,-0.059714,0.001768,0.000132
0,-0.206165,-0.046154,0.0833,-0.055255,0.05955,-0.027006,0.003093,0.000806
0,-0.121777,-0.075121,0.076243,-0.029492,0.097532,0.013593,0.002125,0.001311
0,-0.308277,0.018639,-0.201247,0.12082,-0.233644,0.11459,0.00131,0.000325
0,-0.040405,-0.164539,0.290331,-0.178402,0.320776,-0.141532,0.000705,0.002872
0,-0.292565,-0.087964,-0.260427,0.054501,-0.251541,0.104268,0.001585,0.001535
0,-0.23092,0.064278,0.075789,0.179748,0.05478,0.167976,0.002661,0.001122
0,-0.25481,-0.093618,-0.002782,-0.129882,0.004726,-0.168238,0.002244,0.001634
0,-0.276984,-0.018307,-0.044743,0.099494,-0.09048,0.065533,0.001857,0.00032
0,-0.073507,-0.141725,0.210488,-0.128603,0.184991,-0.09974,0.001283,0.002474
0,-0.232783,-0.003857,-0.178161,0.167181,-0.149662,0.137805,0.002628,6.7e-05
0,-0.29544,-0.150078,-0.062452,-0.162992,-0.073003,-0.20793,0.001534,0.002619
0,-0.148353,-0.036389,0.149263,0.094933,0.157116,0.119676,0.002589,0.000635
0,-0.20448,0.07805,-0.048831,0.140994,-0.050559,0.18752,0.003122,0.001362
0,-0.344916,0.092356,-0.15212,0.025674,-0.19249,-0.022826,0.000671,0.001612
0,-0.07465,0.12344,0.245473,0.032631,0.210841,0.023071,0.001303,0.002154
0,-0.258584,-0.12249,-0.164641,-0.262214,-0.195093,-0.243479,0.002178,0.002138
0,-0.215584,-0.009649,0.038816,0.091535,-0.005333,0.123806,0.002928,0.000168
0,-0.326775,0.093254,-0.121382,0.108429,-0.149906,0.157194,0.000988,0.001628
0,-0.158572,-0.103029,0.157292,-0.180746,0.12185,-0.155753,0.002768,0.001798
0,-0.2139,0.089404,-0.066333,0.176371,-0.07003,0.203598,0.002958,0.00156
0,-0.299614,-0.019208,-0.087254,-0.106636,-0.051955,-0.134739,0.001462,0.000335
0,-0.42671,0.015274,-0.11547,0.008995,-0.082059,0.023762,0.000757,0.000267
0,-0.173039,-0.070894,0.228129,-0.05845,0.219516,-0.031004,0.00302,0.001237
0,-0.370244,-0.147765,-0.173576,-0.074115,-0.217274,-0.056468,0.000229,0.002579
0,-0.407658,-0.102805,-0.019073,0.022014,-0.062678,-0.027083,0.000424,0.001794
0,-0.204334,0.155818,0.177749,0.283511,0.142932,0.261899,0.003125,0.00272
0,-0.16105,-0.051456,0.062783,-0.226569,0.035107,-0.273583,0.002811,0.000898
0,-0.071627,-0.036124,0.113491,0.03777,0.147091,0.031344,0.00125,0.00063
0,-0.152596,-0.101653,-0.055422,-0.069782,-0.024833,-0.06494,0.002663,0.001774
0,-0.238319,0.087829,-0.112506,0.190627,-0.145909,0.152107,0.002531,0.001533
0,-0.227775,0.041922,0.012638,-0.059962,-0.003549,-0.077569,0.002715,0.000732
0,-0.156675,0.101873,0.063427,0.080219,0.015075,0.078923,0.002734,0.001778
0,-0.232984,-0.076212,-0.087297,-0.183503,-0.094427,-0.228058,0.002624,0.00133
0,0.005408,0.0027,0.210577,0.062495,0.187161,0.087863,9.4e-05,4.7e-05
0,-0.211868,0.025961,-0.194622,0.014263,-0.188524,0.050981,0.002993,0.000453
0,-0.166208,0.108716,0.048433,0.095716,0.095739,0.139211,0.002901,0.001897
0,-0.112964,0.094196,0.03841,0.006268,0.00221,0.007917,0.001972,0.001644
0,-0.0356,-0.064427,0.082338,-0.178254,0.099977,-0.207227,0.000621,0.001124
0,-0.134763,0.146407,-0.097295,0.19761,-0.124601,0.163332,0.002352,0.002555
0,-0.129323,0.16894,0.002926,0.023656,0.011162,0.058749,0.002257,0.002949
0,-0.258567,-0.001394,-0.157162,-0.17411,-0.112803,-0.152113,0.002178,2.4e-05
0,-0.264784,-0.057316,0.013264,-0.082193,-0.012424,-0.060668,0.002069,0.001
0,-0.135362,0.036676,0.156427,0.093499,0.149727,0.09047,0.002363,0.00064
0,-0.296282,-0.028026,-0.148315,-0.087791,-0.173339,-0.124481,0.00152,0.000489
0,-0.214395,0.080596,0.070015,0.129725,0.021335,0.099648,0.002949,0.001407
0,-0.17247,0.062484,0.05915,-0.000591,0.026723,-0.050192,0.00301,0.001091
0,-0.243561,0.130942,-0.085086,0.062927,-0.112156,0.048511,0.00244,0.002285
0,0.008635,-0.021801,0.277389,-0.171468,0.312352,-0.130693,0.000151,0.00038
0,-0.164804,-0.058324,-0.193808,-0.030909,-0.170226,-0.036202,0.002876,0.001018
0,-0.129394,-0.138543,0.042781,-0.060206,0.050082,-0.027564,0.002258,0.002418
0,0.076883,0.077136,0.182361,0.2075,0.147397,0.221306,0.001342,0.001346
0,-0.066727,-0.047464,-0.133108,-0.127598,-0.145871,-0.128111,0.001165,0.000828
0,0.092812,-0.128551,0.187957,-0.096661,0.233339,-0.047149,0.00162,0.002244
0,-0.08277,0.065229,-0.147802,0.167156,-0.132521,0.212272,0.001445,0.001138
0,0.006152,-0.051195,0.081397,-0.138233,0.111214,-0.119236,0.000107,0.000894
0,0.099788,-0.1021,0.073384,-0.031816,0.086284,-0.076874,0.001742,0.001782
0,0.017216,0.100329,-0.061989,0.201165,-0.043448,0.218021,0.0003,0.001751
0,-0.041144,0.031496,-0.052068,-0.045154,-0.035552,-0.041955,0.000718,0.00055
0,-0.168192,0.107428,-0.098398,0.07831,-0.125097,0.065572,0.002936,0.001875
0,-0.081619,0.042739,0.08372,-0.066148,0.073224,-0.073549,0.001425,0.000746
0,0.030932,0.171582,0.098795,0.107917,0.092137,0.128898,0.00054,0.002995
0,-0.051028,0.203912,-0.098279,0.022407,-0.134902,0.042224,0.000891,0.003132
0,-0.060847,0.199255,-0.003178,-0.029513,-0.037513,0.0004,0.001062,0.003213
0,-0.0837,-0.001653,-0.013147,-0.194688,0.004081,-0.164515,0.001461,2.9e-05
0,0.033288,0.215919,0.128379,0.231524,0.115124,0.273842,0.000581,0.002922
0,0.047568,-0.04439,0.042634,-0.284637,0.011659,-0.258902,0.00083,0.000775
0,0.025328,0.199623,-0.049001,0.258729,-0.044572,0.265783,0.000442,0.003207
0,-0.138787,-0.063668,-0.138211,-0.260954,-0.172333,-0.27534,0.002422,0.001111
0,-0.213273,0.076526,-0.044683,0.113948,-0.015563,0.067879,0.002969,0.001336
0,-0.180229,0.111699,0.050791,0.031308,0.084648,0.078025,0.003146,0.00195
0,-0.084262,0.052382,0.121319,-0.070512,0.123262,-0.102283,0.001471,0.000914
0,-0.213262,0.086912,-0.115709,0.015125,-0.066161,0.034483,0.002969,0.001517
0,-0.160108,0.097986,0.052191,0.005667,0.02987,0.041691,0.002794,0.00171
0,0.038592,-0.111358,0.224224,-0.227334,0.204121,-0.214827,0.000674,0.001944
0,0.037441,0.054676,0.012928,0.141597,0.061382,0.15754,0.000653,0.000954
0,0.102768,-0.135389,0.044237,-0.18962,0.030134,-0.214317,0.001794,0.002363
0,0.028525,-0.13948,-0.104063,0.003936,-0.123699,-0.024549,0.000498,0.002434
0,-0.039282,0.118827,-0.045158,0.26578,-0.087422,0.244802,0.000686,0.002074
0,-0.023462,-0.069636,0.002401,-0.213926,-0.016856,-0.170922,0.000409,0.001215
0,0.080532,0.067823,0.105001,0.166994,0.140042,0.19292,0.001406,0.001184
0,0.074198,-0.058643,-0.017645,-0.140381,0.031751,-0.16812,0.001295,0.001024
0,-0.081911,0.083266,-0.163579,0.116206,-0.1347,0.126596,0.00143,0.001453
0,0.012905,0.022006,0.068919,-0.080122,0.072607,-0.043662,0.000225,0.000384
0,-0.159825,-0.088837,-0.158546,-0.123976,-0.149705,-0.074498,0.002789,0.001551
0,0.397712,1.202348,0.562242,1.262291,0.520786,1.25149,0.000251,0.000912
0,1.039549,1.273468,0.632529,0.084802,0.625828,0.06774,0.001929,0.002154
0,1.140157,1.268372,0.075015,0.005895,0.070363,0.038576,0.000173,0.002065
0,1.24322,0.886004,0.073074,-0.355082,0.059249,-0.386031,0.001626,0.002082
0,0.921787,0.66292,-0.308734,-0.203938,-0.282478,-0.233132,0.002707,0.001811
0,0.791345,0.729108,-0.117194,0.03894,-0.119672,0.029858,0.00043,0.000656
0,0.620867,0.372709,-0.145428,-0.386344,-0.189456,-0.369705,0.002545,0.001546
0,0.475738,0.034232,-0.163322,-0.365229,-0.152598,-0.407659,0.001612,0.001546
0,0.244261,0.236233,-0.22636,0.221915,-0.275646,0.241555,0.002428,0.001546
0,-0.024596,0.090647,-0.293388,-0.164802,-0.289521,-0.20761,0.000429,0.001546
0,-0.147745,0.109254,-0.128274,-0.00517,-0.176252,-0.026852,0.002579,0.001546
0,-0.022549,-0.00643,0.138502,-0.088045,0.162986,-0.132991,0.000394,0.001546
0,-0.149775,-0.02575,-0.122994,-0.025726,-0.143867,-0.074208,0.002614,0.001546
0,-0.251856,0.083355,-0.126912,0.132816,-0.12671,0.08585,0.002295,0.001546
0,-0.348609,-0.145705,-0.103932,-0.201022,-0.092628,-0.16883,0.000606,0.002543
0,-0.14259,-0.05438,0.206639,0.067034,0.228507,0.106465,0.002489,0.001546
0,0.00818,-0.132024,0.155762,-0.066139,0.116387,-0.050509,0.000143,0.002304
0,-0.039658,0.022558,-0.027808,0.149999,-0.06301,0.157826,0.000692,0.001546
0,-0.180166,-0.092078,-0.153959,-0.091888,-0.180856,-0.064373,0.003144,0.001607
0,-0.09583,-0.08404,0.099567,-0.002927,0.110419,-0.004306,0.001673,0.001546
0,-0.21881,-0.079855,-0.125779,0.000104,-0.134672,0.014015,0.002872,0.001546
0,-0.116997,-0.020983,0.101006,0.031809,0.070082,0.03304,0.002042,0.001546
0,-0.141969,-0.197483,-0.039735,-0.172944,-0.084874,-0.180416,0.002478,0.003244
0,-0.073922,-0.223752,0.065393,-0.011278,0.099492,0.006228,0.00129,0.002786
0,0.01494,-0.22258,0.089582,0.014089,0.077979,-0.019978,0.000261,0.002806
0,0.038368,-0.108209,0.051449,0.108046,0.056437,0.114289,0.00067,0.001889
0,-0.055236,0.053263,-0.075187,0.153018,-0.118766,0.123164,0.000964,0.00093
0,0.001377,-0.123715,0.042035,-0.196958,0.085807,-0.217076,2.4e-05,0.002159
0,0.066915,-0.018586,0.037555,0.115465,0.059875,0.111974,0.001168,0.000324
0,-0.075881,0.099879,-0.142681,0.124139,-0.153198,0.16197,0.001324,0.001743
0,0.022546,0.035606,0.117676,-0.069778,0.080201,-0.021401,0.000394,0.000621
0,-0.11816,-0.045719,-0.155587,-0.093538,-0.148359,-0.11294,0.002062,0.000798
0,-0.09629,0.022442,-0.007571,0.074436,0.017469,0.074485,0.001681,0.000392
0,0.120652,-0.08426,0.242098,-0.07715,0.229771,-0.095284,0.002106,0.001471
0,0.087177,0.145805,-0.015981,0.250556,-0.019408,0.210188,0.001522,0.002545
0,0.093853,-0.12647,-0.002616,-0.259015,0.022638,-0.210682,0.001638,0.002207
0,-0.195554,0.054271,-0.305918,0.197305,-0.302395,0.24567,0.003278,0.000947
0,0.091492,0.020703,0.308682,-0.030419,0.345151,0.007383,0.001597,0.000361
0,-0.135411,-0.145237,-0.209001,-0.188869,-0.160308,-0.167589,0.002363,0.002535
0,-0.082939,-0.037749,0.076699,0.126332,0.072933,0.146691,0.001448,0.000659
0,0.14014,-0.185728,0.23984,-0.172604,0.264263,-0.19784,0.002446,0.003242
0,-0.093364,-0.037414,-0.211562,0.147913,-0.234476,0.187278,0.00163,0.000653
0,-0.052829,-0.077846,0.024505,-0.048126,0.07034,-0.08927,0.000922,0.001359
0,-0.065242,-0.13208,-0.0207,-0.030614,-0.0084,-0.040819,0.001139,0.002305
0,-0.029001,-0.100824,0.039438,0.035881,0.085625,0.069339,0.000506,0.00176
0,-0.109742,0.038565,-0.076393,0.150897,-0.102396,0.1995,0.001915,0.000673
0,-0.121128,0.035194,-0.008662,0.003348,0.029416,0.022713,0.002114,0.000614
0,-0.099435,-0.147707,0.032674,-0.20976,0.067629,-0.176021,0.001735,0.002578
0,0.073786,0.020398,0.189063,0.186989,0.185422,0.227903,0.001288,0.000356
0,-0.036899,0.094211,-0.113757,0.07516,-0.119223,0.115362,0.000644,0.001644
0,-0.034451,-0.000793,0.001573,-0.094085,-0.018944,-0.107115,0.000601,1.4e-05
0,0.107247,-0.174112,0.158429,-0.179701,0.168423,-0.192643,0.001872,0.003039
0,-0.050583,-0.037522,-0.186104,0.146962,-0.215285,0.163057,0.000883,0.000655
0,-0.063379,0.041301,0.000311,0.072972,0.047237,0.122922,0.001106,0.000721
0,-0.023904,0.109716,0.049098,0.053642,0.004098,0.096989,0.000417,0.001915
0,0.174472,-0.072621,0.217014,-0.21085,0.213593,-0.20363,0.003045,0.001267
0,0.148481,-0.082324,-0.024769,-0.032769,0.005729,-0.022576,0.002591,0.001437
0,-0.00488,0.113079,-0.145255,0.215557,-0.145926,0.219731,8.5e-05,0.001974
0,0.108271,-0.024988,0.142238,-0.148095,0.130035,-0.135816,0.00189,0.000436
0,-0.044517,-0.087767,-0.176166,-0.086427,-0.146411,-0.119691,0.000777,0.001532
0,0.095653,0.055311,0.113732,0.168636,0.157495,0.167531,0.001669,0.000965
0,0.020429,-0.055132,-0.087828,-0.097658,-0.056525,-0.097129,0.000357,0.000962
0,0.086598,0.044161,0.03856,0.106254,0.055077,0.074168,0.001511,0.000771
0,-0.011174,0.102748,-0.108472,0.070022,-0.091454,0.028995,0.000195,0.001793
0,0.027602,-0.082667,0.037782,-0.174876,0.024738,-0.151316,0.000482,0.001443
0,0.050252,-0.030562,0.049964,0.053512,0.047186,0.086197,0.000877,0.000533
0,-0.00935,0.058948,-0.030844,0.102959,-0.028599,0.090852,0.000163,0.001029
0,0.009205,-0.008696,0.025355,-0.093792,-0.008521,-0.107967,0.000161,0.000152
0,0.078815,-0.028959,0.041551,0.000678,0.006301,-0.0195,0.001376,0.000505
0,-0.077137,0.0569,-0.17818,0.095232,-0.145468,0.088735,0.001346,0.000993
0,-0.104197,-0.073775,-0.021229,-0.139197,-0.046911,-0.107539,0.001819,0.001288
0,0.165682,-0.080828,0.270123,-0.026229,0.244748,-0.006609,0.002892,0.001411
0,0.104344,-0.09499,-0.077801,-0.01816,-0.043838,-0.066409,0.001821,0.001658
0,0.078256,-0.007815,-0.04352,0.063852,-0.02998,0.111283,0.001366,0.000136
0,0.015112,0.011481,-0.052248,0.010823,-0.028823,0.052223,0.000264,0.0002
0,-0.036627,0.101992,-0.042349,0.10422,-0.085384,0.141638,0.000639,0.00178
0,-0.110142,0.15214,-0.062199,0.071135,-0.027314,0.022221,0.001922,0.002655
0,0.116372,-0.038906,0.205754,-0.204377,0.177054,-0.166592,0.002031,0.000679
0,-0.059905,-0.082784,-0.191255,-0.072699,-0.14489,-0.030764,0.001046,0.001445
0,0.197002,0.080213,0.240774,0.177643,0.200652,0.198754,0.003252,0.0014
0,0.134364,-0.015432,-0.0398,-0.117165,-0.009251,-0.072437,0.002345,0.000269
0,0.123922,-0.104425,-0.021491,-0.107412,-0.025878,-0.139623,0.002163,0.001823
0,0.223473,-0.016935,0.081096,0.091742,0.038857,0.045341,0.00279,0.000296
0,0.205047,-0.056139,0.000969,-0.049003,-0.027251,-0.051809,0.003112,0.00098
0,0.215484,0.119709,0.005297,0.176219,-0.011035,0.169436,0.00293,0.002089
0,0.144638,0.103521,-0.045386,-0.038125,-0.064031,-0.065358,0.002524,0.001807
0,0.143627,0.114194,0.013582,-0.00193,-0.008862,-0.013258,0.002507,0.001993
0,0.214604,-0.096549,0.097392,-0.206053,0.090694,-0.166868,0.002945,0.001685
0,0.100698,0.011608,-0.115913,0.084178,-0.163177,0.04549,0.001758,0.000203
0,0.155338,0.022513,0.081714,0.011992,0.083736,0.022285,0.002711,0.000393
0,0.161787,0.145785,-0.023121,0.13826,-0.050298,0.183464,0.002824,0.002544
0,0.10626,0.179358,-0.051861,0.02789,-0.096397,0.041686,0.001855,0.00313
0,0.136381,0.096632,0.032923,-0.104923,0.007445,-0.078806,0.00238,0.001687
0,0.269816,0.008048,0.104021,-0.090613,0.10151,-0.051904,0.001982,0.00014
0,0.077206,0.040453,-0.169798,0.0298,-0.196852,-0.016919,0.001348,0.000706
0,0.102216,-0.076869,0.032849,-0.115051,0.000163,-0.135587,0.001784,0.001342
0,0.237898,-0.069788,0.11643,0.003186,0.160599,0.047463,0.002539,0.001218
0,0.19172,0.15709,-0.03358,0.235293,-0.066959,0.222518,0.003345,0.002742
0,0.23308,-0.026046,0.027903,-0.168422,0.010878,-0.147025,0.002623,0.000455
0,0.235978,0.097288,-0.026455,0.136377,0.012146,0.16339,0.002572,0.001698
0,0.316937,-0.064876,0.108486,-0.173967,0.07353,-0.180043,0.001159,0.001132
0,-5.247934,0.045082,-5.566382,0.10691,-5.577524,0.070362,0.002078,0.000787
0,-5.823352,0.377121,-0.565128,0.309477,-0.515237,0.284279,0.001274,0.000109
0,-5.526261,0.065508,0.318151,-0.288545,0.320114,-0.2806,0.00278,0.001143
0,-5.290119,0.2369,0.245765,0.16689,0.22358,0.182692,0.001341,0.002556
0,-4.110612,0.132047,1.203299,-0.08365,1.215936,-0.118718,0.001855,0.002305
0,-2.954311,0.096501,1.13312,-0.048618,1.163894,-0.002399,0.001964,0.001684
0,-1.736834,0.223545,1.199581,0.131545,1.22355,0.168625,0.003141,0.002789
0,-0.710875,0.029413,1.031304,-0.209933,1.013383,-0.17063,0.000975,0.001546
0,-0.229851,0.111404,0.475115,0.099661,0.473313,0.11817,0.002679,0.001546
0,-0.069222,0.067075,0.187944,-0.066957,0.188372,-0.102357,0.001208,0.001546
0,0.123987,0.045933,0.172014,-0.015916,0.188394,-0.019069,0.002164,0.001546
0,0.402798,-0.051022,0.307438,-0.077981,0.338336,-0.078119,0.000339,0.001546
0,0.54712,-0.113224,0.154776,-0.07773,0.155556,-0.088721,0.002858,0.001976
0,0.474961,-0.169436,-0.066648,-0.080053,-0.066273,-0.109769,0.001599,0.002957
0,0.268504,-0.083276,-0.216747,0.058457,-0.213801,0.06709,0.002005,0.001546
0,0.362429,0.00822,0.117852,0.067002,0.07511,0.045762,0.000365,0.001546
0,0.497902,0.060727,0.163715,0.050295,0.161595,0.091691,0.001999,0.001546
0,0.306977,-0.150265,-0.176811,-0.19695,-0.129455,-0.242643,0.001333,0.002623
0,0.323633,-0.028963,0.039198,0.133939,0.020066,0.089447,0.001042,0.001546
0,0.395175,-0.140593,0.076372,-0.088948,0.074063,-0.135469,0.000206,0.002454
0,0.333449,0.013072,-0.070411,0.173792,-0.072965,0.204035,0.000871,0.001546
0,0.25733,0.052943,-0.088088,0.028422,-0.118527,0.046919,0.0022,0.001546
0,0.234994,-0.135721,-0.047363,-0.176167,-0.093258,-0.148232,0.002589,0.002369
0,0.343712,0.108042,0.095932,0.254609,0.109944,0.259794,0.000692,0.001546
0,0.335508,-0.039694,0.016045,-0.168555,-0.01673,-0.121782,0.000835,0.001546
0,0.230787,-0.074779,-0.117056,-0.024243,-0.143072,-0.071167,0.002663,0.001546
0,0.325394,0.104716,0.093903,0.205568,0.080964,0.248422,0.001012,0.001546
0,0.338965,-0.072877,0.033811,-0.161184,0.029918,-0.158621,0.000775,0.001546
0,0.467714,-0.004378,0.136912,0.095764,0.13622,0.11721,0.001472,0.001546
0,0.342398,-0.027756,-0.142152,-0.038175,-0.14216,-0.022633,0.000715,0.001546
0,0.326393,0.100728,-0.025986,0.112095,-0.037957,0.142437,0.000994,0.001546
0,1.82469,-0.622951,1.506048,-0.699793,1.48275,-0.740139,0.001607,0.002509
0,2.482726,-1.335496,0.644097,-0.734114,0.66076,-0.745644,0.003187,0.003236
0,3.561604,-1.563993,1.057678,-0.215865,1.094472,-0.202809,0.001944,0.000534
0,3.610616,-1.610893,0.040939,-0.033859,0.084642,0.010737,0.0028,0.001352
0,2.838573,-1.635538,-0.763521,-0.041794,-0.748441,0.001647,0.002707,0.001782
0,2.278375,-1.468901,-0.584209,0.156207,-0.544315,0.141605,0.00038,0.001126
0,1.731303,-1.362032,-0.518272,0.10412,-0.517436,0.106022,0.003237,0.002991
0,1.286631,-0.915219,-0.433189,0.444776,-0.474077,0.437336,0.002384,0.002592
0,0.839211,-0.762781,-0.468398,0.165268,-0.44259,0.176206,0.001265,6.9e-05
0,0.344788,-0.280515,-0.477499,0.477081,-0.469827,0.441893,0.000673,0.001795
0,0.170346,-0.099885,-0.159801,0.190804,-0.155408,0.144891,0.002973,0.001743
0,0.287494,-0.126544,0.132578,-0.022751,0.150144,0.006141,0.001673,0.002209
0,0.096739,-0.039229,-0.170629,0.059541,-0.189305,0.053309,0.001688,0.000685
0,0.062804,-0.10791,-0.058974,-0.087267,-0.095699,-0.118687,0.001096,0.001883
0,0.208103,-0.291517,0.165405,-0.163282,0.175695,-0.161052,0.003059,0.001603
0,0.136191,-0.058894,-0.071312,0.216397,-0.083187,0.172563,0.002377,0.001028
0,0.11201,-0.259594,-0.027,-0.190071,0.01896,-0.228215,0.001955,0.00216
0,0.119396,-0.175785,0.00668,0.065912,0.035361,0.063159,0.002084,0.003068
0,0.161744,0.020324,0.043745,0.177657,0.014595,0.190487,0.002823,0.000355
0,0.304649,-0.063887,0.160149,-0.084589,0.196114,-0.091246,0.001374,0.001115
0,0.16431,-0.146043,-0.159979,-0.111944,-0.136499,-0.079612,0.002868,0.002549
0,0.072287,0.030928,-0.090057,0.19097,-0.091555,0.239942,0.001262,0.00054
0,0.050339,0.033009,0.006227,0.005438,0.025598,-0.004992,0.000879,0.000576
0,0.302364,-0.133206,0.279435,-0.154662,0.272807,-0.126548,0.001414,0.002325
0,0.357594,-0.071699,0.073962,0.043832,0.110166,0.005151,0.00045,0.001251
0,0.235471,0.065533,-0.125309,0.161931,-0.093221,0.153465,0.002581,0.001144
0,0.117815,-0.152902,-0.113904,-0.2419,-0.079516,-0.213203,0.002056,0.002669
0,0.242454,-0.089888,0.131811,0.071158,0.173532,0.049089,0.002459,0.001569
0,0.272247,-0.040508,0.048848,0.07333,0.050866,0.11449,0.001939,0.000707
0,0.27475,0.028105,-0.01223,0.045948,-0.031744,0.032499,0.001896,0.000491
0,0.076412,0.050709,-0.205332,0.036385,-0.180072,0.009329,0.001334,0.000885
0,0.084613,0.038514,-0.002343,0.015878,0.036577,0.03567,0.001477,0.000672
0,0.282375,0.035505,0.198421,0.023506,0.219328,0.031933,0.001762,0.00062
0,0.051159,-0.073569,-0.253093,-0.085686,-0.277331,-0.112395,0.000893,0.001284
0,0.025736,0.086681,-0.02429,0.177839,-0.028677,0.207677,0.000449,0.001513
0,0.257402,0.106289,0.20607,0.006415,0.213832,0.037263,0.002198,0.001855
0,0.0212,-0.051578,-0.253347,-0.181424,-0.258871,-0.186086,0.00037,0.0009
0,0.191364,0.003589,0.188571,0.02947,0.156449,0.012746,0.00334,6.3e-05
0,0.223537,-0.064691,0.025162,-0.092258,-0.023074,-0.064246,0.002789,0.001129
0,0.114508,-0.02699,-0.138688,0.01582,-0.136573,0.019536,0.001999,0.000471
0,0.259605,0.152314,0.145693,0.193997,0.165725,0.147196,0.00216,0.002658
0,0.189159,-0.077566,-0.044776,-0.218325,-0.036754,-0.201402,0.003301,0.001354
0,0.16078,-0.028775,-0.057935,0.069164,-0.026983,0.028907,0.002806,0.000502
0,0.21181,-0.121711,0.063864,-0.092069,0.066187,-0.138216,0.002994,0.002124
0,0.07297,0.14315,-0.159301,0.263542,-0.166637,0.231951,0.001274,0.002498
0,0.108633,0.008354,0.054545,-0.155455,0.039153,-0.108977,0.001896,0.000146
0,0.237818,0.154643,0.117488,0.158403,0.080567,0.130242,0.00254,0.002699
0,0.106043,-0.115397,-0.129256,-0.278314,-0.123891,-0.284253,0.001851,0.002014
0,0.199342,0.048209,0.078907,0.147293,0.092952,0.146936,0.003212,0.000841
0,0.135237,0.103722,-0.085582,0.058574,-0.074634,0.097414,0.00236,0.00181
0,-0.020126,0.047395,-0.172306,-0.054778,-0.142695,-0.035935,0.000351,0.000827
0,0.272196,0.013348,0.317827,-0.011486,0.303207,-0.010431,0.00194,0.000233
0,-0.01914,0.143437,-0.273102,0.127157,-0.269817,0.098751,0.000334,0.002503
0,0.053887,0.068907,0.084392,-0.077068,0.119586,-0.028254,0.000941,0.001203
0,0.194122,-0.006588,0.135351,-0.090145,0.131828,-0.094682,0.003303,0.000115
0,0.159771,-0.088038,-0.011334,-0.086089,-0.060345,-0.048139,0.002789,0.001537
0,-0.097659,-0.006981,-0.240256,0.069254,-0.195526,0.030278,0.001704,0.000122
0,-0.128228,0.006174,-0.040087,0.024912,-0.00728,0.055899,0.002238,0.000108
0,0.170981,0.00202,0.281678,0.015539,0.300905,0.034931,0.002984,3.5e-05
0,-0.053216,0.094357,-0.198008,0.071201,-0.228624,0.021408,0.000929,0.001647
0,0.218841,-0.119304,0.283121,-0.198186,0.331127,-0.185057,0.002871,0.002082
0,-0.014061,-0.041868,-0.203973,0.06811,-0.172047,0.097583,0.000245,0.000731
0,0.227205,0.040199,0.237261,0.07539,0.252579,0.045757,0.002725,0.000702
0,0.021134,-0.010234,-0.196974,-0.020876,-0.192759,-0.009898,0.000369,0.000179
0,0.076983,-0.142812,0.062154,-0.155088,0.086878,-0.168111,0.001344,0.002493
0,0.084684,0.149216,0.00226,0.30016,0.034122,0.257439,0.001478,0.002604
0,-0.031485,-0.091858,-0.119621,-0.215063,-0.122932,-0.169511,0.00055,0.001603
0,-0.0653,-0.115481,-0.05608,-0.008229,-0.054945,-0.023045,0.00114,0.002016
0,0.000748,-0.053057,0.056917,0.055938,0.034027,0.019465,1.3e-05,0.000926
0,0.091647,0.048095,0.072641,0.13044,0.056536,0.101187,0.0016,0.000839
0,0.033962,-0.057762,-0.07131,-0.120332,-0.118373,-0.138637,0.000593,0.001008
0,0.081367,-0.10852,0.023272,-0.061271,0.065516,-0.065079,0.00142,0.001894
0,0.011003,-0.07192,-0.052687,0.016052,-0.006424,-0.026589,0.000192,0.001255
0,0.119961,0.116657,0.086732,0.169925,0.090819,0.148041,0.002094,0.002036
0,-0.146559,0.109618,-0.255993,0.011949,-0.228933,0.004935,0.002558,0.001913
0,0.030098,-0.11597,0.204001,-0.219728,0.232159,-0.229748,0.000525,0.002024
0,-0.163222,0.063776,-0.183422,0.156443,-0.153195,0.188658,0.002849,0.001113
0,0.04348,0.02568,0.192844,-0.026884,0.152847,0.009645,0.000759,0.000448
0,0.113604,0.111693,0.079596,0.071514,0.069741,0.111658,0.001983,0.001949
0,-0.142,-0.065446,-0.245873,-0.149782,-0.264914,-0.101807,0.002478,0.001142
0,-0.160826,0.072099,-0.044393,0.136792,0.001697,0.107375,0.002807,0.001258
0,-0.095942,0.003119,0.06807,-0.05955,0.076687,-0.109059,0.001675,5.4e-05
0,-0.074163,-0.017188,0.04655,-0.047789,0.020199,-0.052744,0.001294,0.0003
0,0.066321,0.059599,0.133766,0.06266,0.119486,0.104588,0.001158,0.00104
0,-0.208827,0.076554,-0.278724,-0.009868,-0.273027,0.005557,0.003046,0.001336
0,-0.151633,-0.027148,0.048397,-0.112859,0.022727,-0.101865,0.002646,0.000474
0,-0.150793,0.15008,-0.008491,0.171656,-0.044694,0.21417,0.002632,0.002619
0,-0.202659,-0.125639,-0.042655,-0.300465,-0.014044,-0.317776,0.003154,0.002193
0,-0.151935,-0.157582,0.079699,-0.042895,0.08489,-0.054616,0.002652,0.00275
0,-0.220602,-0.049916,-0.086326,0.084497,-0.052192,0.103537,0.002841,0.000871
0,-0.235776,-0.052237,-0.036988,0.022892,-0.005106,0.040237,0.002576,0.000912
0,-0.079575,0.037271,0.153881,0.084332,0.147052,0.066505,0.001389,0.00065
0,-0.010526,-0.128647,0.096886,-0.182444,0.110958,-0.220557,0.000184,0.002245
0,-0.165439,0.10666,-0.167849,0.231629,-0.20292,0.182406,0.002887,0.001862
0,0.025137,0.021824,0.210558,-0.063198,0.190285,-0.044176,0.000439,0.000381
0,0.012546,-0.050741,0.00594,-0.062205,-0.01342,-0.068673,0.000219,0.000886
0,0.127629,0.033018,0.109148,0.05392,0.085468,0.067636,0.002228,0.000576
0,-0.039456,-0.039331,-0.168499,-0.083537,-0.150291,-0.065223,0.000689,0.000686
0,0.109761,-0.135154,0.152814,-0.080922,0.125417,-0.122829,0.001916,0.002359
0,0.111661,0.000919,0.031367,0.159092,0.043553,0.157582,0.001949,1.6e-05
0,0.070968,0.118403,-0.02038,0.111383,-0.055452,0.145841,0.001239,0.002067
0,-0.029974,0.097291,-0.096988,-0.028756,-0.128191,-0.00739,0.000523,0.001698
0,-0.082034,0.032349,-0.057534,-0.036878,-0.015789,-0.076886,0.001432,0.000565
0,0.105149,0.0997,0.201403,0.054855,0.218221,0.074806,0.001835,0.00174
0,-0.129124,-0.006942,-0.260902,-0.106949,-0.234518,-0.135574,0.002254,0.000121
0,-0.128846,0.02324,-0.01232,0.058965,0.025661,0.088984,0.002249,0.000406
0,-0.117365,-0.039158,0.021542,-0.042443,-0.00025,-0.035095,0.002048,0.000683
0,0.102531,-0.023499,0.221136,0.017032,0.220554,-0.016209,0.00179,0.00041
0,-0.151908,-0.039365,-0.226797,-0.037909,-0.271023,-0.018371,0.002651,0.000687
0,-0.130531,-0.216415,0.005564,-0.204523,0.005776,-0.237012,0.002278,0.002914
0,0.101596,-0.142581,0.207134,0.045281,0.158247,0.092369,0.001773,0.002489
0,-0.015957,-0.214333,-0.133185,-0.052089,-0.140014,-0.003009,0.000278,0.00295
0,1.575559,2.215831,1.599139,2.415089,1.623273,2.371738,0.000735,0.001471
0,2.69578,2.453532,1.124853,0.239269,1.167404,0.247027,0.000215,0.002677
0,2.529929,2.334511,-0.18761,-0.1427,-0.229463,-0.112912,0.00268,0.0006
0,2.399007,2.222738,-0.137406,-0.138792,-0.175059,-0.104886,0.001726,0.001351
0,2.227955,1.822678,-0.197906,-0.409327,-0.179559,-0.400248,0.00126,0.001642
0,1.835402,1.451289,-0.41987,-0.341989,-0.417779,-0.348422,0.00142,0.001433
0,1.561096,0.816604,-0.255259,-0.659432,-0.299841,-0.623538,0.000483,0.001546
0,1.136782,0.41015,-0.434157,-0.429172,-0.470325,-0.397928,0.000232,0.001546
0,0.68078,0.340534,-0.428043,-0.063303,-0.450432,-0.060506,0.0015,0.001546
0,0.245979,0.142378,-0.4561,-0.215374,-0.413112,-0.25283,0.002398,0.001546
0,0.100461,0.273841,-0.153878,0.113176,-0.141832,0.098634,0.001753,0.001546
0,-0.209921,0.167657,-0.316484,-0.078581,-0.272974,-0.087325,0.003027,0.001546
0,-0.097191,0.08325,0.109002,-0.060058,0.063619,-0.109801,0.001696,0.001546
0,-0.426176,0.125381,-0.34511,0.032464,-0.369749,-0.015202,0.000747,0.001546
0,-0.278797,0.127607,0.174159,0.015994,0.15495,0.01629,0.001825,0.001546
0,-0.442537,0.118904,-0.177418,0.010705,-0.134033,-0.005128,0.001033,0.001546
0,-0.17918,0.094222,0.273158,-0.030964,0.269097,-0.037255,0.003127,0.001546
0,-0.069504,0.011583,0.080869,-0.10319,0.11406,-0.106329,0.001213,0.001546
0,-0.136971,-0.087701,-0.060025,-0.113253,-0.026255,-0.072904,0.002391,0.001546
0,-0.28891,0.08307,-0.155278,0.149157,-0.118132,0.127793,0.001648,0.001546
0,-0.081293,0.0724,0.207155,0.007169,0.220521,0.049179,0.001419,0.001546
0,0.023993,0.009472,0.092708,-0.072051,0.125326,-0.032049,0.000419,0.001546
0,0.03767,0.030021,0.006029,0.032654,0.022823,0.025406,0.000657,0.001546
0,-0.076959,0.04077,-0.118787,0.039731,-0.088917,0.006982,0.001343,0.001546
0,-0.139118,-0.054845,-0.041888,-0.075195,-0.006581,-0.036577,0.002428,0.001546
0,0.05093,0.09131,0.218472,0.127233,0.255252,0.118459,0.000889,0.001546
0,-0.131388,-0.159386,-0.190338,-0.243259,-0.219335,-0.278601,0.002293,0.002782
0,0.08,0.115827,0.183665,0.273733,0.207482,0.231021,0.001396,0.001546
0,-0.012926,-0.143876,-0.109464,-0.255543,-0.089665,-0.242642,0.000226,0.002511
0,0.072393,0.103587,0.061003,0.227818,0.065226,0.214006,0.001263,0.001546
0,-0.164027,0.099272,-0.243142,0.011932,-0.269326,-0.036131,0.002863,0.001546
0,-0.15674,0.105931,0.037078,-0.020524,-0.010299,0.019458,0.002736,0.001546
0,-0.068639,-0.171868,0.096557,-0.28306,0.079425,-0.286907,0.001198,0.003
0,0.026279,-0.079767,0.098132,0.099173,0.0633,0.127898,0.000459,0.001546
0,-0.114321,-0.210136,-0.166392,-0.125889,-0.200995,-0.092917,0.001995,0.003023
0,-0.019281,-0.112514,0.117262,0.093314,0.152105,0.092387,0.000337,0.001964
0,-0.035385,-0.025959,-0.022004,0.0658,0.003344,0.059149,0.000618,0.000453
0,-0.064366,-0.142266,-0.052958,-0.118909,-0.003449,-0.078485,0.001123,0.002483
0,-0.004179,-0.093401,0.05717,0.055793,0.039693,0.053526,7.3e-05,0.00163
0,0.027788,-0.008343,0.017543,0.110664,-0.008439,0.075863,0.000485,0.000146
0,0.031732,-0.04493,-0.021477,-0.008318,-0.027461,-0.029013,0.000554,0.000784
0,-0.25963,-0.186409,-0.315355,-0.159235,-0.328163,-0.179993,0.002159,0.003253
0,-0.034038,0.038595,0.236785,0.210961,0.211591,0.255952,0.000594,0.000674
0,-0.198841,-0.028822,-0.141724,-0.090034,-0.111006,-0.102042,0.00322,0.000503
0,-0.035582,-0.052862,0.135377,-0.026723,0.111436,-0.072957,0.000621,0.000923
0,-0.15181,-0.119266,-0.143141,-0.049575,-0.124793,-0.059692,0.00265,0.002082
0,-0.320972,0.06777,-0.169146,0.175062,-0.169393,0.167607,0.001089,0.001183
0,-0.354522,0.139923,-0.023362,0.090711,-0.0331,0.112271,0.000503,0.002442
0,-0.317333,0.090843,0.036515,-0.031726,-0.010722,0.006395,0.001152,0.001586
0,-0.344113,0.029331,-0.051816,-0.063836,-0.057232,-0.071537,0.000685,0.000512
0,-0.311321,0.054013,0.005564,0.045912,0.000675,0.067736,0.001257,0.000943
0,-0.19827,-0.090798,0.13315,-0.168391,0.161665,-0.151553,0.00323,0.001585
0,-0.183047,-0.085848,0.045139,-0.004105,0.053285,-0.047966,0.003195,0.001498
0,-0.173727,-0.090185,0.021206,-0.027568,-0.015888,-0.076321,0.003032,0.001574
0,-0.179918,0.119477,0.002972,0.197447,0.021956,0.183409,0.00314,0.002085
0,-0.068628,-0.077059,0.084234,-0.189765,0.112447,-0.210545,0.001198,0.001345
0,-0.046483,0.129777,0.038253,0.235015,0.057009,0.274205,0.000811,0.002265
0,-0.069841,-0.127619,-0.042594,-0.286809,-0.030444,-0.295124,0.001219,0.002227
0,-0.233584,0.040721,-0.163523,0.191747,-0.199998,0.214614,0.002614,0.000711
0,-0.205984,0.135534,0.05411,0.096238,0.099201,0.046795,0.003096,0.002366
0,-0.144938,0.031193,0.086166,-0.120255,0.064079,-0.117454,0.00253,0.000544
0,-0.15964,-0.010543,-0.006081,-0.027461,0.001199,-0.063026,0.002786,0.000184
0,-0.019736,-0.133528,0.13474,-0.14032,0.093843,-0.100409,0.000344,0.002331
0,-0.141252,-0.018563,-0.121034,0.109962,-0.148514,0.143428,0.002465,0.000324
0,0.028127,0.046199,0.142834,0.080465,0.119263,0.06951,0.000491,0.000806
0,-0.044202,-0.025453,-0.064487,-0.064332,-0.110271,-0.098648,0.000771,0.000444
0,0.049793,0.006147,0.102847,0.032621,0.141191,0.070701,0.000869,0.000107
0,0.08229,0.143834,0.002547,0.163986,0.041342,0.146743,0.001436,0.00251
0,-0.028068,0.184548,-0.112688,0.016887,-0.081179,0.042691,0.00049,0.003221
0,-0.018025,-0.004188,0.023858,-0.170168,0.059408,-0.217226,0.000315,7.3e-05
0,0.066186,0.076321,0.099997,0.067905,0.138051,0.044309,0.001155,0.001332
0,-0.180732,0.179773,-0.248656,0.075609,-0.273329,0.05966,0.003154,0.003138
0,-0.117581,0.068615,0.064769,-0.086165,0.114007,-0.093239,0.002052,0.001198
0,-0.041505,-0.002922,0.076127,-0.093742,0.086294,-0.116493,0.000724,5.1e-05
0,-0.126607,0.049955,-0.088959,0.054184,-0.107621,0.014964,0.00221,0.000872
0,0.133879,0.167396,0.241933,0.145072,0.249853,0.1224,0.002337,0.002922
0,0.160052,0.095683,0.02291,-0.0595,-0.014863,-0.083455,0.002793,0.00167
0,-0.024381,-0.047401,-0.21057,-0.151632,-0.220569,-0.182295,0.000426,0.000827
0,-0.089584,0.220745,-0.065819,0.263123,-0.101382,0.299356,0.001564,0.002838
0,0.044819,-0.00848,0.12988,-0.205767,0.150531,-0.222109,0.000782,0.001546
0,-0.073296,0.138803,-0.141948,0.167393,-0.125903,0.178974,0.001279,0.001546
0,0.036296,0.073936,0.129913,-0.075671,0.148852,-0.045492,0.000633,0.001546
0,-0.037656,0.091043,-0.059724,0.019929,-0.0819,0.052399,0.000657,0.001546
0,-0.069452,0.234807,-0.021604,0.125597,-0.066717,0.170181,0.001212,0.001546
0,-0.061379,-0.033996,0.012458,-0.282914,0.048514,-0.303317,0.001071,0.001546
0,-0.086411,0.124811,-0.011175,0.154846,-0.026118,0.115362,0.001508,0.001546
0,-0.066817,0.159714,0.004754,0.063395,-0.039165,0.046846,0.001166,0.001546
0,-0.012633,0.22101,0.080026,0.049135,0.097372,0.006327,0.00022,0.001546
0,0.116388,0.050066,0.136179,-0.176442,0.157462,-0.190766,0.002031,0.001546
0,-0.166468,0.220863,-0.300141,0.188402,-0.275187,0.19972,0.002905,0.001546
0,0.037827,0.179191,0.181242,-0.036659,0.189096,-0.057705,0.00066,0.001546
0,-0.102689,-0.016463,-0.112691,-0.190179,-0.06462,-0.161735,0.001792,0.001546
0,-0.077867,0.17919,0.030621,0.200631,0.018088,0.249269,0.001359,0.001546
0,-0.18973,-0.002974,-0.121215,-0.191292,-0.090611,-0.189267,0.003311,0.001546
0,0.003421,0.147525,0.188728,0.138138,0.140867,0.159999,6e-05,0.001546
0,-0.046937,-0.04065,-0.075348,-0.213798,-0.082791,-0.214675,0.000819,0.001546
0,0.094297,-0.023313,0.145657,0.008837,0.157262,-0.010325,0.001646,0.001546
0,0.122801,0.169687,0.020311,0.181265,-0.005273,0.194516,0.002143,0.001546
0,0.064794,0.039671,-0.056724,-0.129582,-0.010366,-0.103626,0.001131,0.001546
0,0.041083,0.160053,-0.032234,0.121164,-0.03607,0.105138,0.000717,0.001546
0,0.161587,-0.055878,0.108635,-0.202264,0.086072,-0.225461,0.00282,0.001546
0,0.057386,0.053703,-0.106357,0.125712,-0.074556,0.153404,0.001002,0.001546
0,-0.045099,0.092097,-0.105609,0.056136,-0.127589,0.058034,0.000787,0.001546
0,0.610297,-0.096964,0.628841,-0.213912,0.659432,-0.195584,0.00273,0.001692
0,0.897073,-0.32835,0.273637,-0.253487,0.248472,-0.25354,0.002275,0.00096
0,1.093559,-0.390145,0.214488,-0.08372,0.244404,-0.061716,0.000986,0.000119
0,1.152057,-0.640691,0.031265,-0.248023,0.041865,-0.284117,3.5e-05,0.002199
0,0.929695,-0.669084,-0.234423,-0.057766,-0.192651,-0.027907,0.002845,0.001704
0,0.712872,-0.436464,-0.216823,0.234787,-0.169273,0.211564,0.00094,0.000927
0,0.542195,-0.420323,-0.155364,0.032311,-0.202242,0.081657,0.002772,0.000645
0,0.590284,-0.08174,0.070784,0.310072,0.105972,0.325977,0.003079,0.001427
0,0.138732,-0.089688,-0.467291,-0.014304,-0.436303,-0.054335,0.002421,0.001565
0,0.213209,-0.080606,0.067966,-0.001905,0.1083,0.011656,0.00297,0.001407
0,0.238263,-0.144613,0.001889,-0.049685,0.024065,-0.003871,0.002532,0.002524
0,-0.12734,0.077663,-0.373477,0.197686,-0.353692,0.225037,0.002223,0.001355
0,-0.177245,0.071543,-0.04585,-0.032777,-0.001787,-0.080072,0.003094,0.001249
0,0.053383,-0.113297,0.218685,-0.156445,0.221141,-0.156076,0.000932,0.001977
0,-0.145798,0.117261,-0.221653,0.208652,-0.237211,0.232165,0.002545,0.002047
0,-0.261447,-0.122192,-0.095871,-0.263787,-0.109128,-0.2784,0.002128,0.002133
0,-0.079319,0.081237,0.154008,0.207186,0.105695,0.251833,0.001384,0.001418
0,-0.12154,-0.020008,-0.034482,-0.125663,0.004838,-0.086914,0.002121,0.000349
0,-0.046421,0.047285,0.085994,0.060197,0.081887,0.029755,0.00081,0.000825
0,-0.202831,-0.033032,-0.173101,-0.069386,-0.215056,-0.096618,0.003151,0.000577
0,-0.128862,-0.10329,0.056054,-0.072311,0.018018,-0.101981,0.002249,0.001803
0,-0.170285,-0.043594,-0.066975,0.055034,-0.066501,0.018296,0.002972,0.000761
0,0.020204,-0.060753,0.218387,0.001793,0.244845,0.010846,0.000353,0.00106
0,-0.001901,0.112204,-0.028076,0.156706,-0.044869,0.145122,3.3e-05,0.001958
0,-0.090222,0.03993,-0.094181,-0.054883,-0.059092,-0.051328,0.001575,0.000697
0,-0.152257,-0.09592,-0.047968,-0.138305,-0.09134,-0.168961,0.002657,0.001674
0,-0.269604,0.077435,-0.109187,0.14475,-0.149097,0.163381,0.001985,0.001351
0,-0.081363,-0.057256,0.199814,-0.163548,0.160529,-0.192769,0.00142,0.000999
0,-0.266696,-0.056213,-0.16713,-0.012424,-0.174292,-0.006704,0.002036,0.000981
0,-0.199855,-0.01057,0.084709,0.072117,0.075239,0.044866,0.003203,0.000184
0,-0.144568,-0.013418,0.052559,0.021696,0.016005,-0.018981,0.002523,0.000234
0,-0.139531,0.182245,-0.012796,0.223563,-0.053721,0.189717,0.002435,0.003181
0,-0.195058,0.102861,-0.084881,-0.070214,-0.127252,-0.06782,0.003286,0.001795
0,-0.079007,-0.052805,0.126967,-0.13987,0.152698,-0.176032,0.001379,0.000922
0,-0.117728,-0.099558,-0.059553,-0.023171,-0.084549,-0.035142,0.002055,0.001738
0,-0.055324,-0.006524,0.035209,0.10331,0.045916,0.067255,0.000966,0.000114
0,0.001949,0.100357,0.033626,0.083188,0.009874,0.105664,3.4e-05,0.001752
0,0.068575,0.088469,0.066057,-0.03655,0.078571,-0.06776,0.001197,0.001544
0,0.02224,-0.005659,-0.064933,-0.078627,-0.030377,-0.08599,0.000388,9.9e-05
0,-0.080194,-0.008866,-0.077237,-0.012271,-0.112654,-0.029492,0.0014,0.000155
0,0.064276,-0.01418,0.14306,-0.034282,0.112605,-0.058897,0.001122,0.000247
0,0.029942,-0.01622,-0.039011,-0.00224,-0.032091,-0.016476,0.000523,0.000283
0,-0.047614,0.134339,-0.067113,0.125647,-0.103237,0.123341,0.000831,0.002345
0,-0.038508,-0.007737,0.018383,-0.151574,0.01803,-0.135708,0.000672,0.000135
0,-0.126428,0.108283,-0.081219,0.119232,-0.121352,0.117323,0.002207,0.00189
0,-0.007324,0.055009,0.101731,-0.027798,0.125945,-0.03854,0.000128,0.00096
0,0.083213,-0.024744,0.074002,-0.072391,0.029583,-0.087,0.001452,0.000432
0,0.001696,-0.101462,-0.085626,-0.049251,-0.115107,-0.044622,3e-05,0.001771
0,0.10049,0.154274,0.119216,0.231418,0.097697,0.231824,0.001754,0.002693
0,0.88605,-2.398945,0.766362,-2.560555,0.745884,-2.573996,0.002083,0.001725
0,0.901577,-3.202465,0.012538,-0.828087,0.057847,-0.813844,0.002354,0.002367
0,1.406524,-3.236717,0.516732,-0.005532,0.538296,0.011682,0.002215,0.002965
0,1.581592,-2.263641,0.187353,1.001287,0.212904,0.985942,0.000841,0.000637
0,1.464389,-1.711255,-0.087483,0.567248,-0.069976,0.528136,0.001205,0.003104
0,1.114557,-1.355898,-0.350943,0.328681,-0.350209,0.312561,0.00062,0.003098
0,0.80588,-0.967032,-0.284913,0.370822,-0.292645,0.387085,0.000684,0.003195
0,0.528641,-0.329932,-0.275644,0.611903,-0.320463,0.64892,0.002536,0.000932
0,0.401385,-0.320606,-0.147928,0.032233,-0.147037,-0.005645,0.000315,0.001095
0,0.204087,0.072571,-0.212923,0.392045,-0.247723,0.35115,0.003129,0.001267
0,0.103015,0.052302,-0.09955,-0.010023,-0.112242,0.000918,0.001798,0.000913
0,0.086345,0.073317,0.01249,0.047682,0.040426,0.062754,0.001507,0.00128
0,-0.09476,0.344285,-0.159603,0.242258,-0.131527,0.248655,0.001654,0.000682
0,0.019715,0.226832,0.095027,-0.112365,0.122423,-0.093847,0.000344,0.002732
0,-0.041284,0.088269,-0.086694,-0.135803,-0.063201,-0.160877,0.000721,0.001541
0,0.061619,0.033989,0.092871,-0.027045,0.109853,-0.031617,0.001075,0.000593
0,-0.218955,0.230754,-0.29443,0.206612,-0.265899,0.1809,0.002869,0.002663
0,-0.067668,0.033673,0.137304,-0.21279,0.149453,-0.192447,0.001181,0.000588
0,-0.109534,-0.004079,-0.034849,-0.056403,-0.002453,-0.091257,0.001912,7.1e-05
0,-0.082065,-0.119792,0.051967,-0.139893,0.03553,-0.180399,0.001432,0.002091
0,-0.035447,-0.003521,0.025962,0.119484,0.054908,0.128117,0.000619,6.1e-05
0,-0.141119,-0.110668,-0.100912,-0.091892,-0.05905,-0.091748,0.002463,0.001932
0,0.021799,0.054951,0.153629,0.182698,0.147486,0.172369,0.00038,0.000959
0,-0.06363,-0.031969,-0.101719,-0.110588,-0.139971,-0.148039,0.001111,0.000558
0,0.046106,-0.059678,0.086855,-0.018441,0.075545,-0.005085,0.000805,0.001042
0,0.030741,0.071465,-0.024852,0.154245,-0.066749,0.191914,0.000537,0.001247
0,-0.068906,-0.117859,-0.070543,-0.208366,-0.061832,-0.223001,0.001203,0.002057
0,0.168245,0.024403,0.210276,0.11642,0.165931,0.067848,0.002936,0.000426
0,-0.037683,-0.096132,-0.183834,-0.103435,-0.189029,-0.058642,0.000658,0.001678
0,0.059708,0.02956,0.093055,0.103651,0.073602,0.124998,0.001042,0.000516
0,0.173441,-0.018241,0.093037,-0.031198,0.128786,-0.055486,0.003027,0.000318
0,0.109462,-0.127892,-0.045411,-0.125575,-0.075888,-0.099759,0.00191,0.002232
0,0.151001,-0.14679,0.044536,0.00925,0.047446,-0.037962,0.002635,0.002562
0,0.165402,-0.124593,0.038776,0.039934,0.04146,0.088644,0.002887,0.002175
0,0.058308,-0.021793,-0.122213,0.124124,-0.155035,0.115258,0.001018,0.00038
0,0.063624,0.00979,-0.010801,0.016569,-0.033023,0.062105,0.00111,0.000171
0,-0.008754,-0.082562,-0.075457,-0.08162,-0.106728,-0.112181,0.000153,0.001441
0,-0.051646,-0.028793,-0.035123,0.034253,-0.002239,0.059647,0.000901,0.000503
0,-0.067073,-0.116808,0.010551,-0.114009,-0.001792,-0.099917,0.001171,0.002039
0,0.066114,-0.008552,0.114853,0.129963,0.081506,0.082166,0.001154,0.000149
0,-0.073488,-0.175944,-0.113441,-0.193936,-0.100211,-0.146538,0.001283,0.003071
0,0.158549,0.035297,0.240138,0.228753,0.217528,0.213922,0.002767,0.000616
0,0.11611,-0.163967,-0.018417,-0.194936,-0.020606,-0.241876,0.002027,0.002862
0,0.090263,-0.096139,-0.029825,0.067643,-0.064707,0.045332,0.001575,0.001678
0,-0.105995,0.07726,-0.197937,0.18295,-0.159797,0.21184,0.00185,0.001348
0,-0.003817,-0.006999,0.093976,-0.071603,0.064394,-0.061492,6.7e-05,0.000122
0,0.037608,-0.141203,0.029355,-0.162961,-0.003729,-0.169525,0.000656,0.002464
0,-0.099825,-0.11136,-0.12665,0.003978,-0.14678,-0.021178,0.001742,0.001944
0,-0.006649,0.030225,0.067675,0.162882,0.039342,0.150732,0.000116,0.000528
0,0.144385,0.081772,0.130646,0.06243,0.080751,0.082178,0.00252,0.001427
0,-0.0738,-0.128864,-0.202284,-0.180996,-0.221001,-0.150774,0.001288,0.002249
0,-0.047482,0.02313,0.029372,0.150442,0.027499,0.174188,0.000829,0.000404
0,-0.103693,-0.113743,-0.077035,-0.156933,-0.124507,-0.182835,0.00181,0.001985
0,-0.080094,0.011834,0.042819,0.151178,0.087123,0.129511,0.001398,0.000207
0,-0.034123,0.04624,0.043503,0.034461,0.07888,0.08197,0.000596,0.000807
0,-0.073381,-0.002853,-0.05056,-0.019697,-0.084674,-0.058617,0.001281,5e-05
0,0.038255,-0.103546,0.100142,-0.098307,0.123908,-0.091588,0.000668,0.001807
0,0.097106,0.042465,0.069137,0.14743,0.03551,0.135775,0.001695,0.000741
0,-0.010619,-0.058867,-0.0953,-0.095308,-0.135741,-0.065314,0.000185,0.001027
0,0.383355,-1.234005,0.408457,-1.179323,0.385884,-1.188903,0.0,0.001465
0,0.376588,-1.942903,-0.020274,-0.728769,0.007504,-0.736148,0.000118,0.000456
0,0.478689,-2.055893,0.08294,-0.083638,0.12024,-0.041616,0.001664,0.002428
0,0.499348,-1.32593,0.049089,0.748755,0.096807,0.735179,0.002024,0.003069
0,0.279978,-1.177455,-0.223769,0.118689,-0.273319,0.101858,0.001804,0.000478
0,0.391363,-1.068335,0.123154,0.091221,0.145616,0.069121,0.00014,0.001426
0,0.194557,-0.7022,-0.188804,0.391212,-0.158572,0.361016,0.003295,0.001126
0,0.190518,-0.626095,0.024782,0.092981,0.074209,0.105652,0.003325,0.002454
0,0.192068,-0.317438,-0.019945,0.322239,0.004618,0.360256,0.003339,0.00115
0,0.068263,-0.058619,-0.101194,0.279174,-0.138979,0.299068,0.001191,0.001023
0,0.036786,0.115524,-0.006843,0.165986,-1.8e-05,0.116181,0.000642,0.002016
0,0.157129,0.049681,0.11421,-0.05772,0.067262,-0.044418,0.002742,0.000867
0,-0.06015,0.316647,-0.237232,0.28785,-0.26299,0.326541,0.00105,0.001164
0,0.171461,0.177941,0.221753,-0.148895,0.237686,-0.16134,0.002993,0.003106
0,-0.057743,0.283193,-0.216107,0.096001,-0.222662,0.145642,0.001008,0.001748
0,-0.009525,0.147106,0.047369,-0.112628,0.057986,-0.116088,0.000166,0.002567
0,-0.061196,0.093834,-0.029717,-0.070062,-0.056769,-0.024545,0.001068,0.001638
0,0.072029,0.115579,0.11142,0.03078,0.151897,0.022912,0.001257,0.002017
0,0.065427,-0.058979,-0.027953,-0.197277,-0.004162,-0.241428,0.001142,0.001029
0,1.038127,1.482453,0.965431,1.550636,1.000897,1.501542,0.001954,0.00089
0,2.038301,2.463034,1.015032,0.994983,1.011625,0.990578,0.002121,0.002843
0,2.376831,2.372732,0.314004,-0.1096,0.276217,-0.074669,0.001339,0.001267
0,2.122599,2.319553,-0.226519,-0.079954,-0.202048,-0.080966,0.003099,0.000339
0,2.294206,1.945182,0.184946,-0.356765,0.234458,-0.312859,0.000103,0.000496
0,1.997472,1.590153,-0.271824,-0.344215,-0.266523,-0.329448,0.001408,0.00099
0,1.458745,1.490771,-0.531479,-0.088775,-0.57166,-0.108672,0.001303,0.000744
0,0.87961,0.785564,-0.556542,-0.688446,-0.56975,-0.730118,0.00197,0.000329
0,0.432801,0.51558,-0.426766,-0.279873,-0.464214,-0.327146,0.000863,0.002308
0,0.114666,0.372653,-0.298064,-0.172827,-0.284746,-0.176745,0.002001,0.000187
0,0.104725,0.218783,-0.006985,-0.170501,-0.053951,-0.206227,0.001828,0.002872
0,-0.113365,0.073696,-0.195806,-0.152304,-0.201187,-0.136201,0.001979,0.001286
0,-0.044154,-0.005877,0.040317,-0.071126,0.0857,-0.054716,0.000771,0.000103
0,-0.097175,-0.283844,-0.038463,-0.264112,0.001464,-0.263599,0.001696,0.001737
0,-0.223653,-0.230355,-0.1499,0.026995,-0.189479,0.009694,0.002787,0.00267
0,-0.184581,-0.059337,0.047664,0.185274,0.033602,0.144396,0.003222,0.001036
0,-0.219334,-0.283273,-0.022825,-0.223193,-0.046383,-0.216088,0.002863,0.001747
0,-0.07763,-0.212166,0.127805,0.087618,0.128589,0.108109,0.001355,0.002988
0,-0.137616,-0.08346,-0.051096,0.121612,-0.011051,0.149617,0.002402,0.001457
0,-0.040487,-0.115745,0.068412,-0.060721,0.083282,-0.060349,0.000707,0.00202
0,0.099233,-0.024958,0.137004,0.072396,0.123992,0.023462,0.001732,0.000436
0,0.169332,-0.010116,0.045669,0.043606,0.000273,0.017245,0.002955,0.000177
0,-0.048775,0.110405,-0.19574,0.132267,-0.213539,0.16246,0.000851,0.001927
0,0.076978,0.064648,0.113237,-0.053177,0.110155,-0.070883,0.001344,0.001128
0,0.141046,0.009741,0.074562,-0.025244,0.107621,-0.024448,0.002462,0.00017
0,-0.020894,0.154926,-0.164672,0.120273,-0.130325,0.163799,0.000365,0.002704
0,-0.116199,0.031338,-0.090164,-0.140375,-0.086238,-0.109099,0.002028,0.000547
0,-0.117819,0.134945,0.008255,0.086417,0.039241,0.065283,0.002056,0.002355
0,-0.106476,0.005245,0.005261,-0.142349,0.045599,-0.17314,0.001858,9.2e-05
0,-0.150165,-0.042706,-0.028461,-0.076601,-0.039851,-0.12514,0.002621,0.000745
0,-0.04742,0.155317,0.130481,0.184586,0.119886,0.196517,0.000828,0.002711
0,-0.066995,-0.01252,-0.034786,-0.1496,-0.02801,-0.175283,0.001169,0.000219
0,-0.011937,-0.013999,0.036757,0.027611,0.016384,0.029875,0.000208,0.000244
0,-0.031582,0.034604,-0.004965,0.036495,0.036295,0.021166,0.000551,0.000604
0,-0.179312,-0.080988,-0.139301,-0.120728,-0.090485,-0.145069,0.00313,0.001414
0,0.050579,-0.081519,0.206099,-0.0264,0.235841,0.008679,0.000883,0.001423
0,-0.046241,-0.070667,-0.122615,-0.007925,-0.142003,-0.041352,0.000807,0.001233
0,-0.052605,-0.024166,-0.007339,0.021445,-0.002994,-0.008298,0.000918,0.000422
0,0.04623,-0.048902,0.072084,-0.02294,0.102592,-0.014953,0.000807,0.000854
0,0.030354,-0.005409,-0.029148,0.067374,-0.068848,0.074503,0.00053,9.4e-05
0,0.04679,0.032685,0.028392,0.027933,-0.016253,0.063089,0.000817,0.00057
0,-0.045538,0.001891,-0.118646,-0.057477,-0.132454,-0.044378,0.000795,3.3e-05
0,0.144665,0.043913,0.1635,0.013773,0.117784,0.038216,0.002525,0.000766
0,0.065857,0.134989,-0.073786,0.086391,-0.114844,0.090414,0.001149,0.002356
0,0.048263,-0.012748,-0.045998,-0.139377,-0.083397,-0.113327,0.000842,0.000222
0,0.162511,-0.175183,0.101454,-0.191382,0.129027,-0.199739,0.002836,0.003058
0,0.161873,-0.177875,0.013002,-0.029202,0.048055,-0.02384,0.002825,0.003105
0,-0.023391,0.010476,-0.204703,0.174771,-0.169375,0.152936,0.000408,0.000183
0,0.089762,-0.119837,0.139448,-0.118413,0.10079,-0.088685,0.001567,0.002092
0,0.02143,-0.014122,-0.055817,0.094662,-0.008165,0.076686,0.000374,0.000246
0,0.164393,0.09028,0.14571,0.074573,0.17031,0.080551,0.002869,0.001576
0,6.8e-05,0.108669,-0.137372,-0.010922,-0.110406,-0.039886,1e-06,0.001897
0,-0.033049,0.075559,-0.018955,-0.026353,-0.026409,0.016328,0.000577,0.001319
0,-0.084619,0.127362,-0.035173,0.024979,-0.059379,-0.019579,0.001477,0.002223
0,-0.122429,-0.107653,-0.050732,-0.221569,-0.02416,-0.174802,0.002137,0.001879
0,-0.00438,0.130975,0.124707,0.232601,0.137748,0.243366,7.6e-05,0.002286
0,-0.095855,-0.036639,-0.061811,-0.154737,-0.043116,-0.191028,0.001673,0.000639
0,0.047454,-0.09686,0.163461,-0.04025,0.210639,-0.017845,0.000828,0.001691
0,0.044836,-0.131718,-0.018697,-0.041598,0.003298,-0.0898,0.000783,0.002299
0,-0.060815,0.089829,-0.083424,0.235363,-0.107931,0.277013,0.001061,0.001568
0,-0.150687,-0.138693,-0.104989,-0.218383,-0.119326,-0.180786,0.00263,0.002421
0,-0.035687,-0.018414,0.089686,0.139679,0.106378,0.101241,0.000623,0.000321
0,0.11813,-0.038691,0.124956,-0.048017,0.112679,-0.016567,0.002062,0.000675
0,-0.021163,-0.107944,-0.159067,-0.051191,-0.201321,-0.056364,0.000369,0.001884
0,-0.112285,0.090436,-0.10923,0.180183,-0.060168,0.176043,0.00196,0.001578
0,-0.178321,0.129031,-0.049091,0.063265,-0.049683,0.096105,0.003112,0.002252
0,-0.259926,0.15463,-0.093157,0.028377,-0.055378,-0.017956,0.002154,0.002699
0,-0.276605,-0.087793,0.00655,-0.252827,0.031066,-0.257406,0.001863,0.001532
0,-0.073722,-0.033764,0.20664,0.062159,0.229876,0.044179,0.001287,0.000589
0,-0.050113,0.120444,0.025469,0.125168,0.037476,0.165215,0.000875,0.002102
0,-0.176397,-0.088635,-0.119915,-0.204439,-0.102203,-0.239165,0.003079,0.001547
0,-0.013033,0.135494,0.146342,0.21173,0.101724,0.179945,0.000227,0.002365
0,-0.053051,-0.112951,-0.045005,-0.275913,-0.032319,-0.293295,0.000926,0.001971
0,-0.16868,0.049502,-0.120044,0.168752,-0.15366,0.166478,0.002944,0.000864
0,-0.03531,-0.105916,0.16172,-0.168936,0.197358,-0.153109,0.000616,0.001849
0,-0.226361,-0.158644,-0.184073,-0.058051,-0.153068,-0.014102,0.00274,0.002769
0,-0.179154,0.02608,0.049116,0.160398,0.007596,0.178486,0.003127,0.000455
0,-0.271147,-0.154593,-0.077634,-0.209118,-0.077496,-0.196807,0.001958,0.002698
0,-0.148465,-0.011008,0.128056,0.155782,0.107727,0.169673,0.002591,0.000192
0,-0.063111,-0.011656,0.084251,-0.026087,0.07526,-0.036296,0.001101,0.000203
0,-0.207071,-0.082922,-0.162434,-0.083266,-0.154063,-0.04249,0.003077,0.001447
0,-0.041108,-0.026315,0.188197,0.083737,0.168723,0.078747,0.000717,0.000459
0,-0.300535,-0.084075,-0.229604,-0.078472,-0.193432,-0.100218,0.001445,0.001467
0,-0.131116,-0.114043,0.176928,-0.007059,0.128057,-0.05137,0.002288,0.00199
0,-0.170501,-0.179776,-0.038863,-0.072044,-0.007608,-0.109967,0.002976,0.003138
0,-0.138125,-0.148823,0.008826,0.036133,0.050796,0.077578,0.002411,0.002597
0,-0.243575,0.044974,-0.130326,0.181462,-0.15468,0.212161,0.00244,0.000785
0,-0.29587,-0.098699,-0.071544,-0.13585,-0.061979,-0.116226,0.001527,0.001723
0,-0.047949,-0.034633,0.266014,0.03852,0.312839,0.038849,0.000837,0.000604
0,-0.109292,-0.185313,-0.084588,-0.179781,-0.081556,-0.181834,0.001908,0.003234
0,-0.245683,-0.025597,-0.123024,0.180877,-0.165101,0.152223,0.002403,0.000447
0,0.03939,-0.039089,0.290655,-0.008922,0.307351,-0.034209,0.000687,0.000682
0,-0.154963,0.150628,-0.218132,0.208689,-0.213547,0.208732,0.002705,0.002629
0,-0.107365,0.011328,0.040297,-0.120203,0.072598,-0.076744,0.001874,0.000198
0,0.109433,-0.04622,0.212164,-0.084,0.228215,-0.129074,0.00191,0.000807
0,-0.14515,0.063292,-0.2496,0.096242,-0.265061,0.071428,0.002533,0.001105
0,0.056001,-0.12317,0.219972,-0.163332,0.249172,-0.19042,0.000977,0.00215
0,0.101306,-0.145584,0.055013,-0.05121,0.097546,-0.021835,0.001768,0.002541
0,-0.06661,0.06693,-0.14068,0.196202,-0.172958,0.191715,0.001163,0.001168
0,0.078321,0.106949,0.132076,0.063459,0.164636,0.043768,0.001367,0.001867
0,-0.166654,-0.096545,-0.227803,-0.232665,-0.202479,-0.207236,0.002909,0.001685
0,-0.153615,-0.068082,0.012278,0.005646,0.002889,-0.008549,0.002681,0.001188
0,-0.170935,0.077163,-0.034427,0.171032,-0.025254,0.172357,0.002983,0.001347
0,0.003445,0.059488,0.178164,0.011503,0.133742,-0.034001,6e-05,0.001038
0,-0.250614,-0.055815,-0.256361,-0.097837,-0.235795,-0.06625,0.002317,0.000974
0,1.069562,1.407835,1.311489,1.471934,1.351173,1.458245,0.001405,0.002192
0,1.604231,1.625358,0.538889,0.219092,0.548697,0.262319,0.001236,0.001605
0,2.280047,1.891971,0.679814,0.264809,0.656135,0.23956,0.000351,0.000433
0,2.303113,1.964687,0.017478,0.084071,0.02048,0.109782,5.2e-05,0.000836
0,2.276339,1.614191,-0.056092,-0.334138,-0.073539,-0.36223,0.000415,0.00141
0,1.6786,1.596457,-0.627208,-0.000448,-0.581965,0.004234,0.002534,0.0011
0,1.393361,1.03509,-0.30272,-0.584082,-0.347798,-0.589708,0.002445,0.002007
0,1.055182,0.764351,-0.326904,-0.27924,-0.29776,-0.328616,0.001656,4.1e-05
0,0.617441,0.4987,-0.447168,-0.256985,-0.415463,-0.244191,0.002605,0.002013
0,0.463487,0.363228,-0.124199,-0.155695,-0.100933,-0.113479,0.001399,0.000351
0,-0.01075,0.303771,-0.474423,-0.067979,-0.49412,-0.058322,0.000188,0.001389
0,0.036444,0.194983,0.021613,-0.136084,0.021785,-0.088902,0.000636,0.003288
0,-0.027466,0.273657,-0.053616,0.075965,-0.063772,0.105561,0.000479,0.001546
0,0.160572,0.228917,0.214884,-0.018623,0.245445,0.019849,0.002803,0.001546
0,0.259802,0.297284,0.074334,0.083167,0.0515,0.055228,0.002156,0.001546
0,0.074598,0.118351,-0.181642,-0.152029,-0.204661,-0.201516,0.001302,0.001546
0,0.001507,0.293108,-0.056193,0.170138,-0.063417,0.206043,2.6e-05,0.001546
0,0.088831,0.126111,0.077021,-0.152966,0.039271,-0.155211,0.00155,0.001546
0,0.103209,0.183693,0.037517,0.044105,0.065912,0.080215,0.001801,0.001546
0,0.150138,0.07719,0.046282,-0.125066,0.041031,-0.166639,0.00262,0.001546
0,0.168225,0.089554,0.004957,0.021574,0.020215,-0.001102,0.002936,0.001546
0,0.054088,0.314258,-0.131722,0.246728,-0.159881,0.218089,0.000944,0.001546
0,0.147934,0.253478,0.090392,-0.058972,0.12759,-0.022094,0.002582,0.001546
0,0.119615,0.226521,-0.000212,-0.056506,-0.014127,-0.016232,0.002088,0.001546
0,0.041962,0.173831,-0.072741,-0.04668,-0.117841,-0.018768,0.000732,0.001546
0,-0.030279,0.022945,-0.067619,-0.162989,-0.063562,-0.155293,0.000528,0.001546
0,0.161904,0.022444,0.163251,-0.028486,0.11467,0.017119,0.002826,0.001546
0,0.096134,0.123438,-0.03806,0.097432,-0.034516,0.056946,0.001678,0.001546
0,0.221671,-0.041463,0.108447,-0.153131,0.148455,-0.117599,0.002822,0.001546
0,0.122366,-0.051347,-0.110455,-0.010946,-0.133897,-0.029564,0.002136,0.001546
0,0.108904,0.079642,0.005828,0.157343,0.052793,0.172806,0.001901,0.001546
0,0.040115,0.043728,-0.071686,-0.007624,-0.09454,0.012569,0.0007,0.001546
0,0.167436,0.15256,0.148059,0.120267,0.099222,0.145167,0.002922,0.001546
0,0.007939,0.130646,-0.162094,-0.031737,-0.187359,0.002925,0.000139,0.001546
0,0.095869,0.083729,0.113007,-0.033222,0.118517,-0.054719,0.001673,0.001546
0,0.043037,-0.109622,-0.07632,-0.192483,-0.070109,-0.235628,0.000751,0.001913
0,0.079609,-0.023381,0.030119,0.093035,-0.002883,0.110015,0.001389,0.001546
0,-0.002841,0.099624,-0.089651,0.138078,-0.055231,0.121356,5e-05,0.001546
0,-0.027866,0.047919,-0.015168,-0.029197,-0.063407,-0.022941,0.000486,0.001546
0,0.24571,-0.007764,0.250738,-0.0398,0.267095,-0.012403,0.002402,0.001546
0,0.097403,-0.030448,-0.160999,0.002587,-0.191437,0.003088,0.0017,0.001546
0,0.349094,0.114789,0.259338,0.125674,0.303621,0.138861,0.000598,0.001546
0,0.211462,-0.10409,-0.145205,-0.240584,-0.102608,-0.202722,0.003,0.001817
0,0.112871,-0.047801,-0.079065,0.051345,-0.049419,0.079139,0.00197,0.001546
0,0.29442,-0.119312,0.196336,-0.046736,0.172813,-0.033229,0.001552,0.002082
0,0.339154,-0.013756,0.054822,0.119523,0.04973,0.085046,0.000771,0.001546
0,0.319925,0.040647,-0.014917,0.030599,0.018038,0.036009,0.001107,0.001546
0,0.168389,0.004632,-0.156629,-0.036597,-0.196092,-0.077329,0.002939,0.001546
0,0.119028,0.117132,-0.051531,0.108823,-0.076525,0.105145,0.002077,0.001546
0,0.135253,-0.069305,0.006248,-0.198389,-0.012726,-0.18652,0.002361,0.001546
0,0.076128,0.031512,-0.034863,0.099783,-0.040147,0.10732,0.001329,0.001546
0,0.299442,0.060197,0.242189,0.056258,0.21059,0.007682,0.001465,0.001546
0,0.153058,0.157472,-0.156154,0.092218,-0.113455,0.04879,0.002671,0.001546
0,0.103333,0.011509,-0.024071,-0.148722,-0.010642,-0.130597,0.001803,0.001546
0,0.052132,0.223685,-0.063122,0.211542,-0.022602,0.169503,0.00091,0.001546
0,0.115682,-0.030622,0.071755,-0.247274,0.039811,-0.296284,0.002019,0.001546
0,0.069234,0.208711,-0.018504,0.239794,-0.033825,0.204696,0.001208,0.001546
0,0.084252,0.017094,-0.008341,-0.162094,0.026618,-0.198122,0.00147,0.001546
0,0.158283,0.143313,0.061245,0.115641,0.067398,0.086339,0.002763,0.001546
0,0.203856,0.011945,0.051018,-0.151646,0.078094,-0.109782,0.003133,0.001546
0,-0.041056,0.056088,-0.245425,0.03077,-0.257803,0.037379,0.000717,0.001546
0,-0.047554,0.034095,0.014315,-0.033363,-0.027883,0.00954,0.00083,0.001546
0,0.209702,0.019312,0.239307,0.003481,0.261148,-0.022659,0.003031,0.001546
0,0.167844,0.011222,-0.029303,-0.035652,0.013371,-0.053485,0.002929,0.001546
0,0.086624,-0.017223,-0.053865,-0.018865,-0.01883,0.026267,0.001512,0.001546
0,0.099268,0.120341,0.01043,0.149523,0.056065,0.151052,0.001733,0.001546
0,0.002055,0.037801,-0.08199,-0.084316,-0.102054,-0.064832,3.6e-05,0.001546
0,0.190723,0.092736,0.183769,0.060052,0.160423,0.026094,0.003329,0.001546
0,-0.052675,-0.046683,-0.231771,-0.158123,-0.185958,-0.207008,0.000919,0.001546
0,0.054133,0.191837,0.089906,0.239136,0.06354,0.277473,0.000945,0.001546
0,-0.026407,0.125378,-0.09864,-0.082547,-0.088546,-0.041442,0.000461,0.001546
0,0.197234,-0.017695,0.243977,-0.131457,0.276807,-0.153645,0.003248,0.001546
0,-0.010805,0.177104,-0.213935,0.192168,-0.180743,0.165717,0.000189,0.001546
0,-0.058752,0.019586,-0.071407,-0.130912,-0.037453,-0.15678,0.001025,0.001546
0,0.158629,-0.016305,0.234918,-0.01735,0.19423,-0.000125,0.002769,0.001546
0,0.162126,-0.005341,0.031647,0.032888,-0.004443,0.065164,0.00283,0.001546
0,-0.126277,0.095219,-0.29881,0.108426,-0.336588,0.079249,0.002204,0.001546
0,0.084832,0.065279,0.196064,-0.003842,0.209174,0.015235,0.001481,0.001546
0,0.183602,0.147342,0.117015,0.079394,0.13947,0.082133,0.003204,0.001546
0,0.098062,0.1926,-0.108304,0.021171,-0.062629,0.00071,0.001712,0.001546
0,0.013026,-0.059632,-0.077366,-0.266591,-0.060175,-0.293286,0.000227,0.001546
0,0.168688,0.121096,0.130187,0.167713,0.112751,0.124469,0.002944,0.001546
0,-0.047061,-0.005443,-0.208175,-0.138972,-0.202489,-0.112954,0.000821,0.001546
0,0.028647,-0.017205,0.099351,-0.025308,0.108223,-0.014355,0.0005,0.001546
0,0.058983,0.165818,0.003153,0.179484,-0.039151,0.171774,0.001029,0.001546
0,0.210491,0.130041,0.135542,-0.007302,0.129095,-0.029862,0.003017,0.001546
0,0.111897,0.031506,-0.123633,-0.082022,-0.131182,-0.086224,0.001953,0.001546
0,0.018783,-0.004778,-0.095292,-0.040938,-0.049505,-0.009468,0.000328,0.001546
0,0.119011,0.050229,0.096425,0.028402,0.068106,0.014317,0.002077,0.001546
0,0.065321,-0.031847,-0.064274,-0.052765,-0.102347,-0.05421,0.00114,0.001546
0,0.092959,0.05536,0.054901,0.09511,0.091388,0.072288,0.001622,0.001546
0,-0.017766,-0.113112,-0.12492,-0.151318,-0.142631,-0.172146,0.00031,0.001974
0,0.113604,-0.105116,0.117059,0.01327,0.105896,0.012269,0.001983,0.001835
0,0.091754,-0.060317,-0.045727,0.041529,-0.063725,0.001222,0.001601,0.001546
0,0.259305,-0.085216,0.153336,-0.012146,0.105773,0.007736,0.002165,0.001546
0,0.110339,0.091176,-0.176452,0.184846,-0.176024,0.196379,0.001926,0.001546
0,0.128489,-0.002302,0.032576,-0.086708,0.077334,-0.109096,0.002243,0.001546
0,0.153569,0.16492,0.019424,0.146314,-0.012077,0.137207,0.00268,0.001546
0,0.107284,0.132432,-0.039215,-0.005432,0.00941,-0.040461,0.001872,0.001546
0,0.241551,0.105688,0.121068,-0.04472,0.102805,-0.06955,0.002475,0.001546
0,0.250902,0.06841,0.014969,-0.050379,-0.005786,-0.031171,0.002312,0.001546
0,0.229307,-0.003639,-0.042588,-0.095625,-0.053064,-0.058237,0.002689,0.001546
0,0.235297,-0.059856,-0.016513,-0.02946,-0.035378,-0.049741,0.002584,0.001546
0,0.146485,-0.096501,-0.080447,-0.011714,-0.077391,-0.014788,0.002557,0.001684
0,0.143206,-0.084516,0.004759,0.018926,-0.0347,0.012,0.002499,0.001546
0,0.224384,0.030782,0.096352,0.089461,0.138204,0.083166,0.002775,0.001546
0,0.275383,0.061317,0.070287,0.028611,0.117689,0.023176,0.001884,0.001546
0,0.043815,-0.009131,-0.261064,-0.095065,-0.224243,-0.143581,0.000765,0.001546
0,0.08018,-0.201494,0.048498,-0.218906,0.030131,-0.173931,0.001399,0.003174
0,0.270878,-0.031312,0.170127,0.190741,0.156416,0.191314,0.001963,0.000546
0,0.290897,-0.112799,0.017814,-0.065388,-0.026789,-0.113546,0.001614,0.001969
0,0.128929,0.025536,-0.15778,0.168131,-0.145787,0.198864,0.00225,0.000446
0,0.176186,-0.061642,0.076794,-0.10359,0.111657,-0.124714,0.003075,0.001076
0,0.218836,0.017797,0.071132,0.073494,0.032322,0.074753,0.002871,0.000311
0,0.13912,-0.042939,-0.075072,-0.062744,-0.058051,-0.08087,0.002428,0.000749
0,0.103373,0.009918,-0.013768,0.060509,-0.022567,0.070663,0.001804,0.000173
0,0.229135,0.084074,0.098921,0.095078,0.108476,0.084407,0.002692,0.001467
0,0.169377,-0.026788,-0.041278,-0.101615,-0.025134,-0.107392,0.002956,0.000468
0,0.048736,-0.055685,-0.09109,-0.018464,-0.138021,-0.060416,0.000851,0.000972
0,0.155861,-0.036438,0.095978,0.013421,0.070275,0.008702,0.00272,0.000636
0,0.059636,-0.036481,-0.106675,-0.024625,-0.118061,-0.025372,0.001041,0.000637
0,0.165207,-0.074787,0.092217,-0.03112,0.129664,-0.028643,0.002883,0.001305
0,0.192266,0.029762,0.016579,0.130298,-0.001605,0.123351,0.003335,0.000519
0,0.162764,-0.184418,-0.059197,-0.199109,-0.023523,-0.1862,0.002841,0.003219
0,0.276062,-0.122554,0.085804,0.037265,0.111229,0.007781,0.001873,0.002139
0,0.087066,-0.060586,-0.210649,0.057613,-0.177466,0.097272,0.00152,0.001057
0,-0.011236,-0.037705,-0.076871,0.00366,-0.032481,0.019841,0.000196,0.000658
0,0.155211,-0.075373,0.164618,-0.039936,0.185337,-0.076423,0.002709,0.001316
0,0.084992,-0.230772,-0.097477,-0.134636,-0.070044,-0.157922,0.001483,0.002663
0,0.30216,-0.22706,0.227304,0.01414,0.182292,0.057783,0.001417,0.002728
0,0.112657,-0.08111,-0.21047,0.119649,-0.172536,0.098347,0.001966,0.001416
0,0.098049,-0.214105,-0.007756,-0.133756,-0.011373,-0.162916,0.001711,0.002954
0,0.379287,-0.131697,0.304938,0.082531,0.306582,0.037926,7.1e-05,0.002299
0,0.168313,-0.142311,-0.206538,-0.033713,-0.25115,0.014614,0.002938,0.002484
0,0.282836,-0.134946,0.115621,0.027433,0.147183,0.072493,0.001754,0.002355
0,0.16575,-0.129169,-0.096961,0.014305,-0.073533,0.018775,0.002893,0.002254
0,0.286489,-0.015731,0.129323,0.084755,0.158814,0.059317,0.001691,0.000275
0,0.270291,-0.000607,-0.025512,0.038613,-0.01979,0.04728,0.001973,1.1e-05
0,0.19933,-0.020589,-0.098338,-0.014033,-0.12411,-0.000247,0.003212,0.000359
0,0.219055,0.079691,0.022425,0.08233,0.026995,0.076309,0.002868,0.001391
0,0.300689,0.048672,0.078911,-0.006052,0.063707,-0.000899,0.001443,0.000849
0,0.207257,0.040537,-0.069882,-0.021647,-0.030348,-0.003643,0.003074,0.000707
0,0.239645,-0.062722,0.038169,-0.10971,0.071585,-0.134251,0.002508,0.001095
0,0.12966,-0.158601,-0.086159,-0.071929,-0.116857,-0.05725,0.002263,0.002768
0,0.119289,-0.155263,-0.007633,0.02958,-0.011077,0.041884,0.002082,0.00271
0,0.193617,0.121839,0.092813,0.28285,0.066534,0.249572,0.003312,0.002126
0,0.209964,-0.080843,0.021852,-0.196142,0.032621,-0.200418,0.003026,0.001411
0,0.283374,-0.030913,0.053701,0.079695,0.042393,0.087652,0.001745,0.00054
0,0.280365,0.093683,-0.027299,0.107891,-0.001072,0.116205,0.001798,0.001635
0,0.264534,0.023283,-0.002692,-0.076596,-0.032746,-0.094335,0.002074,0.000406
0,0.303367,0.071387,0.022652,0.064237,0.013423,0.11256,0.001396,0.001246
0,0.155429,-0.012964,-0.129886,-0.095398,-0.105472,-0.140207,0.002713,0.000226
0,0.525073,0.099606,0.37631,0.098789,0.382271,0.117033,0.002473,0.001738
0,0.873079,0.281607,0.319691,0.193178,0.279789,0.225907,0.001856,0.001776
0,1.002121,0.282545,0.122676,-0.006495,0.084612,-0.006002,0.002582,0.001759
0,1.074781,0.312015,0.071716,0.046084,0.088391,0.04548,0.001314,0.001245
0,0.852605,0.076936,-0.231305,-0.249548,-0.213597,-0.230883,0.001499,0.001343
0,0.808584,0.235676,-0.019862,0.18109,-0.039716,0.167867,0.000731,0.002577
0,0.581399,0.229367,-0.223587,0.015197,-0.261823,0.016247,0.003234,0.001546
0,0.339207,0.008212,-0.219607,-0.220589,-0.262114,-0.186054,0.000771,0.001546
0,0.410051,0.025581,0.071921,-0.008392,0.105404,-0.0108,0.000466,0.001546
0,0.261962,0.117661,-0.164985,0.068437,-0.147844,0.070441,0.002119,0.001546
0,0.151725,-0.097303,-0.105514,-0.244354,-0.155273,-0.212731,0.002648,0.001698
0,-0.103604,0.008703,-0.264457,0.090097,-0.277787,0.063881,0.001808,0.001546
0,0.073575,-0.098472,0.165815,-0.080731,0.206815,-0.049745,0.001284,0.001719
0,-0.040609,-0.140175,-0.100891,-0.032428,-0.086778,-0.044793,0.000709,0.002447
0,-0.052379,-0.000657,-0.033433,0.165592,-0.037489,0.147066,0.000914,0.001546
0,-0.211054,-0.051727,-0.182325,-0.0279,-0.23134,-0.040133,0.003007,0.001546
0,0.002961,-0.081085,0.216599,-0.056237,0.16714,-0.015832,5.2e-05,0.001546
0,0.082873,0.059368,0.05024,0.127083,0.03315,0.13117,0.001446,0.001546
0,2e-05,0.037797,-0.054653,-0.005325,-0.018544,-0.033059,0.0,0.001546
0,-0.107584,-0.011407,-0.10214,-0.059205,-0.11598,-0.068595,0.001878,0.001546
0,-0.183027,-0.038069,-0.072106,-0.00744,-0.025356,-0.003635,0.003194,0.001546
0,-0.166628,-0.044472,0.040023,-0.026569,0.030128,-0.032266,0.002908,0.001546
0,-0.030484,-0.070011,0.14477,-0.013329,0.170241,0.010208,0.000532,0.001546
0,-0.160367,0.001125,-0.102802,0.079019,-0.057009,0.078564,0.002799,0.001546
0,-0.15562,-0.063681,-0.012212,-0.048149,-0.031481,-0.004883,0.002716,0.001546
0,-0.094055,-0.204834,0.070802,-0.116557,0.088845,-0.0694,0.001642,0.003116
0,-0.004249,-0.0847,0.088303,0.115095,0.095749,0.12423,7.4e-05,0.001478
0,0.062278,-0.169664,0.063341,-0.064794,0.054853,-0.110555,0.001087,0.002961
0,0.043143,0.062145,-0.019375,0.239653,-0.054907,0.202208,0.000753,0.001085
0,-0.109025,-0.139536,-0.169938,-0.217298,-0.162418,-0.234175,0.001903,0.002435
0,0.135406,-0.08171,0.250255,0.055603,0.276327,0.092935,0.002363,0.001426
0,0.107862,-0.011874,-0.025564,0.0432,-0.015431,0.044317,0.001883,0.000207
0,0.087076,-0.098735,-0.021883,-0.080681,-0.056305,-0.099414,0.00152,0.001723
0,0.163115,-0.029945,0.072772,0.059456,0.104536,0.048043,0.002847,0.000523
0,-0.068529,0.095171,-0.256333,0.131045,-0.216989,0.128463,0.001196,0.001661
0,0.132879,-0.129335,0.206362,-0.208334,0.221996,-0.188822,0.002319,0.002257
0,0.050197,-0.162103,-0.102016,-0.028625,-0.128854,-0.006544,0.000876,0.002829
0,0.09725,-0.019796,0.043966,0.130095,0.082066,0.113985,0.001697,0.000346
0,-0.052693,-0.067806,-0.143718,-0.069841,-0.11448,-0.058181,0.00092,0.001183
0,0.165614,-0.162117,0.233214,-0.120566,0.270207,-0.122964,0.002891,0.002829
0,-0.025876,-0.007159,-0.193482,0.126323,-0.218119,0.157661,0.000452,0.000125
0,0.110652,-0.112113,0.12275,-0.107541,0.136285,-0.104591,0.001931,0.001957
0,-0.050354,-0.191678,-0.137673,-0.053362,-0.135162,-0.049021,0.000879,0.003345
0,0.041719,-0.032844,0.114543,0.178983,0.096024,0.142976,0.000728,0.000573
0,-0.031731,-0.014187,-0.092152,0.046475,-0.113892,0.040851,0.000554,0.000248
0,-0.079914,-0.206577,-0.071764,-0.169483,-0.07099,-0.144176,0.001395,0.003085
0,0.194537,-0.067547,0.303656,0.152645,0.350747,0.172924,0.003296,0.001179
0,0.185373,-0.180942,-0.032689,-0.110433,0.005995,-0.073407,0.003235,0.003158
0,-0.043633,0.100739,-0.226156,0.270888,-0.272015,0.291697,0.000762,0.001758
0,0.085855,-0.143595,0.127053,-0.267832,0.14124,-0.298783,0.001498,0.002506
0,-0.040179,0.099797,-0.108307,0.251951,-0.100672,0.290258,0.000701,0.001742
0,-0.116484,-0.034024,-0.072761,-0.11848,-0.075722,-0.09109,0.002033,0.000594
0,-0.140503,0.110961,-0.052049,0.136085,-0.029963,0.125943,0.002452,0.001937
0,0.052187,-0.026273,0.170729,-0.109698,0.141974,-0.099668,0.000911,0.000459
0,0.067868,0.105362,0.029849,0.138038,0.061268,0.092444,0.001185,0.001839
0,0.002545,0.10747,-0.094888,-0.016932,-0.106036,-3.3e-05,4.4e-05,0.001876
0,0.026616,0.00461,-0.000481,-0.119342,-0.018114,-0.159364,0.000465,8e-05
0,-0.020824,-0.07962,-0.070914,-0.089626,-0.051065,-0.092872,0.000363,0.00139
0,-0.106134,0.075915,-0.079768,0.134715,-0.0716,0.115308,0.001852,0.001325
0,-0.016148,0.143214,0.117232,0.065752,0.089274,0.027106,0.000282,0.0025
0,-0.072376,0.096142,-0.080782,-0.069599,-0.122463,-0.065119,0.001263,0.001678
0,0.083079,0.119795,0.165487,-0.005185,0.17042,0.00347,0.00145,0.002091
0,-0.12071,-0.099816,-0.221914,-0.247245,-0.176834,-0.217871,0.002107,0.001742
0,0.057293,-0.085059,0.182202,-0.00103,0.21482,-0.038188,0.001,0.001485
0,0.075347,0.178638,0.001914,0.277457,-0.016869,0.2417,0.001315,0.003118
0,0.000763,-0.055636,-0.054652,-0.23633,-0.037436,-0.257466,1.3e-05,0.000971
0,0.03963,-0.115339,0.015354,-0.082698,0.045362,-0.101064,0.000692,0.002013
0,0.051778,0.051154,0.038475,0.155408,0.068053,0.171492,0.000904,0.000893
0,0.077422,-0.111556,0.018561,-0.180885,0.049458,-0.215841,0.001351,0.001947
0,0.170438,-0.00435,0.074901,0.132772,0.092521,0.087738,0.002975,7.6e-05
0,0.106469,-0.010921,-0.081312,-0.032632,-0.129008,-0.071119,0.001858,0.000191
0,0.145385,0.214771,0.014582,0.20538,0.000738,0.24835,0.002537,0.002942
0,0.052615,-0.02511,-0.065049,-0.262787,-0.111679,-0.253686,0.000918,0.000438
0,0.104843,-0.036462,0.066688,0.012091,0.021301,0.051281,0.00183,0.000636
0,0.233637,0.170663,0.115438,0.200471,0.100877,0.235996,0.002613,0.002979
0,0.069556,-0.044233,-0.176047,-0.224896,-0.168994,-0.212388,0.001214,0.000772
0,-0.039279,0.022549,-0.0964,0.091047,-0.141511,0.120934,0.000686,0.000394
0,0.050193,0.082435,0.070254,0.07962,0.107061,0.108701,0.000876,0.001439
0,0.246991,-0.000631,0.17045,-0.072394,0.207039,-0.026568,0.00238,1.1e-05
0,0.214308,-0.135692,-0.019831,-0.130765,-0.035616,-0.139258,0.00295,0.002368
0,0.178972,0.077271,-0.04169,0.234849,0.004233,0.257513,0.003124,0.001349
0,0.212923,-0.115491,0.05969,-0.221069,0.051472,-0.220034,0.002975,0.002016
0,0.254303,-0.082241,0.031304,0.056716,0.068979,0.053239,0.002252,0.001435
0,0.219002,-0.09868,-0.039812,0.011726,-0.083978,-0.015658,0.002869,0.001722
0,0.191993,-0.110878,0.00222,-0.041769,-0.00651,-0.014614,0.00334,0.001935
0,0.163033,0.03984,-0.015752,0.175316,0.011946,0.144503,0.002845,0.000695
0,0.03306,0.091462,-0.155262,0.041048,-0.201957,-0.00533,0.000577,0.001596
0,-0.060106,-0.024401,-0.06454,-0.134719,-0.075084,-0.10823,0.001049,0.000426
0,-0.089605,0.022574,-0.045381,0.028358,-0.022831,0.006278,0.001564,0.000394
0,-0.061312,0.040875,0.040589,0.031362,0.015827,0.040251,0.00107,0.000713
0,0.15313,-0.169948,0.203804,-0.209123,0.199551,-0.241871,0.002673,0.002966
0,-0.138256,-0.135151,-0.294107,0.054738,-0.253643,0.102141,0.002413,0.002359
0,-0.100779,-0.018265,0.027959,0.140025,0.062247,0.12035,0.001759,0.000319
0,-0.004323,-0.215989,0.070456,-0.189837,0.075049,-0.19011,7.5e-05,0.002921
0,-0.068128,-0.087566,-0.055358,0.13948,-0.086083,0.185419,0.001189,0.001528
0,-0.062067,0.00164,0.002566,0.11294,-0.021679,0.150056,0.001083,2.9e-05
0,0.059807,-0.015854,0.135665,-0.033719,0.158809,-0.071999,0.001044,0.000277
0,-0.010524,0.054919,-0.069075,0.043423,-0.057566,0.028195,0.000184,0.000959
0,0.009378,-0.11361,0.008587,-0.18484,-0.040486,-0.187531,0.000164,0.001983
0,-0.011017,-0.047564,-0.027703,0.07749,-0.019183,0.125366,0.000192,0.00083
0,-0.063245,-0.110561,-0.072591,-0.084443,-0.050836,-0.08508,0.001104,0.00193
0,0.045194,-0.133586,0.081015,-0.01292,0.052558,-0.0131,0.000789,0.002332
0,0.066641,0.0156,0.009107,0.132377,-0.0165,0.083677,0.001163,0.000272
0,0.07186,-0.028874,0.022951,-0.059924,0.008347,-0.013331,0.001254,0.000504
0,0.005141,0.044631,-0.045053,0.091824,-0.005032,0.078096,9e-05,0.000779
0,0.064403,-0.097221,0.084317,-0.142406,0.114281,-0.14239,0.001124,0.001697
0,-0.079426,0.051629,-0.147862,0.152522,-0.185309,0.157341,0.001386,0.000901
0,0.07994,0.032237,0.14525,-0.022893,0.146206,-0.023162,0.001395,0.000563
0,-0.147636,0.082722,-0.227615,0.073846,-0.23311,0.038776,0.002577,0.001444
0,0.143742,0.148643,0.317126,0.061731,0.269437,0.051154,0.002509,0.002594
0,-0.034979,0.15793,-0.157896,-0.017927,-0.173001,0.005648,0.00061,0.002756
0,0.059912,0.099912,0.118969,-0.074588,0.071343,-0.074707,0.001046,0.001744
0,0.027483,-0.087116,-0.025826,-0.170349,-0.073877,-0.141642,0.00048,0.00152
0,0.125326,0.091711,0.110917,0.18202,0.090018,0.170419,0.002187,0.001601
0,0.053314,-0.158785,-0.059765,-0.275354,-0.083682,-0.297365,0.000931,0.002771
0,0.107783,-0.141538,0.07927,-0.008334,0.073023,-0.001992,0.001881,0.00247
0,-0.066418,-0.038755,-0.168007,0.097004,-0.127594,0.124076,0.001159,0.000676
0,-0.067709,0.108573,-0.001883,0.134252,0.004052,0.098017,0.001182,0.001895
0,0.032482,0.059196,0.075917,-0.027911,0.103116,0.011233,0.000567,0.001033
0,0.178925,-0.112708,0.175327,-0.184427,0.217626,-0.194832,0.003123,0.001967
0,0.030212,0.086569,-0.124319,0.201222,-0.166028,0.23116,0.000527,0.001511
0,0.119952,-0.164974,0.081654,-0.233778,0.122709,-0.209027,0.002094,0.002879
0,-0.107267,0.051577,-0.252892,0.236605,-0.227357,0.266557,0.001872,0.0009
0,-0.111686,-0.102812,-0.027119,-0.148053,0.019301,-0.12908,0.001949,0.001794
0,0.087211,-0.043066,0.211461,0.062766,0.210794,0.105397,0.001522,0.000752
0,-0.073125,-0.025665,-0.184307,0.032048,-0.189309,-0.006615,0.001276,0.000448
0,0.051516,-0.076607,0.142279,-0.045906,0.093703,-0.084932,0.000899,0.001337
0,-0.154739,0.041425,-0.225995,0.113947,-0.252973,0.148636,0.002701,0.000723
0,-0.02386,-0.153947,0.118014,-0.198295,0.106473,-0.207254,0.000416,0.002687
0,-0.023598,-0.012178,0.028086,0.15536,0.011165,0.115507,0.000412,0.000213
0,-0.07267,0.006441,-0.076902,0.025639,-0.071944,0.029826,0.001268,0.000112
0,-0.025489,-0.005924,0.039263,-0.007636,0.062067,-0.042396,0.000445,0.000103
0,0.138661,0.088834,0.135992,0.110271,0.143098,0.066893,0.00242,0.00155
0,0.126536,-0.044422,-0.02781,-0.116563,-0.029006,-0.13865,0.002208,0.000775
0,-0.127984,-0.135585,-0.264662,-0.086501,-0.281701,-0.050915,0.002234,0.002366
0,-0.088397,0.015946,0.050035,0.140057,0.034855,0.166587,0.001543,0.000278
0,0.052195,-0.028439,0.146295,-0.015982,0.175064,-0.060116,0.000911,0.000496
0,-0.000566,-0.220759,-0.051615,-0.20134,-0.064591,-0.216991,1e-05,0.002838
0,0.151863,-0.006847,0.150543,0.234635,0.13826,0.213891,0.002651,0.000119
0,0.050234,-0.167982,-0.090356,-0.182719,-0.050579,-0.222071,0.000877,0.002932
0,0.170492,-0.006569,0.141851,0.179755,0.168596,0.156495,0.002976,0.000115
0,-0.058826,-0.087013,-0.257021,-0.065235,-0.264702,-0.067659,0.001027,0.001519
0,-0.128254,-0.062807,-0.092588,0.053164,-0.055027,0.049943,0.002238,0.001096
0,-0.122529,-0.095089,0.005586,-0.018739,-0.025065,0.002904,0.002139,0.00166
0,-0.066288,-0.11302,0.032069,-0.028375,-0.001617,-0.000994,0.001157,0.001973
0,-0.187076,0.045513,-0.093992,0.169491,-0.074697,0.166558,0.003265,0.000794
0,-0.176546,-0.15106,0.000547,-0.184128,0.009602,-0.211718,0.003081,0.002636
0,-0.107499,-0.153209,0.060174,0.01782,0.085848,0.009651,0.001876,0.002674
0,0.033183,-0.151586,0.169038,-0.020651,0.214355,-0.041501,0.000579,0.002646
0,-0.081692,-0.002038,-0.109847,0.13802,-0.077458,0.112208,0.001426,3.6e-05
0,-0.248209,-0.223195,-0.166183,-0.198083,-0.130582,-0.149054,0.002359,0.002795
0,-0.211128,-0.028182,0.012376,0.173271,0.028583,0.187763,0.003006,0.000492
0,-0.003205,-0.166163,0.231862,-0.118731,0.267125,-0.16502,5.6e-05,0.0029
0,-0.277018,-0.061698,-0.293385,0.094376,-0.290083,0.054262,0.001856,0.001077
0,-0.223997,-0.134267,0.071913,-0.064856,0.089306,-0.056329,0.002781,0.002343
0,-0.201846,-0.025004,0.043117,0.102594,0.042776,0.113751,0.003168,0.000436
0,0.036162,-0.212553,0.219822,-0.187182,0.202969,-0.173798,0.000631,0.002981
0,-0.027266,-0.242309,-0.078262,-0.049325,-0.030043,-0.005157,0.000476,0.002462
0,-0.13527,-0.061861,-0.080058,0.190533,-0.082899,0.152099,0.002361,0.00108
0,0.138941,-0.087922,0.262181,-0.046715,0.263209,-0.090258,0.002425,0.001535
0,-0.060386,-0.009851,-0.209975,0.08878,-0.16154,0.121381,0.001054,0.000172
0,0.011318,0.088284,0.057528,0.107793,0.066532,0.119996,0.000198,0.001541
0,0.025276,-0.06856,0.010283,-0.128332,-0.026041,-0.098032,0.000441,0.001197
0,0.040481,0.02721,0.013945,0.096016,0.057858,0.067303,0.000707,0.000475
0,0.070085,0.007949,0.036379,-0.008305,-0.005271,-0.027887,0.001223,0.000139
0,0.101553,-0.172918,0.060942,-0.155529,0.091321,-0.164904,0.001772,0.003018
0,-0.192949,0.076112,-0.294469,0.246323,-0.270905,0.264164,0.003323,0.001328
0,0.031505,0.035822,0.242574,-0.01465,0.256181,-0.007626,0.00055,0.000625
0,0.100471,-0.109292,0.078999,-0.122956,0.127174,-0.166598,0.001754,0.001908
0,0.084897,-0.051041,0.010478,0.050543,0.028577,0.002069,0.001482,0.000891
0,0.170777,0.032275,0.079521,0.057781,0.07042,0.053059,0.002981,0.000563
0,0.194813,0.140843,0.023807,0.085717,0.047672,0.113846,0.003291,0.002458
0,0.206318,0.135342,0.015882,0.009753,0.018276,-0.005235,0.00309,0.002362
0,0.028827,0.087439,-0.2039,-0.018977,-0.174158,-0.056453,0.000503,0.001526
0,0.020933,0.145181,0.011206,0.070523,0.039405,0.097219,0.000365,0.002534
0,-0.091481,-0.114429,-0.095263,-0.236728,-0.14066,-0.256426,0.001597,0.001997
0,-0.010185,-0.075423,0.089372,0.021198,0.12557,-0.013223,0.000178,0.001316
0,-0.081121,0.013125,-0.070504,0.094753,-0.041397,0.052038,0.001416,0.000229
0,0.142654,0.130733,0.200716,0.141476,0.151007,0.128266,0.00249,0.002282
0,-0.053676,0.111388,-0.174767,-0.023854,-0.206244,0.02608,0.000937,0.001944
0,-0.081338,-0.041587,-0.007773,-0.12795,-0.030561,-0.17335,0.00142,0.000726
0,-0.111215,0.126577,-0.034271,0.184069,-0.042363,0.180768,0.001941,0.002209
0,0.135334,0.032844,0.236337,-0.084818,0.24638,-0.133383,0.002362,0.000573
0,-0.047434,-0.085224,-0.178406,-0.106049,-0.215904,-0.14628,0.000828,0.001487
0,-0.036686,-0.033586,-0.014369,0.042113,-0.000698,0.027575,0.00064,0.000586
0,0.011441,0.064333,0.064507,0.123861,0.055489,0.146332,0.0002,0.001123
0,0.103704,0.069625,0.114852,0.01704,0.108106,0.021718,0.00181,0.001215
0,-0.130351,0.144331,-0.207198,0.053716,-0.235433,0.080074,0.002275,0.002519
0,0.022227,-0.080674,0.158093,-0.19835,0.144648,-0.207234,0.000388,0.001408
0,-0.05299,0.028034,-0.064346,0.10939,-0.042498,0.082333,0.000925,0.000489
0,-0.053901,-0.026329,-0.013349,-0.027689,0.03364,0.015731,0.000941,0.00046
0,-0.072062,0.104866,-0.013536,0.135143,-0.015777,0.184428,0.001258,0.00183
0,-0.101977,-0.057141,-0.006692,-0.155865,-0.029228,-0.153195,0.00178,0.000997
0,0.04592,-0.078184,0.160735,-0.025009,0.210043,-0.000835,0.000801,0.001365
0,-0.011403,-0.044633,-0.074094,0.017533,-0.100229,0.049298,0.000199,0.000779
0,-0.082416,0.070091,-0.053326,0.140669,-0.038279,0.101212,0.001438,0.001223
0,-0.016277,-0.074753,0.068185,-0.160723,0.024118,-0.184743,0.000284,0.001305
0,-0.117876,-0.131897,-0.072653,-0.043307,-0.112805,-0.07986,0.002057,0.002302
0,-0.022598,-0.089215,0.071572,0.041513,0.040496,-0.003798,0.000394,0.001557
0,-0.080488,-0.023048,-0.066217,0.044548,-0.101427,0.031304,0.001405,0.000402
0,-0.10966,0.056534,-0.006747,0.055571,0.006912,0.079613,0.001914,0.000987
0,-0.182111,-0.054688,-0.097978,-0.119079,-0.102619,-0.1371,0.003178,0.000954
0,0.090991,-0.109768,0.253438,-0.060363,0.228965,-0.057436,0.001588,0.001916
0,0.047682,-0.039958,-0.0428,0.088859,-0.040347,0.058459,0.000832,0.000697
0,-0.006556,0.084229,-0.052601,0.097152,-0.062652,0.116638,0.000114,0.00147
0,0.023696,0.070934,0.03037,0.00333,0.040618,0.032475,0.000414,0.001238
0,-0.075715,0.001158,-0.099778,-0.054745,-0.070788,-0.080908,0.001321,2e-05
0,0.024628,-0.212517,0.079633,-0.215544,0.037426,-0.185294,0.00043,0.002982
0,0.126839,-0.192226,0.121657,0.041717,0.09375,0.086397,0.002214,0.003336
0,-0.038733,-0.057478,-0.179837,0.14403,-0.14863,0.140276,0.000676,0.001003
0,0.112232,0.035627,0.12781,0.097566,0.132919,0.052574,0.001959,0.000622
0,-0.013214,-0.115405,-0.096943,-0.158451,-0.130507,-0.192387,0.000231,0.002014
0,0.192423,-0.016137,0.198728,0.115053,0.2462,0.089991,0.003332,0.000282
0,0.019961,-0.141462,-0.186904,-0.107111,-0.209704,-0.068297,0.000348,0.002469
0,0.113716,-0.145448,0.121177,0.013301,0.115857,0.047589,0.001985,0.002539
0,0.083512,-0.131894,-0.027433,-0.012191,-0.042883,-0.039663,0.001458,0.002302
0,0.199376,0.070427,0.109448,0.231637,0.091874,0.244839,0.003211,0.001229
0,0.181714,-0.049908,0.007942,-0.141963,0.04806,-0.096661,0.003172,0.000871
0,0.157825,0.012229,-0.023789,0.051598,-0.042695,0.089192,0.002755,0.000213
0,0.286829,-0.100525,0.135292,-0.129708,0.153676,-0.156929,0.001685,0.001754
0,0.13683,-0.107534,-0.139084,-0.019536,-0.188766,0.007949,0.002388,0.001877
0,0.027548,0.127436,-0.126104,0.24588,-0.163566,0.253879,0.000481,0.002224
0,0.068281,-0.147724,0.026452,-0.285976,0.045645,-0.240317,0.001192,0.002578
0,0.290773,-0.01737,0.194611,0.109151,0.24051,0.060767,0.001616,0.000303
0,0.062131,0.04753,-0.255173,0.071034,-0.29827,0.088739,0.001084,0.00083
0,0.235225,0.14971,0.172473,0.104448,0.164424,0.143631,0.002585,0.002613
0,0.279484,-0.033287,0.044262,-0.191455,0.0064,-0.168837,0.001813,0.000581
0,0.223086,0.091294,-0.069744,0.10528,-0.077164,0.091196,0.002797,0.001593
0,0.044921,0.068071,-0.158147,-0.021856,-0.13449,-0.062224,0.000784,0.001188
0,0.035247,-0.001012,-0.025051,-0.075998,-0.005833,-0.123489,0.000615,1.8e-05
0,0.171144,-0.060337,0.149767,-0.06359,0.146696,-0.086154,0.002987,0.001053
0,0.083726,-0.028417,-0.073228,0.004147,-0.048188,-0.023889,0.001461,0.000496
0,-0.008566,-0.021862,-0.062777,0.031434,-0.04968,0.009919,0.00015,0.000382
0,0.109094,-0.086171,0.108176,-0.093225,0.101583,-0.043661,0.001904,0.001504
0,0.149533,0.08731,0.062768,0.16428,0.064397,0.192751,0.00261,0.001524
0,-0.104229,0.008258,-0.268807,-0.107969,-0.262562,-0.064852,0.001819,0.000144
0,0.059737,0.028593,0.161528,0.033667,0.197072,0.066865,0.001043,0.000499
0,-0.136594,0.028604,-0.198969,-0.028955,-0.165322,-0.005255,0.002384,0.000499
0,-0.277144,0.123698,-0.170321,0.082882,-0.12492,0.094624,0.001854,0.002159
0,-0.237088,0.155292,0.019169,0.002676,-0.00507,-0.012062,0.002553,0.00271
0,-0.337867,0.00238,-0.109713,-0.163418,-0.141306,-0.148958,0.000794,4.2e-05
0,-0.364184,-0.088234,-0.043673,-0.071187,-0.061552,-0.108255,0.000335,0.00154
0,-0.418883,0.096071,-0.030659,0.164109,-0.068957,0.118833,0.00062,0.001677
0,-0.43293,0.028638,-0.013212,-0.044532,-0.062116,-0.077538,0.000865,0.0005
0,-0.23851,0.099135,0.210853,0.075858,0.257092,0.083291,0.002528,0.00173
0,-0.179954,0.05011,0.080592,-0.03299,0.115554,-0.002388,0.003141,0.000875
0,-0.236288,-0.008666,-0.041264,-0.077786,-0.082269,-0.098632,0.002567,0.000151
0,0.027183,-0.062485,0.276327,-0.077121,0.26732,-0.037838,0.000474,0.001091
0,0.034691,0.127771,0.016611,0.17719,0.005549,0.215143,0.000605,0.00223
0,-0.066242,0.15353,-0.115737,0.020114,-0.079558,0.065725,0.001156,0.00268
0,-0.087278,-0.01661,0.002396,-0.156454,-0.001154,-0.180025,0.001523,0.00029
0,0.076394,0.019021,0.16271,0.037264,0.132409,0.075574,0.001333,0.000332
0,0.118467,0.074591,0.052974,0.069719,0.09916,0.059106,0.002068,0.001302
0,0.160234,0.173505,0.038934,0.115666,0.031233,0.103402,0.002797,0.003028
0,-0.033187,-0.065242,-0.219793,-0.232731,-0.203371,-0.253185,0.000579,0.001139
0,0.047147,0.219107,0.052647,0.312179,0.090517,0.361292,0.000823,0.002867
0,0.185674,0.090965,0.119119,-0.124225,0.150619,-0.164795,0.003241,0.001588
0,0.16718,-0.060013,-0.039995,-0.152488,-0.079149,-0.106796,0.002918,0.001047
0,0.203918,-0.048587,0.051971,-0.014051,0.026487,0.022623,0.003132,0.000848
0,0.199212,-0.035464,0.003605,0.007578,-0.02853,-0.029395,0.003214,0.000619
0,0.137864,-0.156358,-0.057743,-0.095959,-0.106335,-0.081204,0.002406,0.002729
0,-0.924073,0.501903,-1.058792,0.679122,-1.055997,0.646625,0.002746,0.002069
0,-1.176759,0.394388,-0.247214,-0.099223,-0.251251,-0.109052,0.000466,0.000193
0,-1.393976,0.473992,-0.235899,0.095966,-0.220575,0.087609,0.002434,0.001582
0,-1.491172,0.442505,-0.08847,-0.057575,-0.107244,-0.014103,0.000737,0.001032
0,-1.261373,0.543437,0.216329,0.110555,0.202224,0.122154,0.001943,0.002794
0,-1.207272,0.383275,0.034964,-0.14714,0.007728,-0.117267,0.000998,1e-06
0,-0.850699,0.390335,0.348091,0.008717,0.328743,-0.008424,0.001466,0.000122
0,-0.550845,0.235073,0.319933,-0.142505,0.290608,-0.164368,0.002923,0.002588
0,-0.199161,0.135383,0.365084,-0.107249,0.369324,-0.071887,0.003215,0.001546
0,-0.046582,-0.035565,0.151544,-0.149511,0.194608,-0.101815,0.000813,0.001546
0,-0.131308,-0.059325,-0.09598,0.005309,-0.099263,-0.025701,0.002292,0.001546
0,-0.077752,0.210915,0.057073,0.242806,0.037818,0.267051,0.001357,0.001546
0,-0.022368,0.016489,0.081005,-0.204077,0.103673,-0.197168,0.00039,0.001546
0,0.056398,0.108952,0.093383,0.104694,0.114832,0.08286,0.000984,0.001546
0,-0.165063,0.147574,-0.24173,0.047593,-0.279143,0.030178,0.002881,0.001546
0,0.013817,0.167718,0.164126,0.03778,0.161776,0.027882,0.000241,0.001546
0,-0.084852,0.121254,-0.107541,-0.074567,-0.086558,-0.083836,0.001481,0.001546
0,-0.112268,-0.023477,-0.019492,-0.148335,-0.008691,-0.098983,0.001959,0.001546
0,0.026419,-0.097856,0.135818,-0.078819,0.135757,-0.097967,0.000461,0.001708
0,-0.07194,0.176129,-0.098605,0.276183,-0.140635,0.246081,0.001256,0.001546
0,-0.083446,0.04582,-0.023343,-0.133406,-0.006612,-0.104755,0.001456,0.001546
0,0.105316,-0.057531,0.196019,-0.096873,0.169658,-0.08704,0.001838,0.001546
0,0.074133,-0.043759,-0.032589,0.026845,-0.006607,0.026619,0.001294,0.001546
0,-0.117542,0.092714,-0.161838,0.133012,-0.156904,0.129926,0.002051,0.001546
0,-0.128054,0.063207,0.007577,-0.044782,-0.015741,0.001737,0.002235,0.001546
0,-0.244495,0.078996,-0.115841,0.001016,-0.086294,0.010879,0.002424,0.001546
0,-0.041474,0.041211,0.213815,-0.062998,0.205488,-0.065137,0.000724,0.001546
0,-0.150261,-0.002379,-0.103211,-0.045808,-0.056936,-0.013295,0.002623,0.001546
0,-0.135303,-0.049881,-0.006243,-0.020202,0.019222,-0.040105,0.002361,0.001546
0,-0.154833,0.108353,0.003979,0.134321,0.036344,0.179527,0.002702,0.001546
0,-0.28308,-0.012513,-0.152565,-0.103428,-0.182743,-0.089757,0.00175,0.001546
0,-0.02824,0.003757,0.282232,-0.005094,0.323465,-0.008782,0.000493,0.001546
0,-0.25211,-0.030913,-0.234372,-0.041606,-0.233206,0.006759,0.002291,0.001546
0,-0.077284,0.042202,0.176882,0.1019,0.198634,0.122172,0.001349,0.001546
0,-0.19985,-0.048226,-0.115426,-0.107038,-0.115359,-0.097558,0.003203,0.001546
0,-0.220569,0.134558,-0.024341,0.185354,-0.001973,0.202908,0.002841,0.001546
0,-0.099956,0.117133,0.13425,-0.03107,0.132721,-0.005214,0.001745,0.001546
0,-0.202829,-0.028054,-0.078853,-0.148348,-0.116145,-0.153549,0.003151,0.001546
0,-0.202538,0.143309,0.015298,0.16026,0.059656,0.18383,0.003156,0.001546
0,-0.12774,-0.150164,0.0523,-0.266476,0.096481,-0.250647,0.002229,0.002621
0,-0.068831,0.081013,0.08813,0.248332,0.073288,0.247812,0.001201,0.001546
0,-0.189992,-0.039754,-0.133299,-0.10829,-0.178723,-0.094852,0.003316,0.001546
0,-0.062557,0.153695,0.10575,0.203541,0.14077,0.238408,0.001092,0.001546
0,-0.244457,-0.085026,-0.210993,-0.221015,-0.259775,-0.176006,0.002424,0.001546
0,-0.179688,-0.084001,0.060767,-0.010634,0.050481,-0.030255,0.003136,0.001546
0,-0.193324,0.057596,-0.014929,0.157644,-0.011718,0.194176,0.003317,0.001546
0,-0.062035,0.150473,0.127837,0.096645,0.16833,0.130547,0.001083,0.001546
0,-0.021287,0.109462,0.015387,-0.054336,-0.025756,-0.024892,0.000372,0.001546
0,-0.064862,0.089332,-0.062001,-0.00788,-0.049367,-0.013929,0.001132,0.001546
0,-0.288062,-0.043501,-0.245891,-0.107722,-0.243939,-0.151976,0.001663,0.001546
0,-0.014648,0.152284,0.249457,0.20734,0.20804,0.16954,0.000256,0.001546
0,-0.113079,0.137896,-0.10547,0.011347,-0.100575,0.056996,0.001974,0.001546
0,-0.044024,0.078268,0.090402,-0.049484,0.092875,-0.02279,0.000768,0.001546
0,-0.068035,-0.047827,-0.012836,-0.096241,-0.042557,-0.132106,0.001187,0.001546
0,0.122193,0.142899,0.18653,0.199881,0.225065,0.156209,0.002133,0.001546
0,-0.003183,0.134672,-0.119999,-0.022525,-0.092527,-0.056398,5.6e-05,0.001546
0,-0.020606,-0.00207,-0.019308,-0.145131,-0.04915,-0.143745,0.00036,0.001546
0,-0.066588,0.017773,-0.043031,0.020924,-0.089329,-0.025921,0.001162,0.001546
0,0.033184,0.191397,0.117532,0.199147,0.156504,0.226046,0.000579,0.001546
0,-0.156172,-0.044806,-0.216777,-0.228801,-0.2487,-0.196518,0.002726,0.001546
0,0.12182,0.091829,0.29582,0.130931,0.286227,0.145268,0.002126,0.001546
0,0.010968,0.112279,-0.095281,0.020592,-0.072448,0.046474,0.000191,0.001546
0,0.005579,0.184515,-0.011209,0.065549,0.033898,0.07709,9.7e-05,0.001546
0,0.077628,-0.029634,0.093332,-0.23839,0.102024,-0.252688,0.001355,0.001546
0,-0.112543,0.039253,-0.215457,0.053184,-0.190465,0.01018,0.001964,0.001546
0,0.14973,-0.065422,0.240439,-0.076651,0.261839,-0.073668,0.002613,0.001546
0,0.150049,0.158461,-0.000295,0.252824,0.003722,0.259146,0.002619,0.001546
0,0.090965,-0.097582,-0.032502,-0.276095,-0.066618,-0.227298,0.001588,0.001703
0,0.174953,-0.088474,0.055447,-0.00667,0.033718,-0.023191,0.003053,0.001546
0,0.132284,0.040416,-0.058543,0.141238,-0.095321,0.168442,0.002309,0.001546
0,0.727787,0.000281,0.589047,-0.018148,0.56809,-0.005424,0.000679,0.001546
0,0.905773,0.097812,0.177987,0.087899,0.216857,0.103476,0.002427,0.001546
0,1.138348,-0.161632,0.247409,-0.286831,0.221596,-0.321963,0.000205,0.002821
0,0.852298,-0.134509,-0.264209,0.023509,-0.251156,0.055983,0.001494,0.002348
0,0.927577,-0.11556,0.097509,0.025688,0.089708,0.009144,0.002808,0.002017
0,0.574261,0.121592,-0.368289,0.233813,-0.326276,0.248953,0.003332,0.001546
0,0.458796,0.07238,-0.127437,-0.057406,-0.163792,-0.013227,0.001317,0.001546
0,0.34821,-0.055858,-0.1207,-0.151257,-0.151359,-0.112215,0.000613,0.001546
0,0.103818,-0.151321,-0.244539,-0.102439,-0.232337,-0.05899,0.001812,0.002641
0,-0.01586,-0.134169,-0.123633,0.039019,-0.151325,0.01829,0.000277,0.002342
0,0.001656,-0.103285,-0.00326,0.060349,0.043993,0.046095,2.9e-05,0.001803
0,-0.254697,-0.106455,-0.255091,-0.012069,-0.239821,0.019571,0.002246,0.001858
0,-0.013834,0.111087,0.236832,0.222348,0.254388,0.219826,0.000241,0.001546
0,-0.11518,-0.050923,-0.082738,-0.160793,-0.071542,-0.157441,0.00201,0.001546
0,0.038476,0.109254,0.172302,0.169693,0.189134,0.195038,0.000672,0.001546
0,-0.180106,-0.169065,-0.223388,-0.299948,-0.193782,-0.309713,0.003143,0.002951
0,-0.214538,-0.137256,-0.062396,0.051208,-0.064083,0.017069,0.002946,0.002396
0,0.006504,0.06895,0.210822,0.235536,0.257099,0.272368,0.000114,0.001546
0,0.095891,-0.159106,0.060496,-0.210104,0.035309,-0.221915,0.001674,0.002777
0,-0.139655,-0.155234,-0.258342,0.026986,-0.240333,-0.021499,0.002437,0.002709
0,0.023849,-0.05447,0.179562,0.127243,0.190589,0.135965,0.000416,0.001546
0,0.087852,0.010861,0.086515,0.064249,0.069718,0.049139,0.001533,0.001546
0,-0.108242,-0.154555,-0.203577,-0.1839,-0.165052,-0.191247,0.001889,0.002697
0,-0.012455,-0.161241,0.122085,-0.029928,0.165791,-0.053806,0.000217,0.002814
0,-0.086985,0.035144,-0.065449,0.182268,-0.016354,0.199804,0.001518,0.001546
0,-0.042135,0.066053,0.031651,0.025796,0.042582,0.075223,0.000735,0.001546
0,-0.524297,-1.284845,-0.478895,-1.359904,-0.469744,-1.35794,0.00246,0.002352
0,-1.410061,-1.43768,-0.905012,-0.167095,-0.869948,-0.201631,0.002153,0.001671
0,-1.300792,-1.736686,0.096541,-0.27792,0.133742,-0.305227,0.002631,0.003143
0,-1.448294,-1.852335,-0.130566,-0.118688,-0.144241,-0.086273,0.001486,0.001125
0,-1.132298,-1.556333,0.308004,0.289585,0.284089,0.281634,0.00031,0.0004
0,-0.840463,-1.273668,0.281557,0.262507,0.315023,0.217436,0.001287,0.002157
0,-0.492962,-1.431311,0.331472,-0.132786,0.281657,-0.084334,0.001913,0.001782
0,-0.220828,-1.301591,0.278966,0.113715,0.266671,0.138896,0.002837,0.002645
0,-0.202024,-1.238041,0.013129,0.069095,-0.007119,0.091161,0.003165,0.001535
0,-0.122845,-0.939206,0.075252,0.286978,0.105274,0.275689,0.002144,0.003011
0,-0.107284,-0.630332,0.037806,0.294785,0.066723,0.25476,0.001872,0.00238
0,0.175358,-0.31379,0.300661,0.288483,0.329746,0.29394,0.003061,0.001214
0,0.011579,-0.249671,-0.1746,0.06182,-0.147354,0.080481,0.000202,0.002333
0,0.203429,0.073262,0.196033,0.347887,0.223301,0.356737,0.00314,0.001279
0,0.006141,0.225641,-0.20004,0.134602,-0.175897,0.1354,0.000107,0.002753
0,0.250447,0.085412,0.216334,-0.134321,0.179852,-0.112286,0.00232,0.001491
0,0.191504,0.280295,-0.054432,0.208267,-0.070995,0.215923,0.003342,0.001799
0,-0.087011,0.268372,-0.306645,0.005574,-0.347985,-0.018904,0.001519,0.002007
0,-0.046445,0.168678,0.022947,-0.123665,0.063984,-0.083304,0.000811,0.002944
0,-0.01103,0.108313,0.04368,-0.0403,0.05961,-0.078184,0.000193,0.00189
0,-0.071358,0.223901,-0.038236,0.140568,-0.010669,0.094391,0.001245,0.002783
0,-0.089266,0.047089,-0.029617,-0.151172,-0.029591,-0.180701,0.001558,0.000822
0,-0.107,0.037689,-0.031698,0.002877,-0.000934,-0.044126,0.001868,0.000658
0,0.079804,0.087619,0.209365,0.047471,0.222458,0.042256,0.001393,0.001529
0,-0.154902,0.141442,-0.23612,0.061789,-0.229052,0.075676,0.002704,0.002469
0,-0.137082,-0.007755,0.020935,-0.177183,-0.00222,-0.17333,0.002393,0.000135
0,-0.161058,0.128608,0.00432,0.126583,-0.000888,0.109936,0.002811,0.002245
0,-0.213228,0.149196,-0.028585,-0.002135,0.003077,-0.041615,0.002969,0.002604
0,-0.057927,0.10441,0.128208,-0.030949,0.163691,-0.065501,0.001011,0.001822
0,-0.144504,-0.082704,-0.084999,-0.193505,-0.128738,-0.190685,0.002522,0.001443
0,0.071436,0.158458,0.215481,0.235467,0.19417,0.213419,0.001247,0.002766
0,-0.032158,0.11461,-0.092345,-0.043932,-0.075868,-0.038246,0.000561,0.002
0,-0.152312,-0.015572,-0.141734,-0.147116,-0.145562,-0.157842,0.002658,0.000272
0,0.114625,0.006637,0.273684,-0.007324,0.293847,-0.00165,0.002001,0.000116
0,-0.015518,-0.085923,-0.119073,-0.0736,-0.129512,-0.06238,0.000271,0.0015
0,-0.035848,-0.019407,-0.025529,0.08962,-0.058396,0.111568,0.000626,0.000339
0,-0.054213,0.140443,-0.039735,0.174736,-0.060621,0.196878,0.000946,0.002451
0,-0.00137,-0.109226,0.073065,-0.26905,0.028542,-0.234013,2.4e-05,0.001906
0,0.04629,0.1482,0.062838,0.279929,0.075561,0.301622,0.000808,0.002587
0,-0.064526,0.007391,-0.131556,-0.138622,-0.179634,-0.154734,0.001126,0.000129
0,-0.085799,0.155393,-0.036017,0.15387,-0.007795,0.168376,0.001497,0.002712
0,0.017182,-0.109661,0.076096,-0.282109,0.060779,-0.279281,0.0003,0.001914
0,-0.079463,-0.113117,-0.08839,-0.026951,-0.05973,0.019719,0.001387,0.001974
0,-0.10388,-0.070656,-0.005291,0.051234,0.000292,0.036807,0.001813,0.001233
0,0.141802,0.112468,0.256386,0.167962,0.289496,0.176563,0.002475,0.001963
0,0.156108,0.00217,-0.004043,-0.082064,0.0094,-0.07135,0.002725,3.8e-05
0,0.050611,-0.060931,-0.108637,-0.068872,-0.15347,-0.024466,0.000883,0.001063
0,0.147517,-0.024151,0.094575,0.049098,0.047256,0.073353,0.002575,0.000422
0,-0.064518,0.147301,-0.195986,0.16523,-0.207266,0.200034,0.001126,0.002571
0,-0.142194,-0.115293,-0.078174,-0.263038,-0.083432,-0.228738,0.002482,0.002012
0,-0.096069,-0.049344,0.026194,0.085979,-0.00685,0.051895,0.001677,0.000861
0,-0.190444,0.102066,-0.104041,0.13458,-0.096897,0.168065,0.003324,0.001781
0,0.023603,0.053274,0.205824,-0.065674,0.23976,-0.081531,0.000412,0.00093
0,-0.060526,-0.08547,-0.076084,-0.138809,-0.07258,-0.188055,0.001056,0.001492
0,-0.064906,-0.084696,-0.005423,0.000211,0.011444,0.048739,0.001133,0.001478
0,-0.183187,0.026168,-0.119928,0.136024,-0.142565,0.08737,0.003197,0.000457
0,-0.1279,0.123797,0.061839,0.085107,0.018662,0.068616,0.002232,0.002161
0,-0.070873,0.022466,0.030068,-0.110143,0.079376,-0.070537,0.001237,0.000392
0,-0.041468,0.09397,0.02797,0.093374,0.059663,0.099505,0.000724,0.00164
0,-0.082403,-0.093401,-0.014822,-0.194575,-0.016635,-0.181332,0.001438,0.00163
0,-0.181555,0.155021,-0.107648,0.251302,-0.118704,0.291806,0.003169,0.002706
0,-0.112887,0.061831,0.090541,-0.066156,0.096782,-0.109578,0.00197,0.001079
0,-0.25491,0.10529,-0.133224,0.049428,-0.119857,0.005153,0.002242,0.001838
0,-0.066301,0.115786,0.16506,-0.003284,0.189786,0.013357,0.001157,0.002021
0,-0.082337,0.177225,-0.036376,0.09099,-0.023293,0.133265,0.001437,0.003093
0,-0.14809,0.160744,-0.0575,0.007415,-0.089461,0.009974,0.002585,0.002806
0,0.019403,-0.079618,0.184495,-0.21334,0.162912,-0.235648,0.000339,0.00139
0,-0.034727,0.189421,-0.050546,0.257911,-0.08951,0.292905,0.000606,0.003306
0,-0.215518,-0.092282,-0.204321,-0.285157,-0.188407,-0.245838,0.002929,0.001611
0,0.042499,0.100354,0.246078,0.196665,0.295906,0.226007,0.000742,0.001752
0,-0.023118,-0.075602,-0.055421,-0.185869,-0.083409,-0.173063,0.000403,0.00132
0,0.090331,0.117818,0.099603,0.193241,0.134308,0.225375,0.001577,0.002056
0,0.10006,-0.077711,0.03159,-0.201716,0.065297,-0.232664,0.001746,0.001356
0,0.126827,-0.015081,0.048042,0.063404,0.080266,0.066421,0.002214,0.000263
0,-0.012352,-0.088545,-0.154313,-0.046739,-0.169175,-0.096635,0.000216,0.001545
0,-0.017358,0.081709,-0.022335,0.14421,-0.053155,0.160933,0.000303,0.001426
0,-0.06893,0.14614,-0.060466,0.080727,-0.028869,0.119727,0.001203,0.002551
0,0.085703,-0.050612,0.168666,-0.193468,0.136656,-0.150676,0.001496,0.000883
0,-0.032945,-0.080442,-0.109537,-0.009136,-0.116635,0.007566,0.000575,0.001404
0,0.116353,0.09123,0.160399,0.178509,0.168816,0.217412,0.002031,0.001592
0,0.08468,0.054593,-0.016297,-0.028072,-0.05656,0.00194,0.001478,0.000953
0,-0.057124,-0.054241,-0.134178,-0.083188,-0.178824,-0.107136,0.000997,0.000947
0,0.155178,-0.027111,0.19132,0.040515,0.145434,0.083787,0.002708,0.000473
0,0.157095,0.102021,0.012448,0.1303,-0.016478,0.141498,0.002742,0.001781
0,0.000974,0.019988,-0.182986,-0.08245,-0.192171,-0.131724,1.7e-05,0.000349
0,0.161955,0.116887,0.137518,0.083503,0.160077,0.06046,0.002827,0.00204
0,-0.085159,-0.109521,-0.276975,-0.249367,-0.313876,-0.207521,0.001486,0.001912
0,0.091906,0.083896,0.173599,0.213145,0.178096,0.217226,0.001604,0.001464
0,0.051787,-0.097797,-0.01142,-0.15265,-0.051283,-0.112927,0.000904,0.001707
0,0.157627,0.03398,0.081418,0.136538,0.065151,0.129917,0.002751,0.000593
0,-0.136469,0.02239,-0.317327,-0.029296,-0.269706,0.011351,0.002382,0.000391
0,0.019268,-0.047186,0.143239,-0.08213,0.156446,-0.056355,0.000336,0.000824
0,0.059555,-0.128796,0.013658,-0.079794,0.053723,-0.075598,0.001039,0.002248
0,0.137665,0.019693,0.086719,0.121412,0.111594,0.126877,0.002403,0.000344
0,0.122641,-0.001876,0.001993,0.002627,0.005095,0.039381,0.00214,3.3e-05
0,-0.170941,0.128247,-0.265134,0.145176,-0.25007,0.098418,0.002983,0.002238
0,-0.071115,0.078911,0.098666,-0.030124,0.100209,-0.057742,0.001241,0.001377
0,-0.139015,-0.109592,-0.058606,-0.202385,-0.076844,-0.166178,0.002426,0.001913
0,-0.116882,0.052979,0.005272,0.174323,-0.016086,0.156794,0.00204,0.000925
0,-0.100562,-0.021418,-0.000107,-0.101291,-0.032284,-0.09131,0.001755,0.000374
0,-0.01176,0.103812,0.09111,0.11523,0.082158,0.10864,0.000205,0.001812
0,-0.076467,0.131521,-0.088503,0.049265,-0.11349,0.004467,0.001335,0.002295
0,0.029414,0.048268,0.128366,-0.108868,0.103196,-0.085214,0.000513,0.000842
0,-0.073187,-0.009038,-0.127804,-0.069909,-0.158299,-0.046448,0.001277,0.000158
0,-0.18147,-0.107155,-0.137805,-0.119867,-0.089902,-0.079484,0.003167,0.00187
0,0.001769,-0.031101,0.206678,0.048049,0.193527,0.036063,3.1e-05,0.000543
0,-0.080044,-0.104499,-0.074354,-0.09897,-0.06044,-0.054148,0.001397,0.001824
0,-0.192069,0.098323,-0.133067,0.178884,-0.175849,0.169858,0.003339,0.001716
0,-0.026548,-0.118032,0.146028,-0.198901,0.19393,-0.159886,0.000463,0.00206
0,0.108956,-0.094252,0.112349,-0.003761,0.116366,-0.017187,0.001902,0.001645
0,0.151406,0.070445,0.024871,0.175418,-0.01913,0.141684,0.002643,0.00123
0,0.037387,0.131202,-0.097289,0.081225,-0.098979,0.094806,0.000653,0.00229
0,0.102976,0.054093,0.087837,-0.087988,0.078264,-0.062864,0.001797,0.000944
0,0.184582,0.075847,0.0659,0.044104,0.075368,0.019535,0.003222,0.001324
0,0.195991,0.083139,-0.010007,0.028761,-0.016075,0.014309,0.00327,0.001451
0,0.060032,-0.082428,-0.143737,-0.178184,-0.176254,-0.161615,0.001048,0.001439
0,0.109493,0.111956,0.064317,0.173536,0.054264,0.181481,0.001911,0.001954
0,0.17785,-0.12914,0.078005,-0.216252,0.061696,-0.169219,0.003104,0.002254
0,0.27898,0.048074,0.1212,0.194707,0.077798,0.231714,0.001822,0.000839
0,0.119869,-0.094552,-0.149749,-0.127172,-0.135183,-0.126618,0.002092,0.00165
0,0.034091,0.067693,-0.061163,0.147854,-0.061424,0.178529,0.000595,0.001181
0,0.04603,0.013222,-0.015729,-0.025863,0.018155,0.014747,0.000803,0.000231
0,0.064811,0.107873,0.037054,0.075412,0.0059,0.089828,0.001131,0.001883
0,0.056725,-0.007011,-0.012982,-0.10863,0.016485,-0.058657,0.00099,0.000122
0,0.112785,-0.043846,0.028238,-0.008888,-0.001763,-0.058631,0.001968,0.000765
0,0.069684,0.153042,-0.056772,0.200599,-0.094098,0.161025,0.001216,0.002671
0,0.189694,0.021487,0.124595,-0.105105,0.132354,-0.141182,0.003311,0.000375
0,0.11653,0.121828,-0.072081,0.106357,-0.049542,0.145761,0.002034,0.002126
0,0.204481,-0.153095,0.100979,-0.270822,0.069452,-0.274142,0.003122,0.002672
0,0.152781,0.04829,-0.05266,0.222288,-0.079737,0.176434,0.002667,0.000843
0,0.011407,-0.118564,-0.166121,-0.194958,-0.136796,-0.172551,0.000199,0.002069
0,0.093253,-0.16033,0.098359,-0.025653,0.143927,-0.027769,0.001628,0.002798
0,-0.053163,0.012361,-0.163975,0.173317,-0.120623,0.140098,0.000928,0.000216
0,-0.031261,0.037421,0.033161,0.050641,0.076356,0.031408,0.000546,0.000653
0,0.222564,0.041562,0.226492,-0.009696,0.250369,-0.038736,0.002806,0.000725
0,0.164423,0.033364,-0.055552,0.01938,-0.09891,0.003145,0.00287,0.000582
0,0.194346,-0.122527,0.031127,-0.135129,0.067671,-0.146812,0.003299,0.002139
0,-0.092417,0.116558,-0.314308,0.240274,-0.274166,0.20254,0.001613,0.002034
0,-0.003368,0.008298,0.089422,-0.114235,0.134423,-0.067443,5.9e-05,0.000145
0,0.035769,-0.022983,0.024764,-0.052149,0.00889,-0.089442,0.000624,0.000401
0,0.107781,-0.12756,0.086122,-0.133244,0.044395,-0.103082,0.001881,0.002226
0,-0.019738,-0.04781,-0.125855,0.071562,-0.162054,0.038496,0.000344,0.000834
0,0.027491,0.022538,0.060328,0.06843,0.074052,0.112437,0.00048,0.000393
0,0.037216,-0.128785,0.027077,-0.174766,0.074056,-0.178677,0.00065,0.002248
0,0.047409,0.117641,0.000183,0.223531,0.005175,0.208482,0.000827,0.002053
0,0.134448,0.07982,0.080692,-0.037197,0.103366,-0.06787,0.002347,0.001393
0,0.106528,-0.073577,-0.02179,-0.179073,-0.056574,-0.199518,0.001859,0.001284
0,-0.126016,0.074941,-0.217201,0.134094,-0.194089,0.181015,0.002199,0.001308
0,0.078954,-0.09865,0.224782,-0.189561,0.21448,-0.23438,0.001378,0.001722
0,-0.011641,0.170229,-0.071296,0.243528,-0.059245,0.202714,0.000203,0.002971
0,0.050794,0.028352,0.048374,-0.136897,0.012761,-0.181002,0.000887,0.000495
0,-0.078726,0.031858,-0.142287,0.029305,-0.148113,0.066924,0.001374,0.000556
0,0.035833,0.169951,0.1445,0.166229,0.117973,0.117427,0.000625,0.002966
0,-0.116449,0.172576,-0.159168,0.002003,-0.126376,-0.03441,0.002032,0.003012
0,0.047352,-0.009412,0.149142,-0.16513,0.189395,-0.197097,0.000826,0.000164
0,-0.128871,0.027189,-0.172224,0.017057,-0.162604,0.026681,0.002249,0.000475
0,-0.132321,0.131986,-0.028163,0.122402,-0.063236,0.144955,0.002309,0.002304
0,0.057214,0.009986,0.20913,-0.123065,0.228857,-0.169522,0.000999,0.000174
0,0.126794,0.104471,0.094657,0.10179,0.143616,0.06943,0.002213,0.001823
0,0.065318,0.056346,-0.041186,-0.071617,-0.052212,-0.083715,0.00114,0.000983
0,0.071628,0.044006,-0.014702,-0.00974,0.003678,-0.019714,0.00125,0.000768
0,0.138664,0.037749,0.051718,-0.032279,0.027814,0.004239,0.00242,0.000659
0,0.044228,0.055577,-0.112858,-0.001664,-0.145737,0.016773,0.000772,0.00097
0,0.042357,-0.042373,-0.030824,-0.106002,0.016583,-0.106393,0.000739,0.00074
0,-0.011484,0.020342,-0.06974,0.060058,-0.074267,0.037762,0.0002,0.000355
0,-0.072214,0.165351,-0.040105,0.117418,-0.081892,0.140451,0.00126,0.002886
0,-0.0239,0.035644,0.021139,-0.156627,-0.008398,-0.155229,0.000417,0.000622
0,0.008116,-0.041402,0.048171,-0.052671,0.043537,-0.090275,0.000142,0.000723
0,-0.08019,0.089486,-0.085502,0.103335,-0.036446,0.151039,0.0014,0.001562
0,-0.093295,0.098467,0.013867,0.03894,0.009455,0.057656,0.001628,0.001719
0,-0.089796,-0.131972,0.00373,-0.241248,0.005924,-0.196825,0.001567,0.002303
0,-0.078943,-0.147722,0.034367,-0.0262,0.006486,-0.059447,0.001378,0.002578
0,-0.054682,-0.004658,0.031204,0.164524,0.022888,0.183952,0.000954,8.1e-05
0,-0.009587,-0.092587,0.056947,-0.105526,0.032402,-0.12433,0.000167,0.001616
0,0.112586,0.139703,0.118481,0.204175,0.091644,0.195286,0.001965,0.002438
0,-0.054214,-0.125703,-0.17437,-0.266656,-0.222792,-0.275913,0.000946,0.002194
0,0.095237,0.135498,0.179121,0.272971,0.221056,0.261719,0.001662,0.002365
0,-0.125365,0.02766,-0.237802,-0.115434,-0.247941,-0.149084,0.002188,0.000483
0,0.060132,0.062826,0.211142,0.049885,0.235724,0.062582,0.001049,0.001097
0,-0.032426,-0.165971,-0.1119,-0.228446,-0.112094,-0.258665,0.000566,0.002897
0,-0.068674,-0.100706,-0.065528,0.089924,-0.031923,0.040467,0.001199,0.001758
0,0.079842,0.126229,0.170365,0.241505,0.174651,0.262531,0.001394,0.002203
0,-0.019197,-0.148014,-0.10442,-0.279311,-0.122878,-0.319945,0.000335,0.002583
0,0.1368,0.008102,0.18394,0.16118,0.199178,0.113164,0.002388,0.000141
0,0.098328,-0.017722,-0.043604,-0.055328,-0.002719,-0.033953,0.001716,0.000309
0,0.119225,-0.027551,0.024712,-0.022398,-0.012739,-0.059733,0.002081,0.000481
0,0.121848,-0.169744,0.010824,-0.132312,-0.004586,-0.137422,0.002127,0.002963
0,0.01085,0.137201,-0.093637,0.305621,-0.105854,0.312082,0.000189,0.002395
0,-0.032291,0.067008,-0.072148,-0.058714,-0.032437,-0.014435,0.000564,0.00117
0,0.094823,-0.125238,0.13452,-0.216452,0.177929,-0.241424,0.001655,0.002186
0,0.028531,-0.026306,-0.078963,0.084771,-0.060296,0.03731,0.000498,0.000459
0,-0.06607,-0.080113,-0.087199,-0.049646,-0.132106,-0.07742,0.001153,0.001398
0,-0.080957,0.152614,-0.00649,0.220154,-0.008021,0.269491,0.001413,0.002664
0,-0.105636,0.119997,-0.021669,-0.055848,-0.028882,-0.017725,0.001844,0.002094
0,-0.081467,-0.046407,0.039392,-0.157277,0.063731,-0.148266,0.001422,0.00081
0,-0.187891,0.086283,-0.126239,0.105185,-0.145432,0.118762,0.003279,0.001506
0,-0.079365,0.010073,0.103354,-0.046451,0.116322,-0.053345,0.001385,0.000176
0,0.007625,0.110127,0.100322,0.113605,0.102122,0.112547,0.000133,0.001922
0,-0.09763,-0.052798,-0.104478,-0.17393,-0.121729,-0.124964,0.001704,0.000921
0,-0.129898,0.148102,-0.021525,0.192905,0.013163,0.14613,0.002267,0.002585
0,-0.032774,0.12631,0.122615,-0.02623,0.091696,-0.061738,0.000572,0.002205
0,1.430652,0.396397,1.47853,0.243529,1.492075,0.269731,0.001794,0.000228
0,1.359676,0.379819,-0.062354,-0.015813,-0.093646,0.012342,0.003032,6.2e-05
0,1.286453,0.528038,-0.089055,0.150195,-0.04714,0.103911,0.00238,0.002525
0,1.097363,0.300646,-0.217499,-0.22797,-0.239095,-0.23396,0.00092,0.001444
0,0.982839,0.222328,-0.102582,-0.080272,-0.078774,-0.074737,0.002919,0.00281
0,0.863282,0.101664,-0.095983,-0.121406,-0.071421,-0.106769,0.001685,0.001774
0,0.615452,0.252287,-0.251768,0.146919,-0.271835,0.14544,0.00264,0.002288
0,0.57599,0.037659,-0.044233,-0.192763,-0.00018,-0.203718,0.003329,0.000657
0,2.67141,-0.481449,2.117921,-0.516807,2.150662,-0.53536,0.000211,0.001712
0,3.129814,-0.753577,0.437899,-0.253303,0.487895,-0.284172,0.001099,0.000229
0,3.94806,-1.333809,0.820949,-0.573965,0.794856,-0.616824,0.001998,0.003207
0,4.118018,-1.114409,0.178132,0.205115,0.215615,0.202188,0.001726,0.000622
0,3.30444,-1.358069,-0.841185,-0.254308,-0.83809,-0.253137,0.002544,0.00306
0,2.993875,-1.092359,-0.306267,0.238164,-0.355617,0.257235,0.001274,0.001007
0,2.655793,-1.118032,-0.359922,-0.037271,-0.405516,-0.050347,0.000483,0.000559
0,1.416455,-0.970183,-1.263982,0.159284,-1.280976,0.137818,0.002041,0.00314
0,0.900554,-0.740009,-0.495858,0.225801,-0.446255,0.187477,0.002336,0.000466
0,0.388482,-0.570077,-0.502447,0.183624,-0.540135,0.208641,8.9e-05,0.003259
0,-0.010809,-0.481883,-0.396402,0.104966,-0.371178,0.067811,0.000189,0.00172
0,-0.367814,-0.045699,-0.353008,0.44201,-0.325224,0.395662,0.000271,0.000798
0,-0.280862,-0.237263,0.099855,-0.192411,0.119689,-0.205734,0.001789,0.00255
0,-0.289488,-0.021462,0.018333,0.216558,0.039666,0.175213,0.001638,0.000375
0,-0.120754,0.048415,0.156106,0.063519,0.141414,0.070808,0.002108,0.000845
0,-0.086686,0.085683,0.051388,0.064918,0.052922,0.082593,0.001513,0.001495
0,-0.138188,0.056035,-0.079647,-0.009944,-0.105056,-0.007526,0.002412,0.000978
0,-0.122294,0.105407,0.03437,0.020331,0.017068,0.068649,0.002134,0.00184
0,-0.125338,-0.04845,0.014645,-0.129023,0.005806,-0.165135,0.002188,0.000846
0,-0.233395,0.228949,-0.100339,0.290529,-0.11558,0.250192,0.002617,0.002695
0,-0.086379,0.191477,0.123634,-0.056101,0.157169,-0.088164,0.001508,0.003342
0,-0.002881,0.036248,0.090827,-0.168102,0.042004,-0.174697,5e-05,0.000633
0,-0.076286,0.108887,-0.08653,0.064837,-0.040976,0.090644,0.001331,0.0019
0,-0.122463,-0.11496,-0.039017,-0.210001,0.009741,-0.243471,0.002137,0.002006
0,-0.126707,0.140691,0.017274,0.25634,-0.011901,0.211517,0.002211,0.002456
0,-0.21214,0.104656,-0.082412,-0.051362,-0.085259,-0.048533,0.002988,0.001827
0,-0.119651,-0.097473,0.078966,-0.179652,0.083089,-0.173286,0.002088,0.001701
0,-0.089195,0.153158,0.009999,0.263758,-0.01701,0.304527,0.001557,0.002673
0,-0.062542,-0.024953,0.039402,-0.178877,0.085033,-0.223014,0.001092,0.000436
0,-0.024854,0.134152,0.018354,0.133099,0.003926,0.124836,0.000434,0.002341
0,-0.057256,-0.05583,-0.022826,-0.165967,-0.058933,-0.172934,0.000999,0.000974
0,-0.017859,0.011585,0.016892,0.074557,0.033854,0.119368,0.000312,0.000202
0,-0.073637,-0.071765,-0.072001,-0.10627,-0.07519,-0.129204,0.001285,0.001253
0,-0.108927,-0.09879,-0.013905,-0.017087,-0.025288,0.005385,0.001901,0.001724
0,0.027335,-0.076495,0.132198,0.011814,0.142774,0.052752,0.000477,0.001335
0,-0.090377,-0.037382,-0.111784,0.042705,-0.086283,0.00901,0.001577,0.000652
0,0.020706,-0.139064,0.104293,-0.116524,0.084557,-0.068547,0.000361,0.002427
0,0.128907,0.031793,0.084264,0.196613,0.113748,0.164695,0.00225,0.000555
0,0.07882,0.115816,-0.07087,0.108572,-0.044278,0.09948,0.001376,0.002021
0,0.013247,-0.152422,-0.04807,-0.238786,-0.075889,-0.28579,0.000231,0.00266
0,-0.026246,-0.120046,-0.026742,0.055971,-0.063923,0.007968,0.000458,0.002095
0,0.005068,-0.048094,0.057267,0.091858,0.044431,0.126023,8.8e-05,0.000839
0,-0.137378,-0.031465,-0.122641,0.027236,-0.150329,0.006023,0.002398,0.000549
0,0.009587,-0.031187,0.158069,-0.002568,0.176115,-0.019802,0.000167,0.000544
0,-0.022067,0.147074,-0.008431,0.175767,0.040708,0.164501,0.000385,0.002567
0,0.021621,0.08737,0.055078,-0.034957,0.034242,-0.04582,0.000377,0.001525
0,-0.076058,0.02508,-0.113354,-0.055275,-0.0968,-0.007567,0.001327,0.000438
0,-0.222687,-0.12344,-0.14621,-0.146438,-0.136468,-0.163856,0.002804,0.002154
0,-0.033151,-0.064605,0.174347,0.041616,0.17236,0.060618,0.000579,0.001128
0,0.032065,0.056996,0.078901,0.139462,0.061256,0.158932,0.00056,0.000995
0,0.038337,-0.127615,0.024103,-0.182088,0.056478,-0.229113,0.000669,0.002227
0,-0.196695,-0.060476,-0.214289,0.090236,-0.185125,0.135934,0.003258,0.001056
0,-0.18499,0.058876,0.034676,0.11993,-0.008811,0.079397,0.003229,0.001028
0,-0.213536,-0.163116,-0.05814,-0.231559,-0.087842,-0.265256,0.002964,0.002847
0,0.005133,-0.11591,0.24512,0.056576,0.288687,0.087318,9e-05,0.002023
0,0.015687,0.066622,0.039474,0.205639,-0.00244,0.215454,0.000274,0.001163
0,-0.017451,0.127878,-0.025211,0.078972,0.022626,0.113004,0.000305,0.002232
0,0.042419,-0.049549,0.083899,-0.201007,0.120902,-0.244141,0.00074,0.000865
0,-0.079133,0.072151,-0.145936,0.145421,-0.139478,0.151336,0.001381,0.001259
0,-0.051427,-0.120471,0.023463,-0.19624,0.030005,-0.203939,0.000898,0.002103
0,0.111057,0.061407,0.180297,0.208493,0.215503,0.175278,0.001938,0.001072
0,0.139376,-0.00814,0.013588,-0.054072,0.019509,-0.009241,0.002433,0.000142
0,0.059829,-0.034935,-0.061041,-0.025159,-0.08884,-0.05784,0.001044,0.00061
0,-0.070924,-0.031255,-0.140636,0.016416,-0.133319,0.029436,0.001238,0.000545
0,0.082451,0.010895,0.126381,0.019824,0.157155,0.00549,0.001439,0.00019
0,0.254355,-0.013236,0.196182,-0.039445,0.236994,-0.012005,0.002251,0.000231
0,0.047582,-0.041136,-0.208246,-0.03652,-0.212099,-0.02221,0.00083,0.000718
0,-0.048704,0.17611,-0.102347,0.202055,-0.085379,0.208502,0.00085,0.003074
0,0.119592,-0.042782,0.193305,-0.21487,0.199568,-0.199349,0.002087,0.000747
0,-0.017772,0.151146,-0.157978,0.190257,-0.174558,0.158488,0.00031,0.002638
0,0.128031,0.014203,0.127796,-0.1212,0.103995,-0.153251,0.002235,0.000248
0,-0.015652,0.030524,-0.169567,-0.003424,-0.180947,-0.038023,0.000273,0.000533
0,0.218227,-0.032362,0.253007,-0.03497,0.267195,0.003024,0.002882,0.000565
0,-0.011838,0.093748,-0.254933,0.131222,-0.273356,0.116515,0.000207,0.001636
0,0.023267,0.171094,0.028561,0.100341,0.0123,0.090765,0.000406,0.002986
0,0.104462,0.164313,0.075569,0.008014,0.112947,0.056515,0.001823,0.002868
0,-0.034575,0.163081,-0.166841,0.022346,-0.207474,0.013542,0.000603,0.002846
0,0.068485,-0.045401,0.122695,-0.233397,0.131506,-0.199233,0.001195,0.000792
0,0.043245,-0.043553,-0.007654,0.020846,-0.040085,0.02363,0.000755,0.00076
0,0.01654,0.039242,-0.020002,0.070017,-0.000931,0.05596,0.000289,0.000685
0,0.140579,-0.059425,0.120365,-0.104806,0.152469,-0.088651,0.002454,0.001037
0,0.206663,-0.048937,0.045215,0.010567,0.01979,0.05982,0.003084,0.000854
0,0.119571,-0.057151,-0.060401,-0.000743,-0.053215,-0.047876,0.002087,0.000997
0,0.10879,0.055728,0.00036,0.085502,0.010875,0.119865,0.001899,0.000973
0,0.102564,0.148492,0.018692,0.118031,0.0677,0.104999,0.00179,0.002592
0,-0.0617,0.14999,-0.178386,-0.00449,-0.209058,0.039168,0.001077,0.002618
0,0.175216,-0.022198,0.252984,-0.192808,0.243403,-0.192128,0.003058,0.000387
0,-0.072077,0.17041,-0.241649,0.178288,-0.2098,0.133796,0.001258,0.002974
0,-0.058853,-0.035789,0.036129,-0.204063,0.033115,-0.171343,0.001027,0.000625
0,0.015748,-0.00018,0.055918,0.034664,0.012235,0.00936,0.000275,3e-06
0,0.049674,0.043631,0.058152,0.022298,0.01599,0.031367,0.000867,0.000761
0,0.180253,0.036089,0.10728,-0.020906,0.097255,0.006553,0.003146,0.00063
0,-0.05943,-0.068393,-0.229106,-0.087507,-0.259618,-0.061011,0.001037,0.001194
0,0.114679,-0.089893,0.201447,-0.041644,0.22428,-0.034044,0.002002,0.001569
0,-0.069978,0.069172,-0.164878,0.136292,-0.150399,0.093606,0.001221,0.001207
0,-0.046816,0.165091,0.035761,0.078296,0.059264,0.11843,0.000817,0.002881
0,0.114232,0.053674,0.174715,-0.091696,0.192866,-0.083914,0.001994,0.000937
0,0.081281,0.078615,-0.062545,0.021149,-0.09136,0.048822,0.001419,0.001372
0,-0.031041,-0.132332,-0.124773,-0.199216,-0.09127,-0.20256,0.000542,0.00231
0,0.170173,0.077033,0.206419,0.182392,0.167111,0.16979,0.00297,0.001344
0,0.012975,-0.117196,-0.177081,-0.180078,-0.165119,-0.183421,0.000226,0.002045
0,-0.039854,0.115064,-0.065253,0.223636,-0.051227,0.210309,0.000696,0.002008
0,-0.087147,-0.068146,-0.06471,-0.195157,-0.060526,-0.178628,0.001521,0.001189
0,0.122821,-0.032961,0.180289,0.046182,0.201884,0.063045,0.002144,0.000575
0,-0.069102,0.02211,-0.174242,0.025565,-0.143664,-0.008544,0.001206,0.000386
0,0.028037,-0.13528,0.079453,-0.145182,0.07286,-0.181301,0.000489,0.002361
0,0.07719,0.04493,0.074188,0.174305,0.060699,0.163792,0.001347,0.000784
0,0.125715,0.129973,0.049867,0.096821,0.016239,0.066442,0.002194,0.002268
0,0.071021,-0.014108,-0.049836,-0.16893,-0.083694,-0.132327,0.00124,0.000246
0,-0.027254,-0.041327,-0.079411,-0.026152,-0.122618,-0.048998,0.000476,0.000721
0,-0.122343,-0.045001,-0.09772,0.004344,-0.086468,0.037132,0.002135,0.000785
0,0.181743,-0.044469,0.324842,0.007932,0.328636,0.000685,0.003172,0.000776
0,-0.014576,-0.105068,-0.202771,-0.038148,-0.208445,-0.013793,0.000254,0.001834
0,0.033523,-0.115398,0.049338,0.005024,0.041312,-0.026769,0.000585,0.002014
0,0.125338,-0.047773,0.121156,0.054439,0.135566,0.077623,0.002188,0.000834
0,0.137794,-0.065892,-0.012915,-0.044111,-0.040299,-0.001094,0.002405,0.00115
0,0.094295,-0.112917,-0.024578,-0.053911,-0.072667,-0.065967,0.001646,0.001971
0,0.13775,0.135605,0.036425,0.260258,0.062725,0.224745,0.002404,0.002367
0,0.107226,-0.090806,-0.021195,-0.203116,-0.004583,-0.164731,0.001871,0.001585
0,0.142838,-0.050124,0.013729,0.024876,-0.023011,0.071277,0.002493,0.000875
0,0.219605,0.15375,0.04812,0.193971,0.095604,0.152223,0.002858,0.002683
0,0.167725,0.081324,-0.02424,-0.053043,-0.067767,-0.074526,0.002927,0.001419
0,0.284011,-0.077223,0.113528,-0.17563,0.137959,-0.159961,0.001734,0.001348
0,0.086114,-0.049607,-0.19765,0.053128,-0.166643,0.041417,0.001503,0.000866
0,0.146194,-0.14213,0.034896,-0.104951,0.035195,-0.057651,0.002552,0.002481
0,0.131938,0.083759,6.3e-05,0.198056,0.019921,0.225087,0.002303,0.001462
0,-0.012487,-0.099633,-0.129219,-0.166346,-0.092234,-0.182647,0.000218,0.001739
0,0.149995,0.095565,0.138634,0.168346,0.128646,0.16598,0.002618,0.001668
0,0.26545,-0.034149,0.116465,-0.122768,0.119083,-0.119001,0.002058,0.000596
0,0.031523,-0.14071,-0.235218,-0.083068,-0.197641,-0.047522,0.00055,0.002456
0,0.109182,-0.038267,0.07635,0.09619,0.047376,0.135901,0.001906,0.000668
0,0.088355,-0.06411,-0.045467,-0.025335,-0.063315,0.02131,0.001542,0.001119
0,0.321325,-0.008395,0.209409,0.047327,0.206826,0.066388,0.001083,0.000147
0,0.227834,-0.105074,-0.111738,-0.09584,-0.146635,-0.104084,0.002714,0.001834
0,0.320598,0.032931,0.064653,0.160863,0.044536,0.181536,0.001095,0.000575
0,0.182914,-0.019654,-0.111067,-0.042908,-0.143225,-0.068164,0.003192,0.000343
0,0.102206,0.021754,-0.099188,0.05855,-0.06238,0.065461,0.001784,0.00038
0,0.070034,0.002492,-0.016221,-0.039773,0.020744,-0.070332,0.001222,4.3e-05
0,0.248198,-0.128956,0.153517,-0.110984,0.104584,-0.158446,0.002359,0.002251
0,0.117593,-0.144824,-0.10831,-0.041909,-0.126305,-0.0503,0.002052,0.002528
0,0.068423,-0.048976,-0.044986,0.076267,-0.073745,0.044333,0.001194,0.000855
0,0.069518,0.062894,0.00942,0.125091,0.031584,0.165698,0.001213,0.001098
0,-0.018355,-0.096039,-0.076204,-0.14174,-0.094906,-0.127529,0.00032,0.001676
0,-0.120481,0.131884,-0.082155,0.223162,-0.048728,0.252125,0.002103,0.002302
0,-0.06242,0.132797,0.041732,-0.010362,0.068303,-0.059417,0.001089,0.002318
0,-0.005778,0.090546,0.079146,-0.06977,0.035842,-0.04134,0.000101,0.00158
0,-0.084443,-0.068897,-0.097791,-0.141385,-0.054754,-0.097533,0.001474,0.001202
0,0.081158,0.123888,0.154027,0.182035,0.136352,0.221441,0.001416,0.002162
0,-0.035904,0.107711,-0.095244,-0.040767,-0.1034,-0.060104,0.000627,0.00188
0,-0.113908,0.25772,-0.102171,0.124523,-0.151205,0.166193,0.001988,0.002193
0,0.017191,0.121068,0.118579,-0.15574,0.159431,-0.158965,0.0003,0.002113
0,0.037838,0.068419,0.031706,-0.059259,0.07017,-0.041533,0.00066,0.001194
0,-0.097945,0.083084,-0.107706,-0.005508,-0.156115,0.016028,0.001709,0.00145
0,-0.164939,0.097794,-0.089657,0.028168,-0.126074,-0.003052,0.002879,0.001707
0,0.062781,0.214702,0.249555,0.093447,0.253974,0.102336,0.001096,0.002944
0,-0.125851,0.206862,-0.190411,-0.020365,-0.237014,-0.033112,0.002197,0.00308
0,-0.039944,0.17532,0.093204,-0.012082,0.103717,-0.027886,0.000697,0.00306
0,-0.11645,0.162708,-0.070847,-0.022253,-0.031798,0.006709,0.002032,0.00284
0,-0.08584,0.219008,0.000851,0.080877,-0.008115,0.066561,0.001498,0.002868
0,0.082139,-0.025342,0.184884,-0.258589,0.159796,-0.212872,0.001434,0.000442
0,0.122697,0.082528,0.054988,0.11022,0.081054,0.138954,0.002141,0.00144
0,0.067746,0.146735,-0.035595,0.054411,-0.065761,0.097141,0.001182,0.002561
0,0.004889,0.011593,-0.061658,-0.15084,-0.088121,-0.179406,8.5e-05,0.000202
0,-0.071094,0.208708,-0.089146,0.18242,-0.046709,0.178329,0.001241,0.003048
0,0.155777,0.048437,0.203216,-0.133533,0.18542,-0.10786,0.002719,0.000845
0,0.139651,0.066294,-0.004817,0.04034,-0.012652,0.049607,0.002437,0.001157
0,-0.041707,-0.09393,-0.169368,-0.147938,-0.183505,-0.191689,0.000728,0.001639
0,0.021177,-0.02277,0.07381,0.095277,0.026404,0.143529,0.00037,0.000397
0,0.092834,-0.070102,0.062582,-0.022779,0.081347,-0.005544,0.00162,0.001224
0,-0.090692,0.035982,-0.161272,0.112732,-0.185972,0.09456,0.001583,0.000628
0,0.085849,0.182773,0.156,0.142184,0.107561,0.153561,0.001498,0.00319
0,-0.096687,0.055875,-0.154476,-0.098594,-0.135444,-0.14164,0.001688,0.000975
0,0.100951,0.061479,0.209296,-0.013924,0.224355,-0.031083,0.001762,0.001073
0,0.045143,-0.063477,-0.028707,-0.121292,0.008432,-0.132876,0.000788,0.001108
0,0.004784,0.129229,-0.040549,0.199798,-0.015138,0.235967,8.3e-05,0.002255
0,0.094382,-0.112558,0.068438,-0.245593,0.018691,-0.221945,0.001647,0.001965
0,0.101737,0.013078,0.023238,0.126706,0.044155,0.117002,0.001776,0.000228
0,0.016496,0.04972,-0.089052,0.010261,-0.067827,0.04874,0.000288,0.000868
0,-0.095466,-0.095136,-0.102459,-0.117731,-0.146184,-0.070222,0.001666,0.00166
0,-0.09462,0.001937,-0.021409,0.07037,-0.070953,0.0672,0.001651,3.4e-05
0,0.18973,0.004064,0.272419,0.023578,0.302049,-0.005982,0.003311,7.1e-05
0,0.026497,0.013967,-0.159704,0.008788,-0.176442,0.044437,0.000462,0.000244
0,-0.112661,0.007645,-0.137328,-0.002667,-0.16397,-0.02615,0.001966,0.000133
0,-0.021937,0.023461,0.086491,0.021335,0.077099,-0.004333,0.000383,0.000409
0,0.084992,0.136919,0.132678,0.105299,0.10351,0.094266,0.001483,0.00239
0,-0.116697,-0.070387,-0.213774,-0.193953,-0.231738,-0.23047,0.002037,0.001228
0,-0.083995,0.026687,0.061905,0.113818,0.01893,0.115312,0.001466,0.000466
0,-0.006744,-0.002004,0.064898,-0.036569,0.061117,-0.011354,0.000118,3.5e-05
0,0.12926,-0.0078,0.161817,-0.030643,0.187682,0.00304,0.002256,0.000136
0,0.128357,0.027158,-0.025345,0.061239,-0.039796,0.103652,0.00224,0.000474
0,0.122925,-0.022303,-0.00497,-0.029497,-0.050263,-0.010882,0.002145,0.000389
0,-0.013766,-0.025742,-0.142062,0.023666,-0.131197,0.056867,0.00024,0.000449
0,0.072015,0.137069,0.059365,0.163822,0.098791,0.168259,0.001257,0.002392
0,0.153964,0.084928,0.07511,-0.073526,0.084212,-0.081413,0.002687,0.001482
0,0.168694,0.03561,0.020611,-0.03177,0.060675,-0.010023,0.002944,0.000622
0,0.151779,-0.124378,-0.027539,-0.131109,0.00564,-0.098293,0.002649,0.002171
0,-0.023829,0.073962,-0.145664,0.195982,-0.147682,0.231261,0.000416,0.001291
0,0.19685,-0.175901,0.211435,-0.243086,0.168182,-0.285378,0.003255,0.00307
0,0.03986,-0.194477,-0.173004,-0.015249,-0.174084,-0.035171,0.000696,0.003297
0,-0.0503,-0.05886,-0.082871,0.119797,-0.051148,0.125213,0.000878,0.001027
0,0.150643,-0.02372,0.171404,0.024752,0.191549,0.04975,0.002629,0.000414
0,0.148506,0.073997,-0.006383,0.069848,-0.051409,0.10603,0.002592,0.001291
0,0.072259,0.135663,-0.076065,0.061806,-0.088151,0.101428,0.001261,0.002368
0,-0.121059,-0.081244,-0.178453,-0.19634,-0.216329,-0.159887,0.002113,0.001418
0,-0.102398,-0.071475,0.024791,0.035101,0.034057,0.050714,0.001787,0.001247
0,0.094313,0.009114,0.205517,0.10996,0.184801,0.109321,0.001646,0.000159
0,0.061382,-0.138299,-0.010014,-0.174241,0.022576,-0.201817,0.001071,0.002414
0,-0.197008,0.071982,-0.231432,0.218051,-0.224422,0.267187,0.003252,0.001256
0,-0.081166,0.129749,0.092559,0.061804,0.076005,0.106932,0.001417,0.002265
0,0.008938,-0.131222,0.118131,-0.288993,0.090978,-0.311566,0.000156,0.00229
0,0.005414,0.138092,-0.021568,0.271784,-0.046575,0.306272,9.4e-05,0.00241
0,0.027568,0.084164,0.036352,-0.03362,0.021844,-0.052801,0.000481,0.001469
0,-0.161349,0.077427,-0.189134,0.016713,-0.139202,0.010394,0.002816,0.001351
0,-0.071666,0.034411,0.064006,-0.029465,0.035862,0.020313,0.001251,0.000601
0,0.061668,0.070815,0.119472,0.05601,0.12211,0.050644,0.001076,0.001236
0,0.044078,-0.122227,-0.035254,-0.212291,-0.083657,-0.174733,0.000769,0.002133
0,0.001694,-0.086106,-0.044933,0.007287,-0.010937,0.021295,3e-05,0.001503
0,0.117324,0.153813,0.110676,0.269039,0.11999,0.291387,0.002048,0.002685
0,0.131995,0.11046,-0.014283,-0.023654,-0.051848,-0.071196,0.002304,0.001928
0,0.019709,-0.101164,-0.097582,-0.202367,-0.13238,-0.216038,0.000344,0.001766
0,-0.001431,-0.056573,-0.008546,0.049892,0.015702,0.057908,2.5e-05,0.000987
0,0.058692,0.123622,0.044663,0.186275,0.051859,0.211547,0.001024,0.002158
0,-0.042417,-0.098765,-0.087548,-0.221414,-0.044298,-0.256029,0.00074,0.001724
0,-0.154895,0.067912,-0.112769,0.161513,-0.153947,0.158648,0.002703,0.001185
0,0.012242,0.082322,0.175611,0.020142,0.191352,0.016061,0.000214,0.001437
0,0.04521,-0.00598,0.054206,-0.102902,0.00921,-0.123838,0.000789,0.000104
0,-0.065012,-0.112247,-0.138136,-0.126178,-0.11086,-0.133982,0.001135,0.001959
0,0.019791,-0.058584,0.067348,0.061911,0.056543,0.03872,0.000345,0.001022
0,-0.029313,-0.120059,-0.049724,-0.050972,-0.079179,-0.0185,0.000512,0.002095
0,-0.164535,-0.011009,-0.107212,0.092182,-0.093627,0.066077,0.002872,0.000192
0,0.027954,0.005373,0.192395,0.007831,0.173761,-0.010324,0.000488,9.4e-05
0,-0.030517,-0.039662,-0.067366,-0.058258,-0.075098,-0.039923,0.000533,0.000692
0,0.065701,0.072719,0.096157,0.106713,0.076633,0.0892,0.001147,0.001269
0,0.081478,-0.143966,0.03527,-0.219345,0.039459,-0.213128,0.001422,0.002513
0,0.073032,0.05446,-0.020975,0.179552,-0.019312,0.180544,0.001275,0.00095
0,-0.090305,-0.073624,-0.143762,-0.12039,-0.119889,-0.163283,0.001576,0.001285
0,-0.073149,0.124675,0.02923,0.208532,-0.00108,0.159496,0.001277,0.002176
0,0.112874,-0.064029,0.159189,-0.173491,0.193623,-0.188779,0.00197,0.001118
0,-0.018873,-0.134341,-0.12383,-0.067171,-0.134938,-0.082381,0.000329,0.002345
0,0.061614,0.063884,0.098028,0.219161,0.063911,0.212223,0.001075,0.001115
0,-0.090868,0.060146,-0.172014,-0.020438,-0.198148,-0.03777,0.001586,0.00105
0,-0.011036,-0.01586,0.108728,-0.078573,0.080953,-0.072551,0.000193,0.000277
0,0.0456,-0.13431,0.035277,-0.142461,0.022782,-0.141746,0.000796,0.002344
0,0.104707,-0.096698,0.052442,0.059694,0.101207,0.033928,0.001827,0.001688
0,0.034428,0.125969,-0.049363,0.200019,-0.004668,0.158985,0.000601,0.002199
0,0.066217,-0.117267,0.053932,-0.233211,0.029502,-0.253382,0.001156,0.002047
0,0.005883,-0.005257,-0.055808,0.124218,-0.07538,0.166807,0.000103,9.2e-05
0,0.023453,-0.029254,-0.00382,-0.004923,-0.021728,-0.045515,0.000409,0.000511
0,0.000746,-0.167292,-0.035595,-0.137056,-0.083556,-0.095588,1.3e-05,0.00292
0,-0.226066,0.01148,-0.205648,0.15252,-0.224399,0.202119,0.002745,0.0002
0,-0.180608,-0.141241,0.069461,-0.14215,0.106607,-0.115528,0.003152,0.002465
0,0.058341,-0.001359,0.248446,0.165471,0.22027,0.154899,0.001018,2.4e-05
0,0.053724,0.08949,-0.019252,0.092106,-0.0253,0.080773,0.000938,0.001562
0,-0.119429,-0.102501,-0.190481,-0.204444,-0.227124,-0.1969,0.002084,0.001789
0,-0.159541,-0.046452,-0.046885,0.065129,-0.02288,0.105899,0.002785,0.000811
0,0.037386,0.000653,0.220915,0.058714,0.172867,0.096079,0.000653,1.1e-05
0,-0.141739,0.097035,-0.165623,0.11317,-0.126856,0.140034,0.002474,0.001694
0,0.100032,0.164944,0.232744,0.056449,0.263378,0.078492,0.001746,0.002879
0,0.000148,0.046344,-0.080041,-0.135416,-0.053437,-0.170161,3e-06,0.000809
0,-0.103339,-0.06241,-0.077205,-0.082712,-0.04957,-0.126253,0.001804,0.001089
0,0.046254,0.054768,0.172752,0.088823,0.205181,0.128991,0.000807,0.000956
0,-0.001704,0.110573,-0.04834,0.067579,-0.057817,0.101409,3e-05,0.00193
0,-0.023873,-0.09648,-0.044061,-0.211716,-0.069422,-0.181623,0.000417,0.001684
0,-0.192635,-0.125942,-0.139466,-0.055631,-0.165924,-0.101398,0.003329,0.002198
0,0.011071,-0.157966,0.219758,-0.011903,0.253019,-0.044427,0.000193,0.002757
0,0.033633,-0.467059,0.002636,-0.309878,-0.025362,-0.344563,0.000587,0.001461
0,-0.016244,-0.979117,-0.077957,-0.486423,-0.119069,-0.534668,0.000284,0.002984
0,-0.030155,-1.756634,-0.006321,-0.791709,-0.021284,-0.813417,0.000526,0.002795
0,0.041928,-1.442626,0.045807,0.320049,0.058633,0.368044,0.000732,0.001585
0,0.018439,-1.479623,-0.048603,-0.062602,-0.011145,-0.092653,0.000322,0.000939
0,0.105031,-0.930168,0.061785,0.554569,0.051128,0.593596,0.001833,0.002853
0,-0.056185,-0.994486,-0.179234,-0.058755,-0.221237,-0.090018,0.000981,0.002715
0,0.157531,-0.6192,0.22087,0.373111,0.225869,0.324557,0.002749,0.002575
0,-0.063578,-0.19727,-0.239459,0.43616,-0.23001,0.402238,0.00111,0.003248
0,0.087156,-0.102079,0.17969,0.078415,0.155354,0.088262,0.001521,0.001782
0,0.184376,-0.133117,0.116274,-0.015183,0.111781,0.010062,0.003218,0.002323
0,-0.031174,0.091302,-0.238456,0.212112,-0.238759,0.253583,0.000544,0.001594
0,0.033929,-0.038139,0.071026,-0.118192,0.072209,-0.081925,0.000592,0.000666
0,-0.098882,0.102649,-0.14306,0.121586,-0.182702,0.107421,0.001726,0.001792
0,-0.071243,0.111205,0.047708,-0.008657,0.081082,0.013543,0.001243,0.001941
0,0.048444,-0.010407,0.094051,-0.12837,0.143591,-0.086848,0.000846,0.000182
0,0.112123,-0.199664,0.092448,-0.176549,0.068025,-0.135343,0.001957,0.003206
0,0.160119,-0.04178,0.054507,0.187018,0.075197,0.220969,0.002795,0.000729
0,0.13576,-0.157308,-0.03205,-0.105368,0.014267,-0.111513,0.002369,0.002746
0,0.104479,-0.041257,-0.026258,0.123856,-0.061731,0.118263,0.001824,0.00072
0,0.061549,-0.071312,-0.067736,-0.019963,-0.094931,0.0283,0.001074,0.001245
0,-0.024035,-0.048259,-0.096308,0.020131,-0.072822,-0.021666,0.000419,0.000842
0,-0.07498,0.065538,-0.074423,0.133366,-0.046368,0.173736,0.001309,0.001144
0,-0.059266,-0.048419,0.016389,-0.139218,0.022473,-0.1338,0.001034,0.000845
0,0.084333,0.026661,0.120819,0.092108,0.131046,0.081154,0.001472,0.000465
0,-0.07774,-0.005512,-0.148295,-0.053996,-0.101744,-0.069373,0.001357,9.6e-05
0,-0.125785,0.109763,-0.071083,0.144144,-0.049522,0.098764,0.002195,0.001916
0,0.161521,-0.128618,0.269038,-0.251962,0.237907,-0.250819,0.002819,0.002245
0,-0.112395,-0.126075,-0.26362,0.026063,-0.313578,0.052854,0.001962,0.0022
0,-0.139734,-0.0068,-0.005499,0.131046,0.008914,0.154075,0.002439,0.000119
0,0.112419,-0.003466,0.244211,0.015266,0.194734,0.031583,0.001962,6e-05
0,0.163464,-0.062341,0.070531,-0.04831,0.065696,-0.077592,0.002853,0.001088
0,0.088891,-0.051965,-0.062512,-0.014942,-0.108209,-0.017542,0.001551,0.000907
0,-0.023145,0.015974,-0.099822,0.06145,-0.125287,0.019747,0.000404,0.000279
0,-0.007871,0.125204,0.036935,0.083275,0.018739,0.130008,0.000137,0.002185
0,0.162935,-0.08102,0.144334,-0.197744,0.096787,-0.195772,0.002844,0.001414
0,-0.025544,0.153944,-0.204117,0.220479,-0.158502,0.214458,0.000446,0.002687
0,-0.160291,-0.001023,-0.114279,-0.127096,-0.129819,-0.132084,0.002798,1.8e-05
0,0.130637,0.150551,0.265317,0.179026,0.266657,0.178539,0.00228,0.002628
0,0.120222,0.106538,-0.00459,-0.062579,0.000576,-0.069879,0.002098,0.001859
0,-0.038582,0.151718,-0.137835,0.043123,-0.167121,0.090654,0.000673,0.002648
0,0.114217,0.141563,0.135019,-0.029731,0.094803,-0.01047,0.001993,0.002471
0,-0.004693,0.072482,-0.148652,-0.055721,-0.177117,-0.094701,8.2e-05,0.001265
0,-0.007007,0.113259,-0.007714,0.057712,-0.053171,0.038779,0.000122,0.001977
0,0.106543,-0.100155,0.131949,-0.189934,0.097082,-0.157643,0.00186,0.001748
0,-0.093231,0.047864,-0.17447,0.164994,-0.178652,0.168394,0.001627,0.000835
0,0.179846,-0.018501,0.285223,-0.05187,0.26354,-0.094307,0.003139,0.000323
0,-0.058175,-0.00589,-0.247917,0.000276,-0.284358,0.026254,0.001015,0.000103
0,0.07042,0.067734,0.129963,0.073354,0.140988,0.057568,0.001229,0.001182
0,0.106519,-0.122426,0.065192,-0.217829,0.088748,-0.243453,0.001859,0.002137
0,0.18456,-0.092609,0.09855,0.013172,0.053067,-0.035757,0.003221,0.001616
0,-0.020916,-0.047589,-0.227387,0.056459,-0.20212,0.01159,0.000365,0.000831
0,-0.060169,0.076171,-0.027965,0.141065,-0.00988,0.157767,0.00105,0.001329
0,-0.046669,0.153565,0.001539,0.060482,-0.040453,0.04717,0.000815,0.00268
0,0.031752,-0.02388,0.065565,-0.198585,0.092551,-0.151368,0.000554,0.000417
0,-0.017938,-0.072932,-0.074998,-0.060418,-0.042275,-0.038986,0.000313,0.001273
0,0.191495,0.132556,0.200775,0.210341,0.192307,0.244916,0.003342,0.002314
0,0.188935,-0.003768,-0.013296,-0.122276,-0.058936,-0.115372,0.003298,6.6e-05
0,0.217998,0.064371,0.025113,0.045393,-0.00165,0.009548,0.002886,0.001123
0,0.263797,-0.072984,0.039046,-0.127026,0.000868,-0.105692,0.002087,0.001274
0,0.178128,0.038663,-0.067284,0.119999,-0.098629,0.095741,0.003109,0.000675
0,0.137962,-0.022122,-0.010554,-0.041409,0.031066,-0.000566,0.002408,0.000386
0,0.257294,-0.031799,0.109331,0.017845,0.15313,0.063878,0.0022,0.000555
0,0.168245,0.035464,-0.103659,0.040281,-0.150958,0.016418,0.002936,0.000619
0,0.185858,-0.177129,-0.011221,-0.229905,0.017341,-0.243113,0.003244,0.003091
0,-0.048008,0.076827,-0.210593,0.278614,-0.210772,0.299768,0.000838,0.001341
0,0.201689,0.107055,0.269302,0.0036,0.245674,-0.023066,0.003171,0.001868
0,0.04928,0.034369,-0.171955,-0.080749,-0.219606,-0.108593,0.00086,0.0006
0,0.140339,0.127223,0.11393,0.079556,0.065088,0.115354,0.002449,0.00222
0,-0.063287,0.046846,-0.214088,-0.09009,-0.193669,-0.059496,0.001105,0.000818
0,0.050538,-0.15094,0.112831,-0.170067,0.144786,-0.209502,0.000882,0.002634
0,-0.151696,0.015729,-0.191524,0.162147,-0.208699,0.189637,0.002648,0.000275
0,-0.022414,-0.077841,0.116755,-0.121849,0.068562,-0.151798,0.000391,0.001359
0,0.004716,0.092287,0.008675,0.159016,-0.014558,0.153814,8.2e-05,0.001611
0,0.073568,0.054205,0.043643,-0.012413,0.072064,0.001742,0.001284,0.000946
0,-0.017679,0.039639,-0.071256,-0.037559,-0.073697,-0.028775,0.000309,0.000692
0,-0.084911,-0.094721,-0.094327,-0.154351,-0.122046,-0.128238,0.001482,0.001653
0,0.098053,0.051016,0.17729,0.134246,0.220601,0.151273,0.001711,0.00089
0,-0.088664,0.009189,-0.197983,-0.057879,-0.200568,-0.061901,0.001547,0.00016
0,-0.022268,-0.053492,0.065637,-0.069669,0.0261,-0.091069,0.000389,0.000934
0,0.029677,0.077477,0.037818,0.141904,0.03223,0.178347,0.000518,0.001352
0,0.040956,-0.007381,-0.00651,-0.099845,-0.01839,-0.129154,0.000715,0.000129
0,0.006885,-0.108891,-0.045578,-0.078484,-0.009914,-0.058823,0.00012,0.001901
0,-0.067541,0.129674,-0.064328,0.212571,-0.031764,0.216846,0.001179,0.002263
0,0.144098,-0.088402,0.199298,-0.244069,0.208526,-0.290781,0.002515,0.001543
0,0.073513,0.087451,-0.056691,0.19243,-0.015133,0.160795,0.001283,0.001526
0,0.160369,0.027963,0.081357,-0.06637,0.048068,-0.017641,0.002799,0.000488
0,0.090687,0.038562,-0.061,0.026942,-0.032615,0.00874,0.001583,0.000673
0,-0.011759,0.058251,-0.083507,-0.004378,-0.052641,0.043301,0.000205,0.001017
0,0.162683,0.12525,0.186411,0.084205,0.165264,0.05097,0.002839,0.002186
0,0.187941,-0.017396,0.017147,-0.144369,0.003546,-0.158947,0.00328,0.000304
0,0.087087,-0.070181,-0.081596,-0.060411,-0.047601,-0.084858,0.00152,0.001225
0,0.087851,-0.103501,-0.001658,-0.02781,0.044543,-0.019749,0.001533,0.001806
0,0.057027,0.017291,-0.041948,0.105299,-0.018639,0.113141,0.000995,0.000302
0,-0.124675,0.105345,-0.165326,0.075164,-0.207326,0.099748,0.002176,0.001839
0,0.098393,0.092957,0.250269,0.013943,0.248324,-0.002023,0.001717,0.001622
0,0.138317,0.071203,0.053846,-0.005072,0.013818,0.035268,0.002414,0.001243
0,-0.096747,-0.051013,-0.220186,-0.134161,-0.212566,-0.092686,0.001689,0.00089
0,0.083251,0.023634,0.170358,0.079441,0.159175,0.033009,0.001453,0.000412
0,0.021008,-0.13324,-0.038375,-0.138545,0.007488,-0.139775,0.000367,0.002325
0,0.044895,-0.144875,-0.005006,-0.036043,-0.024878,-0.060515,0.000784,0.002529
0,0.018839,0.053023,-0.027341,0.21977,-0.027209,0.204861,0.000329,0.000925
0,0.09431,0.068214,0.045876,0.020039,-0.000693,0.041099,0.001646,0.001191
0,0.064337,0.15386,-0.032437,0.07017,-0.068888,0.119329,0.001123,0.002685
0,0.101764,0.113481,0.056991,-0.032663,0.056716,0.004179,0.001776,0.001981
0,-0.033363,-0.038906,-0.144561,-0.150842,-0.19415,-0.143628,0.000582,0.000679
0,0.083194,0.169682,0.140628,0.200294,0.098857,0.246238,0.001452,0.002962
0,-0.084086,-0.063911,-0.140424,-0.239672,-0.184457,-0.242638,0.001468,0.001115
0,-0.204071,0.118821,-0.137989,0.155818,-0.135548,0.188227,0.003129,0.002074
0,-0.054109,0.11478,0.140668,-0.0215,0.171643,0.015272,0.000944,0.002003
0,-0.011079,0.149501,0.028682,0.058857,0.010294,0.031114,0.000193,0.002609
0,0.134662,-0.027852,0.122269,-0.158506,0.134478,-0.111938,0.00235,0.000486
0,-0.097894,0.025475,-0.22409,0.025767,-0.209665,-0.016315,0.001709,0.000445
0,-0.072321,0.110065,0.043766,0.071598,0.058155,0.051044,0.001262,0.001921
0,0.068824,-0.073823,0.144689,-0.154354,0.144828,-0.122798,0.001201,0.001288
0,-0.049045,-0.061373,-0.098276,0.00834,-0.057183,-0.023988,0.000856,0.001071
0,-0.104707,-0.022383,-0.058315,0.059948,-0.061776,0.040022,0.001827,0.000391
0,-0.107634,0.097901,-0.032365,0.145859,-0.004122,0.116794,0.001879,0.001709
0,-0.147362,0.010301,-0.062599,-0.088767,-0.038873,-0.129584,0.002572,0.00018
0,-0.179909,0.069249,-0.026584,0.049945,-0.004902,0.054163,0.00314,0.001209
0,0.03502,0.17012,0.206304,0.071767,0.223309,0.049695,0.000611,0.002969
0,-0.153987,0.057628,-0.200498,-0.08875,-0.17123,-0.101207,0.002688,0.001006
0,-0.197661,0.12241,-0.053188,0.076119,-0.046596,0.110329,0.003241,0.002136
0,-0.051101,0.019446,0.150138,-0.122411,0.152573,-0.07735,0.000892,0.000339
0,-0.215084,0.150892,-0.173975,0.103501,-0.207437,0.136541,0.002937,0.002634
0,0.08651,0.088954,0.312049,-0.037954,0.327688,-0.077731,0.00151,0.001553
0,-0.052888,0.07635,-0.142484,-0.03375,-0.137848,-0.070301,0.000923,0.001333
0,-0.157368,0.138329,-0.112683,0.050561,-0.115241,0.03804,0.002747,0.002414
0,0.006172,0.094532,0.180083,-0.06538,0.164029,-0.078759,0.000108,0.00165
0,-0.042411,0.085708,-0.037022,-0.015147,-0.046844,-0.046825,0.00074,0.001496
0,0.026768,0.086927,0.09272,-0.026857,0.116575,0.002061,0.000467,0.001517
0,-0.023707,0.159583,-0.065665,0.094469,-0.079383,0.073905,0.000414,0.002785
0,0.067143,0.133812,0.06937,-0.020343,0.0887,0.006819,0.001172,0.002335
0,-0.077607,0.022323,-0.151091,-0.120625,-0.111954,-0.143198,0.001354,0.00039
0,0.135684,0.169186,0.197309,0.153255,0.198785,0.202067,0.002368,0.002953
0,-0.077612,0.007508,-0.192272,-0.145805,-0.209332,-0.149771,0.001355,0.000131
0,0.097104,0.125077,0.166384,0.127607,0.210086,0.101352,0.001695,0.002183
0,-0.06564,-0.000471,-0.176961,-0.114345,-0.22176,-0.083569,0.001146,8e-06
0,0.082415,0.007024,0.140812,0.021443,0.109038,0.040649,0.001438,0.000123
0,0.065301,-0.06436,0.005722,-0.089593,0.002464,-0.126753,0.00114,0.001123
0,-0.066667,0.126622,-0.120278,0.201864,-0.093295,0.172994,0.001164,0.00221
0,-0.238154,0.172179,-0.198042,0.017378,-0.247961,0.020068,0.002534,0.003005
0,-0.09184,0.083217,0.166741,-0.087694,0.160746,-0.057458,0.001603,0.001452
0,0.045568,0.177704,0.113969,0.073369,0.125558,0.034071,0.000795,0.003102
0,-0.124795,0.0645,-0.190843,-0.12774,-0.151465,-0.083441,0.002178,0.001126
0,-0.153454,0.034663,-0.005572,-0.023724,0.01127,-0.007049,0.002678,0.000605
0,0.013255,0.099861,0.185274,0.061141,0.198706,0.05384,0.000231,0.001743
0,0.007357,-0.047353,-0.028606,-0.160865,-0.043376,-0.209802,0.000128,0.000826
0,-0.149704,-0.118821,-0.171942,-0.086127,-0.143142,-0.066906,0.002613,0.002074
0,-0.132527,-0.107192,0.003355,-0.00814,-0.023419,-0.037527,0.002313,0.001871
0,-0.0888,-0.14578,0.014913,-0.022877,0.062639,-0.02064,0.00155,0.002544
0,-0.110055,0.059844,-0.001161,0.221118,-0.007177,0.174551,0.001921,0.001044
0,-0.144705,-0.09185,-0.059476,-0.156042,-0.033657,-0.146615,0.002526,0.001603
0,-0.039979,0.1025,0.075027,0.200558,0.122984,0.249046,0.000698,0.001789
0,-0.082661,-0.103789,-0.038972,-0.20677,-0.008718,-0.16519,0.001443,0.001811
0,-0.055006,0.138438,0.009269,0.222792,-0.030913,0.188203,0.00096,0.002416
0,-0.021005,-0.053067,0.053981,-0.180363,0.09355,-0.136964,0.000367,0.000926
0,-0.017931,0.068071,0.027643,0.120357,0.044793,0.140988,0.000313,0.001188
0,-0.119685,0.004381,-0.088082,-0.035826,-0.101384,-0.04871,0.002089,7.6e-05
0,-0.108885,0.035577,0.028686,0.051036,0.037781,0.082049,0.0019,0.000621
0,-0.120713,0.136826,-0.008236,0.095484,-0.013397,0.057742,0.002107,0.002388
0,-0.154359,0.144777,-0.038162,0.016505,-0.05312,0.044388,0.002694,0.002527
0,-0.044131,0.127077,0.137745,-0.045539,0.108419,-0.071025,0.00077,0.002218
0,-0.119326,-0.067124,-0.093403,-0.174934,-0.112116,-0.139504,0.002083,0.001172
0,-0.088812,0.010608,0.021166,0.076177,0.051187,0.054145,0.00155,0.000185
0,0.000121,0.014646,0.118077,-0.004313,0.159571,0.035465,2e-06,0.000256
0,0.096263,0.026723,0.119603,0.033801,0.110163,-0.00374,0.00168,0.000466
0,-0.039644,0.126134,-0.139061,0.102169,-0.184351,0.122809,0.000692,0.002201
0,0.029103,0.210204,0.083127,0.102233,0.115431,0.118541,0.000508,0.003022
0,0.03738,0.041991,0.003772,-0.179385,0.053467,-0.197125,0.000652,0.000733
0,-0.009489,0.078576,-0.059275,0.033887,-0.064202,0.016888,0.000166,0.001371
0,0.166634,-0.078602,0.168145,-0.133287,0.205932,-0.086966,0.002908,0.001372
0,-0.148386,0.164496,-0.289411,0.238024,-0.244533,0.230098,0.00259,0.002871
0,-0.008256,-0.056613,0.136782,-0.223471,0.097687,-0.174243,0.000144,0.000988
0,-0.010953,-0.083045,0.01756,-0.018416,0.015197,0.031473,0.000191,0.001449
0,-0.145143,0.035138,-0.151827,0.088644,-0.122072,0.124301,0.002533,0.000613
0,-0.103292,0.060209,0.030979,0.017775,0.051502,0.04808,0.001803,0.001051
0,-0.068527,-0.076222,0.020487,-0.145356,0.03411,-0.162271,0.001196,0.00133
0,0.167832,0.129043,0.216533,0.181263,0.20966,0.221081,0.002929,0.002252
0,-0.029756,-0.035381,-0.172464,-0.159428,-0.138698,-0.128365,0.000519,0.000618
0,-0.097009,-0.101641,-0.038477,-0.056169,0.005776,-0.042208,0.001693,0.001774
0,0.084081,0.121493,0.187341,0.231707,0.214905,0.227793,0.001467,0.00212
0,-0.008887,-0.092806,-0.063779,-0.222835,-0.081706,-0.230123,0.000155,0.00162
0,0.021561,-0.143922,0.046098,-0.024649,0.005086,-0.015165,0.000376,0.002512
0,-0.060589,-0.022558,-0.067774,0.124441,-0.100647,0.082892,0.001057,0.000394
0,-0.020797,-0.088461,0.053591,-0.050324,0.014679,-0.062996,0.000363,0.001544
0,0.179753,-0.144832,0.187055,-0.037175,0.184132,-0.029656,0.003137,0.002528
0,-0.080815,0.092569,-0.242013,0.23165,-0.269416,0.243232,0.00141,0.001616
0,-0.012856,-0.075916,0.078842,-0.157713,0.070199,-0.140674,0.000224,0.001325
0,0.509709,-1.046942,0.525493,-0.990907,0.539876,-0.94781,0.002205,0.0018
0,0.807072,-1.450782,0.312545,-0.411103,0.317499,-0.399192,0.000704,0.001442
0,1.08464,-1.378343,0.253192,0.072758,0.207013,0.099101,0.001142,0.002707
0,1.138254,-1.520591,0.037572,-0.16217,0.000501,-0.195095,0.000206,0.000224
0,1.142547,-1.286494,-0.001678,0.207514,0.041101,0.250581,0.000131,0.002381
0,0.754602,-1.070153,-0.391198,0.194484,-0.352134,0.179031,0.000211,0.001395
0,0.682467,-0.504625,-0.100118,0.542314,-0.099843,0.494169,0.00147,0.002117
0,0.390209,-0.357836,-0.297486,0.166542,-0.312111,0.138059,0.00012,0.000445
0,0.503945,-0.326616,0.117004,0.026134,0.089846,0.014493,0.002105,0.00099
0,0.120231,0.014654,-0.378092,0.319333,-0.410509,0.350134,0.002098,0.000256
0,0.047174,0.085785,-0.075141,0.074002,-0.095581,0.08971,0.000823,0.001497
0,0.067052,0.008353,0.030691,-0.09796,0.066836,-0.075814,0.00117,0.000146
0,0.149188,0.082892,0.090771,0.062491,0.098462,0.038082,0.002604,0.001447
0,0.115891,0.215475,-0.027999,0.151835,-0.031208,0.177454,0.002023,0.00293
0,-0.020597,0.25485,-0.106716,0.033352,-0.077353,0.012832,0.000359,0.002243
0,0.051791,0.179696,0.044409,-0.093005,0.074832,-0.132258,0.000904,0.003136
0,-0.085625,-0.069116,-0.146289,-0.267593,-0.112369,-0.284984,0.001494,0.001206
0,-0.117546,0.144044,-0.009864,0.242414,-0.048708,0.209971,0.002052,0.002514
0,-0.057842,0.103421,0.043653,-0.04713,-0.002104,-0.04092,0.00101,0.001805
0,0.020116,0.038277,0.081175,-0.07893,0.115533,-0.032254,0.000351,0.000668
0,-0.081335,0.021659,-0.116142,-0.022303,-0.161066,-0.061872,0.00142,0.000378
0,-0.048349,0.095154,0.049945,0.065221,0.09927,0.067511,0.000844,0.001661
0,0.029774,-0.056081,0.051204,-0.146129,0.01965,-0.152372,0.00052,0.000979
0,0.0962,-0.093605,0.084209,-0.057991,0.083805,-0.012579,0.001679,0.001634
0,0.018647,-0.012327,-0.100475,0.052347,-0.149153,0.019603,0.000325,0.000215
0,0.060326,-0.027131,0.047325,-0.010486,0.057386,-0.013447,0.001053,0.000474
0,0.164309,0.109468,0.077309,0.113285,0.076595,0.08767,0.002868,0.001911
0,-0.021532,0.013656,-0.199125,-0.101912,-0.176563,-0.14079,0.000376,0.000238
0,-0.132484,-0.027691,-0.116146,-0.034215,-0.127079,-0.035002,0.002312,0.000483
0,-0.017197,-0.008329,0.092923,0.007112,0.133496,0.04001,0.0003,0.000145
0,-0.165419,0.074255,-0.150984,0.093141,-0.179551,0.053491,0.002887,0.001296
0,0.090391,0.056589,0.231667,-0.020058,0.249487,-0.04123,0.001578,0.000988
0,-0.035341,0.095774,-0.136327,0.010028,-0.107357,0.04902,0.000617,0.001672
0,0.058972,0.090155,0.107553,0.001145,0.102414,-0.02945,0.001029,0.001574
0,0.033079,-0.143178,-0.008784,-0.235977,-0.009819,-0.244957,0.000577,0.002499
0,-0.061394,0.112959,-0.086994,0.247274,-0.134761,0.268017,0.001072,0.001972
0,-0.255174,0.000308,-0.219451,-0.125681,-0.230401,-0.158204,0.002237,5e-06
0,-0.077319,-0.055638,0.168088,-0.029257,0.200522,-0.063323,0.001349,0.000971
0,0.063866,0.021509,0.155202,0.055826,0.164521,0.017216,0.001115,0.000375
0,0.02134,-0.066046,-0.069887,-0.102133,-0.114099,-0.073807,0.000372,0.001153
0,-0.069852,-0.015775,-0.105238,0.07961,-0.096017,0.033355,0.001219,0.000275
0,-0.027518,0.000954,0.057142,0.027456,0.044797,0.013799,0.00048,1.7e-05
0,1.571011,0.12797,1.585497,0.152023,1.581163,0.189111,0.000656,0.002233
0,2.450817,0.194233,0.868204,0.067706,0.904861,0.058681,0.00263,0.003301
0,3.595187,0.040628,1.170731,-0.137122,1.217007,-0.175327,0.00253,0.000709
0,4.690745,0.062253,1.068518,0.022945,1.030182,0.005248,0.001579,0.001087
0,4.13909,0.331018,-0.555093,0.256901,-0.587056,0.249079,0.001358,0.000913
0,3.895022,0.056504,-0.224296,-0.252899,-0.27217,-0.302023,0.001073,0.000986
0,2.576681,0.098561,-1.291513,0.05355,-1.308071,0.095296,0.001864,0.00172
0,1.943889,0.193212,-0.62732,0.092856,-0.657264,0.126673,0.000473,0.003319
0,1.264878,0.222034,-0.653374,0.026661,-0.677851,0.057628,0.002004,0.002816
0,0.412546,0.012144,-0.867832,-0.23717,-0.82155,-0.239573,0.000509,0.000212
0,-0.06499,-0.124445,-0.489268,-0.126117,-0.457931,-0.173381,0.001134,0.002172
0,-0.341559,-0.181412,-0.269296,-0.067881,-0.273417,-0.068931,0.000729,0.003166
0,-0.332207,0.054778,0.020996,0.25055,-0.016898,0.22953,0.000893,0.000956
0,-0.43041,0.00793,-0.080554,-0.054441,-0.076873,-0.09933,0.000821,0.000138
0,-0.476209,-0.005918,-0.058847,0.013172,-0.097463,0.050517,0.001621,0.000103
0,-0.507884,-0.217603,-0.049507,-0.18658,-0.04946,-0.180062,0.002173,0.002893
0,-0.145516,-0.107515,0.337303,0.09607,0.317817,0.129889,0.00254,0.001876
0,-0.13443,-0.127337,0.019778,-0.008258,0.059478,-0.017612,0.002346,0.002222
0,-0.298472,-0.049329,-0.138064,0.089056,-0.187245,0.117185,0.001481,0.000861
0,-0.268161,-0.06445,0.042225,-0.006338,0.007819,0.037926,0.002011,0.001125
0,-0.026532,0.138655,0.244874,0.225833,0.205671,0.263119,0.000463,0.00242
0,-0.008063,-0.067021,-0.003407,-0.198192,0.009636,-0.212845,0.000141,0.00117
0,-0.067462,-0.09021,-0.071809,-0.035887,-0.046449,-0.044852,0.001177,0.001574
0,-0.194744,-0.113642,-0.119733,-0.02837,-0.153928,-0.069162,0.003292,0.001983
0,-0.151422,0.053927,0.021494,0.148727,0.057333,0.174889,0.002643,0.000941
0,-0.153387,-0.142197,-0.025543,-0.176489,-0.031173,-0.182327,0.002677,0.002482
0,-0.067505,0.106063,0.10313,0.256098,0.126796,0.249415,0.001178,0.001851
0,-0.082354,0.057419,-0.014281,-0.029373,-0.047303,-0.058912,0.001437,0.001002
0,-0.167142,0.101814,-0.101476,0.065567,-0.132043,0.08901,0.002917,0.001777
0,-0.060157,0.082913,0.082851,-0.041855,0.116717,-0.038285,0.00105,0.001447
0,-0.028687,-0.042609,0.045431,-0.126697,0.010258,-0.100631,0.000501,0.000744
0,-0.000438,-0.030024,0.055207,-0.004863,0.059375,-0.017353,8e-06,0.000524
0,0.063362,-0.090835,0.033863,-0.055712,0.004635,-0.023065,0.001106,0.001585
0,0.089471,0.154907,0.053851,0.223088,0.025591,0.249546,0.001562,0.002704
0,-0.06029,0.074568,-0.161879,-0.092422,-0.154953,-0.109937,0.001052,0.001301
0,-0.037542,-0.080565,0.035496,-0.14266,0.084756,-0.096388,0.000655,0.001406
0,0.002418,0.076805,0.06712,0.165836,0.020227,0.180602,4.2e-05,0.001341
0,0.115741,0.116333,0.102554,0.026727,0.07996,0.030914,0.00202,0.00203
0,-0.018914,-0.108084,-0.132876,-0.207626,-0.143946,-0.254039,0.00033,0.001886
0,-0.049486,-0.004717,-0.002948,0.104154,0.029843,0.06965,0.000864,8.2e-05
0,-0.135948,0.024323,-0.077941,0.03645,-0.118852,0.019899,0.002373,0.000425
0,-0.053382,0.138093,0.0694,0.139593,0.023851,0.103872,0.000932,0.00241
0,-0.11493,-0.027314,-0.080129,-0.148219,-0.041068,-0.19787,0.002006,0.000477
0,-0.024161,0.033868,0.068201,0.034085,0.05301,0.049923,0.000422,0.000591
0,-0.011803,-0.014535,-0.005841,-0.055884,-0.053236,-0.054463,0.000206,0.000254
0,-0.068735,0.146958,-0.045354,0.14766,-0.083818,0.153154,0.0012,0.002565
0,0.098071,0.179989,0.18511,0.042481,0.142191,0.046945,0.001712,0.003141
0,-0.08037,0.152765,-0.203031,-0.043298,-0.247192,-0.015041,0.001403,0.002666
0,-0.071933,-0.07281,0.031473,-0.223553,0.005156,-0.228876,0.001255,0.001271
0,0.001886,-0.073219,0.045524,-0.006409,0.088719,0.020769,3.3e-05,0.001278
0,0.046766,0.008795,0.028497,0.069543,0.032941,0.065293,0.000816,0.000153
0,-0.089348,0.12822,-0.114692,0.127063,-0.163287,0.155564,0.001559,0.002238
0,-0.062429,0.138826,0.035178,0.022657,0.024805,0.007036,0.00109,0.002423
0,-0.086107,-0.026794,-0.045396,-0.189062,-0.02673,-0.191094,0.001503,0.000468
0,-0.00391,0.032203,0.082276,0.077543,0.036941,0.03175,6.8e-05,0.000562
0,-0.018589,-0.092251,-0.025327,-0.109433,-0.074376,-0.142455,0.000324,0.00161
0,0.143098,0.09297,0.146021,0.188377,0.097605,0.211087,0.002498,0.001623
0,0.094058,-0.078223,-0.047131,-0.171578,-0.044756,-0.165879,0.001642,0.001365
0,0.035331,-0.134591,-0.084907,-0.068887,-0.06754,-0.089269,0.000617,0.002349
0,-0.078974,-0.128067,-0.090957,-0.009398,-0.093084,-0.032025,0.001378,0.002235
0,0.11178,-0.088984,0.210524,0.053928,0.236689,0.033534,0.001951,0.001553
0,0.144758,0.0625,0.061145,0.162525,0.024568,0.19357,0.002526,0.001091
0,0.215315,-0.068857,0.070623,-0.159913,0.092895,-0.171319,0.002933,0.001202
0,0.193363,0.005131,-0.050504,0.057848,-0.064375,0.069801,0.003316,9e-05
0,0.10604,-0.057694,-0.087726,-0.048425,-0.041364,-0.047963,0.001851,0.001007
0,-0.067639,-0.012964,-0.168347,0.040134,-0.187592,0.041209,0.001181,0.000226
0,0.16687,0.180562,0.233942,0.165899,0.231288,0.161273,0.002912,0.003151
0,-0.118097,-0.003311,-0.306912,-0.209592,-0.342444,-0.165622,0.002061,5.8e-05
0,0.065408,-0.109307,0.200791,-0.095499,0.205153,-0.048465,0.001142,0.001908
0,-0.086436,0.041488,-0.16802,0.14253,-0.181898,0.164999,0.001509,0.000724
0,-0.15035,-0.092063,-0.036066,-0.14574,-0.022582,-0.155515,0.002624,0.001607
0,-0.067628,0.169601,0.089846,0.246471,0.070693,0.252544,0.00118,0.00296
0,0.087779,-0.065145,0.147251,-0.253561,0.152039,-0.20841,0.001532,0.001137
0,-0.185253,0.133632,-0.264902,0.217563,-0.223673,0.231601,0.003233,0.002332
0,0.105156,0.102632,0.312694,-0.002937,0.358884,0.008571,0.001835,0.001791
0,-0.128591,0.002213,-0.252188,-0.109114,-0.20668,-0.064844,0.002244,3.9e-05
0,0.036478,-0.109614,0.140171,-0.129916,0.130944,-0.09165,0.000637,0.001913
0,0.092404,-0.00546,0.034969,0.08925,0.014726,0.121278,0.001613,9.5e-05
0,0.066292,0.053788,-0.032963,0.058959,-0.066967,0.015415,0.001157,0.000939
0,-0.013245,0.104415,-0.08825,0.060899,-0.067697,0.028768,0.000231,0.001822
0,0.118229,0.096906,0.13934,0.004052,0.096841,-0.031525,0.002063,0.001691
0,-0.106355,-0.211128,-0.213118,-0.300857,-0.23447,-0.274997,0.001856,0.003006
0,-0.097619,-0.023291,0.012241,0.167142,-0.024534,0.189139,0.001704,0.000407
0,0.035865,-0.069056,0.149651,-0.025221,0.147936,-0.062519,0.000626,0.001205
0,0.053781,-0.036792,0.004443,0.002772,-0.037144,0.0115,0.000939,0.000642
0,-0.116101,-0.111968,-0.147918,-0.080571,-0.178468,-0.085538,0.002026,0.001954
0,-0.033877,-0.027571,0.066419,0.066774,0.073644,0.107534,0.000591,0.000481
0,-0.178009,0.044222,-0.158535,0.091692,-0.127784,0.066016,0.003107,0.000772
0,-0.09612,-0.136758,0.054539,-0.159086,0.014723,-0.185417,0.001678,0.002387
0,-0.071284,-0.151044,0.020452,-0.033513,0.009945,-0.027271,0.001244,0.002636
0,-0.027073,-0.155886,0.024468,-0.013349,-0.018365,0.015272,0.000473,0.002721
0,-0.009848,-0.188585,0.020144,-0.057155,0.045331,-0.052833,0.000172,0.003291
0,-0.026906,0.066793,-0.045782,0.277257,-0.067827,0.31101,0.00047,0.001166
0,-0.027606,-0.061807,-0.029475,-0.110967,-0.01909,-0.159744,0.000482,0.001079
0,0.059805,-0.097066,0.085623,-0.030245,0.065025,-0.033729,0.001044,0.001694
0,-0.118765,-0.199796,-0.187397,-0.117235,-0.224504,-0.069779,0.002073,0.003204
0,0.059288,0.026837,0.207458,0.202647,0.219546,0.221185,0.001035,0.000468
0,-0.044648,-0.127845,-0.107887,-0.145897,-0.1191,-0.181101,0.000779,0.002231
0,-0.131254,0.076831,-0.06714,0.228673,-0.029467,0.252619,0.002291,0.001341
0,0.006456,-0.100866,0.151532,-0.180201,0.135944,-0.16447,0.000113,0.00176
0,-0.158819,-0.025944,-0.143043,0.053543,-0.149457,0.006562,0.002772,0.000453
0,0.084518,-0.024202,0.228688,0.010038,0.228703,0.000134,0.001475,0.000422
0,-0.240741,0.039264,-0.312545,0.049933,-0.289143,0.004985,0.002489,0.000685
0,0.054497,0.026343,0.302217,0.006501,0.302565,-0.002791,0.000951,0.00046
0,-0.175632,0.118074,-0.218741,0.110795,-0.215341,0.087018,0.003065,0.002061
0,0.003384,-0.10943,0.198642,-0.248244,0.21941,-0.253269,5.9e-05,0.00191
0,-0.082184,-0.044807,-0.102657,0.08849,-0.114407,0.115611,0.001434,0.000782
0,0.01032,-0.046272,0.115588,-0.014145,0.085243,-0.00769,0.00018,0.000808
0,-0.016577,0.15898,-0.041153,0.211793,-0.047609,0.197557,0.000289,0.002775
0,0.001425,0.136313,0.020667,0.004079,-0.006653,0.014132,2.5e-05,0.002379
0,-0.173654,0.107346,-0.147587,-0.008221,-0.165732,0.018842,0.003031,0.001874
0,-0.152432,-0.024124,0.036317,-0.107299,0.004074,-0.079628,0.00266,0.000421
0,-0.133634,-0.072016,0.009435,-0.048898,0.030831,-0.037104,0.002332,0.001257
0,-0.20219,0.031872,-0.063856,0.089699,-0.048507,0.07189,0.003162,0.000556
0,-0.007222,0.018665,0.171088,-0.004234,0.192211,-0.045114,0.000126,0.000326
0,-0.24179,0.070642,-0.255707,0.028282,-0.265314,0.059842,0.002471,0.001233
0,-0.244923,0.0746,0.019269,-0.013323,0.016663,0.010546,0.002416,0.001302
0,-0.256837,-0.029172,-0.021303,-0.113616,-0.061886,-0.142009,0.002208,0.000509
0,-0.162316,-0.130201,0.076061,-0.083213,0.11077,-0.111133,0.002833,0.002272
0,-0.183524,-0.064595,-0.021981,0.045182,0.02731,0.094897,0.003203,0.001127
0,0.013173,-0.048961,0.202797,0.020474,0.22117,-0.003935,0.00023,0.000855
0,-0.103579,0.096958,-0.145691,0.151918,-0.147274,0.188725,0.001808,0.001692
0,0.060183,0.123469,0.17595,0.018802,0.131436,0.005667,0.00105,0.002155
0,-0.116963,-0.118404,-0.183565,-0.227522,-0.218193,-0.182607,0.002041,0.002067
0,0.018679,-0.142107,0.148494,-0.015353,0.112884,-0.039991,0.000326,0.00248
0,0.167277,-0.120893,0.143331,0.038536,0.129526,0.070076,0.00292,0.00211
0,0.091598,0.00435,-0.04658,0.141135,-0.004854,0.158694,0.001599,7.6e-05
0,0.188688,-0.160955,0.093005,-0.155219,0.093916,-0.191263,0.003293,0.002809
0,-0.001005,-0.019658,-0.214588,0.151627,-0.187888,0.198006,1.8e-05,0.000343
0,0.126996,0.002443,0.151941,0.040653,0.184596,0.090226,0.002217,4.3e-05
0,0.013128,0.004062,-0.108049,0.003344,-0.154709,0.003854,0.000229,7.1e-05
0,-0.075415,0.026391,-0.081859,0.037982,-0.04923,-0.00507,0.001316,0.000461
0,0.095433,-0.139931,0.175199,-0.192623,0.138765,-0.241436,0.001666,0.002442
0,0.039144,-0.087233,-0.037384,0.040766,-0.031827,0.05545,0.000683,0.001522
0,-0.147793,0.117139,-0.193962,0.209069,-0.146414,0.167037,0.002579,0.002044
0,-0.058618,0.065362,0.098967,-0.0302,0.066739,-0.012157,0.001023,0.001141
0,0.06396,0.099906,0.148055,0.063928,0.178247,0.067472,0.001116,0.001744
0,-0.233316,-0.031971,-0.270955,-0.125407,-0.274705,-0.091101,0.002619,0.000558
0,-0.031382,-0.047999,0.172523,-0.0236,0.202183,-0.021058,0.000548,0.000838
0,-0.022574,-0.084425,0.005644,-0.020904,0.029133,-0.029992,0.000394,0.001474
0,-0.129426,-0.000941,-0.110115,0.076651,-0.112708,0.117178,0.002259,1.6e-05
0,-0.198415,-0.041766,-0.075117,-0.059111,-0.124434,-0.060053,0.003228,0.000729
0,-0.18707,0.135837,0.030321,0.204691,0.03556,0.230671,0.003265,0.002371
0,-0.114213,-0.04927,0.052749,-0.175222,0.075592,-0.170793,0.001993,0.00086
0,-0.233533,0.184338,-0.139779,0.228373,-0.108996,0.267579,0.002615,0.003217
0,-0.268501,0.185145,-0.046121,-0.022365,-0.062314,-0.002182,0.002005,0.003231
0,-0.160294,0.006109,0.094132,-0.181987,0.11586,-0.140473,0.002798,0.000107
0,-0.169695,0.002124,0.014339,4e-06,-0.020944,0.042446,0.002962,3.7e-05
0,-0.209036,-0.035659,-0.05255,-0.025346,-0.034111,-0.017566,0.003042,0.000622
0,-0.073069,0.07532,0.124327,0.095067,0.164339,0.04682,0.001275,0.001315
0,-0.094032,0.13517,-0.001234,0.04645,0.042183,0.064385,0.001641,0.002359
0,-0.204677,0.043988,-0.092073,-0.104855,-0.123673,-0.060188,0.003119,0.000768
0,-0.13957,0.074498,0.072661,0.056574,0.035956,0.057987,0.002436,0.0013
0,-0.323861,-0.038347,-0.201573,-0.138489,-0.236435,-0.105066,0.001038,0.000669
0,-0.333549,0.044958,0.010146,0.060035,-0.033709,0.093741,0.000869,0.000785
0,-0.130456,0.104784,0.178271,0.075973,0.177539,0.072518,0.002277,0.001829
0,-0.380293,-0.038989,-0.258619,-0.120411,-0.276357,-0.106173,5.3e-05,0.00068
0,-0.202466,-0.077381,0.154586,-0.028886,0.180035,0.002988,0.003157,0.001351
0,-0.303201,0.003934,-0.104797,0.094132,-0.133886,0.089097,0.001399,6.9e-05
0,-0.366698,0.127099,-0.053023,0.11661,-0.09961,0.069395,0.000291,0.002218
0,-0.267054,-0.047445,0.095661,-0.194199,0.116678,-0.150965,0.00203,0.000828
0,-0.386298,-0.156383,-0.110046,-0.138112,-0.14509,-0.143156,5.1e-05,0.002729
0,-0.121285,0.020112,0.267354,0.165618,0.296378,0.151521,0.002117,0.000351
0,-0.212445,-0.161086,-0.096653,-0.16651,-0.055197,-0.161535,0.002983,0.002811
0,-0.305245,-0.083712,-0.073723,0.105403,-0.11565,0.07275,0.001363,0.001461
0,-0.089821,-0.088789,0.203772,-0.014015,0.250835,-0.007752,0.001568,0.00155
0,-0.057136,-0.119936,0.022372,-0.03214,0.04303,-0.008849,0.000997,0.002093
0,-0.097866,0.099266,-0.045805,0.213809,-0.047889,0.209247,0.001708,0.001733
0,-0.099399,-0.09424,0.00314,-0.203709,-0.002686,-0.169014,0.001735,0.001645
0,0.075273,0.023755,0.150188,0.133836,0.126805,0.11606,0.001314,0.000415
0,0.013332,-0.018045,-0.062702,-0.066417,-0.027405,-0.099604,0.000233,0.000315
0,-0.054419,0.105718,-0.072894,0.148125,-0.046499,0.137246,0.00095,0.001845
0,-0.223881,-0.18247,-0.170482,-0.294431,-0.212439,-0.328304,0.002783,0.003185
0,-0.083917,0.058049,0.13801,0.240135,0.154854,0.226099,0.001465,0.001013
0,-0.210402,0.14365,-0.139589,0.081363,-0.168005,0.117339,0.003019,0.002507
0,-0.180861,-0.036813,0.021714,-0.188997,0.020582,-0.16314,0.003157,0.000643
0,-0.218294,0.056502,-0.009163,0.085434,0.029432,0.03824,0.002881,0.000986
0,-0.147716,0.022762,0.060669,-0.007991,0.060449,0.007853,0.002578,0.000397
0,-0.20232,-0.20953,-0.069254,-0.217042,-0.053976,-0.261884,0.00316,0.003034
0,5.454802,0.540999,5.670707,0.721035,5.67365,0.704376,0.001533,0.002751
0,7.650866,0.761408,2.181271,0.23733,2.221824,0.219508,0.000284,9.3e-05
0,7.059574,0.781038,-0.589538,-0.00627,-0.565359,0.027661,0.002778,0.00025
0,6.47374,0.753359,-0.570791,-0.049745,-0.588967,-0.050078,0.000756,0.000233
0,5.330071,0.59923,-1.173153,-0.17754,-1.155704,-0.159451,0.000644,0.002923
0,4.038938,0.450886,-1.319269,-0.143873,-1.32615,-0.175517,0.003106,0.001179
0,3.033793,0.304714,-1.004034,-0.118116,-1.031302,-0.146444,0.000577,0.001373
0,2.062311,0.329332,-0.969054,0.003799,-0.919324,-0.041262,0.00254,0.000943
0,0.757849,0.223046,-1.294931,-0.135727,-1.330306,-0.109295,0.000155,0.002798
0,-0.336973,0.169935,-1.117383,-0.046868,-1.144464,-0.064708,0.00081,0.002966
0,-0.719444,0.093339,-0.399386,-0.081834,-0.40551,-0.087641,0.000825,0.001629
0,-0.618233,-0.007595,0.086619,-0.092071,0.047123,-0.095038,0.002591,0.000133
0,-0.994538,-0.142717,-0.405986,-0.140859,-0.428559,-0.140397,0.002714,0.002491
0,-1.037239,-0.248257,-0.023256,-0.092652,0.00697,-0.092989,0.001969,0.002358
0,-0.762485,-0.137711,0.30278,0.137896,0.27497,0.138412,7.4e-05,0.002404
0,-0.663714,-0.2251,0.074886,-0.068447,0.122573,-0.091711,0.001798,0.002762
0,-0.388379,0.037918,0.25021,0.287536,0.243996,0.252122,8.8e-05,0.000662
0,-0.290982,-0.080724,0.103352,-0.141287,0.134967,-0.175173,0.001612,0.001409
0,-0.177904,-0.114453,0.14015,-0.023987,0.090505,-0.014412,0.003105,0.001998
0,0.03841,-0.082883,0.241846,0.01136,0.225392,-0.027182,0.00067,0.001447
0,0.012447,-0.128677,-0.052273,-0.068359,-0.027957,-0.069989,0.000217,0.002246
0,0.106769,-0.001787,0.118094,0.153479,0.09713,0.187725,0.001863,3.1e-05
0,0.068374,0.111589,-0.036105,0.123384,-0.002111,0.125112,0.001193,0.001948
0,0.28943,0.109188,0.247583,0.015031,0.29609,-0.017654,0.001639,0.001906
0,0.150502,-0.08724,-0.166143,-0.206936,-0.215027,-0.18505,0.002627,0.001523
0,0.061419,-0.041001,-0.065587,0.034698,-0.108127,0.022564,0.001072,0.000716
0,0.02324,0.126457,-0.043125,0.183169,-0.013583,0.178697,0.000406,0.002207
0,0.154755,-0.042591,0.107478,-0.161128,0.125852,-0.130587,0.002701,0.000743
0,0.145093,-0.059653,0.011745,-0.041894,0.030551,-0.081468,0.002532,0.001041
0,0.009411,-0.160275,-0.139324,-0.098565,-0.153794,-0.143453,0.000164,0.002797
0,0.224636,-0.099621,0.213465,0.046161,0.201744,0.013244,0.00277,0.001739
0,0.094821,0.046614,-0.158534,0.159123,-0.16235,0.152392,0.001655,0.000814
0,0.191106,-0.034412,0.068952,-0.054795,0.036027,-0.045308,0.003335,0.000601
0,0.037962,-0.062508,-0.16487,-0.032419,-0.128512,0.000242,0.000663,0.001091
0,0.041188,0.013797,-0.01171,0.087979,0.004833,0.064899,0.000719,0.000241
0,-0.400075,-0.894449,-0.464157,-0.920054,-0.510879,-0.95057,0.000292,0.002229
0,-0.696496,-1.528236,-0.288023,-0.648187,-0.289339,-0.69783,0.001225,9.1e-05
0,-0.540539,-2.001997,0.166736,-0.450419,0.211902,-0.466675,0.002743,0.001487
0,-0.580636,-1.962905,-0.038641,0.025935,-0.006932,0.02255,0.003248,0.000805
0,-0.298428,-1.835433,0.292336,0.146842,0.265123,0.116951,0.001482,0.00142
0,-0.160846,-1.305942,0.152765,0.555922,0.106504,0.51083,0.002807,0.002721
0,-0.179389,-0.925081,0.001422,0.36646,0.013557,0.378346,0.003131,0.002764
0,-0.111543,-0.804452,0.055356,0.106782,0.055407,0.084937,0.001947,0.000659
0,-0.238713,-0.400701,-0.155237,0.426728,-0.181674,0.436994,0.002524,0.000303
0,-0.142024,-0.435964,0.083367,-0.049542,0.10772,-0.02042,0.002479,0.000918
0,-0.167042,-0.261393,-0.01308,0.199986,-0.045839,0.240492,0.002915,0.002129
0,-0.121052,0.227954,0.066809,0.492973,0.113956,0.537134,0.002113,0.002712
0,-0.117014,0.188032,0.019627,-0.038729,-0.015288,-0.059636,0.002042,0.003282
0,-0.129333,0.307971,0.012815,0.111253,0.038427,0.063986,0.002257,0.001316
0,-0.213717,0.119602,-0.09062,-0.188157,-0.078716,-0.1917,0.002961,0.002087
0,-0.141729,0.078819,0.053106,-0.024984,0.009214,0.004929,0.002474,0.001376
0,-0.030606,0.347695,0.098728,0.273624,0.081334,0.314406,0.000534,0.000622
0,0.0802,0.254613,0.106349,-0.116764,0.091643,-0.150841,0.0014,0.002247
0,-0.053537,0.215568,-0.126038,-0.046774,-0.161702,-0.02992,0.000934,0.002928
0,0.17712,0.060785,0.212064,-0.153269,0.22636,-0.133894,0.003091,0.001061
0,0.03754,-0.125509,-0.136808,-0.160323,-0.135408,-0.205646,0.000655,0.002191
0,-0.008865,-0.002278,-0.017632,0.106875,0.013411,0.097286,0.000155,4e-05
0,0.191657,-0.149978,0.174045,-0.170127,0.147715,-0.142694,0.003345,0.002618
0,0.158236,-0.089531,-0.038815,0.033103,-0.069462,0.075131,0.002762,0.001563
0,0.091467,-0.080414,-0.041264,-0.003742,-0.058669,-0.011728,0.001596,0.001403
0,0.013019,-0.026044,-0.085529,0.037555,-0.048376,0.040611,0.000227,0.000455
0,0.177244,-0.073739,0.192773,-0.04946,0.150479,-0.054759,0.003093,0.001287
0,0.008771,-0.189412,-0.1902,-0.104493,-0.222199,-0.105186,0.000153,0.003306
0,0.048935,-0.235093,0.060591,-0.056472,0.024703,-0.05789,0.000854,0.002588
0,0.095214,-0.093149,0.044328,0.14579,0.033183,0.098919,0.001662,0.001626
0,0.017638,0.074977,-0.051206,0.180714,-0.034473,0.221561,0.000308,0.001309
0,-0.008273,-0.018252,-0.055681,-0.102624,-0.10386,-0.057969,0.000144,0.000319
0,0.090224,0.084758,0.088964,0.09747,0.125526,0.125491,0.001575,0.001479
0,0.14875,0.130205,0.080809,0.020283,0.057506,0.037007,0.002596,0.002273
0,0.086787,0.053783,-0.082906,-0.081996,-0.042399,-0.073889,0.001515,0.000939
0,0.207389,0.134565,0.138934,0.107915,0.178067,0.103759,0.003071,0.002349
0,0.012605,-0.099686,-0.192458,-0.25177,-0.161767,-0.270444,0.00022,0.00174
0,-0.014449,0.100766,-0.04656,0.196736,-0.038589,0.203764,0.000252,0.001759
0,0.056847,0.04472,0.084701,-0.063909,0.054991,-0.097033,0.000992,0.000781
0,-0.007373,0.090014,-0.034319,0.044895,-0.033453,0.034532,0.000129,0.001571
0,-0.025562,0.015465,-0.04618,-0.075964,-0.006807,-0.059947,0.000446,0.00027
0,0.213305,0.076185,0.254595,0.085277,0.242731,0.096132,0.002968,0.00133
0,-0.030561,-0.121185,-0.247142,-0.210776,-0.274132,-0.182209,0.000533,0.002115
0,-0.078282,-0.074171,-0.049254,0.019682,-0.011277,0.037959,0.001366,0.001295
0,0.022345,0.144831,0.084598,0.229017,0.132631,0.26244,0.00039,0.002528
0,0.09746,-0.071533,0.062523,-0.194701,0.058408,-0.181681,0.001701,0.001248
0,0.071694,0.011207,-0.032704,0.065169,-0.008427,0.095574,0.001251,0.000196
0,-0.111214,0.179976,-0.186548,0.190026,-0.169636,0.215843,0.001941,0.003141
0,1.457727,1.284807,1.551277,1.11894,1.527221,1.131133,0.001321,0.002352
0,2.557913,1.908495,1.114088,0.609121,1.15413,0.630732,0.002192,0.000145
0,2.938275,2.318817,0.387851,0.411662,0.415854,0.422482,0.002244,0.000326
0,2.885316,2.183802,-0.047405,-0.126676,-0.055197,-0.162548,0.003168,0.00203
0,3.397698,1.967834,0.507899,-0.214969,0.50523,-0.223914,0.000916,0.000891
0,2.941446,1.742088,-0.448626,-0.198932,-0.46313,-0.181989,0.002189,0.003049
0,2.745723,1.144275,-0.186792,-0.626441,-0.214026,-0.602899,0.001086,0.000101
0,2.351842,0.478769,-0.415963,-0.694595,-0.408099,-0.711437,0.000902,0.001665
0,1.645865,0.184752,-0.711402,-0.296204,-0.685596,-0.267778,0.001962,0.003225
0,1.206924,0.059104,-0.434436,-0.117579,-0.469159,-0.08525,0.000992,0.001032
0,0.596012,-0.107845,-0.595354,-0.167445,-0.573911,-0.150337,0.002979,0.001882
0,0.452948,-0.232804,-0.144127,-0.137196,-0.146803,-0.1382,0.001215,0.002628
0,-0.166111,-0.057765,-0.608252,0.172743,-0.617157,0.141947,0.002899,0.001008
0,-0.102457,-0.259352,0.068445,-0.186017,0.072373,-0.232791,0.001788,0.002164
0,-0.228835,-0.237549,-0.108639,0.03988,-0.148521,0.005159,0.002697,0.002545
0,-0.161137,-0.191956,0.046923,0.017193,0.01951,0.011938,0.002812,0.003341
0,-0.112645,-0.12048,0.073097,0.051072,0.056525,0.047761,0.001966,0.002103
0,-0.086987,-0.322506,0.034377,-0.200344,0.054907,-0.250104,0.001518,0.001062
0,0.066845,-0.132444,0.137116,0.190439,0.119221,0.239665,0.001167,0.002312
0,-0.166335,-0.24,-0.215816,-0.089144,-0.238382,-0.109561,0.002903,0.002502
0,-0.089217,-0.139155,0.058005,0.090917,0.064958,0.096626,0.001557,0.002429
0,0.056019,-0.000836,0.171816,0.148039,0.130277,0.11908,0.000978,1.5e-05
0,0.009784,-0.077666,-0.016719,-0.079978,-0.006972,-0.125845,0.000171,0.001356
0,0.017574,-0.11903,0.035004,-0.06205,0.047976,-0.020992,0.000307,0.002077
0,0.00647,-0.055253,-0.01613,0.086004,0.000309,0.090861,0.000113,0.000964
0,0.161951,-0.107436,0.169325,-0.046271,0.200992,-0.008328,0.002827,0.001875
0,0.002687,-0.002866,-0.185459,0.129146,-0.212296,0.124645,4.7e-05,5e-05
0,0.207067,-0.131115,0.21078,-0.099314,0.203995,-0.064998,0.003077,0.002288
0,0.015996,-0.067044,-0.191902,0.067554,-0.238516,0.064884,0.000279,0.00117
0,0.021137,-0.203258,-0.019251,-0.148095,-0.038126,-0.127738,0.000369,0.003143
0,0.064822,-0.094943,0.043847,0.112053,0.007479,0.107669,0.001131,0.001657
0,0.115337,-0.115853,0.029145,-0.011178,-0.010764,-0.011672,0.002013,0.002022
0,0.298726,-0.139659,0.191498,-0.017543,0.14739,0.011901,0.001477,0.002438
0,0.191808,-0.03192,-0.112524,0.110292,-0.122994,0.126143,0.003343,0.000557
0,0.262246,-0.047956,0.088111,-0.030901,0.054207,-0.067073,0.002114,0.000837
0,0.119771,-0.155898,-0.156236,-0.100799,-0.17522,-0.115675,0.00209,0.002721
0,0.04672,-0.061513,-0.092354,0.086281,-0.087925,0.074729,0.000815,0.001074
0,0.284947,-0.035617,0.242308,-0.003506,0.210162,0.005751,0.001718,0.000622
0,0.182409,0.006583,-0.120435,0.019032,-0.078436,0.065359,0.003184,0.000115
0,-0.060916,0.109862,-0.25478,0.122915,-0.278076,0.149205,0.001063,0.001917
0,0.090703,-0.129489,0.140599,-0.257806,0.168616,-0.266492,0.001583,0.00226
0,0.121958,0.08438,0.006651,0.212228,0.042414,0.253852,0.002129,0.001473
0,-0.046086,-0.127536,-0.146018,-0.191281,-0.145704,-0.151161,0.000804,0.002226
0,0.117104,0.126766,0.156315,0.236688,0.110627,0.190658,0.002044,0.002212
0,0.088592,0.001798,-0.039267,-0.132334,0.000366,-0.15915,0.001546,3.1e-05
0,0.056955,-0.071194,-0.005343,-0.09142,0.035791,-0.066108,0.000994,0.001243
0,0.059348,0.055113,-0.013068,0.140654,0.007313,0.163456,0.001036,0.000962
0,-0.076808,0.020813,-0.121323,-0.029325,-0.113476,-0.060985,0.001341,0.000363
0,-0.056124,-0.095216,0.000378,-0.13228,0.032857,-0.142267,0.00098,0.001662
0,0.083403,-0.130559,0.152734,-0.018844,0.125348,0.018324,0.001456,0.002279
0,-0.054423,0.163333,-0.128084,0.27557,-0.078745,0.228266,0.00095,0.002851
0,0.043031,-0.030552,0.087281,-0.193666,0.072901,-0.15344,0.000751,0.000533
0,-0.058469,0.074258,-0.088722,0.086516,-0.104631,0.04928,0.00102,0.001296
0,0.033812,-0.089877,0.099424,-0.157467,0.081001,-0.110084,0.00059,0.001569
0,-0.150689,0.043435,-0.188528,0.103725,-0.180862,0.083601,0.00263,0.000758
0,-0.087273,0.138315,0.092268,0.096885,0.114804,0.075476,0.001523,0.002414
0,-0.093259,-0.053445,0.020339,-0.216022,0.002193,-0.182879,0.001628,0.000933
0,0.059061,-0.02521,0.172073,0.027371,0.206966,0.05573,0.001031,0.00044
0,-0.00188,0.027532,-0.077882,0.04672,-0.109794,0.047614,3.3e-05,0.000481
0,-0.037604,0.02427,-0.047735,-0.024449,-0.058457,-0.007503,0.000656,0.000424
0,-0.188916,0.067016,-0.154417,0.014956,-0.199059,0.054405,0.003297,0.00117
0,0.043608,-0.144169,0.242226,-0.221594,0.286443,-0.204115,0.000761,0.002516
0,-0.027582,-0.210189,-0.089911,-0.040705,-0.050988,-0.028857,0.000481,0.003022
0,-0.18665,-0.11712,-0.130152,0.118773,-0.081961,0.104354,0.003258,0.002044
0,-0.059917,0.048728,0.132054,0.159045,0.110153,0.113991,0.001046,0.00085
0,-0.174775,-0.015182,-0.14119,-0.048645,-0.17091,-0.089029,0.00305,0.000265
0,-0.183071,-0.016547,0.020905,-0.028064,0.063172,-0.056591,0.003195,0.000289
0,-0.008478,-0.132076,0.146183,-0.113587,0.158619,-0.064838,0.000148,0.002305
0,-0.037627,-0.047073,-0.042289,0.086669,0.001274,0.136379,0.000657,0.000822
0,0.031449,0.047807,0.071922,0.117771,0.049325,0.135458,0.000549,0.000834
0,-0.094233,-0.037183,-0.127961,-0.095572,-0.100557,-0.103931,0.001645,0.000649
0,-0.161609,0.045408,-0.080261,0.094334,-0.066702,0.117843,0.002821,0.000793
0,-0.017341,-0.172383,0.149256,-0.189002,0.101821,-0.188237,0.000303,0.003009
0,-0.174072,-0.163084,-0.184935,0.033586,-0.227316,-0.013287,0.003038,0.002846
0,-0.194193,-0.084423,-0.035016,0.056149,-0.041706,0.024864,0.003302,0.001473
0,-0.174206,-0.014408,0.046989,0.086855,0.054413,0.09476,0.00304,0.000251
0,0.003835,-0.132521,0.199013,-0.118361,0.235888,-0.127898,6.7e-05,0.002313
0,0.087137,0.080089,0.11185,0.2134,0.159794,0.201724,0.001521,0.001398
0,-0.048223,-0.107041,-0.146547,-0.169468,-0.123549,-0.209479,0.000842,0.001868
0,0.078695,-0.105149,0.117104,0.013888,0.113927,0.008325,0.001373,0.001835
0,0.120338,-0.077258,0.039236,0.05225,0.01746,0.047249,0.0021,0.001348
0,0.165111,0.090823,0.02155,0.196529,-0.000485,0.193356,0.002882,0.001585
0,-0.086626,-0.003603,-0.266503,-0.106168,-0.233762,-0.074046,0.001512,6.3e-05
0,0.016131,-0.123695,0.100595,-0.125621,0.095718,-0.131728,0.000282,0.002159
0,-0.095788,-0.02104,-0.128664,0.131656,-0.087721,0.136489,0.001672,0.000367
0,-0.099117,-0.154892,0.002389,-0.129014,0.044029,-0.097245,0.00173,0.002703
0,0.118781,0.076843,0.207194,0.228167,0.167704,0.275991,0.002073,0.001341
0,-0.158386,-0.073662,-0.289279,-0.131465,-0.272982,-0.180548,0.002764,0.001286
0,-0.039,-0.021209,0.091488,0.061639,0.132484,0.016259,0.000681,0.00037
0,-0.003772,-0.067963,0.058282,-0.063621,0.08136,-0.067688,6.6e-05,0.001186
0,0.067906,0.026637,0.042723,0.089692,0.076719,0.041,0.001185,0.000465
0,-0.124078,-0.23454,-0.211103,-0.281435,-0.226933,-0.240498,0.002166,0.002597
0,-0.168939,-0.068068,-0.027864,0.149495,0.01587,0.190606,0.002949,0.001188
0,0.125121,-0.039137,0.296995,0.026318,0.330957,0.062547,0.002184,0.000683
0,-0.014378,-0.005585,-0.121505,0.047674,-0.155609,0.011869,0.000251,9.7e-05
0,0.024564,0.020656,0.042503,0.046706,0.004488,0.01784,0.000429,0.000361
0,0.00448,-0.057913,-0.015967,-0.074871,-0.057885,-0.085735,7.8e-05,0.001011
0,0.134584,-0.009943,0.146392,0.035007,0.194546,0.02185,0.002349,0.000174
0,-0.059546,-0.161319,-0.177196,-0.145035,-0.215342,-0.10002,0.001039,0.002816
0,0.019315,-0.218387,0.093213,-0.059554,0.092817,-0.037885,0.000337,0.002879
0,-0.098019,0.053268,-0.105107,0.296726,-0.141622,0.252241,0.001711,0.00093
0,0.042699,-0.138485,0.152803,-0.175379,0.197439,-0.156206,0.000745,0.002417
0,-0.025278,-0.033627,-0.068704,0.106806,-0.02462,0.085709,0.000441,0.000587
0,-0.024027,-0.133732,0.004912,-0.080128,0.036528,-0.083455,0.000419,0.002334
0,-0.132516,-0.034226,-0.099664,0.101503,-0.096094,0.090444,0.002313,0.000597
0,-0.064969,-0.102917,0.069188,-0.062658,0.116981,-0.074678,0.001134,0.001796
0,0.006201,0.025708,0.046864,0.114576,0.072214,0.151702,0.000108,0.000449
0,-0.147608,-0.107765,-0.12596,-0.124901,-0.108196,-0.162323,0.002576,0.001881
0,-0.08639,-0.189762,0.05461,-0.069833,0.01397,-0.054392,0.001508,0.003312
0,0.094832,0.056973,0.164467,0.220714,0.166667,0.230025,0.001655,0.000994
0,0.102819,-0.06674,0.007326,-0.121636,0.006564,-0.154472,0.001795,0.001165
0,-0.14638,-0.164824,-0.240454,-0.088258,-0.210509,-0.098477,0.002555,0.002877
0,-0.143815,-0.110832,0.03042,0.045487,0.071063,0.051419,0.00251,0.001934
0,-0.144714,-0.154225,0.028168,-0.019111,0.028546,0.002982,0.002526,0.002692
0,-0.079594,-0.015088,0.089618,0.152345,0.044863,0.125935,0.001389,0.000263
0,-0.294633,-0.092015,-0.212508,-0.07675,-0.224287,-0.03028,0.001549,0.001606
0,-0.250337,-0.185909,0.054431,-0.073892,0.032043,-0.047948,0.002322,0.003245
0,-0.116905,-0.165978,0.140823,0.034517,0.136003,0.044284,0.00204,0.002897
0,-0.107449,-0.111679,0.024804,0.028386,-0.003277,0.026419,0.001875,0.001949
0,-0.224882,-0.235876,-0.144783,-0.111043,-0.113463,-0.129943,0.002766,0.002574
0,-0.012147,-0.051243,0.187836,0.162358,0.223945,0.118391,0.000212,0.000894
0,-0.248845,-0.150127,-0.242385,-0.077936,-0.22662,-0.066631,0.002348,0.00262
0,-0.069122,-0.185455,0.177084,-0.045673,0.212265,-0.030748,0.001206,0.003237
0,-0.104899,-0.115796,-0.040635,0.063508,-0.059048,0.028806,0.001831,0.002021
0,0.304833,-0.642996,0.418456,-0.497548,0.44967,-0.528412,0.00137,0.002159
0,0.111508,-1.230742,-0.164707,-0.606931,-0.133244,-0.600771,0.001946,0.001408
0,0.37549,-1.888339,0.268525,-0.64861,0.308123,-0.680495,0.000137,0.000496
0,0.411971,-1.592711,0.033367,0.323221,0.040491,0.335792,0.000499,0.001035
0,0.316324,-1.698493,-0.095718,-0.116563,-0.048824,-0.114559,0.00117,0.002881
0,0.439453,-1.199779,0.095275,0.481048,0.076266,0.452896,0.000979,0.000868
0,0.247068,-1.046167,-0.188234,0.136766,-0.220769,0.132842,0.002379,0.001813
0,-0.003203,-0.946563,-0.276687,0.116769,-0.279961,0.109984,5.6e-05,0.003139
0,-0.011792,-0.767257,-0.027909,0.186012,-0.065739,0.136696,0.000206,1e-05
0,0.036411,-0.34073,0.043656,0.400533,0.064204,0.366281,0.000635,0.000744
0,0.103435,-0.242748,0.040528,0.116713,0.001437,0.108215,0.001805,0.002454
0,-0.104638,-0.101813,-0.202591,0.125781,-0.171282,0.148086,0.001826,0.001777
0,0.139193,-0.046888,0.23834,0.08216,0.260219,0.127134,0.002429,0.000818
0,0.163645,0.257181,0.032035,0.298478,0.030694,0.271751,0.002856,0.002202
0,0.138071,0.048361,-0.04148,-0.192005,-0.012534,-0.239626,0.00241,0.000844
0,0.089661,0.282142,-0.053087,0.254679,-0.036567,0.231274,0.001565,0.001767
0,0.086127,0.228696,-0.012681,-0.058886,0.00199,-0.031909,0.001503,0.002699
0,-0.079552,0.097571,-0.154244,-0.112423,-0.125765,-0.136847,0.001388,0.001703
0,-0.043535,0.102544,0.065733,0.021819,0.0773,-0.004964,0.00076,0.00179
0,-0.116358,-0.056367,-0.054508,-0.149602,-0.028369,-0.148128,0.002031,0.000984
0,0.064182,-0.087423,0.208454,-0.016343,0.212148,-0.019258,0.00112,0.001526
0,0.167387,0.031446,0.130456,0.128719,0.167235,0.101741,0.002921,0.000549
0,0.159236,-0.107333,-0.025167,-0.111659,-0.028052,-0.073538,0.002779,0.001873
0,-0.075902,-0.101614,-0.215298,-0.011401,-0.165419,0.036697,0.001325,0.001773
0,0.097944,-0.095397,0.177865,-0.002796,0.212149,0.033742,0.001709,0.001665
0,-0.054483,0.053705,-0.125598,0.124196,-0.134659,0.095453,0.000951,0.000937
0,0.140756,0.188844,0.213925,0.14164,0.240478,0.148675,0.002457,0.003296
0,0.184349,0.107133,0.018086,-0.100308,0.00812,-0.062854,0.003217,0.00187
0,0.208029,0.166312,-0.00164,0.077214,-0.029123,0.056738,0.00306,0.002903
0,0.013205,0.04444,-0.207649,-0.11292,-0.207757,-0.146553,0.00023,0.000776
0,0.305221,-0.111542,0.29871,-0.162151,0.294162,-0.1133,0.001364,0.001947
0,0.138076,0.17875,-0.159618,0.30555,-0.152291,0.321251,0.00241,0.00312
0,0.06966,0.010664,-0.071717,-0.144359,-0.07852,-0.130836,0.001216,0.000186
0,0.162672,0.178386,0.108459,0.184711,0.130516,0.141038,0.002839,0.003113
0,0.172114,0.091692,0.014702,-0.090338,-0.026162,-0.122186,0.003004,0.0016
0,-0.01117,0.022263,-0.170737,-0.046267,-0.160791,-0.060315,0.000195,0.000389
0,0.014762,0.007933,0.034962,-0.009882,0.032091,-0.058667,0.000258,0.000138
0,0.094683,0.12241,0.076484,0.118203,0.103346,0.122792,0.001653,0.002136
0,0.213436,-0.075034,0.120419,-0.19518,0.092511,-0.201979,0.002966,0.00131
0,0.035229,-0.110943,-0.153804,-0.052957,-0.146771,-0.084724,0.000615,0.001936
0,0.015786,-0.000242,-0.01095,0.123531,0.027565,0.148077,0.000276,4e-06
0,0.166335,0.122126,0.128628,0.145355,0.10193,0.176629,0.002903,0.002131
0,-0.061771,-0.082329,-0.214332,-0.226765,-0.18253,-0.238762,0.001078,0.001437
0,-0.036414,-0.078257,0.047813,0.022911,-0.002151,0.006952,0.000636,0.001366
0,-0.081394,-0.032403,-0.068008,0.069122,-0.045403,0.043744,0.001421,0.000566
0,-0.065422,0.138726,-0.011135,0.166732,0.031145,0.165601,0.001142,0.002421
0,0.041942,-0.023806,0.088385,-0.147111,0.108787,-0.189064,0.000732,0.000415
0,0.195636,-0.101613,0.172769,-0.089123,0.129121,-0.080121,0.003276,0.001773
0,0.087999,0.116464,-0.12783,0.220971,-0.124243,0.180766,0.001536,0.002033
0,0.020035,0.108626,-0.09424,-0.012726,-0.119085,-0.045752,0.00035,0.001896
0,-0.092853,-0.019503,-0.097672,-0.119991,-0.049599,-0.11498,0.001621,0.00034
0,0.039167,-0.037332,0.139451,-0.002199,0.091865,0.034326,0.000684,0.000652
0,0.119787,-0.045871,0.092459,0.01911,0.071844,0.026746,0.002091,0.000801
0,0.203512,0.030244,0.09851,0.059629,0.113042,0.06598,0.003139,0.000528
0,0.194981,0.064825,0.021037,0.028597,0.004205,0.016217,0.003288,0.001131
0,-0.030509,0.058699,-0.210664,-0.000638,-0.260264,0.037195,0.000532,0.001024
0,0.057668,-0.027092,0.079372,-0.062612,0.060045,-0.046828,0.001006,0.000473
0,-0.057335,0.113042,-0.142364,0.166348,-0.151318,0.125982,0.001001,0.001973
0,-0.111042,0.12007,-0.049742,-0.013974,-0.002224,0.021318,0.001938,0.002096
0,-0.04296,-0.081155,0.052901,-0.195728,0.053643,-0.173318,0.00075,0.001416
0,0.126461,0.033143,0.157958,0.144016,0.140246,0.163725,0.002207,0.000578
0,0.030624,0.11628,-0.106049,0.104655,-0.05803,0.079782,0.000534,0.002029
0,-0.095893,-0.12395,-0.1028,-0.224668,-0.096514,-0.176241,0.001674,0.002163
0,0.044429,0.014839,0.165482,0.114893,0.14948,0.066222,0.000775,0.000259
0,-0.0431,-0.015336,-0.065756,-0.007943,-0.095167,-0.015095,0.000752,0.000268
0,0.034189,0.059046,0.078009,0.092593,0.12756,0.06449,0.000597,0.001031
0,0.171577,-0.115107,0.144517,-0.165976,0.126944,-0.175495,0.002995,0.002009
0,-0.121245,-0.074503,-0.3225,0.062728,-0.291182,0.105513,0.002116,0.0013
0,-0.096998,0.034577,0.00243,0.096648,0.03394,0.106453,0.001693,0.000603
0,0.013698,-0.130087,0.114227,-0.16849,0.103808,-0.192498,0.000239,0.00227
0,0.079463,0.027866,0.095479,0.147215,0.090151,0.143097,0.001387,0.000486
0,0.05123,0.03477,-0.043927,0.02125,-0.004077,0.054534,0.000894,0.000607
0,-0.123468,0.031394,-0.147612,0.015654,-0.135549,-0.00795,0.002155,0.000548
0,-0.049419,0.067155,0.095684,0.053302,0.100136,0.10168,0.000863,0.001172
0,-0.01845,0.085407,0.010583,-0.002616,-0.01351,-0.048688,0.000322,0.001491
0,-0.063591,-0.051684,-0.037481,-0.107925,-0.086213,-0.144403,0.00111,0.000902
0,0.042413,0.003273,0.118164,0.069834,0.133158,0.044529,0.00074,5.7e-05
0,0.066486,-0.077144,0.01937,-0.054668,0.066056,-0.039185,0.00116,0.001346
0,0.153374,0.021185,0.1,0.086294,0.11137,0.075916,0.002677,0.00037
0,-0.020468,-0.159137,-0.171973,-0.201018,-0.147329,-0.240119,0.000357,0.002777
0,-0.085668,-0.167169,-0.055135,-0.032749,-0.063878,0.013743,0.001495,0.002918
0,-0.082987,0.034075,-0.003368,0.223509,0.037168,0.264838,0.001448,0.000595
0,0.210908,0.057128,0.320841,0.020473,0.333573,-0.014375,0.00301,0.000997
0,0.19725,-0.072976,0.001407,-0.112615,-0.032353,-0.119618,0.003248,0.001274
0,-0.07087,0.140535,-0.291225,0.201968,-0.285118,0.184632,0.001237,0.002453
0,0.071353,-0.102036,0.13988,-0.235111,0.176894,-0.256397,0.001245,0.001781
0,-0.073168,0.106143,-0.146427,0.20275,-0.195214,0.230865,0.001277,0.001853
0,-0.029654,0.057598,0.044775,-0.076958,0.06835,-0.112123,0.000518,0.001005
0,0.114279,0.057798,0.122439,0.022498,0.111387,0.064689,0.001995,0.001009
0,0.000189,0.014533,-0.125194,-0.041299,-0.162153,0.000534,3e-06,0.000254
0,-0.071958,0.129532,-0.079811,0.136061,-0.118882,0.104151,0.001256,0.002261
0,0.062215,0.03314,0.133673,-0.124368,0.182978,-0.150799,0.001086,0.000578
0,-0.235593,-0.083694,-0.283689,-0.099113,-0.305615,-0.068613,0.002579,0.001461
0,-0.078806,0.095685,0.161731,0.207681,0.177202,0.22134,0.001375,0.00167
0,-0.011784,0.023595,0.0374,-0.067192,0.042943,-0.045926,0.000206,0.000412
0,-0.051278,0.049479,-0.012388,0.024471,0.024778,-0.019329,0.000895,0.000864
0,-0.06181,-0.003141,-0.005975,-0.064701,-0.010118,-0.07738,0.001079,5.5e-05
0,-0.138638,-0.123637,-0.103583,-0.121259,-0.133829,-0.080696,0.00242,0.002158
0,-0.142975,-0.009091,0.021355,0.104132,-0.019028,0.093543,0.002495,0.000159
0,-0.073116,-0.129188,0.068268,-0.121235,0.036486,-0.118649,0.001276,0.002255
0,0.058011,0.011196,0.138244,0.114705,0.090876,0.08022,0.001012,0.000195
0,-0.058137,-0.077023,-0.137682,-0.106277,-0.135515,-0.127747,0.001015,0.001344
0,0.074058,-0.081376,0.157358,-0.022038,0.118234,-0.002452,0.001293,0.00142
0,-0.121404,-0.07304,-0.208121,0.018769,-0.234033,0.023497,0.002119,0.001275
0,0.066091,0.133043,0.212597,0.217625,0.190239,0.211313,0.001154,0.002322
0,-0.129378,0.110833,-0.175027,0.00764,-0.149836,-0.040994,0.002258,0.001934
0,0.104666,-0.042314,0.259135,-0.132871,0.29834,-0.112121,0.001827,0.000739
0,-0.08871,0.179569,-0.223352,0.201428,-0.267228,0.231887,0.001548,0.003134
0,-0.07129,-0.08333,-0.002249,-0.290065,0.044243,-0.325947,0.001244,0.001454
0,0.078263,-0.109315,0.122817,-0.03956,0.172262,-0.04614,0.001366,0.001908
0,0.033094,0.113661,-0.015453,0.236626,0.010247,0.275762,0.000578,0.001984
0,-0.147056,0.114093,-0.207078,0.030285,-0.158039,-0.002458,0.002567,0.001991
0,-0.118502,-0.025366,0.009139,-0.130873,-0.008913,-0.153611,0.002068,0.000443
0,-0.156654,0.018309,-0.028608,0.018913,-0.010224,0.014713,0.002734,0.00032
0,-0.049609,-0.092748,0.102617,-0.095749,0.137395,-0.1219,0.000866,0.001619
0,-0.078294,-0.100225,-6.9e-05,-0.007105,-0.029348,-0.044655,0.001366,0.001749
0,-0.102902,0.028108,-0.03338,0.107828,-0.069399,0.079402,0.001796,0.000491
0,-0.187205,-0.111117,-0.095038,-0.132531,-0.13934,-0.168106,0.003267,0.001939
0,-0.220892,-0.153631,-0.009911,-0.024309,-0.048626,-0.011999,0.002836,0.002681
0,0.03225,0.069273,0.24082,0.246864,0.225554,0.252528,0.000563,0.001209
0,0.054888,0.024019,0.040597,-0.022443,0.069859,-0.039886,0.000958,0.000419
0,0.076801,0.1324,0.015567,0.090372,-0.019616,0.04547,0.00134,0.002311
0,0.138834,-0.113736,0.047626,-0.253561,0.060321,-0.27442,0.002423,0.001985
0,-0.068523,0.155169,-0.235948,0.29286,-0.239234,0.332128,0.001196,0.002708
0,-0.049319,0.128861,0.049031,-0.020685,0.096806,-0.004633,0.000861,0.002249
0,-0.110488,-0.080315,-0.058178,-0.184352,-0.066116,-0.155135,0.001928,0.001402
0,-0.109078,0.139095,-0.02188,0.210066,0.001952,0.211119,0.001904,0.002428
0,0.054408,0.033557,0.179035,-0.089091,0.208922,-0.058948,0.00095,0.000586
0,0.023903,-0.085516,-0.060449,-0.118068,-0.096784,-0.074837,0.000417,0.001493
0,-0.034652,-0.106854,-0.05664,-0.037689,-0.056305,-0.016905,0.000605,0.001865
0,-0.0178,-0.014209,0.002917,0.080148,0.050701,0.099844,0.000311,0.000248
0,0.144905,-0.062176,0.134605,-0.053964,0.124704,-0.073006,0.002529,0.001085
0,0.067074,0.15619,-0.062059,0.236371,-0.085393,0.280672,0.001171,0.002726
0,-0.103216,0.111379,-0.176379,-0.030862,-0.163456,-0.010811,0.001801,0.001944
0,-0.113528,-0.027015,-0.015874,-0.163802,0.021293,-0.136971,0.001981,0.000472
0,-0.143082,0.032647,-0.042512,0.062866,-0.03036,0.081983,0.002497,0.00057
0,-0.047696,0.039804,0.066215,-0.021894,0.071351,0.022985,0.000832,0.000695
0,-0.003028,-0.023635,0.052796,-0.043453,0.044497,-0.023095,5.3e-05,0.000413
0,0.165907,0.005547,0.152611,0.038607,0.151435,0.04267,0.002896,9.7e-05
0,-0.006091,0.149435,-0.169758,0.135372,-0.137948,0.093148,0.000106,0.002608
0,-0.047428,0.104164,-0.038226,-0.025707,0.008312,-0.057275,0.000828,0.001818
0,-0.04388,-0.003664,-0.003319,-0.132852,0.021155,-0.16931,0.000766,6.4e-05
0,0.000233,0.013549,0.067415,0.037549,0.091186,0.055531,4e-06,0.000236
0,0.01445,0.090207,0.02018,0.063509,-0.008272,0.055853,0.000252,0.001574
0,-0.063596,0.050487,-0.049585,-0.026558,-0.056963,-0.034351,0.00111,0.000881
0,0.994346,-1.210242,1.077472,-1.284225,1.052693,-1.310601,0.002718,0.00105
0,1.549728,-1.740793,0.549343,-0.516442,0.579055,-0.506781,0.000285,0.003072
0,2.688089,-1.667144,1.134102,0.044476,1.087356,-0.001853,8e-05,0.002334
0,2.534787,-1.630457,-0.150377,0.042813,-0.156734,0.063076,0.002595,0.001694
0,2.414485,-1.367547,-0.106527,0.253689,-0.130248,0.290094,0.001996,0.002895
0,2.245601,-1.196669,-0.159502,0.18434,-0.121226,0.203372,0.000952,0.000813
0,1.525731,-0.953795,-0.749242,0.244399,-0.700052,0.24362,0.000134,0.003265
0,1.267114,-0.685344,-0.276504,0.251066,-0.286556,0.267963,0.002043,0.00142
0,0.82426,-0.237672,-0.450627,0.441341,-0.4554,0.428704,0.001004,0.002543
0,0.547676,0.045394,-0.273243,0.261343,-0.273666,0.264941,0.002868,0.000792
0,0.318207,0.047256,-0.248083,0.002598,-0.213966,-0.008102,0.001137,0.000825
0,0.165469,0.044033,-0.125627,-0.001233,-0.156149,0.015055,0.002888,0.000769
0,-0.033324,0.075236,-0.204835,0.038901,-0.226248,0.021547,0.000582,0.001313
0,-0.267252,0.087466,-0.251651,-0.003733,-0.245566,0.042659,0.002026,0.001527
0,-0.515676,0.342073,-0.242149,0.267327,-0.195616,0.219307,0.002309,0.000721
0,-0.435623,0.367771,0.076808,0.038609,0.126559,0.081392,0.000912,0.000272
0,-0.248659,0.28952,0.199562,-0.102719,0.158764,-0.119657,0.002351,0.001638
0,-0.299801,0.052104,-0.063323,-0.216708,-0.081631,-0.231188,0.001458,0.000909
0,-0.06544,0.00149,0.249931,-0.033835,0.28183,-0.074058,0.001142,2.6e-05
0,-0.035437,0.235686,0.033351,0.214382,0.037577,0.167757,0.000618,0.002577
0,-0.129366,0.049714,-0.085259,-0.200681,-0.084605,-0.171901,0.002258,0.000868
0,-0.248106,0.135924,-0.116598,0.072204,-0.067716,0.06855,0.002361,0.002372
0,-0.206128,-0.044764,0.067681,-0.205438,0.056562,-0.243375,0.003093,0.000781
0,-0.02893,0.168982,0.177594,0.201102,0.181139,0.198704,0.000505,0.002949
0,-0.17793,0.014956,-0.122398,-0.154465,-0.140905,-0.109394,0.003105,0.000261
0,-0.067327,0.092005,0.125454,0.087883,0.103853,0.059417,0.001175,0.001606
0,0.050672,0.001568,0.088162,-0.07474,0.079621,-0.095263,0.000884,2.7e-05
0,0.036679,-0.068787,-0.036194,-0.094821,-0.037432,-0.140267,0.00064,0.001201
0,0.042852,0.130044,0.015333,0.189262,-0.024305,0.212017,0.000748,0.00227
0,-0.0468,0.131071,-0.107575,0.014471,-0.139764,0.057484,0.000817,0.002288
0,-0.243489,0.224519,-0.177015,0.117036,-0.22527,0.085827,0.002441,0.002772
0,0.086235,0.190593,0.315086,-0.05319,0.284527,-0.097799,0.001505,0.003326
0,0.052595,0.064557,-0.00554,-0.144682,-0.014273,-0.14855,0.000918,0.001127
0,0.138247,0.213189,0.095959,0.162442,0.078089,0.167271,0.002413,0.00297
0,-0.120784,0.034173,-0.275203,-0.203311,-0.311476,-0.164858,0.002108,0.000596
0,-0.04047,0.217408,0.053562,0.180177,0.04985,0.148514,0.000706,0.002896
0,0.126056,0.063021,0.170003,-0.152352,0.215057,-0.13377,0.0022,0.0011
0,0.050426,0.147723,-0.081417,0.107545,-0.093337,0.112541,0.00088,0.002578
0,0.177652,0.04429,0.109518,-0.097378,0.128504,-0.118337,0.003101,0.000773
0,0.129377,0.093996,-0.062946,0.052548,-0.106184,0.096283,0.002258,0.001641
0,0.309428,-0.032261,0.158486,-0.124184,0.184801,-0.115394,0.00129,0.000563
0,0.149744,0.134942,-0.166057,0.171628,-0.203958,0.145031,0.002614,0.002355
0,0.188523,-0.041624,0.05644,-0.166062,0.031537,-0.187488,0.00329,0.000726
0,0.245913,0.182906,0.029445,0.214186,-0.01501,0.183928,0.002399,0.003192
0,0.091333,0.182974,-0.136645,0.023061,-0.147711,-0.002815,0.001594,0.003193
0,0.014116,0.120721,-0.082357,-0.055101,-0.048137,-0.03918,0.000246,0.002107
0,0.11314,0.070812,0.105136,-0.035309,0.060204,-0.056056,0.001975,0.001236
0,0.04714,0.117602,-0.042104,0.055948,-0.091427,0.072924,0.000823,0.002053
0,0.05325,0.089653,-0.014759,-0.054642,-0.04606,-0.089719,0.000929,0.001565
0,0.095922,0.001135,0.019345,-0.092801,0.048664,-0.106792,0.001674,2e-05
0,0.051338,0.197144,-0.047452,0.173856,-0.032943,0.136697,0.000896,0.00325
0,0.158373,0.215505,0.108359,0.01973,0.147044,0.047959,0.002764,0.00293
0,-0.049946,0.153284,-0.234609,-0.03835,-0.205467,-0.005003,0.000872,0.002675
0,0.028968,-0.072906,0.079879,-0.240956,0.045232,-0.234747,0.000506,0.001272
0,-0.01369,0.110682,-0.032656,0.195681,-0.071227,0.218604,0.000239,0.001932
0,-0.059167,-0.022326,-0.074999,-0.109906,-0.11596,-0.069446,0.001033,0.00039
0,0.132943,0.057482,0.176262,0.088811,0.20451,0.065424,0.00232,0.001003
0,0.028033,0.156102,-0.094322,0.105236,-0.086843,0.116816,0.000489,0.002724
0,0.089224,0.177541,0.083097,-0.00318,0.097791,-0.005808,0.001557,0.003099
0,0.149702,-0.039018,0.077436,-0.245015,0.098859,-0.269649,0.002613,0.000681
0,0.165575,0.095833,0.01465,0.163333,0.044681,0.117232,0.00289,0.001673
0,0.005599,0.066879,-0.161008,-0.026813,-0.210752,-0.016798,9.8e-05,0.001167
0,0.11957,0.140541,0.097592,0.07868,0.137684,0.051923,0.002087,0.002453
0,0.064663,-0.024349,-0.034226,-0.136392,-0.010626,-0.098832,0.001129,0.000425
0,-0.030535,0.062697,-0.082552,0.106802,-0.130686,0.116475,0.000533,0.001094
0,0.129023,-0.060775,0.172544,-0.12545,0.175052,-0.116022,0.002252,0.001061
0,0.023531,0.099569,-0.083693,0.135508,-0.093079,0.115079,0.000411,0.001738
0,-0.072537,-0.002505,-0.082255,-0.125655,-0.105179,-0.119892,0.001266,4.4e-05
0,0.112065,-0.028048,0.187076,0.003788,0.215708,0.043013,0.001956,0.00049
0,-0.036889,0.044575,-0.164473,0.077446,-0.150417,0.123164,0.000644,0.000778
0,0.071048,-0.099634,0.093527,-0.126302,0.079239,-0.13601,0.00124,0.001739
0,0.055735,-0.117128,-0.042408,-0.038619,0.002061,-0.027382,0.000973,0.002044
0,-0.004389,0.090641,-0.063346,0.195503,-0.051647,0.211273,7.7e-05,0.001582
0,-0.152546,-0.117717,-0.158642,-0.199312,-0.124162,-0.197286,0.002662,0.002055
0,0.017871,0.077796,0.15479,0.169378,0.11447,0.15868,0.000312,0.001358
0,-0.075721,0.129552,-0.120523,0.070439,-0.167501,0.056647,0.001322,0.002261
0,-0.094751,-0.007079,-0.033513,-0.1193,0.010567,-0.14014,0.001654,0.000124
0,-0.181357,0.060303,-0.104527,0.060905,-0.15311,0.102427,0.003165,0.001052
0,-0.038538,0.059584,0.148797,-0.028245,0.148987,0.009036,0.000673,0.00104
0,-0.08905,-0.003933,-0.065133,-0.079394,-0.050939,-0.03589,0.001554,6.9e-05
0,0.023415,-0.089359,0.137481,-0.104594,0.118574,-0.133443,0.000409,0.00156
0,-0.245295,-0.057347,-0.285911,0.007307,-0.293994,-0.00073,0.00241,0.001001
0,0.046807,-0.060049,0.303537,-0.016389,0.291496,-0.000447,0.000817,0.001048
0,-0.066388,0.144345,-0.121725,0.234288,-0.104437,0.277666,0.001159,0.002519
0,-0.030173,-0.022472,0.018982,-0.19575,0.000833,-0.163992,0.000527,0.000392
0,-0.106123,-0.088235,-0.096001,-0.049992,-0.087679,-0.058926,0.001852,0.00154
0,-0.19707,-0.109564,-0.078117,-0.010703,-0.113829,0.02604,0.003251,0.001912
0,-0.09917,-0.115987,0.070508,0.005503,0.036006,0.049798,0.001731,0.002024
0,-0.057348,-0.028414,0.043759,0.078058,0.091914,0.093393,0.001001,0.000496
0,-0.165397,0.12738,-0.079687,0.133053,-0.049238,0.093405,0.002887,0.002223
0,0.060464,0.104683,0.233662,-0.043452,0.247586,-0.067467,0.001055,0.001827
0,-0.059868,0.152399,-0.133543,0.039414,-0.097644,0.082582,0.001045,0.00266
0,-0.190661,-0.024044,-0.121468,-0.15768,-0.109074,-0.117171,0.003328,0.00042
0,-0.017004,0.126312,0.167149,0.128749,0.18306,0.1324,0.000297,0.002205
0,-0.133652,0.159008,-0.108772,0.009628,-0.107339,0.007892,0.002333,0.002775
0,-0.192967,0.105294,-0.048535,-0.03471,-0.034018,-0.022724,0.003323,0.001838
0,-0.033195,-0.061284,0.1622,-0.176621,0.116268,-0.179014,0.000579,0.00107
0,0.012583,-0.004297,0.020644,0.029876,-0.002418,0.054718,0.00022,7.5e-05
0,-0.115465,0.046413,-0.108607,0.038973,-0.076967,0.051464,0.002015,0.00081
0,0.019691,0.047348,0.130324,-0.02745,0.090499,0.013682,0.000344,0.000826
0,-0.176809,0.070714,-0.166539,0.032956,-0.179724,0.056664,0.003086,0.001234
0,-0.0834,0.2313,0.079502,0.152374,0.053825,0.185966,0.001456,0.002654
0,-0.001956,0.056279,0.075031,-0.158517,0.054404,-0.163106,3.4e-05,0.000982
0,0.002192,0.132172,0.008699,0.083505,0.055768,0.103189,3.8e-05,0.002307
0,-0.155749,0.187973,-0.133247,0.060716,-0.178526,0.034271,0.002718,0.003281
0,-0.203822,0.121615,-0.043354,-0.079684,-0.00462,-0.127895,0.003133,0.002123
0,-0.176873,0.007835,0.007152,-0.111979,-0.039748,-0.102146,0.003087,0.000137
0,-0.098236,-0.020629,0.068001,-0.045364,0.019593,-0.025408,0.001715,0.00036
0,-0.196927,0.006227,-0.103874,0.051002,-0.059116,0.018538,0.003254,0.000109
0,-0.109132,0.044983,0.087561,0.042703,0.075446,0.052315,0.001905,0.000785
0,-0.134195,-0.045151,-0.022656,-0.073773,0.00788,-0.10492,0.002342,0.000788
0,-0.216698,0.100542,-0.053055,0.170978,-0.030257,0.140366,0.002909,0.001755
0,-0.00017,0.094745,0.187612,0.01762,0.234422,-0.018744,3e-06,0.001654
0,-0.269906,0.066288,-0.278584,-0.037342,-0.277383,-0.067853,0.00198,0.001157
0,-0.170308,-0.001249,0.119544,-0.069708,0.160789,-0.094227,0.002972,2.2e-05
0,-0.102768,0.130752,0.088364,0.152473,0.126351,0.118707,0.001794,0.002282
0,-0.215614,0.019378,-0.126701,-0.12839,-0.125099,-0.101814,0.002928,0.000338
0,-0.164176,-0.036558,0.063511,-0.059939,0.105544,-0.072917,0.002865,0.000638
0,-0.156781,-0.086793,0.031348,-0.057277,0.046759,-0.044703,0.002736,0.001515
0,-0.141057,0.093434,0.045439,0.173627,-0.003727,0.190363,0.002462,0.001631
0,-0.127452,-0.06677,0.003276,-0.144633,0.022187,-0.182106,0.002224,0.001165
0,-0.119895,0.097964,-0.021466,0.190288,-0.014656,0.233841,0.002093,0.00171
0,0.018037,-0.130831,0.13015,-0.202723,0.151399,-0.169151,0.000315,0.002283
0,-0.005958,-0.09172,-0.045724,0.042957,-0.001056,0.087397,0.000104,0.001601
0,0.10287,-0.130239,0.096147,-0.035833,0.100265,-0.04448,0.001795,0.002273
0,0.204294,0.013211,0.121298,0.170088,0.125417,0.177094,0.003125,0.000231
0,-0.073621,0.041213,-0.27003,0.051137,-0.303798,0.055071,0.001285,0.000719
0,0.032182,-0.156463,0.114017,-0.182538,0.092924,-0.204732,0.000562,0.002731
0,-0.017026,0.100769,-0.071373,0.260195,-0.073927,0.293522,0.000297,0.001759
0,0.092153,-0.158367,0.115523,-0.246373,0.160094,-0.247432,0.001608,0.002764
0,0.159269,0.108711,0.047494,0.238947,0.027736,0.25843,0.00278,0.001897
0,0.150221,0.071834,-0.031485,-0.052167,0.015229,-0.076043,0.002622,0.001254
0,0.063199,-0.145595,-0.088221,-0.221482,-0.090889,-0.252376,0.001103,0.002541
0,0.058786,-0.072198,0.022293,0.091963,0.037179,0.086055,0.001026,0.00126
0,-0.001877,-0.188857,-0.04632,-0.146199,-0.025033,-0.126741,3.3e-05,0.003296
0,-0.163634,-0.16619,-0.138736,0.031212,-0.153151,0.047885,0.002856,0.002901
0,-0.075908,-0.174142,0.065688,0.013305,0.083209,0.00356,0.001325,0.003039
0,-0.015002,-0.026287,0.077778,0.132293,0.037297,0.142506,0.000262,0.000459
0,-0.148403,-0.12942,-0.149582,-0.116424,-0.144359,-0.075418,0.00259,0.002259
0,0.020198,0.100408,0.189082,0.243734,0.174424,0.285201,0.000353,0.001752
0,0.041391,0.094274,0.020857,-0.007974,-0.009163,0.020821,0.000722,0.001645
0,0.015986,0.02295,-0.041027,-0.055777,-0.032019,-0.080655,0.000279,0.000401
0,-0.081249,0.046681,-0.109368,0.001389,-0.07216,0.040783,0.001418,0.000815
0,0.048965,-0.033646,0.103356,-0.061387,0.125537,-0.07789,0.000855,0.000587
0,-0.075478,0.082205,-0.150941,0.103035,-0.156159,0.135748,0.001317,0.001435
0,-0.036039,-0.081359,0.03873,-0.13397,0.077463,-0.090019,0.000629,0.00142
0,0.135802,0.010029,0.184136,0.092654,0.169961,0.055887,0.00237,0.000175
0,0.133778,0.095496,0.023112,0.096966,-0.008778,0.112858,0.002335,0.001667
0,0.036284,0.125445,-0.104349,0.019623,-0.129557,-0.015324,0.000633,0.002189
0,-0.004325,-0.14283,-0.022763,-0.282753,-0.034574,-0.291737,7.5e-05,0.002493
0,0.002191,-0.065931,-0.00261,0.088547,-0.048919,0.080236,3.8e-05,0.001151
0,0.233592,-0.027676,0.244182,0.032664,0.266886,0.05449,0.002614,0.000483
0,0.003857,-0.058007,-0.244924,-0.016156,-0.228729,0.015231,6.7e-05,0.001012
0,0.238933,0.000722,0.240663,0.064444,0.266802,0.03494,0.002521,1.3e-05
0,0.137562,-0.087783,-0.103113,-0.097091,-0.068168,-0.058739,0.002401,0.001532
0,-0.015955,0.116926,-0.15094,0.230204,-0.115565,0.254112,0.000278,0.002041
0,-0.01137,0.192419,0.001405,0.06257,0.005481,0.019532,0.000198,0.003332
0,0.221488,0.149273,0.216668,-0.028321,0.186574,-0.045214,0.002825,0.002605
0,0.092966,-0.08337,-0.138339,-0.258513,-0.091111,-0.286144,0.001623,0.001455
0,0.269058,-0.024594,0.173446,0.032487,0.179019,0.003698,0.001995,0.000429
0,-0.004353,-0.037547,-0.298226,-0.034384,-0.347258,-0.015679,7.6e-05,0.000655
0,0.134587,-0.022153,0.151197,0.016589,0.124539,-0.014708,0.002349,0.000387
0,0.141041,0.007491,0.023254,0.056803,0.071721,0.011801,0.002462,0.000131
0,0.220478,0.16038,0.073281,0.141322,0.058179,0.152126,0.002843,0.002799
0,0.107724,0.151534,-0.13026,-0.002505,-0.110368,-0.035323,0.00188,0.002645
0,0.116854,-0.058717,0.027446,-0.226237,-0.005457,-0.211285,0.002039,0.001025
0,0.252669,-0.086139,0.150518,-0.015573,0.142641,0.031956,0.002281,0.001503
0,0.064796,0.087383,-0.183568,0.203067,-0.185842,0.162329,0.001131,0.001525
0,0.179159,0.044182,0.117429,-0.035632,0.111141,-0.042728,0.003127,0.000771
0,-3.458178,-0.370197,-3.611163,-0.407465,-3.582824,-0.386605,0.000139,0.00023
0,-3.183657,-0.849323,0.260037,-0.485601,0.237777,-0.484995,0.002039,0.001442
0,-2.952409,-1.024689,0.248989,-0.185808,0.264286,-0.188039,0.001997,0.002188
0,-3.293571,-1.059316,-0.312275,-0.016653,-0.33706,0.019451,0.002734,0.001584
0,-2.881301,-0.985138,0.390952,0.082067,0.392073,0.077425,0.003238,0.002879
0,-2.26922,-1.169104,0.621375,-0.18428,0.655664,-0.175599,0.00054,0.000332
0,-1.860736,-0.673716,0.408136,0.504733,0.426422,0.53393,0.000978,0.001623
0,-1.193069,-0.546851,0.650997,0.15302,0.682617,0.160711,0.000751,0.002854
0,-0.806487,-0.515787,0.402587,0.056947,0.379692,0.06216,0.000694,0.002311
0,-0.23304,-0.21669,0.549738,0.287111,0.516863,0.305607,0.002623,0.002909
0,-0.069652,-0.017129,0.133585,0.228562,0.125599,0.239843,0.001216,0.000299
0,0.257369,0.081716,0.353971,0.098423,0.395935,0.121592,0.002199,0.001426
0,0.166746,0.170448,-0.115382,0.087668,-0.106849,0.090894,0.00291,0.002975
0,0.342528,0.16272,0.169918,-0.019827,0.202132,-0.04316,0.000713,0.00284
0,0.061573,0.235451,-0.310002,0.093375,-0.265799,0.139427,0.001075,0.002581
0,0.121112,0.096373,0.083515,-0.142248,0.103291,-0.115513,0.002114,0.001682
0,0.19863,0.121547,0.057591,0.03495,0.102033,-0.012318,0.003224,0.002121
0,0.181101,0.042429,-0.03095,-0.049759,0.010171,-0.02529,0.003161,0.000741
0,0.170017,-0.025713,-0.020722,-0.074735,-0.019367,-0.073363,0.002967,0.000449
0,0.305465,-0.118389,0.152999,-0.104644,0.172299,-0.073249,0.001359,0.002066
0,0.256251,-0.030171,-0.048067,0.093181,-0.02079,0.084969,0.002218,0.000527
0,0.149803,0.081235,-0.114869,0.113137,-0.151245,0.157988,0.002615,0.001418
0,-0.051578,0.032726,-0.181667,-0.030525,-0.216896,-0.063496,0.0009,0.000571
0,0.105663,0.047721,0.16138,-0.006101,0.147997,-0.001186,0.001844,0.000833
0,0.022187,0.141546,-0.083795,0.112271,-0.072517,0.121918,0.000387,0.00247
0,0.023335,0.098019,-0.001639,-0.061529,0.032341,-0.064894,0.000407,0.001711
0,0.106946,0.033757,0.078423,-0.03836,0.068537,-0.074803,0.001867,0.000589
0,0.117035,0.017505,-0.006098,-0.002306,0.011643,-0.038342,0.002043,0.000306
0,-0.145919,-0.07625,-0.264265,-0.08573,-0.303861,-0.038805,0.002547,0.001331
0,0.070893,0.054378,0.188973,0.138532,0.171085,0.102796,0.001237,0.000949
0,-0.063252,-0.040905,-0.112887,-0.098961,-0.145668,-0.138917,0.001104,0.000714
0,-0.005944,0.008253,0.059247,0.051724,0.095118,0.0419,0.000104,0.000144
0,0.005911,-0.021649,-0.000272,-0.027557,-0.015038,-0.008716,0.000103,0.000378
0,-0.074829,0.097566,-0.063862,0.104661,-0.089719,0.116648,0.001306,0.001703
0,-0.089809,-0.064348,-0.006779,-0.187047,-0.020403,-0.170939,0.001567,0.001123
0,0.087323,0.131226,0.194993,0.208046,0.178729,0.219757,0.001524,0.00229
0,0.040492,-0.083896,-0.035527,-0.200703,-0.031528,-0.195983,0.000707,0.001464
0,-0.047547,0.054039,-0.08603,0.112543,-0.046407,0.105948,0.00083,0.000943
0,0.075626,0.064264,0.123225,-0.016746,0.137139,-0.042077,0.00132,0.001122
0,-0.082732,0.021881,-0.155235,-0.046289,-0.191058,-0.051969,0.001444,0.000382
0,-0.015878,0.154436,0.066412,0.142075,0.086246,0.141298,0.000277,0.002695
0,0.132301,-0.124997,0.174038,-0.278979,0.216924,-0.32512,0.002309,0.002182
0,0.097149,-0.060212,-0.022361,0.063849,-0.001415,0.100229,0.001696,0.001051
0,-0.118281,-0.110841,-0.228237,-0.057976,-0.236131,-0.091548,0.002064,0.001935
0,0.121248,-0.033974,0.253111,0.076864,0.209314,0.045595,0.002116,0.000593
0,0.037381,0.013612,-0.06421,0.018901,-0.026863,-0.003961,0.000652,0.000238
0,0.133633,-0.103411,0.085663,-0.114194,0.105147,-0.089492,0.002332,0.001805
0,0.154991,0.1385,0.039935,0.226638,0.06184,0.195079,0.002705,0.002417
0,0.057731,0.109206,-0.069184,-0.014827,-0.022363,0.014941,0.001008,0.001906
0,0.120876,0.105347,0.064462,-0.023142,0.065047,0.006125,0.00211,0.001839
0,-0.034805,-0.090988,-0.156327,-0.21127,-0.121522,-0.249951,0.000607,0.001588
0,0.006466,0.04107,0.02005,0.144761,0.051206,0.125006,0.000113,0.000717
0,0.040427,0.154711,0.035048,0.109755,0.038534,0.15879,0.000706,0.0027
0,0.007173,0.132572,-0.054714,-0.018718,-0.064216,-0.065599,0.000125,0.002314
0,0.002065,-0.131974,-0.003445,-0.236323,0.018341,-0.224337,3.6e-05,0.002303
0,-0.450598,-0.886077,-0.463418,-0.743228,-0.466352,-0.699605,0.001174,0.002083
0,-0.58948,-1.67275,-0.157199,-0.790651,-0.177419,-0.753431,0.003093,0.002432
0,-0.844018,-2.206392,-0.279126,-0.554278,-0.328749,-0.548894,0.001349,0.001636
0,-1.261841,-2.066152,-0.412813,0.147849,-0.413799,0.118335,0.001951,0.002607
0,-1.335552,-2.056843,-0.102148,0.038645,-0.056871,0.084485,0.003237,0.002445
0,-1.096666,-1.559444,0.220808,0.525964,0.17662,0.53316,0.000932,0.000454
0,-1.161651,-1.034384,-0.055173,0.522441,-0.016898,0.526157,0.000202,0.002019
0,-1.057114,-0.79344,0.08028,0.223238,0.09968,0.20952,0.001622,0.000467
0,-0.620608,-0.688594,0.462493,0.08757,0.507538,0.076876,0.00255,0.001363
0,-0.624002,-0.379187,0.014049,0.319117,-0.001308,0.355905,0.002491,7.3e-05
0,-0.450644,-0.285394,0.153684,0.064408,0.178486,0.102638,0.001174,0.00171
0,-0.281192,-0.47529,0.141502,-0.20212,0.160864,-0.214017,0.001783,0.001605
0,-0.318368,-0.219028,-0.046614,0.273824,-0.094168,0.291081,0.001134,0.002868
0,-0.38153,-0.301445,-0.075302,-0.102788,-0.09391,-0.086349,3.2e-05,0.00143
0,-0.284968,-0.155761,0.116443,0.166812,0.090108,0.177588,0.001717,0.002719
0,-0.45253,-0.372053,-0.169075,-0.238066,-0.177548,-0.226734,0.001207,0.000197
0,-0.231417,-0.305468,0.197611,0.076384,0.2442,0.032478,0.002652,0.001359
0,-0.451541,-0.223229,-0.212577,0.096146,-0.217065,0.101631,0.00119,0.002795
0,-0.379465,-0.346863,0.078503,-0.143452,0.093662,-0.164618,6.8e-05,0.000637
0,-0.391906,-0.078909,-0.009059,0.252624,0.027506,0.236014,0.000149,0.001377
0,-0.297856,-0.142914,0.120914,-0.078085,0.103335,-0.08351,0.001492,0.002494
0,-0.417196,-0.263398,-0.10066,-0.129588,-0.053904,-0.163425,0.000591,0.002094
0,-0.223749,-0.114948,0.18455,0.133321,0.185065,0.10788,0.002786,0.002006
0,-0.187601,-0.195877,0.058581,-0.101288,0.089927,-0.120474,0.003274,0.003272
0,-0.162417,-0.117693,-0.002375,0.076994,0.002567,0.032495,0.002835,0.002054
0,-0.146171,-0.258108,0.030885,-0.141208,0.080282,-0.10151,0.002551,0.002186
0,-0.264742,-0.041507,-0.116414,0.214551,-0.083188,0.213482,0.00207,0.000724
0,-0.22965,-0.231538,0.057376,-0.205133,0.022139,-0.23337,0.002683,0.00265
0,-0.065468,-0.22808,0.146427,0.018509,0.118608,-0.005587,0.001143,0.00271
0,-0.126059,-0.087161,-0.030937,0.136029,-0.009199,0.171251,0.0022,0.001521
0,-0.247974,-0.180476,-0.125682,-0.066709,-0.088205,-0.034787,0.002363,0.00315
0,-0.110824,0.036149,0.117183,0.237981,0.073615,0.264815,0.001934,0.000631
0,-0.228433,-0.151962,-0.101347,-0.175151,-0.138246,-0.204652,0.002704,0.002652
0,-0.303233,-0.13382,-0.06964,0.00666,-0.053645,0.00809,0.001398,0.002336
0,-0.225985,-0.149382,0.098956,-0.023846,0.128164,0.022577,0.002747,0.002607
0,-0.244786,-0.218781,-0.043767,-0.041168,-0.057509,-0.083707,0.002418,0.002872
0,-0.301444,-0.0914,-0.064118,0.145813,-0.03894,0.13888,0.00143,0.001595
0,-0.217639,-0.191524,0.090943,-0.122752,0.055175,-0.08637,0.002892,0.003343
0,-0.100077,-0.160699,0.129073,0.025467,0.086552,0.006666,0.001747,0.002805
0,-0.379837,0.032874,-0.278421,0.203309,-0.229745,0.240201,6.1e-05,0.000574
0,-0.08546,-0.190326,0.286088,-0.204179,0.279953,-0.207896,0.001492,0.003322
0,-0.159261,-0.032682,-0.075713,0.164366,-0.04203,0.2023,0.00278,0.00057
0,-0.006162,-0.046441,0.178036,-0.018126,0.149208,-0.005775,0.000108,0.000811
0,-0.071376,-0.158022,-0.093013,-0.111964,-0.09836,-0.117907,0.001246,0.002758
0,-0.193635,-0.091199,-0.122491,0.046405,-0.098562,0.034461,0.003311,0.001592
0,-0.158464,0.059055,0.028924,0.138671,0.013462,0.106869,0.002766,0.001031
0,-0.184724,-0.161841,-0.047348,-0.214717,-0.083963,-0.253326,0.003224,0.002825
0,-0.064391,0.080218,0.129699,0.258763,0.137345,0.265626,0.001124,0.0014
0,-0.001696,0.119019,0.086959,0.01721,0.065875,0.067005,3e-05,0.002077
0,-0.095409,-0.089262,-0.111719,-0.227438,-0.143282,-0.22604,0.001665,0.001558
0,-0.154401,-0.132911,-0.069549,-0.0138,-0.06078,0.027541,0.002695,0.00232
0,-0.026758,-0.139582,0.140199,-0.034836,0.172019,-0.077373,0.000467,0.002436
0,-0.117007,0.033625,-0.110139,0.165054,-0.121629,0.1164,0.002042,0.000587
0,-0.077268,0.02214,0.059545,-0.041465,0.041015,-0.014958,0.001349,0.000386
0,-0.068919,0.021511,-0.005479,-0.003144,-0.004807,0.00412,0.001203,0.000375
0,-0.083283,-0.109357,-0.019612,-0.153529,0.009261,-0.151482,0.001454,0.001909
0,-0.000745,0.052694,0.102425,0.184399,0.146958,0.179725,1.3e-05,0.00092
0,0.065854,0.004176,0.050077,-0.042256,0.083699,-0.055508,0.001149,7.3e-05
0,-0.040434,0.021119,-0.103658,0.009257,-0.068679,0.026664,0.000706,0.000369
0,0.146943,-0.06298,0.211989,-0.108873,0.241262,-0.091213,0.002565,0.001099
0,-0.098407,0.040166,-0.253299,0.113473,-0.250592,0.082416,0.001718,0.000701
0,0.033535,-0.03745,0.118769,-0.083303,0.092795,-0.117124,0.000585,0.000654
0,-0.124515,-0.105012,-0.156816,-0.056675,-0.164467,-0.068162,0.002173,0.001833
0,0.136236,-0.024162,0.238263,0.085195,0.267967,0.036187,0.002378,0.000422
0,0.027881,-0.109351,-0.135973,-0.098233,-0.179672,-0.095448,0.000487,0.001909
0,0.151619,0.062045,0.149627,0.186885,0.175296,0.190826,0.002646,0.001083
0,-0.029454,0.033013,-0.18617,-0.050087,-0.206137,-0.078666,0.000514,0.000576
0,-0.064143,0.071971,-0.045649,0.066017,-0.082811,0.036556,0.00112,0.001256
0,0.151415,0.091772,0.234572,-0.002635,0.256097,0.026488,0.002643,0.001602
0,0.020469,-0.048247,-0.113193,-0.13608,-0.075235,-0.158579,0.000357,0.000842
0,-0.012881,-0.145613,-0.057423,-0.080585,-0.023404,-0.054073,0.000225,0.002541
0,-0.196171,-0.042956,-0.201598,0.076829,-0.231283,0.036985,0.003267,0.00075
0,0.080179,-0.133482,0.278843,-0.097515,0.27566,-0.107659,0.001399,0.00233
0,-0.06216,0.088777,-0.169592,0.234166,-0.131043,0.265816,0.001085,0.001549
0,-0.064451,0.050038,0.023581,-0.019401,0.063143,-0.020627,0.001125,0.000873
0,-0.08286,-0.034003,-0.01505,-0.111097,-0.056817,-0.129938,0.001446,0.000593
0,-0.111006,0.081361,-0.041877,0.134226,0.001991,0.178287,0.001937,0.00142
0,-0.060559,0.0703,0.061608,-0.008976,0.108907,0.006056,0.001057,0.001227
0,-0.024047,0.08987,0.058851,-0.008834,0.057661,0.035229,0.00042,0.001569
0,-0.190804,0.072662,-0.165169,-0.031041,-0.185362,-0.068667,0.00333,0.001268
0,-0.055291,0.100881,0.12156,0.004827,0.12646,-0.037132,0.000965,0.001761
0,-0.007031,-0.081373,0.074247,-0.184613,0.104759,-0.21463,0.000123,0.00142
0,-0.162207,-0.01264,-0.149886,0.047592,-0.160979,0.034724,0.002831,0.000221
0,-0.080312,0.111261,0.110427,0.122841,0.13944,0.078908,0.001402,0.001942
0,-0.171193,0.067273,-0.080379,-0.019658,-0.110651,0.017202,0.002988,0.001174
0,-0.038011,-0.088556,0.104467,-0.13366,0.074793,-0.158047,0.000663,0.001546
0,-0.001701,0.088376,0.056945,0.195898,0.082238,0.221206,3e-05,0.001542
0,-0.104334,0.102422,-0.11534,0.003961,-0.148034,-0.020052,0.001821,0.001788
0,0.033204,0.025046,0.13759,-0.06079,0.187523,-0.089128,0.00058,0.000437
0,-0.037674,-0.065743,-0.05329,-0.095122,-0.088031,-0.055325,0.000658,0.001147
0,-0.11007,0.106332,-0.080403,0.144394,-0.064297,0.10339,0.001921,0.001856
0,-0.045154,0.115218,0.070482,-0.017961,0.088574,-0.063576,0.000788,0.002011
0,0.020907,-0.090239,0.079583,-0.196189,0.112947,-0.185796,0.000365,0.001575
0,0.138668,0.132417,0.126151,0.231851,0.105469,0.275565,0.00242,0.002311
0,0.039001,0.044649,-0.105702,-0.082708,-0.096939,-0.078807,0.000681,0.000779
0,0.080405,-0.153974,0.038518,-0.183288,0.049374,-0.144998,0.001403,0.002687
0,-0.547277,1.066791,-0.650471,1.233178,-0.690829,1.223204,0.002861,0.001453
0,-0.822442,1.190468,-0.266808,0.151794,-0.25306,0.109343,0.000973,0.000705
0,-1.452614,1.741722,-0.631651,0.549957,-0.676166,0.557186,0.00141,0.003055
0,-1.412594,2.120084,0.039335,0.352012,-0.002278,0.322644,0.002109,0.003142
0,-1.287688,1.801282,0.104056,-0.311213,0.107386,-0.344369,0.002402,0.002016
0,-1.185929,1.172443,0.100981,-0.61831,0.071811,-0.649295,0.000626,0.000391
0,-0.839975,0.72235,0.354129,-0.443873,0.377308,-0.446541,0.001279,0.000774
0,-0.697934,0.665763,0.115162,-0.049603,0.128531,-0.074435,0.0012,0.001762
0,-0.368122,0.392502,0.308432,-0.293143,0.262127,-0.296486,0.000266,0.00016
0,-0.427258,0.185876,-0.052929,-0.212548,-0.006312,-0.177491,0.000766,0.003244
0,-0.191478,0.064512,0.206415,-0.101434,0.24598,-0.062846,0.003342,0.001126
0,0.003152,-0.134355,0.179555,-0.206206,0.224091,-0.206221,5.5e-05,0.002345
0,0.024962,0.129626,0.018553,0.270248,0.052406,0.282234,0.000436,0.002262
0,0.131389,0.043333,0.088732,-0.069724,0.065857,-0.091654,0.002293,0.000756
0,0.195981,0.020772,0.06369,0.002381,0.060247,-0.011981,0.00327,0.000363
0,0.062554,0.049072,-0.156269,0.030767,-0.174637,0.07581,0.001092,0.000856
0,0.19627,-0.135855,0.130668,-0.168154,0.15993,-0.147695,0.003265,0.002371
0,0.00481,-0.046943,-0.17408,0.109647,-0.159071,0.090384,8.4e-05,0.000819
0,0.066843,-0.221035,0.06902,-0.17673,0.090455,-0.138729,0.001167,0.002833
0,-0.107086,-0.214742,-0.203037,0.017744,-0.222801,0.023345,0.001869,0.002943
0,0.120418,0.156334,0.205703,0.348643,0.206228,0.347172,0.002102,0.002729
0,-0.063298,-0.072196,-0.212495,-0.228113,-0.199396,-0.267132,0.001105,0.00126
0,0.157058,0.153849,0.239718,0.19622,0.226446,0.187476,0.002741,0.002685
0,0.086758,-0.042829,-0.075946,-0.185932,-0.088598,-0.161063,0.001514,0.000748
0,-0.093786,0.123936,-0.153933,0.149676,-0.108956,0.133792,0.001637,0.002163
0,-0.068999,0.020684,0.001676,-0.086235,-0.042505,-0.129463,0.001204,0.000361
0,-0.101707,0.184916,-0.026945,0.143034,-0.013092,0.148204,0.001775,0.003227
0,0.070237,0.236537,0.180628,0.053169,0.225828,0.015807,0.001226,0.002562
0,0.091103,0.076489,0.033594,-0.142354,-0.014038,-0.11148,0.00159,0.001335
0,-0.081863,0.05907,-0.155946,-0.002233,-0.169401,-0.028153,0.001429,0.001031
0,0.126491,-0.072652,0.215912,-0.131165,0.181656,-0.159177,0.002208,0.001268
0,-0.075819,0.08901,-0.182099,0.170217,-0.153607,0.199887,0.001323,0.001554
0,0.080462,0.014815,0.132324,-0.093289,0.117392,-0.117911,0.001404,0.000259
0,-0.128939,0.090464,-0.230115,0.081372,-0.27382,0.080519,0.00225,0.001579
0,0.09532,0.021615,0.214443,-0.071819,0.244253,-0.078907,0.001664,0.000377
0,0.133033,-0.110645,0.060716,-0.126263,0.048711,-0.159449,0.002322,0.001931
0,-0.017293,0.057803,-0.174563,0.170339,-0.172701,0.134883,0.000302,0.001009
0,-0.06563,-0.098179,-0.067627,-0.15093,-0.107133,-0.127358,0.001145,0.001714
0,0.052472,-0.088955,0.142948,0.029902,0.095567,0.052759,0.000916,0.001553
0,-0.069567,0.015992,-0.147733,0.084495,-0.104674,0.123402,0.001214,0.000279
0,0.114309,0.049231,0.177174,0.037798,0.222594,0.042606,0.001995,0.000859
0,-0.074834,0.00487,-0.193352,-0.066087,-0.201012,-0.087328,0.001306,8.5e-05
0,-0.02616,-0.044376,0.055671,-0.065909,0.033826,-0.08609,0.000457,0.000774
0,-0.013505,-0.123427,0.031179,-0.083799,0.072035,-0.109831,0.000236,0.002154
0,0.055426,-0.067183,0.074699,0.08046,0.068607,0.083392,0.000967,0.001173
0,-0.087284,-0.045974,-0.167451,0.019193,-0.160027,-0.011577,0.001523,0.000802
0,0.150841,-0.143191,0.235787,-0.11754,0.213328,-0.136912,0.002633,0.002499
0,0.213159,0.09506,0.043509,0.211813,0.091799,0.212802,0.00297,0.001659
0,0.094399,-0.033224,-0.118666,-0.118321,-0.088654,-0.081615,0.001648,0.00058
0,0.160101,0.041234,0.040167,0.085014,0.002994,0.11371,0.002794,0.00072
0,0.087165,0.103914,-0.070815,0.067381,-0.095165,0.067027,0.001521,0.001814
0,0.050926,-0.139535,-0.043807,-0.269072,-0.042354,-0.301793,0.000889,0.002435
0,0.03786,-0.068296,-0.017311,0.059928,0.013572,0.057728,0.000661,0.001192
0,0.193831,0.053995,0.180842,0.14196,0.22586,0.123834,0.003308,0.000942
0,-0.007862,-0.096762,-0.172411,-0.178483,-0.129899,-0.184597,0.000137,0.001689
0,-0.057146,0.038306,-0.038367,0.160241,-0.065351,0.206763,0.000997,0.000669
0,0.21129,0.085391,0.245977,0.031342,0.284407,0.020169,0.003003,0.00149
0,0.096154,-0.043399,-0.086152,-0.115582,-0.058599,-0.126528,0.001678,0.000757
0,-0.088451,0.028676,-0.191471,0.073282,-0.229842,0.036368,0.001544,0.0005
0,0.050797,0.047283,0.118177,0.024298,0.077679,0.026104,0.000887,0.000825
0,-0.005123,-0.032569,-0.046467,-0.083605,-0.04663,-0.073624,8.9e-05,0.000568
0,-0.080996,0.08698,-0.070647,0.110609,-0.093301,0.130635,0.001414,0.001518
0,-0.116569,0.151761,-0.040709,0.081725,-0.018942,0.06512,0.002035,0.002649
0,-0.088786,-0.069329,0.040949,-0.199055,-0.007745,-0.170782,0.00155,0.00121
0,0.061411,0.1182,0.123495,0.171221,0.127754,0.173397,0.001072,0.002063
0,0.092808,0.056043,0.057998,-0.033189,0.048541,-0.044741,0.00162,0.000978
0,-0.111757,0.092456,-0.230354,0.059927,-0.196954,0.067018,0.001951,0.001614
0,0.087329,0.06227,0.187311,-0.007016,0.183646,0.040559,0.001524,0.001087
0,0.172287,0.076982,0.089951,-6.5e-05,0.11902,0.008367,0.003007,0.001344
0,0.076103,0.110526,-0.125351,0.013663,-0.114497,0.04262,0.001328,0.001929
0,0.106583,-0.058714,0.044452,-0.154273,0.081636,-0.161773,0.00186,0.001025
0,-0.050216,0.108111,-0.161935,0.190287,-0.15375,0.237411,0.000876,0.001887
0,0.16884,-0.031606,0.23535,-0.166948,0.284847,-0.125794,0.002947,0.000552
0,0.052126,-0.089052,-0.116305,-0.039159,-0.11688,-0.087731,0.00091,0.001554
0,0.065304,0.034969,0.021441,0.107596,0.054815,0.105284,0.00114,0.00061
0,-0.065182,0.097612,-0.122816,0.070061,-0.122314,0.087206,0.001138,0.001704
0,0.082805,0.121293,0.175259,0.030492,0.181512,0.022703,0.001445,0.002117
0,-0.036092,0.138254,-0.122457,0.003242,-0.145494,0.003424,0.00063,0.002413
0,1.037451,0.693897,1.089257,0.583293,1.094552,0.545404,0.001966,0.001271
0,1.611202,0.963143,0.599895,0.280642,0.598609,0.245149,0.001358,0.003262
0,1.991747,1.384323,0.392427,0.405936,0.385344,0.374942,0.001308,0.002602
0,1.997829,1.428456,-0.008998,0.033729,-0.006782,-0.009664,0.001415,0.001832
0,2.153459,1.483142,0.142918,0.0819,0.176379,0.083089,0.00256,0.000878
0,1.755379,1.300117,-0.425555,-0.189033,-0.406621,-0.21955,0.002817,0.002619
0,1.446043,1.13382,-0.3294,-0.177159,-0.348549,-0.201896,0.001525,0.000284
0,0.914566,1.06254,-0.547196,-0.04974,-0.522149,-0.035623,0.002581,0.001528
0,0.56439,0.716913,-0.33465,-0.374165,-0.368037,-0.389104,0.00316,0.000869
0,0.21331,0.281047,-0.367242,-0.460966,-0.341299,-0.414671,0.002968,0.001786
0,0.21211,0.180527,-0.030324,-0.121372,-8.5e-05,-0.152811,0.002989,0.003151
0,-0.0352,0.317962,-0.276122,0.151148,-0.249116,0.180666,0.000614,0.001141
0,-0.174585,0.136537,-0.138965,-0.19094,-0.185549,-0.185694,0.003047,0.002383
0,-0.134699,-0.036856,0.028634,-0.176279,-0.012186,-0.132168,0.002351,0.000643
0,-0.355058,-0.085886,-0.21324,-0.028077,-0.246799,-0.011449,0.000494,0.001499
0,-0.372878,0.3466,-0.046676,0.429014,-0.060914,0.3971,0.000183,0.000642
0,-0.247818,0.655741,0.133672,0.325633,0.123519,0.352351,0.002366,0.001937
0,-0.240276,0.826305,-0.014265,0.190783,0.005438,0.222856,0.002497,0.00104
0,-0.224364,0.831175,0.036703,0.027684,0.049137,-0.02081,0.002775,0.001125
0,-0.058248,0.470784,0.155223,-0.388128,0.138676,-0.422522,0.001017,0.001526
0,-0.241551,0.387431,-0.203536,-0.106233,-0.18106,-0.077292,0.002475,7.1e-05
0,0.096599,0.431777,0.342943,0.071366,0.364872,0.11066,0.001686,0.000845
0,0.002734,0.052362,-0.096054,-0.369298,-0.080924,-0.369326,4.8e-05,0.000914
0,0.137488,0.023203,0.135733,-0.057463,0.093924,-0.058066,0.0024,0.000405
0,-0.032748,-0.032803,-0.19299,-0.059987,-0.195898,-0.053955,0.000572,0.000573
0,0.114965,0.125289,0.172386,0.149363,0.215708,0.14619,0.002007,0.002187
0,0.095535,0.064847,0.003763,-0.058983,0.05138,-0.063845,0.001667,0.001132
0,0.039661,0.046835,-0.027367,-0.0447,-0.017072,-0.050349,0.000692,0.000817
0,0.059874,-0.150085,-0.009164,-0.210944,0.009405,-0.167113,0.001045,0.002619
0,0.109427,0.082144,0.069929,0.220509,0.106382,0.194592,0.00191,0.001434
0,-0.04952,-0.151044,-0.141117,-0.242185,-0.185991,-0.259975,0.000864,0.002636
0,0.078343,-0.009833,0.104127,0.119562,0.065534,0.148643,0.001367,0.000172
0,0.014445,0.071151,-0.06188,0.054101,-0.029284,0.019377,0.000252,0.001242
0,-0.027246,-0.025102,-0.058521,-0.125549,-0.044342,-0.101592,0.000476,0.000438
0,0.035969,0.080895,0.04232,0.120135,0.074972,0.101494,0.000628,0.001412
0,0.090369,-0.022157,0.057844,-0.130021,0.047476,-0.109056,0.001577,0.000387
0,-0.063913,-0.005975,-0.163632,0.043078,-0.205685,0.092194,0.001115,0.000104
0,-0.052058,-0.017151,0.001115,-0.01422,0.000492,0.010672,0.000909,0.000299
0,0.009578,-0.021677,0.047362,-0.010849,0.017378,-0.006549,0.000167,0.000378
0,-0.059907,-0.004636,-0.039583,0.036881,-0.015349,0.077506,0.001046,8.1e-05
0,0.097774,-0.096928,0.160306,-0.121677,0.201622,-0.165094,0.001706,0.001692
0,-0.736222,-0.176207,-0.846105,-0.080881,-0.891145,-0.089022,0.000532,0.003075
0,0.078601,-1.347952,0.833095,-1.143817,0.829557,-1.097532,0.001372,0.003237
0,0.802839,-1.289666,0.72274,0.039884,0.763909,-0.005227,0.000631,0.002436
0,0.90347,-2.023499,0.085425,-0.737694,0.114675,-0.715626,0.002387,0.001863
0,1.351388,-1.869602,0.426604,0.135358,0.470396,0.136787,0.003177,0.000823
0,1.029357,-1.961069,-0.305755,-0.080506,-0.293102,-0.129006,0.002107,0.000773
0,0.530236,-1.229376,-0.521874,0.743316,-0.527309,0.750152,0.002564,0.001384
0,0.519557,-0.969501,-0.018501,0.273659,0.007489,0.308332,0.002377,0.003151
0,0.120669,-0.530659,-0.392796,0.451623,-0.360696,0.433798,0.002106,0.002571
0,0.136815,-0.115209,0.029158,0.445188,0.018529,0.418734,0.002388,0.002011
0,0.085199,-0.016557,-0.057946,0.106529,-0.053872,0.136348,0.001487,0.000289
0,-0.088148,0.277854,-0.162869,0.281234,-0.167884,0.243127,0.001538,0.001841
0,-0.150598,0.495041,-0.061552,0.223727,-0.04015,0.224571,0.002628,0.001949
0,0.043482,0.223605,0.212653,-0.300027,0.163724,-0.256379,0.000759,0.002788
0,-0.250886,0.09279,-0.313799,-0.158515,-0.312957,-0.120364,0.002312,0.001619
0,-0.144792,0.204996,0.084946,0.104266,0.089126,0.093966,0.002527,0.003113
0,-0.150063,0.229369,-0.008352,-0.003871,0.01534,-0.014514,0.002619,0.002688
0,-0.103058,0.044255,0.074051,-0.204933,0.074275,-0.235462,0.001799,0.000772
0,0.042015,0.105609,0.1488,0.084675,0.197014,0.096891,0.000733,0.001843
0,-0.195905,0.10671,-0.256491,-0.028088,-0.241232,-0.031243,0.003272,0.001862
0,0.012825,-0.038398,0.23635,-0.151297,0.199361,-0.145394,0.000224,0.00067
0,0.035074,0.149512,0.00605,0.174558,0.032307,0.177153,0.000612,0.002609
0,0.170006,0.123394,0.133096,-0.055138,0.101854,-0.051727,0.002967,0.002154
0,0.181957,-0.122255,0.035292,-0.216305,0.05142,-0.255452,0.003176,0.002134
0,-0.059497,-0.025243,-0.24485,0.097357,-0.210858,0.121602,0.001038,0.000441
0,0.139192,0.037057,0.215169,0.053526,0.226381,0.089264,0.002429,0.000647
0,0.168668,0.078207,0.016986,0.036141,-0.027942,0.039241,0.002944,0.001365
0,-0.058739,-0.104177,-0.230731,-0.192541,-0.231251,-0.213839,0.001025,0.001818
0,0.104002,0.019954,0.191557,0.10228,0.172873,0.133608,0.001815,0.000348
0,0.064378,0.102625,-0.05697,0.08366,-0.03412,0.059837,0.001124,0.001791
0,-0.056532,-0.06938,-0.132963,-0.156929,-0.17414,-0.192728,0.000987,0.001211
0,0.058847,0.070126,0.131787,0.16894,0.13711,0.145342,0.001027,0.001224
0,0.005128,-0.132561,-0.075958,-0.225865,-0.112024,-0.260729,9e-05,0.002314
0,0.197034,-0.155468,0.201249,-0.03355,0.213,-0.01458,0.003252,0.002713
0,-0.050884,0.035332,-0.274547,0.16146,-0.250383,0.175111,0.000888,0.000617
0,-0.029218,0.07399,0.047236,0.028861,0.021378,-0.003851,0.00051,0.001291
0,0.096433,0.083802,0.11041,0.031979,0.06434,0.048958,0.001683,0.001463
0,0.112042,0.037006,0.001539,-0.032834,0.030778,-0.037206,0.001956,0.000646
0,-0.106453,-0.024031,-0.192939,-0.041644,-0.18573,-0.008048,0.001858,0.000419
0,-0.152181,0.060518,-0.04118,0.066171,0.005146,0.04541,0.002656,0.001056
0,0.036675,-0.058614,0.17354,-0.103025,0.222943,-0.09865,0.00064,0.001023
0,0.058458,0.002139,0.001414,0.048361,0.033021,0.011375,0.00102,3.7e-05
0,0.119525,0.083664,0.078702,0.084905,0.038939,0.068484,0.002086,0.00146
0,-0.008964,-0.080055,-0.135244,-0.164474,-0.097585,-0.200772,0.000156,0.001397
0,0.097594,-0.013226,0.115031,0.076518,0.102113,0.118919,0.001703,0.000231
0,0.069881,-0.197679,-0.010399,-0.20602,-0.056186,-0.211076,0.00122,0.003241
0,-0.129914,0.069383,-0.189492,0.261053,-0.162065,0.268628,0.002267,0.001211
0,-0.007635,-0.10305,0.120976,-0.191836,0.096925,-0.21945,0.000133,0.001799
0,-0.090333,-0.151038,-0.081761,-0.073797,-0.052954,-0.0993,0.001577,0.002636
0,-0.05389,0.055337,0.051549,0.225192,0.094188,0.202673,0.000941,0.000966
0,0.16453,-0.026628,0.203753,-0.076838,0.177811,-0.03032,0.002872,0.000465
0,0.124523,-0.043107,-0.060497,0.011539,-0.09279,0.040022,0.002173,0.000752
0,0.028331,-0.205087,-0.081689,-0.175427,-0.091492,-0.162213,0.000494,0.003111
0,0.118422,-0.110825,0.090484,0.121714,0.082449,0.121636,0.002067,0.001934
0,-0.105735,-0.125711,-0.203123,-0.003799,-0.173324,-0.030774,0.001845,0.002194
0,0.138078,-0.134914,0.232501,0.019072,0.195709,0.036389,0.00241,0.002355
0,0.084569,-0.060702,-0.071504,0.096668,-0.056966,0.098069,0.001476,0.001059
0,0.021469,-0.17385,-0.048175,-0.124693,-0.076447,-0.099677,0.000375,0.003034
0,-0.024481,-0.171308,-0.032883,-0.002425,-0.069579,-0.026607,0.000427,0.00299
0,0.105176,0.042319,0.158392,0.215163,0.163252,0.175682,0.001836,0.000739
0,-0.078022,0.016099,-0.185971,-0.026587,-0.220087,-0.028922,0.001362,0.000281
0,0.031163,0.044798,0.114262,0.014066,0.132249,0.025078,0.000544,0.000782
0,-0.130508,-0.046832,-0.149617,-0.063611,-0.145482,-0.084351,0.002278,0.000817
0,0.011416,-0.02207,0.141201,0.016336,0.167409,0.055123,0.000199,0.000385
0,0.035998,-0.002155,0.04934,0.035073,0.049204,0.000686,0.000628,3.8e-05
0,-0.023093,-0.205863,-0.059331,-0.205316,-0.096247,-0.240428,0.000403,0.003098
0,-0.032299,-0.100215,-0.027604,0.133266,-0.062731,0.168903,0.000564,0.001749
0,0.198974,-0.154664,0.216089,-0.078717,0.266,-0.035589,0.003218,0.002699
0,-0.067611,-0.144916,-0.237117,-0.013544,-0.273186,-0.042666,0.00118,0.002529
0,0.205195,0.029416,0.260226,0.193066,0.224346,0.219136,0.003109,0.000513
0,0.124859,0.029394,-0.090774,-0.014857,-0.074177,-0.040845,0.002179,0.000513
0,0.220401,-0.003317,0.069851,-0.029406,0.074797,-0.073919,0.002844,5.8e-05
0,0.01851,-0.013722,-0.198567,-0.017752,-0.237288,-0.007287,0.000323,0.00024
0,0.230428,-0.008455,0.190949,0.023008,0.160811,0.038827,0.002669,0.000148
0,0.164683,-0.008023,-0.086316,-0.003306,-0.044202,0.032255,0.002874,0.00014
0,0.271347,0.13587,0.09232,0.131892,0.083653,0.106888,0.001955,0.002371
0,0.047144,-0.111185,-0.25168,-0.240703,-0.209563,-0.241249,0.000823,0.001941
0,0.23884,-0.114261,0.187234,0.015388,0.206902,-0.025991,0.002522,0.001994
0,0.24736,-0.093962,-0.012853,0.003349,-0.048434,-0.004015,0.002374,0.00164
0,0.042098,0.0029,-0.227637,0.07452,-0.262951,0.109245,0.000735,5.1e-05
0,0.115728,0.098542,0.098903,0.072777,0.141547,0.048434,0.00202,0.00172
0,0.203843,-0.107813,0.073068,-0.217274,0.044028,-0.189696,0.003133,0.001882
0,-0.070935,-0.005644,-0.285156,0.089469,-0.296612,0.0745,0.001238,9.9e-05
0,0.005108,0.103829,0.059089,0.107756,0.091974,0.117461,8.9e-05,0.001812
0,0.126903,0.05148,0.132485,-0.038383,0.082629,-0.029964,0.002215,0.000899
0,-0.158349,0.146274,-0.261563,0.119987,-0.262811,0.133419,0.002764,0.002553
0,-0.001862,0.124267,0.149287,-0.010089,0.120277,-0.041883,3.2e-05,0.002169
0,0.031965,-0.037694,0.030305,-0.148489,0.024324,-0.176469,0.000558,0.000658
0,0.045675,0.138008,0.000831,0.188093,-0.024392,0.227549,0.000797,0.002409
0,-0.109316,0.116576,-0.144961,-0.048318,-0.173945,-0.032856,0.001908,0.002035
0,-0.07533,-0.034923,0.05706,-0.131598,0.023968,-0.159628,0.001315,0.00061
0,-0.197236,-0.051434,-0.142691,-0.02033,-0.189613,-0.007905,0.003248,0.000898
0,-0.070219,0.02129,0.121097,0.093,0.10889,0.1122,0.001226,0.000372
0,0.098173,0.149249,0.184017,0.130896,0.201754,0.178615,0.001713,0.002605
0,-0.011142,0.042214,-0.112838,-0.123302,-0.084846,-0.102517,0.000194,0.000737
0,0.127904,-0.053405,0.154625,-0.078716,0.172542,-0.083093,0.002232,0.000932
0,0.082992,-0.096054,-0.050615,-0.055391,-0.056584,-0.097905,0.001448,0.001676
0,-0.059662,0.135255,-0.157333,0.21988,-0.142156,0.178287,0.001041,0.002361
0,0.177049,0.174189,0.261681,0.034347,0.285784,0.071314,0.00309,0.00304
0,0.045553,-0.008539,-0.144768,-0.179268,-0.162217,-0.192466,0.000795,0.000149
0,0.127422,0.141001,0.090551,0.149286,0.118135,0.149313,0.002224,0.002461
0,-0.026475,0.029416,-0.169142,-0.116947,-0.18808,-0.10626,0.000462,0.000513
0,0.211344,0.068262,0.255372,0.009032,0.283584,-0.005471,0.003002,0.001191
0,0.19352,-0.086554,-0.042789,-0.168329,-0.00627,-0.129511,0.003313,0.001511
0,0.239855,0.082689,0.03606,0.182987,0.052239,0.159766,0.002505,0.001443
0,0.124898,0.109324,-0.102445,0.046146,-0.138172,0.036247,0.00218,0.001908
0,0.156521,-0.024265,0.005242,-0.157493,0.054881,-0.206144,0.002732,0.000424
0,0.018227,-0.047112,-0.144449,-0.038031,-0.146166,-0.055169,0.000318,0.000822
0,0.170854,-0.046894,0.125766,0.024421,0.15744,0.044518,0.002982,0.000818
0,-0.033612,0.023645,-0.213264,0.099914,-0.227613,0.12203,0.000587,0.000413
0,0.146919,-0.010728,0.210225,-0.025079,0.196725,0.00211,0.002564,0.000187
0,0.280658,0.133198,0.114344,0.15446,0.10401,0.151301,0.001792,0.002325
0,0.165466,0.159968,-0.094447,0.029095,-0.096975,0.038703,0.002888,0.002792
0,-0.001471,0.075533,-0.154125,-0.1053,-0.167204,-0.12334,2.6e-05,0.001318
0,-0.072169,0.06464,-0.09881,0.012771,-0.11799,0.015557,0.00126,0.001128
0,0.079149,-0.007064,0.150022,-0.099706,0.197862,-0.092537,0.001381,0.000123
0,0.063529,0.037569,-0.010234,0.049632,0.027744,0.044158,0.001109,0.000656
0,-0.022567,-0.097725,-0.061051,-0.122107,-0.052211,-0.133151,0.000394,0.001706
0,0.076754,-0.038779,0.112751,0.050792,0.111953,0.067789,0.00134,0.000677
0,0.031181,0.027419,-0.038363,0.08745,-0.011126,0.04091,0.000544,0.000479
0,-0.058261,0.123379,-0.094913,0.066887,-0.124158,0.079891,0.001017,0.002153
0,-0.140568,-0.063679,-0.066123,-0.199053,-0.079911,-0.154604,0.002453,0.001111
0,-0.02278,0.155521,0.125855,0.228754,0.10378,0.194428,0.000398,0.002714
0,-0.092231,0.037703,-0.069297,-0.124469,-0.100605,-0.07459,0.00161,0.000658
0,-0.171632,-0.045701,-0.065639,-0.108695,-0.06659,-0.112376,0.002996,0.000798
0,-0.120124,0.105999,0.029202,0.146675,0.000253,0.105967,0.002097,0.00185
0,0.049825,-0.020749,0.168265,-0.107177,0.161733,-0.093914,0.00087,0.000362
0,-0.095806,0.054842,-0.131656,0.090128,-0.179642,0.129936,0.001672,0.000957
0,-0.155383,-0.039833,-0.045933,-0.067489,-0.073522,-0.033634,0.002712,0.000695
0,0.087202,0.013864,0.217755,0.047459,0.25711,0.016237,0.001522,0.000242
0,0.065761,-0.107902,-0.004627,-0.146669,0.012421,-0.117703,0.001148,0.001883
0,0.013906,-0.142642,-0.04654,-0.046129,-0.04653,0.001451,0.000243,0.00249
0,0.023064,0.117558,0.00873,0.231501,0.006897,0.260376,0.000403,0.002052
0,-0.085272,0.077153,-0.105131,-0.02004,-0.123963,0.004256,0.001488,0.001347
0,-0.0123,0.132197,0.064787,0.064216,0.050567,0.0263,0.000215,0.002307
0,-0.104713,-0.045361,-0.101987,-0.171636,-0.089398,-0.174078,0.001828,0.000792
0,0.142408,0.074275,0.228511,0.105128,0.273936,0.12785,0.002485,0.001296
0,0.139024,-0.043546,0.023278,-0.147818,0.041387,-0.135228,0.002426,0.00076
0,0.003864,-0.068241,-0.109166,-0.022887,-0.068323,-0.070443,6.7e-05,0.001191
0,-0.025209,-0.150318,0.000203,-0.091826,0.007812,-0.12282,0.00044,0.002624
0,-0.054338,0.018686,-0.024938,0.160765,-0.037685,0.205786,0.000948,0.000326
0,-0.015864,0.163945,0.045787,0.12267,0.067277,0.160746,0.000277,0.002861
0,-0.203109,-0.106112,-0.213821,-0.268043,-0.251172,-0.260968,0.003146,0.001852
0,-0.150884,0.054991,0.025474,0.15827,0.000901,0.122767,0.002633,0.00096
0,1.468618,0.561545,1.596545,0.534836,1.619726,0.574171,0.001131,0.00311
0,3.945882,1.14924,2.459396,0.585189,2.45664,0.62745,0.00196,1.4e-05
0,4.124955,1.184654,0.158549,0.027101,0.135657,0.070762,0.001605,0.000604
0,3.538296,2.231428,-0.616396,1.025091,-0.642172,0.991135,0.001538,0.001199
0,2.78236,1.892383,-0.753903,-0.348712,-0.719234,-0.389156,0.001726,0.000426
0,2.091577,1.44551,-0.700605,-0.458835,-0.682958,-0.420266,0.003051,0.001534
0,1.534373,1.214645,-0.573639,-0.252339,-0.550059,-0.250157,1.7e-05,0.001127
0,1.154066,0.849579,-0.373353,-0.338623,-0.344899,-0.321222,7e-05,0.001446
0,0.816843,0.779985,-0.3558,-0.052312,-0.358202,-0.054246,0.000875,0.000232
0,0.406712,0.437699,-0.395408,-0.336687,-0.406678,-0.32646,0.000408,0.000948
0,0.264489,0.202463,-0.168207,-0.219711,-0.12876,-0.213328,0.002075,0.003157
0,0.012604,0.01265,-0.25684,-0.185021,-0.303438,-0.188639,0.00022,0.000221
0,-0.153331,-0.027401,-0.169529,-0.011115,-0.177574,-0.02151,0.002676,0.000478
0,-0.394095,-0.102707,-0.22241,-0.046742,-0.187063,-0.059457,0.000187,0.001793
0,-0.416579,-0.154982,-0.036278,-0.042416,-0.036595,-0.030253,0.00058,0.002705
0,-0.234547,-0.121307,0.165639,0.008187,0.153602,-0.020577,0.002597,0.002117
0,-0.463098,-0.068011,-0.20025,0.071856,-0.227651,0.031616,0.001392,0.001187
0,-0.232549,-0.035235,0.25479,0.05795,0.260726,0.034258,0.002632,0.000615
0,-0.333778,-0.09518,-0.125526,-0.048258,-0.10375,-0.009577,0.000865,0.001661
0,-0.136062,-0.073192,0.215263,0.030321,0.175808,0.004168,0.002375,0.001277
0,-0.12385,-0.050148,0.029939,0.011895,-0.014285,0.00678,0.002162,0.000875
0,-0.036053,-0.074406,0.087777,-0.007145,0.132037,-0.002411,0.000629,0.001299
0,-0.049506,-0.246911,0.009809,-0.194725,0.00682,-0.213932,0.000864,0.002381
0,-0.019656,-0.125254,0.009795,0.095738,0.030257,0.143766,0.000343,0.002186
0,-0.048556,-0.09122,-0.024368,0.045223,-0.047358,0.064818,0.000847,0.001592
0,-0.180054,-0.158005,-0.123536,-0.06142,-0.090781,-0.080241,0.003143,0.002758
0,-0.175493,-0.176477,-0.024859,-0.01054,-0.05108,0.037346,0.003063,0.00308
0,0.046254,-0.244309,0.205171,-0.065582,0.222071,-0.086663,0.000807,0.002427
0,-0.213938,-0.05742,-0.259501,0.166627,-0.213586,0.16041,0.002957,0.001002
0,-0.055642,0.010092,0.160062,0.094992,0.209906,0.131055,0.000971,0.000176
0,-0.12582,-0.229482,-0.064689,-0.215321,-0.108443,-0.199165,0.002196,0.002686
0,-0.061386,-0.213465,0.074198,0.019168,0.108975,0.038232,0.001071,0.002965
0,-0.100842,-0.138961,-0.042509,0.094179,-0.049667,0.111173,0.00176,0.002425
0,-0.030662,-0.128231,0.087432,-0.00374,0.054176,-0.047871,0.000535,0.002238
0,0.110793,-0.012749,0.159022,0.111475,0.110025,0.144287,0.001934,0.000223
0,-0.069356,-0.206812,-0.208542,-0.214938,-0.239132,-0.176757,0.00121,0.003081
0,-0.104682,0.051638,-0.060205,0.287787,-0.056915,0.305718,0.001827,0.000901
0,0.074257,-0.163913,0.207582,-0.193982,0.215803,-0.179378,0.001296,0.002861
0,-0.089166,-0.18694,-0.136316,-0.010811,-0.130164,0.032936,0.001556,0.003263
0,-0.195276,-0.206934,-0.099156,-0.027653,-0.077791,-0.023182,0.003283,0.003079
0,-0.229316,-0.109834,-0.026422,0.117558,-0.016584,0.102287,0.002688,0.001917
0,-0.00963,-0.033121,0.210362,0.060338,0.20044,0.099591,0.000168,0.000578
0,0.004568,-0.137989,-0.003031,-0.130997,-0.021543,-0.158531,8e-05,0.002408
0,0.074028,-0.130928,0.053745,0.027026,0.082039,0.03979,0.001292,0.002285
0,-0.097818,0.070548,-0.154641,0.224821,-0.128989,0.204377,0.001707,0.001231
0,-0.049251,0.052842,0.054955,-0.038529,0.066773,-0.020847,0.00086,0.000922
0,0.017804,0.162466,0.096167,0.11534,0.05832,0.137195,0.000311,0.002836
0,0.002729,-0.012109,-0.001466,-0.164316,-0.014654,-0.201333,4.8e-05,0.000211
0,0.061248,-0.05213,0.040061,-0.063076,0.028051,-0.051233,0.001069,0.00091
0,-0.189134,0.009301,-0.276055,0.084486,-0.297365,0.039072,0.003301,0.000162
0,-0.110357,-0.04109,0.107599,-0.07714,0.135303,-0.070603,0.001926,0.000717
0,-0.129247,-0.041672,-0.032627,0.017531,-0.026768,-0.02058,0.002256,0.000727
0,-0.034361,0.134235,0.124145,0.201405,0.171558,0.165388,0.0006,0.002343
0,-0.010953,0.053068,0.045521,-0.073495,-0.004088,-0.090601,0.000191,0.000926
0,-0.015294,-0.088274,-0.01244,-0.151181,0.011967,-0.116314,0.000267,0.001541
0,0.014235,-0.084521,0.006978,0.027721,0.038603,-0.019581,0.000248,0.001475
0,0.07705,-0.020236,0.084662,0.081628,0.09509,0.045097,0.001345,0.000353
0,-0.067672,0.135401,-0.121186,0.128028,-0.139517,0.143541,0.001181,0.002363
0,0.099266,-0.049379,0.194333,-0.155234,0.17826,-0.161566,0.001733,0.000862
0,0.098578,-0.102712,0.024888,-0.036381,0.011253,-0.018205,0.001721,0.001793
0,0.040718,0.067649,-0.02991,0.142075,-0.054737,0.109093,0.000711,0.001181
0,0.102872,-0.007801,0.077815,-0.066024,0.082998,-0.03292,0.001795,0.000136
0,0.192428,0.085978,0.091767,0.085815,0.137631,0.051423,0.003332,0.001501
0,0.078129,0.105512,-0.093465,0.016805,-0.11664,0.039393,0.001364,0.001842
0,0.052614,0.105799,-0.037958,0.026885,-0.022058,0.067548,0.000918,0.001847
0,0.111013,0.080994,0.062582,-0.053991,0.110882,-0.052413,0.001938,0.001414
0,0.095023,-0.087274,-0.000468,-0.195782,-0.035738,-0.224928,0.001658,0.001523
0,0.040047,0.149303,-0.073885,0.226333,-0.087845,0.183579,0.000699,0.002606
0,0.018134,0.135997,0.003036,-0.005159,0.001934,-0.03521,0.000317,0.002374
0,0.069277,0.147364,0.06749,0.021732,0.056441,0.06964,0.001209,0.002572
0,0.288293,0.139831,0.204891,0.011994,0.253393,0.001336,0.001659,0.002441
0,0.123549,-0.061134,-0.165589,-0.216257,-0.180021,-0.252509,0.002156,0.001067
0,0.041967,0.164712,-0.065095,0.220628,-0.022625,0.248319,0.000732,0.002875
0,0.274018,0.100509,0.238003,-0.046905,0.243689,-0.06383,0.001908,0.001754
0,0.28749,0.122976,0.028298,0.032286,0.042221,0.06971,0.001673,0.002146
0,0.29971,-0.155566,0.024643,-0.260644,-0.001471,-0.280607,0.00146,0.002715
0,0.094303,-0.001005,-0.226882,0.155376,-0.223677,0.13888,0.001646,1.8e-05
0,0.137012,0.014624,0.06282,-0.000816,0.084317,-0.019205,0.002391,0.000255
0,0.277377,-0.122001,0.111696,-0.117212,0.156535,-0.156708,0.00185,0.002129
0,0.045434,0.01154,-0.244179,0.135969,-0.23733,0.092911,0.000793,0.000201
0,0.294795,0.150279,0.242569,0.168621,0.198568,0.164114,0.001546,0.002623
0,0.07587,-0.085093,-0.219347,-0.258187,-0.237757,-0.245595,0.001324,0.001485
0,0.105234,-0.037062,0.052352,0.021262,0.051086,0.023519,0.001837,0.000647
0,0.154675,0.054997,0.071092,0.075494,0.023189,0.046868,0.0027,0.00096
0,-0.004559,-0.02337,-0.143532,-0.057647,-0.166922,-0.101391,8e-05,0.000408
0,0.191025,0.07509,0.211334,0.091396,0.173538,0.133577,0.003334,0.001311
0,0.029462,-0.158428,-0.168275,-0.209022,-0.164254,-0.22105,0.000514,0.002765
0,0.036478,0.042205,0.015423,0.227922,-0.034412,0.205521,0.000637,0.000737
0,0.016072,-0.048151,-0.020358,-0.114748,-0.051417,-0.132825,0.000281,0.00084
0,0.107272,0.09921,0.072753,0.121464,0.105391,0.129645,0.001872,0.001732
0,-2.404071,-0.16063,-2.533997,-0.241175,-2.56479,-0.206782,0.001814,0.002804
0,-3.414171,-0.138501,-1.010099,0.043763,-0.981219,0.070212,0.000629,0.002417
0,-2.666569,-0.27539,0.758793,-0.114825,0.761756,-0.138954,0.000295,0.001884
0,-2.489026,-0.335216,0.163435,-0.085261,0.151476,-0.048646,0.003297,0.00084
0,-1.966476,-0.451014,0.519077,-0.137119,0.504714,-0.142056,0.000867,0.001181
0,-1.383645,-0.127737,0.579871,0.319085,0.604253,0.301994,0.002614,0.002229
0,-1.022191,-0.26259,0.365919,-0.139465,0.369461,-0.119448,0.002232,0.002108
0,-0.855107,-0.241901,0.177918,0.012686,0.194451,-0.001516,0.001543,0.002469
0,-0.342292,0.062722,0.492971,0.31816,0.505765,0.30602,0.000717,0.001095
0,-0.157957,0.118571,0.21389,0.067326,0.253039,0.100116,0.002757,0.002069
0,-0.254105,0.082599,-0.09067,-0.01945,-0.134305,0.023613,0.002256,0.001442
0,-0.158175,0.063268,0.079023,0.001772,0.049026,0.031311,0.002761,0.001104
0,0.017794,-0.034569,0.203465,-0.086266,0.202034,-0.081302,0.000311,0.000603
0,0.155225,0.139513,0.160363,0.185184,0.162994,0.155174,0.002709,0.002435
0,0.024114,0.169517,-0.144221,0.013537,-0.178145,0.006865,0.000421,0.002959
0,0.27329,0.040608,0.24131,-0.10973,0.253225,-0.112234,0.001921,0.000709
0,0.058342,0.139786,-0.22219,0.086794,-0.250003,0.092381,0.001018,0.00244
0,0.043655,0.159991,0.008099,0.045141,-0.00917,0.023856,0.000762,0.002792
0,0.051368,-0.118137,0.013761,-0.288494,0.035313,-0.240929,0.000897,0.002062
0,0.237673,-0.000124,0.158926,0.128584,0.196342,0.175127,0.002543,2e-06
0,0.002835,-0.088565,-0.258114,-0.061831,-0.247452,-0.080985,4.9e-05,0.001546
0,-0.067784,-0.048031,-0.082443,0.031915,-0.115919,0.02784,0.001183,0.000838
0,0.007188,-0.140499,0.060513,-0.120623,0.029319,-0.118628,0.000125,0.002452
0,-0.022249,0.080197,-0.029117,0.196584,-0.015911,0.154124,0.000388,0.0014
0,0.041631,-0.069047,0.084599,-0.14259,0.09517,-0.174731,0.000727,0.001205
0,-0.034689,-0.059935,-0.094572,0.02352,-0.125425,0.049952,0.000605,0.001046
0,-0.015206,-0.173868,0.025286,-0.131028,-0.021101,-0.083443,0.000265,0.003035
0,0.022457,-0.018462,0.042504,0.148886,0.044117,0.147324,0.000392,0.000322
0,0.027031,0.121514,-0.004028,0.120384,0.034112,0.160791,0.000472,0.002121
0,-0.007399,0.008631,-0.06258,-0.132878,-0.063716,-0.149718,0.000129,0.000151
0,-0.169399,-0.048295,-0.179202,-0.035234,-0.186838,-0.037277,0.002957,0.000843
0,0.067865,-0.02996,0.222604,0.009149,0.238097,-0.039514,0.001184,0.000523
0,-0.059218,0.115768,-0.111803,0.119158,-0.08618,0.071869,0.001034,0.002021
0,-0.008579,-0.076832,0.048752,-0.216908,0.071227,-0.21847,0.00015,0.001341
0,-0.13351,0.015471,-0.130039,0.088286,-0.15717,0.102498,0.00233,0.00027
0,-0.082122,-0.039203,0.076165,-0.077373,0.066266,-0.058441,0.001433,0.000684
0,0.003511,-0.009954,0.08844,0.055862,0.10373,0.065461,6.1e-05,0.000174
0,-0.087342,-0.046269,-0.077074,-0.012184,-0.057419,0.000217,0.001524,0.000808
0,-0.15708,0.128833,-0.084739,0.203321,-0.04544,0.231123,0.002742,0.002249
0,-0.185649,-0.163495,-0.016741,-0.272589,-0.009944,-0.228595,0.00324,0.002854
0,0.052385,-0.11228,0.226072,0.029794,0.204134,0.046384,0.000914,0.00196
0,-0.085755,0.030145,-0.114181,0.143389,-0.112162,0.174224,0.001497,0.000526
0,-0.047329,-0.041329,0.033182,-0.053115,0.028668,-0.02403,0.000826,0.000721
0,-0.112576,0.022568,-0.092165,0.069682,-0.110686,0.078752,0.001965,0.000394
0,-0.013456,0.068837,0.105466,0.043621,0.066868,0.035553,0.000235,0.001201
0,-0.183212,0.05213,-0.140992,-0.032903,-0.131953,-0.017214,0.003198,0.00091
0,-0.072407,0.056301,0.087002,0.016881,0.131453,0.021374,0.001264,0.000983
0,0.069736,-0.092578,0.149063,-0.146092,0.147234,-0.105264,0.001217,0.001616
0,-0.005858,-0.104124,-0.067736,-0.008823,-0.083068,-0.040201,0.000102,0.001817
0,0.061194,0.076912,0.049904,0.17236,0.057573,0.212905,0.001068,0.001342
0,0.01542,0.002941,-0.035171,-0.102841,-0.027637,-0.098139,0.000269,5.1e-05
0,0.009912,0.039011,-0.017216,0.018954,-0.060738,0.019263,0.000173,0.000681
0,0.141198,0.048388,0.118693,0.009669,0.151005,0.042519,0.002464,0.000845
0,-0.007645,0.061315,-0.124685,0.023453,-0.125392,-0.0031,0.000133,0.00107
0,-0.087423,0.012609,-0.073574,-0.057948,-0.102374,-0.057749,0.001526,0.00022
0,0.153718,-0.061149,0.213042,-0.073716,0.205095,-0.105151,0.002683,0.001067
0,-0.049336,-0.007827,-0.218302,0.028811,-0.236208,0.056941,0.000861,0.000137
0,0.174646,-0.032839,0.243525,-0.003411,0.277598,0.026917,0.003048,0.000573
0,0.219423,-0.149189,0.054556,-0.126364,0.101193,-0.120696,0.002861,0.002604
0,0.23585,-0.176902,0.024801,-0.011301,0.036345,-0.006694,0.002574,0.003088
0,0.248839,0.093992,0.040553,0.277454,0.05124,0.320396,0.002348,0.00164
0,0.158427,-0.069094,-0.075473,-0.191822,-0.043342,-0.180019,0.002765,0.001206
0,0.204038,0.071438,0.059268,0.134566,0.066845,0.14894,0.00313,0.001247
0,0.238609,0.092151,0.010314,0.015704,-0.02481,-0.010011,0.002526,0.001608
0,0.249736,0.034275,0.024144,-0.035008,0.053758,0.010757,0.002332,0.000598
0,0.128201,-0.069495,-0.130385,-0.127764,-0.178572,-0.117637,0.002238,0.001213
0,0.061704,-0.048169,-0.096383,-0.002363,-0.080816,-0.024923,0.001077,0.000841
0,-0.062545,0.034559,-0.101078,0.10098,-0.149955,0.134197,0.001092,0.000603
0,0.018313,0.123634,0.092618,0.112201,0.114303,0.148373,0.00032,0.002158
0,-0.011118,0.067869,-0.010809,-0.037637,-0.051784,-0.037066,0.000194,0.001185
0,0.114037,0.094228,0.150471,0.027043,0.187973,-0.009756,0.00199,0.001645
0,-0.129705,0.002872,-0.231587,-0.07761,-0.252216,-0.079691,0.002264,5e-05
0,0.05261,-0.105533,0.193415,-0.114719,0.17277,-0.11738,0.000918,0.001842
0,-0.11398,-0.012694,-0.141652,0.121912,-0.174425,0.0791,0.001989,0.000222
0,-0.055444,-0.005576,0.083527,0.03493,0.124431,0.007598,0.000968,9.7e-05
0,0.032658,0.127137,0.115683,0.11368,0.095975,0.102471,0.00057,0.002219
0,0.054635,-0.054634,0.027394,-0.178206,0.030754,-0.214282,0.000954,0.000954
0,0.10091,0.048966,0.063735,0.12852,0.021228,0.109309,0.001761,0.000855
0,0.230799,0.08871,0.116453,0.036882,0.151675,0.071485,0.002663,0.001548
0,0.19737,-0.068027,-0.059278,-0.136735,-0.093975,-0.152929,0.003246,0.001187
0,0.116287,-0.106715,-0.056877,-0.061948,-0.089024,-0.045969,0.00203,0.001863
0,0.198574,-0.077826,0.106379,0.040153,0.126639,0.067019,0.003225,0.001358
0,0.135679,-0.055593,-0.049441,0.050039,-0.02051,0.055272,0.002368,0.00097
0,0.12192,0.120133,-0.012451,0.200789,-0.008779,0.187154,0.002128,0.002097
0,0.074987,-0.007132,-0.029334,-0.102187,-0.062055,-0.120435,0.001309,0.000124
0,-0.245605,0.021287,-0.290734,0.01829,-0.301356,0.005233,0.002404,0.000372
0,-0.140811,0.001536,0.127582,0.004348,0.087376,0.009473,0.002458,2.7e-05
0,-0.027429,0.082582,0.085354,0.072789,0.101325,0.118138,0.000479,0.001441
0,-0.06088,-0.095275,-0.025456,-0.172819,-0.069691,-0.182121,0.001063,0.001663
0,-0.17011,-0.111913,-0.085641,-0.022406,-0.133108,0.004329,0.002969,0.001953
0,-0.191783,-0.074237,-0.005596,0.055885,0.024031,0.077655,0.003344,0.001296
0,0.037851,-0.073093,0.256505,0.010764,0.213576,0.022151,0.000661,0.001276
0,-0.110708,-0.099152,-0.169818,-0.044025,-0.181264,0.005576,0.001932,0.001731
0,-0.042702,0.00699,0.091943,0.117632,0.082442,0.129831,0.000745,0.000122
0,-0.159926,-0.09414,-0.087739,-0.077271,-0.056976,-0.126264,0.002791,0.001643
0,-0.023516,-0.039644,0.135656,0.028112,0.152047,0.026107,0.00041,0.000692
0,0.121494,-0.044419,0.149115,-0.027367,0.167563,-0.032016,0.00212,0.000775
0,0.120314,-0.040992,0.000335,0.00308,0.014482,0.012537,0.0021,0.000715
0,-0.142547,0.059256,-0.257547,0.129027,-0.214653,0.100268,0.002488,0.001034
0,-0.08936,0.09325,0.023194,0.026828,0.048923,-0.022687,0.00156,0.001628
0,0.004194,-0.020303,0.07997,-0.109596,0.107195,-0.077738,7.3e-05,0.000354
0,-0.153334,0.045815,-0.130046,0.061551,-0.154143,0.01717,0.002676,0.0008
0,-0.209704,-0.044015,-0.05894,-0.097114,-0.064526,-0.098805,0.003031,0.000768
0,-0.018188,-0.087918,0.174398,-0.046943,0.142996,-0.000805,0.000317,0.001534
0,-0.114551,0.006409,-0.124737,0.106854,-0.118795,0.060466,0.001999,0.000112
0,-0.026262,-0.099803,0.090331,-0.087126,0.04546,-0.10582,0.000458,0.001742
0,0.145364,-0.122476,0.153761,-0.033004,0.147022,-0.000841,0.002537,0.002138
0,-0.060902,0.066744,-0.234214,0.176188,-0.261518,0.194205,0.001063,0.001165
0,0.172694,0.122895,0.227969,0.078755,0.18976,0.116654,0.003014,0.002145
0,0.213125,-0.100697,0.018028,-0.243707,0.062625,-0.223408,0.002971,0.001757
0,0.047718,0.00975,-0.152224,0.139966,-0.167376,0.176884,0.000833,0.00017
0,0.153986,0.164518,0.105542,0.165033,0.08752,0.202494,0.002688,0.002871
0,0.263146,-0.010754,0.117394,-0.181327,0.16154,-0.196542,0.002098,0.000188
0,0.249194,-0.021468,-0.011328,-0.025411,-0.037283,-0.062913,0.002342,0.000375
0,0.072986,0.115889,-0.165121,0.136089,-0.188371,0.119561,0.001274,0.002023
0,0.075961,0.090163,-0.022013,-0.05092,-0.025585,-0.016732,0.001326,0.001574
0,0.085349,-0.115209,-0.0142,-0.175914,-0.030421,-0.221886,0.00149,0.002011
0,0.215721,-0.113767,0.152079,-0.003329,0.125034,-0.051413,0.002926,0.001986
0,0.02202,0.034768,-0.176623,0.174632,-0.159519,0.142357,0.000384,0.000607
0,0.079502,0.129283,0.046172,0.1167,0.067824,0.123976,0.001388,0.002256
0,-0.039903,-0.06457,-0.102789,-0.167724,-0.06879,-0.143935,0.000696,0.001127
0,0.031688,0.142335,0.075702,0.233822,0.044504,0.23987,0.000553,0.002484
0,0.280497,-0.038345,0.256993,-0.159617,0.208819,-0.139981,0.001795,0.000669
0,-0.013249,0.035558,-0.273434,0.064205,-0.290119,0.031573,0.000231,0.000621
0,0.203981,-0.025516,0.244843,-0.041686,0.288795,-0.017381,0.003131,0.000445
0,-0.056648,0.164246,-0.262536,0.167143,-0.308335,0.19659,0.000989,0.002867
0,0.160022,0.006424,0.196838,-0.168334,0.15206,-0.166498,0.002793,0.000112
0,0.145372,-0.086658,0.001349,-0.08902,0.002768,-0.096529,0.002537,0.001512
0,0.05782,0.171131,-0.083751,0.228751,-0.0343,0.218578,0.001009,0.002987
0,-0.059534,-0.127318,-0.111187,-0.289849,-0.109897,-0.309801,0.001039,0.002222
0,-0.010146,-0.110574,0.036262,0.034716,0.047853,-0.005633,0.000177,0.00193
0,-0.003007,0.002025,0.011305,0.129314,0.018315,0.135246,5.2e-05,3.5e-05
0,0.051447,0.041301,0.079944,0.068924,0.062699,0.059404,0.000898,0.000721
0,-0.053861,-0.110461,-0.107017,-0.128136,-0.099816,-0.166886,0.00094,0.001928
0,-0.105109,0.171904,-0.028603,0.286884,-0.076424,0.302343,0.001834,0.003
0,-0.063202,-0.059477,0.012215,-0.214498,-0.013328,-0.186819,0.001103,0.001038
0,-0.039171,0.064252,0.013507,0.139353,0.018534,0.09784,0.000684,0.001121
0,-0.124861,-0.072195,-0.110708,-0.111803,-0.136173,-0.145564,0.002179,0.00126
0,-0.187472,0.139294,-0.073919,0.197579,-0.069396,0.201368,0.003272,0.002431
0,-0.136556,0.024699,0.076735,-0.107453,0.056271,-0.061765,0.002383,0.000431
0,-0.024998,0.050901,0.115011,0.040014,0.121272,0.00656,0.000436,0.000888
0,-0.160569,-0.0578,-0.128699,-0.122548,-0.128021,-0.073643,0.002802,0.001009
0,-0.27583,-0.103794,-0.145189,-0.054213,-0.10341,-0.009999,0.001877,0.001812
0,-0.214548,0.004754,0.039348,0.118739,0.040618,0.080733,0.002946,8.3e-05
0,-0.219362,-0.030941,-0.022847,-0.063246,-0.063669,-0.022398,0.002862,0.00054
0,-0.298365,0.081857,-0.059197,0.114042,-0.102728,0.10192,0.001483,0.001429
0,-0.143095,-0.047088,0.13743,-0.099608,0.11573,-0.056382,0.002497,0.000822
0,-0.223529,0.027886,-0.069462,0.104448,-0.08113,0.120863,0.002789,0.000487
0,-0.270191,0.092618,-0.048275,0.055283,-0.085119,0.030084,0.001975,0.001616
0,-0.078577,0.101904,0.196166,0.009075,0.165858,0.059016,0.001371,0.001779
0,-0.066455,-0.116331,0.017387,-0.222325,-0.019896,-0.21586,0.00116,0.00203
0,-0.065875,-0.1036,0.010459,0.002187,0.015478,0.024044,0.00115,0.001808
0,-0.19164,0.040322,-0.121505,0.143514,-0.132359,0.179007,0.003345,0.000704
0,-0.167853,0.152266,0.052472,0.09506,0.024007,0.117729,0.00293,0.002658
0,-0.062991,0.140243,0.115431,0.005867,0.14773,-0.035602,0.001099,0.002448
0,0.022039,0.13024,0.058365,0.01194,0.067115,-0.023879,0.000385,0.002273
0,-0.282577,0.005548,-0.306205,-0.121817,-0.3316,-0.133289,0.001759,9.7e-05
0,0.024398,-0.037419,0.333414,-0.053761,0.322916,-0.041355,0.000426,0.000653
0,-0.195088,0.116607,-0.208796,0.134881,-0.239832,0.137916,0.003286,0.002035
0,-0.109528,0.040703,0.096026,-0.095045,0.088232,-0.0828,0.001912,0.00071
0,0.039652,0.106301,0.13147,0.08185,0.082272,0.054127,0.000692,0.001855
0,-0.146987,0.086127,-0.169434,0.005489,-0.168106,-0.015128,0.002565,0.001503
0,-0.08546,0.124209,0.057443,0.046205,0.012339,0.019436,0.001492,0.002168
0,0.053456,0.091693,0.147961,-0.007625,0.178989,-0.042086,0.000933,0.0016
0,-0.041132,-0.014802,-0.107676,-0.124667,-0.067232,-0.083965,0.000718,0.000258
0,-0.167549,0.09698,-0.125387,0.130415,-0.111278,0.178545,0.002924,0.001693
0,0.025605,0.213691,0.191229,0.106943,0.168412,0.141438,0.000447,0.002961
0,0.013113,0.122378,0.014517,-0.10612,0.032199,-0.087973,0.000229,0.002136
0,-0.100481,0.17447,-0.095629,0.041268,-0.100436,0.068838,0.001754,0.003045
0,-0.084835,0.089559,-0.008909,-0.110581,-0.024768,-0.095989,0.001481,0.001563
0,-0.07892,0.088964,0.018896,-0.002406,0.057727,-0.038834,0.001377,0.001553
0,-0.066045,0.0185,-0.003774,-0.074062,-0.041117,-0.095287,0.001153,0.000323
0,0.031766,-0.082932,0.074541,-0.083647,0.08535,-0.055479,0.000554,0.001447
0,0.059661,-0.021248,0.008527,0.067762,-0.031208,0.036217,0.001041,0.000371
0,-0.069177,0.120692,-0.151563,0.155294,-0.145702,0.186501,0.001207,0.002106
0,0.054736,0.038558,0.100472,-0.053732,0.139882,-0.0147,0.000955,0.000673
0,-0.164263,0.18968,-0.195628,0.138047,-0.20692,0.097697,0.002867,0.003311
0,0.062553,-0.031301,0.209857,-0.235377,0.204917,-0.2833,0.001092,0.000546
0,0.01413,-0.068166,-0.041367,-0.04766,-0.080144,-0.068508,0.000247,0.00119
0,0.137646,0.081357,0.11052,0.170577,0.067009,0.173136,0.002402,0.00142
0,0.064381,-0.118759,-0.062625,-0.228504,-0.020053,-0.252711,0.001124,0.002073
0,-0.030463,0.152218,-0.068897,0.287538,-0.058034,0.254731,0.000532,0.002657
0,-0.104137,-0.086499,-0.075541,-0.245468,-0.109537,-0.279141,0.001818,0.00151
0,0.052573,-0.104171,0.183595,-0.00144,0.143256,-0.048215,0.000918,0.001818
0,0.132445,-0.117224,0.088873,-0.011094,0.072959,-0.058187,0.002312,0.002046
0,0.117638,0.023002,-0.021069,0.150354,-0.030859,0.163985,0.002053,0.000401
0,-0.135031,-0.045566,-0.261408,-0.039321,-0.212116,0.003741,0.002357,0.000795
0,-0.028892,0.092045,0.090438,0.127412,0.068616,0.093137,0.000504,0.001606
0,0.060168,0.074058,0.095162,-0.024984,0.13757,0.007753,0.00105,0.001293
0,0.015678,0.136576,-0.041827,0.082535,-0.075324,0.127752,0.000274,0.002384
0,0.124847,-0.030412,0.093288,-0.147679,0.123942,-0.130311,0.002179,0.000531
0,0.202837,-0.093646,0.05524,-0.046327,0.005514,-0.040402,0.003151,0.001634
0,0.206693,0.012803,0.007856,0.117404,-0.004942,0.107522,0.003083,0.000223
0,-0.001438,0.070188,-0.196683,0.027843,-0.224101,0.008101,2.5e-05,0.001225
0,0.112933,-0.106619,0.114756,-0.186412,0.102699,-0.204182,0.001971,0.001861
0,0.104983,-0.124668,-0.012354,0.009954,0.005919,0.025876,0.001832,0.002176
0,0.049663,-0.126139,-0.058785,-0.011975,-0.090863,0.028323,0.000867,0.002202
0,-0.134685,0.078434,-0.1812,0.186784,-0.225577,0.150224,0.002351,0.001369
0,0.097959,0.025148,0.203751,-0.060396,0.206871,-0.065323,0.00171,0.000439
0,0.015029,-0.08596,-0.0702,-0.085183,-0.047943,-0.111362,0.000262,0.0015
0,0.104981,-0.110015,0.105131,-0.042646,0.154767,-0.026287,0.001832,0.00192
0,0.202132,-0.14198,0.081286,-0.059412,0.057332,-0.103668,0.003163,0.002478
0,-0.043619,-0.088951,-0.22825,0.02375,-0.250433,0.063976,0.000761,0.001552
0,-0.070235,0.129414,-0.016251,0.229445,-0.063184,0.228927,0.001226,0.002259
0,0.138364,0.167199,0.219497,0.026969,0.219767,0.066789,0.002415,0.002918
0,-0.01685,0.01321,-0.145059,-0.143901,-0.115323,-0.142939,0.000294,0.000231
0,-0.023003,0.09496,-0.010996,0.108814,0.006136,0.155008,0.000401,0.001657
0,-0.017039,-0.062407,0.034487,-0.148663,-0.001493,-0.165546,0.000297,0.001089
0,-0.012644,0.003671,0.010347,0.090741,0.031383,0.10069,0.000221,6.4e-05
0,-0.008084,0.151564,-0.024394,0.177651,0.021585,0.207022,0.000141,0.002645
0,0.149405,0.149655,0.153643,-0.00447,0.163378,-0.032393,0.002608,0.002612
0,0.245437,0.122116,0.084453,-0.010896,0.126278,-0.024014,0.002407,0.002131
0,0.070409,-0.039736,-0.156615,-0.147483,-0.201606,-0.099601,0.001229,0.000694
0,0.095744,0.112401,0.001535,0.153527,-0.006203,0.181637,0.001671,0.001962
0,0.190935,-0.055457,0.069128,-0.143429,0.032591,-0.107784,0.003332,0.000968
0,0.143688,-0.042028,-0.021088,0.04075,-0.069374,0.068049,0.002508,0.000734
0,-0.024473,0.07153,-0.183779,0.107751,-0.212661,0.101283,0.000427,0.001248
0,0.1301,-0.025735,0.173343,-0.107527,0.129125,-0.059817,0.002271,0.000449
0,0.010252,0.001235,-0.091962,0.02843,-0.060567,0.020409,0.000179,2.2e-05
0,0.012154,-0.140409,-0.024507,-0.116092,-0.03672,-0.110419,0.000212,0.002451
0,0.147578,0.024173,0.111557,0.166131,0.121762,0.129447,0.002576,0.000422
0,-0.002026,0.06509,-0.13799,0.067649,-0.171017,0.06322,3.5e-05,0.001136
0,0.029182,-0.132922,0.041801,-0.205141,0.053915,-0.159717,0.000509,0.00232
0,-0.030363,0.071281,-0.044394,0.210931,-0.088486,0.18297,0.00053,0.001244
0,0.25723,0.064787,0.273089,-0.034637,0.262735,-0.064785,0.002201,0.001131
0,0.84046,0.504225,0.568307,0.445311,0.536697,0.461894,0.001287,0.00211
0,2.140355,1.058992,1.28943,0.571544,1.241673,0.570978,0.002789,0.00159
0,2.239866,1.320231,0.124731,0.25155,0.113031,0.271538,0.001052,0.00297
0,2.580648,1.984622,0.322996,0.662171,0.370381,0.632625,0.001795,0.001184
0,2.742693,2.142771,0.167963,0.160387,0.135913,0.14025,0.001033,0.002746
0,2.270111,1.917412,-0.493593,-0.209982,-0.50291,-0.24299,0.000524,1.1e-05
0,1.832352,2.024706,-0.416987,0.136866,-0.450925,0.180304,0.001474,0.001884
0,1.445161,1.62036,-0.411311,-0.378062,-0.396992,-0.399927,0.00154,0.001517
0,1.161022,1.003642,-0.261976,-0.631584,-0.218321,-0.587592,0.000191,0.002556
0,0.694965,0.714233,-0.482588,-0.308698,-0.443194,-0.308998,0.001252,0.000916
0,0.618211,0.524407,-0.058093,-0.179944,-0.018453,-0.190842,0.002592,0.002462
0,0.294078,0.116891,-0.353498,-0.398533,-0.372483,-0.420526,0.001558,0.00204
0,0.104172,0.122487,-0.176384,-0.018037,-0.211081,-0.036731,0.001818,0.002138
0,-0.308553,-0.095069,-0.388585,-0.239606,-0.418024,-0.269655,0.001306,0.001659
0,-0.340008,-0.112392,-0.009779,-0.043907,-0.04302,-0.079545,0.000757,0.001962
0,-0.199266,-0.276933,0.120754,-0.159324,0.150652,-0.142152,0.003213,0.001857
0,-0.366008,-0.294026,-0.176632,-0.033666,-0.218369,-0.019781,0.000303,0.001559
0,-0.333463,-0.028119,0.023747,0.284234,0.067301,0.3003,0.000871,0.000491
0,-0.072929,-0.154715,0.262772,-0.150519,0.275667,-0.170985,0.001273,0.0027
0,-0.093702,0.012012,-0.041247,0.1824,-0.080643,0.151094,0.001635,0.00021
0,-0.180382,-0.15367,-0.103437,-0.187146,-0.107881,-0.169131,0.003148,0.002682
0,-0.115271,-0.106679,0.065465,0.041014,0.092597,-0.00339,0.002012,0.001862
0,-0.029615,-0.014065,0.069959,0.100074,0.026456,0.071478,0.000517,0.000245
0,-0.007813,0.079909,0.029401,0.11238,0.01925,0.131271,0.000136,0.001395
0,-0.010179,-0.172054,0.025425,-0.276363,0.040865,-0.252272,0.000178,0.003003
0,-0.067045,-0.040459,-0.06446,0.122448,-0.02568,0.07448,0.00117,0.000706
0,0.016538,-0.189156,0.110223,-0.125483,0.104616,-0.096012,0.000289,0.003301
0,0.073599,-0.101803,0.039309,0.080291,0.034704,0.07282,0.001285,0.001777
0,-0.000665,0.081518,-0.058608,0.172972,-0.051475,0.21411,1.2e-05,0.001423
0,-0.165382,-0.105872,-0.137866,-0.164241,-0.175082,-0.161914,0.002886,0.001848
0,-0.163789,-0.156252,-0.004779,-0.049371,-0.047844,-0.014703,0.002859,0.002727
0,-0.091244,-0.083473,0.101741,0.099734,0.088151,0.081009,0.001593,0.001457
0,0.023439,-0.010995,0.142672,0.050228,0.190986,0.09464,0.000409,0.000192
0,-0.013902,-0.052485,-0.040215,-0.064752,-0.08033,-0.100247,0.000243,0.000916
0,-0.040235,0.096143,-0.000569,0.161739,-0.006032,0.159842,0.000702,0.001678
0,0.020619,-0.028099,0.081688,-0.116589,0.089564,-0.077392,0.00036,0.00049
0,-0.067733,-0.096954,-0.08525,-0.084873,-0.075543,-0.08735,0.001182,0.001692
0,-0.103457,0.068504,-0.057911,0.151223,-0.03849,0.130694,0.001806,0.001196
0,0.075718,0.03035,0.178536,-0.062994,0.203898,-0.060131,0.001322,0.00053
0,-0.018205,-0.042224,-0.11158,-0.045076,-0.086548,-0.015975,0.000318,0.000737
0,0.105018,0.084508,0.131294,0.132651,0.101562,0.128713,0.001833,0.001475
0,0.072064,-0.103641,-0.034199,-0.164575,-0.038733,-0.180751,0.001258,0.001809
0,-0.161489,-0.015522,-0.225138,0.102847,-0.219471,0.091161,0.002819,0.000271
0,-0.216773,0.04526,-0.051066,0.046795,-0.033085,0.002107,0.002907,0.00079
0,-0.141785,-0.121618,0.050062,-0.13795,0.077088,-0.171089,0.002475,0.002123
0,-0.217866,0.048194,-0.087074,0.177014,-0.060952,0.192573,0.002888,0.000841
0,-0.007547,0.075781,0.214695,0.03385,0.21982,-0.015699,0.000132,0.001323
0,-0.011501,-0.106301,0.017463,-0.19066,0.014891,-0.177544,0.000201,0.001855
0,0.056696,-0.176907,0.072459,-0.056707,0.121866,-0.089733,0.00099,0.003088
0,-0.012669,0.007006,-0.060451,0.212461,-0.084434,0.164477,0.000221,0.000122
0,0.013386,0.057551,0.006511,0.06378,0.047763,0.062689,0.000234,0.001004
0,-0.057897,-0.131329,-0.062016,-0.167914,-0.054176,-0.164639,0.00101,0.002292
0,0.002704,-0.100121,0.041182,0.047317,-0.001846,0.078665,4.7e-05,0.001747
0,0.085053,0.014898,0.089073,0.100732,0.124708,0.055602,0.001484,0.00026
0,-0.188882,-0.063847,-0.279134,-0.056634,-0.302968,-0.041415,0.003297,0.001114
0,-0.181483,0.031767,-0.019925,0.119618,-0.033932,0.110897,0.003167,0.000554
0,-0.050623,0.070158,0.150096,0.033049,0.199835,-0.001313,0.000884,0.001224
0,-0.036926,-0.031609,0.034892,-0.096067,0.022837,-0.090151,0.000644,0.000552
0,-0.052395,-0.186686,-0.001691,-0.147714,0.014868,-0.139632,0.000914,0.003258
0,-0.176053,-0.148139,-0.096389,0.03823,-0.098216,0.063241,0.003073,0.002586
0,0.09145,-0.059687,0.258241,0.09244,0.294347,0.107341,0.001596,0.001042
0,0.02399,-0.133123,-0.047002,-0.09734,-0.087067,-0.068202,0.000419,0.002323
0,-0.021078,-0.212049,-0.024473,-0.086913,-0.074058,-0.080314,0.000368,0.00299
0,0.00281,-0.203869,0.046448,0.034075,0.053682,-0.008089,4.9e-05,0.003133
0,0.040621,-0.119889,0.046147,0.1058,0.038272,0.069213,0.000709,0.002092
0,-0.185135,-0.101424,-0.247876,-0.009947,-0.20408,0.019098,0.003231,0.00177
0,0.071721,-0.053778,0.2553,0.058539,0.283094,0.019913,0.001252,0.000939
0,-0.06806,-0.075273,-0.16439,-0.034304,-0.151406,-0.054515,0.001188,0.001314
0,-0.127633,-0.050056,-0.051154,0.038138,-0.016079,0.055066,0.002228,0.000874
0,0.119247,-0.142368,0.256972,-0.062541,0.233138,-0.029811,0.002081,0.002485
0,-0.049292,0.010616,-0.139034,0.146571,-0.120581,0.169718,0.00086,0.000185
0,-0.118825,-0.062219,-0.04804,-0.101134,-0.091818,-0.113714,0.002074,0.001086
0,-0.022887,0.054206,0.092025,0.142103,0.043515,0.187921,0.000399,0.000946
0,0.075016,-0.155628,0.092516,-0.186976,0.043419,-0.177955,0.001309,0.002716
0,-0.090555,0.001511,-0.175525,0.148237,-0.204644,0.152425,0.00158,2.6e-05
0,-0.019117,-0.119126,0.070732,-0.138445,0.114656,-0.185364,0.000334,0.002079
0,-0.016594,0.061909,-0.014987,0.201752,0.011426,0.168069,0.00029,0.001081
0,-0.148593,0.007226,-0.159897,-0.050097,-0.143858,-0.035578,0.002593,0.000126
0,-0.255799,-0.044204,-0.099216,-0.079843,-0.071576,-0.12637,0.002226,0.000772
0,0.028618,-0.070846,0.304491,-0.017817,0.30517,-0.009204,0.000499,0.001236
0,-0.07552,-0.148391,-0.133778,-0.068461,-0.176281,-0.097683,0.001318,0.00259
0,-0.08141,0.092282,0.00419,0.222176,0.032865,0.229553,0.001421,0.001611
0,0.017756,-0.026808,0.07987,-0.111545,0.079759,-0.13805,0.00031,0.000468
0,-0.051464,0.003507,-0.089236,0.008702,-0.049911,-0.013565,0.000898,6.1e-05
0,-0.097762,-0.100072,-0.074123,-0.095394,-0.074017,-0.126532,0.001706,0.001747
0,-0.022999,0.110312,0.094866,0.183943,0.07992,0.203225,0.000401,0.001925
0,0.012218,-0.058972,0.007512,-0.162308,0.010281,-0.133003,0.000213,0.001029
0,0.10829,-0.005126,0.097095,0.074774,0.049371,0.098666,0.00189,8.9e-05
0,-0.170611,0.028511,-0.257576,0.010412,-0.305579,0.011859,0.002978,0.000498
0,-0.15046,0.151517,0.016375,0.102295,0.049135,0.13494,0.002626,0.002644
0,-0.044656,0.119341,0.106348,-0.049854,0.067351,-0.092598,0.000779,0.002083
0,-0.115377,0.141282,-0.057965,0.021339,-0.051568,0.022021,0.002014,0.002466
0,-0.077823,0.074645,0.031717,-0.057245,0.001376,-0.053052,0.001358,0.001303
0,-0.122185,-0.087111,-0.057495,-0.189082,-0.062454,-0.229156,0.002133,0.00152
0,-0.030376,0.028719,0.07327,0.089579,0.06351,0.052014,0.00053,0.000501
0,0.06405,-0.12362,0.086988,-0.16232,0.106568,-0.2002,0.001118,0.002158
0,-0.186477,-0.061904,-0.252009,0.042905,-0.236994,0.062045,0.003255,0.00108
0,-0.0758,-0.020982,0.08745,0.061674,0.122834,0.061619,0.001323,0.000366
0,0.09439,0.034371,0.192234,0.078752,0.204591,0.074117,0.001647,0.0006
0,0.135264,-0.06474,0.06735,-0.110845,0.021933,-0.130714,0.002361,0.00113
0,0.156535,-0.090967,0.018213,-0.031946,0.05743,-0.012667,0.002732,0.001588
0,0.0023,-0.107717,-0.135634,-0.006088,-0.096785,0.028776,4e-05,0.00188
0,-0.026711,0.054384,-0.032739,0.147836,0.011011,0.12585,0.000466,0.000949
0,0.125155,-0.171011,0.14022,-0.225488,0.098028,-0.267163,0.002184,0.002985
0,-0.021511,0.031529,-0.162052,0.207612,-0.123856,0.188716,0.000375,0.00055
0,0.074424,0.073472,0.090619,0.049985,0.095011,0.025823,0.001299,0.001282
0,0.163955,0.059443,0.119067,-0.003276,0.091754,0.0133,0.002862,0.001037
0,0.085165,0.146372,-0.08607,0.114119,-0.075371,0.14948,0.001486,0.002555
0,0.077768,0.126357,0.015645,-0.027914,0.041664,-0.018621,0.001357,0.002205
0,0.215766,-0.105667,0.163017,-0.216622,0.135245,-0.193909,0.002925,0.001844
0,0.075567,-0.027713,-0.111039,0.075047,-0.152418,0.097812,0.001319,0.000484
0,-0.04934,-0.081087,-0.120317,-0.078151,-0.071151,-0.058536,0.000861,0.001415
0,0.01167,0.084111,0.036527,0.161992,0.025761,0.175548,0.000204,0.001468
0,0.113391,-0.102176,0.076441,-0.204805,0.075203,-0.223821,0.001979,0.001783
0,0.099114,0.050478,0.009168,0.147468,0.040934,0.190581,0.00173,0.000881
0,0.092098,0.053755,0.009169,0.001764,0.025386,0.0463,0.001607,0.000938
0,-0.070567,0.056554,-0.150635,-0.018431,-0.191844,-0.060171,0.001232,0.000987
0,-0.092452,0.088585,0.005353,0.022485,0.053937,-0.023058,0.001614,0.001546
0,-0.001128,-0.047911,0.082921,-0.148434,0.092333,-0.142572,2e-05,0.000836
0,0.136203,-0.081314,0.112423,-0.018867,0.117447,-0.021445,0.002377,0.001419
0,-0.074426,0.032206,-0.213418,0.09257,-0.245839,0.086933,0.001299,0.000562
0,0.084871,-0.097522,0.137891,-0.103707,0.101416,-0.058518,0.001481,0.001702
0,0.074352,0.0935,-0.032732,0.161196,-0.004994,0.180779,0.001298,0.001632
0,-0.037969,0.088102,-0.107083,-0.002651,-0.095511,-0.008185,0.000663,0.001538
0,0.006611,0.021685,0.030794,-0.050164,0.007732,-0.086663,0.000115,0.000378
0,-0.081571,0.007576,-0.068076,0.005942,-0.066718,-0.032843,0.001424,0.000132
0,-0.190525,0.154078,-0.094608,0.13824,-0.046149,0.125939,0.003325,0.002689
0,0.123812,0.126293,0.339087,-0.00485,0.303973,-0.045835,0.002161,0.002204
0,0.014018,-0.023132,-0.132287,-0.146103,-0.172508,-0.10945,0.000245,0.000404
0,0.018357,0.002082,-0.01116,0.027564,0.007465,0.075342,0.00032,3.6e-05
0,0.153142,0.162266,0.113896,0.181054,0.065635,0.197203,0.002673,0.002832
0,0.068693,-0.005052,-0.056702,-0.16379,-0.068693,-0.118847,0.001199,8.8e-05
0,-0.068304,0.154441,-0.112169,0.130987,-0.097277,0.090798,0.001192,0.002695
0,0.122061,-0.110122,0.185482,-0.254656,0.221966,-0.246347,0.00213,0.001922
0,0.048871,-0.005778,-0.092238,0.07915,-0.140455,0.071226,0.000853,0.000101
0,-0.005396,-0.034028,-0.040194,-0.016685,-0.042642,-0.041525,9.4e-05,0.000594
0,0.037037,-0.100018,0.031279,-0.086636,-0.011056,-0.128651,0.000646,0.001746
0,0.036887,0.044125,0.015489,0.151945,0.037444,0.105141,0.000644,0.00077
0,0.029788,-0.071426,0.006908,-0.107083,0.001719,-0.134008,0.00052,0.001247
0,0.094168,0.103547,0.055735,0.198654,0.068988,0.213986,0.001644,0.001807
0,-0.00978,-0.073084,-0.133342,-0.173657,-0.09266,-0.126202,0.000171,0.001276
0,0.072341,0.053496,0.110145,0.150009,0.106567,0.107386,0.001263,0.000934
0,0.208082,0.103811,0.159834,0.053463,0.171343,0.057911,0.003059,0.001812
0,0.233794,0.012513,0.032591,-0.075254,0.078459,-0.029257,0.00261,0.000218
0,0.072455,-0.127228,-0.181604,-0.125157,-0.230902,-0.173265,0.001265,0.002221
0,0.173385,-0.016971,0.124435,0.085888,0.165826,0.062424,0.003026,0.000296
0,0.085408,-0.013846,-0.071641,0.003021,-0.050368,-0.00691,0.001491,0.000242
0,0.179658,0.036844,0.084204,0.048788,0.039267,0.097241,0.003136,0.000643
0,0.098396,-0.148544,-0.089002,-0.180155,-0.114281,-0.17317,0.001717,0.002593
0,0.122036,-0.054265,0.032198,0.066834,0.049411,0.034339,0.00213,0.000947
0,0.083995,-0.043149,-0.010198,0.010931,-0.017601,0.010769,0.001466,0.000753
0,0.159383,-0.028064,0.089349,0.035899,0.138047,0.033395,0.002782,0.00049
0,0.113504,0.147234,-0.074886,0.183851,-0.049129,0.157614,0.001981,0.00257
0,0.053694,-0.010484,-0.036142,-0.137402,-0.00647,-0.159276,0.000937,0.000183
0,0.09157,0.029944,0.039464,0.054232,-0.010062,0.06847,0.001598,0.000523
0,0.100763,-0.114142,0.005765,-0.170947,0.054755,-0.19719,0.001759,0.001992
0,0.199937,0.024935,0.078145,0.143892,0.044304,0.190475,0.003201,0.000435
0,0.713193,-0.478461,0.538861,-0.522408,0.491072,-0.493981,0.000934,0.00166
0,0.674981,-0.626292,-0.063482,-0.142398,-0.06055,-0.098215,0.001601,0.002451
0,0.471802,-0.578624,-0.224888,0.056385,-0.22212,0.096889,0.001544,0.003283
0,0.627147,-0.447451,0.135051,0.1237,0.137691,0.146731,0.002436,0.001119
0,0.419666,-0.620711,-0.222867,-0.197587,-0.219662,-0.234199,0.000634,0.002548
0,0.266339,-0.57639,-0.138873,0.015293,-0.104196,0.005297,0.002042,0.003322
0,0.211686,-0.124902,-0.065082,0.45712,-0.029061,0.414684,0.002996,0.00218
0,0.157022,-0.351017,-0.054699,-0.233409,-0.089296,-0.206764,0.002741,0.000564
0,-0.026464,-0.080152,-0.202135,0.248953,-0.198405,0.228308,0.000462,0.001399
0,-0.069189,0.005863,-0.019977,0.101085,0.012705,0.055295,0.001208,0.000102
0,-0.067047,0.075373,-0.022204,0.073589,-0.0182,0.095444,0.00117,0.001316
0,0.04219,0.041214,0.112703,-0.047702,0.139966,-0.096294,0.000736,0.000719
0,0.062087,-0.054067,0.038968,-0.103855,0.069297,-0.091284,0.001084,0.000944
0,0.078549,0.037795,0.009043,0.074193,0.005768,0.033502,0.001371,0.00066
0,0.030114,-0.048058,-0.055161,-0.077517,-0.039899,-0.04697,0.000526,0.000839
0,0.990517,0.63541,0.949471,0.665527,0.964149,0.630627,0.002785,0.002292
0,1.531903,0.74424,0.56176,0.130863,0.593843,0.090289,2.7e-05,0.000392
0,1.342271,1.02581,-0.185296,0.302618,-0.143071,0.32072,0.003336,0.002169
0,1.361384,0.87498,-0.002777,-0.135145,0.046116,-0.098963,0.003003,0.00189
0,1.107317,0.646048,-0.274067,-0.228103,-0.243602,-0.25334,0.000746,0.002106
0,1.240408,0.57024,0.129422,-0.085595,0.12559,-0.076011,0.001577,0.003262
0,0.7487,0.351806,-0.479591,-0.200616,-0.450991,-0.153893,0.000314,0.000551
0,0.880607,0.419332,0.151415,0.095226,0.156176,0.121293,0.001988,0.000628
0,0.554633,0.291762,-0.314591,-0.106855,-0.361595,-0.065081,0.002989,0.001599
0,0.460932,0.16273,-0.091958,-0.148497,-0.070413,-0.104859,0.001354,0.00284
0,0.15612,0.026135,-0.334007,-0.128756,-0.359881,-0.159355,0.002725,0.000456
0,0.109089,0.138865,-0.017963,0.084667,-0.041256,0.112209,0.001904,0.002424
0,0.017158,-0.216868,-0.108295,-0.38223,-0.11895,-0.376809,0.000299,0.002906
0,0.015838,-0.011135,-0.020085,0.189796,0.028635,0.199622,0.000276,0.000194
0,0.06926,-0.100524,0.043823,-0.068366,0.059643,-0.110866,0.001209,0.001754
0,0.0765,0.064806,0.007398,0.161341,0.055669,0.149786,0.001335,0.001131
0,-0.05306,-0.141711,-0.099697,-0.201974,-0.099897,-0.196924,0.000926,0.002473
0,-0.029177,0.012648,0.009932,0.139306,0.001726,0.121235,0.000509,0.000221
0,-0.158564,0.12475,-0.153535,0.104406,-0.170665,0.076235,0.002767,0.002177
0,-0.142093,-0.067893,0.00304,-0.180404,-0.042231,-0.194836,0.00248,0.001185
0,0.103107,-0.028048,0.254651,0.037302,0.24541,0.049759,0.0018,0.00049
0,-0.097935,0.123809,-0.185386,0.170009,-0.178623,0.207336,0.001709,0.002161
0,-0.041958,-0.147345,0.083573,-0.296651,0.033832,-0.314595,0.000732,0.002572
0,-0.070042,0.170333,-0.027362,0.318391,-0.004114,0.328466,0.001222,0.002973
0,0.09889,0.150784,0.161579,-0.007766,0.117212,0.017267,0.001726,0.002632
0,-0.004452,0.039542,-0.080781,-0.107037,-0.098564,-0.121015,7.8e-05,0.00069
0,0.13767,0.021852,0.113551,-0.023744,0.158177,0.007477,0.002403,0.000381
0,-0.034605,-0.020809,-0.156601,-0.014276,-0.146989,0.010959,0.000604,0.000363
0,-0.07054,-0.060885,-0.038744,-0.063108,-0.01097,-0.057801,0.001231,0.001063
0,0.11641,-0.083071,0.172181,-0.04457,0.157878,-0.026965,0.002032,0.00145
0,-0.041287,0.165254,-0.168571,0.227207,-0.191192,0.2233,0.000721,0.002884
0,0.15526,0.00507,0.186798,-0.150053,0.19761,-0.108279,0.00271,8.8e-05
0,0.107607,-0.087579,-0.023116,-0.081117,-0.064272,-0.035631,0.001878,0.001529
0,0.05577,0.032767,-0.027204,0.109031,-0.041426,0.102887,0.000973,0.000572
0,0.097217,0.134999,0.043862,0.125442,0.015821,0.096874,0.001697,0.002356
0,0.027951,-0.093812,-0.065037,-0.245876,-0.049027,-0.263762,0.000488,0.001637
0,-0.080869,-0.111287,-0.133112,-0.036859,-0.148052,0.011411,0.001411,0.001942
0,0.180443,0.063459,0.242609,0.145902,0.237335,0.160962,0.003149,0.001108
0,0.085458,-0.005444,-0.066483,-0.074231,-0.084642,-0.054824,0.001492,9.5e-05
0,-0.063553,0.01517,-0.142997,0.033492,-0.187667,0.007218,0.001109,0.000265
0,-0.036988,-0.07607,0.004748,-0.097955,-0.014003,-0.092242,0.000646,0.001328
0,0.027193,-0.146346,0.088317,-0.060407,0.057406,-0.0418,0.000475,0.002554
0,-0.072009,0.051936,-0.075304,0.210069,-0.040061,0.21245,0.001257,0.000906
0,0.090958,0.103845,0.139581,0.022777,0.177132,0.015146,0.001588,0.001812
0,0.123865,-0.091473,0.020816,-0.202363,0.042568,-0.23677,0.002162,0.001597
0,-0.073474,-0.150739,-0.186602,-0.035538,-0.159637,0.004777,0.001282,0.002631
0,-0.119526,-0.161475,-0.034127,-0.012089,-0.031067,-0.043757,0.002086,0.002818
0,-0.021046,-0.099511,0.082487,0.073611,0.092265,0.023677,0.000367,0.001737
0,-0.204812,0.007478,-0.177462,0.136949,-0.178467,0.138432,0.003116,0.000131
0,-0.246119,0.008312,-0.059311,0.00696,-0.051443,-0.023644,0.002395,0.000145
0,-0.044955,-0.12971,0.176133,-0.133075,0.163432,-0.148207,0.000785,0.002264
0,-0.143969,-0.018677,-0.08774,0.094687,-0.122126,0.090219,0.002513,0.000326
0,-0.205408,0.06068,-0.073355,0.065941,-0.1126,0.089844,0.003106,0.001059
0,-0.20792,0.08055,-0.024165,-0.009166,-0.009075,-0.029679,0.003062,0.001406
0,-0.068039,-0.062069,0.134151,-0.167492,0.166114,-0.194137,0.001188,0.001083
0,-0.217301,-0.099768,-0.129074,-0.053235,-0.177181,-0.043607,0.002898,0.001741
0,-0.233249,-0.000891,-0.005152,0.088866,-0.028855,0.087525,0.00262,1.6e-05
0,-0.188056,-0.009305,0.055668,-0.004892,0.071382,-0.052398,0.003282,0.000162
0,-0.20417,-0.118166,-0.044063,-0.081202,-0.005899,-0.126774,0.003127,0.002062
0,-0.307355,0.05982,-0.125798,0.189816,-0.086079,0.176322,0.001326,0.001044
0,-0.043957,-0.03705,0.282014,-0.095356,0.256239,-0.078366,0.000767,0.000647
0,-0.121024,-0.160136,-0.104443,-0.144596,-0.122202,-0.183475,0.002112,0.002795
0,-0.233088,-0.092591,-0.105855,0.089173,-0.139586,0.0606,0.002623,0.001616
0,-0.204163,-0.162747,0.029377,-0.084052,0.022248,-0.080306,0.003128,0.00284
0,-0.069574,-0.154997,0.15081,0.011221,0.112769,-0.01925,0.001214,0.002705
0,-0.082713,-0.051763,-0.036114,0.102566,-0.069792,0.124045,0.001444,0.000903
0,-0.28256,0.106855,-0.226928,0.166826,-0.200136,0.215317,0.001759,0.001865
0,-0.022937,-0.144786,0.237737,-0.227074,0.192342,-0.190031,0.0004,0.002527
0,-0.29427,0.028804,-0.255457,0.184918,-0.20554,0.174792,0.001555,0.000503
0,-0.132366,0.018267,0.143001,-0.014345,0.156455,-0.019235,0.00231,0.000319
0,-0.259247,-0.101498,-0.154443,-0.111452,-0.111059,-0.161289,0.002166,0.001771
0,-0.022864,-0.177336,0.247313,-0.101201,0.251665,-0.052778,0.000399,0.003095
0,-0.03065,-0.088243,-0.030005,0.079138,-0.028771,0.102945,0.000535,0.00154
0,-0.177983,-0.117055,-0.128809,-0.046566,-0.169257,-0.035298,0.003106,0.002043
0,-0.182572,-0.034121,-0.018097,0.056085,-0.021415,0.006529,0.003186,0.000596
0,-0.052209,-0.107777,0.109012,-0.102693,0.089311,-0.125644,0.000911,0.001881
0,-0.213209,-0.097681,-0.188321,0.024734,-0.224774,0.036596,0.00297,0.001705
0,-0.197092,-0.122055,0.024516,-0.031925,-0.023889,-0.028332,0.003251,0.00213
0,-0.105299,0.022392,0.084575,0.157814,0.124881,0.118954,0.001838,0.000391
0,-0.237137,-0.023221,-0.1582,-0.071436,-0.207015,-0.100361,0.002552,0.000405
0,-0.229849,0.121274,0.024727,0.136781,-0.008587,0.18409,0.002679,0.002117
0,-0.061046,0.130431,0.192827,0.019431,0.211924,0.04033,0.001065,0.002276
0,-0.17639,0.034177,-0.087815,-0.123939,-0.100198,-0.117729,0.003079,0.000597
0,-0.052508,-0.069528,0.128936,-0.110334,0.12768,-0.074513,0.000916,0.001213
0,-0.202361,0.125119,-0.127417,0.214206,-0.07836,0.187227,0.003159,0.002184
0,-0.034587,-0.046386,0.178929,-0.180793,0.177532,-0.176953,0.000604,0.00081
0,0.014211,0.060758,0.056889,0.120939,0.099607,0.167088,0.000248,0.00106
0,-0.112145,-0.096662,-0.149895,-0.17937,-0.150955,-0.155336,0.001957,0.001687
0,-0.182906,0.03626,-0.078754,0.119049,-0.12843,0.096907,0.003192,0.000633
0,-0.031821,0.110259,0.169408,0.093953,0.173516,0.056116,0.000555,0.001924
0,-0.253021,-0.065518,-0.246407,-0.190689,-0.23974,-0.209487,0.002275,0.001144
0,-0.124889,-0.002661,0.153219,0.074441,0.158301,0.087871,0.00218,4.6e-05
0,-0.056355,0.038906,0.098354,0.054765,0.082083,0.071047,0.000984,0.000679
0,-0.258079,-0.11861,-0.207583,-0.130419,-0.206903,-0.09169,0.002186,0.00207
0,-0.074529,-0.111466,0.21016,-0.017396,0.217958,-0.057381,0.001301,0.001945
0,-0.225956,0.10699,-0.141597,0.222489,-0.161672,0.211245,0.002747,0.001867
0,-0.226528,0.054534,0.023918,-0.041537,0.018713,-0.07508,0.002737,0.000952
0,-0.131862,-0.112069,0.0882,-0.182221,0.080585,-0.176788,0.002301,0.001956
0,0.070819,-0.133562,0.221915,-0.031758,0.264997,-0.020451,0.001236,0.002331
0,-0.12803,-0.140782,-0.201792,0.011899,-0.244841,0.013697,0.002235,0.002457
0,0.026924,0.005928,0.131778,0.155595,0.171338,0.118202,0.00047,0.000103
0,0.046764,-0.06717,0.02621,-0.065876,0.045544,-0.036144,0.000816,0.001172
0,0.102758,-0.156266,0.073076,-0.108324,0.069423,-0.08566,0.001793,0.002727
0,-0.016596,-0.010149,-0.093843,0.126545,-0.078495,0.134786,0.00029,0.000177
0,0.168904,0.061425,0.183329,0.082867,0.148436,0.091292,0.002948,0.001072
0,0.04036,-0.002788,-0.119792,-0.057537,-0.169742,-0.107193,0.000704,4.9e-05
0,0.003516,-0.061419,-0.064582,-0.033416,-0.02875,-0.035524,6.1e-05,0.001072
0,0.120455,0.083022,0.13935,0.162543,0.15157,0.123665,0.002102,0.001449
0,0.169088,-0.109125,0.076603,-0.190859,0.044711,-0.162534,0.002951,0.001905
0,0.026758,0.04638,-0.112352,0.135132,-0.135467,0.167784,0.000467,0.000809
0,0.217836,-0.094263,0.17158,-0.161129,0.164927,-0.176155,0.002889,0.001645
0,0.164142,-0.010164,-0.080293,0.060034,-0.060839,0.037449,0.002865,0.000177
0,-0.502484,1.19948,-0.654655,1.230446,-0.634684,1.278785,0.002079,0.000862
0,-0.632866,1.67098,-0.114239,0.497963,-0.092483,0.475132,0.002336,0.002401
0,-1.095004,1.843625,-0.475427,0.154529,-0.447089,0.116157,0.000961,0.001277
0,-0.841664,1.991471,0.251155,0.13753,0.282235,0.150942,0.001308,0.001304
0,-0.79296,1.61917,0.057891,-0.381682,0.062066,-0.370343,0.000458,0.001497
0,-0.660823,1.330849,0.157742,-0.259864,0.203208,-0.249868,0.001848,0.003155
0,-0.328974,0.78931,0.351801,-0.566306,0.321643,-0.582236,0.000949,0.000394
0,-0.302841,0.64122,0.048511,-0.153692,0.059088,-0.181217,0.001405,0.00219
0,-0.302274,0.235131,-0.007966,-0.398888,0.003244,-0.400303,0.001415,0.002587
0,-0.132201,0.226749,0.145073,-0.021143,0.125572,-0.034301,0.002307,0.002733
0,-0.030759,-0.103905,0.085868,-0.336713,0.115746,-0.33621,0.000537,0.001813
0,-0.014659,-0.12488,0.017033,-0.013505,-0.01916,-0.030168,0.000256,0.00218
0,0.040798,-0.276659,0.026758,-0.178249,0.047075,-0.149528,0.000712,0.001862
0,0.183206,-0.420702,0.14373,-0.164479,0.127259,-0.164349,0.003198,0.000652
0,0.267024,-0.268262,0.096686,0.145935,0.047892,0.18282,0.00203,0.002009
0,0.012843,-0.230433,-0.252473,0.011293,-0.254328,0.008148,0.000224,0.002669
0,0.13504,-0.003931,0.102365,0.205279,0.12228,0.238791,0.002357,6.9e-05
0,0.142374,-0.259953,-0.006654,-0.264948,0.042775,-0.300877,0.002485,0.002154
0,0.186641,0.011113,0.021268,0.266743,-0.010631,0.266824,0.003257,0.000194
0,0.087905,0.141201,-0.096792,0.159753,-0.062562,0.151282,0.001534,0.002464
0,-0.06779,-0.064729,-0.183434,-0.180349,-0.209779,-0.204028,0.001183,0.00113
0,0.0191,0.190496,0.090178,0.267689,0.136846,0.29244,0.000333,0.003325
0,0.078032,0.046507,0.055623,-0.117317,0.05263,-0.098074,0.001362,0.000812
0,0.217289,0.17573,0.139148,0.109666,0.118861,0.107439,0.002898,0.003067
0,0.079689,0.150781,-0.12285,0.001803,-0.089041,0.030442,0.001391,0.002632
0,0.074495,0.162614,-0.002942,0.002358,-0.017534,-0.035475,0.0013,0.002838
0,-0.003768,0.032274,-0.057181,-0.102446,-0.043171,-0.079598,6.6e-05,0.000563
0,0.454788,0.323733,0.446053,0.320959,0.446604,0.348736,0.001247,0.001041
0,0.507193,0.743002,0.054725,0.39837,0.082346,0.372486,0.002161,0.000414
0,0.365919,0.82469,-0.15782,0.090187,-0.116098,0.094136,0.000304,0.001012
0,0.43109,0.660225,0.05989,-0.180194,0.086278,-0.165583,0.000833,0.001859
0,0.48365,0.696773,0.065143,0.050502,0.056781,0.038684,0.00175,0.001221
0,0.491885,0.517049,0.034753,-0.167793,0.068957,-0.152809,0.001894,0.002333
0,0.286844,0.495269,-0.1971,0.006255,-0.165706,-0.018668,0.001684,0.001953
0,0.403814,0.279377,0.131167,-0.192306,0.116463,-0.215931,0.000357,0.001815
0,0.311605,0.140178,-0.09375,-0.125557,-0.111855,-0.104688,0.001252,0.002447
0,0.135066,0.050638,-0.197539,-0.08988,-0.171372,-0.089484,0.002357,0.000884
0,0.034535,-0.030492,-0.108905,-0.073611,-0.126187,-0.024536,0.000603,0.000532
0,-0.198834,-0.129002,-0.246711,-0.077536,-0.252861,-0.100876,0.003221,0.002252
0,0.000522,-0.145731,0.188422,0.001863,0.207506,0.023658,9e-06,0.002543
0,-0.078188,0.057153,-0.057169,0.212681,-0.103516,0.211658,0.001365,0.000998
0,0.105052,-0.213728,0.173057,-0.297693,0.134187,-0.343155,0.001834,0.002961
0,-0.065523,-0.051539,-0.173721,0.140464,-0.170376,0.127441,0.001144,0.0009
0,0.120802,-0.172509,0.179626,-0.141462,0.156322,-0.153978,0.002108,0.003011
0,0.134043,0.00699,0.013856,0.197386,0.014556,0.176583,0.002339,0.000122
0,-0.126844,-0.151373,-0.284168,-0.169353,-0.294952,-0.182216,0.002214,0.002642
0,0.030025,0.120397,0.13949,0.291983,0.112343,0.25123,0.000524,0.002101
0,-0.144943,-0.085006,-0.165108,-0.221866,-0.130593,-0.251301,0.00253,0.001484
0,0.036266,0.110933,0.160747,0.205289,0.168625,0.174985,0.000633,0.001936
0,-0.011388,-0.02677,-0.035654,-0.130189,-0.021892,-0.171219,0.000199,0.000467
0,0.146231,-0.001125,0.138828,-0.001511,0.174996,-0.021879,0.002552,2e-05
0,-0.051203,0.004305,-0.202565,0.027519,-0.180158,0.02725,0.000894,7.5e-05
0,-0.018926,0.137455,0.025492,0.103691,0.040361,0.084397,0.00033,0.002399
0,-0.132227,-0.069029,-0.139768,-0.17814,-0.143315,-0.131939,0.002308,0.001205
0,0.047134,0.080995,0.172561,0.125778,0.170074,0.142809,0.000823,0.001414
0,0.005963,0.020586,-0.055806,-0.070082,-0.101484,-0.082029,0.000104,0.000359
0,0.083506,0.03508,0.08649,0.040032,0.064783,-0.003902,0.001457,0.000612
0,-0.072756,0.129118,-0.182853,0.105789,-0.163062,0.065404,0.00127,0.002254
0,0.133818,0.068036,0.176606,-0.07724,0.178857,-0.060528,0.002336,0.001187
0,-0.005881,0.088677,-0.127918,0.012573,-0.106814,-0.020699,0.000103,0.001548
0,-0.052643,-0.143622,-0.028397,-0.221497,-0.032957,-0.199885,0.000919,0.002507
0,0.092763,-0.041372,0.129037,0.106753,0.126605,0.124444,0.001619,0.000722
0,0.094638,0.007448,-0.010974,0.029425,0.026069,-0.009207,0.001652,0.00013
0,0.104965,-0.048377,0.031887,-0.055389,0.075626,-0.103233,0.001832,0.000844
0,0.065949,-0.072471,-0.014312,-0.046161,-0.033479,0.001749,0.001151,0.001265
0,0.112412,-0.155682,0.018461,-0.065741,0.013527,-0.087292,0.001962,0.002717
0,0.037734,-0.093602,-0.064469,0.042708,-0.036126,-0.005625,0.000659,0.001634
0,0.020541,-0.166837,-0.023852,-0.099636,-0.014361,-0.104111,0.000359,0.002912
0,-0.213952,-0.176918,-0.211281,0.017832,-0.219944,0.015025,0.002957,0.003088
0,-0.203839,-0.14978,0.035243,0.026861,0.004213,0.044725,0.003133,0.002614
0,-2.698283,0.474708,-2.49787,0.632862,-2.497898,0.600151,0.000258,0.001594
0,-2.547429,1.609929,0.172857,1.105843,0.148864,1.126108,0.002375,0.001335
0,-2.970999,2.179167,-0.433628,0.551153,-0.386601,0.543208,0.001673,0.002111
0,-2.837766,2.375491,0.126741,0.219101,0.143133,0.227434,0.002693,0.001315
0,-2.601233,2.491228,0.243642,0.135152,0.228029,0.120851,0.001436,0.003335
0,-2.198694,2.177759,0.382805,-0.325722,0.335961,-0.372734,0.00177,0.002136
0,-1.414273,1.295863,0.81411,-0.886358,0.772048,-0.9341,0.00208,0.002545
0,-0.749498,0.900336,0.671592,-0.40655,0.692818,-0.415793,0.0003,0.002332
0,-0.513673,0.891453,0.256632,-0.014751,0.224463,-0.039504,0.002274,0.002177
0,-0.18444,0.552941,0.318282,-0.351645,0.269839,-0.307644,0.003219,0.00296
0,0.049754,0.170692,0.247293,-0.360207,0.287305,-0.340431,0.000868,0.002979
0,0.059547,0.061634,0.023754,-0.120372,0.024377,-0.142423,0.001039,0.001076
0,0.451213,-0.043333,0.406376,-0.085404,0.409311,-0.12809,0.001184,0.000756
0,0.138861,-0.099282,-0.332452,-0.028273,-0.357128,-0.012646,0.002424,0.001733
0,0.187078,-0.106877,0.052001,-0.020002,0.017695,-0.013477,0.003265,0.001865
0,0.386197,-0.075811,0.195789,0.011624,0.207585,0.015563,5e-05,0.001323
0,0.292564,0.002936,-0.087883,0.093823,-0.092637,0.088755,0.001585,5.1e-05
0,0.110994,-0.216063,-0.205162,-0.200333,-0.205282,-0.171262,0.001937,0.00292
0,0.171132,-0.056267,0.078704,0.183832,0.080202,0.161402,0.002987,0.000982
0,0.068451,0.024616,-0.12903,0.066481,-0.133916,0.100868,0.001195,0.00043
0,0.308753,-0.03006,0.247977,-0.045085,0.270855,-0.021505,0.001302,0.000525
0,0.067904,-0.126202,-0.227247,-0.075976,-0.18578,-0.060575,0.001185,0.002203
0,0.026988,0.079139,-0.04249,0.218661,-0.055938,0.199069,0.000471,0.001381
0,0.032749,0.012157,-0.012259,-0.088459,-0.001155,-0.114747,0.000572,0.000212
0,0.069749,-0.105357,0.062176,-0.13942,0.01867,-0.108962,0.001217,0.001839
0,-0.035094,0.057148,-0.1333,0.137403,-0.135223,0.154479,0.000613,0.000997
0,-0.107678,0.120192,-0.088257,0.057198,-0.131657,0.103301,0.001879,0.002098
0,0.041741,-0.129745,0.177336,-0.253316,0.183959,-0.225377,0.000729,0.002264
0,0.048897,0.138714,-0.022412,0.278494,0.023279,0.291725,0.000853,0.002421
0,0.040415,0.146705,-0.027242,0.007272,-0.034126,0.01839,0.000705,0.00256
0,0.13969,-0.123377,0.106922,-0.251973,0.074975,-0.202441,0.002438,0.002153
0,-0.09492,0.123577,-0.230262,0.262524,-0.218369,0.219986,0.001657,0.002157
0,0.046172,0.042408,0.161294,-0.061733,0.121268,-0.083099,0.000806,0.00074
0,0.018861,0.064337,-0.032615,0.044546,-0.05181,0.045341,0.000329,0.001123
0,0.077398,0.190774,0.066989,0.142051,0.089385,0.140675,0.001351,0.00333
0,0.134641,0.132377,0.034725,-0.062945,0.047222,-0.111838,0.00235,0.00231
0,-0.057559,0.105461,-0.22077,-0.02184,-0.212107,-3.7e-05,0.001005,0.001841
0,0.091596,-0.077317,0.131746,-0.205679,0.173074,-0.227184,0.001599,0.001349
0,0.119888,-0.04503,0.009145,0.024873,0.046594,0.074863,0.002092,0.000786
0,0.085598,0.055894,-0.03043,0.100058,-0.013771,0.088456,0.001494,0.000976
0,0.006773,-0.129018,-0.095678,-0.212911,-0.134194,-0.191373,0.000118,0.002252
0,-0.186919,0.074713,-0.179765,0.219706,-0.133572,0.215976,0.003262,0.001304
0,-0.12964,0.13176,0.06307,0.05056,0.053343,0.056219,0.002263,0.0023
0,-0.126574,0.053544,0.012568,-0.091998,-0.035769,-0.058165,0.002209,0.000935
0,-0.178269,-0.060373,-0.058254,-0.117533,-0.104856,-0.134217,0.003111,0.001054
0,0.050071,-0.076033,0.208193,0.005927,0.236225,-0.014831,0.000874,0.001327
0,-0.013651,-0.072673,-0.07225,0.015504,-0.064397,0.025184,0.000238,0.001268
0,0.033303,-0.070235,0.021533,-0.011799,0.026717,0.028573,0.000581,0.001226
0,-0.257764,-0.084648,-0.287879,0.01175,-0.259111,0.034492,0.002192,0.001477
0,-0.183375,-0.108895,0.092364,-0.016574,0.090259,0.01484,0.0032,0.001901
0,-0.075275,0.058066,0.084278,0.156418,0.088256,0.131576,0.001314,0.001013
0,0.09296,-0.127358,0.151386,-0.179284,0.193476,-0.176635,0.001622,0.002223
0,-0.14964,-0.061855,-0.261081,0.067779,-0.271999,0.073175,0.002612,0.00108
0,0.119611,-0.012325,0.290119,0.072625,0.315939,0.072224,0.002088,0.000215
0,-0.113898,-0.019625,-0.220403,-0.004992,-0.222244,0.024908,0.001988,0.000343
0,0.121383,-0.008939,0.264324,0.00769,0.28472,0.047745,0.002119,0.000156
0,0.076131,-0.049217,-0.030475,-0.050606,-0.057982,-0.090235,0.001329,0.000859
0,0.057033,-0.063283,-0.035906,0.003041,-0.019777,-0.031976,0.000995,0.001104
0,-0.107548,0.072921,-0.165422,0.114021,-0.129867,0.08553,0.001877,0.001273
0,0.098544,-0.123925,0.194074,-0.214904,0.166556,-0.221024,0.00172,0.002163
0,0.078483,0.113903,-0.041486,0.230365,-0.082606,0.276493,0.00137,0.001988
0,0.028548,0.062674,-0.022826,-0.035879,-0.06127,-0.044227,0.000498,0.001094
0,0.28537,0.059317,0.279262,0.02654,0.296092,-0.018568,0.00171,0.001035
0,0.183457,-0.121688,-0.093294,-0.20695,-0.068683,-0.204684,0.003202,0.002124
0,0.000532,0.021094,-0.159805,0.133731,-0.179701,0.144689,9e-06,0.000368
0,0.108105,0.132344,0.111015,0.140964,0.147703,0.12401,0.001887,0.00231
0,0.059513,-0.104287,-0.038589,-0.243376,-0.001366,-0.222342,0.001039,0.00182
0,0.23582,-0.10118,0.204844,0.026632,0.240394,0.035855,0.002575,0.001766
0,0.042029,0.04456,-0.20065,0.13952,-0.220509,0.132432,0.000734,0.000778
0,0.092828,-0.009998,0.051211,-0.037024,0.077456,-0.0564,0.00162,0.000175
0,0.053748,0.10777,-0.059173,0.127422,-0.047015,0.141289,0.000938,0.001881
0,0.021221,-0.029792,-0.018787,-0.124556,-0.067244,-0.174547,0.00037,0.00052
0,0.143015,-0.083992,0.149557,-0.045191,0.156093,-0.031759,0.002496,0.001466
0,0.258981,0.149075,0.092794,0.253676,0.08102,0.249139,0.002171,0.002602
0,0.120889,0.121046,-0.118387,-0.013621,-0.114713,-0.021362,0.00211,0.002113
0,0.139009,0.129889,0.003359,0.007359,-0.024761,-0.014043,0.002426,0.002267
0,0.299486,0.040313,0.182476,-0.076449,0.218898,-0.116336,0.001464,0.000704
0,0.231556,-0.051572,-0.04801,-0.084826,-0.023411,-0.11232,0.002649,0.0009
0,0.350275,0.078949,0.116763,0.108685,0.144986,0.107616,0.000577,0.001378
0,0.257809,0.137718,-0.076769,0.071285,-0.072296,0.023965,0.002191,0.002404
0,0.195262,-0.058558,-0.059912,-0.203539,-0.086735,-0.188279,0.003283,0.001022
0,0.374572,0.074148,0.178657,0.123686,0.151089,0.128085,0.000153,0.001294
0,0.06638,0.104193,-0.314268,0.025917,-0.274333,0.02046,0.001159,0.001819
0,0.146564,-0.073974,0.053416,-0.171873,0.043147,-0.190004,0.002558,0.001291
0,0.231016,0.030154,0.062669,0.126441,0.084749,0.121874,0.002659,0.000526
0,0.21796,-0.06788,0.005794,-0.085152,-0.042118,-0.072432,0.002887,0.001185
0,0.294334,0.070095,0.095952,0.12749,0.079489,0.170479,0.001554,0.001223
0,0.193395,0.046079,-0.128515,-0.005858,-0.088013,-0.013078,0.003315,0.000804
0,0.098404,0.050838,-0.086787,-0.005945,-0.117213,-0.013083,0.001717,0.000887
0,0.248516,-0.201923,0.127595,-0.272851,0.127469,-0.247536,0.002353,0.003167
0,0.176103,-0.134318,-0.059137,0.043924,-0.101188,0.084544,0.003074,0.002344
0,0.125383,-0.002549,-0.056645,0.103434,-0.067341,0.144691,0.002188,4.4e-05
0,0.110273,0.078707,-0.024485,0.081629,-0.009561,0.068468,0.001925,0.001374
0,0.21833,0.142179,0.115981,0.062907,0.128229,0.095918,0.00288,0.002482
0,0.167597,0.024753,-0.066701,-0.129872,-0.09084,-0.142552,0.002925,0.000432
0,0.042808,-0.029312,-0.09558,-0.045826,-0.133622,-0.029555,0.000747,0.000512
0,0.108501,-0.083191,0.069915,-0.063793,0.036678,-0.086439,0.001894,0.001452
0,0.146877,-0.046236,0.009084,0.020959,0.044732,-0.020814,0.002563,0.000807
0,-0.036285,-0.050445,-0.175479,-0.025381,-0.195137,-0.004203,0.000633,0.00088
0,-0.040326,-0.05977,-0.027862,-0.029727,-0.062902,-0.02512,0.000704,0.001043
0,0.07134,0.090762,0.083749,0.133383,0.082371,0.130568,0.001245,0.001584
0,0.016945,-0.048993,-0.047677,-0.111636,-0.075608,-0.161558,0.000296,0.000855
0,-0.149688,-0.062258,-0.149014,-0.026995,-0.171349,-0.02304,0.002613,0.001087
0,-0.088199,-0.059854,0.048764,-0.004432,0.007806,0.029462,0.001539,0.001045
0,-0.029779,0.12996,0.081524,0.207565,0.104336,0.209191,0.00052,0.002268
0,-0.041834,-0.022957,-0.036685,-0.147105,-0.008277,-0.135273,0.00073,0.000401
0,-0.010478,0.102547,0.029421,0.134089,0.067777,0.140422,0.000183,0.00179
0,-0.018163,0.169795,0.02144,0.057216,0.050575,0.03401,0.000317,0.002963
0,-0.040263,0.009953,-0.004078,-0.170721,-0.052912,-0.16107,0.000703,0.000174
0,0.131051,-0.016457,0.197489,-0.028896,0.226071,-0.048205,0.002287,0.000287
0,-0.029144,-0.113034,-0.142325,-0.094818,-0.112897,-0.122823,0.000509,0.001973
0,1.09439,-0.024591,1.137398,0.070245,1.171955,0.106367,0.000972,0.000429
0,1.639341,-0.142222,0.548016,-0.134498,0.570608,-0.171123,0.001849,0.002482
0,1.385145,-0.113108,-0.274707,0.030562,-0.263301,0.023469,0.002588,0.001974
0,1.318713,-0.086511,-0.038421,0.04246,-0.02093,0.005572,0.002943,0.00151
0,1.135968,-0.044342,-0.206959,0.029926,-0.193605,0.047342,0.000246,0.000774
0,0.964912,-0.103745,-0.17178,-0.066839,-0.139973,-0.057852,0.003232,0.001811
0,0.979835,-0.273333,-0.009952,-0.184489,0.01931,-0.162402,0.002971,0.00192
0,0.531783,-0.195715,-0.455266,0.100562,-0.409151,0.119187,0.002591,0.003275
0,0.635835,-0.125343,0.1013,0.062692,0.052526,0.110642,0.002284,0.002188
0,0.303059,-0.074015,-0.333357,0.077362,-0.339906,0.031568,0.001401,0.001292
0,0.222831,-0.168113,-0.053224,-0.089197,-0.053249,-0.044002,0.002802,0.002934
0,-0.030404,0.039382,-0.272461,0.177929,-0.225814,0.159624,0.000531,0.000687
0,-0.131766,-0.03349,-0.099058,-0.100295,-0.138224,-0.125262,0.0023,0.000585
0,-0.254652,-0.099926,-0.107677,-0.088271,-0.154262,-0.086472,0.002246,0.001744
0,-0.132085,0.099286,0.114567,0.202393,0.073355,0.212987,0.002305,0.001733
0,-0.143861,0.166707,-0.003388,0.081731,-0.008107,0.109308,0.002511,0.00291
0,-0.26241,0.000357,-0.10824,-0.149182,-0.142046,-0.125925,0.002111,6e-06
0,0.045144,0.158593,0.305196,0.153526,0.337362,0.129528,0.000788,0.002768
0,-0.04595,0.040254,-0.110923,-0.09843,-0.12951,-0.091096,0.000802,0.000703
0,-0.132137,0.003016,-0.074693,-0.056063,-0.031842,-0.050179,0.002306,5.3e-05
0,-0.048161,0.032622,0.054105,0.024187,0.098707,0.048849,0.000841,0.000569
0,-0.064641,0.027349,-0.038907,-0.015238,-0.051485,-0.025398,0.001128,0.000477
0,-0.148612,-0.033541,-0.103631,-0.041169,-0.109372,-0.088031,0.002594,0.000585
0,-0.156081,-0.090793,-0.016924,-0.08195,0.024908,-0.107604,0.002724,0.001585
0,0.128849,0.160548,0.26031,0.228647,0.259608,0.196821,0.002249,0.002802
0,-0.158361,0.161841,-0.288718,0.015238,-0.24616,-0.014034,0.002764,0.002825
0,0.034065,0.088415,0.169701,-0.069495,0.174161,-0.023704,0.000595,0.001543
0,0.067059,-0.082694,0.021196,-0.190222,0.003987,-0.174365,0.00117,0.001443
0,0.116539,0.107647,0.059059,0.180113,0.01499,0.172871,0.002034,0.001879
0,-0.132144,0.101215,-0.251917,0.015834,-0.279759,0.027694,0.002306,0.001767
0,0.058712,0.103385,0.187246,0.013405,0.184505,0.005425,0.001025,0.001804
0,0.101974,0.127347,0.07175,0.031743,0.083329,0.05473,0.00178,0.002223
0,-0.102751,-0.000528,-0.190032,-0.113885,-0.144894,-0.121973,0.001793,9e-06
0,0.108207,0.114196,0.229647,0.137298,0.250861,0.127773,0.001889,0.001993
0,0.130012,-0.07103,0.040703,-0.155501,0.086341,-0.162816,0.002269,0.00124
0,0.116044,0.147905,-0.009009,0.198032,0.039801,0.153673,0.002025,0.002581
0,-0.015864,0.084483,-0.123136,-0.074263,-0.093586,-0.031971,0.000277,0.001475
0,-0.074779,0.043432,-0.065575,-0.056333,-0.046168,-0.077286,0.001305,0.000758
0,-0.01406,0.167934,0.040144,0.09684,0.021495,0.133489,0.000245,0.002931
0,0.046963,-0.01812,0.033535,-0.165695,0.056255,-0.16834,0.00082,0.000316
0,-0.001784,0.039764,-0.067014,0.075266,-0.108486,0.073779,3.1e-05,0.000694
0,-0.125931,-0.089997,-0.119084,-0.118126,-0.165461,-0.110812,0.002198,0.001571
0,-0.161542,-0.016886,-0.03397,0.067375,0.004194,0.070733,0.002819,0.000295
0,0.124225,0.022416,0.259258,0.048958,0.262612,0.003192,0.002168,0.000391
0,-0.153082,0.102335,-0.265979,0.069195,-0.265495,0.03243,0.002672,0.001786
0,0.02085,0.110241,0.176847,0.008141,0.200539,0.03758,0.000364,0.001924
0,-0.133047,-0.098284,-0.141313,-0.214299,-0.188565,-0.252502,0.002322,0.001715
0,-0.032408,-0.015102,0.127547,0.091076,0.156278,0.046812,0.000566,0.000264
0,0.105091,-0.15058,0.140053,-0.145136,0.120855,-0.103877,0.001834,0.002628
0,-0.018164,0.027964,-0.095941,0.169379,-0.132702,0.130441,0.000317,0.000488
0,-0.035334,0.055855,-0.000978,-0.000323,0.041665,0.037189,0.000617,0.000975
0,-0.016282,0.100464,0.026307,0.05954,0.023117,0.037295,0.000284,0.001753
0,-0.019591,-0.046142,0.026083,-0.163753,0.054682,-0.213752,0.000342,0.000805
0,0.014338,0.060667,0.019467,0.1365,0.00857,0.178662,0.00025,0.001059
0,0.123877,-0.096809,0.109046,-0.16433,0.08406,-0.190285,0.002162,0.00169
0,0.146343,-0.030294,0.006449,0.086973,0.035983,0.077983,0.002554,0.000529
0,-0.037856,0.022822,-0.156194,0.0336,-0.134243,0.035272,0.000661,0.000398
0,-0.024061,0.014335,0.010272,-0.018166,0.025054,0.009422,0.00042,0.00025
0,-0.085569,-0.164668,-0.086598,-0.205309,-0.063943,-0.158125,0.001493,0.002874
0,0.076119,-0.038053,0.164415,0.147007,0.166668,0.129578,0.001329,0.000664
0,-0.059786,-0.028739,-0.140207,0.018903,-0.174772,0.009751,0.001043,0.000502
0,0.020923,0.098147,0.057564,0.129121,0.015837,0.150782,0.000365,0.001713
0,0.227606,-0.075066,0.195966,-0.164892,0.18957,-0.206845,0.002718,0.00131
0,0.049769,-0.034991,-0.18845,0.048409,-0.223012,0.070174,0.000869,0.000611
0,-2.42676,-0.282546,-2.450815,-0.258074,-2.454893,-0.289116,0.00221,0.001759
0,-2.843083,-0.312411,-0.418054,-0.037755,-0.405883,0.01072,0.002785,0.001238
0,-3.358434,-0.472334,-0.506723,-0.182338,-0.542421,-0.149978,0.001602,0.001553
0,-3.133111,-0.3443,0.206972,0.143097,0.226908,0.125576,0.001157,0.000682
0,-2.658269,-0.338938,0.468601,0.00951,0.499238,0.0279,0.00044,0.000775
0,-2.313262,-0.296895,0.323848,0.043065,0.368432,0.052416,0.000229,0.001509
0,-1.802376,-0.273802,0.526661,0.037516,0.57164,0.036665,0.001997,0.001912
0,-1.467612,-0.097967,0.316435,0.160872,0.307083,0.208128,0.001149,0.00171
0,-0.997517,-0.156819,0.471726,-0.054566,0.486177,-0.095899,0.002662,0.002737
0,-0.417859,-0.089313,0.590891,0.085477,0.637722,0.062098,0.000602,0.001559
0,-0.242285,0.081032,0.16147,0.141372,0.124286,0.152207,0.002462,0.001414
0,0.781061,-2.223968,1.010634,-2.279026,1.036441,-2.302314,0.00025,0.001329
0,1.370236,-2.390233,0.610716,-0.189434,0.642192,-0.213149,0.002848,0.001573
0,1.441671,-2.79728,0.090979,-0.425397,0.120548,-0.46177,0.001601,0.001986
0,1.318624,-2.737694,-0.097072,0.06084,-0.076486,0.08609,0.002942,0.000946
0,1.222191,-2.216082,-0.084975,0.527887,-0.133236,0.504829,0.001259,0.001467
0,0.86573,-1.923225,-0.343377,0.273818,-0.336219,0.28442,0.001728,0.000113
0,0.377136,-1.270003,-0.467248,0.626769,-0.502045,0.590981,0.000109,0.002093
0,0.278477,-0.54043,-0.06998,0.725536,-0.075801,0.717892,0.00183,0.002741
0,0.101336,-0.391841,-0.150245,0.164781,-0.183269,0.146902,0.001769,0.000148
0,0.017221,-0.139552,-0.104506,0.243403,-0.125333,0.208315,0.000301,0.002436
0,0.143518,0.137113,0.149027,0.293118,0.170227,0.30107,0.002505,0.002393
0,-0.148689,0.396818,-0.264128,0.239639,-0.309829,0.279482,0.002595,0.000235
0,0.066868,0.272293,0.190817,-0.153077,0.22185,-0.176148,0.001167,0.001938
0,-0.183461,0.199234,-0.232965,-0.043611,-0.234693,-0.088742,0.003202,0.003214
0,0.034857,0.293837,0.194869,0.116854,0.195798,0.077487,0.000608,0.001562
0,-0.040259,0.099973,-0.086637,-0.198404,-0.109905,-0.23539,0.000703,0.001745
0,-0.078526,0.174707,-0.061855,0.059392,-0.064457,0.091041,0.001371,0.003049
0,-0.175843,0.249948,-0.12239,0.08526,-0.136613,0.040176,0.003069,0.002328
0,0.029096,0.068737,0.18332,-0.167974,0.180525,-0.192319,0.000508,0.0012
0,-0.155263,0.156585,-0.173553,0.082804,-0.180842,0.114609,0.00271,0.002733
0,0.025484,0.223048,0.158304,0.038891,0.187491,0.007664,0.000445,0.002798
0,0.008264,0.202513,0.003086,-0.004511,0.020823,-0.046744,0.000144,0.003156
0,0.045549,-0.042041,0.065826,-0.249966,0.10563,-0.291505,0.000795,0.000734
0,-0.04298,0.016142,-0.087051,0.059804,-0.055249,0.087678,0.00075,0.000282
0,-0.057053,0.054762,-0.034724,0.053974,-0.076297,0.018759,0.000996,0.000956
0,0.065034,-0.012046,0.120897,-0.060544,0.164586,-0.072468,0.001135,0.00021
0,-0.122466,0.218765,-0.187218,0.220834,-0.151792,0.228183,0.002137,0.002873
0,-0.14806,0.007187,4.7e-05,-0.190767,0.042224,-0.212001,0.002584,0.000125
0,-0.081267,-0.057285,0.04433,-0.049425,0.047706,-0.093319,0.001418,0.001
0,0.029512,-0.053086,0.09418,0.012207,0.137813,0.014251,0.000515,0.000927
0,0.151899,0.034192,0.141431,0.060884,0.165053,0.082112,0.002651,0.000597
0,0.079663,0.180975,-0.071379,0.137963,-0.070185,0.166868,0.00139,0.003159
0,-0.081922,0.208524,-0.172477,0.038852,-0.215406,-0.002557,0.00143,0.003051
0,-0.074355,0.115313,0.015843,-0.097998,0.03955,-0.093368,0.001298,0.002013
0,-0.005,-0.030749,0.052121,-0.116363,0.01253,-0.083487,8.7e-05,0.000537
0,-0.050203,0.008465,-0.051347,0.018327,-0.094917,0.063775,0.000876,0.000148
0,-0.126394,0.043953,-0.097732,0.028138,-0.048993,0.004605,0.002206,0.000767
0,-0.135435,-0.108876,0.006579,-0.178496,0.046182,-0.165382,0.002364,0.0019
0,-0.028289,0.166811,0.078066,0.28524,0.119001,0.309246,0.000494,0.002911
0,-0.01904,-0.034373,-0.011085,-0.195158,-0.017454,-0.183404,0.000332,0.0006
0,-0.052853,-0.059332,-0.046705,-0.016576,-0.005872,0.030905,0.000922,0.001036
0,0.027007,-0.066751,0.089977,-0.030151,0.079746,0.004676,0.000471,0.001165
0,-0.070556,-0.082875,-0.104943,-0.030097,-0.068625,-0.021264,0.001231,0.001446
0,0.045839,0.107379,0.117732,0.215207,0.141082,0.211178,0.0008,0.001874
0,-0.118441,-0.12286,-0.192363,-0.249288,-0.178185,-0.28048,0.002067,0.002144
0,-0.155628,0.096876,-0.007809,0.22456,-0.050205,0.267724,0.002716,0.001691
0,-0.045819,0.139762,0.120108,0.056589,0.111835,0.029947,0.0008,0.002439
0,-0.033841,-0.000462,0.010962,-0.153065,0.013735,-0.135799,0.000591,8e-06
0,0.10657,0.169048,0.148131,0.142291,0.168773,0.149695,0.00186,0.00295
0,0.064875,0.036041,-0.01413,-0.15453,-0.042724,-0.126339,0.001132,0.000629
0,-0.124552,-0.120134,-0.165708,-0.14377,-0.174051,-0.10911,0.002174,0.002097
0,-0.204612,0.079705,-0.0857,0.173916,-0.08813,0.208287,0.00312,0.001391
0,-0.200543,-0.044756,0.019954,-0.130531,0.053908,-0.164065,0.003191,0.000781
0,-0.014666,0.126341,0.165908,0.163625,0.18346,0.212052,0.000256,0.002205
0,-0.083299,0.075116,-0.091855,-0.035263,-0.098737,0.00656,0.001454,0.001311
0,0.101491,0.006734,0.182696,-0.076711,0.167474,-0.083641,0.001771,0.000118
0,0.068607,0.135244,-0.04668,0.131488,-0.034826,0.141083,0.001197,0.00236
0,-0.215255,0.131556,-0.257625,0.013546,-0.279825,0.016009,0.002934,0.002296
0,-0.03594,-0.030546,0.169206,-0.169478,0.17587,-0.141725,0.000627,0.000533
0,-0.11451,0.049005,-0.102359,0.090387,-0.086004,0.09331,0.001999,0.000855
0,0.056506,-0.051333,0.176619,-0.113044,0.157007,-0.098628,0.000986,0.000896
0,0.091263,0.020891,0.014322,0.048174,-0.011294,0.091293,0.001593,0.000365
0,0.066138,-0.127482,-0.014672,-0.139344,0.024756,-0.134178,0.001154,0.002225
0,0.032854,0.076331,-0.057986,0.201207,-0.021572,0.21665,0.000573,0.001332
0,-0.008146,0.134665,-0.016009,0.041358,-0.028271,0.037745,0.000142,0.00235
0,-0.132426,-0.000208,-0.142326,-0.127228,-0.189127,-0.093676,0.002311,4e-06
0,0.142203,0.057967,0.248024,0.084238,0.225547,0.10902,0.002482,0.001012
0,0.024544,-0.0513,-0.105986,-0.123404,-0.154012,-0.130846,0.000428,0.000895
0,0.086184,0.113832,0.071616,0.166082,0.112018,0.166851,0.001504,0.001987
0,-1.117527,-0.752657,-1.231949,-0.86799,-1.2325,-0.905848,0.000568,0.000245
0,-2.168831,-1.409524,-1.036475,-0.642392,-0.994877,-0.596566,0.002292,0.002162
0,-3.017959,-2.078516,-0.849421,-0.69299,-0.853293,-0.664481,0.000853,0.002823
0,-3.134946,-2.364704,-0.134473,-0.263732,-0.087609,-0.239518,0.001189,0.001127
0,-2.541904,-1.960187,0.592636,0.423381,0.553635,0.434242,0.002471,0.000758
0,-1.841137,-1.942298,0.713046,0.013578,0.681979,0.055885,0.00132,0.000445
0,-1.209245,-1.454275,0.628287,0.481194,0.65853,0.449421,0.001033,0.001381
0,-0.857525,-1.360277,0.379864,0.065354,0.394911,0.093238,0.001585,0.003022
0,-0.491547,-0.546682,0.378786,0.817267,0.357499,0.829378,0.001888,0.002851
0,-0.166398,-0.531077,0.32882,-0.010394,0.300826,-0.013306,0.002904,0.002578
0,0.046825,-0.0761,0.198134,0.459802,0.153278,0.498033,0.000817,0.001328
0,0.010494,0.107535,-0.021666,0.158456,-0.069472,0.132514,0.000183,0.001877
0,0.171149,0.065188,0.135695,-0.066728,0.100197,-0.024398,0.002987,0.001138
0,0.340757,0.443121,0.153013,0.374566,0.105312,0.407899,0.000743,0.001043
0,0.148791,0.386213,-0.203416,-0.081864,-0.219434,-0.112873,0.002597,5e-05
0,0.119095,0.21271,-0.008142,-0.183539,-0.052465,-0.184464,0.002079,0.002978
0,0.111304,0.168349,-0.025077,-0.032861,-0.044415,-0.070757,0.001943,0.002938
0,0.14679,0.153977,0.030565,0.013244,0.080249,0.017246,0.002562,0.002687
0,0.128359,0.359382,-0.047802,0.20286,-0.022084,0.248455,0.00224,0.000418
0,0.114077,0.140532,-0.033405,-0.197468,-0.05004,-0.242537,0.001991,0.002453
0,-0.037861,0.206288,-0.126352,0.082579,-0.102874,0.048683,0.000661,0.00309
0,0.14329,0.366234,0.169374,0.130691,0.143766,0.084415,0.002501,0.000299
0,-0.043648,0.087516,-0.216116,-0.269653,-0.203251,-0.292006,0.000762,0.001527
0,0.055556,0.260611,0.124416,0.171172,0.115725,0.182467,0.00097,0.002142
0,0.085608,0.206016,0.019897,-0.081729,0.062094,-0.101448,0.001494,0.003095
0,0.112598,0.259002,-0.002659,0.04431,0.007549,0.0786,0.001965,0.00217
0,-0.097099,0.088391,-0.192561,-0.150056,-0.158521,-0.158705,0.001695,0.001543
0,-0.05356,0.189134,0.070852,0.080176,0.053989,0.074312,0.000935,0.003301
0,0.178856,0.113674,0.22706,-0.077098,0.190763,-0.078488,0.003122,0.001984
0,0.085593,0.206639,-0.065997,0.084117,-0.026939,0.034585,0.001494,0.003084
0,0.031992,0.105475,-0.028886,-0.094052,0.016061,-0.132991,0.000558,0.001841
0,0.077952,0.286204,0.033858,0.166056,0.025576,0.173848,0.001361,0.001696
0,0.078639,0.338991,-0.016632,0.035164,-0.045126,0.067758,0.001373,0.000774
0,-0.031793,0.038317,-0.125796,-0.294758,-0.109201,-0.259784,0.000555,0.000669
0,0.07633,0.110055,0.111535,0.061477,0.068041,0.111357,0.001332,0.001921
0,0.029232,0.120107,-0.066522,0.032225,-0.103011,0.006165,0.00051,0.002096
0,-0.08001,0.267782,-0.106542,0.165651,-0.116468,0.187553,0.001396,0.002017
0,-0.00622,0.099272,0.102726,-0.174014,0.118157,-0.127661,0.000109,0.001733
0,0.080478,0.230928,0.068132,0.143303,0.110399,0.120926,0.001405,0.00266
0,0.057885,0.250276,-0.052516,0.047239,-0.015334,0.006474,0.00101,0.002323
0,-0.084665,0.193931,-0.133591,-0.079627,-0.167004,-0.081435,0.001478,0.003306
0,-0.090167,0.21369,-0.010138,-0.008501,-0.038961,-0.044916,0.001574,0.002961
0,-0.160477,0.165725,-0.098114,-0.021269,-0.08437,-0.024599,0.002801,0.002892
0,-0.101018,0.153205,0.038569,0.003932,0.03791,0.050467,0.001763,0.002674
0,-0.182611,0.105305,-0.094281,-0.028301,-0.066518,-0.049745,0.003187,0.001838
0,-0.101578,0.052059,0.066828,-0.057586,0.108806,-0.068699,0.001773,0.000909
0,-0.009764,0.02663,0.068618,-0.026636,0.023429,-0.024852,0.00017,0.000465
0,-0.221069,0.251546,-0.207836,0.254489,-0.169897,0.255453,0.002832,0.002301
0,0.035177,0.090841,0.256787,-0.138703,0.245858,-0.122045,0.000614,0.001585
0,-0.016293,0.139625,-0.051033,0.033662,-0.00185,0.070621,0.000284,0.002437
0,-0.239067,0.017469,-0.240857,-0.126365,-0.290027,-0.096966,0.002518,0.000305
0,0.000916,0.233121,0.242366,0.193434,0.246562,0.16926,1.6e-05,0.002622
0,-0.219997,0.062534,-0.246184,-0.159025,-0.22228,-0.206083,0.002851,0.001091
0,-0.053664,-0.02968,0.18839,-0.120131,0.208592,-0.122774,0.000937,0.000518
0,-0.054769,0.022914,-0.00081,0.022896,0.023441,0.043906,0.000956,0.0004
0,0.016203,0.10572,0.07902,0.073014,0.087985,0.053414,0.000283,0.001845
0,-0.125006,0.225327,-0.114673,0.121173,-0.089691,0.113209,0.002182,0.002758
0,-0.113846,-0.029291,-0.017659,-0.227506,-0.018518,-0.244885,0.001987,0.000511
0,-0.251297,0.115149,-0.130078,0.132814,-0.176949,0.157532,0.002305,0.00201
0,-0.301019,0.078283,-0.068874,-0.034732,-0.109714,-0.035174,0.001437,0.001366
0,-0.034756,0.101452,0.264731,0.046191,0.271506,0.052093,0.000607,0.001771
0,-0.297079,0.010033,-0.257175,-0.111458,-0.272519,-0.103447,0.001506,0.000175
0,-0.12287,-0.008271,0.189298,-0.002787,0.204014,-0.013085,0.002144,0.000144
0,-0.152036,0.203256,-0.025319,0.235124,0.003957,0.234734,0.002654,0.003143
0,-0.197505,0.007904,-0.027874,-0.186945,0.009644,-0.192885,0.003244,0.000138
0,-0.074833,-0.068326,0.096681,-0.073649,0.055368,-0.098127,0.001306,0.001193
0,-0.204348,-0.020198,-0.110022,0.054531,-0.0729,0.016596,0.003124,0.000353
0,-0.128264,0.069119,0.10472,0.108491,0.084553,0.062062,0.002239,0.001206
0,-0.155981,0.225257,-0.016405,0.161358,0.032239,0.151985,0.002722,0.002759
0,-0.198601,0.031195,-0.043983,-0.185969,0.001376,-0.218041,0.003225,0.000544
0,-0.099564,0.051214,0.088391,0.047623,0.126188,0.039731,0.001738,0.000894
0,-0.010049,0.096261,0.099569,0.073892,0.063178,0.059122,0.000175,0.00168
0,-0.028013,0.148225,-0.01076,0.075426,-0.013008,0.036081,0.000489,0.002587
0,-0.208898,-0.042214,-0.204176,-0.209746,-0.176173,-0.17641,0.003045,0.000737
0,-0.205144,0.034901,-0.016557,0.097261,0.022846,0.051432,0.00311,0.000609
0,-0.196258,0.067419,-0.006631,0.044016,-0.021123,0.089613,0.003265,0.001177
0,-0.002124,-0.029986,0.174026,-0.078813,0.148384,-0.100929,3.7e-05,0.000523
0,-9.4e-05,0.045376,0.002289,0.054022,0.02483,0.084944,2e-06,0.000792
0,-0.209911,-0.036052,-0.222961,-0.055622,-0.243517,-0.066589,0.003027,0.000629
0,0.03396,-0.05242,0.222661,-0.045279,0.213595,-0.040346,0.000593,0.000915
0,0.097699,-0.058902,0.083104,-0.015874,0.04275,-0.009282,0.001705,0.001028
0,-0.125304,0.026838,-0.198848,0.087785,-0.159992,0.11397,0.002187,0.000468
0,-0.130866,0.200877,-0.008867,0.200588,-0.033539,0.177082,0.002284,0.003185
0,-0.799525,-0.891358,-0.653774,-1.090978,-0.665355,-1.049701,0.000573,0.002176
0,-0.990805,-2.21875,-0.214066,-1.298679,-0.258087,-1.338494,0.00278,0.00142
0,-0.947977,-2.352251,0.049988,-0.143597,0.000518,-0.135771,0.003164,0.00091
0,-0.671967,-2.550505,0.259642,-0.227445,0.268946,-0.179979,0.001654,0.002321
0,-0.779271,-2.317902,-0.118978,0.217224,-0.134216,0.232206,0.000219,0.00031
0,-0.334686,-1.740989,0.4651,0.556202,0.491168,0.566224,0.000849,0.003068
0,-0.314883,-1.075014,0.040146,0.645104,0.066128,0.610009,0.001195,0.00131
0,-0.374921,-0.757958,-0.036333,0.317709,-0.059598,0.348765,0.000147,0.000153
0,0.027439,-0.431926,0.397576,0.316035,0.366489,0.326526,0.000479,0.000848
0,-0.102358,-0.169108,-0.119748,0.264602,-0.109886,0.269868,0.001786,0.002951
0,-0.032377,-0.03017,0.056695,0.109751,0.033097,0.088392,0.000565,0.000527
0,0.036517,0.038166,0.041005,0.080425,0.089662,0.050061,0.000637,0.000666
0,0.120754,0.015578,0.058733,-0.022598,0.039459,-0.061272,0.002108,0.000272
0,3.128338,0.025544,3.032883,0.034966,3.08171,0.00829,0.001073,0.000446
0,3.577675,0.327937,0.436314,0.304901,0.477457,0.340462,0.002225,0.000967
0,3.45989,0.281777,-0.095059,-0.042092,-0.073127,-0.0392,0.000169,0.001773
0,3.233879,0.078056,-0.221858,-0.216716,-0.204171,-0.265896,0.002915,0.001362
0,2.604411,0.06565,-0.610612,0.004918,-0.651508,0.047328,0.00138,0.001146
0,2.369052,0.11454,-0.24611,0.044627,-0.254216,0.058433,0.001203,0.001999
0,1.844044,0.155778,-0.540983,0.022059,-0.548744,0.06856,0.001269,0.002719
0,1.221403,0.145859,-0.604147,0.010383,-0.633583,-0.021541,0.001245,0.002546
0,0.6074,0.068519,-0.60084,-0.103614,-0.614786,-0.121786,0.002781,0.001196
0,0.110231,0.112808,-0.523461,0.035677,-0.557885,0.006223,0.001924,0.001969
0,0.150471,0.140415,0.053815,0.000986,0.027845,-0.034939,0.002626,0.002451
0,0.015814,-0.063069,-0.115659,-0.202994,-0.097463,-0.206981,0.000276,0.001101
0,-0.129211,-0.01251,-0.150616,0.068996,-0.179356,0.11763,0.002255,0.000218
0,-0.025891,0.245482,0.121542,0.249237,0.136845,0.242689,0.000452,0.002406
0,0.007596,0.139314,0.041698,-0.127261,0.051011,-0.103635,0.000133,0.002431
0,-0.141701,0.00568,-0.151394,-0.151879,-0.18899,-0.1434,0.002473,9.9e-05
0,-0.193076,0.189477,-0.02808,0.21072,-0.048863,0.203391,0.003321,0.003307
0,-0.044038,-0.009183,0.162988,-0.227851,0.150894,-0.188939,0.000769,0.00016
0,-0.093633,0.128691,-0.054636,0.112308,-0.064803,0.078176,0.001634,0.002246
0,-0.160066,0.105469,-0.043463,-0.0295,-0.022766,-0.045154,0.002794,0.001841
0,-0.165455,0.167973,0.011163,0.071328,-0.003752,0.034504,0.002888,0.002932
0,0.00186,0.146153,0.178758,-0.025924,0.19741,-0.036527,3.2e-05,0.002551
0,-0.166187,0.076206,-0.150398,-0.071328,-0.19462,-0.062253,0.002901,0.00133
0,-0.217815,-0.025208,-0.026555,-0.119487,0.009955,-0.097291,0.002889,0.00044
0,-0.028256,0.072113,0.192334,0.123735,0.208984,0.083368,0.000493,0.001259
0,-0.194343,0.001966,-0.193445,-0.097662,-0.190183,-0.092312,0.003299,3.4e-05
0,-0.276512,0.13712,-0.098193,0.117342,-0.088494,0.131653,0.001865,0.002393
0,-0.22467,0.009387,0.02324,-0.120869,0.071217,-0.098474,0.00277,0.000164
0,-0.008678,0.081827,0.208604,0.067173,0.248703,0.094839,0.000151,0.001428
0,0.021165,-0.074211,0.053744,-0.15608,0.081094,-0.107698,0.000369,0.001295
0,0.000352,0.091666,-0.042456,0.167169,0.002059,0.163402,6e-06,0.0016
0,-0.242473,0.127422,-0.220541,0.027987,-0.21811,0.011001,0.002459,0.002224
0,-0.189663,-0.069964,0.054761,-0.173694,0.082636,-0.196715,0.00331,0.001221
0,-0.231582,0.051332,-0.055669,0.122818,-0.07336,0.138163,0.002649,0.000896
0,0.003038,-0.048923,0.215265,-0.105165,0.167012,-0.134917,5.3e-05,0.000854
0,0.034708,-0.099282,0.02022,-0.066832,0.001069,-0.104016,0.000606,0.001733
0,-0.032993,-0.137509,-0.066009,-0.061713,-0.100876,-0.014355,0.000576,0.0024
0,-0.184657,-0.037058,-0.145023,0.097151,-0.126728,0.122224,0.003223,0.000647
0,-0.091097,-0.023327,0.101737,-0.004239,0.104623,0.033666,0.00159,0.000407
0,-0.193652,0.01673,-0.095687,0.014782,-0.100139,-0.026319,0.003311,0.000292
0,-0.11682,-0.166308,0.106288,-0.174356,0.096389,-0.131368,0.002039,0.002903
0,-0.112513,0.037849,-0.001834,0.19128,-0.043165,0.181391,0.001964,0.000661
0,0.086454,-0.129111,0.203337,-0.193922,0.204842,-0.199421,0.001509,0.002253
0,-0.13725,0.018939,-0.218104,0.129487,-0.212903,0.125299,0.002395,0.000331
0,0.017353,-0.153734,0.173717,-0.180638,0.19788,-0.155928,0.000303,0.002683
0,0.13971,-0.146804,0.095836,0.016004,0.10869,-0.023425,0.002438,0.002562
0,0.101194,0.081982,-0.009919,0.251757,0.021115,0.209267,0.001766,0.001431
0,-0.038561,0.019378,-0.152169,-0.068029,-0.118764,-0.089822,0.000673,0.000338
0,-0.031168,-0.155802,0.020454,-0.158451,-0.017065,-0.205615,0.000544,0.002719
0,0.152169,-0.010178,0.188013,0.175226,0.218007,0.205275,0.002656,0.000178
0,0.065048,-0.153155,-0.064641,-0.157965,-0.02133,-0.129941,0.001135,0.002673
0,-0.083104,-0.144613,-0.165574,0.017842,-0.154188,0.026098,0.00145,0.002524
0,-0.073177,0.085855,0.006443,0.247676,0.040486,0.26574,0.001277,0.001498
0,-0.011188,-0.03742,0.061176,-0.104043,0.059303,-0.061483,0.000195,0.000653
0,0.155268,-0.042562,0.178139,0.012482,0.167288,-0.027036,0.00271,0.000743
0,-0.077375,-0.045725,-0.223369,-0.017287,-0.211348,-0.038107,0.00135,0.000798
0,-0.097384,-0.064991,-0.04212,-0.004773,-0.034821,-0.045136,0.0017,0.001134
0,-0.084588,-0.120117,-0.003286,-0.025138,0.004484,-0.006909,0.001476,0.002096
0,-0.145659,-0.011587,-0.076895,0.092218,-0.05881,0.096473,0.002542,0.000202
0,-0.10353,-0.00155,0.041217,0.011719,0.071882,-0.035465,0.001807,2.7e-05
0,-0.163195,0.161578,-0.070298,0.170422,-0.094631,0.167671,0.002848,0.00282
0,-0.009462,-0.084206,0.138354,-0.25483,0.127125,-0.230497,0.000165,0.00147
0,0.133146,0.017946,0.127946,0.095577,0.078413,0.086672,0.002324,0.000313
0,0.027863,0.170201,-0.097493,0.13417,-0.1426,0.120704,0.000486,0.002971
0,-0.073701,0.081326,-0.102093,-0.103382,-0.085767,-0.133047,0.001286,0.001419
0,-0.15899,0.090741,-0.107841,0.00965,-0.144112,0.046987,0.002775,0.001584
0,0.045405,0.059221,0.179343,-0.054446,0.154697,-0.074101,0.000792,0.001034
0,0.001007,-0.022645,-0.060904,-0.08294,-0.041653,-0.059718,1.8e-05,0.000395
0,0.038772,-0.016731,0.022857,-0.006965,-0.00825,0.001761,0.000677,0.000292
0,-0.03746,-0.083264,-0.095246,-0.057997,-0.091814,-0.009028,0.000654,0.001453
0,0.14653,-0.048698,0.181745,0.02169,0.230019,-0.01931,0.002557,0.00085
0,0.116415,0.085971,-0.037456,0.119347,-0.00221,0.164772,0.002032,0.0015
0,0.016445,0.132521,-0.126054,0.066768,-0.115165,0.115239,0.000287,0.002313
0,0.125945,-0.100095,0.129658,-0.228952,0.143859,-0.229579,0.002198,0.001747
0,0.03846,0.016203,-0.0692,0.100554,-0.10327,0.139337,0.000671,0.000283
0,0.052524,-0.068872,0.017982,-0.101741,0.034896,-0.101153,0.000917,0.001202
0,0.005798,-0.129323,-0.075381,-0.075389,-0.075183,-0.043761,0.000101,0.002257
0,-0.024999,0.02652,-0.023426,0.175623,-0.015791,0.183601,0.000436,0.000463
0,0.176074,-0.194972,0.222348,-0.216622,0.229253,-0.215753,0.003073,0.003288
0,-0.02151,-0.117849,-0.198419,0.060266,-0.154693,0.062642,0.000375,0.002057
0,0.076702,-0.19784,0.127652,-0.072221,0.124187,-0.085758,0.001339,0.003238
0,0.133423,-0.05455,0.041101,0.136449,0.033321,0.143755,0.002329,0.000952
0,0.110496,0.028736,-0.043336,0.072778,-0.071949,0.066596,0.001929,0.000502
0,0.088469,-0.038057,-0.018252,-0.03754,-0.062537,-0.08009,0.001544,0.000664
0,0.110451,0.05515,0.041162,0.079655,0.047234,0.047299,0.001928,0.000963
0,0.145379,-0.149953,0.045776,-0.183194,0.013296,-0.143097,0.002537,0.002617
0,-0.095112,0.082833,-0.238606,0.226861,-0.272616,0.263497,0.00166,0.001446
0,-0.164492,-0.160479,-0.077104,-0.223061,-0.076874,-0.196765,0.002871,0.002801
0,0.057964,0.042954,0.249368,0.214596,0.256657,0.239736,0.001012,0.00075
0,0.028163,0.006738,-0.041202,-0.025938,-0.00432,-0.050406,0.000492,0.000118
0,-0.071281,-0.119005,-0.108005,-0.122656,-0.110039,-0.137571,0.001244,0.002077
0,0.094204,0.079347,0.181381,0.205989,0.180816,0.157717,0.001644,0.001385
0,-0.050202,-0.013168,-0.169571,-0.083666,-0.148399,-0.108133,0.000876,0.00023
0,0.158352,-0.102962,0.226903,-0.098987,0.276403,-0.106428,0.002764,0.001797
0,-0.041808,0.061906,-0.184868,0.156316,-0.194032,0.108836,0.00073,0.00108
0,0.136905,-0.013139,0.177039,-0.06547,0.189414,-0.059341,0.002389,0.000229
0,-0.133906,-0.159592,-0.282248,-0.119078,-0.242721,-0.145146,0.002337,0.002785
0,0.106807,-0.009299,0.233791,0.175906,0.257933,0.145989,0.001864,0.000162
0,-0.178129,0.028582,-0.25963,0.029977,-0.276959,0.062355,0.003109,0.000499
0,0.077313,-0.162799,0.261033,-0.20456,0.288589,-0.191236,0.001349,0.002841
0,-0.049642,0.011719,-0.123439,0.150016,-0.12799,0.188904,0.000866,0.000205
0,-0.002583,0.054642,0.02747,0.047801,0.057129,0.003531,4.5e-05,0.000954
0,-2.473937,-0.706774,-2.466763,-0.763438,-2.447148,-0.808638,0.003033,0.001046
0,-2.840187,-1.297901,-0.350806,-0.562352,-0.306329,-0.540878,0.002735,0.00258
0,-3.290971,-1.267803,-0.462234,0.001155,-0.476892,-0.019803,0.002779,0.002055
0,-2.964142,-1.052322,0.320704,0.236329,0.363354,0.257109,0.001793,0.001706
0,-2.223434,-0.9542,0.728527,0.087787,0.746334,0.054739,0.001339,0.003272
0,-1.631093,-0.877521,0.613079,0.091735,0.640226,0.079068,0.001705,0.001934
0,-1.294722,-0.72177,0.350091,0.157587,0.311968,0.142329,0.002525,0.000784
0,-0.948218,-0.592003,0.318773,0.119259,0.305655,0.091142,0.003168,0.003049
0,-0.535859,-0.236381,0.429261,0.381624,0.398851,0.404284,0.002662,0.002565
0,-0.513139,-0.106991,0.007338,0.103197,-0.015989,0.073148,0.002265,0.001867
0,-0.488461,-0.243411,0.000184,-0.120183,-0.033236,-0.072094,0.001834,0.002443
0,-0.321267,0.147207,0.137261,0.370111,0.091318,0.396952,0.001084,0.002569
0,-0.11571,-0.051836,0.192546,-0.228302,0.155774,-0.259196,0.00202,0.000905
0,0.061786,0.176545,0.16906,0.242632,0.147582,0.250193,0.001078,0.003081
0,0.133411,0.223686,0.078281,0.020009,0.096889,0.053411,0.002328,0.002787
0,0.044203,-0.05426,-0.076033,-0.280567,-0.044011,-0.284492,0.000771,0.000947
0,-0.623529,-0.931091,-0.680712,-0.856806,-0.698613,-0.8933,0.002499,0.002869
0,-1.710231,-1.42684,-1.087599,-0.522805,-1.038883,-0.489133,0.003086,0.00186
0,-2.113982,-1.512582,-0.430414,-0.07397,-0.419733,-0.121033,0.003249,0.000364
0,-2.555406,-1.646204,-0.467852,-0.1139,-0.511807,-0.111526,0.002235,0.001968
0,-2.556918,-1.741028,0.016981,-0.096855,0.046394,-0.134974,0.002209,0.003067
0,-2.65025,-1.302012,-0.118703,0.425719,-0.11762,0.376165,0.00058,0.002652
0,-2.567885,-1.101283,0.063242,0.197877,0.065315,0.188246,0.002018,0.000851
0,-1.543341,-1.028191,1.013565,0.077085,1.007706,0.05171,0.000173,0.002127
0,-1.013661,-0.6157,0.502862,0.406355,0.507765,0.440698,0.002381,0.002636
0,-0.5819,-0.404757,0.409182,0.235701,0.415373,0.205913,0.003226,0.000374
0,-0.472877,-0.269899,0.133314,0.121707,0.097603,0.128259,0.001562,0.00198
0,0.021026,0.104863,0.47169,0.345081,0.438764,0.350872,0.000367,0.00183
0,0.165468,-0.016323,0.135366,-0.131865,0.117144,-0.133176,0.002888,0.000285
0,0.137675,0.214965,-0.054295,0.248363,-0.012601,0.235092,0.002403,0.002939
0,0.13269,0.073194,-0.020663,-0.132095,-0.003674,-0.097308,0.002316,0.001277
0,0.287077,0.231263,0.135259,0.141287,0.108872,0.142495,0.00168,0.002655
0,0.153574,0.181541,-0.115536,-0.050075,-0.077002,-0.096727,0.00268,0.003168
0,0.298195,0.056222,0.119878,-0.141774,0.124759,-0.143784,0.001486,0.000981
0,0.305455,0.059129,-0.00584,-0.020728,0.002841,0.007457,0.00136,0.001032
0,0.137702,0.172989,-0.176984,0.123804,-0.179719,0.141361,0.002403,0.003019
0,0.290782,0.176835,0.159927,0.022503,0.17195,-0.012303,0.001616,0.003086
0,0.21298,0.140612,-0.064155,-0.056282,-0.105148,-0.037675,0.002974,0.002454
0,0.180669,0.213429,-0.040571,0.101079,-0.059478,0.129851,0.003153,0.002966
0,0.090805,-0.003469,-0.079664,-0.224047,-0.086281,-0.187891,0.001585,6.1e-05
0,0.288513,-0.063574,0.217005,-0.048177,0.245625,-0.015727,0.001655,0.00111
0,0.193378,-0.035914,-0.120525,0.051907,-0.07633,0.063938,0.003316,0.000627
0,0.142555,0.001954,-0.06773,0.056346,-0.048949,0.020213,0.002488,3.4e-05
0,0.316944,0.099807,0.172184,0.086197,0.210793,0.077978,0.001159,0.001742
0,0.034369,-0.075871,-0.260436,-0.182348,-0.307483,-0.205521,0.0006,0.001324
0,-0.047716,-0.11487,-0.102043,-0.023777,-0.086669,0.024261,0.000833,0.002005
0,0.205304,-0.052964,0.225329,0.089746,0.189761,0.054251,0.003108,0.000924
0,-0.081612,0.046818,-0.293372,0.122079,-0.249991,0.100203,0.001424,0.000817
0,0.148115,-0.038389,0.209899,-0.099972,0.243436,-0.072972,0.002585,0.00067
0,0.014579,0.030911,-0.121692,0.052243,-0.16661,0.049379,0.000254,0.000539
0,0.123569,-0.053659,0.092933,-0.110901,0.139967,-0.135367,0.002157,0.000937
0,0.094757,0.042898,-0.043,0.116445,-0.072656,0.134313,0.001654,0.000749
0,0.014008,0.129863,-0.093791,0.079262,-0.121394,0.051086,0.000244,0.002267
0,-0.022608,-0.046893,-0.064171,-0.151722,-0.074754,-0.182318,0.000395,0.000818
0,-0.073874,-0.117672,-0.069065,-0.073246,-0.027295,-0.054813,0.001289,0.002054
0,0.035149,0.129096,0.099812,0.274596,0.122862,0.263229,0.000613,0.002253
0,-0.038942,-0.052048,-0.080918,-0.199928,-0.103762,-0.224071,0.00068,0.000908
0,0.102601,0.005234,0.130852,0.036258,0.116488,0.044875,0.001791,9.1e-05
0,0.138584,-0.120198,0.058771,-0.137704,0.017186,-0.180594,0.002419,0.002098
0,-0.060527,-0.119353,-0.21079,-0.019157,-0.194413,-0.021033,0.001056,0.002083
0,-0.124574,0.050146,-0.077557,0.1789,-0.099095,0.207458,0.002174,0.000875
0,-0.125611,0.051894,-0.030628,0.030173,-0.062636,0.038848,0.002192,0.000906
0,-0.049766,0.01043,0.087828,-0.055632,0.060241,-0.082481,0.000869,0.000182
0,-0.001774,-0.133796,0.075528,-0.129665,0.034487,-0.132886,3.1e-05,0.002335
0,-0.120381,0.101788,-0.09752,0.247327,-0.084814,0.246297,0.002101,0.001777
0,-0.048226,0.053207,0.069367,-0.051091,0.104473,-0.052929,0.000842,0.000929
0,0.064407,-0.090831,0.141931,-0.169833,0.111688,-0.184689,0.001124,0.001585
0,-0.229044,0.035871,-0.30931,0.118775,-0.260986,0.165054,0.002693,0.000626
0,-0.202309,0.144966,0.017806,0.105339,0.022427,0.1347,0.00316,0.00253
0,-0.199935,0.102169,0.000596,-0.038245,0.025138,-0.041983,0.003201,0.001783
0,-0.101521,-0.130201,0.092022,-0.217936,0.075172,-0.180052,0.001772,0.002272
0,-0.281591,-0.12127,-0.163757,-0.000493,-0.165761,-0.019104,0.001776,0.002117
0,-0.272806,-0.005097,0.013197,0.086948,-0.002296,0.069512,0.001929,8.9e-05
0,-0.038367,-0.153919,0.214005,-0.122503,0.243044,-0.163854,0.00067,0.002686
0,0.018389,0.091626,0.061386,0.225336,0.035597,0.238466,0.000321,0.001599
0,-0.25075,-0.116373,-0.240464,-0.184912,-0.239299,-0.188621,0.002314,0.002031
0,-0.088192,-0.054392,0.133186,0.068987,0.166765,0.112765,0.001539,0.000949
0,-0.235474,0.101955,-0.137562,0.177707,-0.173119,0.153008,0.002581,0.001779
0,-0.296565,0.073131,-0.056529,-0.036764,-0.081408,-0.044886,0.001515,0.001276
0,-0.026224,-0.183199,0.248805,-0.239454,0.213391,-0.243256,0.000458,0.003197
0,-0.138625,0.010872,-0.087973,0.216798,-0.115756,0.233429,0.002419,0.00019
0,-0.029344,-0.090401,0.127312,-0.117485,0.149855,-0.087876,0.000512,0.001578
0,-0.164271,-0.13547,-0.108387,-0.020648,-0.12759,-0.062764,0.002867,0.002364
0,-0.075194,-0.073331,0.060943,0.085404,0.040801,0.133882,0.001312,0.00128
0,-0.133299,-0.01266,-0.048203,0.068139,-0.039737,0.066912,0.002327,0.000221
0,-0.247926,0.075767,-0.121194,0.093386,-0.165687,0.121707,0.002364,0.001322
0,-0.244202,-0.098017,0.002641,-0.193969,-0.04665,-0.209045,0.002429,0.001711
0,-0.096188,0.047879,0.118963,0.162699,0.156716,0.192617,0.001679,0.000836
0,0.053342,0.100215,0.132087,0.075311,0.182069,0.115453,0.000931,0.001749
0,-0.153975,0.004148,-0.225808,-0.115687,-0.267707,-0.09854,0.002687,7.2e-05
0,-0.053194,-0.047202,0.076747,-0.058273,0.122959,-0.066171,0.000928,0.000824
0,-0.026108,0.054204,0.031343,0.091809,0.061361,0.074098,0.000456,0.000946
0,-0.108969,0.062743,-0.097576,0.02711,-0.088461,0.04483,0.001902,0.001095
0,-0.094899,0.122192,0.024852,0.082883,0.018363,0.098886,0.001656,0.002133
0,-0.128261,0.064829,-0.057269,-0.062424,-0.028729,-0.092833,0.002239,0.001131
0,-0.063849,0.071193,0.052295,0.017919,0.095246,0.018813,0.001114,0.001243
0,-0.049375,-0.151144,-0.006112,-0.235593,-0.01074,-0.235282,0.000862,0.002638
0,-0.10682,0.07453,-0.040715,0.219495,-0.038172,0.261884,0.001864,0.001301
0,-0.028079,0.09462,0.094391,0.00218,0.073155,-0.0016,0.00049,0.001651
0,-0.111423,-0.101332,-0.10392,-0.219116,-0.132007,-0.172553,0.001945,0.001769
0,-0.226125,0.072591,-0.119382,0.153357,-0.075694,0.131553,0.002744,0.001267
0,-0.103408,0.001801,0.123264,-0.053614,0.119545,-0.07972,0.001805,3.1e-05
0,0.081051,-0.007286,0.164651,-0.036142,0.170052,-0.007683,0.001415,0.000127
0,0.031504,-0.124791,-0.075859,-0.088431,-0.087785,-0.105887,0.00055,0.002178
0,0.065675,0.137997,0.011868,0.276029,-0.002315,0.247013,0.001146,0.002408
0,0.092201,0.036535,0.040497,-0.080249,0.038172,-0.094462,0.001609,0.000638
0,-0.006796,0.081235,-0.084545,0.072224,-0.050257,0.062741,0.000119,0.001418
0,0.104236,0.06582,0.109535,-0.001888,0.080974,-0.002009,0.001819,0.001149
0,0.000596,-0.080257,-0.106957,-0.146591,-0.073156,-0.108998,1e-05,0.001401
0,-0.142126,-0.096163,-0.129429,0.008797,-0.087478,0.030935,0.002481,0.001678
0,-0.00248,-0.147616,0.122801,-0.07804,0.126472,-0.11633,4.3e-05,0.002576
0,-0.151312,-0.057866,-0.123577,0.087487,-0.098433,0.069291,0.002641,0.00101
0,1.516192,-0.116884,1.637927,-0.045636,1.666687,-0.009763,0.000301,0.00204
0,2.353666,-0.450767,0.862597,-0.358092,0.82688,-0.375175,0.000934,0.001177
0,2.630047,-0.592264,0.288303,-0.123336,0.304072,-0.105811,0.000933,0.003045
0,2.752025,-0.291104,0.117673,0.304674,0.136928,0.281101,0.001196,0.00161
0,2.027542,-0.43052,-0.713541,-0.160542,-0.726873,-0.195481,0.001933,0.000823
0,1.917146,-0.318129,-0.123407,0.131814,-0.086265,0.170601,6e-06,0.001138
0,1.378482,-0.066248,-0.537427,0.265332,-0.511703,0.298325,0.002704,0.001156
0,0.973015,-0.24063,-0.422869,-0.147865,-0.409533,-0.134875,0.00309,0.002491
0,0.648089,-0.007359,-0.310785,0.212597,-0.356094,0.17926,0.00207,0.000128
0,0.33182,-0.104627,-0.296922,-0.076708,-0.331882,-0.080935,0.000899,0.001826
0,0.31424,-0.058461,-0.047157,0.074779,-0.049211,0.097186,0.001206,0.00102
0,-0.010801,-0.07854,-0.319614,-0.029708,-0.343048,-0.012143,0.000189,0.001371
0,-0.106319,0.031073,-0.097782,0.080709,-0.123651,0.056669,0.001856,0.000542
0,-0.505284,-0.152004,-0.3753,-0.207117,-0.404143,-0.251505,0.002128,0.002653
0,-0.479584,0.02726,0.054596,0.200122,0.033814,0.228237,0.001679,0.000476
0,-0.20741,0.130763,0.279972,0.093265,0.243783,0.140016,0.003071,0.002282
0,-0.144915,-0.00833,0.048859,-0.130711,0.066416,-0.127487,0.002529,0.000145
0,-0.299181,-0.0509,-0.14692,-0.033477,-0.193715,-0.063219,0.001469,0.000888
0,-0.184513,-0.104431,0.116503,-0.08297,0.130035,-0.090073,0.00322,0.001823
0,-0.168651,0.126209,0.017227,0.206215,0.038907,0.249913,0.002944,0.002203
0,0.065883,-0.021606,0.251102,-0.153008,0.217515,-0.139502,0.00115,0.000377
0,0.035823,-0.072719,-0.009876,-0.032068,-0.053835,-0.000567,0.000625,0.001269
0,0.069908,-0.12386,0.0194,-0.022243,0.050549,0.025812,0.00122,0.002162
0,0.146673,0.097227,0.086626,0.204533,0.116296,0.166922,0.00256,0.001697
0,0.133122,0.145576,-0.039871,0.052465,0.0077,0.047837,0.002323,0.002541
0,-0.051809,-0.059511,-0.209084,-0.231062,-0.163524,-0.219735,0.000904,0.001039
0,-0.015679,0.140332,0.034638,0.181957,0.025566,0.132421,0.000274,0.002449
0,0.031187,0.02939,0.03158,-0.08272,0.031531,-0.11632,0.000544,0.000513
0,-0.110304,0.084474,-0.112729,0.054859,-0.10562,0.059342,0.001925,0.001474
0,-0.054635,-0.059964,0.083363,-0.145145,0.071314,-0.105166,0.000954,0.001047
0,0.093472,0.047374,0.127971,0.092202,0.130685,0.047672,0.001631,0.000827
0,-0.071729,-0.049845,-0.177979,-0.076404,-0.142744,-0.067383,0.001252,0.00087
0,-0.061504,-0.147254,-0.010469,-0.095334,0.03274,-0.098653,0.001073,0.00257
0,-0.126281,0.041476,-0.043023,0.175535,0.003806,0.216427,0.002204,0.000724
0,-0.096891,-0.070221,0.048739,-0.110409,0.007235,-0.089763,0.001691,0.001226
0,-0.069304,0.121008,0.032635,0.18298,0.033252,0.202787,0.00121,0.002112
0,0.110198,0.139066,0.194592,0.025726,0.169921,0.02619,0.001923,0.002427
0,0.073855,0.031574,-0.055672,-0.104764,-0.057042,-0.118237,0.001289,0.000551
0,-0.022995,-0.096379,-0.087919,-0.153305,-0.133035,-0.199236,0.000401,0.001682
0,0.220032,-0.07294,0.230644,0.0121,0.194258,0.047274,0.002851,0.001273
0,0.039251,0.180714,-0.192299,0.237358,-0.193437,0.266357,0.000685,0.003154
0,0.04729,-0.064037,0.015471,-0.246353,0.057019,-0.296178,0.000825,0.001118
0,-0.028972,0.076537,-0.088068,0.12106,-0.084787,0.125103,0.000506,0.001336
0,0.083494,-0.089943,0.108022,-0.151884,0.096004,-0.183807,0.001457,0.00157
0,-0.003638,-0.044797,-0.068349,0.046822,-0.083605,0.060286,6.3e-05,0.000782
0,0.117927,0.151009,0.114765,0.193589,0.121314,0.161925,0.002058,0.002636
0,0.156471,0.07137,0.042183,-0.080339,0.082667,-0.081215,0.002731,0.001246
0,0.023947,-0.061317,-0.162388,-0.116652,-0.142517,-0.089535,0.000418,0.00107
0,-0.033843,-0.007965,-0.070786,0.056748,-0.085549,0.096738,0.000591,0.000139
0,-0.170877,-0.012772,-0.109869,0.01861,-0.129506,0.023874,0.002982,0.000223
0,-0.159493,-0.011975,0.034833,-0.000245,0.015694,0.022897,0.002784,0.000209
0,-0.044853,-0.015078,0.12646,-0.000492,0.15951,0.021055,0.000783,0.000263
0,0.093907,-0.025372,0.145365,0.006727,0.185016,0.05658,0.001639,0.000443
0,-0.095449,0.091524,-0.167285,0.111559,-0.212825,0.135423,0.001666,0.001597
0,-0.095788,0.126201,-0.020367,0.064034,-0.042795,0.108775,0.001672,0.002203
0,-2.824329,-1.033301,-2.727241,-1.14879,-2.734084,-1.159859,0.002458,0.002038
0,-3.170854,-1.147173,-0.320366,-0.085254,-0.332795,-0.056358,0.001815,5.1e-05
0,-3.989936,-1.393858,-0.818533,-0.243909,-0.787277,-0.218631,0.002729,0.002436
0,-4.164324,-1.430912,-0.146994,-0.047669,-0.132888,-0.056393,0.000918,0.001789
0,-4.096587,-1.346985,0.051981,0.085417,0.098531,0.098,0.0021,0.003254
0,-3.100707,-1.362442,0.99821,-0.015657,1.030502,-0.056443,0.000591,0.002984
0,-1.989858,-1.111261,1.136513,0.246774,1.185585,0.243621,0.001275,0.000677
0,-1.376323,-0.818592,0.620565,0.291984,0.664709,0.31635,0.002742,0.000905
0,-0.84489,-0.51596,0.551843,0.273408,0.510272,0.252745,0.001364,0.002314
0,-0.387782,-0.102991,0.454127,0.410841,0.493801,0.391499,7.7e-05,0.001798
0,-0.015713,-0.104743,0.389805,0.012493,0.437169,-0.037394,0.000274,0.001828
0,-0.061817,-0.099972,-0.035894,0.006959,-0.082477,-0.006044,0.001079,0.001745
0,0.188659,0.10481,0.244365,0.215324,0.284231,0.171903,0.003293,0.001829
0,0.078075,0.052286,-0.123359,-0.070058,-0.170014,-0.050318,0.001363,0.000913
0,0.388782,0.147672,0.317857,0.082642,0.309573,0.034526,9.5e-05,0.002577
0,0.20387,0.116837,-0.17603,-0.00593,-0.225981,0.032887,0.003133,0.002039
0,0.178517,0.074532,-0.018159,-0.04326,-0.034722,0.003237,0.003116,0.001301
0,0.416733,-0.033377,0.241579,-0.095,0.201448,-0.12612,0.000583,0.000583
0,0.289417,0.15096,-0.108837,0.168071,-0.153201,0.206456,0.00164,0.002635
0,0.068362,-0.000196,-0.244458,-0.172315,-0.230733,-0.199082,0.001193,3e-06
0,0.16217,-0.01347,0.080017,-0.039207,0.073169,-0.080133,0.00283,0.000235
0,-0.028786,0.012421,-0.214867,0.031187,-0.168063,0.023357,0.000502,0.000217
0,0.034993,0.080072,0.056014,0.093364,0.043545,0.055175,0.000611,0.001398
0,0.091922,0.241901,0.085135,0.137707,0.110943,0.114543,0.001604,0.002469
0,0.212313,0.198127,0.12546,-0.027355,0.134645,-0.044228,0.002985,0.003233
0,0.170893,0.076108,-0.061277,-0.100949,-0.041331,-0.096543,0.002983,0.001328
0,-0.077962,0.017231,-0.260964,-0.035954,-0.279184,-0.062364,0.001361,0.000301
0,-0.078595,-0.000689,0.004378,-0.034813,-0.001163,-0.077299,0.001372,1.2e-05
0,-0.083761,0.025582,-0.014249,0.034842,-0.027949,0.004061,0.001462,0.000446
0,-0.111068,-0.04267,-0.04904,-0.055383,-0.041265,-0.035664,0.001939,0.000745
0,-0.091611,-0.025924,0.038037,0.006366,0.062254,-0.018857,0.001599,0.000452
0,-0.117678,-0.117394,-0.026239,-0.081547,-0.005434,-0.081521,0.002054,0.002049
0,0.066759,-0.036641,0.182418,0.093358,0.206457,0.078364,0.001165,0.00064
0,-0.09521,-0.096406,-0.183862,-0.034029,-0.217451,-0.062887,0.001662,0.001683
0,-0.078846,-0.226181,0.008947,-0.126481,-0.014353,-0.111487,0.001376,0.002743
0,-0.104644,-0.05854,-0.045745,0.160851,-0.081275,0.135773,0.001826,0.001022
0,0.056597,-0.240054,0.146578,-0.154819,0.15409,-0.143377,0.000988,0.002501
0,-0.141374,-0.031163,-0.175952,0.187163,-0.169183,0.195002,0.002467,0.000544
0,-0.093189,0.056756,0.057254,0.085308,0.040867,0.121786,0.001626,0.000991
0,0.020091,-0.125462,0.085511,-0.166919,0.106854,-0.122363,0.000351,0.00219
0,-0.090434,-0.005818,-0.13447,0.123713,-0.127654,0.119288,0.001578,0.000102
0,-0.100677,0.022467,-0.039938,0.020201,0.006012,0.064801,0.001757,0.000392
0,-0.141402,0.052359,-0.020485,0.016871,-0.034723,0.014417,0.002468,0.000914
0,-0.000122,0.043991,0.145266,-0.028232,0.105215,-0.017203,2e-06,0.000768
0,-0.111237,-0.171114,-0.085251,-0.208766,-0.129197,-0.184113,0.001941,0.002987
0,0.013408,0.12711,0.115688,0.29094,0.077615,0.25882,0.000234,0.002218
0,-0.206546,-0.010671,-0.238516,-0.14941,-0.208557,-0.176487,0.003086,0.000186
0,0.054284,-0.024044,0.256271,-0.013293,0.268591,-0.032868,0.000947,0.00042
0,-0.153521,0.047544,-0.196316,0.095963,-0.227586,0.080525,0.002679,0.00083
0,-0.094846,-0.021998,0.034373,-0.082986,0.082527,-0.062758,0.001655,0.000384
0,0.130773,0.025337,0.204178,0.062276,0.209875,0.04444,0.002282,0.000442
0,0.118299,-0.044996,0.010727,-0.082554,-0.01272,-0.112591,0.002065,0.000785
0,-0.020603,0.128879,-0.140369,0.158915,-0.106376,0.141122,0.00036,0.002249
0,-0.118026,0.049754,-0.0859,-0.092878,-0.096686,-0.043952,0.00206,0.000868
0,0.013154,-0.108648,0.124789,-0.179556,0.128448,-0.166728,0.00023,0.001896
0,-0.129727,0.117881,-0.153553,0.222227,-0.133111,0.237637,0.002264,0.002057
0,-0.177876,0.108612,-0.070859,-0.02324,-0.060708,-0.060127,0.003105,0.001896
0,0.01824,0.035974,0.183655,-0.073213,0.226173,-0.100635,0.000318,0.000628
0,-0.036265,0.121202,-0.042173,0.08138,-0.015962,0.059077,0.000633,0.002115
0,-0.167541,-0.141657,-0.159459,-0.243375,-0.203032,-0.253575,0.002924,0.002472
0,-0.001085,-0.042225,0.180826,0.099076,0.176976,0.101407,1.9e-05,0.000737
0,-0.076953,-0.003312,-0.054207,0.021681,-0.065882,0.028306,0.001343,5.8e-05
0,0.036272,0.099963,0.104316,0.087978,0.128488,0.12617,0.000633,0.001745
0,-0.013124,0.043695,-0.028755,-0.070122,-0.040198,-0.039247,0.000229,0.000763
0,-0.108346,0.078896,-0.076455,0.042885,-0.071385,0.040801,0.001891,0.001377
0,0.034099,0.060969,0.122256,0.006898,0.095431,0.045301,0.000595,0.001064
0,0.102623,-0.082517,0.058674,-0.15068,0.052077,-0.179313,0.001791,0.00144
0,-0.069621,-0.118499,-0.183513,-0.015745,-0.177427,-0.037253,0.001215,0.002068
0,0.076499,-0.157306,0.139905,-0.028814,0.1583,-0.021903,0.001335,0.002746
0,-0.038562,-0.021959,-0.104787,0.164097,-0.150939,0.151728,0.000673,0.000383
0,0.137959,0.085229,0.147451,0.09161,0.165146,0.087055,0.002408,0.001488
0,0.159014,0.060402,0.031754,-0.025317,0.072657,-0.042673,0.002775,0.001054
0,-0.038984,-0.128222,-0.211477,-0.192983,-0.199431,-0.181377,0.00068,0.002238
0,0.1299,-0.191442,0.143088,-0.060039,0.167387,-0.03193,0.002267,0.003341
0,0.146975,0.021048,0.038904,0.224864,0.016731,0.233348,0.002565,0.000367
0,-0.026301,-0.164537,-0.18063,-0.182504,-0.186796,-0.160656,0.000459,0.002872
0,-0.044611,-0.061577,-0.03837,0.09053,-0.000886,0.13614,0.000779,0.001075
0,0.053457,0.035666,0.100456,0.082394,0.111285,0.059709,0.000933,0.000622
0,0.07342,-0.181395,-0.004219,-0.187881,0.017149,-0.227375,0.001281,0.003166
0,0.001805,-0.168171,-0.054347,0.006751,-0.032305,0.018019,3.2e-05,0.002935
0,0.127195,-0.177174,0.095537,-0.022503,0.123685,-0.02843,0.00222,0.003092
0,0.037103,0.061431,-0.104443,0.219262,-0.150554,0.266113,0.000648,0.001072
0,0.04027,-0.124345,-0.020307,-0.180816,-0.0387,-0.218202,0.000703,0.00217
0,0.104345,0.050852,0.064652,0.180054,0.102806,0.179244,0.001821,0.000888
0,0.080353,0.062332,0.000327,-0.012288,-0.007295,-0.025602,0.001402,0.001088
0,0.169208,0.000872,0.106629,-0.03832,0.153445,0.010467,0.002953,1.5e-05
0,-0.076991,0.01552,-0.234103,0.042594,-0.206638,0.083088,0.001344,0.000271
0,0.12188,-0.088082,0.222156,-0.090387,0.206713,-0.133635,0.002127,0.001537
0,-0.104336,0.111665,-0.241522,0.195991,-0.261255,0.229607,0.001821,0.001949
0,-0.079609,0.145087,0.026719,0.054898,0.023472,0.03429,0.001389,0.002532
0,-0.091565,-0.0943,0.015687,-0.231547,0.062393,-0.221957,0.001598,0.001646
0,-0.015015,-0.112161,0.049269,-0.012679,0.083146,0.035817,0.000262,0.001958
0,0.03433,0.037357,0.07605,0.161914,0.102965,0.153014,0.000599,0.000652
0,-0.189026,-0.102129,-0.214062,-0.162175,-0.220697,-0.17587,0.003299,0.001782
0,0.0011,-0.03667,0.162325,0.084399,0.191773,0.077013,1.9e-05,0.00064
0,-0.067639,-0.109464,-0.049435,-0.084132,-0.00891,-0.113723,0.001181,0.001911
0,-0.056032,0.062558,0.01013,0.175874,0.057639,0.197759,0.000978,0.001092
0,0.08817,0.097632,0.136985,0.007518,0.110543,0.015189,0.001539,0.001704
0,-0.123753,-0.068997,-0.24151,-0.173465,-0.27613,-0.218697,0.00216,0.001204
0,-0.145482,0.01926,-0.030137,0.066597,-0.006303,0.048284,0.002539,0.000336
0,-0.20497,-0.0664,-0.053372,-0.077162,-0.033038,-0.030841,0.003113,0.001159
0,-0.186381,-0.127944,-0.005216,-0.052446,-0.051229,-0.09548,0.003253,0.002233
0,-0.204969,-0.06137,-0.010413,0.055422,-0.056974,0.063239,0.003113,0.001071
0,0.082538,-0.11385,0.279426,-0.034492,0.239857,0.010143,0.001441,0.001987
0,0.102249,-0.030548,0.000507,0.088137,0.004537,0.104514,0.001785,0.000533
0,0.101572,0.113432,0.016188,0.141429,-0.025546,0.155457,0.001773,0.00198
0,-0.153815,0.114076,-0.276158,4.6e-05,-0.26536,-0.002984,0.002685,0.001991
0,0.0608,0.102159,0.220743,-0.005243,0.258409,-0.027213,0.001061,0.001783
0,0.091828,-0.024259,0.052421,-0.126398,0.0902,-0.079261,0.001603,0.000423
0,-0.101315,-0.10467,-0.2152,-0.095061,-0.192683,-0.046517,0.001768,0.001827
0,-0.027422,0.087124,0.074991,0.19004,0.116835,0.177623,0.000479,0.001521
0,-0.203574,-0.018596,-0.171891,-0.085679,-0.148444,-0.130309,0.003138,0.000325
0,0.116916,0.061858,0.295463,0.10978,0.276674,0.154488,0.002041,0.00108
0,-0.131518,0.124601,-0.263051,0.079489,-0.216949,0.060034,0.002295,0.002175
0,0.142647,0.075164,0.268876,-0.048595,0.274793,-0.072281,0.00249,0.001312
0,0.129328,0.079859,0.012383,0.023716,0.058828,-0.004839,0.002257,0.001394
0,0.12877,0.101097,-0.027415,0.001016,-0.028236,-0.013918,0.002247,0.001764
0,0.122288,0.102008,-0.00142,0.0047,0.007457,0.015761,0.002134,0.00178
0,0.051997,0.121355,-0.057237,0.007183,-0.036672,0.05247,0.000908,0.002118
0,0.211957,-0.006143,0.167871,-0.112894,0.203762,-0.112484,0.002991,0.000107
0,0.147553,-0.073536,-0.091521,-0.05371,-0.05085,-0.067852,0.002575,0.001283
0,-0.038686,-0.024346,-0.196181,0.034637,-0.209954,0.064356,0.000675,0.000425
0,0.213432,0.093208,0.237289,0.106753,0.275537,0.09939,0.002966,0.001627
0,0.139418,-0.020708,-0.071375,-0.095983,-0.081078,-0.115962,0.002433,0.000361
0,0.077685,0.120629,-0.082428,0.122904,-0.040021,0.142056,0.001356,0.002105
0,0.039081,-0.070452,-0.029759,-0.208912,-0.073593,-0.223767,0.000682,0.00123
0,0.143726,-0.020415,0.087706,0.062355,0.047796,0.091126,0.002508,0.000356
0,-0.017137,0.078809,-0.154605,0.105412,-0.181111,0.119196,0.000299,0.001375
0,-0.038049,0.065839,0.007316,-0.008318,-0.012465,-0.041845,0.000664,0.001149
0,0.018765,-0.053048,0.065035,-0.10807,0.067622,-0.148843,0.000328,0.000926
0,0.154042,-0.116049,0.144673,-0.060448,0.11896,-0.064777,0.002689,0.002025
0,0.055915,0.141954,-0.094331,0.259073,-0.08067,0.270022,0.000976,0.002478
0,0.188272,0.048383,0.157862,-0.09051,0.175228,-0.074022,0.003286,0.000844
0,-0.025668,0.110253,-0.216497,0.076991,-0.21782,0.055686,0.000448,0.001924
0,0.199668,0.044505,0.199758,-0.050288,0.180492,-0.030384,0.003206,0.000777
0,0.199182,-0.041922,-0.01607,-0.068064,0.033167,-0.113317,0.003214,0.000732
0,-0.026301,-0.056365,-0.201726,0.006405,-0.170798,-0.009859,0.000459,0.000984
0,0.225119,-0.096321,0.249206,-0.031031,0.260162,-0.063511,0.002762,0.001681
0,0.204605,0.201864,-0.029784,0.325168,-0.024539,0.333367,0.00312,0.003168
0,-0.004757,0.091361,-0.231369,-0.081705,-0.234827,-0.092198,8.3e-05,0.001595
0,0.101889,0.073385,0.126672,-0.016435,0.0786,0.018421,0.001778,0.001281
0,0.028584,0.178396,-0.070904,0.077344,-0.075881,0.122739,0.000499,0.003114
0,-0.011955,0.175878,-0.061124,0.013511,-0.025429,0.024336,0.000209,0.00307
0,0.102235,0.066063,0.099789,-0.087972,0.133564,-0.062241,0.001784,0.001153
0,-0.037509,-0.056682,-0.154676,-0.098985,-0.194769,-0.133351,0.000655,0.000989
0,0.203263,0.168857,0.252543,0.207631,0.240494,0.245734,0.003143,0.002947
0,0.130604,-0.05082,-0.043784,-0.217836,-0.033949,-0.168814,0.002279,0.000887
0,0.145996,-0.073701,-0.012561,-0.003501,-0.040632,-0.037146,0.002548,0.001286
0,-0.049074,0.070546,-0.215686,0.158257,-0.25641,0.124141,0.000857,0.001231
0,0.119977,-0.080503,0.186625,-0.135129,0.231334,-0.167922,0.002094,0.001405
0,0.145525,0.09284,-0.003105,0.172574,-0.021047,0.186093,0.00254,0.00162
0,0.01215,-0.083234,-0.141665,-0.166022,-0.139032,-0.177184,0.000212,0.001453
0,0.183481,0.089947,0.147855,0.166276,0.118973,0.11755,0.003202,0.00157
0,0.026457,-0.125984,-0.170481,-0.218311,-0.181964,-0.251396,0.000462,0.002199
0,-0.081866,-0.154151,-0.093117,-0.031315,-0.120198,-0.015166,0.001429,0.00269
0,-0.009712,-0.136982,0.092728,0.03901,0.110085,-0.000955,0.00017,0.002391
0,0.088655,0.003558,0.104075,0.136888,0.084966,0.164952,0.001547,6.2e-05
0,0.040265,-0.151157,-0.023327,-0.169283,-0.052758,-0.129812,0.000703,0.002638
0,0.167287,0.07767,0.140024,0.248861,0.171054,0.270094,0.00292,0.001356
0,0.101189,-0.024074,-0.056883,-0.125409,-0.081347,-0.163303,0.001766,0.00042
0,0.260353,-0.122581,0.131038,-0.101896,0.152494,-0.086908,0.002147,0.002139
0,0.245233,-0.02246,-0.013384,0.117943,-0.003743,0.099649,0.002411,0.000392
0,0.110776,0.002678,-0.128714,0.039811,-0.144436,0.060257,0.001933,4.7e-05
0,0.110053,-0.189788,0.021945,-0.165085,0.040269,-0.15075,0.001921,0.003312
0,0.179176,-0.172489,0.085918,0.04396,0.1303,0.049203,0.003127,0.00301
0,0.049883,-0.173456,-0.135679,0.006145,-0.088924,0.006419,0.000871,0.003027
0,0.112438,-0.006448,0.064586,0.140784,0.087295,0.104741,0.001962,0.000113
0,0.023906,0.013033,-0.113672,0.047756,-0.095015,0.089844,0.000417,0.000227
0,0.277991,-0.232219,0.267947,-0.216045,0.227563,-0.26116,0.001839,0.002638
0,0.274496,-0.047684,0.016531,0.181777,-0.021347,0.166767,0.0019,0.000832
0,0.301546,-0.120379,0.009092,-0.053818,0.046963,-0.071355,0.001428,0.002101
0,0.092425,-0.167919,-0.18265,-0.069806,-0.222133,-0.104901,0.001613,0.002931
0,-0.003777,-0.184659,-0.099189,-0.039399,-0.067871,-0.086645,6.6e-05,0.003223
0,0.175699,0.087088,0.164441,0.274852,0.160302,0.27928,0.003067,0.00152
0,-0.006243,-0.0222,-0.183252,-0.10021,-0.142852,-0.052313,0.000109,0.000387
0,0.151441,-0.015754,0.182536,0.018101,0.230608,-0.008359,0.002643,0.000275
0,0.238292,-0.142752,0.074126,-0.127154,0.051834,-0.093965,0.002532,0.002491
0,0.099888,0.047215,-0.164247,0.218208,-0.137326,0.210707,0.001743,0.000824
0,0.077046,-0.224156,-0.005233,-0.263229,-0.020884,-0.307263,0.001345,0.002779
0,0.075091,-0.039721,-0.030711,0.189401,-0.031093,0.233859,0.001311,0.000693
0,0.095762,-0.07386,0.002215,-0.023254,-0.005245,-0.026637,0.001671,0.001289
0,0.29437,-0.120755,0.228355,-0.05938,0.261443,-0.093874,0.001553,0.002108
0,0.268356,-0.129744,-0.052799,-0.028892,-0.037843,-0.05558,0.002007,0.002264
0,0.11399,0.026876,-0.182858,0.184907,-0.178096,0.204434,0.001989,0.000469
0,0.292794,-0.070522,0.195046,-0.107124,0.177723,-0.117742,0.001581,0.001231
0,0.039345,0.035231,-0.239437,0.114062,-0.259558,0.104296,0.000687,0.000615
0,0.208009,-0.054455,0.149085,-0.111268,0.103827,-0.111981,0.00306,0.00095
0,-0.006559,-0.001644,-0.21894,0.062121,-0.249308,0.089035,0.000114,2.9e-05
0,0.139215,-0.093183,0.116191,-0.108638,0.127452,-0.067973,0.00243,0.001626
0,0.204703,-0.075283,0.08261,0.009555,0.046498,-0.010951,0.003118,0.001314
0,-0.041232,-0.055585,-0.251079,0.034456,-0.29944,0.028451,0.00072,0.00097
0,0.134827,-0.038941,0.150235,-0.004257,0.110639,-0.052637,0.002353,0.00068
0,-0.069344,0.01991,-0.217394,0.029568,-0.188878,0.020836,0.00121,0.000347
0,0.01923,-0.085715,0.098201,-0.078228,0.140573,-0.063341,0.000336,0.001496
0,0.123192,0.003254,0.094638,0.071905,0.057199,0.102154,0.00215,5.7e-05
0,0.136693,0.083427,0.001938,0.10353,0.049915,0.099628,0.002386,0.001456
0,-0.132971,-0.163025,-0.287518,-0.269557,-0.332738,-0.302023,0.002321,0.002845
0,-0.063703,0.122142,0.074228,0.307893,0.06425,0.320833,0.001112,0.002132
0,0.052524,0.093255,0.090536,-0.003781,0.075189,0.013292,0.000917,0.001628
0,0.132143,0.082358,0.054701,-0.00578,0.009672,-0.010944,0.002306,0.001437
0,-0.003145,0.013904,-0.131198,-0.040881,-0.108099,-0.003537,5.5e-05,0.000243
0,-0.013939,0.108436,0.004119,0.09392,0.014735,0.089966,0.000243,0.001893
0,0.027537,0.127383,0.03492,0.046445,0.07681,0.070345,0.000481,0.002223
0,-0.095129,0.086457,-0.131035,-0.064133,-0.107967,-0.071356,0.00166,0.001509
0,-0.030931,-0.051699,0.073204,-0.109906,0.100448,-0.134085,0.00054,0.000902
0,-0.076182,0.011083,-0.018626,0.033194,-0.037259,0.007999,0.00133,0.000193
0,-0.149809,-0.092745,-0.096825,-0.108965,-0.103203,-0.116607,0.002615,0.001619
0,-0.031679,-0.045417,0.133879,0.046992,0.127866,0.083747,0.000553,0.000793
0,0.095598,-0.129752,0.151808,-0.108105,0.181287,-0.114424,0.001669,0.002265
0,-0.120055,0.089127,-0.20452,0.239151,-0.181018,0.273654,0.002095,0.001556
0,-0.0847,0.056659,0.047439,-0.029466,-0.000972,0.014421,0.001478,0.000989
0,-0.153447,0.08794,-0.093213,0.025339,-0.071611,0.009576,0.002678,0.001535
0,-0.13033,0.124171,0.02154,0.011994,0.029124,-0.034381,0.002275,0.002167
0,-0.187679,-0.079911,-0.047401,-0.203241,-0.096646,-0.229974,0.003276,0.001395
0,-0.280554,0.027125,-0.121286,0.128155,-0.137454,0.105499,0.001794,0.000473
0,-0.114313,-0.049945,0.194571,-0.060765,0.14757,-0.045667,0.001995,0.000872
0,-0.232195,-0.036275,-0.113382,0.011637,-0.124243,0.055072,0.002638,0.000633
0,-0.235893,0.193292,-0.030224,0.212308,-0.012523,0.179488,0.002574,0.003317
0,-0.269452,0.15892,-0.048306,-0.008539,-0.039525,0.005187,0.001988,0.002774
0,0.052848,-0.070417,0.330976,-0.23759,0.332749,-0.190683,0.000922,0.001229
0,-0.070351,0.083553,-0.143632,0.149027,-0.12621,0.188914,0.001228,0.001458
0,-0.082159,0.033288,-0.02369,-0.030048,-0.04518,-0.030118,0.001434,0.000581
0,-0.143238,-0.070667,-0.072684,-0.126137,-0.040244,-0.152138,0.0025,0.001233
0,-0.238809,-0.042599,-0.077829,0.043358,-0.045261,0.058943,0.002523,0.000743
0,0.045456,0.069572,0.255625,0.134986,0.294447,0.103795,0.000793,0.001214
0,0.027108,0.080615,-0.025832,0.03671,-0.046419,0.032807,0.000473,0.001407
0,-0.057886,0.06109,-0.101329,-0.006666,-0.150602,0.022242,0.00101,0.001066
0,0.048667,-0.06486,0.08949,-0.151886,0.104445,-0.148812,0.000849,0.001132
0,-0.141517,0.078783,-0.200671,0.173209,-0.176036,0.179473,0.00247,0.001375
0,-0.092548,0.103009,0.074119,0.022622,0.081727,-0.008936,0.001615,0.001798
0,-0.018542,0.189835,0.067315,0.103706,0.053055,0.134904,0.000324,0.003313
0,-0.119067,-0.033429,-0.116762,-0.193568,-0.142085,-0.162478,0.002078,0.000583
0,-0.078167,0.052086,0.040613,0.066071,0.019554,0.105318,0.001364,0.000909
0,0.034705,0.043254,0.104112,-0.007986,0.066393,-0.023148,0.000606,0.000755
0,-0.023098,0.15134,-0.066574,0.084201,-0.028953,0.08374,0.000403,0.002641
0,-0.121523,0.191304,-0.07518,0.064721,-0.120398,0.054691,0.002121,0.003339
0,0.128661,0.210029,0.265462,0.003373,0.232511,-0.009284,0.002246,0.003025
0,-0.118464,0.080468,-0.233268,-0.133278,-0.220434,-0.167239,0.002068,0.001404
0,-0.027383,0.107153,0.076913,0.015293,0.113215,0.016512,0.000478,0.00187
0,0.211724,0.05334,0.255037,-0.033537,0.240407,-0.074149,0.002996,0.000931
0,-0.022192,-0.042848,-0.247249,-0.100383,-0.295144,-0.084511,0.000387,0.000748
0,-0.033714,0.016443,-0.034941,0.030098,-0.076632,0.037135,0.000588,0.000287
0,0.019833,-0.044538,0.024825,-0.080335,0.005387,-0.056542,0.000346,0.000777
0,0.156979,0.198976,0.120414,0.216269,0.131121,0.25278,0.00274,0.003218
0,0.074411,-0.054793,-0.06088,-0.231766,-0.098023,-0.239533,0.001299,0.000956
0,-0.092765,0.047698,-0.148422,0.073241,-0.158934,0.030292,0.001619,0.000832
0,0.151249,0.067493,0.228187,0.025052,0.252905,-0.013618,0.00264,0.001178
0,0.073524,0.00606,-0.102284,-0.079787,-0.070244,-0.068994,0.001283,0.000106
0,0.20728,-0.029104,0.157569,-0.042642,0.206509,-0.054497,0.003073,0.000508
0,-0.015931,0.044886,-0.229481,0.064649,-0.182,0.034056,0.000278,0.000783
0,0.071758,0.013429,0.086761,-0.061288,0.03726,-0.060465,0.001252,0.000234
0,0.161983,0.08714,0.073154,0.045444,0.104882,0.000825,0.002827,0.001521
0,0.03743,0.158032,-0.104171,0.070306,-0.128708,0.105989,0.000653,0.002758
0,0.187462,-0.091433,0.169649,-0.248204,0.211222,-0.294913,0.003272,0.001596
0,0.11861,0.136925,-0.041596,0.251498,0.007898,0.258977,0.00207,0.00239
0,0.01425,-0.040373,-0.132832,-0.165303,-0.123922,-0.121502,0.000249,0.000705
0,0.097229,-0.153748,0.085976,-0.136186,0.081368,-0.173105,0.001697,0.002683
0,0.027287,0.016898,-0.042137,0.190222,-0.058731,0.200998,0.000476,0.000295
0,0.028884,0.094185,-0.023178,0.099326,-0.031345,0.072498,0.000504,0.001644
0,-0.045152,0.109248,-0.070542,0.039983,-0.060871,0.077667,0.000788,0.001907
0,0.222833,0.01921,0.24839,-0.098229,0.285283,-0.066095,0.002802,0.000335
0,0.201921,0.099848,-0.043582,0.096579,-0.067534,0.122061,0.003167,0.001743
0,0.07742,0.121094,-0.143813,0.014765,-0.183173,0.00699,0.001351,0.002113
0,0.116654,-0.020829,0.021417,-0.168457,0.052787,-0.172279,0.002036,0.000364
0,0.094132,-0.020722,-0.011692,0.016503,-0.032731,0.008197,0.001643,0.000362
0,0.039536,-0.074769,-0.080678,-0.075539,-0.037442,-0.058253,0.00069,0.001305
0,0.02945,0.141143,-0.038449,0.235785,-0.007976,0.264925,0.000514,0.002463
0,0.045005,-0.077213,0.024146,-0.200937,0.008893,-0.186454,0.000785,0.001348
0,0.170339,-0.003239,0.142707,0.100039,0.136861,0.070162,0.002973,5.7e-05
0,-0.000215,0.079398,-0.185256,0.080392,-0.231745,0.079043,4e-06,0.001386
0,0.03077,-0.109849,0.006338,-0.162372,-0.038396,-0.199994,0.000537,0.001917
0,0.127762,0.064872,0.080851,0.17343,0.105503,0.14258,0.00223,0.001132
0,0.101935,-0.031925,-0.053893,-0.108109,-0.076536,-0.110276,0.001779,0.000557
0,0.187722,0.085526,0.081937,0.122845,0.064711,0.134947,0.003276,0.001493
0,-0.081748,0.015523,-0.239958,-0.043198,-0.276099,-0.050403,0.001427,0.000271
0,-0.013093,-0.111516,0.093205,-0.109599,0.140098,-0.078364,0.000229,0.001946
0,-0.000685,-0.033793,0.031635,0.07263,0.041004,0.042283,1.2e-05,0.00059
0,0.245605,0.113707,0.251387,0.17296,0.250739,0.161576,0.002404,0.001985
0,0.001006,-0.084419,-0.236341,-0.196399,-0.225212,-0.214792,1.8e-05,0.001473
0,0.219567,-0.012187,0.229082,0.071111,0.224218,0.028457,0.002859,0.000213
0,0.158596,0.114435,-0.052381,0.123831,-0.095639,0.110652,0.002768,0.001997
0,0.286333,0.046993,0.100895,-0.063275,0.130687,-0.029336,0.001693,0.00082
0,0.03207,0.111769,-0.270493,0.048194,-0.269474,0.00493,0.00056,0.001951
0,0.293378,0.032134,0.249352,-0.084919,0.205444,-0.11057,0.00157,0.000561
0,0.17917,0.134406,-0.086314,0.083606,-0.12658,0.03601,0.003127,0.002346
0,0.097768,0.143096,-0.103453,0.005232,-0.062374,-0.024284,0.001706,0.002498
0,0.187524,-0.08974,0.101682,-0.261595,0.052462,-0.261207,0.003273,0.001566
0,-0.003935,0.137703,-0.166376,0.247567,-0.120989,0.237722,6.9e-05,0.002403
0,0.190572,0.068732,0.208397,-0.042466,0.161272,-0.038896,0.003326,0.0012
0,-0.030681,-0.11518,-0.218398,-0.162709,-0.222267,-0.200553,0.000535,0.00201
0,-0.005478,-0.159313,0.048695,-0.068906,0.008423,-0.04047,9.6e-05,0.002781
0,0.060426,-0.145648,0.081835,0.00134,0.085781,-0.047504,0.001055,0.002542
0,-0.121298,-0.037384,-0.195135,0.115158,-0.23664,0.097814,0.002117,0.000652
0,-0.064003,-0.066545,0.057311,-0.034837,0.106346,-0.003814,0.001117,0.001161
0,-0.095338,0.016184,-0.045236,0.106711,-0.03397,0.08057,0.001664,0.000282
0,-0.078129,0.017021,0.034725,0.005834,0.027544,0.03379,0.001364,0.000297
0,-0.146501,0.142261,-0.097395,0.135616,-0.057646,0.165537,0.002557,0.002483
0,-0.100743,0.067151,0.066238,-0.06175,0.02736,-0.044399,0.001758,0.001172
0,0.050832,0.126408,0.168398,0.086271,0.145456,0.135309,0.000887,0.002206
0,-0.041157,0.184632,-0.069564,0.044999,-0.065476,0.01714,0.000718,0.003222
0,-0.042184,0.017962,-0.008933,-0.137726,-0.031442,-0.092797,0.000736,0.000313
0,0.054054,0.14887,0.109745,0.134663,0.064562,0.179026,0.000943,0.002598
0,-0.033146,-0.113657,-0.105658,-0.277205,-0.11961,-0.310653,0.000578,0.001984
0,-0.104935,0.021169,-0.096867,0.150204,-0.120816,0.142084,0.001831,0.000369
0,0.00045,-0.092705,0.09359,-0.13031,0.068562,-0.152997,8e-06,0.001618
0,0.106975,0.100257,0.0968,0.216081,0.071693,0.198993,0.001867,0.00175
0,-0.100105,0.077403,-0.18407,-0.017407,-0.201491,-0.03141,0.001747,0.001351
0,-0.028602,0.019467,0.074491,-0.080314,0.095816,-0.116825,0.000499,0.00034
0,0.022911,-0.009141,0.057952,-0.026006,0.034095,-0.02536,0.0004,0.00016
0,-0.022995,-0.146189,-0.053382,-0.163678,-0.093401,-0.199578,0.000401,0.002551
0,-0.072966,0.005586,-0.051101,0.149906,-0.024863,0.111325,0.001274,9.7e-05
0,0.00491,-0.118371,0.061589,-0.125653,0.020548,-0.109207,8.6e-05,0.002066
0,0.127188,0.083581,0.151935,0.205185,0.120677,0.212056,0.00222,0.001459
0,0.071526,0.026139,-0.08494,-0.032842,-0.102822,0.00846,0.001248,0.000456
0,0.1883,0.046427,0.122529,0.035496,0.117899,0.013197,0.003286,0.00081
0,0.092541,-0.024491,-0.083228,-0.058398,-0.068851,-0.039372,0.001615,0.000427
0,0.29961,-0.105683,0.233387,-0.075299,0.208808,-0.122242,0.001462,0.001845
0,0.086373,0.10467,-0.238619,0.205691,-0.241426,0.20576,0.001507,0.001827
0,-0.012296,-0.056172,-0.087363,-0.148421,-0.081986,-0.146792,0.000215,0.00098
0,-0.052805,0.043212,-0.020711,0.117313,0.018449,0.091133,0.000922,0.000754
0,-0.014075,-0.080372,0.048124,-0.110288,0.02511,-0.132694,0.000246,0.001403
0,0.121826,0.00066,0.148977,0.103158,0.126948,0.111098,0.002126,1.2e-05
0,0.046548,-0.19201,-0.070738,-0.166136,-0.106808,-0.17327,0.000812,0.00334
0,0.090319,-0.18673,0.034154,0.028514,0.049884,0.0629,0.001576,0.003259
0,-0.020227,0.038211,-0.08711,0.202279,-0.101879,0.245346,0.000353,0.000667
0,0.002863,-0.173732,0.046856,-0.231684,0.067932,-0.255875,5e-05,0.003032
0,-0.03773,-0.027135,-0.024792,0.168421,0.015549,0.142641,0.000659,0.000474
0,-0.065577,0.034717,-0.044386,0.084985,-0.089275,0.127935,0.001145,0.000606
0,-0.109184,-0.126439,-0.051219,-0.152528,-0.051067,-0.117041,0.001906,0.002207
0,-0.03306,0.044825,0.095444,0.19002,0.121738,0.154648,0.000577,0.000782
0,-0.01772,-0.091125,0.03876,-0.150941,0.078158,-0.104895,0.000309,0.00159
0,-0.124031,-0.031642,-0.078885,0.047733,-0.054501,0.020387,0.002165,0.000552
0,-0.090766,-0.112255,0.014578,-0.080015,0.017506,-0.091092,0.001584,0.001959
0,-0.060308,0.015424,0.009482,0.142651,0.050546,0.098938,0.001053,0.000269
0,0.047542,0.104859,0.123091,0.100741,0.115618,0.097233,0.00083,0.00183
0,0.062291,-0.063158,0.011422,-0.178547,-0.009943,-0.151811,0.001087,0.001102
0,-0.14396,0.017328,-0.183934,0.070227,-0.231756,0.107834,0.002513,0.000302
0,0.03243,0.08395,0.152295,0.083403,0.143443,0.047323,0.000566,0.001465
0,-0.119409,0.027527,-0.133289,-0.047907,-0.095971,-0.083708,0.002084,0.00048
0,-0.028421,0.113633,0.06739,0.092666,0.097673,0.090133,0.000496,0.001983
0,-0.128233,0.033614,-0.083801,-0.093717,-0.081647,-0.046012,0.002238,0.000587
0,-0.113382,0.029082,0.006781,0.00961,-5.9e-05,-0.003668,0.001979,0.000508
0,-0.139447,-0.146023,-0.03491,-0.182492,-0.050868,-0.156044,0.002434,0.002549
0,-0.209425,0.088476,-0.052819,0.21205,-0.080208,0.175841,0.003036,0.001544
0,-0.04086,-0.050496,0.190961,-0.114099,0.183312,-0.156347,0.000713,0.000881
0,0.072657,-0.042971,0.121641,-0.021631,0.127854,-0.056265,0.001268,0.00075
0,0.01286,-0.182942,-0.048242,-0.128429,-0.085102,-0.148362,0.000224,0.003193
0,-0.040823,-0.072806,-0.079597,0.119326,-0.089774,0.127657,0.000713,0.001271
0,-0.046041,0.033959,0.014402,0.082838,-0.031391,0.103051,0.000804,0.000593
0,0.065986,-0.159564,0.109723,-0.199848,0.111796,-0.226072,0.001152,0.002785
0,-0.080943,-0.127559,-0.170494,0.044261,-0.129155,0.078564,0.001413,0.002226
0,-0.14446,-0.105265,-0.057157,0.047034,-0.046572,0.038983,0.002521,0.001837
0,-0.135165,-0.095057,0.024783,0.027364,0.040106,0.053226,0.002359,0.001659
0,-0.039622,-0.222983,0.122679,-0.101697,0.100101,-0.051972,0.000692,0.002799
0,0.040664,-0.187964,0.109736,0.050116,0.152009,0.049985,0.00071,0.003281
0,-0.021159,0.073366,-0.053485,0.264044,-0.046895,0.273598,0.000369,0.00128
0,0.088179,-0.090216,0.123962,-0.158491,0.158225,-0.20166,0.001539,0.001575
0,0.089284,0.120876,0.02435,0.211694,0.041159,0.238863,0.001558,0.00211
0,0.087673,0.107386,-0.011105,-0.02094,0.021375,-0.067517,0.00153,0.001874
0,0.050155,0.066305,-0.054728,-0.013797,-0.071255,0.029504,0.000875,0.001157
0,-0.04057,-0.097837,-0.110552,-0.166202,-0.156407,-0.116769,0.000708,0.001708
0,0.150564,-0.0377,0.16271,0.086793,0.122071,0.05372,0.002628,0.000658
0,-0.021509,0.011163,-0.194159,0.062696,-0.170356,0.029689,0.000375,0.000195
0,0.119928,-0.083895,0.164651,-0.065118,0.17353,-0.101065,0.002093,0.001464
0,0.026557,-0.04476,-0.088825,0.037427,-0.057616,0.018095,0.000464,0.000781
0,0.070927,0.089662,0.031652,0.113847,0.06732,0.146492,0.001238,0.001565
0,0.020577,0.17635,-0.066911,0.081352,-0.1072,0.124854,0.000359,0.003078
0,0.108258,-0.025764,0.093151,-0.216153,0.13102,-0.193942,0.001889,0.00045
0,-0.007842,0.005042,-0.141121,0.04121,-0.135437,-0.000796,0.000137,8.8e-05
0,-0.147214,-0.00177,-0.1309,0.013124,-0.119529,-0.026553,0.002569,3.1e-05
0,0.021063,0.132412,0.196555,0.132125,0.212106,0.115517,0.000368,0.002311
0,-0.106103,0.009062,-0.137788,-0.135216,-0.098863,-0.172359,0.001852,0.000158
0,0.141412,-0.009051,0.225615,-0.042648,0.266894,-0.046973,0.002468,0.000158
0,-0.123916,0.066434,-0.262923,0.094099,-0.262388,0.129864,0.002163,0.001159
0,0.158231,0.132667,0.288108,0.07545,0.336084,0.034855,0.002762,0.002315
0,0.129435,-0.049516,0.000108,-0.19572,-0.023962,-0.203662,0.002259,0.000864
0,0.019218,0.18113,-0.121716,0.241503,-0.163328,0.241064,0.000335,0.003161
0,0.00845,0.149065,0.014551,-0.029665,0.024923,-0.059867,0.000147,0.002602
0,0.018228,0.196093,0.020802,0.04712,0.021897,0.084393,0.000318,0.003268
0,-0.074561,0.040072,-0.094096,-0.183564,-0.066835,-0.183418,0.001301,0.000699
0,-0.184343,0.129057,-0.081309,0.107345,-0.066002,0.09469,0.003217,0.002252
0,-0.092768,0.200297,0.096296,0.100852,0.0812,0.068093,0.001619,0.003195
0,-0.170777,0.133694,-0.082186,-0.04171,-0.070177,-0.063001,0.002981,0.002333
0,-0.156453,0.254049,0.036845,0.132526,0.076666,0.113115,0.002731,0.002257
0,-0.157207,0.041717,0.009102,-0.212407,-0.01511,-0.212228,0.002744,0.000728
0,0.001023,-0.003022,0.141007,-0.030584,0.095442,-0.012664,1.8e-05,5.3e-05
0,-0.163768,-0.037265,-0.158621,-0.010462,-0.170892,-0.051372,0.002858,0.00065
0,-0.226235,0.184112,-0.034444,0.239518,-0.030343,0.23906,0.002742,0.003213
0,-0.149487,-0.05401,0.095405,-0.214537,0.060584,-0.214093,0.002609,0.000943
0,-0.060498,0.034544,0.081891,0.100868,0.082696,0.119519,0.001056,0.000603
0,0.054356,-0.077796,0.142909,-0.130824,0.17294,-0.139312,0.000949,0.001358
0,0.002265,0.100905,-0.071956,0.169103,-0.082353,0.135976,4e-05,0.001761
0,0.017441,0.189168,-0.006621,0.117392,-0.046074,0.121001,0.000304,0.003302
0,-0.139363,-0.086837,-0.183801,-0.296025,-0.139882,-0.307104,0.002432,0.001516
0,-0.135903,0.106729,0.010281,0.182581,-0.035054,0.232428,0.002372,0.001863
0,-0.030195,0.13181,0.117167,0.015443,0.100948,0.013499,0.000527,0.002301
0,-0.173643,0.152175,-0.121528,0.028745,-0.158498,0.042743,0.003031,0.002656
0,0.095111,-0.089854,0.24054,-0.226186,0.231378,-0.241359,0.00166,0.001568
0,-0.11744,0.041174,-0.227672,0.1122,-0.240297,0.135506,0.00205,0.000719
0,-0.045582,-0.129596,0.088709,-0.172946,0.07937,-0.220834,0.000796,0.002262
0,-0.136242,0.086992,-0.116248,0.204203,-0.10625,0.202127,0.002378,0.001518
0,0.032034,-0.128378,0.178331,-0.200956,0.204794,-0.172505,0.000559,0.002241
0,-0.228999,0.084321,-0.278233,0.189617,-0.24695,0.180403,0.002694,0.001472
0,-0.002476,-0.005323,0.223373,-0.070817,0.215001,-0.111947,4.3e-05,9.3e-05
0,-0.054165,0.106586,-0.041233,0.117615,0.000683,0.153723,0.000945,0.00186
0,-0.035633,0.08098,0.016264,0.000349,0.003058,0.011058,0.000622,0.001413
0,-0.03118,-0.083589,0.02462,-0.138954,0.034345,-0.150469,0.000544,0.001459
0,-0.014913,0.032519,-0.010151,0.109895,0.002553,0.130817,0.00026,0.000568
0,-0.043912,-0.168378,-0.002184,-0.222131,-0.035813,-0.210531,0.000766,0.002939
0,-0.219299,0.016667,-0.177196,0.165313,-0.140213,0.211838,0.002863,0.000291
0,-0.011586,0.102261,0.236376,0.103526,0.245858,0.075907,0.000202,0.001785
0,-0.147257,0.087641,-0.130068,-0.012577,-0.167958,-0.024333,0.00257,0.00153
0,-0.158725,-0.070572,-0.014862,-0.132291,-0.031097,-0.148084,0.00277,0.001232
0,0.000903,-0.063129,0.132459,0.0074,0.133568,-0.020984,1.6e-05,0.001102
0,-0.244228,-0.07113,-0.273231,0.021651,-0.259958,-0.027976,0.002428,0.001241
0,0.008804,0.065471,0.228905,0.116312,0.236959,0.13967,0.000154,0.001143
0,-0.048527,-0.110154,-0.058298,-0.187256,-0.049257,-0.209528,0.000847,0.001923
0,-0.06935,-0.038241,-0.01677,0.077001,-0.054828,0.048724,0.00121,0.000667
0,0.057062,-0.085099,0.100899,-0.061066,0.145725,-0.046233,0.000996,0.001485
0,-0.088541,0.101664,-0.160035,0.212684,-0.115112,0.163216,0.001545,0.001774
0,-0.009143,-0.064352,0.078017,-0.18722,0.058459,-0.212965,0.00016,0.001123
0,-0.038615,0.137101,-0.018908,0.182062,-0.016538,0.231433,0.000674,0.002393
0,0.095703,-0.166118,0.145797,-0.283346,0.171932,-0.282287,0.00167,0.002899
0,-0.000603,0.023896,-0.066313,0.217898,-0.107504,0.247164,1.1e-05,0.000417
0,0.113506,0.080789,0.106407,0.086841,0.130671,0.050764,0.001981,0.00141
0,-0.126652,-0.025756,-0.229705,-0.080053,-0.248283,-0.122881,0.002211,0.00045
0,-0.023203,0.004155,0.131877,0.016959,0.090793,0.030941,0.000405,7.3e-05
0,0.081901,-0.011228,0.077671,0.005208,0.052567,0.001005,0.001429,0.000196
0,0.026675,-0.031245,-0.075897,-0.017376,-0.125131,-0.027302,0.000466,0.000545
0,-0.171169,-0.071168,-0.211592,-0.025105,-0.177208,-0.01299,0.002987,0.001242
0,-0.176086,0.094389,-0.032247,0.162154,-0.008761,0.18713,0.003073,0.001647
0,-0.234951,0.052776,-0.037368,-0.059412,-0.061385,-0.03534,0.00259,0.000921
0,-0.144678,-0.093441,0.091062,-0.152796,0.04424,-0.157653,0.002525,0.001631
0,-0.190107,-0.03981,-0.025671,0.051433,0.01231,0.064475,0.003318,0.000695
0,-0.166063,0.037479,0.01792,0.096677,0.060875,0.063289,0.002898,0.000654
0,-0.100698,-0.142512,0.074659,-0.170969,0.119843,-0.219624,0.001758,0.002487
0,-0.002537,-0.103931,0.070231,0.039066,0.022221,0.019309,4.4e-05,0.001814
0,-0.262508,-0.11441,-0.235422,-0.005747,-0.210379,0.026099,0.002109,0.001997
0,-0.080003,-0.146326,0.154681,-0.034915,0.121884,-0.040505,0.001396,0.002554
0,-0.180251,-0.05048,-0.083219,0.087318,-0.054836,0.126547,0.003146,0.000881
0,-0.089006,-0.100558,0.099648,-0.042509,0.064841,7e-06,0.001553,0.001755
0,-0.043148,-0.021668,0.018403,0.075449,0.025387,0.111381,0.000753,0.000378
0,-0.035087,-0.075969,-0.00275,-0.03897,0.030958,-0.040883,0.000612,0.001326
0,-0.089983,0.000788,-0.035915,0.050661,0.010425,0.011831,0.00157,1.4e-05
0,-0.274884,-0.039553,-0.211225,-0.055476,-0.183089,-0.096031,0.001893,0.00069
0,0.011503,-0.119226,0.312925,-0.078558,0.319843,-0.079029,0.000201,0.002081
0,0.027201,-0.132282,0.018139,0.00787,0.038633,-0.022061,0.000475,0.002309
0,-0.08492,-0.168339,-0.119417,-0.052866,-0.069485,-0.078139,0.001482,0.002938
0,-0.160144,-0.135089,-0.081182,0.04155,-0.125838,0.047426,0.002795,0.002358
0,-0.272707,-0.070091,-0.133974,0.035492,-0.08928,0.050986,0.001931,0.001223
0,-0.108241,-0.053059,0.165791,0.022994,0.133958,0.04268,0.001889,0.000926
0,-0.084765,0.084191,0.038934,0.145523,0.037198,0.156828,0.001479,0.001469
0,-0.199781,0.085372,-0.112926,-0.011302,-0.082763,0.014274,0.003204,0.00149
0,-0.005629,0.071315,0.20615,0.008129,0.244733,0.047085,9.8e-05,0.001245
0,-0.084942,-0.114041,-0.064685,-0.191929,-0.09802,-0.238556,0.001483,0.00199
0,-0.272027,-0.001413,-0.187306,0.090106,-0.174216,0.071893,0.001943,2.5e-05
0,-0.212476,-0.017146,0.040609,-0.005452,0.026248,0.00335,0.002982,0.000299
0,0.0382,0.124025,0.24857,0.132569,0.283642,0.092171,0.000667,0.002165
0,0.014417,0.055419,-0.011934,-0.085592,-0.05439,-0.079403,0.000252,0.000967
0,0.009547,-0.033734,-0.024723,-0.0853,-0.051342,-0.046299,0.000167,0.000589
0,-0.118991,0.098092,-0.120028,0.137848,-0.1511,0.183552,0.002077,0.001712
0,-0.047459,0.02226,0.089087,-0.10433,0.055311,-0.149322,0.000828,0.000389
0,-0.070979,0.006671,0.000999,-0.004687,0.012934,0.005408,0.001239,0.000116
0,-0.007866,-0.09483,0.044557,-0.100448,0.078337,-0.071906,0.000137,0.001655
0,-0.011848,-0.112451,-0.031565,0.003916,0.014557,0.032226,0.000207,0.001963
0,0.123408,-0.101803,0.159915,0.001462,0.153357,0.017218,0.002154,0.001777
0,-0.165149,-0.021298,-0.298037,0.054216,-0.289865,0.08329,0.002882,0.000372
0,-0.044023,0.160651,0.117534,0.200582,0.110534,0.151035,0.000768,0.002804
0,-0.240854,0.099036,-0.203502,-0.086546,-0.17501,-0.08526,0.002487,0.001728
0,-0.221486,0.209632,0.026538,0.113242,0.062098,0.160454,0.002825,0.003032
0,-0.14055,0.068286,0.066202,-0.156405,0.062343,-0.198614,0.002453,0.001192
0,-0.060924,0.063766,0.08224,0.014526,0.113763,0.033957,0.001063,0.001113
0,-0.313956,-0.043965,-0.270564,-0.097917,-0.236729,-0.075996,0.001211,0.000767
0,-0.148208,0.208127,0.15945,0.258047,0.204901,0.210677,0.002587,0.003058
0,-0.022917,-0.03634,0.12301,-0.22848,0.098476,-0.27076,0.0004,0.000634
0,-0.214595,0.170789,-0.195761,0.23698,-0.149501,0.222006,0.002945,0.002981
0,-0.212614,0.071385,-0.011992,-0.08425,0.001696,-0.057865,0.00298,0.001246
0,0.026796,-0.041451,0.215759,-0.0886,0.258193,-0.086733,0.000468,0.000723
0,0.019408,0.001508,-0.017201,0.046394,0.004031,0.011452,0.000339,2.6e-05
0,0.103905,0.104368,0.113783,0.104311,0.069255,0.072947,0.001813,0.001822
0,0.084673,-0.011522,-0.01657,-0.098735,-0.009817,-0.101753,0.001478,0.000201
0,-0.129139,-0.069672,-0.226135,-0.058228,-0.27443,-0.038102,0.002254,0.001216
0,-0.126228,0.084603,-0.023025,0.162726,-0.020941,0.157834,0.002203,0.001477
0,-0.0156,-0.068439,0.105414,-0.155128,0.139814,-0.165199,0.000272,0.001194
0,0.016131,0.047248,0.013173,0.093163,-0.026031,0.135783,0.000282,0.000825
0,0.007388,0.156886,0.004282,0.117628,0.024199,0.105341,0.000129,0.002738
0,-0.014997,-0.015672,-0.005638,-0.165231,-0.029895,-0.199648,0.000262,0.000274
0,-0.023256,-0.095177,-0.034704,-0.092959,0.009869,-0.058415,0.000406,0.001661
0,-0.038851,0.092699,-0.027463,0.196822,0.018873,0.223947,0.000678,0.001618
0,0.016562,0.062587,0.077181,-0.053422,0.069779,-0.064656,0.000289,0.001092
0,0.028994,0.096371,0.009388,0.04202,0.022115,0.047632,0.000506,0.001682
0,0.037459,0.01272,-0.019172,-0.082302,-0.015817,-0.083757,0.000654,0.000222
0,-0.004835,0.081229,-0.014633,0.092225,6.9e-05,0.111047,8.4e-05,0.001418
0,0.05458,0.050143,0.032033,-0.054301,0.039596,-0.080699,0.000953,0.000875
0,-0.122224,-0.101914,-0.166918,-0.127357,-0.147103,-0.081045,0.002133,0.001779
0,0.051029,7.5e-05,0.169767,0.095498,0.140885,0.135547,0.000891,1e-06
0,-0.214577,0.009286,-0.243579,0.033291,-0.26475,-0.005147,0.002946,0.000162
0,-0.146465,0.047142,0.06002,0.013417,0.083809,-0.003293,0.002556,0.000823
0,-0.227066,0.002086,-0.062442,-0.047445,-0.060021,-0.061802,0.002728,3.6e-05
0,-0.158465,0.029964,0.062185,0.012065,0.078266,-0.010499,0.002766,0.000523
0,-0.107407,0.110813,0.047777,0.106407,0.069576,0.141221,0.001875,0.001934
0,-0.287711,-0.096542,-0.177611,-0.179516,-0.162999,-0.146395,0.001669,0.001685
0,-0.341134,-0.003724,-0.055327,0.114192,-0.038702,0.153763,0.000737,6.5e-05
0,-0.311337,-0.006394,0.012733,-0.012452,-0.020705,0.004053,0.001257,0.000112
0,-0.157124,0.105126,0.148892,0.129876,0.146203,0.094162,0.002742,0.001835
0,-0.318093,-0.132423,-0.164648,-0.232909,-0.195148,-0.28138,0.001139,0.002311
0,-0.277188,-0.09221,0.037593,0.033951,0.004482,0.001048,0.001853,0.001609
0,-0.258844,-0.064093,0.006203,0.003662,-0.043754,0.03973,0.002173,0.001119
0,-0.31508,-0.098212,-0.028692,-0.049889,-0.048643,-0.047356,0.001192,0.001714
0,-0.230351,0.122657,0.089033,0.19423,0.044848,0.221231,0.00267,0.002141
0,-0.270762,0.07246,-0.056323,-0.025245,-0.06709,-0.018386,0.001965,0.001265
0,-0.324122,-0.095294,-0.08236,-0.188388,-0.05253,-0.143645,0.001034,0.001663
0,-0.375002,0.057452,-0.05263,0.145549,-0.08251,0.149251,0.000146,0.001003
0,-0.105535,0.154111,0.292053,0.119675,0.301532,0.093171,0.001842,0.00269
0,-0.174281,-0.044261,-0.070501,-0.180661,-0.048232,-0.201559,0.003042,0.000773
0,2.354126,1.0083,2.542423,1.058231,2.549485,1.012744,0.000942,0.002474
0,3.619763,1.998503,1.240038,0.965202,1.237773,0.978039,0.002959,0.001426
0,4.037874,2.319545,0.415282,0.30775,0.46134,0.306186,0.003125,0.000339
0,3.850843,1.753379,-0.177232,-0.588122,-0.208953,-0.602312,0.000302,0.002852
0,3.910767,1.269425,0.061634,-0.509034,0.029013,-0.540118,0.001348,0.002083
0,3.163249,1.260623,-0.765882,-0.015057,-0.753886,-0.036693,0.001683,0.00193
0,2.361579,0.895305,-0.776316,-0.363726,-0.766288,-0.332449,0.001072,0.002244
0,1.632263,0.780864,-0.745467,-0.084872,-0.733159,-0.118634,0.001725,0.000247
0,1.177734,0.298931,-0.464284,-0.488359,-0.476272,-0.53069,0.000483,0.001473
0,0.712073,0.10934,-0.492551,-0.190227,-0.457783,-0.150797,0.000954,0.001908
0,0.463927,0.099456,-0.267936,-0.014099,-0.227573,-0.030569,0.001406,0.001736
0,0.089085,-0.149752,-0.385769,-0.278445,-0.423317,-0.281748,0.001555,0.002614
0,0.141059,-0.153812,0.041934,-0.003629,0.04655,0.001178,0.002462,0.002685
0,0.05919,-0.191663,-0.056577,-0.047648,-0.036937,-0.016624,0.001033,0.003345
0,0.365014,-0.081408,0.305525,0.108817,0.355256,0.129731,0.00032,0.001421
0,0.119096,-0.200987,-0.243282,-0.11632,-0.289861,-0.11781,0.002079,0.003183
0,0.134969,-0.135867,0.042718,0.06899,0.034848,0.085822,0.002356,0.002371
0,0.21344,-0.035758,0.1056,0.102827,0.059838,0.071551,0.002966,0.000624
0,0.281694,0.02835,0.055007,0.066169,0.055386,0.090167,0.001774,0.000495
0,0.3015,-0.140965,0.020355,-0.194039,0.05629,-0.207357,0.001429,0.00246
0,0.275979,-0.037809,0.003133,0.116408,0.012143,0.156069,0.001874,0.00066
0,0.369618,-0.10122,0.086087,-0.084673,0.082255,-0.123576,0.00024,0.001767
0,0.336455,0.131402,-0.025729,0.255012,-0.075493,0.296231,0.000819,0.002293
0,0.26125,0.092794,-0.094646,-0.010454,-0.062677,-0.044981,0.002131,0.00162
0,0.31505,0.11482,0.028758,0.001791,0.068966,-0.036952,0.001192,0.002004
0,0.242931,-0.080792,-0.096169,-0.219376,-0.130439,-0.247274,0.002451,0.00141
0,0.089307,-0.171986,-0.182225,-0.099192,-0.221653,-0.078377,0.001559,0.003002
0,0.105301,-0.147288,0.020144,0.003189,0.001402,0.007695,0.001838,0.002571
0,0.095745,-0.107474,-0.032585,0.047795,-0.065373,0.080404,0.001671,0.001876
0,0.147747,-0.14634,0.065437,-0.028984,0.035346,0.020112,0.002579,0.002554
0,0.133628,-0.096324,-0.022613,0.037244,-0.042344,0.06933,0.002332,0.001681
0,0.101381,-0.059039,-0.012043,0.007833,0.023472,-0.005909,0.001769,0.00103
0,0.155706,-0.1346,0.056794,-0.086146,0.086382,-0.127854,0.002718,0.002349
0,0.076795,0.07484,-0.056794,0.185836,-0.044615,0.225601,0.00134,0.001306
0,0.045566,0.094946,-0.004352,0.042742,-0.0019,0.006908,0.000795,0.001657
0,-0.032214,-0.068788,-0.083841,-0.155109,-0.128278,-0.188554,0.000562,0.001201
0,0.064379,0.01854,0.10633,0.070115,0.14617,0.072769,0.001124,0.000324
0,-0.106489,0.095287,-0.197594,0.100886,-0.175919,0.143994,0.001859,0.001663
0,0.053815,0.118958,0.160262,-0.001272,0.135519,-0.013267,0.000939,0.002076
0,0.196211,0.129498,0.164274,-0.008972,0.136184,-0.044731,0.003266,0.00226
0,0.222824,-0.053919,0.056047,-0.181194,0.048202,-0.132039,0.002802,0.000941
0,0.04256,0.071293,-0.186463,0.11944,-0.142424,0.125126,0.000743,0.001244
0,-0.114997,0.101609,-0.180612,0.05125,-0.202296,0.063497,0.002007,0.001773
0,0.144693,0.043812,0.233404,-0.047918,0.194194,-0.053642,0.002525,0.000765
0,0.077361,-0.030751,-0.091585,-0.072205,-0.117925,-0.085055,0.00135,0.000537
0,-0.078336,0.13474,-0.128776,0.156241,-0.137897,0.201003,0.001367,0.002352
0,-0.137835,0.100875,-0.046675,-0.011692,-0.053619,0.030157,0.002406,0.001761
0,0.191694,0.128404,0.31519,0.034139,0.293019,0.071221,0.003345,0.002241
0,0.116967,0.010799,-0.066481,-0.092157,-0.038621,-0.08023,0.002041,0.000188
0,0.241363,0.088752,0.129576,0.061641,0.143901,0.072016,0.002478,0.001549
0,0.125133,0.017829,-0.105322,-0.076472,-0.087422,-0.122716,0.002184,0.000311
0,-0.024352,-0.045487,-0.162626,-0.053496,-0.205017,-0.005306,0.000425,0.000794
0,-0.046649,0.046876,-0.005808,0.103662,-0.051248,0.125098,0.000814,0.000818
0,-0.090111,0.12743,-0.067596,0.108844,-0.051353,0.09466,0.001573,0.002224
0,-0.042396,0.124362,0.058908,0.024302,0.101863,-0.016098,0.00074,0.002171
0,0.143272,-0.007903,0.191925,-0.138969,0.183206,-0.135705,0.002501,0.000138
0,-0.028584,0.016194,-0.180928,-0.000899,-0.224428,0.030328,0.000499,0.000283
0,-0.028022,-0.097556,-0.000781,-0.123853,0.033272,-0.08027,0.000489,0.001703
0,-0.041018,0.082232,-0.036775,0.168822,-0.079974,0.183796,0.000716,0.001435
0,0.145305,0.06527,0.188309,-0.009703,0.221342,0.038901,0.002536,0.001139
0,0.170524,0.018433,0.011104,-0.069808,0.004748,-0.06431,0.002976,0.000322
0,0.096474,0.129285,-0.077437,0.131301,-0.038874,0.094474,0.001684,0.002256
0,0.052949,-0.027904,-0.042438,-0.138793,-0.047158,-0.116229,0.000924,0.000487
0,-0.117679,-0.047812,-0.183039,-0.00892,-0.186697,0.039221,0.002054,0.000834
0,0.082307,-0.050124,0.209211,0.006878,0.234205,0.055445,0.001437,0.000875
0,0.102971,0.05575,0.017773,0.120522,0.013793,0.112916,0.001797,0.000973
0,0.017065,0.042255,-0.087948,-0.03326,-0.041643,-0.067297,0.000298,0.000737
0,-0.132181,0.081492,-0.126746,0.052503,-0.110241,0.032622,0.002307,0.001422
0,-0.029089,0.085469,0.097265,0.027852,0.139302,-0.003926,0.000508,0.001492
0,0.04065,0.073292,0.075986,-0.008558,0.100198,-0.038841,0.000709,0.001279
0,-0.051514,0.151393,-0.087803,0.052688,-0.096978,0.015166,0.000899,0.002642
0,-0.069833,0.123834,-0.030631,-0.048324,-0.045426,-0.006193,0.001219,0.002161
0,-0.13708,-0.026908,-0.0399,-0.134791,-0.05253,-0.167575,0.002392,0.00047
0,-0.036336,-0.106202,0.090457,-0.077078,0.113598,-0.126515,0.000634,0.001854
0,0.134342,0.029142,0.177993,0.129126,0.192981,0.129843,0.002345,0.000509
0,-0.038828,-0.137103,-0.161498,-0.139641,-0.116179,-0.183287,0.000678,0.002393
0,0.027638,0.106505,0.062803,0.225283,0.014335,0.189468,0.000482,0.001859
0,0.002468,-0.021056,-0.023688,-0.137947,-0.021377,-0.08921,4.3e-05,0.000367
0,0.016505,0.000727,-0.006548,0.034719,-0.036602,0.072999,0.000288,1.3e-05
0,0.002663,0.099663,-0.015341,0.123616,-0.04503,0.090053,4.6e-05,0.001739
0,0.149441,0.099896,0.159715,-0.002961,0.145342,0.007543,0.002608,0.001744
0,-0.124478,-0.095716,-0.283966,-0.185397,-0.263697,-0.217728,0.002173,0.001671
0,0.165056,0.085166,0.287999,0.15095,0.248004,0.153723,0.002881,0.001486
0,-0.071731,0.147266,-0.258869,0.090536,-0.294343,0.127377,0.001252,0.00257
0,0.116309,-0.128895,0.177972,-0.265633,0.159085,-0.278972,0.00203,0.00225
0,-0.040524,-0.071398,-0.148477,0.080804,-0.132724,0.122355,0.000707,0.001246
0,0.04061,-0.137077,0.08002,-0.069105,0.034115,-0.041033,0.000709,0.002392
0,0.186635,-0.001496,0.155178,0.106459,0.152273,0.089337,0.003257,2.6e-05
0,0.144814,0.071447,-0.069379,0.066085,-0.070961,0.064013,0.002527,0.001247
0,0.201862,-0.124188,0.034536,-0.186247,0.01492,-0.154443,0.003168,0.002167
0,-0.062584,0.0349,-0.262013,0.13544,-0.310936,0.096869,0.001092,0.000609
0,0.120032,-0.142279,0.19349,-0.163496,0.196117,-0.1603,0.002095,0.002483
0,-0.004561,-0.031114,-0.144125,0.08886,-0.142914,0.120117,8e-05,0.000543
0,0.120749,-0.076311,0.152165,-0.069906,0.104702,-0.038354,0.002107,0.001332
0,0.137716,-0.048363,-0.001562,0.030037,0.002011,0.014543,0.002404,0.000844
0,0.069643,0.051455,-0.03916,0.098089,-0.04191,0.123488,0.001215,0.000898
0,-0.129323,-0.112435,-0.19094,-0.149567,-0.229624,-0.124125,0.002257,0.001962
0,-0.056431,-0.010556,0.046301,0.082812,0.065012,0.043406,0.000985,0.000184
0,0.227381,-0.069412,0.262628,-0.076233,0.279506,-0.081966,0.002722,0.001211
0,0.239834,-0.143659,0.016026,-0.081866,0.054464,-0.092444,0.002505,0.002507
0,0.198456,-0.072465,-0.044487,0.062628,-0.094428,0.085367,0.003227,0.001265
0,0.150944,-0.09804,-0.064189,-0.009578,-0.107584,0.022243,0.002634,0.001711
0,0.003604,0.0723,-0.139089,0.195825,-0.180917,0.219249,6.3e-05,0.001262
0,0.191544,0.094699,0.19098,0.012741,0.143165,0.026739,0.003343,0.001653
0,0.107473,-0.035194,-0.111617,-0.126756,-0.072837,-0.092226,0.001876,0.000614
0,0.025152,0.00515,-0.084104,0.023483,-0.059568,0.015007,0.000439,9e-05
0,-0.06579,0.013319,-0.078994,0.018807,-0.053881,0.041872,0.001148,0.000232
0,-0.011981,0.101829,0.024699,0.102703,0.053128,0.065613,0.000209,0.001777
0,-0.063374,-0.169468,-0.031226,-0.268169,-0.050164,-0.295453,0.001106,0.002958
0,-0.074918,0.038368,0.001635,0.186095,0.031569,0.230943,0.001308,0.00067
0,0.042214,0.058674,0.1149,0.003116,0.094069,-0.029168,0.000737,0.001024
0,0.147063,-0.039568,0.10965,-0.071538,0.075118,-0.046088,0.002567,0.000691
0,-0.1305,0.132141,-0.293173,0.190703,-0.24768,0.227794,0.002278,0.002306
0,-0.021232,0.067094,0.107408,-0.046018,0.060649,-0.071552,0.000371,0.001171
0,-0.088227,-0.057298,-0.043909,-0.141907,-0.042759,-0.150224,0.00154,0.001
0,0.03254,0.102465,0.093338,0.184476,0.142986,0.171369,0.000568,0.001788
0,0.025656,0.071397,-0.028631,-0.013218,-0.021693,-0.056901,0.000448,0.001246
0,-0.038038,-0.1166,-0.065361,-0.163602,-0.067653,-0.138928,0.000664,0.002035
0,-0.201682,0.035612,-0.163089,0.168267,-0.132384,0.200581,0.003171,0.000622
0,0.015352,-0.059579,0.236287,-0.077276,0.286175,-0.076974,0.000268,0.00104
0,-0.035125,0.047195,-0.036348,0.086649,-0.034043,0.074791,0.000613,0.000824
0,-0.170674,0.074134,-0.14101,0.035539,-0.118584,0.075504,0.002979,0.001294
0,0.016745,0.028806,0.174841,-0.052112,0.170166,-0.03949,0.000292,0.000503
0,-0.152131,0.0906,-0.161567,0.09043,-0.184925,0.097135,0.002655,0.001581
0,-0.220695,-0.108482,-0.072416,-0.180701,-0.114543,-0.146491,0.002839,0.001893
0,-0.248454,0.082422,-0.035244,0.196865,-0.068658,0.188562,0.002354,0.001439
0,-0.199917,0.11372,0.067485,0.00131,0.028522,0.018952,0.003202,0.001985
0,-0.111364,0.087515,0.096184,-0.019556,0.120858,0.019531,0.001944,0.001527
0,-0.091313,0.145303,0.005475,0.058071,0.009921,0.06076,0.001594,0.002536
0,-0.191024,0.0283,-0.085595,-0.141634,-0.085544,-0.108098,0.003334,0.000494
0,-0.007895,0.099591,0.174173,0.04447,0.154619,0.061407,0.000138,0.001738
0,-0.14841,-0.083006,-0.126562,-0.163407,-0.175717,-0.153246,0.00259,0.001449
0,-0.176717,0.127267,-0.018653,0.185036,0.024029,0.186553,0.003084,0.002221
0,-0.064823,-0.125447,0.104252,-0.280804,0.12087,-0.294339,0.001131,0.002189
0,-0.197098,-0.110363,-0.111535,-0.004457,-0.148251,-0.019811,0.003251,0.001926
0,0.039547,0.133259,0.245995,0.247144,0.222626,0.254617,0.00069,0.002326
0,-0.135924,0.064253,-0.164513,-0.05558,-0.130057,-0.097942,0.002372,0.001121
0,0.089955,0.02919,0.202486,-0.021986,0.208509,0.014209,0.00157,0.000509
0,-0.055244,0.041208,-0.148656,0.013993,-0.14798,-0.03086,0.000964,0.000719
0,-0.138753,-0.019581,-0.085756,-0.047026,-0.083851,-0.015009,0.002422,0.000342
0,-0.036945,0.052352,0.113246,0.061581,0.118715,0.089601,0.000645,0.000914
0,-3.159181,1.319795,-3.139289,1.247077,-3.144394,1.224448,0.001612,0.002962
0,-3.701846,1.549614,-0.515241,0.245653,-0.502547,0.285477,0.002299,0.000283
0,-4.937209,1.865642,-1.256879,0.321073,-1.278336,0.33987,0.00081,0.000892
0,-4.739297,2.072015,0.188807,0.20476,0.148749,0.197469,0.002427,0.002709
0,-4.477811,1.637308,0.261547,-0.432529,0.270194,-0.409581,0.002137,0.001813
0,-3.814665,1.374638,0.648058,-0.253838,0.663052,-0.238934,0.00033,0.002771
0,-2.478954,1.216158,1.321933,-0.176102,1.365433,-0.223576,0.003121,0.001154
0,-1.983438,0.58132,0.479372,-0.625549,0.496186,-0.636455,0.001163,0.003236
0,-1.244619,0.377434,0.708836,-0.220666,0.709924,-0.189596,0.00165,0.000103
0,-0.696178,0.162058,0.560063,-0.236369,0.599698,-0.246304,0.001231,0.002828
0,-0.417207,0.03214,0.252889,-0.123386,0.261605,-0.1435,0.000591,0.000561
0,-0.33729,-0.252726,0.100306,-0.291533,0.060895,-0.265657,0.000804,0.00228
0,0.067809,-0.044248,0.40126,0.20012,0.427595,0.211506,0.001183,0.000772
0,0.260051,-0.247461,0.212621,-0.207543,0.210758,-0.222154,0.002152,0.002372
0,0.439241,-0.143292,0.200623,0.085757,0.198903,0.103841,0.000975,0.002501
0,0.635094,-0.092173,0.191349,0.039381,0.177469,0.08102,0.002297,0.001609
0,0.561736,-0.080089,-0.095891,-0.014191,-0.051417,-0.054937,0.003113,0.001398
0,0.124491,-0.121761,-0.411702,-0.019521,-0.424785,0.027196,0.002173,0.002125
0,0.20052,-0.106354,0.082322,0.012255,0.131797,0.044288,0.003191,0.001856
0,0.035385,0.075476,-0.181152,0.201539,-0.214103,0.244621,0.000618,0.001317
0,-0.006204,-0.033814,-0.019384,-0.127479,-0.060879,-0.148482,0.000108,0.00059
0,-0.075251,0.034112,-0.082228,0.043529,-0.071877,0.023186,0.001313,0.000595
0,0.114671,-0.117531,0.188742,-0.161676,0.188089,-0.172221,0.002001,0.002051
0,-0.079231,0.009668,-0.217089,0.15676,-0.21518,0.111931,0.001383,0.000169
0,0.105214,-0.003893,0.195244,0.001319,0.239239,-0.002924,0.001836,6.8e-05
0,0.042397,-0.203355,-0.038804,-0.183011,-0.085255,-0.228095,0.00074,0.003142
0,0.174568,-0.05198,0.112377,0.158859,0.097362,0.199688,0.003047,0.000907
0,0.054091,-0.080497,-0.128116,-0.023781,-0.08292,0.023797,0.000944,0.001405
0,0.035866,0.12841,-0.043992,0.210308,-0.030202,0.255617,0.000626,0.002241
0,0.108149,0.03236,0.050357,-0.087731,0.08038,-0.088741,0.001888,0.000565
0,0.03363,0.115702,-0.074325,0.067208,-0.065333,0.061026,0.000587,0.002019
0,-0.105175,0.122637,-0.120191,-0.011684,-0.162669,-0.034181,0.001836,0.00214
0,0.189365,0.102766,0.308877,-0.028547,0.340841,-0.017962,0.003305,0.001794
0,0.140271,-0.131886,-0.028268,-0.232175,0.010781,-0.190294,0.002448,0.002302
0,0.118848,-0.870706,-0.011656,-0.723423,-0.020478,-0.703902,0.002074,0.001815
0,0.189896,-1.032799,0.055324,-0.190325,0.011055,-0.229838,0.003314,0.002047
0,0.096372,-1.089899,-0.075259,-0.064293,-0.053528,-0.098469,0.001682,0.00105
0,0.166945,-1.348456,0.091128,-0.229564,0.132045,-0.275463,0.002914,0.003228
0,0.009278,-0.979139,-0.137701,0.367723,-0.126318,0.355659,0.000162,0.002983
0,0.017118,-0.960633,0.001512,0.024743,0.036141,0.052043,0.000299,0.003306
0,0.14787,-0.745932,0.119361,0.224028,0.158132,0.180205,0.002581,0.000363
0,0.144651,-0.383602,-0.013529,0.371665,0.021195,0.340949,0.002525,4e-06
0,0.09542,-0.384296,-0.078907,0.020761,-0.084036,0.002583,0.001665,1.6e-05
0,0.163153,-0.067357,0.044004,0.323068,-0.004406,0.282183,0.002848,0.001176
0,0.286433,0.032659,0.103123,0.087499,0.146937,0.065412,0.001692,0.00057
0,0.121933,0.047588,-0.161847,-0.003979,-0.127055,0.024935,0.002128,0.000831
0,0.085414,0.249693,-0.011118,0.182851,-0.040023,0.172384,0.001491,0.002333
0,0.070824,0.089568,-0.023086,-0.172676,-0.018407,-0.177104,0.001236,0.001563
0,0.237075,0.199728,0.14036,0.106083,0.094912,0.07915,0.002553,0.003205
0,-0.006,0.113164,-0.260933,-0.102113,-0.310256,-0.106947,0.000105,0.001975
0,-0.086674,-0.09814,-0.097695,-0.212737,-0.100691,-0.206684,0.001513,0.001713
0,0.060743,-0.114565,0.167201,-0.007397,0.176242,-0.029423,0.00106,0.002
0,-0.099199,0.087626,-0.142744,0.188838,-0.143445,0.142104,0.001731,0.001529
0,-0.045201,0.029423,0.037586,-0.032837,0.028479,-0.069008,0.000789,0.000514
0,-0.113536,0.143205,-0.061731,0.118346,-0.102357,0.144913,0.001982,0.002499
0,-0.062745,0.100009,0.063464,-0.027868,0.015892,-0.010385,0.001095,0.001745
0,0.137337,0.132007,0.215535,0.039639,0.217989,0.00162,0.002397,0.002304
0,-0.006922,-0.097844,-0.133458,-0.203572,-0.146475,-0.225745,0.000121,0.001708
0,-0.043443,-0.085088,-0.01111,0.000678,-0.060792,0.01182,0.000758,0.001485
0,-0.000136,-0.119996,0.028552,-0.035569,0.010902,0.009731,2e-06,0.002094
0,-0.011159,-0.138459,-0.007065,0.011384,-0.007817,-0.033204,0.000195,0.002417
0,0.121622,-0.002247,0.121164,0.122303,0.141179,0.095124,0.002123,3.9e-05
0,-0.100964,0.136069,-0.220226,0.124231,-0.231644,0.083623,0.001762,0.002375
0,0.081523,-0.090982,0.18279,-0.208871,0.207108,-0.166607,0.001423,0.001588
0,0.046521,0.121415,-0.030162,0.234615,-0.059037,0.201303,0.000812,0.002119
0,-0.09266,0.022842,-0.120888,-0.117027,-0.169721,-0.074271,0.001617,0.000399
0,0.13403,-0.146712,0.236672,-0.196466,0.204411,-0.212142,0.002339,0.002561
0,-0.116331,-0.084293,-0.244103,0.041956,-0.257633,0.00194,0.00203,0.001471
0,-0.044664,0.03748,0.057443,0.093863,0.056137,0.123344,0.00078,0.000654
0,0.088411,-0.088526,0.125855,-0.154077,0.169124,-0.133418,0.001543,0.001545
0,0.005662,-0.106232,-0.087687,-0.03489,-0.055517,-0.017174,9.9e-05,0.001854
0,0.01773,0.09474,0.01048,0.224606,-0.013893,0.21287,0.000309,0.001654
0,0.122493,0.066052,0.106665,-0.048488,0.089553,-0.088976,0.002138,0.001153
0,0.044645,-0.103249,-0.106531,-0.171807,-0.083074,-0.158539,0.000779,0.001802
0,0.135961,0.122413,0.095912,0.202833,0.125594,0.179163,0.002373,0.002137
0,0.144045,-0.050881,0.020934,-0.154321,-0.019877,-0.162272,0.002514,0.000888
0,0.093816,-0.029226,-0.07641,0.034236,-0.087085,-0.010537,0.001637,0.00051
0,0.047753,-0.009037,-0.044746,0.0304,-0.034974,0.017149,0.000833,0.000158
0,0.121385,0.134828,0.087536,0.169555,0.091946,0.173305,0.002119,0.002353
0,0.150278,0.140944,0.018248,0.030926,0.003826,0.033045,0.002623,0.00246
0,-0.115515,0.066077,-0.290806,-0.104001,-0.283919,-0.117961,0.002016,0.001153
0,0.112717,-0.020128,0.199345,-0.077107,0.184389,-0.062379,0.001967,0.000351
0,0.179302,0.163476,0.043863,0.177539,0.011387,0.1997,0.003129,0.002853
0,0.158741,0.099676,0.009185,-0.072105,-0.013749,-0.065937,0.002771,0.00174
0,0.16286,0.134567,0.02533,0.059887,-0.015057,0.108519,0.002842,0.002349
0,0.021885,0.020317,-0.143532,-0.112475,-0.096682,-0.154725,0.000382,0.000355
0,0.050535,-0.048046,0.055087,-0.049294,0.10023,-0.007547,0.000882,0.000839
0,0.201817,0.100279,0.180034,0.150526,0.218101,0.120177,0.003168,0.00175
0,0.12708,0.075838,-0.08311,-0.02318,-0.044876,0.015903,0.002218,0.001324
0,-0.017038,-0.047957,-0.156962,-0.119553,-0.171026,-0.102991,0.000297,0.000837
0,0.099669,0.076785,0.101338,0.107621,0.071406,0.123563,0.00174,0.00134
0,0.160869,0.060256,0.059952,-0.030773,0.071273,-0.046049,0.002808,0.001052
0,0.207822,-0.070786,0.065353,-0.120582,0.068287,-0.115333,0.003064,0.001235
0,0.064766,-0.106395,-0.114152,-0.023671,-0.116346,-0.064665,0.00113,0.001857
0,0.082693,-0.032531,0.010274,0.055632,0.050004,0.013021,0.001443,0.000568
0,0.103995,0.096622,-0.004794,0.154682,0.011961,0.190413,0.001815,0.001686
0,0.070031,-0.059984,-0.022567,-0.176282,-0.053496,-0.167151,0.001222,0.001047
0,0.069612,0.140438,-0.006015,0.190102,0.030331,0.181394,0.001215,0.002451
0,-0.066113,-0.162897,-0.130016,-0.278945,-0.109924,-0.312194,0.001154,0.002843
0,0.01865,-0.080795,0.071103,0.074165,0.056059,0.026366,0.000326,0.00141
0,0.147822,-0.095349,0.11538,-0.012472,0.146401,-0.018983,0.00258,0.001664
0,0.174239,-0.150342,0.015644,-0.066018,0.01235,-0.070492,0.003041,0.002624
0,-0.111279,0.083937,-0.294542,0.233248,-0.260307,0.230139,0.001942,0.001465
0,0.082735,0.111371,0.192607,-0.00237,0.200584,-0.003147,0.001444,0.001944
0,0.080341,-0.051541,0.016783,-0.181798,0.015601,-0.219003,0.001402,0.0009
0,0.126281,-0.070897,0.031685,-0.014045,0.02952,-0.050266,0.002204,0.001237
0,0.01845,-0.102879,-0.114772,-0.033453,-0.066316,0.006001,0.000322,0.001796
0,0.033395,0.05932,-0.003555,0.166748,-0.040459,0.196847,0.000583,0.001035
0,-0.007444,-0.130704,-0.065667,-0.163837,-0.086249,-0.132318,0.00013,0.002281
0,0.047727,-0.070385,0.03359,0.033514,0.075879,0.022685,0.000833,0.001228
0,-0.162543,-0.150111,-0.235163,-0.05228,-0.231338,-0.067127,0.002837,0.00262
0,-0.076971,-0.088914,0.100785,0.083668,0.138488,0.099566,0.001343,0.001552
0,-0.087893,-2.3e-05,-0.000858,0.108134,0.032478,0.077656,0.001534,0.0
0,-0.086865,0.083922,-0.011676,0.113469,0.038109,0.106977,0.001516,0.001465
0,-0.206841,0.098733,-0.14243,0.014629,-0.139689,-0.001191,0.003081,0.001723
0,-0.144438,0.016972,0.047343,-0.085964,0.03196,-0.074973,0.002521,0.000296
0,-0.018864,-0.135057,0.122597,-0.162897,0.114949,-0.170494,0.000329,0.002357
0,-0.27687,-0.136972,-0.242661,-0.016406,-0.20221,-0.00335,0.001859,0.002391
0,-0.204536,-0.097017,0.068587,0.042427,0.081732,-0.004343,0.003121,0.001693
0,-0.151948,0.006273,0.057952,0.100416,0.064932,0.134071,0.002652,0.000109
0,-0.102529,0.118267,0.044809,0.089492,0.034679,0.099954,0.001789,0.002064
0,-0.008894,-0.091883,0.068171,-0.19512,0.114088,-0.216534,0.000155,0.001604
0,-0.08765,0.067876,-0.055463,0.177508,-0.025992,0.132333,0.00153,0.001185
0,-0.198664,0.054114,-0.099381,-0.031965,-0.096456,-0.01446,0.003223,0.000944
0,-0.331925,-0.030257,-0.138995,-0.108541,-0.115997,-0.073459,0.000898,0.000528
0,-0.045922,-0.13792,0.264114,-0.084554,0.249751,-0.09087,0.000801,0.002407
0,-0.315427,-0.027108,-0.293044,0.083351,-0.305212,0.058914,0.001186,0.000473
0,-0.07671,0.096512,0.231108,0.122683,0.211135,0.098895,0.001339,0.001684
0,-0.25567,0.091906,-0.19687,0.008732,-0.240411,0.056621,0.002229,0.001604
0,-0.072753,-0.083016,0.202884,-0.179834,0.172913,-0.227728,0.00127,0.001449
0,-0.210894,0.081023,-0.154073,0.183023,-0.13126,0.205494,0.00301,0.001414
0,-0.104824,-0.131042,0.109784,-0.218564,0.074933,-0.182473,0.00183,0.002287
0,-0.244971,-0.117314,-0.135232,0.041033,-0.158992,0.019877,0.002415,0.002048
0,-0.057224,0.094012,0.164856,0.231238,0.144539,0.207741,0.000999,0.001641
0,-0.007146,0.080391,0.059943,-0.021524,0.029805,0.004601,0.000125,0.001403
0,0.02849,-0.065991,0.038989,-0.142423,-0.00089,-0.183352,0.000497,0.001152
0,0.053827,-0.065909,0.018438,-0.019545,0.057721,-0.020573,0.000939,0.00115
0,0.09808,0.020464,0.015667,0.09383,0.031443,0.058202,0.001712,0.000357
0,-0.031502,-0.00475,-0.134954,-0.052001,-0.149802,-0.003769,0.00055,8.3e-05
0,0.038137,-0.17922,0.098587,-0.199957,0.111092,-0.188232,0.000666,0.003128
0,-0.014794,-0.067775,-0.036353,0.123904,-0.06666,0.141519,0.000258,0.001183
0,-0.060969,-0.05354,-0.019427,0.001608,0.004882,-0.017526,0.001064,0.000934
0,0.255932,-0.14077,0.302492,-0.109415,0.293559,-0.144671,0.002224,0.002457
0,0.211629,-0.089569,-0.056343,0.042173,-0.020057,0.050265,0.002997,0.001563
0,1.392463,0.298113,1.169009,0.405148,1.122649,0.356329,0.00246,0.001488
0,2.328004,0.509223,0.936329,0.239298,0.902446,0.259901,0.000486,0.002197
0,3.167386,0.697196,0.856461,0.201045,0.837749,0.249967,0.001755,0.001213
0,2.640096,0.529166,-0.499424,-0.17858,-0.455575,-0.184033,0.000757,0.002545
0,2.221805,0.526433,-0.413236,-0.018291,-0.407699,-0.033125,0.001367,0.002497
0,1.860689,0.742964,-0.358457,0.199742,-0.366715,0.161817,0.000979,0.000414
0,1.430118,0.440579,-0.428581,-0.328931,-0.402152,-0.30095,0.001803,0.000999
0,0.707161,0.29424,-0.746849,-0.166756,-0.746003,-0.208236,0.001039,0.001555
0,0.328676,0.201896,-0.368453,-0.073276,-0.322319,-0.043886,0.000954,0.003167
0,0.193457,0.213244,-0.150671,0.039503,-0.106044,0.087735,0.003314,0.002969
0,0.153637,0.166696,-0.040867,-0.040659,-0.076504,-0.055275,0.002681,0.002909
0,-0.282815,0.032775,-0.446346,-0.144908,-0.465535,-0.144015,0.001755,0.000572
0,-0.427287,0.087986,-0.14066,0.071451,-0.118217,0.093383,0.000767,0.001536
0,-0.316604,-0.177194,0.136613,-0.235391,0.180344,-0.202108,0.001165,0.003093
0,-0.316387,-0.113693,-0.004022,0.067145,-0.019033,0.089885,0.001169,0.001984
0,-0.044983,-0.000954,0.26694,0.087658,0.217374,0.096659,0.000785,1.7e-05
0,-0.248445,-0.027648,-0.182711,-0.048195,-0.230879,-0.007273,0.002355,0.000483
0,-0.111548,-0.174046,0.142681,-0.117027,0.160115,-0.091161,0.001947,0.003038
0,-0.077421,-0.070546,0.017813,0.13022,0.053303,0.162848,0.001351,0.001231
0,0.025991,0.020006,0.107716,0.070162,0.05882,0.022997,0.000454,0.000349
0,0.039405,-0.230716,-0.005575,-0.266769,-0.038996,-0.290845,0.000688,0.002664
0,0.002894,-0.229414,-0.049452,-0.012231,-0.083616,0.015104,5.1e-05,0.002687
0,-0.041561,0.05584,-0.060467,0.279305,-0.017321,0.23546,0.000725,0.000975
0,0.007197,-0.10072,0.062758,-0.161562,0.093304,-0.171661,0.000126,0.001758
0,-0.054322,0.16407,-0.071528,0.29014,-0.072652,0.322038,0.000948,0.002864
0,-0.033726,0.183159,0.043759,0.039153,0.090946,0.032798,0.000589,0.003197
0,0.086466,-0.017222,0.141035,-0.228664,0.158821,-0.24613,0.001509,0.000301
0,0.022993,0.045796,-0.064101,0.052231,-0.104779,0.065967,0.000401,0.000799
0,0.073244,-0.035175,0.079527,-0.056709,0.077849,-0.064546,0.001278,0.000614
0,0.09013,-0.004103,0.002816,0.028601,0.006878,0.003708,0.001573,7.2e-05
0,0.127141,0.022824,0.06556,0.040428,0.016715,0.03531,0.002219,0.000398
0,0.111114,0.178344,-0.021101,0.166822,-0.045442,0.163643,0.001939,0.003113
0,-0.038428,-0.021928,-0.135886,-0.213465,-0.154323,-0.260996,0.000671,0.000383
0,-0.026419,0.156733,-0.010202,0.170053,-0.044827,0.166708,0.000461,0.002736
0,0.130112,0.031135,0.147537,-0.117422,0.115491,-0.164097,0.002271,0.000543
0,0.132352,-0.01191,-0.026974,-0.038801,-0.055378,-0.01598,0.00231,0.000208
0,0.034914,0.19149,-0.091234,0.227643,-0.046571,0.246938,0.000609,0.003342
0,-0.072842,0.204004,-0.086945,0.013511,-0.102623,0.011441,0.001271,0.00313
0,-0.030558,-0.008535,0.040334,-0.203299,0.032797,-0.182793,0.000533,0.000149
0,0.063211,0.169379,0.119968,0.171152,0.133073,0.208475,0.001103,0.002956
0,0.128079,0.113558,0.092204,-0.033547,0.104983,-0.076126,0.002235,0.001982
0,0.066768,0.201318,-0.045413,0.087191,-0.09,0.084029,0.001165,0.003177
0,-0.008579,0.152036,-0.091706,-0.042362,-0.054497,-0.068363,0.00015,0.002654
0,-0.00199,0.060233,0.003261,-0.120696,-0.008985,-0.125638,3.5e-05,0.001051
0,0.187846,0.167637,0.176787,0.114992,0.193998,0.154072,0.003279,0.002926
0,0.158871,0.030749,-0.032324,-0.123424,-0.022926,-0.132537,0.002773,0.000537
0,0.067352,0.072838,-0.088478,0.038076,-0.063504,0.023063,0.001176,0.001271
0,0.128046,-0.06589,0.089987,-0.110948,0.05437,-0.064385,0.002235,0.00115
0,0.049306,0.092904,-0.093274,0.177082,-0.130496,0.16399,0.000861,0.001621
0,-0.027361,0.149965,-0.098944,0.047935,-0.13746,0.035835,0.000478,0.002617
0,0.008582,0.000767,0.012926,-0.126428,0.024794,-0.081398,0.00015,1.3e-05
0,0.018235,-0.033954,-0.01068,-0.028452,0.01439,-0.064275,0.000318,0.000593
0,-0.034617,-0.009296,-0.065507,0.005822,-0.110284,0.052301,0.000604,0.000162
0,-0.103844,0.079819,-0.088071,0.10503,-0.128666,0.094456,0.001812,0.001393
0,-0.127898,-0.047198,-0.018439,-0.113537,0.018739,-0.142726,0.002232,0.000824
0,-0.13661,0.119729,-0.031162,0.179157,-0.059279,0.171657,0.002384,0.00209
0,-0.105631,-0.043556,0.060707,-0.136258,0.0486,-0.116002,0.001844,0.00076
0,-0.03834,-0.163518,0.080704,-0.09738,0.078448,-0.062725,0.000669,0.002854
0,-0.039944,-0.06983,0.008379,0.111948,0.055388,0.128592,0.000697,0.001219
0,0.112005,0.053078,0.173186,0.119807,0.134406,0.106947,0.001955,0.000926
0,-0.061336,-0.170514,-0.165033,-0.220738,-0.204803,-0.18666,0.001071,0.002976
0,0.178908,-0.082054,0.258729,0.058714,0.275354,0.013342,0.003123,0.001432
0,0.074068,-0.017584,-0.099669,0.066658,-0.063251,0.10283,0.001293,0.000307
0,0.083669,0.099541,0.036083,0.126695,0.057838,0.153766,0.00146,0.001737
0,0.170957,-0.139737,0.072465,-0.242447,0.060552,-0.285799,0.002984,0.002439
0,0.006741,-0.042897,-0.167822,0.095358,-0.147977,0.072392,0.000118,0.000749
0,0.165246,-0.154433,0.129524,-0.132705,0.113923,-0.091431,0.002884,0.002695
0,-0.039403,-0.045657,-0.228842,0.127269,-0.18931,0.130176,0.000688,0.000797
0,0.168728,0.013652,0.208153,0.034705,0.23625,0.007464,0.002945,0.000238
0,0.127208,0.029622,-0.056486,0.031473,-0.018967,0.076519,0.00222,0.000517
0,0.131928,0.079813,0.029699,0.069004,0.021297,0.095278,0.002303,0.001393
0,0.13146,-0.112108,0.013633,-0.170652,-0.01133,-0.139765,0.002294,0.001957
0,-0.036427,0.091419,-0.169656,0.211291,-0.175687,0.210106,0.000636,0.001596
0,-0.189929,-0.050412,-0.182451,-0.157823,-0.232316,-0.133382,0.003315,0.00088
0,-0.002415,0.036477,0.202629,0.097266,0.166797,0.069418,4.2e-05,0.000637
0,-0.081386,0.089937,-0.070938,0.053411,-0.037983,0.0218,0.00142,0.00157
0,-0.052421,-0.036502,0.009706,-0.11918,0.025769,-0.082099,0.000915,0.000637
0,0.160237,0.129702,0.21899,0.155257,0.233202,0.150771,0.002797,0.002264
0,-0.054992,0.13537,-0.207942,0.025755,-0.211405,0.006504,0.00096,0.002363
0,-0.061383,0.162533,0.018937,0.029143,0.010568,0.006999,0.001071,0.002837
0,-0.087615,0.134606,-0.018503,-0.003578,-0.037929,0.01327,0.001529,0.002349
0,0.09377,0.072052,0.182049,-0.069402,0.164815,-0.056911,0.001637,0.001258
0,0.120381,0.001897,0.036652,-0.045534,0.010387,-0.088004,0.002101,3.3e-05
0,0.014647,0.17493,-0.114266,0.145885,-0.06548,0.131308,0.000256,0.003053
0,-0.07595,0.123925,-0.103006,-0.048231,-0.073396,-0.027025,0.001326,0.002163
0,0.007754,0.066491,0.083154,-0.052716,0.106771,-0.035982,0.000135,0.00116
0,0.008222,-0.027784,0.007293,-0.098305,0.035517,-0.090224,0.000143,0.000485
0,0.035679,0.087514,0.028991,0.132087,0.037457,0.160097,0.000623,0.001527
0,-0.016375,0.012478,-0.053559,-0.087415,-0.041334,-0.125148,0.000286,0.000218
0,0.000302,0.022217,0.012424,0.005877,0.036696,-0.037402,5e-06,0.000388
0,0.045857,-0.127323,0.05501,-0.162621,0.008022,-0.152312,0.0008,0.002222
0,0.081097,-0.018223,0.027642,0.090768,0.01685,0.100809,0.001415,0.000318
0,-0.161157,0.06769,-0.268563,0.069874,-0.228903,0.087223,0.002813,0.001181
0,-0.03162,0.125741,0.102558,0.08208,0.12696,0.078065,0.000552,0.002195
0,-0.062346,-0.125344,-0.055742,-0.221229,-0.044764,-0.253161,0.001088,0.002188
0,0.002616,-0.002908,0.069019,0.104864,0.063953,0.140474,4.6e-05,5.1e-05
0,-0.032806,0.106034,-0.014188,0.133253,0.01054,0.084482,0.000573,0.001851
0,0.018729,-0.010645,0.037919,-0.129469,0.084013,-0.157917,0.000327,0.000186
0,-0.053795,-0.141239,-0.091095,-0.160091,-0.05864,-0.190578,0.000939,0.002465
0,-0.114129,-0.086614,-0.067165,0.029909,-0.108454,0.063001,0.001992,0.001512
0,0.138244,-0.168327,0.257844,-0.092447,0.230163,-0.100421,0.002413,0.002938
0,0.138722,-0.049777,0.00992,0.137511,0.026385,0.145767,0.002421,0.000869
0,-0.126279,0.066498,-0.283328,0.131331,-0.239615,0.082547,0.002204,0.001161
0,0.012772,-0.069665,0.123132,-0.130297,0.098119,-0.136205,0.000223,0.001216
0,0.013295,0.100995,-0.021298,0.193877,0.022237,0.187097,0.000232,0.001763
0,0.154015,0.024784,0.157651,-0.075398,0.134674,-0.103159,0.002688,0.000433
0,0.221864,0.156933,0.068162,0.140829,0.099026,0.101121,0.002819,0.002739
0,0.004781,0.001169,-0.241259,-0.166137,-0.246672,-0.167438,8.3e-05,2e-05
0,0.117374,-0.08079,0.121933,-0.066609,0.084447,-0.069596,0.002049,0.00141
0,0.126585,-0.000422,-0.00755,0.06524,-0.04464,0.046152,0.002209,7e-06
0,-0.019636,-0.139345,-0.169284,-0.11709,-0.20554,-0.081936,0.000343,0.002432
0,0.098926,-0.098167,0.137249,0.056074,0.161971,0.09297,0.001727,0.001713
0,0.063062,0.009302,-0.044153,0.13506,-0.002987,0.150389,0.001101,0.000162
0,-0.050893,-0.090893,-0.136961,-0.096096,-0.173492,-0.109066,0.000888,0.001586
0,0.168535,0.055874,0.207868,0.153112,0.256544,0.17307,0.002941,0.000975
0,0.15651,0.095273,0.009644,0.041506,0.047923,0.062622,0.002732,0.001663
0,0.027353,0.087921,-0.136081,0.015786,-0.146416,0.051661,0.000477,0.001535
0,-0.047816,0.065306,-0.070766,-0.019641,-0.073381,0.029021,0.000835,0.00114
0,0.10127,-0.097009,0.171255,-0.163153,0.161117,-0.131309,0.001767,0.001693
0,-0.077365,-0.125611,-0.189789,-0.057132,-0.216821,-0.044225,0.00135,0.002192
0,-0.185785,0.02716,-0.10405,0.176042,-0.076308,0.208075,0.003243,0.000474
0,0.056513,0.028271,0.256371,-0.018321,0.246868,0.029121,0.000986,0.000493
0,-0.066783,-0.097182,-0.15114,-0.115878,-0.112775,-0.066373,0.001166,0.001696
0,-0.051392,0.132694,0.000105,0.229413,-0.019966,0.219205,0.000897,0.002316
0,-0.237261,0.082998,-0.194569,-0.04485,-0.211419,-0.004187,0.00255,0.001449
0,-0.027754,0.092373,0.186082,-0.008035,0.163387,-0.043797,0.000484,0.001612
0,-0.168782,0.143279,-0.12324,0.073749,-0.102251,0.060798,0.002946,0.002501
0,-0.246857,-0.046998,-0.080419,-0.186259,-0.113533,-0.175689,0.002382,0.00082
0,-0.132115,-0.06093,0.128824,-0.032396,0.104069,-0.061091,0.002306,0.001063
0,-0.317076,-0.136767,-0.199453,-0.070373,-0.175672,-0.10337,0.001157,0.002387
0,-0.160271,0.044428,0.184051,0.193929,0.187506,0.185854,0.002797,0.000775
0,-0.172867,0.124093,-0.026552,0.100353,0.01064,0.088627,0.003017,0.002166
0,-0.225687,0.127638,-0.073537,0.009414,-0.040336,-0.009523,0.002752,0.002228
0,-0.065052,-0.044247,0.171207,-0.153396,0.192273,-0.165972,0.001135,0.000772
0,-0.139736,-0.038398,-0.099577,-0.006369,-0.104863,-0.021179,0.002439,0.00067
0,-0.032234,0.104458,0.09052,0.157468,0.106337,0.172407,0.000563,0.001823
0,-0.172596,-0.008674,-0.120205,-0.097724,-0.080688,-0.092091,0.003012,0.000151
0,-0.072959,-0.018752,0.100779,0.019377,0.078429,0.035486,0.001273,0.000327
0,-0.022136,0.159456,0.058752,0.153523,0.010976,0.14559,0.000386,0.002783
0,-0.117698,0.017705,-0.116272,-0.124202,-0.162117,-0.135128,0.002054,0.000309
0,0.034159,0.15414,0.142767,0.1605,0.106714,0.205864,0.000596,0.00269
0,0.046039,-0.010755,0.040913,-0.179167,0.08238,-0.132561,0.000804,0.000188
0,0.005249,-0.070533,-0.060681,-0.035508,-0.055697,-0.042657,9.2e-05,0.001231
0,-0.126816,-0.024241,-0.117574,0.031087,-0.135951,0.004426,0.002213,0.000423
0,-0.274546,-0.048741,-0.149261,-0.029323,-0.124139,-0.052856,0.001899,0.000851
0,-0.260684,0.099956,0.018931,0.142834,0.045497,0.136781,0.002141,0.001745
0,-0.105292,0.137733,0.127812,0.058897,0.135136,0.108031,0.001838,0.002404
0,-0.05776,-0.0179,0.044278,-0.131475,0.038534,-0.149175,0.001008,0.000312
0,-0.201623,0.122209,-0.120472,0.1561,-0.093314,0.148599,0.003172,0.002133
0,-0.185063,0.130739,-0.00659,-0.016728,-0.038728,-0.048502,0.00323,0.002282
0,-0.278086,-0.044106,-0.110481,-0.176367,-0.143046,-0.161168,0.001837,0.00077
0,-0.300678,0.120958,-0.021151,0.158724,-0.050099,0.196782,0.001443,0.002111
0,-0.157062,0.190161,0.162283,0.080456,0.129656,0.10086,0.002741,0.003319
0,0.013509,0.083798,0.198925,-0.107894,0.199732,-0.093629,0.000236,0.001463
0,-0.219153,-0.053999,-0.243854,-0.131156,-0.279724,-0.118289,0.002866,0.000942
0,-0.250893,0.161689,-0.006949,0.242129,-0.044974,0.280265,0.002312,0.002822
0,-0.199152,0.04082,0.059929,-0.108727,0.040648,-0.118915,0.003215,0.000712
0,-0.11195,0.094057,0.101404,0.027958,0.143583,0.056781,0.001954,0.001642
0,-0.188803,0.173303,-0.085672,0.086881,-0.133301,0.113671,0.003295,0.003025
0,-0.014285,0.146275,0.197392,-0.003165,0.211235,0.035567,0.000249,0.002553
0,-0.056851,0.181361,-0.028011,0.064631,-0.016856,0.087811,0.000992,0.003165
0,0.008472,-0.042259,0.079662,-0.215585,0.032697,-0.184302,0.000148,0.000738
0,-0.202259,-0.010743,-0.232236,0.003755,-0.194126,-0.007714,0.003161,0.000188
0,-0.229906,0.042429,-0.016982,0.07853,-0.005896,0.125496,0.002678,0.000741
0,-0.273031,-0.044805,-0.071878,-0.101599,-0.068318,-0.065422,0.001926,0.000782
0,-0.046775,0.081387,0.254286,0.111028,0.262259,0.066194,0.000816,0.00142
0,-0.156758,0.083403,-0.083958,0.022728,-0.105702,0.064532,0.002736,0.001456
0,-0.004475,0.062467,0.124224,-0.005221,0.142991,-0.006738,7.8e-05,0.00109
0,-0.0492,0.10144,-0.065997,0.016926,-0.038542,0.02562,0.000859,0.00177
0,-0.04154,0.147342,-0.004701,0.072533,-0.023834,0.120603,0.000725,0.002572
0,-0.037805,-0.069117,0.021902,-0.245971,0.061566,-0.232833,0.00066,0.001206
0,-2.073757,0.091291,-2.021756,0.154597,-2.021582,0.190557,0.00274,0.001593
0,-3.59178,0.587392,-1.530962,0.509644,-1.578033,0.49617,0.002471,0.00313
0,-2.919195,0.563569,0.69761,-0.004237,0.65164,0.021169,0.002577,0.003145
0,-2.828126,0.653004,0.08443,0.099722,0.054889,0.117017,0.002524,0.001985
0,-2.401244,0.677694,0.45468,0.012083,0.473443,0.005979,0.001765,0.001554
0,-1.757841,0.797391,0.664668,0.135086,0.699012,0.112382,0.002774,0.000535
0,-1.431419,0.401384,0.320617,-0.399278,0.320019,-0.407417,0.00178,0.000315
0,-0.883547,0.572165,0.542482,0.182951,0.515362,0.195499,0.002039,0.003295
0,-0.569107,0.281039,0.330489,-0.289347,0.319613,-0.25725,0.003242,0.001786
0,-0.195009,0.261379,0.388009,0.003999,0.343254,-0.043586,0.003287,0.002129
0,-0.081394,-0.079134,0.138652,-0.360877,0.180061,-0.343245,0.001421,0.001381
0,0.072306,-0.165743,0.145956,-0.094052,0.115424,-0.124531,0.001262,0.002893
0,0.28918,0.04935,0.190641,0.221445,0.20985,0.254326,0.001644,0.000861
0,0.291003,-0.197493,0.000983,-0.22277,0.038273,-0.263333,0.001612,0.003244
0,0.173519,-0.109018,-0.101358,0.068426,-0.128017,0.027135,0.003028,0.001903
0,0.186072,-0.029004,0.000953,0.100868,0.010769,0.071662,0.003248,0.000506
0,0.079872,-0.004381,-0.13223,0.001705,-0.107482,-0.016452,0.001394,7.6e-05
0,0.123141,-0.088894,0.060701,-0.09422,0.015035,-0.140331,0.002149,0.001551
0,0.173649,-0.179403,0.042669,-0.111328,0.02615,-0.093383,0.003031,0.003131
0,0.256058,0.055011,0.106736,0.221249,0.146763,0.198675,0.002222,0.00096
0,-0.041499,-0.044256,-0.278848,-0.091572,-0.25646,-0.085867,0.000724,0.000772
0,0.061733,-0.120488,0.096275,-0.094575,0.047611,-0.087792,0.001077,0.002103
0,0.012263,-0.078001,-0.067122,0.066648,-0.020838,0.025272,0.000214,0.001361
0,0.084447,0.05451,0.081761,0.116254,0.064813,0.139095,0.001474,0.000951
0,0.071294,0.040267,0.016235,0.011801,-0.019354,-0.02647,0.001244,0.000703
0,0.017092,0.011816,-0.051048,-0.055364,-0.066303,-0.076503,0.000298,0.000206
0,0.08454,-0.149845,0.076708,-0.145472,0.030823,-0.173146,0.001475,0.002615
0,-0.057544,0.024393,-0.137506,0.145471,-0.141667,0.129331,0.001004,0.000426
0,0.172117,-0.057843,0.21751,-0.072098,0.176438,-0.076293,0.003004,0.00101
0,0.141339,0.034068,-0.023082,0.06212,-0.022121,0.054589,0.002467,0.000595
0,0.070612,0.008515,-0.08172,-0.034609,-0.125464,-0.036804,0.001232,0.000149
0,-0.032037,0.063898,-0.120998,0.060142,-0.144827,0.060794,0.000559,0.001115
0,0.240776,-0.051523,0.266995,-0.133862,0.26146,-0.181997,0.002488,0.000899
0,0.13848,-0.035718,-0.098349,0.005768,-0.087036,-0.042167,0.002417,0.000623
0,0.141406,-0.130132,-0.019415,-0.080482,0.028223,-0.114299,0.002468,0.002271
0,0.132629,0.041905,-0.010009,0.192833,-0.034218,0.153723,0.002315,0.000731
0,0.092517,0.109519,-0.035927,0.055757,-0.050941,0.024591,0.001615,0.001911
0,-0.035543,-0.004327,-0.131524,-0.1161,-0.158094,-0.131142,0.00062,7.6e-05
0,-0.018348,0.061779,0.034952,0.078965,0.000304,0.061563,0.00032,0.001078
0,0.113371,0.011369,0.161273,-0.04186,0.122357,-0.073528,0.001979,0.000198
0,0.032484,0.135192,-0.099167,0.152318,-0.126111,0.160298,0.000567,0.00236
0,0.228625,-0.071757,0.217078,-0.210793,0.255416,-0.160872,0.002701,0.001252
0,0.225431,-0.054507,-0.005378,-0.007098,-0.002342,-0.050446,0.002756,0.000951
0,-0.015193,0.107692,-0.239675,0.174489,-0.265499,0.12701,0.000265,0.00188
0,-0.029684,-0.120352,-0.040567,-0.221625,-0.010593,-0.225138,0.000518,0.002101
0,0.100578,0.106216,0.106153,0.229344,0.108506,0.264149,0.001755,0.001854
0,0.012191,-0.086283,-0.073267,-0.171287,-0.042259,-0.148322,0.000213,0.001506
0,-0.090434,0.123944,-0.087507,0.201105,-0.050877,0.243287,0.001578,0.002163
0,-0.025369,-0.101284,0.092685,-0.239291,0.102439,-0.248441,0.000443,0.001768
0,0.050036,-0.044628,0.059272,0.054764,0.068917,0.090939,0.000873,0.000779
0,0.112229,-0.113854,0.072821,-0.094274,0.119327,-0.100871,0.001959,0.001987
0,-0.041742,-0.034334,-0.152773,0.086836,-0.184673,0.101424,0.000729,0.000599
0,-0.06486,-0.063492,0.001168,-0.022691,0.031451,-0.017258,0.001132,0.001108
0,0.080477,0.087338,0.129526,0.176815,0.087622,0.220157,0.001405,0.001524
0,-0.019083,-0.054203,-0.102781,-0.126445,-0.081776,-0.129868,0.000333,0.000946
0,0.000773,-0.125644,0.010263,-0.07789,-0.008038,-0.067986,1.4e-05,0.002193
0,-0.130854,-0.056396,-0.155421,0.066047,-0.143705,0.062837,0.002284,0.000984
0,0.101046,0.033626,0.233445,0.060854,0.197545,0.042419,0.001764,0.000587
0,0.003177,0.082683,-0.105265,0.033006,-0.119674,0.032077,5.5e-05,0.001443
0,0.104006,0.105459,0.107784,0.030205,0.063889,0.018749,0.001815,0.001841
0,-0.014035,-0.089939,-0.098179,-0.172319,-0.057806,-0.136709,0.000245,0.00157
0,-0.035657,0.108102,-0.049792,0.181038,-0.08199,0.196424,0.000622,0.001887
0,0.027612,-0.107132,0.06474,-0.216277,0.063107,-0.189066,0.000482,0.00187
0,0.05263,0.058265,0.006843,0.159182,-0.037159,0.162762,0.000919,0.001017
0,0.085875,0.133671,0.029954,0.050026,-0.017973,0.099342,0.001499,0.002333
0,-0.029338,0.038136,-0.136436,-0.11751,-0.146477,-0.160772,0.000512,0.000666
0,-0.141992,0.015684,-0.110658,-0.001625,-0.087237,-0.016135,0.002478,0.000274
0,0.037277,-0.0732,0.176501,-0.102051,0.138751,-0.074634,0.000651,0.001278
0,-0.23728,0.062023,-0.297926,0.120846,-0.299217,0.08458,0.00255,0.001083
0,-0.118329,-0.140271,0.108662,-0.228238,0.132715,-0.226067,0.002065,0.002448
0,-0.119603,0.059659,-0.001543,0.18883,0.034975,0.229046,0.002087,0.001041
0,-0.112593,-0.00574,0.006938,-0.092955,0.023715,-0.054351,0.001965,0.0001
0,-0.145838,-0.160936,-0.055541,-0.150431,-0.032791,-0.156355,0.002545,0.002809
0,0.035254,-0.095608,0.16891,0.071865,0.213991,0.100918,0.000615,0.001669
0,-0.084585,-0.196976,-0.127548,-0.094862,-0.157134,-0.076934,0.001476,0.003253
0,-0.060872,0.009471,0.008377,0.229316,-0.004525,0.197997,0.001062,0.000165
0,-0.1174,0.002733,-0.076298,-0.012389,-0.037827,-0.059977,0.002049,4.8e-05
0,0.023623,-0.139581,0.160726,-0.150816,0.157307,-0.174001,0.000412,0.002436
0,-0.066252,-0.126216,-0.078426,0.017475,-0.036069,0.001874,0.001156,0.002203
0,-0.039517,-0.113714,0.034571,0.025102,0.017493,0.044298,0.00069,0.001985
0,0.021337,-0.066685,0.088501,0.043037,0.095609,0.071173,0.000372,0.001164
0,0.018962,0.07427,-0.00298,0.16968,0.016784,0.199648,0.000331,0.001296
0,0.119788,-0.070285,0.105505,-0.122767,0.079975,-0.092486,0.002091,0.001227
0,0.021989,0.020764,-0.114224,0.098412,-0.110357,0.140678,0.000384,0.000362
0,0.012736,-0.090404,0.01505,-0.089111,0.036142,-0.058114,0.000222,0.001578
0,0.061581,-0.109839,0.061685,-0.044915,0.076264,-0.093097,0.001075,0.001917
0,0.235314,-0.141405,0.16543,-0.028143,0.214403,0.021048,0.002584,0.002468
0,0.188658,-0.201067,-0.040207,-0.031081,-0.086354,-0.039658,0.003293,0.003182
0,0.256913,-0.066296,0.063008,0.155604,0.053674,0.154976,0.002207,0.001157
0,0.034049,0.004628,-0.219267,0.09654,-0.259879,0.07624,0.000594,8.1e-05
0,-0.032065,-0.141343,-0.085263,-0.170988,-0.063831,-0.162158,0.00056,0.002467
0,0.141471,-0.152997,0.202241,-0.023947,0.195077,-0.043546,0.002469,0.00267
0,0.098479,-0.1696,-0.020968,-0.013219,-0.005833,-0.001199,0.001719,0.00296
0,0.062252,-0.033214,-0.032954,0.115398,-0.076391,0.163935,0.001087,0.00058
0,0.107855,-0.192917,0.058175,-0.171128,0.025467,-0.162971,0.001882,0.003324
0,-0.138955,-0.117467,-0.251668,0.07836,-0.248305,0.122609,0.002425,0.00205
0,0.125111,-0.019646,0.234803,0.095701,0.247469,0.052159,0.002184,0.000343
0,0.116254,-0.158831,0.01668,-0.148033,0.025298,-0.17722,0.002029,0.002772
0,-0.088471,-0.175365,-0.216193,-0.043712,-0.261859,-0.042737,0.001544,0.003061
0,0.093428,-0.056876,0.184043,0.144931,0.150294,0.182287,0.001631,0.000993
0,-0.085113,0.055181,-0.206097,0.087151,-0.253593,0.101764,0.001485,0.000963
0,-0.019287,-0.087316,0.081111,-0.150277,0.043674,-0.156107,0.000337,0.001524
0,-0.11737,-0.067748,-0.079081,0.005204,-0.104436,-0.04015,0.002048,0.001182
0,-0.09362,0.006506,-0.002845,0.057847,0.025693,0.009207,0.001634,0.000114
0,0.008928,-0.114007,0.073295,-0.125052,0.081293,-0.117857,0.000156,0.00199
0,-0.096367,-0.040549,-0.127779,0.067526,-0.151519,0.112707,0.001682,0.000708
0,0.041055,0.037239,0.164567,0.075983,0.159707,0.075162,0.000717,0.00065
0,-0.061985,-0.079534,-0.097449,-0.090858,-0.077481,-0.079844,0.001082,0.001388
0,-0.09258,0.037898,-0.042383,0.14463,-0.021902,0.134146,0.001616,0.000661
0,0.062019,-0.220044,0.168804,-0.247378,0.124447,-0.266401,0.001082,0.00285
0,0.120752,-0.101852,0.031664,0.111295,0.060818,0.139,0.002108,0.001778
0,-0.083863,-0.133586,-0.198199,-0.031509,-0.202141,-0.033454,0.001464,0.002332
0,0.027994,-0.035464,0.134875,0.098144,0.144415,0.05951,0.000489,0.000619
0,0.138998,-0.099737,0.129764,-0.05026,0.125818,-0.037574,0.002426,0.001741
0,0.130072,5.9e-05,0.015002,0.105306,-0.02492,0.095423,0.00227,1e-06
0,0.18512,0.006418,0.03855,0.035812,0.014785,0.037886,0.003231,0.000112
0,-0.025846,-0.194286,-0.205536,-0.225995,-0.229059,-0.268021,0.000451,0.0033
0,0.114975,-0.011452,0.116089,0.206186,0.157717,0.17737,0.002007,0.0002
0,-0.125565,-0.072541,-0.262585,-0.037271,-0.21582,-0.007528,0.002192,0.001266
0,0.105361,0.049217,0.212763,0.100133,0.178898,0.082198,0.001839,0.000859
0,0.022659,0.066082,-0.085166,0.009421,-0.129689,0.055747,0.000395,0.001153
0,-0.137559,-0.175556,-0.154229,-0.243989,-0.159974,-0.196355,0.002401,0.003064
0,-0.082892,-0.104848,0.075113,0.070834,0.028323,0.033645,0.001447,0.00183
0,0.139232,-0.083822,0.196246,0.005894,0.195786,0.013824,0.00243,0.001463
0,0.033594,-0.116576,-0.120413,-0.043919,-0.09101,-0.060013,0.000586,0.002035
0,0.006327,-0.102515,-0.001115,0.011322,-0.01744,0.055727,0.00011,0.001789
0,0.062958,-0.097001,0.071422,-0.02394,0.061065,-0.059506,0.001099,0.001693
0,-0.141664,-0.161301,-0.206696,-0.085006,-0.220523,-0.040181,0.002473,0.002815
0,-0.06117,0.047067,0.099642,0.196671,0.05013,0.185252,0.001068,0.000821
0,-0.19608,-0.029328,-0.106017,-0.053572,-0.148659,-0.02674,0.003269,0.000512
0,-0.091561,-0.047146,0.128201,-0.024898,0.079503,-0.067165,0.001598,0.000823
0,-0.222927,0.087746,-0.154011,0.1437,-0.129347,0.17043,0.0028,0.001531
0,-0.012605,-0.035934,0.229508,-0.121419,0.251811,-0.115629,0.00022,0.000627
0,-0.149788,0.075363,-0.127139,0.096942,-0.11777,0.096155,0.002614,0.001315
0,0.074227,-0.070424,0.224682,-0.121479,0.186859,-0.086962,0.001296,0.001229
0,-0.076351,0.0943,-0.173224,0.137236,-0.162782,0.140572,0.001333,0.001646
0,-0.009449,0.042849,0.058367,-0.079561,0.09044,-0.069631,0.000165,0.000748
0,0.102426,-0.068633,0.132264,-0.0905,0.15068,-0.051791,0.001788,0.001198
0,0.108342,-0.116063,0.035464,-0.056268,0.037525,-0.074616,0.001891,0.002026
0,-0.113301,0.116401,-0.222055,0.204279,-0.178131,0.200485,0.001977,0.002032
0,0.006625,-0.152186,0.096213,-0.287771,0.081331,-0.286144,0.000116,0.002656
0,-0.072833,-0.078591,-0.092615,0.09396,-0.096816,0.126516,0.001271,0.001372
0,-0.052904,0.145086,0.013104,0.205913,-0.002479,0.252326,0.000923,0.002532
0,0.268146,0.067569,0.337272,-0.07921,0.330033,-0.046712,0.002011,0.001179
0,0.053949,0.04033,-0.21767,-0.051502,-0.191911,-0.019744,0.000942,0.000704
0,0.223984,-0.008743,0.175845,-0.067799,0.133865,-0.023333,0.002782,0.000153
0,0.042189,0.060349,-0.210294,0.065721,-0.188801,0.077441,0.000736,0.001053
0,0.1003,-0.115554,0.065559,-0.181545,0.088059,-0.155512,0.001751,0.002017
0,0.189474,0.089704,0.082008,0.192808,0.039211,0.234138,0.003307,0.001566
0,-0.043153,-0.061177,-0.242542,-0.132023,-0.197616,-0.082934,0.000753,0.001068
0,-0.038712,-0.140624,-0.007182,-0.103249,-0.031417,-0.065644,0.000676,0.002454
0,0.085121,0.02307,0.138339,0.148013,0.173699,0.183466,0.001486,0.000403
0,0.066984,-0.016723,-0.019894,-0.044064,-0.027859,-0.038969,0.001169,0.000292
0,0.247033,0.084874,0.195969,0.086703,0.17453,0.096735,0.002379,0.001481
0,0.321794,-0.145928,0.077789,-0.228541,0.050974,-0.197741,0.001074,0.002547
0,0.070944,-0.148138,-0.227265,0.009325,-0.259762,-0.024864,0.001238,0.002586
0,0.08823,0.142571,0.006068,0.303993,-0.02721,0.345032,0.00154,0.002488
0,0.203021,0.034189,0.129234,-0.127402,0.095568,-0.085679,0.003147,0.000597
0,0.137028,0.103187,-0.047677,0.053059,-0.088741,0.06898,0.002392,0.001801
0,0.125484,-0.063773,-0.020627,-0.146541,-0.03125,-0.106831,0.00219,0.001113
0,0.406531,0.066674,0.269182,0.147552,0.221111,0.146354,0.000404,0.001164
0,0.148475,-0.067953,-0.283224,-0.132102,-0.309301,-0.161549,0.002591,0.001186
0,0.10113,-0.165331,-0.046929,-0.123473,0.002862,-0.094663,0.001765,0.002886
0,0.246685,0.079118,0.122929,0.267576,0.108125,0.307193,0.002385,0.001381
0,0.082006,-0.148439,-0.139163,-0.21559,-0.138122,-0.246347,0.001431,0.002591
0,0.145753,-0.066616,0.0742,0.068531,0.044754,0.062014,0.002544,0.001163
0,0.083852,0.079519,-0.072857,0.153461,-0.082555,0.126007,0.001463,0.001388
0,0.333401,0.095794,0.256639,0.03525,0.265977,0.047669,0.000872,0.001672
0,0.157386,-0.074845,-0.204423,-0.194236,-0.219515,-0.201462,0.002747,0.001306
0,0.22607,0.103946,0.051273,0.186033,0.085449,0.214604,0.002745,0.001814
0,0.449734,0.067875,0.237349,-0.021153,0.275961,-0.052192,0.001159,0.001185
0,0.244255,0.119045,-0.224394,0.047824,-0.203286,0.012839,0.002428,0.002078
0,0.291112,0.107941,0.064188,0.017341,0.076595,0.046584,0.00161,0.001884
0,0.438275,-0.112233,0.176866,-0.217645,0.194362,-0.19107,0.000959,0.001959
0,0.298931,0.138516,-0.142586,0.279595,-0.117116,0.277254,0.001473,0.002418
0,0.27726,0.139365,-0.035535,-0.024046,-0.021339,0.017072,0.001852,0.002432
0,0.414402,0.018164,0.124544,-0.095195,0.151436,-0.140851,0.000542,0.000317
0,0.390669,0.062544,-0.029429,0.040294,-0.024453,0.059683,0.000128,0.001092
0,0.463407,-0.035539,0.084728,-0.077797,0.098306,-0.092617,0.001397,0.00062
0,0.459926,0.132361,0.014195,0.194458,0.03833,0.225428,0.001336,0.00231
0,0.464103,0.159016,0.02319,0.019632,0.052986,0.011093,0.001409,0.002775
0,0.25974,-0.068466,-0.212964,-0.21016,-0.181969,-0.238074,0.002157,0.001195
0,0.219052,-0.114311,-0.040234,-0.052436,-0.026369,-0.002684,0.002868,0.001995
0,0.335167,0.059836,0.114464,0.162526,0.118068,0.127483,0.000841,0.001044
0,0.184064,-0.104543,-0.160275,-0.139721,-0.146731,-0.167612,0.003213,0.001825
0,0.162648,0.084266,-0.030324,0.218266,-0.062306,0.227626,0.002839,0.001471
0,0.041513,0.114706,-0.11689,0.029552,-0.107666,-0.00252,0.000725,0.002002
0,0.071868,-0.023662,0.053926,-0.152783,0.046102,-0.161805,0.001254,0.000413
0,0.232065,0.034453,0.165661,0.047389,0.1917,0.077373,0.002641,0.000601
0,0.286254,0.051102,0.034778,-0.001567,0.032567,0.044123,0.001695,0.000892
0,-0.000577,-0.1006,-0.307281,-0.179579,-0.274826,-0.220408,1e-05,0.001756
0,0.163448,-0.085994,0.16825,-0.006803,0.181706,-0.044909,0.002853,0.001501
0,0.044472,-0.050414,-0.144403,0.047682,-0.173227,0.097073,0.000776,0.00088
0,0.177333,0.104799,0.153845,0.14205,0.115821,0.116388,0.003095,0.001829
0,0.108589,0.075052,-0.09083,-0.011525,-0.130487,-0.024989,0.001895,0.00131
0,0.109924,0.129709,0.015247,0.075321,0.054271,0.116868,0.001919,0.002264
0,0.007048,0.061976,-0.10947,-0.093914,-0.130125,-0.067142,0.000123,0.001082
0,0.045547,-0.063184,0.06077,-0.129507,0.100224,-0.14407,0.000795,0.001103
0,-0.046315,0.137379,-0.117125,0.193956,-0.080842,0.168898,0.000808,0.002398
0,0.15862,0.123647,0.220918,0.006794,0.243401,0.040779,0.002768,0.002158
0,0.102227,-0.016233,-0.057561,-0.16173,-0.101269,-0.166808,0.001784,0.000283
0,-2.064604,1.814654,-2.160599,1.85086,-2.177935,1.858097,0.00258,0.001782
0,-3.411868,2.093687,-1.367269,0.278735,-1.369818,0.273109,0.000669,0.003088
0,-4.492127,2.330403,-1.070361,0.240837,-1.056648,0.237661,0.001887,0.000528
0,-4.012561,2.135687,0.46891,-0.208333,0.490819,-0.160627,0.003124,0.00287
0,-3.267292,2.199206,0.767101,0.050057,0.788916,0.079121,0.003192,0.001762
0,-2.319879,1.873383,0.947911,-0.348926,0.939605,-0.330268,0.000345,0.000757
0,-1.383404,1.320529,0.935447,-0.565028,0.96364,-0.570381,0.002618,0.002975
0,-1.032932,1.136071,0.321216,-0.189582,0.275773,-0.14903,0.002044,0.000244
0,-0.380039,0.68658,0.632856,-0.475117,0.656133,-0.51266,5.8e-05,0.001399
0,-0.139847,0.213445,0.220299,-0.463957,0.238831,-0.451961,0.002441,0.002965
0,0.002289,0.159573,0.138355,-0.046741,0.186149,-0.088177,4e-05,0.002785
0,0.292823,0.125619,0.300837,-0.007388,0.324864,-0.007479,0.00158,0.002192
0,0.268081,-0.145501,-0.00995,-0.286247,-0.040665,-0.30036,0.002012,0.002539
0,0.284571,-0.302067,0.022581,-0.1511,0.022319,-0.165837,0.001724,0.001419
0,-1.522519,0.599225,-1.828244,0.923165,-1.796211,0.943082,0.00019,0.002923
0,-1.853841,0.92025,-0.345856,0.305968,-0.367769,0.257125,0.001098,0.00268
0,-2.768339,1.203216,-0.899146,0.265104,-0.859164,0.221523,0.001481,0.000928
0,-2.717201,1.410735,0.06461,0.210475,0.063549,0.21974,0.000588,0.002141
0,-2.954487,1.336971,-0.26086,-0.087406,-0.272942,-0.104181,0.001961,0.003262
0,-2.24677,1.291265,0.702139,-0.040835,0.686055,-0.021396,0.000931,0.002464
0,-1.953203,1.129912,0.276986,-0.156048,0.314291,-0.132382,0.000636,0.000352
0,-1.729509,0.66291,0.211925,-0.474665,0.241205,-0.447597,0.003268,0.001812
0,-1.112498,0.449045,0.633249,-0.227438,0.624215,-0.187889,0.000656,0.001146
0,-0.51774,0.105421,0.619383,-0.337148,0.628418,-0.318878,0.002345,0.00184
0,-0.217034,0.232684,0.312667,0.10587,0.35934,0.149835,0.002903,0.00263
0,0.05407,-0.075867,0.292367,-0.304184,0.275387,-0.30848,0.000944,0.001324
0,0.069843,-0.197074,0.037457,-0.135027,0.045663,-0.152035,0.001219,0.003251
0,0.259211,-0.142661,0.20935,0.06019,0.183566,0.046507,0.002167,0.00249
0,0.321004,-0.297692,0.045781,-0.160065,0.083783,-0.12141,0.001088,0.001495
0,0.3182,-0.112298,-0.000952,0.206975,0.001627,0.176081,0.001137,0.00196
0,-1.21563,0.849231,-1.530907,0.947804,-1.494089,0.959542,0.001144,0.00144
0,-1.581899,1.513309,-0.347834,0.640819,-0.334027,0.597926,0.000846,0.000351
0,-2.128688,1.616084,-0.530429,0.107216,-0.483466,0.126584,0.002992,0.001443
0,-1.789709,1.46419,0.339645,-0.126131,0.328338,-0.166841,0.002218,0.001208
0,-1.688895,1.670443,0.077109,0.211174,0.089798,0.188799,0.002714,0.002391
0,-1.562832,1.50714,0.119468,-0.168549,0.119122,-0.121159,0.000513,0.000459
0,-1.065451,1.427672,0.497273,-0.100693,0.542915,-0.139967,0.001477,0.001846
0,-0.875172,0.970186,0.219325,-0.485781,0.267603,-0.476337,0.001893,0.00314
0,-0.727477,0.715863,0.159685,-0.246851,0.196162,-0.276525,0.000685,0.000887
0,-0.30173,0.514026,0.408416,-0.209799,0.405263,-0.216639,0.001425,0.002281
0,-0.182126,0.183101,0.121444,-0.32077,0.097415,-0.321121,0.003179,0.003196
0,0.043884,-0.091343,0.208586,-0.250373,0.233664,-0.243487,0.000766,0.001594
0,0.044292,0.107789,0.005002,0.195577,0.036672,0.236795,0.000773,0.001881
0,0.06765,0.08628,-0.003283,0.004953,-0.014695,-0.023127,0.001181,0.001506
0,-0.084218,0.121898,-0.146124,0.037525,-0.193697,-0.002931,0.00147,0.002128
0,-0.106496,0.124006,-0.01867,0.002541,-0.030182,0.037703,0.001859,0.002164
0,-0.017865,-0.108614,0.093868,-0.216087,0.059118,-0.178683,0.000312,0.001896
0,0.072062,0.119258,0.084127,0.253866,0.095153,0.263124,0.001258,0.002081
0,0.157078,0.129955,0.096984,0.032886,0.121233,0.007513,0.002742,0.002268
0,-0.023921,0.118231,-0.174832,0.007398,-0.201159,-0.023701,0.000418,0.002064
0,0.118926,0.125661,0.129324,0.012429,0.094266,0.00236,0.002076,0.002193
0,-0.112636,-0.003046,-0.212132,-0.100039,-0.24629,-0.145015,0.001966,5.3e-05
0,-0.114129,0.110317,0.0017,0.139462,-0.045625,0.145255,0.001992,0.001925
0,-0.075368,0.138556,0.053662,0.010251,0.040335,-0.002436,0.001315,0.002418
0,-0.032835,0.015196,0.065312,-0.15062,0.077433,-0.122724,0.000573,0.000265
0,0.02416,0.141863,0.031407,0.121261,0.072582,0.088168,0.000422,0.002476
0,0.054856,-0.039701,0.009709,-0.152205,0.028088,-0.192069,0.000957,0.000693
0,0.044293,0.006519,0.007724,0.038105,0.026833,-0.003123,0.000773,0.000114
0,0.014238,0.03476,-0.046762,0.054809,-0.059788,0.009746,0.000248,0.000607
0,0.041406,-0.0352,0.016735,-0.080612,-0.025196,-0.051722,0.000723,0.000614
0,0.062473,0.120249,0.017099,0.128132,0.053204,0.175742,0.00109,0.002099
0,0.095788,-0.044974,0.050942,-0.14693,0.052646,-0.1152,0.001672,0.000785
0,0.097743,0.043233,0.019114,0.101358,-0.002877,0.123545,0.001706,0.000755
0,-0.061974,-0.093388,-0.176808,-0.111055,-0.187704,-0.101205,0.001082,0.00163
0,0.194983,-0.074481,0.270132,-0.007252,0.220165,-0.03404,0.003288,0.0013
0,0.099643,0.02601,-0.082215,0.121171,-0.043393,0.159181,0.001739,0.000454
0,-0.12731,0.074358,-0.236203,0.033052,-0.195999,0.03148,0.002222,0.001298
0,-0.106367,0.096394,0.038752,0.024826,0.016572,0.053038,0.001856,0.001682
0,-0.005585,0.063735,0.099515,-0.039339,0.147769,-0.081989,9.7e-05,0.001112
0,-0.041634,0.076224,-0.052128,-0.004783,-0.023902,-0.053672,0.000727,0.00133
0,0.065159,-0.026902,0.089358,-0.107571,0.101754,-0.104049,0.001137,0.00047
0,-0.044522,-0.176913,-0.136108,-0.120413,-0.108453,-0.147365,0.000777,0.003088
0,-0.054609,-0.000554,-0.003035,0.155678,-0.052469,0.165334,0.000953,1e-05
0,-0.088794,-0.215939,-0.017908,-0.216661,0.018122,-0.23474,0.00155,0.002922
0,-0.060405,-0.132317,0.01235,0.066045,0.012723,0.084483,0.001054,0.002309
0,0.056558,0.03918,0.121231,0.146654,0.107192,0.139526,0.000987,0.000684
0,-0.19488,0.10877,-0.249259,0.071007,-0.288809,0.084135,0.00329,0.001898
0,-0.06814,0.046362,0.124814,-0.059723,0.158127,-0.087488,0.001189,0.000809
0,-0.159661,0.02651,-0.110873,0.006174,-0.076782,0.038333,0.002787,0.000463
0,-0.021195,0.107541,0.116648,0.093537,0.126439,0.078504,0.00037,0.001877
0,-0.200749,-0.040191,-0.155572,-0.151841,-0.183638,-0.151309,0.003187,0.000701
0,-0.135451,0.027987,0.080742,0.076548,0.113161,0.033527,0.002364,0.000488
0,-0.038108,-0.117122,0.107889,-0.154148,0.086244,-0.107763,0.000665,0.002044
0,-0.143931,0.13275,-0.084276,0.272482,-0.10104,0.231513,0.002512,0.002317
0,-0.066309,0.052158,0.068837,-0.055955,0.051121,-0.100637,0.001157,0.00091
0,-0.04358,0.006386,-0.003206,-0.020985,-0.040563,0.009986,0.000761,0.000111
0,-0.190296,-0.076313,-0.167595,-0.065533,-0.158855,-0.103984,0.003321,0.001332
0,-0.159759,-0.149601,0.022965,-0.069133,0.011147,-0.073904,0.002788,0.002611
0,-0.171599,0.128905,-0.037938,0.280564,-0.087193,0.2624,0.002995,0.00225
0,-0.185701,0.005334,-0.00135,-0.125617,-0.043181,-0.163872,0.003241,9.3e-05
0,-0.175205,-0.139746,-0.001332,-0.148695,-0.047682,-0.128247,0.003058,0.002439
0,-0.106272,0.1474,0.08736,0.298023,0.131528,0.292467,0.001855,0.002573
0,-0.196338,-0.00307,-0.089107,-0.127441,-0.126206,-0.100501,0.003264,5.4e-05
0,-0.103033,0.060906,0.122697,0.088849,0.093987,0.06039,0.001798,0.001063
0,-0.105,-0.072788,-0.005915,-0.135772,0.016825,-0.098883,0.001833,0.00127
0,-0.152056,0.020542,-0.028158,0.085933,-0.066882,0.084058,0.002654,0.000359
0,-0.203027,0.152144,-0.05728,0.157914,-0.054282,0.124949,0.003147,0.002655
0,-0.214444,0.101278,-0.026699,-0.052232,-0.040345,-0.092721,0.002948,0.001768
0,-0.077553,0.138864,0.157503,0.009397,0.185484,-0.011699,0.001354,0.002424
0,-0.064938,-0.065384,-0.010047,-0.191021,-0.044987,-0.174667,0.001133,0.001141
0,-0.122982,-0.021255,-0.044481,0.049753,-0.035027,0.083985,0.002146,0.000371
0,0.135374,0.106752,0.284831,0.110328,0.325003,0.066954,0.002363,0.001863
0,0.156434,0.058561,0.016514,-0.049005,-0.004804,-0.069511,0.00273,0.001022
0,-0.09402,0.101161,-0.26268,0.035728,-0.29611,0.009722,0.001641,0.001766
0,0.009046,0.155772,0.087574,0.044507,0.0387,0.016543,0.000158,0.002719
0,-0.031115,0.087164,-0.055424,-0.092917,-0.019164,-0.127559,0.000543,0.001521
0,0.01612,0.048265,0.075267,-0.043102,0.093983,-0.061733,0.000281,0.000842
0,0.025289,-0.008914,0.034732,-0.069252,0.000104,-0.118844,0.000441,0.000156
0,-0.231666,0.170713,-0.256387,0.202107,-0.250543,0.177392,0.002647,0.002979
0,-0.165353,0.043236,0.079328,-0.137745,0.051565,-0.162,0.002886,0.000755
0,-0.071251,0.198795,0.102581,0.179774,0.068443,0.189391,0.001244,0.003221
0,-0.165,0.153431,-0.098688,-0.037705,-0.147546,-0.086627,0.00288,0.002678
0,-0.172204,0.139767,-0.029599,-0.022473,-0.07315,-0.003145,0.003006,0.002439
0,0.011518,0.015311,0.207339,-0.144548,0.251451,-0.136473,0.000201,0.000267
0,-0.252162,0.01979,-0.239059,-0.002704,-0.210475,-0.000816,0.00229,0.000345
0,-0.296241,0.98913,-0.071865,0.994339,-0.022608,0.959731,0.00152,0.002809
0,-0.19345,1.676401,0.087339,0.682885,0.06528,0.645918,0.003314,0.002495
0,-0.306768,1.972973,-0.133675,0.310224,-0.166082,0.330869,0.001337,0.000981
0,-0.330203,1.959753,-0.029454,-0.001938,-0.021855,0.005435,0.000928,0.00075
0,-0.300709,1.829716,0.036424,-0.101332,0.043428,-0.127901,0.001442,0.00152
0,-0.034606,1.683534,0.286146,-0.130247,0.27422,-0.102356,0.000604,0.00262
0,-0.259791,1.232949,-0.229833,-0.42131,-0.204733,-0.392456,0.002157,0.001447
0,-0.219128,0.739887,0.041052,-0.481479,0.06106,-0.456037,0.002866,0.000468
0,0.145183,0.336146,0.378545,-0.432344,0.408512,-0.407849,0.002534,0.000824
0,0.063067,0.165435,-0.066534,-0.147719,-0.104673,-0.11558,0.001101,0.002887
0,0.123281,-0.142586,0.074595,-0.279087,0.026398,-0.285175,0.002152,0.002489
0,-0.05741,-0.161326,-0.158442,-7.8e-05,-0.199749,-0.0229,0.001002,0.002816
0,0.217532,-0.221519,0.294273,-0.07723,0.264338,-0.060946,0.002894,0.002825
0,-0.066574,-0.12013,-0.255487,0.122138,-0.27526,0.079902,0.001162,0.002097
0,-0.024938,-0.095766,0.028569,0.034162,-0.020832,0.025754,0.000435,0.001671
0,0.060813,-0.005331,0.074849,0.067768,0.057278,0.115357,0.001061,9.3e-05
0,0.000198,-0.177808,-0.041954,-0.152975,-0.076985,-0.121334,3e-06,0.003103
0,0.10648,-0.197138,0.09888,0.004615,0.146173,-0.027545,0.001858,0.00325
0,-0.029493,-0.17021,-0.134886,0.046794,-0.128504,0.029996,0.000515,0.002971
0,0.033898,-0.131713,0.044597,0.050981,-0.003985,0.045028,0.000592,0.002299
0,0.02176,0.021875,-0.003533,0.12993,0.037982,0.126943,0.00038,0.000382
0,-0.081256,-0.01328,-0.083621,-0.039359,-0.109618,-0.058316,0.001418,0.000232
0,0.045975,0.067471,0.103337,0.08467,0.14376,0.085071,0.000802,0.001178
0,0.045551,0.050902,0.0074,-0.025357,0.018441,0.006603,0.000795,0.000888
0,-0.066504,0.079632,-0.133082,0.019376,-0.136904,-0.008261,0.001161,0.00139
0,0.195839,0.142221,0.274384,0.089557,0.275719,0.07572,0.003273,0.002482
0,0.056658,0.077466,-0.119253,-0.050472,-0.155772,-0.035203,0.000989,0.001352
0,-0.075829,-0.047118,-0.131814,-0.113518,-0.140317,-0.096256,0.001323,0.000822
0,-0.1008,0.129096,0.002751,0.181956,0.004249,0.167639,0.001759,0.002253
0,-0.057274,0.005078,0.023206,-0.133019,0.031831,-0.115994,0.001,8.9e-05
0,-0.045572,-0.048442,0.017602,-0.030212,0.019497,-0.058281,0.000795,0.000845
0,0.139489,0.066818,0.18974,0.108593,0.165959,0.069195,0.002435,0.001166
0,-0.050893,-0.034965,-0.192848,-0.090543,-0.157541,-0.130989,0.000888,0.00061
0,-0.125641,0.163014,-0.085579,0.177479,-0.041888,0.215795,0.002193,0.002845
0,0.06364,0.124836,0.204563,-0.045109,0.216211,-0.073499,0.001111,0.002179
0,-0.083492,0.030291,-0.139693,-0.116012,-0.106563,-0.163725,0.001457,0.000529
0,-0.069821,0.175315,-0.003129,0.120144,-0.014225,0.136154,0.001219,0.00306
0,0.027126,0.067903,0.095002,-0.093151,0.126422,-0.140349,0.000473,0.001185
0,-0.208026,0.117226,-0.22543,0.054341,-0.258683,0.044501,0.00306,0.002046
0,0.024224,0.093061,0.218464,-0.013956,0.220707,0.028805,0.000423,0.001624
0,-0.078729,-0.068659,-0.102104,-0.137273,-0.127066,-0.134507,0.001374,0.001198
0,-0.196504,0.142774,-0.14002,0.192504,-0.094624,0.155237,0.003261,0.002492
0,-0.094039,0.019396,0.096037,-0.114158,0.069411,-0.126839,0.001641,0.000339
0,-0.068612,0.151949,0.026311,0.142248,0.034962,0.131637,0.001198,0.002652
0,-0.175176,0.189707,-0.123598,0.053316,-0.123952,0.042629,0.003057,0.003311
0,-0.02601,0.208128,0.175076,0.034813,0.143851,0.079401,0.000454,0.003058
0,-0.15165,0.090752,-0.150662,-0.108845,-0.127199,-0.126396,0.002647,0.001584
0,-0.022395,0.183185,0.111987,0.089652,0.123628,0.076608,0.000391,0.003197
0,-0.107724,-0.105002,-0.067527,-0.317235,-0.097483,-0.27521,0.00188,0.001833
0,0.054403,0.004231,0.154143,0.105954,0.163908,0.109016,0.00095,7.4e-05
0,-0.129413,-0.032629,-0.168219,-0.064924,-0.18144,-0.018313,0.002259,0.000569
0,-0.001588,-0.011491,0.146851,0.001608,0.127858,0.037695,2.8e-05,0.000201
0,0.097278,0.148382,0.072203,0.131957,0.072687,0.163312,0.001698,0.00259
0,0.139108,0.123804,0.0564,-0.02988,0.037878,-0.039255,0.002428,0.002161
0,-0.017607,-0.05609,-0.17115,-0.193065,-0.141643,-0.164848,0.000307,0.000979
0,0.145805,0.103369,0.170097,0.176491,0.132537,0.214985,0.002545,0.001804
0,0.0218,-0.006632,-0.112129,-0.086981,-0.081771,-0.120422,0.00038,0.000116
0,0.077236,0.038087,0.084724,0.067875,0.126893,0.039842,0.001348,0.000665
0,-0.020393,0.033617,-0.116025,-0.025296,-0.144708,-0.040691,0.000356,0.000587
0,0.13682,-0.01122,0.138793,-0.072809,0.183911,-0.024156,0.002388,0.000196
0,-0.032314,0.103335,-0.14651,0.120705,-0.131772,0.101462,0.000564,0.001804
0,-0.093693,-0.074946,-0.081804,-0.151007,-0.118813,-0.160156,0.001635,0.001308
0,-0.065199,0.16901,0.036081,0.228287,0.011599,0.193772,0.001138,0.00295
0,0.045956,0.025186,0.086883,-0.1451,0.125151,-0.181899,0.000802,0.00044
0,-0.019381,-0.014329,-0.052535,-0.052426,-0.009853,-0.022182,0.000338,0.00025
0,-0.22497,0.124705,-0.194256,0.141268,-0.233809,0.147105,0.002764,0.002177
0,-0.233148,0.184434,0.017579,0.083291,-0.022865,0.071126,0.002622,0.003219
0,-0.044996,0.168625,0.215857,0.002176,0.183948,-0.006272,0.000785,0.002943
0,-0.165752,0.139129,-0.135205,-0.043179,-0.144759,-0.024864,0.002893,0.002428
0,0.018892,0.061566,0.184629,-0.073657,0.181029,-0.03749,0.00033,0.001075
0,-0.071636,0.02057,-0.082619,-0.050588,-0.078998,-0.090899,0.00125,0.000359
0,0.078683,0.184421,0.158427,0.175182,0.125427,0.125472,0.001373,0.003219
0,0.012784,0.13822,-0.081424,-0.022961,-0.05043,0.008801,0.000223,0.002412
0,-0.05887,0.164105,-0.046996,0.053715,-0.0856,0.073167,0.001027,0.002864
0,-0.042669,0.001229,-0.004952,-0.134865,0.016145,-0.101499,0.000745,2.1e-05
0,-0.162062,0.166226,-0.138188,0.194445,-0.103729,0.187408,0.002829,0.002901
0,-0.116565,0.022658,0.0255,-0.152642,0.003732,-0.184227,0.002034,0.000395
0,0.108529,0.167673,0.227349,0.141315,0.230752,0.148514,0.001894,0.002926
0,0.16049,-0.052299,0.080438,-0.227052,0.03811,-0.184312,0.002801,0.000913
0,0.060128,0.09435,-0.091726,0.141089,-0.063569,0.128164,0.001049,0.001647
0,-0.072315,0.056054,-0.155623,-0.057496,-0.153177,-0.044399,0.001262,0.000978
0,-0.082553,0.128314,-0.034482,0.047661,-0.031613,0.09723,0.001441,0.00224
0,-0.130115,0.019189,-0.029132,-0.103315,-0.059632,-0.094608,0.002271,0.000335
0,-0.066795,0.110462,0.057633,0.061497,0.099282,0.073321,0.001166,0.001928
0,0.005845,-0.082093,0.088312,-0.219583,0.077056,-0.17592,0.000102,0.001433
0,-0.056873,0.19138,-0.086913,0.24589,-0.098769,0.208471,0.000993,0.00334
0,0.027351,0.010827,0.095665,-0.185139,0.050665,-0.219285,0.000477,0.000189
0,0.035335,0.007258,0.020616,-0.018185,0.06222,0.000232,0.000617,0.000127
0,0.129238,0.018103,0.097337,0.027964,0.060684,0.030096,0.002256,0.000316
0,0.00409,0.025369,-0.127338,-0.017135,-0.124378,-0.023619,7.1e-05,0.000443
0,0.188996,0.076703,0.160057,0.03229,0.1334,-0.002334,0.003299,0.001339
0,0.00894,-0.021591,-0.191863,-0.088044,-0.152774,-0.043249,0.000156,0.000377
0,0.022725,-0.086605,-9.7e-05,-0.094951,0.015393,-0.058576,0.000397,0.001512
0,0.038607,0.12761,-0.013018,0.232537,-0.021998,0.252944,0.000674,0.002227
0,-0.08726,0.05224,-0.152416,-0.09798,-0.15335,-0.048085,0.001523,0.000912
0,-0.060218,-0.042979,0.048176,-0.124708,0.073695,-0.119213,0.001051,0.00075
0,-0.149165,-0.031927,-0.059936,-0.000328,-0.10602,-0.006082,0.002603,0.000557
0,-0.10119,-0.127193,0.027217,-0.09767,-0.009468,-0.12792,0.001766,0.00222
0,0.050985,-0.077141,0.124681,0.056517,0.133359,0.021065,0.00089,0.001346
0,0.045743,-0.102663,-0.033443,-0.025576,-0.073833,-0.039654,0.000798,0.001792
0,0.015512,-0.071485,-0.021664,0.029531,0.018871,0.00941,0.000271,0.001248
0,-0.113013,-0.050549,-0.131899,0.041433,-0.17423,0.057834,0.001972,0.000882
0,0.025437,-0.0026,0.136516,0.076242,0.119561,0.117438,0.000444,4.5e-05
0,-0.041508,0.002409,-0.044735,-0.01715,-0.029594,-0.031086,0.000724,4.2e-05
0,0.027391,0.119833,0.052972,0.088123,0.091892,0.076759,0.000478,0.002091
0,-0.105195,0.100717,-0.152981,-0.040846,-0.112934,-0.009014,0.001836,0.001758
0,0.035805,0.171879,0.132459,0.049508,0.162735,0.026405,0.000625,0.003
0,0.077862,0.227965,0.02747,0.039628,0.050393,-0.001886,0.001359,0.002712
0,0.030147,0.031243,-0.062608,-0.201149,-0.070921,-0.191708,0.000526,0.000545
0,-0.06522,0.047606,-0.073688,-0.00736,-0.035489,0.022498,0.001138,0.000831
0,-0.093468,0.080604,-0.00286,0.057687,-0.016972,0.08274,0.001631,0.001407
0,-0.020342,0.050817,0.09744,-0.002259,0.052691,0.009339,0.000355,0.000887
0,-0.07636,0.009421,-0.068457,-0.06551,-0.095953,-0.069548,0.001333,0.000164
0,0.000123,0.13453,0.072419,0.12759,0.081581,0.162313,2e-06,0.002348
0,0.020514,0.158918,0.031203,0.028016,0.01575,0.022055,0.000358,0.002774
0,-0.12029,0.075254,-0.138042,-0.086172,-0.141893,-0.081691,0.002099,0.001313
0,0.083978,0.083615,0.185063,-0.020408,0.167959,-0.012505,0.001466,0.001459
0,0.021241,0.068501,-0.075258,-0.003738,-0.091517,0.001034,0.000371,0.001196
0,0.06423,0.024712,0.05144,-0.042071,0.081725,-0.063274,0.001121,0.000431
0,0.105892,0.092126,0.0198,0.063097,0.063642,0.028376,0.001848,0.001608
0,-0.028182,-0.093707,-0.106301,-0.194898,-0.093954,-0.235903,0.000492,0.001635
0,0.108172,-0.059049,0.154512,0.045732,0.152689,0.010915,0.001888,0.001031
0,-0.005737,0.098594,-0.140815,0.174037,-0.17248,0.135547,0.0001,0.001721
0,0.022556,0.071618,0.056125,-0.000839,0.028171,-0.009457,0.000394,0.00125
0,-0.050555,-0.106672,-0.086996,-0.183625,-0.08157,-0.181592,0.000882,0.001862
0,-0.100352,-0.0481,-0.077138,0.044733,-0.096108,0.069375,0.001751,0.00084
0,0.020734,-0.063025,0.147402,0.01455,0.140721,0.044407,0.000362,0.0011
0,0.160904,-0.015558,0.12804,0.039462,0.162223,0.038625,0.002808,0.000272
0,-0.097023,0.10138,-0.267387,0.14679,-0.294355,0.098581,0.001693,0.001769
0,-0.034567,-0.032614,0.038211,-0.138534,0.086542,-0.120423,0.000603,0.000569
0,-0.120123,0.051679,-0.070671,0.079333,-0.038958,0.032817,0.002097,0.000902
0,-0.060221,0.019009,0.07368,-0.004105,0.061854,-0.0249,0.001051,0.000332
0,0.010421,-0.137409,0.059677,-0.184839,0.018483,-0.145573,0.000182,0.002398
0,-0.032227,-0.037921,-0.047876,0.121443,-0.086446,0.109693,0.000562,0.000662
0,0.036781,-0.04669,0.094736,-0.036646,0.110424,-0.0741,0.000642,0.000815
0,-0.21639,-0.09951,-0.240951,-0.026216,-0.244403,-0.011243,0.002914,0.001737
0,-0.217164,0.059547,-0.017321,0.184581,-0.026531,0.137823,0.002901,0.001039
0,-0.194367,-0.029176,0.014328,-0.088343,0.061535,-0.125458,0.003298,0.000509
0,-0.201301,-0.074748,-0.023687,-0.047941,0.025244,-0.057646,0.003177,0.001305
0,-0.014547,-0.161807,0.203339,-0.083375,0.197518,-0.109757,0.000254,0.002824
0,-0.102457,0.014279,-0.094035,0.154608,-0.115983,0.115077,0.001788,0.000249
0,-0.204935,0.088128,-0.120121,0.101008,-0.106924,0.097594,0.003114,0.001538
0,0.053195,-0.000422,0.24038,-0.06423,0.280147,-0.032179,0.000928,7e-06
0,-0.120586,0.04954,-0.147587,0.031683,-0.125266,0.008497,0.002105,0.000865
0,-0.032328,0.099827,0.11245,0.046331,0.125036,0.070931,0.000564,0.001742
0,-0.009195,-0.112693,0.049177,-0.216067,0.094218,-0.237921,0.00016,0.001967
0,0.068515,-0.125218,0.074918,-0.040478,0.113855,-0.023902,0.001196,0.002185
0,-0.026422,-0.03895,-0.10628,0.107853,-0.137375,0.091541,0.000461,0.00068
0,0.077208,0.045964,0.108116,0.108926,0.148776,0.107151,0.001348,0.000802
0,0.108414,0.106517,0.047745,0.038536,0.054781,0.018842,0.001892,0.001859
0,-0.137462,0.078254,-0.234497,-0.00919,-0.27795,-0.038304,0.002399,0.001366
0,-0.065398,0.074989,0.062201,0.007901,0.052059,0.021086,0.001141,0.001309
0,0.138884,0.001443,0.19108,-0.101456,0.202833,-0.124129,0.002424,2.5e-05
0,0.048185,-0.030286,-0.072143,-0.054101,-0.05477,-0.02218,0.000841,0.000529
0,-0.058124,-0.08953,-0.097891,-0.081833,-0.110037,-0.059681,0.001014,0.001563
0,0.077081,-0.029517,0.159838,0.086423,0.130714,0.109402,0.001345,0.000515
0,0.032547,-0.062558,-0.018399,-0.056238,-0.032553,-0.020686,0.000568,0.001092
0,0.038383,-0.111693,-0.000322,-0.061233,0.024364,-0.093483,0.00067,0.001949
0,-0.032602,-0.034967,-0.077376,0.094447,-0.122615,0.09092,0.000569,0.00061
0,0.099716,0.108743,0.160569,0.143704,0.20419,0.15168,0.00174,0.001898
0,0.131795,-0.153515,0.034517,-0.263899,0.031871,-0.284831,0.0023,0.002679
0,0.028497,-0.113538,-0.130634,0.018702,-0.122464,0.005793,0.000497,0.001982
0,-0.063974,-0.058715,-0.102658,0.079712,-0.061198,0.07209,0.001117,0.001025
0,-0.041404,0.144118,0.024567,0.204822,-0.01623,0.198166,0.000723,0.002515
0,0.037672,0.131767,0.065718,0.002388,0.065871,0.018095,0.000657,0.0023
0,-0.097008,0.032544,-0.105078,-0.078418,-0.077527,-0.10624,0.001693,0.000568
0,0.065601,0.019546,0.153633,0.008794,0.159628,0.049251,0.001145,0.000341
0,0.110105,-0.081524,0.066535,-0.076544,0.02469,-0.106449,0.001922,0.001423
0,-0.027375,-0.096341,-0.161949,0.001134,-0.205353,0.038627,0.000478,0.001681
0,0.043989,0.062964,0.097795,0.141632,0.06301,0.11656,0.000768,0.001099
0,0.031768,-0.122731,-0.018124,-0.189926,0.003995,-0.193271,0.000554,0.002142
0,-0.141288,0.062456,-0.172102,0.200671,-0.153722,0.19193,0.002466,0.00109
0,-0.018378,-0.050719,0.145344,-0.11573,0.188415,-0.067395,0.000321,0.000885
0,0.15152,-0.05661,0.192026,-0.027941,0.233404,-0.016011,0.002645,0.000988
0,-0.083231,0.02339,-0.261325,0.096478,-0.261524,0.09547,0.001453,0.000408
0,-0.073929,0.015833,0.019001,0.014861,0.066913,0.028166,0.00129,0.000276
0,0.188739,-0.136148,0.234547,-0.126808,0.207146,-0.15558,0.003294,0.002376
0,0.00181,-0.147194,-0.179367,-0.001734,-0.159853,-0.030647,3.2e-05,0.002569
0,0.027952,0.009,0.007503,0.179042,-0.00719,0.220718,0.000488,0.000157
0,0.113792,-0.0677,0.071935,-0.082344,0.05426,-0.082173,0.001986,0.001182
0,0.149564,-0.127262,0.031698,-0.079128,0.024671,-0.089985,0.00261,0.002221
0,0.210874,-0.07201,0.057381,0.041741,0.087926,0.029133,0.00301,0.001257
0,0.131419,-0.039207,-0.077483,0.038849,-0.069707,0.004144,0.002294,0.000684
0,0.075547,0.071868,-0.031687,0.09361,-0.040059,0.130929,0.001319,0.001254
0,0.141617,-0.082126,0.092113,-0.182693,0.047204,-0.206676,0.002472,0.001433
0,0.121208,0.1167,-0.028966,0.223105,-0.006372,0.219822,0.002115,0.002037
0,0.251445,-0.01728,0.128526,-0.105888,0.112227,-0.123572,0.002302,0.000302
0,0.156926,-0.117773,-0.11478,-0.07783,-0.147193,-0.078175,0.002739,0.002056
0,0.016217,-0.157149,-0.168327,-0.027601,-0.124036,-0.056448,0.000283,0.002743
0,0.129447,0.104266,0.134799,0.253686,0.16603,0.245443,0.002259,0.00182
0,0.11151,-0.107126,-0.0355,-0.233581,-0.029941,-0.18678,0.001946,0.00187
0,0.232571,-0.104264,0.144981,0.030263,0.175825,0.026339,0.002632,0.00182
0,0.24969,-0.15068,0.032409,-0.026648,0.057151,-0.018885,0.002333,0.00263
0,0.2317,-0.059112,0.010202,0.101389,0.030922,0.145769,0.002647,0.001032
0,0.135953,0.123054,-0.096918,0.156042,-0.102588,0.114717,0.002373,0.002148
0,0.178101,-0.096395,0.020215,-0.229626,0.005785,-0.200688,0.003108,0.001682
0,0.204019,0.128206,0.036336,0.199676,-0.004717,0.174226,0.00313,0.002238
0,0.074765,0.09936,-0.117447,-0.048396,-0.09905,-0.049726,0.001305,0.001734
0,0.124165,-0.003206,0.036436,-0.076748,0.023233,-0.060817,0.002167,5.6e-05
0,0.011034,-0.036032,-0.100574,-0.023716,-0.142529,-0.036723,0.000193,0.000629
0,0.146778,0.033338,0.139136,0.073588,0.090047,0.080699,0.002562,0.000582
0,0.214115,0.071393,0.068921,0.034011,0.10472,0.034393,0.002954,0.001246
0,0.133082,-0.047009,-0.076828,-0.115894,-0.027108,-0.117779,0.002323,0.00082
0,0.099276,-0.064429,-0.035509,-0.008471,-0.070603,-0.009583,0.001733,0.001124
0,0.078931,-0.04734,-0.005267,0.034385,0.008704,0.08052,0.001378,0.000826
0,0.099236,0.074668,0.038744,0.133428,0.058404,0.101487,0.001732,0.001303
0,0.040894,0.056756,-0.048255,-0.045966,-0.029339,-0.063113,0.000714,0.000991
0,-0.053299,0.095138,-0.115276,0.014894,-0.129353,-0.005831,0.00093,0.00166
0,0.054129,-0.105022,0.107447,-0.200459,0.114108,-0.177352,0.000945,0.001833
0,0.181363,0.016606,0.138985,0.098499,0.169209,0.101856,0.003165,0.00029
0,-0.012501,0.090853,-0.223605,0.061265,-0.203579,0.080586,0.000218,0.001586
0,0.003556,-0.133487,0.039267,-0.244362,0.040006,-0.210256,6.2e-05,0.00233
0,0.227712,-0.062974,0.213395,0.07282,0.167289,0.059504,0.002716,0.001099
0,0.1339,0.099327,-0.09794,0.155923,-0.107475,0.10799,0.002337,0.001734
0,-0.062918,-0.045849,-0.219331,-0.170167,-0.182667,-0.165312,0.001098,0.0008
0,-0.048804,0.052504,0.025535,0.110831,-0.002589,0.110106,0.000852,0.000916
0,0.175356,0.108172,0.211263,0.082415,0.168166,0.038396,0.003061,0.001888
0,0.153335,-0.019662,-0.016099,-0.121471,-0.023558,-0.092188,0.002676,0.000343
0,0.070487,-0.138335,-0.107178,-0.110002,-0.063936,-0.081419,0.00123,0.002414
0,0.274726,-0.036726,0.191583,0.098887,0.184947,0.096997,0.001896,0.000641
0,0.08853,0.114434,-0.163645,0.169979,-0.156397,0.131422,0.001545,0.001997
0,0.193233,0.031034,0.118483,-0.11091,0.140069,-0.122132,0.003318,0.000542
0,-0.013522,-0.091484,-0.190832,-0.122348,-0.240039,-0.130071,0.000236,0.001597
0,0.253008,-0.135038,0.270064,-0.071199,0.287177,-0.025319,0.002275,0.002357
0,0.091315,-0.068546,-0.166731,0.079657,-0.179978,0.101025,0.001594,0.001196
0,0.02324,0.006995,-0.045834,0.094022,-0.028552,0.09482,0.000406,0.000122
0,-0.16665,0.018278,-0.162451,-0.005002,-0.211711,-0.013035,0.002909,0.000319
0,0.004624,-0.16804,0.153007,-0.2163,0.164176,-0.245417,8.1e-05,0.002933
0,0.0179,0.013726,-0.001363,0.164183,-0.002268,0.15197,0.000312,0.00024
0,-0.0266,0.086576,-0.025836,0.100394,-0.055662,0.107376,0.000464,0.001511
0,0.015433,-0.121387,0.043621,-0.223758,0.083709,-0.17859,0.000269,0.002119
0,-0.196551,0.077328,-0.224616,0.208451,-0.190576,0.181314,0.00326,0.00135
0,-0.114217,0.049513,0.104603,-0.038866,0.068394,-0.00081,0.001993,0.000864
0,0.006217,-0.09252,0.098193,-0.169307,0.106305,-0.179988,0.000109,0.001615
0,-0.071328,0.052276,-0.082362,0.160277,-0.123527,0.198065,0.001245,0.000912
0,-0.13772,0.070686,-0.065318,-0.008735,-0.025858,0.002437,0.002404,0.001234
0,0.064157,-0.171694,0.229859,-0.233347,0.242064,-0.275842,0.00112,0.002997
0,-0.017336,-0.130066,-0.098149,0.062107,-0.125674,0.077978,0.000303,0.00227
0,-0.109213,0.093278,-0.075549,0.210375,-0.088349,0.168359,0.001906,0.001628
0,-0.184722,0.039202,-0.048926,-0.077933,-0.074549,-0.100402,0.003224,0.000684
0,0.033544,0.001674,0.205357,-0.025058,0.250773,-0.023597,0.000585,2.9e-05
0,0.057658,-0.000235,0.052074,0.027754,0.097536,-0.016703,0.001006,4e-06
0,0.064821,-0.143148,-0.010504,-0.123046,0.011051,-0.138102,0.001131,0.002498
0,-0.149639,-0.124085,-0.203919,-0.004543,-0.235855,0.034615,0.002612,0.002166
0,0.069533,-0.133075,0.197016,-0.029366,0.148711,0.002245,0.001214,0.002323
0,0.006635,0.054839,-0.047014,0.186275,-0.031999,0.166635,0.000116,0.000957
0,-0.166821,-0.039769,-0.200945,-0.114285,-0.164892,-0.137995,0.002912,0.000694
0,-0.126115,-0.016,0.045874,0.027672,0.020233,0.058873,0.002201,0.000279
0,-0.011746,-0.184312,0.117998,-0.148639,0.118855,-0.135843,0.000205,0.003217
0,0.042451,-0.003928,0.074875,0.177368,0.042824,0.169667,0.000741,6.9e-05
0,-0.058675,0.086428,-0.098495,0.094225,-0.116665,0.047656,0.001024,0.001508
0,0.068017,-0.056955,0.143569,-0.161557,0.108094,-0.166066,0.001187,0.000994
0,0.078668,-0.094269,0.007185,-0.052149,0.001415,-0.08483,0.001373,0.001645
0,0.016801,0.030965,-0.078363,0.151103,-0.046153,0.102305,0.000293,0.00054
0,-0.080412,0.011815,-0.121702,-0.005523,-0.158157,-0.049994,0.001403,0.000206
0,-0.012052,0.018398,0.057261,-0.006451,0.009898,0.037394,0.00021,0.000321
0,-0.159952,-0.08582,-0.160996,-0.100429,-0.196898,-0.147345,0.002792,0.001498
0,-0.094933,0.082523,0.041345,0.178504,0.067778,0.20771,0.001657,0.00144
0,-0.122271,-0.014896,-0.052461,-0.125943,-0.064756,-0.160552,0.002134,0.00026
0,-0.196442,-0.047058,-0.051634,-0.049911,-0.004602,-0.076367,0.003262,0.000821
0,-0.019976,0.07463,0.177975,0.116735,0.208587,0.098013,0.000349,0.001303
0,-0.03516,-0.010443,-0.029785,-0.087758,-0.060397,-0.132084,0.000614,0.000182
0,-0.143147,0.015607,-0.109884,0.043241,-0.133259,0.024324,0.002498,0.000272
0,0.062804,0.052155,0.198348,0.056501,0.220792,0.037446,0.001096,0.00091
0,0.052283,-0.094044,-0.033952,-0.127008,-0.009134,-0.099667,0.000913,0.001641
0,-0.027584,-0.039671,-0.096644,0.046911,-0.123375,0.003705,0.000481,0.000692
0,0.095394,0.02693,0.135591,0.058709,0.164272,0.030284,0.001665,0.00047
0,-0.077152,0.111337,-0.183305,0.063115,-0.14142,0.014725,0.001347,0.001943
0,0.093379,0.079345,0.18566,-0.033354,0.148089,-0.054941,0.00163,0.001385
0,-0.002076,0.035923,-0.067349,-0.034944,-0.018317,-0.069579,3.6e-05,0.000627
0,0.067813,0.135208,0.094738,0.117007,0.047221,0.136771,0.001184,0.00236
0,-0.874693,-0.822538,-0.918313,-0.947614,-0.885699,-0.967985,0.001885,0.000974
0,-1.934892,-1.163195,-1.086455,-0.320952,-1.084424,-0.322616,0.000316,0.000229
0,-1.8399,-1.30149,0.102581,-0.108468,0.077877,-0.141594,0.001342,0.002643
0,-1.759068,-1.13276,0.093381,0.159384,0.106062,0.206857,0.002753,0.000302
0,-1.389591,-0.949377,0.352698,0.164891,0.347858,0.167958,0.00251,0.003188
0,-1.138588,-0.485438,0.229225,0.440157,0.247506,0.448973,0.0002,0.001782
0,-0.621722,-0.558715,0.523234,-0.099482,0.496411,-0.117734,0.002531,0.003061
0,-0.315567,-0.516854,0.305258,0.020398,0.30972,-0.025522,0.001183,0.00233
0,-0.117907,-0.410509,0.189427,0.116146,0.197866,0.138573,0.002058,0.000474
0,-0.198416,-0.217984,-0.08118,0.189582,-0.063332,0.20937,0.003228,0.002886
0,-0.110549,0.034561,0.112245,0.274942,0.096189,0.274751,0.001929,0.000603
0,0.09286,0.02056,0.23188,-0.012874,0.187344,-0.023611,0.001621,0.000359
0,0.187996,0.134324,0.105729,0.14007,0.086172,0.151525,0.003281,0.002344
0,0.182713,0.249385,0.010067,0.139629,-0.016639,0.109957,0.003189,0.002338
0,0.210574,0.036591,0.001991,-0.185672,0.014306,-0.189005,0.003016,0.000639
0,0.052316,0.083456,-0.158817,0.023603,-0.199336,0.065462,0.000913,0.001457
0,0.076114,0.182076,0.051013,0.077552,0.093577,0.031063,0.001328,0.003178
0,0.121592,0.040155,0.048698,-0.142531,0.00078,-0.167784,0.002122,0.000701
0,0.152501,0.074102,0.050453,0.040045,0.075126,0.03249,0.002662,0.001293
0,0.1359,0.207102,0.005922,0.144861,0.006863,0.148183,0.002372,0.003076
0,0.038233,0.10482,-0.104924,-0.128308,-0.09042,-0.13692,0.000667,0.001829
0,0.189385,-0.017769,0.178472,-0.102078,0.142793,-0.094722,0.003305,0.00031
0,0.109124,0.14299,-0.072571,0.162833,-0.087778,0.132025,0.001905,0.002496
0,0.07793,0.086533,-0.012274,-0.055735,-0.033864,-0.104338,0.00136,0.00151
0,0.173066,-0.050571,0.119217,-0.139419,0.160415,-0.120686,0.003021,0.000883
0,-0.046326,0.12761,-0.197836,0.207403,-0.196008,0.251647,0.000809,0.002227
0,0.074859,0.07654,0.133419,-0.056876,0.16362,-0.074847,0.001307,0.001336
0,0.068198,0.052953,0.008863,-0.046278,0.001891,-0.052569,0.00119,0.000924
0,-0.103224,-0.025131,-0.141966,-0.10412,-0.153637,-0.133852,0.001802,0.000439
0,-0.09162,0.050855,0.000275,0.084851,-0.002618,0.082991,0.001599,0.000888
0,-0.128959,0.143761,-0.067041,0.090887,-0.083295,0.081273,0.002251,0.002509
0,-0.228078,-0.096139,-0.077411,-0.226146,-0.123672,-0.273915,0.00271,0.001678
0,-0.01452,0.050625,0.21332,0.117446,0.250424,0.161042,0.000253,0.000884
0,0.009162,0.083729,0.034004,0.033214,0.051258,-0.000476,0.00016,0.001461
0,0.037441,0.072989,0.040564,0.018034,0.01523,-0.01631,0.000653,0.001274
0,0.07789,0.039568,0.049873,-0.023186,0.065271,-0.021316,0.001359,0.000691
0,-0.014863,-0.014383,-0.086175,-0.053589,-0.060956,-0.077636,0.000259,0.000251
0,0.042822,0.09122,0.05726,0.105119,0.012962,0.075818,0.000747,0.001592
0,-0.204435,0.015949,-0.273909,-0.056218,-0.29131,-0.062702,0.003123,0.000278
0,-0.080492,-0.013919,0.1024,-0.05646,0.139083,-0.089149,0.001405,0.000243
0,0.045414,-0.034921,0.09992,-0.016516,0.106615,-0.004277,0.000793,0.000609
0,0.020764,-0.013615,-0.053691,0.049565,-0.018253,0.052199,0.000362,0.000238
0,-0.108168,-0.109255,-0.099233,-0.082194,-0.119367,-0.11168,0.001888,0.001907
0,-0.096282,0.123263,-0.014802,0.205202,-0.022825,0.251757,0.00168,0.002151
0,-0.172691,0.025556,-0.103137,-0.126371,-0.081355,-0.092841,0.003014,0.000446
0,-0.214864,-0.140836,-0.016518,-0.145672,-0.064479,-0.163919,0.002941,0.002458
0,-0.027421,0.059606,0.175043,0.225642,0.209317,0.227295,0.000479,0.00104
0,-0.073842,-0.149468,-0.051102,-0.194044,-0.07289,-0.179972,0.001289,0.002609
0,0.066906,0.127136,0.132136,0.270727,0.110688,0.252901,0.001168,0.002219
0,-0.045821,-0.001638,-0.131064,-0.105425,-0.125586,-0.064391,0.0008,2.9e-05
0,-0.030007,0.025448,-0.004579,0.010624,0.023104,0.052654,0.000524,0.000444
0,-0.184348,0.110743,-0.178142,0.09222,-0.197618,0.042636,0.003217,0.001933
0,-0.31017,-0.060529,-0.134487,-0.172164,-0.131584,-0.190686,0.001277,0.001056
0,-0.621928,-0.279039,-0.282629,-0.235627,-0.277485,-0.254715,0.002527,0.001821
0,-0.384885,-0.257819,0.207695,-0.000438,0.168372,0.030948,2.7e-05,0.002191
0,-0.316443,-0.245386,0.041889,0.022631,0.008805,0.027385,0.001168,0.002408
0,-0.31115,-0.204722,-0.000411,0.017323,0.042823,0.018504,0.00126,0.003118
0,-0.26764,-0.143077,0.073057,0.083263,0.114616,0.087794,0.00202,0.002497
0,-0.136736,-0.091709,0.108142,0.075974,0.061705,0.119406,0.002386,0.001601
0,-0.222241,-0.092074,-0.093684,0.015533,-0.083641,0.010044,0.002812,0.001607
0,-0.121964,0.119185,0.108299,0.215836,0.115984,0.215072,0.002129,0.00208
0,0.019513,0.06982,0.13848,-0.03044,0.090519,-0.076773,0.000341,0.001219
0,0.184303,-0.04957,0.179569,-0.100511,0.196997,-0.150031,0.003217,0.000865
0,-0.02537,0.123992,-0.231017,0.192486,-0.26009,0.145463,0.000443,0.002164
0,0.17194,-0.11091,0.203085,-0.263702,0.233935,-0.295222,0.003001,0.001936
0,0.152475,0.116762,0.003933,0.223303,0.037564,0.201795,0.002661,0.002038
0,-0.018377,-0.080294,-0.192926,-0.200168,-0.187665,-0.224996,0.000321,0.001401
0,-0.012845,0.048641,0.009855,0.144729,0.028745,0.151706,0.000224,0.000849
0,0.051163,-0.081882,0.037072,-0.152501,0.019534,-0.105984,0.000893,0.001429
0,0.053536,0.134887,-0.020574,0.244726,-0.017135,0.224275,0.000934,0.002354
0,0.226123,-0.103763,0.161247,-0.23222,0.152117,-0.189405,0.002744,0.001811
0,0.038027,0.093703,-0.190441,0.225165,-0.200284,0.23776,0.000664,0.001635
0,0.123816,0.071139,0.059413,-0.006206,0.064712,0.000245,0.002161,0.001242
0,-0.005111,0.102411,-0.155699,0.024842,-0.187562,-0.010702,8.9e-05,0.001787
0,0.088733,0.084142,0.121298,-0.018592,0.138166,-0.067503,0.001549,0.001469
0,0.235654,0.108444,0.123157,0.054049,0.152605,0.095382,0.002578,0.001893
0,0.120815,-0.016251,-0.128212,-0.149637,-0.112797,-0.17953,0.002109,0.000284
0,-0.015203,9.5e-05,-0.166,0.042047,-0.172093,0.031244,0.000265,2e-06
0,0.13051,0.131626,0.162128,0.152962,0.148141,0.129567,0.002278,0.002297
0,0.155547,-0.084231,0.053809,-0.211321,0.084155,-0.193925,0.002715,0.00147
0,0.005424,-0.030122,-0.156039,0.070317,-0.150454,0.048924,9.5e-05,0.000526
0,0.045102,-0.058731,0.018436,-0.050759,-0.005364,-0.013881,0.000787,0.001025
0,0.194443,-0.031249,0.175219,0.032536,0.142461,-0.005452,0.003297,0.000545
0,0.038831,0.153207,-0.160252,0.155865,-0.129442,0.134347,0.000678,0.002674
0,0.052892,0.160472,0.040737,0.00048,0.001878,0.01969,0.000923,0.002801
0,0.312678,0.107337,0.272083,-0.077868,0.320116,-0.125173,0.001234,0.001873
0,0.155325,-0.064711,-0.172366,-0.183772,-0.170471,-0.212652,0.002711,0.001129
0,0.225316,0.11481,0.082928,0.188458,0.044037,0.191915,0.002758,0.002004
0,0.18349,0.138342,-0.070255,0.040144,-0.103286,-0.004903,0.003203,0.002415
0,0.234689,0.091995,0.028844,-0.062783,0.005237,-0.070417,0.002595,0.001606
0,-0.018202,0.081096,-0.230191,-0.038815,-0.212889,-0.028692,0.000318,0.001415
0,0.053379,0.038273,0.088042,-0.06577,0.065346,-0.047212,0.000932,0.000668
0,0.053664,0.167255,0.016516,0.106765,0.045905,0.10236,0.000937,0.002919
0,0.070742,0.189443,0.045509,0.000229,0.063367,0.010114,0.001235,0.003306
0,0.148879,-0.088637,0.070392,-0.307677,0.064811,-0.278931,0.002598,0.001547
0,0.030483,-0.088586,-0.119159,0.022208,-0.16189,0.028662,0.000532,0.001546
0,0.050802,0.046023,-0.005069,0.157914,-0.006123,0.176151,0.000887,0.000803
0,0.185693,0.157184,0.142693,0.104504,0.152932,0.142366,0.003241,0.002743
0,0.017778,0.081948,-0.194101,-0.0625,-0.184342,-0.083602,0.00031,0.00143
0,0.154622,0.10334,0.145542,0.032482,0.122695,0.037019,0.002699,0.001804
0,0.074684,-0.101868,-0.082877,-0.20738,-0.128879,-0.198976,0.001303,0.001778
0,0.18622,-0.016311,0.096555,0.105549,0.142166,0.155107,0.00325,0.000285
0,0.049684,0.083783,-0.152018,0.123138,-0.174192,0.126399,0.000867,0.001462
0,0.118212,0.100103,0.084189,-0.006649,0.045028,0.033447,0.002063,0.001747
0,0.197475,0.006572,0.063454,-0.106323,0.061957,-0.119141,0.003244,0.000115
0,-0.018518,-0.129953,-0.230555,-0.117451,-0.241673,-0.156033,0.000323,0.002268
0,-0.032233,0.091728,-0.018947,0.237534,0.019784,0.261306,0.000563,0.001601
0,0.018304,-0.05601,0.07948,-0.167583,0.075399,-0.188859,0.000319,0.000978
0,0.163389,0.101579,0.171211,0.131679,0.127669,0.110843,0.002852,0.001773
0,0.033193,-0.099794,-0.115988,-0.230036,-0.157526,-0.201958,0.000579,0.001742
0,-0.083781,0.013948,-0.097831,0.102934,-0.103798,0.134143,0.001462,0.000243
0,0.164691,-0.121404,0.227669,-0.160378,0.247195,-0.180789,0.002874,0.002119
0,0.02089,0.090384,-0.172689,0.238792,-0.180281,0.263358,0.000365,0.001577
0,-0.016492,0.079947,-0.018835,-2.2e-05,-0.005839,0.027608,0.000288,0.001395
0,-0.068735,0.007959,-0.049808,-0.048876,-0.039162,-0.055951,0.0012,0.000139
0,-0.111905,-0.031636,-0.031536,-0.063648,-0.001027,-0.101712,0.001953,0.000552
0,-0.150976,-0.147576,-0.067631,-0.119076,-0.088521,-0.126206,0.002635,0.002576
0,-0.0999,-0.09541,0.053264,0.056734,0.082599,0.0948,0.001744,0.001665
0,-0.098702,-0.000819,-0.026794,0.083275,0.001867,0.049162,0.001723,1.4e-05
0,0.051305,0.117431,0.131863,0.124372,0.168333,0.105596,0.000895,0.00205
0,0.022564,0.013444,-0.037724,-0.13211,-0.082684,-0.127084,0.000394,0.000235
0,0.149453,-0.101622,0.135067,-0.108407,0.08704,-0.122217,0.002608,0.001774
0,0.109598,0.04944,-0.018194,0.179445,-0.035795,0.224897,0.001913,0.000863
0,0.194127,-0.059927,0.082025,-0.105774,0.091423,-0.147431,0.003303,0.001046
0,0.076137,0.072073,-0.127217,0.158462,-0.090106,0.132184,0.001329,0.001258
0,0.123241,-0.070707,0.076672,-0.168405,0.089963,-0.17537,0.002151,0.001234
0,-0.156724,0.130053,-0.276102,0.205141,-0.246282,0.21788,0.002735,0.00227
0,0.011451,0.127036,0.178425,0.017148,0.189286,0.041046,0.0002,0.002217
0,0.084879,0.042736,0.082674,-0.10046,0.066783,-0.074991,0.001481,0.000746
0,0.081338,0.086539,0.021241,0.06219,0.0685,0.10538,0.00142,0.00151
0,0.063427,-0.132356,-0.045899,-0.198564,0.000541,-0.162909,0.001107,0.00231
0,0.125106,0.156675,0.065085,0.268552,0.091928,0.293493,0.002184,0.002734
0,0.094895,0.02948,-0.009267,-0.106829,-0.030837,-0.121096,0.001656,0.000515
0,0.092493,0.074707,0.003512,0.041228,0.001269,0.078059,0.001614,0.001304
0,-0.016093,0.126798,-0.129245,0.076058,-0.102169,0.047685,0.000281,0.002213
0,0.076736,-0.048851,0.094131,-0.161899,0.059287,-0.178018,0.001339,0.000853
0,0.02827,-0.031398,-0.058005,0.032287,-0.060395,-0.002135,0.000493,0.000548
0,-0.022088,0.029146,-0.045613,0.090368,-0.03948,0.042103,0.000386,0.000509
0,0.048095,-0.050885,0.067394,-0.085086,0.105745,-0.079955,0.000839,0.000888
0,-0.08339,-0.084771,-0.142548,-0.029497,-0.184053,-0.037358,0.001455,0.00148
0,-0.093121,0.082196,-0.033959,0.168456,-0.037732,0.198576,0.001625,0.001435
0,-0.012035,-0.110199,0.087175,-0.195364,0.124801,-0.238715,0.00021,0.001923
0,0.209571,-0.01761,0.207138,0.085858,0.170502,0.036853,0.003033,0.000307
0,0.066775,-0.044894,-0.121831,-0.051739,-0.078298,-0.040264,0.001165,0.000784
0,0.079299,-0.065762,0.013283,-0.032003,-0.001004,-0.001234,0.001384,0.001148
0,0.11375,0.094661,0.059981,0.187167,0.081736,0.19019,0.001985,0.001652
0,-0.146075,-0.109526,-0.255112,-0.193777,-0.208249,-0.223171,0.002549,0.001912
0,0.091578,-0.136407,0.257522,-0.037587,0.275738,-0.056273,0.001598,0.002381
0,-0.050074,0.064894,-0.167482,0.220463,-0.179247,0.26343,0.000874,0.001133
0,0.13043,-0.126409,0.169454,-0.173948,0.175374,-0.165547,0.002276,0.002206
0,0.189174,0.178859,0.034025,0.311543,0.066807,0.351152,0.003302,0.003122
0,-0.053975,-0.001962,-0.24817,-0.171782,-0.288868,-0.141798,0.000942,3.4e-05
0,0.120685,0.026025,0.175928,0.024142,0.189778,0.026235,0.002106,0.000454
0,0.028073,-0.095599,-0.080883,-0.133967,-0.100698,-0.128313,0.00049,0.001669
0,-0.101548,0.162171,-0.147746,0.23881,-0.170776,0.259971,0.001772,0.00283
0,-0.08807,-0.06063,-0.007162,-0.242304,-0.038195,-0.202711,0.001537,0.001058
0,-0.131008,0.14402,-0.06498,0.223004,-0.063867,0.247456,0.002287,0.002514
0,-0.124705,-0.078652,0.015497,-0.227551,-0.031954,-0.255312,0.002177,0.001373
0,-0.196042,0.112935,-0.067022,0.200886,-0.082595,0.188887,0.003269,0.001971
0,-0.030259,0.023398,0.149568,-0.072798,0.135476,-0.101074,0.000528,0.000408
0,-0.275056,-0.160654,-0.231672,-0.194348,-0.217419,-0.183992,0.00189,0.002804
0,-0.079057,0.120278,0.212709,0.280339,0.190885,0.278999,0.00138,0.002099
0,-0.203622,-0.085652,-0.147326,-0.235768,-0.110566,-0.256095,0.003137,0.001495
0,-0.050688,-0.062129,0.150774,0.01704,0.175574,-0.027886,0.000885,0.001084
0,-0.033951,0.014384,-0.000598,0.061122,0.046643,0.083285,0.000593,0.000251
0,0.006081,0.095859,0.032421,0.063836,0.055602,0.03667,0.000106,0.001673
0,-0.140693,0.057787,-0.16635,-0.043391,-0.20475,-0.042253,0.002456,0.001009
0,-0.025007,-0.041029,0.138137,-0.080612,0.095942,-0.034935,0.000436,0.000716
0,-0.093648,-0.136586,-0.049384,-0.119113,-0.005281,-0.13625,0.001634,0.002384
0,-0.176029,0.091381,-0.102693,0.212974,-0.08285,0.191472,0.003072,0.001595
0,-0.11833,-0.009675,0.056629,-0.078319,0.026432,-0.076724,0.002065,0.000169
0,-0.13631,-0.129706,-0.032279,-0.107053,-0.004226,-0.121674,0.002379,0.002264
0,-0.120888,0.048705,0.03015,0.170504,-0.011205,0.155012,0.00211,0.00085
0,-0.052945,-0.05971,0.075863,-0.136661,0.031686,-0.102956,0.000924,0.001042
0,-0.05151,-0.150828,0.030628,-0.070547,0.075757,-0.04094,0.000899,0.002632
0,-0.194977,-0.028603,-0.145611,0.141192,-0.18011,0.174916,0.003288,0.000499
0,-0.079291,-0.135292,0.122092,-0.093822,0.085903,-0.044076,0.001384,0.002361
0,-0.061059,-0.110997,0.034461,0.038654,0.077216,0.003706,0.001066,0.001937
0,-0.183984,0.058348,-0.130215,0.195371,-0.132996,0.234245,0.003211,0.001018
0,0.017913,0.064383,0.176958,0.013671,0.191078,0.032759,0.000313,0.001124
0,-0.214076,-0.112352,-0.24739,-0.186055,-0.285025,-0.149885,0.002954,0.001961
0,0.010541,-0.062313,0.200385,0.03351,0.238303,0.00858,0.000184,0.001088
0,0.022929,0.093784,0.00882,0.167271,0.028144,0.176042,0.0004,0.001637
0,-0.169958,-0.121395,-0.201235,-0.243256,-0.194601,-0.212627,0.002966,0.002119
0,0.05946,0.088235,0.220241,0.208899,0.178106,0.199741,0.001038,0.00154
0,-0.140697,-0.050092,-0.198889,-0.129666,-0.241213,-0.12176,0.002456,0.000874
0,-0.164907,-0.021334,-0.038637,0.008896,0.006378,-0.002406,0.002878,0.000372
0,-0.006662,-0.003496,0.140108,0.022391,0.176215,0.071013,0.000116,6.1e-05
0,-0.03679,-0.043034,-0.011332,-0.016359,0.011714,0.024397,0.000642,0.000751
0,-0.215471,0.106113,-0.199897,0.159517,-0.160127,0.148939,0.00293,0.001852
0,-0.205106,0.004005,-0.011617,-0.082376,-0.047191,-0.052913,0.003111,7e-05
0,0.073108,0.04268,0.248369,0.040085,0.251764,0.021648,0.001276,0.000745
0,0.02035,0.0962,-0.050915,0.064214,-0.007528,0.105962,0.000355,0.001679
0,-0.00516,0.065203,-0.023976,-0.036791,-0.026697,0.005963,9e-05,0.001138
0,0.085605,0.176385,0.097746,0.083938,0.095185,0.088374,0.001494,0.003078
0,0.150758,0.086786,0.051068,-0.09939,0.068876,-0.10062,0.002631,0.001515
0,-0.054371,-0.00643,-0.214356,-0.082044,-0.234414,-0.100149,0.000949,0.000112
0,0.083938,-0.072354,0.154479,-0.053002,0.199682,-0.057629,0.001465,0.001263
0,-0.099877,-0.003806,-0.182223,0.072069,-0.206276,0.119011,0.001743,6.6e-05
0,-0.015385,-0.103333,0.103212,-0.102389,0.104081,-0.103618,0.000269,0.001804
0,0.035667,-0.160705,0.051543,-0.038647,0.051189,-0.027983,0.000623,0.002805
0,-0.075166,-0.147296,-0.082013,0.027938,-0.131748,0.076483,0.001312,0.002571
0,0.069468,0.052395,0.120787,0.183477,0.113761,0.202341,0.001212,0.000914
0,-0.091828,0.032578,-0.136507,-0.031774,-0.170858,-0.054632,0.001603,0.000569
0,0.103215,0.078677,0.167243,0.047138,0.136331,0.033451,0.001801,0.001373
0,0.107437,-0.025614,-0.016701,-0.08514,0.006812,-0.135054,0.001875,0.000447
0,0.0379,-0.059294,-0.088673,-0.047958,-0.106392,-0.072257,0.000661,0.001035
0,1.454081,-1.183443,1.439858,-1.103869,1.466248,-1.126081,0.001385,0.000583
0,1.864404,-1.587195,0.436653,-0.429116,0.424837,-0.423897,0.000914,0.000939
0,3.100282,-1.377265,1.238744,0.210476,1.246029,0.229197,0.000584,0.002725
0,3.067283,-1.241286,-0.04096,0.133993,-0.032822,0.149331,8e-06,0.001592
0,3.10996,-1.073552,0.041604,0.171744,0.000146,0.177598,0.000752,0.001335
0,2.208265,-0.923317,-0.887532,0.131819,-0.910926,0.110874,0.001603,0.002733
0,1.822674,-0.664836,-0.386592,0.283,-0.434157,0.288656,0.001642,0.001778
0,1.402298,-0.464784,-0.408836,0.178355,-0.427975,0.190245,0.002289,0.001421
0,0.968082,-0.321845,-0.443462,0.122688,-0.449915,0.119639,0.003176,0.001074
0,0.34183,-0.018446,-0.622692,0.292793,-0.640727,0.325139,0.000725,0.000322
0,0.203282,0.049771,-0.159266,0.042131,-0.161137,0.029415,0.003143,0.000869
0,-0.342974,-0.015194,-0.519911,-0.088374,-0.480784,-0.129467,0.000705,0.000265
0,-0.440853,0.027664,-0.09266,0.027701,-0.097922,-0.002074,0.001004,0.000483
0,-0.477173,0.283524,-0.021324,0.281624,-0.006854,0.266548,0.001637,0.001742
0,-0.281758,0.169369,0.204765,-0.11329,0.186214,-0.105231,0.001773,0.002956
0,-0.286051,0.007025,-0.011039,-0.179252,0.024205,-0.178471,0.001698,0.000123
0,-0.25874,0.230519,0.015053,0.221139,0.019731,0.200007,0.002175,0.002667
0,-0.296884,0.076754,-0.026355,-0.13152,-0.033464,-0.086986,0.001509,0.00134
0,-0.248668,0.00867,0.056553,-0.053581,0.07794,-0.08463,0.002351,0.000151
0,0.045216,0.088251,0.306724,0.061632,0.257693,0.099192,0.000789,0.00154
0,0.014124,-0.073506,-0.040705,-0.155143,0.0092,-0.158851,0.000247,0.001283
0,0.171957,0.035353,0.176537,0.099435,0.131919,0.081458,0.003001,0.000617
0,0.193653,0.09242,0.007737,0.077854,0.051582,0.033126,0.003311,0.001613
0,0.182755,0.111647,-0.034761,0.011895,-0.080249,-0.008052,0.00319,0.001949
0,0.13542,-0.017683,-0.063294,-0.131568,-0.02538,-0.174437,0.002364,0.000309
0,0.143027,-0.07407,-0.004949,-0.030088,-0.024484,0.0162,0.002496,0.001293
0,-0.111184,-0.007093,-0.268841,0.065445,-0.234071,0.057304,0.001941,0.000124
0,-0.016301,0.04565,0.079076,0.024214,0.056343,0.008612,0.000285,0.000797
0,0.133927,0.086046,0.171161,0.016483,0.128458,0.003525,0.002337,0.001502
0,0.064574,0.0566,-0.066231,-0.051954,-0.067085,-0.09068,0.001127,0.000988
0,0.131637,0.062224,0.052912,0.005755,0.074486,0.040917,0.002298,0.001086
0,-0.00571,-0.127568,-0.135765,-0.199234,-0.176177,-0.20452,0.0001,0.002226
0,-0.052797,-0.144414,-0.06316,0.012664,-0.023181,-0.012727,0.000921,0.00252
0,0.00345,0.020148,0.044335,0.17745,0.062742,0.150446,6e-05,0.000352
0,-0.029048,0.027758,-0.05891,0.035555,-0.09519,0.03584,0.000507,0.000484
0,-0.103273,0.10234,-0.079123,0.058875,-0.117983,0.026223,0.001802,0.001786
0,0.126921,-0.047805,0.251535,-0.177585,0.214126,-0.189613,0.002215,0.000834
0,-0.052384,0.089224,-0.169233,0.156242,-0.217941,0.17781,0.000914,0.001557
0,0.179827,0.164349,0.204112,0.057552,0.227328,0.011739,0.003139,0.002868
0,0.235551,0.111713,0.070517,-0.028794,0.05318,0.014893,0.00258,0.00195
0,0.143291,-0.063725,-0.118891,-0.20491,-0.094074,-0.175243,0.002501,0.001112
0,0.258698,0.012738,0.145336,0.102714,0.098863,0.12746,0.002176,0.000222
0,0.256599,0.079197,-0.011187,0.068462,-0.000591,0.060656,0.002212,0.001382
0,0.0036,0.129343,-0.261793,0.048316,-0.286814,0.088978,6.3e-05,0.002257
0,0.149831,-0.027228,0.129916,-0.18429,0.167931,-0.203198,0.002615,0.000475
0,-0.018041,0.076868,-0.183374,0.114203,-0.200028,0.144743,0.000315,0.001342
0,0.146455,0.109818,0.185268,0.039031,0.22524,0.045225,0.002556,0.001917
0,0.202938,-0.006122,0.053789,-0.126536,0.057695,-0.094835,0.003149,0.000107
0,0.160488,-0.14057,-0.034111,-0.149656,-0.001565,-0.190789,0.002801,0.002453
0,0.12564,-0.106592,-0.052776,0.046829,-0.0522,0.026852,0.002193,0.00186
0,0.163235,-0.072879,0.052992,0.016809,0.031931,0.000833,0.002849,0.001272
0,-0.039413,0.017378,-0.19649,0.089647,-0.206224,0.139461,0.000688,0.000303
0,0.087377,0.078339,0.143201,0.055987,0.118371,0.013373,0.001525,0.001367
0,-0.08189,0.132663,-0.155402,0.030992,-0.138805,0.006323,0.001429,0.002315
0,0.131379,0.126386,0.221363,0.012419,0.178046,0.035047,0.002293,0.002206
0,0.031244,0.0204,-0.106873,-0.087606,-0.061566,-0.072942,0.000545,0.000356
0,0.088829,0.06793,0.050053,0.02605,0.029827,-0.002696,0.00155,0.001186
0,0.279706,-0.120869,0.201841,-0.205942,0.236704,-0.176584,0.001809,0.00211
0,0.196695,0.166878,-0.111441,0.308192,-0.094212,0.300992,0.003258,0.002913
0,0.120827,0.02498,-0.075055,-0.151129,-0.073059,-0.155462,0.002109,0.000436
0,0.094989,0.017477,0.001376,-0.036703,-0.022667,-0.011139,0.001658,0.000305
0,0.158255,0.087752,0.056885,0.090845,0.026965,0.096449,0.002762,0.001532
0,0.087732,-0.111624,-0.092053,-0.196662,-0.139687,-0.226017,0.001531,0.001948
0,0.192353,-0.079304,0.083569,0.025689,0.085002,0.0754,0.003334,0.001384
0,0.190636,-0.111734,0.010544,-0.043001,0.059547,-0.017769,0.003327,0.00195
0,0.152629,-0.139176,-0.0484,-0.005869,-0.089628,-0.010237,0.002664,0.002429
0,0.297813,-0.047117,0.166973,0.105696,0.154023,0.130261,0.001493,0.000822
0,0.152231,0.038755,-0.14648,0.085716,-0.120216,0.09332,0.002657,0.000676
0,0.079038,-0.122745,-0.076137,-0.156482,-0.036326,-0.180295,0.001379,0.002142
0,0.011093,-0.019406,-0.085895,0.108449,-0.064179,0.154035,0.000194,0.000339
0,0.153274,-0.037212,0.127102,-0.033964,0.160031,-0.011614,0.002675,0.000649
0,-0.000925,0.084617,-0.143401,0.125374,-0.109043,0.15891,1.6e-05,0.001477
0,0.317812,-0.061472,0.296842,-0.169826,0.271474,-0.138034,0.001144,0.001073
0,0.187532,0.171956,-0.128315,0.227962,-0.164766,0.227405,0.003273,0.003001
0,0.202293,0.063753,-0.005449,-0.093719,-0.045314,-0.074234,0.00316,0.001113
0,0.193205,0.000676,-0.007846,-0.071731,-0.033342,-0.097542,0.003319,1.2e-05
0,0.183607,0.095318,0.006866,0.069681,0.049256,0.109802,0.003205,0.001664
0,0.052158,-0.017289,-0.115003,-0.126955,-0.12961,-0.159158,0.00091,0.000302
0,0.064498,-0.039247,-0.011614,-0.03401,-0.059288,-0.063629,0.001126,0.000685
0,0.193854,-0.041211,0.142984,0.027514,0.097443,0.01257,0.003307,0.000719
0,0.269238,-0.007028,0.085698,0.023716,0.071475,0.010235,0.001992,0.000123
0,0.04081,-0.054925,-0.210009,-0.035159,-0.251359,-0.049717,0.000712,0.000959
0,0.230602,-0.041485,0.209662,-0.005149,0.187081,0.017976,0.002666,0.000724
0,0.07098,0.152367,-0.171423,0.219547,-0.186024,0.208153,0.001239,0.002659
0,0.119198,-0.045355,0.065406,-0.202253,0.097617,-0.172872,0.00208,0.000792
0,-0.044331,0.042592,-0.179956,0.109432,-0.190216,0.082683,0.000774,0.000743
0,-0.063719,-0.070697,-0.043397,-0.101428,-0.082149,-0.114248,0.001112,0.001234
0,0.052103,0.018401,0.130643,0.112212,0.116434,0.116344,0.000909,0.000321
0,0.127609,0.076666,0.056124,0.032728,0.079563,0.040531,0.002227,0.001338
0,0.048062,-0.114447,-0.070272,-0.190436,-0.115168,-0.16383,0.000839,0.001997
0,0.206531,0.038066,0.135264,0.150316,0.144827,0.187495,0.003086,0.000664
0,-0.009003,0.065996,-0.244675,0.047557,-0.243077,0.085032,0.000157,0.001152
0,0.112966,-0.008902,0.130053,-0.075717,0.127206,-0.033885,0.001972,0.000155
0,0.163312,0.044678,0.076318,0.045263,0.036697,0.078917,0.00285,0.00078
0,-0.11326,-0.003306,-0.287496,-0.049228,-0.29027,-0.096905,0.001977,5.8e-05
0,-0.119276,-0.147604,-0.022544,-0.153928,-0.022587,-0.177577,0.002082,0.002576
0,0.061628,-0.055027,0.178475,0.101549,0.147912,0.129248,0.001076,0.00096
0,0.14324,-0.076219,0.099354,0.006702,0.083683,-0.005746,0.0025,0.00133
0,0.237188,0.012673,0.103171,0.081627,0.057854,0.033546,0.002551,0.000221
0,0.179134,-0.114911,-0.028627,-0.128951,-0.025796,-0.115848,0.003126,0.002006
0,0.089357,0.15007,-0.098414,0.240425,-0.088812,0.230975,0.00156,0.002619
0,-0.027679,0.063024,-0.106899,-0.098477,-0.111699,-0.121835,0.000483,0.0011
0,0.079131,-0.059987,0.082218,-0.094397,0.038965,-0.083679,0.001381,0.001047
0,-0.096954,-0.11109,-0.153209,-0.030178,-0.183626,0.013551,0.001692,0.001939
0,0.133166,0.02433,0.229652,0.113644,0.219156,0.094141,0.002324,0.000425
0,-0.109853,-0.092807,-0.229838,-0.122645,-0.194505,-0.141672,0.001917,0.00162
0,-0.107191,0.07866,0.018273,0.180733,0.067271,0.197741,0.001871,0.001373
0,-0.061901,0.081365,0.025799,-0.005297,0.015941,0.031338,0.00108,0.00142
0,-0.014316,-0.005469,0.03288,-0.071911,0.080251,-0.072324,0.00025,9.5e-05
0,-0.033604,-0.101548,-0.004473,-0.107922,0.015873,-0.060276,0.000587,0.001772
0,0.094778,0.040787,0.102563,0.12797,0.055219,0.135425,0.001654,0.000712
0,-0.116454,0.142703,-0.189683,0.084802,-0.156972,0.077138,0.002032,0.002491
0,-0.04904,0.135435,0.091243,-0.036613,0.106437,-0.048911,0.000856,0.002364
0,-0.048962,-0.024711,0.008412,-0.1789,-0.035275,-0.152462,0.000855,0.000431
0,0.041282,-0.036267,0.119237,-0.023894,0.138754,0.010763,0.000721,0.000633
0,0.060513,-0.020341,0.010018,-0.012684,0.050688,-0.030865,0.001056,0.000355
0,0.020479,-0.076623,-0.051338,-0.044575,-0.059284,-0.01393,0.000357,0.001337
0,-0.176551,0.032508,-0.202218,0.112366,-0.225522,0.137955,0.003081,0.000567
0,0.052883,-0.035996,0.225528,-0.075673,0.240885,-0.122507,0.000923,0.000628
0,0.104197,0.090348,0.059534,0.135537,0.052479,0.14716,0.001819,0.001577
0,-0.013153,-0.003011,-0.104479,-0.113097,-0.114073,-0.112425,0.00023,5.3e-05
0,0.013186,0.189705,0.026004,0.166959,0.018166,0.188647,0.00023,0.003311
0,0.055354,0.017892,0.033261,-0.155386,0.00116,-0.193651,0.000966,0.000312
0,0.024985,-0.085667,-0.015847,-0.081593,-0.006036,-0.123029,0.000436,0.001495
0,-0.0909,-0.077449,-0.118924,-0.020895,-0.147132,0.012571,0.001586,0.001352
0,0.055718,0.102493,0.175106,0.155357,0.159717,0.129229,0.000972,0.001789
0,0.121574,-0.065351,0.064179,-0.167128,0.095757,-0.158571,0.002122,0.001141
0,0.070226,0.038864,-0.03634,0.125872,-0.02611,0.112138,0.001226,0.000678
0,0.090165,0.055086,0.017057,0.030038,0.016752,0.052371,0.001574,0.000961
0,0.135782,0.133796,0.019382,0.078685,0.056046,0.050025,0.00237,0.002335
0,-0.095281,0.098571,-0.239058,-0.010347,-0.259648,0.034378,0.001663,0.00172
0,-0.017422,-0.070501,0.09746,-0.161651,0.116742,-0.170391,0.000304,0.00123
0,-0.085616,-0.087117,-0.089503,-0.011668,-0.057947,-0.030274,0.001494,0.00152
0,0.027269,0.111515,0.141378,0.208607,0.135325,0.194855,0.000476,0.001946
0,0.0924,-0.102026,0.045699,-0.201658,0.026864,-0.193332,0.001613,0.001781
0,0.069788,-0.106139,-0.036531,-0.031462,-0.018347,-0.078575,0.001218,0.001852
0,-0.008601,0.08495,-0.079562,0.192669,-0.063972,0.190293,0.00015,0.001483
0,-0.142079,-0.113704,-0.159433,-0.220232,-0.11877,-0.188656,0.00248,0.001985
0,-0.05798,0.056982,0.08229,0.17049,0.056155,0.145487,0.001012,0.000995
0,0.03932,0.052141,0.097896,-0.001,0.050073,-0.033857,0.000686,0.00091
0,-0.058522,-0.172721,-0.083429,-0.203745,-0.109654,-0.204035,0.001021,0.003015
0,-0.074412,0.063195,-0.002367,0.236515,-0.039832,0.206949,0.001299,0.001103
0,0.059027,0.084152,0.149812,0.023397,0.163682,0.05074,0.00103,0.001469
0,-0.082753,-0.013677,-0.128381,-0.072627,-0.102104,-0.050309,0.001444,0.000239
0,0.177976,-0.124345,0.258154,-0.082201,0.217067,-0.089771,0.003106,0.00217
0,0.024909,-0.10223,-0.161318,0.002909,-0.139069,0.038145,0.000435,0.001784
0,-0.074237,0.003986,-0.121264,0.089344,-0.127875,0.058789,0.001296,7e-05
0,-0.076295,-0.02957,-0.028389,-0.061134,-0.035399,-0.069672,0.001332,0.000516
0,0.181185,-0.196522,0.284392,-0.177461,0.307298,-0.219081,0.003162,0.003261
0,0.052787,0.061278,-0.102689,0.22813,-0.07893,0.213315,0.000921,0.00107
0,-0.152876,-0.082033,-0.205756,-0.117071,-0.170828,-0.111408,0.002668,0.001432
0,-0.055361,0.000299,0.096785,0.095817,0.13963,0.063658,0.000966,5e-06
0,-0.060396,-0.086157,-0.027198,-0.071922,-0.006985,-0.036987,0.001054,0.001504
0,-0.075365,0.042642,-0.005442,0.158698,-0.036242,0.174656,0.001315,0.000744
0,0.184864,0.086897,0.278164,0.027126,0.281679,0.022473,0.003226,0.001517
0,0.110857,-0.112219,-0.087313,-0.208651,-0.104812,-0.169094,0.001935,0.001959
0,0.010106,-0.100542,-0.116074,0.031965,-0.119615,0.056719,0.000176,0.001755
0,-0.124426,0.058938,-0.14331,0.13613,-0.143004,0.098224,0.002172,0.001029
0,0.129843,0.002562,0.232167,-0.034492,0.227732,0.000965,0.002266,4.5e-05
0,-0.088242,0.138192,-0.211936,0.131321,-0.248339,0.121918,0.00154,0.002412
0,-0.021991,-0.003197,0.089785,-0.16475,0.097909,-0.180349,0.000384,5.6e-05
0,-0.085046,0.123668,-0.059776,0.107144,-0.085723,0.131671,0.001484,0.002158
0,0.084406,0.162828,0.148463,0.02837,0.109821,0.058253,0.001473,0.002842
0,-0.138256,0.032836,-0.250219,-0.115056,-0.218445,-0.101312,0.002413,0.000573
0,-0.166907,0.132589,-0.030647,0.072513,-0.070251,0.073088,0.002913,0.002314
0,0.121901,0.128502,0.286337,0.006707,0.279412,0.027903,0.002128,0.002243
0,-0.047389,-0.012409,-0.184342,-0.150808,-0.207579,-0.192978,0.000827,0.000217
0,-0.001163,0.07409,0.057268,0.058554,0.066629,0.009319,2e-05,0.001293
0,0.156534,-0.160919,0.16031,-0.224776,0.195428,-0.250675,0.002732,0.002809
0,0.130212,-0.163192,-0.045234,-0.004975,-0.067434,-0.024163,0.002273,0.002848
0,0.050204,-0.009496,-0.075455,0.13122,-0.089144,0.119674,0.000876,0.000166
0,-0.026567,-0.121382,-0.093641,-0.100697,-0.112938,-0.104236,0.000464,0.002119
0,-0.104117,-0.012985,-0.073342,0.10255,-0.044925,0.075362,0.001817,0.000227
0,-0.088252,-0.004147,0.042016,0.010322,0.03506,0.02059,0.00154,7.2e-05
0,0.047141,0.043229,0.118659,0.056313,0.074362,0.00837,0.000823,0.000754
0,-0.039331,-0.000867,-0.075831,-0.066427,-0.121217,-0.079538,0.000686,1.5e-05
0,0.018384,-0.025051,0.033883,-0.047396,0.055327,-0.062546,0.000321,0.000437
0,-0.119739,-0.021842,-0.152121,-0.019345,-0.122967,-0.008588,0.00209,0.000381
0,0.057528,-0.056897,0.163132,-0.030397,0.193132,-0.024647,0.001004,0.000993
0,0.1044,-0.113849,0.027609,-0.071245,-0.013041,-0.07178,0.001822,0.001987
0,0.056052,0.120129,-0.034254,0.224506,-0.062184,0.187037,0.000978,0.002097
0,-0.125642,-0.082326,-0.154636,-0.176128,-0.185219,-0.16805,0.002193,0.001437
0,0.033603,0.118862,0.173932,0.220285,0.155956,0.176995,0.000586,0.002075
0,-0.101012,0.199042,-0.12672,0.066869,-0.098412,0.018288,0.001763,0.003217
0,0.167642,0.12897,0.246741,-0.043706,0.269147,-0.019654,0.002926,0.002251
0,0.106797,-0.026317,-0.033467,-0.138095,-0.023269,-0.135621,0.001864,0.000459
0,-0.067244,0.116679,-0.183231,0.170249,-0.193717,0.172767,0.001174,0.002036
0,-0.099769,0.127708,-0.012727,0.027747,-0.052447,0.003065,0.001741,0.002229
0,0.021896,-0.034633,0.103542,-0.136747,0.116464,-0.115165,0.000382,0.000604
0,-0.151787,0.042685,-0.184528,0.05495,-0.212951,0.02636,0.002649,0.000745
0,-0.174763,-0.023116,-0.017328,-0.093161,-0.013718,-0.067323,0.00305,0.000403
0,-0.023445,0.100258,0.16173,0.150345,0.19524,0.191477,0.000409,0.00175
0,-0.136668,0.00737,-0.105547,-0.076251,-0.091971,-0.115857,0.002385,0.000129
0,0.010402,0.124277,0.117148,0.140233,0.074621,0.117285,0.000182,0.002169
0,-0.012047,0.163998,-0.025832,0.055963,0.018635,0.078835,0.00021,0.002862
0,-0.086177,-0.018618,-0.0999,-0.198722,-0.067616,-0.182004,0.001504,0.000325
0,-0.167928,0.131616,-0.052345,0.177636,-0.028373,0.151577,0.002931,0.002297
0,0.043461,0.136938,0.20721,-0.005155,0.248237,-0.007512,0.000759,0.00239
0,-0.145299,0.147234,-0.161037,-0.001817,-0.118981,0.035767,0.002536,0.00257
0,0.029123,0.093294,0.188634,-0.045609,0.153424,-0.016093,0.000508,0.001628
0,0.100045,-0.128707,0.079292,-0.221355,0.125493,-0.173726,0.001746,0.002246
0,-0.198272,0.171316,-0.323525,0.314837,-0.295715,0.339294,0.00323,0.00299
0,0.041449,0.149761,0.228527,-0.01305,0.202194,-0.056043,0.000723,0.002614
0,0.066267,0.078334,0.013046,-0.041956,-0.004119,-0.090013,0.001157,0.001367
0,0.09817,0.151683,0.027827,0.091302,0.016007,0.066647,0.001713,0.002647
0,-0.185939,0.166814,-0.290758,0.012872,-0.243136,0.053359,0.003245,0.002911
0,-0.051213,0.022457,0.157868,-0.121234,0.187901,-0.100695,0.000894,0.000392
0,-0.204505,-0.015197,-0.144517,-0.043086,-0.154347,-0.010146,0.003122,0.000265
0,-0.212427,-0.049393,-0.010178,-0.01766,-0.046689,0.029773,0.002983,0.000862
0,-0.08131,-0.114284,0.101118,-0.045217,0.061627,-0.015705,0.001419,0.001995
0,-0.194906,0.008101,-0.129915,0.103434,-0.112573,0.067706,0.003289,0.000141
0,-0.075386,-0.067339,0.103234,-0.052103,0.113886,-0.02994,0.001316,0.001175
0,-0.092256,0.027143,-0.021816,0.098096,-0.015306,0.100076,0.00161,0.000474
0,-0.043007,-0.05329,0.048266,-0.077786,0.013303,-0.105898,0.000751,0.00093
0,-0.026778,0.089523,0.004338,0.141458,-0.020269,0.116902,0.000467,0.001562
0,-0.26184,-0.002663,-0.249113,-0.105697,-0.267543,-0.05931,0.002121,4.6e-05
0,-0.214802,0.135363,0.043658,0.114342,0.065481,0.134946,0.002942,0.002363
0,-0.130652,-0.081499,0.058958,-0.232476,0.076317,-0.212827,0.00228,0.001422
0,0.058768,0.137667,0.200905,0.209501,0.168079,0.250607,0.001026,0.002403
0,0.082663,0.025445,0.027203,-0.122385,0.05921,-0.160449,0.001443,0.000444
0,0.06411,0.056884,-0.017404,0.05643,-0.023586,0.066263,0.001119,0.000993
0,-0.049542,-0.08656,-0.13976,-0.153138,-0.148469,-0.138434,0.000865,0.001511
0,-0.197457,-0.132007,-0.17571,-0.033804,-0.140973,-0.066157,0.003245,0.002304
0,0.002607,0.013084,0.195223,0.151268,0.169699,0.180006,4.5e-05,0.000228
0,-0.153169,0.05636,-0.182148,0.038576,-0.203649,-0.001599,0.002673,0.000984
0,0.110785,-0.082795,0.260344,-0.118675,0.283024,-0.123053,0.001934,0.001445
0,0.073658,-0.034432,-0.059943,0.023603,-0.052992,0.025696,0.001286,0.000601
0,0.065581,-0.083542,-0.020863,-0.059623,-0.013861,-0.050713,0.001145,0.001458
0,0.01338,0.044262,-0.034188,0.097919,-0.028438,0.098842,0.000234,0.000773
0,-0.043012,0.111516,-0.079696,0.038729,-0.105895,0.070811,0.000751,0.001946
0,-0.052551,-0.004834,-0.014606,-0.086947,-0.05208,-0.106716,0.000917,8.4e-05
0,-0.072591,-0.007476,-0.0118,-0.028443,-0.024041,-0.068771,0.001267,0.00013
0,-0.049911,-0.085119,0.011255,-0.080891,-0.012856,-0.038484,0.000871,0.001486
0,-0.200012,-0.085774,-0.168327,-0.003109,-0.154271,-0.047666,0.0032,0.001497
0,-0.083362,0.205744,0.086953,0.294046,0.041992,0.304778,0.001455,0.0031
0,-0.008619,0.146687,0.081102,-0.059573,0.111822,-0.078403,0.00015,0.00256
0,0.103722,0.138014,0.094622,-0.002961,0.057853,0.032562,0.00181,0.002409
0,0.061543,0.146884,-0.040349,-0.014834,-0.062452,0.026671,0.001074,0.002564
0,-0.094568,0.078405,-0.178316,-0.057298,-0.168228,-0.030897,0.001651,0.001368
0,0.049793,0.214275,0.161679,0.113012,0.174939,0.138872,0.000869,0.002951
0,0.135787,-0.061264,0.065951,-0.305114,0.108201,-0.255414,0.00237,0.001069
0,0.108323,0.086193,-0.021931,0.146954,-0.02532,0.110684,0.001891,0.001504
0,0.112168,-0.035267,0.004442,-0.149442,-0.032387,-0.146899,0.001958,0.000616
0,0.098907,0.014963,0.016616,0.047105,0.043663,0.027866,0.001726,0.000261
0,0.03615,-0.000243,-0.065533,-0.002855,-0.050861,-0.032058,0.000631,4e-06
0,0.020735,0.089786,-0.018751,0.076515,-0.003239,0.118118,0.000362,0.001567
0,-0.163588,0.004589,-0.196297,-0.108317,-0.169123,-0.067194,0.002855,8e-05
0,0.025845,0.065294,0.198304,0.031416,0.161486,0.009547,0.000451,0.00114
0,-0.191298,0.170642,-0.206102,0.119822,-0.216399,0.16538,0.003339,0.002978
0,-0.062843,-0.049345,0.141235,-0.242214,0.105605,-0.20962,0.001097,0.000861
0,-0.089606,-0.053637,-0.02617,-0.001187,-0.062247,0.015746,0.001564,0.000936
0,-0.093426,0.195551,0.000438,0.276022,-0.026771,0.292311,0.001631,0.003278
0,0.087594,-0.091386,0.180303,-0.280628,0.210862,-0.281254,0.001529,0.001595
0,0.001018,0.059815,-0.060781,0.176809,-0.065063,0.201017,1.8e-05,0.001044
0,-0.027115,0.066177,-0.02279,0.010363,0.02576,-0.032667,0.000473,0.001155
0,0.039047,0.070243,0.076171,0.031529,0.058722,0.037492,0.000682,0.001226
0,-0.074739,-0.062533,-0.137852,-0.11724,-0.087898,-0.080644,0.001304,0.001091
0,0.001341,0.145601,0.049563,0.185708,0.03847,0.146078,2.3e-05,0.002541
0,-0.214808,0.033294,-0.206114,-0.141194,-0.182545,-0.187724,0.002942,0.000581
0,0.026157,0.128657,0.229112,0.104971,0.202204,0.139983,0.000457,0.002245
0,0.031193,0.117331,0.0192,0.006616,0.057857,-0.041408,0.000544,0.002048
0,-0.014979,0.042317,-0.016616,-0.067565,-0.061868,-0.08785,0.000261,0.000739
0,-0.103973,0.087079,-0.072115,0.047095,-0.104918,0.036228,0.001815,0.00152
0,-0.03226,0.122257,0.075118,0.051147,0.088255,0.047411,0.000563,0.002134
0,0.006728,0.098452,0.047193,-0.00356,0.022427,-0.04612,0.000117,0.001718
0,-0.093701,0.131005,-0.097496,0.023048,-0.120557,-0.021035,0.001635,0.002286
0,-0.141303,-0.055158,-0.064965,-0.168528,-0.065208,-0.190638,0.002466,0.000963
0,-0.019607,0.108176,0.105673,0.180105,0.119858,0.208998,0.000342,0.001888
0,0.054998,0.029323,0.045701,-0.099944,0.079433,-0.063094,0.00096,0.000512
0,0.087464,-0.004889,0.039745,-0.03664,0.055103,-0.073185,0.001527,8.5e-05
0,-0.09562,0.053798,-0.186027,0.039051,-0.233481,0.088298,0.001669,0.000939
0,-0.048435,0.105174,0.040646,0.025581,0.084587,0.033563,0.000845,0.001836
0,0.006839,0.124751,0.045242,0.000685,0.056558,0.043226,0.000119,0.002177
0,-0.019354,0.185721,-0.028451,0.056635,-0.043325,0.105109,0.000338,0.003241
0,0.010823,0.009045,0.05533,-0.164093,0.051365,-0.191229,0.000189,0.000158
0,-0.072497,0.169041,-0.070146,0.154104,-0.054917,0.150393,0.001265,0.00295
0,0.112468,0.206892,0.200365,0.023652,0.178788,0.022278,0.001963,0.00308
0,-0.045734,0.23714,-0.173302,0.05941,-0.131157,0.014058,0.000798,0.002552
0,0.148528,0.137316,0.217357,-0.115305,0.191111,-0.142322,0.002592,0.002397
0,0.129065,0.225047,-0.031575,0.062669,-0.02585,0.025793,0.002253,0.002763
0,0.056743,0.091828,-0.072394,-0.115853,-0.119341,-0.106051,0.00099,0.001603
0,0.197297,0.153731,0.145334,0.077414,0.172613,0.069287,0.003247,0.002683
0,0.057969,-0.027083,-0.152376,-0.19625,-0.18967,-0.184083,0.001012,0.000473
0,-0.039994,0.04115,-0.069141,0.059629,-0.067685,0.024015,0.000698,0.000718
0,0.095888,0.155143,0.151397,0.10312,0.165838,0.073596,0.001674,0.002708
0,0.208611,0.117143,0.116594,-0.055135,0.12394,-0.080247,0.00305,0.002045
0,0.28103,0.166114,0.092168,0.053009,0.126351,0.03094,0.001786,0.002899
0,0.143953,0.013408,-0.15195,-0.180981,-0.159899,-0.131109,0.002512,0.000234
0,0.245546,0.211217,0.101738,0.18513,0.124607,0.193302,0.002405,0.003004
0,0.268856,0.163398,0.052028,-0.046582,0.059479,-0.006505,0.001998,0.002852
0,0.05531,0.082605,-0.232565,-0.075205,-0.253698,-0.065856,0.000965,0.001442
0,0.248389,-0.097185,0.20849,-0.207905,0.162011,-0.212319,0.002356,0.001696
0,0.16122,0.049795,-0.111981,0.149815,-0.144972,0.150248,0.002814,0.000869
0,0.23917,-0.032792,0.102538,-0.103563,0.1342,-0.124605,0.002517,0.000572
0,0.194768,0.205853,-0.033727,0.227894,0.006419,0.185999,0.003291,0.003098
0,0.015892,0.07332,-0.177434,-0.153078,-0.216248,-0.143771,0.000277,0.00128
0,0.127582,0.083868,0.124973,0.028169,0.142128,0.062867,0.002227,0.001464
0,0.020746,-0.036312,-0.123656,-0.128215,-0.136531,-0.107397,0.000362,0.000634
0,-0.117955,0.029371,-0.139474,0.036431,-0.125214,0.0709,0.002059,0.000513
0,-0.010583,0.069927,0.097189,0.054082,0.123467,0.015284,0.000185,0.00122
0,-0.204206,0.088953,-0.177437,-0.007283,-0.210489,-0.057035,0.003127,0.001553
0,-0.008611,0.018401,0.172445,-0.088617,0.213842,-0.053812,0.00015,0.000321
0,-0.179415,0.052384,-0.192475,0.032752,-0.181687,0.008206,0.003131,0.000914
0,0.072617,-0.068791,0.244432,-0.147068,0.212845,-0.186359,0.001267,0.001201
0,-0.058928,-0.036692,-0.125293,0.035935,-0.098601,0.047877,0.001028,0.00064
0,-0.191684,0.014379,-0.161918,0.075506,-0.132187,0.042639,0.003345,0.000251
0,0.045748,-0.056095,0.259182,-0.074149,0.278581,-0.089074,0.000798,0.000979
0,-0.001406,0.112043,-0.059261,0.149199,-0.06338,0.161604,2.5e-05,0.001956
0,-0.045727,0.027163,-0.036705,-0.082671,-0.019588,-0.083985,0.000798,0.000474
0,-0.026284,-0.031313,0.048345,-0.081038,0.063402,-0.117001,0.000459,0.000547
0,0.03079,0.151801,0.049124,0.177653,0.046553,0.156939,0.000537,0.002649
0,-0.021343,0.181156,-0.080623,0.048239,-0.112651,0.04383,0.000373,0.003162
0,0.110658,-0.069164,0.151058,-0.231413,0.111184,-0.24811,0.001931,0.001207
0,-0.203084,0.084946,-0.342621,0.144543,-0.294254,0.142032,0.003146,0.001483
0,0.04371,-0.059277,0.25824,-0.160026,0.24486,-0.170738,0.000763,0.001035
0,0.166666,-0.063117,0.150504,0.010289,0.181452,-0.038803,0.002909,0.001102
0,-0.128893,0.001209,-0.309749,0.04138,-0.333221,0.08732,0.00225,2.1e-05
0,-0.114792,-0.014495,0.032745,-0.013193,0.066487,0.002664,0.002004,0.000253
0,0.057701,0.152707,0.147494,0.153716,0.109301,0.124307,0.001007,0.002665
0,-0.060535,0.021865,-0.136017,-0.136535,-0.09518,-0.152303,0.001057,0.000382
0,-0.096311,-0.052602,-0.012121,-0.098115,0.031145,-0.140653,0.001681,0.000918
0,-0.205168,-0.050202,-0.10807,0.020299,-0.139179,0.038462,0.00311,0.000876
0,-0.020283,-0.057496,0.183287,-0.035384,0.161789,-0.001021,0.000354,0.001003
0,-0.07569,0.114067,-0.076,0.184146,-0.062836,0.189098,0.001321,0.001991
0,-0.089384,-0.145514,0.015383,-0.284895,0.0056,-0.293826,0.00156,0.00254
0,-0.044457,-0.126182,0.034753,0.008776,-0.012243,-0.030651,0.000776,0.002202
0,0.067782,0.116294,0.118099,0.236429,0.071883,0.239147,0.001183,0.00203
0,-0.036329,-0.114683,-0.114549,-0.242311,-0.153235,-0.281314,0.000634,0.002002
0,-0.240453,0.02631,-0.203981,0.111707,-0.176804,0.157646,0.002494,0.000459
0,-0.046316,-0.087343,0.197525,-0.099628,0.24085,-0.078722,0.000808,0.001524
0,-0.222314,-0.051735,-0.163316,0.02588,-0.199112,0.06421,0.002811,0.000903
0,-0.192382,0.120747,0.031322,0.184178,0.007973,0.194131,0.003333,0.002107
0,0.004934,-0.021882,0.222225,-0.115882,0.253209,-0.076342,8.6e-05,0.000382
0,-0.049918,-0.15273,-0.044277,-0.105028,-0.052092,-0.081089,0.000871,0.002666
0,-0.118421,-0.164316,-0.094561,-0.030204,-0.094371,-0.019456,0.002067,0.002868
0,0.030862,-0.123842,0.13504,0.047938,0.101226,0.05074,0.000539,0.002161
0,-0.273303,-0.041092,-0.322198,0.100481,-0.351903,0.06537,0.001921,0.000717
0,-0.117362,0.012752,0.137099,0.047135,0.163226,0.079211,0.002048,0.000223
0,-0.184911,-0.091137,-0.082864,-0.100238,-0.086391,-0.124957,0.003227,0.001591
0,-0.064421,0.1882,0.146429,0.274029,0.157351,0.282098,0.001124,0.003285
0,-0.017654,-0.045349,0.037651,-0.236396,0.014166,-0.281953,0.000308,0.000791
0,-0.009342,-0.022637,0.004605,0.028232,0.052128,-0.001565,0.000163,0.000395
0,-0.1213,0.057033,-0.137399,0.086782,-0.148924,0.101887,0.002117,0.000995
0,-0.071691,0.067907,0.036448,0.017516,0.057633,0.008673,0.001251,0.001185
0,0.023064,0.035857,0.064816,-0.022759,0.108128,-0.06207,0.000403,0.000626
0,-0.075534,-0.001515,-0.084133,-0.014158,-0.102552,0.019566,0.001318,2.6e-05
0,0.155497,0.062634,0.241734,0.063123,0.256657,0.08019,0.002714,0.001093
0,-0.059641,0.020164,-0.222658,-0.013164,-0.264626,0.025111,0.001041,0.000352
0,-0.028615,0.176781,0.009314,0.15899,0.045864,0.208821,0.000499,0.003085
0,-0.023572,-0.005662,0.004977,-0.166531,-0.007799,-0.187614,0.000411,9.9e-05
0,0.168789,0.093798,0.207014,0.071299,0.170168,0.09449,0.002946,0.001637
0,0.090004,0.070905,-0.094171,-0.014024,-0.124391,0.029556,0.001571,0.001238
0,0.12109,-0.085438,0.008432,-0.131166,0.046651,-0.100958,0.002113,0.001491
0,0.069384,-0.084374,-0.039459,0.005856,-0.020436,-0.038627,0.001211,0.001473
0,0.153981,-0.04119,0.103683,0.030203,0.138919,0.0199,0.002687,0.000719
0,-0.024924,0.114934,-0.178742,0.16348,-0.154712,0.141742,0.000435,0.002006
0,0.194671,-0.046135,0.208647,-0.162682,0.176661,-0.166616,0.003293,0.000805
0,0.154233,0.074367,-0.047695,0.1127,-0.026196,0.156329,0.002692,0.001298
0,0.063506,0.080293,-0.073499,0.014999,-0.028164,-0.033274,0.001108,0.001401
0,0.104951,-0.079333,0.039735,-0.165752,0.03267,-0.193275,0.001832,0.001385
0,-0.082875,0.014665,-0.172222,0.11762,-0.149193,0.106692,0.001446,0.000256
0,0.03104,-0.010582,0.140316,-0.018454,0.140787,-0.025079,0.000542,0.000185
0,0.100951,0.059702,0.049696,0.098097,0.081184,0.140258,0.001762,0.001042
0,-0.053565,0.157794,-0.146108,0.073891,-0.153251,0.058402,0.000935,0.002754
0,-0.132202,0.0663,-0.098999,-0.121361,-0.098916,-0.08177,0.002307,0.001157
0,-0.045258,0.026621,0.098125,-0.058432,0.049798,-0.022124,0.00079,0.000465
0,0.012091,-0.03494,0.042528,-0.087581,0.026189,-0.087793,0.000211,0.00061
0,-0.103684,0.153478,-0.140658,0.211587,-0.097539,0.208349,0.00181,0.002679
0,-0.178559,0.054907,-0.092409,-0.073433,-0.10524,-0.063211,0.003116,0.000958
0,-0.225588,0.002167,-0.068426,-0.035173,-0.065194,-0.043952,0.002754,3.8e-05
0,-0.15222,0.040369,0.05034,0.016499,0.068909,0.055069,0.002657,0.000705
0,-0.041974,-0.094502,0.137536,-0.108381,0.11491,-0.135587,0.000733,0.001649
0,0.043924,0.043267,0.111324,0.110643,0.135285,0.095016,0.000767,0.000755
0,-0.157376,-0.109114,-0.17759,-0.128921,-0.175609,-0.084242,0.002747,0.001904
0,-0.223968,0.121476,-0.07479,0.207751,-0.044067,0.222968,0.002782,0.00212
0,0.012838,-0.076626,0.229593,-0.204332,0.207226,-0.204029,0.000224,0.001337
0,0.021039,-0.034573,0.034109,0.066683,0.006338,0.055398,0.000367,0.000603
0,-0.016769,-0.025147,-0.008019,0.032014,0.026481,0.055499,0.000293,0.000439
0,0.020418,0.164042,0.053173,0.171644,0.04845,0.204794,0.000356,0.002863
0,-0.231859,0.074539,-0.240372,-0.066085,-0.283209,-0.09543,0.002644,0.001301
0,-0.226233,0.086294,0.02497,-0.010498,0.018709,0.003788,0.002742,0.001506
0,-0.101867,0.138236,0.131267,0.051954,0.0976,0.025163,0.001778,0.002413
0,-0.286179,-0.037919,-0.174475,-0.189085,-0.176114,-0.193755,0.001696,0.000662
0,-0.275717,0.079991,-0.001579,0.140637,-0.025374,0.147589,0.001879,0.001396
0,-0.130221,0.09908,0.165762,0.010291,0.184078,-0.004025,0.002273,0.001729
0,-0.030273,0.028195,0.086425,-0.069279,0.0493,-0.031502,0.000528,0.000492
0,-0.211251,0.092354,-0.158475,0.088403,-0.158263,0.095633,0.003004,0.001612
0,-0.069613,0.094274,0.149884,0.022438,0.169895,0.065732,0.001215,0.001645
0,-0.0553,-0.165105,0.019864,-0.248879,0.068765,-0.223075,0.000965,0.002882
0,-0.1471,-0.1411,-0.097402,-0.000957,-0.092552,0.000239,0.002567,0.002463
0,-0.059033,-0.163944,0.067646,-0.02958,0.091476,-0.070891,0.00103,0.002861
0,-0.024751,0.068764,0.063926,0.255314,0.044876,0.258615,0.000432,0.0012
0,-0.053072,-0.00516,-0.011278,-0.092744,-0.006271,-0.055037,0.000926,9e-05
0,-0.040012,-0.155246,0.024963,-0.172014,-0.019541,-0.221497,0.000698,0.00271
0,-0.09675,-0.000747,-0.043397,0.137851,-0.088254,0.096098,0.001689,1.3e-05
0,-0.014406,-0.019974,0.086028,-0.018083,0.112149,-0.003677,0.000251,0.000349
0,-0.128392,-0.172769,-0.128173,-0.157668,-0.131953,-0.131715,0.002241,0.003015
0,-0.168923,-0.017135,-0.041985,0.13731,-0.035166,0.121742,0.002948,0.000299
0,-0.1444,-0.139916,0.031904,-0.111509,-0.014316,-0.104227,0.00252,0.002442
0,-0.151249,-0.205207,-0.024146,-0.063998,0.001945,-0.107882,0.00264,0.003109
0,-0.161973,-0.156556,-0.005691,0.038792,-0.012249,0.057432,0.002827,0.002732
0,-0.363936,0.010732,-0.225089,0.180113,-0.196411,0.211386,0.000339,0.000187
0,-0.157809,-0.102954,0.227548,-0.138484,0.214066,-0.180032,0.002754,0.001797
0,-0.25392,-0.086714,-0.104654,0.002966,-0.106706,-0.016794,0.002259,0.001513
0,-0.199699,-0.016152,0.037736,0.099736,0.024585,0.093386,0.003205,0.000282
0,-0.025296,-0.236894,0.200953,-0.1956,0.249145,-0.232072,0.000441,0.002556
0,-0.245958,-0.072791,-0.22269,0.166329,-0.254509,0.132111,0.002398,0.00127
0,-0.255546,-0.041759,-0.017931,0.038492,-0.04727,0.088322,0.002231,0.000729
0,-0.20577,0.095165,0.029497,0.131399,0.055902,0.100287,0.003099,0.001661
0,-0.06899,-0.117734,0.162778,-0.227168,0.146222,-0.193553,0.001204,0.002055
0,-0.028736,0.038034,0.03901,0.157862,0.074533,0.144293,0.000502,0.000664
0,-0.003215,-0.153469,0.008157,-0.178418,-0.019004,-0.138966,5.6e-05,0.002679
0,-0.163282,0.087687,-0.172101,0.257684,-0.164074,0.236069,0.00285,0.00153
0,-0.200452,0.008446,-0.010568,-0.095545,-0.030015,-0.068204,0.003192,0.000147
0,-0.123132,0.023722,0.051832,0.019979,0.087976,0.01685,0.002149,0.000414
0,-0.129583,-0.044718,-0.026755,-0.058404,-0.019766,-0.026896,0.002262,0.00078
0,-0.247578,-0.095135,-0.132297,-0.060388,-0.15857,-0.05413,0.00237,0.00166
0,-0.188007,-0.133567,0.070005,-0.024083,0.074056,-0.047936,0.003281,0.002331
0,-0.199586,-0.047556,-0.030849,0.086791,-0.075954,0.11989,0.003207,0.00083
0,-0.231269,0.022565,-0.03219,0.089032,-0.020512,0.126445,0.002654,0.000394
0,-0.124488,-0.007566,0.135263,-0.018623,0.144821,0.003562,0.002173,0.000132
0,0.054051,0.069845,0.182526,0.065525,0.227091,0.051642,0.000943,0.001219
0,0.038637,-0.121643,-0.005196,-0.184315,0.008029,-0.190433,0.000674,0.002123
0,-0.125554,-0.152761,-0.138323,-0.05023,-0.168517,-0.054886,0.002191,0.002666
0,0.027057,-0.025748,0.14896,0.116108,0.107296,0.165343,0.000472,0.000449
0,-0.003538,-0.021022,-0.036248,-0.019503,0.006634,-0.022408,6.2e-05,0.000367
0,-0.039071,0.048172,-0.052505,0.050497,-0.037646,0.020422,0.000682,0.000841
0,0.159337,0.010339,0.17849,-0.06561,0.164327,-0.074927,0.002781,0.00018
0,-0.083977,-0.157729,-0.246843,-0.192098,-0.235846,-0.235417,0.001466,0.002753
0,0.171475,-0.103952,0.240633,0.050348,0.270711,0.049842,0.002993,0.001814
0,0.067531,-0.031016,-0.123035,0.048758,-0.105571,0.086243,0.001179,0.000541
0,0.025101,0.087578,-0.053459,0.113837,-0.045113,0.107138,0.000438,0.001529
0,0.158359,0.089255,0.155917,-0.005374,0.176451,0.015388,0.002764,0.001558
0,0.184488,-0.088507,0.012458,-0.173458,-0.016862,-0.172369,0.00322,0.001545
0,0.161809,-0.038625,-0.040641,0.030265,-0.054392,-0.001129,0.002824,0.000674
0,0.260893,0.108547,0.12448,0.129313,0.09375,0.092509,0.002137,0.001895
0,0.025846,-0.019369,-0.247272,-0.134542,-0.250209,-0.166261,0.000451,0.000338
0,0.069699,0.097046,0.064967,0.12673,0.073884,0.147305,0.001216,0.001694
0,0.186993,-0.129388,0.10409,-0.219006,0.144043,-0.254154,0.003264,0.002258
0,0.084029,-0.055837,-0.084913,0.092013,-0.062256,0.083686,0.001467,0.000975
0,0.137431,-0.147897,0.03963,-0.100388,0.00208,-0.076519,0.002399,0.002581
0,0.07429,-0.109118,-0.048641,0.026753,-0.053406,0.07369,0.001297,0.001904
0,0.029565,-0.094837,-0.030379,0.034178,-0.071751,-0.014674,0.000516,0.001655
0,-0.062141,-0.162436,-0.113117,-0.069669,-0.136506,-0.081976,0.001085,0.002835
0,0.188678,0.015263,0.239145,0.156044,0.240813,0.117745,0.003293,0.000266
0,0.16532,0.133506,-0.03714,0.138342,-0.057941,0.175212,0.002885,0.00233
0,0.007023,-0.017678,-0.137725,-0.147048,-0.091651,-0.171938,0.000123,0.000309
0,0.005488,-0.08364,-0.022179,-0.073286,0.027204,-0.0793,9.6e-05,0.00146
0,0.129348,0.09316,0.100288,0.182046,0.07067,0.223465,0.002258,0.001626
0,0.258951,-0.091624,0.10896,-0.210002,0.072243,-0.219049,0.002171,0.001599
0,0.171012,-0.045122,-0.093499,0.050726,-0.06992,0.062039,0.002985,0.000788
0,0.247305,0.079804,0.074646,0.140752,0.048599,0.148075,0.002375,0.001393
0,0.01188,-0.064019,-0.264762,-0.160485,-0.259904,-0.186995,0.000207,0.001117
0,-0.069336,0.0238,-0.109563,0.06345,-0.095041,0.110176,0.00121,0.000415
0,0.033557,-0.203156,0.127523,-0.202195,0.146893,-0.231763,0.000586,0.003145
0,0.081145,0.024316,0.037062,0.238852,0.066747,0.214879,0.001416,0.000424
0,0.127142,-0.154458,0.035183,-0.164103,0.046564,-0.154284,0.002219,0.002696
0,-0.045099,-0.060455,-0.151456,0.064237,-0.168649,0.033816,0.000787,0.001055
0,0.082782,-0.166725,0.115379,-0.10784,0.074739,-0.117183,0.001445,0.00291
0,-0.031085,-0.005942,-0.097403,0.138845,-0.088249,0.149509,0.000543,0.000104
0,0.061301,-0.131103,0.116989,-0.150609,0.109032,-0.108683,0.00107,0.002288
0,-0.075057,-0.164062,-0.118602,-0.019507,-0.122502,-0.005863,0.00131,0.002863
0,-0.089952,0.075188,-0.014944,0.249488,-0.025222,0.262274,0.00157,0.001312
0,0.094044,-0.014861,0.211915,-0.08819,0.210966,-0.067087,0.001641,0.000259
0,1.865534,0.516332,1.74504,0.556212,1.73426,0.604898,0.000894,0.002321
0,2.707377,0.775006,0.857907,0.287002,0.881823,0.268395,0.000417,0.000145
0,3.957666,0.774964,1.278597,-0.011503,1.262563,-0.021618,0.002166,0.000144
0,3.331785,0.965902,-0.603431,0.199883,-0.599424,0.213552,0.002067,0.003214
0,2.944086,0.631364,-0.38813,-0.336022,-0.350356,-0.366003,0.002143,0.002362
0,2.329195,0.784626,-0.626614,0.176653,-0.624539,0.159474,0.000507,0.000313
0,1.472413,0.534098,-0.843169,-0.223424,-0.809451,-0.18898,0.001065,0.002631
0,1.184846,0.317128,-0.292838,-0.231758,-0.317707,-0.207963,0.000607,0.001156
0,0.613351,0.111706,-0.558586,-0.216249,-0.572241,-0.228982,0.002677,0.00195
0,0.384701,0.095363,-0.21254,-0.02989,-0.236714,-0.007426,2.3e-05,0.001664
0,0.193958,0.078601,-0.198911,-0.044599,-0.150112,-0.017534,0.003306,0.001372
0,0.139505,-0.130843,-0.084225,-0.237472,-0.093842,-0.267188,0.002435,0.002284
0,-0.212847,0.02919,-0.334114,0.137476,-0.336262,0.088971,0.002976,0.000509
0,-0.029502,-0.012817,0.190842,-0.042819,0.209331,-0.057738,0.000515,0.000224
0,-0.08663,-0.228832,-0.075155,-0.190429,-0.122366,-0.200986,0.001512,0.002697
0,-0.19057,0.041119,-0.127538,0.260518,-0.143495,0.23498,0.003326,0.000718
0,-0.130024,-0.219384,0.059501,-0.249324,0.020839,-0.225146,0.002269,0.002862
0,-0.357223,-0.086069,-0.227141,0.130015,-0.212788,0.170856,0.000456,0.001502
0,-0.312171,0.084699,0.024359,0.158756,0.021847,0.162881,0.001242,0.001478
0,-0.032565,-0.187866,0.290729,-0.247043,0.253085,-0.272904,0.000568,0.003279
0,0.004113,-0.036507,0.044977,0.177611,0.06318,0.145255,7.2e-05,0.000637
0,0.024721,-0.156493,0.026166,-0.120306,0.005871,-0.088546,0.000431,0.002731
0,-0.153076,0.022191,-0.152827,0.161167,-0.194705,0.130726,0.002672,0.000387
0,0.050694,0.033534,0.18962,0.001191,0.172094,0.018454,0.000885,0.000585
0,0.074473,-0.119598,0.015736,-0.154179,0.006799,-0.117837,0.0013,0.002087
0,0.09029,0.03744,0.014213,0.130266,0.062007,0.153999,0.001576,0.000653
0,0.093559,-0.07277,0.004361,-0.1075,0.050218,-0.108433,0.001633,0.00127
0,-0.07382,-0.193513,-0.193745,-0.132558,-0.23357,-0.125243,0.001288,0.003313
0,0.028994,-0.09539,0.084371,0.086987,0.092203,0.073773,0.000506,0.001665
0,-0.006196,-0.007789,-0.027585,0.110912,-0.050118,0.132474,0.000108,0.000136
0,0.131876,-0.075095,0.151383,-0.097002,0.137238,-0.054922,0.002302,0.001311
0,-0.109094,-0.201951,-0.248439,-0.153733,-0.214409,-0.195982,0.001904,0.003166
0,-0.139399,-0.034839,-0.052932,0.141312,-0.09504,0.153625,0.002433,0.000608
0,-0.144363,-0.098024,-0.001275,-0.067228,0.00262,-0.021549,0.00252,0.001711
0,-0.153598,-0.08112,-0.007975,0.02643,-0.031401,0.046005,0.002681,0.001416
0,0.058138,0.01672,0.197257,0.119098,0.185019,0.145099,0.001015,0.000292
0,-0.006494,-0.159799,-0.076048,-0.158112,-0.058835,-0.155761,0.000113,0.002789
0,-0.086032,0.023716,-0.063665,0.181181,-0.06846,0.203534,0.001502,0.000414
0,0.03237,-0.153901,0.102081,-0.202614,0.066807,-0.195824,0.000565,0.002686
0,-0.043525,-0.026276,-0.060697,0.14235,-0.071615,0.109579,0.00076,0.000459
0,0.107891,-0.015031,0.142028,0.010397,0.168989,-0.023303,0.001883,0.000262
0,0.074309,-0.172117,-0.031911,-0.127209,-0.031696,-0.09451,0.001297,0.003004
0,0.028815,-0.118935,-0.047227,0.071506,0.002626,0.064877,0.000503,0.002076
0,-0.19203,-0.071311,-0.21778,0.038817,-0.201339,0.009442,0.003339,0.001245
0,-0.120082,-0.068444,0.077216,0.012829,0.124283,0.061492,0.002096,0.001195
0,-0.215234,-0.093371,-0.070112,-0.022012,-0.023342,0.020182,0.002934,0.00163
0,0.051002,-0.012212,0.276912,0.097168,0.238384,0.13936,0.00089,0.000213
0,-0.154986,-0.125864,-0.216567,-0.13856,-0.18148,-0.15692,0.002705,0.002197
0,-0.043151,-0.15214,0.115462,-0.018162,0.139444,0.013012,0.000753,0.002655
0,0.043233,-0.065021,0.091441,0.104051,0.102319,0.146506,0.000755,0.001135
0,-0.055988,0.035092,-0.073871,0.085778,-0.115854,0.040493,0.000977,0.000612
0,-0.035035,0.040758,0.005464,-0.010639,-0.020615,-0.012541,0.000611,0.000711
0,0.025367,-0.029066,0.057079,-0.091544,0.013083,-0.082407,0.000443,0.000507
0,0.013435,0.017981,-0.012005,0.075514,-0.031925,0.090778,0.000234,0.000314
0,-0.122579,-0.096523,-0.123776,-0.094758,-0.140669,-0.111972,0.002139,0.001685
0,-0.097026,-0.106208,0.047492,0.018508,0.095589,-0.002682,0.001693,0.001854
0,-0.152471,-0.045035,-0.036631,0.038978,0.007228,0.0136,0.002661,0.000786
0,0.026956,-0.202415,0.162954,-0.163153,0.200445,-0.16357,0.00047,0.003158
0,0.040819,-0.235459,0.01556,-0.00567,0.036838,0.016816,0.000712,0.002581
0,-0.021385,-0.166205,-0.057023,0.073442,-0.063775,0.028108,0.000373,0.002901
0,-0.131198,-0.043975,-0.100978,0.145779,-0.064747,0.11533,0.00229,0.000768
0,-0.092384,0.021182,0.051122,0.081227,0.043679,0.126967,0.001612,0.00037
0,0.200455,-0.27434,0.285321,-0.293816,0.319555,-0.301673,0.003192,0.001903
0,0.128771,-0.130662,-0.053781,0.163384,-0.010486,0.11413,0.002247,0.00228
0,0.184763,-0.114713,0.053849,0.038878,0.091951,0.078598,0.003225,0.002002
0,0.048128,-0.082114,-0.134937,0.049901,-0.151587,0.025247,0.00084,0.001433
0,0.105573,-0.152667,0.07733,-0.082967,0.046843,-0.071589,0.001843,0.002665
0,0.07943,-0.078545,-0.011882,0.082628,0.009947,0.085344,0.001386,0.001371
0,-0.014718,-0.073914,-0.120357,0.010971,-0.095059,-0.001043,0.000257,0.00129
0,-0.12009,-0.095127,-0.113767,-0.012231,-0.146011,0.012049,0.002096,0.00166
0,-0.029699,-0.033865,0.064455,0.088579,0.050568,0.115469,0.000518,0.000591
0,0.058146,-0.167306,0.083437,-0.162179,0.065853,-0.115568,0.001015,0.00292
0,-0.048816,-0.123642,-0.081456,0.02072,-0.120155,0.027812,0.000852,0.002158
0,0.016126,0.035983,0.053616,0.163079,0.038195,0.201251,0.000281,0.000628
0,0.144437,-0.114047,0.14903,-0.146951,0.195244,-0.172785,0.002521,0.00199
0,0.079123,0.076432,-0.05453,0.193413,-0.011564,0.194251,0.001381,0.001334
0,0.200445,0.042445,0.137169,-0.056579,0.114824,-0.099481,0.003192,0.000741
0,-0.060296,-0.085988,-0.279471,-0.156609,-0.284486,-0.115849,0.001052,0.001501
0,0.025687,-0.064378,0.064206,0.021902,0.06911,0.031045,0.000448,0.001124
0,0.008191,-0.04298,-0.013983,0.02642,0.006968,-0.00412,0.000143,0.00075
0,0.030117,-0.031248,0.033826,-0.018111,0.064402,-0.034621,0.000526,0.000545
0,-0.050597,0.05569,-0.093401,0.080272,-0.136152,0.109306,0.000883,0.000972
0,0.011263,0.112561,0.037524,0.03798,0.038242,0.034897,0.000197,0.001965
0,0.062336,-0.154482,0.078711,-0.273057,0.11891,-0.312479,0.001088,0.002696
0,0.161702,-0.004406,0.070112,0.142518,0.051918,0.164492,0.002822,7.7e-05
0,-0.046291,-0.01024,-0.227938,0.01367,-0.214787,0.052411,0.000808,0.000179
0,-0.101165,0.039909,-0.033731,0.071557,-0.066061,0.115847,0.001766,0.000697
0,-0.148106,-0.029585,-0.02885,-0.085621,-0.009461,-0.044213,0.002585,0.000516
0,0.051894,-0.141467,0.195211,-0.112914,0.184723,-0.065803,0.000906,0.002469
0,-0.03264,-0.105193,-0.084051,0.053563,-0.037756,0.062468,0.00057,0.001836
0,0.010707,-0.034643,0.019543,0.07776,0.01166,0.040201,0.000187,0.000605
0,-0.124074,-0.029513,-0.113264,0.004265,-0.152963,0.000268,0.002165,0.000515
0,0.018951,-0.030656,0.140358,0.012566,0.167293,-0.01733,0.000331,0.000535
0,0.110172,-0.160653,0.064041,-0.135568,0.097062,-0.149186,0.001923,0.002804
0,-0.045795,-0.002839,-0.147018,0.177866,-0.127243,0.179853,0.000799,5e-05
0,0.170361,0.093517,0.186202,0.066386,0.185662,0.098778,0.002973,0.001632
0,0.15026,-0.080975,-0.015074,-0.180225,0.003217,-0.17555,0.002623,0.001413
0,0.129469,-0.01069,-0.019451,0.050388,-0.030264,0.086813,0.00226,0.000187
0,0.006281,-0.054111,-0.142522,-0.039173,-0.190647,-0.057308,0.00011,0.000944
0,0.139191,-0.102662,0.142755,-0.046406,0.151129,-0.001277,0.002429,0.001792
0,0.133046,0.088924,-0.003775,0.196499,0.033763,0.218077,0.002322,0.001552
0,0.211396,0.005598,0.070077,-0.109764,0.053394,-0.142256,0.003001,9.8e-05
0,0.192692,0.016469,-0.034817,-0.00329,-0.000248,0.011024,0.003328,0.000287
0,0.17117,-0.094332,-0.019777,-0.113266,-0.056067,-0.103716,0.002987,0.001646
0,-0.030238,-0.072652,-0.215407,0.032314,-0.255841,0.046422,0.000528,0.001268
0,0.197297,0.018025,0.239344,0.113668,0.232558,0.091796,0.003247,0.000315
0,0.02369,-0.063517,-0.196585,-0.084428,-0.174223,-0.132893,0.000413,0.001109
0,-0.049289,-0.099077,-0.060299,-0.018764,-0.026615,-0.037456,0.00086,0.001729
0,0.043851,0.13431,0.071216,0.258851,0.067951,0.290259,0.000765,0.002344
0,-0.083629,0.074393,-0.137712,-0.072029,-0.171923,-0.036388,0.00146,0.001298
0,0.111643,-0.110388,0.217443,-0.207396,0.224859,-0.201735,0.001949,0.001927
0,-0.1016,-0.121227,-0.233793,-0.037832,-0.190416,-0.026163,0.001773,0.002116
0,-0.018851,-0.088831,0.09297,0.041678,0.04795,0.002733,0.000329,0.00155
0,-0.139423,-0.080826,-0.117259,-0.01553,-0.077729,-0.053232,0.002433,0.001411
0,0.08904,-0.022399,0.198749,0.062541,0.243197,0.037614,0.001554,0.000391
0,0.007061,-0.076216,-0.071335,-0.05317,-0.047964,-0.082077,0.000123,0.00133
0,-0.085142,0.074309,-0.074307,0.122933,-0.036766,0.09923,0.001486,0.001297
0,-0.022234,-0.119245,0.057137,-0.20221,0.014792,-0.188446,0.000388,0.002081
0,-0.050734,0.069024,-0.042357,0.163216,-0.038349,0.14632,0.000885,0.001205
0,0.170277,0.032479,0.238656,-0.057518,0.206083,-0.08299,0.002972,0.000567
0,0.145144,0.105204,-0.04674,0.080551,-0.015186,0.099362,0.002533,0.001836
0,0.200628,-0.08208,0.027176,-0.172366,-0.013846,-0.163,0.003189,0.001433
0,0.099355,-0.023215,-0.086,0.042355,-0.102158,0.038627,0.001734,0.000405
0,0.031535,-0.083523,-0.062843,-0.030716,-0.032939,-0.07987,0.00055,0.001458
0,0.072247,-0.027664,0.064827,0.052428,0.050635,0.065295,0.001261,0.000483
0,0.218549,-0.13708,0.165011,-0.130889,0.175076,-0.126644,0.002876,0.002392
0,0.015744,0.039791,-0.194158,0.158059,-0.208798,0.203764,0.000275,0.000694
0,0.046379,-0.132608,0.053462,-0.186171,0.072835,-0.197338,0.000809,0.002314
0,0.167866,0.060723,0.134424,0.179361,0.102841,0.149211,0.00293,0.00106
0,0.121296,0.025063,-0.051477,-0.053071,-0.04498,-0.090131,0.002117,0.000437
0,-0.087508,-0.19381,-0.221391,-0.231133,-0.261494,-0.228619,0.001527,0.003308
0,0.156002,0.097651,0.226518,0.30606,0.210692,0.274391,0.002723,0.001704
0,0.102388,-0.066194,-0.031435,-0.163775,-0.001033,-0.157996,0.001787,0.001155
0,0.015768,-0.101109,-0.089536,-0.025364,-0.105895,-0.018343,0.000275,0.001765
0,0.200029,0.071017,0.183962,0.164602,0.159781,0.181646,0.0032,0.001239
0,0.10927,-0.104349,-0.089911,-0.16603,-0.12619,-0.171552,0.001907,0.001821
0,0.138471,-0.097483,0.039012,-0.00139,0.014166,-0.040081,0.002417,0.001701
0,0.053768,-0.140132,-0.114054,-0.016374,-0.094009,0.032859,0.000938,0.002446
0,0.120934,-0.026102,0.08885,0.122556,0.070602,0.122897,0.002111,0.000456
0,0.003105,-0.043286,-0.144427,0.002637,-0.095309,-0.014686,5.4e-05,0.000755
0,0.057117,0.030277,0.071201,0.060944,0.037671,0.047,0.000997,0.000528
0,0.085794,0.138635,0.021251,0.11196,0.064522,0.076243,0.001497,0.00242
0,0.127339,0.005599,0.053669,-0.108992,0.021801,-0.124851,0.002222,9.8e-05
0,-0.046573,0.042244,-0.176298,0.033369,-0.207196,0.059688,0.000813,0.000737
0,0.028931,-0.099615,0.045984,-0.145495,0.059377,-0.137166,0.000505,0.001739
0,-0.185443,-0.05119,-0.228068,0.028396,-0.267855,0.045214,0.003237,0.000893
0,-0.070359,0.006277,0.135441,0.037536,0.158466,0.031477,0.001228,0.00011
0,0.090935,-0.007029,0.151608,-0.008474,0.121874,-0.049308,0.001587,0.000123
0,-0.170386,-0.138982,-0.257527,-0.12962,-0.230544,-0.080838,0.002974,0.002426
0,0.100856,-0.057183,0.296247,0.08859,0.330749,0.085283,0.00176,0.000998
0,0.151459,-0.033303,0.05881,0.025915,0.108117,0.043488,0.002643,0.000581
0,-0.00949,0.025644,-0.158536,0.081212,-0.159762,0.097579,0.000166,0.000448
0,0.184201,-0.020792,0.179395,-0.023336,0.134426,0.003027,0.003215,0.000363
0,0.119635,0.028878,-0.057329,0.055796,-0.094214,0.04399,0.002088,0.000504
0,0.010525,-0.161852,-0.096926,-0.166293,-0.048645,-0.138526,0.000184,0.002825
0,-0.015614,-0.063584,-0.012676,0.122385,0.001954,0.113825,0.000273,0.00111
0,0.136555,-0.142344,0.155323,-0.066545,0.19782,-0.113745,0.002383,0.002484
0,-0.03368,-0.151616,-0.153531,-0.017633,-0.107914,0.014827,0.000588,0.002646
0,-0.054282,-0.045141,0.002375,0.121463,0.025398,0.165143,0.000947,0.000788
0,0.135236,-0.054252,0.189671,-0.02346,0.153333,-0.012398,0.00236,0.000947
0,0.214279,-0.042166,0.066732,0.004213,0.070781,0.019243,0.002951,0.000736
0,0.016669,-0.033259,-0.181472,-0.015523,-0.15551,0.013144,0.000291,0.00058
0,0.07668,-0.005807,0.05966,-0.001645,0.077455,-0.030899,0.001338,0.000101
0,0.089472,0.037563,0.007609,0.035836,-0.036645,0.0647,0.001562,0.000656
0,0.103067,-0.064435,0.016513,-0.115764,-0.022068,-0.149485,0.001799,0.001125
0,0.181463,0.137866,0.089016,0.183351,0.122006,0.206891,0.003167,0.002406
0,0.18034,-0.127199,-0.004855,-0.29316,-0.023293,-0.342108,0.003148,0.00222
0,0.047447,0.083678,-0.122237,0.196719,-0.167107,0.203026,0.000828,0.00146
0,0.056427,0.03332,-0.009262,-0.075163,0.021095,-0.035489,0.000985,0.000582
0,-0.031792,0.128638,-0.090842,0.10356,-0.074434,0.078433,0.000555,0.002245
0,0.013141,-0.05739,0.052376,-0.203431,0.03666,-0.228466,0.000229,0.001002
0,-0.071161,-0.137157,-0.072559,-0.098931,-0.089993,-0.07847,0.001242,0.002394
0,0.09182,-0.081867,0.174222,0.03554,0.181014,-0.002054,0.001603,0.001429
0,0.133885,0.089746,0.050359,0.152891,0.026603,0.15637,0.002337,0.001566
0,-0.065708,0.104186,-0.211273,-0.013299,-0.23008,-0.031558,0.001147,0.001818
0,0.032456,0.090631,0.112146,-0.042442,0.07088,-0.000883,0.000566,0.001582
0,0.078947,0.1149,0.031531,0.031092,-0.007657,0.00935,0.001378,0.002005
0,0.104726,0.022095,0.020677,-0.099197,-0.024997,-0.102321,0.001828,0.000386
0,0.142854,0.170853,0.052232,0.146139,0.047482,0.102272,0.002493,0.002982
0,0.041159,-0.067871,-0.112283,-0.260248,-0.083658,-0.218069,0.000718,0.001185
0,-0.047897,-0.009634,-0.078863,0.042169,-0.08413,0.028859,0.000836,0.000168
0,0.021256,-0.000421,0.066994,0.0102,0.04346,-0.011521,0.000371,7e-06
0,0.093466,0.065834,0.085667,0.080774,0.110993,0.035546,0.001631,0.001149
0,0.098414,-0.087723,0.014125,-0.156047,0.027502,-0.162043,0.001718,0.001531
0,-0.030111,0.062125,-0.12604,0.148523,-0.164465,0.151519,0.000526,0.001084
0,0.139768,0.031873,0.154075,-0.020709,0.167927,-0.064333,0.002439,0.000556
0,0.130201,-0.047936,-0.014226,-0.053186,0.025124,-0.064424,0.002272,0.000837
0,-0.058672,-0.016195,-0.162538,0.025457,-0.212302,0.01611,0.001024,0.000283
0,-0.015104,-0.014545,0.046286,0.007985,0.086484,0.052157,0.000264,0.000254
0,-0.085976,-0.054401,-0.071908,-0.066937,-0.062849,-0.030486,0.001501,0.000949
0,-0.051165,0.149841,0.015481,0.192598,0.026984,0.17206,0.000893,0.002615
0,0.105152,0.118538,0.170371,-0.013476,0.132026,-0.037691,0.001835,0.002069
0,0.068287,-0.018013,-0.05143,-0.142114,-0.100049,-0.15553,0.001192,0.000314
0,0.001008,0.125872,-0.069621,0.163056,-0.101537,0.124893,1.8e-05,0.002197
0,-0.061423,0.021641,-0.088857,-0.102743,-0.066719,-0.122177,0.001072,0.000378
0,0.021019,0.003616,0.101519,0.007429,0.096624,0.031227,0.000367,6.3e-05
0,0.103512,0.059386,0.075558,0.076455,0.031658,0.058159,0.001807,0.001036
0,-0.000118,0.055754,-0.078389,0.01117,-0.119149,0.050563,2e-06,0.000973
0,0.046924,0.025665,0.034867,-0.022248,0.012818,-0.029293,0.000819,0.000448
0,0.054695,0.097059,-0.012115,0.052672,-0.049731,0.073286,0.000955,0.001694
0,0.028502,0.06058,-0.012101,-0.060302,-0.034363,-0.074185,0.000497,0.001057
0,0.129564,0.133618,0.090466,0.065121,0.048031,0.019191,0.002261,0.002332
0,-0.044798,0.114797,-0.16357,-0.006842,-0.139268,-0.00266,0.000782,0.002004
0,-0.023614,0.096744,0.013959,-0.001859,0.059986,0.010081,0.000412,0.001689
0,0.133518,-0.063693,0.161191,-0.141886,0.144283,-0.118624,0.00233,0.001112
0,0.020065,0.09494,-0.125663,0.152014,-0.159539,0.186953,0.00035,0.001657
0,0.041446,0.1221,0.024744,0.00511,-0.008207,-0.029782,0.000723,0.002131
0,-4.6e-05,-0.084097,-0.017585,-0.235272,-0.048901,-0.235301,1e-06,0.001468
0,0.107079,0.102936,0.078697,0.198552,0.071254,0.20044,0.001869,0.001797
0,-0.055438,-0.080167,-0.150816,-0.204394,-0.119578,-0.187498,0.000968,0.001399
0,0.080165,-0.023631,0.159901,0.050671,0.170939,0.084043,0.001399,0.000412
0,-0.006829,-0.063036,-0.090009,-0.030095,-0.115447,-0.008248,0.000119,0.0011
0,0.011894,-0.05945,0.018095,0.001675,0.042782,0.004664,0.000208,0.001038
0,0.199942,-0.056778,0.191794,0.019842,0.170539,0.062199,0.003201,0.000991
0,0.21103,0.139742,0.04063,0.214875,-0.000452,0.170237,0.003008,0.002439
0,0.180114,0.170735,-0.001399,0.031796,-0.005769,0.063365,0.003144,0.00298
0,0.216816,0.137241,0.044368,-0.004984,0.055751,0.039021,0.002907,0.002395
0,0.217683,-0.068589,-0.018928,-0.199884,-0.058502,-0.238134,0.002892,0.001197
0,0.233683,0.141762,0.004089,0.219597,-0.020629,0.233674,0.002612,0.002474
0,0.019304,0.048165,-0.189199,-0.076118,-0.166356,-0.115733,0.000337,0.000841
0,0.146884,0.012805,0.114968,-0.016364,0.086522,-0.055663,0.002564,0.000223
0,0.063664,-0.062329,-0.063797,-0.094155,-0.051378,-0.045001,0.001111,0.001088
0,0.210229,0.155975,0.153855,0.193269,0.170188,0.159719,0.003022,0.002722
0,0.082958,0.001579,-0.146918,-0.150489,-0.118099,-0.175179,0.001448,2.8e-05
0,-0.015723,-0.06465,-0.089895,-0.046328,-0.094557,-0.069463,0.000274,0.001128
0,-0.067848,0.028777,-0.052576,0.108713,-0.019417,0.094311,0.001184,0.000502
0,0.086327,0.137129,0.179908,0.084252,0.156066,0.076774,0.001507,0.002393
0,0.06673,0.187631,-0.039938,0.078264,-0.084921,0.086342,0.001165,0.003275
0,0.002981,0.158692,-0.058743,-0.045262,-0.10722,0.004354,5.2e-05,0.00277
0,0.195222,0.124714,0.176462,-0.036499,0.157672,-0.001515,0.003284,0.002177
0,0.046358,0.164136,-0.148883,0.034092,-0.18486,0.04831,0.000809,0.002865
0,-0.097392,0.023046,-0.138052,-0.170059,-0.10784,-0.188426,0.0017,0.000402
0,-0.149199,0.14419,-0.039926,0.11393,-0.044526,0.089403,0.002604,0.002517
0,-0.056823,-0.004467,0.11824,-0.124378,0.108045,-0.132012,0.000992,7.8e-05
0,0.08608,-0.017745,0.16025,-0.033592,0.188723,-0.004117,0.001502,0.00031
0,0.175165,0.043428,0.115398,0.082186,0.089253,0.12557,0.003057,0.000758
0,0.039094,0.02269,-0.155181,-0.037205,-0.191054,0.001216,0.000682,0.000396
0,0.208999,0.171929,0.147123,0.143561,0.156506,0.136981,0.003043,0.003001
0,-0.581605,-0.714632,-0.80247,-0.860051,-0.845327,-0.838497,0.003231,0.000909
0,-0.773897,-1.160504,-0.183451,-0.43183,-0.178836,-0.397416,0.000125,0.000182
0,-0.735729,-1.584135,0.008999,-0.406921,0.043532,-0.435918,0.000541,0.000885
0,-0.832517,-1.707709,-0.092934,-0.143396,-0.119313,-0.172049,0.001149,0.003042
0,-0.962388,-1.383355,-0.129962,0.301813,-0.158048,0.313819,0.003276,0.002619
0,-0.630911,-1.243668,0.303247,0.119346,0.326588,0.168088,0.00237,0.001634
0,-0.542392,-0.750713,0.072369,0.464189,0.090905,0.473298,0.002776,0.000279
0,-0.473274,-0.471642,0.05251,0.255047,0.052111,0.258152,0.001569,0.001541
0,-0.187587,-0.258987,0.257708,0.209018,0.22143,0.216263,0.003274,0.002171
0,-0.163316,-0.096644,0.044041,0.190601,0.059824,0.142807,0.00285,0.001687
0,-0.06851,-0.041353,0.077165,0.077643,0.070847,0.079145,0.001196,0.000722
0,-1.430684,0.42448,-1.355668,0.474231,-1.331577,0.493153,0.001793,0.000718
0,-1.927259,0.562955,-0.493818,0.114577,-0.476631,0.143167,0.000183,0.003135
0,-2.758839,0.648856,-0.822205,0.076384,-0.84069,0.029941,0.001315,0.002057
0,-3.53691,0.491986,-0.778575,-0.140236,-0.743952,-0.129037,0.001513,0.001896
0,-3.87317,0.630348,-0.357284,0.162608,-0.311851,0.208893,0.000691,0.00238
0,-3.760907,0.32263,0.090044,-0.280509,0.131057,-0.240853,0.001268,0.00106
0,-2.875548,0.394998,0.890702,0.06909,0.856887,0.059525,0.003339,0.000203
0,-2.168032,0.212066,0.737122,-0.183172,0.715985,-0.1803,0.002306,0.00299
0,-1.177443,0.055896,1.008923,-0.128869,1.002638,-0.171087,0.000478,0.000976
0,-0.674988,-0.004671,0.49418,-0.083184,0.536619,-0.048836,0.001601,8.2e-05
0,-0.299581,0.176785,0.347911,0.190122,0.344209,0.229754,0.001462,0.003085
0,0.01357,-0.047161,0.332721,-0.253392,0.379257,-0.206356,0.000237,0.000823
0,0.214058,0.029061,0.221839,0.051909,0.175114,0.052872,0.002955,0.000507
0,0.572001,-0.000446,0.372561,-0.000301,0.362927,-0.031289,0.003292,8e-06
0,0.630671,-0.127896,0.069687,-0.116728,0.109749,-0.121543,0.002374,0.002232
0,0.545869,0.034428,-0.114355,0.135172,-0.08032,0.183412,0.002836,0.000601
0,0.49214,0.021989,-0.04011,-0.007535,-0.089348,0.035993,0.001899,0.000384
0,0.300746,0.116599,-0.164967,0.115216,-0.150282,0.079426,0.001442,0.002035
0,0.340968,-0.060239,0.050839,-0.162307,0.011193,-0.146096,0.00074,0.001051
0,0.4263,-0.047982,0.070158,-0.015582,0.076551,-0.040945,0.00075,0.000837
0,0.412431,0.000457,-0.041622,0.048965,-0.004908,0.00583,0.000507,8e-06
0,0.370546,0.078384,-0.060122,0.088614,-0.109711,0.086605,0.000224,0.001368
0,0.209574,-0.091083,-0.188397,-0.150447,-0.152772,-0.19219,0.003033,0.00159
0,0.228557,-0.015408,0.038052,0.071975,-0.005871,0.096715,0.002702,0.000269
0,0.394258,-0.017927,0.173682,-0.003235,0.211805,0.030656,0.00019,0.000313
0,0.283163,-0.009007,-0.089109,0.005594,-0.0803,0.003002,0.001749,0.000157
0,0.391376,-0.044538,0.079123,-0.050695,0.053907,-0.026919,0.00014,0.000777
0,0.319772,-0.140908,-0.051343,-0.118193,-0.055568,-0.151318,0.00111,0.002459
0,0.086336,-0.154659,-0.259205,-0.024485,-0.24846,0.020504,0.001507,0.002699
0,0.085512,0.055219,-0.030415,0.198674,0.017226,0.159941,0.001492,0.000964
0,0.250315,0.063051,0.149569,-0.006375,0.133647,0.009463,0.002322,0.0011
0,0.112332,-0.079897,-0.131873,-0.147953,-0.173943,-0.197567,0.001961,0.001394
0,0.247882,0.111502,0.108277,0.206138,0.107785,0.170052,0.002364,0.001946
0,0.125907,-0.101175,-0.143738,-0.225882,-0.121365,-0.23873,0.002197,0.001766
0,0.287755,0.011453,0.166263,0.117292,0.168271,0.153413,0.001669,0.0002
0,0.064223,0.032737,-0.209369,0.047675,-0.235283,0.053521,0.001121,0.000571
0,0.307837,-0.041056,0.255734,-0.053967,0.293266,-0.063359,0.001318,0.000717
0,0.092187,-0.018168,-0.230863,0.051846,-0.276993,0.013337,0.001609,0.000317
0,0.075414,-0.045205,0.001254,-0.042006,0.031532,0.006184,0.001316,0.000789
0,0.164128,-0.152151,0.073545,-0.08521,0.027135,-0.038403,0.002865,0.002656
0,0.34032,-0.097798,0.201382,0.056476,0.152262,0.037653,0.000751,0.001707
0,0.05104,-0.170306,-0.289307,-0.101837,-0.261197,-0.142972,0.000891,0.002972
0,0.143672,0.11487,0.117023,0.30674,0.163171,0.315647,0.002508,0.002005
0,0.30863,-0.004308,0.142644,-0.113819,0.157388,-0.114195,0.001304,7.5e-05
0,0.268175,-0.064673,-0.066651,-0.080201,-0.071827,-0.052396,0.00201,0.001129
0,0.280944,-0.073413,0.024097,0.018539,0.022812,0.006302,0.001787,0.001281
0,0.155042,0.033486,-0.111185,0.105487,-0.154611,0.136503,0.002706,0.000584
0,0.127235,-0.079099,-0.000816,-0.118709,0.025227,-0.112101,0.002221,0.001381
0,0.198399,-0.032981,0.090275,0.044091,0.08179,0.075362,0.003228,0.000576
0,0.235773,0.053177,0.034109,0.115612,0.029463,0.073758,0.002576,0.000928
0,0.219196,-0.033163,-0.025676,-0.094804,-0.024799,-0.064457,0.002865,0.000579
0,0.189421,0.064505,-0.043207,0.091965,-0.055819,0.078879,0.003306,0.001126
0,0.172179,-0.101144,-0.014262,-0.185658,0.003885,-0.175838,0.003005,0.001765
0,0.083917,0.032668,-0.103506,0.132795,-0.070327,0.106393,0.001465,0.00057
0,0.032685,0.12647,-0.030652,0.118073,-0.018241,0.156342,0.00057,0.002207
0,0.191579,0.107186,0.129961,-0.020638,0.168449,-0.048404,0.003344,0.001871
0,0.108935,-0.004282,-0.056422,-0.137774,-0.069607,-0.090463,0.001901,7.5e-05
0,-0.077387,-0.0814,-0.169308,-0.064102,-0.186639,-0.07503,0.001351,0.001421
0,0.09911,0.115474,0.182325,0.194472,0.186402,0.222612,0.00173,0.002015
0,-0.048696,0.07315,-0.172698,-0.035636,-0.162471,0.003019,0.00085,0.001277
0,0.110448,0.129294,0.129473,0.057906,0.170646,0.011563,0.001928,0.002257
0,-0.067658,-0.021155,-0.197486,-0.160931,-0.233258,-0.149225,0.001181,0.000369
0,0.13513,-0.040765,0.189858,-0.025437,0.195216,-0.008027,0.002358,0.000711
0,0.150086,-0.022835,0.013873,0.041231,0.021567,0.083456,0.002619,0.000399
0,0.087183,-0.047966,-0.082117,-0.048669,-0.102745,-0.022029,0.001522,0.000837
0,-0.10161,0.144783,-0.21755,0.193024,-0.222407,0.179134,0.001773,0.002527
0,-0.060338,0.04349,0.047008,-0.101347,0.040648,-0.083325,0.001053,0.000759
0,-0.091315,0.114984,-0.02547,0.082315,-0.033511,0.041441,0.001594,0.002007
0,0.080973,-0.103635,0.151941,-0.219499,0.173884,-0.217001,0.001413,0.001809
0,-0.156131,0.111784,-0.232736,0.191802,-0.19197,0.152278,0.002725,0.001951
0,0.078885,-0.0934,0.262895,-0.231342,0.250762,-0.235992,0.001377,0.00163
0,0.016509,-0.103516,-0.08538,-0.021633,-0.056582,-0.040902,0.000288,0.001807
0,-0.084574,-0.06907,-0.112425,0.058897,-0.161022,0.015844,0.001476,0.001206
0,-0.132656,-0.027799,-0.063659,0.027172,-0.044106,0.008861,0.002315,0.000485
0,0.00717,0.080813,0.114234,0.124109,0.068445,0.095772,0.000125,0.00141
0,-0.073426,-0.005868,-0.083978,-0.057908,-0.111346,-0.026447,0.001282,0.000102
0,-0.11976,0.110595,-0.022827,0.137804,0.006079,0.176692,0.00209,0.00193
0,0.08424,-0.169812,0.203135,-0.306914,0.238166,-0.305835,0.00147,0.002964
0,-0.011526,-0.170786,-0.117792,0.013662,-0.132999,0.057713,0.000201,0.002981
0,0.042538,0.010895,0.073406,0.188629,0.086205,0.210863,0.000742,0.00019
0,-0.06824,-0.126372,-0.127329,-0.155671,-0.156365,-0.138551,0.001191,0.002206
0,0.100647,0.047624,0.18899,0.181647,0.163901,0.222222,0.001757,0.000831
0,0.133213,-0.095817,0.041756,-0.136747,0.014317,-0.136953,0.002325,0.001672
0,-0.106399,0.050033,-0.256357,0.164026,-0.287685,0.152672,0.001857,0.000873
0,0.005749,-0.075825,0.119606,-0.142924,0.078824,-0.098548,0.0001,0.001323
0,0.028712,0.06342,0.043815,0.151338,0.061397,0.196361,0.000501,0.001107
0,-0.11619,0.101897,-0.159641,0.056157,-0.159803,0.101007,0.002028,0.001778
0,-0.101335,-0.075116,0.033063,-0.165624,0.016761,-0.151897,0.001769,0.001311
0,-0.006874,0.116117,0.08622,0.191944,0.062929,0.149307,0.00012,0.002027
0,0.034915,0.081471,0.044215,-0.007681,0.057741,-0.02037,0.000609,0.001422
0,0.00573,-0.00053,-0.005122,-0.067977,-0.003361,-0.030662,0.0001,9e-06
0,0.152157,-0.089979,0.166784,-0.073531,0.140568,-0.070954,0.002656,0.00157
0,0.183271,0.090826,0.02882,0.170958,0.071377,0.209989,0.003199,0.001585
0,-0.07394,0.002195,-0.241356,-0.089752,-0.25287,-0.081842,0.00129,3.8e-05
0,-0.069434,-0.042645,0.01066,-0.072326,-0.038286,-0.087231,0.001212,0.000744
0,0.11145,0.049508,0.161317,0.099557,0.153062,0.108487,0.001945,0.000864
0,0.116494,0.034472,0.002233,0.003592,-0.043242,0.019185,0.002033,0.000602
0,0.211515,-0.021201,0.116882,-0.061671,0.155191,-0.038403,0.002999,0.00037
0,0.14795,0.186873,-0.075123,0.217105,-0.1236,0.221193,0.002582,0.003262
0,0.036676,-0.109179,-0.08706,-0.277073,-0.058132,-0.268302,0.00064,0.001906
0,-1.186392,-0.496661,-1.20834,-0.400085,-1.211473,-0.352548,0.000634,0.001978
0,-1.780514,-0.812594,-0.604683,-0.306236,-0.572197,-0.271173,0.002378,0.000801
0,-2.733808,-0.693603,-0.95059,0.123981,-0.974328,0.078964,0.000878,0.001276
0,-4.449646,-0.883834,-1.742402,-0.201754,-1.775325,-0.248399,0.002629,0.002044
0,-3.236341,-1.019841,1.210838,-0.157784,1.250875,-0.117262,0.002958,0.002273
0,-3.350922,-0.856896,-0.122254,0.150255,-0.118851,0.172028,0.001733,0.001574
0,-2.771044,-0.502006,0.586396,0.355393,0.628455,0.379409,0.001528,0.002071
0,-1.659397,-0.543578,1.117835,-0.017116,1.095892,-0.049222,0.002199,0.002796
0,-1.227828,-0.40083,0.447654,0.120108,0.451882,0.076679,0.001357,0.000305
0,-0.609906,-0.314791,0.600651,0.062637,0.649466,0.106602,0.002737,0.001197
0,-0.275334,-0.225184,0.341389,0.068601,0.359385,0.026505,0.001885,0.002761
0,-0.099091,-0.044929,0.15536,0.183297,0.11704,0.147414,0.001729,0.000784
0,0.127644,-0.053966,0.2544,-0.013707,0.262431,0.031321,0.002228,0.000942
0,0.162123,-0.14187,0.036733,-0.112825,0.033773,-0.153755,0.00283,0.002476
0,0.253691,-0.122342,0.071568,0.033258,0.064505,0.077081,0.002263,0.002135
0,0.31427,0.019974,0.078876,0.128725,0.123777,0.167742,0.001206,0.000349
0,0.04659,-0.014051,-0.281253,-0.056762,-0.292307,-0.048083,0.000813,0.000245
0,0.026687,0.029511,-0.032107,0.049433,-0.056447,0.099323,0.000466,0.000515
0,0.052214,0.150178,0.041272,0.138645,0.062534,0.174942,0.000911,0.002621
0,0.186489,0.121129,0.128499,-0.044896,0.148509,-0.012093,0.003255,0.002114
0,0.096676,0.003744,-0.099992,-0.097499,-0.055945,-0.114534,0.001687,6.5e-05
0,0.263022,-0.061205,0.185234,-0.085299,0.19307,-0.053779,0.0021,0.001068
0,0.164596,0.089239,-0.084481,0.175334,-0.08635,0.199853,0.002873,0.001558
0,-0.027084,0.102322,-0.17679,-0.009213,-0.137551,0.040233,0.000473,0.001786
0,0.168465,-0.021554,0.182377,-0.102481,0.176382,-0.072983,0.00294,0.000376
0,-0.079738,-0.009466,-0.236544,-0.0161,-0.201022,-0.05997,0.001392,0.000165
0,0.198096,0.101694,0.300837,0.116311,0.260054,0.098213,0.003233,0.001775
0,0.068858,0.042301,-0.155133,-0.055467,-0.147986,-0.013386,0.001202,0.000738
0,-0.00846,-0.004923,-0.057717,-0.025976,-0.059937,-0.001424,0.000148,8.6e-05
0,-0.133562,-0.038864,-0.132071,-0.022959,-0.141022,-0.060124,0.002331,0.000678
0,0.001076,0.113452,0.159913,0.16756,0.206109,0.158075,1.9e-05,0.00198
0,-0.015058,0.119717,-0.005813,0.020299,-0.003426,-0.022414,0.000263,0.002089
0,-0.083588,0.074723,-0.05281,-0.058931,-0.027186,-0.009241,0.001459,0.001304
0,0.033281,0.217194,0.145937,0.142371,0.123205,0.152799,0.000581,0.0029
0,-0.059714,0.19486,-0.0822,-0.014187,-0.06439,0.034941,0.001042,0.00329
0,0.065454,0.033398,0.107105,-0.174631,0.105581,-0.146554,0.001142,0.000583
0,0.015476,-0.079947,-0.06003,-0.122103,-0.018107,-0.14949,0.00027,0.001395
0,0.089986,0.003126,0.073539,0.104332,0.094264,0.127744,0.001571,5.5e-05
0,-0.066076,0.022249,-0.150396,0.045775,-0.126117,0.035679,0.001153,0.000388
0,-0.059107,0.030488,0.032809,-0.011921,0.049326,-0.031335,0.001032,0.000532
0,0.002469,0.106757,0.073797,0.065657,0.090665,0.082082,4.3e-05,0.001863
0,-0.08999,0.047631,-0.084341,-0.038468,-0.080985,-0.055965,0.001571,0.000831
0,0.106981,0.134105,0.176496,0.075082,0.180054,0.044563,0.001867,0.002341
0,0.098286,0.102134,-0.011528,-0.008202,0.00709,-0.001085,0.001715,0.001783
0,0.092046,-0.074533,0.021922,-0.169594,0.027442,-0.14029,0.001607,0.001301
0,-0.225568,-0.079162,-0.306017,-0.007597,-0.304438,-0.034167,0.002754,0.001382
0,-0.026213,0.050349,0.212514,0.133585,0.164118,0.136405,0.000458,0.000879
0,-0.261832,-0.099495,-0.206166,-0.177662,-0.198346,-0.193143,0.002121,0.001737
0,-0.184514,0.16487,0.065939,0.244915,0.101427,0.241733,0.00322,0.002878
0,-0.185969,-0.116789,-0.010785,-0.290557,-0.031882,-0.33016,0.003246,0.002038
0,-0.144259,-0.002258,0.036356,0.095006,0.052084,0.141657,0.002518,3.9e-05
0,-0.087751,0.098525,0.062622,0.107433,0.105041,0.070237,0.001532,0.00172
0,-0.062566,-0.025311,0.044638,-0.139568,0.009452,-0.173692,0.001092,0.000442
0,-0.121234,0.033126,-0.062368,0.049541,-0.044663,0.096133,0.002116,0.000578
0,-0.063141,-0.029707,0.038735,-0.075566,0.051296,-0.026488,0.001102,0.000518
0,-0.102106,0.174294,-0.031198,0.195216,-0.02037,0.229678,0.001782,0.003042
0,0.022778,-0.015275,0.102936,-0.183029,0.141901,-0.154844,0.000398,0.000267
0,0.129763,0.058228,0.100348,0.065516,0.104173,0.01556,0.002265,0.001016
0,-0.020198,-0.050602,-0.125177,-0.131222,-0.086456,-0.100899,0.000353,0.000883
0,-0.110204,0.151816,-0.089982,0.23132,-0.08777,0.241235,0.001923,0.00265
0,-0.003906,0.21468,0.106793,0.036918,0.128693,0.0335,6.8e-05,0.002944
0,-0.161053,-0.070298,-0.154491,-0.27533,-0.167228,-0.271639,0.002811,0.001227
0,-0.074498,-0.033162,0.060272,0.008701,0.092723,0.058131,0.0013,0.000579
0,-0.074532,-0.069981,-0.001575,-0.028428,0.003777,-0.037341,0.001301,0.001221
0,0.184455,0.033556,0.253573,0.081025,0.279806,0.085433,0.003219,0.000586
0,0.113339,-0.009366,-0.05966,-0.056511,-0.051977,-0.062669,0.001978,0.000163
0,0.157371,0.109817,0.044709,0.137016,0.037146,0.18583,0.002747,0.001917
0,-0.142663,0.056708,-0.279646,-0.023234,-0.298867,-0.065539,0.00249,0.00099
0,0.034875,0.202887,0.160378,0.118444,0.118219,0.090765,0.000609,0.00315
0,-0.083879,0.10388,-0.092041,-0.082201,-0.086967,-0.07839,0.001464,0.001813
0,-0.216513,0.069973,-0.114697,-0.048179,-0.160229,-0.006291,0.002912,0.001221
0,0.068344,0.148958,0.300635,0.094258,0.267855,0.079439,0.001193,0.0026
0,0.05572,0.188016,0.017125,0.059396,0.038206,0.054293,0.000972,0.003281
0,0.067784,-0.046085,0.014441,-0.242363,-0.029518,-0.253327,0.001183,0.000804
0,0.115602,-0.032066,0.031834,0.029862,0.045585,0.024976,0.002018,0.00056
0,0.080668,0.085314,-0.053224,0.126636,-0.076012,0.093283,0.001408,0.001489
0,0.067687,-0.026732,-0.022744,-0.095052,0.025519,-0.097581,0.001181,0.000467
0,0.085727,-0.0806,-0.003364,-0.073757,0.029098,-0.047319,0.001496,0.001407
0,-0.030908,-0.03808,-0.113662,0.048637,-0.155212,0.058938,0.000539,0.000665
0,0.014529,-0.062859,0.04181,-0.009542,-0.004885,-0.036084,0.000254,0.001097
0,0.089669,0.030718,0.103834,0.107921,0.133126,0.059587,0.001565,0.000536
0,0.10729,0.146521,0.035311,0.087624,0.025424,0.038568,0.001873,0.002557
0,-0.071351,0.03879,-0.189843,-0.105594,-0.215769,-0.142146,0.001245,0.000677
0,-0.121028,-0.105437,-0.033358,-0.126637,-0.015348,-0.088098,0.002112,0.00184
0,0.051146,-0.106728,0.191474,0.003473,0.141475,-0.038961,0.000893,0.001863
0,-0.051465,0.01742,-0.109961,0.11146,-0.111408,0.149797,0.000898,0.000304
0,0.02289,0.080182,0.067437,0.069649,0.105061,0.056664,0.0004,0.001399
0,-0.050462,-0.073528,-0.087976,-0.138578,-0.097342,-0.126482,0.000881,0.001283
0,0.025925,-0.039402,0.06634,0.033949,0.068737,0.03309,0.000452,0.000688
0,-0.141162,0.061544,-0.165318,0.083859,-0.195286,0.088558,0.002464,0.001074
0,0.129398,0.208562,0.260921,0.152863,0.259599,0.151702,0.002258,0.003051
0,-0.090752,0.166591,-0.23557,-0.027283,-0.196817,-0.011799,0.001584,0.002908
0,0.0793,0.027671,0.193404,-0.164596,0.235846,-0.142371,0.001384,0.000483
0,0.056679,-0.015114,-0.041086,-0.054775,-0.062291,-0.046079,0.000989,0.000264
0,-0.017872,0.088714,-0.047352,0.111097,-0.087121,0.1409,0.000312,0.001548
0,0.069922,0.121818,0.101224,0.055321,0.134707,0.095662,0.00122,0.002126
0,-0.115239,0.008608,-0.177375,-0.113185,-0.14514,-0.109234,0.002011,0.00015
0,-0.050849,0.025467,0.068675,0.015318,0.071179,-0.033808,0.000887,0.000444
0,0.053966,0.039011,0.106216,0.003719,0.070239,0.024658,0.000942,0.000681
0,-0.010284,0.181492,-0.037258,0.144307,-0.010497,0.150483,0.000179,0.003168
0,-0.133587,-0.010705,-0.143969,-0.197211,-0.106295,-0.153359,0.002332,0.000187
0,-0.105881,0.163621,0.052353,0.149728,0.090922,0.179369,0.001848,0.002856
0,-0.062761,0.20974,0.025081,0.027893,0.02112,0.010918,0.001095,0.00303
0,-0.561523,1.298637,-0.504328,1.111362,-0.496969,1.070964,0.00311,0.002593
0,-0.591616,1.764043,-0.030893,0.440258,-0.040845,0.418013,0.003056,0.002666
0,-0.636321,2.139357,-0.037635,0.388064,-0.037742,0.395466,0.002276,0.002806
0,-0.603241,2.304118,0.016488,0.152531,0.057334,0.169261,0.002853,7e-05
0,-0.657584,1.723512,-0.059784,-0.557306,-0.066578,-0.555396,0.001905,0.003318
0,-0.215075,1.433603,0.438132,-0.312236,0.408458,-0.295674,0.002937,0.001742
0,0.017341,1.258935,0.260962,-0.156395,0.268219,-0.135377,0.000303,0.0019
0,-0.135702,0.713426,-0.17346,-0.567134,-0.198465,-0.530572,0.002368,0.00093
0,0.165923,0.553909,0.307132,-0.137849,0.313492,-0.10809,0.002896,0.002977
0,0.104772,0.343887,-0.064019,-0.232899,-0.096457,-0.212228,0.001829,0.000689
0,0.22845,0.111362,0.122558,-0.258604,0.125252,-0.267843,0.002704,0.001944
0,0.1216,-0.044211,-0.109119,-0.138242,-0.10831,-0.175816,0.002122,0.000772
0,0.093174,-0.130543,-0.008805,-0.093152,0.007076,-0.097234,0.001626,0.002278
0,0.088972,-0.168149,-0.025823,-0.02969,0.012438,-0.062487,0.001553,0.002935
0,0.113785,-0.142109,0.01475,0.0022,-0.020486,-0.012126,0.001986,0.00248
0,-0.058552,-0.143141,-0.196533,0.020996,-0.209931,-0.023369,0.001022,0.002498
0,0.043285,-0.091948,0.081429,0.030115,0.052456,0.076749,0.000755,0.001605
0,-0.06278,-0.111904,-0.119664,0.00649,-0.08084,-0.009594,0.001096,0.001953
0,0.058908,-0.204236,0.140334,-0.098939,0.151845,-0.079027,0.001028,0.003126
0,0.155722,-0.272566,0.06807,-0.080547,0.068949,-0.071064,0.002718,0.001934
0,0.038293,-0.188179,-0.141856,0.090844,-0.116563,0.136278,0.000668,0.003284
0,-0.070308,-0.208438,-0.09913,-0.020756,-0.062401,-0.056208,0.001227,0.003053
0,0.15673,-0.248148,0.208898,-0.032595,0.222991,-0.027695,0.002735,0.00236
0,0.148173,-0.273843,0.016373,-0.048873,0.059129,-0.089404,0.002586,0.001911
0,-0.028997,-0.235328,-0.204297,0.043086,-0.245441,0.019783,0.000506,0.002584
0,0.04744,-0.217562,0.057024,-1.8e-05,0.027722,-0.011667,0.000828,0.002894
0,0.063272,-0.147595,0.022836,0.049701,0.00838,0.032611,0.001104,0.002576
0,0.097985,-0.169639,0.047475,-0.045449,0.068216,-0.066376,0.00171,0.002961
0,0.10133,-0.153,-0.011019,-0.001348,-0.021412,-0.030338,0.001769,0.00267
0,-0.018283,-0.063446,-0.143862,0.081124,-0.116542,0.123619,0.000319,0.001107
0,-0.109063,-0.082336,-0.111903,0.008275,-0.128531,0.042996,0.001904,0.001437
0,0.157642,-0.143295,0.254557,-0.043272,0.237781,-0.018799,0.002751,0.002501
0,0.060563,-0.036773,-0.098857,0.133972,-0.108736,0.106224,0.001057,0.000642
0,-0.004082,-0.233511,-0.055701,-0.17206,-0.06318,-0.185955,7.1e-05,0.002615
0,-0.007269,-0.048695,-0.004525,0.190079,-0.048304,0.23513,0.000127,0.00085
0,0.111286,-0.073648,0.101692,-0.033681,0.138345,-0.064644,0.001942,0.001285
0,0.040663,-0.00967,-0.05275,0.050066,-0.019426,0.098986,0.00071,0.000169
0,0.10185,-0.136501,0.056938,-0.100318,0.088519,-0.120605,0.001778,0.002382
0,-0.032986,-0.045514,-0.162565,0.102425,-0.169497,0.068147,0.000576,0.000794
0,0.157413,-0.229092,0.203522,-0.204704,0.163415,-0.236175,0.002747,0.002692
0,0.059651,-0.020824,-0.079086,0.208695,-0.069689,0.190349,0.001041,0.000363
0,-0.073192,-0.1729,-0.124022,-0.143667,-0.14336,-0.097701,0.001277,0.003018
0,-0.017525,-0.082761,0.035445,0.118268,-0.004142,0.131423,0.000306,0.001444
0,0.144417,-0.110943,0.165829,-0.041908,0.166533,-0.061794,0.002521,0.001936
0,0.097525,-0.202814,-0.037576,-0.086693,-0.035458,-0.056661,0.001702,0.003151
0,0.137243,-0.161642,0.024963,0.019576,0.065862,0.060315,0.002395,0.002821
0,-0.115635,0.008607,-0.281746,0.198741,-0.236181,0.21285,0.002018,0.00015
0,0.045925,0.041154,0.149226,0.029932,0.127129,0.061402,0.000802,0.000718
0,0.040732,-0.032321,-0.023456,-0.055277,-0.036575,-0.048544,0.000711,0.000564
0,-0.039333,0.066348,-0.061811,0.126897,-0.097342,0.16756,0.000686,0.001158
0,0.033854,-0.075313,0.067061,-0.141365,0.02871,-0.140644,0.000591,0.001314
0,-0.060463,0.114353,-0.081625,0.16013,-0.104814,0.20372,0.001055,0.001996
0,-0.080574,0.018847,-0.015877,-0.104911,-0.045015,-0.067325,0.001406,0.000329
0,-0.118865,0.019118,-0.067572,-0.000356,-0.023293,-0.035979,0.002075,0.000334
0,-0.044668,0.096935,0.057208,0.105232,0.015616,0.112575,0.00078,0.001692
0,0.021095,-0.065396,0.087793,-0.166482,0.110592,-0.19271,0.000368,0.001141
0,0.038645,-0.123551,0.000984,-0.059827,-0.015852,-0.049648,0.000674,0.002156
0,-0.024757,-0.086229,-0.067055,0.052392,-0.053063,0.011837,0.000432,0.001505
0,-0.063513,-0.035324,-0.019619,0.033508,0.002552,0.066741,0.001109,0.000617
0,-0.044184,-0.190797,0.032506,-0.175376,0.028259,-0.131473,0.000771,0.00333
0,0.019613,-0.104655,0.087154,0.080999,0.100638,0.0524,0.000342,0.001827
0,0.006098,0.082228,-0.021959,0.169339,0.022835,0.216227,0.000106,0.001435
0,-0.030924,-0.137768,-0.051411,-0.243302,-0.094889,-0.250246,0.00054,0.002405
0,-0.053422,-0.118524,-0.032069,0.031405,-0.081664,0.02561,0.000932,0.002069
0,-0.117593,0.004331,-0.057285,0.152347,-0.058194,0.130315,0.002052,7.6e-05
0,-0.219707,0.081046,-0.079501,0.069119,-0.034575,0.039509,0.002856,0.001415
0,-0.095004,0.117303,0.097291,0.037982,0.103774,0.003592,0.001658,0.002047
0,-0.179671,-0.096894,-0.102621,-0.207022,-0.09484,-0.217252,0.003136,0.001691
0,-0.294384,-0.05245,-0.132965,0.058939,-0.165579,0.012943,0.001553,0.000915
0,-0.292573,-0.083835,-0.022603,-0.012495,0.017421,0.028615,0.001584,0.001463
0,-0.151005,0.064643,0.145197,0.167703,0.135304,0.180709,0.002636,0.001128
0,-0.17345,0.021969,0.004684,-0.050544,0.038807,-0.046434,0.003027,0.000383
0,-0.188543,0.079433,-0.021104,0.046409,-0.017381,0.019512,0.003291,0.001386
0,-0.201627,0.070834,0.002412,0.016917,0.023599,-0.01084,0.003172,0.001236
0,-0.273663,0.114655,-0.048056,0.026834,-0.064262,0.043151,0.001914,0.002001
0,-0.187822,0.167771,0.0671,0.055331,0.095166,0.063546,0.003278,0.002928
0,-0.153923,-0.08339,0.022762,-0.253567,0.008407,-0.267699,0.002686,0.001455
0,1.24183,0.292932,1.385572,0.365438,1.354013,0.316184,0.001602,0.001578
0,1.44898,0.308422,0.225395,0.000917,0.19853,-0.013685,0.001474,0.001308
0,2.422868,0.285739,0.973892,-0.036464,0.983594,0.003064,0.002142,0.001704
0,3.230678,0.11476,0.828879,-0.183699,0.787483,-0.196273,0.002859,0.002003
0,2.870091,0.004577,-0.379908,-0.098175,-0.345882,-0.057542,0.003257,8e-05
0,2.700734,0.074901,-0.147719,0.070903,-0.138779,0.033024,0.000301,0.001307
0,2.178878,-0.030533,-0.498399,-0.131123,-0.522321,-0.149529,0.002116,0.000533
0,1.707557,-0.045278,-0.46383,0.000987,-0.472234,-0.01751,0.003039,0.00079
0,1.671167,0.171126,-0.018341,0.207642,-0.007759,0.173276,0.002404,0.002987
0,1.386944,0.05989,-0.302442,-0.108365,-0.306856,-0.154381,0.002557,0.001045
0,0.711858,-0.026839,-0.682557,-0.089042,-0.719806,-0.131061,0.000957,0.000468
0,0.119716,0.212336,-0.607399,0.239299,-0.567246,0.253085,0.002089,0.002985
0,0.130136,0.026826,0.007236,-0.203038,0.023695,-0.241112,0.002271,0.000468
0,0.079802,0.141789,-0.026296,0.100325,-0.023029,0.102245,0.001393,0.002475
0,0.186629,0.108986,0.113338,-0.057282,0.145801,-0.051214,0.003257,0.001902
0,0.144551,0.145241,-0.029409,0.031796,0.019557,0.075428,0.002523,0.002535
0,0.119091,0.213484,-0.021625,0.078359,0.000962,0.09138,0.002079,0.002965
0,0.204587,-0.049304,0.112731,-0.252186,0.133024,-0.218949,0.00312,0.000861
0,0.194714,0.145676,-0.015684,0.188059,0.028056,0.145883,0.003292,0.002543
0,-0.039038,-0.011518,-0.206886,-0.141025,-0.245027,-0.174982,0.000681,0.000201
0,-0.016038,0.054338,0.029344,0.041662,0.004379,0.069099,0.00028,0.000948
0,0.054771,0.012252,0.067682,-0.03484,0.031386,0.000275,0.000956,0.000214
0,0.082045,0.225199,0.026926,0.19889,0.074657,0.169739,0.001432,0.00276
0,0.125536,0.04316,0.037491,-0.187483,0.051934,-0.229367,0.002191,0.000753
0,-0.037286,0.001052,-0.152538,-0.053735,-0.134305,-0.053475,0.000651,1.8e-05
0,-0.119607,0.2583,-0.098331,0.230956,-0.122783,0.246161,0.002088,0.002183
0,-0.111498,0.165438,0.003399,-0.115097,-0.044787,-0.092364,0.001946,0.002887
0,-0.032045,0.018513,0.098633,-0.154215,0.087869,-0.180388,0.000559,0.000323
0,-0.004708,0.024245,0.02159,-0.019618,0.062404,-0.017574,8.2e-05,0.000423
0,-0.263222,0.039683,-0.260106,0.019833,-0.291386,0.009328,0.002097,0.000693
0,-0.152451,0.096722,0.094294,0.061086,0.070083,0.095466,0.002661,0.001688
0,-0.26208,0.059058,-0.092543,-0.017262,-0.056439,-0.044187,0.002117,0.001031
0,-0.166312,0.200392,0.091501,0.150255,0.055721,0.134732,0.002903,0.003193
0,-0.219613,0.165584,-0.076523,-0.046917,-0.1091,-0.04269,0.002858,0.00289
0,-0.098723,0.198987,0.129994,0.049568,0.163229,0.002017,0.001723,0.003218
0,-0.069553,-0.020681,0.029804,-0.240997,0.026002,-0.287685,0.001214,0.000361
0,-0.13033,-0.044461,-0.05101,-0.038485,-0.039159,-0.000325,0.002275,0.000776
0,-0.047743,-0.013252,0.108843,0.002144,0.128095,-0.023904,0.000833,0.000231
0,-0.274707,0.097394,-0.251821,0.122841,-0.298307,0.077927,0.001896,0.0017
0,-0.170646,-0.042764,0.129901,-0.159917,0.120728,-0.116486,0.002978,0.000746
0,-0.229939,0.170705,-0.063702,0.219642,-0.045168,0.245598,0.002678,0.002979
0,-0.25299,0.017063,-0.040659,-0.132831,-0.038827,-0.108856,0.002275,0.000298
0,-0.076304,0.054437,0.19467,0.028807,0.171378,0.047415,0.001332,0.00095
0,-0.227836,0.086082,-0.169579,0.061151,-0.209673,0.081058,0.002714,0.001502
0,-0.088764,-0.011818,0.168905,-0.094968,0.21055,-0.045899,0.001549,0.000206
0,-0.008996,0.000483,0.085579,0.023119,0.043671,-0.021109,0.000157,8e-06
0,-0.247025,-0.081725,-0.26311,-0.080289,-0.23178,-0.095043,0.002379,0.001426
0,-0.054877,0.115131,0.171674,0.168909,0.154385,0.122777,0.000958,0.002009
0,-0.136002,0.155958,-0.069714,0.044171,-0.104912,0.089176,0.002374,0.002722
0,-0.078899,0.028019,0.05722,-0.135294,0.049219,-0.136181,0.001377,0.000489
0,-0.119433,0.122019,-0.067447,0.102964,-0.034593,0.056492,0.002084,0.00213
0,0.038166,-0.047881,0.179967,-0.193057,0.19559,-0.173934,0.000666,0.000836
0,-0.085208,0.039533,-0.124143,0.095205,-0.14822,0.138282,0.001487,0.00069
0,0.008898,0.144616,0.119427,0.081852,0.144598,0.107503,0.000155,0.002524
0,0.044594,-0.026159,0.035602,-0.18801,0.012096,-0.158583,0.000778,0.000457
0,-0.123667,0.126543,-0.1828,0.138418,-0.173926,0.12543,0.002158,0.002209
0,-0.057323,0.163373,0.078087,0.053297,0.069883,0.078532,0.001,0.002851
0,-0.04405,0.077391,0.01357,-0.069579,-0.02432,-0.040629,0.000769,0.001351
0,-0.059936,-0.022693,0.000287,-0.12375,-0.003379,-0.115488,0.001046,0.000396
0,0.033869,0.032846,0.106178,0.058506,0.101039,0.026621,0.000591,0.000573
0,-0.006871,0.064321,-0.057261,0.035747,-0.068118,0.006867,0.00012,0.001123
0,-0.007868,-0.098867,-0.025148,-0.189363,-0.022112,-0.239294,0.000137,0.001726
0,0.203216,0.101694,0.217563,0.223397,0.207358,0.186926,0.003144,0.001775
0,0.250096,-0.031152,0.066507,-0.113219,0.074516,-0.127194,0.002326,0.000544
0,0.173515,-0.035152,-0.102722,0.01827,-0.122765,0.014806,0.003028,0.000614
0,0.1634,-0.024206,0.018384,0.008051,0.032716,0.017582,0.002852,0.000422
0,0.033042,0.140991,-0.125569,0.148421,-0.11039,0.19599,0.000577,0.002461
0,0.193328,-0.140061,0.16558,-0.264866,0.173286,-0.285483,0.003317,0.002445
0,-2.546446,0.61351,-2.732017,0.76722,-2.759081,0.751044,0.002392,0.002674
0,-2.79253,0.838806,-0.221712,0.235856,-0.175725,0.215291,0.001903,0.001258
0,-2.74413,0.982979,0.053901,0.117398,0.009388,0.082425,0.001058,0.002916
0,-2.334186,0.823964,0.397095,-0.168094,0.398333,-0.121563,0.000594,0.000999
0,-1.593727,0.99034,0.728124,0.156709,0.747799,0.147583,0.001053,0.002788
0,-1.347152,0.873608,0.22632,-0.117479,0.240921,-0.068758,0.003251,0.001866
0,-0.86993,0.730647,0.46312,-0.171153,0.447026,-0.176555,0.001802,0.000629
0,-0.558947,0.605107,0.301866,-0.10332,0.329103,-0.150028,0.003065,0.002821
0,-0.401573,0.318009,0.179632,-0.288236,0.170359,-0.281808,0.000318,0.001141
0,-0.404827,0.054154,-0.020812,-0.25552,-0.061871,-0.300835,0.000375,0.000945
0,-0.050194,0.110446,0.359098,0.040289,0.31738,0.05305,0.000876,0.001928
0,0.14216,-0.01496,0.214981,-0.100559,0.210591,-0.063191,0.002481,0.000261
0,0.206752,-0.2662,0.073414,-0.25688,0.093416,-0.258739,0.003082,0.002045
0,0.003083,-0.128507,-0.189165,0.145852,-0.228849,0.181326,5.4e-05,0.002243
0,0.076518,-0.081079,0.095222,0.032621,0.10208,0.026812,0.001335,0.001415
0,0.11159,-0.081122,0.063663,-0.003271,0.07578,0.014597,0.001948,0.001416
0,0.175586,-0.192807,0.065419,-0.093445,0.103407,-0.11879,0.003065,0.003326
0,0.06653,-0.046496,-0.109089,0.168278,-0.111301,0.207552,0.001161,0.000812
0,0.025219,0.099939,-0.065384,0.163786,-0.11464,0.176976,0.00044,0.001744
0,0.18751,0.08737,0.18822,0.013268,0.194025,0.03049,0.003273,0.001525
0,0.12595,0.019451,-0.080562,-0.045564,-0.066788,-0.089568,0.002198,0.000339
0,0.247501,0.042006,0.118347,0.015371,0.087804,0.010319,0.002371,0.000733
0,0.067935,0.037161,-0.190684,0.023635,-0.175776,-0.009695,0.001186,0.000649
0,0.090017,-0.127815,0.004106,-0.15996,0.018327,-0.182711,0.001571,0.002231
0,-0.047891,-0.059983,-0.119194,0.07673,-0.140999,0.029884,0.000836,0.001047
0,-0.012633,0.058939,0.015456,0.13898,-0.027316,0.150112,0.00022,0.001029
0,0.151147,0.00854,0.191284,-0.064117,0.218569,-0.05394,0.002638,0.000149
0,0.116112,0.146001,-0.036845,0.15192,-0.045661,0.126239,0.002027,0.002548
0,-0.05919,0.021804,-0.198986,-0.118313,-0.214873,-0.090766,0.001033,0.000381
0,0.1606,0.113505,0.243366,0.113155,0.212108,0.118766,0.002803,0.001981
0,-0.024966,0.057234,-0.188063,-0.034588,-0.163344,-0.011446,0.000436,0.000999
0,-0.101988,-0.103086,-0.068161,-0.185008,-0.082592,-0.157699,0.00178,0.001799
0,0.156404,-0.140139,0.24242,-0.059576,0.287814,-0.028883,0.00273,0.002446
0,0.084057,-0.055947,-0.077708,0.099603,-0.072934,0.062976,0.001467,0.000976
0,-0.012211,0.086993,-0.083396,0.147998,-0.048391,0.16126,0.000213,0.001518
0,-0.048352,-0.057998,-0.047829,-0.146288,-0.014575,-0.117979,0.000844,0.001012
0,0.038671,0.084979,0.057085,0.169615,0.057983,0.218346,0.000675,0.001483
0,3.342048,0.121231,3.282997,0.020636,3.286436,-0.025693,0.001888,0.002116
0,3.26977,0.445349,-0.055516,0.308365,-0.023112,0.284515,0.003149,0.001082
0,3.655564,0.567422,0.400542,0.10738,0.375892,0.101546,0.003107,0.003213
0,3.518537,0.630979,-0.159035,0.091875,-0.154423,0.075937,0.001193,0.002369
0,3.596579,0.621852,0.098739,-0.033046,0.131312,-0.020504,0.002555,0.002528
0,2.914945,0.413671,-0.66542,-0.191035,-0.658676,-0.18944,0.002651,0.000529
0,2.114091,0.35662,-0.808172,-0.08489,-0.825116,-0.063921,0.003247,0.000467
0,1.743914,0.051592,-0.35525,-0.310264,-0.331084,-0.288776,0.003017,0.0009
0,1.300981,-0.089965,-0.415319,-0.145593,-0.366139,-0.123626,0.002634,0.00157
0,0.588559,0.055338,-0.703488,0.125439,-0.678865,0.077374,0.003109,0.000966
0,0.313152,0.02008,-0.263601,-0.044809,-0.249173,-0.022634,0.001225,0.00035
0,0.14006,0.055137,-0.200364,0.060959,-0.178393,0.061188,0.002445,0.000962
0,0.105817,-0.20825,-0.029734,-0.242704,-0.075941,-0.227101,0.001847,0.003056
0,-0.176708,0.081176,-0.296655,0.309856,-0.261672,0.335438,0.003084,0.001417
0,-0.102751,-0.137761,0.078597,-0.227665,0.066262,-0.191392,0.001793,0.002404
0,-0.122176,0.060616,-0.032551,0.174873,-0.036536,0.18041,0.002132,0.001058
0,-0.403912,-0.027664,-0.283306,-0.070771,-0.330843,-0.067786,0.000359,0.000483
0,-0.330756,-0.112623,0.102963,-0.092131,0.094678,-0.122187,0.000918,0.001966
0,-0.388323,-0.002657,-0.050194,0.126562,-0.047173,0.085728,8.7e-05,4.6e-05
0,-0.135584,0.133631,0.263486,0.140641,0.239586,0.100071,0.002366,0.002332
0,-0.208836,-0.046697,-0.099517,-0.180397,-0.130442,-0.13609,0.003046,0.000815
0,-0.215961,-0.121292,0.009126,-0.061785,0.008227,-0.070071,0.002922,0.002117
0,-0.107786,0.12405,0.099659,0.233565,0.133078,0.263196,0.001881,0.002165
0,-0.069993,-0.049187,0.025878,-0.178785,0.019415,-0.210568,0.001222,0.000858
0,0.201499,0.145494,0.292273,0.170156,0.276913,0.156698,0.003174,0.002539
0,-0.081886,0.170289,-0.299092,0.05365,-0.332417,0.090157,0.001429,0.002972
0,0.157842,-0.120718,0.245354,-0.297228,0.233709,-0.264771,0.002755,0.002107
0,0.004613,0.024435,-0.175922,0.11902,-0.141199,0.110488,8.1e-05,0.000426
0,0.040984,0.079605,0.031845,0.045415,0.04821,0.047055,0.000715,0.001389
0,-0.125046,-0.040582,-0.141538,-0.106249,-0.136496,-0.079892,0.002182,0.000708
0,-0.122356,0.137042,-0.007777,0.149133,-0.016241,0.125483,0.002136,0.002392
0,-0.046158,0.071779,0.059229,-0.043064,0.082916,-0.088198,0.000806,0.001253
0,0.048567,-0.107996,0.082851,-0.159392,0.041574,-0.160238,0.000848,0.001885
0,-0.052994,-0.104205,-0.088253,-0.018015,-0.136154,0.009398,0.000925,0.001819
0,0.088554,0.100941,0.132609,0.190947,0.102486,0.185622,0.001546,0.001762
0,-0.110625,0.124742,-0.213581,0.002851,-0.248733,0.007071,0.001931,0.002177
0,-0.074526,0.028419,0.025756,-0.123028,0.033249,-0.114917,0.001301,0.000496
0,0.004699,0.126777,0.052826,0.076031,0.062275,0.031131,8.2e-05,0.002213
0,0.007404,0.048753,0.015454,-0.0589,0.046089,-0.057573,0.000129,0.000851
0,0.079059,-0.079815,0.083605,-0.131092,0.092028,-0.132707,0.00138,0.001393
0,-0.081913,-0.080638,-0.153493,0.023599,-0.189494,0.003049,0.00143,0.001407
0,0.024437,-0.043133,0.107288,0.062212,0.135959,0.104124,0.000427,0.000753
0,0.040485,-0.075597,0.036998,-0.036531,0.016982,0.009101,0.000707,0.001319
0,0.187247,0.133149,0.157699,0.233008,0.140288,0.224577,0.003268,0.002324
0,-0.062412,-0.028504,-0.255069,-0.177735,-0.260482,-0.226716,0.001089,0.000497
0,0.129711,-0.019101,0.183636,-0.006745,0.164531,0.009399,0.002264,0.000333
0,0.096655,0.169513,-0.022792,0.194227,-0.066323,0.232793,0.001687,0.002959
0,0.195567,0.146205,0.083125,-0.036831,0.036907,-0.078571,0.003278,0.002552
0,-0.031346,0.097675,-0.205531,-0.049968,-0.157051,-0.010808,0.000547,0.001705
0,0.063657,-0.024918,0.09914,-0.107691,0.132465,-0.141169,0.001111,0.000435
0,0.17856,-0.057667,0.101501,-0.00854,0.074062,0.023461,0.003116,0.001006
0,0.255658,-0.065107,0.103695,-0.032698,0.054615,-0.060189,0.002229,0.001136
0,0.191984,-0.076491,-0.063789,-0.014938,-0.096708,-0.028983,0.00334,0.001335
0,0.088721,0.152377,-0.13113,0.242882,-0.10113,0.253411,0.001548,0.002659
0,0.214941,-0.094112,0.149172,-0.225191,0.126335,-0.206576,0.002939,0.001643
0,0.028152,-0.089159,-0.212706,0.022808,-0.238819,0.007208,0.000491,0.001556
0,0.023239,0.03533,0.00525,0.098044,0.029566,0.107376,0.000406,0.000617
0,0.053557,-0.068989,0.008315,-0.110423,-0.004315,-0.129939,0.000935,0.001204
0,-0.150973,-0.078845,-0.176441,-0.008583,-0.131306,0.018374,0.002635,0.001376
0,0.125062,-0.068236,0.289691,0.038818,0.286199,0.042589,0.002183,0.001191
0,0.045705,-0.123312,-0.089695,-0.076588,-0.042246,-0.110097,0.000798,0.002152
0,-0.13539,0.006747,-0.169137,0.145108,-0.130978,0.183168,0.002363,0.000118
0,0.045054,0.114959,0.156779,0.091415,0.133121,0.062256,0.000786,0.002006
0,-0.144965,0.025017,-0.194912,-0.08718,-0.15608,-0.094063,0.00253,0.000437
0,0.044806,0.116511,0.165147,0.079163,0.138739,0.118019,0.000782,0.002033
0,-0.011979,-0.161946,-0.083464,-0.251966,-0.076846,-0.221599,0.000209,0.002826
0,0.096495,-0.061569,0.083374,0.124973,0.06269,0.096828,0.001684,0.001075
0,-0.073335,0.09498,-0.144412,0.184694,-0.094551,0.180326,0.00128,0.001658
0,0.040149,-0.065147,0.086661,-0.133931,0.074918,-0.099659,0.000701,0.001137
0,0.047608,0.123414,0.018485,0.208466,0.055003,0.191074,0.000831,0.002154
0,0.212237,-0.06641,0.165519,-0.205834,0.177302,-0.236764,0.002987,0.001159
0,0.065067,0.140853,-0.163647,0.212079,-0.115393,0.180997,0.001136,0.002458
0,-0.122694,0.066153,-0.212017,-0.100573,-0.177304,-0.078941,0.002141,0.001155
0,-0.143629,-0.138064,-0.02249,-0.198984,-0.051755,-0.232187,0.002507,0.00241
0,-0.023845,0.005677,0.119303,0.147061,0.087803,0.097294,0.000416,9.9e-05
0,0.079171,-0.031114,0.08874,-0.030755,0.084701,0.017571,0.001382,0.000543
0,-0.100907,-0.022998,-0.205453,0.029306,-0.216401,0.005237,0.001761,0.000401
0,-0.144095,0.178881,-0.037621,0.192977,-0.072601,0.187015,0.002515,0.003122
0,0.013423,0.028895,0.145468,-0.128289,0.192322,-0.158123,0.000234,0.000504
0,-0.058177,-0.031387,-0.074318,-0.044871,-0.027731,-0.051082,0.001015,0.000548
0,0.006393,0.190139,0.082961,0.204213,0.064956,0.173119,0.000112,0.003319
0,-0.082677,0.187599,-0.099274,-0.030818,-0.143172,-0.075827,0.001443,0.003274
0,-0.020683,0.084677,0.085724,-0.107402,0.09596,-0.098682,0.000361,0.001478
0,0.036091,0.247857,0.054202,0.142362,0.085643,0.119331,0.00063,0.002365
0,0.054192,0.211162,-0.009166,-0.018689,-0.051358,-0.061278,0.000946,0.003005
0,-0.179689,0.152674,-0.238647,-0.055449,-0.244166,-0.06492,0.003136,0.002665
0,-0.092818,-0.003685,0.114808,-0.148445,0.087923,-0.11252,0.00162,6.4e-05
0,0.082098,0.184476,0.148114,0.192614,0.177769,0.166919,0.001433,0.00322
0,0.178916,0.000588,0.124301,-0.180372,0.08226,-0.200359,0.003123,1e-05
0,-0.003527,0.131697,-0.197769,0.156283,-0.212645,0.199873,6.2e-05,0.002299
0,0.083102,-0.025519,0.059411,-0.178387,0.090381,-0.175862,0.00145,0.000445
0,0.133732,0.001012,0.040794,0.037448,-0.00323,0.052234,0.002334,1.8e-05
0,0.122113,0.138125,0.013244,0.121666,0.030778,0.157037,0.002131,0.002411
0,0.238493,0.20461,0.103698,0.062868,0.150695,0.095839,0.002528,0.00312
0,0.080294,0.00964,-0.138303,-0.20158,-0.125397,-0.157476,0.001401,0.000168
0,0.242672,-0.062603,0.149508,-0.060842,0.157421,-0.108771,0.002455,0.001093
0,0.075926,0.04818,-0.167801,0.118978,-0.178308,0.112351,0.001325,0.000841
0,-0.01239,0.047139,-0.105063,0.006033,-0.118531,0.016211,0.000216,0.000823
0,0.075096,-0.008282,0.065772,-0.067362,0.032464,-0.113009,0.001311,0.000145
0,0.164527,-0.046336,0.115052,-0.061305,0.126886,-0.107794,0.002872,0.000809
0,0.118331,-0.038091,-0.06949,0.012328,-0.07017,0.036695,0.002065,0.000665
0,0.11192,0.052626,-0.010578,0.072805,0.011169,0.033612,0.001953,0.000918
0,-0.027305,0.179795,-0.160424,0.121466,-0.161854,0.133144,0.000477,0.003138
0,0.019404,-0.102195,0.053447,-0.277475,0.047584,-0.325051,0.000339,0.001784
0,0.092249,-0.022338,0.050437,0.076477,0.076944,0.12527,0.00161,0.00039
0,-0.019148,0.15041,-0.134955,0.195138,-0.08876,0.178678,0.000334,0.002625
0,0.015839,0.021217,0.030993,-0.105477,0.077063,-0.085042,0.000276,0.00037
0,0.134355,0.186539,0.091979,0.156936,0.091257,0.164402,0.002345,0.003256
0,0.197913,0.180414,0.045328,0.00557,0.012744,0.052276,0.003237,0.003149
0,0.205474,-0.063512,-0.000958,-0.23914,0.025484,-0.278533,0.003105,0.001109
0,0.258206,0.033351,0.064674,0.07839,0.094288,0.08834,0.002184,0.000582
0,0.230726,-0.009038,-0.01076,-0.025219,0.028667,0.015093,0.002664,0.000158
0,0.244323,0.088342,0.011995,0.123369,0.006605,0.080586,0.002427,0.001542
0,-0.003569,-0.024239,-0.236589,-0.084746,-0.219829,-0.070744,6.2e-05,0.000423
0,0.055244,-0.102791,0.077865,-0.085817,0.084596,-0.056434,0.000964,0.001794
0,0.194534,0.154817,0.10935,0.259473,0.090594,0.238663,0.003296,0.002702
0,0.012274,0.096398,-0.160818,-0.077747,-0.15888,-0.030573,0.000214,0.001682
0,0.194741,-0.103347,0.177068,-0.191519,0.129845,-0.153552,0.003292,0.001804
0,0.004984,0.102345,-0.187731,0.204313,-0.17693,0.208159,8.7e-05,0.001786
0,0.131636,0.098384,0.117752,-0.006653,0.119525,0.014087,0.002297,0.001717
0,0.00356,0.003208,-0.126243,-0.088825,-0.112681,-0.048656,6.2e-05,5.6e-05
0,0.087921,-0.061858,0.104917,-0.066584,0.071096,-0.098414,0.001535,0.00108
0,-0.046071,0.096435,-0.162928,0.188163,-0.156677,0.162221,0.000804,0.001683
0,-0.032299,-0.07526,0.00324,-0.158968,-0.00292,-0.157735,0.000564,0.001314
0,-0.10303,-0.134838,-0.048707,-0.038474,-0.050535,-0.001491,0.001798,0.002353
0,-0.131173,0.000374,-0.054997,0.149242,-0.07532,0.103507,0.002289,7e-06
0,-0.142672,0.026998,-0.006523,0.048547,-0.042007,0.032736,0.00249,0.000471
0,-0.149791,-0.114591,0.004405,-0.133683,-0.044909,-0.12599,0.002614,0.002
0,-0.165005,-0.080787,-0.044432,0.062657,-0.083076,0.089876,0.00288,0.00141
0,0.013539,-0.15637,0.163118,-0.080269,0.196071,-0.128713,0.000236,0.002729
0,-0.182336,0.061818,-0.185087,0.196684,-0.188743,0.17981,0.003182,0.001079
0,-0.177674,-0.021013,0.002995,-0.111908,0.028879,-0.130375,0.003101,0.000367
0,-0.114393,0.035272,0.034736,0.077006,0.068975,0.088478,0.001997,0.000616
0,-0.127799,-0.120255,-0.000441,-0.152876,0.026518,-0.157474,0.002231,0.002099
0,-0.091592,0.057864,0.053039,0.169346,0.08114,0.160103,0.001599,0.00101
0,-0.195256,-0.069715,-0.089683,-0.135724,-0.041315,-0.10674,0.003283,0.001217
0,-0.216069,0.097271,0.000239,0.17545,0.047258,0.166975,0.00292,0.001698
0,0.0119,-0.111083,0.207872,-0.232391,0.189671,-0.278036,0.000208,0.001939
0,0.06985,0.114251,0.072771,0.230724,0.08225,0.244112,0.001219,0.001994
0,0.075524,0.042025,-0.009279,-0.051636,0.012571,-0.003936,0.001318,0.000733
0,-0.118722,-0.116755,-0.164849,-0.186558,-0.138971,-0.176306,0.002072,0.002038
0,-0.095729,0.087615,0.001571,0.225306,-7.7e-05,0.234319,0.001671,0.001529
0,0.09501,0.136662,0.203818,0.045441,0.182338,0.08756,0.001658,0.002385
0,-0.09194,0.000142,-0.210374,-0.142531,-0.163222,-0.112265,0.001605,2e-06
0,-0.074246,0.16246,0.00151,0.138813,-0.026055,0.115818,0.001296,0.002835
0,0.059422,0.013011,0.161886,-0.137108,0.166576,-0.179735,0.001037,0.000227
0,0.012458,0.086273,-0.04857,0.07323,-0.051721,0.051306,0.000217,0.001506
0,0.102621,0.132625,0.100961,0.018299,0.120382,0.054238,0.001791,0.002315
0,0.02516,-0.063376,-0.082954,-0.191794,-0.073177,-0.208798,0.000439,0.001106
0,0.014565,0.06004,0.00766,0.104317,0.033169,0.149833,0.000254,0.001048
0,0.100356,0.061323,0.090468,0.007544,0.082039,0.00413,0.001752,0.00107
0,-0.038514,0.043424,-0.144521,0.005944,-0.158179,-0.022916,0.000672,0.000758
0,0.090647,-0.032621,0.124272,-0.068636,0.170622,-0.072302,0.001582,0.000569
0,0.111191,-0.015126,-0.002356,0.008981,-0.037669,0.019557,0.001941,0.000264
0,0.036371,0.014715,-0.084705,0.040497,-0.086777,0.081438,0.000635,0.000257
0,0.162213,0.033192,0.151486,0.019795,0.118302,0.023857,0.002831,0.000579
0,-0.060616,0.015558,-0.234646,-0.040646,-0.249882,-0.032384,0.001058,0.000272
0,0.207708,0.076279,0.284266,0.037824,0.270604,-0.005496,0.003066,0.001331
0,0.012266,0.13368,-0.169856,0.079776,-0.200086,0.116158,0.000214,0.002333
0,0.067008,-0.116827,0.07225,-0.275678,0.111062,-0.235264,0.00117,0.002039
0,0.173479,0.0075,0.08764,0.103688,0.098475,0.071665,0.003028,0.000131
0,0.048707,-0.108131,-0.123295,-0.11275,-0.127344,-0.128798,0.00085,0.001887
0,0.129351,-0.092789,0.081896,0.016448,0.124532,0.024871,0.002258,0.001619
0,-0.021624,-0.150507,-0.172928,-0.073072,-0.184212,-0.079843,0.000377,0.002627
0,0.04688,-0.015667,0.06641,0.130653,0.115583,0.105523,0.000818,0.000273
0,-0.025167,-0.136721,-0.084088,-0.12339,-0.045751,-0.084981,0.000439,0.002386
0,-0.11761,0.067644,-0.082578,0.192849,-0.047661,0.186547,0.002053,0.001181
0,-0.024995,-0.163196,0.063503,-0.219262,0.046097,-0.247999,0.000436,0.002848
0,-0.013645,0.040076,0.018639,0.20901,0.010573,0.18084,0.000238,0.000699
0,0.161393,-0.103802,0.157228,-0.142738,0.197243,-0.137997,0.002817,0.001812
0,0.036322,-0.143356,-0.15097,-0.06354,-0.168029,-0.018176,0.000634,0.002502
0,0.107475,-0.077404,0.093576,0.069366,0.134328,0.071217,0.001876,0.001351
0,0.131834,-0.210597,-0.000638,-0.145474,0.030669,-0.193645,0.002301,0.003015
0,-0.019956,-0.143361,-0.155529,0.040601,-0.197271,0.056159,0.000348,0.002502
0,0.148935,-0.026452,0.158137,0.133071,0.150208,0.173427,0.002599,0.000462
0,-0.036917,-0.087465,-0.157736,-0.075469,-0.18767,-0.113592,0.000644,0.001527
0,0.229907,0.104472,0.26224,0.199407,0.278071,0.245527,0.002678,0.001823
0,-0.040937,-0.105483,-0.283422,-0.217762,-0.265218,-0.262458,0.000714,0.001841
0,0.214001,0.111267,0.257985,0.242468,0.242008,0.27587,0.002956,0.001942
0,0.009024,-0.040618,-0.179455,-0.127558,-0.199401,-0.1006,0.000157,0.000709
0,0.162137,-0.128329,0.169812,-0.068533,0.198634,-0.063136,0.00283,0.00224
0,0.171772,0.081834,0.036017,0.227615,0.065822,0.181892,0.002998,0.001428
0,0.224556,0.110268,0.024712,0.009063,0.016969,0.034141,0.002772,0.001925
0,0.193844,-0.021589,-0.038069,-0.135664,-0.03616,-0.182428,0.003308,0.000377
0,0.248551,0.099304,0.073716,0.133593,0.043146,0.158923,0.002353,0.001733
0,0.096276,-0.138592,-0.177036,-0.250913,-0.226931,-0.281247,0.00168,0.002419
0,0.059273,-0.080705,-0.058715,0.065175,-0.06059,0.080976,0.001035,0.001409
0,0.046975,-0.130701,-0.013045,-0.044824,0.026803,-0.039778,0.00082,0.002281
0,0.143735,0.047641,0.079181,0.180055,0.04036,0.139547,0.002509,0.000831
0,-0.000508,-0.116991,-0.119622,-0.187584,-0.12787,-0.207188,9e-06,0.002042
0,0.20455,-0.054826,0.18138,0.055578,0.172106,0.054558,0.003121,0.000957
0,-0.059371,0.102173,-0.237991,0.162994,-0.249705,0.126005,0.001036,0.001783
0,-0.064171,-0.093341,-0.001211,-0.166738,-0.033746,-0.129247,0.00112,0.001629
0,-0.001019,-0.060468,0.058554,0.00393,0.055928,-0.032496,1.8e-05,0.001055
0,0.213079,-0.085318,0.203453,0.004243,0.245488,0.043272,0.002972,0.001489
0,0.193208,-0.056373,-0.008134,0.033197,0.01937,-0.008867,0.003319,0.000984
0,0.206066,-0.074878,0.000972,-0.047853,0.045617,-0.018019,0.003094,0.001307
0,0.109379,-0.101197,-0.107148,-0.051364,-0.061883,-0.086503,0.001909,0.001766
0,0.139869,-0.105766,0.049316,-0.023956,0.055453,0.00654,0.002441,0.001846
0,0.069457,-0.064925,-0.097889,0.061902,-0.116487,0.01931,0.001212,0.001133
0,0.156874,-0.083087,0.079163,-0.006985,0.112671,-0.038501,0.002738,0.00145
0,0.152482,0.021033,-0.019804,0.090589,-0.052389,0.12761,0.002661,0.000367
0,0.010596,-0.116351,-0.155592,-0.127774,-0.137493,-0.110301,0.000185,0.002031
0,0.046369,-0.112273,0.031161,0.011376,0.015686,-0.037332,0.000809,0.00196
0,0.280223,0.016326,0.228919,0.147211,0.17967,0.162507,0.0018,0.000285
0,0.12362,0.089587,-0.17397,0.065364,-0.220407,0.027139,0.002158,0.001564
0,0.245568,-0.03844,0.146027,-0.132559,0.135165,-0.116632,0.002405,0.000671
0,0.23119,-0.067599,-0.006084,-0.030594,0.00863,-0.012884,0.002656,0.00118
0,0.104287,-0.177539,-0.156224,-0.083759,-0.196175,-0.044107,0.00182,0.003099
0,0.190313,0.077828,0.065156,0.237665,0.016775,0.190693,0.003322,0.001358
0,0.336773,-0.025734,0.157088,-0.079679,0.166878,-0.054077,0.000813,0.000449
0,0.24692,-0.024274,-0.07382,-0.021608,-0.068352,-0.058192,0.002381,0.000424
0,0.305287,-0.121537,0.081187,-0.111955,0.081135,-0.160603,0.001363,0.002121
0,0.315246,-0.012956,0.01981,0.124206,-0.003737,0.130317,0.001189,0.000226
0,0.03571,-0.166221,-0.306342,-0.16848,-0.321419,-0.180778,0.000623,0.002901
0,0.151647,-0.121573,0.097804,0.049287,0.054085,0.085393,0.002647,0.002122
0,0.259549,-0.091536,0.109839,0.042648,0.147249,0.034308,0.002161,0.001598
0,-1.040492,0.107385,-1.321355,0.226503,-1.273846,0.261872,0.001912,0.001874
0,-2.821821,-0.065573,-1.776959,-0.150334,-1.787235,-0.103178,0.002414,0.001144
0,-3.226793,-0.132348,-0.38049,-0.039466,-0.422967,-0.080413,0.002792,0.00231
0,-2.894618,-0.139536,0.330828,0.013102,0.322693,-0.030718,0.003006,0.002435
0,-2.436839,0.119087,0.455102,0.280798,0.499087,0.26194,0.002386,0.002078
0,-1.757269,0.055161,0.706588,-0.039735,0.731543,0.006964,0.002784,0.000963
0,-0.971619,0.055048,0.801189,0.019315,0.835277,-0.013502,0.003114,0.000961
0,-0.522747,-0.03481,0.437342,-0.077731,0.486998,-0.080263,0.002433,0.000608
0,-0.161699,0.080143,0.378453,0.133293,0.404821,0.096866,0.002822,0.001399
0,-0.066767,-0.023686,0.09138,-0.122417,0.139364,-0.113762,0.001165,0.000413
0,-0.151696,0.125273,-0.080057,0.15364,-0.103646,0.169222,0.002648,0.002186
0,-0.068178,0.094819,0.113483,-0.048281,0.137451,-0.017019,0.00119,0.001655
0,0.113638,0.001014,0.190494,-0.104022,0.18601,-0.087223,0.001983,1.8e-05
0,0.041193,0.055264,-0.098212,0.064564,-0.135783,0.06424,0.000719,0.000965
0,0.140684,-0.10964,0.089688,-0.142491,0.128155,-0.160576,0.002455,0.001914
0,0.219163,0.062758,0.10587,0.198712,0.146976,0.234667,0.002866,0.001095
0,0.103527,-0.063596,-0.140159,-0.139897,-0.096993,-0.186717,0.001807,0.00111
0,0.024299,-0.153873,-0.092531,-0.110434,-0.09704,-0.14044,0.000424,0.002686
0,0.076814,0.081987,0.02859,0.24136,0.019775,0.25161,0.001341,0.001431
0,-0.076907,-0.024307,-0.182453,-0.085252,-0.158527,-0.091869,0.001342,0.000424
0,-0.066453,-0.050167,0.020705,-0.000504,0.025797,0.003305,0.00116,0.000876
0,-0.002242,0.08875,0.050132,0.136053,0.092048,0.111593,3.9e-05,0.001549
0,-0.116451,-0.113996,-0.137151,-0.183002,-0.104193,-0.218925,0.002032,0.00199
0,-0.086399,0.055239,0.056227,0.175922,0.06481,0.161059,0.001508,0.000964
0,0.115126,-0.001961,0.180242,-0.035056,0.153587,-0.076983,0.002009,3.4e-05
0,0.090397,0.08124,-0.054337,0.108759,-0.079114,0.067705,0.001578,0.001418
0,0.005534,-0.010449,-0.082252,-0.063864,-0.033897,-0.039332,9.7e-05,0.000182
0,-0.085614,-0.049456,-0.106585,-0.017491,-0.122102,-0.034903,0.001494,0.000863
0,0.000235,0.107583,0.087811,0.186915,0.055635,0.205978,4e-06,0.001878
0,0.173971,0.0005,0.183157,-0.106789,0.169245,-0.094691,0.003036,9e-06
0,-0.119752,0.067839,-0.264728,0.085728,-0.300521,0.058568,0.00209,0.001184
0,-0.007787,-0.061235,0.112956,-0.145961,0.159366,-0.1176,0.000136,0.001069
0,0.060951,0.153928,0.065249,0.193668,0.033948,0.172737,0.001064,0.002687
0,-0.12318,0.065234,-0.169008,-0.109224,-0.131866,-0.087249,0.00215,0.001139
0,-0.153834,0.008972,-0.051494,-0.075788,-0.100304,-0.033078,0.002685,0.000157
0,-0.004957,-0.021947,0.140708,-0.011507,0.128618,-0.018152,8.7e-05,0.000383
0,-0.0696,0.030231,-0.064709,0.054468,-0.053101,0.052476,0.001215,0.000528
0,-0.143394,-0.119065,-0.055558,-0.122802,-0.027165,-0.11284,0.002503,0.002078
0,-0.103748,0.005149,0.025744,0.118716,0.049497,0.103331,0.001811,9e-05
0,-0.091236,-0.107459,0.039183,-0.119707,-0.009324,-0.116935,0.001592,0.001876
0,-0.131118,-0.101643,-0.03824,-0.018743,-0.049021,0.019429,0.002288,0.001774
0,-0.082443,0.000664,0.034401,0.112344,0.011386,0.134314,0.001439,1.2e-05
0,-0.207229,-0.071353,-0.117065,-0.074217,-0.113587,-0.09866,0.003074,0.001245
0,-0.161019,-0.20449,0.049882,-0.135203,0.094249,-0.175325,0.00281,0.003122
0,0.036615,-0.15669,0.216016,0.066234,0.177377,0.088015,0.000639,0.002735
0,-0.028314,-0.064891,-0.057533,0.081306,-0.094564,0.070279,0.000494,0.001133
0,-0.040771,-0.236785,0.014367,-0.17797,0.044371,-0.158522,0.000712,0.002558
0,-0.110853,-0.111267,-0.043956,0.099542,-0.019686,0.093499,0.001935,0.001942
0,-0.122882,-0.207689,0.000984,-0.120488,-0.002084,-0.135539,0.002145,0.003066
0,-0.053342,0.008678,0.078357,0.190778,0.031693,0.178387,0.000931,0.000151
0,-0.044627,-0.182057,-0.011215,-0.182198,-0.012525,-0.171965,0.000779,0.003177
0,-0.101118,-0.159204,-0.074748,-0.000275,-0.10163,0.048194,0.001765,0.002779
0,-0.163939,-0.113895,-0.04671,0.066825,-0.034486,0.028409,0.002861,0.001988
0,-0.132202,0.017112,0.039655,0.119537,0.050648,0.166764,0.002307,0.000299
0,0.080895,-0.073414,0.213594,-0.091381,0.211275,-0.064684,0.001412,0.001281
0,-0.104202,-0.013347,-0.209483,0.037437,-0.231235,0.043513,0.001819,0.000233
0,0.037609,-0.013682,0.1395,0.02422,0.115464,0.055792,0.000656,0.000239
0,-0.075402,-0.034962,-0.104536,-0.04289,-0.074625,-0.063454,0.001316,0.00061
0,-0.080641,-0.088767,-0.007854,-0.042364,-0.028455,-0.071643,0.001407,0.001549
0,0.061728,0.091095,0.123939,0.153638,0.12814,0.178156,0.001077,0.00159
0,-0.127238,0.07906,-0.186623,-0.001737,-0.230701,0.023757,0.002221,0.00138
0,0.000893,0.020553,0.104764,-0.053218,0.096047,-0.065287,1.6e-05,0.000359
0,-0.057944,0.093583,-0.083319,0.081484,-0.089572,0.066445,0.001011,0.001633
0,-0.072732,0.027056,0.003603,-0.077091,0.043986,-0.084492,0.001269,0.000472
0,-0.157857,-0.104466,-0.06613,-0.144568,-0.030407,-0.161262,0.002755,0.001823
0,-0.017988,-0.028655,0.12287,0.086726,0.157165,0.111078,0.000314,0.0005
0,-0.173878,0.002544,-0.146968,0.058631,-0.116048,0.073387,0.003035,4.4e-05
0,-0.16734,0.05072,-1.9e-05,0.069749,0.047178,0.07621,0.002921,0.000885
0,-0.025791,-0.155718,0.121207,-0.201266,0.161916,-0.194275,0.00045,0.002718
0,-0.150157,0.11483,-0.12675,0.257427,-0.084864,0.258176,0.002621,0.002004
0,-0.232749,0.027412,-0.112224,-0.097532,-0.092687,-0.07364,0.002629,0.000478
0,-0.082977,0.103039,0.125896,0.072377,0.08473,0.037515,0.001448,0.001798
0,-0.04645,-0.025073,0.056351,-0.120585,0.078462,-0.108379,0.000811,0.000438
0,-0.175781,0.011981,-0.111154,0.017381,-0.120238,0.026467,0.003068,0.000209
0,-0.011145,-0.07976,0.156367,-0.088736,0.143302,-0.042908,0.000195,0.001392
0,-0.076692,0.124397,-0.04625,0.174977,0.001278,0.214941,0.001339,0.002171
0,0.063746,0.094487,0.165816,-0.024276,0.143054,-0.039812,0.001113,0.001649
0,-0.109167,-0.084212,-0.144488,-0.205379,-0.166122,-0.244176,0.001905,0.00147
0,-0.195495,0.026436,-0.100832,0.109052,-0.065817,0.088314,0.003279,0.000461
0,-0.095097,-0.047435,0.127317,-0.094945,0.144627,-0.086389,0.00166,0.000828
0,0.084175,-0.074117,0.17769,-0.000694,0.161129,0.044094,0.001469,0.001294
0,0.028717,-0.086813,-0.060851,0.00335,-0.035238,-0.006269,0.000501,0.001515
0,0.04952,-0.171472,0.034073,-0.06383,-0.011587,-0.080284,0.000864,0.002993
0,0.021985,-0.066975,-0.021261,0.106236,-0.036101,0.11244,0.000384,0.001169
0,0.032004,0.027001,-0.003735,0.106678,-0.047284,0.152044,0.000559,0.000471
0,-0.039464,-0.037352,-0.084039,-0.04985,-0.034624,-0.081894,0.000689,0.000652
0,-0.031905,-0.088417,-0.019364,-0.028912,-0.034525,-0.032354,0.000557,0.001543
0,-0.07695,-0.031206,-0.015997,0.054259,-0.049274,0.097092,0.001343,0.000545
0,0.961425,0.268523,1.043264,0.278367,1.086654,0.310064,0.003292,0.002004
0,3.272241,0.551096,2.336574,0.296772,2.334846,0.288485,0.003106,0.002928
0,4.369646,0.873721,1.071274,0.299914,1.048742,0.3072,0.002666,0.001868
0,5.78164,0.843842,1.396201,-0.057511,1.403979,-0.012589,0.000546,0.001346
0,5.677149,0.991116,-0.095621,0.126314,-0.09614,0.15975,0.001277,0.002774
0,4.425818,0.73725,-1.226921,-0.275362,-1.205895,-0.23697,0.003045,0.000514
0,3.094986,0.469898,-1.350491,-0.272716,-1.38392,-0.312445,0.000491,0.00151
0,1.680741,0.399105,-1.433711,-0.086341,-1.421092,-0.047614,0.002571,0.000275
0,0.98686,0.210369,-0.667561,-0.179455,-0.702335,-0.169536,0.002848,0.003019
0,0.315067,0.170439,-0.662734,-0.059801,-0.618779,-0.070235,0.001192,0.002975
0,0.077795,-0.094228,-0.232113,-0.242273,-0.264264,-0.282103,0.001358,0.001645
0,-0.023286,0.047376,-0.089411,0.119718,-0.119652,0.086879,0.000406,0.000827
0,-0.325992,-0.084019,-0.276911,-0.157677,-0.228714,-0.130281,0.001001,0.001466
0,-0.270123,-0.100101,0.038069,-0.0063,0.059286,-0.009448,0.001976,0.001747
0,-0.261009,0.031339,-0.003866,0.143379,-0.041526,0.141734,0.002135,0.000547
0,-0.157157,-0.050517,0.084682,-0.087585,0.077167,-0.093674,0.002743,0.000882
0,-0.21549,-0.027753,-0.06413,0.000386,-0.056634,0.041738,0.00293,0.000484
0,-0.295034,0.027414,-0.060006,0.058863,-0.02208,0.058024,0.001542,0.000478
0,-0.025532,-0.053561,0.298595,-0.07852,0.299869,-0.029916,0.000446,0.000935
0,0.107066,-0.077355,0.160866,-0.037851,0.189663,-0.055686,0.001869,0.00135
0,-0.140348,-0.092609,-0.230609,-0.013953,-0.274923,0.027445,0.00245,0.001616
0,0.094489,-0.235914,0.228775,-0.148236,0.261153,-0.132088,0.001649,0.002573
0,0.084937,-0.148311,-0.03083,0.085821,-0.017146,0.065785,0.001482,0.002589
0,0.063335,-0.190134,-0.046316,-0.025514,0.002079,-0.034069,0.001105,0.003318
0,-0.026952,0.029833,-0.079337,0.213492,-0.061084,0.236524,0.00047,0.000521
0,0.127831,0.07652,0.16553,0.055111,0.141156,0.099774,0.002231,0.001336
0,-0.012526,-0.006568,-0.112103,-0.097943,-0.158173,-0.074736,0.000219,0.000115
0,0.167102,-0.111368,0.16263,-0.11014,0.163359,-0.088905,0.002916,0.001944
0,0.003124,-0.122029,-0.183677,0.014501,-0.188881,0.008682,5.5e-05,0.00213
0,0.011409,-0.069005,0.028197,0.062776,0.061454,0.101514,0.000199,0.001204
0,0.112483,0.08531,0.096696,0.158138,0.071876,0.136994,0.001963,0.001489
0,-0.087567,0.109062,-0.175209,0.029046,-0.225081,0.008979,0.001528,0.001903
0,0.021596,0.132803,0.108838,0.050757,0.069242,0.097321,0.000377,0.002318
0,-0.045183,0.056251,-0.048008,-0.049094,-0.071835,-0.085363,0.000789,0.000982
0,-0.132187,-0.07998,-0.115391,-0.146802,-0.138045,-0.177,0.002307,0.001396
0,-0.082172,-0.019424,0.068815,0.053193,0.055694,0.065135,0.001434,0.000339
0,-0.165389,-0.063968,-0.064972,-0.043014,-0.034151,-0.078728,0.002887,0.001116
0,-0.036918,0.12666,0.129091,0.170604,0.169663,0.195966,0.000644,0.002211
0,-0.059338,0.10706,-0.032607,-0.032664,-0.007889,-0.03061,0.001036,0.001869
0,-0.083745,0.174311,-0.016917,0.042542,-0.027078,-0.006679,0.001462,0.003042
0,-0.067162,-0.087062,0.026421,-0.248012,-0.023429,-0.276993,0.001172,0.00152
0,0.180809,0.018777,0.233539,0.124119,0.218828,0.128403,0.003156,0.000328
0,-0.035098,-0.011353,-0.207356,-0.050436,-0.205366,-0.070262,0.000613,0.000198
0,0.048139,0.006304,0.083223,0.015989,0.055246,0.038795,0.00084,0.00011
0,0.000922,0.057627,-0.074807,0.023418,-0.066253,-0.005537,1.6e-05,0.001006
0,-0.030129,0.04562,-0.035593,0.017927,-0.017285,0.03606,0.000526,0.000796
0,0.013446,0.155124,0.036737,0.114368,0.020789,0.144132,0.000235,0.002707
0,0.067172,0.174175,0.076558,0.048822,0.054521,0.061772,0.001172,0.00304
0,-0.001754,0.051647,-0.066389,-0.100723,-0.038662,-0.08172,3.1e-05,0.000901
0,-0.050431,0.124244,-0.027678,0.070545,0.006094,0.028409,0.00088,0.002168
0,-0.086512,0.120255,-0.038592,-0.002124,-0.053486,-0.007081,0.00151,0.002099
0,0.065018,0.069061,0.166363,-0.06682,0.210506,-0.022612,0.001135,0.001205
0,-0.013348,-0.069095,-0.072304,-0.143155,-0.07382,-0.107601,0.000233,0.001206
0,-0.092457,0.103276,-0.078817,0.184268,-0.113601,0.162406,0.001614,0.001803
0,-0.004368,0.137904,0.071817,0.011447,0.067921,0.058164,7.6e-05,0.002407
0,0.154294,0.14979,0.172938,0.029546,0.186034,0.014758,0.002693,0.002614
0,0.031141,-0.100502,-0.152385,-0.248281,-0.189033,-0.228074,0.000544,0.001754
0,0.007294,0.101415,-0.045389,0.228085,-0.079117,0.231083,0.000127,0.00177
0,-0.066571,-0.059276,-0.101336,-0.173054,-0.131716,-0.183758,0.001162,0.001035
0,0.091885,-0.094462,0.188005,-0.017574,0.189092,0.021623,0.001604,0.001649
0,0.12235,-0.102171,0.043831,-0.034554,0.057962,0.002426,0.002135,0.001783
0,-0.044387,0.032917,-0.139886,0.148243,-0.168459,0.157995,0.000775,0.000575
0,0.132365,-0.040284,0.179156,-0.080047,0.204225,-0.116704,0.00231,0.000703
0,0.135283,-0.138719,0.000966,-0.116753,0.002392,-0.166431,0.002361,0.002421
0,0.085115,0.028529,-0.046669,0.173411,-0.062281,0.133515,0.001486,0.000498
0,0.117212,0.081156,0.021525,0.047257,-0.014738,0.015124,0.002046,0.001416
0,0.247409,0.070965,0.11019,0.015777,0.142149,0.049611,0.002373,0.001239
0,0.330123,-0.12221,0.057673,-0.178183,0.091583,-0.134913,0.000929,0.002133
0,0.27,-0.079075,-0.048709,0.04398,-0.015152,0.017338,0.001978,0.00138
0,0.072671,-0.017771,-0.215873,0.08844,-0.179101,0.124637,0.001268,0.00031
0,0.002272,0.023211,-0.046361,0.025418,-0.072303,0.060633,4e-05,0.000405
0,0.254075,0.034517,0.2548,0.003263,0.253586,0.01521,0.002256,0.000602
0,0.204429,0.111037,-0.030021,0.072575,0.005235,0.055732,0.003123,0.001938
0,0.098108,-0.045134,-0.078528,-0.180415,-0.068976,-0.159262,0.001712,0.000788
0,-0.013533,0.116948,-0.133197,0.143049,-0.117288,0.096678,0.000236,0.002041
0,0.147013,0.022296,0.145838,-0.075688,0.140658,-0.052551,0.002566,0.000389
0,0.115975,0.015142,-0.010009,0.006399,-0.020554,-0.034909,0.002024,0.000264
0,0.120654,0.016352,-0.019218,0.017766,0.003989,0.015864,0.002106,0.000285
0,0.100115,-0.108181,0.008551,-0.142858,-0.039535,-0.145228,0.001747,0.001888
0,0.104825,0.085703,-0.021219,0.177012,0.00359,0.166094,0.00183,0.001496
0,-0.029207,-0.09541,-0.156224,-0.208308,-0.118017,-0.193507,0.00051,0.001665
0,0.114072,0.058488,0.126168,0.136993,0.085705,0.108961,0.001991,0.001021
0,-0.090413,0.118935,-0.176432,0.050842,-0.189292,0.008953,0.001578,0.002076
0,0.093739,-0.092565,0.155884,-0.197864,0.122069,-0.222251,0.001636,0.001616
0,-0.09597,0.015861,-0.169649,0.096041,-0.156928,0.09068,0.001675,0.000277
0,0.093227,-0.075064,0.207195,-0.089396,0.164101,-0.119333,0.001627,0.00131
0,0.044326,-0.163336,-0.064472,-0.10492,-0.069853,-0.081088,0.000774,0.002851
0,0.022291,-0.078737,-0.027039,0.077853,-0.068568,0.094316,0.000389,0.001374
0,0.075594,-0.112381,0.054111,-0.013847,0.005471,-0.040719,0.001319,0.001961
0,0.170071,-0.013824,0.1024,0.127639,0.131126,0.110928,0.002968,0.000241
0,0.070631,-0.114842,-0.102768,-0.072115,-0.137256,-0.055917,0.001233,0.002004
0,0.034753,0.086117,-0.050308,0.220102,-0.075223,0.254176,0.000607,0.001503
0,0.170846,0.011608,0.1091,-0.099163,0.103904,-0.092416,0.002982,0.000203
0,0.195417,-0.116696,0.020067,-0.136895,0.054413,-0.164168,0.00328,0.002037
0,0.112807,0.024035,-0.076339,0.149516,-0.050733,0.197133,0.001969,0.000419
0,0.168419,-0.031032,0.078298,-0.065883,0.040479,-0.097927,0.002939,0.000542
0,0.13307,0.105848,-0.017195,0.119749,-0.02173,0.139039,0.002323,0.001847
0,0.039601,-0.126281,-0.069173,-0.211549,-0.097942,-0.239252,0.000691,0.002204
0,0.027501,-0.026156,-0.041797,0.112738,-0.015312,0.109891,0.00048,0.000457
0,0.022986,-0.005925,-0.024489,0.026215,0.018631,-0.018858,0.000401,0.000103
0,0.180851,-0.082434,0.171986,-0.095709,0.209953,-0.076954,0.003156,0.001439
0,-0.124152,0.113088,-0.279794,0.197908,-0.308185,0.151643,0.002167,0.001974
0,0.096401,0.160849,0.24504,0.041359,0.254867,0.089153,0.001683,0.002807
0,0.052939,0.001347,-0.054998,-0.159984,-0.08791,-0.148619,0.000924,2.4e-05
0,0.028163,-0.009898,-0.009195,0.003312,0.001629,-0.01136,0.000492,0.000173
0,-0.040503,-0.047912,-0.073118,-0.042949,-0.031248,-0.09203,0.000707,0.000836
0,-0.038882,-0.006837,-0.026369,0.037057,-0.074407,0.036463,0.000679,0.000119
0,-0.015054,0.048468,0.032694,0.075598,0.045474,0.048595,0.000263,0.000846
0,0.048479,0.090975,0.090241,0.028969,0.09848,0.055563,0.000846,0.001588
0,-0.084459,-0.081262,-0.121921,-0.174829,-0.144552,-0.185793,0.001474,0.001418
0,0.12667,-0.032572,0.235022,0.043155,0.236766,0.091327,0.002211,0.000568
0,0.162469,0.001907,0.013486,0.027819,0.006491,0.062499,0.002836,3.3e-05
0,0.013786,0.055157,-0.152751,0.044913,-0.171083,0.080454,0.000241,0.000963
0,0.125378,-0.145863,0.099921,-0.230332,0.145181,-0.273359,0.002188,0.002546
0,0.108713,0.005441,0.012959,0.15691,0.030524,0.123033,0.001897,9.5e-05
0,-0.067873,-0.142447,-0.20648,-0.148756,-0.232337,-0.106427,0.001185,0.002486
0,-0.022001,0.091448,0.065612,0.236187,0.039277,0.213043,0.000384,0.001596
0,-0.021695,-0.026868,-0.026603,-0.116713,-0.058674,-0.092115,0.000379,0.000469
0,0.206824,0.067348,0.222887,0.104548,0.248284,0.078917,0.003081,0.001175
0,0.179926,0.007213,-0.049064,-0.06116,-0.023314,-0.022074,0.00314,0.000126
0,0.142435,0.020301,-0.060903,0.040076,-0.04069,-0.001809,0.002486,0.000354
0,0.116938,0.153033,0.000474,0.105191,0.03407,0.114103,0.002041,0.002671
0,0.052223,0.158827,-0.083446,-0.017024,-0.08668,0.029369,0.000911,0.002772
0,0.21896,-0.065853,0.153416,-0.248571,0.201151,-0.25797,0.002869,0.001149
0,0.161953,-0.019727,-0.076023,0.07104,-0.077755,0.098661,0.002827,0.000344
0,0.147238,-0.028864,0.007615,0.003445,-0.00826,-0.037245,0.00257,0.000504
0,0.146919,0.047901,-0.010244,0.082048,-0.015659,0.065084,0.002564,0.000836
0,0.243096,0.065113,0.11264,0.028166,0.085926,0.067235,0.002448,0.001136
0,0.125793,0.075811,-0.114283,0.014648,-0.158602,0.001029,0.002196,0.001323
0,0.294292,0.178601,0.183725,0.095377,0.212499,0.082606,0.001554,0.003117
0,0.147331,0.137527,-0.164318,-0.047339,-0.205836,-0.070048,0.002571,0.0024
0,0.171392,-0.08329,0.049309,-0.232349,0.05396,-0.215,0.002991,0.001454
0,0.154541,0.13334,0.000142,0.236062,-0.007033,0.274612,0.002697,0.002327
0,0.09157,-0.051231,-0.049179,-0.179776,-0.091956,-0.184339,0.001598,0.000894
0,0.202708,0.001983,0.106929,0.049198,0.065317,0.031521,0.003153,3.5e-05
0,0.183196,0.03102,-0.002308,0.034158,-0.043194,0.023496,0.003197,0.000541
0,0.20649,-0.130342,0.046746,-0.172961,0.026339,-0.171631,0.003087,0.002275
0,0.130829,-0.129165,-0.074398,0.026633,-0.048209,0.057358,0.002283,0.002254
0,0.313697,-0.121915,0.187445,-0.00227,0.200636,0.043985,0.001216,0.002128
0,0.03079,-0.14143,-0.263265,-0.016473,-0.250123,-0.019096,0.000537,0.002468
0,0.075778,0.136374,0.031877,0.29768,0.047297,0.314428,0.001323,0.00238
0,0.184911,-0.141103,0.109491,-0.25657,0.144567,-0.258364,0.003227,0.002463
0,0.154754,0.086087,-0.056264,0.197277,-0.094656,0.156998,0.002701,0.001503
0,0.269827,-0.109191,0.107102,-0.222858,0.093234,-0.173527,0.001981,0.001906
0,0.094669,0.13408,-0.149686,0.248443,-0.163336,0.213466,0.001652,0.00234
0,0.155663,-0.075543,0.066934,-0.213102,0.070253,-0.248025,0.002717,0.001318
0,0.19558,0.091569,0.04888,0.192287,0.010449,0.198828,0.003277,0.001598
0,0.22059,0.12515,0.027044,0.060615,0.046444,0.107497,0.002841,0.002184
0,0.189685,0.039755,-0.057909,-0.107462,-0.011567,-0.071132,0.003311,0.000694
0,0.067241,-0.021542,-0.11581,-0.045712,-0.102953,-0.088057,0.001174,0.000376
0,0.138928,-0.025072,0.046487,0.024554,-0.002713,0.036262,0.002425,0.000438
0,0.060712,0.117037,-0.092402,0.14703,-0.069881,0.161428,0.00106,0.002043
0,-0.075622,-0.102041,-0.114439,-0.211504,-0.127844,-0.251894,0.00132,0.001781
0,0.107619,-0.123454,0.172609,-0.042508,0.155255,-0.083156,0.001878,0.002155
0,0.094842,-0.038836,-0.028279,0.085444,-0.067945,0.084862,0.001655,0.000678
0,0.192529,0.057685,0.070778,0.081072,0.101017,0.120529,0.003331,0.001007
0,0.043151,-0.127407,-0.148629,-0.183609,-0.165965,-0.153907,0.000753,0.002224
0,0.229618,0.117974,0.185829,0.267641,0.192818,0.311577,0.002683,0.002059
0,0.040797,0.051279,-0.197622,-0.071287,-0.223702,-0.076803,0.000712,0.000895
0,0.033942,0.023997,0.021383,-0.028547,0.026843,-0.029436,0.000592,0.000419
0,0.053594,-0.051505,0.049651,-0.070728,0.001819,-0.052526,0.000935,0.000899
0,0.150209,-0.109943,0.126453,-0.057896,0.087873,-0.052491,0.002622,0.001919
0,0.049834,-0.075307,-0.108019,0.019768,-0.137973,0.069185,0.00087,0.001314
0,0.218011,0.150201,0.155854,0.219339,0.20068,0.228449,0.002886,0.002622
0,0.223177,0.106952,0.029661,-0.023556,-0.006134,-0.067586,0.002796,0.001867
0,0.026428,-0.021946,-0.224938,-0.125404,-0.191802,-0.130329,0.000461,0.000383
0,0.002648,-0.059539,-0.008155,-0.038363,-0.044366,-0.013345,4.6e-05,0.001039
0,0.185387,0.123871,0.161575,0.156684,0.166745,0.16679,0.003236,0.002162
0,0.130652,0.042613,-0.031092,-0.060909,-0.064012,-0.067941,0.00228,0.000744
0,0.182058,0.035785,0.039217,-0.015376,0.039541,0.004146,0.003178,0.000625
0,0.142415,0.048068,-0.023452,0.008895,0.021672,-0.023804,0.002486,0.000839
0,0.073913,0.051181,-0.049389,-0.013277,-0.026832,-0.027658,0.00129,0.000893
0,0.288124,0.000901,0.225216,-0.078034,0.219852,-0.094077,0.001662,1.6e-05
0,0.136678,0.09682,-0.176893,0.10043,-0.178141,0.06367,0.002385,0.00169
0,0.252864,-0.01239,0.094777,-0.133649,0.084577,-0.100848,0.002278,0.000216
0,0.25559,-0.14651,-0.025598,-0.139086,0.019628,-0.094869,0.00223,0.002557
0,0.132175,-0.105943,-0.152932,0.013575,-0.18833,0.008118,0.002307,0.001849
0,0.125087,0.078432,-0.010991,0.192134,-0.026662,0.216497,0.002183,0.001369
0,0.074498,0.154473,-0.057734,0.103634,-0.05357,0.127228,0.0013,0.002696
0,0.186711,-0.025054,0.138967,-0.169623,0.159439,-0.146478,0.003259,0.000437
0,0.256152,0.026426,0.044462,0.060214,0.070829,0.047307,0.00222,0.000461
0,0.203483,-0.029484,-0.064289,-0.034734,-0.023477,-0.032422,0.003139,0.000515
0,0.392127,0.03634,0.182813,0.095743,0.177865,0.122154,0.000153,0.000634
0,0.27847,0.053204,-0.130382,-0.006838,-0.157055,0.028674,0.001831,0.000929
0,0.321806,-0.053542,0.036138,-0.08491,0.068137,-0.050828,0.001074,0.000934
0,0.205541,-0.060719,-0.095914,0.019508,-0.063986,-0.026383,0.003103,0.00106
0,0.256194,-0.104028,0.033055,-0.030265,0.02607,-0.039185,0.002219,0.001816
0,0.259916,-0.037698,0.002446,0.038723,0.024049,0.054402,0.002154,0.000658
0,0.087754,0.138063,-0.142954,0.176507,-0.121107,0.161191,0.001532,0.00241
0,0.080067,0.052454,-0.034805,-0.062268,0.007615,-0.108881,0.001397,0.000916
0,0.187082,0.061383,0.121306,0.027026,0.169165,0.002592,0.003265,0.001071
0,0.1094,0.155831,-0.095799,0.120618,-0.051119,0.143027,0.001909,0.00272
0,0.168311,0.092537,0.037226,-0.082012,0.043076,-0.046084,0.002938,0.001615
0,-0.018389,0.105328,-0.17769,0.040168,-0.165568,0.050703,0.000321,0.001838
0,0.056651,-0.049718,0.103992,-0.182039,0.134127,-0.194775,0.000989,0.000868
0,0.003249,-0.100882,-0.053163,-0.080381,-0.083546,-0.050807,5.7e-05,0.001761
0,-0.069913,-0.067817,-0.067489,0.034733,-0.036336,0.06399,0.00122,0.001184
0,-0.090977,-0.052558,-0.048042,0.010014,-0.034348,-0.009607,0.001588,0.000917
0,0.100032,-0.054203,0.182723,0.018475,0.145252,0.025701,0.001746,0.000946
0,0.014013,0.10593,-0.085157,0.163705,-0.063273,0.195385,0.000245,0.001849
0,-0.134851,-0.153098,-0.166547,-0.238342,-0.150705,-0.215727,0.002354,0.002672
0,-0.102849,-0.116342,0.005628,0.055094,-0.036261,0.102368,0.001795,0.002031
0,-0.156614,-0.028989,-0.035141,0.065308,-0.081432,0.077253,0.002733,0.000506
0,-0.261668,-0.019357,-0.099962,0.007711,-0.058675,0.054475,0.002124,0.000338
0,-0.266685,-0.092447,0.005083,-0.043096,0.026542,-0.063078,0.002036,0.001614
0,-0.231776,-0.020477,0.006248,0.067138,0.047154,0.040622,0.002646,0.000357
0,0.076461,-0.08959,0.323472,-0.084775,0.365163,-0.090761,0.001334,0.001564
0,-0.110101,-0.105937,-0.200705,-0.008909,-0.185773,-0.018149,0.001922,0.001849
0,-0.096054,0.124557,-0.000569,0.241969,0.021489,0.205196,0.001676,0.002174
0,-0.136602,-0.03989,-0.039288,-0.158693,-0.054447,-0.160988,0.002384,0.000696
0,0.014158,0.103228,0.126391,0.130042,0.108039,0.123288,0.000247,0.001802
0,0.026896,-0.075431,0.02579,-0.206931,0.010039,-0.189097,0.000469,0.001317
0,-0.043287,-0.138893,-0.076684,-0.061319,-0.107231,-0.051819,0.000756,0.002424
0,-0.059197,-0.037913,0.006108,0.113838,0.054234,0.091949,0.001033,0.000662
0,-0.17178,-0.022861,-0.113008,-0.00675,-0.077528,-0.03921,0.002998,0.000399
0,0.013597,0.137968,0.196341,0.167141,0.175385,0.202541,0.000237,0.002408
0,0.055475,-0.079859,0.058972,-0.239481,0.050518,-0.226638,0.000968,0.001394
0,0.120808,0.141833,0.073555,0.236958,0.079637,0.189769,0.002108,0.002475
0,-0.159096,0.059795,-0.267956,-0.111902,-0.295242,-0.074966,0.002777,0.001044
0,-0.003663,0.048425,0.185096,-0.014322,0.216183,-0.016017,6.4e-05,0.000845
0,-0.001631,0.110333,0.029006,0.05799,0.00134,0.017821,2.8e-05,0.001926
0,-0.034379,-0.10824,-0.030573,-0.232498,-0.039318,-0.22252,0.0006,0.001889
0,0.077211,0.097952,0.127795,0.227245,0.137361,0.240808,0.001348,0.00171
0,-0.200402,-0.056585,-0.298238,-0.168909,-0.271649,-0.207266,0.003193,0.000988
0,-0.062729,-0.122285,0.115287,-0.075686,0.136871,-0.072203,0.001095,0.002134
0,0.016711,0.124753,0.059867,0.248547,0.056543,0.250748,0.000292,0.002177
0,-0.044393,0.086026,-0.091062,-0.018146,-0.106597,-0.063474,0.000775,0.001501
0,-0.054694,0.152626,-0.037889,0.036833,-0.011075,0.065363,0.000955,0.002664
0,0.000637,-0.049957,0.058209,-0.177152,0.049506,-0.18341,1.1e-05,0.000872
0,-0.061781,0.138851,-0.049659,0.214005,-0.055771,0.217358,0.001078,0.002423
0,-0.091196,0.047504,0.000478,-0.084555,0.011071,-0.121563,0.001592,0.000829
0,-0.22098,0.078187,-0.137589,0.027911,-0.140961,0.060177,0.002834,0.001365
0,-0.221182,0.144478,0.028964,0.088374,0.025565,0.072915,0.00283,0.002522
0,0.013576,-0.121156,0.209306,-0.255483,0.170905,-0.281748,0.000237,0.002115
0,-0.056713,0.098189,-0.067705,0.211789,-0.018999,0.227067,0.00099,0.001714
0,0.057348,-0.100486,0.096019,-0.193572,0.099768,-0.213991,0.001001,0.001754
0,-0.224257,-0.015336,-0.266067,0.079287,-0.274325,0.107035,0.002777,0.000268
0,-0.085866,0.02691,0.144335,0.046621,0.171777,0.028796,0.001499,0.00047
0,-0.100523,0.082191,-0.039227,0.039008,0.006717,0.082664,0.001754,0.001435
0,-0.107009,-0.111621,-0.014748,-0.20193,0.00648,-0.163324,0.001868,0.001948
0,-0.030729,-0.034356,0.047902,0.069294,0.016239,0.093902,0.000536,0.0006
0,-0.175135,0.114234,-0.147164,0.16287,-0.169352,0.126087,0.003057,0.001994
0,-0.003294,-0.102233,0.144752,-0.19438,0.16508,-0.194548,5.7e-05,0.001784
0,0.059091,0.144076,0.063698,0.248201,0.06791,0.275646,0.001031,0.002515
0,-0.127006,-0.121071,-0.208596,-0.238757,-0.167194,-0.288233,0.002217,0.002113
0,-0.014532,0.099587,0.109554,0.247703,0.094028,0.287545,0.000254,0.001738
0,0.086469,0.120599,0.086565,-0.000718,0.08911,-0.003036,0.001509,0.002105
0,0.05038,0.146011,-0.012695,0.047672,-0.003646,0.068597,0.000879,0.002548
0,-0.150703,0.051863,-0.210639,-0.105325,-0.177127,-0.145762,0.00263,0.000905
0,-0.052426,-0.108218,0.096462,-0.177097,0.074299,-0.200323,0.000915,0.001889
0,0.084785,0.11125,0.12086,0.196121,0.125619,0.209957,0.00148,0.001942
0,-0.134974,-0.117948,-0.244353,-0.236026,-0.219442,-0.273091,0.002356,0.002059
0,0.147461,-0.018134,0.300603,0.113916,0.342795,0.158544,0.002574,0.000317
0,0.164054,0.105494,-0.00244,0.151575,0.007105,0.184584,0.002863,0.001841
0,-0.102004,-0.13135,-0.278946,-0.243041,-0.238291,-0.26755,0.00178,0.002292
0,-0.09128,-0.014201,0.031964,0.108744,0.023601,0.116518,0.001593,0.000248
0,-0.082788,0.066418,0.007241,0.074898,-0.023245,0.112103,0.001445,0.001159
0,-0.135831,0.046029,-0.049543,0.003196,-0.048793,0.020877,0.002371,0.000803
0,-0.08672,-0.021279,0.030363,-0.065695,0.060396,-0.106266,0.001514,0.000371
0,-0.095989,-0.113716,-0.000201,-0.069455,0.032164,-0.028544,0.001675,0.001985
0,-0.066448,0.027263,0.054671,0.156243,0.015735,0.118819,0.00116,0.000476
0,0.051098,-0.149853,0.093502,-0.156724,0.075896,-0.160565,0.000892,0.002615
0,-3.606159,-1.483246,-3.681653,-1.317186,-3.725468,-1.308488,0.002722,0.000876
0,-4.203146,-2.075394,-0.596099,-0.581556,-0.645393,-0.568501,0.00024,0.002768
0,-5.043473,-1.91366,-0.82155,0.140846,-0.821811,0.108955,0.001045,5.4e-05
0,-4.904831,-2.037895,0.131136,-0.145957,0.157565,-0.117493,0.001375,0.002114
0,-5.2571,-2.070937,-0.33252,-0.056035,-0.286747,-0.012338,0.001918,0.002691
0,-4.779721,-1.670242,0.491776,0.424894,0.518575,0.420599,0.003132,0.002388
0,-2.963032,-1.598568,1.800298,0.092571,1.795575,0.064014,0.001812,0.001137
0,-2.018192,-0.956019,0.922238,0.650137,0.872469,0.607009,0.00177,0.003304
0,-1.076669,-0.496975,0.945769,0.454682,0.989813,0.421406,0.001281,0.001983
0,-0.523733,-0.345055,0.557326,0.16667,0.583362,0.153686,0.00245,0.000668
0,-0.388277,-0.122033,0.131872,0.19894,0.098521,0.229421,8.6e-05,0.00213
0,-0.078445,-0.128416,0.293963,0.019883,0.339817,0.050161,0.001369,0.002241
0,-0.011538,-0.034629,0.067592,0.112157,0.021745,0.159222,0.000201,0.000604
0,0.100142,-0.045596,0.089357,-0.004729,0.11932,-0.029826,0.001748,0.000796
0,0.390315,0.076559,0.278374,0.136105,0.235216,0.108441,0.000121,0.001336
0,0.480523,0.072011,0.111393,-0.023509,0.095349,-0.025708,0.001696,0.001257
0,0.364862,0.342081,-0.092224,0.282527,-0.055142,0.330652,0.000323,0.00072
0,0.319471,0.284027,-0.045913,-0.078481,-0.022821,-0.127128,0.001115,0.001734
0,0.284953,-0.053751,-0.034558,-0.352773,-0.026286,-0.34883,0.001717,0.000938
0,0.281284,0.141284,0.018432,0.22217,0.040832,0.18799,0.001781,0.002466
0,-0.035339,-0.01722,-0.330696,-0.145262,-0.334511,-0.176463,0.000617,0.000301
0,0.069872,-0.017785,0.093521,-0.021974,0.075214,-0.011725,0.001219,0.00031
0,-0.232713,-0.058215,-0.299235,-0.046314,-0.295123,-0.000452,0.002629,0.001016
0,0.05936,-0.054866,0.291855,0.009975,0.251913,-0.02407,0.001036,0.000958
0,-0.038688,-0.00203,-0.071467,0.055763,-0.056252,0.035853,0.000675,3.5e-05
0,0.041531,0.044203,0.091926,0.018814,0.061632,-0.024759,0.000725,0.000771
0,-0.066121,-0.148399,-0.094646,-0.199253,-0.096176,-0.239427,0.001154,0.00259
0,0.040923,-0.119129,0.10674,0.009735,0.126118,0.041888,0.000714,0.002079
0,0.055041,-0.059498,0.025807,0.049205,0.044177,0.013913,0.000961,0.001038
0,0.071324,-0.065109,-0.010465,0.018062,-0.012367,-0.018526,0.001245,0.001136
0,-0.121982,-0.007887,-0.206886,0.08546,-0.25662,0.071764,0.002129,0.000138
0,0.003394,0.065362,0.111399,0.083505,0.133659,0.102054,5.9e-05,0.001141
0,-0.051454,-0.130366,-0.055862,-0.184761,-0.063641,-0.163921,0.000898,0.002275
0,0.083097,-0.090843,0.114831,0.028416,0.14589,0.067312,0.00145,0.001586
0,0.042281,0.04336,-0.017562,0.11325,-0.054909,0.140185,0.000738,0.000757
0,0.002492,-0.078104,-0.020458,-0.10304,-0.001681,-0.120187,4.3e-05,0.001363
0,0.108587,0.072189,0.132162,0.131666,0.098911,0.118378,0.001895,0.00126
0,-0.20497,-0.08017,-0.301153,-0.173655,-0.333532,-0.161075,0.003113,0.001399
0,-0.016512,-0.171055,0.169598,-0.109884,0.127271,-0.158073,0.000288,0.002985
0,-0.216851,-0.045857,-0.186441,0.13311,-0.197656,0.138962,0.002906,0.0008
0,0.047246,-0.159358,0.281604,-0.087877,0.328845,-0.077832,0.000825,0.002781
0,-0.006362,-0.167285,-0.041562,-0.002678,0.00183,0.020643,0.000111,0.00292
0,0.111727,-0.056407,0.143234,0.08182,0.142685,0.130182,0.00195,0.000984
0,-0.074011,-0.149965,-0.180254,-0.120257,-0.200521,-0.1213,0.001292,0.002617
0,-0.174816,0.133818,-0.074069,0.268505,-0.047639,0.315384,0.003051,0.002336
0,0.0414,-0.146354,0.218941,-0.308077,0.236622,-0.356499,0.000723,0.002554
0,0.177698,-0.029902,0.126969,0.128576,0.142601,0.176987,0.003101,0.000522
0,-0.077997,0.016478,-0.258213,0.04169,-0.222906,0.020799,0.001361,0.000288
0,-0.037629,0.01386,0.013575,0.021169,0.009329,0.003716,0.000657,0.000242
0,-0.064884,0.021598,-0.002242,0.030018,0.041269,0.074035,0.001132,0.000377
0,-0.065249,0.071519,0.003668,0.024265,0.014408,0.039317,0.001139,0.001248
0,-0.030527,-0.151419,0.029765,-0.210149,0.002483,-0.206491,0.000533,0.002643
0,0.089777,0.024998,0.118624,0.152118,0.088716,0.162398,0.001567,0.000436
0,-0.194342,-0.104398,-0.259904,-0.11864,-0.231306,-0.077642,0.003299,0.001822
0,-0.15878,0.028164,0.032735,0.141416,0.081616,0.168461,0.002771,0.000492
0,0.007724,-0.113948,0.137277,-0.154573,0.109047,-0.154619,0.000135,0.001989
0,-0.236886,0.028415,-0.230437,0.13696,-0.185423,0.098248,0.002556,0.000496
0,-0.029549,0.037218,0.211493,0.02581,0.206484,0.003204,0.000516,0.00065
0,-0.015403,0.093779,0.009467,0.067354,0.010209,0.104865,0.000269,0.001637
0,-0.222473,0.052845,-0.215804,-0.04658,-0.167857,-0.053376,0.002808,0.000922
0,-0.015108,0.037318,0.20859,-0.023773,0.244702,0.010346,0.000264,0.000651
0,0.00807,-0.057072,0.009572,-0.099521,0.027099,-0.10531,0.000141,0.000996
0,-0.040447,0.081358,-0.03036,0.159107,-0.045677,0.20773,0.000706,0.00142
0,-0.064605,0.064768,-0.029008,-0.024017,-0.038077,-0.018785,0.001128,0.00113
0,-0.036965,0.0871,-0.001932,0.027013,-0.003685,0.04863,0.000645,0.00152
0,-0.06794,0.095801,-0.014121,-0.002926,0.032033,-0.051441,0.001186,0.001672
0,-0.212368,0.062135,-0.157192,-0.028326,-0.125111,-0.002689,0.002984,0.001084
0,-0.270768,0.034644,-0.049936,-0.021645,-0.057131,-0.009901,0.001965,0.000605
0,-0.042058,-0.016485,0.20796,-0.055034,0.159489,-0.007761,0.000734,0.000288
0,0.000967,0.112006,0.062343,0.132673,0.018534,0.161485,1.7e-05,0.001955
0,-0.186707,-0.006985,-0.169789,-0.121687,-0.166272,-0.078246,0.003259,0.000122
0,-0.309414,0.064124,-0.102683,0.081816,-0.067578,0.09236,0.001291,0.001119
0,-0.292645,0.0452,0.039183,-0.029375,0.074652,-0.037447,0.001583,0.000789
0,-0.088931,0.048559,0.210851,0.009675,0.182865,-0.02112,0.001552,0.000848
0,-0.208106,0.122604,-0.125692,0.093227,-0.172299,0.121073,0.003059,0.00214
0,-0.237234,0.104888,-0.035629,-0.020022,-0.036236,-0.022458,0.00255,0.001831
0,-0.017574,0.001284,0.230828,-0.084572,0.195148,-0.083004,0.000307,2.2e-05
0,-0.055813,0.054663,-0.056324,0.046354,-0.06661,0.027126,0.000974,0.000954
0,-0.269065,-0.119774,-0.227301,-0.146535,-0.25883,-0.148148,0.001995,0.00209
0,-0.126366,0.175669,0.12201,0.26877,0.108452,0.254376,0.002206,0.003066
0,-0.167691,-0.012993,-0.055316,-0.164108,-0.072749,-0.200649,0.002927,0.000227
0,-0.24804,0.162136,-0.096389,0.188189,-0.118126,0.145198,0.002362,0.00283
0,-0.099475,-0.082466,0.153146,-0.218093,0.15975,-0.206882,0.001736,0.001439
0,-0.199507,0.002157,-0.121473,0.089813,-0.086427,0.067639,0.003209,3.8e-05
0,-0.281171,0.0553,-0.10806,0.041495,-0.110693,0.027261,0.001783,0.000965
0,-0.204365,-0.088745,0.05305,-0.118246,0.083835,-0.1246,0.003124,0.001549
0,-0.25571,-0.090726,-0.051824,-0.016808,-0.03673,-0.063147,0.002228,0.001583
0,-0.066005,0.03318,0.178573,0.113407,0.187332,0.075153,0.001152,0.000579
0,-0.045735,0.068309,0.018149,0.062342,0.044443,0.063836,0.000798,0.001192
0,0.061556,0.109371,0.099072,0.018959,0.131591,0.054053,0.001074,0.001909
0,0.045268,0.083821,-0.026377,-0.029456,-0.025216,-0.032182,0.00079,0.001463
0,0.067577,-0.052683,0.02362,-0.163795,-0.003319,-0.147358,0.001179,0.000919
0,-0.08911,-0.035656,-0.146232,0.015545,-0.153949,0.053933,0.001555,0.000622
0,-0.076941,0.122058,0.001867,0.156567,-0.041684,0.146844,0.001343,0.00213
0,0.079041,0.148988,0.179733,0.000406,0.214187,0.044531,0.00138,0.0026
0,-0.135674,0.130106,-0.194129,-0.019394,-0.188356,-0.054013,0.002368,0.002271
0,-0.114564,0.182045,0.037837,0.060754,0.051242,0.011662,0.002,0.003177
0,0.093172,0.179822,0.200199,0.009598,0.218311,0.010481,0.001626,0.003138
0,-0.113527,0.18409,-0.181765,-0.025097,-0.176027,-0.046866,0.001981,0.003213
0,0.065137,0.078708,0.198129,-0.092081,0.152422,-0.116751,0.001137,0.001374
0,-0.083872,0.231197,-0.147643,0.182176,-0.19034,0.134928,0.001464,0.002656
0,0.049068,0.098906,0.13623,-0.115317,0.13945,-0.129082,0.000856,0.001726
0,0.027711,0.225591,-0.030564,0.14182,-0.053984,0.122648,0.000484,0.002754
0,0.119033,0.063791,0.093251,-0.191326,0.054771,-0.22726,0.002078,0.001113
0,-0.065819,-0.047909,-0.162691,-0.093501,-0.192649,-0.04631,0.001149,0.000836
0,-0.012648,0.22476,0.060247,0.28947,0.065904,0.304621,0.000221,0.002768
0,-0.089416,0.043042,-0.060068,-0.165456,-0.10974,-0.148513,0.001561,0.000751
0,0.014677,-0.059187,0.12718,-0.125301,0.092603,-0.097361,0.000256,0.001033
0,0.001473,0.127959,0.00388,0.203636,-0.016129,0.244812,2.6e-05,0.002233
0,-0.119607,0.144613,-0.131688,0.010737,-0.162554,-0.009389,0.002088,0.002524
0,0.036976,0.137536,0.12695,-0.030629,0.089866,0.012761,0.000645,0.0024
0,0.145914,0.1432,0.081186,0.023555,0.109518,0.006541,0.002547,0.002499
0,0.034818,-0.045343,-0.136041,-0.193734,-0.116484,-0.238033,0.000608,0.000791
0,1.334502,-0.365372,1.31525,-0.327819,1.295678,-0.284024,0.003219,0.000314
0,2.462067,-1.707449,1.126126,-1.342421,1.165259,-1.376968,0.002826,0.003037
0,2.456183,-1.85896,-0.009996,-0.136807,-0.02441,-0.113187,0.002724,0.001009
0,2.469511,-1.856729,-0.007857,0.004036,-0.004777,-0.043561,0.002956,0.001048
0,2.347013,-1.443924,-0.099919,0.438376,-0.070646,0.420456,0.000818,0.001562
0,2.126142,-1.151966,-0.220894,0.26818,-0.205511,0.221345,0.003037,3.3e-05
0,1.680806,-0.99128,-0.431428,0.141311,-0.422783,0.179997,0.002572,0.002771
0,1.268441,-0.76979,-0.409057,0.236753,-0.417964,0.244565,0.002066,5.4e-05
0,0.763216,-0.367279,-0.511979,0.400646,-0.547429,0.397986,6.1e-05,0.000281
0,0.378041,-0.065573,-0.355524,0.321992,-0.405039,0.348441,9.3e-05,0.001144
0,0.359242,-0.169056,-0.036119,-0.114695,-0.059378,-0.160625,0.000421,0.002951
0,-0.013415,-0.113994,-0.381912,0.060517,-0.386878,0.050626,0.000234,0.00199
0,0.014807,0.135904,0.001941,0.240961,0.027135,0.205476,0.000258,0.002372
0,-0.13272,0.02781,-0.124522,-0.104835,-0.11149,-0.112556,0.002316,0.000485
0,-0.05329,0.139165,0.074115,0.102545,0.066862,0.064077,0.00093,0.002429
0,-0.187041,0.184221,-0.105821,0.065222,-0.149222,0.090224,0.003264,0.003215
0,-0.055689,-0.075112,0.133457,-0.241237,0.160211,-0.241895,0.000972,0.001311
0,-0.009596,-0.056258,0.032081,0.030613,0.060673,0.027535,0.000167,0.000982
0,-0.144795,0.160438,-0.127674,0.20259,-0.086849,0.227494,0.002527,0.0028
0,-0.031325,0.084872,0.102344,-0.089456,0.140087,-0.084503,0.000547,0.001481
0,-0.189359,0.133246,-0.16261,0.056562,-0.202695,0.011262,0.003305,0.002326
0,-0.070198,0.146565,0.094774,-0.014645,0.115711,0.022805,0.001225,0.002558
0,-0.024013,0.204058,0.047075,0.060395,0.015437,0.069265,0.000419,0.003129
0,-0.092614,-0.008679,-0.096104,-0.185151,-0.082854,-0.230417,0.001616,0.000151
0,-0.016965,0.114715,0.076956,0.144352,0.081083,0.130973,0.000296,0.002002
0,-0.033786,-0.015778,0.005021,-0.141204,-0.006956,-0.181493,0.00059,0.000275
0,-0.184694,0.040235,-0.129353,0.047966,-0.179099,0.023803,0.003224,0.000702
0,-0.154867,-0.115356,0.004397,-0.178963,-0.042413,-0.174755,0.002703,0.002013
0,-0.060807,-0.074546,0.070689,0.057019,0.043265,0.008328,0.001061,0.001301
0,-0.130612,0.064137,-0.074933,0.134782,-0.114127,0.134115,0.00228,0.001119
0,-0.056439,-0.019975,0.086912,-0.092391,0.118564,-0.066573,0.000985,0.000349
0,0.012222,-0.077413,0.076177,-0.042939,0.063743,-0.05533,0.000213,0.001351
0,-0.23113,-0.012018,-0.251495,0.064801,-0.221605,0.077653,0.002657,0.00021
0,-0.160895,0.000448,0.085822,0.041065,0.055075,0.050001,0.002808,8e-06
0,-0.255504,0.056605,-0.072528,0.037967,-0.045155,0.029011,0.002231,0.000988
0,-0.012968,0.11002,0.231621,0.029668,0.267567,0.059328,0.000226,0.00192
0,0.019892,-0.132096,0.046309,-0.213528,0.044393,-0.252782,0.000347,0.002306
0,-0.057948,0.059683,-0.069505,0.221259,-0.046206,0.25334,0.001011,0.001042
0,0.058044,0.04767,0.098912,0.010062,0.10347,-0.027997,0.001013,0.000832
0,-0.097275,-0.020344,-0.155044,-0.04189,-0.125162,-0.02516,0.001698,0.000355
0,-0.003884,0.152944,0.070851,0.180501,0.085787,0.225795,6.8e-05,0.002669
0,-0.104019,0.082288,-0.075322,-0.089172,-0.108056,-0.058295,0.001815,0.001436
0,-0.046193,0.073618,0.044138,-0.027725,0.035191,-0.075475,0.000806,0.001285
0,-0.125461,-0.130019,-0.081714,-0.212968,-0.074199,-0.213903,0.00219,0.002269
0,-0.147625,0.043207,-0.017487,0.173963,0.002927,0.17563,0.002577,0.000754
0,0.023959,0.120149,0.196616,0.072438,0.219331,0.062816,0.000418,0.002097
0,0.028141,-0.040566,-0.022538,-0.167383,0.002793,-0.185212,0.000491,0.000708
0,0.007522,0.053509,-0.021687,0.075566,0.015974,0.087248,0.000131,0.000934
0,-0.102752,0.018461,-0.119392,-0.06289,-0.14234,-0.072448,0.001793,0.000322
0,-0.006814,-0.05542,0.067797,-0.077619,0.064908,-0.055419,0.000119,0.000967
0,0.110018,0.075004,0.090469,0.127805,0.074493,0.104857,0.00192,0.001309
0,-0.092136,-0.149189,-0.216065,-0.24083,-0.248785,-0.20593,0.001608,0.002604
0,0.027654,0.02296,0.133577,0.183648,0.135963,0.188821,0.000483,0.000401
0,0.008466,0.016414,-0.020052,-0.032591,0.004259,0.010425,0.000148,0.000286
0,0.132787,-0.04235,0.138382,-0.086991,0.129044,-0.085246,0.002318,0.000739
0,0.028009,-0.092943,-0.092938,-0.02696,-0.113198,-0.039178,0.000489,0.001622
0,0.062068,0.150441,0.004517,0.267042,0.044573,0.257888,0.001083,0.002626
0,0.108759,0.132299,0.058488,-0.047423,0.017392,-0.027234,0.001898,0.002309
0,-0.112848,0.001981,-0.192382,-0.14833,-0.158361,-0.155808,0.00197,3.5e-05
0,-0.029663,0.113821,0.084714,0.103288,0.051666,0.110514,0.000518,0.001987
0,-0.159626,0.019469,-0.153109,-0.0692,-0.132347,-0.09088,0.002786,0.00034
0,-0.008778,0.074911,0.134047,0.046549,0.130752,0.011078,0.000153,0.001307
0,-0.061963,0.017709,-0.074053,-0.044938,-0.068125,-0.024378,0.001081,0.000309
0,-0.063878,-0.067905,0.021633,-0.08906,-0.000828,-0.088567,0.001115,0.001185
0,0.013221,-0.07005,0.077092,-0.004255,0.081985,-0.017286,0.000231,0.001223
0,-0.162398,-0.061755,-0.182734,0.023994,-0.228339,0.069839,0.002834,0.001078
0,0.104594,0.033882,0.28112,0.074024,0.32322,0.093544,0.001826,0.000591
0,0.02564,0.129275,-0.104212,0.074662,-0.054344,0.070307,0.000448,0.002256
0,-0.171129,0.104143,-0.226458,-0.042302,-0.267474,-0.059611,0.002987,0.001818
0,-0.182206,0.085732,-0.009702,-0.02141,-0.038337,-0.053454,0.00318,0.001496
0,-0.156812,-0.013673,0.022459,-0.076976,-0.019176,-0.115156,0.002737,0.000239
0,-0.126447,0.015931,0.006735,0.009247,0.024383,-0.015975,0.002207,0.000278
0,-0.124079,-0.107959,0.024996,-0.129291,0.058699,-0.132585,0.002166,0.001884
0,-0.092678,0.040887,0.023922,0.124399,0.02562,0.157146,0.001618,0.000714
0,-0.194531,-0.062363,-0.07263,-0.077184,-0.106286,-0.057644,0.003296,0.001088
0,-0.04986,0.096471,0.128992,0.142264,0.139858,0.165499,0.00087,0.001684
0,-0.086412,-0.061802,-0.045812,-0.168546,-0.079486,-0.213163,0.001508,0.001079
0,-0.060691,0.174829,-0.003407,0.265766,0.022085,0.273941,0.001059,0.003051
0,-0.179383,-0.016361,-0.117668,-0.181869,-0.105372,-0.144222,0.003131,0.000286
0,-0.02134,0.138016,0.140671,0.146581,0.131713,0.13897,0.000372,0.002409
0,-0.238491,-0.127341,-0.22459,-0.261664,-0.266253,-0.22526,0.002528,0.002223
0,-0.29687,0.098932,-0.064238,0.233323,-0.071473,0.234742,0.001509,0.001727
0,-0.034568,0.134423,0.271611,0.061672,0.292286,0.02713,0.000603,0.002346
0,-0.307709,-0.033755,-0.258813,-0.197661,-0.209033,-0.224577,0.00132,0.000589
0,-0.174803,0.160958,0.128144,0.188323,0.141946,0.203791,0.003051,0.002809
0,-0.040071,0.138695,0.111713,-0.032592,0.078331,-0.052061,0.000699,0.002421
0,-0.215904,0.084898,-0.164743,-0.080761,-0.180665,-0.050984,0.002923,0.001482
0,0.002591,0.176596,0.206172,0.109835,0.171529,0.117216,4.5e-05,0.003082
0,-0.259326,0.062828,-0.26338,-0.131115,-0.218687,-0.122496,0.002165,0.001097
0,-0.178077,-0.086644,0.106679,-0.168773,0.143078,-0.163673,0.003108,0.001512
0,-0.00361,0.08263,0.166673,0.165568,0.194597,0.156869,6.3e-05,0.001442
0,-0.10413,0.153358,-0.106978,0.062564,-0.146009,0.033482,0.001817,0.002677
0,-0.147735,0.077745,-0.052435,-0.080239,-0.019433,-0.070108,0.002578,0.001357
0,0.033905,0.111455,0.181666,0.055013,0.145646,0.07386,0.000592,0.001945
0,0.046073,-0.143229,0.013111,-0.276426,0.056185,-0.274402,0.000804,0.0025
0,0.049967,-0.101737,0.010517,0.053893,0.052621,0.046644,0.000872,0.001776
0,-0.09923,0.027899,-0.140131,0.106098,-0.115671,0.070046,0.001732,0.000487
0,-0.140124,-0.06373,-0.034649,-0.111948,-0.083957,-0.080291,0.002446,0.001112
0,0.00742,-0.100811,0.123883,-0.056799,0.1477,-0.01565,0.000129,0.001759
0,-0.191325,-0.065258,-0.170035,0.018667,-0.150595,-0.0101,0.003339,0.001139
0,-0.073988,0.128217,0.097875,0.196017,0.129146,0.181379,0.001291,0.002238
0,-0.14179,0.028411,-0.063939,-0.121728,-0.111412,-0.07857,0.002475,0.000496
0,0.010268,0.066507,0.126329,0.033929,0.154799,0.057616,0.000179,0.001161
0,-0.216583,0.081957,-0.250784,-0.005355,-0.255779,-0.034887,0.002911,0.00143
0,-0.015902,0.004625,0.186492,-0.083939,0.175076,-0.046374,0.000278,8.1e-05
0,-0.297439,0.103845,-0.28317,0.113521,-0.303003,0.13716,0.0015,0.001812
0,-0.167281,0.097368,0.154058,-0.001531,0.171028,0.017547,0.00292,0.001699
0,-0.264529,0.154559,-0.077775,0.041048,-0.126009,-0.007398,0.002074,0.002698
0,-0.130319,-0.001776,0.128558,-0.184621,0.175387,-0.184121,0.002274,3.1e-05
0,-0.267919,0.147512,-0.107769,0.168875,-0.103735,0.142272,0.002015,0.002575
0,-0.248625,0.044518,-0.003591,-0.124694,-0.052414,-0.082797,0.002351,0.000777
0,-0.292216,0.051329,-0.038101,0.018353,-0.032689,0.02279,0.001591,0.000896
0,-0.369806,-0.02728,-0.103202,-0.058211,-0.083305,-0.06713,0.000236,0.000476
0,-0.107794,0.14359,0.278682,0.173709,0.281432,0.208176,0.001881,0.002506
0,-0.197633,0.203463,-0.109535,0.033573,-0.088456,0.015829,0.003241,0.00314
0,-0.321892,0.171295,-0.132497,-0.011046,-0.096095,0.002945,0.001073,0.00299
0,-0.16051,0.09738,0.151263,-0.089169,0.1734,-0.123258,0.002801,0.0017
0,-0.116537,-0.053918,0.035117,-0.158075,0.016582,-0.17983,0.002034,0.000941
0,-0.295422,0.151216,-0.198111,0.193757,-0.224289,0.168272,0.001535,0.002639
0,-0.170014,-0.090576,0.142244,-0.214544,0.163165,-0.171992,0.002967,0.001581
0,-0.066753,0.14457,0.125365,0.212469,0.100535,0.178613,0.001165,0.002523
0,-0.148424,0.050878,-0.092616,-0.102389,-0.109733,-0.097327,0.00259,0.000888
0,-0.230718,0.222877,-0.071013,0.18087,-0.064494,0.230192,0.002664,0.002801
0,-0.120648,0.199653,0.088747,-0.008127,0.08831,-0.017229,0.002106,0.003206
0,-0.218321,0.142577,-0.11595,-0.069456,-0.087039,-0.09787,0.00288,0.002488
0,-0.163187,0.113825,0.030298,-0.018483,0.03111,-0.015817,0.002848,0.001987
0,-0.19728,0.153912,-0.032541,0.069563,-0.076623,0.057513,0.003248,0.002686
0,-0.144716,0.156216,0.069054,0.008025,0.059857,0.01727,0.002526,0.002726
0,-0.187537,-0.004572,-0.034685,-0.154369,-0.02208,-0.110054,0.003273,8e-05
0,-0.081502,0.026212,0.118647,0.04568,0.145824,0.031267,0.001422,0.000457
0,0.052043,0.170039,0.112323,0.15592,0.101039,0.158072,0.000908,0.002968
0,-0.09921,0.164475,-0.169413,-0.00815,-0.143593,0.018331,0.001732,0.002871
0,0.088903,-0.002642,0.169212,-0.177861,0.216886,-0.17897,0.001552,4.6e-05
0,0.124637,0.054307,0.026826,0.076848,0.048667,0.037865,0.002175,0.000948
0,-0.037746,0.164246,-0.162511,0.087638,-0.192375,0.109393,0.000659,0.002867
0,-0.071157,0.03573,-0.028528,-0.120828,-0.010206,-0.113317,0.001242,0.000624
0,-0.039395,0.032474,0.018749,-0.011372,-0.013842,-0.028009,0.000688,0.000567
0,0.016144,0.06853,0.044676,0.011385,0.056427,-0.006017,0.000282,0.001196
0,0.134981,-0.092112,0.091083,-0.185061,0.117037,-0.205628,0.002356,0.001608
0,0.13525,0.131213,-0.005735,0.203359,-0.01883,0.191213,0.002361,0.00229
0,-0.030475,-0.099691,-0.176928,-0.210989,-0.147661,-0.208338,0.000532,0.00174
0,-0.125751,0.089793,-0.088673,0.202411,-0.053185,0.175544,0.002195,0.001567
0,-0.118189,-0.063979,-0.00356,-0.154103,-0.043477,-0.195531,0.002063,0.001117
0,0.171445,-0.11157,0.308552,-0.059464,0.345257,-0.058464,0.002992,0.001947
0,0.13104,0.118607,-0.024834,0.227857,-0.033564,0.220518,0.002287,0.00207
0,-0.007335,0.051399,-0.145249,-0.078114,-0.157238,-0.029345,0.000128,0.000897
0,0.044285,-0.116358,0.036599,-0.189422,-0.010187,-0.218931,0.000773,0.002031
0,-0.013679,0.09304,-0.050873,0.18709,-0.059744,0.198923,0.000239,0.001624
0,0.048326,-0.105019,0.087516,-0.219958,0.07918,-0.216001,0.000843,0.001833
0,0.20635,-0.180693,0.136,-0.069042,0.115522,-0.046821,0.003089,0.003154
0,0.277501,0.087083,0.072131,0.295564,0.023916,0.251631,0.001848,0.00152
0,0.131011,-0.071845,-0.136733,-0.136456,-0.097604,-0.158407,0.002287,0.001254
0,-0.052521,0.046242,-0.213078,0.14543,-0.227074,0.163276,0.000917,0.000807
0,0.010657,-0.144603,0.045418,-0.168501,0.001091,-0.135696,0.000186,0.002524
0,0.035503,0.066575,0.027781,0.212159,0.074593,0.214719,0.00062,0.001162
0,-0.042151,0.014092,-0.055095,-0.040371,-0.09702,-0.051592,0.000736,0.000246
0,0.079343,0.141094,0.108158,0.153198,0.11405,0.183994,0.001385,0.002463
0,-0.10788,0.015261,-0.174325,-0.139506,-0.177211,-0.117188,0.001883,0.000266
0,0.0623,-0.159236,0.175796,-0.203118,0.202265,-0.190627,0.001087,0.002779
0,-0.004128,-0.16455,-0.060964,0.012039,-0.077146,0.051172,7.2e-05,0.002872
0,0.098902,-0.067465,0.111322,0.10524,0.116386,0.129865,0.001726,0.001177
0,-0.034565,-0.090124,-0.111617,-0.024938,-0.112621,-0.031481,0.000603,0.001573
0,-0.087793,0.029079,-0.03664,0.108392,-0.029857,0.145912,0.001532,0.000508
0,0.205767,0.144144,0.279079,0.137591,0.243497,0.141752,0.0031,0.002516
0,0.02898,0.008105,-0.190237,-0.124764,-0.219737,-0.094525,0.000506,0.000141
0,0.004791,0.133077,-0.039521,0.138198,-0.040443,0.091352,8.4e-05,0.002323
0,-0.066295,0.124874,-0.082625,-0.01992,-0.038363,-0.055333,0.001157,0.002179
0,-0.04486,0.064635,0.02602,-0.070682,0.060915,-0.096205,0.000783,0.001128
0,0.107517,0.169193,0.173704,0.093721,0.21117,0.089304,0.001877,0.002953
0,0.208879,0.020579,0.086276,-0.141904,0.135817,-0.096999,0.003045,0.000359
0,0.003749,0.114134,-0.192301,0.107744,-0.164137,0.149408,6.5e-05,0.001992
0,-0.02271,-0.139957,-0.001665,-0.231217,0.02178,-0.194318,0.000396,0.002443
0,0.056117,-0.021593,0.059889,0.12038,0.07558,0.116598,0.000979,0.000377
0,-0.042169,-0.083824,-0.119788,-0.036839,-0.123156,0.010828,0.000736,0.001463
0,-0.056615,0.160622,-0.011824,0.257298,-0.001017,0.28604,0.000988,0.002803
0,0.024229,0.128285,0.108196,-0.005609,0.117315,-0.040431,0.000423,0.002239
0,0.151604,-0.032816,0.157229,-0.14645,0.195271,-0.180449,0.002646,0.000573
0,0.259732,-0.090986,0.090435,-0.03499,0.104492,-0.031351,0.002158,0.001588
0,0.028673,-0.064837,-0.244866,0.024584,-0.213229,0.027253,0.0005,0.001132
0,0.211179,0.042453,0.189803,0.102005,0.226685,0.14318,0.003005,0.000741
0,0.234225,0.025069,-0.006784,-0.016318,0.030585,-0.032824,0.002603,0.000438
0,0.313139,0.138619,0.056719,0.124972,0.0378,0.174634,0.001226,0.002419
0,0.361306,0.03154,0.034232,-0.091741,0.057187,-0.055009,0.000385,0.00055
0,0.101968,0.043388,-0.252055,0.040775,-0.280383,0.069991,0.00178,0.000757
0,0.277162,-0.034786,0.157041,-0.093068,0.182989,-0.136795,0.001853,0.000607
0,0.043651,0.15474,-0.25618,0.206336,-0.295897,0.193738,0.000762,0.002701
0,0.289118,0.02343,0.272286,-0.129006,0.291073,-0.124036,0.001645,0.000409
0,0.063664,0.131837,-0.224426,0.086081,-0.229736,0.044953,0.001111,0.002301
0,-0.023456,-0.040983,-0.061888,-0.165524,-0.025566,-0.132103,0.000409,0.000715
0,0.029712,0.128246,0.068396,0.16792,0.064822,0.190281,0.000519,0.002238
0,0.147861,-0.000278,0.132573,-0.156035,0.096017,-0.168916,0.002581,5e-06
0,0.163583,-0.056366,0.020592,-0.043378,0.001182,-0.015579,0.002855,0.000984
0,0.071368,0.184874,-0.074519,0.258073,-0.09666,0.306279,0.001246,0.003227
0,0.086594,0.051412,-0.003303,-0.139705,-0.018774,-0.136471,0.001511,0.000897
0,0.18555,0.051383,0.09701,0.003053,0.090708,0.035415,0.003238,0.000897
0,0.054268,0.184735,-0.106907,0.149493,-0.066187,0.149886,0.000947,0.003224
0,-0.072594,-0.02771,-0.135936,-0.18498,-0.108296,-0.232665,0.001267,0.000484
0,0.081197,0.009895,0.167689,0.055122,0.192982,0.094129,0.001417,0.000173
0,-0.041419,0.102635,-0.136015,0.096378,-0.120462,0.051713,0.000723,0.001791
0,0.055889,-0.102634,0.085416,-0.225263,0.064631,-0.229408,0.000975,0.001791
0,-0.163142,0.017046,-0.210204,0.144597,-0.249908,0.105436,0.002847,0.000298
0,-0.032132,-0.092957,0.122396,-0.115689,0.096339,-0.108675,0.000561,0.001622
0,-0.00287,0.010393,0.030676,0.120315,0.02367,0.136444,5e-05,0.000181
0,-0.137187,-0.112114,-0.124249,-0.097284,-0.147315,-0.090801,0.002394,0.001957
0,-0.087513,-0.00713,0.068423,0.131526,0.030203,0.1742,0.001527,0.000124
0,0.06745,0.172886,0.148477,0.17388,0.1612,0.216941,0.001177,0.003017
0,-0.103224,-0.042885,-0.161863,-0.217632,-0.160759,-0.251892,0.001802,0.000748
0,0.067425,-0.052511,0.183381,-0.00402,0.156546,-0.024415,0.001177,0.000916
0,-0.049769,0.00539,-0.087786,0.040461,-0.111237,0.014679,0.000869,9.4e-05
0,-0.116334,0.149775,-0.06984,0.159738,-0.049895,0.139963,0.00203,0.002614
0,-0.111828,-0.115716,0.019124,-0.269209,-0.007954,-0.248648,0.001952,0.00202
0,-0.141933,0.035508,-0.034679,0.16841,-0.055104,0.213615,0.002477,0.00062
0,0.066407,0.033,0.202572,-0.007365,0.177725,-0.013109,0.001159,0.000576
0,-0.062285,-0.085798,-0.114119,-0.131842,-0.075728,-0.091668,0.001087,0.001497
0,0.106713,0.058874,0.143366,0.166257,0.166298,0.202047,0.001862,0.001028
0,0.142387,0.117538,0.006588,0.071844,-0.020113,0.119782,0.002485,0.002051
0,0.096157,0.096634,-0.030345,-0.007175,-0.074448,-0.024757,0.001678,0.001687
0,-0.023352,0.014144,-0.14369,-0.082277,-0.149682,-0.119004,0.000408,0.000247
0,-0.041297,0.069238,-0.008413,0.040458,0.025233,0.010481,0.000721,0.001208
0,0.207159,0.028769,0.260774,-0.058587,0.255184,-0.027749,0.003075,0.000502
0,-0.06342,-0.013497,-0.247955,-0.068663,-0.288612,-0.051538,0.001107,0.000236
0,0.075515,0.047855,0.122369,0.037707,0.145007,0.003122,0.001318,0.000835
0,0.107394,0.050762,0.030496,0.02823,0.076565,-0.000856,0.001874,0.000886
0,0.123501,0.172366,0.007956,0.106636,0.024995,0.138188,0.002155,0.003008
0,-0.077896,0.02147,-0.196653,-0.143357,-0.199386,-0.103858,0.00136,0.000375
0,-0.095651,-0.071756,-0.006317,-0.075199,0.019578,-0.103084,0.001669,0.001252
0,0.161816,0.19081,0.243051,0.289169,0.278094,0.331325,0.002824,0.00333
0,-0.070947,-0.023844,-0.232592,-0.224694,-0.249207,-0.268467,0.001238,0.000416
0,0.07534,-0.043501,0.171674,-0.044678,0.190858,-0.082018,0.001315,0.000759
0,0.058609,0.121293,-0.02286,0.170232,-0.058917,0.212925,0.001023,0.002117
0,0.151972,0.147497,0.070272,0.029319,0.062751,0.020154,0.002652,0.002574
0,0.059997,0.136758,-0.062243,-0.024865,-0.056325,-0.041497,0.001047,0.002387
0,-0.070993,-0.025035,-0.147047,-0.173409,-0.180491,-0.163162,0.001239,0.000437
0,0.215134,-0.026977,0.281808,-0.016737,0.250632,-0.061528,0.002936,0.000471
0,0.214963,0.10372,0.016193,0.154619,-0.01846,0.190336,0.002939,0.00181
0,0.12982,-0.105672,-0.080023,-0.234292,-0.044547,-0.191488,0.002266,0.001844
0,-0.024513,0.090705,-0.15489,0.203998,-0.192452,0.19597,0.000428,0.001583
0,0.226496,-0.049745,0.241027,-0.129997,0.255203,-0.148834,0.002738,0.000868
0,0.01462,0.114362,-0.2373,0.139785,-0.188875,0.093582,0.000255,0.001996
0,0.138424,-0.09259,0.109441,-0.218509,0.141484,-0.258344,0.002416,0.001616
0,0.330564,0.043989,0.20613,0.151156,0.231961,0.168852,0.000921,0.000768
0,0.286037,-0.096003,-0.020277,-0.156209,0.001237,-0.196973,0.001699,0.001676
0,0.266752,0.066916,-0.022175,0.17215,-0.043474,0.125527,0.002035,0.001168
0,0.125417,0.128727,-0.169939,0.032021,-0.205586,0.005767,0.002189,0.002247
0,0.182147,-0.085109,0.086375,-0.242912,0.09895,-0.285626,0.003179,0.001485
0,0.162774,0.160329,-0.006307,0.265026,0.030558,0.250614,0.002841,0.002798
0,0.034892,0.092486,-0.15064,-0.081465,-0.19988,-0.043677,0.000609,0.001614
0,-0.069281,0.010324,-0.111575,-0.068915,-0.096966,-0.067649,0.001209,0.00018
0,0.070054,-0.105871,0.142396,-0.089436,0.103318,-0.12503,0.001223,0.001848
0,-0.039205,-0.036807,-0.098778,0.066872,-0.099665,0.034517,0.000684,0.000642
0,0.149164,-0.035149,0.17729,-0.006685,0.174182,-0.007687,0.002603,0.000613
0,0.122907,-0.029438,-0.05474,0.017231,-0.070607,0.057647,0.002145,0.000514
0,0.023404,0.005086,-0.111776,0.064314,-0.086346,0.097949,0.000408,8.9e-05
0,-0.027142,0.081164,-0.055279,0.096988,-0.006611,0.106177,0.000474,0.001417
0,0.017778,0.110331,0.032184,0.033995,-0.008407,-0.005963,0.00031,0.001926
0,0.173273,0.064475,0.168916,-0.069585,0.124639,-0.059121,0.003024,0.001125
0,0.246055,0.058935,0.060723,-0.016173,0.101739,0.010593,0.002396,0.001029
0,0.173181,-0.153623,-0.080305,-0.216955,-0.055141,-0.243341,0.003023,0.002681
0,-0.029653,-0.029732,-0.205786,0.111242,-0.172414,0.119627,0.000518,0.000519
0,0.021487,0.023029,0.030608,0.026112,0.053164,0.027046,0.000375,0.000402
0,0.172666,-0.151363,0.169009,-0.196276,0.122253,-0.225956,0.003014,0.002642
0,0.25196,-0.06095,0.102113,0.10418,0.150397,0.057476,0.002293,0.001064
0,0.064441,-0.174739,-0.169858,-0.137805,-0.147017,-0.180453,0.001125,0.00305
0,0.163399,-0.069276,0.090525,0.131512,0.068955,0.143284,0.002852,0.001209
0,0.224849,0.092226,0.068532,0.164198,0.027454,0.140974,0.002766,0.00161
0,0.201373,-0.152068,0.002881,-0.238713,-0.000116,-0.213842,0.003176,0.002654
0,-0.004434,0.039876,-0.211595,0.200427,-0.191676,0.166935,7.7e-05,0.000696
0,0.07829,-0.131592,0.101308,-0.165555,0.140076,-0.205676,0.001366,0.002297
0,0.074275,-0.033083,-0.033392,0.081176,-0.074632,0.067736,0.001296,0.000577
0,0.165177,-0.014881,0.0674,0.006193,0.046355,0.041124,0.002883,0.00026
0,0.008929,-0.141276,-0.173195,-0.097385,-0.139545,-0.101987,0.000156,0.002466
0,0.193622,0.149672,0.21107,0.284311,0.253252,0.263304,0.003311,0.002612
0,0.156474,0.159404,-0.017052,0.019983,-0.054193,0.033195,0.002731,0.002782
0,-0.049143,0.099014,-0.227403,-0.07889,-0.205859,-0.126744,0.000858,0.001728
0,-0.03666,-0.06909,0.007286,-0.161191,-0.040082,-0.114872,0.00064,0.001206
0,-0.046035,0.052106,-0.031012,0.132767,-0.077433,0.141808,0.000803,0.000909
0,0.126214,-0.048043,0.165323,-0.098846,0.148993,-0.126655,0.002203,0.000839
0,-0.024974,0.082991,-0.177024,0.157419,-0.205234,0.147138,0.000436,0.001448
0,0.167133,-0.09196,0.203042,-0.157369,0.22875,-0.187191,0.002917,0.001605
0,0.026656,0.033541,-0.148286,0.108884,-0.153105,0.115616,0.000465,0.000585
0,-0.146752,0.046047,-0.190277,0.039489,-0.21829,0.02776,0.002561,0.000804
0,0.01896,0.067354,0.168067,-0.004978,0.171204,-0.026454,0.000331,0.001176
0,-0.008515,0.040215,-0.004619,-0.011636,-0.051832,0.032441,0.000149,0.000702
0,0.166123,0.176084,0.154001,0.16064,0.140673,0.183684,0.002899,0.003073
0,-0.036179,-0.029537,-0.22454,-0.205167,-0.220748,-0.190494,0.000631,0.000516
0,0.15719,-0.045264,0.22129,-0.013136,0.213828,0.008539,0.002743,0.00079
0,0.080512,0.089706,-0.065067,0.106512,-0.016351,0.128584,0.001405,0.001566
0,0.093387,0.072923,0.014942,-0.035616,0.018158,-0.016738,0.00163,0.001273
0,-0.004142,0.142087,-0.089318,0.096925,-0.120737,0.094105,7.2e-05,0.00248
0,0.024421,-0.023976,0.011732,-0.1557,0.001317,-0.174893,0.000426,0.000418
0,-0.09009,0.178506,-0.115819,0.217523,-0.163008,0.207387,0.001572,0.003116
0,0.104896,0.030554,0.170848,-0.140602,0.210265,-0.091978,0.001831,0.000533
0,0.049288,-0.009695,-0.084801,-0.035443,-0.038655,-0.074213,0.00086,0.000169
0,-0.094945,0.023983,-0.15103,0.061898,-0.110195,0.080408,0.001657,0.000419
0,-0.040792,-0.019995,0.065875,-0.039793,0.106832,-0.059802,0.000712,0.000349
0,-0.073859,0.049758,-0.004105,0.097189,-0.051795,0.061377,0.001289,0.000868
0,-0.087809,0.16141,-0.037016,0.087464,-0.022748,0.079541,0.001533,0.002817
0,0.024978,0.134279,0.123597,-0.018715,0.157463,0.024417,0.000436,0.002344
0,0.130351,0.16648,0.101606,0.010704,0.127421,0.022318,0.002275,0.002906
0,-0.068097,-0.067252,-0.189337,-0.219752,-0.223185,-0.196509,0.001189,0.001174
0,0.081159,-0.110789,0.147844,-0.030761,0.114739,-0.044411,0.001416,0.001934
0,-0.089627,0.134382,-0.173556,0.22758,-0.195322,0.276403,0.001564,0.002345
0,0.040899,0.009047,0.102773,-0.149391,0.116637,-0.105019,0.000714,0.000158
0,-0.061244,0.159383,-0.075915,0.160271,-0.117051,0.208286,0.001069,0.002782
0,0.057459,0.11023,0.106533,-0.048425,0.150789,-0.00795,0.001003,0.001924
0,0.091226,0.074823,0.058952,-0.049914,0.102821,-0.085003,0.001592,0.001306
0,0.165137,0.106005,0.089304,0.036296,0.085099,-0.012221,0.002882,0.00185
0,-0.021863,-0.066595,-0.190928,-0.188735,-0.216201,-0.228373,0.000382,0.001162
0,0.026473,0.076281,0.069077,0.134084,0.09046,0.132813,0.000462,0.001331
0,0.017461,0.028469,0.00064,-0.062678,0.004503,-0.07547,0.000305,0.000497
0,0.146763,0.011588,0.120886,-0.036594,0.160931,-0.049179,0.002561,0.000202
0,-0.02586,-0.052351,-0.181486,-0.048438,-0.187227,-0.090704,0.000451,0.000914
0,0.01914,0.160124,0.047845,0.203999,0.079976,0.202855,0.000334,0.002795
0,-0.109658,0.015418,-0.158169,-0.148162,-0.187285,-0.194001,0.001914,0.000269
0,-0.163532,-0.016732,-0.028459,-0.015353,-0.055221,0.015787,0.002854,0.000292
0,-0.00972,0.041303,0.14326,0.076278,0.159998,0.045897,0.00017,0.000721
0,0.023158,-0.068942,0.049052,-0.101473,0.009994,-0.084295,0.000404,0.001203
0,-0.099974,-0.060248,-0.120694,0.017918,-0.094594,0.028237,0.001745,0.001052
0,0.006222,0.010019,0.091718,0.051386,0.095728,0.057157,0.000109,0.000175
0,-0.118291,-0.028513,-0.106417,-0.022273,-0.155977,-0.022916,0.002065,0.000498
0,0.022053,0.001814,0.157336,0.00692,0.144182,-0.031728,0.000385,3.2e-05
0,-0.05404,-0.011559,-0.070177,-0.024019,-0.085727,0.001833,0.000943,0.000202
0,-0.028409,0.113328,0.027253,0.122534,0.032102,0.157447,0.000496,0.001978
0,-0.178134,0.040023,-0.161804,-0.05569,-0.178921,-0.08586,0.003109,0.000699
0,-0.220618,0.114339,-0.029089,0.051336,-0.060668,0.05559,0.00284,0.001996
0,-0.224254,0.096326,-0.009212,-0.042167,-0.043454,-0.014579,0.002777,0.001681
0,-0.094799,0.114691,0.133153,0.036309,0.146093,0.047306,0.001655,0.002002
0,-0.105623,-0.114514,-0.002101,-0.241226,0.002751,-0.2125,0.001843,0.001999
0,-0.069986,-0.063523,0.017792,0.021591,-0.022909,0.050528,0.001221,0.001109
0,-0.238377,0.037475,-0.160362,0.100553,-0.166707,0.090372,0.00253,0.000654
0,-0.220906,-0.1183,0.000739,-0.16055,-0.006576,-0.187089,0.002835,0.002065
0,0.020081,0.013753,0.2143,0.154847,0.22063,0.192848,0.00035,0.00024
0,-0.085994,-0.099217,-0.096154,-0.092136,-0.058377,-0.121812,0.001501,0.001732
0,-0.159964,0.003384,-0.055993,0.076709,-0.086372,0.111086,0.002792,5.9e-05
0,-0.179765,-0.094766,-0.047477,-0.069156,-0.000379,-0.042394,0.003137,0.001654
0,-0.119153,0.099542,0.048011,0.215913,0.039267,0.21695,0.00208,0.001737
0,-0.190561,-0.042999,-0.081573,-0.141574,-0.126326,-0.103827,0.003326,0.00075
0,-0.052038,-0.0112,0.134835,0.027717,0.150089,-0.021792,0.000908,0.000195
0,-0.161536,-0.18614,-0.100538,-0.180963,-0.095153,-0.183501,0.002819,0.003249
0,-0.090589,-0.182244,0.08445,0.023402,0.130576,0.026168,0.001581,0.003181
0,-0.22679,-0.021984,-0.160737,0.139961,-0.159201,0.181493,0.002733,0.000384
0,-0.209167,0.096419,0.016077,0.110731,-0.02602,0.067512,0.00304,0.001683
0,-2.538554,0.554142,-2.313286,0.452611,-2.314719,0.479097,0.00253,0.002981
0,-3.574251,1.399818,-1.047797,0.845919,-1.006333,0.864619,0.002165,0.002332
0,-4.541607,1.292567,-0.972925,-0.078589,-0.974972,-0.109695,0.001024,0.002487
0,-3.783707,1.319214,0.778804,0.011035,0.818451,0.011479,0.00087,0.002952
0,-3.343447,1.349803,0.412452,0.020924,0.438077,0.023272,0.001863,0.003205
0,-2.680902,1.200687,0.689249,-0.126873,0.710491,-0.138962,4.5e-05,0.000883
0,-1.587775,0.801164,1.070141,-0.411461,1.079701,-0.43083,0.000949,0.000601
0,-1.206783,0.407337,0.382845,-0.36498,0.338028,-0.364523,0.00099,0.000419
0,-0.505111,0.104449,0.688895,-0.325162,0.730443,-0.300355,0.002125,0.001823
0,0.099529,0.109909,0.621764,0.018342,0.60065,-0.011523,0.001737,0.001918
0,0.078614,0.241363,-0.046164,0.120749,-0.050259,0.078495,0.001372,0.002478
0,0.144017,0.155764,0.093987,-0.074615,0.100055,-0.042978,0.002514,0.002719
0,0.080875,-0.090649,-0.042419,-0.271407,-0.046937,-0.265467,0.001412,0.001582
0,0.122924,0.060964,0.015977,0.169302,-0.000116,0.124607,0.002145,0.001064
0,0.243636,-0.179679,0.096187,-0.235884,0.078242,-0.211674,0.002439,0.003136
0,0.331242,-0.205786,0.058351,-0.053549,0.033547,-0.079734,0.00091,0.003099
0,0.183459,-0.147006,-0.164364,0.086669,-0.180775,0.067207,0.003202,0.002566
0,0.291451,-0.201524,0.087957,-0.040479,0.132374,-0.026971,0.001604,0.003174
0,0.162617,-0.002705,-0.112416,0.218582,-0.091043,0.230416,0.002838,4.7e-05
0,0.050576,-0.150936,-0.125165,-0.15486,-0.17477,-0.134984,0.000883,0.002634
0,0.039855,-0.084755,0.00841,0.079999,0.043141,0.04111,0.000696,0.001479
0,0.069248,0.161865,0.04264,0.247134,0.073386,0.204658,0.001209,0.002825
0,-0.005566,-0.082187,-0.064574,-0.247232,-0.06925,-0.231126,9.7e-05,0.001434
0,0.072886,4.6e-05,0.075977,0.087593,0.117666,0.048746,0.001272,1e-06
0,0.010434,-0.003051,-0.074413,0.017516,-0.027734,0.010047,0.000182,5.3e-05
0,0.041784,0.174064,0.019022,0.163738,-0.019856,0.186581,0.000729,0.003038
0,0.005563,0.051494,-0.055458,-0.130571,-0.043612,-0.101166,9.7e-05,0.000899
0,-0.048808,0.000886,-0.025094,-0.025085,-0.038182,0.004124,0.000852,1.5e-05
0,-0.053617,0.054591,-0.029321,0.029729,-0.053907,-0.017017,0.000936,0.000953
0,-0.043034,0.208246,0.020896,0.172092,-0.003884,0.186315,0.000751,0.003056
0,0.05891,0.217212,0.07218,0.029884,0.035617,0.023287,0.001028,0.0029
0,-0.016665,0.126985,-0.085311,-0.119891,-0.045989,-0.102337,0.000291,0.002216
0,0.00979,-0.06421,0.052412,-0.189651,0.034203,-0.184936,0.000171,0.001121
0,0.074829,0.125717,0.043348,0.173079,0.039907,0.146674,0.001306,0.002194
0,0.025668,-0.069525,-0.070798,-0.213729,-0.06681,-0.16395,0.000448,0.001213
0,-0.214239,0.074622,-0.255671,0.139798,-0.250346,0.1168,0.002952,0.001302
0,-0.161329,0.14622,0.052162,0.07185,0.091687,0.067418,0.002816,0.002552
0,-0.186979,0.070097,-0.007189,-0.047768,0.01368,-0.07969,0.003263,0.001223
0,-0.096415,0.067579,0.100717,0.00071,0.103213,0.027655,0.001683,0.001179
0,-0.187251,0.187513,-0.09262,0.129362,-0.125051,0.105082,0.003268,0.003273
0,0.112216,0.167643,0.290747,0.001056,0.262536,-0.008898,0.001959,0.002926
0,-0.101148,-0.035858,-0.190132,-0.182321,-0.192921,-0.170109,0.001765,0.000626
0,0.037574,0.096406,0.152565,0.159254,0.16215,0.123506,0.000656,0.001683
0,-0.075956,-0.061191,-0.136751,-0.128434,-0.095875,-0.085237,0.001326,0.001068
0,-0.193348,0.110299,-0.096482,0.156193,-0.048285,0.122842,0.003316,0.001925
0,-0.105614,0.012304,0.062154,-0.082165,0.037351,-0.129186,0.001843,0.000215
0,0.07127,-0.03004,0.181994,-0.060962,0.18858,-0.056352,0.001244,0.000524
0,-0.020551,0.137314,-0.094031,0.138408,-0.053402,0.108946,0.000359,0.002397
0,0.077481,-0.060671,0.072903,-0.208505,0.032252,-0.25276,0.001352,0.001059
0,0.102049,0.017145,0.040648,0.057186,0.065409,0.030709,0.001781,0.000299
0,0.076723,-0.071973,0.00386,-0.077155,-0.030354,-0.095618,0.001339,0.001256
0,0.077494,0.051854,-0.01732,0.142137,-0.005746,0.12595,0.001353,0.000905
0,-0.065436,0.02546,-0.152051,-0.010432,-0.161103,-0.038193,0.001142,0.000444
0,0.041015,0.195209,0.078293,0.182269,0.04474,0.176121,0.000716,0.003284
0,-0.018539,0.137423,-0.08394,-0.055895,-0.124927,-0.087697,0.000324,0.002398
0,0.202542,0.042215,0.205137,-0.066038,0.212915,-0.099215,0.003156,0.000737
0,0.030512,0.036012,-0.200037,0.018941,-0.211211,-0.011003,0.000533,0.000629
0,0.125832,0.060726,0.103024,0.003758,0.143998,0.013151,0.002196,0.00106
0,0.114377,0.236431,-0.040911,0.161283,-0.082624,0.148807,0.001996,0.002564
0,-0.011635,0.101681,-0.15595,-0.123208,-0.191865,-0.106399,0.000203,0.001775
0,0.0276,0.245768,0.04794,0.146554,0.056034,0.152489,0.000482,0.002401
0,0.090891,0.240304,0.061114,0.009702,0.073923,-0.027707,0.001586,0.002497
0,-0.0614,0.211434,-0.145127,-0.041722,-0.15149,0.004556,0.001072,0.003001
0,-0.136771,0.242677,-0.080887,0.023101,-0.115557,-0.024438,0.002387,0.002455
0,-0.090706,0.200105,0.070803,-0.03583,0.055192,-0.072808,0.001583,0.003198
0,-0.113843,0.175354,-0.041687,-0.027568,-0.003125,-0.067088,0.001987,0.00306
0,-0.038058,0.243451,0.08223,0.091314,0.088521,0.129052,0.000664,0.002442
0,-0.095431,0.088362,-0.036985,-0.132419,-0.028674,-0.135195,0.001666,0.001542
0,0.081628,0.270972,0.159396,0.210392,0.174424,0.203057,0.001425,0.001961
0,-0.009648,0.035893,-0.103732,-0.231159,-0.07175,-0.210633,0.000168,0.000626
0,-0.139017,0.006016,-0.124367,-0.051815,-0.089197,-0.069372,0.002426,0.000105
0,-0.072901,0.10615,0.055531,0.073104,0.097869,0.120415,0.001272,0.001853
0,-0.131403,0.172736,-0.077582,0.044902,-0.081441,-0.004612,0.002293,0.003015
0,0.114434,0.171169,0.262813,-0.028623,0.235806,0.004312,0.001997,0.002987
0,-0.111267,0.185305,-0.223806,0.035752,-0.233726,0.023947,0.001942,0.003234
0,-0.100268,0.06804,0.010697,-0.088416,0.005556,-0.109866,0.00175,0.001188
0,-0.164113,0.0381,-0.083037,-0.041746,-0.050269,-0.081477,0.002864,0.000665
0,-0.099109,0.029232,0.089358,-0.023337,0.095163,-0.068675,0.00173,0.00051
0,-0.052363,-0.005559,0.061247,-0.019602,0.087951,-0.028334,0.000914,9.7e-05
0,0.074431,0.15045,0.108697,0.173973,0.128589,0.157985,0.001299,0.002626
0,-0.158389,0.031194,-0.247934,-0.143339,-0.264865,-0.179282,0.002764,0.000544
0,-0.052987,0.207777,0.098889,0.149291,0.061089,0.130331,0.000925,0.003064
0,-0.123401,0.086533,-0.081214,-0.098948,-0.105495,-0.096769,0.002154,0.00151
0,-0.04533,-0.059251,0.055204,-0.12291,0.05312,-0.171684,0.000791,0.001034
0,0.096714,-0.091671,0.14457,-0.017204,0.143476,0.024775,0.001688,0.0016
0,0.097,0.049348,-0.002807,0.121885,-0.008383,0.128701,0.001693,0.000861
0,-0.084424,0.096874,-0.171479,0.039591,-0.140066,0.08362,0.001473,0.001691
0,0.11554,0.176682,0.183422,0.102022,0.173932,0.056936,0.002017,0.003084
0,-0.152561,-0.086619,-0.241894,-0.277854,-0.211231,-0.267096,0.002663,0.001512
0,0.120224,0.094778,0.247762,0.20401,0.225714,0.233541,0.002098,0.001654
0,-0.003739,0.17477,-0.140419,0.088151,-0.156024,0.072844,6.5e-05,0.00305
0,-0.179499,-0.049084,-0.170404,-0.213349,-0.168029,-0.238393,0.003133,0.000857
0,-0.237572,-0.10338,-0.050857,-0.047358,-0.041783,0.000824,0.002544,0.001804
0,-0.219649,-0.011932,0.042484,0.09634,0.051025,0.101802,0.002857,0.000208
0,-0.173922,-0.044483,0.068285,-0.048713,0.032437,-0.030169,0.003036,0.000776
0,-0.150037,-0.033712,0.033777,0.029972,0.026316,0.055141,0.002619,0.000588
0,0.062608,0.016351,0.202922,0.078042,0.235108,0.030396,0.001093,0.000285
0,-0.015943,-0.122522,-0.058412,-0.163213,-0.074273,-0.134742,0.000278,0.002138
0,-0.131929,0.140787,-0.137483,0.266408,-0.11386,0.297878,0.002303,0.002457
0,0.046158,0.008092,0.204253,-0.159242,0.218411,-0.192054,0.000806,0.000141
0,-0.009319,-0.13143,-0.046966,-0.112891,-0.092201,-0.102344,0.000163,0.002294
0,-0.018647,-0.11165,-0.020021,0.00442,-0.06259,-0.014213,0.000325,0.001949
0,0.128364,-0.07023,0.15606,0.065574,0.149755,0.078237,0.00224,0.001226
0,0.130878,-0.091489,-0.00836,-0.008275,-0.003591,-0.011482,0.002284,0.001597
0,-0.025745,0.07609,-0.151317,0.188423,-0.114561,0.218686,0.000449,0.001328
0,0.083132,-0.148457,0.085321,-0.250065,0.088306,-0.219031,0.001451,0.002591
0,-0.021691,0.033932,-0.108515,0.196577,-0.113758,0.200243,0.000379,0.000592
0,-0.054251,-0.092155,-0.01327,-0.108617,-0.020804,-0.093914,0.000947,0.001608
0,0.025759,-0.057037,0.054429,0.051358,0.087835,0.045056,0.00045,0.000995
0,-0.271335,-0.022575,-0.321575,0.040269,-0.310372,0.003396,0.001955,0.000394
0,-0.178903,0.040371,0.094837,0.039882,0.099313,0.088518,0.003122,0.000705
0,-0.21303,-0.129066,-0.010302,-0.178299,-0.033605,-0.222523,0.002973,0.002253
0,-0.216592,-0.167465,-0.011692,-0.026717,-0.040481,-0.05445,0.002911,0.002923
0,-0.069974,-0.172706,0.124068,-0.022809,0.104746,-0.027153,0.001221,0.003014
0,-0.284594,-0.15864,-0.242146,0.04251,-0.268867,0.010917,0.001724,0.002769
0,-0.138635,0.04483,0.128327,0.223912,0.098,0.236007,0.00242,0.000782
0,-0.270357,-0.019452,-0.157476,-0.050579,-0.133803,-0.075505,0.001972,0.00034
0,0.030002,-0.129336,0.294151,-0.121921,0.309876,-0.133502,0.000524,0.002257
0,-0.074068,-0.028582,-0.077807,0.12287,-0.117451,0.136133,0.001293,0.000499
0,0.016817,-0.143322,0.07687,-0.113036,0.028389,-0.121464,0.000294,0.002501
0,-0.130798,0.051026,-0.144727,0.203704,-0.107426,0.232848,0.002283,0.000891
0,-0.090434,-0.007302,0.043173,-0.056618,0.088621,-0.020853,0.001578,0.000127
0,0.071945,0.078174,0.13705,0.06996,0.183203,0.04261,0.001256,0.001364
0,-0.025483,-0.083069,-0.092563,-0.160349,-0.123884,-0.115409,0.000445,0.00145
0,0.171503,0.0107,0.186174,0.098237,0.161321,0.096669,0.002993,0.000187
0,-0.104099,0.06452,-0.295653,0.05253,-0.256325,0.072605,0.001817,0.001126
0,-0.027067,0.015665,0.061439,-0.075479,0.053366,-0.0339,0.000472,0.000273
0,-0.114794,-0.047311,-0.075929,-0.038565,-0.050055,-0.045413,0.002004,0.000826
0,-1.81327,0.823616,-1.684062,0.884634,-1.722188,0.862894,0.001807,0.000993
0,-3.388417,1.046958,-1.560757,0.242004,-1.562217,0.250269,0.001078,0.0018
0,-3.439229,1.120218,-0.046444,0.0901,-0.02373,0.058459,0.000191,0.000521
0,-3.955114,1.287084,-0.520395,0.154085,-0.499349,0.10867,0.002122,0.002391
0,-3.577094,1.334039,0.382778,0.036511,0.405902,0.052185,0.002215,0.003211
0,-2.587848,1.119369,1.000664,-0.200465,1.027595,-0.175487,0.001669,0.000536
0,-2.185554,0.919937,0.401259,-0.172614,0.398158,-0.183118,0.002,0.002674
0,-1.32558,0.585226,0.889139,-0.352177,0.87206,-0.325934,0.003063,0.003168
0,-1.130468,0.360048,0.195495,-0.218104,0.174333,-0.195317,0.000342,0.000407
0,-0.404222,0.172267,0.732356,-0.205102,0.777056,-0.228157,0.000364,0.003007
0,-0.308922,0.133592,0.070365,-0.038544,0.035362,-0.08547,0.001299,0.002332
0,0.023302,0.159907,0.312399,0.0515,0.308101,0.020788,0.000407,0.002791
0,-0.062227,0.012967,-0.09301,-0.127454,-0.091771,-0.168269,0.001086,0.000226
0,0.144484,-0.084348,0.213098,-0.103453,0.20265,-0.148187,0.002522,0.001472
0,0.060221,-0.142888,-0.073381,-0.088108,-0.028212,-0.137485,0.001051,0.002494
0,0.073345,0.11805,0.015208,0.236444,0.033867,0.250619,0.00128,0.00206
0,0.158959,0.025033,0.092169,-0.082933,0.042414,-0.033215,0.002774,0.000437
0,0.22687,0.093424,0.046619,0.076278,0.058829,0.098158,0.002731,0.001631
0,0.241701,-0.004846,0.040359,-0.11827,0.010251,-0.130523,0.002472,8.5e-05
0,0.282398,-0.02822,0.042503,-0.004008,0.004265,0.017347,0.001762,0.000493
0,0.196971,-0.079214,-0.079356,-0.036846,-0.102212,-0.053833,0.003253,0.001383
0,0.229968,0.056035,0.05907,0.137517,0.106114,0.13774,0.002677,0.000978
0,0.049532,0.020738,-0.197373,-0.054459,-0.232747,-0.08469,0.000864,0.000362
0,0.137092,-0.154352,0.073736,-0.16564,0.041456,-0.201752,0.002393,0.002694
0,0.09599,0.040322,-0.063065,0.203188,-0.061626,0.192015,0.001675,0.000704
0,0.107322,0.05256,-0.014997,0.030483,-0.045095,0.017209,0.001873,0.000917
0,0.075604,-0.121536,-0.030671,-0.176853,-0.073377,-0.204818,0.00132,0.002121
0,-0.021408,-0.112579,-0.082511,0.014155,-0.04497,-0.035299,0.000374,0.001965
0,0.004628,-0.108789,0.007728,-0.00565,0.005797,-0.032095,8.1e-05,0.001899
0,0.285054,-0.178625,0.296266,-0.087917,0.314253,-0.038206,0.001716,0.003118
0,0.187063,0.032988,-0.100867,0.2301,-0.089351,0.25088,0.003265,0.000576
0,0.009857,-0.157316,-0.149454,-0.193543,-0.19202,-0.171717,0.000172,0.002746
0,0.213844,-0.140873,0.175316,0.011277,0.131167,-0.008998,0.002959,0.002459
0,0.171658,0.084892,-0.02893,0.204452,-0.00393,0.234821,0.002996,0.001482
0,0.313875,0.000847,0.165744,-0.110049,0.213835,-0.080314,0.001213,1.5e-05
0,0.270191,0.113316,-0.028481,0.114891,0.010531,0.143654,0.001975,0.001978
0,0.291086,0.058791,0.029232,-0.049699,-0.011622,-0.054319,0.00161,0.001026
0,0.038743,-0.08737,-0.233412,-0.151562,-0.203525,-0.142391,0.000676,0.001525
0,-0.020731,-0.005224,-0.034722,0.083425,0.015107,0.124236,0.000362,9.1e-05
0,0.192122,-0.025605,0.234447,0.001915,0.271789,0.00304,0.003338,0.000447
0,0.076953,0.106361,-0.088759,0.160695,-0.122002,0.131282,0.001343,0.001856
0,0.165532,0.123058,0.062366,0.006852,0.064297,0.002912,0.002889,0.002148
0,0.181145,-0.045189,0.042283,-0.190092,0.045413,-0.232692,0.003162,0.000789
0,0.151204,-0.118226,-0.050637,-0.046411,-0.002052,-0.095312,0.002639,0.002063
0,-0.020606,0.039847,-0.182802,0.147307,-0.201986,0.126238,0.00036,0.000695
0,0.016202,-0.090004,0.024676,-0.139138,-0.02454,-0.169267,0.000283,0.001571
0,0.031568,-0.136553,-0.004568,-0.071125,-0.009552,-0.116234,0.000551,0.002383
0,0.0391,-0.008237,0.000673,0.129619,0.018267,0.127237,0.000682,0.000144
0,0.145045,0.102488,0.087242,0.094684,0.093011,0.127526,0.002532,0.001789
0,0.190974,-0.122477,0.038969,-0.246872,-0.008808,-0.281627,0.003333,0.002138
0,0.259276,-0.108539,0.087301,0.00254,0.11916,0.03685,0.002166,0.001894
0,0.175704,-0.0025,-0.053624,0.090796,-0.045706,0.102022,0.003067,4.4e-05
0,0.181033,0.010593,-0.012971,0.021626,0.01843,0.010778,0.00316,0.000185
0,0.078658,-0.060409,-0.096165,-0.04659,-0.098954,-0.094947,0.001373,0.001054
0,-1.501903,0.160856,-1.583085,0.194871,-1.596358,0.242758,0.00055,0.002807
0,-2.117958,0.483093,-0.608916,0.314449,-0.566224,0.309283,0.00318,0.001741
0,-3.569954,0.387679,-1.428037,-0.110159,-1.456538,-0.140037,0.00209,7.5e-05
0,-3.090385,0.589053,0.502568,0.209213,0.549323,0.205511,0.000411,0.003101
0,-3.195217,0.475796,-0.079657,-0.093542,-0.046189,-0.140339,0.002241,0.001613
0,-2.707786,0.47235,0.500936,-0.033167,0.451934,-0.032447,0.000424,0.001553
0,-1.990858,0.184449,0.691868,-0.316394,0.664117,-0.349686,0.001293,0.003219
0,-1.311513,0.272203,0.695138,0.059226,0.712377,0.042263,0.002818,0.00194
0,-0.936364,0.267312,0.345529,-0.01908,0.370895,-0.035133,0.002961,0.001546
0,-0.599371,0.066098,0.337814,-0.2092,0.337745,-0.204597,0.002921,0.001546
0,-0.028396,-0.04527,0.563765,-0.114781,0.575101,-0.148645,0.000496,0.001546
0,-0.04444,-0.055259,-0.014354,-0.015111,0.012287,0.031672,0.000776,0.001546
0,0.129877,-0.092495,0.178531,-0.027188,0.180697,0.009227,0.002267,0.001614
0,0.250726,-0.097935,0.144082,-0.033605,0.098854,-0.077804,0.002315,0.001709
0,0.418691,0.125894,0.159911,0.24381,0.161154,0.21821,0.000617,0.001546
0,0.374396,-0.152707,-0.035992,-0.265623,-0.012628,-0.311325,0.000156,0.002665
0,0.430753,0.060972,0.054639,0.193938,0.078882,0.182228,0.000827,0.001546
0,0.170577,-0.005696,-0.260091,-0.073333,-0.292983,-0.038302,0.002977,0.001546
0,0.291808,-0.116363,0.136395,-0.095787,0.106028,-0.072949,0.001598,0.002031
0,0.189526,0.000876,-0.074904,0.123922,-0.031933,0.14471,0.003308,0.001546
0,0.084417,0.117985,-0.117505,0.141579,-0.109544,0.119295,0.001473,0.001546
0,-0.048904,-0.168872,-0.141533,-0.259703,-0.121518,-0.27011,0.000854,0.002947
0,-1.102722,-0.922989,-1.04861,-0.745897,-1.089008,-0.747609,0.000826,0.002728
0,-2.113999,-1.064777,-1.035746,-0.127922,-1.02428,-0.154591,0.003249,0.001489
0,-3.602681,-1.353943,-1.503669,-0.276992,-1.513127,-0.22759,0.002661,0.003133
0,-4.125283,-1.598654,-0.509418,-0.22646,-0.502451,-0.242736,0.001599,0.001139
0,-4.21801,-1.550191,-0.075467,0.071695,-0.067812,0.031104,1.9e-05,0.000293
0,-3.494014,-1.195912,0.724719,0.357312,0.762501,0.383303,0.000765,0.0008
0,-2.000313,-0.752772,1.491994,0.466226,1.450176,0.460106,0.001458,0.000243
0,-1.598891,-0.822344,0.371475,-0.067712,0.395308,-0.073284,0.001143,0.000971
0,-1.150337,-0.569287,0.455074,0.28148,0.472565,0.251201,5e-06,0.003245
0,-0.784583,-0.353996,0.393828,0.241269,0.440943,0.201959,0.000312,0.000512
0,-0.398169,-0.41876,0.408527,-0.06847,0.365427,-0.065708,0.000259,0.000618
0,0.244701,-0.051648,0.638443,0.393573,0.68565,0.405055,0.00242,0.000901
0,0.173,0.015583,-0.090973,0.046567,-0.125135,0.034094,0.003019,0.000272
0,-0.487312,1.623618,-0.663624,1.585204,-0.674619,1.606722,0.001814,0.001574
0,-1.65316,1.796934,-1.147348,0.198578,-1.189002,0.238432,0.00209,0.002092
0,-2.043407,1.975395,-0.405643,0.154684,-0.452902,0.167407,0.00221,0.001023
0,-2.245381,1.371813,-0.228648,-0.578149,-0.227688,-0.536682,0.000956,0.002821
0,-1.747071,0.957793,0.516984,-0.411306,0.482946,-0.386365,0.002962,0.003335
0,-1.530369,0.879672,0.188703,-0.090289,0.198436,-0.097785,5.3e-05,0.001972
0,-1.535258,0.937913,0.007393,0.037439,0.020654,0.035993,3.2e-05,0.002988
0,-1.185985,0.501834,0.378359,-0.423934,0.361271,-0.455685,0.000627,0.002068
0,-0.708971,0.46498,0.50403,-0.015859,0.492182,0.010757,0.001008,0.001425
0,-0.304707,0.311593,0.38281,-0.175313,0.354956,-0.131804,0.001373,0.001546
0,-0.292437,0.232526,0.035944,-0.086204,0.054066,-0.071502,0.001587,0.001546
0,-0.09444,0.14977,0.185748,-0.097297,0.215395,-0.107025,0.001648,0.001546
0,-0.112058,-0.061173,-0.008797,-0.181838,0.009278,-0.140981,0.001956,0.001546
0,0.094736,0.180651,0.230123,0.269729,0.249766,0.310067,0.001653,0.001546
0,0.112366,-0.023007,0.027102,-0.189568,0.068844,-0.169798,0.001961,0.001546
0,0.067406,-0.109458,-0.046014,-0.109102,-0.094132,-0.078034,0.001176,0.00191
0,0.296594,0.068578,0.235132,0.157319,0.220768,0.194038,0.001514,0.001546
0,0.210291,-0.019595,-0.088363,-0.082591,-0.062488,-0.106845,0.003021,0.001546
0,0.093391,-0.10974,-0.098379,-0.077676,-0.079527,-0.102589,0.00163,0.001915
0,0.211758,0.097506,0.129786,0.193821,0.146875,0.148252,0.002995,0.001546
0,-0.124473,0.057428,-0.313695,-0.066544,-0.361577,-0.067368,0.002172,0.001546
0,-0.024965,-0.172234,0.077787,-0.257034,0.116288,-0.273653,0.000436,0.003006
0,-0.197801,0.044607,-0.168423,0.236585,-0.167245,0.271073,0.003239,0.001546
0,-0.159891,0.013064,0.067588,-0.022119,0.043909,-0.065499,0.002791,0.001546
0,-0.110916,-0.029955,0.074657,-0.059961,0.086726,-0.077447,0.001936,0.001546
0,0.11226,-0.117397,0.196971,-0.109585,0.1747,-0.128369,0.001959,0.002049
0,-0.1188,-0.040352,-0.238758,0.055401,-0.218263,0.019059,0.002073,0.001546
0,0.061456,-0.114216,0.205478,-0.044992,0.170852,-0.015653,0.001073,0.001993
0,-0.081167,0.03851,-0.127353,0.180441,-0.140594,0.197058,0.001417,0.001546
0,-0.159882,0.012766,-0.06935,-0.020121,-0.074541,-0.01347,0.00279,0.001546
0,0.099396,-0.149365,0.287438,-0.171491,0.329521,-0.159414,0.001735,0.002607
0,-0.113977,0.004371,-0.19657,0.124453,-0.221301,0.11154,0.001989,0.001546
0,0.086051,-0.034805,0.21429,-0.047079,0.243314,-0.064597,0.001502,0.001546
0,0.226174,-0.092576,0.114932,-0.058388,0.151624,-0.055268,0.002743,0.001616
0,0.150237,0.005341,-0.083795,0.099887,-0.050094,0.072338,0.002622,0.001546
0,0.173177,-0.147848,-0.000558,-0.174538,-0.039371,-0.179352,0.003023,0.00258
0,-0.018321,-0.101228,-0.211767,0.025251,-0.2417,0.014074,0.00032,0.001767
0,0.089512,0.003836,0.114475,0.126237,0.11628,0.113288,0.001562,0.001546
0,0.231809,-0.16105,0.158596,-0.13546,0.179564,-0.093856,0.002645,0.002811
0,0.122333,-0.059343,-0.084931,0.080904,-0.112371,0.055271,0.002135,0.001546
0,0.231413,-0.002872,0.122645,0.083373,0.096557,0.125341,0.002652,0.001546
0,0.284272,-0.073049,0.070082,-0.048455,0.067359,-0.007976,0.001729,0.001546
0,0.141562,-0.110373,-0.17053,-0.057416,-0.18936,-0.079524,0.002471,0.001926
0,0.207427,-0.253191,0.039185,-0.138463,0.008416,-0.130716,0.003071,0.002272
0,0.066129,-0.163584,-0.170103,0.082111,-0.137241,0.067569,0.001154,0.002855
0,0.173693,-0.164031,0.094586,-0.011543,0.094717,-0.035586,0.003032,0.002863
0,0.186234,-0.013596,0.037486,0.164328,-0.007605,0.186539,0.00325,0.000237
0,0.228854,-0.06388,0.069752,-0.038037,0.063906,-0.053507,0.002697,0.001115
0,0.120847,-0.029526,-0.079828,0.05932,-0.097831,0.032412,0.002109,0.000515
0,0.008642,-0.205989,-0.086398,-0.175311,-0.114951,-0.187398,0.000151,0.003096
0,0.079617,-0.121729,0.098183,0.059127,0.057379,0.076651,0.00139,0.002125
0,0.078779,-0.15988,6.9e-05,-0.054596,0.018107,-0.048654,0.001375,0.00279
0,-0.030255,-0.047962,-0.107347,0.093423,-0.100055,0.072481,0.000528,0.000837
0,0.017476,-0.210707,0.039123,-0.175216,-0.001583,-0.209396,0.000305,0.003013
0,-0.122387,-0.166119,-0.111854,0.062805,-0.095618,0.073129,0.002136,0.002899
0,0.036053,-0.251364,0.148176,-0.08186,0.10675,-0.061204,0.000629,0.002304
0,0.053452,-0.125532,0.00893,0.153958,0.047081,0.144998,0.000933,0.002191
0,-0.030586,-0.054596,-0.092643,0.071712,-0.116306,0.057545,0.000534,0.000953
0,0.013821,-0.050958,0.028838,0.032798,-0.014171,0.052348,0.000241,0.000889
0,0.015484,-0.154767,-0.022136,-0.120056,0.007416,-0.070176,0.00027,0.002701
0,0.245711,-0.235736,0.201241,-0.101656,0.193614,-0.147494,0.002402,0.002576
0,0.029336,-0.237419,-0.216468,-0.002395,-0.176813,0.012824,0.000512,0.002547
0,0.221902,-0.170798,0.180456,0.089363,0.161609,0.116737,0.002818,0.002981
0,0.215445,-0.1132,-0.00706,0.04001,-0.048374,0.065651,0.002931,0.001976
0,0.1537,-0.168105,-0.038869,-0.06512,-0.031224,-0.078004,0.002683,0.002934
0,0.019138,-0.112044,-0.123827,0.046256,-0.138936,0.095698,0.000334,0.001956
0,0.03639,-0.26885,0.024155,-0.183791,0.064332,-0.17162,0.000635,0.001999
0,0.126561,-0.122663,0.067562,0.145222,0.087373,0.132599,0.002209,0.002141
0,0.187588,-0.118563,0.043155,0.020835,0.00228,0.052988,0.003274,0.002069
0,0.064988,-0.070129,-0.113507,0.025216,-0.103079,0.032188,0.001134,0.001224
0,0.281415,-0.093166,0.201203,-0.048889,0.250253,0.000673,0.001779,0.001626
0,0.078435,-0.23875,-0.216734,-0.120446,-0.182831,-0.158863,0.001369,0.002524
0,0.225185,-0.097825,0.167069,0.12328,0.172721,0.083551,0.002761,0.001707
0,0.228997,-0.234651,0.031924,-0.143388,0.008242,-0.192178,0.002694,0.002595
0,0.264113,-0.238273,0.040253,-0.030368,-0.002313,-0.032842,0.002081,0.002532
0,0.11861,-0.103741,-0.122062,0.123741,-0.156611,0.138151,0.00207,0.001811
0,0.149229,-0.22419,0.059853,-0.115529,0.053817,-0.15674,0.002605,0.002778
0,0.013501,-0.225242,-0.121945,-0.017749,-0.104226,-0.034669,0.000236,0.00276
0,0.135785,-0.015005,0.145935,0.195711,0.179375,0.157316,0.00237,0.000262
0,0.242128,-0.142564,0.079302,-0.148961,0.110649,-0.125603,0.002465,0.002488
0,0.263217,0.045088,0.005476,0.19119,0.021589,0.17948,0.002097,0.000787
0,0.060665,-0.071414,-0.21292,-0.115965,-0.181652,-0.117271,0.001059,0.001246
0,0.044125,-0.009351,-0.01022,0.046727,-0.045764,0.054336,0.00077,0.000163
0,0.066669,0.055437,0.014979,0.045564,0.015462,0.069178,0.001164,0.000968
0,-0.039579,-0.123901,-0.116543,-0.167776,-0.14779,-0.155388,0.000691,0.002162
0,-0.035779,-0.142033,-0.020117,-0.017261,-0.04199,-0.033366,0.000624,0.002479
0,0.133266,-0.161241,0.160912,-0.040033,0.167004,-0.048508,0.002326,0.002814
0,-0.048831,-0.002405,-0.166708,0.148315,-0.174091,0.099598,0.000852,4.2e-05
0,0.030968,0.028317,0.108863,0.028093,0.060518,0.023352,0.00054,0.000494
0,0.098177,-0.054408,0.073132,-0.111521,0.037307,-0.086433,0.001714,0.00095
0,0.111842,-0.100119,0.010268,-0.059992,-0.032208,-0.083739,0.001952,0.001747
0,0.200062,0.059175,0.0944,0.151108,0.106174,0.124304,0.003199,0.001033
0,0.09761,-0.053215,-0.089565,-0.133802,-0.059097,-0.15758,0.001704,0.000929
0,0.056235,0.048283,-0.013505,0.076594,-0.061749,0.041753,0.000981,0.000843
0,0.055,0.164526,0.005577,0.102828,-0.029836,0.108892,0.00096,0.002872
0,-0.048602,0.037619,-0.126128,-0.147578,-0.084408,-0.194869,0.000848,0.000657
0,0.159963,0.147065,0.207958,0.124038,0.160309,0.137838,0.002792,0.002567
0,0.094917,-0.108424,-0.040266,-0.279894,-0.08732,-0.243558,0.001657,0.001892
0,-0.033989,0.023337,-0.127062,0.12306,-0.111756,0.111416,0.000593,0.000407
0,-0.049391,0.076715,-0.04045,0.081748,-0.037664,0.083683,0.000862,0.001339
0,0.179753,-0.036061,0.233675,-0.099899,0.185978,-0.133544,0.003137,0.000629
0,0.212716,-0.037768,0.028645,-0.005225,-0.012171,-0.042923,0.002978,0.000659
0,0.118862,-0.050634,-0.123359,-0.007039,-0.074477,-0.051479,0.002075,0.000884
0,0.182458,0.080013,0.074249,0.123136,0.059175,0.111261,0.003184,0.001396
0,-0.025447,0.039301,-0.202827,-0.070279,-0.215994,-0.10552,0.000444,0.000686
0,0.066562,0.102241,0.083408,0.078517,0.086267,0.049023,0.001162,0.001784
0,0.02726,0.126587,-0.01989,0.0409,-0.040333,-0.002034,0.000476,0.002209
0,0.206367,0.099659,0.185533,-0.043901,0.210392,-0.03305,0.003089,0.001739
0,0.153531,-0.020577,-0.056136,-0.108965,-0.049683,-0.081474,0.00268,0.000359
0,0.213786,0.119555,0.0478,0.113609,0.029354,0.081531,0.00296,0.002087
0,0.033034,0.10822,-0.174268,-0.03988,-0.219963,-0.036733,0.000577,0.001889
0,0.207364,-0.070941,0.148084,-0.182933,0.109676,-0.163506,0.003072,0.001238
0,0.080486,-0.012303,-0.111516,0.035102,-0.096428,0.055281,0.001405,0.000215
0,0.072232,-0.028176,-0.015949,-0.006628,0.020604,-0.054289,0.001261,0.000492
0,0.232575,-0.026534,0.154021,0.017478,0.136855,0.052013,0.002632,0.000463
0,0.294275,-0.11161,0.086348,-0.078972,0.044293,-0.043332,0.001555,0.001948
0,0.180661,0.080575,-0.095681,0.174812,-0.04618,0.140785,0.003153,0.001406
0,0.328615,0.146774,0.130179,0.070225,0.114503,0.113051,0.000955,0.002562
0,0.155692,0.031442,-0.179119,-0.11289,-0.190288,-0.150859,0.002717,0.000549
0,0.087843,-0.060196,-0.050474,-0.081045,-0.014985,-0.098003,0.001533,0.001051
0,0.201008,0.009833,0.134411,0.062989,0.093983,0.038085,0.003183,0.000172
0,0.192365,0.171848,-0.021011,0.153581,-0.022297,0.19021,0.003333,0.002999
0,0.226696,-0.047129,0.05316,-0.245425,0.054868,-0.245765,0.002734,0.000823
0,0.283569,0.087059,0.05091,0.105475,0.065271,0.118683,0.001742,0.001519
0,0.029212,0.006145,-0.274003,-0.061351,-0.297265,-0.108324,0.00051,0.000107
0,0.134318,0.138422,0.119378,0.120387,0.09479,0.122125,0.002344,0.002416
0,-0.028124,-0.108564,-0.15724,-0.264248,-0.189416,-0.224976,0.000491,0.001895
0,0.014349,-0.082509,0.022355,0.042206,0.066639,-0.005425,0.00025,0.00144
0,0.234372,-0.096035,0.210721,-0.033264,0.257309,0.003482,0.0026,0.001676
0,0.242761,0.084419,0.018505,0.186043,0.013819,0.165183,0.002454,0.001473
0,0.111495,0.068668,-0.154031,-0.018378,-0.150505,0.021651,0.001946,0.001198
0,0.036433,-0.132701,-0.04536,-0.228963,-0.018679,-0.187473,0.000636,0.002316
0,0.022416,-0.0585,-0.042443,0.054139,-0.047394,0.053123,0.000391,0.001021
0,0.138622,0.043953,0.099539,0.097545,0.105073,0.084901,0.002419,0.000767
0,0.100519,0.059721,-0.011189,0.011193,0.032719,0.006438,0.001754,0.001042
0,0.003056,-0.097449,-0.082113,-0.156892,-0.034153,-0.159912,5.3e-05,0.001701
0,0.010652,-0.091629,0.030003,0.030726,0.035285,0.002714,0.000186,0.001599
0,0.045285,-0.031839,0.049373,0.04835,0.035214,0.035693,0.00079,0.000556
0,0.021159,-0.111928,-0.027712,-0.097613,-0.029443,-0.122438,0.000369,0.001954
0,0.05299,0.061677,0.01425,0.180957,0.058664,0.200607,0.000925,0.001076
0,0.146981,0.076869,0.100964,0.009156,0.068316,-0.018601,0.002565,0.001342
0,0.117026,-0.08766,-0.030354,-0.190717,-0.020872,-0.179317,0.002042,0.00153
0,0.010968,0.05796,-0.078753,0.133153,-0.105307,0.113406,0.000191,0.001012
0,0.067727,0.005627,0.036354,-0.043319,0.039573,-0.021772,0.001182,9.8e-05
0,0.156098,-0.030491,0.062853,-0.062949,0.038643,-0.022162,0.002724,0.000532
0,-0.084877,0.023611,-0.233635,0.081141,-0.188463,0.079235,0.001481,0.000412
0,-0.078343,0.144276,0.006283,0.132787,0.023652,0.144984,0.001367,0.002518
0,-0.04558,-0.022482,0.037305,-0.185588,0.028088,-0.21438,0.000796,0.000392
0,-0.077838,-0.028344,-0.03242,-0.002536,-0.013381,-0.038839,0.001359,0.000495
0,-0.016151,0.126149,0.087038,0.142857,0.084592,0.099805,0.000282,0.002202
0,-0.178409,-0.074895,-0.139473,-0.222334,-0.165482,-0.182963,0.003114,0.001307
0,0.094645,0.086796,0.286761,0.142456,0.292585,0.142564,0.001652,0.001515
0,-0.06821,-0.01339,-0.153787,-0.07049,-0.171927,-0.120281,0.00119,0.000234
0,-0.148147,-0.066455,-0.08138,-0.049963,-0.044318,-0.079097,0.002586,0.00116
0,-0.181678,0.011212,-0.025977,0.053402,0.002563,0.057334,0.003171,0.000196
0,-0.105982,-0.044718,0.086084,-0.072605,0.064562,-0.111179,0.00185,0.00078
0,-0.197766,-0.131262,-0.073336,-0.084539,-0.078808,-0.078661,0.003239,0.002291
0,0.012196,0.00846,0.186617,0.134365,0.234979,0.161072,0.000213,0.000148
0,-0.011619,-0.098743,-0.051579,-0.121699,-0.04682,-0.133319,0.000203,0.001723
0,-0.118366,0.030343,-0.124491,0.143561,-0.128896,0.126597,0.002066,0.00053
0,0.13889,-0.02388,0.267098,-0.048252,0.228523,-0.039076,0.002424,0.000417
0,0.001138,0.010408,-0.123202,0.042562,-0.134846,-0.000771,2e-05,0.000182
0,0.009711,-0.121695,-0.015878,-0.140662,-0.053476,-0.173831,0.000169,0.002124
0,0.004022,-0.176281,-0.031851,-0.075599,-0.016831,-0.102044,7e-05,0.003077
0,0.047405,-0.092769,0.072544,0.094623,0.06633,0.061649,0.000827,0.001619
0,0.084009,-0.144054,0.045156,-0.050739,0.040977,-0.070401,0.001466,0.002514
0,0.05899,-0.131474,-0.050161,0.038273,-0.0756,0.082494,0.00103,0.002295
0,0.101934,-0.026683,0.025681,0.133721,0.0012,0.114142,0.001779,0.000466
0,0.180131,0.042588,0.080053,0.045319,0.090091,0.014488,0.003144,0.000743
0,0.125581,0.005333,-0.031947,-0.042144,-0.042878,-0.07173,0.002192,9.3e-05
0,0.180117,-0.009214,0.071995,-0.005707,0.096835,-0.036081,0.003144,0.000161
0,0.156275,0.060599,-0.028265,0.068984,-0.060503,0.053459,0.002728,0.001058
0,1.122144,-0.559626,0.9698,-0.633772,1.007715,-0.657949,0.000487,0.003076
0,2.376189,-0.699645,1.242669,-0.164629,1.235744,-0.180703,0.001327,0.001171
0,3.246939,-0.786936,0.857706,-0.089778,0.847358,-0.079324,0.003143,0.000353
0,3.213424,-0.583009,-0.046722,0.20237,-0.006774,0.193316,0.002558,0.003206
0,2.590421,-0.382684,-0.639161,0.22781,-0.655869,0.204082,0.001624,1.2e-05
0,2.198019,-0.436681,-0.388282,-0.059048,-0.390398,-0.032597,0.001782,0.000931
0,1.173069,-0.338362,-1.018111,0.099648,-1.044408,0.136149,0.000401,0.000785
0,0.793337,-0.1841,-0.354635,0.150391,-0.342853,0.183326,0.000465,0.003213
0,0.616523,0.044018,-0.167535,0.241488,-0.150603,0.270417,0.002621,0.000768
0,-0.072592,-0.047512,-0.705202,-0.073157,-0.678483,-0.105867,0.001267,0.000829
0,-0.017279,-0.10506,0.044146,-0.045233,0.046298,-0.01851,0.000302,0.001834
0,0.001732,0.021885,0.024119,0.122331,-0.01185,0.098291,3e-05,0.000382
0,-0.025137,0.106765,-0.014939,0.067254,-0.031536,0.030351,0.000439,0.001863
0,0.011906,0.119371,0.062471,0.026512,0.104113,0.060824,0.000208,0.002083
0,-0.047447,0.020576,-0.076253,-0.082288,-0.050706,-0.062745,0.000828,0.000359
0,-0.11417,-0.094978,-0.076925,-0.140531,-0.087004,-0.157592,0.001993,0.001658
0,-0.130997,0.039066,-0.039704,0.12502,-0.04782,0.140307,0.002286,0.000682
0,0.076765,-0.048985,0.202358,-0.085961,0.21098,-0.043037,0.00134,0.000855
0,-0.129653,-0.031351,-0.228637,0.033904,-0.225579,0.01358,0.002263,0.000547
0,-0.159292,-0.017583,-0.028361,0.028367,-0.069075,0.010583,0.00278,0.000307
0,0.043967,0.141444,0.181938,0.130501,0.136981,0.097247,0.000767,0.002469
0,0.122946,-0.006133,0.089814,-0.125569,0.063659,-0.106672,0.002146,0.000107
0,-0.125741,0.116609,-0.256133,0.118761,-0.266853,0.075668,0.002195,0.002035
0,0.146923,-0.007642,0.289353,-0.097328,0.240827,-0.127917,0.002564,0.000133
0,-0.110789,0.045035,-0.235443,0.048024,-0.187742,0.016391,0.001934,0.000786
0,-0.0886,0.071466,0.01216,0.034823,-0.035423,0.065175,0.001546,0.001247
0,-0.103818,0.145248,-0.007734,0.102464,0.026036,0.114008,0.001812,0.002535
0,-0.080893,0.186555,0.009801,0.030586,0.027271,0.000238,0.001412,0.003256
0,-0.170575,-0.039178,-0.118416,-0.198424,-0.168135,-0.184002,0.002977,0.000684
0,-0.135648,-0.099631,0.02963,-0.036276,0.060973,-0.044052,0.002367,0.001739
0,-0.186235,0.160614,-0.034457,0.245096,-0.013213,0.231161,0.00325,0.002803
0,-0.143398,-0.02267,0.0447,-0.201128,0.094371,-0.153504,0.002503,0.000396
0,0.069212,0.093004,0.213313,0.140975,0.171407,0.16267,0.001208,0.001623
0,0.00054,0.040286,-0.055079,-0.045816,-0.025719,-0.062625,9e-06,0.000703
0,-0.021964,-0.08792,-0.039465,-0.104047,-0.054671,-0.077446,0.000383,0.001534
0,-0.090361,0.069715,-0.0749,0.152295,-0.032623,0.162555,0.001577,0.001217
0,-0.252458,0.030544,-0.191101,-0.063355,-0.214797,-0.015463,0.002285,0.000533
0,-0.028826,0.123266,0.228729,0.096846,0.230481,0.047789,0.000503,0.002151
0,-0.224832,-0.117097,-0.214665,-0.223378,-0.192851,-0.248416,0.002767,0.002044
0,-0.023491,-0.119496,0.208619,0.024369,0.246367,0.045805,0.00041,0.002086
0,-0.194045,0.020911,-0.153932,0.161864,-0.166724,0.205883,0.003304,0.000365
0,-0.029343,-0.026374,0.174578,-0.059673,0.211893,-0.014926,0.000512,0.00046
0,-0.272244,0.075426,-0.24305,0.117262,-0.267437,0.100061,0.001939,0.001316
0,-0.196984,0.121538,0.081775,0.052288,0.042751,0.08565,0.003253,0.002121
0,-0.217614,-0.180162,-0.046811,-0.308502,-0.036852,-0.355521,0.002893,0.003144
0,-0.222165,0.044652,-0.029059,0.243586,0.001654,0.23654,0.002813,0.000779
0,-0.178727,-0.023588,0.019164,-0.059558,0.024084,-0.077574,0.003119,0.000412
0,-0.191866,-0.140206,-0.028476,-0.146454,-0.026444,-0.112699,0.003342,0.002447
0,-0.040938,-0.012428,0.175402,0.13839,0.15213,0.109134,0.000715,0.000217
0,-0.179548,0.027462,-0.139344,0.049964,-0.117468,0.047276,0.003134,0.000479
0,-0.099252,-0.061379,0.109731,-0.079947,0.120363,-0.039339,0.001732,0.001071
0,-0.036291,-0.054652,0.062595,0.007069,0.079573,0.05086,0.000633,0.000954
0,0.047491,-0.084483,0.068238,-0.016822,0.064793,-0.016119,0.000829,0.001475
0,0.012077,-0.124668,-0.027686,-0.066043,-0.062403,-0.042674,0.000211,0.002176
0,0.010865,-0.108868,0.001168,0.025331,-0.031275,0.035223,0.00019,0.0019
0,0.024571,0.138549,0.03065,0.249557,0.031584,0.261167,0.000429,0.002418
0,-0.20673,0.068423,-0.235313,-0.044001,-0.220144,-0.018632,0.003083,0.001194
0,-0.120032,-0.153628,0.115639,-0.236318,0.150756,-0.227778,0.002095,0.002681
0,-0.212984,-0.105676,-0.06427,0.035871,-0.054431,-0.007877,0.002974,0.001844
0,0.002655,-0.037482,0.238245,0.049438,0.288233,0.086504,4.6e-05,0.000654
0,-0.080598,-0.046813,-0.107651,0.016583,-0.132284,0.041596,0.001407,0.000817
0,-0.0741,0.122692,-0.006478,0.148979,-0.009779,0.126153,0.001293,0.002141
0,0.17685,0.170331,0.237217,0.019463,0.2313,-0.000565,0.003087,0.002973
0,0.128725,0.032267,-0.035728,-0.109175,-0.019188,-0.15779,0.002247,0.000563
0,0.022572,0.062705,-0.107005,0.048226,-0.147559,0.028074,0.000394,0.001094
0,0.151395,0.149351,0.125331,0.09744,0.101485,0.132931,0.002642,0.002607
0,0.115767,0.163618,-0.008002,-0.007237,0.015111,0.022697,0.002021,0.002856
0,-0.107689,-0.079307,-0.234786,-0.225569,-0.198908,-0.266414,0.00188,0.001384
0,0.017807,0.080614,0.117609,0.13345,0.164496,0.085525,0.000311,0.001407
0,0.054819,0.182465,0.066347,0.119884,0.10924,0.082839,0.000957,0.003185
0,0.116176,-0.085727,0.046469,-0.250517,0.051559,-0.299589,0.002028,0.001496
0,0.127539,0.018294,0.031194,0.081913,0.046936,0.118275,0.002226,0.000319
0,-0.042774,-0.145631,-0.141208,-0.178587,-0.126425,-0.211104,0.000747,0.002542
0,-0.087221,0.045273,-0.032534,0.202154,-0.069845,0.247572,0.001522,0.00079
0,0.029814,0.101412,0.125734,0.050203,0.167639,0.066654,0.00052,0.00177
0,0.170972,0.030263,0.149553,-0.062579,0.119482,-0.089137,0.002984,0.000528
0,-0.087549,0.020118,-0.229855,-0.012497,-0.260518,0.024456,0.001528,0.000351
0,0.120649,-0.058988,0.235129,-0.075838,0.24663,-0.106069,0.002106,0.00103
0,-0.134388,-0.068204,-0.283101,0.000673,-0.290111,-0.004493,0.002346,0.00119
0,-0.154152,-0.0054,-0.046291,0.081253,-0.091665,0.124143,0.00269,9.4e-05
0,0.05969,0.024488,0.206647,0.026092,0.218693,0.05694,0.001042,0.000427
0,-0.180296,-0.135638,-0.217018,-0.145881,-0.245601,-0.135313,0.003147,0.002367
0,2.66939,0.48486,2.84347,0.594109,2.873346,0.578596,0.000246,0.001772
0,3.099337,0.765066,0.455298,0.293395,0.473606,0.30585,0.000567,2.9e-05
0,3.083358,0.940149,-0.005125,0.171951,-0.028645,0.134024,0.000288,0.003027
0,3.242674,0.854651,0.156629,-0.104188,0.178367,-0.054353,0.003069,0.001535
0,2.538822,0.873292,-0.67964,0.036406,-0.640609,0.058764,0.002525,0.00186
0,1.84839,0.605808,-0.680234,-0.25993,-0.709304,-0.230624,0.001194,0.002808
0,1.524759,0.317998,-0.329325,-0.286668,-0.320542,-0.328376,0.000151,0.001141
0,0.940658,0.312332,-0.579597,-0.010288,-0.622524,-0.057293,0.003036,0.00124
0,0.51503,0.095113,-0.422096,-0.214254,-0.382257,-0.169753,0.002298,0.00166
0,0.52816,0.200726,-0.000507,0.099958,0.013377,0.136017,0.002527,0.003187
0,0.058046,0.150975,-0.448327,-0.066546,-0.416871,-0.052455,0.001013,0.002635
0,0.019265,-0.077037,-0.027567,-0.211637,0.00813,-0.16696,0.000336,0.001345
0,-0.039786,-0.088754,-0.03626,-0.026388,-0.030495,0.01141,0.000694,0.001549
0,-0.228069,-0.251298,-0.207746,-0.162316,-0.225325,-0.144844,0.00271,0.002305
0,-0.121254,-0.048691,0.100712,0.218904,0.101511,0.197334,0.002116,0.00085
0,-0.196819,-0.166539,-0.05717,-0.090366,-0.034512,-0.094288,0.003256,0.002907
0,0.053518,-0.140124,0.278836,0.029909,0.298681,0.037809,0.000934,0.002446
0,-0.132546,0.017339,-0.182943,0.185754,-0.144575,0.14707,0.002313,0.000303
0,-0.002845,-0.090203,0.11287,-0.126104,0.12544,-0.143806,5e-05,0.001574
0,-0.146863,-0.18453,-0.136425,-0.083963,-0.171814,-0.036794,0.002563,0.003221
0,-0.165528,0.01054,-0.024741,0.196711,-0.026588,0.187701,0.002889,0.000184
0,-0.023212,-0.046476,0.139096,-0.027798,0.147882,0.007283,0.000405,0.000811
0,-0.155845,-0.019977,-0.140891,0.043231,-0.173996,0.020419,0.00272,0.000349
0,0.042045,-0.055324,0.187983,-0.017372,0.169323,-0.012266,0.000734,0.000966
0,0.098953,-0.049132,0.079019,-0.019044,0.103978,-0.040737,0.001727,0.000858
0,0.074459,-0.039248,-0.045639,0.0303,-0.076142,0.073458,0.0013,0.000685
0,0.014783,-0.130685,-0.043915,-0.106725,0.004291,-0.069059,0.000258,0.002281
0,0.111376,-0.099169,0.097021,0.011962,0.123324,0.005336,0.001944,0.001731
0,-0.03803,0.049282,-0.144075,0.162096,-0.158117,0.13096,0.000664,0.00086
0,0.08894,0.08233,0.116235,0.056139,0.163866,0.081459,0.001552,0.001437
0,-0.001671,0.083779,-0.094716,0.010337,-0.078495,0.040786,2.9e-05,0.001462
0,0.122489,-0.00543,0.124515,-0.065364,0.169607,-0.089806,0.002138,9.5e-05
0,-0.038976,0.087362,-0.151515,0.088927,-0.138574,0.137456,0.00068,0.001525
0,-0.156207,0.052583,-0.096497,-0.013384,-0.085968,0.027396,0.002726,0.000918
0,-0.195278,-0.181116,-0.020069,-0.246519,-0.051112,-0.235583,0.003283,0.003161
0,0.036482,0.031042,0.233401,0.21103,0.213498,0.176742,0.000637,0.000542
0,-0.249202,-0.089023,-0.283599,-0.123932,-0.31327,-0.094073,0.002341,0.001554
0,-0.243918,-0.054224,0.000476,0.021762,-0.043515,-0.007855,0.002434,0.000946
0,-0.253715,-0.075163,-0.004799,-0.016325,0.000421,-0.047511,0.002263,0.001312
0,-0.232836,-0.166825,0.023185,-0.064421,0.044366,-0.06975,0.002627,0.002912
0,-0.014694,-0.140089,0.202669,0.022494,0.158246,0.015402,0.000256,0.002445
0,-0.105741,0.034174,-0.093742,0.177908,-0.114705,0.211804,0.001846,0.000596
0,-0.220523,-0.168845,-0.130949,-0.227491,-0.105943,-0.277136,0.002842,0.002947
0,-0.029673,-0.028275,0.199438,0.130771,0.186383,0.124628,0.000518,0.000493
0,-0.112397,0.011571,-0.111197,0.050733,-0.11492,0.079913,0.001962,0.000202
0,0.016525,-0.062329,0.131418,-0.071691,0.161942,-0.059326,0.000288,0.001088
0,-0.113515,-0.02551,-0.122287,0.011512,-0.100114,-0.035037,0.001981,0.000445
0,-0.222058,-0.023752,-0.091507,0.014838,-0.047854,-0.032727,0.002815,0.000415
0,-0.210372,0.056337,-0.003728,0.087841,0.004984,0.079914,0.003019,0.000983
0,-0.161052,0.042089,0.02732,-0.009092,-0.005851,0.007806,0.002811,0.000735
0,0.020506,-0.198037,0.208831,-0.243839,0.174881,-0.249742,0.000358,0.003234
0,-0.262817,-0.224144,-0.267337,-0.044343,-0.301969,-0.086363,0.002104,0.002779
0,-0.282181,-0.077232,-0.010208,0.15612,-0.018927,0.151319,0.001766,0.001348
0,-0.21189,-0.025899,0.05482,0.057201,0.059553,0.095515,0.002993,0.000452
0,0.029823,-0.139305,0.266957,-0.128104,0.291782,-0.117067,0.000521,0.002431
0,-0.109357,-0.221835,-0.116547,-0.06478,-0.066752,-0.081229,0.001909,0.002819
0,0.096101,-0.263723,0.208698,-0.024708,0.201201,-0.053348,0.001677,0.002088
0,-0.005575,-0.222355,-0.087803,0.065785,-0.124209,0.020279,9.7e-05,0.00281
0,-0.034445,-0.093511,0.000506,0.099204,-0.048627,0.071711,0.000601,0.001632
0,-0.105923,-0.242605,-0.068419,-0.153387,-0.094935,-0.12805,0.001849,0.002457
0,0.081362,-0.028962,0.214035,0.191458,0.219306,0.207013,0.00142,0.000505
0,0.122433,0.010159,0.043251,0.053475,0.030479,0.103187,0.002137,0.000177
0,-0.050154,-0.259757,-0.198315,-0.293603,-0.224783,-0.292952,0.000875,0.002157
0,0.06274,-0.059542,0.137081,0.177076,0.171009,0.157824,0.001095,0.001039
0,-0.093289,-0.036053,-0.155992,0.033195,-0.163842,0.007008,0.001628,0.000629
0,0.007858,-0.021232,0.107349,0.034051,0.131907,0.035503,0.000137,0.000371
0,-0.084781,-0.178263,-0.116807,-0.137121,-0.142081,-0.162544,0.00148,0.003111
0,0.099326,-0.237758,0.156845,-0.073701,0.17973,-0.085764,0.001734,0.002541
0,-0.131817,-0.147166,-0.226647,0.119472,-0.241267,0.139217,0.002301,0.002569
0,0.088792,-0.112464,0.203109,0.023624,0.157751,0.005956,0.00155,0.001963
0,0.124363,0.046491,0.028466,0.148762,-0.02021,0.166034,0.002171,0.000811
0,0.060655,-0.094302,-0.041518,-0.138471,-0.027038,-0.144304,0.001059,0.001646
0,0.041032,0.053165,-0.029462,0.162858,-0.05062,0.16845,0.000716,0.000928
0,-0.10672,-0.043539,-0.153154,-0.071155,-0.183069,-0.090459,0.001863,0.00076
0,0.035682,-0.131761,0.164499,-0.071445,0.129452,-0.093653,0.000623,0.0023
0,0.102445,-0.052681,0.064432,0.098838,0.031077,0.053461,0.001788,0.000919
0,0.03157,-0.004732,-0.089399,0.022269,-0.092513,0.047791,0.000551,8.3e-05
0,-0.097718,-0.009424,-0.121316,-0.008504,-0.122621,0.030347,0.001705,0.000164
0,0.10848,-0.115628,0.183344,-0.130353,0.140487,-0.139758,0.001893,0.002018
0,-0.032816,0.011009,-0.123813,0.134862,-0.160427,0.180247,0.000573,0.000192
0,-0.081931,-0.096097,-0.039395,-0.135753,0.009204,-0.159706,0.00143,0.001677
0,0.1645,0.035725,0.225022,0.102049,0.17929,0.082499,0.002871,0.000624
0,0.181517,0.147414,0.028141,0.105954,0.033172,0.060747,0.003168,0.002573
0,0.046184,-0.015555,-0.145985,-0.182459,-0.12186,-0.214765,0.000806,0.000271
0,-0.010537,-0.13843,-0.030871,-0.115446,-0.020906,-0.074276,0.000184,0.002416
0,-0.025793,-0.094601,-0.023384,0.039895,-0.052148,0.001046,0.00045,0.001651
0,0.184631,0.007639,0.181143,0.119893,0.210373,0.159359,0.003222,0.000133
0,-1.568572,0.659626,-1.742743,0.665171,-1.721969,0.706764,0.000613,0.001869
0,-2.109337,0.737862,-0.523696,0.061475,-0.51862,0.082295,0.00333,0.000504
0,-3.336032,1.325167,-1.200253,0.591774,-1.223546,0.632098,0.001993,0.003056
0,-3.453614,1.382886,-0.135373,0.028621,-0.109651,0.024927,6e-05,0.002627
0,-3.500256,0.854826,-0.057019,-0.544433,-0.089572,-0.502924,0.000874,0.001538
0,-2.743345,0.652449,0.777857,-0.224127,0.79469,-0.188595,0.001045,0.001994
0,-2.135386,0.676454,0.591603,0.052159,0.549761,0.097776,0.002875,0.001575
0,-1.759316,0.377905,0.394883,-0.319445,0.422179,-0.301475,0.002748,0.001546
0,-1.11528,0.298746,0.647789,-0.061574,0.629972,-0.046884,0.000607,0.001546
0,-0.722572,0.267879,0.369717,-0.02621,0.325006,-0.013087,0.00077,0.001546
0,-0.191857,0.132313,0.551569,-0.152741,0.565243,-0.193894,0.003342,0.001546
0,0.178316,0.077441,0.376083,-0.079061,0.418597,-0.063164,0.003112,0.001546
0,0.155058,0.021523,-0.016207,-0.078031,0.018706,-0.097537,0.002706,0.001546
0,0.17791,0.068641,0.041585,0.027543,0.014139,0.066558,0.003105,0.001546
0,0.314387,-0.125274,0.14562,-0.171685,0.12086,-0.183737,0.001204,0.002186
0,0.428162,0.00226,0.126213,0.108033,0.108545,0.142065,0.000782,0.001546
0,0.384013,0.035193,-0.0493,0.053361,-0.098179,0.023154,1.1e-05,0.001546
0,0.370721,0.052377,-0.000889,0.041296,-0.008137,-0.006165,0.000221,0.001546
0,0.228346,0.051703,-0.164865,-0.008417,-0.146355,0.012602,0.002705,0.001546
0,0.209447,-0.050194,-0.04249,-0.107219,-0.039564,-0.078375,0.003035,0.001546
0,0.301233,0.030807,0.10827,0.055627,0.155316,0.032197,0.001433,0.001546
0,0.300924,0.138409,0.014442,0.102838,0.050833,0.069104,0.001439,0.001546
0,0.117858,-0.070188,-0.196641,-0.180355,-0.16559,-0.227632,0.002057,0.001546
0,-2.123397,-1.193077,-2.21444,-1.137727,-2.204105,-1.129795,0.003085,0.000751
0,-2.982828,-2.590221,-0.837286,-1.398061,-0.861007,-1.357051,0.001466,0.001628
0,-3.476663,-2.021529,-0.506179,0.594429,-0.52851,0.638874,0.000462,0.001828
0,-3.509097,-2.254362,-0.025124,-0.23997,-0.066096,-0.221154,0.001028,0.000799
0,-2.765619,-1.602487,0.760612,0.673773,0.739778,0.667641,0.001433,0.001205
0,-2.579745,-1.366443,0.194221,0.264958,0.149808,0.270878,0.001811,0.002914
0,-2.060118,-1.033443,0.518824,0.310882,0.49408,0.313716,0.002502,0.002035
0,-1.228077,-0.771538,0.83563,0.269619,0.811483,0.318607,0.001362,8.4e-05
0,-0.901348,-0.421586,0.30274,0.337662,0.257061,0.343362,0.00235,0.000667
0,-0.562593,-0.211862,0.329842,0.215688,0.34093,0.171631,0.003128,0.002993
0,-0.375067,-0.309458,0.213557,-0.112671,0.226657,-0.072272,0.000145,0.00129
0,-0.34286,-0.204107,0.029393,0.131928,0.020024,0.098554,0.000707,0.003128
0,-0.447697,-0.371015,-0.102422,-0.176932,-0.145384,-0.159942,0.001123,0.000215
0,-0.47272,-0.303972,-0.039373,0.049214,-0.021101,0.063118,0.00156,0.001385
0,-0.464513,-0.266636,0.035896,0.025842,0.033867,0.040014,0.001416,0.002037
0,-0.24978,-0.253073,0.214998,0.009564,0.201432,0.04201,0.002331,0.002274
0,-0.266072,-0.140257,-0.010132,0.125731,0.000938,0.137176,0.002047,0.002448
0,-0.164371,-0.196474,0.090339,-0.063024,0.139949,-0.045095,0.002869,0.003262
0,-0.356118,-0.321411,-0.183124,-0.134529,-0.163182,-0.087367,0.000475,0.001081
0,-0.178483,-0.118548,0.20568,0.203505,0.231519,0.199605,0.003115,0.002069
0,-0.288667,-0.155696,-0.095845,-0.048728,-0.141702,-0.001614,0.001653,0.002717
0,-0.000214,-0.100558,0.280256,0.070621,0.318698,0.06957,4e-06,0.001755
0,-0.076844,-0.315586,-0.098247,-0.195196,-0.135687,-0.206191,0.001341,0.001183
0,0.040142,-0.22374,0.130758,0.065518,0.110419,0.033159,0.000701,0.002786
0,-0.196209,-0.145615,-0.235594,0.055892,-0.279531,0.065066,0.003266,0.002541
0,-0.151269,-0.266368,0.04292,-0.102433,-0.001799,-0.099131,0.00264,0.002042
0,-0.021035,-0.215827,0.135972,0.046979,0.14171,0.00848,0.000367,0.002924
0,0.137312,-0.023492,0.15937,0.165838,0.161936,0.187212,0.002397,0.00041
0,0.091712,-0.268899,-0.03174,-0.253246,-0.043367,-0.279683,0.001601,0.001998
0,-0.068535,-0.242735,-0.154246,0.020113,-0.148271,0.005975,0.001196,0.002454
0,-0.076685,-0.119551,-0.014926,0.145098,0.009019,0.14565,0.001338,0.002087
0,-0.012514,-0.276187,0.086885,-0.165698,0.111186,-0.190256,0.000218,0.00187
0,-0.049905,-0.077829,-0.059886,0.211804,-0.041752,0.216096,0.000871,0.001358
0,-0.219297,-0.121183,-0.185473,-0.054587,-0.167066,-0.085236,0.002863,0.002115
0,0.039411,-0.028955,0.250519,0.074425,0.262642,0.038145,0.000688,0.000505
0,-0.204057,-0.08808,-0.260516,-0.040785,-0.228392,-0.075599,0.003129,0.001537
0,-0.168264,-0.25551,0.025113,-0.178741,0.019071,-0.221293,0.002937,0.002231
0,-0.120889,-0.180593,0.028225,0.090692,0.071081,0.056578,0.00211,0.003152
0,-0.153871,-0.034533,-0.022129,0.169141,0.015796,0.172019,0.002686,0.000603
0,-0.092922,-0.124285,0.070915,-0.099424,0.064283,-0.053552,0.001622,0.002169
0,-0.258994,-0.074144,-0.149968,0.02912,-0.145363,0.046387,0.002171,0.001294
0,-0.242488,0.097021,0.041425,0.164001,0.001536,0.126003,0.002459,0.001693
0,-0.007292,0.088137,0.217505,0.002903,0.184447,-0.007148,0.000127,0.001538
0,-0.165654,0.017262,-0.179502,-0.049314,-0.139416,-0.010234,0.002891,0.000301
0,-0.287628,0.124939,-0.101569,0.115686,-0.057423,0.065776,0.001671,0.002181
0,-0.030776,0.107722,0.25429,0.005071,0.248298,0.005585,0.000537,0.00188
0,-0.154956,-0.139555,-0.138729,-0.239027,-0.181979,-0.221053,0.002704,0.002436
0,-0.234319,-0.092001,-0.108593,0.026823,-0.089693,0.016126,0.002601,0.001606
0,-0.057483,-0.155448,0.16485,-0.080166,0.161567,-0.06937,0.001003,0.002713
0,-0.198544,-0.054402,-0.118913,0.103717,-0.159501,0.07752,0.003226,0.000949
0,-0.086024,-0.021246,0.127582,0.028376,0.109251,0.078206,0.001501,0.000371
0,-0.051611,0.03533,0.041201,0.06791,0.030038,0.021228,0.000901,0.000617
0,-0.248387,-0.066671,-0.173443,-0.115195,-0.196613,-0.12435,0.002356,0.001164
0,0.053565,-0.063245,0.286886,0.019259,0.329477,0.047939,0.000935,0.001104
0,-0.222234,0.072985,-0.258074,0.158366,-0.305093,0.144694,0.002812,0.001274
0,-0.017345,-0.108965,0.191553,-0.187452,0.145509,-0.229582,0.000303,0.001902
0,-0.201065,0.019816,-0.157806,0.135713,-0.134194,0.153893,0.003182,0.000346
0,0.007865,-0.02528,0.206163,-0.021754,0.206765,-0.040772,0.000137,0.000441
0,0.032599,-0.140821,0.015091,-0.086792,0.053239,-0.059358,0.000569,0.002458
0,-0.058495,-0.06749,-0.110065,0.076392,-0.105532,0.054325,0.001021,0.001178
0,0.026942,-0.04215,0.077494,0.044245,0.116427,0.042816,0.00047,0.000736
0,-0.076175,-0.227415,-0.104297,-0.195926,-0.100436,-0.161514,0.00133,0.002722
0,0.126525,-0.150075,0.192235,0.059653,0.150177,0.009703,0.002208,0.002619
0,-0.037723,0.02615,-0.189571,0.182293,-0.175212,0.151521,0.000658,0.000456
0,0.122585,-0.099516,0.160814,-0.124359,0.16509,-0.098296,0.00214,0.001737
0,0.158543,-0.184891,0.017064,-0.102749,0.024003,-0.125843,0.002767,0.003227
0,-0.036751,-0.100663,-0.174833,0.056465,-0.170268,0.047674,0.000641,0.001757
0,-0.183799,-0.097593,-0.126949,0.014486,-0.107631,0.039499,0.003208,0.001703
0,-0.083462,-0.224057,0.097834,-0.100866,0.060635,-0.089367,0.001457,0.00278
0,-0.038478,0.039301,0.044215,0.233757,-0.002349,0.204326,0.000672,0.000686
0,-0.168688,-0.123671,-0.111306,-0.144907,-0.116487,-0.131866,0.002944,0.002158
0,-0.190277,0.025096,-0.020418,0.174696,0.013663,0.21825,0.003321,0.000438
0,-0.022201,-0.169094,0.174587,-0.182319,0.169341,-0.181144,0.000387,0.002951
0,-0.24714,0.016661,-0.221726,0.16109,-0.188865,0.143568,0.002377,0.000291
0,-0.139174,0.001991,0.102207,0.001952,0.119145,0.024212,0.002429,3.5e-05
0,-0.178093,0.043634,-0.064949,0.035944,-0.026871,0.054835,0.003108,0.000762
0,-0.069139,-0.183684,0.112407,-0.235023,0.156575,-0.206235,0.001207,0.003206
0,-0.216996,-0.085272,-0.162106,0.095769,-0.19651,0.111527,0.002904,0.001488
0,-0.187343,8.4e-05,0.021343,0.0554,0.052404,0.065794,0.00327,1e-06
0,-0.003023,-0.128002,0.168401,-0.139358,0.160413,-0.170935,5.3e-05,0.002234
0,-0.09499,-0.126251,-0.098065,-0.02531,-0.100596,-0.031256,0.001658,0.002204
0,-0.145958,-0.033639,-0.029706,0.100668,0.016037,0.137285,0.002547,0.000587
0,-0.159575,-0.126228,-0.000499,-0.073901,-0.035967,-0.110903,0.002785,0.002203
0,-0.253185,0.012678,-0.093367,0.138369,-0.051261,0.171237,0.002272,0.000221
0,-0.011998,-0.158808,0.238934,-0.171521,0.190042,-0.158355,0.000209,0.002772
0,-0.151254,-0.092901,-0.116302,0.069428,-0.136346,0.023345,0.00264,0.001621
0,-0.049588,-0.055323,0.127127,0.02198,0.087955,0.017729,0.000865,0.000966
0,-0.167894,-0.171043,-0.124882,-0.12302,-0.169008,-0.13795,0.00293,0.002985
0,-0.072171,-0.195221,0.093375,-0.017215,0.058164,-0.043037,0.00126,0.003284
0,-0.217285,-0.152954,-0.119366,0.024686,-0.16188,0.069997,0.002898,0.00267
0,-0.155708,-0.039521,0.087679,0.100111,0.050094,0.119948,0.002718,0.00069
0,-0.150111,0.063216,0.027298,0.085753,0.074663,0.135695,0.00262,0.001103
0,0.015817,0.022662,0.137477,-0.021748,0.115136,-0.009468,0.000276,0.000396
0,1.304514,1.422253,1.283202,1.388532,1.294461,1.354692,0.002696,0.00194
0,1.542134,1.876879,0.25902,0.46399,0.218302,0.441747,0.000152,0.000696
0,1.633764,2.349931,0.107758,0.485725,0.137678,0.521962,0.001751,0.000869
0,1.583937,2.37888,-0.048469,0.017163,-0.077689,0.031201,0.000882,0.001374
0,1.357542,1.971076,-0.232984,-0.428354,-0.21951,-0.47623,0.00307,0.000948
0,1.114514,1.769416,-0.221808,-0.198886,-0.253731,-0.160856,0.000621,0.002572
0,0.901366,1.25336,-0.222558,-0.527379,-0.240137,-0.528113,0.00235,0.001803
0,0.603723,1.091477,-0.309117,-0.182152,-0.334067,-0.152543,0.002845,0.001023
0,0.086855,0.451261,-0.494057,-0.61308,-0.455654,-0.643868,0.001516,0.001185
0,0.072166,0.393757,0.00609,-0.048636,-0.013126,-0.049818,0.00126,0.000182
0,-0.035037,0.13561,-0.099993,-0.233761,-0.113087,-0.1968,0.000612,0.002367
0,-0.081557,-0.267175,-0.023469,-0.428758,-0.071489,-0.390305,0.001423,0.002028
0,-0.138762,-0.321495,-0.051383,-0.065003,-0.062995,-0.078151,0.002422,0.00108
0,0.048939,-0.114403,0.172835,0.206611,0.148365,0.161129,0.000854,0.001997
0,-0.195185,-0.265747,-0.229002,-0.131437,-0.269308,-0.151593,0.003284,0.002053
0,-0.177753,-0.041324,0.006408,0.224838,-0.008822,0.220767,0.003102,0.000721
0,-0.12335,-0.065754,0.080329,-0.034013,0.08919,-0.007495,0.002153,0.001148
0,0.053905,-0.164547,0.160688,-0.0999,0.176028,-0.131141,0.000941,0.002872
0,-0.202299,-0.221235,-0.22743,-0.038921,-0.211151,-0.05204,0.00316,0.00283
0,0.08843,0.022956,0.312415,0.234536,0.266893,0.229676,0.001543,0.000401
0,0.105991,-0.072415,0.03642,-0.105827,0.018414,-0.154191,0.00185,0.001264
0,0.114174,-0.154301,-0.018139,-0.05196,-0.035515,-0.049316,0.001993,0.002693
0,-0.079069,0.04028,-0.212929,0.172442,-0.219965,0.144108,0.00138,0.000703
0,0.017107,-0.060043,0.077819,-0.080371,0.108128,-0.124381,0.000299,0.001048
0,-0.024842,0.09324,-0.062682,0.156368,-0.090888,0.11453,0.000434,0.001627
0,0.18161,-0.040789,0.236195,-0.152287,0.253992,-0.198848,0.00317,0.000712
0,0.131783,0.095795,-0.053772,0.134207,-0.039413,0.105921,0.0023,0.001672
0,0.131763,0.034433,0.00143,-0.079205,-0.008486,-0.103326,0.0023,0.000601
0,0.058238,-0.096271,-0.070251,-0.109478,-0.115008,-0.141946,0.001016,0.00168
0,-0.019973,0.040719,-0.088916,0.130871,-0.084241,0.114215,0.000349,0.000711
0,-0.047364,-0.074131,-0.045909,-0.109555,-0.070782,-0.114079,0.000827,0.001294
0,0.18394,-0.030717,0.256746,0.021039,0.22769,0.051521,0.00321,0.000536
0,0.158833,-0.068278,-0.045879,-0.038173,-0.014284,-0.0321,0.002772,0.001192
0,-0.121113,0.133323,-0.267073,0.182072,-0.22606,0.226708,0.002114,0.002327
0,0.125052,-0.1299,0.258842,-0.284599,0.232761,-0.305504,0.002183,0.002267
0,-0.090744,0.068055,-0.21294,0.189324,-0.201934,0.23308,0.001584,0.001188
0,-0.038623,0.060706,0.072953,0.017606,0.114977,0.060858,0.000674,0.00106
0,-0.02108,0.001804,-0.000444,-0.047424,0.041902,-0.082178,0.000368,3.1e-05
0,0.027083,0.143897,0.072941,0.115157,0.070821,0.126773,0.000473,0.002511
0,-0.024976,-0.111493,-0.062263,-0.277316,-0.023627,-0.290769,0.000436,0.001946
0,-0.076319,0.069757,-0.023759,0.158376,-0.034453,0.149348,0.001332,0.001217
0,0.065206,0.073907,0.171415,-0.007957,0.141125,0.003157,0.001138,0.00129
0,-0.181977,-0.031008,-0.263356,-0.12578,-0.298068,-0.140011,0.003176,0.000541
0,-0.168161,-0.025133,0.020675,-0.000321,0.040244,-0.035528,0.002935,0.000439
0,-0.141703,0.073502,0.047511,0.076382,-0.001707,0.038973,0.002473,0.001283
0,-0.03472,-0.092283,0.087689,-0.145774,0.135031,-0.166692,0.000606,0.001611
0,-0.048747,0.150319,-0.008544,0.257164,-0.035189,0.243421,0.000851,0.002624
0,-0.036431,-0.099763,-0.010826,-0.223219,-0.046725,-0.241177,0.000636,0.001741
0,0.055995,0.0959,0.107631,0.205936,0.14732,0.187108,0.000977,0.001674
0,-0.016538,0.075064,-0.071602,-0.003134,-0.065706,-0.019763,0.000289,0.00131
0,-0.000724,-0.055407,0.034092,-0.102867,0.05919,-0.114651,1.3e-05,0.000967
0,-0.097121,0.142078,-0.123231,0.196729,-0.098433,0.167846,0.001695,0.00248
0,-0.069711,0.015213,0.039342,-0.108708,0.047599,-0.104551,0.001217,0.000266
0,0.119184,0.144771,0.202576,0.114924,0.233383,0.116204,0.00208,0.002527
0,0.136073,-0.024325,-0.002626,-0.176425,-0.042672,-0.141367,0.002375,0.000425
0,-0.002028,-0.086451,-0.116262,-0.087534,-0.068507,-0.114988,3.5e-05,0.001509
0,0.004877,-0.052888,0.000736,0.054285,0.036892,0.062351,8.5e-05,0.000923
0,0.160665,-0.032135,0.13295,0.024204,0.134967,-0.021831,0.002804,0.000561
0,0.011131,-0.063443,-0.130202,-0.036746,-0.116337,-0.035067,0.000194,0.001107
0,0.132478,-0.045609,0.120924,0.047256,0.081376,0.007446,0.002312,0.000796
0,0.041232,0.150131,-0.087501,0.189629,-0.057812,0.145918,0.00072,0.00262
0,0.152161,0.148487,0.119454,0.026979,0.134301,0.069618,0.002656,0.002592
0,0.121353,0.040291,-0.000925,-0.135167,-0.026655,-0.085688,0.002118,0.000703
0,-0.053274,-0.011,-0.167277,-0.066519,-0.18452,-0.082065,0.00093,0.000192
0,0.024678,0.003011,0.074196,0.035707,0.089279,-0.012606,0.000431,5.3e-05
0,0.020998,0.006599,-0.019005,-0.011844,0.016494,-0.057803,0.000366,0.000115
0,0.139209,0.137409,0.145957,0.158565,0.137133,0.171868,0.00243,0.002398
0,0.190086,0.122338,0.078106,0.005755,0.045071,0.055113,0.003318,0.002135
0,0.047723,0.10141,-0.125646,-0.024331,-0.13452,-0.037288,0.000833,0.00177
0,0.025382,-0.077986,-0.018449,-0.182934,-0.000751,-0.206463,0.000443,0.001361
0,0.040875,0.115164,0.03053,0.165622,0.000779,0.154606,0.000713,0.00201
0,0.080158,-0.111725,0.029521,-0.215457,0.058724,-0.217057,0.001399,0.00195
0,0.162378,0.06624,0.091587,0.192746,0.13448,0.231086,0.002834,0.001156
0,0.062905,-0.018369,-0.094922,-0.082025,-0.046535,-0.120595,0.001098,0.000321
0,-0.014801,0.148549,-0.068761,0.154343,-0.031182,0.131941,0.000258,0.002593
0,-0.107396,-0.016155,-0.097207,-0.154621,-0.145497,-0.171455,0.001874,0.000282
0,-0.047211,0.132598,0.055111,0.178133,0.025109,0.203923,0.000824,0.002314
0,0.054774,0.105386,0.094564,-0.005016,0.058586,0.013259,0.000956,0.001839
0,-0.114684,0.082809,-0.142814,-0.011602,-0.17629,-0.026711,0.002002,0.001445
0,-0.143149,-0.09355,-0.001916,-0.162154,0.033881,-0.156278,0.002498,0.001633
0,0.075894,0.067866,0.236967,0.140047,0.244126,0.145235,0.001325,0.001184
0,-0.126389,0.020983,-0.229369,-0.032588,-0.195827,-0.01262,0.002206,0.000366
0,0.081032,-0.056857,0.190284,-0.091546,0.145843,-0.092268,0.001414,0.000992
0,-0.063115,-0.116012,-0.118778,-0.064577,-0.112175,-0.04771,0.001102,0.002025
0,0.032191,0.027956,0.105655,0.151589,0.123204,0.175556,0.000562,0.000488
0,-0.114344,-0.11056,-0.162677,-0.158967,-0.154338,-0.131302,0.001996,0.00193
0,-0.128079,0.06691,-0.012857,0.180093,0.004805,0.175057,0.002235,0.001168
0,0.02391,0.093304,0.177377,0.035339,0.182186,0.028077,0.000417,0.001628
0,0.03718,-0.106252,0.007293,-0.185597,0.019508,-0.177585,0.000649,0.001854
0,-0.066953,0.038007,-0.127045,0.123047,-0.134673,0.165013,0.001169,0.000663
0,-0.237373,-0.079058,-0.17733,-0.143729,-0.147143,-0.176608,0.002548,0.00138
0,-0.15223,-0.129939,0.106676,-0.039021,0.079774,-0.007979,0.002657,0.002268
0,-0.252012,0.052768,-0.124227,0.200401,-0.095295,0.215574,0.002292,0.000921
0,-0.034304,0.070128,0.226774,0.031158,0.253469,0.021512,0.000599,0.001224
0,-0.159941,-0.161422,-0.11671,-0.243498,-0.166125,-0.225321,0.002791,0.002817
0,-0.13438,0.057638,0.049271,0.224311,0.024648,0.212173,0.002345,0.001006
0,-0.14837,-0.148044,-0.01967,-0.189756,-0.012267,-0.154873,0.00259,0.002584
0,-0.221933,0.089341,-0.058359,0.238416,-0.071079,0.245424,0.002817,0.001559
0,-0.207776,-0.128651,-0.008173,-0.18992,-0.009785,-0.210308,0.003064,0.002245
0,0.002946,-0.23297,0.224893,-0.085853,0.228736,-0.059496,5.1e-05,0.002625
0,-0.142498,-0.218286,-0.153958,0.014693,-0.180158,-0.019415,0.002487,0.002881
0,-0.068925,-0.169046,0.058763,0.055933,0.044425,0.057779,0.001203,0.00295
0,-0.206836,-0.148134,-0.133388,0.005156,-0.182817,0.045331,0.003081,0.002585
0,-0.0818,0.042987,0.11031,0.185837,0.14826,0.143667,0.001428,0.00075
0,0.122509,-0.22741,0.189074,-0.256529,0.17251,-0.251811,0.002138,0.002722
0,0.014412,-0.128307,-0.112375,0.117396,-0.111843,0.115296,0.000252,0.002239
0,0.043294,0.070248,0.017683,0.180643,-0.029391,0.156413,0.000756,0.001226
0,0.061549,0.084389,-0.008262,-0.015041,-0.03458,0.0002,0.001074,0.001473
0,-0.205061,-0.059525,-0.262413,-0.127521,-0.2532,-0.162872,0.003112,0.001039
0,0.065029,0.003579,0.278108,0.0521,0.25989,0.007727,0.001135,6.2e-05
0,0.013549,0.042918,-0.05805,0.029894,-0.091143,0.02367,0.000236,0.000749
0,0.150459,-0.057185,0.165771,-0.081639,0.165374,-0.08936,0.002626,0.000998
0,0.115776,0.122002,-0.021266,0.186817,0.018505,0.232289,0.002021,0.002129
0,0.154805,0.096061,0.062308,-0.030373,0.023773,0.002545,0.002702,0.001677
0,0.159644,-0.010481,0.01363,-0.12079,0.023122,-0.085555,0.002786,0.000183
0,-0.083868,0.127343,-0.263858,0.154676,-0.24258,0.200563,0.001464,0.002223
0,-0.058618,-0.105608,0.010766,-0.228161,0.042043,-0.2462,0.001023,0.001843
0,0.061811,-0.150448,0.14369,-0.036868,0.146164,-0.034604,0.001079,0.002626
0,0.129038,-0.155223,0.091404,-0.00329,0.122691,0.037205,0.002252,0.002709
0,-0.172493,0.008176,-0.309731,0.169442,-0.317937,0.191912,0.003011,0.000143
0,-0.013426,0.023955,0.167494,0.028315,0.127452,-0.010118,0.000234,0.000418
0,-0.223046,-0.002639,-0.23176,-0.002573,-0.245084,0.017254,0.002798,4.6e-05
0,-0.158319,-0.050331,0.044232,-0.076921,0.076135,-0.077037,0.002763,0.000878
0,0.117478,0.006083,0.302038,0.08147,0.276749,0.099558,0.00205,0.000106
0,0.118396,-0.03125,0.004147,-0.049006,-0.002714,-0.068783,0.002066,0.000545
0,-0.158949,-0.11655,-0.25888,-0.109506,-0.270064,-0.068466,0.002774,0.002034
0,-0.098811,0.050295,0.042525,0.190158,0.047008,0.197302,0.001725,0.000878
0,-0.044713,0.091315,0.028693,0.033723,-0.01563,-0.001412,0.00078,0.001594
0,0.157621,-0.207302,0.221103,-0.291388,0.251651,-0.243889,0.002751,0.003073
0,-0.015699,-0.076672,-0.199076,0.159086,-0.150402,0.159751,0.000274,0.001338
0,-0.017185,-0.130502,0.02137,-0.081798,0.021592,-0.100906,0.0003,0.002278
0,-0.000267,-0.036564,0.038244,0.066304,0.0012,0.056189,5e-06,0.000638
0,-0.056636,-0.076265,-0.043246,-0.01281,-0.054914,-0.032787,0.000988,0.001331
0,0.018253,-0.015267,0.057156,0.049582,0.087823,0.07494,0.000319,0.000266
0,0.140517,-0.1013,0.092817,-0.080407,0.047781,-0.064949,0.002452,0.001768
0,0.167382,0.030994,0.05114,0.142255,0.045061,0.151098,0.002921,0.000541
0,0.154908,0.081812,-0.002555,0.072574,-0.017582,0.05637,0.002704,0.001428
0,-0.047222,-0.167058,-0.187604,-0.244536,-0.148867,-0.244514,0.000824,0.002916
0,-0.053235,-0.123424,-0.012598,0.0225,0.010648,0.062559,0.000929,0.002154
0,0.140037,0.107246,0.22211,0.228092,0.18694,0.232818,0.002444,0.001872
0,-0.025993,-0.173995,-0.176996,-0.293301,-0.149903,-0.287334,0.000454,0.003037
0,0.119618,-0.14717,0.174577,0.018644,0.19216,0.058194,0.002088,0.002569
0,0.229701,-0.004947,0.100037,0.164479,0.09282,0.147776,0.002682,8.6e-05
0,0.268246,-0.116836,0.025374,-0.090844,-0.002537,-0.139257,0.002009,0.002039
0,0.070057,-0.084604,-0.204869,0.014486,-0.190539,-0.009834,0.001223,0.001477
0,0.158291,-0.097363,0.107733,0.009284,0.084059,0.023539,0.002763,0.001699
0,0.219716,0.166519,0.053887,0.235554,0.052412,0.274637,0.002856,0.002906
0,0.292131,-0.044928,0.076991,-0.204839,0.062963,-0.176272,0.001592,0.000784
0,0.154807,-0.042602,-0.166953,0.017187,-0.173061,-0.028496,0.002702,0.000744
0,0.306489,-0.087561,0.172519,-0.043998,0.20007,-0.076823,0.001342,0.001528
0,0.096393,-0.020772,-0.238427,0.070277,-0.203094,0.049161,0.001682,0.000363
0,0.167697,0.172273,0.097327,0.195964,0.117386,0.243721,0.002927,0.003007
0,0.122466,0.048873,-0.016094,-0.095131,0.019363,-0.077107,0.002137,0.000853
0,0.208156,0.032071,0.092055,-0.021229,0.080091,-0.046031,0.003058,0.00056
0,0.152919,0.023649,-0.059479,0.007956,-0.089846,-0.008305,0.002669,0.000413
0,0.07068,0.17274,-0.055432,0.16317,-0.06575,0.18883,0.001234,0.003015
0,0.107961,-0.056981,0.023623,-0.211342,0.023495,-0.164122,0.001884,0.000995
0,0.018822,-0.044452,-0.103575,0.014873,-0.134357,0.023029,0.000329,0.000776
0,0.171889,-0.069463,0.126531,0.001359,0.093665,0.036778,0.003,0.001212
0,0.056104,0.017311,-0.135066,0.076841,-0.146395,0.040103,0.000979,0.000302
0,-0.028295,-0.10405,-0.104999,-0.098296,-0.129753,-0.140876,0.000494,0.001816
0,0.198777,-0.102375,0.201652,-0.009647,0.168066,-0.019958,0.003221,0.001787
0,-0.068251,0.084971,-0.264668,0.207378,-0.280445,0.25041,0.001191,0.001483
0,-0.061252,-0.043031,-0.002704,-0.147422,0.017655,-0.151527,0.001069,0.000751
0,0.033411,0.057828,0.080623,0.102831,0.121792,0.106565,0.000583,0.001009
0,0.014195,-0.07122,-0.038208,-0.157115,-0.062944,-0.140312,0.000248,0.001243
0,0.199865,-0.159431,0.157189,-0.077387,0.119733,-0.118994,0.003203,0.002783
0,-0.000255,-0.060484,-0.189175,0.123387,-0.213089,0.074041,4e-06,0.001056
0,-0.039996,0.021849,-0.048422,0.098948,-0.05256,0.099266,0.000698,0.000381
0,0.152643,-0.17658,0.170613,-0.168936,0.171309,-0.20292,0.002664,0.003082
0,-0.136512,-0.06383,-0.268387,0.113474,-0.317969,0.087346,0.002383,0.001114
0,-0.149978,-0.007402,-0.017533,0.069844,0.019967,0.04367,0.002618,0.000129
0,-0.040347,0.026186,0.105084,0.049307,0.05725,0.015177,0.000704,0.000457
0,0.031305,0.076223,0.054124,0.040987,0.091793,0.049527,0.000546,0.00133
0,-0.186804,-0.068395,-0.231773,-0.135203,-0.211362,-0.144166,0.00326,0.001194
0,0.008937,-0.147617,0.210141,-0.089792,0.206578,-0.119676,0.000156,0.002576
0,-0.134753,-0.1456,-0.163591,-0.016639,-0.115455,-0.017923,0.002352,0.002541
0,0.071674,-0.070026,0.185325,0.077905,0.203531,0.074482,0.001251,0.001222
0,-0.067453,0.029142,-0.153386,0.088202,-0.195515,0.136541,0.001177,0.000509
0,-0.072373,0.029597,-0.024071,0.019181,-0.059878,0.055317,0.001263,0.000517
0,0.03058,-0.153668,0.098134,-0.162105,0.072434,-0.16649,0.000534,0.002682
0,-0.012648,0.121196,-0.043031,0.289134,-0.018786,0.297024,0.000221,0.002115
0,0.035554,0.014126,0.066782,-0.094525,0.091576,-0.044693,0.000621,0.000247
0,0.072859,-0.042566,0.038192,-0.04011,0.057974,-0.065756,0.001272,0.000743
0,-0.042164,0.094034,-0.09032,0.12085,-0.121303,0.136743,0.000736,0.001641
0,-0.047505,0.118787,-0.032176,-0.000188,-0.022904,-0.025105,0.000829,0.002073
0,-0.024442,0.110983,0.036898,0.01009,0.008894,-0.031404,0.000427,0.001937
0,-0.091897,0.130072,-0.096145,0.025929,-0.091246,-0.014975,0.001604,0.00227
0,0.11189,0.095473,0.20469,-0.041611,0.15778,-0.068704,0.001953,0.001666
0,0.035548,0.046706,-0.082208,-0.045865,-0.083035,-0.072763,0.00062,0.000815
0,-0.157436,0.009462,-0.191713,-0.023046,-0.16261,-0.05753,0.002748,0.000165
0,-0.148144,-0.080002,0.015526,-0.078471,0.054414,-0.069456,0.002586,0.001396
0,0.028082,0.058937,0.195584,0.165094,0.155484,0.166245,0.00049,0.001029
0,-0.156585,-0.057447,-0.197874,-0.146305,-0.177473,-0.130776,0.002733,0.001003
0,0.590356,0.373427,0.752584,0.434446,0.76825,0.446715,0.003078,0.000173
0,0.751298,0.413537,0.164123,0.065495,0.148664,0.05319,0.000269,0.000527
0,1.106671,0.380913,0.363972,-0.056234,0.407982,-0.037117,0.000757,4.3e-05
0,1.198265,0.327888,0.074349,-0.082456,0.112409,-0.052224,0.000841,0.000968
0,0.961345,0.532057,-0.209968,0.185416,-0.19978,0.218849,0.003294,0.002595
0,0.945847,0.295368,-0.040114,-0.216949,-0.029323,-0.203259,0.003127,0.001536
0,0.784285,0.315309,-0.159812,-0.00271,-0.208487,0.037379,0.000307,0.001188
0,0.419259,0.180439,-0.35913,-0.11128,-0.375199,-0.084726,0.000627,0.003149
0,0.192348,0.173505,-0.220792,0.018941,-0.185657,0.004343,0.003334,0.003028
0,0.28982,0.114025,0.101301,-0.049234,0.086407,-0.034284,0.001633,0.00199
0,0.103477,0.160207,-0.168322,0.046292,-0.155863,0.043502,0.001806,0.002796
0,0.197476,0.134944,0.087896,-0.021035,0.077657,-0.03624,0.003244,0.002355
0,0.097125,0.121308,-0.123089,0.004056,-0.093209,-0.002234,0.001695,0.002117
0,-0.016482,0.004954,-0.09227,-0.093102,-0.108867,-0.078378,0.000288,8.6e-05
0,-0.116104,0.172488,-0.119669,0.157409,-0.098629,0.203067,0.002026,0.00301
0,-0.182117,0.014043,-0.062345,-0.170819,-0.109571,-0.208402,0.003179,0.000245
0,-0.169068,-0.003434,0.027093,-0.035658,-0.015581,0.005344,0.002951,6e-05
0,-0.272955,0.168137,-0.08997,0.183036,-0.13886,0.161981,0.001927,0.002935
0,-0.144143,-0.092495,0.130217,-0.265177,0.12744,-0.310012,0.002516,0.001614
0,-0.15477,0.128133,0.01658,0.230476,0.012823,0.235233,0.002701,0.002236
0,-0.025956,0.025843,0.099166,-0.07834,0.122348,-0.094453,0.000453,0.000451
0,-0.129502,0.009183,-0.092348,-0.032153,-0.076048,-0.073762,0.00226,0.00016
0,-0.141125,0.052941,-0.038784,0.024067,-0.071435,0.01068,0.002463,0.000924
0,-0.11939,0.054898,0.030758,-0.024805,0.051565,-0.031177,0.002084,0.000958
0,-0.179489,-0.047848,-0.038135,-0.118466,0.008903,-0.121631,0.003133,0.000835
0,0.031045,0.125431,0.229647,0.179468,0.199891,0.166309,0.000542,0.002189
0,-0.178237,0.00741,-0.230193,-0.135997,-0.266739,-0.11177,0.003111,0.000129
0,-0.06216,0.160699,0.122828,0.157679,0.149689,0.158181,0.001085,0.002805
0,0.027922,-0.016997,0.113493,-0.202644,0.154402,-0.208001,0.000487,0.000297
0,0.009478,-0.082286,-0.030462,-0.093942,-0.079931,-0.07914,0.000165,0.001436
0,-0.164175,-0.07084,-0.188174,-0.002709,-0.201437,-0.046598,0.002865,0.001236
0,-0.069533,0.138482,0.115338,0.21774,0.073606,0.240003,0.001214,0.002417
0,-0.043554,0.035001,0.050616,-0.127146,0.04635,-0.089359,0.00076,0.000611
0,-0.224076,-0.100531,-0.204991,-0.116836,-0.200898,-0.084023,0.00278,0.001755
0,-0.104554,0.021223,0.104409,0.143321,0.073193,0.104932,0.001825,0.00037
0,-0.191038,0.093447,-0.07676,0.101708,-0.087939,0.100551,0.003334,0.001631
0,-0.084979,0.124832,0.099729,0.028626,0.074438,0.027514,0.001483,0.002179
0,0.011185,0.140545,0.124977,0.026118,0.150414,0.066989,0.000195,0.002453
0,-0.254735,0.184738,-0.288151,0.051886,-0.28733,0.005248,0.002245,0.003224
0,-0.086621,-0.007685,0.145473,-0.168238,0.188084,-0.13493,0.001512,0.000134
0,-0.089845,0.184114,0.015852,0.217414,-0.005953,0.259526,0.001568,0.003213
0,-0.246736,0.074201,-0.14661,-0.113752,-0.13661,-0.140731,0.002384,0.001295
0,-0.104783,0.030786,0.138223,-0.038851,0.101788,-0.035426,0.001829,0.000537
0,-0.088211,-0.11335,-0.002526,-0.14004,0.026476,-0.11261,0.00154,0.001978
0,-0.327296,0.036471,-0.24135,0.177046,-0.283569,0.190121,0.000978,0.000637
0,-0.233309,0.111271,0.106318,0.052871,0.066144,0.084049,0.002619,0.001942
0,-0.16915,-0.053896,0.053899,-0.153154,0.028595,-0.122268,0.002952,0.000941
0,-0.309009,-0.097368,-0.138752,-0.065197,-0.127847,-0.111384,0.001298,0.001699
0,-0.266643,-0.137751,0.058213,-0.011967,0.078905,-0.059218,0.002037,0.002404
0,-0.151272,-0.074224,0.114689,0.072404,0.118324,0.090316,0.00264,0.001295
0,-0.089113,0.036059,0.040566,0.094369,0.038258,0.089392,0.001555,0.000629
0,-0.060807,0.129296,0.021424,0.094019,0.028711,0.113808,0.001061,0.002257
0,-0.024806,-0.10387,0.055394,-0.210826,0.01171,-0.224485,0.000433,0.001813
0,-0.115266,0.173566,-0.087774,0.283922,-0.134375,0.295057,0.002012,0.003029
0,-0.123062,0.2006,-0.016355,0.001264,-0.008102,-0.01708,0.002148,0.00319
0,-0.041901,0.065809,0.089311,-0.118402,0.067601,-0.133476,0.000731,0.001149
0,-0.183732,0.147746,-0.132345,0.061755,-0.168944,0.102202,0.003207,0.002579
0,0.037314,0.118034,0.215709,-0.040112,0.197071,-0.076721,0.000651,0.00206
0,-0.211164,0.146387,-0.249548,0.029593,-0.216062,-0.009171,0.003005,0.002555
0,0.014643,0.017914,0.242209,-0.143526,0.236994,-0.144086,0.000256,0.000313
0,-0.158148,0.14033,-0.17531,0.134256,-0.221755,0.102608,0.00276,0.002449
0,-0.073927,0.101471,0.082985,-0.066668,0.060509,-0.067882,0.00129,0.001771
0,-0.156843,-0.03694,-0.069121,-0.13888,-0.077604,-0.134426,0.002737,0.000645
0,-0.147979,0.031121,0.027717,0.041387,-0.004628,0.057521,0.002583,0.000543
0,-0.046368,0.219215,0.07919,0.188854,0.086726,0.180635,0.000809,0.002865
0,0.033906,0.087231,0.073301,-0.133183,0.11139,-0.1656,0.000592,0.001522
0,0.110374,0.095161,0.0916,-0.007525,0.114969,-0.029373,0.001926,0.001661
0,-0.083531,-0.110676,-0.181953,-0.175972,-0.22801,-0.166187,0.001458,0.001932
0,-0.061709,-0.078157,0.04988,0.018575,0.040668,-0.007187,0.001077,0.001364
0,-0.011571,0.027368,0.080122,0.103088,0.083547,0.125519,0.000202,0.000478
0,-0.106306,0.033922,-0.096509,0.035749,-0.074444,0.067069,0.001855,0.000592
0,-0.074692,0.007169,0.052623,0.00271,0.082923,-0.032512,0.001304,0.000125
0,0.110621,0.10779,0.173823,0.127218,0.173093,0.078454,0.001931,0.001881
0,-0.04735,0.123127,-0.175475,0.027977,-0.178646,0.049938,0.000826,0.002149
0,-0.06543,-0.044758,0.006563,-0.175937,-0.019191,-0.208476,0.001142,0.000781
0,-0.001556,-0.03256,0.085254,0.01236,0.112792,0.03584,2.7e-05,0.000568
0,0.040713,-0.153187,0.026484,-0.096371,0.050421,-0.09244,0.000711,0.002674
0,0.028086,-0.198584,-0.026217,-0.03629,-0.005491,-0.083777,0.00049,0.003225
0,0.097846,-0.064872,0.078978,0.111986,0.0966,0.124084,0.001708,0.001132
0,0.053894,0.012027,-0.018692,0.072992,0.02513,0.067597,0.000941,0.00021
0,0.140946,0.001603,0.074084,0.01919,0.122231,0.005565,0.00246,2.8e-05
0,-0.003216,-0.014351,-0.167207,-0.00018,-0.176991,-0.019907,5.6e-05,0.00025
0,-0.032346,-0.033231,-0.012939,-0.000767,0.00885,-0.029548,0.000565,0.00058
0,0.092827,0.026187,0.133317,0.060867,0.127381,0.023933,0.00162,0.000457
0,-0.066384,-0.127407,-0.181755,-0.141307,-0.153431,-0.094653,0.001159,0.002224
0,0.203298,0.065661,0.269439,0.18709,0.269501,0.148375,0.003143,0.001146
0,0.081588,-0.091027,-0.127945,-0.168489,-0.106184,-0.118889,0.001424,0.001589
0,0.088411,-0.157491,-0.019939,-0.051335,-0.06141,-0.029138,0.001543,0.002749
0,0.114922,-0.012886,0.020263,0.118011,0.025174,0.150727,0.002006,0.000225
0,0.039583,0.015042,-0.098348,0.03115,-0.124822,0.0582,0.000691,0.000263
0,0.256893,-0.109197,0.202041,-0.137424,0.230164,-0.149885,0.002207,0.001906
0,0.149323,-0.068511,-0.104357,0.037514,-0.105036,0.025976,0.002606,0.001196
0,-0.047991,-0.010817,-0.212644,0.029498,-0.256624,0.025433,0.000838,0.000189
0,0.159721,-0.056318,0.215287,-0.046749,0.18971,-0.012957,0.002788,0.000983
0,0.072797,-0.015575,-0.101432,0.056051,-0.067075,0.068589,0.001271,0.000272
0,0.252495,-0.045103,0.179394,-0.01811,0.194055,-0.065359,0.002284,0.000787
0,0.146614,-0.174925,-0.105401,-0.124137,-0.067826,-0.164568,0.002559,0.003053
0,0.049452,0.101799,-0.077601,0.297203,-0.089204,0.293862,0.000863,0.001777
0,-0.079062,0.078068,-0.131899,-0.050328,-0.159633,-0.098248,0.00138,0.001363
0,-0.067642,0.098801,0.032204,0.012375,0.025536,-0.032055,0.001181,0.001724
0,0.06151,-0.071656,0.143864,-0.172891,0.101933,-0.136258,0.001074,0.001251
0,0.154189,-0.092608,0.088321,-0.032992,0.087978,-0.050132,0.002691,0.001616
0,-0.012848,0.03124,-0.167368,0.145528,-0.216413,0.153927,0.000224,0.000545
0,0.155463,0.133883,0.157284,0.080396,0.182203,0.086228,0.002713,0.002337
0,-0.015598,0.070347,-0.151038,-0.058527,-0.199269,-0.030558,0.000272,0.001228
0,0.128585,-0.077355,0.166357,-0.167667,0.136488,-0.206893,0.002244,0.00135
0,0.164385,-0.15022,0.023849,-0.065742,0.05641,-0.062655,0.002869,0.002622
0,-0.044133,0.063397,-0.207359,0.220979,-0.211816,0.220488,0.00077,0.001106
0,0.064676,0.035313,0.128258,-0.038211,0.12068,-0.00766,0.001129,0.000616
0,0.075086,-0.089353,0.015042,-0.122058,0.034161,-0.106637,0.001311,0.00156
0,-0.054166,-0.043274,-0.111337,0.070507,-0.092315,0.077082,0.000945,0.000755
0,-1.828778,-0.832509,-1.778414,-0.781011,-1.746942,-0.827621,0.001536,0.001148
0,-2.976643,-1.393915,-1.15933,-0.577017,-1.118683,-0.565127,0.001574,0.002435
0,-2.804651,-2.382741,0.153259,-0.991573,0.110769,-1.036675,0.002115,0.001442
0,-3.544096,-2.397169,-0.759581,0.009288,-0.712492,0.019392,0.001639,0.001694
0,-2.547621,-2.38201,1.014792,0.005144,1.041008,0.006041,0.002371,0.001429
0,-2.405554,-1.773331,0.145357,0.624471,0.106915,0.636997,0.00184,0.002504
0,-2.237143,-1.410184,0.18941,0.341649,0.223338,0.337884,0.001099,0.002151
0,-1.981057,-0.558761,0.276662,0.831213,0.271984,0.861453,0.001122,0.003061
0,-1.393303,-0.286956,0.617411,0.256362,0.573585,0.291425,0.002446,0.001682
0,-0.83544,-0.135588,0.574844,0.173521,0.613708,0.137155,0.0012,0.002366
0,-0.482913,0.077373,0.332123,0.201424,0.366471,0.174843,0.001738,0.00135
0,-0.264494,0.069942,0.246144,0.005876,0.199674,0.009843,0.002075,0.001221
0,-0.118073,0.190345,0.139969,0.09385,0.163622,0.119048,0.002061,0.003322
0,0.030484,0.161393,0.170932,-0.02369,0.208604,-0.004189,0.000532,0.002817
0,-0.030046,0.049015,-0.087573,-0.089816,-0.094813,-0.122465,0.000524,0.000855
0,0.235624,0.257545,0.244109,0.193059,0.292238,0.182036,0.002578,0.002196
0,0.227199,0.091623,-0.017494,-0.153183,-0.0493,-0.132643,0.002725,0.001599
0,0.265575,0.065372,0.04959,-0.022296,0.072356,-0.023084,0.002056,0.001141
0,0.116485,0.209975,-0.126238,0.155535,-0.169962,0.161201,0.002033,0.003026
0,0.071651,0.011237,-0.069744,-0.201538,-0.113393,-0.211651,0.001251,0.000196
0,-0.090723,0.011388,-0.143269,-0.01091,-0.098279,-0.041729,0.001583,0.000199
0,0.102237,-0.082921,0.216069,-0.096691,0.194699,-0.094698,0.001784,0.001447
0,-0.138255,-0.035387,-0.263958,0.069265,-0.251782,0.094036,0.002413,0.000618
0,-0.112234,-0.02603,0.034972,0.028743,-0.00948,0.035337,0.001959,0.000454
0,-0.137497,-0.022418,-0.005941,-0.02035,0.001098,0.011113,0.0024,0.000391
0,-0.13901,-0.029012,-0.027126,-0.008413,-0.023245,0.018206,0.002426,0.000506
0,-1.178695,-0.653207,-1.015174,-0.638376,-0.974852,-0.592096,0.0005,0.001981
0,-1.485923,-1.792691,-0.299649,-1.115466,-0.273818,-1.119966,0.000829,0.002166
0,-1.980855,-2.462701,-0.493362,-0.683432,-0.504209,-0.694522,0.001118,0.002837
0,-1.781817,-2.309671,0.176724,0.129484,0.127693,0.17819,0.002356,0.000166
0,-1.540646,-2.16078,0.255342,0.165468,0.230415,0.17469,0.000126,0.002432
0,-1.02665,-1.313428,0.488528,0.83938,0.523355,0.833549,0.002154,0.002851
0,-0.815016,-0.734991,0.199041,0.572355,0.195847,0.568524,0.000843,0.000554
0,-0.50863,-0.45827,0.296546,0.280295,0.277317,0.238779,0.002186,0.001307
0,-0.144308,-0.26437,0.386711,0.209762,0.370844,0.256316,0.002519,0.002077
0,-0.229286,-0.075983,-0.096249,0.160974,-0.100865,0.190352,0.002689,0.001326
0,0.094423,-0.141987,0.350005,-0.073943,0.335825,-0.041609,0.001648,0.002478
0,0.139345,0.201055,0.062036,0.324938,0.040789,0.293435,0.002432,0.003182
0,0.082852,0.119187,-0.048059,-0.080261,-0.06718,-0.038547,0.001446,0.00208
0,0.118946,0.056251,0.012501,-0.085715,0.04312,-0.095861,0.002076,0.000982
0,0.383464,0.153001,0.271595,0.081685,0.276931,0.072614,2e-06,0.00267
0,0.144987,0.189654,-0.255263,0.055223,-0.280656,0.099453,0.002531,0.00331
0,0.089344,-0.008873,-0.034366,-0.177801,-0.084302,-0.197482,0.001559,0.000155
0,0.201838,0.095449,0.119766,0.13399,0.100275,0.171532,0.003168,0.001666
0,0.239706,0.009857,0.034265,-0.066518,0.065294,-0.04541,0.002507,0.000172
0,0.097946,-0.0094,-0.16873,-0.039125,-0.140805,-0.028408,0.001709,0.000164
0,0.111245,0.066062,-0.003975,0.057948,-0.024249,0.067678,0.001942,0.001153
0,0.24217,0.222574,0.134572,0.17227,0.180861,0.208883,0.002464,0.002806
0,0.067378,0.038847,-0.204448,-0.198687,-0.189228,-0.154544,0.001176,0.000678
0,0.275313,0.060913,0.202782,0.032231,0.170313,0.009823,0.001886,0.001063
0,0.182273,0.24773,-0.09702,0.203205,-0.060237,0.226853,0.003181,0.002367
0,0.228437,0.197917,0.075309,-0.063325,0.09467,-0.061296,0.002704,0.003237
0,0.055462,-0.051712,-0.170609,-0.252444,-0.140447,-0.282478,0.000968,0.000903
0,0.228357,0.060572,0.181978,0.092385,0.154385,0.056085,0.002705,0.001057
0,0.12733,0.156852,-0.098323,0.117336,-0.070225,0.091088,0.002222,0.002738
0,0.214773,0.130385,0.105134,-0.044194,0.122787,-0.038416,0.002942,0.002276
0,0.006406,-0.107052,-0.205375,-0.223318,-0.194834,-0.247826,0.000112,0.001868
0,0.05025,-0.059571,0.055616,0.040032,0.052881,0.043818,0.000877,0.00104
0,0.02944,0.003364,-0.043991,0.063195,-0.009405,0.075031,0.000514,5.9e-05
0,0.183726,0.005417,0.177688,0.029307,0.225806,0.029214,0.003207,9.5e-05
0,0.126628,-0.071667,-0.030974,-0.090061,0.006985,-0.043016,0.00221,0.001251
0,0.140317,-0.009975,0.024996,0.070145,0.009783,0.045982,0.002449,0.000174
0,-0.005335,-0.028985,-0.118899,-0.042635,-0.139703,-0.079293,9.3e-05,0.000506
0,0.050346,-0.08635,0.053183,-0.049691,0.064303,-0.029962,0.000879,0.001507
0,-0.062375,0.141705,-0.113665,0.228506,-0.153822,0.229054,0.001089,0.002473
0,-0.0112,-0.005205,0.068483,-0.149062,0.079337,-0.159596,0.000195,9.1e-05
0,-1.342755,-1.662275,-1.314222,-1.669265,-1.317527,-1.700217,0.003328,0.002249
0,-1.727422,-1.744002,-0.407062,-0.066446,-0.431301,-0.055725,0.003305,0.003016
0,-2.68516,-2.398779,-0.967773,-0.641513,-0.987465,-0.665562,2.9e-05,0.001722
0,-2.508206,-2.463827,0.177924,-0.059132,0.220875,-0.099176,0.003059,0.002857
0,-2.256087,-2.072258,0.222343,0.375819,0.231544,0.376168,0.000769,0.002714
0,-2.013745,-1.555873,0.252689,0.53138,0.215072,0.507843,0.001692,0.000392
0,-1.421089,-1.217723,0.584678,0.335577,0.563815,0.338053,0.001961,0.001181
0,-1.146579,-0.970636,0.265008,0.248399,0.283246,0.207636,6.1e-05,0.003132
0,-0.720488,-0.573684,0.397416,0.375216,0.408154,0.378542,0.000807,0.003322
0,-0.471495,-0.358368,0.235043,0.217742,0.196366,0.215392,0.001538,0.000436
0,-0.377758,-0.148292,0.101601,0.233764,0.07859,0.189787,9.8e-05,0.002588
0,-0.17546,0.164925,0.224192,0.338153,0.262609,0.340892,0.003062,0.002878
0,0.068993,0.135311,0.267916,-0.017675,0.313216,0.030439,0.001204,0.002362
0,0.026476,0.128932,-0.062421,0.014201,-0.062952,-0.012716,0.000462,0.00225
0,0.093867,0.315722,0.067335,0.165578,0.080047,0.143389,0.001638,0.00118
0,0.263654,0.244547,0.148389,-0.064159,0.111992,-0.036901,0.002089,0.002423
0,0.401748,0.207113,0.140311,-0.010813,0.129125,-0.043956,0.000321,0.003076
0,0.119381,0.075736,-0.300791,-0.157244,-0.318564,-0.180168,0.002084,0.001322
0,0.339138,0.307516,0.202623,0.237848,0.197609,0.208957,0.000772,0.001324
0,0.226936,0.108718,-0.122073,-0.176121,-0.136331,-0.17346,0.00273,0.001897
0,0.146807,0.053543,-0.088452,-0.063495,-0.056364,-0.01573,0.002562,0.000935
0,0.184424,0.060256,0.045891,-0.015025,0.060123,0.003781,0.003219,0.001052
0,0.130918,-0.127963,-0.046722,-0.201793,-0.059126,-0.176147,0.002285,0.002233
0,0.114655,-0.124683,0.001773,0.017362,0.024195,0.003191,0.002001,0.002176
0,0.141932,-0.096202,0.013856,0.053443,0.048295,0.003656,0.002477,0.001679
0,0.192792,0.103978,0.044201,0.205757,0.041815,0.246662,0.003326,0.001815
0,0.2993,0.076738,0.119847,-0.055065,0.105192,-0.104004,0.001467,0.001339
0,0.044651,-0.045363,-0.269533,-0.12843,-0.248246,-0.170564,0.000779,0.000792
0,0.262978,-0.146958,0.220691,-0.093502,0.244215,-0.103248,0.002101,0.002565
0,0.263999,0.014657,0.006227,0.188801,0.048457,0.21207,0.002083,0.000256
0,0.250576,-0.048562,-0.016734,-0.084793,0.030187,-0.04989,0.002317,0.000848
0,0.248187,0.028771,-0.017995,0.106576,-0.052839,0.107943,0.002359,0.000502
0,0.166045,-0.096023,-0.108302,-0.133097,-0.059556,-0.088878,0.002898,0.001676
0,0.049506,-0.160371,-0.100599,-0.07668,-0.102955,-0.109575,0.000864,0.002799
0,0.250376,-0.129653,0.188554,0.005466,0.166314,-0.0293,0.002321,0.002263
0,-0.019868,0.035555,-0.272973,0.177913,-0.264243,0.21367,0.000347,0.000621
0,0.053316,-0.122221,0.076559,-0.150696,0.091685,-0.128998,0.000931,0.002133
0,0.088038,-0.10359,0.038402,0.00968,0.02269,-0.005699,0.001537,0.001808
0,0.140976,-0.015379,0.071202,0.059232,0.119258,0.051639,0.00246,0.000268
0,0.230078,-0.114798,0.092751,-0.079662,0.06812,-0.063617,0.002675,0.002004
0,-1.143673,0.423724,-1.386687,0.525821,-1.400627,0.564798,0.000112,0.000705
0,-1.347204,1.380067,-0.225054,0.980837,-0.240052,0.957461,0.00325,0.002677
0,-1.20906,1.635013,0.156929,0.276062,0.173128,0.250427,0.00103,0.001773
0,-1.299183,1.629144,-0.090641,-0.021424,-0.078893,-0.054144,0.002603,0.001671
0,-1.151294,1.570674,0.165105,-0.02873,0.174169,-0.06243,2.1e-05,0.00065
0,0.840329,2.583865,1.992578,0.986348,2.018599,0.949056,0.001285,0.001739
0,2.219073,3.405963,1.393384,0.816029,1.398199,0.856405,0.001415,0.000772
0,2.011591,3.214352,-0.17946,-0.197526,-0.143071,-0.15169,0.001655,0.002574
0,2.514624,2.757549,0.515549,-0.485933,0.499597,-0.500045,0.002947,0.001293
0,2.556332,2.177387,0.031185,-0.550307,0.010071,-0.579112,0.002219,0.002142
0,2.139976,1.64742,-0.442338,-0.523898,-0.399967,-0.539393,0.002795,0.00199
0,1.399989,1.216754,-0.760423,-0.4418,-0.758185,-0.467321,0.002329,0.001164
0,1.047664,0.545003,-0.352963,-0.6756,-0.362362,-0.681045,0.001787,0.002821
0,0.511143,0.226957,-0.5519,-0.311896,-0.587996,-0.281648,0.00223,0.00273
0,0.077617,-0.097013,-0.445881,-0.343277,-0.470625,-0.353666,0.001355,0.001693
0,0.043614,-0.11385,-0.010083,-0.03312,0.004258,-0.008202,0.000761,0.001987
0,0.022592,-0.454215,-0.045353,-0.320727,-0.038915,-0.330491,0.000394,0.001237
0,0.021836,-0.594982,0.026997,-0.160629,0.067595,-0.13253,0.000381,0.002997
0,-0.209314,-0.426996,-0.259888,0.167154,-0.256427,0.207175,0.003038,0.000762
0,-0.108356,-0.408693,0.126567,0.021576,0.154725,0.068674,0.001891,0.000442
0,-0.092559,-0.265306,0.031944,0.15455,0.077481,0.159984,0.001615,0.00206
0,-0.324243,-0.25177,-0.202103,-0.004637,-0.165277,0.039556,0.001032,0.002297
0,-0.055482,-0.145645,0.29306,0.135964,0.262977,0.143926,0.000968,0.002542
0,-0.338619,-0.047786,-0.293765,0.113191,-0.307886,0.098775,0.000781,0.000834
0,-0.273473,-0.178014,0.080923,-0.109827,0.088713,-0.092137,0.001918,0.003107
0,-0.196927,-0.125244,0.092827,0.073724,0.049651,0.058203,0.003254,0.002186
0,-0.078674,0.084795,0.139824,0.239509,0.152819,0.280994,0.001373,0.00148
0,0.030594,0.071276,0.090191,0.015856,0.092724,0.04106,0.000534,0.001244
0,0.18255,0.059176,0.133849,-0.004433,0.108214,-0.053801,0.003186,0.001033
0,0.123562,-0.084587,-0.045039,-0.126852,-0.01467,-0.077698,0.002157,0.001476
0,0.055247,-0.062939,-0.085938,0.035864,-0.046377,0.03362,0.000964,0.001098
0,0.007978,-0.06224,-0.042236,-0.016921,-0.016083,0.009856,0.000139,0.001086
0,0.075119,-0.108047,0.082655,-0.053547,0.096227,-0.035864,0.001311,0.001886
0,0.183571,0.077171,0.129213,0.184089,0.111007,0.22822,0.003204,0.001347
0,0.228733,-0.066486,0.060392,-0.148876,0.02719,-0.166884,0.002699,0.00116
0,0.142697,-0.077397,-0.084451,-0.032014,-0.083449,-0.062419,0.002491,0.001351
0,0.046009,0.049681,-0.079474,0.156517,-0.112492,0.125035,0.000803,0.000867
0,0.074192,-0.139607,0.012822,-0.19985,-0.016707,-0.159599,0.001295,0.002437
0,-0.113245,-0.16476,-0.199378,-0.035818,-0.206188,-0.041342,0.001976,0.002876
0,-0.069355,-0.072801,0.07091,0.103124,0.082595,0.083971,0.00121,0.001271
0,0.03337,-0.099014,0.098163,-0.019049,0.129504,-0.013567,0.000582,0.001728
0,-0.196464,0.075331,-0.200163,0.150966,-0.197521,0.19059,0.003262,0.001315
0,-0.095791,-0.117107,0.126155,-0.213926,0.175733,-0.206314,0.001672,0.002044
0,-0.118109,0.021961,-0.010147,0.136367,-0.010713,0.182244,0.002061,0.000383
0,-0.057506,-0.017268,0.055192,-0.067067,0.024065,-0.101852,0.001004,0.000301
0,0.098779,0.009806,0.167514,0.024319,0.122094,0.007885,0.001724,0.000171
0,0.065595,0.027289,-0.051848,0.000496,-0.043745,0.040506,0.001145,0.000476
0,-0.183864,-0.031339,-0.238173,-0.079203,-0.247866,-0.099815,0.003209,0.000547
0,0.0222,-0.070512,0.221861,-0.058892,0.218353,-0.032571,0.000387,0.001231
0,-0.212997,0.111054,-0.229401,0.168663,-0.224811,0.214362,0.002973,0.001938
0,0.010838,-0.126622,0.234344,-0.22053,0.194125,-0.197225,0.000189,0.00221
0,0.002248,0.100011,-0.014173,0.239958,-0.00566,0.268679,3.9e-05,0.001746
0,-0.044419,0.096304,-0.066796,0.005845,-0.093818,0.015943,0.000775,0.001681
0,0.092628,0.013637,0.165418,-0.080359,0.166564,-0.111042,0.001617,0.000238
0,-0.025161,0.118099,-0.091436,0.078339,-0.098532,0.126052,0.000439,0.002061
0,-0.165039,-0.069018,-0.111717,-0.164092,-0.079404,-0.203649,0.00288,0.001205
0,-0.034949,0.133298,0.104096,0.178708,0.142886,0.190003,0.00061,0.002326
0,0.088406,-0.033718,0.102735,-0.165015,0.053106,-0.186728,0.001543,0.000588
0,0.020192,-0.004769,-0.094383,0.035096,-0.064062,0.046655,0.000352,8.3e-05
0,-0.16086,0.20719,-0.20379,0.222411,-0.158625,0.247819,0.002808,0.003075
0,-0.080662,0.191291,0.059832,-0.00313,0.044217,0.008425,0.001408,0.003339
0,0.065218,0.014426,0.133938,-0.206527,0.11736,-0.231455,0.001138,0.000252
0,0.104566,0.06258,0.03016,0.021955,0.053009,0.03718,0.001825,0.001092
0,-0.163941,0.054958,-0.287898,-0.003303,-0.306033,0.030512,0.002861,0.000959
0,-0.189358,0.157891,-0.000195,0.078085,0.029067,0.03153,0.003305,0.002756
0,0.015482,0.091618,0.190487,-0.071261,0.15997,-0.076628,0.00027,0.001599
0,0.084161,0.154582,0.040481,0.053754,-0.001803,0.069875,0.001469,0.002698
0,-0.075679,0.08651,-0.183303,-0.065413,-0.169887,-0.070987,0.001321,0.00151
0,0.060861,0.153773,0.151701,0.075658,0.179151,0.101906,0.001062,0.002684
0,0.013072,0.167278,-0.049046,0.032085,-0.047805,-0.010152,0.000228,0.00292
0,-0.075396,0.021482,-0.080095,-0.140024,-0.083424,-0.138455,0.001316,0.000375
0,-0.082395,0.136995,-0.010377,0.117613,-0.04467,0.167181,0.001438,0.002391
0,-0.113113,-0.031871,-0.034869,-0.17853,-0.074751,-0.198207,0.001974,0.000556
0,-0.030789,0.090814,0.059652,0.108602,0.089196,0.08231,0.000537,0.001585
0,-0.036077,0.051827,-0.01862,-0.040841,-0.048442,-0.090057,0.00063,0.000905
0,-0.146204,0.100957,-0.113111,0.037335,-0.087833,0.081447,0.002552,0.001762
0,-0.146015,0.080456,-0.027072,-0.034322,-0.000479,-0.019262,0.002548,0.001404
0,-0.23249,-0.043705,-0.058312,-0.114587,-0.021494,-0.100916,0.002633,0.000763
0,-0.277519,-0.145399,-0.033225,-0.092446,-0.053456,-0.125721,0.001847,0.002538
0,-0.107165,-0.038129,0.170047,0.087063,0.162323,0.086935,0.00187,0.000665
0,-0.194632,0.00028,-0.074239,0.06331,-0.044906,0.096889,0.003294,5e-06
0,0.013604,-0.051927,0.184978,-0.045476,0.208992,-0.091736,0.000237,0.000906
0,-0.140243,0.087624,-0.179471,0.148629,-0.222526,0.176588,0.002448,0.001529
0,-0.041409,-0.054164,0.071316,-0.168276,0.118987,-0.165223,0.000723,0.000945
0,-0.213274,0.03034,-0.144517,0.101065,-0.125062,0.106058,0.002968,0.00053
0,-0.04926,0.075432,0.154419,0.03225,0.116666,0.054706,0.00086,0.001317
0,0.024669,0.104417,0.0698,0.038137,0.080092,0.069846,0.000431,0.001822
0,0.068768,-0.138324,0.040439,-0.226287,0.01788,-0.189316,0.0012,0.002414
0,-0.097336,-0.15692,-0.136657,0.006116,-0.172713,-0.005561,0.001699,0.002739
0,-0.254012,-0.161459,-0.132034,-0.026879,-0.151136,0.021317,0.002257,0.002818
0,-0.17418,-0.079568,0.051601,0.091334,0.068422,0.067976,0.00304,0.001389
0,-0.01728,0.119716,0.145316,0.184118,0.142867,0.209893,0.000302,0.002089
0,-0.481724,-0.121432,-0.479377,-0.24618,-0.486841,-0.295641,0.001717,0.002119
0,-0.670265,0.070633,-0.215924,0.170537,-0.222768,0.124461,0.001683,0.001233
0,-0.703698,-0.026511,-0.030212,-0.112222,-0.045401,-0.071669,0.0011,0.000463
0,-0.682569,-0.02663,0.035118,-0.024827,0.074586,-0.074162,0.001469,0.000465
0,-0.555274,-0.021712,0.146606,-0.012534,0.129746,-0.054021,0.003001,0.000379
0,-0.304958,-0.295461,0.267561,-0.255246,0.291681,-0.258283,0.001368,0.001534
0,-0.274809,-0.256641,0.047047,0.020494,0.022085,0.00564,0.001894,0.002212
0,-0.0937,-0.060145,0.197068,0.184532,0.162709,0.211543,0.001635,0.00105
0,0.052765,0.093409,0.134028,0.135145,0.178643,0.096143,0.000921,0.00163
0,0.155123,-0.147923,0.10156,-0.222867,0.144508,-0.254893,0.002707,0.002582
0,0.01552,-0.090612,-0.165167,0.067225,-0.166262,0.085236,0.000271,0.001581
0,0.162143,-0.095437,0.158934,0.002728,0.178865,0.000501,0.00283,0.001666
0,0.157884,0.045737,-0.004085,0.135545,-0.03219,0.142361,0.002756,0.000798
0,0.128651,-0.012435,-0.013874,-0.030778,0.012951,-0.045368,0.002245,0.000217
0,-0.02246,0.057274,-0.14526,0.095103,-0.132311,0.077483,0.000392,0.001
0,-0.022955,-0.051155,-0.030433,-0.113125,-0.019013,-0.096268,0.000401,0.000893
0,-0.01426,0.119581,0.00325,0.17707,-0.046314,0.174535,0.000249,0.002087
0,0.117292,0.154191,0.153551,0.046125,0.182858,-0.001978,0.002047,0.002691
0,-0.061463,0.102208,-0.205878,-0.069351,-0.161078,-0.116356,0.001073,0.001784
0,0.056058,0.152152,0.117307,0.059269,0.070298,0.106111,0.000978,0.002656
0,0.090651,0.006995,0.048107,-0.166712,0.095011,-0.14864,0.001582,0.000122
0,0.099663,-0.040331,0.025113,-0.059744,0.03123,-0.074716,0.001739,0.000704
0,0.163894,-0.093141,0.03843,-0.064442,0.060521,-0.050164,0.00286,0.001626
0,0.121543,0.05002,-0.042794,0.146633,-0.088467,0.196146,0.002121,0.000873
0,0.019993,-0.008074,-0.123409,-0.04626,-0.167599,-0.064341,0.000349,0.000141
0,-0.122647,0.006765,-0.114289,0.016116,-0.090426,0.057923,0.002141,0.000118
0,0.116971,-0.043925,0.228616,-0.03643,0.19432,-0.049852,0.002042,0.000767
0,0.037343,-0.023984,-0.078803,0.035773,-0.039285,0.034576,0.000652,0.000419
0,-0.068337,-0.113172,-0.12362,-0.112966,-0.11908,-0.063022,0.001193,0.001975
0,0.105834,-0.068858,0.195869,0.039767,0.185646,0.026585,0.001847,0.001202
0,-0.055855,0.057578,-0.177496,0.121705,-0.220235,0.118833,0.000975,0.001005
0,0.063186,0.08813,0.109225,0.006592,0.113121,0.0465,0.001103,0.001538
0,-0.038806,-0.132575,-0.109099,-0.235973,-0.145768,-0.249909,0.000677,0.002314
0,-0.015523,0.03736,0.026266,0.140421,0.048869,0.131029,0.000271,0.000652
0,-0.094931,0.067833,-0.067184,0.059959,-0.054115,0.107624,0.001657,0.001184
0,0.112248,0.130607,0.196041,0.036516,0.151157,0.059434,0.001959,0.00228
0,0.072992,0.066269,-0.019854,-0.062464,0.005901,-0.0399,0.001274,0.001157
0,0.193367,-0.004184,0.14113,-0.05782,0.137907,-0.072308,0.003316,7.3e-05
0,0.18258,-0.050217,-0.015421,-0.05507,-0.020741,-0.077275,0.003187,0.000876
0,0.137851,0.050044,-0.056898,0.113231,-0.080826,0.137381,0.002406,0.000873
0,0.034088,0.088445,-0.084672,0.030888,-0.115644,0.037271,0.000595,0.001544
0,0.089376,0.050393,0.066691,-0.061131,0.073819,-0.024633,0.00156,0.00088
0,-0.065579,0.013659,-0.18345,-0.057364,-0.134631,-0.093824,0.001145,0.000238
0,-0.064424,-0.021539,-0.022887,-0.056266,-0.065684,-0.092452,0.001124,0.000376
0,-0.084379,0.056635,-0.023004,0.086699,-0.03965,0.094708,0.001473,0.000988
0,0.016755,-0.043044,0.128532,-0.098184,0.09395,-0.102558,0.000292,0.000751
0,0.080252,0.124759,0.079305,0.143902,0.087469,0.180316,0.001401,0.002177
0,-0.120063,0.066547,-0.210029,-0.060562,-0.201226,-0.059287,0.002095,0.001161
0,0.000641,-0.034366,0.124238,-0.104145,0.139508,-0.124604,1.1e-05,0.0006
0,-0.027174,0.002506,-0.045585,0.029003,-0.006507,0.012738,0.000474,4.4e-05
0,-0.088419,-0.117284,-0.061354,-0.090754,-0.019876,-0.104358,0.001543,0.002047
0,-0.184436,0.040156,-0.099156,0.134049,-0.141605,0.177253,0.003219,0.000701
0,-0.176741,0.097877,0.002064,0.030282,0.023956,0.019712,0.003085,0.001708
0,2.924306,-1.092714,3.113453,-1.171555,3.124249,-1.155954,0.002488,0.001001
0,2.963846,-1.453675,0.049208,-0.332643,0.090393,-0.286621,0.001798,0.001392
0,3.383997,-1.57845,0.402331,-0.122292,0.420539,-0.158753,0.001155,0.000786
0,3.361252,-1.678993,-0.021883,-0.107416,-0.046334,-0.133544,0.001552,0.002541
0,1.973557,-0.582282,-1.390687,1.099602,-1.345803,1.094923,0.000991,0.003219
0,0.210142,0.040571,-1.772944,0.639466,-1.769899,0.6448,0.003023,0.000708
0,-1.444453,1.20241,-1.626307,1.186333,-1.672701,1.164408,0.001553,0.000914
0,-2.280595,1.345712,-0.853666,0.149026,-0.850937,0.17646,0.000341,0.003276
0,-2.273764,1.732818,-0.017347,0.414942,-0.03207,0.463798,0.00046,0.003211
0,-2.415898,1.553551,-0.164191,-0.153639,-0.150634,-0.169796,0.00202,0.000351
0,-2.479611,1.219535,-0.084623,-0.354448,-0.103101,-0.403255,0.003132,0.001212
0,-2.107274,1.132696,0.346952,-0.092109,0.383341,-0.107047,0.003325,0.000303
0,-1.354881,0.57775,0.739629,-0.573323,0.747802,-0.603707,0.003116,0.003298
0,-1.150491,0.432759,0.183764,-0.152861,0.175595,-0.18414,7e-06,0.000862
0,-0.4819,0.053987,0.687097,-0.40657,0.680045,-0.403794,0.00172,0.000942
0,-0.30371,0.0356,0.201132,-0.024276,0.172644,0.007289,0.00139,0.000621
0,-0.209588,0.174223,0.098954,0.154787,0.100141,0.10822,0.003033,0.003041
0,0.028104,-0.1302,0.252115,-0.316278,0.202838,-0.323526,0.000491,0.002272
0,0.15471,0.067306,0.099547,0.198695,0.113465,0.189392,0.0027,0.001175
0,0.379675,0.062921,0.218513,0.017285,0.1876,0.063793,6.4e-05,0.001098
0,0.307223,-0.181324,-0.049087,-0.262493,-0.088079,-0.237111,0.001329,0.003165
0,0.443482,-0.121991,0.137163,0.037534,0.088823,0.072037,0.001049,0.002129
0,0.184697,-0.116834,-0.241255,-0.017707,-0.270431,-0.067621,0.003224,0.002039
0,0.25192,-0.060154,0.041176,0.081867,0.052219,0.111812,0.002294,0.00105
0,0.256084,-0.144681,0.00611,-0.071958,0.030501,-0.078965,0.002221,0.002525
0,0.149303,-0.190905,-0.07692,-0.068991,-0.050039,-0.071205,0.002606,0.003332
0,0.296172,-0.165248,0.147153,0.044704,0.176139,0.037261,0.001522,0.002884
0,0.22337,-0.180945,-0.092603,-0.033815,-0.116128,-0.03931,0.002792,0.003158
0,0.245489,0.025299,0.042785,0.189606,0.050736,0.168746,0.002406,0.000442
0,0.234401,-0.103879,0.015885,-0.146046,0.021646,-0.113418,0.0026,0.001813
0,0.27803,-0.207624,0.071063,-0.103925,0.03028,-0.096207,0.001838,0.003067
0,0.198142,0.035378,-0.051263,0.233892,-0.032178,0.265626,0.003233,0.000617
0,-0.020338,0.07684,-0.226389,0.012023,-0.266671,0.039446,0.000355,0.001341
0,0.230889,0.058766,0.222166,-0.002168,0.256708,0.03213,0.002661,0.001026
0,0.207068,-0.071801,-0.040123,-0.137928,-0.068099,-0.113574,0.003077,0.001253
0,0.078836,-0.023497,-0.113328,0.064977,-0.070366,0.103412,0.001376,0.00041
0,0.183538,0.090355,0.106132,0.132611,0.119227,0.136406,0.003203,0.001577
0,0.222848,0.043068,0.059715,-0.042608,0.03236,-0.069244,0.002801,0.000752
0,0.125916,-0.047455,-0.070589,-0.092415,-0.076059,-0.125828,0.002198,0.000828
0,0.051455,0.111735,-0.092611,0.181214,-0.100546,0.218334,0.000898,0.00195
0,0.097909,-0.003816,0.054839,-0.116108,0.049733,-0.151052,0.001709,6.7e-05
0,0.086255,-0.133649,-0.02417,-0.130982,-0.071749,-0.138901,0.001505,0.002333
0,0.301714,-0.104635,0.228062,0.055022,0.276449,0.012253,0.001425,0.001826
0,0.165038,-0.116693,-0.11949,-0.012831,-0.123085,0.019426,0.00288,0.002037
0,0.157118,-0.025126,-0.001427,0.090954,-0.049692,0.085758,0.002742,0.000439
0,0.184037,0.045863,0.038925,0.043192,0.022447,0.019742,0.003212,0.0008
0,-0.02638,0.104691,-0.203041,0.041154,-0.177101,0.079821,0.00046,0.001827
0,0.185167,-0.004584,0.188495,-0.095703,0.168839,-0.114392,0.003232,8e-05
0,0.005956,0.097617,-0.150951,0.131936,-0.109422,0.148317,0.000104,0.001704
0,-0.098298,-0.126787,-0.074391,-0.25175,-0.085495,-0.224268,0.001716,0.002213
0,0.00389,-0.056974,0.101533,0.06559,0.107034,0.081605,6.8e-05,0.000994
0,0.205452,-0.000436,0.212816,0.036636,0.259749,0.047616,0.003105,8e-06
0,0.132844,-0.065997,-0.088763,-0.045983,-0.050363,-0.095215,0.002319,0.001152
0,0.201907,0.092639,0.087962,0.172015,0.110701,0.189761,0.003167,0.001617
0,-0.044272,-0.061875,-0.268253,-0.13051,-0.295583,-0.145977,0.000773,0.00108
0,0.096796,0.078553,0.162484,0.146976,0.211784,0.185961,0.001689,0.001371
0,0.068691,-0.115463,-0.044977,-0.184208,-0.061456,-0.178562,0.001199,0.002015
0,0.117167,-0.127814,0.060135,-0.024624,0.057249,-0.044607,0.002045,0.002231
0,-0.111921,0.032408,-0.218735,0.165035,-0.175997,0.209551,0.001953,0.000566
0,-0.004319,0.00116,0.114961,-0.060054,0.133434,-0.087419,7.5e-05,2e-05
0,-0.132843,0.092234,-0.134588,0.079286,-0.155704,0.034536,0.002319,0.00161
0,-0.092712,-0.159107,0.027145,-0.249966,0.045884,-0.215513,0.001618,0.002777
0,0.020048,0.144709,0.137668,0.322045,0.149094,0.314528,0.00035,0.002526
0,-0.10382,0.06364,-0.129407,-0.096421,-0.156511,-0.13926,0.001812,0.001111
0,0.0169,0.07401,0.147168,-0.000622,0.144134,-0.041443,0.000295,0.001292
0,-0.075988,-0.043258,-0.120261,-0.117508,-0.106249,-0.116405,0.001326,0.000755
0,0.156356,0.066178,0.207974,0.110907,0.206202,0.115576,0.002729,0.001155
0,0.113805,-0.033539,-0.039654,-0.072152,-0.062361,-0.104723,0.001986,0.000585
0,0.003293,-0.120605,-0.115031,-0.098025,-0.138559,-0.12615,5.7e-05,0.002105
0,0.167877,0.049509,0.193824,0.146277,0.191519,0.146934,0.00293,0.000864
0,-0.0663,-0.046638,-0.234864,-0.07556,-0.189539,-0.085332,0.001157,0.000814
0,0.030313,-0.115317,0.094108,-0.078791,0.079847,-0.1031,0.000529,0.002013
0,0.13809,-0.014771,0.110937,0.073771,0.119778,0.106894,0.00241,0.000258
0,-0.073708,-0.038378,-0.214347,-0.00745,-0.204379,0.025793,0.001286,0.00067
0,-0.037368,0.103445,0.020153,0.134265,0.01549,0.099805,0.000652,0.001805
0,-0.009063,-0.04709,0.008615,-0.17031,-0.037075,-0.134287,0.000158,0.000822
0,0.047161,-0.052509,0.028802,0.013216,0.008959,0.005723,0.000823,0.000916
0,0.081796,0.134052,0.016315,0.171037,-0.03298,0.18282,0.001428,0.00234
0,-0.077747,0.148226,-0.165034,-0.011551,-0.190526,-0.014977,0.001357,0.002587
0,0.09508,0.068109,0.150487,-0.092857,0.165073,-0.123584,0.001659,0.001189
0,0.046664,0.018386,-0.059124,-0.07415,-0.009187,-0.071913,0.000814,0.000321
0,-0.174251,-0.069865,-0.220173,-0.080682,-0.228091,-0.088615,0.003041,0.001219
0,-0.040483,0.102464,0.109741,0.19069,0.158274,0.206825,0.000707,0.001788
0,-0.029105,0.050979,0.009784,-0.022077,0.009479,-0.021813,0.000508,0.00089
0,0.065968,-0.072511,0.117353,-0.096539,0.161127,-0.085885,0.001151,0.001266
0,0.056802,0.117807,0.00257,0.180805,-0.041044,0.14183,0.000991,0.002056
0,-0.144312,0.01568,-0.220212,-0.097497,-0.229739,-0.118752,0.002519,0.000274
0,-0.038661,-0.025147,0.116802,-0.017265,0.148128,-0.057648,0.000675,0.000439
0,-0.047744,-0.028556,-0.019145,-0.026474,-0.02257,-0.027059,0.000833,0.000498
0,0.070057,0.141826,0.098977,0.158354,0.088406,0.195638,0.001223,0.002475
0,0.016809,0.111703,-0.054791,-0.006378,-0.088797,0.03113,0.000293,0.00195
0,-0.001989,0.022482,-0.017294,-0.117079,-0.005049,-0.13369,3.5e-05,0.000392
0,-0.15145,0.180442,-0.124398,0.1699,-0.130084,0.185654,0.002643,0.003149
0,-0.033224,0.031404,0.148013,-0.177577,0.121821,-0.192441,0.00058,0.000548
0,-0.196551,0.084338,-0.147308,0.041881,-0.130911,0.057682,0.00326,0.001472
0,-0.234662,-0.035244,-0.06345,-0.121192,-0.046105,-0.104608,0.002595,0.000615
0,-0.226888,0.179373,0.032304,0.219776,0.042891,0.22041,0.002731,0.003131
0,-0.140557,0.139804,0.083955,-0.068166,0.12954,-0.093178,0.002453,0.00244
0,-0.065556,-0.051015,0.06527,-0.196744,0.035913,-0.233577,0.001144,0.00089
0,-0.027498,0.141572,0.015281,0.185092,0.004873,0.217989,0.00048,0.002471
0,-0.136929,0.163459,-0.138261,-0.007578,-0.138683,0.029562,0.00239,0.002853
0,0.013637,0.155768,0.130964,-0.013958,0.159045,-0.036787,0.000238,0.002719
0,-0.069532,0.135431,-0.074274,-0.021102,-0.109465,-0.019131,0.001214,0.002364
0,-0.168647,0.100549,-0.081634,-0.050371,-0.093226,-0.035541,0.002943,0.001755
0,-0.111613,-0.027287,0.063668,-0.099951,0.021197,-0.107811,0.001948,0.000476
0,0.001545,-0.06092,0.103118,-0.023652,0.150798,-0.039926,2.7e-05,0.001063
0,-0.239623,0.025062,-0.229711,0.067349,-0.221043,0.067461,0.002509,0.000437
0,-0.261286,0.11288,-0.048652,0.099622,-0.00493,0.105392,0.002131,0.00197
0,-0.049209,0.065188,0.213575,-0.021304,0.189747,-0.044269,0.000859,0.001138
0,-0.104703,-0.056227,-0.078137,-0.103255,-0.111581,-0.094219,0.001827,0.000981
0,-0.151406,-0.152232,-0.025714,-0.067649,-0.06816,-0.116713,0.002643,0.002657
0,-0.072113,-0.180928,0.081287,-0.027462,0.104255,-0.027589,0.001259,0.003158
0,-0.118598,-0.12115,-0.035941,0.03699,-0.046229,0.022249,0.00207,0.002114
0,-0.297522,-0.108092,-0.15325,-0.008977,-0.144071,0.032191,0.001498,0.001887
0,-0.256304,0.01972,0.043262,0.09982,0.047174,0.13333,0.002217,0.000344
0,-0.108803,-0.116535,0.134088,-0.107297,0.12432,-0.123331,0.001899,0.002034
0,0.028227,0.019187,0.160492,0.146969,0.166743,0.151755,0.000493,0.000335
0,0.000589,-0.040847,-0.03473,-0.051831,-0.083936,-0.065138,1e-05,0.000713
0,-0.245179,-0.091524,-0.225764,-0.053273,-0.230797,-0.093537,0.002412,0.001597
0,-0.042824,-0.092555,0.192837,0.024771,0.146132,0.030236,0.000747,0.001615
0,-0.196606,0.078263,-0.12873,0.18524,-0.130301,0.172383,0.003259,0.001366
0,-0.202794,-0.191115,0.009955,-0.29598,-0.000613,-0.264432,0.003151,0.003336
0,-0.186074,0.022508,0.037272,0.203709,0.042781,0.219442,0.003248,0.000393
0,-0.073403,-0.19211,0.093759,-0.206119,0.115981,-0.194938,0.001281,0.003338
0,-0.168422,-0.120745,-0.121155,0.078752,-0.140769,0.091658,0.00294,0.002107
0,-0.078538,-0.027301,0.082447,0.075128,0.116881,0.04079,0.001371,0.000476
0,-0.034825,-0.033869,0.066947,0.018909,0.050702,0.00205,0.000608,0.000591
0,-0.04629,0.059163,-0.015579,0.096159,0.028137,0.067925,0.000808,0.001033
0,-0.063767,-0.130674,-0.026694,-0.215709,-0.041216,-0.210111,0.001113,0.002281
0,-0.107288,-0.070679,-0.04913,0.07894,-0.055841,0.080396,0.001873,0.001234
0,-0.131034,0.021479,0.003915,0.116242,-0.031535,0.126597,0.002287,0.000375
0,-0.111918,-0.167045,0.002932,-0.170653,0.007161,-0.22048,0.001953,0.002915
0,-0.011362,-0.024316,0.078221,0.145509,0.113961,0.123609,0.000198,0.000424
0,-0.211646,0.014656,-0.218378,0.053038,-0.237835,0.049788,0.002997,0.000256
0,-0.091962,-0.023818,0.090453,-0.020316,0.117731,0.00056,0.001605,0.000416
0,-0.075162,-0.000687,0.00839,0.006674,-0.002649,0.003521,0.001312,1.2e-05
0,0.048197,-0.14776,0.11705,-0.130294,0.159074,-0.108874,0.000841,0.002579
0,-0.198695,-0.146017,-0.247043,0.014533,-0.228989,-0.018768,0.003223,0.002548
0,-0.202291,0.141506,-0.017823,0.261153,0.001043,0.232051,0.00316,0.00247
0,-0.125275,0.065892,0.106376,-0.081566,0.066868,-0.127353,0.002186,0.00115
0,-0.058051,-0.112648,0.052763,-0.181275,0.03317,-0.215218,0.001013,0.001966
0,-0.196284,0.058579,-0.117994,0.187636,-0.151186,0.184088,0.003265,0.001022
0,-0.128945,0.029503,0.058467,-0.046049,0.013242,-0.063934,0.002251,0.000515
0,-0.030582,-0.103332,0.106866,-0.117796,0.110189,-0.083608,0.000534,0.001803
0,-0.099573,0.054606,-0.09385,0.149051,-0.141242,0.103005,0.001738,0.000953
0,-0.052661,0.144191,0.042404,0.096663,0.044525,0.141154,0.000919,0.002517
0,-0.236434,0.081945,-0.168271,-0.047959,-0.124906,-0.082084,0.002564,0.00143
0,-0.265429,0.071776,-0.005128,-0.023372,0.036361,-0.072973,0.002058,0.001253
0,-0.2429,-0.088238,0.008421,-0.13231,0.008114,-0.142104,0.002451,0.00154
0,-0.041004,-0.174242,0.225286,-0.097341,0.257779,-0.056803,0.000716,0.003041
0,-0.057028,-0.137867,0.002342,0.012429,0.034664,-0.018331,0.000995,0.002406
0,-0.015163,-0.07507,0.014388,0.053165,0.056186,0.063533,0.000265,0.00131
0,-0.112088,0.073955,-0.072189,0.15886,-0.066892,0.115937,0.001956,0.001291
0,0.047514,-0.088958,0.170722,-0.182518,0.123627,-0.151678,0.000829,0.001553
0,0.087776,0.139086,0.026103,0.233584,0.03817,0.200454,0.001532,0.002428
0,-0.073015,0.078728,-0.142547,-0.030625,-0.092888,0.017818,0.001274,0.001374
0,-0.01329,-0.10862,0.031542,-0.188889,0.030117,-0.161936,0.000232,0.001896
0,-0.033169,-0.104779,-0.005204,0.007663,0.025696,0.033211,0.000579,0.001829
0,0.033532,-0.048349,0.063439,0.030709,0.106805,0.079879,0.000585,0.000844
0,-0.170183,-0.088573,-0.182087,-0.062221,-0.186534,-0.035352,0.00297,0.001546
0,-0.1705,0.012736,-0.017312,0.106589,0.01215,0.126459,0.002976,0.000222
0,-0.080231,0.002993,0.110754,-0.034077,0.145113,-0.052016,0.0014,5.2e-05
0,-0.156149,0.010872,-0.071648,-0.003849,-0.064975,0.038398,0.002725,0.00019
0,-0.124088,-0.017475,0.020618,-0.05252,-0.013813,-0.061108,0.002166,0.000305
0,-0.103758,0.115863,0.016999,0.160404,0.030067,0.12936,0.001811,0.002022
0,-2.1e-05,-0.050014,0.094674,-0.171267,0.092745,-0.216504,0.0,0.000873
0,-0.061599,-0.027509,-0.07552,0.020012,-0.073507,0.008903,0.001075,0.00048
0,-0.113538,0.042759,-0.071464,0.07024,-0.086298,0.095419,0.001982,0.000746
0,-0.22658,0.109851,-0.094706,0.06017,-0.102508,0.040665,0.002736,0.001917
0,-0.246703,-0.047368,-0.038948,-0.16621,-0.076484,-0.169177,0.002385,0.000827
0,-0.184582,-0.115759,0.048116,-0.059407,0.024829,-0.042242,0.003222,0.00202
0,0.016345,0.02047,0.199135,0.117339,0.187613,0.14088,0.000285,0.000357
0,0.032407,0.02949,0.01936,0.015032,0.03245,-0.019371,0.000566,0.000515
0,-0.004517,-0.068392,-0.012883,-0.07192,-0.048512,-0.081979,7.9e-05,0.001194
0,0.022424,0.145174,0.013815,0.206187,-0.004388,0.21674,0.000391,0.002534
0,-0.100657,0.095496,-0.140674,-0.070529,-0.093296,-0.096581,0.001757,0.001667
0,0.074216,0.150453,0.172205,0.075854,0.163702,0.045462,0.001295,0.002626
0,0.10527,0.09292,0.033349,-0.07677,0.071439,-0.040402,0.001837,0.001622
0,-0.17447,0.088581,-0.285301,0.001442,-0.320983,0.028933,0.003045,0.001546
0,-0.016386,-0.01994,0.139733,-0.094677,0.09453,-0.125233,0.000286,0.000348
0,-0.19654,0.138855,-0.184759,0.151949,-0.191625,0.11044,0.003261,0.002423
0,-0.241795,0.052981,-0.062098,-0.112841,-0.087065,-0.076255,0.002471,0.000925
0,-0.094781,0.025287,0.145397,-0.016319,0.168678,-0.009059,0.001654,0.000441
0,-0.09578,-0.111006,-0.018847,-0.157259,-0.000343,-0.206869,0.001672,0.001937
0,-0.374325,-0.008922,-0.270971,0.107175,-0.281541,0.101172,0.000158,0.000156
0,-0.182687,0.148517,0.206274,0.172622,0.162498,0.201969,0.003188,0.002592
0,-0.135196,-0.034469,0.025268,-0.155415,0.049537,-0.122114,0.00236,0.000602
0,-0.253161,-0.051967,-0.105919,-0.016991,-0.069957,-0.002613,0.002272,0.000907
0,-0.213217,0.103865,0.018218,0.172508,0.005165,0.145145,0.002969,0.001813
0,-0.137718,0.045731,0.085075,-0.07544,0.053094,-0.053854,0.002404,0.000798
0,-0.194659,0.11823,-0.046486,0.064251,-0.046039,0.076116,0.003293,0.002064
0,-0.101468,0.008414,0.111643,-0.105403,0.120037,-0.150429,0.001771,0.000147
0,-0.310038,0.133875,-0.210431,0.132903,-0.220362,0.107199,0.00128,0.002337
0,-0.210692,0.068468,0.076433,-0.06452,0.098623,-0.1135,0.003014,0.001195
0,-0.081276,0.017951,0.121935,-0.050742,0.157613,-0.077336,0.001419,0.000313
0,0.019945,-0.010953,0.107048,-0.034078,0.061877,-0.037297,0.000348,0.000191
0,-0.027735,-0.043174,-0.060935,-0.022451,-0.062986,0.026539,0.000484,0.000754
0,-0.142507,0.134371,-0.085852,0.161509,-0.127754,0.161139,0.002487,0.002345
0,-0.09114,-0.087702,0.077174,-0.238189,0.072697,-0.257746,0.001591,0.001531
0,-0.105306,-0.101729,-0.004121,-0.023915,0.006346,-0.007003,0.001838,0.001776
0,-0.182599,0.081278,-0.078808,0.182753,-0.094852,0.230905,0.003187,0.001419
0,-0.116172,0.112697,0.088614,0.045171,0.088969,0.0372,0.002028,0.001967
0,0.001619,-0.078782,0.102828,-0.185242,0.061982,-0.168118,2.8e-05,0.001375
0,-0.10697,-0.136381,-0.0876,-0.059802,-0.136975,-0.073051,0.001867,0.00238
0,0.124019,-0.021867,0.250024,0.094113,0.245444,0.074189,0.002165,0.000382
0,0.114145,0.097202,-0.014892,0.100668,0.0054,0.088652,0.001992,0.001696
0,0.070189,0.026345,-0.055789,-0.072372,-0.084791,-0.087786,0.001225,0.00046
0,-0.111958,0.029624,-0.160193,0.023395,-0.174636,0.032648,0.001954,0.000517
0,0.047025,-0.000662,0.178989,-0.013988,0.224646,0.004762,0.000821,1.2e-05
0,0.031814,-0.087315,0.009691,-0.079614,0.011375,-0.054679,0.000555,0.001524
0,-0.07605,0.102913,-0.132667,0.202987,-0.18083,0.18393,0.001327,0.001796
0,-0.178114,0.016006,-0.072779,-0.087454,-0.109553,-0.086113,0.003109,0.000279
0,-0.142446,0.141357,0.060702,0.151926,0.071635,0.183159,0.002486,0.002467
0,-0.087133,-0.013142,0.081842,-0.179714,0.04697,-0.15389,0.001521,0.000229
0,-0.095692,-0.034363,-0.034453,-0.023894,0.00932,-0.032041,0.00167,0.0006
0,-0.118196,-0.040897,-0.023519,0.013841,-0.000223,0.024415,0.002063,0.000714
0,-0.08649,0.047564,0.061047,0.079565,0.035969,0.115435,0.00151,0.00083
0,0.09404,0.069834,0.166357,-0.001606,0.208527,0.024348,0.001641,0.001219
0,-0.181276,0.030711,-0.26906,-0.06786,-0.238385,-0.06403,0.003164,0.000536
0,-0.179334,-0.067127,-0.000575,-0.103962,-0.01572,-0.134433,0.00313,0.001172
0,0.00504,0.114293,0.175871,0.155482,0.165408,0.162195,8.8e-05,0.001995
0,0.009449,-0.1225,0.028125,-0.232973,0.012572,-0.276524,0.000165,0.002138
0,-0.186072,0.138833,-0.195165,0.274785,-0.195093,0.248522,0.003248,0.002423
0,-0.117012,0.038804,0.064515,-0.094997,0.09925,-0.094674,0.002042,0.000677
0,-0.152809,0.015269,-0.049382,-0.011183,-0.014472,-0.054793,0.002667,0.000267
0,-0.057252,0.064355,0.069216,0.061391,0.097219,0.0388,0.000999,0.001123
0,0.045054,0.061533,0.082465,0.026382,0.039549,-0.007196,0.000786,0.001074
0,-0.135126,0.207826,-0.158891,0.160096,-0.179597,0.172494,0.002358,0.003064
0,-0.013402,0.208126,0.111929,-0.014443,0.131733,0.003948,0.000234,0.003058
0,0.031314,0.10907,0.03701,-0.120582,0.031482,-0.162803,0.000547,0.001904
0,0.040613,-0.085453,-0.016428,-0.204751,-0.002005,-0.209154,0.000709,0.001491
0,-0.12672,0.129416,-0.142131,0.24121,-0.133862,0.198689,0.002212,0.002259
0,-0.096299,0.053357,0.026913,-0.048906,0.072297,-0.041156,0.001681,0.000931
0,0.104433,-0.143671,0.212414,-0.203408,0.22952,-0.232355,0.001823,0.002508
0,-0.148692,-0.1589,-0.252299,-0.035177,-0.286604,-0.027074,0.002595,0.002773
0,-0.02106,0.147841,0.115394,0.301483,0.150898,0.253965,0.000368,0.00258
0,-0.139992,0.095499,-0.133724,-0.073843,-0.129015,-0.118155,0.002443,0.001667
0,0.062938,0.103637,0.221654,-0.010894,0.261903,0.018464,0.001098,0.001809
0,0.013581,0.006808,-0.065496,-0.111694,-0.054231,-0.149041,0.000237,0.000119
0,0.041159,0.096904,0.01256,0.064,-0.010077,0.030056,0.000718,0.001691
0,0.089118,-0.095858,0.020555,-0.216479,-0.021332,-0.19016,0.001555,0.001673
0,-0.000339,-0.065644,-0.092832,0.043622,-0.050969,0.003726,6e-06,0.001146
0,-0.018919,0.014039,0.009024,0.103285,0.004541,0.116096,0.00033,0.000245
0,0.024316,0.039204,0.058445,0.024065,0.089437,0.00328,0.000424,0.000684
0,0.11291,0.076137,0.089574,0.038059,0.087545,0.01572,0.001971,0.001329
0,-0.032927,0.029268,-0.122651,-0.067575,-0.086899,-0.036466,0.000575,0.000511
0,0.157666,-0.136452,0.187446,-0.182312,0.149281,-0.214409,0.002752,0.002382
0,0.056074,0.087019,-0.13042,0.229435,-0.082592,0.189175,0.000979,0.001519
0,0.187016,-0.134728,0.137621,-0.211882,0.149047,-0.224392,0.003264,0.002351
0,0.200291,-0.153214,0.024129,-0.044161,-0.021043,-0.040554,0.003195,0.002674
0,0.241698,0.015537,0.018848,0.152083,-0.027362,0.137612,0.002472,0.000271
0,0.034242,2e-05,-0.232491,-0.043117,-0.195078,-0.018737,0.000598,0.0
0,0.28708,-0.132215,0.265113,-0.131496,0.265876,-0.14872,0.00168,0.002308
0,0.019107,-0.025719,-0.25776,0.125904,-0.239007,0.113805,0.000333,0.000449
0,0.022635,-0.058503,0.029496,-0.061027,0.031897,-0.041144,0.000395,0.001021
0,0.021647,-0.092474,0.009475,-0.029748,0.025584,-0.063328,0.000378,0.001614
0,0.134284,-0.124158,0.087301,-0.029311,0.073595,-0.075714,0.002344,0.002167
0,0.086174,0.029064,-0.033166,0.132902,-0.045946,0.154275,0.001504,0.000507
0,0.14387,-0.191775,0.03643,-0.200816,0.059711,-0.182869,0.002511,0.003344
0,0.152538,-0.138189,0.038549,0.048075,0.013244,0.046986,0.002662,0.002412
0,0.189165,-0.148725,0.023728,-0.003988,-0.024359,-0.048779,0.003302,0.002596
0,0.273573,-0.163292,0.057548,-0.024468,0.085151,0.006293,0.001916,0.00285
0,0.007445,-0.017042,-0.27294,0.163814,-0.225849,0.189246,0.00013,0.000297
0,0.173732,-0.044438,0.1725,-0.050747,0.219208,-0.048249,0.003032,0.000776
0,0.079428,-0.039648,-0.102082,0.027142,-0.053023,0.013754,0.001386,0.000692
0,0.055208,0.003711,-0.040304,0.049934,-0.082009,0.056626,0.000964,6.5e-05
0,0.186467,0.021925,0.125698,-0.003361,0.136492,-0.022825,0.003254,0.000383
0,0.101119,-0.037359,-0.098763,-0.070171,-0.093581,-0.031526,0.001765,0.000652
0,0.052361,-0.220847,-0.029423,-0.158756,-0.075391,-0.137989,0.000914,0.002836
0,0.16096,-0.026639,0.105243,0.167637,0.120882,0.206103,0.002809,0.000465
0,0.269321,0.0621,0.134421,0.09132,0.17094,0.136599,0.00199,0.001084
0,0.148386,0.092146,-0.116306,0.025908,-0.123054,-0.002148,0.00259,0.001608
0,0.188435,-0.166135,0.063414,-0.268151,0.05308,-0.293436,0.003289,0.0029
0,0.239442,-0.128484,0.032419,0.051633,0.033508,0.091324,0.002512,0.002242
0,0.041389,-0.114569,-0.173458,-0.007716,-0.137163,0.039855,0.000722,0.002
0,-3.325156,0.563766,-3.373426,0.68551,-3.359491,0.723627,0.002182,0.003149
0,-5.068945,0.808413,-1.72025,0.249309,-1.684331,0.22793,0.001489,0.000728
0,-4.249999,1.179231,0.83911,0.350934,0.812144,0.341939,0.000577,0.000509
0,-4.350178,1.545495,-0.107267,0.364274,-0.121413,0.338073,0.002326,0.000211
0,-3.48803,1.230977,0.869871,-0.341378,0.853907,-0.361754,0.00066,0.001412
0,-2.950565,1.08372,0.538499,-0.145534,0.527641,-0.187309,0.002029,0.001158
0,-2.004615,0.815717,0.934328,-0.256375,0.910856,-0.221913,0.001533,0.000855
0,-1.153169,0.577689,0.858687,-0.23887,0.846621,-0.200088,5.4e-05,0.003299
0,-0.503551,0.418299,0.664783,-0.182447,0.683689,-0.163015,0.002098,0.00061
0,-0.197064,0.179418,0.319928,-0.209291,0.336899,-0.209339,0.003251,0.003131
0,0.055133,0.052592,0.278945,-0.109143,0.271352,-0.087165,0.000962,0.000918
0,0.255805,0.102086,0.186105,0.045189,0.163058,0.009495,0.002226,0.001782
0,0.388303,-0.181108,0.136482,-0.311172,0.173663,-0.305412,8.6e-05,0.003161
0,0.421894,0.031957,0.031668,0.189275,0.073567,0.235603,0.000673,0.000558
0,0.301209,-0.205377,-0.149905,-0.242494,-0.146072,-0.229687,0.001434,0.003106
0,0.100344,-0.036351,-0.18172,0.157341,-0.157362,0.183311,0.001751,0.000634
0,0.168068,0.032948,0.04148,0.058067,0.013804,0.054423,0.002933,0.000575
0,0.201131,0.028312,0.008615,-0.029632,0.004338,0.003441,0.00318,0.000494
0,0.170504,-0.093543,-0.048694,-0.121942,-0.005302,-0.144874,0.002976,0.001633
0,-0.072554,-0.107153,-0.256614,-0.039574,-0.206641,0.004423,0.001266,0.00187
0,-0.069001,-0.059739,-0.012091,0.042719,-0.052364,0.040157,0.001204,0.001043
0,-0.087889,-0.056795,0.002624,0.012671,0.010231,0.060421,0.001534,0.000991
0,-0.138942,0.044898,-0.051919,0.096517,-0.056078,0.132505,0.002425,0.000784
0,0.089064,0.046993,0.234127,0.010059,0.275839,0.044329,0.001554,0.00082
0,-0.18987,0.10124,-0.303403,0.043621,-0.284612,0.059996,0.003314,0.001767
0,-0.152229,0.062903,0.042847,-0.040334,-0.001803,-0.08926,0.002657,0.001098
0,0.041506,-0.080888,0.198888,-0.170308,0.219937,-0.134684,0.000724,0.001412
0,-0.015185,0.093469,-0.048647,0.162026,-0.021927,0.12502,0.000265,0.001631
0,-0.129258,0.129025,-0.104169,0.041933,-0.143397,0.036685,0.002256,0.002252
0,0.036856,-0.031279,0.188724,-0.153087,0.170566,-0.112193,0.000643,0.000546
0,-0.059684,0.011067,-0.122168,0.049777,-0.15955,0.086318,0.001042,0.000193
0,-0.216253,0.212109,-0.160302,0.197024,-0.155554,0.211511,0.002916,0.002989
0,-0.155589,0.10681,0.0833,-0.092708,0.11002,-0.125963,0.002716,0.001864
0,-0.116124,0.191324,0.012166,0.110722,0.000551,0.130306,0.002027,0.003339
0,-0.000238,-0.053796,0.139846,-0.23147,0.101748,-0.186514,4e-06,0.000939
0,0.062904,0.147202,0.075244,0.226689,0.063587,0.268031,0.001098,0.002569
0,-0.071947,0.049599,-0.118361,-0.09604,-0.112705,-0.13134,0.001256,0.000866
0,-0.084793,-0.101543,-0.035291,-0.175265,0.002083,-0.176244,0.00148,0.001772
0,-0.148711,0.010982,-0.054083,0.13045,-0.10287,0.140791,0.002596,0.000192
0,-0.105541,-0.133903,0.058227,-0.167381,0.01911,-0.142907,0.001842,0.002337
0,0.007728,-0.076928,0.107929,0.027697,0.104189,-0.008935,0.000135,0.001343
0,-0.042242,0.08593,-0.047774,0.173196,-0.083326,0.185621,0.000737,0.0015
0,-0.169267,-0.067877,-0.115626,-0.156156,-0.145944,-0.134282,0.002954,0.001185
0,-0.105645,-0.02811,0.05943,0.040654,0.04734,0.086286,0.001844,0.000491
0,-0.197447,0.05011,-0.070572,0.105932,-0.033087,0.061379,0.003245,0.000875
0,-0.119383,-0.059278,0.092739,-0.129014,0.102838,-0.167357,0.002084,0.001035
0,-0.177009,0.03054,-0.04392,0.108962,-0.06226,0.12993,0.003089,0.000533
0,0.056272,-0.112302,0.208532,-0.144227,0.199558,-0.134298,0.000982,0.00196
0,-0.094306,-0.009671,-0.142001,0.091923,-0.138069,0.065131,0.001646,0.000169
0,-0.196006,-0.117888,-0.131015,-0.112721,-0.165524,-0.07377,0.00327,0.002058
0,-0.134318,0.097981,0.054717,0.199327,0.034291,0.209787,0.002344,0.00171
0,0.019256,0.104931,0.13898,0.012777,0.164155,0.048231,0.000336,0.001831
0,-0.05388,-0.110075,-0.081302,-0.203902,-0.044986,-0.231365,0.00094,0.001921
0,-0.150618,0.072097,-0.107648,0.209725,-0.104855,0.245125,0.002629,0.001258
0,-0.029733,-0.200965,0.141454,-0.272247,0.164736,-0.293578,0.000519,0.003183
0,-0.000767,0.079357,0.012275,0.261675,0.014215,0.262748,1.3e-05,0.001385
0,0.032678,0.029252,0.048411,-0.031245,0.038594,0.005735,0.00057,0.000511
0,-0.209573,-0.087331,-0.245329,-0.122418,-0.20799,-0.136055,0.003033,0.001524
0,-0.203586,-0.13527,0.010394,-0.052206,-0.030154,-0.042482,0.003138,0.002361
0,-0.249531,-0.225881,-0.061779,-0.100417,-0.035052,-0.085399,0.002336,0.002748
0,-0.017197,-0.005823,0.253449,0.199758,0.275364,0.219864,0.0003,0.000102
0,-0.098324,-0.179036,-0.094786,-0.165998,-0.081072,-0.119669,0.001716,0.003125
0,0.022307,-0.095869,0.097539,0.071613,0.048711,0.098933,0.000389,0.001673
0,-0.090548,0.065604,-0.137299,0.155946,-0.133519,0.121584,0.00158,0.001145
0,-0.163202,-0.069103,-0.091075,-0.110317,-0.128485,-0.097407,0.002848,0.001206
0,-0.001161,-0.161748,0.163,-0.08661,0.173083,-0.105185,2e-05,0.002823
0,-0.094179,-0.1042,-0.081766,0.066142,-0.120577,0.103987,0.001644,0.001819
0,-0.122795,0.002233,-0.034718,0.125864,-0.037655,0.080232,0.002143,3.9e-05
0,-0.00557,-0.10007,0.100432,-0.116624,0.062991,-0.102675,9.7e-05,0.001747
0,-0.106818,-0.142991,-0.111334,-0.063772,-0.148817,-0.086843,0.001864,0.002496
0,-0.253629,0.068685,-0.164501,0.208763,-0.17465,0.246725,0.002264,0.001199
0,-0.03866,-0.061457,0.234257,-0.138079,0.260249,-0.112878,0.000675,0.001073
0,-0.125261,-0.058347,-0.085844,0.001356,-0.056637,-0.036748,0.002186,0.001018
0,-0.297745,-0.112195,-0.171493,-0.039828,-0.174792,-0.064965,0.001494,0.001958
0,-0.137436,-0.027626,0.134525,0.108344,0.159144,0.119762,0.002399,0.000482
0,-0.248285,-0.047578,-0.083706,0.000951,-0.055296,-0.001962,0.002357,0.00083
0,-0.201447,-0.082301,0.03714,-0.044382,0.01305,-0.037262,0.003175,0.001436
0,-0.333055,0.095924,-0.144305,0.193881,-0.185242,0.22306,0.000878,0.001674
0,-0.036523,0.058765,0.319689,-0.06035,0.333218,-0.066456,0.000637,0.001026
0,-0.188631,-0.028026,-0.162802,-0.106227,-0.189622,-0.07335,0.003292,0.000489
0,-0.236241,-0.161822,-0.062684,-0.12792,-0.022277,-0.131421,0.002568,0.002824
0,-0.193635,0.072394,0.057457,0.258268,0.062425,0.240687,0.003311,0.001264
0,-0.300521,0.102934,-0.083886,0.056537,-0.12938,0.027624,0.001446,0.001797
0,-0.131942,0.100702,0.157234,0.025165,0.139009,0.057836,0.002303,0.001758
0,-0.108952,-0.116236,2.5e-05,-0.239082,0.019686,-0.227633,0.001902,0.002029
0,-0.190166,0.022127,-0.109196,0.116963,-0.072144,0.151002,0.003319,0.000386
0,-0.310355,-0.035693,-0.146886,-0.056356,-0.142274,-0.031608,0.001274,0.000623
0,-0.177487,-0.115414,0.112912,-0.094473,0.135575,-0.14385,0.003098,0.002014
0,-0.202642,-0.044099,-0.026223,0.069781,-0.061099,0.103378,0.003154,0.00077
0,-0.224461,0.101099,0.008161,0.168918,-0.023332,0.143355,0.002773,0.001765
0,-0.326071,0.008707,-0.090636,-0.079229,-0.073727,-0.104638,0.001,0.000152
0,-0.00543,-0.000957,0.30547,-0.025092,0.341752,-0.012731,9.5e-05,1.7e-05
0,-0.127243,0.01398,-0.119803,-0.013052,-0.162847,-0.004171,0.002221,0.000244
0,-0.212438,-0.186064,-0.114616,-0.206298,-0.133811,-0.248327,0.002983,0.003247
0,-0.081865,-0.041746,0.154811,0.142167,0.200862,0.189641,0.001429,0.000729
0,-0.144751,-0.181456,-0.036736,-0.148735,-0.039125,-0.128353,0.002526,0.003167
0,0.022309,-0.054211,0.155267,0.097463,0.108488,0.127807,0.000389,0.000946
0,-0.14516,0.053998,-0.168708,0.100655,-0.187779,0.126451,0.002534,0.000942
0,0.10823,-0.033758,0.228453,-0.061463,0.191748,-0.107608,0.001889,0.000589
0,-0.122962,-0.009401,-0.252844,0.018444,-0.245193,-0.027357,0.002146,0.000164
0,-0.128319,0.083633,0.000352,0.100017,-0.034881,0.066241,0.00224,0.00146
0,0.062396,-0.065449,0.184555,-0.174813,0.165309,-0.136568,0.001089,0.001142
0,-0.043335,-0.179909,-0.108839,-0.093944,-0.115839,-0.058514,0.000756,0.00314
0,0.025689,-0.127527,0.059064,0.031444,0.059597,0.022344,0.000448,0.002226
0,-0.05317,0.123252,-0.083561,0.253045,-0.111214,0.29004,0.000928,0.002151
0,0.12346,0.088802,0.166724,-0.027788,0.207,-0.031024,0.002155,0.00155
0,-0.045614,-0.01615,-0.184078,-0.132761,-0.138802,-0.09943,0.000796,0.000282
0,-0.121492,0.079327,-0.071959,0.107298,-0.085143,0.106453,0.00212,0.001385
0,0.039484,-0.010319,0.187485,-0.081467,0.193541,-0.045645,0.000689,0.00018
0,-0.00105,-0.174647,-0.033211,-0.160664,-0.006506,-0.18369,1.8e-05,0.003048
0,-0.159266,0.057201,-0.150851,0.246559,-0.171541,0.221982,0.00278,0.000998
0,-0.185674,-0.035029,-0.034632,-0.087914,-0.077057,-0.136986,0.003241,0.000611
0,-0.009623,-0.096057,0.188932,-0.036241,0.161464,-0.062639,0.000168,0.001677
0,0.054526,-0.079022,0.084183,0.000114,0.122124,-0.042088,0.000952,0.001379
0,-0.091228,0.068648,-0.156541,0.157154,-0.160545,0.117636,0.001592,0.001198
0,0.123991,0.058648,0.217947,-0.034332,0.23576,-0.065991,0.002164,0.001024
0,-0.021797,-0.133947,-0.11816,-0.201096,-0.086152,-0.173471,0.00038,0.002338
0,0.148219,-0.142187,0.154141,-0.010356,0.172215,-0.053729,0.002587,0.002482
0,-0.025327,0.00599,-0.175733,0.162845,-0.20095,0.151189,0.000442,0.000105
0,0.053705,-0.169906,0.075288,-0.170011,0.049168,-0.139805,0.000937,0.002965
0,0.163932,0.068643,0.120125,0.229565,0.148698,0.267659,0.002861,0.001198
0,-0.024512,-0.062071,-0.199518,-0.137768,-0.232253,-0.137731,0.000428,0.001083
0,0.000762,-0.020749,0.054629,0.066705,0.088475,0.053662,1.3e-05,0.000362
0,0.068386,0.06204,0.056107,0.068966,0.021976,0.060198,0.001194,0.001083
0,-0.39504,0.044073,-0.492011,0.005637,-0.444738,-0.016609,0.000204,0.000769
0,-0.960977,0.401812,-0.57226,0.365048,-0.575296,0.414883,0.0033,0.000322
0,-1.105798,0.412897,-0.157061,0.019307,-0.123792,0.020098,0.000773,0.000516
0,-1.56363,0.261384,-0.436948,-0.1323,-0.40057,-0.144741,0.000527,0.002129
0,-1.544551,0.381551,0.013861,0.098835,-0.015798,0.048945,0.000194,3.2e-05
0,-1.39251,0.420633,0.140465,0.037191,0.167704,0.026605,0.002459,0.000651
0,-1.017537,0.25184,0.374024,-0.178318,0.363066,-0.142065,0.002313,0.002295
0,-0.583047,0.239714,0.421447,0.007242,0.44626,0.045027,0.003206,0.002507
0,-0.441869,-0.044197,0.125812,-0.271141,0.103105,-0.31567,0.001021,0.000771
0,-0.072153,0.085835,0.375798,0.137652,0.404154,0.16583,0.001259,0.001498
0,0.156252,0.030622,0.25555,-0.043279,0.228667,-0.049549,0.002727,0.000534
0,0.032945,-0.288957,-0.095131,-0.313612,-0.134716,-0.306803,0.000575,0.001648
0,0.147163,-0.212225,0.107067,0.100263,0.130562,0.124717,0.002568,0.002987
0,0.07389,-0.193011,-0.068859,0.028666,-0.028053,-0.004898,0.00129,0.003322
0,0.267145,0.106809,0.166936,0.327365,0.168811,0.313166,0.002028,0.001864
0,0.243543,-0.050296,-0.011687,-0.165968,-0.001581,-0.139402,0.00244,0.000878
0,0.105587,0.116067,-0.130119,0.159647,-0.168206,0.158661,0.001843,0.002026
0,0.012383,0.025653,-0.063539,-0.105258,-0.020063,-0.106415,0.000216,0.000448
0,0.159217,0.225157,0.158467,0.205213,0.127621,0.212037,0.002779,0.002761
0,0.169537,0.081575,0.016896,-0.129034,-0.026907,-0.093691,0.002959,0.001424
0,0.035535,0.10831,-0.158421,0.045597,-0.14017,0.079642,0.00062,0.00189
0,0.136253,0.037124,0.118646,-0.063913,0.08719,-0.041272,0.002378,0.000648
0,0.035291,-0.024,-0.129817,-0.083847,-0.163497,-0.073076,0.000616,0.000419
0,0.147192,-0.09027,0.140293,-0.086001,0.166699,-0.056108,0.002569,0.001576
0,0.141382,0.083455,-0.003024,0.160202,0.038413,0.122849,0.002468,0.001457
0,-0.080408,0.000504,-0.194466,-0.069695,-0.184658,-0.052967,0.001403,9e-06
0,0.092442,-0.001614,0.161184,0.01667,0.14803,0.024118,0.001613,2.8e-05
0,-0.108547,-0.034449,-0.210748,-0.048477,-0.220184,-0.00144,0.001895,0.000601
0,-0.103599,-0.08033,0.004723,-0.036231,0.035586,-0.038771,0.001808,0.001402
0,0.04192,0.143697,0.118432,0.247894,0.149046,0.269292,0.000732,0.002508
0,0.090796,-0.039105,0.032179,-0.159612,0.046104,-0.133324,0.001585,0.000683
0,-0.114146,-0.053157,-0.192274,-0.022771,-0.196948,-0.049356,0.001992,0.000928
0,0.075152,0.099668,0.172044,0.147783,0.180467,0.102978,0.001312,0.00174
0,-0.090039,-0.115984,-0.151303,-0.228821,-0.192987,-0.220304,0.001571,0.002024
0,-0.010402,-0.037671,0.059398,0.080581,0.096207,0.033642,0.000182,0.000657
0,0.038104,0.080436,0.029202,0.118932,-0.017529,0.104167,0.000665,0.001404
0,0.077077,0.035077,0.011479,-0.028995,-0.022551,-0.063028,0.001345,0.000612
0,-0.004777,0.03373,-0.105121,-0.000519,-0.151133,0.037265,8.3e-05,0.000589
0,-0.086938,-0.079438,-0.09893,-0.089068,-0.095053,-0.047522,0.001517,0.001386
0,-0.113801,-0.07788,-0.017367,-0.010671,-0.013999,-0.00731,0.001986,0.001359
0,-0.137447,-0.100642,0.004986,-0.030509,0.004035,-0.042101,0.002399,0.001757
0,0.063201,-0.004361,0.221035,0.089774,0.246899,0.122074,0.001103,7.6e-05
0,-0.058144,0.121304,-0.138494,0.139875,-0.121788,0.15573,0.001015,0.002117
0,-0.055624,0.156733,0.012228,0.061536,0.059157,0.022595,0.000971,0.002736
0,-0.211803,0.012116,-0.173229,-0.139314,-0.176741,-0.121014,0.002994,0.000211
0,-0.151621,0.010022,0.055324,-0.003816,0.049547,0.039127,0.002646,0.000175
0,-0.14443,-0.100007,0.024077,-0.134572,0.022145,-0.150374,0.002521,0.001745
0,-0.155415,0.153233,-0.030489,0.259537,-0.03028,0.301038,0.002713,0.002674
0,-0.066579,0.091535,0.106558,-0.060754,0.103986,-0.051379,0.001162,0.001598
0,-0.050864,0.03721,0.034493,-0.033615,-0.008975,-0.007634,0.000888,0.000649
0,-0.049465,-0.058756,0.009371,-0.080609,0.009195,-0.128797,0.000863,0.001025
0,-0.040355,0.135931,-0.01857,0.189312,0.007118,0.142329,0.000704,0.002372
0,0.092964,-0.085487,0.104888,-0.233661,0.110234,-0.218201,0.001623,0.001492
0,0.10096,-0.046954,0.013216,0.011115,0.042098,-0.001033,0.001762,0.00082
0,0.026079,-0.076189,-0.062708,-0.008818,-0.039274,-0.000587,0.000455,0.00133
0,-0.033589,-0.070137,-0.061671,0.030038,-0.066733,0.079972,0.000586,0.001224
0,-0.09389,0.142849,-0.077276,0.194565,-0.034563,0.218143,0.001639,0.002493
0,-0.127564,0.044897,-0.041185,-0.102693,-0.038696,-0.149802,0.002226,0.000784
0,-0.069415,-0.112461,0.072425,-0.138693,0.074425,-0.122524,0.001212,0.001963
0,-0.000537,0.123033,0.075313,0.206103,0.035202,0.188427,9e-06,0.002147
0,-0.081148,0.132594,-0.094811,0.033341,-0.074715,0.008669,0.001416,0.002314
0,0.088831,-0.049967,0.143966,-0.203911,0.182054,-0.236321,0.00155,0.000872
0,-0.005991,-0.10463,-0.0912,-0.058143,-0.091466,-0.05852,0.000105,0.001826
0,0.058985,0.058098,0.090127,0.153654,0.084458,0.125715,0.001029,0.001014
0,0.105283,0.075039,0.04059,0.003238,0.066753,0.048075,0.001838,0.00131
0,-0.057045,0.072104,-0.174178,-0.031639,-0.202174,-0.026132,0.000996,0.001258
0,0.066517,-0.03281,0.0975,-0.106034,0.068521,-0.133387,0.001161,0.000573
0,0.090272,0.134637,0.026105,0.147305,0.05582,0.187447,0.001576,0.00235
0,0.132197,0.102041,0.046972,-0.058727,0.030834,-0.01244,0.002307,0.001781
0,-0.024825,-0.048807,-0.148667,-0.179534,-0.161026,-0.223002,0.000433,0.000852
0,0.139064,0.13768,0.168538,0.178491,0.141332,0.135894,0.002427,0.002403
0,-0.113031,0.037608,-0.252917,-0.100779,-0.276417,-0.128886,0.001973,0.000656
0,0.103895,0.098653,0.211539,0.054762,0.181816,0.096803,0.001813,0.001722
0,0.128647,-0.141997,0.028757,-0.215173,0.044508,-0.215768,0.002245,0.002478
0,-0.110509,0.070121,-0.244789,0.22579,-0.214316,0.217943,0.001929,0.001224
0,-0.00868,0.032271,0.122262,-0.03037,0.100652,0.004622,0.000152,0.000563
0,-0.001317,-0.021796,-0.012564,-0.06052,0.036423,-0.021136,2.3e-05,0.00038
0,0.074064,0.036824,0.045692,0.054705,0.071616,0.008576,0.001293,0.000643
0,-0.035659,-0.044363,-0.121249,-0.076461,-0.16694,-0.088486,0.000622,0.000774
0,0.328415,-1.630472,0.334212,-1.564418,0.298128,-1.568492,0.000959,0.001694
0,0.733567,-2.175733,0.398229,-0.570049,0.387802,-0.551887,0.000578,0.002171
0,0.58813,-2.645994,-0.174023,-0.484623,-0.128743,-0.477132,0.003117,0.000654
0,0.467433,-2.728933,-0.142716,-0.111504,-0.116984,-0.078323,0.001467,0.000793
0,0.491658,-2.032643,0.040678,0.687479,0.054308,0.666878,0.00189,0.002022
0,0.252449,-1.758431,-0.227033,0.290125,-0.21441,0.30627,0.002285,0.002764
0,0.247799,-1.272131,0.020572,0.461906,0.003217,0.427213,0.002366,0.00213
0,0.114508,-0.996786,-0.14413,0.267235,-0.116404,0.2717,0.001999,0.002675
0,-0.023514,-0.502041,-0.116363,0.502123,-0.093711,0.533614,0.00041,0.002071
0,-0.012427,-0.12554,0.002789,0.367694,0.021181,0.408301,0.000217,0.002191
0,0.009816,-0.175702,0.012997,-0.065125,0.018536,-0.033126,0.000171,0.003067
0,0.064324,-0.341513,0.027944,-0.146806,0.07018,-0.146421,0.001123,0.00073
0,-0.129133,-0.168577,-0.198922,0.196471,-0.217493,0.212573,0.002254,0.002942
0,0.053557,-0.321126,0.166013,-0.138358,0.212692,-0.141356,0.000935,0.001086
0,0.09444,-0.279356,0.029423,0.017225,-0.013929,-0.025838,0.001648,0.001815
0,-0.00349,-0.186356,-0.114448,0.096316,-0.152782,0.122248,6.1e-05,0.003253
0,0.014656,-0.079613,0.035531,0.097827,-0.008817,0.116108,0.000256,0.00139
0,-0.110399,-0.13039,-0.110808,-0.078731,-0.089111,-0.119288,0.001927,0.002276
0,0.055641,-0.289872,0.171127,-0.149834,0.207433,-0.139864,0.000971,0.001632
0,0.143944,-0.210299,0.092947,0.067877,0.044016,0.033118,0.002512,0.00302
0,0.164286,-0.237706,0.037055,-0.044038,0.006238,-0.057747,0.002867,0.002542
0,0.09139,-0.19154,-0.096905,0.07568,-0.081521,0.053625,0.001595,0.003343
0,0.148137,-0.131851,0.034564,0.044453,0.005149,0.017624,0.002585,0.002301
0,0.088999,-0.107064,-0.06634,0.017635,-0.064284,-0.028047,0.001553,0.001869
0,0.080043,-0.166627,0.012072,-0.081864,0.015948,-0.046274,0.001397,0.002908
0,0.064031,-0.136042,-0.03771,0.00969,-0.066554,-0.022321,0.001118,0.002374
0,-0.087815,0.027846,-0.12822,0.155887,-0.13203,0.19488,0.001533,0.000486
0,-0.116391,-0.013711,-0.048884,-0.015279,-0.026861,-0.054734,0.002031,0.000239
0,-0.07817,0.039214,0.010682,0.068642,0.053294,0.018945,0.001364,0.000684
0,-0.143612,-0.058533,-0.046524,-0.115179,-0.020603,-0.127974,0.002507,0.001022
0,-0.100324,0.019934,0.054338,0.061444,0.04418,0.065641,0.001751,0.000348
0,0.068453,-0.249679,0.149581,-0.281578,0.138833,-0.255134,0.001195,0.002333
0,0.150163,-0.137287,0.054005,0.10514,0.034266,0.131644,0.002621,0.002396
0,-0.088913,0.015129,-0.21769,0.123285,-0.230508,0.142002,0.001552,0.000264
0,-0.143092,-0.216285,-0.068985,-0.252235,-0.019127,-0.283365,0.002497,0.002916
0,-0.044562,-0.006718,0.098692,0.220401,0.084201,0.238942,0.000778,0.000117
0,-0.008843,-0.209251,0.02025,-0.177785,-0.007957,-0.127895,0.000154,0.003039
0,0.118867,-0.059608,0.129914,0.124598,0.091262,0.081657,0.002075,0.00104
0,-0.110714,-0.081227,-0.248892,-0.039975,-0.208227,-0.010525,0.001932,0.001418
0,-0.202611,-0.177197,-0.110638,-0.083558,-0.110117,-0.079041,0.003155,0.003093
0,-0.099392,-0.14605,0.109115,0.045696,0.125108,0.091839,0.001735,0.002549
0,-0.074761,-0.020555,0.007551,0.107632,-0.036405,0.086637,0.001305,0.000359
0,-0.117636,0.037053,-0.07199,0.039876,-0.076609,0.045852,0.002053,0.000647
0,-0.050431,-0.209497,0.080459,-0.235337,0.104134,-0.266376,0.00088,0.003034
0,-0.037006,-0.119196,0.013401,0.09205,-0.028141,0.073122,0.000646,0.00208
0,-0.06115,-0.209411,-0.009004,-0.10645,0.039833,-0.082275,0.001067,0.003036
0,0.094761,-0.141669,0.17483,0.091941,0.196355,0.058354,0.001654,0.002473
0,-0.103489,0.081504,-0.20966,0.194022,-0.240739,0.162607,0.001806,0.001423
0,0.12463,0.070705,0.215759,0.01467,0.246804,0.019128,0.002175,0.001234
0,-0.068098,0.058063,-0.184973,-0.028912,-0.157779,-0.053449,0.001189,0.001013
0,0.066688,0.020677,0.151186,-0.016322,0.16748,0.024672,0.001164,0.000361
0,-0.019643,0.008522,-0.105265,-0.000657,-0.063075,-0.013291,0.000343,0.000149
0,0.035486,0.044925,0.082047,0.045989,0.103817,0.025694,0.000619,0.000784
0,0.160201,0.078143,0.135482,0.056158,0.179961,0.029,0.002796,0.001364
0,0.117011,0.021205,-0.067378,-0.043907,-0.100129,-0.070717,0.002042,0.00037
0,-0.000378,0.002909,-0.129141,-0.032458,-0.150183,-0.078857,7e-06,5.1e-05
0,-0.019856,-0.08906,-0.003105,-0.113971,0.003001,-0.073985,0.000347,0.001554
0,0.009909,-0.10405,0.014075,0.009675,0.039023,0.038282,0.000173,0.001816
0,-0.06275,0.041427,-0.099566,0.119318,-0.053114,0.12509,0.001095,0.000723
0,0.043896,0.028349,0.135785,0.016883,0.146769,-0.012302,0.000766,0.000495
0,-0.019059,0.073396,-0.045807,0.070798,-0.025378,0.09018,0.000333,0.001281
0,-0.044465,0.129957,-0.038372,0.076179,-0.034132,0.050818,0.000776,0.002268
0,-0.005784,-0.078405,0.041716,-0.215453,0.050463,-0.194642,0.000101,0.001368
0,0.073561,-0.126648,0.089015,-0.042297,0.11667,-0.049303,0.001284,0.00221
0,-0.02019,0.025279,-0.107372,0.15417,-0.151159,0.106994,0.000352,0.000441
0,0.169383,-0.038394,0.207939,-0.075106,0.219646,-0.026267,0.002956,0.00067
0,0.083069,0.104497,-0.064149,0.134656,-0.02258,0.176281,0.00145,0.001824
0,0.200773,0.097743,0.09145,0.002341,0.115914,-0.030437,0.003187,0.001706
0,0.042256,-0.031281,-0.181615,-0.128846,-0.196856,-0.111767,0.000738,0.000546
0,0.093944,-0.02996,0.079393,0.016195,0.090096,0.002451,0.00164,0.000523
0,0.127337,0.067985,0.033463,0.113264,0.042516,0.122108,0.002222,0.001187
0,0.055698,-0.08096,-0.054115,-0.148337,-0.035749,-0.172731,0.000972,0.001413
0,-0.096276,-0.028536,-0.154436,0.029163,-0.148654,0.055766,0.00168,0.000498
0,0.0812,-0.066644,0.148921,-0.01929,0.183403,-0.052901,0.001417,0.001163
0,-0.015609,-0.077037,-0.120091,0.002862,-0.102666,0.018739,0.000272,0.001345
0,0.010147,0.081439,0.022533,0.142102,0.027756,0.095157,0.000177,0.001421
0,-0.042205,-0.171053,-0.056463,-0.223882,-0.0814,-0.266408,0.000737,0.002985
0,0.024309,-0.013005,0.063475,0.165543,0.033667,0.161652,0.000424,0.000227
0,0.031844,0.014713,0.00821,0.001216,0.051056,0.032261,0.000556,0.000257
0,0.034575,-0.0093,0.001813,-0.027493,0.016501,-0.056859,0.000603,0.000162
0,0.035467,-0.134174,0.027592,-0.113014,0.051352,-0.100751,0.000619,0.002342
0,-0.085239,0.10642,-0.106247,0.233044,-0.130677,0.198307,0.001488,0.001857
0,0.007112,0.061423,0.063985,-0.047756,0.048443,-0.014572,0.000124,0.001072
0,-0.119876,-0.076983,-0.150203,-0.166803,-0.113358,-0.162093,0.002092,0.001344
0,-0.134234,0.056443,-7.6e-05,0.139077,0.023995,0.1033,0.002343,0.000985
0,-0.006351,0.046013,0.140506,-0.017569,0.157146,-0.010561,0.000111,0.000803
0,-0.150788,0.155421,-0.163876,0.105287,-0.213777,0.085294,0.002632,0.002713
0,0.009951,-0.034911,0.169832,-0.177634,0.167082,-0.216426,0.000174,0.000609
0,-0.065146,0.091856,-0.059896,0.126408,-0.103398,0.161182,0.001137,0.001603
0,0.004887,-0.134208,0.064458,-0.225444,0.080222,-0.194646,8.5e-05,0.002342
0,-0.009607,-0.1131,-0.018982,0.039495,-0.040915,0.003775,0.000168,0.001974
0,0.20218,0.10014,0.229615,0.210629,0.205995,0.199042,0.003162,0.001748
0,0.092267,0.085903,-0.13365,-0.022279,-0.14105,-0.030747,0.00161,0.001499
0,0.07505,0.117224,-0.018946,0.00585,0.003335,0.053174,0.00131,0.002046
0,0.064432,0.078061,0.001175,-0.017609,-0.024625,0.02787,0.001125,0.001362
0,0.060508,0.025885,-0.023318,-0.028166,-0.039442,0.002392,0.001056,0.000452
0,0.2013,-0.082909,0.161239,-0.133611,0.1784,-0.132992,0.003177,0.001447
0,-0.032387,0.08569,-0.227622,0.148686,-0.180959,0.124414,0.000565,0.001496
0,0.13345,0.075402,0.160505,-0.011128,0.137879,0.024409,0.002329,0.001316
0,0.094838,0.141597,-0.01103,0.061019,0.038543,0.077683,0.001655,0.002471
0,-0.057376,0.016938,-0.129392,-0.144606,-0.125753,-0.164545,0.001001,0.000296
0,-0.025939,-0.014773,0.013005,-0.028326,-0.006338,-0.057107,0.000453,0.000258
0,-0.000837,0.055418,0.024426,0.098552,0.015456,0.064951,1.5e-05,0.000967
0,-0.027842,0.10659,-0.020432,0.061576,-0.044388,0.066597,0.000486,0.00186
0,-0.022242,0.009549,0.009722,-0.108455,0.036307,-0.111107,0.000388,0.000167
0,0.063992,0.125968,0.063904,0.142136,0.082985,0.180839,0.001117,0.002199
0,0.179572,-0.108513,0.090729,-0.222172,0.103308,-0.254011,0.003134,0.001894
0,-0.054771,0.027558,-0.23833,0.110061,-0.273612,0.156929,0.000956,0.000481
0,-0.000439,0.016161,0.077958,0.009552,0.063693,0.046313,8e-06,0.000282
0,0.08373,-0.046863,0.076295,-0.038806,0.043841,-0.046917,0.001461,0.000818
0,0.13585,-0.010522,0.08039,0.022005,0.077508,-0.003719,0.002371,0.000184
0,0.117937,-0.1528,-0.037829,-0.154542,-0.007944,-0.111049,0.002058,0.002667
0,-0.02426,0.096574,-0.121896,0.256241,-0.094611,0.234224,0.000423,0.001686
0,-0.047685,-0.100639,-0.029163,-0.191713,-0.065471,-0.201413,0.000832,0.001756
0,-0.06785,-0.075467,-0.001749,0.000867,0.000756,-0.034518,0.001184,0.001317
0,0.219605,-0.042656,0.273722,0.022774,0.299209,0.054811,0.002858,0.000744
0,0.174271,-0.000727,-0.043939,0.069367,-0.059682,0.039687,0.003042,1.3e-05
0,-0.02716,-0.032429,-0.198331,-0.053401,-0.222229,-0.076135,0.000474,0.000566
0,0.221258,0.066271,0.218888,0.127938,0.265186,0.115014,0.002829,0.001157
0,-0.086288,0.138121,-0.27864,0.069487,-0.285701,0.02217,0.001506,0.002411
0,0.144684,-0.094423,0.237418,-0.215383,0.279296,-0.262241,0.002525,0.001648
0,0.015365,0.101359,-0.124973,0.184233,-0.160123,0.140865,0.000268,0.001769
0,0.010014,-0.097191,0.00249,-0.206191,0.042329,-0.201041,0.000175,0.001696
0,0.018845,-0.070972,0.013688,0.034951,0.043643,0.083169,0.000329,0.001239
0,0.077241,0.007375,0.043258,0.049922,0.019716,0.047248,0.001348,0.000129
0,-0.042137,-0.121599,-0.146837,-0.124011,-0.120408,-0.165683,0.000735,0.002122
0,-0.002239,-0.006131,0.050009,0.098844,0.00279,0.148023,3.9e-05,0.000107
0,2.34542,0.471047,2.344253,0.500102,2.355264,0.50198,0.00079,0.00153
0,5.22737,0.535226,2.853387,0.06463,2.866712,0.026803,0.002437,0.002651
0,5.013128,0.656706,-0.237659,0.131662,-0.233739,0.090578,0.000515,0.00192
0,4.115938,0.440663,-0.914014,-0.238247,-0.950004,-0.257711,0.001762,0.001
0,2.939687,0.669082,-1.159407,0.226941,-1.111319,0.188592,0.002219,0.001704
0,2.626987,0.334263,-0.330351,-0.361492,-0.319803,-0.375857,0.000986,0.000857
0,1.610021,0.385299,-1.011197,0.042934,-0.96983,0.051127,0.001337,3.4e-05
0,0.779559,0.055712,-0.821214,-0.312261,-0.797739,-0.358686,0.000224,0.000972
0,0.498529,0.084049,-0.291311,0.048731,-0.305333,0.090894,0.00201,0.001467
0,0.210867,-0.016145,-0.2874,-0.118502,-0.244076,-0.093688,0.00301,0.000282
0,-0.132238,-0.183225,-0.356581,-0.195783,-0.387101,-0.227231,0.002308,0.003198
0,-0.294807,-0.108325,-0.15628,0.068546,-0.171452,0.037281,0.001545,0.001891
0,-0.263651,0.032244,0.031173,0.147741,0.006926,0.152092,0.002089,0.000563
0,-0.314473,-0.247111,-0.029859,-0.309337,-0.007437,-0.321216,0.001202,0.002378
0,-0.153689,-0.05204,0.147405,0.176702,0.126578,0.201215,0.002682,0.000908
0,-0.189109,-0.207839,-0.006116,-0.13124,0.036614,-0.128729,0.003301,0.003063
0,-0.372041,0.059529,-0.178418,0.287992,-0.130542,0.243748,0.000197,0.001039
0,-0.214467,-0.211723,0.166916,-0.243798,0.177208,-0.289442,0.002948,0.002996
0,-0.236765,-0.034956,-0.026871,0.189642,0.013376,0.193205,0.002558,0.00061
0,-0.435148,-0.092702,-0.225326,-0.067152,-0.26713,-0.062903,0.000904,0.001618
0,-0.188573,-0.037023,0.255953,0.08457,0.269595,0.042847,0.003291,0.000646
0,-0.362479,-0.110077,-0.167173,-0.097542,-0.194128,-0.069695,0.000364,0.001921
0,-0.136044,-0.052769,0.205926,0.046639,0.190196,0.01633,0.002374,0.000921
0,-0.3231,0.061341,-0.186121,0.135711,-0.175608,0.176959,0.001052,0.001071
0,-0.31806,-0.085514,0.015083,-0.1478,0.010827,-0.098,0.00114,0.001492
0,-0.184525,0.009135,0.156969,0.095805,0.108147,0.106316,0.003221,0.000159
0,-0.318425,-0.093468,-0.114244,-0.082374,-0.118108,-0.082772,0.001133,0.001631
0,-0.142823,0.033697,0.173836,0.151969,0.222583,0.135908,0.002493,0.000588
0,-0.233736,-0.070558,-0.088081,-0.10365,-0.106758,-0.108562,0.002611,0.001231
0,-0.169952,-0.100827,0.055996,-0.035291,0.040083,-0.059389,0.002966,0.00176
0,0.025326,-0.028815,0.213628,0.095634,0.185791,0.136036,0.000442,0.000503
0,-0.197786,0.105837,-0.236935,0.162017,-0.192064,0.194181,0.003239,0.001847
0,-0.026219,-0.128859,0.174562,-0.253718,0.196851,-0.272199,0.000458,0.002249
0,-0.089268,-0.194358,-0.047723,-0.046249,-0.035835,-0.073232,0.001558,0.003299
0,-0.171867,-0.152641,-0.076527,0.034281,-0.089887,0.00306,0.003,0.002664
0,0.120041,-0.180525,0.268689,-0.039714,0.275371,-0.010984,0.002095,0.003151
0,-1.952563,-0.267774,-2.096582,-0.063099,-2.142466,-0.054322,0.000625,0.002017
0,-3.762734,-0.360109,-1.800479,-0.063656,-1.828476,-0.053167,0.001236,0.000406
0,-3.179077,-0.70748,0.571244,-0.318429,0.52673,-0.280202,0.001959,0.001034
0,-3.361974,-0.716008,-0.193481,-0.007396,-0.176796,-0.015871,0.00154,0.000885
0,-3.214166,-0.582008,0.11825,0.106648,0.165053,0.072135,0.002571,0.003224
0,-2.909048,-0.406064,0.298952,0.16701,0.344998,0.197155,0.002754,0.000396
0,-2.370494,-0.259105,0.542671,0.15775,0.56683,0.141846,0.001228,0.002169
0,-1.380105,-0.03165,0.963952,0.248952,0.93974,0.269476,0.002676,0.000552
0,-0.963565,-0.03516,0.416375,-0.018162,0.390622,0.003244,0.003255,0.000614
0,-0.283105,-0.086203,0.674416,-0.0391,0.679144,-0.0768,0.00175,0.001505
0,0.067305,0.180938,0.359325,0.271796,0.386042,0.283093,0.001175,0.003158
0,0.316053,0.062255,0.263479,-0.121093,0.260274,-0.151858,0.001175,0.001087
0,0.13978,0.093334,-0.197008,0.049616,-0.167398,0.080258,0.00244,0.001629
0,0.303681,-0.081855,0.164728,-0.165998,0.143987,-0.120917,0.001391,0.001429
0,0.186614,0.157483,-0.134847,0.264727,-0.156836,0.222921,0.003257,0.002749
0,0.26205,-0.110378,0.091239,-0.288259,0.070822,-0.337027,0.002117,0.001926
0,0.240396,0.095227,-0.016836,0.17822,-0.029276,0.208883,0.002495,0.001662
0,0.148739,-0.059944,-0.08965,-0.143969,-0.06381,-0.163499,0.002596,0.001046
0,0.238473,-0.055721,0.087957,-0.01456,0.060897,-0.039266,0.002529,0.000973
0,0.27171,0.149897,0.051102,0.216011,0.054052,0.21043,0.001949,0.002616
0,0.230847,0.038007,-0.02731,-0.135979,-0.034256,-0.164408,0.002662,0.000663
0,0.206762,-0.12043,-0.004978,-0.181572,-0.046523,-0.158322,0.003082,0.002102
0,0.029809,-0.132727,-0.147548,-0.026737,-0.099717,-0.061325,0.00052,0.002317
0,2.410094,0.232579,2.39173,0.388156,2.346928,0.380031,0.001919,0.002632
0,3.178521,0.84324,0.789151,0.590014,0.794131,0.629895,0.001949,0.001336
0,2.971513,0.917982,-0.182336,0.054325,-0.200043,0.030016,0.001664,0.00264
0,3.463909,0.854175,0.492344,-0.043472,0.492652,-0.000621,0.000239,0.001527
0,2.908246,0.787565,-0.561068,-0.085528,-0.548919,-0.125319,0.002768,0.000364
0,2.459339,0.634768,-0.471251,-0.173949,-0.512555,-0.223632,0.002779,0.002303
0,2.076485,0.411237,-0.375568,-0.251253,-0.346876,-0.234415,0.002787,0.000487
0,1.841877,0.158516,-0.232847,-0.277389,-0.220396,-0.287062,0.001307,0.002767
0,0.926687,0.091336,-0.893056,-0.075495,-0.924853,-0.048932,0.002792,0.001594
0,0.753741,0.212586,-0.199627,0.100718,-0.184815,0.081726,0.000226,0.00298
0,0.214482,-0.029,-0.546118,-0.237348,-0.557324,-0.237197,0.002947,0.000506
0,-0.126976,0.029943,-0.353613,0.045445,-0.312645,0.091948,0.002216,0.000523
0,-0.263917,-0.069496,-0.153126,-0.078467,-0.166072,-0.115972,0.002085,0.001213
0,-0.26996,-0.166095,0.011482,-0.121853,0.04825,-0.133514,0.001979,0.002899
0,-0.309922,0.083696,-0.013052,0.225811,-0.059668,0.253971,0.001282,0.001461
0,-0.371703,-0.053747,-0.079724,-0.125404,-0.080133,-0.157286,0.000203,0.000938
0,-0.090728,0.042204,0.299078,0.103088,0.261549,0.101935,0.001584,0.000737
0,-0.17229,0.06156,-0.053561,0.033536,-0.06454,0.078796,0.003007,0.001074
0,-0.309657,-0.131872,-0.143877,-0.212448,-0.097548,-0.252357,0.001286,0.002302
0,-0.20772,-0.13144,0.102275,-0.024921,0.137498,-0.070619,0.003065,0.002294
0,-0.107991,-0.083057,0.074551,0.030814,0.028127,0.038727,0.001885,0.00145
0,-0.084835,-0.15476,0.013739,-0.046541,-0.0196,-0.059837,0.001481,0.002701
0,-0.062032,-0.071374,0.021395,0.096425,0.062952,0.075401,0.001083,0.001246
0,-0.075351,-0.102132,-0.014767,-0.058539,-0.00024,-0.034119,0.001315,0.001783
0,-0.070723,-0.093191,0.022718,0.024335,0.0517,0.027377,0.001234,0.001626
0,-0.201502,-0.074219,-0.117957,0.045346,-0.13126,0.088689,0.003174,0.001295
0,-0.024624,-0.156372,0.185771,-0.079538,0.201454,-0.055775,0.00043,0.002729
0,-0.058931,-0.208441,-0.03388,-0.040281,-0.019147,-0.028938,0.001029,0.003053
0,-0.040561,-0.206762,0.048103,-0.021014,0.076179,-0.004202,0.000708,0.003082
0,-0.102745,-0.087392,-0.06689,0.143849,-0.116428,0.153051,0.001793,0.001525
0,0.039525,-0.020074,0.116016,0.09494,0.110037,0.085835,0.00069,0.00035
0,-0.134455,-0.206746,-0.180049,-0.19779,-0.196878,-0.241324,0.002347,0.003082
0,-0.034764,0.041638,0.100905,0.273189,0.081607,0.226822,0.000607,0.000727
0,-0.025587,-0.036449,-0.001045,-0.070611,-0.033586,-0.097183,0.000447,0.000636
0,-0.067603,-0.067662,-0.034668,-0.058154,-0.042616,-0.097282,0.00118,0.001181
0,-0.188034,-0.155101,-0.126552,-0.097106,-0.078226,-0.096214,0.003282,0.002707
0,0.024918,-0.034931,0.229461,0.092394,0.244557,0.056454,0.000435,0.00061
0,-0.247498,-0.099409,-0.261901,-0.081082,-0.23723,-0.113393,0.002371,0.001735
0,-0.102411,-0.146453,0.121002,-0.029831,0.072559,0.012547,0.001787,0.002556
0,-0.09665,0.046442,-0.010423,0.169898,-0.048032,0.19468,0.001687,0.000811
0,-0.045323,-0.16544,0.077014,-0.229824,0.120978,-0.215401,0.000791,0.002887
0,-0.125346,-0.137948,-0.094909,0.014074,-0.05706,-0.025281,0.002188,0.002408
0,-0.225886,-0.151183,-0.123783,-0.02931,-0.085794,-0.000192,0.002748,0.002639
0,0.072476,-0.200785,0.270776,-0.04424,0.228102,-0.030692,0.001265,0.003186
0,-0.051235,-0.084681,-0.118873,0.145922,-0.135908,0.145536,0.000894,0.001478
0,0.011136,-0.101969,0.079143,-0.010171,0.108487,0.002422,0.000194,0.00178
0,-0.082003,0.06489,-0.121758,0.159732,-0.119791,0.138256,0.001431,0.001133
0,0.010989,0.091836,0.08621,0.019985,0.036564,0.017687,0.000192,0.001603
0,-0.055068,-0.007325,-0.066205,-0.083569,-0.105257,-0.068457,0.000961,0.000128
0,-0.145762,0.105392,-0.112005,0.130569,-0.112614,0.15435,0.002544,0.001839
0,0.056212,-0.075173,0.185491,-0.172789,0.197591,-0.132842,0.000981,0.001312
0,-0.10699,0.115705,-0.187939,0.200583,-0.153909,0.192898,0.001867,0.002019
0,0.077113,0.166156,0.210569,0.047314,0.168612,0.075564,0.001346,0.0029
0,-0.137247,0.112283,-0.228865,-0.02397,-0.271899,-0.051175,0.002395,0.00196
0,0.012371,-0.034411,0.155291,-0.157873,0.177684,-0.124255,0.000216,0.000601
0,0.045559,0.153832,0.061839,0.215849,0.077778,0.207668,0.000795,0.002685
0,0.085334,-0.008534,0.021703,-0.156819,0.002911,-0.169628,0.001489,0.000149
0,-0.138091,0.160417,-0.209126,0.177555,-0.202065,0.132631,0.00241,0.0028
0,0.003364,0.033882,0.151738,-0.127358,0.116223,-0.156673,5.9e-05,0.000591
0,0.026696,0.032762,0.027545,-0.013205,0.020851,-0.059179,0.000466,0.000572
0,-0.164947,0.128308,-0.217209,0.117951,-0.247981,0.164479,0.002879,0.002239
0,0.025939,-0.002993,0.196389,-0.146059,0.184184,-0.140314,0.000453,5.2e-05
0,-0.151494,-0.011113,-0.175512,-0.014453,-0.22157,-0.059946,0.002644,0.000194
0,-0.204651,-0.012979,-0.05853,0.01239,-0.040505,-0.01865,0.003119,0.000227
0,0.053738,0.016662,0.272374,0.004844,0.275686,0.022216,0.000938,0.000291
0,-0.046994,0.044386,-0.076216,0.032711,-0.105588,0.040419,0.00082,0.000775
0,0.159991,0.237817,0.213292,0.178773,0.19878,0.150055,0.002792,0.00254
0,-0.042705,0.1879,-0.220547,-0.050885,-0.225229,-0.094691,0.000745,0.003279
0,0.2236,0.182788,0.288537,0.011488,0.273466,0.020613,0.002788,0.00319
0,0.040299,0.103472,-0.166668,-0.066674,-0.208646,-0.089087,0.000703,0.001806
0,0.194538,0.174632,0.132101,0.064848,0.118141,0.039229,0.003295,0.003048
0,0.032629,0.08587,-0.183104,-0.084924,-0.225908,-0.105223,0.000569,0.001499
0,0.221788,0.060279,0.189461,-0.030544,0.19839,-0.063559,0.00282,0.001052
0,0.23242,0.144427,0.029017,0.075771,0.007119,0.116745,0.002634,0.002521
0,0.042598,0.055917,-0.210648,-0.059015,-0.185732,-0.08238,0.000743,0.000976
0,0.201247,0.10664,0.187708,0.061798,0.187965,0.062863,0.003178,0.001861
0,0.18917,0.18012,-0.020981,0.097628,-0.05614,0.109524,0.003302,0.003144
0,0.105357,0.143183,-0.087477,-0.056758,-0.053644,-0.020618,0.001839,0.002499
0,0.18731,0.0827,0.084761,-0.088453,0.134428,-0.107784,0.003269,0.001443
0,0.108452,0.053019,-0.098046,-0.0289,-0.056611,0.018081,0.001893,0.000925
0,0.061811,0.194726,-0.065865,0.139909,-0.060622,0.09815,0.001079,0.003292
0,0.003438,0.130743,-0.069295,-0.038256,-0.037187,-0.011338,6e-05,0.002282
0,0.261779,-0.071198,0.285318,-0.173911,0.287525,-0.168591,0.002122,0.001243
0,0.038657,0.000652,-0.223355,0.064247,-0.27026,0.048876,0.000675,1.1e-05
0,-0.010748,0.037618,-0.033589,0.013366,-0.016462,-0.007177,0.000188,0.000657
0,0.149596,0.203522,0.150594,0.191553,0.110342,0.185382,0.002611,0.003139
0,0.043615,0.090159,-0.130533,-0.131618,-0.088305,-0.109319,0.000761,0.001574
0,0.101815,0.134057,0.034957,0.016136,0.007973,-0.004239,0.001777,0.00234
0,0.070048,0.063814,-0.017202,-0.092019,-0.021366,-0.095253,0.001223,0.001114
0,0.117972,0.098102,0.027872,0.017106,-0.00386,0.030395,0.002059,0.001712
0,0.206124,0.138034,0.072361,0.0543,0.033415,0.009189,0.003093,0.002409
0,0.188838,0.004207,-0.044359,-0.156711,-0.03436,-0.170164,0.003296,7.3e-05
0,0.186769,0.107174,-0.023285,0.094658,-0.031596,0.068436,0.00326,0.001871
0,-0.020848,0.097689,-0.220563,-0.014666,-0.183623,-0.033172,0.000364,0.001705
0,0.020454,0.048908,0.037723,-0.06909,0.000238,-0.036765,0.000357,0.000854
0,0.111025,0.033507,0.066238,0.012207,0.051913,0.018927,0.001938,0.000585
0,-0.10162,0.017643,-0.214267,-0.007497,-0.248304,-0.043506,0.001774,0.000308
0,0.193142,0.095665,0.273813,0.094423,0.288122,0.053341,0.00332,0.00167
0,0.183335,0.148208,-0.008019,0.082408,0.022099,0.115571,0.0032,0.002587
0,0.171986,-0.061092,-0.0258,-0.193592,-0.036338,-0.175706,0.003002,0.001066
0,0.060792,-0.106861,-0.114441,-0.035514,-0.119435,0.011842,0.001061,0.001865
0,0.245752,-0.058237,0.194621,0.077576,0.169626,0.092695,0.002402,0.001016
0,0.212608,0.165485,-0.010166,0.251011,-0.030754,0.232688,0.00298,0.002888
0,0.195196,-0.116437,-0.001515,-0.25595,-0.01864,-0.290102,0.003284,0.002032
0,0.107153,-0.003329,-0.116857,0.104228,-0.091299,0.071548,0.00187,5.8e-05
0,0.268267,-0.146689,0.17855,-0.139702,0.215008,-0.105643,0.002009,0.00256
0,0.085191,0.037954,-0.166167,0.187198,-0.127508,0.19905,0.001487,0.000662
0,0.269279,-0.111123,0.205124,-0.142899,0.238265,-0.147785,0.001991,0.001939
0,0.261516,-0.075436,0.016176,0.030361,0.045408,0.021038,0.002127,0.001317
0,0.133567,-0.159555,-0.142163,-0.097777,-0.108772,-0.103523,0.002331,0.002785
0,0.168633,0.052922,0.01079,0.219502,-0.016285,0.261059,0.002943,0.000924
0,0.085148,-0.152027,-0.069864,-0.21346,-0.099993,-0.200073,0.001486,0.002653
0,0.021589,-0.137993,-0.076977,0.021678,-0.109719,-0.013982,0.000377,0.002408
0,0.177075,-0.152011,0.128857,0.004614,0.15863,0.009117,0.003091,0.002653
0,0.013098,-0.043607,-0.162525,0.111905,-0.194001,0.142015,0.000229,0.000761
0,0.044508,0.130997,0.035177,0.18798,0.045885,0.237713,0.000777,0.002286
0,-0.105892,-0.066573,-0.168034,-0.187948,-0.217881,-0.199062,0.001848,0.001162
0,0.059571,-0.136768,0.173435,-0.088957,0.136153,-0.129439,0.00104,0.002387
0,0.161664,-0.089366,0.086995,0.032461,0.078582,0.042141,0.002822,0.00156
0,0.078545,-0.010182,-0.053776,0.05857,-0.100245,0.029318,0.001371,0.000178
0,0.149776,-0.097586,0.094172,-0.116981,0.132182,-0.114977,0.002614,0.001703
0,0.236574,0.060982,0.063837,0.181285,0.024301,0.138161,0.002562,0.001064
0,0.237097,-0.077052,0.021525,-0.143319,0.014627,-0.106181,0.002553,0.001345
0,0.115646,-0.138519,-0.106808,-0.076918,-0.117385,-0.081934,0.002018,0.002418
0,0.040628,-0.040604,-0.056941,0.082531,-0.077022,0.09639,0.000709,0.000709
0,0.137923,-0.036486,0.070131,0.034051,0.108655,0.059431,0.002407,0.000637
0,0.107573,0.01028,-0.02871,0.068997,-0.040193,0.02831,0.001878,0.000179
0,0.225122,0.159114,0.104888,0.165146,0.075163,0.180287,0.002762,0.002777
0,0.164332,-0.031645,-0.068544,-0.216738,-0.044331,-0.255888,0.002868,0.000552
0,0.140462,-0.06736,-0.039559,-0.015249,-0.081121,-0.027277,0.002452,0.001176
0,0.159351,-0.050271,0.047117,0.011572,0.063138,0.059405,0.002781,0.000877
0,0.060121,-0.019273,-0.092088,0.010775,-0.084851,-0.012637,0.001049,0.000336
0,-0.056512,-0.07105,-0.130261,-0.069972,-0.128262,-0.028518,0.000986,0.00124
0,-0.000679,-0.000611,0.083754,0.094189,0.086065,0.083491,1.2e-05,1.1e-05
0,0.15358,0.02736,0.14822,0.055332,0.136449,0.053815,0.00268,0.000478
0,0.195764,0.000127,0.013673,-0.049781,0.059392,-0.02248,0.003274,2e-06
0,0.050867,0.083684,-0.150472,0.088965,-0.15444,0.099968,0.000888,0.001461
0,-0.026044,0.065138,-0.086203,-0.006055,-0.045986,0.02838,0.000455,0.001137
0,0.069412,0.137247,0.117022,0.089519,0.106794,0.105551,0.001211,0.002395
0,-0.1762,0.010298,-0.243458,-0.118523,-0.243587,-0.142217,0.003075,0.00018
0,-0.085233,-0.117906,0.096146,-0.151242,0.129201,-0.143726,0.001488,0.002058
0,-0.013862,0.152466,0.076446,0.290223,0.02833,0.247773,0.000242,0.002661
0,-0.008685,0.125568,0.030128,-0.030976,0.03289,-0.057817,0.000152,0.002192
0,0.046612,-0.099893,0.076562,-0.251963,0.074338,-0.225836,0.000814,0.001743
0,-0.039938,-0.113123,-0.068498,-0.020681,-0.038548,-0.052988,0.000697,0.001974
0,0.089115,-0.049879,0.15775,0.091555,0.179171,0.056509,0.001555,0.000871
0,-0.047028,0.014128,-0.137061,0.080472,-0.157717,0.109283,0.000821,0.000247
0,-0.105122,0.094869,-0.063293,0.058906,-0.069739,0.051573,0.001835,0.001656
0,0.119138,0.060315,0.207397,-0.060031,0.180388,-0.025289,0.002079,0.001053
0,0.011426,0.126226,-0.128146,0.039227,-0.143182,0.010917,0.000199,0.002203
0,-0.081027,-0.081524,-0.064997,-0.221348,-0.080921,-0.176656,0.001414,0.001423
0,0.15729,-0.058986,0.217593,0.002394,0.253937,-0.018668,0.002745,0.001029
0,0.047285,0.109504,-0.114334,0.189404,-0.070346,0.228413,0.000825,0.001911
0,-0.10727,-0.123103,-0.17831,-0.230399,-0.144349,-0.24515,0.001872,0.002149
0,0.04941,0.141476,0.178893,0.265389,0.170082,0.218205,0.000862,0.002469
0,0.076425,0.081704,0.008077,-0.048309,-0.040729,-0.037753,0.001334,0.001426
0,0.034913,0.123249,-0.015533,0.053257,-0.03889,0.06003,0.000609,0.002151
0,-0.15153,-0.130422,-0.211034,-0.253265,-0.246818,-0.279867,0.002645,0.002276
0,-0.001893,-0.024293,0.161808,0.098795,0.163162,0.054788,3.3e-05,0.000424
0,0.069215,0.050712,0.070037,0.085072,0.035548,0.043699,0.001208,0.000885
0,-0.049641,0.085859,-0.135621,0.054288,-0.094071,0.004778,0.000866,0.001499
0,-0.172674,-0.195702,-0.125245,-0.301242,-0.14534,-0.251479,0.003014,0.003275
0,-0.080881,-0.016448,0.089824,0.206521,0.08348,0.201224,0.001412,0.000287
0,0.011669,-0.194712,0.079954,-0.200936,0.083048,-0.189049,0.000204,0.003292
0,2.064565,-0.430788,2.04944,-0.227516,2.090795,-0.241181,0.002579,0.000828
0,2.657802,-0.92216,0.587201,-0.513239,0.62937,-0.471229,0.000448,0.002713
0,2.455972,-1.406049,-0.209232,-0.487617,-0.162552,-0.46091,0.00272,0.002223
0,1.865571,-1.425176,-0.56632,-0.018622,-0.570529,-0.044338,0.000894,0.001889
0,1.477609,-1.315098,-0.366075,0.097461,-0.366618,0.110507,0.000974,0.00288
0,1.404262,-0.913349,-0.078292,0.417168,-0.116598,0.370874,0.002254,0.002559
0,1.018525,-0.612793,-0.384963,0.286891,-0.416435,0.299866,0.002296,0.002686
0,0.430384,-0.522896,-0.562648,0.118399,-0.580955,0.10591,0.000821,0.002435
0,0.367206,-0.500322,-0.089228,-0.006842,-0.051231,-0.013312,0.000282,0.002041
0,0.354542,-0.179348,-0.005759,0.32308,-0.051009,0.346093,0.000503,0.00313
0,0.189951,-0.262363,-0.188945,-0.077613,-0.186883,-0.085459,0.003315,0.002112
0,-0.187239,-0.281067,-0.382513,-0.03174,-0.366097,-0.073785,0.003268,0.001785
0,-0.1993,-0.196499,-0.038636,0.072723,-0.087273,0.04072,0.003212,0.003261
0,-0.090131,-0.021307,0.11951,0.191501,0.15726,0.159589,0.001573,0.000372
0,-0.259505,0.072281,-0.184241,0.119912,-0.164432,0.119963,0.002162,0.001262
0,-0.174306,0.192313,0.062278,0.13434,0.11203,0.150461,0.003042,0.003334
0,0.006618,0.042596,0.187474,-0.144041,0.223713,-0.163876,0.000116,0.000743
0,0.017191,0.086123,0.013504,0.038033,-0.0092,0.037445,0.0003,0.001503
0,0.091552,0.208103,0.091912,0.131067,0.053133,0.101984,0.001598,0.003059
0,-0.163444,0.199112,-0.231199,0.011594,-0.279242,0.020034,0.002853,0.003216
0,-0.009908,0.102179,0.162425,-0.122711,0.204491,-0.119876,0.000173,0.001783
0,0.096847,-0.010446,0.12301,-0.141704,0.104692,-0.144425,0.00169,0.000182
0,-0.1092,0.048479,-0.209826,0.084414,-0.207275,0.052274,0.001906,0.000846
0,-0.102217,-0.021202,0.020101,-0.074611,-0.010099,-0.048401,0.001784,0.00037
0,-0.054934,-0.183036,0.047281,-0.13415,0.004087,-0.121958,0.000959,0.003195
0,-0.007774,-0.119496,0.073381,0.09106,0.066737,0.052567,0.000136,0.002086
0,2.695784,-1.024571,2.720041,-0.920718,2.768985,-0.955249,0.000215,0.00219
0,2.580053,-1.6783,-0.092208,-0.626091,-0.131021,-0.672227,0.001805,0.002529
0,2.94352,-2.206692,0.3502,-0.544551,0.310861,-0.528013,0.002152,0.001631
0,2.392819,-2.354467,-0.568769,-0.145015,-0.578551,-0.175229,0.001618,0.000948
0,2.162482,-2.222125,-0.260229,0.145891,-0.293857,0.172336,0.002402,0.001362
0,1.929295,-1.899467,-0.26056,0.319184,-0.256874,0.276435,0.000218,0.000302
0,1.266428,-1.37662,-0.666074,0.541412,-0.658575,0.518001,0.002031,0.002737
0,0.950606,-0.712437,-0.304458,0.650061,-0.34409,0.604653,0.00321,0.000947
0,0.638171,-0.313668,-0.329249,0.378032,-0.312292,0.397868,0.002243,0.001216
0,0.417349,-0.229464,-0.201419,0.091742,-0.168004,0.042162,0.000593,0.002686
0,0.19087,0.176636,-0.226906,0.417331,-0.210221,0.411637,0.003331,0.003083
0,-0.005274,0.31608,-0.180072,0.159815,-0.221659,0.175493,9.2e-05,0.001174
0,0.0399,0.322478,0.03742,0.023353,-0.001259,-0.001865,0.000696,0.001063
0,-0.092997,0.411353,-0.127924,0.07584,-0.083221,0.033478,0.001623,0.000489
0,-0.215534,0.242371,-0.114743,-0.141002,-0.125666,-0.120844,0.002929,0.002461
0,-0.046695,0.140379,0.162261,-0.074125,0.152373,-0.120608,0.000815,0.00245
0,-0.064599,0.131912,5.8e-05,-0.029066,-0.003402,-0.01574,0.001127,0.002302
0,-0.315331,-0.014374,-0.225972,-0.175825,-0.187851,-0.16078,0.001187,0.000251
0,-0.076835,0.15208,0.228684,0.154611,0.191898,0.132269,0.001341,0.002654
0,-0.104282,0.200055,-0.01699,0.049665,0.030189,0.079907,0.00182,0.003199
0,-0.065737,0.098061,0.029644,-0.102535,0.056646,-0.063396,0.001147,0.001711
0,-0.089696,-0.031823,0.002388,-0.125264,0.037543,-0.174002,0.001565,0.000555
0,-0.137492,0.080188,-0.066852,0.133036,-0.104881,0.109479,0.0024,0.0014
0,-0.05669,0.051573,0.056664,-0.009787,0.055039,-0.048781,0.000989,0.0009
0,-0.086941,-0.015092,-0.032517,-0.093168,-0.020882,-0.059555,0.001517,0.000263
0,-0.146517,0.158672,-0.032648,0.173105,0.013802,0.156047,0.002557,0.002769
0,-0.003436,0.183169,0.133737,0.001391,0.08819,0.013488,6e-05,0.003197
0,-0.056398,-0.090122,-0.030036,-0.29247,-0.037762,-0.274479,0.000984,0.001573
0,-0.209406,0.108949,-0.178392,0.221654,-0.169537,0.241278,0.003036,0.001902
0,-0.061051,-0.113117,0.175168,-0.221876,0.204353,-0.180814,0.001066,0.001974
0,-0.120139,0.10146,-0.036072,0.203889,-0.06439,0.229836,0.002097,0.001771
0,0.015628,-0.126903,0.119906,-0.211001,0.116104,-0.216038,0.000273,0.002215
0,2.562905,-2.082982,2.529665,-1.933926,2.562018,-1.897068,0.002105,0.002901
0,3.61213,-2.659916,1.055422,-0.568351,1.036302,-0.549439,0.002826,0.000411
0,3.474847,-2.479397,-0.133511,0.205464,-0.169443,0.241541,0.00043,0.003129
0,3.969399,-2.290737,0.501089,0.198502,0.532484,0.215539,0.002371,0.000164
0,4.299083,-1.808071,0.315065,0.465072,0.315622,0.498206,0.001434,0.001897
0,3.920402,-1.467936,-0.370417,0.310945,-0.367868,0.354366,0.001516,0.001143
0,3.449905,-0.843011,-0.490661,0.616845,-0.458785,0.590551,5e-06,0.001332
0,2.676207,-0.386361,-0.752674,0.438009,-0.771805,0.42943,0.000127,5.2e-05
0,1.411283,-0.464414,-1.263166,-0.084577,-1.231757,-0.064917,0.002132,0.001415
0,0.87747,-0.034484,-0.534711,0.413323,-0.568684,0.411588,0.001933,0.000602
0,0.103996,0.208567,-0.802957,0.261649,-0.776617,0.293713,0.001815,0.003051
0,-0.526325,0.064267,-0.612903,-0.152515,-0.565547,-0.157311,0.002495,0.001122
0,-0.457014,0.007413,0.055269,-0.057197,0.090031,-0.061908,0.001286,0.000129
0,-0.662884,0.022705,-0.220108,0.007579,-0.196735,-0.022356,0.001812,0.000396
0,-0.685886,0.186205,-0.027863,0.149387,-0.052764,0.188838,0.001411,0.00325
0,-0.658649,0.137613,0.048865,-0.059825,0.030776,-0.059637,0.001886,0.002402
0,-0.40548,0.155511,0.262593,0.018064,0.307389,-0.02812,0.000386,0.002714
0,-0.280633,0.04163,0.114705,-0.139901,0.149797,-0.120483,0.001793,0.000727
0,-0.242404,0.001905,0.054795,-0.010945,0.090143,0.036616,0.00246,3.3e-05
0,-0.114758,0.1027,0.141804,0.114349,0.1375,0.079066,0.002003,0.001792
0,0.069875,0.053231,0.172189,-0.034733,0.138926,-0.069992,0.00122,0.000929
0,0.165367,0.144748,0.065631,0.105368,0.036777,0.108984,0.002886,0.002526
0,0.060752,-0.020576,-0.133259,-0.146828,-0.166068,-0.18861,0.00106,0.000359
0,0.182876,0.093225,0.116133,0.1228,0.155291,0.164211,0.003192,0.001627
0,0.228811,0.093399,0.062346,-0.013459,0.086765,-0.040688,0.002697,0.00163
0,0.301022,-0.015285,0.086802,-0.126818,0.037812,-0.107966,0.001437,0.000267
0,0.027305,0.177981,-0.249988,0.164101,-0.207297,0.125745,0.000477,0.003106
0,0.142863,0.241204,0.137713,0.080613,0.134083,0.047285,0.002493,0.002481
0,-0.084148,-0.05185,-0.248917,-0.316044,-0.245141,-0.296511,0.001469,0.000905
0,0.058919,0.167218,0.114666,0.196406,0.115617,0.235176,0.001028,0.002919
0,-0.071962,0.04604,-0.153334,-0.138176,-0.115671,-0.131123,0.001256,0.000804
0,0.12175,-0.034771,0.182152,-0.063151,0.155553,-0.075972,0.002125,0.000607
0,-0.062608,-0.076835,-0.171774,-0.06578,-0.216193,-0.038991,0.001093,0.001341
0,-0.050788,-0.116814,0.013295,-0.016147,0.00449,0.00745,0.000886,0.002039
0,0.172066,0.12317,0.219921,0.234697,0.239331,0.200337,0.003003,0.00215
0,0.020768,-0.046715,-0.17574,-0.141508,-0.172296,-0.160325,0.000362,0.000815
0,-0.049696,0.165614,-0.076646,0.221566,-0.113189,0.244331,0.000867,0.002891
0,0.132252,-0.072777,0.199967,-0.247138,0.185333,-0.264403,0.002308,0.00127
0,-0.035575,-0.154556,-0.145277,-0.109192,-0.109967,-0.157777,0.000621,0.002698
0,0.001261,0.106933,0.02442,0.271287,0.01982,0.302476,2.2e-05,0.001866
0,-0.030058,-0.099303,-0.021054,-0.213778,0.020357,-0.201696,0.000525,0.001733
0,0.066481,-0.115718,0.066661,0.006086,0.02919,-0.015527,0.00116,0.00202
0,-0.018892,0.106843,-0.112129,0.203355,-0.09737,0.175886,0.00033,0.001865
0,0.103881,0.01735,0.145241,-0.084762,0.135915,-0.073347,0.001813,0.000303
0,0.196644,0.121787,0.094766,0.081001,0.142373,0.097863,0.003259,0.002126
0,0.013447,0.035711,-0.209571,-0.080654,-0.23831,-0.046608,0.000235,0.000623
0,-0.005269,0.036224,-0.012245,0.017724,0.032599,-0.008252,9.2e-05,0.000632
0,0.275173,0.160453,0.272439,0.150277,0.297206,0.12322,0.001888,0.0028
0,0.215363,-0.088268,-0.087659,-0.235726,-0.11401,-0.217442,0.002932,0.001541
0,0.018058,-0.07001,-0.171377,0.046086,-0.207356,0.07155,0.000315,0.001222
0,0.186907,-0.137138,0.187273,-0.090893,0.217423,-0.086699,0.003262,0.002394
0,0.179791,-0.039795,-0.02274,0.068398,-0.006801,0.038895,0.003138,0.000695
0,0.080209,-0.120289,-0.081021,-0.055095,-0.042418,-0.077036,0.0014,0.002099
0,-0.06879,0.146803,-0.168672,0.287338,-0.189946,0.265002,0.001201,0.002562
0,0.042491,-0.01719,0.103539,-0.169968,0.072222,-0.192239,0.000742,0.0003
0,0.008988,0.103358,-0.059571,0.144899,-0.055964,0.180295,0.000157,0.001804
0,0.073985,0.060309,0.065052,-0.040191,0.048306,-0.055531,0.001291,0.001053
0,0.041952,-0.051022,-0.035302,-0.101521,-0.067725,-0.05883,0.000732,0.000891
0,-0.072535,0.006719,-0.128235,0.066966,-0.08467,0.086358,0.001266,0.000117
0,0.250395,0.09365,0.319309,0.078368,0.339651,0.111245,0.002321,0.001635
0,0.023827,-0.008172,-0.2041,-0.074607,-0.162142,-0.115002,0.000416,0.000143
0,0.069442,-0.076821,0.064721,-0.052574,0.09804,-0.030162,0.001212,0.001341
0,-0.099371,-0.130859,-0.160607,-0.034213,-0.122263,-0.053288,0.001734,0.002284
0,-0.053618,-0.003232,0.023281,0.143178,0.024915,0.183668,0.000936,5.6e-05
0,0.132122,0.092517,0.157538,0.080916,0.121623,0.076637,0.002306,0.001615
0,0.078631,0.011916,-0.024472,-0.075004,-0.026522,-0.113899,0.001372,0.000208
0,0.080875,0.047604,-0.011451,0.059829,-0.007512,0.073594,0.001412,0.000831
0,0.094573,-0.103189,0.035399,-0.150141,0.058928,-0.145373,0.001651,0.001801
0,0.06333,0.121372,-0.005403,0.238104,0.017794,0.257394,0.001105,0.002118
0,0.156232,-0.004484,0.088006,-0.125647,0.061803,-0.16683,0.002727,7.8e-05
0,0.111299,0.11581,-0.02891,0.094069,-0.014974,0.138566,0.001943,0.002021
0,0.15355,0.119951,0.070452,0.032273,0.062562,-0.012682,0.00268,0.002094
0,0.186548,0.042881,0.015819,-0.077194,0.002789,-0.067413,0.003256,0.000748
0,0.001432,0.106389,-0.185071,0.06796,-0.192046,0.034997,2.5e-05,0.001857
0,-0.087398,-0.137968,-0.064212,-0.273485,-0.042718,-0.225898,0.001525,0.002408
0,0.112494,0.006549,0.215873,0.122352,0.237224,0.129719,0.001963,0.000114
0,-0.124826,-0.137667,-0.239491,-0.160053,-0.191653,-0.209289,0.002179,0.002403
0,0.121788,-0.116861,0.271559,0.039313,0.231139,0.06665,0.002126,0.00204
0,0.008674,-0.167235,-0.087419,-0.061439,-0.081206,-0.078017,0.000151,0.002919
0,-0.133501,0.006812,-0.117659,0.172382,-0.088768,0.149569,0.00233,0.000119
0,-0.031938,0.12152,0.117216,0.141133,0.112669,0.179252,0.000557,0.002121
0,-0.011559,-0.073043,0.021418,-0.184047,0.044683,-0.155838,0.000202,0.001275
0,0.113685,0.065324,0.112523,0.131417,0.111245,0.141201,0.001984,0.00114
0,0.065707,-0.068122,-0.025413,-0.140357,-0.061608,-0.179813,0.001147,0.001189
0,-0.070031,-0.012414,-0.158632,0.054913,-0.163167,0.034983,0.001222,0.000217
0,0.010474,-0.131344,0.084491,-0.120371,0.0483,-0.127726,0.000183,0.002292
0,-0.038123,-0.008129,-0.054418,0.097385,-0.10101,0.063719,0.000665,0.000142
0,-0.525666,-0.045881,-0.468797,-0.036776,-0.453323,-0.005184,0.002484,0.000801
0,-1.470458,-0.332816,-0.915149,-0.308161,-0.896349,-0.311939,0.001099,0.000882
0,-1.590899,-0.297734,-0.122368,0.015784,-0.107858,0.034806,0.001003,0.001494
0,-1.582744,-0.351867,-0.020341,-0.079239,-0.052051,-0.077284,0.000861,0.00055
0,-1.296304,-0.286768,0.280705,0.041202,0.304226,0.016936,0.002552,0.001686
0,-1.472474,-0.197116,-0.155904,0.082128,-0.134069,0.117404,0.001064,0.00325
0,-1.094154,-0.046096,0.38945,0.165003,0.424233,0.213427,0.000976,0.000805
0,-0.828941,0.107469,0.255961,0.125214,0.219274,0.075672,0.001086,0.001876
0,-0.66371,0.117557,0.148767,-0.015302,0.167638,-0.024733,0.001798,0.002052
0,-0.529457,0.164727,0.141938,0.050817,0.155113,0.020919,0.00255,0.002875
0,-0.137608,0.222563,0.415737,0.065514,0.427221,0.088716,0.002402,0.002806
0,-0.18998,0.020994,-0.063819,-0.18461,-0.089116,-0.193634,0.003316,0.000366
0,0.013691,0.136359,0.218857,0.091288,0.18639,0.055777,0.000239,0.00238
0,-0.119325,0.032806,-0.126233,-0.115145,-0.157309,-0.147711,0.002083,0.000573
0,0.024983,0.138034,0.1167,0.119028,0.166244,0.076437,0.000436,0.002409
0,-0.047075,-0.117653,-0.053451,-0.271758,-0.088563,-0.241659,0.000822,0.002053
0,-0.152583,-0.017317,-0.102421,0.074377,-0.109868,0.111901,0.002663,0.000302
0,0.092357,-0.11851,0.268741,-0.116379,0.296807,-0.077101,0.001612,0.002068
0,-0.071147,-0.037003,-0.181084,0.068336,-0.190686,0.049712,0.001242,0.000646
0,0.133996,-0.107835,0.221671,-0.079923,0.238921,-0.065877,0.002339,0.001882
0,0.129165,0.120609,-0.006094,0.233698,-0.043532,0.223317,0.002254,0.002105
0,0.134013,-0.016649,0.02678,-0.115159,0.041751,-0.161311,0.002339,0.000291
0,0.146379,-0.09439,0.028228,-0.049671,0.067415,-0.061347,0.002555,0.001647
0,0.108616,-0.135862,-0.010771,-0.056622,0.038081,-0.045515,0.001896,0.002371
0,0.081967,0.056978,0.001018,0.16506,0.00012,0.11949,0.001431,0.000994
0,-0.026176,-0.121472,-0.094767,-0.180712,-0.046131,-0.136421,0.000457,0.00212
0,0.038263,-0.114799,0.046312,0.027337,0.032356,0.065085,0.000668,0.002004
0,0.102191,0.065053,0.047865,0.187297,0.028269,0.204716,0.001784,0.001135
0,0.199027,0.039587,0.096504,-0.002242,0.132364,0.015577,0.003217,0.000691
0,0.107596,-0.073727,-0.117947,-0.124498,-0.082227,-0.097726,0.001878,0.001287
0,-0.057818,-0.118466,-0.19368,-0.047345,-0.163332,-0.032468,0.001009,0.002068
0,-0.068495,0.101872,-0.016742,0.225704,-0.022745,0.267323,0.001195,0.001778
0,-0.054361,-0.070085,0.017601,-0.159795,0.011246,-0.141375,0.000949,0.001223
0,-0.08494,-0.080806,-0.028073,-0.017331,-0.004251,-0.047793,0.001482,0.00141
0,0.16231,-0.034557,0.223893,0.072804,0.194158,0.076113,0.002833,0.000603
0,0.090918,0.02709,-0.043608,0.055125,-0.078357,0.033163,0.001587,0.000473
0,0.115471,-0.003491,0.023762,-0.059563,-0.019936,-0.049117,0.002015,6.1e-05
0,0.081722,-0.075096,-0.049193,-0.078486,-0.045665,-0.048086,0.001426,0.001311
0,0.116714,-0.009165,0.035776,0.05584,0.02354,0.05569,0.002037,0.00016
0,0.16049,-0.033641,0.034714,-0.023678,-0.010622,-0.015081,0.002801,0.000587
0,0.05102,0.134122,-0.123105,0.189434,-0.147635,0.202824,0.00089,0.002341
0,0.007923,-0.006178,-0.02206,-0.161731,0.00124,-0.146347,0.000138,0.000108
0,0.052498,0.078944,0.034321,0.096213,0.0749,0.110013,0.000916,0.001378
0,0.095484,0.055439,0.030239,-0.024908,-0.008777,0.017639,0.001667,0.000968
0,-0.007301,-0.065143,-0.12193,-0.097489,-0.13406,-0.105473,0.000127,0.001137
0,-0.044393,0.048322,-0.014087,0.11609,0.000178,0.146006,0.000775,0.000843
0,0.142118,-0.042839,0.157594,-0.107143,0.135683,-0.099639,0.00248,0.000748
0,0.04881,0.091714,-0.111304,0.157029,-0.098213,0.152573,0.000852,0.001601
0,0.119232,-0.06466,0.093756,-0.139584,0.096545,-0.132998,0.002081,0.001129
0,0.122672,-0.105228,-0.006982,-0.030459,-0.033465,-0.074506,0.002141,0.001837
0,0.143514,-0.030021,0.013276,0.08049,-0.006124,0.042187,0.002505,0.000524
0,0.112544,0.037167,-0.010273,0.044065,-0.040772,0.035983,0.001964,0.000649
0,0.19559,0.145539,0.091832,0.08637,0.121424,0.105185,0.003277,0.00254
0,0.048022,0.101083,-0.11883,-0.025602,-0.140736,-0.050887,0.000838,0.001764
0,0.132395,0.026775,0.081054,-0.070776,0.102643,-0.066117,0.002311,0.000467
0,0.000196,0.052081,-0.145334,0.006669,-0.145454,0.016327,3e-06,0.000909
0,-0.026754,-0.015947,-0.055512,-0.047971,-0.017743,-0.018734,0.000467,0.000278
0,0.029734,-0.096408,0.041428,-0.061528,0.025262,-0.09028,0.000519,0.001683
0,0.109099,-0.046736,0.062231,0.045749,0.047219,0.094337,0.001904,0.000816
0,0.173949,-0.068315,0.074785,0.005261,0.11162,-0.038545,0.003036,0.001192
0,0.096704,-0.116761,-0.060462,-0.04675,-0.037714,-0.058424,0.001688,0.002038
0,0.146935,-0.042765,0.073295,0.07705,0.052696,0.094336,0.002564,0.000746
0,-0.01406,-0.04617,-0.155632,-0.013144,-0.186246,0.005628,0.000245,0.000806
0,0.062437,-0.041005,0.061791,-0.023218,0.098618,-0.006063,0.00109,0.000716
0,0.004581,0.082225,-0.075659,0.134451,-0.043586,0.130623,8e-05,0.001435
0,-0.13177,-0.052792,-0.115063,-0.140813,-0.075507,-0.184262,0.0023,0.000921
0,-0.056454,0.036748,0.069585,0.083227,0.067618,0.03736,0.000985,0.000641
0,0.097193,0.192836,0.181753,0.156389,0.226182,0.117032,0.001696,0.003325
0,0.120399,-0.091783,0.04619,-0.258384,0.051069,-0.306154,0.002101,0.001602
0,0.044379,0.051538,-0.080738,0.151906,-0.130669,0.156731,0.000775,0.0009
0,0.114705,-0.051956,0.056413,-0.089888,0.03367,-0.075076,0.002002,0.000907
0,0.068818,-0.04948,-0.048218,0.029348,-0.011783,0.067485,0.001201,0.000864
0,0.157247,0.029561,0.109243,0.101427,0.118578,0.142582,0.002744,0.000516
0,0.153269,0.169454,0.024276,0.112491,0.055295,0.105728,0.002675,0.002958
0,0.067191,0.069299,-0.112764,-0.12567,-0.11643,-0.170695,0.001173,0.001209
0,0.006077,-0.07176,-0.038465,-0.148803,0.009165,-0.16094,0.000106,0.001252
0,0.124916,0.027022,0.102068,0.071074,0.097651,0.107838,0.00218,0.000472
0,0.08645,-0.033109,-0.041389,-0.078906,-0.079628,-0.114844,0.001509,0.000578
0,0.093054,-0.007428,-0.001912,0.048455,0.047104,0.059948,0.001624,0.00013
0,0.110483,0.13701,0.002013,0.153951,0.009799,0.183627,0.001928,0.002391
0,0.053654,-0.076036,-0.065504,-0.201852,-0.051193,-0.172708,0.000936,0.001327
0,0.140442,-0.121986,0.113341,-0.040438,0.110932,-0.020351,0.002451,0.002129
0,-0.007656,0.140475,-0.177859,0.273882,-0.175431,0.263583,0.000134,0.002452
0,0.028961,0.013023,0.04128,-0.105187,0.012969,-0.070895,0.000505,0.000227
0,-0.055058,0.031788,-0.056319,0.026344,-0.099254,-0.013378,0.000961,0.000555
0,-0.077075,0.090158,-0.014433,0.03505,-0.013373,0.016085,0.001345,0.001574
0,0.102277,0.05723,0.193038,-0.031975,0.189399,-0.009575,0.001785,0.000999
0,-0.027017,0.021264,-0.123015,-0.061671,-0.167937,-0.060673,0.000472,0.000371
0,-0.180282,0.146757,-0.179141,0.120891,-0.221699,0.078993,0.003147,0.002561
0,0.086356,-0.0216,0.261113,-0.16949,0.23863,-0.16079,0.001507,0.000377
0,0.122372,0.162579,0.065771,0.179889,0.063311,0.224742,0.002136,0.002838
0,0.124947,0.049169,-0.018035,-0.117111,0.003256,-0.155929,0.002181,0.000858
0,0.113425,0.112382,0.010094,0.078206,0.045396,0.119701,0.00198,0.001961
0,0.124715,0.084841,0.037074,-0.032759,0.002415,-0.021357,0.002177,0.001481
0,0.20113,-0.029398,0.087472,-0.126096,0.041438,-0.093188,0.00318,0.000513
0,0.167,0.155335,-0.022656,0.179182,0.0063,0.189695,0.002915,0.002711
0,-0.036175,0.085041,-0.203069,-0.070487,-0.202918,-0.086824,0.000631,0.001484
0,0.047959,0.166861,0.105475,0.110243,0.147554,0.06463,0.000837,0.002912
0,0.03967,0.183906,0.007445,-0.003063,-0.007326,-0.019143,0.000692,0.00321
0,0.086156,-0.067558,0.028231,-0.22696,-0.015075,-0.249196,0.001504,0.001179
0,0.003045,-0.102149,-0.104185,-0.05346,-0.05528,-0.043669,5.3e-05,0.001783
0,-0.030766,0.013636,-0.024758,0.089003,-0.029042,0.126122,0.000537,0.000238
0,-0.057684,-0.038048,-0.05478,-0.041932,-0.02699,-0.032514,0.001007,0.000664
0,-0.139029,0.096786,-0.057319,0.146989,-0.051175,0.110562,0.002427,0.001689
0,-0.203754,-0.006051,-0.046593,-0.098173,-0.042742,-0.118202,0.003135,0.000106
0,-0.132027,0.078331,0.082064,0.065425,0.112007,0.098159,0.002304,0.001367
0,-0.080259,-0.087372,0.028505,-0.135922,0.018554,-0.086672,0.001401,0.001525
0,-0.134153,0.037441,-0.039358,0.133632,-0.067181,0.130236,0.002341,0.000653
0,-0.16206,-0.096067,-0.012476,-0.157369,-0.02174,-0.10988,0.002828,0.001677
0,-0.067292,-0.149179,0.094807,-0.071716,0.087858,-0.102071,0.001174,0.002604
0,-0.117897,-0.087645,-0.074024,0.032251,-0.10542,0.028017,0.002058,0.00153
0,0.06908,-0.065552,0.186631,0.008724,0.163592,0.010966,0.001206,0.001144
0,-0.007696,0.025059,-0.093278,0.101052,-0.137013,0.107552,0.000134,0.000437
0,0.00965,-0.139538,-0.011469,-0.144399,-0.027049,-0.140378,0.000168,0.002435
0,0.116451,0.053196,0.129927,0.173742,0.106936,0.130497,0.002032,0.000928
0,-0.077981,-0.031797,-0.198696,-0.111814,-0.176055,-0.109276,0.001361,0.000555
0,0.101447,0.083967,0.171167,0.093874,0.184439,0.080447,0.001771,0.001466
0,-0.05256,0.025579,-0.170258,-0.077494,-0.203669,-0.11879,0.000917,0.000446
0,0.030905,-0.085895,0.088608,-0.109814,0.102981,-0.14213,0.000539,0.001499
0,-0.042432,0.028131,-0.093076,0.085616,-0.117689,0.076023,0.000741,0.000491
0,0.001874,0.002218,0.022967,-0.005922,-0.022379,0.020345,3.3e-05,3.9e-05
0,-0.061865,0.074601,-0.045535,0.074757,-0.011975,0.061783,0.00108,0.001302
0,0.08827,-0.183818,0.154227,-0.275018,0.128822,-0.23933,0.001541,0.003208
0,0.202194,0.019422,0.141671,0.217443,0.113773,0.199692,0.003162,0.000339
0,0.088835,-0.011803,-0.085225,-0.034738,-0.061897,-0.040184,0.00155,0.000206
0,0.204951,-0.016092,0.087,0.018713,0.055551,0.011584,0.003114,0.000281
0,0.218196,-0.148814,0.005639,-0.131587,-0.03987,-0.14471,0.002883,0.002597
0,0.072163,0.038531,-0.168273,0.16716,-0.154101,0.171088,0.001259,0.000672
0,0.186385,0.01547,0.118281,-0.046367,0.086697,-0.021447,0.003253,0.00027
0,0.245924,0.0079,0.066512,-0.007295,0.109778,-0.020144,0.002399,0.000138
0,0.082131,0.11337,-0.191219,0.093576,-0.168968,0.053295,0.001433,0.001979
0,0.033524,-0.005414,-0.027149,-0.144997,0.01366,-0.123097,0.000585,9.4e-05
0,-0.054766,0.043918,-0.10555,0.070898,-0.076033,0.046557,0.000956,0.000767
0,0.074414,0.10326,0.152585,0.085583,0.126727,0.043025,0.001299,0.001802
0,0.173034,0.000669,0.113399,-0.087301,0.142855,-0.076167,0.00302,1.2e-05
0,0.167114,-0.061292,-0.034951,-0.047601,0.014675,-0.038103,0.002917,0.00107
0,0.248219,0.098262,0.099621,0.155445,0.106217,0.204304,0.002359,0.001715
0,0.234514,0.016638,-0.029618,-0.109144,0.009868,-0.142852,0.002598,0.00029
0,0.198262,0.142783,-0.006839,0.127354,-0.050382,0.124397,0.00323,0.002492
0,0.162818,-0.081919,-0.062696,-0.240025,-0.066796,-0.234086,0.002842,0.00143
0,0.040702,0.06195,-0.113081,0.141914,-0.132076,0.102999,0.00071,0.001081
0,-0.115385,0.098368,-0.152284,0.015648,-0.165734,0.000706,0.002014,0.001717
0,0.061498,0.116286,0.195487,0.00463,0.242872,-0.037695,0.001073,0.00203
0,0.076388,0.157371,0.010737,0.042391,0.02061,0.031908,0.001333,0.002747
0,0.070985,-0.057854,0.011675,-0.239341,0.003212,-0.19508,0.001239,0.00101
0,0.053682,0.197263,-0.009039,0.2273,0.0296,0.256256,0.000937,0.003248
0,-0.008327,0.150147,-0.032923,-0.058989,-0.078814,-0.090064,0.000145,0.002621
0,0.072386,0.01426,0.086367,-0.161921,0.089643,-0.115109,0.001263,0.000249
0,0.05988,-0.024927,-0.003986,-0.046671,0.014725,-0.040681,0.001045,0.000435
0,0.102943,0.107786,0.058482,0.116379,0.03976,0.093931,0.001797,0.001881
0,0.077837,0.012689,-0.018961,-0.117931,-0.02129,-0.161622,0.001359,0.000221
0,0.058348,-0.039306,-0.043578,-0.071515,-0.052032,-0.081224,0.001018,0.000686
0,-0.048846,-0.044707,-0.131635,-0.017085,-0.098098,-0.035377,0.000853,0.00078
0,-0.028793,0.090836,0.046077,0.160003,0.032585,0.193893,0.000503,0.001585
0,-0.147784,0.124071,-0.133956,0.017962,-0.104918,0.057846,0.002579,0.002165
0,-0.01426,0.093057,0.131705,-0.004284,0.17461,0.001424,0.000249,0.001624
0,0.053062,0.127816,0.058233,0.011896,0.033188,0.046869,0.000926,0.002231
0,-0.033708,-0.038584,-0.06524,-0.150746,-0.079964,-0.187715,0.000588,0.000673
0,0.101624,0.035803,0.125092,0.086011,0.144759,0.05791,0.001774,0.000625
0,0.055243,0.166372,-0.02876,0.15043,-0.02409,0.131584,0.000964,0.002904
0,-0.061019,0.00677,-0.120969,-0.185359,-0.09188,-0.141999,0.001065,0.000118
0,0.032717,0.049708,0.118038,0.06685,0.077411,0.095987,0.000571,0.000868
0,0.064413,0.054086,0.002303,-0.014202,0.040589,0.03396,0.001124,0.000944
0,0.075901,0.071266,0.003452,0.02711,-0.010208,0.066668,0.001325,0.001244
0,-0.037799,-0.032695,-0.116514,-0.106999,-0.11104,-0.128423,0.00066,0.000571
0,-0.115227,0.045202,-0.087769,0.097401,-0.046551,0.061228,0.002011,0.000789
0,-0.140658,0.115794,-0.045565,0.070964,-0.056078,0.076828,0.002455,0.002021
0,0.169694,0.122905,0.294835,0.026295,0.341555,0.038078,0.002962,0.002145
0,0.03594,0.100878,-0.10786,-0.009795,-0.112648,-0.04163,0.000627,0.001761
0,-0.088607,-0.08804,-0.12451,-0.185107,-0.102496,-0.221687,0.001546,0.001537
0,0.009941,-0.148175,0.118762,-0.058259,0.076758,-0.077027,0.000174,0.002586
0,-0.098375,-0.095391,-0.079967,0.076534,-0.054422,0.086412,0.001717,0.001665
0,0.152484,-0.156021,0.239262,-0.08845,0.282278,-0.083187,0.002661,0.002723
0,-0.043715,-0.138728,-0.181024,0.031519,-0.14579,0.074208,0.000763,0.002421
0,0.018256,-0.084928,0.077111,0.082611,0.071758,0.083959,0.000319,0.001482
0,-0.114701,-0.192163,-0.12243,-0.109965,-0.086655,-0.080354,0.002002,0.003337
0,0.095754,-0.097401,0.190903,0.103365,0.211559,0.087485,0.001671,0.0017
0,0.100615,-0.168483,0.016159,-0.08126,0.059321,-0.105848,0.001756,0.002941
0,0.124023,0.098144,0.033328,0.257783,-0.010173,0.274797,0.002165,0.001713
0,-0.047943,-0.102407,-0.181113,-0.172105,-0.156861,-0.154556,0.000837,0.001787
0,0.193839,-0.03346,0.217999,0.081438,0.186488,0.062236,0.003308,0.000584
0,0.201323,0.069157,-0.000783,0.075308,-0.03317,0.088161,0.003177,0.001207
0,0.072867,-0.076914,-0.12822,-0.13524,-0.086399,-0.16273,0.001272,0.001342
0,0.0496,0.086129,-0.043017,0.143288,-0.031246,0.189965,0.000866,0.001503
0,0.024246,-0.195979,-0.049477,-0.283556,-0.059023,-0.264261,0.000423,0.00327
0,-0.004504,-0.155904,-0.025251,0.037465,0.007423,0.036905,7.9e-05,0.002721
0,0.021628,-0.146671,0.015339,0.02516,-0.032443,0.070302,0.000377,0.00256
0,0.130831,-0.202583,0.137044,-0.061565,0.173219,-0.054713,0.002283,0.003155
0,0.151253,-0.196789,0.023549,0.007584,0.005737,0.035927,0.00264,0.003256
0,0.003597,-0.191476,-0.147083,0.002949,-0.160364,-0.010005,6.3e-05,0.003342
0,0.080943,-0.083641,0.106952,0.128828,0.108093,0.137557,0.001413,0.00146
0,-0.053161,-0.013159,-0.104271,0.07168,-0.054485,0.080817,0.000928,0.00023
0,-0.091253,-0.013603,-0.017157,-0.025746,0.014291,-0.00455,0.001593,0.000237
0,-0.033178,-0.090736,0.058492,-0.059222,0.025321,-0.050727,0.000579,0.001584
0,0.030005,0.022959,0.049535,0.094833,0.035269,0.142634,0.000524,0.000401
0,-0.083648,0.076139,-0.136648,0.048618,-0.148273,0.018107,0.00146,0.001329
0,0.105402,0.087929,0.164244,-0.00508,0.164055,-0.024172,0.00184,0.001535
0,0.091141,-0.140175,0.003946,-0.217568,0.042231,-0.16857,0.001591,0.002447
0,0.021852,0.108363,-0.079079,0.252895,-0.067231,0.227059,0.000381,0.001891
0,0.140754,0.005035,0.109748,-0.125416,0.107239,-0.103998,0.002457,8.8e-05
0,-0.082892,0.115139,-0.203658,0.109873,-0.249175,0.085134,0.001447,0.00201
0,-2.132534,0.847318,-2.039478,0.739335,-2.038577,0.711578,0.002925,0.001407
0,-6.154016,1.542286,-3.998124,0.724728,-4.006939,0.688655,0.000355,0.000155
0,-5.480819,1.657587,0.682336,0.125816,0.657936,0.142518,0.001987,0.002167
0,-5.4887,1.15439,-0.024025,-0.485348,-0.009321,-0.534548,0.002124,7.5e-05
0,-4.580627,1.073681,0.911449,-0.080188,0.890882,-0.11517,0.000343,0.001333
0,-3.573102,0.857934,1.025723,-0.197862,0.987885,-0.218501,0.002145,0.001592
0,-2.8734,0.681109,0.689711,-0.179753,0.700889,-0.225971,0.003315,0.001494
0,-1.839471,0.307603,1.015724,-0.376616,1.063594,-0.350706,0.001349,0.001322
0,-0.926378,0.242188,0.938762,-0.093366,0.937029,-0.063647,0.002787,0.002464
0,-0.492884,-0.068754,0.435887,-0.309412,0.430176,-0.283681,0.001912,0.0012
0,0.030887,-0.271359,0.533337,-0.185636,0.580884,-0.145956,0.000539,0.001955
0,0.13623,-0.190602,0.121209,0.083776,0.106873,0.058125,0.002378,0.003327
0,0.278091,-0.211575,0.135618,-0.005696,0.102487,0.010382,0.001837,0.002998
0,0.326037,-0.087757,0.018127,0.09504,0.004353,0.049287,0.001,0.001532
0,0.376451,0.024813,0.024003,0.113443,0.035266,0.135313,0.000121,0.000433
0,0.246858,-0.157897,-0.111188,-0.187545,-0.144739,-0.180576,0.002382,0.002756
0,0.275385,-0.053036,0.035359,0.120573,0.033711,0.123215,0.001884,0.000926
0,0.219024,0.04606,-0.081443,0.079257,-0.045457,0.116557,0.002868,0.000804
0,-0.003564,-0.145069,-0.240212,-0.213454,-0.28074,-0.224313,6.2e-05,0.002532
0,-0.045902,-0.00321,-0.04611,0.128527,-0.050378,0.148229,0.000801,5.6e-05
0,0.16775,-0.197477,0.23166,-0.184459,0.19007,-0.187761,0.002928,0.003244
0,0.067605,-0.06209,-0.092046,0.128663,-0.119261,0.08017,0.00118,0.001084
0,-0.115685,0.006604,-0.206885,0.089333,-0.252758,0.114841,0.002019,0.000115
0,-0.087208,0.135578,0.009716,0.12843,0.051348,0.126422,0.001522,0.002366
0,-0.151382,-0.058183,-0.04235,-0.192357,-0.062619,-0.162399,0.002642,0.001015
0,0.008935,0.07254,0.181655,0.145119,0.147793,0.140412,0.000156,0.001266
0,0.034289,-0.097021,0.05458,-0.173799,0.044142,-0.158857,0.000598,0.001693
0,-0.038849,0.111956,-0.070599,0.205709,-0.06202,0.157455,0.000678,0.001954
0,0.206831,0.033745,0.249069,-0.093317,0.268621,-0.051001,0.003081,0.000589
0,0.097576,0.037009,-0.106466,0.014052,-0.122782,0.063504,0.001703,0.000646
0,0.113524,0.096803,0.036585,0.054148,0.075634,0.053271,0.001981,0.00169
0,0.047843,0.106724,-0.056969,0.024685,-0.043525,-0.017777,0.000835,0.001863
0,0.171327,0.080791,0.118934,-0.041388,0.08368,-0.062442,0.00299,0.00141
0,0.024844,0.141238,-0.117849,0.043505,-0.143886,0.080123,0.000434,0.002465
0,0.072914,-0.155425,0.050976,-0.309923,0.055912,-0.303688,0.001273,0.002713
0,0.084559,-0.13667,0.030573,0.019422,0.02641,-0.023513,0.001476,0.002385
0,-0.04232,-0.020517,-0.12342,0.108094,-0.081149,0.11478,0.000739,0.000358
0,-0.12296,0.080744,-0.069725,0.108088,-0.11805,0.103828,0.002146,0.001409
0,0.006076,0.085903,0.112779,-0.003991,0.14284,-0.040631,0.000106,0.001499
0,0.047047,0.149583,0.061453,0.037785,0.070204,0.049021,0.000821,0.002611
0,-0.023018,0.052109,-0.097655,-0.120412,-0.105211,-0.136564,0.000402,0.000909
0,0.158449,0.051036,0.178624,-0.005792,0.218449,-0.054638,0.002765,0.000891
0,0.010066,-0.145753,-0.132571,-0.178944,-0.093394,-0.162706,0.000176,0.002544
0,0.054593,0.11199,0.065309,0.232078,0.067953,0.248634,0.000953,0.001955
0,0.142222,-0.142181,0.109628,-0.238588,0.059651,-0.27827,0.002482,0.002482
0,0.076304,-0.015999,-0.073532,0.117196,-0.069125,0.10419,0.001332,0.000279
0,0.161811,0.128812,0.096936,0.154301,0.082449,0.10658,0.002824,0.002248
0,0.18953,0.016424,0.056828,-0.131843,0.03086,-0.124912,0.003308,0.000287
0,0.252186,-0.053156,0.041175,-0.074992,0.037402,-0.055001,0.002289,0.000928
0,0.068142,-0.150829,-0.170007,-0.090198,-0.147396,-0.128726,0.001189,0.002632
0,0.212537,-0.149841,0.164241,0.020169,0.146978,0.017154,0.002981,0.002615
0,0.000965,0.029137,-0.20863,0.195847,-0.247434,0.165868,1.7e-05,0.000509
0,0.250805,0.060937,0.221936,0.052349,0.243076,0.077228,0.002313,0.001064
0,0.217132,-0.013511,-0.021798,-0.047723,0.019962,-0.019559,0.002901,0.000236
0,0.162419,-0.001234,-0.030739,0.023106,0.015097,0.039996,0.002835,2.2e-05
0,0.251005,-0.048967,0.065164,-0.062265,0.025727,-0.107821,0.00231,0.000855
0,0.307565,0.009156,0.066104,0.079221,0.076231,0.092845,0.001323,0.00016
0,0.295207,-0.106806,-0.041049,-0.138931,-0.082846,-0.154362,0.001538,0.001864
0,0.133498,-0.187946,-0.183123,-0.090777,-0.204609,-0.115543,0.00233,0.00328
0,0.27034,-0.188587,0.13514,0.006514,0.091013,-0.028031,0.001972,0.003291
0,0.142384,-0.204697,-0.114484,-0.005633,-0.161063,-0.009587,0.002485,0.003118
0,0.305772,-0.090459,0.157737,0.112354,0.204968,0.115875,0.001354,0.001579
0,0.311929,0.069601,0.006345,0.171519,0.044492,0.143019,0.001247,0.001215
0,0.314083,-0.106147,-0.005083,-0.188067,0.029299,-0.231615,0.001209,0.001853
0,0.236218,-0.150665,-0.070567,-0.023498,-0.119134,-0.013651,0.002568,0.00263
0,0.105158,0.016022,-0.102722,0.163701,-0.09576,0.147411,0.001835,0.00028
0,-0.042904,-0.119265,-0.136243,-0.132493,-0.137442,-0.169105,0.000749,0.002082
0,0.178212,-0.091206,0.223185,0.01638,0.175591,0.027785,0.00311,0.001592
0,0.233265,-0.019514,0.071449,0.082065,0.049472,0.118149,0.00262,0.000341
0,0.215254,-0.118899,0.008067,-0.127973,0.056825,-0.154097,0.002934,0.002075
0,0.129634,-0.058658,-0.089986,0.064534,-0.104199,0.055106,0.002263,0.001024
0,0.194144,0.021567,0.079238,0.08757,0.106118,0.09673,0.003302,0.000376
0,0.22901,-0.175284,0.036942,-0.19632,0.059322,-0.172739,0.002694,0.003059
0,0.71486,1.099225,0.50674,1.276441,0.498972,1.27202,0.000905,0.000887
0,2.558027,1.611381,1.858728,0.494693,1.834793,0.527616,0.00219,0.001361
0,3.129571,2.270849,0.558158,0.648461,0.571714,0.6795,0.001095,0.000511
0,2.798504,1.928664,-0.356428,-0.320977,-0.366209,-0.313222,0.002007,0.000207
0,2.02699,1.374579,-0.76789,-0.576089,-0.766284,-0.574953,0.001924,0.002772
0,1.980787,1.318471,-0.028813,-0.041021,-0.064501,0.008893,0.001117,0.002939
0,1.506181,1.13527,-0.471198,-0.20844,-0.505266,-0.246199,0.000475,0.000258
0,0.904576,0.747661,-0.572094,-0.388232,-0.588663,-0.407058,0.002406,0.000332
0,0.850336,0.562837,-0.061398,-0.203583,-0.028275,-0.217852,0.00146,0.003133
0,0.415664,0.486701,-0.432478,-0.04929,-0.399053,-0.064665,0.000564,0.001804
0,0.062969,7.9e-05,-0.340507,-0.48564,-0.301218,-0.519,0.001099,1e-06
0,-0.139288,0.13735,-0.175867,0.138427,-0.202167,0.123725,0.002431,0.002397
0,-0.195274,0.028415,-0.060592,-0.138575,-0.040517,-0.106407,0.003283,0.000496
0,-0.037491,0.054969,0.186586,0.012832,0.178045,-0.017315,0.000654,0.000959
0,-0.131993,-0.076666,-0.073515,-0.106989,-0.062036,-0.118582,0.002304,0.001338
0,-0.180944,-0.085238,-0.052536,0.009056,-0.027389,-0.018841,0.003158,0.001488
0,-0.145451,-0.056636,0.040856,0.016988,0.045273,-0.02343,0.002539,0.000988
0,-0.059786,-0.17058,0.088936,-0.124128,0.116954,-0.074938,0.001043,0.002977
0,-0.090192,-0.070036,-0.048283,0.084949,-0.052407,0.058255,0.001574,0.001222
0,-0.136569,-0.147231,-0.071232,-0.096807,-0.088989,-0.097341,0.002384,0.00257
0,-0.016124,-0.043743,0.1451,0.108705,0.191364,0.122804,0.000281,0.000763
0,-0.014633,-0.131645,0.007844,-0.103495,0.008836,-0.077528,0.000255,0.002298
0,0.060358,0.043652,0.071776,0.185955,0.045935,0.197708,0.001053,0.000762
0,-0.198846,-0.009965,-0.280983,-0.024297,-0.263951,0.016088,0.00322,0.000174
0,-0.206675,-0.051291,-0.01738,-0.044584,0.022804,-0.05425,0.003084,0.000895
0,-0.130312,0.027966,0.050617,0.100919,0.093688,0.085279,0.002274,0.000488
0,0.079572,-0.059618,0.196161,-0.061787,0.204271,-0.101343,0.001389,0.001041
0,-0.102293,-0.092304,-0.169413,-0.024566,-0.146384,-0.02504,0.001785,0.001611
0,-0.1468,-0.165113,-0.029852,-0.074014,0.005706,-0.083525,0.002562,0.002882
0,-0.099233,-0.085825,0.037383,0.108647,0.062395,0.132438,0.001732,0.001498
0,-0.043542,-0.098625,0.034078,-0.007771,0.017241,-0.01746,0.00076,0.001721
0,-0.054942,-0.192107,-0.004134,-0.098387,-0.001507,-0.066441,0.000959,0.003338
0,-0.013584,-0.121369,0.056085,0.075347,0.010086,0.041407,0.000237,0.002118
0,-0.120774,-0.06485,-0.08171,0.053825,-0.09479,0.013846,0.002108,0.001132
0,-0.096792,-0.132819,0.05254,-0.079581,0.036512,-0.123997,0.001689,0.002318
0,0.071318,0.063659,0.148123,0.217804,0.154956,0.219476,0.001245,0.001111
0,-0.218259,0.059177,-0.303918,0.001441,-0.304237,-0.036351,0.002881,0.001033
0,-0.052827,0.045695,0.185001,-0.040731,0.145333,-0.036986,0.000922,0.000798
0,-0.266867,-0.066092,-0.203324,-0.091133,-0.16386,-0.041966,0.002033,0.001154
0,-0.000897,0.087865,0.266219,0.129225,0.275233,0.138122,1.6e-05,0.001534
0,-0.263381,-0.041691,-0.272727,-0.150418,-0.251202,-0.170298,0.002094,0.000728
0,-0.077576,0.077588,0.174579,0.099519,0.131872,0.06366,0.001354,0.001354
0,-0.117062,0.074845,-0.058768,0.012258,-0.070921,-0.022462,0.002043,0.001306
0,0.003069,0.007906,0.137926,-0.061359,0.149887,-0.092877,5.4e-05,0.000138
0,-0.15803,0.077321,-0.136113,0.072215,-0.156361,0.078955,0.002758,0.00135
0,0.002126,-0.13732,0.148672,-0.202668,0.125383,-0.223257,3.7e-05,0.002397
0,-0.029472,-0.142112,-0.002826,-0.001241,-0.022274,-0.029293,0.000514,0.00248
0,-0.109497,0.052967,-0.071617,0.207346,-0.026117,0.16864,0.001911,0.000924
0,-0.097687,-0.033021,-0.00651,-0.059161,0.039812,-0.022327,0.001705,0.000576
0,0.091259,-0.176624,0.173311,-0.113917,0.151791,-0.125884,0.001593,0.003083
0,-0.17542,0.093866,-0.288688,0.276512,-0.296266,0.241817,0.003062,0.001638
0,0.041448,-0.030797,0.224804,-0.130392,0.254997,-0.12368,0.000723,0.000538
0,-0.211161,0.013752,-0.261311,0.048767,-0.247982,0.021497,0.003005,0.00024
0,-0.108969,-0.032199,0.09824,-0.039249,0.126102,-0.068794,0.001902,0.000562
0,-0.058864,0.087488,0.056131,0.091486,0.038348,0.127451,0.001027,0.001527
0,-0.024461,-0.058231,0.016257,-0.123378,-0.027576,-0.144639,0.000427,0.001016
0,-0.021532,0.029568,0.008058,0.092193,0.019014,0.137472,0.000376,0.000516
0,0.0062,-0.09869,0.04435,-0.100529,0.065347,-0.149937,0.000108,0.001722
0,0.030687,-0.077741,0.004585,0.014974,0.038226,0.059033,0.000536,0.001357
0,-0.213699,-0.128117,-0.214608,-0.030121,-0.205762,-0.014984,0.002961,0.002236
0,0.024985,-0.015485,0.217466,0.114521,0.243177,0.103845,0.000436,0.00027
0,-0.081746,-0.026308,-0.092445,0.016693,-0.093125,0.059511,0.001427,0.000459
0,-0.060268,-0.041568,0.013729,-0.024706,0.008997,-0.05147,0.001052,0.000726
0,-0.180288,-0.082988,-0.147383,-0.03597,-0.165493,-0.008701,0.003147,0.001448
0,0.072555,-0.035154,0.242503,0.023222,0.264405,0.003261,0.001266,0.000614
0,-0.182842,-0.045419,-0.247218,0.016403,-0.255096,0.001763,0.003191,0.000793
0,0.016769,-0.131281,0.22106,-0.068981,0.208532,-0.047818,0.000293,0.002291
0,-0.068993,-0.064655,-0.063646,0.061629,-0.055121,0.093108,0.001204,0.001128
0,0.012441,-0.09989,0.064213,-0.061694,0.095373,-0.018876,0.000217,0.001743
0,0.000623,-0.107533,-0.002028,-0.015465,-0.01949,-0.064516,1.1e-05,0.001877
0,-0.239791,-0.04582,-0.255286,0.044155,-0.255777,0.01564,0.002506,0.0008
0,-0.168369,0.029316,0.093599,0.055978,0.099868,0.086295,0.002939,0.000512
0,-0.123303,-0.102532,0.018552,-0.137701,0.002773,-0.107235,0.002152,0.00179
0,-0.248844,0.159911,-0.126018,0.273348,-0.156331,0.273573,0.002348,0.002791
0,0.005611,0.168247,0.282895,0.010582,0.258431,-0.017755,9.8e-05,0.002936
0,-0.135058,-0.062297,-0.160503,-0.242051,-0.192621,-0.285762,0.002357,0.001087
0,0.06099,0.161477,0.183162,0.199308,0.190999,0.236079,0.001064,0.002818
0,-0.123336,0.096231,-0.176513,-0.064117,-0.217072,-0.066882,0.002153,0.00168
0,-0.034227,0.189347,0.079648,0.085939,0.090867,0.069199,0.000597,0.003305
0,-0.109963,0.049558,-0.065982,-0.140415,-0.041641,-0.099885,0.001919,0.000865
0,-0.211793,0.009533,-0.131406,-0.022521,-0.132656,-0.069302,0.002994,0.000166
0,-0.184842,0.188149,0.009843,0.157098,0.058692,0.115353,0.003226,0.003284
0,-0.242898,0.134161,-0.047795,-0.040865,-0.036028,-0.036558,0.002451,0.002342
0,-0.085554,0.126418,0.165633,0.014759,0.162202,0.040653,0.001493,0.002206
0,-0.127576,0.127997,-0.047769,0.024801,-0.039299,-0.024009,0.002227,0.002234
0,-0.12343,-0.127238,-0.015724,-0.248816,-0.019417,-0.276256,0.002154,0.002221
0,-0.177347,-0.121063,-0.039742,0.029474,-0.04477,0.061384,0.003095,0.002113
0,-0.002385,0.105926,0.172786,0.24917,0.210545,0.232239,4.2e-05,0.001849
0,-0.058021,0.002404,-0.042215,-0.10371,-0.032755,-0.106945,0.001013,4.2e-05
0,0.133833,-0.093044,0.183449,-0.115731,0.185483,-0.148111,0.002336,0.001624
0,-0.053821,-0.038132,-0.195772,0.045982,-0.198864,0.037974,0.000939,0.000666
0,0.063286,-0.09688,0.097678,-0.041139,0.125827,-0.025872,0.001105,0.001691
0,0.047102,-0.136987,-0.020535,-0.019772,-0.062502,-0.006527,0.000822,0.002391
0,-0.020161,-0.068766,-0.077844,0.043452,-0.064128,0.033629,0.000352,0.0012
0,0.051281,0.003453,0.084218,0.068762,0.122705,0.070587,0.000895,6e-05
0,-0.115205,0.098255,-0.178541,0.108179,-0.183246,0.136,0.002011,0.001715
0,-0.102694,0.087808,0.00369,-0.034449,-0.018534,-0.003251,0.001792,0.001533
0,0.099891,0.029003,0.193759,-0.069131,0.177416,-0.080852,0.001743,0.000506
0,-0.150519,0.143387,-0.279346,0.087927,-0.294693,0.083718,0.002627,0.002503
0,-0.144075,-0.152082,0.022141,-0.293932,-0.02382,-0.2985,0.002515,0.002654
0,-0.158901,0.123296,-0.020426,0.270974,-0.062034,0.252304,0.002773,0.002152
0,-0.085362,0.065846,0.050489,-0.037883,0.060864,-0.076236,0.00149,0.001149
0,0.026264,0.024359,0.132292,-0.051544,0.092844,-0.073626,0.000458,0.000425
0,-0.137133,-0.082061,-0.166552,-0.09201,-0.196592,-0.125236,0.002393,0.001432
0,-0.104106,-0.001886,0.023895,0.065936,-0.013017,0.101227,0.001817,3.3e-05
0,0.079689,0.080157,0.206113,0.10491,0.217624,0.082788,0.001391,0.001399
0,-0.016017,-0.070433,-0.068092,-0.151266,-0.062736,-0.183532,0.00028,0.001229
0,-0.095769,-0.005902,-0.074485,0.040868,-0.085461,0.021293,0.001671,0.000103
0,0.085292,-0.050547,0.16251,-0.039229,0.116912,-0.015597,0.001489,0.000882
0,0.010458,-0.054021,-0.100254,0.019392,-0.096145,-0.014395,0.000183,0.000943
0,0.12776,0.060542,0.136911,0.136852,0.109893,0.154112,0.00223,0.001057
0,0.013857,-0.073008,-0.088082,-0.126653,-0.136189,-0.140976,0.000242,0.001274
0,0.045904,0.020425,0.025146,0.098926,0.024616,0.059221,0.000801,0.000356
0,0.162341,-0.121148,0.093388,-0.159369,0.102451,-0.12923,0.002833,0.002114
0,-0.045622,-0.124511,-0.18237,-0.016436,-0.166895,-0.00737,0.000796,0.002173
0,-0.050365,0.042971,0.013064,0.190074,0.048446,0.188952,0.000879,0.00075
0,0.052305,-0.158096,0.116371,-0.202278,0.126275,-0.245447,0.000913,0.002759
0,0.13175,0.056065,0.093094,0.229779,0.073649,0.219338,0.002299,0.000979
0,-0.037964,0.08526,-0.192922,0.01324,-0.232863,0.027425,0.000663,0.001488
0,0.122173,0.08646,0.134447,-0.003382,0.171998,-0.035183,0.002132,0.001509
0,0.151755,-0.098767,0.037074,-0.19764,-0.009527,-0.182364,0.002649,0.001724
0,0.250219,-0.044275,0.125941,0.027011,0.118438,0.058353,0.002324,0.000773
0,0.181805,-0.148958,-0.053455,-0.132916,-0.096702,-0.134181,0.003173,0.0026
0,0.246773,-0.127259,0.035191,0.004443,0.045073,0.031079,0.002384,0.002221
0,0.060156,-0.004442,-0.201753,0.108106,-0.162297,0.069155,0.00105,7.8e-05
0,0.18059,-0.048315,0.106112,-0.073358,0.139589,-0.065457,0.003152,0.000843
0,0.083997,0.033275,-0.110259,0.107234,-0.082078,0.121365,0.001466,0.000581
0,0.13506,-0.140431,0.023176,-0.188132,0.031618,-0.187294,0.002357,0.002451
0,0.096067,-0.257317,-0.009996,-0.133586,0.035749,-0.167083,0.001677,0.0022
0,0.005867,-0.133292,-0.085251,0.114977,-0.060598,0.134928,0.000102,0.002326
0,0.006191,-0.202232,-0.006783,-0.094128,0.036818,-0.050686,0.000108,0.003161
0,-0.045589,0.000214,-0.067133,0.173489,-0.087748,0.170209,0.000796,4e-06
0,0.051721,0.022651,0.110106,0.029823,0.126411,0.019295,0.000903,0.000395
0,0.156453,0.001406,0.123833,-0.01797,0.095685,0.025404,0.002731,2.5e-05
0,0.108229,-0.084709,-0.071363,-0.062247,-0.078419,-0.061849,0.001889,0.001478
0,0.098716,-0.16752,0.016306,-0.075361,0.025161,-0.070705,0.001723,0.002924
0,0.203192,-0.122538,0.122881,0.034167,0.082294,-0.008474,0.003144,0.002139
0,0.046364,-0.076852,-0.180132,0.024904,-0.228779,0.004496,0.000809,0.001341
0,0.194841,-0.16112,0.165816,-0.108469,0.144748,-0.121217,0.00329,0.002812
0,-0.076923,-0.15709,-0.279349,-0.013988,-0.320134,-0.050761,0.001343,0.002742
0,0.090233,-0.027485,0.180179,0.138391,0.206143,0.138479,0.001575,0.00048
0,-2.843274,-1.273263,-2.94043,-1.251417,-2.903119,-1.241776,0.002789,0.00215
0,-3.214046,-1.615925,-0.387616,-0.34282,-0.340809,-0.336615,0.002569,0.00144
0,-4.295965,-1.982019,-1.082732,-0.364786,-1.080587,-0.318768,0.00138,0.001139
0,-4.321532,-1.992428,-0.032594,-0.020747,-0.001296,-0.054499,0.001826,0.00132
0,-4.194843,-1.486959,0.121136,0.51454,0.150638,0.518534,0.000385,0.000811
0,-2.786178,-1.288336,1.414913,0.181628,1.384449,0.173405,0.001792,0.002413
0,-2.348729,-0.842419,0.411061,0.470381,0.460324,0.441175,0.000848,0.001321
0,-1.323898,-0.535067,1.01773,0.296036,0.97821,0.246871,0.003034,0.002648
0,-1.234088,-0.36033,0.078077,0.171829,0.106754,0.140002,0.001466,0.000402
0,-0.917916,-0.198135,0.292487,0.161976,0.285957,0.156033,0.002639,0.003233
0,-0.724371,0.004718,0.199224,0.218678,0.233741,0.245967,0.000739,8.2e-05
0,-0.291733,-0.086015,0.426981,-0.105971,0.39727,-0.07032,0.001599,0.001501
0,-0.09667,-0.000519,0.189436,0.10684,0.154038,0.060914,0.001687,9e-06
0,0.030743,0.224687,0.134612,0.231753,0.139872,0.22874,0.000537,0.002769
0,0.264353,0.216493,0.232587,-0.030484,0.236091,-0.00052,0.002077,0.002912
0,0.057511,0.186525,-0.225096,-0.0129,-0.239894,-0.025105,0.001004,0.003255
0,0.269091,-0.069885,0.199585,-0.238377,0.221931,-0.239261,0.001994,0.00122
0,0.260476,-0.105298,0.002143,-0.005635,-0.019342,0.037894,0.002145,0.001838
0,0.136167,0.086925,-0.144616,0.18753,-0.185385,0.207698,0.002377,0.001517
0,-0.028781,-0.070714,-0.181162,-0.141557,-0.209483,-0.101095,0.000502,0.001234
0,-0.12478,-0.134052,-0.091648,-0.064726,-0.130232,-0.052693,0.002178,0.00234
0,-0.040787,0.066963,0.09065,0.227627,0.10328,0.274582,0.000712,0.001169
0,-0.018652,0.049583,0.037077,-0.00193,0.03437,0.00636,0.000326,0.000865
0,-0.074074,0.083293,-0.046639,0.062156,-0.053339,0.087589,0.001293,0.001454
0,-0.055979,0.006789,0.040358,-0.047531,0.041455,-0.092074,0.000977,0.000118
0,-0.16636,-0.099724,-0.117746,-0.118697,-0.116054,-0.077711,0.002904,0.001741
0,0.093412,-0.096964,0.276716,0.030944,0.306648,0.016274,0.00163,0.001692
0,-0.086786,-0.101738,-0.207883,-0.02033,-0.240104,-0.052759,0.001515,0.001776
0,0.034385,0.100884,0.094837,0.222067,0.123202,0.239728,0.0006,0.001761
0,-0.063426,-0.124203,-0.117283,-0.206404,-0.073752,-0.224513,0.001107,0.002168
0,-0.159804,0.062748,-0.088631,0.212401,-0.064747,0.253188,0.002789,0.001095
0,0.040473,0.05975,0.190421,-0.027224,0.205444,-0.021104,0.000706,0.001043
0,0.034822,0.021972,-0.00205,-0.007889,-0.047835,0.001243,0.000608,0.000383
0,0.090736,0.066813,0.063605,0.037897,0.084511,-0.003778,0.001584,0.001166
0,0.027235,0.045593,-0.038867,-0.023436,-0.020117,-0.054519,0.000475,0.000796
0,0.065505,0.110209,0.019745,0.086399,-0.027361,0.108711,0.001143,0.001924
0,-0.074107,-0.066789,-0.167056,-0.159981,-0.203858,-0.135154,0.001293,0.001166
0,-0.171793,0.106266,-0.088484,0.185939,-0.122728,0.139345,0.002998,0.001855
0,-0.178548,-0.010644,-0.005487,-0.117133,0.015562,-0.143825,0.003116,0.000186
0,0.002687,-0.096867,0.186719,-0.112107,0.139098,-0.135139,4.7e-05,0.001691
0,-0.04018,-0.024081,-0.030056,0.047047,-0.01723,0.079031,0.000701,0.00042
0,-0.036708,-0.143852,0.005105,-0.14774,0.023369,-0.099506,0.000641,0.002511
0,-0.052208,0.035013,-0.014209,0.196651,-0.041441,0.180422,0.000911,0.000611
0,0.089141,-0.084129,0.132237,-0.126213,0.148288,-0.076725,0.001556,0.001468
0,0.086813,0.005403,-0.014622,0.077094,-0.050109,0.066607,0.001515,9.4e-05
0,0.026757,0.105452,-0.066111,0.108462,-0.06426,0.116039,0.000467,0.00184
0,-0.034574,-0.122463,-0.035114,-0.255254,-0.004873,-0.235849,0.000603,0.002137
0,0.07993,-0.117728,0.099777,0.007742,0.106333,-0.029802,0.001395,0.002055
0,0.040598,0.100948,-0.042031,0.209845,-0.067061,0.181695,0.000709,0.001762
0,0.047476,0.051502,0.010515,-0.035532,-0.007871,-0.039498,0.000829,0.000899
0,0.049536,0.054644,0.01179,-0.019049,0.046075,0.024193,0.000865,0.000954
0,-0.041019,0.098761,-0.085498,0.063502,-0.100585,0.105977,0.000716,0.001724
0,0.112821,-0.112142,0.14866,-0.190986,0.115495,-0.173944,0.001969,0.001957
0,0.09146,-0.146295,-0.03594,-0.012591,-0.059866,-0.041632,0.001596,0.002553
0,0.032128,-0.089098,-0.083162,0.062152,-0.084247,0.093684,0.000561,0.001555
0,0.062505,0.070961,0.020987,0.145916,0.063498,0.138446,0.001091,0.001238
0,0.057147,-0.009297,-0.029205,-0.083455,-0.047524,-0.124671,0.000997,0.000162
0,0.101735,-0.053731,0.042776,-0.050362,0.051859,-0.092645,0.001776,0.000938
0,-0.036567,0.041551,-0.125772,0.065976,-0.095366,0.091802,0.000638,0.000725
0,0.010566,0.041474,0.073212,-0.024784,0.080699,0.007387,0.000184,0.000724
0,-0.147979,-0.144302,-0.181054,-0.178808,-0.192558,-0.145483,0.002583,0.002519
0,0.030249,-0.091831,0.16887,0.058791,0.131699,0.060573,0.000528,0.001603
0,-0.054956,0.044532,-0.069408,0.139106,-0.094306,0.154267,0.000959,0.000777
0,-0.136397,0.064713,-0.10682,0.01173,-0.122202,-0.030853,0.002381,0.001129
0,0.047552,-0.097251,0.170972,-0.162385,0.177571,-0.212075,0.00083,0.001697
0,-0.241949,0.058969,-0.313723,0.159623,-0.319812,0.126349,0.002468,0.001029
0,0.013907,-0.13441,0.247577,-0.214111,0.271102,-0.171077,0.000243,0.002346
0,-0.142422,-0.003876,-0.161235,0.15494,-0.114234,0.188436,0.002486,6.8e-05
0,-0.122443,-0.024833,-0.001476,-0.022952,0.012901,0.016149,0.002137,0.000433
0,-0.008621,-0.012822,0.105774,0.002205,0.117816,-0.007392,0.00015,0.000224
0,-0.085196,0.061721,-0.054406,0.072619,-0.087568,0.07519,0.001487,0.001077
0,-0.078584,-0.16533,0.029896,-0.254213,0.040691,-0.223221,0.001372,0.002886
0,0.109768,0.125386,0.21157,0.293173,0.252777,0.319331,0.001916,0.002188
0,-0.135308,-0.008286,-0.238285,-0.132779,-0.216943,-0.115557,0.002362,0.000145
0,-0.073256,0.127186,0.054936,0.125672,0.071257,0.120698,0.001279,0.00222
0,0.011054,-0.015204,0.100322,-0.125771,0.14918,-0.08719,0.000193,0.000265
0,0.070495,0.037324,0.036885,0.051077,0.058419,0.081908,0.00123,0.000651
0,0.112944,-0.118141,0.034994,-0.172084,0.009907,-0.182648,0.001971,0.002062
0,0.159125,0.042989,0.046635,0.135747,0.008063,0.156072,0.002777,0.00075
0,0.200944,0.115906,0.054505,0.082578,0.102315,0.112415,0.003184,0.002023
0,0.142126,0.1172,-0.082593,-0.004905,-0.078858,-0.003673,0.002481,0.002046
0,-0.017839,0.107855,-0.176322,-0.000809,-0.204992,0.042748,0.000311,0.001882
0,0.067955,-0.024674,0.058052,-0.133758,0.010113,-0.170059,0.001186,0.000431
0,-0.077163,-0.118246,-0.142853,-0.119336,-0.094027,-0.145083,0.001347,0.002064
0,0.075245,-0.090055,0.154885,0.050713,0.197369,0.088469,0.001313,0.001572
0,0.10627,0.043728,0.05529,0.148658,0.071822,0.105184,0.001855,0.000763
0,0.207955,-0.094448,0.116729,-0.115626,0.151429,-0.138386,0.003061,0.001648
0,0.109301,0.118757,-0.088323,0.185244,-0.074116,0.18518,0.001908,0.002073
0,0.156243,-0.062982,0.071547,-0.197174,0.0322,-0.226228,0.002727,0.001099
0,0.005534,-0.131949,-0.1563,-0.058643,-0.146621,-0.031071,9.7e-05,0.002303
0,0.078906,-0.172774,0.079422,-0.012284,0.120666,0.035203,0.001377,0.003015
0,-0.138571,0.109866,-0.20667,0.266339,-0.24441,0.238022,0.002419,0.001918
0,-0.037261,-0.169681,0.088231,-0.274387,0.081826,-0.277699,0.00065,0.002961
0,-0.101757,0.093611,-0.057816,0.267295,-0.034356,0.217404,0.001776,0.001634
0,-0.061936,-0.009244,0.061885,-0.088598,0.093637,-0.042116,0.001081,0.000161
0,-0.055526,-0.138356,-0.001054,-0.155845,0.035508,-0.196454,0.000969,0.002415
0,-0.136031,0.05682,-0.108333,0.169131,-0.114356,0.139676,0.002374,0.000992
0,0.010795,-0.082348,0.133041,-0.164153,0.170682,-0.194624,0.000188,0.001437
0,-0.073233,-0.065555,-0.109593,0.031306,-0.09404,0.035584,0.001278,0.001144
0,0.001545,-0.1349,0.082935,-0.077016,0.072919,-0.035642,2.7e-05,0.002354
0,-0.096021,0.053824,-0.11819,0.180397,-0.143723,0.150247,0.001676,0.000939
0,0.155291,0.1229,0.25035,0.081191,0.217345,0.079683,0.00271,0.002145
0,0.173824,0.150206,0.004547,0.052106,0.039527,0.008049,0.003034,0.002622
0,0.211661,-0.114614,0.028837,-0.290681,0.060794,-0.298872,0.002997,0.002
0,0.12861,-0.009624,-0.07706,0.096152,-0.032926,0.102694,0.002245,0.000168
0,0.110479,0.140284,-0.039612,0.140412,-0.05152,0.092349,0.001928,0.002448
0,0.014355,0.123323,-0.078972,0.007033,-0.059981,0.032527,0.000251,0.002152
0,0.026141,0.102216,-0.002989,-0.030224,0.010944,-0.020334,0.000456,0.001784
0,0.007016,0.008907,-0.030714,-0.120723,0.014567,-0.122949,0.000122,0.000155
0,0.174513,0.00722,0.157047,0.000691,0.175582,-0.015155,0.003046,0.000126
0,0.185067,0.00716,0.014974,0.0181,0.024821,0.047496,0.00323,0.000125
0,0.064887,0.129545,-0.108091,0.129334,-0.086455,0.091791,0.001132,0.002261
0,0.076158,0.205462,-0.012339,0.0465,-0.010887,0.07317,0.001329,0.003105
0,-0.033016,-0.040088,-0.1375,-0.241074,-0.170475,-0.205225,0.000576,0.0007
0,0.124047,0.121709,0.141668,0.171425,0.175559,0.135691,0.002165,0.002124
0,0.087966,0.088765,-0.0217,-0.007577,0.018594,-0.050583,0.001535,0.001549
0,-0.037324,-0.05801,-0.116333,-0.134457,-0.115927,-0.130682,0.000651,0.001012
0,-0.073324,0.167661,-0.033935,0.200274,-0.077829,0.174208,0.00128,0.002926
0,0.034935,0.012721,0.12428,-0.135948,0.117007,-0.134122,0.00061,0.000222
0,0.11402,-0.04668,0.085079,-0.033749,0.117064,-0.014591,0.00199,0.000815
0,0.03095,0.049262,-0.053645,0.112232,-0.072406,0.158339,0.00054,0.00086
0,0.065371,-0.002792,0.055517,-0.030565,0.096831,-0.015443,0.001141,4.9e-05
0,0.107375,0.023269,0.020522,0.02634,0.017701,0.047483,0.001874,0.000406
0,-0.009433,0.112482,-0.124376,0.115409,-0.128451,0.156799,0.000165,0.001963
0,-0.018525,-0.041896,-0.007142,-0.15385,-0.042685,-0.184871,0.000323,0.000731
0,-0.050072,0.044916,-0.007169,0.084951,-0.029773,0.041033,0.000874,0.000784
0,0.116224,0.008257,0.149313,-0.057425,0.10724,-0.102354,0.002028,0.000144
0,0.074987,0.207843,-0.045444,0.179247,-0.005657,0.192992,0.001309,0.003063
0,0.131237,0.181769,0.027808,-0.010627,-0.012269,-0.031915,0.002291,0.003172
0,-0.074064,0.13478,-0.195075,-0.043029,-0.163956,-0.008446,0.001293,0.002352
0,-0.049566,0.21554,0.001675,0.097168,0.023834,0.066572,0.000865,0.002929
0,-0.099238,0.136898,-0.026943,-0.092215,-0.007687,-0.132759,0.001732,0.002389
0,0.02814,0.040366,0.120968,-0.126437,0.085264,-0.159119,0.000491,0.000705
0,0.164168,-0.040832,0.126086,-0.090893,0.153332,-0.113808,0.002865,0.000713
0,-0.024741,0.135854,-0.182023,0.206411,-0.212867,0.204445,0.000432,0.002371
0,-0.008494,0.047827,-0.001525,-0.078026,0.01006,-0.057888,0.000148,0.000835
0,0.052246,0.001317,0.068232,-0.05644,0.065836,-0.077089,0.000912,2.3e-05
0,-0.051769,0.100825,-0.077482,0.085482,-0.100629,0.074614,0.000904,0.00176
0,-0.122129,0.028235,-0.070761,-0.099522,-0.099483,-0.123199,0.002132,0.000493
0,-0.041363,0.063567,0.073694,0.011749,0.064545,0.007866,0.000722,0.001109
0,0.013007,0.066678,0.065989,-0.00222,0.049425,-0.006631,0.000227,0.001164
0,0.137954,-0.071718,0.130087,-0.154943,0.15823,-0.166702,0.002408,0.001252
0,0.123581,0.030709,-0.008851,0.077088,-0.006743,0.109963,0.002157,0.000536
0,-0.069971,0.002124,-0.221742,-0.037039,-0.213669,-0.026339,0.001221,3.7e-05
0,0.108258,-0.032576,0.160831,-0.027353,0.144602,0.008938,0.001889,0.000569
0,0.176254,-0.113283,0.062908,-0.064715,0.015295,-0.109816,0.003076,0.001977
0,0.007741,-0.013272,-0.164107,0.12767,-0.127775,0.088336,0.000135,0.000232
0,0.15437,0.154113,0.16522,0.142923,0.169667,0.139464,0.002694,0.00269
0,-0.09873,0.057777,-0.233807,-0.083584,-0.219873,-0.090859,0.001723,0.001008
0,-0.026789,0.027076,0.101407,-0.054897,0.075572,-0.103655,0.000468,0.000473
0,0.125501,0.085965,0.141895,0.056587,0.176047,0.095041,0.00219,0.0015
0,0.070795,0.016417,-0.08174,-0.080128,-0.092222,-0.108333,0.001236,0.000287
0,0.167653,0.185477,0.073253,0.192604,0.064349,0.231379,0.002926,0.003237
0,1.069159,1.223129,0.871997,1.01967,0.844191,0.971818,0.001412,0.001275
0,1.219887,1.392231,0.173942,0.149897,0.172799,0.113021,0.001219,0.002464
0,1.198744,1.260512,-0.004799,-0.151391,-0.009191,-0.112778,0.00085,0.001928
0,1.544971,1.023597,0.344532,-0.24806,0.371499,-0.238995,0.000202,0.002207
0,1.518249,1.00778,-0.021901,-0.037627,-0.069284,-0.076359,0.000265,0.002483
0,1.306306,0.766053,-0.218925,-0.269611,-0.195605,-0.241417,0.002727,1.1e-05
0,0.891999,0.376245,-0.40472,-0.385235,-0.401279,-0.342873,0.002187,0.000124
0,0.788321,-0.032173,-0.131075,-0.38875,-0.162137,-0.415983,0.000377,0.000562
0,-0.097088,1.597192,-0.86427,1.63021,-0.867893,1.614333,0.001695,0.001113
0,-1.170979,2.202236,-1.076192,0.596552,-1.045897,0.621013,0.000365,0.001709
0,-1.891031,2.281994,-0.693286,0.06317,-0.722415,0.10557,0.000449,0.000317
0,-2.51802,1.642674,-0.602688,-0.66058,-0.561837,-0.621339,0.002888,0.001907
0,-2.594186,1.670665,-0.085146,0.030116,-0.062998,0.048547,0.001559,0.002395
0,-2.435333,1.369027,0.177104,-0.279229,0.156645,-0.324821,0.00236,0.002869
0,-1.989857,1.079595,0.471096,-0.301486,0.465009,-0.291954,0.001275,0.00123
0,-1.536122,0.863042,0.442258,-0.223721,0.434377,-0.201525,4.7e-05,0.001681
0,-1.313392,0.556574,0.221582,-0.313324,0.2626,-0.353605,0.002851,0.003023
0,-0.943437,0.377058,0.378441,-0.170826,0.412865,-0.124179,0.003084,0.00011
0,-0.814163,0.222638,0.14029,-0.14392,0.16615,-0.105653,0.000828,0.002805
0,-0.389159,0.010839,0.41079,-0.213288,0.448392,-0.260518,0.000101,0.000189
0,-0.194318,-0.138162,0.206569,-0.152752,0.187892,-0.122164,0.003299,0.002411
0,-0.178452,-0.251888,0.013223,-0.096398,0.05889,-0.059005,0.003115,0.002295
0,0.004304,-0.236907,0.158038,-0.004941,0.127233,-0.035271,7.5e-05,0.002556
0,0.045795,-0.080579,0.050392,0.175326,0.086609,0.156643,0.000799,0.001406
0,0.246064,0.119907,0.194834,0.222377,0.175463,0.19274,0.002396,0.002093
0,0.225501,0.084193,-0.020083,-0.013419,-0.03663,-0.056807,0.002755,0.001469
0,0.102576,-0.064721,-0.151805,-0.142737,-0.139858,-0.180685,0.00179,0.00113
0,0.102156,0.138379,-0.01106,0.201444,-0.023267,0.246364,0.001783,0.002415
0,0.250919,-0.099937,0.148911,-0.25381,0.190444,-0.243619,0.002311,0.001744
0,0.240545,0.141932,-0.017546,0.236364,-0.012457,0.21705,0.002493,0.002477
0,0.059115,0.136591,-0.175603,-0.028749,-0.223835,-0.033751,0.001032,0.002384
0,0.168328,0.007599,0.096252,-0.102921,0.120017,-0.104094,0.002938,0.000133
0,0.170572,0.060477,0.021107,0.025954,0.006863,0.068321,0.002977,0.001056
0,0.093844,0.007592,-0.101156,-0.033228,-0.052069,-0.042217,0.001638,0.000133
0,-0.14892,-0.037887,-0.22151,-0.059428,-0.233607,-0.085022,0.002599,0.000661
0,0.12094,-0.101823,0.272813,-0.037056,0.277326,-0.033332,0.002111,0.001777
0,0.048201,0.054635,-0.094574,0.167384,-0.120079,0.196764,0.000841,0.000954
0,0.027366,0.101722,0.001567,0.018373,0.001425,0.024011,0.000478,0.001775
0,-0.120208,-0.067858,-0.153708,-0.146375,-0.133677,-0.120013,0.002098,0.001184
0,-0.161456,-0.001945,-0.070368,0.050115,-0.10633,0.064063,0.002818,3.4e-05
0,-0.044806,-0.100743,0.133575,-0.104637,0.158525,-0.116057,0.000782,0.001758
0,-0.078583,-0.037333,-0.042387,0.085846,-0.040015,0.108034,0.001372,0.000652
0,0.008482,-0.046164,0.065445,-0.033222,0.10094,-0.067013,0.000148,0.000806
0,-0.130941,0.022319,-0.137777,0.067405,-0.169359,0.07438,0.002285,0.00039
0,-0.139222,0.024283,-0.032469,1.5e-05,-0.052982,0.013251,0.00243,0.000424
0,0.040551,0.162996,0.161976,0.135896,0.194036,0.144302,0.000708,0.002845
0,0.069037,0.057545,0.014621,-0.081411,0.054425,-0.051184,0.001205,0.001004
0,-0.063589,0.015416,-0.149086,-0.04532,-0.197992,-0.089633,0.00111,0.000269
0,0.126263,-0.036887,0.213742,-0.025797,0.261593,-0.027695,0.002204,0.000644
0,0.075337,-0.032201,-0.04442,0.011641,-0.035634,-0.00965,0.001315,0.000562
0,0.135707,0.120235,0.085528,0.17054,0.116415,0.183416,0.002369,0.002099
0,-0.047529,-8.9e-05,-0.208137,-0.148907,-0.244421,-0.158671,0.00083,2e-06
0,-0.141674,0.013004,-0.097973,0.00427,-0.104344,-0.01103,0.002473,0.000227
0,0.047167,0.050401,0.192728,0.062212,0.193477,0.032019,0.000823,0.00088
0,-0.1716,0.144114,-0.189737,0.099668,-0.229487,0.049883,0.002995,0.002515
0,-0.089387,-0.093335,0.069154,-0.231371,0.072399,-0.199983,0.00156,0.001629
0,-0.161538,0.04296,-0.043739,0.133049,-0.013219,0.129378,0.002819,0.00075
0,-0.133275,0.031948,0.026713,-0.023435,0.009632,0.011656,0.002326,0.000558
0,0.100583,0.178671,0.2625,0.132936,0.301122,0.127629,0.001755,0.003118
0,-0.098302,-0.010354,-0.219583,-0.16052,-0.195964,-0.122879,0.001716,0.000181
0,-0.099459,0.180903,-0.030685,0.204676,-0.011504,0.251237,0.001736,0.003157
0,-0.053086,0.047981,0.042485,-0.148692,0.021239,-0.13108,0.000927,0.000837
0,-0.084078,0.049975,-0.05942,0.018257,-0.09039,-0.003144,0.001467,0.000872
0,0.089842,0.104941,0.165219,0.056367,0.18601,0.08113,0.001568,0.001832
0,-0.094664,0.041312,-0.1627,-0.084355,-0.195924,-0.112336,0.001652,0.000721
0,0.033763,-0.051874,0.141098,-0.093844,0.130427,-0.132083,0.000589,0.000905
0,-0.110018,-0.020485,-0.116872,0.008372,-0.07387,0.042319,0.00192,0.000358
0,0.069226,-0.134394,0.206227,-0.118628,0.204281,-0.114572,0.001208,0.002346
0,-0.00674,0.164326,-0.104502,0.271074,-0.058334,0.27636,0.000118,0.002868
0,0.081722,-0.057707,0.105799,-0.198624,0.118835,-0.161551,0.001426,0.001007
0,0.094821,-0.114758,-0.002297,-0.054105,0.040158,-0.012424,0.001655,0.002003
0,0.06541,0.103009,-0.025445,0.202763,0.023664,0.211757,0.001142,0.001798
0,0.157702,-0.002761,0.08978,-0.117365,0.1286,-0.112173,0.002752,4.8e-05
0,0.094454,0.134142,-0.049046,0.15133,-0.049684,0.178052,0.001649,0.002341
0,-0.047819,0.200739,-0.134965,0.061464,-0.183913,0.100178,0.000835,0.003187
0,-0.143257,-0.042799,-0.0847,-0.271893,-0.036369,-0.292474,0.0025,0.000747
0,-0.107716,0.123375,0.054884,0.174341,0.036448,0.167321,0.00188,0.002153
0,-0.038121,0.008408,0.052014,-0.08759,0.023639,-0.049105,0.000665,0.000147
0,0.077947,-0.110366,0.112747,-0.104614,0.092112,-0.075545,0.00136,0.001926
0,-0.137709,0.114272,-0.217674,0.236831,-0.260389,0.265384,0.002403,0.001994
0,-0.076167,-0.038307,0.063899,-0.167945,0.075545,-0.143241,0.001329,0.000669
0,0.128996,-0.001445,0.184952,0.054761,0.198062,0.081501,0.002251,2.5e-05
0,0.006273,0.119033,-0.126967,0.093021,-0.078338,0.048019,0.000109,0.002078
0,-0.072287,-0.003509,-0.053895,-0.14093,-0.06489,-0.166996,0.001262,6.1e-05
0,0.133303,0.034397,0.214967,0.054471,0.218892,0.037622,0.002327,0.0006
0,-0.018547,-0.029382,-0.1751,-0.047083,-0.217123,-0.045743,0.000324,0.000513
0,0.179097,0.113207,0.227486,0.127193,0.225192,0.10004,0.003126,0.001976
0,-0.107941,0.180437,-0.305245,0.038607,-0.330481,0.000267,0.001884,0.003149
0,0.015562,0.142034,0.107481,-0.03129,0.118491,0.001914,0.000272,0.002479
0,-0.044538,-0.051629,-0.088914,-0.191101,-0.098156,-0.22565,0.000777,0.000901
0,-0.153433,-0.097974,-0.108493,-0.016425,-0.077423,-0.021154,0.002678,0.00171
0,0.162409,0.02883,0.326472,0.120032,0.330458,0.112655,0.002835,0.000503
0,-0.157351,-0.032932,-0.300044,-0.079958,-0.306221,-0.122001,0.002746,0.000575
0,-0.107731,0.125711,0.049213,0.159516,0.013539,0.188378,0.00188,0.002194
0,0.117238,0.037983,0.208315,-0.095275,0.162669,-0.078674,0.002046,0.000663
0,0.021986,-0.101768,-0.110658,-0.147085,-0.116646,-0.1047,0.000384,0.001776
0,-0.043743,0.069262,-0.094067,0.16989,-0.071215,0.127261,0.000763,0.001209
0,0.082053,0.054295,0.123845,-0.02142,0.162486,0.026201,0.001432,0.000948
0,0.149093,0.044312,0.050696,-0.014132,0.056042,0.018836,0.002602,0.000773
0,-0.034751,0.191432,-0.165378,0.146996,-0.143457,0.191356,0.000607,0.003341
0,-0.087018,0.138736,-0.037639,-0.075656,-0.014746,-0.038026,0.001519,0.002421
0,0.024622,-0.100775,0.112804,-0.241616,0.096021,-0.236888,0.00043,0.001759
0,0.044954,0.125457,0.024227,0.202223,0.060175,0.203877,0.000785,0.00219
0,-0.105267,0.139686,-0.176903,0.007714,-0.146618,0.052666,0.001837,0.002438
0,-0.280224,-0.084643,-0.164219,-0.223141,-0.19872,-0.212478,0.0018,0.001477
0,-0.098709,-0.04151,0.188859,0.066203,0.20705,0.029261,0.001723,0.000724
0,-0.121487,0.070973,-0.03394,0.13037,-0.053905,0.166617,0.00212,0.001239
0,-0.029323,-0.011539,0.066419,-0.05922,0.025745,-0.07298,0.000512,0.000201
0,0.072851,0.045501,0.11082,0.063594,0.07309,0.050827,0.001271,0.000794
0,0.130522,-0.097058,0.048518,-0.171749,0.045031,-0.189803,0.002278,0.001694
0,-0.156566,0.034836,-0.311509,0.14121,-0.335586,0.13133,0.002733,0.000608
0,0.068627,0.143379,0.21905,0.114662,0.20135,0.122729,0.001198,0.002502
0,-0.018113,0.143686,-0.059787,0.029448,-0.037062,-0.018887,0.000316,0.002508
0,0.122742,-0.014012,0.150469,-0.17142,0.166208,-0.121672,0.002142,0.000245
0,0.098766,0.003661,-0.043177,0.038478,-0.004039,0.068426,0.001724,6.4e-05
0,-0.019586,-0.091585,-0.090486,-0.104765,-0.073587,-0.084925,0.000342,0.001598
0,0.159693,-0.078428,0.1691,0.017018,0.192347,-0.030803,0.002787,0.001369
0,0.126816,-0.115623,-0.04124,-0.008693,-0.016567,0.024673,0.002213,0.002018
0,0.031913,0.084252,-0.115052,0.180471,-0.141212,0.213325,0.000557,0.00147
0,0.016244,0.098087,0.004274,0.040739,-0.035803,0.023113,0.000284,0.001712
0,0.072578,-0.05041,0.047287,-0.152626,0.000304,-0.149688,0.001267,0.00088
0,0.098865,0.079627,0.006114,0.131012,0.029286,0.176324,0.001726,0.00139
0,0.008493,-0.063079,-0.098253,-0.13426,-0.140787,-0.14859,0.000148,0.001101
0,-0.160327,-0.054484,-0.146279,0.019533,-0.156728,0.024006,0.002798,0.000951
0,0.091577,-0.074747,0.257594,-0.025097,0.297372,-0.066538,0.001598,0.001305
0,-0.077288,-0.069184,-0.155899,0.001788,-0.16103,-0.039758,0.001349,0.001207
0,-0.105502,0.043339,-0.051577,0.123674,-0.042463,0.172368,0.001841,0.000756
0,-0.213127,0.126335,-0.134761,0.107033,-0.131174,0.057616,0.002971,0.002205
0,-0.010401,-0.037592,0.220814,-0.170773,0.254598,-0.168338,0.000182,0.000656
0,-0.26823,0.122066,-0.264423,0.160288,-0.227363,0.126809,0.002009,0.00213
0,-0.232097,0.12421,0.059714,-0.020844,0.044034,-0.032386,0.00264,0.002168
0,-0.259833,0.138574,-0.053587,0.00845,-0.099415,0.013344,0.002156,0.002419
0,-0.065745,0.011437,0.169721,-0.139696,0.194116,-0.172483,0.001147,0.0002
0,-0.08752,0.065542,-0.027291,0.026429,-0.060612,0.000522,0.001528,0.001144
0,-0.152445,-0.047933,-0.089927,-0.087884,-0.134401,-0.088294,0.002661,0.000837
0,-0.080832,0.017789,0.094436,0.08468,0.135682,0.057733,0.001411,0.00031
0,-0.163242,0.057609,-0.089234,0.031929,-0.121143,-0.013903,0.002849,0.001005
0,0.001344,-0.062309,0.1789,-0.148115,0.171391,-0.195547,2.3e-05,0.001087
0,0.079728,0.030931,0.058822,0.080616,0.008878,0.069785,0.001392,0.00054
0,0.171806,-0.112204,0.07546,-0.138302,0.086482,-0.111127,0.002999,0.001958
0,0.051693,0.165623,-0.100603,0.258335,-0.079465,0.279556,0.000902,0.002891
0,-0.043888,0.021663,-0.111902,-0.148692,-0.14182,-0.181358,0.000766,0.000378
0,-0.02442,-0.04907,0.04218,-0.083304,0.010177,-0.096885,0.000426,0.000856
0,0.12503,0.136425,0.169734,0.208154,0.129281,0.256904,0.002182,0.002381
0,0.155436,0.168692,0.002903,0.025551,0.009162,-0.018247,0.002713,0.002944
0,0.106594,0.091067,-0.043617,-0.093617,-0.066416,-0.141803,0.00186,0.001589
0,-0.002176,0.028407,-0.121082,-0.078011,-0.128131,-0.08906,3.8e-05,0.000496
0,0.160243,0.048161,0.171819,0.02283,0.178488,0.055368,0.002797,0.000841
0,0.186251,-0.058096,0.029121,-0.08165,0.026377,-0.119795,0.003251,0.001014
0,0.154922,0.132154,-0.040585,0.208885,-0.01917,0.187414,0.002704,0.002307
0,-0.006816,-0.075033,-0.160342,-0.197657,-0.130049,-0.15914,0.000119,0.00131
0,0.13053,-0.065,0.114406,-0.011442,0.137294,-0.055291,0.002278,0.001134
0,0.056503,0.097383,-0.05855,0.17521,-0.04769,0.150829,0.000986,0.0017
0,0.178372,-0.042355,0.11715,-0.155439,0.099129,-0.161385,0.003113,0.000739
0,0.209078,-0.0076,0.058955,0.018251,0.065937,-0.027216,0.003042,0.000133
0,0.272234,-0.081437,0.08363,-0.044582,0.126021,-0.064558,0.001939,0.001421
0,0.280384,-0.058301,0.006586,0.020472,0.046131,0.026536,0.001797,0.001018
0,0.020695,-0.064534,-0.258835,0.013616,-0.2497,-0.023458,0.000361,0.001126
0,0.073186,-0.139399,0.038259,-0.089698,0.08822,-0.108932,0.001277,0.002433
0,0.191485,-0.143676,0.108016,-0.002743,0.081358,-0.027251,0.003342,0.002508
0,0.176624,0.079005,-0.005977,0.232891,0.030473,0.202673,0.003083,0.001379
0,0.235712,-0.02627,0.043858,-0.122948,0.061821,-0.076274,0.002577,0.000459
0,0.216718,-0.016363,-0.038285,0.029279,-0.022311,0.011087,0.002908,0.000286
0,0.04026,-0.199009,-0.156922,-0.175983,-0.191072,-0.212182,0.000703,0.003217
0,0.335391,0.021763,0.286493,0.203008,0.315189,0.154136,0.000837,0.00038
0,0.06017,0.033248,-0.293258,0.009955,-0.277614,0.044757,0.00105,0.00058
0,0.186603,-0.009792,0.109885,-0.068465,0.076261,-0.117907,0.003257,0.000171
0,0.254737,0.071608,0.047649,0.10376,0.035312,0.131728,0.002245,0.00125
0,0.05892,-0.157774,-0.209639,-0.234059,-0.246391,-0.19711,0.001028,0.002754
0,0.082221,0.017739,0.050048,0.180383,0.025524,0.21273,0.001435,0.00031
0,0.154227,0.031567,0.084302,0.042979,0.045794,0.034361,0.002692,0.000551
0,0.130133,-0.137294,-0.026845,-0.188592,-0.010588,-0.235769,0.002271,0.002396
0,0.066,-0.017921,-0.075993,0.128293,-0.125159,0.150044,0.001152,0.000313
0,0.068338,-0.188649,-0.000391,-0.146786,-0.026519,-0.140077,0.001193,0.003293
0,0.181001,-0.06089,0.12442,0.118939,0.088743,0.107717,0.003159,0.001063
0,0.158466,0.118031,-0.019641,0.162194,-0.015932,0.162116,0.002766,0.00206
0,0.178521,0.021766,0.007385,-0.075694,0.042678,-0.109844,0.003116,0.00038
0,0.130628,-0.080468,-0.051071,-0.089352,-0.027304,-0.092343,0.00228,0.001404
0,0.095667,0.094624,-0.009734,0.155741,0.019136,0.146057,0.00167,0.001651
0,0.194938,0.076112,0.119462,-0.036038,0.116833,-0.084499,0.003289,0.001328
0,0.181348,-0.11294,-0.033141,-0.182342,0.007274,-0.16558,0.003165,0.001971
0,-0.022393,-0.007378,-0.183052,0.119572,-0.231042,0.145239,0.000391,0.000129
0,0.043868,-0.048299,0.091426,-0.060115,0.05416,-0.017407,0.000766,0.000843
0,0.106599,-0.136751,0.033994,-0.118155,0.04822,-0.0972,0.001861,0.002387
0,0.044915,-0.117928,-0.074508,0.011245,-0.042828,0.002259,0.000784,0.002058
0,-0.084941,-0.162409,-0.139187,-0.051433,-0.182919,-0.016001,0.001483,0.002835
0,-0.052079,-0.035622,0.051106,0.112271,0.038354,0.157196,0.000909,0.000622
0,-0.042714,-0.084798,0.038894,-0.02866,0.039473,0.013281,0.000746,0.00148
0,-0.045141,-0.023411,-0.010795,0.085282,-0.015763,0.100846,0.000788,0.000409
0,0.051608,-0.035752,0.096652,-0.011413,0.060086,0.037176,0.000901,0.000624
0,0.017693,0.060018,-0.042126,0.124035,-0.08939,0.133381,0.000309,0.001048
0,-0.044319,0.041244,-0.070167,-0.009814,-0.05123,-0.056263,0.000774,0.00072
0,-0.119195,0.009413,-0.047375,-0.006738,-0.004908,0.016675,0.00208,0.000164
0,0.037923,0.04711,0.167999,0.021873,0.151938,0.050576,0.000662,0.000822
0,-0.07138,0.027146,-0.123832,-0.014608,-0.133515,-0.050603,0.001246,0.000474
0,0.002065,-0.03256,0.076453,-0.05227,0.050901,-0.028346,3.6e-05,0.000568
0,-0.031364,0.09072,-0.009452,0.097305,-0.027464,0.09543,0.000547,0.001583
0,0.126374,-0.024366,0.136365,-0.130719,0.098824,-0.0871,0.002206,0.000425
0,0.075848,-0.049508,-0.040336,-0.035849,-0.00966,-0.079275,0.001324,0.000864
0,-0.083071,0.092756,-0.187491,0.1177,-0.154222,0.093197,0.00145,0.001619
0,-0.140414,-0.126077,-0.032587,-0.195881,-0.021748,-0.158294,0.002451,0.0022
0,0.100823,0.062676,0.231962,0.204961,0.199607,0.250178,0.00176,0.001094
0,0.039032,-0.004257,-0.074536,-0.071056,-0.114149,-0.027039,0.000681,7.4e-05
0,-0.0429,0.026452,-0.075457,0.011932,-0.037439,-0.030767,0.000749,0.000462
0,-0.031281,-0.036415,0.02638,-0.040064,0.060642,0.003168,0.000546,0.000636
0,-0.139154,-0.043252,-0.09341,-0.007769,-0.088637,-0.019262,0.002429,0.000755
0,-0.105768,0.15013,0.046594,0.185204,-0.001283,0.219918,0.001846,0.00262
0,0.151869,-1.270931,0.231742,-1.408595,0.260546,-1.409274,0.002651,0.002109
0,0.837936,-2.367288,0.693136,-1.108573,0.656418,-1.150901,0.001243,0.001172
0,0.946553,-2.860467,0.117685,-0.472813,0.109331,-0.433902,0.003139,0.003089
0,1.183509,-2.332041,0.222079,0.535492,0.221129,0.578564,0.000584,0.000557
0,1.334081,-1.787972,0.16457,0.551112,0.198923,0.519596,0.003212,0.002248
0,1.055685,-1.817929,-0.279325,-0.016998,-0.290344,-0.036971,0.001647,0.001725
0,0.999076,-1.322507,-0.080026,0.468064,-0.082884,0.509224,0.002635,0.00301
0,0.689462,-0.649294,-0.338864,0.668194,-0.295053,0.622228,0.001348,0.002049
0,0.549436,-0.263939,-0.15251,0.377644,-0.153623,0.361732,0.002899,0.002084
0,0.131222,0.02701,-0.392613,0.26628,-0.404542,0.295647,0.00229,0.000471
0,0.19195,0.068474,0.054266,0.024592,0.062772,0.070523,0.003341,0.001195
0,0.059145,0.26358,-0.144218,0.219662,-0.159491,0.201151,0.001032,0.00209
0,-0.036461,0.064792,-0.09815,-0.181102,-0.088113,-0.17989,0.000636,0.001131
0,-0.130002,0.423223,-0.110108,0.388199,-0.147297,0.350379,0.002269,0.000696
0,-0.077475,0.293056,0.047098,-0.136902,0.086669,-0.183382,0.001352,0.001576
0,-0.150618,0.337755,-0.066312,0.02916,-0.066784,0.002437,0.002629,0.000796
0,-0.280851,0.033256,-0.125115,-0.318645,-0.11689,-0.328171,0.001789,0.00058
0,-0.055443,-0.047541,0.24096,-0.09947,0.276107,-0.078536,0.000968,0.00083
0,-0.052149,-0.021864,0.022824,0.01297,0.071828,0.037717,0.00091,0.000382
0,-0.018689,0.074372,0.009381,0.07586,0.027928,0.086825,0.000326,0.001298
0,-0.143579,0.183296,-0.095435,0.10024,-0.061265,0.127061,0.002506,0.003199
0,-0.161172,0.16833,-0.041278,0.009733,-0.003639,-0.034,0.002813,0.002938
0,-0.163064,0.150887,0.025836,-0.020782,0.054427,0.026809,0.002846,0.002633
0,0.079264,-0.077556,0.217246,-0.223418,0.259793,-0.258058,0.001383,0.001354
0,0.03855,0.116222,-0.051821,0.172283,-0.023674,0.139142,0.000673,0.002028
0,0.064721,-0.00726,0.03192,-0.097451,0.00434,-0.132161,0.00113,0.000127
0,0.451529,1.022901,0.358595,1.018353,0.348631,0.996607,0.00119,0.002219
0,1.933975,1.974355,1.512166,0.937501,1.538078,0.942793,0.0003,0.001005
0,2.321885,1.827398,0.392955,-0.135792,0.378028,-0.145357,0.00038,0.00156
0,2.069847,1.907665,-0.270489,0.106768,-0.241884,0.093371,0.002672,0.000159
0,1.780556,1.737157,-0.311775,-0.167541,-0.315961,-0.200531,0.002378,0.003135
0,1.604605,1.646669,-0.188081,-0.089439,-0.214369,-0.097505,0.001242,0.001977
0,1.046273,1.368865,-0.585908,-0.306047,-0.603417,-0.327001,0.001812,0.002872
0,0.827585,1.056306,-0.241269,-0.297564,-0.218505,-0.302676,0.001062,0.001636
0,0.527721,0.778761,-0.270532,-0.248898,-0.304226,-0.207581,0.00252,0.00021
0,0.17091,0.593884,-0.350627,-0.160354,-0.366594,-0.122943,0.002983,0.003016
0,0.243187,-0.053945,0.089485,-0.664276,0.063879,-0.660865,0.002446,0.000942
0,-0.113095,-0.119408,-0.353452,-0.070405,-0.383613,-0.087089,0.001974,0.002084
0,-0.407955,-0.280579,-0.306684,-0.159698,-0.263654,-0.183248,0.000429,0.001794
0,-0.280546,-0.326835,0.118035,-0.025217,0.167814,-0.031841,0.001794,0.000986
0,-0.285746,-0.101095,0.008104,0.208683,0.014733,0.185797,0.001704,0.001764
0,-0.256532,-0.104559,0.041956,0.02403,0.044754,0.000219,0.002213,0.001825
0,-0.04014,-0.081654,0.220972,0.030986,0.201961,0.065383,0.000701,0.001425
0,-0.200184,-0.244625,-0.159251,-0.162056,-0.163918,-0.182107,0.003197,0.002421
0,0.109262,-0.223981,0.32375,0.028503,0.312828,0.054114,0.001907,0.002782
0,0.032174,-0.041919,-0.064228,0.167404,-0.04228,0.161731,0.000562,0.000732
0,0.133807,0.063716,0.074063,0.128391,0.039929,0.109598,0.002335,0.001112
0,0.157895,-0.113263,-0.000457,-0.182217,-0.030172,-0.206831,0.002756,0.001977
0,0.012757,-0.031181,-0.158073,0.106374,-0.128719,0.06419,0.000223,0.000544
0,0.157465,-0.065875,0.124056,-0.011506,0.089836,0.0116,0.002748,0.00115
0,0.212276,0.051652,0.042393,0.115541,0.067027,0.079867,0.002986,0.000901
0,0.089583,0.097547,-0.105092,0.020068,-0.146027,0.039058,0.001564,0.001703
0,-0.077865,0.017156,-0.137691,-0.089951,-0.094455,-0.046957,0.001359,0.000299
0,0.116041,-0.004687,0.17854,-0.036271,0.128581,-0.077613,0.002025,8.2e-05
0,0.082069,-0.045015,-0.007026,-0.012708,-0.00056,-0.021141,0.001432,0.000786
0,0.179129,0.122468,0.107047,0.173629,0.138054,0.135844,0.003126,0.002137
0,0.033936,0.045575,-0.141029,-0.074796,-0.168626,-0.102247,0.000592,0.000795
0,0.118966,0.010719,0.102966,-0.059732,0.097454,-0.052429,0.002076,0.000187
0,0.009353,-0.005624,-0.081615,-0.005141,-0.075057,0.035795,0.000163,9.8e-05
0,0.042292,0.096396,0.005528,0.098519,-0.000452,0.107795,0.000738,0.001682
0,-0.033947,-0.13326,-0.070898,-0.207017,-0.02146,-0.250356,0.000592,0.002326
0,0.069181,0.069045,0.111252,0.179113,0.063693,0.143832,0.001207,0.001205
0,0.110792,-0.137482,0.053565,-0.213869,0.058189,-0.208824,0.001934,0.0024
0,0.164346,0.049794,0.08324,0.189903,0.078664,0.2225,0.002868,0.000869
0,0.033863,-0.008924,-0.118421,-0.054873,-0.077315,-0.081874,0.000591,0.000156
0,0.162537,0.034243,0.137416,0.024757,0.15643,0.044811,0.002837,0.000598
0,0.049811,-0.00811,-0.119941,-0.02849,-0.134674,-0.000693,0.000869,0.000142
0,0.255231,-0.019754,0.220526,0.016693,0.248277,0.061914,0.002236,0.000345
0,2.495067,-0.521487,2.264729,-0.491228,2.269714,-0.47947,0.003289,0.002411
0,4.122735,-1.018144,1.619938,-0.479052,1.669267,-0.466761,0.001644,0.002302
0,4.58318,-1.697334,0.469976,-0.669501,0.506847,-0.664658,0.000298,0.002861
0,4.844492,-1.853913,0.240272,-0.154452,0.265901,-0.105999,0.002428,0.001097
0,3.209084,-1.879609,-1.618882,-0.049101,-1.569052,-0.078904,0.002483,0.000649
0,3.139248,-0.855894,-0.06561,1.017691,-0.073874,1.049647,0.001264,0.001557
0,2.998366,-0.042054,-0.166079,0.79008,-0.20823,0.792342,0.001195,0.000734
0,2.675508,0.328313,-0.329604,0.356804,-0.318159,0.404547,0.000139,0.000961
0,2.201996,0.980656,-0.50002,0.678208,-0.463051,0.671298,0.001713,0.002957
0,1.875769,1.393046,-0.353254,0.397365,-0.370267,0.349509,0.000716,0.00245
0,1.400092,1.351069,-0.505575,-0.064541,-0.498765,-0.016809,0.002327,0.003183
0,0.944915,1.328016,-0.461568,-0.027316,-0.451357,-0.059999,0.00311,0.003106
0,0.771185,1.098572,-0.172965,-0.236385,-0.22014,-0.260607,7.8e-05,0.000899
0,0.735005,0.937428,-0.057446,-0.166695,-0.076323,-0.136445,0.000553,0.00298
0,0.42112,0.558192,-0.33346,-0.395192,-0.34505,-0.435562,0.000659,0.003051
0,0.040903,0.214753,-0.39593,-0.370661,-0.399729,-0.343367,0.000714,0.002943
0,-0.177028,0.05405,-0.240877,-0.154553,-0.276252,-0.173967,0.00309,0.000943
0,-0.1824,0.051482,0.015142,-0.025461,0.050284,-0.005503,0.003183,0.000899
0,-0.227649,-0.122306,-0.018141,-0.198417,-0.018613,-0.24569,0.002718,0.002135
0,-0.163803,-0.329881,0.04698,-0.220869,0.077565,-0.195788,0.002859,0.000933
0,-0.312483,-0.152101,-0.146718,0.19187,-0.100556,0.208988,0.001237,0.002655
0,-0.124422,-0.167864,0.18658,-0.015282,0.182182,-0.039475,0.002172,0.00293
0,-0.094737,-0.016625,0.029529,0.14791,0.017712,0.103953,0.001653,0.00029
0,-0.075068,-0.102089,-0.010081,-0.064521,0.001121,-0.069632,0.00131,0.001782
0,-0.186523,-0.155836,-0.121306,-0.048364,-0.08725,-0.083883,0.003255,0.00272
0,-0.052758,-0.061931,0.117286,0.112684,0.090562,0.114278,0.000921,0.001081
0,0.086661,0.030351,0.16774,0.080923,0.203728,0.046474,0.001513,0.00053
0,-0.130325,-0.106717,-0.225313,-0.158588,-0.227415,-0.125362,0.002275,0.001863
0,0.089661,-0.182378,0.239652,-0.082513,0.279366,-0.075489,0.001565,0.003183
0,0.03706,0.068552,-0.046767,0.235875,-0.030325,0.199821,0.000647,0.001196
0,0.171703,-0.119533,0.110211,-0.185507,0.067902,-0.139254,0.002997,0.002086
0,-0.115395,0.019203,-0.293501,0.150228,-0.309482,0.122114,0.002014,0.000335
0,-0.106235,0.054928,-0.003759,0.025223,0.022881,0.065856,0.001854,0.000959
0,0.056176,-0.195039,0.151942,-0.267644,0.14961,-0.265657,0.00098,0.003287
0,0.031081,-0.018772,-0.041943,0.159913,-0.048804,0.166664,0.000542,0.000328
0,-0.87354,-0.2535,-0.924125,-0.236196,-0.942911,-0.246336,0.001865,0.002266
0,-1.134703,-0.833037,-0.231313,-0.591897,-0.196832,-0.593321,0.000268,0.001158
0,-1.702004,-0.961085,-0.54941,-0.104743,-0.540034,-0.110853,0.002942,0.003298
0,-1.705237,-0.995976,0.009903,-0.041245,-0.020663,-0.069815,0.002999,0.002689
0,-1.084503,-1.06855,0.632377,-0.06605,0.677465,-0.056755,0.001144,0.001423
0,-0.897433,-0.741571,0.158374,0.338649,0.111399,0.328504,0.002282,0.000439
0,-0.709107,-0.750894,0.213795,-0.006944,0.198372,-0.024857,0.001005,0.000276
0,-0.808269,-0.633869,-0.106592,0.112888,-0.077812,0.158368,0.000725,0.002319
0,-0.58687,-0.233262,0.233912,0.425686,0.191503,0.404713,0.003139,0.00262
0,-0.346616,-0.263989,0.212153,-0.017057,0.192155,-0.044379,0.000641,0.002083
0,-0.030713,-0.160163,0.324109,0.11478,0.338518,0.156824,0.000536,0.002795
0,-0.024903,-0.110116,-0.00914,0.041021,-0.01799,-0.000431,0.000435,0.001922
0,-0.009043,0.242584,0.005675,0.329563,-0.004608,0.30793,0.000158,0.002457
0,0.204884,0.185905,0.226844,-0.067681,0.272099,-0.050205,0.003115,0.003245
0,0.166909,-0.000142,-0.052362,-0.163643,-0.094524,-0.172715,0.002913,2e-06
0,0.175799,0.044054,-0.016117,0.01472,-0.060038,0.01258,0.003068,0.000769
0,0.037635,0.187973,-0.132026,0.160333,-0.131573,0.149803,0.000657,0.003281
0,0.180261,0.335743,0.114216,0.166473,0.088814,0.140668,0.003146,0.000831
0,0.073374,0.292578,-0.126954,-0.022114,-0.15162,0.019321,0.001281,0.001584
0,-0.085773,0.085527,-0.145628,-0.231595,-0.159254,-0.257992,0.001497,0.001493
0,0.014048,-0.10457,0.107804,-0.211585,0.153395,-0.223109,0.000245,0.001825
0,-0.038291,0.043596,-0.05915,0.145757,-0.015507,0.155529,0.000668,0.000761
0,0.017895,-0.035534,0.049317,-0.056995,0.084133,-0.016799,0.000312,0.00062
0,-0.003787,0.035949,-0.051008,0.075647,-0.048209,0.043683,6.6e-05,0.000627
0,0.056394,0.109531,0.056357,0.071856,0.057476,0.07644,0.000984,0.001912
0,-0.064743,0.075667,-0.147938,-0.062815,-0.109841,-0.034146,0.00113,0.001321
0,-0.034531,0.098525,0.028766,0.021687,0.04211,-0.011148,0.000603,0.00172
0,0.077395,-0.089774,0.110176,-0.160272,0.120825,-0.12093,0.001351,0.001567
0,-0.050048,-0.187713,-0.109226,-0.07378,-0.129805,-0.118938,0.000874,0.003276
0,-0.034398,-0.033653,0.029583,0.181305,0.034867,0.138684,0.0006,0.000587
0,0.217704,-0.142259,0.240853,-0.115441,0.273855,-0.144498,0.002891,0.002483
0,-0.082338,-0.07794,-0.283674,0.078812,-0.283056,0.107034,0.001437,0.00136
0,-0.059222,0.046285,0.004521,0.143989,-0.017217,0.145083,0.001034,0.000808
0,-0.020609,0.053077,0.013205,0.035279,-0.000872,0.047997,0.00036,0.000926
0,-0.13922,-0.124814,-0.119087,-0.15012,-0.165332,-0.140313,0.00243,0.002178
0,-0.123918,-0.049484,0.025565,0.054188,0.020923,0.080669,0.002163,0.000864
0,-3.411847,0.976926,-3.299536,1.049132,-3.272482,1.000557,0.000669,0.003022
0,-3.391101,2.327447,0.025458,1.371205,0.027657,1.378182,0.001031,0.000477
0,-3.06751,2.077868,0.314262,-0.248775,0.286249,-0.283261,1.2e-05,0.002812
0,-3.307936,1.946403,-0.230721,-0.112744,-0.201691,-0.089719,0.002483,0.000517
0,-2.391596,1.500425,0.916434,-0.418291,0.924647,-0.372337,0.001596,0.000576
0,-2.580536,1.520879,-0.164211,0.016933,-0.126415,-0.004232,0.001797,0.000219
0,-2.141089,1.236557,0.423134,-0.263248,0.440621,-0.250115,0.002776,0.00151
0,-1.448632,0.948004,0.719469,-0.270909,0.678369,-0.243051,0.00148,0.003164
0,-0.808835,0.384556,0.615628,-0.586801,0.568462,-0.616975,0.000735,2.1e-05
0,-0.664428,0.329628,0.153393,-0.084445,0.18812,-0.055228,0.001785,0.000938
0,-0.352575,0.008002,0.338105,-0.332231,0.36944,-0.309463,0.000537,0.00014
0,-0.033514,0.018538,0.331861,0.00923,0.334199,0.021453,0.000585,0.000324
0,0.352787,-0.291117,0.391867,-0.31152,0.423238,-0.297615,0.000534,0.00161
0,0.272935,-0.162116,-0.064517,0.117007,-0.040376,0.163036,0.001927,0.002829
0,0.385496,-0.294438,0.099098,-0.117621,0.144695,-0.139635,3.7e-05,0.001552
0,0.149931,-0.281388,-0.207665,0.021348,-0.226593,-0.024552,0.002617,0.00178
0,0.317396,-0.340306,0.14775,-0.053198,0.116829,-0.008954,0.001151,0.000751
0,0.001127,-0.00701,-0.324112,0.339292,-0.331743,0.370274,2e-05,0.000122
0,0.148064,-0.037432,0.166967,-0.022499,0.211591,-0.038232,0.002584,0.000653
0,0.220866,-0.09702,0.05717,-0.081653,0.103716,-0.070847,0.002836,0.001693
0,0.04028,-0.022038,-0.17282,0.045024,-0.221879,-0.00466,0.000703,0.000385
0,0.094988,-0.051152,0.049951,-0.038649,0.072011,-0.087859,0.001658,0.000893
0,-0.007801,0.038323,-0.115442,0.059608,-0.066463,0.039388,0.000136,0.000669
0,-0.192771,-0.00756,-0.183962,-0.030699,-0.23336,-0.063932,0.003326,0.000132
0,-0.125023,0.065826,0.049812,0.079942,0.021471,0.11298,0.002182,0.001149
0,-0.039467,-0.197857,0.106163,-0.235865,0.109638,-0.256919,0.000689,0.003238
0,-0.000819,-0.110415,0.040908,0.114504,0.034528,0.136619,1.4e-05,0.001927
0,0.065469,-0.034774,0.055535,0.046644,0.012858,0.087302,0.001143,0.000607
0,0.16762,-0.036539,0.111698,0.018282,0.15601,0.039938,0.002926,0.000638
0,0.120741,-0.055801,-0.020595,-0.042148,-0.035401,-0.071989,0.002107,0.000974
0,0.080411,0.048268,-0.054423,0.10926,-0.097323,0.151303,0.001403,0.000842
0,-2.009731,-0.81599,-2.073347,-0.847476,-2.110195,-0.857614,0.001622,0.00086
0,-2.554302,-0.968336,-0.547218,-0.169384,-0.533256,-0.206907,0.002255,0.003172
0,-2.895305,-1.609975,-0.342366,-0.63452,-0.312794,-0.585926,0.002994,0.001336
0,-3.472715,-1.705357,-0.561545,-0.073852,-0.605035,-0.109298,0.000393,0.003001
0,-2.846064,-1.786361,0.610846,-0.103683,0.653848,-0.114203,0.002837,0.002276
0,-2.234899,-1.207167,0.609193,0.608887,0.579703,0.624384,0.001139,0.000997
0,-2.350966,-0.787457,-0.13438,0.419193,-0.154927,0.464404,0.000887,0.000362
0,-2.202891,-0.460374,0.127894,0.311144,0.125489,0.287235,0.001697,0.001344
0,-1.504285,-0.326337,0.698171,0.106859,0.688311,0.151568,0.000509,0.000995
0,-0.99975,-0.383811,0.515083,-0.041157,0.477444,-0.008264,0.002624,8e-06
0,-0.91329,0.024393,0.079558,0.399195,0.062341,0.407416,0.002558,0.000426
0,-0.544469,0.08715,0.367021,0.07457,0.333972,0.0758,0.002812,0.001521
0,0.020556,0.067738,0.564354,-0.035822,0.574017,-0.082832,0.000359,0.001182
0,0.320754,0.139433,0.322945,0.045635,0.300514,0.08505,0.001093,0.002434
0,0.193677,0.035993,-0.104877,-0.087245,-0.123629,-0.043729,0.003311,0.000628
0,0.366434,0.256775,0.200094,0.207736,0.198885,0.201113,0.000295,0.002209
0,0.291109,0.177839,-0.064037,-0.096887,-0.04632,-0.087275,0.00161,0.003104
0,0.173175,0.16721,-0.09665,-0.003418,-0.05079,0.044714,0.003022,0.002918
0,0.059039,-0.035759,-0.106469,-0.206138,-0.06527,-0.197402,0.00103,0.000624
0,0.246668,0.160999,0.158733,0.175753,0.179572,0.133185,0.002386,0.00281
0,0.072572,0.183166,-0.188196,0.046026,-0.175573,0.08354,0.001267,0.003197
0,0.04842,-0.048389,-0.005735,-0.231427,0.034962,-0.190698,0.000845,0.000845
0,0.070684,0.168505,0.031747,0.212128,0.057014,0.248734,0.001234,0.002941
0,0.090876,0.201394,0.031273,0.040094,0.068587,-0.001646,0.001586,0.003176
0,-0.111842,0.085744,-0.198242,-0.097363,-0.217091,-0.122218,0.001952,0.001497
0,-0.164536,0.115392,-0.049133,0.050478,-0.055735,0.017634,0.002872,0.002014
0,-0.066682,0.018555,0.113072,-0.080313,0.156775,-0.127838,0.001164,0.000324
0,-0.155803,-0.053576,-0.059326,-0.099832,-0.060429,-0.133049,0.002719,0.000935
0,-0.028421,-0.109678,0.125142,-0.039035,0.111799,-0.05199,0.000496,0.001914
0,-0.125255,-0.085481,-0.072907,0.030677,-0.029875,0.025543,0.002186,0.001492
0,0.004383,-0.182008,0.125641,-0.090035,0.080253,-0.040173,7.7e-05,0.003177
0,-0.175559,-0.117898,-0.166485,0.053823,-0.133443,0.020677,0.003064,0.002058
0,0.003952,-0.178425,0.201479,-0.086138,0.237768,-0.044914,6.9e-05,0.003114
0,0.055389,-0.138729,0.049527,0.041085,0.06928,-0.001434,0.000967,0.002421
0,0.090946,-0.107541,0.031622,0.030978,0.072735,0.034531,0.001587,0.001877
0,-0.157229,0.071151,-0.255029,0.171477,-0.284216,0.174742,0.002744,0.001242
0,-0.050415,0.045402,0.080636,-0.018498,0.116568,-0.049453,0.00088,0.000792
0,0.020802,-0.09352,0.09544,-0.110238,0.083088,-0.140398,0.000363,0.001632
0,0.138479,-0.114236,0.137539,-0.030651,0.163246,-0.050805,0.002417,0.001994
0,-0.109559,-0.104632,-0.218941,0.001791,-0.196158,-0.043985,0.001912,0.001826
0,0.136026,0.117448,0.224294,0.231442,0.235193,0.271885,0.002374,0.00205
0,-0.068311,-0.092188,-0.183993,-0.181227,-0.21861,-0.203408,0.001192,0.001609
0,-0.093893,-0.024371,-0.049391,0.051495,-0.032068,0.019164,0.001639,0.000425
0,-0.164142,0.114077,-0.071824,0.150099,-0.061269,0.163817,0.002865,0.001991
0,-0.036752,0.00805,0.147621,-0.113703,0.11424,-0.10303,0.000641,0.00014
0,-0.001403,-0.109772,0.041319,-0.134417,0.074637,-0.172983,2.4e-05,0.001916
0,0.052229,0.098164,0.076065,0.199407,0.098266,0.235337,0.000912,0.001713
0,-0.097601,-0.095477,-0.155258,-0.214173,-0.120665,-0.182748,0.001703,0.001666
0,-0.1358,0.139302,-0.052136,0.223566,-0.032625,0.26013,0.00237,0.002431
0,-0.048021,0.078301,0.077479,-0.068863,0.079012,-0.049425,0.000838,0.001367
0,0.064944,-0.037421,0.095848,-0.135096,0.098786,-0.091109,0.001133,0.000653
0,-0.137211,0.083539,-0.224096,0.109282,-0.214095,0.092622,0.002395,0.001458
0,0.176239,0.010149,0.308434,-0.046671,0.321102,-0.007787,0.003076,0.000177
0,-0.076678,0.008498,-0.230401,-0.023627,-0.278005,0.025005,0.001338,0.000148
0,0.121306,-0.155442,0.215471,-0.135309,0.256359,-0.091752,0.002117,0.002713
0,-0.041469,-0.160201,-0.17477,0.003141,-0.211842,0.025859,0.000724,0.002796
0,0.093111,0.128847,0.125611,0.276396,0.13012,0.270731,0.001625,0.002249
0,0.096651,0.018424,0.028972,-0.104761,0.03934,-0.113079,0.001687,0.000322
0,0.176093,0.090439,0.096078,0.088205,0.079289,0.075374,0.003073,0.001578
0,0.005302,0.04942,-0.143243,-0.036133,-0.15664,-0.001382,9.3e-05,0.000863
0,-0.042838,-0.048764,-0.028562,-0.09108,-0.005143,-0.083871,0.000748,0.000851
0,-0.163069,0.013634,-0.106292,0.038665,-0.142419,0.065532,0.002846,0.000238
0,-0.179974,0.123531,-0.015013,0.110146,0.026438,0.07086,0.003141,0.002156
0,-0.197641,0.019184,-0.021537,-0.075507,0.000943,-0.096716,0.003241,0.000335
0,-0.01369,0.126579,0.167201,0.133814,0.147426,0.099726,0.000239,0.002209
0,-0.086946,-0.105253,-0.090509,-0.212739,-0.097883,-0.170994,0.001518,0.001837
0,-0.045995,0.048964,0.027668,0.177359,0.045176,0.212815,0.000803,0.000855
0,-0.263039,0.08981,-0.211425,0.053753,-0.195629,0.078101,0.0021,0.001567
0,-0.152427,0.040829,0.08868,-0.019512,0.133791,-0.053597,0.00266,0.000713
0,-0.156651,-0.00422,0.000231,-0.029909,0.011774,-0.038428,0.002734,7.4e-05
0,-0.019885,0.094683,0.155262,0.096385,0.13271,0.08348,0.000347,0.001653
0,-0.142255,-0.030845,-0.117851,-0.15088,-0.070284,-0.148383,0.002483,0.000538
0,0.040122,0.166383,0.181716,0.180816,0.172364,0.178694,0.0007,0.002904
0,-0.009721,-0.094453,-0.071619,-0.246617,-0.057428,-0.281633,0.00017,0.001649
0,-0.12211,0.167975,-0.085055,0.284736,-0.083451,0.314967,0.002131,0.002932
0,-0.201628,0.113261,-0.064251,-0.072168,-0.052213,-0.042572,0.003172,0.001977
0,-0.228207,-0.07192,-0.026502,-0.172232,-0.002194,-0.194837,0.002708,0.001255
0,-0.121927,-0.063071,0.133118,0.015137,0.10704,0.063689,0.002128,0.001101
0,-0.090311,0.080245,0.042466,0.13106,0.023888,0.120435,0.001576,0.001401
0,-0.00349,-0.042105,0.063669,-0.113794,0.062978,-0.073282,6.1e-05,0.000735
0,-0.014685,-0.079952,-0.008655,-0.064287,0.003532,-0.054603,0.000256,0.001395
0,0.121182,0.124229,0.120543,0.178901,0.135925,0.211091,0.002115,0.002168
0,-0.032591,0.150108,-0.13016,0.034923,-0.085206,0.027496,0.000569,0.00262
0,0.085864,0.087209,0.114753,-0.081295,0.083649,-0.111704,0.001499,0.001522
0,-0.000884,0.01025,-0.103098,-0.088184,-0.071412,-0.047964,1.5e-05,0.000179
0,-0.001184,-0.002368,0.011807,-0.028391,-0.007596,-0.004006,2.1e-05,4.1e-05
0,-0.160022,0.013854,-0.145055,0.01826,-0.112741,-0.010781,0.002793,0.000242
0,-0.107932,0.078059,0.033296,0.088495,0.075742,0.075954,0.001884,0.001362
0,-0.074857,0.057963,0.032114,-0.021636,0.048805,-0.041356,0.001306,0.001012
0,-0.142019,0.00941,-0.076577,-0.072708,-0.103693,-0.027914,0.002479,0.000164
0,-0.213742,0.037228,-0.053013,0.027287,-0.039033,0.045187,0.00296,0.00065
0,-0.159993,-0.050193,0.047553,-0.099208,0.023867,-0.142038,0.002792,0.000876
0,-0.241326,0.036473,-0.078535,0.100976,-0.0872,0.086,0.002479,0.000637
0,-0.1303,-0.060428,0.091176,-0.120891,0.106145,-0.097827,0.002274,0.001055
0,-0.026285,-0.105707,0.081109,-0.047128,0.047359,-0.086426,0.000459,0.001845
0,-0.329507,-0.111753,-0.311487,-0.013276,-0.276393,-0.033927,0.00094,0.00195
0,-0.311394,-0.099572,0.044193,-0.006845,0.034763,-0.016551,0.001256,0.001738
0,-0.105686,0.088329,0.206861,0.213877,0.23947,0.246095,0.001845,0.001542
0,-0.093111,0.070584,-0.01646,-0.009464,-0.043674,0.002736,0.001625,0.001232
0,-0.015281,-0.059148,0.088933,-0.105428,0.065674,-0.059873,0.000267,0.001032
0,-0.242281,-0.08795,-0.238207,-0.037679,-0.213354,-0.010824,0.002462,0.001535
0,-0.16815,-0.084003,0.062057,0.020561,0.028788,0.039777,0.002935,0.001466
0,-0.159494,0.031353,0.031513,0.100371,0.054214,0.05728,0.002784,0.000547
0,-0.19389,-0.201251,-0.018722,-0.253679,0.00674,-0.297635,0.003307,0.003178
0,-0.053278,0.008169,0.14156,0.181588,0.17126,0.146314,0.00093,0.000143
0,0.033319,-0.009085,0.087934,0.008102,0.102841,-0.019244,0.000582,0.000159
0,-0.101748,-0.221367,-0.131527,-0.207804,-0.137472,-0.176432,0.001776,0.002827
0,-0.181651,-0.198915,-0.090883,0.020714,-0.08348,0.05931,0.00317,0.003219
0,-0.145902,-0.047265,0.012263,0.154817,-0.01712,0.159999,0.002546,0.000825
0,-0.231494,-0.215598,-0.07167,-0.189106,-0.073498,-0.206858,0.00265,0.002928
0,-0.142407,-0.236313,0.106896,0.001373,0.105058,-0.042938,0.002485,0.002566
0,-0.223303,-0.048553,-0.080217,0.210228,-0.114951,0.183117,0.002793,0.000847
0,0.026552,-0.19877,0.246564,-0.148408,0.272194,-0.155452,0.000463,0.003222
0,-0.07649,-0.00209,-0.115709,0.177876,-0.114911,0.225781,0.001335,3.6e-05
0,-0.189058,-0.156629,-0.142164,-0.150024,-0.166323,-0.146312,0.0033,0.002734
0,-0.18145,0.04332,-0.012562,0.177658,0.029175,0.175004,0.003167,0.000756
0,-0.0508,-0.048537,0.116276,-0.112742,0.140448,-0.126918,0.000887,0.000847
0,-0.136146,-0.093301,-0.056101,-0.016247,-0.083285,-0.011973,0.002376,0.001628
0,-0.257399,-0.216387,-0.117798,-0.115432,-0.111444,-0.102834,0.002198,0.002914
0,-0.169013,0.013497,0.097888,0.234482,0.147203,0.25576,0.00295,0.000236
0,-0.026423,0.045058,0.148006,0.020424,0.184671,0.000709,0.000461,0.000786
0,-0.15432,0.050086,-0.131251,0.030317,-0.129085,0.035013,0.002693,0.000874
0,0.04144,-0.169648,0.171531,-0.206968,0.150676,-0.218004,0.000723,0.002961
0,0.083565,0.001834,0.025407,0.142186,-0.010333,0.132647,0.001458,3.2e-05
0,-0.104217,-0.205683,-0.197952,-0.2341,-0.216781,-0.199284,0.001819,0.003101
0,-0.078909,-0.18914,0.02157,-0.005292,-0.016127,-0.001414,0.001377,0.003301
0,0.095608,-0.071609,0.194287,0.096621,0.193571,0.118777,0.001669,0.00125
0,-0.01656,-0.213102,-0.113644,-0.122594,-0.086262,-0.145097,0.000289,0.002971
0,-0.068015,-0.112981,-0.063397,0.095372,-0.083391,0.063434,0.001187,0.001972
0,-0.080919,-0.05046,-0.041726,0.053935,-0.046491,0.081114,0.001412,0.000881
0,0.135013,0.075944,0.238573,0.137566,0.2622,0.151716,0.002356,0.001325
0,0.057022,-0.087148,-0.081293,-0.165142,-0.107356,-0.173306,0.000995,0.001521
0,0.003626,-0.072531,-0.050251,0.001571,-0.002746,0.021609,6.3e-05,0.001266
0,-0.105773,0.02344,-0.137319,0.102777,-0.168636,0.131496,0.001846,0.000409
0,-0.131887,0.006483,-0.035175,-0.003668,-0.077824,0.002957,0.002302,0.000113
0,-0.002978,0.08073,0.145273,0.068307,0.112904,0.103315,5.2e-05,0.001409
0,-0.073774,0.136269,-0.044791,0.029041,-0.008543,-0.013499,0.001288,0.002378
0,0.035425,-0.084807,0.081037,-0.246873,0.108252,-0.270646,0.000618,0.00148
0,0.021602,-0.091726,-0.016319,0.006663,-0.026493,0.018455,0.000377,0.001601
0,-0.02197,0.081729,-0.051464,0.174002,-0.004504,0.193664,0.000383,0.001426
0,-0.060371,0.029386,-0.030222,-0.047957,-0.005173,-0.025223,0.001054,0.000513
0,0.079375,-0.052354,0.13164,-0.089858,0.141889,-0.041607,0.001385,0.000914
0,0.107684,0.089278,0.057717,0.157268,0.010053,0.191689,0.001879,0.001558
0,-0.035448,0.077547,-0.11959,-0.03694,-0.106695,-0.055332,0.000619,0.001353
0,-0.130104,0.041351,-0.097929,-0.012815,-0.11957,-0.000155,0.002271,0.000722
0,-0.013161,-0.06534,0.128291,-0.119849,0.089265,-0.11937,0.00023,0.00114
0,-0.187059,0.151407,-0.157169,0.191503,-0.16115,0.144549,0.003265,0.002643
0,-0.079651,0.027649,0.091536,-0.094452,0.100002,-0.095741,0.00139,0.000483
0,-0.092019,0.065265,-0.022734,0.063376,0.021649,0.016864,0.001606,0.001139
0,-0.095296,-0.033246,0.001327,-0.084268,0.029843,-0.082712,0.001663,0.00058
0,-0.094701,0.114154,-0.006696,0.171183,-0.043245,0.198668,0.001653,0.001992
0,0.150306,-0.019555,0.265638,-0.139394,0.265613,-0.182843,0.002623,0.000341
0,0.012511,-0.078443,-0.150324,-0.055349,-0.171758,-0.007829,0.000218,0.001369
0,0.03358,-0.041287,0.029566,0.030651,0.051701,0.059566,0.000586,0.000721
0,-0.047463,-0.099599,-0.104749,-0.035771,-0.129284,-0.000341,0.000828,0.001738
0,0.037304,0.045597,0.106663,0.13635,0.109918,0.157736,0.000651,0.000796
0,-0.12341,-0.017243,-0.165296,-0.071363,-0.189709,-0.080788,0.002154,0.000301
0,-0.026639,-0.004062,0.121647,0.012404,0.157975,-0.026514,0.000465,7.1e-05
0,-0.163306,-0.015286,-0.166362,-0.000379,-0.184226,-0.001323,0.00285,0.000267
0,-0.027133,0.102885,0.135723,0.112593,0.157641,0.157996,0.000474,0.001796
0,-0.127442,-0.122873,-0.126375,-0.232501,-0.174186,-0.243563,0.002224,0.002145
0,-0.044574,-0.132468,0.109096,0.000311,0.104954,-0.047686,0.000778,0.002312
0,-0.092754,-0.082463,-0.05246,0.073716,-0.088476,0.099565,0.001619,0.001439
0,0.087933,-0.157039,0.173946,-0.070375,0.130252,-0.082416,0.001535,0.002741
0,-0.022243,-0.147793,-0.098534,0.025349,-0.062347,0.004255,0.000388,0.002579
0,-0.135964,0.027412,-0.085703,0.15274,-0.123841,0.156333,0.002373,0.000478
0,-0.00955,0.054384,0.140102,0.029173,0.16777,0.060941,0.000167,0.000949
0,-0.097772,0.126722,-0.065232,0.072657,-0.045812,0.045359,0.001706,0.002212
0,0.194714,0.011934,0.309084,-0.130519,0.348088,-0.105381,0.003292,0.000208
0,3.254011,0.094234,3.089216,0.059046,3.048263,0.058776,0.003267,0.001645
0,3.814011,0.362915,0.537165,0.296025,0.549013,0.275639,0.000341,0.000357
0,3.879878,0.305207,0.043302,-0.084811,0.024042,-0.078177,0.000808,0.001364
0,4.334247,0.511549,0.437503,0.204987,0.390249,0.238828,0.002048,0.002237
0,3.848347,0.441758,-0.509945,-0.08206,-0.506859,-0.114388,0.000258,0.001019
0,3.649742,0.299234,-0.177121,-0.128458,-0.168548,-0.166504,0.003208,0.001468
0,3.087077,0.22766,-0.586935,-0.099851,-0.594583,-0.130295,0.000353,0.002717
0,2.299953,0.201689,-0.784931,-0.035217,-0.787486,-0.048746,3e-06,0.003171
0,1.812169,0.171746,-0.503014,-0.018937,-0.487416,-0.029054,0.001826,0.002998
0,1.453495,-0.039962,-0.38322,-0.216529,-0.353793,-0.245989,0.001395,0.000697
0,0.717906,-0.126028,-0.706478,-0.060811,-0.74717,-0.022327,0.000852,0.0022
0,0.41115,-0.049992,-0.286159,0.083175,-0.240652,0.048031,0.000485,0.000873
0,-0.005959,-0.162416,-0.408419,-0.096621,-0.449438,-0.052649,0.000104,0.002835
0,-0.349068,-0.186928,-0.334141,-0.00503,-0.351197,0.040806,0.000598,0.003263
0,-0.337786,-0.032892,0.028017,0.153574,0.052793,0.1788,0.000795,0.000574
0,-0.559797,-0.017059,-0.214873,0.007123,-0.23531,-0.028952,0.003079,0.000298
0,-0.551322,-0.309431,0.018745,-0.306696,0.063738,-0.343922,0.002932,0.00129
0,-0.613613,-0.176348,-0.052404,0.115606,-0.068267,0.124259,0.002672,0.003078
0,-0.55214,0.024688,0.086632,0.191031,0.0946,0.211488,0.002946,0.000431
0,-0.607906,0.047901,-0.027039,0.0208,-0.056808,0.053941,0.002772,0.000836
0,-0.36137,0.007054,0.249151,-0.053983,0.21404,-0.052567,0.000384,0.000123
0,-0.149737,0.083407,0.211493,0.099093,0.249421,0.080825,0.002613,0.001456
0,-0.102611,-0.11795,0.057399,-0.205144,0.095172,-0.194867,0.001791,0.002059
0,-0.159069,-0.185504,-0.070435,-0.069519,-0.07472,-0.115538,0.002776,0.003238
0,-0.002092,-0.008998,0.158535,0.153598,0.171187,0.151835,3.7e-05,0.000157
0,-2.517776,-1.492012,-2.531846,-1.510853,-2.482173,-1.529556,0.002892,0.000723
0,-3.679971,-1.770566,-1.176537,-0.266176,-1.146388,-0.263624,0.002681,0.002552
0,-4.214635,-2.058722,-0.56312,-0.307152,-0.536149,-0.2995,4e-05,0.002477
0,-4.242312,-2.287038,-0.048867,-0.234482,-0.017768,-0.276415,0.000443,0.000229
0,-3.504539,-2.127965,0.742534,0.154768,0.749105,0.20092,0.000948,0.003005
0,-3.075264,-1.54922,0.438574,0.592713,0.395254,0.552612,0.000147,0.000276
0,-2.601727,-1.366027,0.481029,0.212859,0.463894,0.187946,0.001427,0.002922
0,-1.936666,-0.860565,0.687985,0.49343,0.721406,0.457996,0.000347,0.001638
0,-1.521671,-0.498954,0.426206,0.347373,0.417224,0.318783,0.000205,0.002018
0,-0.853238,-0.219877,0.665349,0.255085,0.708123,0.2577,0.00151,0.002853
0,-0.3637,-0.307276,0.472874,-0.109184,0.441089,-0.072547,0.000343,0.001328
0,-0.179821,-0.142423,0.17097,0.16337,0.198518,0.135301,0.003138,0.002486
0,0.060586,-0.110662,0.243393,0.00224,0.245938,-0.019584,0.001057,0.001931
0,0.315432,-0.03292,0.27166,0.060264,0.297985,0.074283,0.001185,0.000575
0,0.381035,-0.065157,0.056617,-0.03859,0.102928,-0.042884,4.1e-05,0.001137
0,0.693827,-0.096602,0.314105,-0.016771,0.336332,-0.064205,0.001272,0.001686
0,0.365604,0.187945,-0.351203,0.271654,-0.366882,0.253921,0.00031,0.00328
0,0.363854,0.011228,0.000944,-0.170956,-0.040535,-0.140918,0.00034,0.000196
0,0.528844,0.220616,0.154408,0.220947,0.187286,0.230396,0.002539,0.00284
0,0.403254,0.033356,-0.14696,-0.170849,-0.171693,-0.165086,0.000347,0.000582
0,0.073129,0.057633,-0.323221,0.015455,-0.32263,-0.027845,0.001276,0.001006
0,0.196289,0.053984,0.146313,-0.025235,0.150413,-0.062079,0.003265,0.000942
0,0.182322,0.03855,0.006851,-0.003243,0.046847,-0.003008,0.003182,0.000673
0,0.2887,0.173366,0.106145,0.159745,0.121425,0.151747,0.001652,0.003026
0,0.241753,-0.038541,-0.060477,-0.212234,-0.098851,-0.205192,0.002471,0.000673
0,0.123754,0.036689,-0.11646,0.057214,-0.081331,0.103839,0.00216,0.00064
0,-0.034122,-0.001736,-0.149499,-0.057867,-0.156244,-0.06138,0.000596,3e-05
0,0.17526,0.108774,0.194461,0.104191,0.205434,0.065036,0.003059,0.001898
0,0.069422,-0.07517,-0.081262,-0.183985,-0.073883,-0.217967,0.001212,0.001312
0,-0.003208,0.068611,-0.059059,0.136401,-0.100053,0.128595,5.6e-05,0.001197
0,0.016237,0.099796,0.022184,0.046925,-0.004215,0.054878,0.000283,0.001742
0,0.081964,0.051997,0.093312,-0.044956,0.049099,-0.05721,0.001431,0.000908
0,-0.067886,0.026035,-0.159833,-0.048171,-0.144938,-0.029542,0.001185,0.000454
0,0.145818,0.109167,0.18821,0.069117,0.199755,0.032297,0.002545,0.001905
0,0.029232,0.073556,-0.136557,-0.01402,-0.12637,-0.059719,0.00051,0.001284
0,1.588802,-0.229302,1.53769,-0.29942,1.558373,-0.343324,0.000967,0.002689
0,2.361224,-0.374963,0.757163,-0.162556,0.766431,-0.147841,0.001066,0.000146
0,3.595314,-0.632162,1.235523,-0.261051,1.225641,-0.270164,0.002533,0.002348
0,3.608848,-0.605608,0.01121,0.026337,0.03627,0.041521,0.002769,0.002812
0,3.724177,-0.691397,0.106742,-0.090288,0.067164,-0.066747,0.001909,0.001314
0,3.565044,-0.507406,-0.158857,0.155572,-0.162475,0.144056,0.002004,0.002165
0,2.969749,-0.298034,-0.568992,0.227197,-0.590843,0.26121,0.001695,0.001489
0,1.986222,-0.298023,-0.988323,0.026686,-0.94761,0.01414,0.001212,0.001489
0,1.482947,-0.213508,-0.474088,0.105307,-0.502887,0.110687,0.000881,0.002964
0,0.781022,0.004733,-0.686977,0.209568,-0.694306,0.221695,0.00025,8.3e-05
0,0.231466,-0.089907,-0.564582,-0.090106,-0.527199,-0.062168,0.002651,0.001569
0,-0.078916,0.118223,-0.306525,0.191312,-0.295332,0.183197,0.001377,0.002063
0,-0.386121,0.172715,-0.29512,0.040767,-0.292781,0.035196,4.8e-05,0.003014
0,-0.515291,0.22768,-0.122281,0.069469,-0.131869,0.060996,0.002303,0.002717
0,-0.449212,0.062279,0.095297,-0.13889,0.074099,-0.150597,0.001149,0.001087
0,-0.603781,0.079475,-0.142101,0.039606,-0.120974,0.060321,0.002844,0.001387
0,-0.505815,0.056282,0.10216,-0.037622,0.137911,-0.015858,0.002137,0.000982
0,-0.491161,0.054619,0.00598,0.008374,0.012421,0.055364,0.001882,0.000953
0,-0.435107,0.166223,0.048342,0.104067,0.025208,0.136607,0.000903,0.002901
0,-0.261824,0.066729,0.18132,-0.072749,0.22946,-0.051624,0.002121,0.001165
0,-0.273482,-0.03496,0.016807,-0.09131,0.062532,-0.08762,0.001918,0.00061
0,-0.271792,0.039111,0.02142,0.076255,0.049992,0.037987,0.001947,0.000683
0,-0.460622,-0.114418,-0.200168,-0.141019,-0.195617,-0.113385,0.001349,0.001997
0,-0.264191,0.151426,0.17798,0.28422,0.192958,0.300431,0.00208,0.002643
0,-0.303156,0.102771,-0.024692,-0.071831,-0.039812,-0.044713,0.0014,0.001794
0,-0.271456,-0.026137,0.02048,-0.151221,0.048765,-0.105531,0.001953,0.000456
0,-0.244102,0.051006,0.003235,0.072703,0.033081,0.122511,0.00243,0.00089
0,-0.462219,0.050406,-0.227161,0.019539,-0.216278,0.004638,0.001376,0.00088
0,-0.165002,0.129856,0.28912,0.056412,0.243128,0.091344,0.00288,0.002266
0,-0.187768,-0.009118,0.001637,-0.164231,0.014476,-0.118172,0.003277,0.000159
0,-0.111857,0.033665,0.078546,0.068629,0.123592,0.07764,0.001952,0.000588
0,-0.266595,0.111907,-0.160682,0.089627,-0.152234,0.129042,0.002038,0.001953
0,-0.044992,0.057299,0.203647,-0.029568,0.200549,-0.007728,0.000785,0.001
0,-0.21064,0.17478,-0.166646,0.101356,-0.197138,0.081279,0.003014,0.00305
0,-0.135937,0.096293,0.091648,-0.050626,0.103825,-0.064451,0.002373,0.001681
0,-0.063931,-0.118579,0.053788,-0.230052,0.076027,-0.207936,0.001116,0.00207
0,-0.262522,0.108882,-0.200555,0.244935,-0.233821,0.245001,0.002109,0.0019
0,-0.173184,0.018787,0.107317,-0.109066,0.089285,-0.07348,0.003023,0.000328
0,-0.243918,-0.161663,-0.057534,-0.17857,-0.02934,-0.160675,0.002434,0.002822
0,-0.262483,0.047487,-0.042691,0.187371,-0.067312,0.206255,0.00211,0.000829
0,-0.178317,-0.081719,0.081143,-0.121032,0.040428,-0.121561,0.003112,0.001426
0,-0.27245,-0.027568,-0.121658,0.049217,-0.165774,0.044204,0.001936,0.000481
0,-0.118762,-0.039574,0.15671,-0.013765,0.172955,0.015237,0.002073,0.000691
0,-0.251741,-0.054348,-0.154583,-0.033934,-0.18859,-0.039326,0.002297,0.000949
0,-0.241851,-0.13099,0.03788,-0.094588,0.047611,-0.118917,0.00247,0.002286
0,-0.025883,-0.213044,0.230685,-0.059717,0.23469,-0.026863,0.000452,0.002973
0,-0.129204,0.037546,-0.111162,0.270123,-0.086037,0.27978,0.002255,0.000655
0,0.029334,-0.049634,0.181557,-0.073438,0.200554,-0.06964,0.000512,0.000866
0,-0.007282,0.057765,-0.062879,0.099515,-0.053662,0.097994,0.000127,0.001008
0,0.015268,0.052337,0.007013,-0.025273,0.025737,-0.007247,0.000266,0.000913
0,0.088913,0.137408,0.059502,0.071402,0.050093,0.09897,0.001552,0.002398
0,0.170907,-0.127186,0.089273,-0.258771,0.066961,-0.297121,0.002983,0.00222
0,-0.075638,-0.143375,-0.244266,-0.004993,-0.274794,0.032999,0.00132,0.002502
0,-0.026418,0.01067,0.042463,0.157799,0.007923,0.127977,0.000461,0.000186
0,0.119705,-0.115881,0.171322,-0.141507,0.135832,-0.101646,0.002089,0.002022
0,-0.016337,0.087757,-0.160394,0.217245,-0.192021,0.227264,0.000285,0.001532
0,0.111068,-0.194134,0.133877,-0.303532,0.093588,-0.338513,0.001938,0.003303
0,0.122302,-0.149867,0.027912,0.067722,0.012376,0.085915,0.002135,0.002616
0,0.01108,0.098557,-0.115481,0.254319,-0.144981,0.217125,0.000193,0.00172
0,0.130339,0.023129,0.121192,-0.076289,0.078256,-0.071898,0.002275,0.000404
0,0.076229,0.01059,-0.058751,-0.003117,-0.050601,-0.028198,0.00133,0.000185
0,3.47043,-0.622073,3.39861,-0.661655,3.439651,-0.649208,0.000353,0.002524
0,4.526148,-1.551193,1.032273,-0.951587,0.991714,-0.928855,0.001294,0.00031
0,6.053551,-1.955688,1.534152,-0.383864,1.547159,-0.382447,0.001399,0.000679
0,6.875575,-2.077494,0.850678,-0.11138,0.861709,-0.126492,0.000433,0.002805
0,5.778657,-2.449359,-1.078801,-0.360481,-1.121315,-0.382989,0.000494,0.002604
0,4.936958,-2.180586,-0.866722,0.282806,-0.852146,0.266284,0.000814,0.002087
0,3.852331,-1.848706,-1.074616,0.332682,-1.094005,0.354524,0.000328,0.001188
0,3.146494,-1.473176,-0.682392,0.356899,-0.633908,0.345447,0.00139,0.001051
0,2.596226,-1.241634,-0.576092,0.228186,-0.596018,0.220071,0.001523,0.001598
0,1.436357,-1.01282,-1.167518,0.208522,-1.141681,0.209525,0.001694,0.002395
0,0.094031,-0.861205,-1.365612,0.161592,-1.343187,0.165026,0.001641,0.001649
0,-0.461273,-0.594375,-0.527571,0.283525,-0.518597,0.290191,0.00136,0.003008
0,-0.56573,-0.320884,-0.091552,0.290244,-0.119068,0.264474,0.003183,0.00109
0,-0.778282,-0.066584,-0.239172,0.270919,-0.287366,0.286628,0.000202,0.001162
0,-0.560487,-0.018599,0.195692,0.058934,0.231406,0.08772,0.003092,0.000325
0,-0.510911,0.221782,0.063975,0.270233,0.026065,0.312472,0.002226,0.00282
0,-1.494916,-0.539969,-0.982522,-0.776102,-0.98143,-0.791154,0.000672,0.002733
0,-3.497975,-1.043242,-1.989116,-0.509453,-1.974747,-0.518283,0.000834,0.001864
0,-4.381294,-0.967666,-0.911554,0.08967,-0.899877,0.10624,0.002869,0.003183
0,-4.161725,-1.250939,0.190929,-0.289875,0.22687,-0.275606,0.000963,0.001761
0,-2.662291,-3.588477,1.497795,-2.321653,1.477392,-2.359798,0.00037,0.002413
0,-1.766879,-3.829156,0.915039,-0.234257,0.932801,-0.202477,0.002616,7.7e-05
0,-0.98136,-3.506322,0.765157,0.34617,0.772745,0.341496,0.002944,0.000979
0,-0.85854,-2.885025,0.149169,0.645651,0.196381,0.688149,0.001603,0.003173
0,-0.083695,-2.214039,0.781827,0.654227,0.744438,0.623628,0.001461,0.001503
0,-0.068453,-1.663733,0.02888,0.547203,-0.003566,0.560205,0.001195,0.002274
0,0.147268,-0.626738,0.21264,1.060036,0.224617,1.012253,0.00257,0.002443
0,0.270788,-0.190526,0.142531,0.409952,0.097897,0.362709,0.001965,0.003325
0,0.244211,0.049833,-0.054506,0.214874,-0.023378,0.23503,0.002429,0.00087
0,0.152633,0.084062,-0.118616,0.00858,-0.117019,0.032173,0.002664,0.001467
0,0.117116,0.27084,-0.036669,0.201092,-0.049925,0.184069,0.002044,0.001964
0,0.040962,0.462259,-0.091701,0.181453,-0.091709,0.174738,0.000715,0.001377
0,0.111256,0.261194,0.082179,-0.214142,0.042148,-0.207164,0.001942,0.002132
0,0.213075,0.397274,0.124914,0.128851,0.096418,0.176698,0.002972,0.000243
0,0.178759,0.15661,-0.041753,-0.233999,-0.045738,-0.187246,0.00312,0.002733
0,0.137729,0.127438,-0.016454,-0.049274,-0.036297,-0.021141,0.002404,0.002224
0,0.007651,0.131134,-0.157497,0.013611,-0.133904,-0.006665,0.000134,0.002289
0,0.084932,0.198612,0.101858,0.080101,0.114438,0.129518,0.001482,0.003224
0,0.007201,0.261006,-0.071906,0.039395,-0.062445,0.01249,0.000126,0.002135
0,0.243307,0.166787,0.243665,-0.073433,0.199092,-0.03686,0.002444,0.002911
0,0.000618,0.289595,-0.250998,0.094283,-0.267279,0.105985,1.1e-05,0.001636
0,0.035793,0.293651,0.043783,0.00986,0.012408,0.053217,0.000625,0.001566
0,0.228534,0.288861,0.181739,-0.032717,0.204644,-0.081756,0.002702,0.001649
0,0.26763,0.14386,0.01803,-0.170718,0.03946,-0.210171,0.00202,0.002511
0,0.066967,0.244705,-0.229475,0.120927,-0.248211,0.086134,0.001169,0.00242
0,0.079767,0.295228,0.023422,0.067675,-0.00129,0.033861,0.001392,0.001538
0,0.112935,0.259186,0.029024,-0.010584,0.063771,0.007539,0.001971,0.002167
0,0.081425,0.058288,-0.027039,-0.178615,-0.048036,-0.194666,0.001421,0.001017
0,0.099912,0.198061,0.03347,0.133755,0.011962,0.113685,0.001744,0.003234
0,0.146124,0.228102,0.016461,0.057948,0.015558,0.107736,0.00255,0.00271
0,0.106219,0.104789,-0.036948,-0.124018,-0.041966,-0.147016,0.001854,0.001829
0,0.277339,0.151838,0.179853,0.036538,0.169233,0.011414,0.00185,0.00265
0,0.279978,0.015336,-0.016332,-0.154781,-0.010695,-0.144684,0.001804,0.000268
0,0.288835,0.09744,-0.016625,0.07156,-0.018827,0.076764,0.00165,0.001701
0,0.243734,0.271071,-0.019971,0.199578,-0.000352,0.183332,0.002437,0.00196
0,-0.047725,0.074784,-0.270919,-0.172797,-0.237393,-0.194563,0.000833,0.001305
0,0.180209,0.008252,0.209566,-0.036731,0.198479,-0.038691,0.003145,0.000144
0,0.024861,0.111335,-0.181142,0.076735,-0.202275,0.074293,0.000434,0.001943
0,-0.010691,0.033752,-0.056982,-0.100014,-0.021896,-0.141946,0.000187,0.000589
0,-0.128021,0.013829,-0.091214,-0.034775,-0.125778,-0.073614,0.002234,0.000241
0,0.06476,0.173604,0.171915,0.139426,0.133683,0.146311,0.00113,0.00303
0,1.636938,-0.856439,1.559514,-1.012184,1.576078,-0.97829,0.001807,0.001566
0,3.330751,-1.514211,1.71528,-0.646081,1.707882,-0.661477,0.002085,0.000335
0,4.048358,-2.232259,0.718937,-0.741608,0.721152,-0.784907,0.002942,0.001185
0,4.059995,-2.524581,0.038316,-0.286184,0.083974,-0.255079,0.002739,0.002773
0,3.180004,-2.181415,-0.902286,0.31795,-0.892109,0.352871,0.001975,0.002072
0,2.751406,-2.162457,-0.424086,0.046686,-0.458885,0.031912,0.001185,0.002403
0,2.192442,-1.562755,-0.548351,0.605154,-0.593952,0.605693,0.00188,0.000512
0,1.262648,-1.262858,-0.958195,0.275047,-0.945388,0.265942,0.001965,0.001969
0,0.709892,-0.93646,-0.536098,0.343978,-0.527376,0.296125,0.000992,0.002963
0,0.443758,-0.627701,-0.292456,0.284426,-0.325762,0.29211,0.001054,0.002426
0,0.276041,-0.490648,-0.181314,0.139228,-0.152804,0.182715,0.001873,0.001873
0,-0.158293,-0.280487,-0.443435,0.193958,-0.404902,0.148824,0.002763,0.001795
0,-0.027564,0.002546,0.158079,0.264314,0.134292,0.29725,0.000481,4.4e-05
0,-0.163233,0.068449,-0.126191,0.090791,-0.103449,0.061733,0.002849,0.001195
0,-0.173359,0.383267,0.000444,0.289208,0.021204,0.265566,0.003026,2e-06
0,-0.393055,0.159694,-0.237551,-0.210523,-0.2766,-0.212153,0.000169,0.002787
0,-0.210486,0.304083,0.164057,0.141965,0.177172,0.171448,0.003017,0.001384
0,-0.157362,0.331148,0.036213,0.018517,0.041673,0.062902,0.002746,0.000911
0,-0.216498,0.087451,-0.054023,-0.226933,-0.027335,-0.203582,0.002912,0.001526
0,-0.195492,0.180677,0.018725,0.092196,-0.027051,0.075259,0.003279,0.003153
0,-0.058149,0.178154,0.136768,-0.024494,0.181473,0.012945,0.001015,0.003109
0,-0.24136,0.155389,-0.178408,-0.028452,-0.22747,-0.062575,0.002478,0.002712
0,-0.193512,0.062005,0.045973,-0.100139,0.084988,-0.121245,0.003313,0.001082
0,-0.015417,0.163723,0.197279,0.126736,0.214944,0.17225,0.000269,0.002858
0,-0.260228,0.183589,-0.25107,0.039155,-0.207583,0.022144,0.002149,0.003204
0,-0.317879,-0.012502,-0.070188,-0.208391,-0.032977,-0.162399,0.001143,0.000218
0,-0.175835,-0.026717,0.150115,-0.030793,0.155441,-0.022013,0.003069,0.000466
0,-0.047941,-0.029769,0.148444,0.013717,0.132273,-0.030466,0.000837,0.00052
0,-0.090064,-0.072633,-0.070546,-0.054558,-0.058693,-0.009315,0.001572,0.001268
0,-0.226634,0.150608,-0.108257,0.207192,-0.143235,0.197185,0.002735,0.002629
0,-0.118144,-0.077396,0.099019,-0.206424,0.093538,-0.219853,0.002062,0.001351
0,-0.245858,0.102308,-0.146185,0.17344,-0.187316,0.173208,0.0024,0.001786
0,-0.164108,0.071013,0.105834,-0.040803,0.136582,-0.04506,0.002864,0.001239
0,-0.001757,0.059156,0.134022,-0.002939,0.16983,0.02023,3.1e-05,0.001032
0,-0.264851,0.041239,-0.256995,-0.030728,-0.218062,-0.067821,0.002068,0.00072
0,-0.094729,0.096173,0.185973,0.045427,0.139766,0.03385,0.001653,0.001679
0,-0.109028,0.050792,-0.012932,-0.054923,-0.031704,-0.019052,0.001903,0.000886
0,-0.035578,-0.029975,0.06909,-0.075935,0.090121,-0.036725,0.000621,0.000523
0,-0.107413,-0.139839,-0.070215,-0.100807,-0.088834,-0.060604,0.001875,0.002441
0,-0.037224,-0.145285,0.076716,0.004224,0.062453,-0.04427,0.00065,0.002536
0,0.08893,-0.16535,0.099575,-0.02874,0.109886,-0.075333,0.001552,0.002886
0,-0.115164,-0.112372,-0.218422,0.046899,-0.227003,0.072861,0.00201,0.001961
0,0.050603,-0.08153,0.137103,0.058445,0.177925,0.067571,0.000883,0.001423
0,-0.052658,0.111487,-0.094485,0.217584,-0.115063,0.229287,0.000919,0.001946
0,-0.087195,-0.176165,-0.032391,-0.311925,-0.013345,-0.272576,0.001522,0.003075
0,0.158544,-0.180385,0.236338,-0.014941,0.234005,-0.028829,0.002767,0.003148
0,0.018569,0.061212,-0.130233,0.253476,-0.085635,0.287334,0.000324,0.001068
0,-0.045584,-0.141789,-0.040741,-0.210906,-0.070019,-0.232906,0.000796,0.002475
0,0.100007,-0.120087,0.155223,0.025636,0.10779,0.012745,0.001745,0.002096
0,-0.021058,0.008886,-0.119628,0.107746,-0.135063,0.096194,0.000368,0.000155
0,0.186905,-0.064739,0.209119,-0.093019,0.185977,-0.0619,0.003262,0.00113
0,0.241558,0.009832,0.072699,0.057568,0.055742,0.052203,0.002475,0.000172
0,0.120621,-0.098399,-0.10973,-0.117927,-0.148609,-0.138727,0.002105,0.001717
0,-0.007154,-0.141348,-0.148325,-0.052818,-0.099848,-0.042792,0.000125,0.002467
0,0.125997,-0.144198,0.145312,0.003631,0.109416,0.01077,0.002199,0.002517
0,0.049455,-0.019667,-0.065568,0.144769,-0.077499,0.101588,0.000863,0.000343
0,0.125006,0.066285,0.052144,0.071347,0.042728,0.070149,0.002182,0.001157
0,0.194101,-0.096165,0.055013,-0.183125,0.057564,-0.161636,0.003303,0.001678
0,-0.080628,-0.106731,-0.278785,0.012877,-0.260802,-0.023081,0.001407,0.001863
0,-0.025852,-0.084699,0.03912,0.000311,0.088976,0.005228,0.000451,0.001478
0,-0.06,-0.175376,-0.032924,-0.102598,-0.064317,-0.126921,0.001047,0.003061
0,0.033876,-0.136146,0.099565,0.026423,0.104274,-0.023239,0.000591,0.002376
0,0.131075,-0.177491,0.113101,-0.01416,0.122378,0.027561,0.002288,0.003098
0,-0.012761,0.041362,-0.130248,0.202927,-0.086133,0.210446,0.000223,0.000722
0,0.096915,-0.039304,0.10273,-0.093447,0.069384,-0.120015,0.001691,0.000686
0,-0.057679,0.127814,-0.159105,0.162844,-0.140073,0.168682,0.001007,0.002231
0,-0.058357,0.05564,0.023696,-0.056424,0.059774,-0.014405,0.001019,0.000971
0,0.015063,-0.027999,0.046426,-0.102259,0.00426,-0.146958,0.000263,0.000489
0,0.051202,-0.073156,0.022227,-0.074981,0.044536,-0.03762,0.000894,0.001277
0,-0.072323,-0.005549,-0.124411,0.055016,-0.118019,0.008224,0.001262,9.7e-05
0,-0.116921,-0.062425,-0.024514,-0.053898,-0.065935,-0.051668,0.002041,0.00109
0,-0.13257,0.046251,-0.010709,0.118588,-0.014519,0.093914,0.002314,0.000807
0,0.118651,-0.089248,0.269155,-0.161241,0.290724,-0.162061,0.002071,0.001558
0,0.174051,-0.037059,0.026739,0.06366,0.063627,0.089223,0.003038,0.000647
0,0.150697,0.063964,-0.004207,0.114286,-0.034999,0.078487,0.00263,0.001116
0,-0.085713,-0.03519,-0.231758,-0.119199,-0.191514,-0.132534,0.001496,0.000614
0,0.018359,-0.157283,0.110551,-0.124375,0.080365,-0.103451,0.00032,0.002745
0,0.015773,0.089296,0.019701,0.26073,0.001487,0.238715,0.000275,0.001559
0,-0.025423,0.032582,-0.020457,-0.040688,-0.06807,0.003691,0.000444,0.000569
0,-0.032201,-0.085728,0.022291,-0.099126,0.056459,-0.108042,0.000562,0.001496
0,0.065243,0.009042,0.116308,0.108952,0.161564,0.084786,0.001139,0.000158
0,0.014317,-0.096752,-0.043848,-0.086894,-0.069971,-0.054395,0.00025,0.001689
0,0.132199,0.012195,0.130507,0.098134,0.092904,0.083514,0.002307,0.000213
0,0.001892,-0.117025,-0.146921,-0.103699,-0.132124,-0.144407,3.3e-05,0.002042
0,-0.01022,0.029815,0.017876,0.118919,0.018669,0.115443,0.000178,0.00052
0,0.074868,0.070782,0.056217,0.035753,0.055526,0.016094,0.001307,0.001235
0,-0.043078,0.062755,-0.119406,0.010609,-0.076857,-0.008246,0.000752,0.001095
0,0.157677,-0.048688,0.182024,-0.083514,0.20016,-0.091491,0.002752,0.00085
0,-0.096887,0.050703,-0.236711,0.119919,-0.20643,0.087727,0.001691,0.000885
0,-0.067564,-0.011156,0.022304,-0.07683,0.016523,-0.115913,0.001179,0.000195
0,-0.011222,-0.166353,0.082583,-0.146636,0.132117,-0.125185,0.000196,0.002903
0,-0.065006,-0.060159,-0.063953,0.10138,-0.034218,0.098398,0.001135,0.00105
0,0.066389,-0.130552,0.102159,-0.040748,0.06384,-0.053422,0.001159,0.002279
0,-0.016512,-0.030453,-0.073942,0.09103,-0.032993,0.043383,0.000288,0.000532
0,0.159614,-0.039394,0.184612,0.018218,0.21383,-0.023224,0.002786,0.000688
0,0.198103,0.062544,0.03745,0.126818,0.027963,0.14405,0.003233,0.001092
0,-0.001487,-0.000804,-0.173978,-0.082633,-0.180137,-0.117382,2.6e-05,1.4e-05
0,-0.035803,-0.111913,-0.054335,-0.093233,-0.008834,-0.092549,0.000625,0.001953
0,0.134032,0.046233,0.155743,0.149201,0.129467,0.194401,0.002339,0.000807
0,0.045255,-0.088762,-0.094164,-0.137213,-0.128557,-0.171555,0.00079,0.001549
0,-0.005743,-0.04304,-0.027011,0.047951,-0.044952,0.012856,0.0001,0.000751
0,-0.118668,-0.067369,-0.137151,0.00165,-0.142969,-0.031103,0.002071,0.001176
0,-0.160588,0.064106,-0.04281,0.145662,-0.023228,0.156963,0.002803,0.001119
0,-0.060704,0.084526,0.114796,0.037623,0.130971,0.073368,0.001059,0.001475
0,-0.150925,-0.10663,-0.106968,-0.195743,-0.133425,-0.159169,0.002634,0.001861
0,0.156852,0.087023,0.29605,0.199525,0.281619,0.229421,0.002738,0.001519
0,-0.110248,0.07233,-0.269134,-0.015865,-0.314656,-0.013483,0.001924,0.001262
0,-0.097569,0.048918,0.006297,-0.019596,-0.043583,0.025939,0.001703,0.000854
0,0.03063,-0.02822,0.140229,-0.093935,0.160091,-0.139848,0.000535,0.000493
0,-0.094037,-0.101702,-0.107359,-0.102891,-0.140252,-0.092483,0.001641,0.001775
0,-0.019462,-0.032378,0.093927,0.061621,0.079988,0.092696,0.00034,0.000565
0,-0.095441,-0.035122,-0.079411,-0.002383,-0.068265,0.046734,0.001666,0.000613
0,0.038429,-0.129996,0.135049,-0.105294,0.160774,-0.096802,0.000671,0.002269
0,-0.106158,-0.009647,-0.126461,0.120991,-0.109852,0.094356,0.001853,0.000168
0,0.094754,-0.075924,0.197053,-0.083703,0.175334,-0.053986,0.001654,0.001325
0,0.038033,0.09453,-0.056062,0.146645,-0.013082,0.155881,0.000664,0.00165
0,-0.012117,0.023995,-0.05034,-0.060317,-0.079898,-0.095271,0.000211,0.000419
0,-0.133309,-0.116723,-0.092802,-0.124889,-0.114032,-0.093633,0.002327,0.002037
0,0.017656,0.028889,0.133575,0.16823,0.092508,0.16684,0.000308,0.000504
0,0.069401,-0.112609,0.036277,-0.114722,0.04383,-0.156281,0.001211,0.001965
0,0.067248,0.07624,-0.002951,0.161056,0.020155,0.200395,0.001174,0.001331
0,-0.091805,0.117046,-0.163589,0.04542,-0.149026,0.019536,0.001602,0.002043
0,-0.054288,-0.06507,0.037721,-0.21132,0.042158,-0.25268,0.000947,0.001136
0,0.137869,-0.026555,0.184218,0.042492,0.214801,0.089284,0.002406,0.000463
0,-0.041638,-0.100281,-0.161701,-0.101495,-0.188061,-0.135954,0.000727,0.00175
0,-0.007208,0.055676,0.050927,0.177184,0.088398,0.165407,0.000126,0.000972
0,-0.053461,-0.073773,-0.065244,-0.144525,-0.079467,-0.152281,0.000933,0.001288
0,0.153824,-0.153181,0.188112,-0.105719,0.223466,-0.080724,0.002685,0.002674
0,0.068855,-0.126804,-0.114208,0.055474,-0.108272,0.093365,0.001202,0.002213
0,0.052119,0.022226,0.004734,0.143053,-0.042173,0.121561,0.00091,0.000388
0,-0.07001,-0.107628,-0.11964,-0.131718,-0.141949,-0.102637,0.001222,0.001878
0,0.169513,0.088593,0.244611,0.190399,0.240579,0.217436,0.002959,0.001546
0,-0.019823,0.059324,-0.183264,-0.045528,-0.137394,0.001576,0.000346,0.001035
0,-0.071507,-0.030714,-0.036632,-0.075498,-0.045967,-0.06109,0.001248,0.000536
0,0.137984,0.11031,0.186385,0.129141,0.220945,0.116364,0.002408,0.001925
0,0.074137,0.101117,-0.089587,-0.018575,-0.086116,-0.019352,0.001294,0.001765
0,-0.089342,-0.079806,-0.190934,-0.1889,-0.169025,-0.20579,0.001559,0.001393
0,-0.053334,0.150414,0.062047,0.212082,0.078385,0.16687,0.000931,0.002625
0,0.011086,-0.109651,0.093293,-0.266103,0.115883,-0.218174,0.000193,0.001914
0,-0.050793,-0.078584,-0.041434,0.031675,-0.017427,0.002522,0.000887,0.001372
0,-0.136809,-0.052525,-0.075855,0.002005,-0.096157,0.040508,0.002388,0.000917
0,-0.170121,0.011623,-0.052656,0.072756,-0.030024,0.081648,0.002969,0.000203
0,-0.077552,0.03852,0.096141,0.053888,0.104671,0.093365,0.001354,0.000672
0,0.045318,-0.140582,0.146045,-0.204253,0.117248,-0.232307,0.000791,0.002454
0,-3.102482,-0.072527,-3.172766,0.045246,-3.136353,0.067905,0.000622,0.001266
0,-3.486989,-0.381042,-0.354727,-0.310259,-0.388972,-0.278664,0.000642,4e-05
0,-3.217439,-0.514334,0.244899,-0.155626,0.266002,-0.180026,0.002628,0.002286
0,-2.886156,-0.627822,0.360255,-0.117796,0.342876,-0.083889,0.003154,0.002424
0,-2.781959,-0.613305,0.105235,0.009613,0.129681,0.045341,0.001719,0.002677
0,-2.59095,-0.726493,0.174515,-0.118884,0.180351,-0.153587,0.001615,0.000702
0,-2.60147,-0.506435,0.009482,0.24704,0.030686,0.206736,0.001432,0.002148
0,-1.703794,-0.271056,0.904663,0.246342,0.885493,0.233853,0.002974,0.00196
0,-1.34181,-0.400132,0.35458,-0.130848,0.375063,-0.089939,0.003344,0.000293
0,-0.701705,-0.199096,0.654127,0.172689,0.701652,0.159501,0.001135,0.003216
0,-0.467922,-0.192368,0.215393,-0.003662,0.187253,0.033274,0.001476,0.003333
0,-0.393759,-0.157877,0.063721,0.039649,0.089565,0.076693,0.000182,0.002755
0,-0.20442,-0.094724,0.186874,0.047529,0.19614,0.068471,0.003123,0.001653
0,0.164007,0.125351,0.397787,0.205934,0.444949,0.204617,0.002862,0.002188
0,0.171503,0.174003,0.007583,0.054526,0.031036,0.01593,0.002993,0.003037
0,0.282219,0.016331,0.094062,-0.139036,0.121604,-0.101039,0.001765,0.000285
0,0.250084,-0.003507,-0.049697,-0.012561,-0.088245,0.027372,0.002326,6.1e-05
0,0.141763,0.198945,-0.117437,0.200204,-0.084391,0.216994,0.002474,0.003219
0,0.055637,0.257513,-0.06193,0.067535,-0.028201,0.025613,0.000971,0.002196
0,0.209067,-0.019888,0.182119,-0.276337,0.138652,-0.289054,0.003042,0.000347
0,0.054465,-0.095067,-0.162676,-0.092659,-0.12459,-0.109114,0.000951,0.001659
0,0.099374,0.054587,0.034316,0.172501,0.038405,0.217461,0.001734,0.000953
0,0.153353,0.090086,0.056632,0.006711,0.078553,0.015264,0.002677,0.001572
0,-0.069772,-0.171421,-0.245886,-0.276919,-0.252122,-0.312539,0.001218,0.002992
0,0.069063,0.092975,0.157864,0.235015,0.165973,0.2648,0.001205,0.001623
0,0.004859,-0.060404,-0.074599,-0.152206,-0.077128,-0.174826,8.5e-05,0.001054
0,-0.086614,0.017848,-0.107332,0.063757,-0.13513,0.04236,0.001512,0.000312
0,0.078915,-0.029889,0.188987,-0.072615,0.204418,-0.074097,0.001377,0.000522
0,-0.104892,0.033609,-0.169037,0.072798,-0.194703,0.090604,0.001831,0.000587
0,-3.08789,-1.755515,-2.960658,-1.760534,-2.913525,-1.8016,0.000367,0.002815
0,-5.845088,-1.869478,-2.762879,-0.124035,-2.751201,-0.076605,0.001654,0.000826
0,-5.654052,-2.68034,0.212271,-0.781152,0.243958,-0.741834,0.00168,5.5e-05
0,-4.186181,-2.834963,1.443067,-0.1504,1.393471,-0.184196,0.000536,0.002644
0,-3.766028,-1.920524,0.433184,0.905756,0.409275,0.887989,0.001179,6.5e-05
0,-2.891964,-1.250651,0.895347,0.669539,0.91741,0.648775,0.003052,0.001756
0,-2.021828,-1.05337,0.841756,0.195642,0.819437,0.188837,0.001833,0.001688
0,-1.220081,-0.706934,0.82095,0.331894,0.817728,0.3274,0.001222,0.001043
0,-0.85516,-0.487693,0.363322,0.216828,0.411699,0.22474,0.001544,0.001821
0,-0.487245,-0.320957,0.389383,0.162152,0.437657,0.149986,0.001813,0.001089
0,-0.369546,0.040306,0.133704,0.381814,0.173865,0.361915,0.000241,0.000703
0,-0.077917,0.110381,0.321116,0.098226,0.362454,0.084755,0.00136,0.001927
0,0.058156,0.202867,0.132404,0.120305,0.124607,0.161611,0.001015,0.00315
0,0.362859,0.270861,0.333248,0.086202,0.34171,0.093219,0.000358,0.001963
0,0.257393,0.198926,-0.090445,-0.065564,-0.103059,-0.110064,0.002198,0.003219
0,0.110758,0.115826,-0.135341,-0.058916,-0.123008,-0.099812,0.001933,0.002022
0,0.171519,-0.104627,0.053517,-0.200766,0.027697,-0.197901,0.002994,0.001826
0,0.073346,-0.039962,-0.073487,0.066684,-0.059545,0.085371,0.00128,0.000697
0,-0.003357,0.040369,-0.095616,0.098188,-0.096232,0.113394,5.9e-05,0.000705
0,0.047027,-0.159923,0.024898,-0.221974,0.05781,-0.264835,0.000821,0.002791
0,0.029351,-0.116353,0.001935,0.036641,0.025746,0.054018,0.000512,0.002031
0,0.195427,-0.004031,0.143493,0.114433,0.129717,0.127659,0.00328,7e-05
0,-0.048438,0.04471,-0.231517,0.065814,-0.211171,0.049034,0.000845,0.00078
0,0.15154,-0.089204,0.176818,-0.128373,0.188399,-0.099754,0.002645,0.001557
0,-0.114682,-0.084934,-0.240763,0.002612,-0.230471,-0.012145,0.002002,0.001482
0,-0.048233,-0.213951,0.0419,-0.133413,0.028208,-0.181851,0.000842,0.002957
0,0.058225,-0.114199,0.08923,0.07144,0.061002,0.023249,0.001016,0.001993
0,-0.048325,0.056799,-0.079439,0.191584,-0.124382,0.21018,0.000843,0.000991
0,0.098531,0.093737,0.117004,0.052701,0.084024,0.044963,0.00172,0.001636
0,-0.072054,0.087938,-0.170708,-0.02296,-0.217143,-0.030943,0.001258,0.001535
0,0.054606,0.003472,0.131879,-0.088336,0.117642,-0.064926,0.000953,6.1e-05
0,-0.075537,-0.077626,-0.155659,-0.104395,-0.178806,-0.072263,0.001318,0.001355
0,0.003225,-0.045701,0.060679,0.014721,0.023849,0.020611,5.6e-05,0.000798
0,0.016736,0.126474,-0.002425,0.194731,-0.022981,0.200229,0.000292,0.002207
0,0.073904,-0.092316,0.037914,-0.20685,0.075367,-0.218762,0.00129,0.001611
0,0.190193,-0.036606,0.126148,0.026264,0.141498,-0.022909,0.003319,0.000639
0,0.051427,-0.08998,-0.134054,-0.061675,-0.124395,-0.054031,0.000898,0.00157
0,0.124597,-0.04781,0.09846,0.042169,0.073846,0.041598,0.002175,0.000834
0,-0.003324,-0.177621,-0.116028,-0.148334,-0.14688,-0.131815,5.8e-05,0.0031
0,0.11101,-0.112229,0.11845,0.05275,0.155618,0.075577,0.001937,0.001959
0,0.027075,-0.087242,-0.073554,0.026447,-0.066332,0.058993,0.000473,0.001523
0,-0.014789,0.053334,-0.031434,0.149625,-0.047797,0.100784,0.000258,0.000931
0,0.129786,0.019636,0.132954,-0.029183,0.126092,-0.012743,0.002265,0.000343
0,0.167344,-0.069664,0.066158,-0.073261,0.085123,-0.106727,0.002921,0.001216
0,0.029661,0.044565,-0.160286,0.114652,-0.128637,0.115023,0.000518,0.000778
0,0.124497,-0.025942,0.100508,-0.04557,0.097205,-0.052651,0.002173,0.000453
0,-0.065243,-0.030757,-0.183983,-0.004127,-0.138112,-0.032905,0.001139,0.000537
0,-0.048369,-0.093877,0.013118,-0.086626,0.060803,-0.077211,0.000844,0.001638
0,0.169335,0.120998,0.205884,0.234631,0.188503,0.284575,0.002955,0.002112
0,-0.03463,-0.10118,-0.191041,-0.237031,-0.221847,-0.261867,0.000604,0.001766
0,0.036995,-0.0241,0.046817,0.062954,0.00447,0.082154,0.000646,0.000421
0,0.071215,0.022979,0.038691,0.021297,-0.004519,0.00416,0.001243,0.000401
0,-0.076908,-0.025805,-0.143753,-0.043129,-0.186187,-0.090375,0.001342,0.00045
0,0.071195,-0.077732,0.170949,-0.027093,0.139286,0.00192,0.001243,0.001357
0,-0.020216,-0.021085,-0.116767,0.068212,-0.101161,0.045569,0.000353,0.000368
0,0.170368,-0.111609,0.213506,-0.090757,0.214219,-0.066154,0.002973,0.001948
0,0.077104,-0.093167,-0.106402,-0.008435,-0.063682,-0.010299,0.001346,0.001626
0,0.171838,-0.003748,0.104484,0.096923,0.148713,0.056188,0.002999,6.5e-05
0,0.251577,0.074527,0.105556,0.07517,0.111642,0.104345,0.0023,0.001301
0,0.158655,0.033508,-0.121097,-0.012425,-0.117399,-0.001488,0.002769,0.000585
0,0.098637,-0.051775,-0.031717,-0.05621,-0.023004,-0.017288,0.001722,0.000904
0,0.229576,-0.042186,0.114128,-0.009616,0.102157,0.010269,0.002684,0.000736
0,0.117411,-0.109489,-0.124917,-0.086483,-0.077407,-0.069103,0.002049,0.001911
0,0.230862,-0.03829,0.12388,0.056602,0.139499,0.082247,0.002662,0.000668
0,0.138805,-0.12142,-0.106703,-0.06436,-0.133395,-0.016892,0.002423,0.002119
0,0.084212,0.050481,-0.041431,0.193563,-0.083432,0.163996,0.00147,0.000881
0,0.099901,0.006447,0.024003,-0.03991,0.05862,-0.082049,0.001744,0.000113
0,0.214393,0.018002,0.124922,0.027482,0.096372,-0.005307,0.002949,0.000314
0,0.194063,-0.147212,-0.027476,-0.183473,0.019799,-0.156686,0.003304,0.002569
0,0.040459,-0.060898,-0.177013,0.074089,-0.174241,0.111412,0.000706,0.001063
0,-0.007998,0.023999,-0.077692,0.108961,-0.10049,0.158097,0.00014,0.000419
0,0.11049,-0.011441,0.147908,-0.017321,0.16383,0.019264,0.001928,0.0002
0,0.067177,0.026378,-0.023261,0.034198,-0.018486,0.083034,0.001172,0.00046
0,-0.119498,-0.033571,-0.16881,-0.078411,-0.193945,-0.1034,0.002086,0.000586
0,0.084576,0.023138,0.196829,0.084915,0.24337,0.043333,0.001476,0.000404
0,0.056807,0.105185,-0.032304,0.110569,0.002332,0.106507,0.000991,0.001836
0,-0.042051,-0.02518,-0.114099,-0.115865,-0.070505,-0.09199,0.000734,0.000439
0,-0.135601,0.111034,-0.105604,0.121484,-0.076357,0.084421,0.002367,0.001938
0,0.168598,-0.059805,0.29098,-0.194559,0.313853,-0.218196,0.002943,0.001044
0,-0.043855,-0.180609,-0.233126,-0.130451,-0.275876,-0.132288,0.000765,0.003152
0,0.014549,0.091815,0.03145,0.289958,-0.004088,0.329223,0.000254,0.001602
0,-0.22019,0.083658,-0.245669,0.010997,-0.263704,0.037458,0.002848,0.00146
0,-0.102614,-0.032513,0.08808,-0.137945,0.069842,-0.138048,0.001791,0.000567
0,-0.172364,-0.08178,-0.093461,-0.031531,-0.061364,-0.053941,0.003008,0.001427
0,-0.149679,-0.161921,0.030674,-0.063382,-0.014281,-0.071624,0.002612,0.002826
0,-0.093551,-0.035611,0.038851,0.147666,0.063358,0.188427,0.001633,0.000622
0,0.004286,0.077075,0.084465,0.091318,0.125119,0.100226,7.5e-05,0.001345
0,-0.094754,-0.09111,-0.128194,-0.158955,-0.09231,-0.1666,0.001654,0.00159
0,-0.079155,-0.066808,0.000341,0.036191,-0.044367,0.051612,0.001382,0.001166
0,-0.108059,-0.072442,-0.05809,-0.035267,-0.038651,-0.072979,0.001886,0.001264
0,-0.028832,0.017258,0.051794,0.100673,0.096218,0.060473,0.000503,0.000301
0,-0.21069,0.037097,-0.183535,0.021431,-0.14037,-0.008536,0.003014,0.000647
0,-0.202933,0.02403,0.03748,0.009428,0.078735,0.013218,0.003149,0.000419
0,-0.161046,0.000151,0.048937,-0.046756,-4.6e-05,-0.048167,0.002811,3e-06
0,-0.125239,0.026488,0.041273,0.003696,0.03381,-0.04221,0.002186,0.000462
0,-0.129445,0.089574,0.008952,0.086811,0.017299,0.043251,0.002259,0.001563
0,-0.228623,-0.066421,-0.075738,-0.18378,-0.075153,-0.14895,0.002701,0.001159
0,-0.083607,0.087086,0.115451,0.156402,0.092572,0.182022,0.001459,0.00152
0,-0.27914,0.064885,-0.215605,-0.03303,-0.259006,-0.025587,0.001819,0.001132
0,-0.17578,-0.172309,0.073386,-0.233673,0.038719,-0.218406,0.003068,0.003007
0,-0.352277,0.015259,-0.152056,0.204605,-0.161161,0.229593,0.000542,0.000266
0,-0.194051,-0.04584,0.167125,-0.08919,0.185614,-0.124291,0.003304,0.0008
0,-0.14474,0.098962,0.066039,0.153859,0.05265,0.107181,0.002526,0.001727
0,-0.261333,-0.124739,-0.13713,-0.236963,-0.160757,-0.223353,0.00213,0.002177
0,-0.296985,-0.101524,-0.009446,0.029049,-0.002461,0.024907,0.001507,0.001772
0,-0.292727,-0.002546,0.016725,0.097446,0.065088,0.089475,0.001582,4.4e-05
0,-0.116876,-0.071185,0.184051,-0.081354,0.138252,-0.039329,0.00204,0.001242
0,-0.322916,-0.003202,-0.198568,0.082159,-0.220526,0.082372,0.001055,5.6e-05
0,-0.199578,-0.04914,0.131836,-0.021488,0.089376,-0.029337,0.003208,0.000858
0,-0.19898,-0.081832,-0.009103,-0.038244,-0.021606,-0.058183,0.003218,0.001428
0,-0.337827,-0.094185,-0.114841,-0.011394,-0.142217,0.006659,0.000795,0.001644
0,-0.182082,0.100949,0.140134,0.21721,0.105129,0.17792,0.003178,0.001762
0,-0.30676,-0.030882,-0.11843,-0.115709,-0.133838,-0.09682,0.001337,0.000539
0,-0.24499,0.101728,0.056036,0.126156,0.044221,0.121977,0.002415,0.001775
0,-0.334567,0.034802,-0.061707,-0.039829,-0.048126,-0.079121,0.000852,0.000607
0,-0.257124,-0.006647,0.100772,-0.015155,0.142136,-0.016057,0.002203,0.000116
0,-0.236671,-0.097647,0.018469,-0.069157,0.051912,-0.072446,0.00256,0.001704
0,-0.345316,-0.117936,-0.107798,-0.029376,-0.151119,-0.057843,0.000664,0.002058
0,-0.281329,-0.066606,0.081566,0.062599,0.0854,0.024866,0.001781,0.001163
0,-0.136088,0.06751,0.164084,0.104729,0.209845,0.09359,0.002375,0.001178
0,-0.146306,0.063826,-0.017705,-0.030962,0.001082,-0.018825,0.002554,0.001114
0,-0.203583,-0.061474,-0.085865,-0.10324,-0.089358,-0.070841,0.003138,0.001073
0,-0.050211,0.150484,0.123454,0.209594,0.149748,0.242564,0.000876,0.002626
0,-0.207527,-0.105275,-0.150456,-0.272633,-0.150365,-0.230794,0.003069,0.001837
0,-0.113474,0.118559,0.071195,0.233282,0.073956,0.221347,0.00198,0.002069
0,-0.168223,0.026313,-0.042217,-0.079681,-0.005962,-0.08647,0.002936,0.000459
0,-0.00659,-0.120583,0.179106,-0.143042,0.226119,-0.120443,0.000115,0.002105
0,-0.073193,-0.113175,-0.06626,-0.003817,-0.049792,0.043243,0.001277,0.001975
0,-0.187224,0.073008,-0.092036,0.193894,-0.13197,0.177459,0.003268,0.001274
0,-0.211228,0.018999,-0.038879,-0.082008,-0.014603,-0.12595,0.003004,0.000332
0,-0.106565,0.006313,0.07714,-0.038926,0.069843,-0.016518,0.00186,0.00011
0,0.046679,0.122066,0.148263,0.109739,0.140487,0.124452,0.000815,0.00213
0,-0.09511,-0.032831,-0.137661,-0.151379,-0.184168,-0.137256,0.00166,0.000573
0,-0.099233,-0.053702,-0.029566,-0.040359,0.019039,-0.020591,0.001732,0.000937
0,0.047533,-0.037453,0.127251,0.04041,0.080749,0.031354,0.00083,0.000654
0,-0.055153,0.13545,-0.078164,0.158881,-0.083551,0.178452,0.000963,0.002364
0,-0.185974,0.137518,-0.1346,-0.012903,-0.108164,0.017687,0.003246,0.0024
0,-0.02551,-0.067853,0.19041,-0.231839,0.228793,-0.197039,0.000445,0.001184
0,-0.150549,0.067699,-0.14066,0.1471,-0.110728,0.153021,0.002628,0.001182
0,0.036033,0.02619,0.166656,-0.017429,0.166221,-0.032687,0.000629,0.000457
0,0.065245,0.12447,0.01051,0.100903,-0.000377,0.087323,0.001139,0.002172
0,-0.053393,0.126325,-0.137484,0.002279,-0.125876,-0.017195,0.000932,0.002205
0,0.186392,-0.034315,0.267966,-0.158474,0.22909,-0.20016,0.003253,0.000599
0,0.030303,-0.036544,-0.131218,0.003802,-0.137685,0.036841,0.000529,0.000638
0,0.129027,-0.068602,0.069101,-0.03314,0.067978,0.005743,0.002252,0.001197
0,-0.051009,-0.109554,-0.203934,-0.070893,-0.166015,-0.117991,0.00089,0.001912
0,0.117394,0.051553,0.180785,0.157164,0.19613,0.145232,0.002049,0.0009
0,-0.071356,-0.145932,-0.209138,-0.223568,-0.257254,-0.256061,0.001245,0.002547
0,-0.118994,0.065016,-0.054227,0.219055,-0.084438,0.172619,0.002077,0.001135
0,-0.045255,0.086422,0.049973,0.034912,0.040872,0.044835,0.00079,0.001508
0,-0.129938,0.043899,-0.097169,-0.062564,-0.075927,-0.02509,0.002268,0.000766
0,0.041166,0.177398,0.17796,0.109443,0.141706,0.124388,0.000718,0.003096
0,0.106173,0.100773,0.042877,-0.049193,0.042279,-0.010909,0.001853,0.001759
0,0.086537,0.066673,-0.02019,-0.007471,-0.028081,0.007664,0.00151,0.001164
0,0.150405,0.064771,0.047846,-0.007575,0.057101,-0.002066,0.002625,0.00113
0,-0.061754,0.004999,-0.187458,-0.062335,-0.20488,-0.08978,0.001078,8.7e-05
0,-0.024321,0.177527,0.041239,0.198868,0.05631,0.151121,0.000424,0.003098
0,-0.055623,0.12959,-0.038343,-0.076276,-0.013005,-0.073178,0.000971,0.002262
0,-0.042722,0.151434,0.03454,0.00162,0.024209,0.012445,0.000746,0.002643
0,0.013011,0.097863,0.053097,-0.080615,0.023628,-0.116388,0.000227,0.001708
0,-0.071383,-0.023372,-0.060073,-0.141254,-0.065155,-0.127198,0.001246,0.000408
0,0.073019,0.125759,0.169946,0.156933,0.120979,0.16842,0.001274,0.002195
0,-0.166171,0.131178,-0.217921,0.007754,-0.19155,0.001999,0.0029,0.002289
0,-0.182339,0.115727,-0.012986,-0.043126,-0.038765,-0.062276,0.003182,0.00202
0,-0.197222,-0.060246,-0.036705,-0.157749,-0.004809,-0.189299,0.003249,0.001051
0,-0.104522,-0.078169,0.115246,-0.03922,0.109677,-0.08478,0.001824,0.001364
0,-0.120649,0.03242,-0.023577,0.120641,-0.064266,0.111791,0.002106,0.000566
0,0.162758,-0.086639,0.260217,-0.135112,0.297673,-0.121917,0.002841,0.001512
0,0.082051,-0.033621,-0.085571,0.038508,-0.113507,0.015097,0.001432,0.000587
0,0.136597,-0.100889,0.076801,-0.08271,0.045127,-0.079391,0.002384,0.001761
0,0.002275,-0.053739,-0.13724,0.044656,-0.139587,0.06998,4e-05,0.000938
0,0.110755,-0.141343,0.096631,-0.058852,0.135792,-0.068122,0.001933,0.002467
0,0.043673,-0.046089,-0.044202,0.078384,-0.021571,0.096329,0.000762,0.000804
0,0.038268,0.135687,-0.005265,0.185889,0.028654,0.144859,0.000668,0.002368
0,0.181622,0.020005,0.114622,-0.120285,0.077753,-0.114702,0.00317,0.000349
0,0.12421,0.145281,-0.062186,0.101043,-0.032001,0.115684,0.002168,0.002536
0,0.159735,0.089257,0.061047,-0.043024,0.015871,-0.031157,0.002788,0.001558
0,0.024894,-0.013365,-0.128187,-0.081317,-0.140078,-0.033797,0.000434,0.000233
0,0.057838,0.031343,0.051189,0.071248,0.024057,0.113394,0.001009,0.000547
0,0.054593,0.08905,0.001876,0.052017,-0.009409,0.03066,0.000953,0.001554
0,-0.110157,0.139914,-0.164277,0.047122,-0.198299,0.045617,0.001923,0.002442
0,-0.028987,0.102233,0.05295,-0.026359,0.094265,-0.059694,0.000506,0.001784
0,-0.055919,0.017323,-0.026409,-0.055176,0.011011,-0.093266,0.000976,0.000302
0,0.112545,-0.046901,0.197161,-0.049968,0.217994,-0.074574,0.001964,0.000819
0,-0.050102,-0.149575,-0.173415,-0.11604,-0.153953,-0.148836,0.000874,0.002611
0,0.015951,0.047832,0.054652,0.171305,0.041127,0.212787,0.000278,0.000835
0,-0.107543,0.101993,-0.132091,0.076706,-0.15936,0.07104,0.001877,0.00178
0,0.107688,-0.047448,0.207509,-0.12395,0.254733,-0.138103,0.00188,0.000828
0,-0.065246,-0.043123,-0.18348,-0.006594,-0.18483,-0.044059,0.001139,0.000753
0,0.130461,-0.190079,0.185535,-0.160635,0.193981,-0.163233,0.002277,0.003318
0,-0.054572,-0.043603,-0.163926,0.155362,-0.199807,0.199146,0.000952,0.000761
0,-0.121917,-0.152346,-0.060004,-0.092742,-0.017002,-0.052459,0.002128,0.002659
0,0.019304,0.049696,0.127948,0.204147,0.116393,0.206377,0.000337,0.000867
0,-0.135389,0.057273,-0.132157,0.018209,-0.08853,-0.01788,0.002363,0.001
0,-0.079392,-0.044058,0.073271,-0.116925,0.043038,-0.120314,0.001386,0.000769
0,0.046408,0.099555,0.100535,0.143665,0.068938,0.172076,0.00081,0.001738
0,-0.097892,-0.130762,-0.114494,-0.237017,-0.131082,-0.25483,0.001709,0.002282
0,0.072414,0.110892,0.184845,0.216869,0.164927,0.254179,0.001264,0.001935
0,-0.06362,-0.037278,-0.114863,-0.146623,-0.149033,-0.131362,0.00111,0.000651
0,-0.05046,0.064947,0.004727,0.098035,0.017721,0.085945,0.000881,0.001134
0,-0.026649,-0.024317,0.051226,-0.116995,0.006657,-0.072496,0.000465,0.000424
0,-0.149193,0.106135,-0.113197,0.114775,-0.124995,0.101395,0.002604,0.001852
0,0.013344,-0.016512,0.148159,-0.13155,0.124412,-0.139285,0.000233,0.000288
0,-0.083498,0.180419,-0.082389,0.187577,-0.0967,0.204848,0.001457,0.003149
0,0.005031,0.037712,0.063336,-0.118738,0.096171,-0.125816,8.8e-05,0.000658
0,0.132395,0.13697,0.125989,0.105708,0.13962,0.095925,0.002311,0.002391
0,0.196313,0.110586,0.06234,-0.043771,0.031105,-0.00182,0.003265,0.00193
0,0.139632,0.048677,-0.075475,-0.058237,-0.047744,-0.015176,0.002437,0.00085
0,0.07979,-0.046506,-0.06864,-0.065777,-0.077184,-0.030884,0.001393,0.000812
0,0.206583,0.019287,0.101294,0.083049,0.117167,0.076283,0.003085,0.000337
0,0.130502,0.019275,-0.064253,-0.005133,-0.109905,-0.04949,0.002278,0.000336
0,0.120164,0.121219,-0.004198,0.131119,0.010266,0.141779,0.002097,0.002116
0,-0.073982,0.033112,-0.189682,-0.109842,-0.192207,-0.139587,0.001291,0.000578
0,-0.079069,0.037177,0.000103,-0.001074,0.007667,-0.009755,0.00138,0.000649
0,0.058344,0.132645,0.145964,0.071264,0.123221,0.116844,0.001018,0.002315
0,-0.055216,-0.036064,-0.092048,-0.178214,-0.075482,-0.205095,0.000964,0.000629
0,0.182163,0.074541,0.226653,0.094026,0.18187,0.059729,0.003179,0.001301
0,0.122544,-0.000281,-0.063877,-0.087187,-0.052758,-0.12487,0.002139,5e-06
0,0.225787,0.167637,0.090712,0.189653,0.12278,0.141221,0.00275,0.002926
0,0.135599,-0.137817,-0.084918,-0.315349,-0.075842,-0.364193,0.002367,0.002405
0,0.066474,0.042061,-0.091963,0.197684,-0.058205,0.240873,0.00116,0.000734
0,0.016701,-0.083955,-0.055695,-0.102619,-0.09029,-0.077985,0.000291,0.001465
0,0.220437,-0.057276,0.194582,0.028051,0.15866,0.021249,0.002843,0.001
0,0.154767,0.096338,-0.076021,0.127918,-0.059162,0.105325,0.002701,0.001681
0,-0.009047,-0.093879,-0.141693,-0.20445,-0.131908,-0.187759,0.000158,0.001638
0,0.034339,-0.099821,0.020384,0.000928,0.047617,0.043056,0.000599,0.001742
0,-0.055731,0.051228,-0.083654,0.151781,-0.123539,0.105728,0.000973,0.000894
0,0.170423,-0.027093,0.233677,-0.093308,0.185617,-0.113265,0.002974,0.000473
0,0.160641,-0.011345,-0.031663,0.015008,-0.012658,-0.000233,0.002804,0.000198
0,0.12427,0.083945,-0.064349,0.087444,-0.057801,0.121921,0.002169,0.001465
0,-0.056131,-0.09041,-0.173382,-0.147822,-0.195325,-0.184591,0.00098,0.001578
0,-0.053295,-0.052666,0.002591,0.008965,0.02638,0.002757,0.00093,0.000919
0,-0.002673,0.079627,0.072773,0.138781,0.050983,0.108434,4.7e-05,0.00139
0,-0.178132,-0.062547,-0.157379,-0.128527,-0.194731,-0.146608,0.003109,0.001092
0,0.077422,0.020503,0.237646,0.088668,0.241751,0.120914,0.001351,0.000358
0,0.06857,-0.053221,-0.022698,-0.089165,-0.052009,-0.078994,0.001197,0.000929
0,0.015432,-0.009447,-0.053175,0.024099,-0.043137,0.039956,0.000269,0.000165
0,0.138916,0.044343,0.102528,0.04562,0.10015,0.020338,0.002425,0.000774
0,-0.133273,0.034512,-0.285749,0.014083,-0.247251,-0.023268,0.002326,0.000602
0,-0.102377,-0.034174,0.051316,-0.094539,0.056482,-0.106037,0.001787,0.000596
0,0.045435,0.081615,0.177317,0.139483,0.137968,0.126678,0.000793,0.001424
0,0.095545,0.082758,0.043114,-0.027694,0.044825,0.002144,0.001668,0.001444
0,-0.097002,-0.12897,-0.209574,-0.200129,-0.168394,-0.199612,0.001693,0.002251
0,-0.171108,0.032743,-0.073813,0.178,-0.093045,0.221882,0.002986,0.000571
0,-0.008483,0.000626,0.154911,-0.01177,0.167353,0.034748,0.000148,1.1e-05
0,-0.091093,-0.205744,-0.067838,-0.23593,-0.062163,-0.200482,0.00159,0.0031
0,0.093471,0.061014,0.175945,0.272545,0.16678,0.274805,0.001631,0.001065
0,-0.084614,-0.143616,-0.171797,-0.18214,-0.158762,-0.179819,0.001477,0.002507
0,0.011822,0.06026,0.068912,0.219378,0.088386,0.21101,0.000206,0.001052
0,-0.111467,-0.210983,-0.152087,-0.275197,-0.129156,-0.31115,0.001945,0.003008
0,0.099614,-0.152573,0.191925,0.031953,0.200066,-0.013695,0.001739,0.002663
0,-0.051131,-0.180604,-0.125739,-0.042309,-0.099988,0.002324,0.000892,0.003152
0,-0.016685,-0.142637,0.037921,0.05955,0.037902,0.099738,0.000291,0.002489
0,-0.027697,0.104808,-0.034405,0.245902,-0.0699,0.205967,0.000483,0.001829
0,0.069998,-0.109229,0.121743,-0.229477,0.161083,-0.215495,0.001222,0.001906
0,-0.075543,-0.174555,-0.152198,-0.042297,-0.131901,-0.054382,0.001318,0.003047
0,-0.076571,-0.020538,-0.012767,0.182173,-0.047618,0.156121,0.001336,0.000358
0,-0.001423,0.018079,0.076934,0.053339,0.030412,0.087967,2.5e-05,0.000316
0,0.029555,-0.16188,0.008705,-0.155989,0.057277,-0.121795,0.000516,0.002825
0,0.106834,-0.053637,0.087152,0.137874,0.058486,0.185773,0.001865,0.000936
0,0.095831,0.043787,0.018047,0.068993,-0.030445,0.093657,0.001673,0.000764
0,0.089652,0.024255,-0.012255,-0.048196,0.030377,-0.05776,0.001565,0.000423
0,-0.020584,0.050117,-0.08097,0.034776,-0.068783,0.024209,0.000359,0.000875
0,0.122652,-0.097351,0.140383,-0.136865,0.187739,-0.181175,0.002141,0.001699
0,-0.176382,0.007345,-0.283521,0.097459,-0.289398,0.06127,0.003078,0.000128
0,-0.021604,0.064051,0.176447,0.052249,0.134187,0.078217,0.000377,0.001118
0,-0.035054,-0.063581,-0.018279,-0.118022,-0.016414,-0.076963,0.000612,0.00111
0,0.14172,-0.154981,0.171941,-0.106814,0.175589,-0.098846,0.002473,0.002705
0,-0.03718,-0.152286,-0.188701,-0.006027,-0.143641,-0.046651,0.000649,0.002658
0,0.154997,-0.092436,0.184378,0.030896,0.157927,0.016139,0.002705,0.001613
0,-0.050194,0.065675,-0.181446,0.166188,-0.157279,0.122445,0.000876,0.001146
0,-0.055893,-0.08191,0.024004,-0.152711,0.064035,-0.140108,0.000976,0.00143
0,0.079995,0.017066,0.162681,0.128707,0.178525,0.164352,0.001396,0.000298
0,0.026361,-0.099835,-0.027604,-0.134713,-0.014502,-0.102484,0.00046,0.001742
0,-0.03045,0.069216,-0.057541,0.163213,-0.033508,0.134116,0.000531,0.001208
0,-0.133319,0.062744,-0.090615,-0.032665,-0.073849,-0.027525,0.002327,0.001095
0,-0.210189,-0.041701,-0.063556,-0.122566,-0.072919,-0.120057,0.003022,0.000728
0,-0.201592,0.004991,0.025945,0.030626,0.061048,0.027154,0.003172,8.7e-05
0,-0.094794,0.103457,0.102885,0.093581,0.064905,0.118999,0.001654,0.001806
0,-0.197521,-0.024796,-0.126449,-0.149576,-0.157635,-0.198478,0.003243,0.000433
0,-0.169897,-0.095505,0.010965,-0.091116,0.044246,-0.070205,0.002965,0.001667
0,-0.258025,-0.04569,-0.086143,0.054044,-0.101262,0.097601,0.002187,0.000797
0,-0.289556,0.042824,-0.026787,0.085666,-0.036472,0.10466,0.001637,0.000747
0,-0.004221,-0.116338,0.306507,-0.137744,0.353215,-0.179614,7.4e-05,0.00203
0,-0.255787,-0.091232,-0.257687,0.032255,-0.289673,0.07433,0.002226,0.001592
0,-0.210788,-0.098464,0.059423,-0.008755,0.071127,-0.053732,0.003012,0.001719
0,-0.247838,-0.065591,-0.018828,0.042454,-0.066309,0.012971,0.002365,0.001145
0,-0.257252,-0.017401,0.005831,0.038685,-0.037371,0.019062,0.002201,0.000304
0,-0.177446,0.016545,0.050947,0.01346,0.014844,-0.014418,0.003097,0.000289
0,-0.083171,-0.230465,0.112887,-0.229759,0.082197,-0.205737,0.001452,0.002668
0,-0.082197,-0.185663,0.021974,0.054785,0.060238,0.05055,0.001435,0.00324
0,-0.031674,-0.07909,0.044729,0.084517,0.093537,0.127393,0.000553,0.00138
0,-0.033209,-0.112739,0.013184,-0.008419,-0.008728,0.007336,0.00058,0.001968
0,-0.002947,-0.074,0.035676,0.061497,0.032051,0.045869,5.1e-05,0.001292
0,-0.200992,-0.155625,-0.201729,-0.094118,-0.174941,-0.052029,0.003183,0.002716
0,0.080681,-0.029889,0.263844,0.125914,0.263297,0.108382,0.001408,0.000522
0,0.034293,-0.066141,-0.070861,-0.032847,-0.120023,-0.004761,0.000599,0.001154
0,0.168536,-0.119354,0.159015,-0.051593,0.16346,-0.092472,0.002942,0.002083
0,0.059589,-0.072156,-0.111438,0.050619,-0.143095,0.045187,0.00104,0.001259
0,-0.018177,-0.10243,-0.065938,-0.029619,-0.07677,-0.057657,0.000317,0.001788
0,0.118239,0.011484,0.138558,0.095794,0.145663,0.067503,0.002064,0.0002
0,0.01277,-0.086081,-0.08375,-0.121311,-0.05824,-0.119967,0.000223,0.001502
0,0.136023,-0.176642,0.125093,-0.075662,0.076252,-0.090862,0.002374,0.003083
0,-0.091748,0.033312,-0.221731,0.235262,-0.253252,0.191082,0.001601,0.000581
0,-0.103913,-0.105647,-0.015333,-0.137754,-0.014322,-0.170753,0.001814,0.001844
0,-0.092545,-0.194961,0.036388,-0.100544,-0.012624,-0.074238,0.001615,0.003288
0,0.123071,0.016633,0.187585,0.187307,0.153495,0.191188,0.002148,0.00029
0,-0.12781,-0.111608,-0.222461,-0.115778,-0.19279,-0.132044,0.002231,0.001948
0,-0.01689,-0.038515,0.104388,0.064489,0.07845,0.097345,0.000295,0.000672
0,-0.081551,0.098094,-0.066734,0.16425,-0.049958,0.135408,0.001423,0.001712
0,-0.200327,0.14384,-0.131782,0.021711,-0.106706,0.038857,0.003194,0.00251
0,-0.161749,-0.079509,0.051682,-0.208286,0.068447,-0.178095,0.002823,0.001388
0,-0.130393,0.049379,0.054762,0.112771,0.019871,0.151335,0.002276,0.000862
0,0.072766,-0.13523,0.209997,-0.201434,0.252663,-0.154858,0.00127,0.00236
0,0.045544,-0.065048,-0.040801,0.077004,-0.006517,0.070103,0.000795,0.001135
0,0.041902,-0.11078,0.01545,-0.066875,-0.030269,-0.033288,0.000731,0.001933
0,-0.085471,0.038741,-0.13981,0.141422,-0.113204,0.175632,0.001492,0.000676
0,0.127842,0.017429,0.201844,-0.014565,0.173394,-0.053098,0.002231,0.000304
0,0.059545,-0.106167,-0.091941,-0.135664,-0.057939,-0.111232,0.001039,0.001853
0,0.020556,-0.102982,-0.021718,-0.014151,-0.067758,-0.013977,0.000359,0.001797
0,0.064807,0.097755,0.041151,0.174415,0.064757,0.19088,0.001131,0.001706
0,-0.028132,-0.055569,-0.116379,-0.150471,-0.089952,-0.122807,0.000491,0.00097
0,-0.041296,-0.137492,-0.035416,-0.084363,-0.034508,-0.07393,0.000721,0.0024
0,0.08271,-0.088264,0.112627,0.031039,0.119739,0.048324,0.001444,0.001541
0,0.03765,-0.089323,-0.021918,0.013596,-0.013962,0.007969,0.000657,0.001559
0,0.021688,-0.114825,-0.044691,0.003645,-0.060023,0.046328,0.000379,0.002004
0,0.018529,0.10429,-0.007054,0.214425,0.032371,0.195792,0.000323,0.00182
0,-0.026673,-0.071923,-0.0646,-0.158058,-0.033921,-0.151122,0.000466,0.001255
0,0.216582,0.11842,0.244852,0.185896,0.241171,0.198179,0.002911,0.002067
0,0.111977,0.080158,-0.098918,-0.044669,-0.092052,-0.040932,0.001954,0.001399
0,-0.041078,-0.078949,-0.139155,-0.184879,-0.102636,-0.214688,0.000717,0.001378
0,-0.126864,0.104406,-0.114708,0.161674,-0.07715,0.146602,0.002214,0.001822
0,-0.036931,0.081019,0.078868,-0.036805,0.096585,-0.06658,0.000645,0.001414
0,-0.148978,-0.002531,-0.134348,-0.055126,-0.183916,-0.039224,0.0026,4.4e-05
0,-0.035722,0.125014,0.125359,0.111088,0.132661,0.13446,0.000623,0.002182
0,-0.031811,-0.0841,-0.012915,-0.180977,0.006025,-0.140841,0.000555,0.001468
0,0.074945,0.10618,0.109247,0.160501,0.115592,0.135126,0.001308,0.001853
0,-0.142,-0.04375,-0.203197,-0.153751,-0.236542,-0.16659,0.002478,0.000764
0,-0.244439,-0.002549,-0.11467,0.023806,-0.105581,-0.015075,0.002425,4.4e-05
0,0.010816,0.158154,0.28329,0.159831,0.245048,0.13013,0.000189,0.00276
0,-0.084875,0.176573,-0.072838,0.000395,-0.045166,0.013533,0.001481,0.003082
0,-0.260086,0.052826,-0.186198,-0.126558,-0.226587,-0.147534,0.002151,0.000922
0,-0.052613,0.10482,0.200188,0.064086,0.249947,0.059223,0.000918,0.001829
0,-0.177726,-0.032557,-0.142024,-0.135747,-0.124277,-0.159027,0.003102,0.000568
0,-0.082471,0.1028,0.093791,0.106848,0.102054,0.106688,0.001439,0.001794
0,-0.001631,0.046397,0.057203,-0.072689,0.009221,-0.117151,2.8e-05,0.00081
0,-0.058075,0.053998,-0.085336,0.008594,-0.10561,0.011653,0.001014,0.000942
0,-0.138553,-0.047695,-0.066666,-0.119034,-0.036392,-0.131748,0.002418,0.000832
0,-0.018251,0.15119,0.126262,0.18978,0.171194,0.177031,0.000319,0.002639
0,0.090326,-0.077582,0.110317,-0.237237,0.137559,-0.250717,0.001576,0.001354
0,-0.136463,0.117132,-0.232388,0.213418,-0.226476,0.218848,0.002382,0.002044
0,0.021364,-0.1091,0.131391,-0.250915,0.1482,-0.277439,0.000373,0.001904
0,-0.181135,-0.035003,-0.214058,0.091967,-0.193087,0.107173,0.003161,0.000611
0,-0.232155,0.027223,-0.058428,0.041427,-0.066276,0.082548,0.002639,0.000475
0,-0.019136,-0.118365,0.212261,-0.145384,0.163412,-0.096846,0.000334,0.002066
0,-0.111145,0.015831,-0.114281,0.133436,-0.139892,0.149902,0.00194,0.000276
0,-0.00937,-0.027157,0.12334,-0.070863,0.100151,-0.065678,0.000164,0.000474
0,-0.274388,-0.069152,-0.238299,-0.037859,-0.266247,-0.050899,0.001902,0.001207
0,-0.056697,0.032598,0.196483,0.090546,0.159248,0.101459,0.00099,0.000569
0,-0.118679,0.100918,-0.048738,0.050339,-0.043321,0.012556,0.002071,0.001761
0,-0.11861,-0.048045,0.029467,-0.143169,0.076066,-0.125129,0.00207,0.000839
0,-0.036209,0.090043,0.057883,0.158025,0.096306,0.13924,0.000632,0.001572
0,-0.034279,0.164576,0.027519,0.059833,0.058264,0.10204,0.000598,0.002872
0,0.055511,0.077825,0.062528,-0.109056,0.109292,-0.136846,0.000969,0.001358
0,-0.088929,0.088986,-0.167704,-0.005514,-0.130928,-0.038838,0.001552,0.001553
0,0.079736,-0.024425,0.158901,-0.121262,0.146149,-0.145978,0.001392,0.000426
0,-0.006017,-0.090872,-0.115261,-0.069319,-0.156167,-0.088815,0.000105,0.001586
0,0.111433,0.001198,0.143257,0.111375,0.148981,0.083257,0.001945,2.1e-05
0,-0.066974,-0.104104,-0.159603,-0.113026,-0.128451,-0.109107,0.001169,0.001817
0,0.11864,-0.142004,0.172757,-0.024504,0.200012,-0.053817,0.002071,0.002478
0,0.047123,0.037707,-0.09916,0.177271,-0.065453,0.17343,0.000822,0.000658
0,-0.131569,-0.063141,-0.190659,-0.127298,-0.178643,-0.11169,0.002296,0.001102
0,0.053248,-0.100395,0.167289,-0.021421,0.213462,-0.043119,0.000929,0.001752
0,0.123638,0.058607,0.044047,0.147234,0.004699,0.166669,0.002158,0.001023
0,-0.077344,0.040973,-0.203336,-0.021682,-0.251696,-0.025186,0.00135,0.000715
0,0.019787,-0.063509,0.096551,-0.103157,0.085301,-0.114157,0.000345,0.001108
0,0.138803,-0.021808,0.096091,0.013827,0.061801,0.011973,0.002423,0.000381
0,0.202286,0.036163,0.070481,0.054693,0.036754,0.082199,0.00316,0.000631
0,0.046016,0.093374,-0.154536,0.059016,-0.105921,0.095296,0.000803,0.00163
0,0.128343,0.105104,0.070826,0.038241,0.11275,0.042064,0.00224,0.001834
0,0.073827,-0.116765,-0.025741,-0.231146,-0.009603,-0.269874,0.001289,0.002038
0,0.107006,-0.054401,0.049013,0.086721,0.062594,0.09298,0.001868,0.000949
0,0.121807,-0.139221,0.017584,-0.078062,0.019966,-0.053765,0.002126,0.00243
0,0.236574,-0.136124,0.100604,-0.01503,0.141876,0.023675,0.002562,0.002376
0,0.070331,0.0141,-0.143573,0.176459,-0.121874,0.127378,0.001228,0.000246
0,-0.00264,-0.155921,-0.0808,-0.192751,-0.089902,-0.208182,4.6e-05,0.002721
0,0.079389,0.009844,0.056247,0.182334,0.038672,0.219555,0.001386,0.000172
0,-0.088089,0.05337,-0.156775,0.041877,-0.142689,0.058531,0.001537,0.000931
0,-0.081352,-0.143548,-0.001381,-0.180348,0.029043,-0.175918,0.00142,0.002505
0,2.40126,-0.20741,2.495724,-0.059716,2.514522,-0.096239,0.001765,0.003071
0,5.354581,-0.762776,2.932495,-0.583967,2.899186,-0.543773,0.000216,6.9e-05
0,5.108908,-0.847863,-0.249356,-0.112056,-0.271408,-0.072382,0.002187,0.001416
0,4.948866,-1.213833,-0.155097,-0.370469,-0.170486,-0.378842,0.000607,0.001113
0,4.419893,-0.918795,-0.507289,0.32381,-0.4804,0.370381,0.003148,0.002654
0,4.186369,-1.059513,-0.236619,-0.164616,-0.257782,-0.151826,0.000533,0.00158
0,3.815276,-0.799695,-0.381724,0.247827,-0.423772,0.208611,0.000319,0.000576
0,2.466697,-0.721419,-1.343697,0.092269,-1.305742,0.120886,0.002907,0.000791
0,1.771571,-0.59755,-0.707828,0.114275,-0.677921,0.159386,0.002534,0.002952
0,1.624182,-0.500196,-0.160921,0.107445,-0.117941,0.075018,0.001584,0.002039
0,0.590851,-0.366998,-1.051393,0.11934,-1.026115,0.160647,0.003069,0.000285
0,0.18505,-0.318443,-0.419198,0.070435,-0.399158,0.03075,0.00323,0.001133
0,-0.095797,-0.069813,-0.292118,0.276091,-0.294473,0.258426,0.001672,0.001218
0,-0.175998,0.118798,-0.095711,0.172482,-0.06167,0.134335,0.003072,0.002073
0,-0.131164,0.154566,0.023461,0.059802,0.043946,0.039719,0.002289,0.002698
0,-0.323101,0.151295,-0.206796,-0.022604,-0.230419,-0.0429,0.001052,0.002641
0,-0.377506,0.071721,-0.062524,-0.09819,-0.111654,-0.12356,0.000102,0.001252
0,-0.241423,0.092654,0.137882,0.002044,0.183093,0.033683,0.002477,0.001617
0,-0.287043,0.271765,-0.016374,0.201888,0.026389,0.237209,0.001681,0.001948
0,-0.110182,0.27902,0.201187,-0.000705,0.173292,-0.019631,0.001923,0.001821
0,-0.231088,0.001565,-0.14839,-0.296072,-0.133187,-0.29793,0.002658,2.7e-05
0,-0.084628,0.173802,0.135396,0.180242,0.163165,0.156836,0.001477,0.003033
0,0.044268,0.026512,0.105315,-0.12029,0.105902,-0.11117,0.000773,0.000463
0,0.030468,-0.003998,-0.026271,-0.008336,-0.012185,0.011284,0.000532,7e-05
0,-0.152245,-0.134816,-0.15491,-0.102797,-0.184322,-0.14536,0.002657,0.002353
0,-0.11148,-0.050569,0.069103,0.097308,0.035701,0.080041,0.001946,0.000883
0,0.125853,0.094109,0.222868,0.11962,0.196153,0.117425,0.002197,0.001643
0,-0.131958,-0.081333,-0.267491,-0.150273,-0.252489,-0.149375,0.002303,0.00142
0,1.92309,-0.889707,2.049318,-0.812199,2.059688,-0.770647,0.00011,0.002147
0,4.203457,-1.207574,2.265228,-0.299921,2.290173,-0.299744,0.000235,0.001004
0,3.688548,-1.709968,-0.541361,-0.510775,-0.582232,-0.507484,0.002531,0.003081
0,3.410525,-1.568138,-0.282326,0.113823,-0.254248,0.120865,0.000692,0.000606
0,2.507409,-1.603691,-0.919876,-0.019897,-0.951016,-0.037937,0.003073,0.001226
0,2.321029,-1.167493,-0.180299,0.443339,-0.220238,0.455629,0.000365,0.000304
0,1.75593,-0.962427,-0.538709,0.186977,-0.577667,0.179977,0.002807,0.003275
0,1.555427,-0.494013,-0.218708,0.491832,-0.20202,0.485968,0.000384,0.001931
0,0.758347,-0.317509,-0.783644,0.15422,-0.744713,0.130529,0.000146,0.001149
0,0.317135,-0.119003,-0.424182,0.175132,-0.404253,0.178755,0.001156,0.002077
0,0.126507,-0.123331,-0.213848,0.021426,-0.184713,0.030496,0.002208,0.002153
0,-0.160636,-0.17649,-0.308955,-0.055049,-0.350895,-0.094778,0.002804,0.00308
0,-0.067261,-0.152485,0.092169,-0.002017,0.071249,0.012512,0.001174,0.002661
0,-0.223159,-0.127557,-0.139832,0.017807,-0.130767,0.053353,0.002796,0.002226
0,-0.130007,0.054662,0.070017,0.177516,0.115796,0.217506,0.002269,0.000954
0,0.077697,-0.191133,0.192762,-0.244299,0.17174,-0.278487,0.001356,0.003336
0,0.062192,0.058153,-0.018077,0.259729,0.004603,0.305759,0.001085,0.001015
0,-0.240934,-0.036677,-0.32816,-0.109934,-0.29826,-0.11805,0.002486,0.00064
0,0.010015,-0.007505,0.227011,0.020085,0.194303,-0.005311,0.000175,0.000131
0,-0.17049,-0.056549,-0.199762,-0.03229,-0.170122,-0.037299,0.002976,0.000987
0,-0.1615,0.031791,-0.001264,0.096861,0.039779,0.080739,0.002819,0.000555
0,-0.048833,-0.140502,0.115018,-0.161128,0.083068,-0.210506,0.000852,0.002452
0,-0.09321,-0.080519,-0.059452,0.033709,-0.057734,0.071263,0.001627,0.001405
0,-0.017078,-0.039418,0.056314,0.051136,0.06782,0.060589,0.000298,0.000688
0,-0.155196,-0.139411,-0.16706,-0.091048,-0.155749,-0.113292,0.002709,0.002433
0,-0.086492,0.092772,0.05639,0.25854,0.028147,0.213281,0.00151,0.001619
0,-0.08989,0.074347,0.000638,-0.024874,0.012362,-0.073596,0.001569,0.001298
0,-2.627514,1.176057,-2.545518,1.081637,-2.572476,1.050542,0.000977,0.000454
0,-4.954787,1.37054,-2.299672,0.216315,-2.319224,0.24961,0.000503,0.002843
0,-4.840088,1.64875,0.131863,0.270639,0.144598,0.284812,0.002505,0.002013
0,-4.406872,1.56466,0.434829,-0.102085,0.40078,-0.150103,0.003315,0.000545
0,-3.896586,1.42147,0.504035,-0.126308,0.499893,-0.130292,0.0011,0.001954
0,-3.181814,1.297001,0.707968,-0.137402,0.709784,-0.156828,0.002007,0.002564
0,-2.541598,0.671058,0.614861,-0.602553,0.599457,-0.585673,0.002476,0.001669
0,-1.500585,0.33887,1.029507,-0.327487,0.984229,-0.295174,0.000573,0.000776
0,-0.959517,0.148322,0.539854,-0.173553,0.563041,-0.140354,0.003326,0.002589
0,-0.490079,0.187991,0.467484,0.04527,0.426252,0.063118,0.001863,0.003281
0,0.111537,-0.129219,0.600489,-0.310278,0.641936,-0.325221,0.001947,0.002255
0,0.421206,-0.091345,0.308979,0.015266,0.336124,0.016129,0.000661,0.001594
0,0.357446,-0.258123,-0.035982,-0.174315,-0.056176,-0.139644,0.000452,0.002186
0,0.487848,-0.087641,0.109423,0.159197,0.076279,0.115768,0.001824,0.00153
0,0.417795,-0.133665,-0.055855,-0.049228,-0.099762,-0.004388,0.000601,0.002333
0,0.405098,0.032542,-0.005749,0.139323,-0.013978,0.167797,0.000379,0.000568
0,0.490846,-0.02671,0.105753,-0.071544,0.126604,-0.043191,0.001876,0.000466
0,0.48285,0.119301,0.019222,0.129574,0.052698,0.139868,0.001737,0.002082
0,0.258392,0.122181,-0.232352,0.002755,-0.194287,-0.030289,0.002181,0.002132
0,0.415301,0.009366,0.170418,-0.114248,0.199628,-0.147922,0.000558,0.000163
0,0.333974,0.020814,-0.089505,0.025826,-0.078949,0.005441,0.000862,0.000363
0,0.175598,-0.161267,-0.16571,-0.161814,-0.189226,-0.187557,0.003065,0.002815
0,0.100122,0.103527,-0.068561,0.2789,-0.092425,0.251889,0.001747,0.001807
0,-0.048043,-0.081695,-0.161334,-0.162137,-0.201573,-0.119959,0.000839,0.001426
0,-0.056712,0.025668,-7.6e-05,0.113099,-0.035331,0.070029,0.00099,0.000448
0,0.034595,-0.147802,0.106042,-0.151167,0.12271,-0.194386,0.000604,0.00258
0,-0.192332,0.091049,-0.206048,0.246311,-0.171168,0.278524,0.003334,0.001589
0,0.085801,0.035502,0.28433,-0.050182,0.245408,-0.074262,0.001498,0.00062
0,-0.011585,-0.075735,-0.107285,-0.13174,-0.080093,-0.084897,0.000202,0.001322
0,-0.16488,0.107345,-0.153429,0.187549,-0.158658,0.203855,0.002878,0.001874
0,0.050287,-0.095241,0.213483,-0.187589,0.187988,-0.211359,0.000878,0.001662
0,0.059652,-0.012349,0.005983,0.094218,0.030914,0.101683,0.001041,0.000216
0,0.044767,0.02478,0.006257,0.060749,0.026082,0.015307,0.000781,0.000432
0,-0.164843,0.11705,-0.218116,0.098696,-0.208691,0.129912,0.002877,0.002043
0,0.0178,0.069184,0.159092,-0.055478,0.115882,-0.03544,0.000311,0.001207
0,-0.095674,0.025556,-0.095912,-0.049,-0.076353,-0.011813,0.00167,0.000446
0,-0.102515,0.131215,-0.022426,0.082204,-0.06015,0.065863,0.001789,0.00229
0,-0.215655,0.003307,-0.105537,-0.127069,-0.096906,-0.095069,0.002927,5.8e-05
0,-0.203762,0.118734,-0.008808,0.12638,-0.027196,0.117141,0.003135,0.002072
0,-0.193952,0.117719,0.029186,-0.003762,0.051524,-0.038431,0.003306,0.002055
0,-0.067394,-0.059935,0.096902,-0.206991,0.107868,-0.25363,0.001176,0.001046
0,-0.073049,0.155646,0.020126,0.216572,0.034294,0.231206,0.001275,0.002717
0,-0.227779,-0.09739,-0.177045,-0.23199,-0.151669,-0.220646,0.002715,0.0017
0,-0.14247,-0.042907,0.095348,0.064046,0.067271,0.088731,0.002487,0.000749
0,-0.224539,-0.015346,-0.111155,0.053718,-0.141864,0.044265,0.002772,0.000268
0,-0.262424,-0.093158,-0.052671,-0.072281,-0.087749,-0.119472,0.002111,0.001626
0,-0.270787,-0.065943,-0.000468,0.003399,-0.016811,0.033645,0.001965,0.001151
0,-0.159033,0.128721,0.130943,0.223176,0.126185,0.267306,0.002776,0.002247
0,-0.081005,0.090332,0.064594,-0.010487,0.098947,0.004098,0.001414,0.001577
0,-0.048412,0.177221,0.037,0.108579,0.085479,0.156155,0.000845,0.003093
0,-0.069977,0.034751,-0.051257,-0.164659,-0.088578,-0.178573,0.001221,0.000607
0,-0.15699,0.150116,-0.065786,0.089941,-0.094283,0.10852,0.00274,0.00262
0,-0.197831,-0.043256,-0.026377,-0.20037,-0.040941,-0.172583,0.003238,0.000755
0,-0.037804,0.058743,0.187352,0.116739,0.147995,0.151438,0.00066,0.001025
0,-0.037489,0.057928,-0.012706,-0.001499,0.013819,-0.046515,0.000654,0.001011
0,-0.252895,0.067164,-0.200621,0.031647,-0.150856,0.075419,0.002277,0.001172
0,-0.147297,0.057005,0.1121,-0.001547,0.066167,0.041337,0.002571,0.000995
0,-0.289027,-0.115583,-0.139033,-0.170522,-0.144057,-0.186557,0.001646,0.002017
0,-0.063501,-0.079392,0.245444,0.016783,0.23541,0.055715,0.001108,0.001386
0,0.033383,0.126652,0.098157,0.21641,0.100557,0.179282,0.000583,0.00221
0,-0.005184,-0.059834,-0.061968,-0.190808,-0.042395,-0.152798,9e-05,0.001044
0,-0.269803,-0.136728,-0.268966,-0.072685,-0.22054,-0.082909,0.001982,0.002386
0,-0.20522,-0.028801,0.045548,0.101521,0.052226,0.099365,0.003109,0.000503
0,-0.189566,0.017276,0.042215,0.069235,0.074566,0.087729,0.003309,0.000302
0,-0.097228,-0.067648,0.092884,-0.10725,0.106532,-0.1054,0.001697,0.001181
0,-0.055549,-0.137295,0.071491,-0.094097,0.022646,-0.084544,0.00097,0.002396
0,0.08284,-0.161574,0.1099,-0.023265,0.089927,-0.003801,0.001446,0.00282
0,-0.017779,-0.141669,-0.116382,0.033396,-0.120844,0.025761,0.00031,0.002473
0,-0.091148,0.005127,-0.088784,0.119564,-0.125205,0.145452,0.001591,8.9e-05
0,0.143354,-0.043326,0.240189,-0.057394,0.278214,-0.007521,0.002502,0.000756
0,-0.10481,-0.106159,-0.254065,-0.06321,-0.235443,-0.036737,0.001829,0.001853
0,-0.069393,0.079196,0.030537,0.174985,0.042122,0.190782,0.001211,0.001382
0,0.044393,-0.06745,0.139257,-0.125612,0.097914,-0.146822,0.000775,0.001177
0,-0.004709,-0.000483,-0.026148,0.049478,0.020777,0.075983,8.2e-05,8e-06
0,-0.038997,-0.0051,-0.058084,-0.02019,-0.067375,-0.02532,0.000681,8.9e-05
0,-1.683065,1.60865,-1.663339,1.590303,-1.658824,1.560753,0.002612,0.001313
0,-2.624783,2.583276,-0.955388,0.999232,-1.000951,0.995316,0.001025,0.001749
0,-3.10624,2.341067,-0.500882,-0.221219,-0.478835,-0.266173,0.000688,0.000714
0,-3.183548,2.049682,-0.078652,-0.307896,-0.078563,-0.31145,0.002037,0.00232
0,-2.560022,1.669992,0.637655,-0.39438,0.634652,-0.398347,0.002155,0.002384
0,-2.265212,1.200798,0.287667,-0.442913,0.242235,-0.441958,0.000609,0.000885
0,-1.968409,1.09145,0.295683,-0.102429,0.323189,-0.074785,0.000901,0.001023
0,-1.383398,0.83581,0.57296,-0.274291,0.559741,-0.278726,0.002618,0.001206
0,-0.7902,0.33875,0.615546,-0.486427,0.566474,-0.45604,0.00041,0.000779
0,-0.373891,0.164686,0.424638,-0.173076,0.382568,-0.183654,0.000165,0.002874
0,-0.033781,0.208254,0.322391,0.061921,0.293825,0.082309,0.00059,0.003056
0,-0.025094,-0.004615,0.004479,-0.217961,0.032697,-0.185346,0.000438,8.1e-05
0,0.422679,-0.029776,0.434258,-0.013294,0.421182,-0.019571,0.000686,0.00052
0,0.175378,-0.254998,-0.276461,-0.243733,-0.283247,-0.29319,0.003061,0.00224
0,0.140652,-0.04285,-0.011076,0.190307,-0.002228,0.207922,0.002455,0.000748
0,0.280416,-0.035517,0.139727,0.021807,0.115385,-0.027531,0.001797,0.00062
0,0.036436,-0.018913,-0.26279,0.003927,-0.280816,0.0067,0.000636,0.00033
0,0.178491,-0.115101,0.146471,-0.106181,0.16344,-0.086825,0.003115,0.002009
0,0.147552,-0.032718,-0.048474,0.079906,-0.070138,0.094679,0.002575,0.000571
0,0.151875,-0.139526,-0.012697,-0.114435,-0.033701,-0.066134,0.002651,0.002435
0,0.204227,-0.092343,0.027436,0.074765,0.048169,0.102082,0.003126,0.001612
0,0.169132,0.018019,-0.061733,0.109276,-0.069346,0.079945,0.002952,0.000314
0,0.01616,-0.136677,-0.156669,-0.146945,-0.150824,-0.133444,0.000282,0.002385
0,0.174565,0.00535,0.160954,0.116387,0.194211,0.129448,0.003047,9.3e-05
0,0.035656,-0.21615,-0.117622,-0.244437,-0.11522,-0.209619,0.000622,0.002918
0,-0.05566,-0.119108,-0.090858,0.121207,-0.082442,0.170449,0.000971,0.002079
0,0.095914,0.045692,0.12311,0.138306,0.107236,0.137984,0.001674,0.000797
0,0.003625,-0.228395,-0.083961,-0.282491,-0.090075,-0.232608,6.3e-05,0.002705
0,0.038443,-0.192525,0.011877,0.046622,0.039993,0.075176,0.000671,0.003331
0,0.14544,-0.177399,0.099687,0.042415,0.144149,0.066598,0.002538,0.003096
0,0.100621,-0.058544,-0.042695,0.142314,-0.055302,0.142037,0.001756,0.001022
0,-0.025762,-0.079962,-0.105409,6.6e-05,-0.154176,0.036088,0.00045,0.001396
0,0.046772,0.106034,0.074024,0.173659,0.077545,0.160719,0.000816,0.001851
0,-0.079237,-0.144965,-0.096373,-0.261966,-0.048508,-0.306476,0.001383,0.00253
0,-0.046353,-0.043209,0.01481,0.092397,0.049581,0.077327,0.000809,0.000754
0,0.179416,-0.184809,0.21931,-0.158243,0.188848,-0.176799,0.003131,0.003226
0,-0.09991,-0.139462,-0.301916,0.064957,-0.279644,0.040066,0.001744,0.002434
0,-0.111792,0.119287,0.015357,0.265944,-0.010076,0.263889,0.001951,0.002082
0,0.070907,0.088731,0.168612,-0.036621,0.189946,-0.015721,0.001238,0.001549
0,-0.13312,0.064634,-0.223262,-0.019936,-0.25852,-0.045422,0.002323,0.001128
0,-0.141809,-0.106177,-0.013386,-0.170464,0.012407,-0.167622,0.002475,0.001853
0,-0.091119,-0.015561,0.057792,0.117007,0.039902,0.079218,0.00159,0.000272
0,-0.131444,-0.101943,-0.053559,-0.114002,-0.059914,-0.141517,0.002294,0.001779
0,0.036596,0.112693,0.180884,0.238839,0.145456,0.257144,0.000639,0.001967
0,-0.063177,-0.16854,-0.09181,-0.292552,-0.138003,-0.296932,0.001103,0.002942
0,-0.281707,-0.016684,-0.206375,0.160554,-0.157264,0.152387,0.001774,0.000291
0,0.027602,0.097518,0.287061,0.13647,0.265682,0.140702,0.000482,0.001702
0,0.087187,0.073565,0.041221,0.005005,-0.002031,0.037716,0.001522,0.001284
0,0.03204,-0.137498,-0.028379,-0.2367,0.008735,-0.25896,0.000559,0.0024
0,0.0779,-0.152996,0.063352,-0.036688,0.039237,-0.009698,0.00136,0.00267
0,0.011912,0.03939,-0.049699,0.206748,-0.0038,0.213989,0.000208,0.000687
0,-0.019958,0.013475,-0.04191,-0.055083,-0.013633,-0.013274,0.000348,0.000235
0,-0.011809,-0.137142,0.012376,-0.161882,0.056472,-0.137141,0.000206,0.002394
0,-0.065288,-0.023652,-0.047672,0.122789,-0.088243,0.106997,0.001139,0.000413
0,0.074962,-0.028531,0.118787,-0.019766,0.136016,-0.054729,0.001308,0.000498
0,-0.056398,-0.03905,-0.13444,0.006914,-0.144545,-0.033772,0.000984,0.000682
0,-0.029421,0.010691,0.024783,0.068342,0.003849,0.112744,0.000513,0.000187
0,-0.101369,-0.112633,-0.054022,-0.136634,-0.054062,-0.120618,0.001769,0.001966
0,0.122649,-0.14357,0.227688,-0.049377,0.22952,-0.077016,0.002141,0.002506
0,-0.090195,0.017056,-0.227367,0.137344,-0.196335,0.157734,0.001574,0.000298
0,0.079692,-0.111261,0.143794,-0.105183,0.137341,-0.137744,0.001391,0.001942
0,-0.009549,-0.121953,-0.100935,0.000825,-0.062079,-0.038264,0.000167,0.002128
0,0.103391,-0.04358,0.116192,0.053408,0.117834,0.024069,0.001805,0.000761
0,0.050085,-0.060494,-0.082054,-0.010314,-0.103652,-0.051149,0.000874,0.001056
0,-0.138377,-0.025983,-0.161267,0.051015,-0.204517,0.038383,0.002415,0.000453
0,0.011367,0.081762,0.151535,0.084179,0.122053,0.0602,0.000198,0.001427
0,0.085407,0.101996,0.085662,0.0371,0.03867,0.058211,0.001491,0.00178
0,-0.076936,0.081817,-0.164286,-0.032268,-0.191745,-0.072634,0.001343,0.001428
0,0.164608,0.056367,0.256551,-0.050891,0.273913,-0.074778,0.002873,0.000984
0,0.122008,0.085574,-0.022874,0.00104,-0.038523,-0.035603,0.002129,0.001494
0,-0.098635,0.000233,-0.238341,-0.080665,-0.209907,-0.035621,0.001722,4e-06
0,-0.062584,-0.119843,0.038749,-0.102222,0.088508,-0.127024,0.001092,0.002092
0,-0.10166,-0.111837,-0.043869,0.031804,-0.003472,0.060018,0.001774,0.001952
0,0.18345,-0.111571,0.280592,-0.00751,0.309268,0.038044,0.003202,0.001947
0,-0.03795,-0.16266,-0.209047,-0.055209,-0.19452,-0.039527,0.000662,0.002839
0,-0.043197,0.01422,0.001165,0.182581,0.019264,0.180838,0.000754,0.000248
0,0.002504,0.059276,0.047859,0.072277,0.044098,0.02238,4.4e-05,0.001035
0,0.140015,-0.126513,0.152575,-0.21514,0.17752,-0.228714,0.002444,0.002208
0,0.171299,0.013455,0.023388,0.161187,0.020603,0.147612,0.00299,0.000235
0,-0.060283,-0.084898,-0.220192,-0.10993,-0.263371,-0.133066,0.001052,0.001482
0,0.099476,-0.020266,0.140595,0.040415,0.096964,0.065981,0.001736,0.000354
0,0.233589,-0.122063,0.163279,-0.128517,0.188381,-0.125491,0.002614,0.00213
0,0.168505,-0.149268,-0.092008,-0.019698,-0.060143,-0.011509,0.002941,0.002605
0,0.052896,0.030708,-0.11294,0.157082,-0.123672,0.140639,0.000923,0.000536
0,0.186279,-0.068332,0.128817,-0.123694,0.097587,-0.171543,0.003251,0.001193
0,0.09193,0.07524,-0.098521,0.160334,-0.067603,0.193603,0.001604,0.001313
0,0.147688,0.113871,0.061946,0.055961,0.028505,0.047468,0.002578,0.001987
0,-0.057411,0.019637,-0.223484,-0.070701,-0.215356,-0.080422,0.001002,0.000343
0,-0.096469,0.131768,-0.034646,0.084581,-0.020473,0.126519,0.001684,0.0023
0,0.10195,-0.108823,0.209313,-0.242501,0.192618,-0.235115,0.001779,0.001899
0,0.046737,0.144486,-0.070698,0.245851,-0.047322,0.248822,0.000816,0.002522
0,0.156216,-0.118051,0.092536,-0.265957,0.128373,-0.299527,0.002726,0.00206
0,0.088539,0.00088,-0.075269,0.106996,-0.095042,0.079348,0.001545,1.5e-05
0,0.158861,0.176488,0.047262,0.168627,0.08763,0.217953,0.002773,0.00308
0,0.052248,0.073735,-0.116223,-0.126575,-0.152055,-0.129288,0.000912,0.001287
0,0.026111,-0.032944,-0.041041,-0.097887,-0.08451,-0.077439,0.000456,0.000575
0,0.013683,0.152637,-0.018948,0.215057,0.029992,0.259138,0.000239,0.002664
0,-0.074746,-0.085349,-0.073228,-0.255073,-0.101652,-0.275433,0.001305,0.00149
0,-0.078889,0.064735,-0.014319,0.125879,-0.047868,0.105097,0.001377,0.00113
0,0.025991,0.016546,0.106101,-0.029819,0.122052,-0.007755,0.000454,0.000289
0,-0.045193,0.044225,-0.086835,0.018156,-0.060332,0.023608,0.000789,0.000772
0,-0.018804,0.017003,0.047834,-0.007188,0.07466,-0.026602,0.000328,0.000297
0,-0.260728,0.095102,-0.246299,0.073475,-0.233785,0.042799,0.00214,0.00166
0,-0.073018,0.094073,0.200521,0.016148,0.227065,-0.000442,0.001274,0.001642
0,-0.189616,-0.145486,-0.088013,-0.246163,-0.092026,-0.275687,0.003309,0.002539
0,-0.264092,0.032256,-0.080191,0.154135,-0.068943,0.199045,0.002082,0.000563
0,-0.182428,0.087034,0.073993,0.039962,0.055027,-0.009209,0.003184,0.001519
0,-0.173724,-0.097386,0.002699,-0.191688,0.04492,-0.185382,0.003032,0.0017
0,-0.310442,0.036051,-0.12213,0.155116,-0.150874,0.113746,0.001273,0.000629
0,-0.336552,-0.152495,-0.01085,-0.167399,0.026148,-0.193082,0.000817,0.002662
0,-0.071551,0.012835,0.267312,0.190945,0.286222,0.183541,0.001249,0.000224
0,-0.302439,0.02642,-0.258665,0.035236,-0.233961,0.008895,0.001412,0.000461
0,-0.060367,0.041171,0.222774,0.024119,0.20615,0.020649,0.001054,0.000719
0,-0.264634,-0.136332,-0.200448,-0.183994,-0.202412,-0.185553,0.002072,0.002379
0,-0.17928,-0.120454,0.082447,-0.001599,0.078782,0.023603,0.003129,0.002102
0,-0.17787,0.10906,-0.010776,0.204956,0.034518,0.170458,0.003104,0.001903
0,-0.164077,0.090472,0.043407,0.010822,0.090492,-0.005384,0.002864,0.001579
0,-0.209257,0.004291,-0.029248,-0.057243,-0.045343,-0.106591,0.003039,7.5e-05
0,0.013026,0.057189,0.204899,0.051541,0.210176,0.095691,0.000227,0.000998
0,-0.223122,0.054034,-0.218323,0.02497,-0.203793,0.009475,0.002797,0.000943
0,0.028007,-0.162219,0.26241,-0.24516,0.274576,-0.280192,0.000489,0.002831
0,-0.160956,0.061555,-0.160757,0.195933,-0.130996,0.164809,0.002809,0.001074
0,-0.231433,-0.142242,-0.047852,-0.19663,-0.056572,-0.19591,0.002652,0.002483
0,-0.162248,-0.013786,0.077618,0.152497,0.06853,0.109576,0.002832,0.000241
0,0.079689,-0.218217,0.263737,-0.182372,0.2762,-0.136763,0.001391,0.002882
0,0.09044,-0.146393,0.03414,0.070996,0.009078,0.022038,0.001578,0.002555
0,0.038307,-0.093197,-0.022998,0.060136,-0.05068,0.100223,0.000669,0.001627
0,0.089848,-0.089978,0.04782,-0.022628,0.01433,-0.059504,0.001568,0.00157
0,0.053825,0.133295,-0.039705,0.221475,-0.070115,0.232784,0.000939,0.002326
0,-0.015619,0.133309,-0.046556,-0.009218,-0.006901,0.023132,0.000273,0.002327
0,0.030515,0.058181,0.03997,-0.075743,0.002174,-0.046697,0.000533,0.001015
0,-0.035352,-0.027625,-0.076999,-0.111885,-0.1153,-0.111198,0.000617,0.000482
0,0.10683,-0.024316,0.133344,-0.003263,0.180963,0.005729,0.001865,0.000424
0,-0.042575,0.1263,-0.137914,0.132585,-0.16888,0.107926,0.000743,0.002204
0,0.100555,-0.061597,0.154283,-0.21205,0.109213,-0.256277,0.001755,0.001075
0,0.107382,-0.025028,0.017443,0.037349,-0.010949,0.064924,0.001874,0.000437
0,-0.061207,0.021412,-0.140598,0.052301,-0.18141,0.101526,0.001068,0.000374
0,0.076037,-0.126734,0.140695,-0.147929,0.131172,-0.174591,0.001327,0.002212
0,-0.123341,-0.085347,-0.186754,0.017784,-0.199538,0.041484,0.002153,0.00149
0,0.097744,0.092295,0.248296,0.193253,0.285267,0.186005,0.001706,0.001611
0,-0.016671,0.164676,-0.12557,0.079941,-0.157587,0.036776,0.000291,0.002874
0,0.05239,0.028057,0.055004,-0.150433,0.08839,-0.11181,0.000914,0.00049
0,-0.003879,-0.06722,-0.053376,-0.109616,-0.05163,-0.065433,6.8e-05,0.001173
0,0.067861,0.090769,0.042088,0.136758,0.0478,0.091588,0.001184,0.001584
0,0.026004,0.04573,-0.020372,-0.015471,0.007979,0.005256,0.000454,0.000798
0,0.019452,0.106772,-0.031812,0.065534,-0.019092,0.079243,0.000339,0.001864
0,0.144947,-0.01369,0.143616,-0.096365,0.186409,-0.063303,0.00253,0.000239
0,-0.003693,0.077808,-0.123597,0.08283,-0.098155,0.05799,6.4e-05,0.001358
0,0.041092,-0.150018,0.045322,-0.206988,0.021823,-0.219519,0.000717,0.002618
0,0.044371,-0.125608,-0.025669,0.01988,-0.033777,0.001505,0.000774,0.002192
0,0.060606,-0.134471,0.001527,-0.036194,-0.024376,-0.02938,0.001058,0.002347
0,-0.060775,0.169953,-0.111109,0.279129,-0.107682,0.230044,0.001061,0.002966
0,-0.169598,-0.10625,-0.081968,-0.253001,-0.03498,-0.213339,0.00296,0.001854
0,-0.044247,-0.062348,0.141943,0.016578,0.108673,0.014722,0.000772,0.001088
0,-0.132114,-0.101129,-0.073161,-0.042485,-0.05303,-0.008315,0.002306,0.001765
0,-0.162478,0.030993,-0.028837,0.109752,-0.066132,0.12782,0.002836,0.000541
0,0.090122,-0.080193,0.250561,-0.129647,0.217619,-0.156403,0.001573,0.0014
0,-0.222151,-0.002126,-0.307917,0.084409,-0.26892,0.132056,0.002814,3.7e-05
0,0.028812,0.067691,0.254899,0.080845,0.304668,0.107898,0.000503,0.001181
0,-0.057817,0.036345,-0.092608,-0.033068,-0.090961,-0.006494,0.001009,0.000634
0,-0.03461,0.141761,0.034294,0.091216,0.009037,0.055516,0.000604,0.002474
0,0.086504,0.016424,0.101853,-0.109636,0.055614,-0.063104,0.00151,0.000287
0,-0.186713,0.044687,-0.297619,0.03877,-0.306311,0.068316,0.003259,0.00078
0,-0.057945,-0.087704,0.109056,-0.138807,0.145437,-0.12866,0.001011,0.001531
0,0.014217,0.099617,0.04717,0.190413,0.043275,0.164854,0.000248,0.001739
0,0.029244,-1.712295,0.040808,-1.825373,0.008453,-1.873439,0.00051,0.003122
0,0.027215,-1.885876,0.001613,-0.161025,0.010776,-0.122673,0.000475,0.000539
0,-0.134649,-2.214183,-0.154608,-0.310326,-0.151706,-0.35993,0.00235,0.0015
0,-0.122244,-1.801225,0.023134,0.394354,0.03856,0.366589,0.002134,0.002017
0,-0.033136,-1.545802,0.069154,0.277929,0.037523,0.243963,0.000578,0.000216
0,-0.0446,-1.602722,-0.020736,-0.086402,-0.056027,-0.070689,0.000778,0.001209
0,-0.1974,-1.333077,-0.140233,0.260998,-0.149152,0.27559,0.003246,0.003194
0,-0.000497,-1.034486,0.194294,0.316175,0.152708,0.28594,9e-06,0.002017
0,-0.147991,-0.71016,-0.122021,0.351273,-0.161731,0.375278,0.002583,0.000987
0,0.064765,-0.677325,0.223832,0.042948,0.258611,0.089076,0.00113,0.00156
0,-0.073574,-0.287508,-0.134866,0.372099,-0.145408,0.372986,0.001284,0.001673
0,-0.068002,-0.096259,0.002932,0.183778,0.033773,0.168286,0.001187,0.00168
0,0.12126,0.111351,0.185693,0.220597,0.206383,0.225179,0.002116,0.001943
0,-0.090735,0.373695,-0.241547,0.283443,-0.202058,0.285903,0.001584,0.000169
0,-0.046809,0.354993,0.061812,-0.041329,0.046813,-0.060232,0.000817,0.000495
0,-0.108104,0.499803,-0.035974,0.157944,-0.084578,0.109838,0.001887,0.002032
0,-0.057164,0.178448,0.059796,-0.346965,0.078409,-0.334121,0.000998,0.003115
0,-0.118767,0.341802,-0.080059,0.17933,-0.056459,0.219359,0.002073,0.000725
0,-0.128477,0.178141,-0.010659,-0.186158,0.01917,-0.140544,0.002242,0.003109
0,0.027671,0.086751,0.149371,-0.110435,0.161691,-0.068139,0.000483,0.001514
0,0.060262,0.238479,0.010669,0.166964,0.052004,0.189765,0.001052,0.002529
0,0.154333,0.174109,0.123651,-0.044444,0.151052,-0.082192,0.002694,0.003039
0,0.059816,-0.010581,-0.113722,-0.162238,-0.132561,-0.140589,0.001044,0.000185
0,0.047335,0.183408,0.002293,0.201204,-0.02033,0.24092,0.000826,0.003201
0,-0.048459,0.049776,-0.119034,-0.163094,-0.095073,-0.174065,0.000846,0.000869
0,0.06264,0.039559,0.093852,-0.02191,0.076288,-0.021162,0.001093,0.00069
0,0.070559,-0.034284,0.015803,-0.078909,-0.010049,-0.108347,0.001231,0.000598
0,0.111313,0.16305,0.037479,0.171297,0.007939,0.193699,0.001943,0.002846
0,-0.125703,0.101871,-0.256846,-0.062392,-0.223508,-0.060822,0.002194,0.001778
0,-0.113917,-0.054548,0.016722,-0.134069,0.036996,-0.158796,0.001988,0.000952
0,-0.06926,0.139352,0.043105,0.183481,0.090433,0.134493,0.001209,0.002432
0,0.081969,-0.131096,0.140113,-0.248186,0.099692,-0.260882,0.001431,0.002288
0,0.093845,-0.009918,0.006272,0.091649,-0.018137,0.098028,0.001638,0.000173
0,0.115988,-0.029158,-0.005402,0.003484,0.032552,-0.00465,0.002024,0.000509
0,0.086677,0.087311,-0.04766,0.120187,-0.050097,0.093137,0.001513,0.001524
0,0.126443,-0.044509,0.029399,-0.107279,0.032192,-0.062033,0.002207,0.000777
0,-0.14178,0.1241,-0.266787,0.15231,-0.306421,0.194709,0.002475,0.002166
0,-0.142191,0.031455,-0.014849,-0.111468,0.008549,-0.155194,0.002482,0.000549
0,-0.02215,-0.146262,0.092358,-0.189849,0.091713,-0.235625,0.000387,0.002553
0,-0.115926,0.129108,-0.093959,0.294742,-0.05187,0.334763,0.002023,0.002253
0,0.046662,-0.116948,0.180066,-0.265345,0.158551,-0.280254,0.000814,0.002041
0,-0.185178,-0.029204,-0.228022,0.087632,-0.269798,0.059017,0.003232,0.00051
0,0.095126,-0.013715,0.26625,0.041689,0.266205,0.030878,0.00166,0.000239
0,0.092846,-0.050903,0.0263,-0.021558,-0.009686,-0.06063,0.00162,0.000888
0,0.118098,-0.148618,0.007562,-0.105584,-0.023779,-0.110978,0.002061,0.002594
0,0.00442,0.085981,-0.104353,0.249589,-0.134326,0.23146,7.7e-05,0.001501
0,0.177118,-0.042555,0.157954,-0.099734,0.145617,-0.101602,0.003091,0.000743
0,0.047605,-0.06107,-0.134799,-0.018075,-0.16419,0.025442,0.000831,0.001066
0,0.137834,0.072869,0.098431,0.140519,0.121056,0.190111,0.002406,0.001272
0,-0.038347,-0.116915,-0.157472,-0.17072,-0.146788,-0.201774,0.000669,0.002041
0,0.095751,0.118475,0.163464,0.215078,0.165214,0.214529,0.001671,0.002068
0,0.052253,0.073036,-0.072801,-0.018301,-0.031613,-0.040641,0.000912,0.001275
0,0.401851,0.356857,0.324675,0.283796,0.343076,0.320843,0.000323,0.000462
0,0.664398,0.579685,0.241888,0.236563,0.239939,0.283162,0.001786,0.003264
0,0.747213,0.270324,0.067924,-0.289353,0.040893,-0.268527,0.00034,0.001973
0,0.687274,0.202019,-0.032905,-0.092058,0.00531,-0.139633,0.001386,0.003165
0,0.761964,0.418654,0.06372,0.217107,0.017907,0.237043,8.3e-05,0.000616
0,0.56187,0.253252,-0.21366,-0.194782,-0.221099,-0.215862,0.003116,0.002271
0,0.523759,0.240098,-0.062874,-0.035214,-0.079647,-0.01308,0.00245,0.0025
0,0.326582,-0.058191,-0.168865,-0.278024,-0.156848,-0.294981,0.000991,0.001016
0,0.172583,0.03563,-0.161869,0.072268,-0.135023,0.093335,0.003012,0.000622
0,0.201331,-0.122698,0.022884,-0.144861,0.034172,-0.106116,0.003177,0.002141
0,0.112986,-0.045849,-0.094289,0.059555,-0.131918,0.019706,0.001972,0.0008
0,0.133133,-0.01822,0.015017,0.02233,-0.033678,0.012953,0.002324,0.000318
0,0.097617,-0.059857,-0.016851,-0.03366,-0.061302,-0.040356,0.001704,0.001045
0,-0.079689,-0.015495,-0.201813,0.042004,-0.163848,0.035753,0.001391,0.00027
0,0.003501,-0.020646,0.05389,-0.012905,0.015046,-0.022095,6.1e-05,0.00036
0,0.05761,0.055975,0.061199,0.084883,0.081293,0.134324,0.001005,0.000977
0,-0.075173,0.137283,-0.135707,0.102047,-0.11627,0.142097,0.001312,0.002396
0,0.093915,0.023619,0.142328,-0.117209,0.133976,-0.110668,0.001639,0.000412
0,-0.007302,0.152874,-0.101367,0.159149,-0.130744,0.164781,0.000127,0.002668
0,0.177101,-0.001503,0.207235,-0.143029,0.178188,-0.143122,0.003091,2.6e-05
0,-0.047229,-0.112211,-0.211104,-0.106908,-0.178269,-0.121573,0.000824,0.001958
0,-0.147747,-0.02413,-0.104073,0.096246,-0.130644,0.068786,0.002579,0.000421
0,0.093492,0.030307,0.241895,0.073543,0.291216,0.092606,0.001632,0.000529
0,0.018835,-0.024424,-0.103561,-0.069691,-0.149833,-0.049672,0.000329,0.000426
0,0.009487,-0.144872,-0.010231,-0.091271,-0.055173,-0.099663,0.000166,0.002528
0,0.074048,0.035574,0.078079,0.163356,0.087859,0.176324,0.001292,0.000621
0,-0.084694,-0.096634,-0.16377,-0.102849,-0.165202,-0.082399,0.001478,0.001687
0,-0.149882,-0.051931,-0.089278,0.043803,-0.117735,0.039638,0.002616,0.000906
0,-0.038228,0.019513,0.115254,0.048566,0.089821,0.036519,0.000667,0.000341
0,-0.042972,-0.154267,-0.002574,-0.190017,-0.051292,-0.144023,0.00075,0.002692
0,0.169996,0.079361,0.196656,0.244991,0.203423,0.290321,0.002967,0.001385
0,0.087907,0.034697,-0.058391,-0.024454,-0.099559,-0.059728,0.001534,0.000606
0,0.114938,-0.126798,0.038687,-0.170025,0.079787,-0.149305,0.002006,0.002213
0,0.079714,0.043183,-0.00845,0.190093,0.022736,0.201992,0.001391,0.000754
0,-0.095535,-0.044628,-0.195909,-0.108423,-0.214574,-0.145779,0.001667,0.000779
0,-0.020457,0.035106,0.093022,0.089295,0.060183,0.08443,0.000357,0.000613
0,0.043789,-0.078607,0.062117,-0.138945,0.038129,-0.124785,0.000764,0.001372
0,-0.009457,-0.113914,-0.073256,-0.049936,-0.115153,-0.018734,0.000165,0.001988
0,0.078189,-0.190847,0.071232,-0.068023,0.044152,-0.079031,0.001365,0.003331
0,-0.001321,-0.156225,-0.075993,0.047029,-0.121624,0.046484,2.3e-05,0.002727
0,0.042716,-0.081781,0.035589,0.058232,0.053622,0.019092,0.000746,0.001427
0,0.202102,-0.195918,0.164866,-0.097548,0.116644,-0.109525,0.003163,0.003271
0,0.002058,0.075326,-0.212525,0.256381,-0.169464,0.230936,3.6e-05,0.001315
0,0.029061,0.024695,-0.002205,-0.024548,0.045585,-0.069686,0.000507,0.000431
0,0.089143,-0.1766,0.087536,-0.214293,0.05175,-0.173954,0.001556,0.003082
0,0.002187,0.097674,-0.08763,0.301672,-0.063944,0.34446,3.8e-05,0.001705
0,0.012453,-0.041261,-0.006841,-0.144324,-0.01058,-0.181116,0.000217,0.00072
0,0.202463,0.008202,0.163536,0.022619,0.14615,0.020794,0.003157,0.000143
0,0.05239,-0.187955,-0.142612,-0.169012,-0.154835,-0.182764,0.000914,0.00328
0,-0.026618,0.055773,-0.086116,0.240386,-0.046892,0.266671,0.000465,0.000973
0,0.036198,-0.162468,0.05373,-0.188605,0.04284,-0.162745,0.000632,0.002836
0,0.207534,0.01801,0.14428,0.174327,0.173265,0.191716,0.003069,0.000314
0,0.084767,-0.030805,-0.138292,-0.023127,-0.167853,0.019624,0.001479,0.000538
0,0.114089,0.058196,0.000216,0.080885,0.01824,0.10881,0.001991,0.001016
0,-0.063438,0.035955,-0.195711,-0.001788,-0.150566,0.0,0.001107,0.000628
0,0.044573,-0.147959,0.082087,-0.18218,0.11548,-0.216126,0.000778,0.002582
0,0.096484,-0.029624,0.070443,0.098397,0.078174,0.104411,0.001684,0.000517
0,-0.103386,-0.053424,-0.224446,-0.005698,-0.191541,-0.008858,0.001804,0.000932
0,-0.101636,-0.063302,-0.020853,-0.023651,-0.003416,-0.027589,0.001774,0.001105
0,-0.018899,0.011192,0.104398,0.079178,0.146906,0.088595,0.00033,0.000195
0,-0.155411,0.105216,-0.146233,0.09596,-0.170894,0.095152,0.002712,0.001836
0,-0.12935,-0.070329,0.031912,-0.161823,0.079687,-0.160455,0.002258,0.001227
0,-0.052094,-0.149214,0.078705,-0.050529,0.123997,-0.05397,0.000909,0.002604
0,-0.017551,-0.09719,0.037179,0.051675,-0.001728,0.064867,0.000306,0.001696
0,0.065023,0.016759,0.063218,0.093955,0.103869,0.047026,0.001135,0.000293
0,-0.136285,-0.11194,-0.196185,-0.129017,-0.224875,-0.148107,0.002379,0.001954
0,-0.138655,-0.110382,0.027628,0.002001,0.077065,0.003341,0.00242,0.001927
0,0.089958,-0.092227,0.201765,-0.003152,0.234572,-0.01359,0.00157,0.00161
0,-0.128509,0.132722,-0.19722,0.204921,-0.217803,0.165423,0.002243,0.002316
0,-0.202394,0.015392,-0.086804,-0.135643,-0.075716,-0.115437,0.003158,0.000269
0,0.010019,-0.085145,0.19323,-0.078466,0.235679,-0.049899,0.000175,0.001486
0,-0.042366,0.003473,-0.067237,0.113923,-0.117001,0.14691,0.000739,6.1e-05
0,-0.205139,0.152378,-0.192524,0.127644,-0.144554,0.108364,0.00311,0.002659
0,-0.043303,-0.034122,0.166514,-0.172104,0.138977,-0.13817,0.000756,0.000596
0,-0.095468,0.041956,-0.035015,0.103455,-0.072887,0.063799,0.001666,0.000732
0,-0.117546,0.06322,-0.001091,0.04135,-0.007022,0.066773,0.002052,0.001103
0,-0.253187,0.184351,-0.164963,0.101835,-0.214526,0.150647,0.002272,0.003218
0,0.057117,-0.035112,0.306013,-0.227375,0.314209,-0.223309,0.000997,0.000613
0,-0.061387,0.013736,-0.119584,0.049337,-0.079424,0.033713,0.001071,0.00024
0,-0.211945,0.187489,-0.160213,0.18369,-0.166102,0.212619,0.002992,0.003272
0,-0.116136,0.023018,0.112581,-0.1734,0.127974,-0.125085,0.002027,0.000402
0,-0.105172,0.036799,-0.003354,0.010164,-0.049248,0.020236,0.001836,0.000642
0,0.014679,0.204786,0.140201,0.167495,0.091276,0.198353,0.000256,0.003117
0,-0.252071,0.057625,-0.268272,-0.12224,-0.227688,-0.116809,0.002291,0.001006
0,-0.069176,0.194085,0.153253,0.155646,0.192985,0.132122,0.001207,0.003303
0,0.014365,-0.044834,0.06725,-0.250153,0.072679,-0.222416,0.000251,0.000782
0,-0.092064,0.014911,-0.091174,0.078971,-0.101016,0.03184,0.001607,0.00026
0,-0.060186,-0.085832,0.056658,-0.106472,0.034626,-0.071637,0.00105,0.001498
0,-0.122716,0.189289,-0.084056,0.29193,-0.059488,0.292212,0.002142,0.003304
0,-0.007853,0.165701,0.110231,-0.00333,0.119173,0.02271,0.000137,0.002892
0,-0.104134,0.024908,-0.073233,-0.127894,-0.106747,-0.116254,0.001817,0.000435
0,-0.064979,-0.061496,0.038107,-0.086011,0.063219,-0.099925,0.001134,0.001073
0,0.064028,0.149672,0.103865,0.238203,0.08986,0.222004,0.001117,0.002612
0,0.029776,0.003953,-0.040298,-0.165503,-0.017103,-0.117943,0.00052,6.9e-05
0,0.089963,-0.100321,0.042883,-0.114824,0.078721,-0.065953,0.00157,0.001751
0,0.161055,-0.086026,0.06688,2.2e-05,0.018091,-0.046696,0.002811,0.001501
0,0.143345,0.151104,-0.008754,0.217836,-0.026741,0.180437,0.002502,0.002637
0,-0.034243,0.026932,-0.172548,-0.1249,-0.175815,-0.11682,0.000598,0.00047
0,0.055687,-0.023707,0.080661,-0.056951,0.100988,-0.023097,0.000972,0.000414
0,0.219889,0.080205,0.136746,0.080045,0.109951,0.056962,0.002853,0.0014
0,0.160114,-0.104161,-0.052237,-0.177825,-0.096857,-0.210237,0.002795,0.001818
0,-0.129906,0.006001,-0.287884,0.087147,-0.327971,0.060155,0.002267,0.000105
0,-0.035316,0.116178,0.120171,0.138364,0.085262,0.154768,0.000616,0.002028
0,0.052977,-0.173247,0.086237,-0.269577,0.074582,-0.305488,0.000925,0.003024
0,0.132249,-0.005192,0.082909,0.140213,0.121051,0.18859,0.002308,9.1e-05
0,-0.032029,-0.103957,-0.164674,-0.125476,-0.11787,-0.124865,0.000559,0.001814
0,0.055636,-0.130771,0.077858,-0.047547,0.069919,-0.075128,0.000971,0.002282
0,0.058078,0.043782,0.027721,0.199604,0.058728,0.200552,0.001014,0.000764
0,0.045023,0.074375,-0.022172,0.009803,-0.004826,0.0108,0.000786,0.001298
0,-0.093056,0.078444,-0.121991,0.015762,-0.166899,-0.026998,0.001624,0.001369
0,-0.141615,0.11317,-0.066067,0.035329,-0.040247,0.025206,0.002472,0.001975
0,-0.177416,-0.061097,-0.057458,-0.17806,-0.091208,-0.130762,0.003096,0.001066
0,-0.113768,0.082415,0.0762,0.167129,0.030387,0.170998,0.001986,0.001438
0,-0.019567,-0.089718,0.090151,-0.145054,0.082588,-0.183405,0.000342,0.001566
0,-0.07565,-0.004805,-0.058962,0.060057,-0.089004,0.078554,0.00132,8.4e-05
0,-0.208942,-0.12322,-0.109156,-0.123193,-0.136996,-0.16226,0.003044,0.002151
0,-0.110856,-0.065587,0.094888,0.04636,0.073427,0.017872,0.001935,0.001145
0,-0.021247,0.047481,0.081397,0.136936,0.12733,0.176355,0.000371,0.000829
0,0.068437,0.124617,0.095166,0.052729,0.08488,0.028877,0.001194,0.002175
0,-0.105085,0.02433,-0.172437,-0.104887,-0.174924,-0.068853,0.001834,0.000425
0,0.02394,0.103043,0.125022,0.100878,0.080667,0.072679,0.000418,0.001798
0,0.043525,0.123534,0.024471,0.01736,0.066004,0.01998,0.00076,0.002156
0,-0.123691,0.113735,-0.144898,-0.010626,-0.192134,0.013113,0.002159,0.001985
0,-0.071669,-0.097792,0.07411,-0.20072,0.101391,-0.247699,0.001251,0.001707
0,0.048488,0.075192,0.135945,0.177486,0.162046,0.209753,0.000846,0.001312
0,-0.021082,0.001054,-0.041711,-0.045514,-0.045976,-0.021744,0.000368,1.8e-05
0,-0.028979,0.045559,-0.003937,0.062212,-0.020403,0.069187,0.000506,0.000795
0,-0.083573,-0.0703,-0.07052,-0.105864,-0.087528,-0.141725,0.001459,0.001227
0,-0.148176,0.116689,-0.067864,0.166259,-0.033916,0.149227,0.002586,0.002037
0,0.038344,0.139893,0.17404,0.037968,0.171906,0.027856,0.000669,0.002442
0,-0.037738,-0.07954,-0.048165,-0.220462,-0.001172,-0.172332,0.000659,0.001388
0,0.077743,-0.127646,0.142532,-0.038734,0.185574,-0.025893,0.001357,0.002228
0,-0.008261,-0.147066,-0.088522,0.009742,-0.073473,-0.005539,0.000144,0.002567
0,-0.083846,-0.141256,-0.062326,0.023174,-0.092609,0.000266,0.001463,0.002465
0,0.057743,-0.055744,0.166692,0.055958,0.127819,0.020097,0.001008,0.000973
0,-0.161408,0.142306,-0.225058,0.196595,-0.219983,0.14822,0.002817,0.002484
0,-0.229875,0.031635,-0.097102,-0.14003,-0.08559,-0.175901,0.002679,0.000552
0,-0.072586,-0.085916,0.177892,-0.120476,0.139035,-0.090234,0.001267,0.0015
0,-0.132949,0.077601,-0.07228,0.177846,-0.090857,0.142996,0.00232,0.001354
0,-0.225698,0.018969,-0.104685,-0.05015,-0.149114,-0.03711,0.002752,0.000331
0,-0.269203,0.144501,-0.067782,0.121944,-0.117371,0.091065,0.001992,0.002522
0,-0.001193,-1.817062,0.259115,-1.963907,0.266143,-1.939745,2.1e-05,0.00174
0,0.331793,-1.903729,0.340826,-0.114547,0.32857,-0.080799,0.0009,0.000228
0,0.376029,-2.265197,0.066609,-0.390871,0.087324,-0.347272,0.000128,0.00061
0,0.43531,-1.653483,0.0591,0.608019,0.073903,0.653136,0.000907,0.002095
0,-0.951397,-3.889747,-1.404404,-2.239365,-1.386953,-2.275224,0.003223,0.000981
0,-1.17842,-2.947789,-0.232166,0.963412,-0.219613,0.991437,0.000495,0.002078
0,-1.95195,-3.091405,-0.774768,-0.157354,-0.790081,-0.108181,0.000614,0.000429
0,-2.036577,-2.56266,-0.081011,0.544934,-0.13084,0.495812,0.002091,0.002109
0,-1.524231,-1.986427,0.524863,0.54672,0.557573,0.512102,0.00016,0.001216
0,-1.127774,-1.294683,0.409333,0.67768,0.36531,0.683074,0.000389,0.002524
0,-0.93037,-0.674628,0.191009,0.592541,0.152613,0.585937,0.002856,0.001607
0,-0.69208,-0.504272,0.266623,0.160989,0.296954,0.125439,0.001303,0.00211
0,-0.54135,-0.176783,0.143422,0.347379,0.136428,0.322814,0.002758,0.003085
0,-0.430956,-0.009951,0.092265,0.196364,0.109621,0.204448,0.000831,0.000174
0,-0.428142,-0.040159,0.011452,-0.053356,-0.018251,-0.101887,0.000782,0.000701
0,-0.122974,0.03466,0.303381,0.065017,0.325245,0.035726,0.002146,0.000605
0,-0.135234,0.310115,-0.03497,0.26484,-0.079601,0.313035,0.00236,0.001278
0,-0.221249,0.086986,-0.077029,-0.209544,-0.069703,-0.189441,0.002829,0.001518
0,-0.199311,0.300222,0.042439,0.228068,0.092349,0.190638,0.003212,0.001451
0,0.173532,0.286378,0.40071,-0.04178,0.403006,-0.061724,0.003029,0.001693
0,0.324482,0.234748,0.171254,-0.026878,0.12302,0.017891,0.001028,0.002594
0,0.145426,0.070384,-0.192569,-0.167179,-0.181383,-0.185408,0.002538,0.001228
0,0.1395,-0.056876,-0.035306,-0.119962,-0.065062,-0.152318,0.002435,0.000993
0,0.067655,-0.164284,-0.079367,-0.13308,-0.083585,-0.148689,0.001181,0.002867
0,0.003011,-0.000972,-0.071889,0.158876,-0.101551,0.180234,5.3e-05,1.7e-05
0,0.193161,-0.096359,0.218704,-0.073303,0.215528,-0.075346,0.00332,0.001682
0,-0.038292,-0.06719,-0.246445,0.047601,-0.214063,0.084954,0.000668,0.001173
0,0.021237,-0.204838,0.043762,-0.167264,0.070157,-0.176195,0.000371,0.003116
0,-0.068844,-0.055784,-0.110123,0.151529,-0.070977,0.127438,0.001202,0.000974
0,-0.11908,0.060233,-0.034956,0.11325,-0.021925,0.151462,0.002078,0.001051
0,0.161886,-0.14501,0.306626,-0.200453,0.269289,-0.227911,0.002825,0.002531
0,-0.101864,-0.056213,-0.258581,0.118769,-0.284762,0.124873,0.001778,0.000981
0,-0.141032,0.025847,-0.059651,0.053925,-0.060371,0.043938,0.002461,0.000451
0,-0.147591,-0.039442,-0.010482,-0.061754,0.030721,-0.072007,0.002576,0.000688
0,-0.026443,-0.05078,0.126752,-0.009607,0.082036,-0.05683,0.000462,0.000886
0,0.046254,0.062344,0.078018,0.11988,0.118022,0.143852,0.000807,0.001088
0,-0.131961,0.059348,-0.153932,0.007956,-0.190099,-0.003429,0.002303,0.001036
0,-0.11253,0.017612,-0.000468,-0.027966,-0.049806,-0.005905,0.001964,0.000307
0,0.00624,0.067272,0.110742,0.041351,0.094222,0.082369,0.000109,0.001174
0,0.158626,-0.165588,0.142368,-0.206288,0.161453,-0.164629,0.002769,0.00289
0,-0.072799,-0.107606,-0.208699,0.075966,-0.214257,0.109691,0.001271,0.001878
0,-0.032616,-0.056405,0.051337,0.077873,0.053879,0.056689,0.000569,0.000984
0,0.061206,-0.023491,0.087243,0.048738,0.047068,0.06307,0.001068,0.00041
0,0.058915,-0.133914,0.019772,-0.116613,0.010251,-0.129259,0.001028,0.002337
0,0.066537,0.012947,-0.017036,0.172818,0.031084,0.123016,0.001161,0.000226
0,0.025739,0.078853,-0.032981,0.080918,-0.070668,0.114868,0.000449,0.001376
0,0.090602,-0.031589,0.049594,-0.13532,0.05683,-0.087541,0.001581,0.000551
0,-0.041023,-0.167471,-0.112698,-0.154923,-0.149268,-0.183669,0.000716,0.002923
0,0.06963,0.014523,0.131426,0.179635,0.103975,0.197958,0.001215,0.000253
0,-0.079982,0.094489,-0.122006,0.071452,-0.097173,0.050746,0.001396,0.001649
0,-0.044654,-0.112393,0.02173,-0.199935,-0.008042,-0.171034,0.000779,0.001962
0,0.07449,-0.042206,0.132842,0.055916,0.141026,0.016552,0.0013,0.000737
0,-0.026417,0.036123,-0.096598,0.053432,-0.067518,0.078818,0.000461,0.00063
0,0.048996,-0.103674,0.058675,-0.114941,0.034246,-0.076712,0.000855,0.001809
0,0.037314,-0.030894,-0.023003,0.060089,-0.023969,0.084506,0.000651,0.000539
0,0.153295,0.085888,0.144337,0.114129,0.112165,0.11777,0.002676,0.001499
0,0.083343,0.100337,-0.065659,0.001259,-0.04618,-0.030214,0.001455,0.001751
0,0.135287,0.069594,0.072622,-0.042005,0.105353,-0.069877,0.002361,0.001215
0,0.132838,-0.145353,-0.019749,-0.238439,0.024411,-0.233156,0.002318,0.002537
0,0.064426,-0.046841,-0.093127,0.079762,-0.062725,0.065044,0.001124,0.000818
0,0.010053,-0.083403,-0.048336,-0.034675,-0.088173,-0.019352,0.000175,0.001456
0,-0.005333,-0.031277,0.013567,0.062776,0.025585,0.052151,9.3e-05,0.000546
0,0.03384,0.012719,0.015194,0.053961,0.03848,0.017479,0.000591,0.000222
0,0.039625,0.150192,0.003915,0.148194,0.02677,0.17317,0.000692,0.002621
0,0.147966,0.138426,0.105464,-0.035839,0.086174,0.013283,0.002582,0.002416
0,0.029536,0.044025,-0.095627,-0.073175,-0.106263,-0.10709,0.000515,0.000768
0,0.18146,-0.070457,0.127308,-0.119605,0.094443,-0.158664,0.003167,0.00123
0,0.175945,0.050451,0.022508,0.134338,0.005342,0.097187,0.003071,0.000881
0,0.007007,0.039648,-0.179667,-0.031368,-0.210621,-0.048732,0.000122,0.000692
0,-0.037488,0.107456,-0.023028,0.090906,-0.008165,0.08802,0.000654,0.001875
0,0.103113,0.125005,0.137659,0.022437,0.175854,0.031528,0.0018,0.002182
0,-0.14079,0.101254,-0.273692,-0.037635,-0.25974,-0.022593,0.002457,0.001767
0,-0.115352,0.121875,0.011685,0.017057,0.010224,0.057092,0.002013,0.002127
0,0.112266,0.01167,0.21333,-0.135395,0.234128,-0.102868,0.001959,0.000204
0,0.018886,-0.063242,-0.086229,-0.100849,-0.071931,-0.135925,0.00033,0.001104
0,0.019927,0.125768,-0.024127,0.169914,0.023757,0.123664,0.000348,0.002195
0,-0.139789,-0.126979,-0.168303,-0.231835,-0.125001,-0.185744,0.00244,0.002216
0,0.084954,-0.09271,0.243527,0.05133,0.255638,0.04478,0.001483,0.001618
0,0.044711,-0.045758,-0.060711,0.039326,-0.077723,0.022398,0.00078,0.000799
0,0.106414,0.01232,0.057779,0.050502,0.017405,0.060744,0.001857,0.000215
0,0.072187,-0.102467,-0.015326,-0.103675,0.001021,-0.136872,0.00126,0.001788
0,0.232863,0.076245,0.175258,0.169621,0.186801,0.202648,0.002627,0.001331
0,0.098081,-0.014745,-0.120497,-0.073508,-0.097844,-0.04365,0.001712,0.000257
0,0.077439,0.018709,-0.028719,0.044576,-0.02718,0.089167,0.001352,0.000327
0,0.179148,0.039159,0.121476,0.002061,0.139895,-0.040884,0.003127,0.000683
0,0.216752,-0.033297,0.06575,-0.043253,0.06378,0.004466,0.002908,0.000581
0,0.13119,-0.079485,-0.113791,-0.03035,-0.071698,-0.05833,0.00229,0.001387
0,0.014868,-0.006399,-0.120681,0.046727,-0.141768,0.035036,0.000259,0.000112
0,0.214728,0.005264,0.184898,-0.005855,0.185491,0.031557,0.002943,9.2e-05
0,0.02819,-0.084024,-0.207653,-0.102397,-0.208722,-0.132975,0.000492,0.001467
0,0.125696,0.014302,0.105687,0.104833,0.080466,0.125208,0.002194,0.00025
0,0.085909,0.023136,-0.052962,0.029463,-0.030463,-0.013198,0.001499,0.000404
0,0.10796,-0.050742,0.01525,-0.097826,0.016138,-0.101989,0.001884,0.000886
0,0.139062,0.064528,0.041366,0.138469,0.050251,0.113374,0.002427,0.001126
0,-0.021374,-0.017866,-0.190113,-0.10279,-0.192155,-0.06441,0.000373,0.000312
0,0.121013,0.111058,0.136645,0.114391,0.137997,0.070586,0.002112,0.001938
0,0.05414,-0.009787,-0.067384,-0.150428,-0.09337,-0.112591,0.000945,0.000171
0,-0.112162,-0.053327,-0.14572,-0.042995,-0.191877,-0.058315,0.001958,0.000931
0,-0.085949,0.008986,0.012916,0.082705,-0.013819,0.062558,0.0015,0.000157
0,0.002146,0.119134,0.102204,0.139046,0.125694,0.12623,3.7e-05,0.002079
0,0.081574,-0.063864,0.068431,-0.194592,0.109435,-0.153444,0.001424,0.001115
0,0.004079,-0.102525,-0.049565,-0.020912,-0.092441,-0.006685,7.1e-05,0.001789
0,0.091682,-0.036609,0.096681,0.04424,0.098508,0.035318,0.0016,0.000639
0,-0.133472,-0.121657,-0.204655,-0.07957,-0.154951,-0.046518,0.00233,0.002123
0,0.046229,-0.183748,0.188143,-0.061549,0.209735,-0.056651,0.000807,0.003207
0,-0.074931,0.032439,-0.091905,0.201901,-0.066467,0.244934,0.001308,0.000566
0,-0.029285,-0.096726,0.074672,-0.148356,0.063704,-0.142092,0.000511,0.001688
0,-0.034397,-0.157256,0.010348,-0.087914,-0.007682,-0.066414,0.0006,0.002745
0,-0.136311,0.049946,-0.077648,0.209876,-0.124417,0.204346,0.002379,0.000872
0,-0.019692,0.079112,0.120303,0.040953,0.138836,0.055614,0.000344,0.001381
0,-0.158908,-0.098666,-0.153685,-0.175883,-0.130342,-0.143848,0.002773,0.001722
0,-0.106113,-0.000601,0.027323,0.127271,0.000981,0.176341,0.001852,1e-05
0,-0.135389,-0.110784,-0.04029,-0.093688,-0.001193,-0.077732,0.002363,0.001934
0,-0.028626,0.097259,0.106696,0.197217,0.111264,0.186228,0.0005,0.001697
0,-0.088083,-0.042788,-0.084317,-0.146426,-0.107229,-0.186105,0.001537,0.000747
0,-0.014425,-0.109986,0.102655,-0.080244,0.118155,-0.04162,0.000252,0.00192
0,-0.041496,0.07937,-0.001239,0.208333,-0.026689,0.177136,0.000724,0.001385
0,-0.011219,-0.036635,0.049482,-0.109442,0.024462,-0.129571,0.000196,0.000639
0,-0.129085,-0.119435,-0.089134,-0.105124,-0.104411,-0.082651,0.002253,0.002085
0,0.025096,0.123395,0.134332,0.215619,0.103302,0.213838,0.000438,0.002154
0,0.007878,0.074711,-0.014318,-0.020658,-0.042207,-0.054112,0.000137,0.001304
0,-0.084625,-0.095571,-0.098355,-0.194625,-0.120801,-0.199438,0.001477,0.001668
0,-0.064767,0.160204,0.031311,0.256875,0.048206,0.256365,0.00113,0.002796
0,0.064006,-0.006411,0.106363,-0.14222,0.098625,-0.095975,0.001117,0.000112
0,-0.029287,-0.078743,-0.070402,-0.061686,-0.076853,-0.080008,0.000511,0.001374
0,-0.080072,-0.02787,-0.061422,0.077313,-0.065105,0.079217,0.001398,0.000486
0,-0.236895,0.103066,-0.172179,0.152891,-0.1332,0.138843,0.002556,0.001799
0,0.003178,0.029302,0.260306,-0.068975,0.288475,-0.080645,5.5e-05,0.000511
0,-0.17852,0.09313,-0.205397,0.077682,-0.191381,0.099777,0.003116,0.001625
0,-0.091427,0.111472,0.085434,0.035328,0.072136,0.009457,0.001596,0.001946
0,-0.210195,-0.066252,-0.095907,-0.192326,-0.130566,-0.229165,0.003022,0.001156
0,-0.166088,-0.1496,0.02054,-0.089323,-0.009521,-0.119271,0.002899,0.002611
0,-0.075231,0.142408,0.090733,0.318824,0.095705,0.298011,0.001313,0.002485
0,-0.080449,0.039606,0.020129,-0.114968,-0.005705,-0.094251,0.001404,0.000691
0,-0.248073,-0.028593,-0.165166,-0.070407,-0.204128,-0.036155,0.002361,0.000499
0,-0.257416,-0.1106,0.012319,-0.086314,0.029291,-0.060654,0.002198,0.00193
0,-0.257435,-0.026828,0.011104,0.10917,-0.014275,0.105232,0.002198,0.000468
0,-0.253514,-0.030799,-0.018287,0.024911,-0.033141,0.00928,0.002266,0.000538
0,-0.249027,-0.084038,0.007254,-0.040656,-0.033768,-0.030245,0.002344,0.001467
0,-0.256213,0.105556,-0.003464,0.196971,-0.025957,0.18167,0.002219,0.001842
0,-0.128696,0.02944,0.112239,-0.067073,0.13122,-0.02286,0.002246,0.000514
0,-0.139678,0.003718,-0.0159,-0.007175,-0.005228,0.037848,0.002438,6.5e-05
0,-0.153273,0.127553,0.003767,0.149627,-0.004681,0.176071,0.002675,0.002226
0,1.309906,1.113173,1.438238,0.961916,1.411689,0.947168,0.00279,0.000644
0,2.082875,1.880952,0.756233,0.753894,0.786379,0.782738,0.002899,0.000625
0,2.163699,2.439769,0.055278,0.533643,0.01505,0.517738,0.002381,0.002437
0,2.625146,2.038817,0.465313,-0.392864,0.429287,-0.423489,0.001018,0.00213
0,2.477075,1.907478,-0.122588,-0.148538,-0.158861,-0.124163,0.003088,0.000162
0,2.296184,1.132545,-0.177567,-0.783202,-0.220106,-0.830713,6.9e-05,0.000306
0,1.873124,1.014376,-0.43828,-0.142598,-0.41638,-0.143496,0.000762,0.002368
0,1.036163,0.669773,-0.845106,-0.329408,-0.826524,-0.360512,0.001988,0.001692
0,0.789953,0.41318,-0.231232,-0.265987,-0.184069,-0.267149,0.000406,0.000521
0,0.519745,0.116897,-0.258793,-0.267373,-0.244854,-0.316294,0.00238,0.00204
0,0.321286,0.080486,-0.203771,-0.024509,-0.203453,-0.065019,0.001083,0.001405
0,0.056094,-0.094716,-0.272329,-0.168583,-0.247261,-0.159878,0.000979,0.001653
0,-0.095306,-0.057805,-0.15441,0.027692,-0.160758,0.035567,0.001663,0.001009
0,-0.150444,-0.15152,-0.045336,-0.10284,-0.081593,-0.147278,0.002626,0.002645
0,-0.188549,-0.333709,-0.018603,-0.201846,-0.019404,-0.246467,0.003291,0.000866
0,-0.33074,-0.342716,-0.116381,-0.034142,-0.095009,-0.01791,0.000918,0.000709
0,-0.125727,-0.209175,0.188713,0.146361,0.236833,0.121105,0.002194,0.00304
0,-0.299461,-0.065166,-0.157971,0.13545,-0.12566,0.135642,0.001464,0.001137
0,-0.202382,0.039072,0.079505,0.118155,0.106125,0.105685,0.003159,0.000682
0,-0.034451,-0.135994,0.154338,-0.152043,0.155552,-0.193382,0.000601,0.002374
0,-0.239365,-0.113382,-0.211847,0.03513,-0.166469,0.054488,0.002513,0.001979
0,0.09462,-0.074602,0.311065,0.057363,0.26121,0.082467,0.001651,0.001302
0,-0.172054,0.14546,-0.254609,0.191509,-0.213453,0.209706,0.003003,0.002539
0,-0.095904,-0.049058,0.077231,-0.168694,0.074256,-0.199944,0.001674,0.000856
0,0.100748,-0.059999,0.17634,0.003473,0.191543,-0.032327,0.001758,0.001047
0,0.129252,0.101546,0.025746,0.148124,0.013775,0.17553,0.002256,0.001772
0,-0.050129,-0.036712,-0.197227,-0.153448,-0.189012,-0.149449,0.000875,0.000641
0,0.025772,0.019641,0.086149,0.063671,0.12078,0.020438,0.00045,0.000343
0,0.110481,0.031051,0.067955,0.034275,0.034904,0.061678,0.001928,0.000542
0,0.067201,-0.101381,-0.031253,-0.136053,0.017866,-0.157161,0.001173,0.001769
0,0.056446,-0.040213,0.006837,0.062839,-0.010273,0.053643,0.000985,0.000702
0,0.048992,-0.018906,-0.002559,0.044439,0.013253,0.026242,0.000855,0.00033
0,0.133247,-0.078644,0.084071,-0.050642,0.061544,-0.075873,0.002326,0.001373
0,0.179514,-0.013169,0.051347,0.086904,0.017412,0.072117,0.003133,0.00023
0,0.098388,0.099123,-0.084509,0.10431,-0.129695,0.095006,0.001717,0.00173
0,0.003034,-0.074384,-0.074809,-0.170658,-0.092777,-0.215611,5.3e-05,0.001298
0,-0.133611,0.106585,-0.161566,0.185734,-0.19924,0.173156,0.002332,0.00186
0,-0.120172,0.051161,0.007529,-0.047475,0.046836,-0.066614,0.002097,0.000893
0,-0.047107,-0.067384,0.086731,-0.10802,0.09498,-0.070494,0.000822,0.001176
0,0.0306,0.157096,0.055145,0.249605,0.031701,0.216379,0.000534,0.002742
0,-0.067188,-0.129763,-0.126986,-0.269719,-0.15985,-0.249723,0.001173,0.002265
0,0.203655,-0.046371,0.279693,0.106419,0.295076,0.11073,0.003136,0.000809
0,0.592626,-0.355961,0.392296,-0.315802,0.403258,-0.296424,0.003038,0.000478
0,1.158506,-0.181533,0.570383,0.178667,0.587879,0.151042,0.000147,0.003168
0,0.86072,-0.527722,-0.326076,-0.374139,-0.330155,-0.421351,0.001641,0.00252
0,0.699383,-0.45562,-0.172527,0.101695,-0.187019,0.137406,0.001175,0.001261
0,0.539023,-0.481589,-0.15703,-0.017894,-0.11683,-0.066887,0.002717,0.001714
0,0.432096,-0.199218,-0.091189,0.28248,-0.079742,0.304968,0.000851,0.003214
0,0.320927,-0.261978,-0.120214,-0.083925,-0.119184,-0.081303,0.00109,0.002118
0,0.398658,0.008011,0.088018,0.256234,0.107161,0.296956,0.000267,0.00014
0,0.201645,0.040814,-0.198524,0.031453,-0.190624,0.066379,0.003171,0.000712
0,-0.112401,-0.006695,-0.311622,-0.053774,-0.268805,-0.023879,0.001962,0.000117
0,0.101181,-0.151705,0.194103,-0.125981,0.162533,-0.159231,0.001766,0.002648
0,-0.20432,0.032524,-0.304078,0.210022,-0.292795,0.188856,0.003125,0.000568
0,0.052403,0.008638,0.253146,-0.030775,0.240525,-0.014287,0.000915,0.000151
0,-0.060791,-0.159565,-0.120695,-0.151915,-0.163962,-0.169866,0.001061,0.002785
0,-0.125671,0.053859,-0.050803,0.195666,-0.050019,0.241399,0.002193,0.00094
0,-0.099458,-0.160999,0.006181,-0.189816,0.02257,-0.176176,0.001736,0.00281
0,-0.071393,0.049384,0.040404,0.215012,0.042456,0.18121,0.001246,0.000862
0,-0.098119,-0.094277,-0.043363,-0.153798,-0.024457,-0.171182,0.001712,0.001645
0,-0.118267,-0.089064,-0.03475,-0.004793,-0.009537,-0.054298,0.002064,0.001554
0,-0.120043,0.024767,-0.007969,0.134253,-0.0284,0.181011,0.002095,0.000432
0,-0.050387,-0.072286,0.050738,-0.121981,0.048348,-0.099749,0.000879,0.001262
0,-0.142863,-0.104493,-0.106289,-0.052887,-0.081901,-0.028147,0.002493,0.001824
0,-0.091761,0.114119,0.034448,0.19612,0.056936,0.147895,0.001602,0.001992
0,0.021249,0.052816,0.108939,-0.08904,0.066651,-0.04744,0.000371,0.000922
0,-0.103816,-0.071781,-0.096912,-0.104417,-0.079011,-0.140461,0.001812,0.001253
0,-0.196391,-0.045526,-0.089502,0.020818,-0.130143,-0.003132,0.003263,0.000795
0,-0.107577,0.036301,0.082648,0.103762,0.039352,0.062672,0.001878,0.000634
0,-0.111128,0.168823,-0.022076,0.150282,-0.034391,0.101966,0.00194,0.002947
0,0.008762,-0.08013,0.124594,-0.269647,0.15715,-0.294382,0.000153,0.001399
0,0.004785,0.179545,0.005138,0.262626,0.026608,0.255552,8.4e-05,0.003134
0,0.120789,0.016636,0.114655,-0.181875,0.094445,-0.200291,0.002108,0.00029
0,-0.067323,-0.069174,-0.169558,-0.089862,-0.133492,-0.052849,0.001175,0.001207
0,0.142659,0.173165,0.191217,0.227358,0.176306,0.197437,0.00249,0.003022
0,-0.099655,0.05022,-0.238449,-0.128729,-0.195425,-0.13162,0.001739,0.000877
0,0.154568,0.201567,0.244295,0.128013,0.245221,0.086899,0.002698,0.003173
0,0.130455,0.170816,-0.02233,-0.025447,-0.062686,-0.056115,0.002277,0.002981
0,-0.106964,-0.002241,-0.243346,-0.194469,-0.195239,-0.208222,0.001867,3.9e-05
0,-0.179521,0.084608,-0.054596,0.091778,-0.086264,0.071666,0.003133,0.001477
0,-0.14302,0.088703,0.011031,0.025998,0.017426,0.002071,0.002496,0.001548
0,-0.124649,0.186482,0.013228,0.096578,0.010046,0.128836,0.002176,0.003255
0,0.047142,-0.041554,0.172707,-0.20405,0.217789,-0.211921,0.000823,0.000725
0,0.066699,0.213584,-0.007416,0.259896,0.036934,0.245734,0.001164,0.002963
0,0.062238,0.190041,0.003507,-0.013294,0.007044,-0.045638,0.001086,0.003317
0,-0.116,0.112936,-0.194476,-0.057942,-0.220982,-0.008407,0.002025,0.001971
0,-0.046392,0.040696,0.069907,-0.064433,0.052564,-0.064496,0.00081,0.00071
0,-0.130074,-0.074616,-0.053999,-0.086548,-0.010371,-0.058326,0.00227,0.001302
0,-0.201983,0.167318,-0.080512,0.223618,-0.073852,0.205036,0.003166,0.00292
0,-0.015643,-0.0811,0.176903,-0.225599,0.152216,-0.250544,0.000273,0.001415
0,-0.165399,-0.122183,-0.152415,-0.037864,-0.155878,-0.060068,0.002887,0.002133
0,-0.194248,-0.122465,-0.045972,0.018582,-0.010908,0.060803,0.003301,0.002137
0,1.160359,0.38534,1.335783,0.500814,1.304046,0.478857,0.00018,3.5e-05
0,2.323084,0.853888,1.148949,0.481369,1.194781,0.495502,0.000401,0.001522
0,2.620332,1.157506,0.309973,0.295999,0.311791,0.254968,0.001102,0.00013
0,3.073384,1.238923,0.46846,0.105756,0.49225,0.148367,0.000114,0.001551
0,3.044487,1.271115,-0.057101,0.032888,-0.067314,0.011243,0.00039,0.002113
0,2.727157,1.129488,-0.338085,-0.138316,-0.355672,-0.137716,0.000762,0.000359
0,1.82389,1.023347,-0.905547,-0.080905,-0.943305,-0.044412,0.001621,0.002212
0,1.434996,0.703112,-0.372356,-0.292487,-0.364617,-0.316787,0.001718,0.00111
0,0.858264,0.418108,-0.599552,-0.310962,-0.639466,-0.338795,0.001598,0.000607
0,0.765532,0.335436,-0.121815,-0.078555,-0.125874,-0.061244,2.1e-05,0.000836
0,0.37277,0.181876,-0.404419,-0.13638,-0.390512,-0.172632,0.000185,0.003174
0,-0.085044,-0.17634,-0.481739,-0.377749,-0.520333,-0.395277,0.001484,0.003078
0,-0.443454,0.023471,-0.345255,0.201098,-0.300026,0.197267,0.001049,0.00041
0,-0.553656,-0.122438,-0.088586,-0.15974,-0.101733,-0.165199,0.002972,0.002137
0,-0.262793,-0.091311,0.267821,0.028065,0.31027,0.052983,0.002104,0.001594
0,-0.428906,-0.229537,-0.178566,-0.148348,-0.191282,-0.155888,0.000795,0.002685
0,-0.237854,-0.28102,0.218388,-0.039996,0.263179,-0.041435,0.002539,0.001786
0,-0.331894,-0.188725,-0.085362,0.08797,-0.068103,0.047295,0.000898,0.003294
0,-0.036185,0.025383,0.317353,0.189474,0.347543,0.141942,0.000632,0.000443
0,-0.114423,0.035244,-0.056653,0.039445,-0.078481,0.00576,0.001997,0.000615
0,-0.043529,-0.06022,0.053543,-0.095017,0.10258,-0.138752,0.00076,0.001051
0,-0.083729,0.05452,-0.039793,0.134732,-0.078005,0.117962,0.001461,0.000952
0,-0.03775,0.019741,0.031383,-0.034763,0.06283,-0.015995,0.000659,0.000345
0,-0.083916,-0.093168,-0.056149,-0.085499,-0.098026,-0.05386,0.001465,0.001626
0,0.094216,0.019463,0.164082,0.086625,0.198578,0.088834,0.001644,0.00034
0,-0.028103,0.148823,-0.139557,0.121571,-0.185537,0.154124,0.00049,0.002597
0,0.07382,-0.02252,0.072625,-0.156041,0.112622,-0.177958,0.001288,0.000393
0,-0.046179,-0.033864,-0.101831,-0.004252,-0.066724,0.045,0.000806,0.000591
0,-0.212677,0.008482,-0.181665,0.048189,-0.186933,0.002666,0.002979,0.000148
0,-0.124898,0.090704,0.089228,0.077194,0.07988,0.033153,0.00218,0.001583
0,-0.056373,0.128743,0.095822,0.026784,0.072548,-0.005175,0.000984,0.002247
0,-0.024615,-0.004431,0.058113,-0.145784,0.057179,-0.13847,0.00043,7.7e-05
0,0.186049,-0.097848,0.228935,-0.064171,0.244731,-0.103919,0.003247,0.001708
0,0.054596,-0.029501,-0.159659,0.067161,-0.19281,0.032305,0.000953,0.000515
0,0.047171,0.10921,-0.031447,0.148249,-0.079818,0.182722,0.000823,0.001906
0,0.211542,0.094257,0.180897,-0.006516,0.154625,0.016705,0.002999,0.001645
0,0.048705,-0.02067,-0.156255,-0.121572,-0.184322,-0.103154,0.00085,0.000361
0,0.186674,0.14103,0.163519,0.171461,0.173867,0.181399,0.003258,0.002461
0,0.275431,-0.023794,0.085923,-0.176527,0.096215,-0.141817,0.001884,0.000415
0,-0.036164,0.109959,-0.30624,0.129183,-0.292537,0.092977,0.000631,0.001919
0,0.145443,-0.085865,0.168477,-0.174074,0.1952,-0.142601,0.002538,0.001499
0,0.165655,-0.016654,0.015716,0.052396,-0.021957,0.074308,0.002891,0.000291
0,-0.076692,-0.00428,-0.217556,0.039045,-0.242518,-0.002714,0.001339,7.5e-05
0,0.002531,-0.196563,0.067733,-0.21591,0.035178,-0.246215,4.4e-05,0.00326
0,0.130458,0.042306,0.156006,0.209368,0.119961,0.240393,0.002277,0.000738
0,-0.079168,0.018101,-0.235823,-0.021013,-0.256121,-0.003869,0.001382,0.000316
0,0.118411,-0.169183,0.179965,-0.192235,0.165923,-0.229275,0.002067,0.002953
0,-4.518782,0.20208,-4.633341,0.362752,-4.604903,0.344468,0.001422,0.003164
0,-4.955648,0.273632,-0.438196,0.099932,-0.473531,0.128606,0.000488,0.001915
0,-5.432739,0.451239,-0.471752,0.188266,-0.486893,0.192092,0.001148,0.001185
0,-5.333615,0.383176,0.10396,-0.09802,0.100648,-0.057518,0.000582,3e-06
0,-3.994842,0.422101,1.366801,0.009367,1.324671,0.018252,0.002815,0.000676
0,-3.224734,0.172553,0.784582,-0.233431,0.800773,-0.1978,0.002756,0.003012
0,-2.43291,0.168563,0.795566,0.012122,0.804897,-0.020217,0.002317,0.002942
0,-2.018954,0.138854,0.410674,-0.038308,0.456627,-0.070331,0.001783,0.002423
0,-0.724303,0.001341,1.298128,-0.148438,1.250529,-0.194781,0.00074,2.3e-05
0,0.033491,0.108351,0.744447,0.08141,0.728452,0.056838,0.000585,0.001891
0,0.253148,0.005991,0.202357,-0.108374,0.170113,-0.063429,0.002273,0.000105
0,0.423027,0.026203,0.151878,0.008972,0.158377,-0.009579,0.000692,0.000457
0,0.439755,0.042395,0.005159,0.04349,-0.026054,0.053135,0.000984,0.00074
0,0.579961,0.061215,0.167108,0.000945,0.21255,0.047532,0.003259,0.001068
0,0.471456,-0.011218,-0.127251,-0.101621,-0.089287,-0.05261,0.001538,0.000196
0,0.422614,-0.087252,-0.042946,-0.084098,-0.013281,-0.066579,0.000685,0.001523
0,0.347611,0.133813,-0.076961,0.24969,-0.031025,0.253714,0.000624,0.002335
0,0.144862,0.109232,-0.221925,-0.027687,-0.175337,-0.055876,0.002528,0.001906
0,0.125037,0.15964,0.006017,0.042108,-0.007977,0.001599,0.002182,0.002786
0,0.27498,0.051559,0.17001,-0.086134,0.19948,-0.108468,0.001892,0.0009
0,0.232956,0.163096,-0.026929,0.104432,-0.008416,0.152288,0.002625,0.002847
0,0.037434,0.110084,-0.202507,-0.024193,-0.211465,0.012044,0.000653,0.001921
0,-0.00199,-0.040148,-0.050707,-0.16042,-0.086426,-0.14536,3.5e-05,0.000701
0,0.133115,-0.045241,0.114723,-0.027334,0.085392,-0.06479,0.002323,0.00079
0,-0.177961,-0.07419,-0.322575,-0.056018,-0.34275,-0.045198,0.003106,0.001295
0,0.124046,0.050003,0.273619,0.103342,0.225819,0.100314,0.002165,0.000873
0,0.05748,0.020596,-0.079779,-0.057786,-0.057335,-0.023135,0.001003,0.000359
0,-0.075987,-0.025432,-0.160771,-0.028008,-0.162366,-0.010838,0.001326,0.000444
0,0.087549,0.043219,0.143196,0.096973,0.185707,0.081631,0.001528,0.000754
0,0.059696,0.02193,-0.046383,-0.000327,-0.076362,-0.001547,0.001042,0.000383
0,0.126389,-0.07642,0.065459,-0.09098,0.101248,-0.058982,0.002206,0.001334
0,0.115786,0.043631,-0.027617,0.110854,0.002317,0.153093,0.002021,0.000762
0,-0.052885,-0.017466,-0.172645,-0.080027,-0.174036,-0.043851,0.000923,0.000305
0,0.106361,-0.006078,0.164341,0.04122,0.155764,0.062369,0.001856,0.000106
0,0.186472,0.110859,0.093299,0.139334,0.089294,0.134551,0.003255,0.001935
0,0.192184,-0.067889,-0.007336,-0.178483,-0.01988,-0.153038,0.003337,0.001185
0,-0.042504,0.073652,-0.244238,0.114378,-0.196895,0.162945,0.000742,0.001285
0,0.126958,-0.024043,0.174828,-0.095202,0.221471,-0.065583,0.002216,0.00042
0,0.289261,0.057005,0.188159,0.058914,0.138783,0.083513,0.001642,0.000995
0,0.132328,0.047692,-0.182532,0.006698,-0.154849,0.022082,0.00231,0.000832
0,0.16444,-0.004966,0.038686,-0.045404,0.046478,-0.094211,0.00287,8.7e-05
0,0.31741,0.012657,0.146246,0.002307,0.101099,0.021052,0.001151,0.000221
0,0.277756,-0.141052,-0.050626,-0.180014,-0.042578,-0.219046,0.001843,0.002462
0,0.085558,0.100329,-0.186157,0.21229,-0.233708,0.247639,0.001493,0.001751
0,0.243114,-0.037467,0.132121,-0.136609,0.154088,-0.158211,0.002448,0.000654
0,0.209263,-0.045327,-0.038686,-0.014913,-0.073501,-0.053683,0.003038,0.000791
0,0.008498,-0.109452,-0.223399,-0.064353,-0.225077,-0.042226,0.000148,0.00191
0,0.187948,-0.048856,0.204448,0.083307,0.159828,0.086682,0.00328,0.000853
0,0.014155,0.041192,-0.152635,0.081798,-0.136689,0.089056,0.000247,0.000719
0,0.120653,0.056058,0.123596,-0.001072,0.139991,-0.046491,0.002106,0.000978
0,0.265629,0.111421,0.15809,0.035712,0.112143,0.061494,0.002055,0.001945
0,0.096579,0.042226,-0.167576,-0.093141,-0.177642,-0.12637,0.001686,0.000737
0,0.23173,-0.138599,0.12183,-0.168396,0.161521,-0.194055,0.002646,0.002419
0,0.217329,0.160064,-0.028888,0.270999,-0.018262,0.292283,0.002898,0.002794
0,0.199789,-0.102697,-0.035378,-0.248986,-0.039781,-0.23877,0.003204,0.001792
0,0.14017,-0.048566,-0.063599,0.05508,-0.05839,0.023642,0.002446,0.000848
0,0.029544,0.130594,-0.106416,0.205422,-0.136063,0.200093,0.000516,0.002279
0,0.276607,0.085332,0.243964,-0.023557,0.288339,0.016615,0.001863,0.001489
0,0.101084,0.044915,-0.159635,-0.021585,-0.17353,-0.028364,0.001764,0.000784
0,0.186374,0.040985,0.062699,-0.012411,0.100777,-0.052805,0.003253,0.000715
0,0.279035,0.008507,0.068235,-0.015872,0.0366,-0.046496,0.001821,0.000148
0,0.299393,0.105247,0.02102,0.08483,0.030195,0.085297,0.001465,0.001837
0,0.176186,-0.032987,-0.139089,-0.16599,-0.146033,-0.153076,0.003075,0.000576
0,0.292305,-0.025035,0.130648,0.029413,0.175152,-0.006668,0.001589,0.000437
0,0.145368,-0.019308,-0.174721,-0.004188,-0.133633,-0.003735,0.002537,0.000337
0,0.185727,-0.037632,0.034404,-0.017387,-0.00025,0.014815,0.003242,0.000657
0,0.141636,-0.058041,-0.042685,-0.011193,-0.047275,-0.058021,0.002472,0.001013
0,0.346274,-0.108351,0.188617,-0.048945,0.142659,-0.070203,0.000647,0.001891
0,0.389527,-0.032254,0.046309,0.063828,0.021729,0.034396,0.000108,0.000563
0,0.338355,0.125907,-0.055121,0.164334,-0.08478,0.191952,0.000785,0.002197
0,0.10495,0.070503,-0.204877,-0.058558,-0.179325,-0.071312,0.001832,0.001231
0,0.06556,0.083355,-0.058485,0.014316,-0.069638,-0.035169,0.001144,0.001455
0,0.217362,0.152922,0.145635,0.04968,0.124037,0.056149,0.002897,0.002669
0,0.147713,0.024497,-0.092511,-0.109846,-0.118173,-0.102986,0.002578,0.000428
0,0.014224,0.040735,-0.114435,0.00931,-0.15534,0.045278,0.000248,0.000711
0,0.180291,0.078731,0.1465,0.010867,0.144331,-0.012132,0.003147,0.001374
0,0.032425,-0.006729,-0.148593,-0.083784,-0.168021,-0.078297,0.000566,0.000117
0,0.125905,0.052817,0.115925,0.037613,0.077255,0.046652,0.002197,0.000922
0,0.259268,0.068676,0.137752,0.031327,0.136323,0.02895,0.002166,0.001199
0,0.181611,0.077784,-0.093396,-0.007029,-0.138144,-0.013638,0.00317,0.001358
0,0.189773,0.177667,-0.001749,0.093522,-0.051566,0.101234,0.003312,0.003101
0,0.263044,0.040766,0.080105,-0.150798,0.102075,-0.179232,0.0021,0.000711
0,0.147958,0.17695,-0.094966,0.146141,-0.139728,0.114848,0.002582,0.003088
0,0.254833,0.111037,0.125743,-0.061279,0.126848,-0.076856,0.002243,0.001938
0,0.121685,-0.043492,-0.125712,-0.126058,-0.11913,-0.169525,0.002124,0.000759
0,0.076907,-0.138317,-0.063477,-0.107391,-0.063027,-0.088434,0.001342,0.002414
0,0.186694,0.099008,0.090115,0.214852,0.128839,0.21695,0.003258,0.001728
0,0.115347,-0.051192,-0.063995,-0.17507,-0.068267,-0.148503,0.002013,0.000893
0,0.174354,-0.007514,0.036568,0.071954,0.020152,0.032955,0.003043,0.000131
0,0.167986,0.093728,0.000146,0.099365,-0.031134,0.13153,0.002932,0.001636
0,0.24452,-0.095667,0.083552,-0.216604,0.040736,-0.260876,0.002423,0.00167
0,-0.034808,0.098504,-0.263632,0.190191,-0.216199,0.173703,0.000608,0.001719
0,0.101406,-0.022202,0.117179,-0.12,0.104597,-0.138948,0.00177,0.000387
0,-0.056517,-0.059125,-0.152595,-0.042747,-0.165195,-0.058833,0.000986,0.001032
0,-0.067046,0.212866,-0.015342,0.256663,-0.062894,0.301794,0.00117,0.002976
0,0.043845,0.019706,0.106884,-0.212661,0.102635,-0.188679,0.000765,0.000344
0,-0.060441,0.142463,-0.099214,0.097618,-0.049848,0.130586,0.001055,0.002486
0,0.005369,0.187618,0.082547,0.043885,0.123889,0.050654,9.4e-05,0.003275
0,0.177792,-0.048717,0.146249,-0.23501,0.191853,-0.256179,0.003103,0.00085
0,0.167419,-0.091221,0.002572,-0.046348,0.019761,-0.007322,0.002922,0.001592
0,0.166838,0.01501,0.017848,0.10697,0.054201,0.066207,0.002912,0.000262
0,0.118118,0.039804,-0.027038,0.034932,0.00566,-0.011824,0.002062,0.000695
0,-0.113363,0.10566,-0.210876,0.078202,-0.206441,0.071134,0.001979,0.001844
0,0.052962,0.054406,0.16042,-0.05798,0.114474,-0.102336,0.000924,0.00095
0,-0.04531,-0.057813,-0.073223,-0.103927,-0.099556,-0.105247,0.000791,0.001009
0,-0.096329,0.122314,-0.044394,0.175225,-0.009745,0.176218,0.001681,0.002135
0,0.048705,0.087108,0.149685,-0.051187,0.121848,-0.090429,0.00085,0.00152
0,0.084925,0.159223,0.026118,0.0965,0.056343,0.130042,0.001482,0.002779
0,-0.004435,-0.036873,-0.09041,-0.211707,-0.095382,-0.252526,7.7e-05,0.000644
0,0.143781,0.151188,0.118441,0.188414,0.119629,0.213239,0.002509,0.002639
0,-0.030741,0.173868,-0.188165,0.006004,-0.196598,-0.013666,0.000537,0.003035
0,0.067255,0.182994,0.12795,-0.015423,0.139609,-0.045052,0.001174,0.003194
0,0.241097,0.063671,0.150179,-0.093425,0.160426,-0.126893,0.002483,0.001111
0,-0.04195,0.174855,-0.276793,0.097783,-0.279775,0.052785,0.000732,0.003052
0,0.01753,0.085909,0.039963,-0.076783,0.004571,-0.107942,0.000306,0.001499
0,0.140006,-0.003171,0.144585,-0.062359,0.181587,-0.064129,0.002444,5.5e-05
0,-0.002692,0.019952,-0.156855,0.028134,-0.200645,-0.009659,4.7e-05,0.000348
0,-0.025799,0.015245,-0.013095,-0.030258,-0.027172,-0.064918,0.00045,0.000266
0,0.180926,0.085082,0.184892,0.04287,0.19691,0.038959,0.003158,0.001485
0,0.097461,0.095662,-0.075656,0.031524,-0.121931,0.061654,0.001701,0.00167
0,0.011626,0.080123,-0.094051,-0.027939,-0.069495,-0.063966,0.000203,0.001398
0,0.071877,0.03689,0.056991,-0.020559,0.05594,-0.01513,0.001254,0.000644
0,0.034592,-0.186309,-0.02055,-0.245808,-0.048474,-0.204887,0.000604,0.003252
0,-0.136295,0.005163,-0.175979,0.200421,-0.185405,0.169916,0.002379,9e-05
0,0.025864,0.106773,0.164722,0.087566,0.127119,0.126583,0.000451,0.001864
0,-0.028279,0.091728,-0.066554,-0.005344,-0.086732,-0.05323,0.000494,0.001601
0,0.042535,0.077263,0.041454,-0.003187,0.019584,-0.052696,0.000742,0.001348
0,-0.032419,-0.0901,-0.056992,-0.15938,-0.007268,-0.152435,0.000566,0.001573
0,-0.137154,0.128203,-0.115768,0.215679,-0.105222,0.241827,0.002394,0.002238
0,-0.00683,0.074033,0.126181,-0.035175,0.120099,-0.011052,0.000119,0.001292
0,-0.044969,-0.163271,-0.030267,-0.227584,0.013963,-0.193535,0.000785,0.00285
0,-0.025751,-0.076593,-0.008998,0.116554,-0.045306,0.126066,0.000449,0.001337
0,-0.210872,-0.066407,-0.211962,-0.000715,-0.234279,-0.04015,0.00301,0.001159
0,-0.131799,-0.139168,0.068426,-0.054766,0.111405,-0.025415,0.0023,0.002429
0,-0.277739,0.087837,-0.143585,0.24689,-0.131401,0.265073,0.001843,0.001533
0,0.015674,-0.138275,0.2732,-0.253178,0.318769,-0.204204,0.000274,0.002413
0,0.012584,-0.018169,0.016198,0.124702,0.008599,0.127511,0.00022,0.000317
0,-0.06169,-0.15329,-0.071562,-0.14224,-0.042727,-0.120636,0.001077,0.002675
0,-0.032298,0.054996,0.006674,0.200577,-0.016949,0.156312,0.000564,0.00096
0,-0.221898,-0.149739,-0.216646,-0.17725,-0.247476,-0.127505,0.002818,0.002613
0,-0.050823,-0.009724,0.168261,0.167866,0.137672,0.170064,0.000887,0.00017
0,-0.168162,-0.083958,-0.102148,-0.081069,-0.083247,-0.094094,0.002935,0.001465
0,-0.022735,0.063047,0.140994,0.159175,0.113386,0.198746,0.000397,0.0011
0,0.047598,-0.077057,0.097672,-0.130254,0.052974,-0.163894,0.000831,0.001345
0,-0.225439,-0.061226,-0.269006,-0.010409,-0.318143,0.025081,0.002756,0.001069
0,0.000494,0.045388,0.212369,0.089623,0.197226,0.108548,9e-06,0.000792
0,0.056835,-0.124055,0.050864,-0.193609,0.015252,-0.15614,0.000992,0.002165
0,-0.058696,-0.104665,-0.09512,0.0387,-0.065292,-0.007309,0.001024,0.001827
0,-0.070435,0.004357,-0.006073,0.134115,0.025942,0.099545,0.001229,7.6e-05
0,0.024532,-0.187726,0.079128,-0.202923,0.070896,-0.193011,0.000428,0.003276
0,-0.066633,-0.163743,-0.07765,0.019616,-0.060819,0.023601,0.001163,0.002858
0,0.051831,-0.026746,0.128692,0.165594,0.156491,0.172181,0.000905,0.000467
0,0.157046,0.07254,0.13359,0.12629,0.09674,0.139686,0.002741,0.001266
0,0.149942,-0.160948,-0.009746,-0.257701,0.023471,-0.298374,0.002617,0.002809
0,0.126831,-0.169166,-0.009839,-0.014119,0.016674,-0.005894,0.002214,0.002952
0,-0.058229,-0.057809,-0.20312,0.083964,-0.16048,0.100924,0.001016,0.001009
0,0.028968,-0.123765,0.106689,-0.044894,0.125274,-0.043641,0.000506,0.00216
0,0.244125,-0.046424,0.217702,0.068309,0.243731,0.068217,0.00243,0.00081
0,0.176459,-0.068268,-0.04066,0.006464,-0.012546,-0.027572,0.00308,0.001191
0,0.0104,0.031656,-0.176015,0.1081,-0.131535,0.093484,0.000182,0.000552
0,0.029567,0.117876,0.045014,0.060592,0.037378,0.073579,0.000516,0.002057
0,0.098235,0.040599,0.079397,-0.05118,0.038184,-0.028829,0.001715,0.000709
0,0.102125,-0.084189,0.00728,-0.15134,0.002248,-0.117673,0.001782,0.001469
0,-0.027886,-0.093067,-0.129972,-0.021283,-0.095455,-0.022423,0.000487,0.001624
0,-0.078591,0.048442,-0.046591,0.138809,-0.049574,0.167776,0.001372,0.000845
0,-0.092034,-0.095691,-0.019322,-0.144139,0.014112,-0.155224,0.001606,0.00167
0,0.102913,0.002856,0.200761,0.074108,0.250747,0.087858,0.001796,5e-05
0,-0.021494,0.033784,-0.110578,0.007181,-0.060974,-0.017088,0.000375,0.00059
0,0.018014,0.073584,0.048907,0.01356,0.06179,0.000573,0.000314,0.001284
0,-0.065311,-0.075114,-0.061508,-0.126549,-0.030502,-0.088674,0.00114,0.001311
0,0.072285,-0.144917,0.117684,-0.078833,0.114075,-0.117355,0.001262,0.002529
0,-0.024338,-0.063414,-0.087887,0.101674,-0.07319,0.114873,0.000425,0.001107
0,-0.146704,-0.092187,-0.135201,-0.004995,-0.140709,-0.037444,0.00256,0.001609
0,0.024877,-0.074369,0.169252,0.005169,0.133171,0.051119,0.000434,0.001298
0,0.051721,-0.013091,0.041785,0.055407,0.001727,0.077726,0.000903,0.000228
0,-0.167366,-0.084506,-0.223121,-0.0828,-0.230009,-0.083022,0.002921,0.001475
0,-0.161448,0.099375,-0.006192,0.175117,-0.016248,0.20743,0.002818,0.001734
0,0.074923,-0.185577,0.248565,-0.287829,0.262555,-0.327675,0.001308,0.003239
0,0.020781,0.076508,-0.057719,0.278288,-0.107203,0.267178,0.000363,0.001335
0,-0.183722,-0.147482,-0.202772,-0.23944,-0.224183,-0.203492,0.003207,0.002574
0,-0.015172,-0.19624,0.161746,-0.078675,0.142128,-0.080247,0.000265,0.003266
0,-0.075504,-0.124788,-0.046042,0.051787,-0.044235,0.042382,0.001318,0.002178
0,-0.072055,-0.129082,-0.022039,0.005739,0.027446,0.022303,0.001258,0.002253
0,0.075391,-0.009173,0.149457,0.120972,0.175184,0.090813,0.001316,0.00016
0,0.193129,-0.06378,0.10578,-0.053516,0.072872,-0.012338,0.00332,0.001113
0,0.197391,-0.129885,0.022729,-0.088426,-0.000815,-0.060567,0.003246,0.002267
0,0.171446,0.050309,-0.030354,0.16982,-0.031295,0.208676,0.002992,0.000878
0,0.201102,0.002192,0.018153,-0.062577,0.037875,-0.013903,0.003181,3.8e-05
0,0.146342,0.010431,-0.084438,-0.005687,-0.0419,0.019208,0.002554,0.000182
0,0.024912,0.073047,-0.104448,0.062292,-0.100917,0.091915,0.000435,0.001275
0,0.042643,0.107443,0.001494,0.048629,0.004101,0.031169,0.000744,0.001875
0,0.112894,0.065447,0.091795,-0.027762,0.045541,-0.038635,0.00197,0.001142
0,0.215833,0.130035,0.093858,0.072304,0.072398,0.066162,0.002924,0.00227
0,-0.021387,-0.174961,-0.2104,-0.32775,-0.222858,-0.363215,0.000373,0.003054
0,0.224349,0.072526,0.240484,0.248629,0.289793,0.230416,0.002775,0.001266
0,0.072915,-0.130147,-0.137184,-0.175739,-0.091127,-0.143237,0.001273,0.002271
0,0.137491,-0.122995,0.062342,0.021718,0.067263,-0.01267,0.0024,0.002147
0,0.232703,0.083679,0.113936,0.227974,0.127684,0.1834,0.002629,0.00146
0,0.080514,0.137276,-0.161088,0.058406,-0.2083,0.046372,0.001405,0.002396
0,0.161532,-0.153634,0.068642,-0.265395,0.100227,-0.234433,0.002819,0.002681
0,0.080833,-0.046872,-0.070159,0.083889,-0.034109,0.061735,0.001411,0.000818
0,-0.004033,-0.001875,-0.080944,0.070264,-0.047402,0.064171,7e-05,3.3e-05
0,0.07109,-0.051982,0.066393,-0.035518,0.049809,-0.054588,0.001241,0.000907
0,0.185243,-0.107422,0.104363,-0.066459,0.109472,-0.116227,0.003233,0.001875
0,-0.104452,0.086782,-0.30628,0.204063,-0.324146,0.203426,0.001823,0.001515
0,0.10525,0.090774,0.22293,0.007356,0.190114,-0.036957,0.001837,0.001584
0,-0.127146,0.0781,-0.218282,-0.001355,-0.237555,0.034538,0.002219,0.001363
0,0.028045,0.077333,0.127273,0.007661,0.077924,0.006978,0.000489,0.00135
0,-0.007927,-0.037264,-0.007691,-0.104443,0.003193,-0.150184,0.000138,0.00065
0,0.106278,-0.042653,0.102065,0.017626,0.105906,0.065641,0.001855,0.000744
0,-0.048134,-0.04156,-0.159452,0.000242,-0.185456,0.006635,0.00084,0.000725
0,-0.115233,-0.018476,-0.071283,0.003869,-0.025341,-0.027573,0.002011,0.000322
0,0.11013,-0.121078,0.230919,-0.079135,0.183659,-0.079979,0.001922,0.002113
0,-0.010828,0.022734,-0.146972,0.122991,-0.177479,0.075172,0.000189,0.000397
0,-0.028789,-0.198319,-0.010437,-0.199396,0.000258,-0.179259,0.000502,0.00323
0,-0.110107,-0.033677,-0.11121,0.14596,-0.145204,0.149843,0.001922,0.000588
0,0.11876,-0.073994,0.215987,-0.050803,0.264508,-0.058258,0.002073,0.001291
0,0.017376,0.077443,-0.075431,0.139504,-0.045629,0.133487,0.000303,0.001352
0,-0.164211,-0.178713,-0.16927,-0.23354,-0.176116,-0.240228,0.002866,0.003119
0,-0.053211,-0.203619,0.10317,-0.001847,0.078907,-0.048804,0.000929,0.003137
0,-0.162593,-0.022557,-0.122093,0.164526,-0.109481,0.141195,0.002838,0.000394
0,-0.139617,-0.163833,0.046048,-0.167915,0.087002,-0.118799,0.002437,0.002859
0,0.054005,-0.053327,0.18443,0.094756,0.147195,0.141333,0.000943,0.000931
0,-0.112356,-0.041233,-0.157309,0.01383,-0.148367,0.019275,0.001961,0.00072
0,-0.001035,-0.055025,0.106932,0.008839,0.08186,0.042484,1.8e-05,0.00096
0,0.011098,-0.13114,-0.007469,-0.052745,-0.022531,-0.081245,0.000194,0.002289
0,-0.085456,0.042191,-0.108963,0.151409,-0.093429,0.118848,0.001491,0.000736
0,-0.009824,0.068064,0.049416,0.054935,0.040383,0.013105,0.000171,0.001188
0,-0.057642,0.021079,-0.067392,-0.026075,-0.096234,0.006583,0.001006,0.000368
0,-0.045275,-0.10597,-0.015482,-0.100735,-0.020218,-0.087748,0.00079,0.00185
0,0.002066,0.116932,0.027483,0.230755,0.043141,0.257558,3.6e-05,0.002041
0,-0.054985,-0.019424,-0.0783,-0.155563,-0.049295,-0.129401,0.00096,0.000339
0,0.006487,-0.063304,0.069555,-0.019053,0.046504,-0.051379,0.000113,0.001105
0,0.039079,-0.090394,0.043955,-0.047998,0.028787,-0.016788,0.000682,0.001578
0,-0.060019,-0.025718,-0.105244,0.055262,-0.113654,0.069363,0.001048,0.000449
0,-0.113954,-0.13349,-0.026389,-0.123892,0.011805,-0.142747,0.001989,0.00233
0,0.028737,-0.075386,0.162393,0.073137,0.165275,0.088838,0.000502,0.001316
0,-0.153557,-0.045753,-0.184143,0.057553,-0.191676,0.106274,0.00268,0.000799
0,-0.094571,0.156782,0.045749,0.218287,0.02209,0.244446,0.001651,0.002736
0,-0.016813,-0.066514,0.056693,-0.217954,0.069553,-0.225424,0.000293,0.001161
0,-0.150857,0.142544,-0.138649,0.189701,-0.16756,0.151093,0.002633,0.002488
0,-0.163094,0.148183,-0.030637,0.015112,-0.073195,-0.027445,0.002847,0.002586
0,-0.18312,-0.069148,-0.01374,-0.203328,0.001807,-0.222563,0.003196,0.001207
0,-0.15383,0.136083,0.05024,0.190064,0.022623,0.145735,0.002685,0.002375
0,-0.083959,0.200852,0.059823,0.036233,0.059649,-0.003015,0.001465,0.003185
0,-0.152514,0.028452,-0.057935,-0.156859,-0.02415,-0.132512,0.002662,0.000497
0,-0.004446,0.012905,0.15773,0.008896,0.144333,0.030568,7.8e-05,0.000225
0,0.050901,-0.106346,0.062272,-0.118991,0.07236,-0.0693,0.000888,0.001856
0,-0.100119,0.006141,-0.126643,0.131878,-0.088347,0.113372,0.001747,0.000107
0,0.000727,-0.112526,0.125487,-0.120985,0.164918,-0.113371,1.3e-05,0.001964
0,-0.159814,0.107793,-0.146212,0.214268,-0.17453,0.19381,0.002789,0.001881
0,-0.048164,-0.054571,0.10253,-0.135169,0.090659,-0.106415,0.000841,0.000952
0,0.122685,0.014785,0.162054,0.087701,0.193107,0.092931,0.002141,0.000258
0,0.082957,0.057381,-0.029975,0.039435,-0.032101,0.080121,0.001448,0.001001
0,-0.013739,-0.079023,-0.094431,-0.124529,-0.072825,-0.157606,0.00024,0.001379
0,0.249654,0.019089,0.264156,0.097834,0.306792,0.123078,0.002334,0.000333
0,0.173756,-0.044109,-0.082519,-0.049557,-0.114045,-0.075826,0.003033,0.00077
0,-0.063452,-0.04551,-0.24548,-0.017738,-0.222219,-0.000318,0.001107,0.000794
0,0.035143,-0.049949,0.095864,0.025006,0.137684,-0.024471,0.000613,0.000872
0,-0.022946,0.035574,-0.07102,0.056975,-0.107046,0.103856,0.0004,0.000621
0,-0.050387,-0.114419,-0.012723,-0.160903,0.012684,-0.110972,0.000879,0.001997
0,0.085162,-0.044652,0.140054,0.049739,0.146624,0.020377,0.001486,0.000779
0,-0.012392,-0.138988,-0.091578,-0.079508,-0.10322,-0.121351,0.000216,0.002426
0,0.244009,-0.100882,0.248434,0.055347,0.275815,0.070958,0.002432,0.001761
0,0.176595,-0.131936,-0.062264,-0.020451,-0.07358,-0.057636,0.003082,0.002303
0,0.115365,-0.121318,-0.08099,0.03278,-0.104063,0.032895,0.002013,0.002117
0,-0.021289,-0.131851,-0.124809,0.005606,-0.165083,-0.022681,0.000372,0.002301
0,0.077359,-0.090865,0.123965,0.06375,0.159352,0.054035,0.00135,0.001586
0,0.18445,-0.196714,0.117109,-0.077858,0.106381,-0.034795,0.003219,0.003258
0,0.106094,0.024554,-0.07398,0.203262,-0.045882,0.214733,0.001852,0.000429
0,0.225928,0.093063,0.134889,0.080699,0.156008,0.093948,0.002748,0.001624
0,0.104957,0.009536,-0.109465,-0.07693,-0.068826,-0.041251,0.001832,0.000166
0,0.288009,-0.138227,0.193197,-0.176131,0.207996,-0.180159,0.001664,0.002413
0,0.283967,-0.097047,-0.000879,0.055744,0.03815,0.102395,0.001735,0.001694
0,0.05427,0.005544,-0.236604,0.081162,-0.209328,0.035149,0.000947,9.7e-05
0,0.013748,0.147686,-0.044985,0.146308,0.000747,0.10082,0.00024,0.002578
0,-0.003371,0.130077,-0.028291,-0.025291,-0.040616,0.002659,5.9e-05,0.00227
0,0.031246,0.118916,0.062417,-0.033257,0.077116,0.000757,0.000545,0.002075
0,0.212845,-0.099191,0.209089,-0.19639,0.219102,-0.214896,0.002976,0.001731
0,0.261393,0.092417,0.032026,0.187118,0.048672,0.200698,0.002129,0.001613
0,0.307647,-0.010633,0.032397,-0.091001,0.048047,-0.095531,0.001321,0.000186
0,0.246894,0.003441,-0.058672,0.025513,-0.022265,0.053735,0.002382,6e-05
0,0.138424,0.048614,-0.111189,0.057289,-0.087788,0.047842,0.002416,0.000848
0,0.1543,0.1198,-0.00144,0.042058,-0.011266,0.0394,0.002693,0.002091
0,0.134958,-0.094674,-0.01189,-0.218577,-0.00142,-0.234279,0.002355,0.001652
0,-0.028518,0.060149,-0.152207,0.156206,-0.138164,0.143134,0.000498,0.00105
0,0.181271,-0.10451,0.188948,-0.174216,0.142562,-0.202422,0.003164,0.001824
0,-0.073021,0.133425,-0.277881,0.230638,-0.310449,0.221829,0.001274,0.002329
0,0.128211,-0.027095,0.191185,-0.146286,0.154491,-0.124311,0.002238,0.000473
0,0.036568,0.00801,-0.096162,0.025829,-0.119339,0.03523,0.000638,0.00014
0,-0.102687,-0.112924,-0.164215,-0.106822,-0.192935,-0.111023,0.001792,0.001971
0,-0.064323,0.082629,0.031662,0.216912,-0.011154,0.198539,0.001123,0.001442
0,-0.066844,0.026586,0.010799,-0.044238,-0.02052,-0.028493,0.001167,0.000464
0,-0.03744,-0.06287,0.048653,-0.064676,0.056751,-0.092772,0.000653,0.001097
0,0.133849,-0.080262,0.189031,0.003493,0.199731,0.043473,0.002336,0.001401
0,0.045907,0.141411,-0.062911,0.216332,-0.021847,0.244924,0.000801,0.002468
0,0.102404,0.056991,0.058319,-0.089318,0.024497,-0.097668,0.001787,0.000995
0,-0.095924,-0.108902,-0.21104,-0.19541,-0.215441,-0.198507,0.001674,0.001901
0,-0.092673,0.137479,0.017963,0.252367,0.060246,0.277752,0.001617,0.002399
0,0.036289,-0.076066,0.149288,-0.22017,0.185251,-0.20897,0.000633,0.001328
0,0.07742,-0.047542,0.05025,0.007152,0.074311,0.020043,0.001351,0.00083
0,-0.015923,0.058958,-0.067216,0.097685,-0.083205,0.091725,0.000278,0.001029
0,-0.136881,-0.155537,-0.14918,-0.188205,-0.132631,-0.19758,0.002389,0.002715
0,0.11459,-0.12051,0.244844,0.051836,0.238372,0.009335,0.002,0.002103
0,-0.121339,0.124686,-0.24884,0.249997,-0.240423,0.269895,0.002118,0.002176
0,0.093127,-0.150746,0.188147,-0.257434,0.195341,-0.242018,0.001625,0.002631
0,-0.097304,0.057416,-0.209075,0.204715,-0.215014,0.250066,0.001698,0.001002
0,-0.080235,0.019423,0.021944,-0.024637,-0.013728,-0.037119,0.0014,0.000339
0,-0.049864,0.149241,0.050238,0.111173,0.058179,0.086205,0.00087,0.002605
0,-0.073902,0.013833,-0.029644,-0.151956,0.013425,-0.152271,0.00129,0.000241
0,-0.132396,0.158798,-0.037639,0.139557,-0.027706,0.118261,0.002311,0.002772
0,-0.111158,0.052221,0.041525,-0.089358,0.082764,-0.050765,0.00194,0.000911
0,0.034777,-0.032977,0.143934,-0.095071,0.174113,-0.086257,0.000607,0.000576
0,0.150822,-0.034241,0.09088,-0.002793,0.054121,-0.00157,0.002632,0.000598
0,0.183074,-0.05637,0.02155,-0.044057,0.006428,-0.053852,0.003195,0.000984
0,0.089399,-0.149074,-0.092018,-0.063717,-0.073795,-0.056903,0.00156,0.002602
0,0.117712,0.005291,0.030158,0.124552,0.026814,0.150245,0.002054,9.2e-05
0,0.275693,-0.050732,0.129126,-0.066716,0.179057,-0.071455,0.001879,0.000885
0,-0.007735,0.072855,-0.254229,0.108606,-0.293957,0.113801,0.000135,0.001272
0,0.151136,0.054303,0.177607,-0.02473,0.15704,-0.029102,0.002638,0.000948
0,-0.015348,-0.165154,-0.165829,-0.234215,-0.134302,-0.243166,0.000268,0.002882
0,0.010061,-0.072845,0.002403,0.114527,-0.020799,0.140056,0.000176,0.001271
0,0.075517,-0.088721,0.062173,-0.037046,0.032179,-0.07914,0.001318,0.001548
0,0.154556,0.044644,0.097299,0.147561,0.05957,0.106395,0.002698,0.000779
0,0.064633,-0.123601,-0.10286,-0.182521,-0.114242,-0.199643,0.001128,0.002157
0,0.230538,-0.052849,0.144384,0.049593,0.183974,0.06034,0.002667,0.000922
0,0.220013,0.065121,-0.018435,0.119392,-0.016324,0.166189,0.002851,0.001137
0,0.226489,0.084781,-0.009899,0.008643,0.026945,0.014446,0.002738,0.00148
0,0.054514,-0.133038,-0.185358,-0.22461,-0.202195,-0.203863,0.000951,0.002322
0,0.229945,0.121484,0.169654,0.273597,0.215916,0.290889,0.002678,0.00212
0,0.29049,-0.038266,0.062546,-0.152602,0.090389,-0.202,0.001621,0.000668
0,0.143644,0.001602,-0.135534,0.044904,-0.096138,0.044867,0.002507,2.8e-05
0,0.354857,0.11108,0.18728,0.088538,0.23331,0.087396,0.000497,0.001939
0,0.177352,0.095663,-0.185977,0.008035,-0.185153,0.016087,0.003095,0.00167
0,0.270681,0.042356,0.063335,-0.057148,0.097336,-0.053803,0.001967,0.000739
0,0.12612,0.056051,-0.157309,-0.013327,-0.199652,-0.009311,0.002201,0.000978
0,0.06505,-0.04836,-0.052311,-0.132114,-0.028065,-0.097524,0.001135,0.000844
0,0.088561,0.085599,0.032562,0.114812,0.000282,0.116238,0.001546,0.001494
0,-0.011031,-0.027916,-0.088431,-0.109104,-0.091266,-0.066559,0.000193,0.000487
0,0.097125,0.047928,0.122056,0.094684,0.147882,0.129173,0.001695,0.000837
0,0.013988,0.00258,-0.058295,-0.037599,-0.036377,-0.06061,0.000244,4.5e-05
0,0.091122,-0.105815,0.055636,-0.114539,0.094537,-0.080943,0.00159,0.001847
0,0.249185,0.032469,0.135227,0.144844,0.158493,0.099439,0.002342,0.000567
0,0.18621,0.063222,-0.044455,0.023857,-0.087677,0.069695,0.00325,0.001103
0,-0.049134,0.051024,-0.215483,0.004959,-0.179564,0.006908,0.000858,0.000891
0,0.014473,0.035494,0.064566,0.011668,0.027915,-0.037676,0.000253,0.000619
0,0.177036,-0.068969,0.17788,-0.099664,0.215957,-0.067451,0.00309,0.001204
0,0.053898,0.164006,-0.117129,0.231456,-0.120487,0.183401,0.000941,0.002862
0,-0.053912,0.023273,-0.122423,-0.127865,-0.088898,-0.12838,0.000941,0.000406
0,-0.022922,0.037518,0.026178,0.022744,0.012764,0.045571,0.0004,0.000655
0,0.055858,0.125328,0.10128,0.090157,0.147132,0.06718,0.000975,0.002187
0,-0.019264,-0.147099,-0.097498,-0.252902,-0.080898,-0.264242,0.000336,0.002567
0,-0.212156,0.040327,-0.176229,0.164435,-0.168341,0.130002,0.002988,0.000704
0,-0.20705,0.007052,-0.004752,-0.028166,-0.006548,0.013566,0.003077,0.000123
0,-0.080917,-0.062086,0.098093,-0.07041,0.135491,-0.095496,0.001412,0.001084
0,-0.077616,-0.078942,0.028951,-0.000695,0.038449,0.010077,0.001355,0.001378
0,-0.05945,0.003169,0.015548,0.095617,0.0201,0.075303,0.001038,5.5e-05
0,-0.117786,-0.029493,-0.085517,-0.027189,-0.117808,-0.037226,0.002056,0.000515
0,-0.198002,0.158842,-0.052906,0.17204,-0.006848,0.206601,0.003235,0.002772
0,-0.187993,0.127465,0.033362,-0.043971,0.007796,-0.013484,0.003281,0.002225
0,-0.253504,-0.094514,-0.066378,-0.223809,-0.083566,-0.234951,0.002266,0.00165
0,-0.052022,-0.078546,0.204165,0.038629,0.18077,0.028834,0.000908,0.001371
0,-0.244485,-0.016617,-0.185615,0.049765,-0.194743,0.068042,0.002424,0.00029
0,-0.262412,-0.026687,-0.002934,-0.022213,-0.00223,-0.035604,0.002111,0.000466
0,-0.244443,0.135388,0.029051,0.135785,0.03133,0.142981,0.002424,0.002363
0,-0.177079,0.048501,0.082154,-0.064448,0.084061,-0.101311,0.003091,0.000847
0,-0.107654,-0.041612,0.050273,-0.077442,0.006122,-0.051635,0.001879,0.000726
0,-0.034177,0.119861,0.068326,0.165652,0.052888,0.168601,0.000597,0.002092
0,-0.200644,0.023788,-0.166284,-0.085391,-0.202848,-0.081176,0.003189,0.000415
0,-0.116989,-0.035006,0.06467,-0.055773,0.036635,-0.063634,0.002042,0.000611
0,-0.166137,0.079221,-0.025463,0.142484,-0.062835,0.169952,0.0029,0.001383
0,-0.164946,-0.055083,-0.003867,-0.157866,-0.032428,-0.19122,0.002879,0.000961
0,0.103933,0.038268,0.29307,0.064622,0.275917,0.053465,0.001814,0.000668
0,0.124647,0.119176,0.032814,0.081638,0.008013,0.060157,0.002175,0.00208
0,-0.069344,0.122709,-0.196593,0.022582,-0.15144,0.007572,0.00121,0.002142
0,-0.023269,0.086187,0.023614,-0.064159,0.070371,-0.043371,0.000406,0.001504
0,0.121583,0.0069,0.163617,-0.070072,0.20237,-0.033128,0.002122,0.00012
0,0.084894,-0.03346,-0.041223,-0.038276,-0.083881,-0.086341,0.001482,0.000584
0,0.114602,0.001941,0.053622,0.037375,0.092132,0.030336,0.002,3.4e-05
0,-0.006966,-0.146792,-0.129706,-0.173583,-0.167522,-0.221998,0.000122,0.002562
0,-0.138767,-0.127715,-0.117814,0.035772,-0.137474,0.073585,0.002422,0.002229
0,-0.197165,-0.087386,-0.042332,0.049084,-0.08683,0.074405,0.00325,0.001525
0,-0.005456,-0.082427,0.203427,-0.019211,0.242046,0.030238,9.5e-05,0.001439
0,-0.026171,-0.086609,-0.038791,-0.025594,-0.075525,-0.035552,0.000457,0.001512
0,-0.235493,-0.034121,-0.229372,0.038926,-0.254675,0.025452,0.002581,0.000596
0,-0.083077,0.011128,0.14817,0.027729,0.133226,-0.020702,0.00145,0.000194
0,-0.191975,0.028787,-0.120594,0.040629,-0.109674,0.056327,0.00334,0.000502
0,-0.141131,0.028691,0.046343,-0.008545,0.084988,0.026679,0.002463,0.000501
0,-0.235588,0.062581,-0.109409,0.031493,-0.074594,0.04475,0.002579,0.001092
0,-0.117305,-0.050223,0.101439,-0.118276,0.099113,-0.111526,0.002047,0.000877
0,-0.29976,-0.124408,-0.163646,-0.090281,-0.204965,-0.080941,0.001459,0.002171
0,-0.12694,-0.041126,0.16969,0.094153,0.216682,0.127241,0.002216,0.000718
0,-0.202185,-0.117509,-0.101617,-0.091769,-0.073663,-0.109804,0.003162,0.002051
0,0.070187,0.047262,0.268932,0.146209,0.286353,0.154575,0.001225,0.000825
0,-0.06604,0.027869,-0.151052,-0.00794,-0.117011,0.000836,0.001153,0.000486
0,-0.072622,-0.028334,-0.00337,-0.059571,-0.0311,-0.044306,0.001267,0.000495
0,0.180591,0.072426,0.247159,0.085871,0.254278,0.102655,0.003152,0.001264
0,0.145818,-0.138133,-0.05367,-0.205833,-0.006716,-0.19315,0.002545,0.002411
0,0.002003,-0.066088,-0.115013,0.081437,-0.096334,0.115027,3.5e-05,0.001153
0,0.081028,-0.043364,0.077073,0.037513,0.078815,0.073054,0.001414,0.000757
0,0.056311,0.112002,-0.018524,0.164367,0.028892,0.126276,0.000983,0.001955
0,0.090478,0.045013,0.006623,-0.042448,-0.040029,-0.077619,0.001579,0.000786
0,0.021788,-0.002876,-0.071845,-0.036774,-0.102241,-0.056982,0.00038,5e-05
0,0.045194,-0.04941,0.018952,-0.026276,0.063998,-0.032127,0.000789,0.000862
0,0.010962,0.066331,-0.00978,0.136689,-0.014861,0.132019,0.000191,0.001158
0,-0.139655,-0.043598,-0.176893,-0.136372,-0.18247,-0.154904,0.002437,0.000761
0,0.118765,0.100839,0.236778,0.125072,0.200104,0.130109,0.002073,0.00176
0,-0.028794,0.029603,-0.131939,-0.092441,-0.177191,-0.095391,0.000503,0.000517
0,-0.163938,-0.126317,-0.127267,-0.149915,-0.109629,-0.127056,0.002861,0.002205
0,-0.063563,-0.021838,0.075327,0.096221,0.064807,0.075812,0.001109,0.000381
0,0.03431,-0.061442,0.105404,-0.017097,0.062305,0.012678,0.000599,0.001072
0,0.024443,-0.066765,0.01422,0.010734,0.051161,0.035254,0.000427,0.001165
0,0.042851,-0.115301,0.011032,-0.075142,0.056506,-0.118117,0.000748,0.002012
0,0.058628,-0.008682,-0.004767,0.119523,-0.005579,0.161054,0.001023,0.000152
0,-0.132337,-0.166038,-0.194251,-0.168469,-0.177021,-0.165214,0.00231,0.002898
0,-0.097996,0.052605,0.026382,0.220732,-0.008004,0.187495,0.00171,0.000918
0,-0.186427,-0.18471,-0.091764,-0.221172,-0.093665,-0.210553,0.003254,0.003224
0,-0.053191,-0.143543,0.156499,0.064817,0.193406,0.060333,0.000928,0.002505
0,-0.030462,-0.030668,0.04659,0.141169,0.082602,0.124098,0.000532,0.000535
0,0.043008,-0.010845,0.05158,0.042821,0.062301,0.087829,0.000751,0.000189
0,-0.017049,-0.093576,-0.081448,-0.085843,-0.097657,-0.072267,0.000298,0.001633
0,-0.211036,0.005606,-0.212568,0.088312,-0.218222,0.118341,0.003008,9.8e-05
0,-0.005376,-0.031702,0.208997,-0.053701,0.161141,-0.027014,9.4e-05,0.000553
0,-0.030504,-0.101225,-0.02262,-0.047765,0.016856,-0.079087,0.000532,0.001767
0,-0.197273,0.097401,-0.144577,0.197282,-0.135557,0.245695,0.003248,0.0017
0,-0.010939,0.110138,0.172757,0.004882,0.130463,0.00406,0.000191,0.001922
0,-2.230471,-0.687705,-2.192321,-0.820062,-2.228153,-0.793108,0.001216,0.001379
0,-3.256092,-1.524732,-1.043602,-0.835587,-1.07224,-0.807139,0.003303,0.000152
0,-3.325801,-1.991753,-0.067068,-0.496444,-0.031885,-0.517526,0.002171,0.001309
0,-3.059242,-2.28135,0.295711,-0.280315,0.302191,-0.298762,0.000133,0.000328
0,-2.832287,-2.123545,0.215421,0.133289,0.252632,0.143451,0.002597,0.003082
0,-1.968233,-1.794861,0.871019,0.355967,0.849516,0.335981,0.000898,0.002128
0,-1.466084,-1.327508,0.492153,0.455371,0.526365,0.420496,0.001175,0.003097
0,-0.762021,-1.030629,0.67695,0.296341,0.722174,0.294961,8.2e-05,0.002085
0,-0.482787,-0.844902,0.287993,0.160826,0.261524,0.15189,0.001735,0.001365
0,-0.09139,-0.48152,0.418581,0.34147,0.372364,0.389901,0.001595,0.001713
0,0.001267,-0.214442,0.09892,0.268065,0.066712,0.273483,2.2e-05,0.002948
0,0.136344,0.198839,0.11956,0.42011,0.073043,0.434042,0.00238,0.00322
0,0.338929,0.266199,0.19262,0.093848,0.162427,0.101306,0.000775,0.002045
0,0.368411,0.297847,0.005491,0.055126,-0.029571,0.078648,0.000261,0.001492
0,0.108333,0.176223,-0.261226,-0.097214,-0.279265,-0.07609,0.001891,0.003076
0,0.082002,0.209447,-0.048805,0.006637,-0.046822,0.017063,0.001431,0.003035
0,0.225857,0.14958,0.167226,-0.086799,0.175116,-0.054209,0.002749,0.002611
0,0.151407,0.046432,-0.059658,-0.078566,-0.095654,-0.077471,0.002643,0.00081
0,0.188583,-0.032653,0.025563,-0.097714,0.071024,-0.097372,0.003291,0.00057
0,-0.038383,-0.043469,-0.235972,-0.030018,-0.247545,-0.062662,0.00067,0.000759
0,0.186384,0.02472,0.215192,0.076153,0.188869,0.083521,0.003253,0.000431
0,0.189478,0.038148,0.026887,0.038777,0.047174,0.068281,0.003307,0.000666
0,0.145065,0.099122,-0.02797,0.065405,-0.033906,0.052905,0.002532,0.00173
0,0.166453,-0.044712,0.048907,-0.129647,0.038308,-0.177752,0.002905,0.00078
0,0.061827,0.032936,-0.079301,0.084839,-0.12155,0.038214,0.001079,0.000575
0,-0.02962,-0.123008,-0.119308,-0.129832,-0.147089,-0.130327,0.000517,0.002147
0,0.064095,0.146335,0.123709,0.270708,0.128142,0.229247,0.001119,0.002554
0,0.025878,-0.139352,-0.037725,-0.268472,-0.054218,-0.233794,0.000452,0.002432
0,0.073298,0.060995,0.02568,0.17585,0.060074,0.149199,0.001279,0.001065
0,-0.04801,-0.060838,-0.132888,-0.141934,-0.169399,-0.111234,0.000838,0.001062
0,0.048563,-0.048221,0.072115,0.031451,0.042949,0.012282,0.000848,0.000842
0,0.135061,-0.10263,0.060824,-0.083448,0.036877,-0.081593,0.002357,0.001791
0,0.090397,-0.050262,-0.029269,0.028611,-0.007103,0.014587,0.001578,0.000877
0,-0.062292,-0.038033,-0.123213,0.034063,-0.113407,0.079834,0.001087,0.000664
0,-0.068014,0.115312,-0.028865,0.127153,-0.004548,0.080982,0.001187,0.002013
0,0.127495,0.086974,0.202955,-0.057986,0.197627,-0.043036,0.002225,0.001518
0,0.033485,0.07629,-0.11192,-0.002495,-0.126443,-0.045243,0.000584,0.001332
0,0.086239,-0.146019,0.07279,-0.238276,0.091848,-0.222621,0.001505,0.002549
0,-0.074287,0.100084,-0.170585,0.252407,-0.174581,0.276003,0.001297,0.001747
0,0.198146,-0.068197,0.246654,-0.144377,0.264611,-0.182185,0.003233,0.00119
0,0.064756,-0.170159,-0.117475,-0.084344,-0.161915,-0.117136,0.00113,0.00297
0,-0.115551,0.085777,-0.196803,0.264866,-0.164305,0.215256,0.002017,0.001497
0,0.089149,0.018415,0.203462,-0.088222,0.199874,-0.07359,0.001556,0.000321
0,0.00408,0.010602,-0.089311,0.004188,-0.097731,0.004841,7.1e-05,0.000185
0,-0.042731,-0.136206,-0.05636,-0.168968,-0.00719,-0.2061,0.000746,0.002377
0,-0.077932,0.00959,-0.037721,0.148915,-0.018269,0.114487,0.00136,0.000167
0,-0.034537,-0.017116,0.016105,-0.021415,-0.013118,-0.052487,0.000603,0.000299
0,0.02531,-0.043212,0.067049,-0.003084,0.095227,-0.010407,0.000442,0.000754
0,-0.029208,0.001465,-0.066371,0.039144,-0.092758,0.031973,0.00051,2.6e-05
0,0.002991,0.007718,0.005921,0.009089,-0.011559,0.050238,5.2e-05,0.000135
0,-0.005697,-0.00427,-0.011145,0.013615,-0.019593,0.004038,9.9e-05,7.5e-05
0,-0.176207,0.047372,-0.162834,0.057522,-0.142105,0.077144,0.003075,0.000827
0,-0.222673,-0.094429,-0.039025,-0.139201,-0.048525,-0.150929,0.002804,0.001648
0,-0.028972,0.037583,0.171181,0.102989,0.156859,0.125837,0.000506,0.000656
0,-0.120031,-0.150995,-0.061402,-0.193442,-0.09955,-0.170816,0.002095,0.002635
0,0.073961,-0.030458,0.192873,0.131348,0.181118,0.110591,0.001291,0.000532
0,-0.027741,0.079725,-0.119615,0.127489,-0.0793,0.098209,0.000484,0.001391
0,-0.082643,-0.093676,-0.042826,-0.151123,-0.083348,-0.168818,0.001442,0.001635
0,0.03203,-0.107699,0.114664,0.015946,0.117091,-0.012021,0.000559,0.00188
0,-0.104076,0.123205,-0.125416,0.224374,-0.17031,0.177104,0.001816,0.00215
0,-0.055997,0.067096,0.055942,-0.026921,0.054645,0.021555,0.000977,0.001171
0,-0.081467,-0.037187,-0.004501,-0.112645,0.026752,-0.083576,0.001422,0.000649
0,-0.050658,-0.055873,0.059731,0.007575,0.046328,0.055924,0.000884,0.000975
0,0.110138,0.160294,0.174501,0.193688,0.219959,0.243274,0.001922,0.002798
0,-0.04754,-0.095925,-0.151003,-0.237365,-0.159231,-0.252082,0.00083,0.001674
0,0.058463,-0.044001,0.112545,0.07285,0.113769,0.083226,0.00102,0.000768
0,-0.050868,-0.118231,-0.125959,-0.095456,-0.17022,-0.063212,0.000888,0.002064
0,-0.028758,0.116191,-0.007514,0.258554,0.024453,0.220658,0.000502,0.002028
0,0.102606,0.046757,0.113653,-0.050107,0.15351,-0.063251,0.001791,0.000816
0,0.005485,0.083406,-0.080905,0.053685,-0.056667,0.096465,9.6e-05,0.001456
0,-0.096913,-0.03471,-0.12144,-0.102283,-0.118158,-0.068004,0.001691,0.000606
0,-0.12523,0.074958,-0.043983,0.128358,-0.084855,0.143246,0.002186,0.001308
0,-0.031941,-0.134355,0.078979,-0.209171,0.033606,-0.247335,0.000557,0.002345
0,-0.131281,-0.093332,-0.125163,0.0174,-0.120412,0.022508,0.002291,0.001629
0,-0.136231,0.065251,0.003341,0.165402,0.019667,0.164501,0.002378,0.001139
0,0.091602,0.007482,0.208454,-0.071518,0.170673,-0.093108,0.001599,0.000131
0,0.017124,0.018824,-0.059663,0.016519,-0.022708,0.032448,0.000299,0.000329
0,0.084053,0.065185,0.063931,0.047843,0.067758,0.085065,0.001467,0.001138
0,-0.09852,0.055432,-0.161328,0.007581,-0.12684,-0.010445,0.00172,0.000967
0,-0.076581,-0.144363,-0.007596,-0.20355,0.013791,-0.236134,0.001337,0.00252
0,0.030497,-0.120105,0.115011,-9e-06,0.137077,-0.002579,0.000532,0.002096
0,0.1092,-0.097851,0.068569,0.051815,0.094899,0.062202,0.001906,0.001708
0,0.172932,-0.009677,0.058079,0.072833,0.032269,0.080794,0.003018,0.000169
0,0.153809,-0.123941,-0.036803,-0.090149,-0.049135,-0.105486,0.002684,0.002163
0,0.026377,-0.141439,-0.11254,-0.011447,-0.162524,0.012587,0.00046,0.002469
0,0.049955,-0.11948,0.024344,0.005176,0.034619,0.015852,0.000872,0.002085
0,0.194668,-0.102965,0.172425,0.014146,0.144948,-0.013513,0.003293,0.001797
0,-0.009098,-0.041905,-0.202244,0.083937,-0.239627,0.114688,0.000159,0.000731
0,0.228042,-0.136775,0.224219,-0.086324,0.179689,-0.108128,0.002711,0.002387
0,0.072409,0.064124,-0.129693,0.175567,-0.123103,0.212474,0.001264,0.001119
0,0.204256,0.065078,0.114128,-0.02343,0.070703,-0.039726,0.003126,0.001136
0,0.136248,0.045043,-0.078347,-0.003407,-0.09798,-0.036831,0.002378,0.000786
0,0.025369,-0.106147,-0.13191,-0.149441,-0.153376,-0.190651,0.000443,0.001853
0,-0.03715,-0.021438,-0.048502,0.109843,-0.045776,0.070615,0.000648,0.000374
0,0.030805,0.074213,0.060616,0.099293,0.090398,0.064416,0.000538,0.001295
0,0.088868,0.032999,0.036278,-0.062846,0.012574,-0.094825,0.001551,0.000576
0,0.024128,0.008092,-0.07356,-0.031436,-0.072055,-0.026741,0.000421,0.000141
0,-0.028176,0.013201,-0.032148,0.003064,-0.004614,-0.025336,0.000492,0.00023
0,0.03167,-0.071222,0.050074,-0.076648,0.049482,-0.051479,0.000553,0.001243
0,-0.0309,-0.169275,-0.057976,-0.072263,-0.030936,-0.043405,0.000539,0.002954
0,0.049672,-0.126163,0.085989,0.046498,0.104066,0.006105,0.000867,0.002202
0,0.089322,0.120507,0.046284,0.27457,0.074135,0.243238,0.001559,0.002103
0,0.084772,-0.135132,-0.032737,-0.24356,-0.012828,-0.195597,0.00148,0.002359
0,0.005274,0.03595,-0.051526,0.18553,-0.077015,0.181851,9.2e-05,0.000627
0,0.040661,-0.134329,0.044545,-0.146377,0.031495,-0.193833,0.00071,0.002344
0,-0.538157,1.1384,-0.569044,1.257,-0.585264,1.267902,0.002702,0.000204
0,-1.039665,1.861469,-0.501633,0.750214,-0.476755,0.76431,0.001927,0.000965
0,-0.76911,1.562829,0.266172,-0.310462,0.234028,-0.352641,4.2e-05,0.000513
0,-0.96026,1.520226,-0.17857,-0.071307,-0.136522,-0.043108,0.003313,0.00023
0,-0.816124,1.252448,0.16277,-0.289841,0.124678,-0.259424,0.000862,0.001787
0,-0.342838,1.182039,0.476597,-0.049106,0.504287,-0.093459,0.000707,0.000558
0,-0.295704,0.801442,0.055352,-0.399498,0.056608,-0.365729,0.00153,0.000606
0,-0.055371,0.657342,0.246379,-0.142928,0.260722,-0.192843,0.000966,0.001909
0,0.176454,0.433597,0.213609,-0.199542,0.227986,-0.186944,0.00308,0.000877
0,-0.067837,0.106871,-0.221955,-0.311344,-0.231613,-0.33743,0.001184,0.001865
0,-0.024559,0.303796,0.033346,0.219356,0.018473,0.251793,0.000429,0.001389
0,0.08352,0.350963,0.088255,0.021496,0.129719,0.059727,0.001458,0.000565
0,-0.033971,0.225321,-0.128261,-0.118266,-0.1733,-0.138422,0.000593,0.002758
0,0.089705,0.254467,0.144969,0.043684,0.17747,0.033166,0.001566,0.00225
0,0.15319,0.20855,0.069258,-0.020548,0.068809,-0.00635,0.002674,0.003051
0,-0.007877,0.280199,-0.167787,0.08992,-0.123053,0.112735,0.000137,0.0018
0,-0.041086,0.073709,-0.008279,-0.196522,-0.013699,-0.211748,0.000717,0.001286
0,-0.033004,0.145226,-0.002283,0.082211,-0.03318,0.117079,0.000576,0.002535
0,0.046475,0.164617,0.083311,0.0007,0.053389,-0.045248,0.000811,0.002873
0,-0.0417,0.057572,-0.093961,-0.086015,-0.063707,-0.120498,0.000728,0.001005
0,0.230775,0.054271,0.281166,0.010128,0.281556,0.001311,0.002663,0.000947
0,0.034137,0.10491,-0.199094,0.071578,-0.199062,0.093075,0.000596,0.001831
0,0.091308,0.094778,0.034011,-0.001911,0.075717,0.022629,0.001594,0.001654
0,0.121956,0.091947,0.011747,0.002204,0.016668,-0.008708,0.002129,0.001605
0,0.058599,0.156534,-0.089418,0.067753,-0.045484,0.085996,0.001023,0.002732
0,0.123825,-0.052496,0.049782,-0.220728,0.014863,-0.262805,0.002161,0.000916
0,0.122146,0.062057,-0.003908,0.136801,0.010045,0.141238,0.002132,0.001083
0,0.173949,0.081033,0.054704,0.024764,0.031821,0.05398,0.003036,0.001414
0,0.148021,0.099258,-0.014723,0.039931,0.018403,0.069882,0.002583,0.001732
0,0.018905,-0.022444,-0.119338,-0.11973,-0.122663,-0.085317,0.00033,0.000392
0,0.048602,-0.006861,0.054365,0.024413,0.080857,-0.024879,0.000848,0.00012
0,0.012848,0.10345,-0.05493,0.080847,-0.030668,0.032861,0.000224,0.001806
0,0.070999,0.18429,0.057013,0.100819,0.10627,0.121179,0.001239,0.003216
0,-0.059114,0.043498,-0.158353,-0.160487,-0.176761,-0.129069,0.001032,0.000759
0,-0.158397,0.12899,-0.125873,0.089395,-0.129536,0.046093,0.002765,0.002251
0,-0.04784,0.04868,0.100655,-0.107985,0.080182,-0.116095,0.000835,0.00085
0,-0.193374,-0.105143,-0.14655,-0.168648,-0.112696,-0.139949,0.003316,0.001835
0,-0.22692,-0.093111,-0.062126,0.032326,-0.048931,0.037983,0.00273,0.001625
0,0.059945,0.15225,0.285774,0.252198,0.244355,0.27492,0.001046,0.002657
0,-0.102264,0.097117,-0.160282,-0.067151,-0.167393,-0.098417,0.001785,0.001695
0,-0.006866,-0.083022,0.086125,-0.161942,0.063865,-0.123579,0.00012,0.001449
0,0.103539,0.181292,0.082438,0.245234,0.091104,0.214388,0.001807,0.003164
0,-0.047475,0.215485,-0.162609,0.062965,-0.209436,0.105423,0.000829,0.00293
0,0.190097,0.007137,0.2139,-0.216364,0.255293,-0.218791,0.003318,0.000125
0,-0.032271,-0.076907,-0.199049,-0.097485,-0.205533,-0.11334,0.000563,0.001342
0,-0.086028,0.061261,-0.039928,0.135154,-0.044713,0.168227,0.001501,0.001069
0,-0.093702,-0.082193,0.006926,-0.160137,0.020065,-0.113455,0.001635,0.001435
0,-0.046758,-0.100839,0.04959,-0.009207,0.032299,-0.01842,0.000816,0.00176
0,0.074053,0.028661,0.122626,0.144339,0.14811,0.132231,0.001292,0.0005
0,1.012704,-0.032009,0.932477,-0.08535,0.887217,-0.041661,0.002397,0.000559
0,3.012145,0.065842,2.028053,0.100076,2.049373,0.072756,0.000955,0.001149
0,2.690329,0.011909,-0.291957,-0.065894,-0.273299,-0.049236,0.000119,0.000208
0,2.697467,0.089313,0.022481,0.092165,0.006789,0.048926,0.000244,0.001559
0,2.504171,0.132229,-0.207082,0.069943,-0.231289,0.056355,0.00313,0.002308
0,2.200862,-0.112598,-0.321317,-0.217482,-0.362384,-0.216973,0.001733,0.001965
0,1.301366,-0.146591,-0.917393,-0.012292,-0.93952,-0.049729,0.002641,0.002559
0,0.447737,-0.134217,-0.84083,0.009086,-0.886093,-0.007859,0.001124,0.002343
0,0.143618,-0.132861,-0.324116,0.016076,-0.290953,0.027321,0.002507,0.002319
0,0.157909,-0.038218,0.042555,0.069513,0.050376,0.086734,0.002756,0.000667
0,-0.101236,-0.028462,-0.233623,0.02639,-0.246756,0.020674,0.001767,0.000497
0,-0.087031,0.054012,0.026278,0.061373,0.062873,0.012193,0.001519,0.000943
0,-0.247958,-0.161123,-0.148576,-0.185278,-0.173744,-0.190533,0.002363,0.002812
0,-0.188729,0.012943,0.067238,0.159118,0.056478,0.171993,0.003294,0.000226
0,-0.267104,0.052643,-0.089707,0.010496,-0.138465,0.052915,0.002029,0.000919
0,0.007824,-0.141152,0.260218,-0.199328,0.266399,-0.181736,0.000137,0.002464
0,-0.12846,-0.086535,-0.119482,0.069879,-0.151417,0.104733,0.002242,0.00151
0,-0.028632,-0.057297,0.086277,0.050105,0.125518,0.075908,0.0005,0.001
0,-0.205712,0.115763,-0.194473,0.180356,-0.165761,0.214351,0.0031,0.00202
0,-0.15094,0.103554,0.026919,0.00634,-0.014333,-0.003267,0.002634,0.001807
0,-0.016017,0.096453,0.154011,0.006217,0.183679,0.039633,0.00028,0.001683
0,-0.008626,-0.100518,-0.014227,-0.182209,-0.029332,-0.21859,0.000151,0.001754
0,-0.0739,-0.118436,-0.08936,-0.045821,-0.136971,-0.072859,0.00129,0.002067
0,-0.148902,-0.193538,-0.052615,-0.065154,-0.060578,-0.088525,0.002599,0.003313
0,0.093472,-0.059754,0.248979,0.123328,0.276414,0.152676,0.001631,0.001043
0,-0.037594,-0.093171,-0.146088,-0.01287,-0.170188,-0.01124,0.000656,0.001626
0,0.170534,-0.177366,0.208003,-0.074375,0.203171,-0.122425,0.002976,0.003096
0,0.10411,0.074826,-0.03881,0.233358,-0.047373,0.246942,0.001817,0.001306
0,-0.158435,-0.129087,-0.286189,-0.212189,-0.32073,-0.249704,0.002765,0.002253
0,-0.0608,-0.178596,0.095816,-0.079328,0.135645,-0.111038,0.001061,0.003117
0,-0.19651,-0.171003,-0.158563,0.011039,-0.17266,0.035172,0.003261,0.002985
0,0.099472,0.055812,0.276034,0.251114,0.232977,0.218548,0.001736,0.000974
0,-0.128917,0.005812,-0.247,-0.073418,-0.293567,-0.029884,0.00225,0.000101
0,-0.014802,-0.195968,0.11506,-0.219247,0.163478,-0.225912,0.000258,0.003271
0,-0.210541,-0.002124,-0.186637,0.196844,-0.146702,0.147415,0.003016,3.7e-05
0,-0.121041,0.044957,0.063334,0.074236,0.108539,0.090799,0.002113,0.000785
0,-0.028635,-0.051597,0.068534,-0.124871,0.042056,-0.103238,0.0005,0.000901
0,-0.117791,-0.026255,-0.096882,0.019573,-0.13712,-0.013202,0.002056,0.000458
0,0.038053,0.060661,0.154502,0.077637,0.143417,0.096208,0.000664,0.001059
0,0.053539,0.110952,0.000835,0.033815,0.029384,0.006905,0.000934,0.001936
0,0.037674,-0.045727,-0.042608,-0.129657,0.001095,-0.090152,0.000658,0.000798
0,-0.126321,-0.112012,-0.150237,-0.074675,-0.150245,-0.065898,0.002205,0.001955
0,-0.178062,-0.06971,-0.023812,0.030206,-0.069598,0.022849,0.003108,0.001217
0,0.028789,-0.15432,0.207202,-0.097099,0.16402,-0.142024,0.000502,0.002693
0,-0.142757,-0.042405,-0.155212,0.131649,-0.158867,0.091337,0.002492,0.00074
0,-0.001505,0.073396,0.161202,0.095745,0.126881,0.096599,2.6e-05,0.001281
0,-0.048323,-0.084793,-0.041883,-0.153663,-0.079804,-0.132232,0.000843,0.00148
0,-0.120872,0.086704,-0.059925,0.156565,-0.101229,0.198478,0.00211,0.001513
0,-0.210332,-0.028606,-0.099752,-0.128922,-0.110449,-0.169658,0.00302,0.000499
0,0.005529,-0.00045,0.236166,0.039207,0.267295,0.082076,9.7e-05,8e-06
0,-0.110922,0.107264,-0.099649,0.103098,-0.133516,0.071255,0.001936,0.001872
0,-0.195271,0.023579,-0.099977,-0.068689,-0.060631,-0.040024,0.003283,0.000412
0,-0.157949,0.117865,0.051982,0.097847,0.055308,0.058663,0.002757,0.002057
0,-0.116265,-0.036065,0.047032,-0.160484,0.06021,-0.202029,0.002029,0.000629
0,-0.293776,-0.022903,-0.168437,0.038068,-0.191901,0.060284,0.001563,0.0004
0,0.006895,-0.125961,0.27548,-0.077518,0.283226,-0.029685,0.00012,0.002198
0,-0.103429,-0.091663,-0.115008,0.040829,-0.110605,0.005724,0.001805,0.0016
0,-0.185592,-0.120395,-0.063159,-0.01439,-0.017893,0.031793,0.003239,0.002101
0,-0.073065,-0.129618,0.08285,0.006998,0.118509,0.056311,0.001275,0.002262
0,0.078745,-0.013234,0.154545,0.103614,0.184922,0.121244,0.001374,0.000231
0,0.063796,-0.114726,-0.036263,-0.130602,0.002221,-0.143876,0.001113,0.002002
0,0.177549,-0.059169,0.095667,0.064621,0.091218,0.073013,0.003099,0.001033
0,0.092738,-0.101778,-0.105148,-0.064613,-0.085837,-0.082727,0.001619,0.001776
0,0.139395,-0.069168,0.042068,0.007943,0.090128,0.053208,0.002433,0.001207
0,0.241292,0.035494,0.08249,0.104875,0.123357,0.12771,0.002479,0.000619
0,0.202129,0.007009,-0.061651,-0.021107,-0.031622,-0.013982,0.003163,0.000122
0,0.256444,-0.119795,0.060087,-0.151178,0.010971,-0.155444,0.002215,0.002091
0,0.025138,-0.141699,-0.203832,0.008063,-0.176401,-0.028899,0.000439,0.002473
0,0.122503,0.06395,0.120017,0.19891,0.114957,0.187327,0.002138,0.001116
0,-2.445357,-0.867503,-2.576502,-0.957642,-2.604134,-0.958455,0.002535,0.001759
0,-3.334481,-1.162094,-0.897767,-0.293681,-0.927716,-0.294899,0.00202,0.00021
0,-3.579276,-1.259635,-0.235418,-0.077648,-0.187034,-0.09351,0.002253,0.001912
0,-3.693922,-1.184068,-0.086119,0.090713,-0.040308,0.093873,0.002437,0.000593
0,-3.609373,-1.27134,0.054756,-0.098562,0.02778,-0.077463,0.002778,0.002117
0,-3.383185,-1.149467,0.197448,0.140079,0.232087,0.185385,0.00117,1e-05
0,-2.338375,-0.845967,1.025236,0.318705,1.045302,0.277926,0.000667,0.001383
0,-1.616653,-0.383901,0.722647,0.465206,0.696052,0.514271,0.001453,1e-05
0,-1.038271,-0.191412,0.549111,0.187635,0.582634,0.235766,0.001951,0.003341
0,-0.460047,-0.131619,0.556483,0.061415,0.561291,0.016283,0.001339,0.002297
0,-0.04588,-0.200999,0.42798,-0.092147,0.47105,-0.063139,0.000801,0.003183
0,0.12037,0.031956,0.171247,0.252474,0.125861,0.255871,0.002101,0.000558
0,0.208632,-0.14091,0.107529,-0.185208,0.062482,-0.156123,0.003049,0.002459
0,0.170862,-0.017863,-0.055962,0.119292,-0.079372,0.1327,0.002982,0.000312
0,0.417462,0.206481,0.223118,0.207744,0.24681,0.183557,0.000595,0.003087
0,0.275895,0.028533,-0.151362,-0.184727,-0.146532,-0.20987,0.001876,0.000498
0,0.193791,0.213406,-0.088439,0.170865,-0.119047,0.211167,0.003309,0.002966
0,0.054396,0.222724,-0.142411,0.017479,-0.189122,0.063679,0.000949,0.002804
0,0.258567,-0.014829,0.174784,-0.228858,0.165915,-0.223306,0.002178,0.000259
0,0.334918,0.014927,0.05564,0.016536,0.079413,0.059769,0.000845,0.000261
0,0.129127,0.066839,-0.226575,0.051361,-0.208847,0.087869,0.002254,0.001167
0,0.124522,0.084915,0.002542,0.023388,0.044103,0.009799,0.002173,0.001482
0,0.108385,0.11214,-0.013872,0.048483,-0.049549,0.049391,0.001892,0.001957
0,0.089006,0.198654,-0.036192,0.06126,0.006398,0.0577,0.001553,0.003224
0,0.133586,-0.056247,0.018704,-0.234301,0.013503,-0.27537,0.002332,0.000982
0,0.077378,0.177103,-0.029664,0.222582,-0.008801,0.26099,0.001351,0.003091
0,-0.01153,0.160598,-0.071134,0.009252,-0.072907,0.028643,0.000201,0.002803
0,0.101406,0.196932,0.097938,0.062573,0.069616,0.019655,0.00177,0.003254
0,0.090484,0.05403,-0.02157,-0.124221,0.008868,-0.086559,0.001579,0.000943
0,-0.019009,0.027103,-0.116981,-0.054261,-0.09523,-0.049807,0.000332,0.000473
0,0.051377,-0.030163,0.092224,-0.077152,0.12347,-0.084476,0.000897,0.000526
0,0.093798,0.12429,0.018075,0.169225,0.050953,0.126089,0.001637,0.002169
0,0.262739,0.033913,0.162717,-0.077075,0.17952,-0.084357,0.002105,0.000592
0,0.280716,0.011794,0.044646,-0.029361,0.019836,-0.014421,0.001791,0.000206
0,0.137012,0.057637,-0.171458,0.028138,-0.199179,0.057987,0.002391,0.001006
0,0.253701,0.004188,0.1092,-0.03288,0.159106,-0.058935,0.002263,7.3e-05
0,0.277649,0.139915,0.004067,0.107084,-0.034305,0.114322,0.001845,0.002442
0,0.044541,0.172815,-0.25945,0.02794,-0.305076,-0.002147,0.000777,0.003016
0,0.106956,-0.033958,0.078598,-0.201068,0.032953,-0.166881,0.001867,0.000593
0,0.260492,0.094794,0.165732,0.103686,0.164257,0.121164,0.002144,0.001654
0,0.120673,0.117237,-0.137621,0.032661,-0.169203,0.010229,0.002106,0.002046
0,0.132812,-0.04791,0.041438,-0.14949,0.026938,-0.139985,0.002318,0.000836
0,0.022959,-0.096083,-0.099596,-0.068641,-0.05835,-0.051949,0.000401,0.001677
0,0.199102,0.180576,0.176812,0.256322,0.180591,0.25489,0.003216,0.003152
0,0.210286,0.174935,-0.000363,-0.007444,-0.024551,0.036069,0.003021,0.003053
0,-0.024515,-0.112898,-0.24571,-0.265324,-0.258266,-0.272572,0.000428,0.00197
0,-0.01249,0.02565,0.038097,0.142374,0.026609,0.124179,0.000218,0.000448
0,0.156224,0.018825,0.194228,-0.000879,0.240484,-0.048111,0.002727,0.000329
0,0.131051,0.118268,-0.035732,0.103184,-0.050057,0.072625,0.002287,0.002064
0,0.167425,0.098589,0.030228,-0.016285,0.069484,-0.033224,0.002922,0.001721
0,0.157803,0.090564,-0.01386,-0.023604,0.032733,-0.045441,0.002754,0.001581
0,0.123983,-0.001956,-0.046172,-0.069121,-0.038755,-0.044728,0.002164,3.4e-05
0,-0.050802,-0.004983,-0.160145,-0.030223,-0.151919,0.018084,0.000887,8.7e-05
0,0.02144,-0.038759,0.046549,-0.058591,0.086736,-0.035815,0.000374,0.000676
0,-0.00839,-0.002224,-0.048159,0.009177,-0.028676,0.00816,0.000146,3.9e-05
0,0.016896,-0.139338,0.006467,-0.141445,-0.007003,-0.098667,0.000295,0.002432
0,0.005002,-0.102589,-0.033754,0.048654,-0.047819,0.054525,8.7e-05,0.001791
0,0.015982,0.079522,0.031728,0.206277,0.052291,0.166879,0.000279,0.001388
0,-0.119186,0.090558,-0.134365,0.02697,-0.134039,0.015149,0.00208,0.001581
0,-0.110452,-0.137144,0.022511,-0.2208,0.066042,-0.208679,0.001928,0.002394
0,-0.088803,-0.019173,0.035377,0.137134,0.041946,0.130275,0.00155,0.000335
0,-0.059155,-0.108659,0.022014,-0.076409,0.023377,-0.079234,0.001032,0.001896
0,-0.224965,0.014786,-0.143123,0.108922,-0.097147,0.121818,0.002764,0.000258
0,-0.042322,-0.085516,0.192406,-0.088687,0.16248,-0.099023,0.000739,0.001493
0,-0.143092,0.130589,-0.073278,0.199324,-0.111371,0.162311,0.002497,0.002279
0,-0.012587,0.121024,0.122103,-0.021465,0.12077,-0.06445,0.00022,0.002112
0,-0.026448,-0.023837,-0.033997,-0.12806,-0.01201,-0.177397,0.000462,0.000416
0,0.105767,0.110096,0.145066,0.153099,0.14208,0.188631,0.001846,0.001922
0,-0.122472,-0.024034,-0.247835,-0.141345,-0.277271,-0.115878,0.002138,0.000419
0,-0.135741,0.060706,-0.023299,0.095867,-0.02484,0.104415,0.002369,0.00106
0,0.032675,-0.108874,0.13867,-0.194755,0.140949,-0.177112,0.00057,0.0019
0,-0.014494,-0.094551,-0.057346,-0.013204,-0.059947,0.014819,0.000253,0.00165
0,-0.148588,-0.062413,-0.149215,0.057803,-0.136673,0.047914,0.002593,0.001089
0,0.097504,-0.154892,0.262634,-0.076384,0.308804,-0.104382,0.001702,0.002703
0,-0.034937,-0.052981,-0.124644,0.130274,-0.098994,0.118239,0.00061,0.000925
0,0.081814,-0.076977,0.141328,-0.028883,0.17842,-0.048415,0.001428,0.001344
0,0.228592,0.122586,0.154134,0.182947,0.141438,0.200411,0.002701,0.00214
0,0.139796,-0.088541,-0.081864,-0.184748,-0.07465,-0.214655,0.00244,0.001545
0,0.235799,-0.078881,0.085924,-0.01093,0.104471,-0.05222,0.002575,0.001377
0,0.16496,0.145269,-0.088492,0.214606,-0.094996,0.260045,0.002879,0.002535
0,0.108039,0.106736,-0.057228,-0.058839,-0.030473,-0.101041,0.001886,0.001863
0,0.130151,0.014849,0.026665,-0.062956,-0.01413,-0.082338,0.002272,0.000259
0,0.165647,-0.151071,0.01585,-0.163787,-0.021849,-0.187454,0.002891,0.002637
0,0.181706,-0.104833,0.044251,0.021608,0.094121,0.053497,0.003171,0.00183
0,0.229606,0.035598,0.055156,0.119356,0.087988,0.119618,0.002683,0.000621
0,0.087232,-0.055399,-0.115071,-0.065689,-0.162824,-0.063633,0.001522,0.000967
0,0.002193,-0.093547,-0.065006,-0.042896,-0.058869,-0.011515,3.8e-05,0.001633
0,0.07083,0.177576,0.039762,0.262127,0.000594,0.303051,0.001236,0.003099
0,-0.001716,-0.130609,-0.062892,-0.29529,-0.054163,-0.302222,3e-05,0.00228
0,0.081424,0.021153,0.108863,0.12294,0.10096,0.118213,0.001421,0.000369
0,-0.122878,-0.041221,-0.233308,-0.05632,-0.189121,-0.10621,0.002145,0.000719
0,-0.063674,0.111177,0.067686,0.163913,0.019661,0.16943,0.001111,0.00194
0,-0.125634,0.122557,-0.083248,-0.013462,-0.040215,0.022416,0.002193,0.002139
0,0.033129,-0.175495,0.181687,-0.277781,0.154109,-0.2452,0.000578,0.003063
0,-0.164927,0.082959,-0.197304,0.233755,-0.236187,0.256857,0.002879,0.001448
0,0.018265,0.067125,0.156597,-0.0074,0.122267,-0.033057,0.000319,0.001172
0,-0.185729,0.01179,-0.219945,-0.032785,-0.248613,-0.014464,0.003242,0.000206
0,-0.003814,-0.156692,0.16834,-0.155978,0.187165,-0.184703,6.7e-05,0.002735
0,0.018438,-0.162427,0.014306,-0.034002,-0.008922,0.007967,0.000322,0.002835
0,0.094994,0.060458,0.062993,0.242553,0.020261,0.204942,0.001658,0.001055
0,0.085656,-0.128474,0.008081,-0.211389,-0.014833,-0.178261,0.001495,0.002242
0,-0.182632,0.007479,-0.287353,0.120852,-0.309076,0.096902,0.003188,0.000131
0,-0.010459,-0.048038,0.198151,-0.044644,0.188523,-0.056806,0.000183,0.000838
0,-0.045794,0.052885,-0.008399,0.087608,0.021309,0.106729,0.000799,0.000923
0,-0.205147,0.047573,-0.18858,0.004628,-0.21688,0.013339,0.00311,0.00083
0,-0.178615,-0.043097,0.019418,-0.092164,-0.014125,-0.082434,0.003117,0.000752
0,-0.021434,-0.033805,0.176268,0.008467,0.212459,-0.032462,0.000374,0.00059
0,-0.117221,-0.018589,-0.105889,0.010535,-0.149364,0.035562,0.002046,0.000324
0,-0.060993,-0.079722,0.062337,-0.043509,0.077285,-0.029131,0.001065,0.001391
0,-0.103322,0.136661,-0.028053,0.207771,-0.00494,0.180768,0.001803,0.002385
0,-0.26208,-0.15085,-0.129686,-0.303877,-0.154131,-0.323513,0.002117,0.002633
0,0.00969,-0.005044,0.251267,0.157617,0.282053,0.189296,0.000169,8.8e-05
0,-0.103283,0.104134,-0.099815,0.089464,-0.051817,0.08639,0.001803,0.001817
0,-0.140425,-0.115855,-0.066137,-0.248554,-0.089263,-0.241112,0.002451,0.002022
0,-0.037728,0.109907,0.132301,0.25029,0.129188,0.2723,0.000658,0.001918
0,-0.155451,0.071714,-0.144181,-0.015373,-0.185751,-0.043195,0.002713,0.001252
0,-0.024021,0.110517,0.13401,0.015825,0.086662,-0.018229,0.000419,0.001929
0,-0.169898,0.015834,-0.142371,-0.078708,-0.168409,-0.109845,0.002965,0.000276
0,-0.246613,-0.098913,-0.095759,-0.120192,-0.060422,-0.086516,0.002387,0.001726
0,-0.209233,-0.180067,0.051453,-0.090754,0.013642,-0.053399,0.003039,0.003143
0,0.022601,0.034198,0.247869,0.215661,0.287461,0.239823,0.000394,0.000597
0,-0.253238,-0.152565,-0.254929,-0.17942,-0.276961,-0.215636,0.002271,0.002663
0,-0.17868,0.018235,0.057556,0.185968,0.016788,0.149708,0.003119,0.000318
0,-0.141166,-0.097458,0.052808,-0.127566,0.058937,-0.159901,0.002464,0.001701
0,-0.020002,0.100351,0.145499,0.177586,0.140078,0.14949,0.000349,0.001751
0,-2.234162,0.11094,-2.189794,0.008679,-2.156942,-0.025483,0.001151,0.001936
0,-2.309322,0.202613,-0.082027,0.086234,-0.130588,0.047827,0.00016,0.003155
0,-2.327226,0.415484,-0.020204,0.200207,-0.050209,0.179899,0.000473,0.000561
0,-1.472285,0.288085,0.881332,-0.1392,0.845292,-0.089603,0.001067,0.001663
0,-1.25034,0.234917,0.20617,-0.06899,0.182965,-0.033651,0.00175,0.002591
0,-1.200512,0.16042,0.074217,-0.096786,0.108997,-0.108224,0.00088,0.0028
0,-0.897433,0.247907,0.315042,0.083085,0.339692,0.127881,0.002282,0.002364
0,-0.749228,0.191952,0.132501,-0.067218,0.099313,-0.041827,0.000305,0.003341
0,-0.422611,-0.048402,0.312886,-0.250502,0.358418,-0.256976,0.000685,0.000845
0,-0.143293,0.131878,0.298681,0.201271,0.297607,0.189412,0.002501,0.002302
0,-0.078182,0.036918,0.068234,-0.098392,0.090079,-0.057995,0.001365,0.000644
0,0.171257,-0.038499,0.220318,-0.049799,0.227945,-0.013671,0.002989,0.000672
0,0.049745,0.056087,-0.123496,0.100815,-0.100894,0.078954,0.000868,0.000979
0,0.334685,-0.140935,0.312424,-0.219521,0.285621,-0.244899,0.000849,0.00246
0,0.079875,0.056298,-0.276281,0.17297,-0.320869,0.214243,0.001394,0.000983
0,0.317413,-0.117342,0.257338,-0.152563,0.273936,-0.18905,0.001151,0.002048
0,0.066575,-0.226554,-0.224456,-0.104854,-0.195388,-0.075739,0.001162,0.002737
0,0.259523,-0.147781,0.202462,0.066892,0.158258,0.070256,0.002161,0.002579
0,0.040341,-0.020979,-0.191884,0.116673,-0.142722,0.12284,0.000704,0.000366
0,0.072634,-0.10886,0.032347,-0.083603,-0.016147,-0.089302,0.001268,0.0019
0,0.153109,-0.101347,0.074311,0.012543,0.115291,0.059727,0.002672,0.001769
0,0.063849,0.104184,-0.065651,0.19952,-0.10528,0.228858,0.001114,0.001818
0,0.021685,0.004042,-0.054437,-0.084469,-0.070589,-0.053976,0.000378,7.1e-05
0,-0.075256,-0.092589,-0.074491,-0.100198,-0.054491,-0.057547,0.001313,0.001616
0,-0.124037,0.015559,-0.026594,0.090452,0.008111,0.085902,0.002165,0.000272
0,0.024883,0.129689,0.1259,0.084514,0.154017,0.130942,0.000434,0.002264
0,0.144558,-0.11399,0.109091,-0.247288,0.092698,-0.240665,0.002523,0.001989
0,0.099817,0.083505,-0.041134,0.199605,0.007782,0.236514,0.001742,0.001457
0,-0.091995,-0.111411,-0.211254,-0.196111,-0.173954,-0.157028,0.001606,0.001944
0,0.131009,-0.07738,0.229402,0.004531,0.194161,0.029371,0.002287,0.001351
0,0.087341,-0.064235,-0.069637,-0.014227,-0.092148,-0.06342,0.001524,0.001121
0,-0.067843,0.08905,-0.158748,0.159079,-0.197235,0.160341,0.001184,0.001554
0,-0.015769,-0.005058,0.029622,-0.105945,0.00459,-0.121107,0.000275,8.8e-05
0,0.001749,0.153775,-0.001437,0.154348,-0.002995,0.157104,3.1e-05,0.002684
0,0.055497,0.081685,0.066441,-0.067377,0.030792,-0.025383,0.000969,0.001426
0,-0.110624,0.043914,-0.189579,-0.039531,-0.176177,-0.05971,0.001931,0.000766
0,0.105298,0.09397,0.231146,0.066458,0.262424,0.114323,0.001838,0.00164
0,0.025516,-0.171594,-0.058092,-0.274646,-0.027796,-0.281821,0.000445,0.002995
0,-0.134919,-0.148698,-0.189668,0.004007,-0.16104,-0.031679,0.002355,0.002595
0,-0.001273,-0.039328,0.121653,0.135206,0.155625,0.147772,2.2e-05,0.000686
0,-0.101777,0.007849,-0.112177,0.05949,-0.103391,0.108078,0.001776,0.000137
0,0.046818,-0.004403,0.17428,-0.002709,0.143031,-0.023035,0.000817,7.7e-05
0,0.168974,-0.077392,0.102801,-0.048187,0.119857,-0.02026,0.002949,0.001351
0,0.106772,-0.065865,-0.064506,-0.014331,-0.036382,0.008359,0.001864,0.00115
0,-0.024809,0.129885,-0.155169,0.210253,-0.13565,0.251236,0.000433,0.002267
0,0.098198,0.008983,0.135523,-0.117409,0.129857,-0.074109,0.001714,0.000157
0,0.083782,0.035962,-0.029752,0.056139,-0.067019,0.07027,0.001462,0.000628
0,0.059286,0.058033,-0.015963,0.024005,-0.063776,-0.01402,0.001035,0.001013
0,0.090521,0.042273,0.021422,0.008014,0.063151,0.003359,0.00158,0.000738
0,0.109342,-0.010869,0.018996,-0.081929,0.012262,-0.080158,0.001908,0.00019
0,0.042125,0.147756,-0.057454,0.185133,-0.044088,0.166177,0.000735,0.002579
0,0.041827,-0.005959,-0.023397,-0.146004,0.010677,-0.163172,0.00073,0.000104
0,0.041564,0.005577,-0.020321,0.016636,0.01606,0.051972,0.000725,9.7e-05
0,0.031274,-0.020176,-0.011896,0.002822,0.026127,0.025763,0.000546,0.000352
0,-0.036861,0.026071,-0.073064,0.020804,-0.047625,0.001427,0.000643,0.000455
0,-0.066086,-0.133497,-0.045447,-0.152566,-0.003777,-0.174131,0.001153,0.00233
0,0.084136,0.11029,0.12891,0.222902,0.156358,0.179045,0.001468,0.001925
0,-0.107117,-0.1406,-0.172434,-0.238995,-0.220172,-0.235488,0.00187,0.002454
0,-0.079369,0.076631,0.016572,0.202429,-0.031263,0.176469,0.001385,0.001337
0,0.012545,0.129326,0.105361,0.033616,0.129055,0.044768,0.000219,0.002257
0,0.042694,-0.160224,0.026301,-0.285402,-0.023615,-0.285176,0.000745,0.002796
0,0.076743,-0.106352,0.046396,0.040397,-0.002359,0.021812,0.001339,0.001856
0,-0.093678,0.083031,-0.175191,0.211429,-0.181171,0.193501,0.001635,0.001449
0,-0.060172,-0.071392,0.025095,-0.126478,-0.003237,-0.155966,0.00105,0.001246
0,-0.09926,0.100106,-0.024504,0.170991,-0.072156,0.183791,0.001732,0.001747
0,1.833814,-1.524524,1.920231,-1.626243,1.890718,-1.598961,0.001448,0.000155
0,4.450093,-2.373185,2.62153,-0.870401,2.652281,-0.86718,0.002621,0.001275
0,4.750363,-2.155433,0.285007,0.197347,0.283089,0.183939,0.00262,0.002526
0,4.271976,-1.548932,-0.454877,0.605903,-0.482844,0.622083,0.000961,0.000271
0,4.305745,-1.39389,0.027084,0.162262,0.055907,0.122102,0.00155,0.002435
0,3.372243,-1.022968,-0.928703,0.374008,-0.915073,0.407399,0.001361,0.002218
0,2.800657,-0.854299,-0.569694,0.171753,-0.573898,0.189154,0.002045,0.001529
0,1.838956,-0.797483,-0.987086,0.034478,-0.992174,0.029528,0.001358,0.000537
0,1.395066,-0.40299,-0.416432,0.416243,-0.450309,0.448872,0.002415,0.000343
0,1.058811,-0.314895,-0.329337,0.114977,-0.374774,0.123709,0.001593,0.001195
0,0.262988,-0.177933,-0.777023,0.120125,-0.790322,0.156632,0.002101,0.003106
0,-0.215611,0.191659,-0.478648,0.389866,-0.442867,0.425868,0.002928,0.003345
0,-0.456685,0.102582,-0.242325,-0.083707,-0.269883,-0.035798,0.00128,0.00179
0,-0.586645,0.028855,-0.134309,-0.063721,-0.14939,-0.044998,0.003143,0.000504
0,-0.337512,0.179434,0.272116,0.167372,0.319616,0.189175,0.0008,0.003132
0,-0.405132,0.282215,-0.088651,0.10177,-0.044137,0.06694,0.00038,0.001765
0,-0.408383,0.279528,0.024807,-0.003252,-0.021466,-0.013447,0.000437,0.001812
0,-0.285161,0.080046,0.118537,-0.17807,0.099628,-0.147369,0.001714,0.001397
0,-0.17916,0.158198,0.089331,0.084036,0.043603,0.131752,0.003127,0.002761
0,-0.181578,0.133311,0.026397,0.003981,0.059997,-0.014113,0.003169,0.002327
0,-0.055996,-0.013167,0.149345,-0.149649,0.114142,-0.119081,0.000977,0.00023
0,-0.12658,0.148671,-0.097006,0.162901,-0.123571,0.202776,0.002209,0.002595
0,-0.188501,0.159954,-0.044675,0.033325,-0.044107,-0.001426,0.00329,0.002792
0,-0.137736,0.02199,0.029411,-0.136416,-0.010106,-0.163116,0.002404,0.000384
0,-0.001035,0.143072,0.136519,0.130774,0.102531,0.107113,1.8e-05,0.002497
0,-0.251797,-0.02101,-0.234466,-0.180512,-0.262298,-0.160793,0.002296,0.000367
0,-0.120236,-0.06492,0.156381,-0.017319,0.1983,-0.040448,0.002099,0.001133
0,0.093109,-0.095666,0.186737,-0.01337,0.181166,-0.055356,0.001625,0.00167
0,-0.129615,0.026942,-0.229766,0.112309,-0.23106,0.156999,0.002262,0.00047
0,-0.005632,0.05589,0.097358,0.021157,0.077334,0.027726,9.8e-05,0.000975
0,-0.027053,-0.098751,-0.009901,-0.167836,0.028002,-0.190254,0.000472,0.001724
0,-0.083478,-0.124848,-0.076395,-0.02091,-0.055149,0.015657,0.001457,0.002179
0,-0.045285,-0.037699,0.053949,0.077714,0.004547,0.044311,0.00079,0.000658
0,0.043301,0.143682,0.086404,0.188716,0.104954,0.204038,0.000756,0.002508
0,-0.0996,-0.052086,-0.165664,-0.175312,-0.166566,-0.138311,0.001738,0.000909
0,-0.113006,0.035289,-0.032946,0.109881,-0.046011,0.143982,0.001972,0.000616
0,-0.000328,0.024446,0.124483,-0.005109,0.152884,-0.008407,6e-06,0.000427
0,0.129581,0.040489,0.138389,0.003891,0.099545,0.015567,0.002262,0.000707
0,-0.043607,-0.047596,-0.152546,-0.112274,-0.169195,-0.070144,0.000761,0.000831
0,0.081128,0.104411,0.131145,0.167183,0.149876,0.178807,0.001416,0.001822
0,0.026656,0.088472,-0.038809,-0.002502,-0.054156,-0.020367,0.000465,0.001544
0,-0.119918,0.137632,-0.140459,0.04645,-0.097728,0.088861,0.002093,0.002402
0,0.008029,-0.072319,0.139628,-0.203825,0.101986,-0.219713,0.00014,0.001262
0,-0.051239,-0.024033,-0.061849,0.071614,-0.027937,0.025903,0.000894,0.000419
0,-0.010687,0.187699,0.059768,0.182611,0.010285,0.13502,0.000187,0.003276
0,0.006625,0.041902,-0.00999,-0.16232,0.037755,-0.209765,0.000116,0.000731
0,-0.160493,-0.089936,-0.160286,-0.132895,-0.191516,-0.17206,0.002801,0.00157
0,-0.068385,-0.098152,0.109064,-0.007206,0.073406,0.035785,0.001194,0.001713
0,-0.192578,0.128066,-0.141746,0.215229,-0.133917,0.242856,0.00333,0.002235
0,-0.140751,0.108684,0.031012,-0.006032,0.004338,-0.022459,0.002457,0.001897
0,-0.123221,-0.04722,0.025192,-0.14255,0.061013,-0.095674,0.002151,0.000824
0,0.0241,0.009384,0.117624,0.064099,0.12466,0.058697,0.000421,0.000164
0,0.065597,0.052717,0.011729,0.017093,-0.013526,-0.017807,0.001145,0.00092
0,-0.090853,-0.123685,-0.172128,-0.148371,-0.186224,-0.121108,0.001586,0.002159
0,-0.001267,-0.084417,0.118479,0.065913,0.139991,0.095138,2.2e-05,0.001473
0,-0.086865,-0.034295,-0.060102,0.026968,-0.059297,0.025831,0.001516,0.000599
0,-0.025787,0.121098,0.072678,0.177097,0.054962,0.210252,0.00045,0.002114
0,-0.041963,-0.155272,-0.024489,-0.306135,-0.058409,-0.31318,0.000732,0.00271
0,0.063911,0.143652,0.086518,0.289791,0.110037,0.315427,0.001115,0.002507
0,0.181611,-0.018645,0.144365,-0.14551,0.118415,-0.171787,0.00317,0.000325
0,-0.058252,-0.068588,-0.254141,-0.079679,-0.249282,-0.061368,0.001017,0.001197
0,-0.160063,-0.123165,-0.131562,-0.076556,-0.120341,-0.079422,0.002794,0.00215
0,-0.049632,-0.148882,0.114101,-0.006126,0.096516,-0.047295,0.000866,0.002598
0,0.043574,-0.01487,0.079876,0.105539,0.086899,0.10209,0.000761,0.00026
0,-0.111593,-0.152937,-0.136954,-0.119645,-0.17059,-0.103233,0.001948,0.002669
0,-0.149178,-0.113747,-0.050143,0.018706,-0.020644,0.025362,0.002604,0.001985
0,-0.174053,-0.20771,-0.023018,-0.090772,0.003211,-0.095931,0.003038,0.003066
0,0.015139,-0.13379,0.181939,0.055349,0.149886,0.062455,0.000264,0.002335
0,-0.124411,0.058029,-0.161602,0.167711,-0.178186,0.202759,0.002171,0.001013
0,0.058792,-0.015227,0.20079,-0.056638,0.236148,-0.025376,0.001026,0.000266
0,-0.003677,0.079604,-0.08239,0.121018,-0.097345,0.076528,6.4e-05,0.001389
0,-0.034104,-0.122994,-0.009699,-0.189394,-0.003669,-0.175512,0.000595,0.002147
0,-0.019293,-0.124254,-0.012683,0.028081,-0.061436,0.016871,0.000337,0.002169
0,-0.025812,0.069303,-0.013977,0.166775,0.024267,0.139512,0.000451,0.00121
0,0.107331,-0.118092,0.150143,-0.216978,0.185948,-0.210735,0.001873,0.002061
0,0.106505,0.116735,-0.030336,0.25458,0.00149,0.270646,0.001859,0.002037
0,-0.037405,0.061747,-0.131882,-0.082161,-0.109794,-0.034721,0.000653,0.001078
0,0.030474,0.113025,0.039279,0.027739,0.086778,0.064318,0.000532,0.001973
0,-0.122128,0.094008,-0.148091,-0.019821,-0.150181,-0.002538,0.002132,0.001641
0,0.105565,-0.061988,0.235668,-0.158482,0.257957,-0.200978,0.001842,0.001082
0,-0.042319,-0.025883,-0.121938,0.054597,-0.150417,0.053843,0.000739,0.000452
0,-0.084183,-0.054434,-0.041405,-0.038982,-0.010115,-0.033752,0.001469,0.00095
0,-0.147195,0.078048,-0.080321,0.132542,-0.054301,0.169698,0.002569,0.001362
0,0.093641,-0.042449,0.247841,-0.106612,0.239128,-0.058726,0.001634,0.000741
0,0.150487,-0.132519,0.054724,-0.091578,0.089065,-0.139517,0.002626,0.002313
0,-0.102626,-0.138899,-0.225769,-0.028508,-0.202657,-0.003753,0.001791,0.002424
0,0.156392,0.073245,0.236061,0.192066,0.266898,0.202683,0.00273,0.001278
0,-0.045522,-0.124574,-0.185513,-0.180147,-0.216504,-0.183609,0.000795,0.002174
0,-0.041436,-0.098793,0.019046,0.010719,0.020474,0.009533,0.000723,0.001724
0,0.062308,0.125454,0.078819,0.213449,0.077879,0.232539,0.001087,0.00219
0,-0.021503,-0.047589,-0.108238,-0.158811,-0.06383,-0.174071,0.000375,0.000831
0,-0.170659,-0.15927,-0.16944,-0.124578,-0.141173,-0.14674,0.002979,0.00278
0,-0.228773,-0.119586,-0.079604,0.032766,-0.087141,0.003796,0.002698,0.002087
0,-0.079766,0.073566,0.128206,0.163689,0.163978,0.160748,0.001392,0.001284
0,0.122593,-0.009782,0.179612,-0.059174,0.141286,-0.061337,0.00214,0.000171
0,-0.191258,-0.008469,-0.306698,-0.028086,-0.298578,-0.04592,0.003338,0.000148
0,-0.147796,0.061914,0.038194,0.052035,0.073946,0.058087,0.00258,0.001081
0,-0.165472,0.080782,-0.024492,0.01716,0.022487,0.061419,0.002888,0.00141
0,0.014001,-0.020761,0.158696,-0.112266,0.121074,-0.095135,0.000244,0.000362
0,-0.245535,-0.022191,-0.255394,-0.025214,-0.227339,0.014686,0.002405,0.000387
0,-0.000959,-0.056817,0.263696,-0.037485,0.293887,-0.064654,1.7e-05,0.000992
0,-0.002772,-0.052798,0.022316,-0.023982,-0.008968,-0.032001,4.8e-05,0.000921
0,0.018404,0.095583,0.035576,0.13883,0.071402,0.114859,0.000321,0.001668
0,-0.128973,0.135813,-0.154448,0.028443,-0.151891,-0.010845,0.002251,0.00237
0,-0.041768,0.062596,0.091527,-0.085905,0.100539,-0.038077,0.000729,0.001093
0,-0.175211,0.096127,-0.13674,0.035135,-0.087134,0.012369,0.003058,0.001678
0,-0.059209,-0.155775,0.116436,-0.270128,0.077526,-0.261629,0.001033,0.002719
0,-0.069085,-0.033755,-0.023482,0.110952,-0.048253,0.068779,0.001206,0.000589
0,-0.004184,-0.01121,0.081047,0.033891,0.091631,0.070631,7.3e-05,0.000196
0,-0.059073,-0.1207,-0.031765,-0.134622,-0.080817,-0.107491,0.001031,0.002107
0,-0.291468,0.04218,-0.206597,0.180377,-0.255718,0.148214,0.001604,0.000736
0,-0.343848,-0.156785,-0.069835,-0.201863,-0.041904,-0.180782,0.00069,0.002736
0,-0.067105,0.002081,0.277085,0.171329,0.232697,0.217052,0.001171,3.6e-05
0,1.866067,2.054142,1.947246,2.077751,1.981198,2.085858,0.000885,0.002397
0,2.558161,3.183689,0.679712,1.113444,0.701086,1.129639,0.002187,0.002039
0,2.785078,3.195543,0.200931,0.014987,0.205684,-0.007905,0.001773,0.002246
0,2.876457,2.430825,0.0725,-0.774773,0.048725,-0.774474,0.003323,0.002281
0,2.763832,2.168609,-0.101316,-0.276201,-0.109782,-0.229526,0.001402,0.002296
0,2.209275,1.452727,-0.584047,-0.705519,-0.554573,-0.682817,0.001586,0.001408
0,1.812083,0.95096,-0.397876,-0.502267,-0.397701,-0.526183,0.001827,0.003216
0,1.276537,0.514939,-0.530011,-0.40858,-0.571046,-0.435455,0.002207,0.002297
0,0.636168,0.510439,-0.627063,-0.021557,-0.646846,-0.065489,0.002278,0.002218
0,0.147617,0.060688,-0.46137,-0.446452,-0.435587,-0.410313,0.002576,0.001059
0,-0.359649,-0.097136,-0.536818,-0.139196,-0.535754,-0.089321,0.000414,0.001695
0,-0.212612,-0.060618,0.173285,0.024601,0.15909,0.011072,0.00298,0.001058
0,-0.469416,-0.157697,-0.257353,-0.108364,-0.254396,-0.143026,0.001502,0.002752
0,-0.1106,-0.230604,0.37192,-0.082091,0.414583,-0.129641,0.00193,0.002666
0,-0.267448,-0.286339,-0.145042,-0.061889,-0.175141,-0.091952,0.002023,0.001693
0,-0.233673,-0.24399,0.015016,0.069248,0.023866,0.086571,0.002612,0.002432
0,-0.086828,0.033023,0.151305,0.301462,0.148764,0.284165,0.001515,0.000576
0,-0.162925,-0.004526,-0.079541,-0.024983,-0.116528,0.021631,0.002844,7.9e-05
0,0.079093,-0.136852,0.234484,-0.133316,0.231957,-0.133848,0.00138,0.002389
0,-0.019331,0.111771,-0.109114,0.247415,-0.088748,0.235575,0.000337,0.001951
0,0.020443,-0.100434,0.032497,-0.212238,0.035983,-0.218496,0.000357,0.001753
0,-0.011158,0.034565,-0.05399,0.1608,-0.051597,0.15775,0.000195,0.000603
0,0.056192,-0.052288,0.083489,-0.059361,0.077532,-0.058951,0.000981,0.000913
0,0.123853,0.109706,0.093695,0.174251,0.134364,0.156973,0.002162,0.001915
0,0.101411,-0.106782,-0.030234,-0.205688,-0.004471,-0.205023,0.00177,0.001864
0,0.02617,0.021617,-0.054306,0.111671,-0.098756,0.082338,0.000457,0.000377
0,0.078106,0.123708,0.024621,0.110699,0.058586,0.106998,0.001363,0.002159
0,-0.074298,0.128407,-0.145147,0.000639,-0.179716,-0.034978,0.001297,0.002241
0,-0.098138,0.140345,-0.011785,-0.009727,0.008401,-0.039772,0.001713,0.002449
0,0.01145,0.038233,0.104365,-0.117651,0.090843,-0.122138,0.0002,0.000667
0,-0.067735,0.179121,-0.07239,0.13808,-0.070472,0.1573,0.001182,0.003126
0,-0.042332,0.12436,0.022449,-0.046482,0.045944,-0.078872,0.000739,0.00217
0,0.042818,0.188752,0.060203,0.093184,0.013573,0.079324,0.000747,0.003294
0,-0.047372,0.10012,-0.069282,-0.064296,-0.105962,-0.022062,0.000827,0.001747
0,-0.083346,0.116998,-0.042756,0.007516,-0.081128,0.040708,0.001455,0.002042
0,-0.019213,0.087652,0.057153,-0.0105,0.075801,-0.021384,0.000335,0.00153
0,-0.126031,-0.052087,-0.09655,-0.165566,-0.099471,-0.11575,0.0022,0.000909
0,0.016879,0.034784,0.121637,0.097037,0.153943,0.048513,0.000295,0.000607
0,0.025857,0.117032,-0.008211,0.091826,-0.033257,0.077335,0.000451,0.002043
0,-0.118605,0.032544,-0.157464,-0.090843,-0.145997,-0.061515,0.00207,0.000568
0,0.018307,0.091247,0.140818,0.032889,0.091038,0.05997,0.00032,0.001593
0,0.020027,-0.090753,0.008392,-0.207919,0.002301,-0.166978,0.00035,0.001584
0,-0.002838,-0.029551,-0.039753,0.070942,-0.045071,0.11254,5e-05,0.000516
0,-0.215454,0.10548,-0.241133,0.111307,-0.233583,0.120354,0.00293,0.001841
0,-0.033151,0.0764,0.186074,-0.031028,0.186148,-0.071341,0.000579,0.001333
0,0.027982,0.139801,0.058256,0.067032,0.065886,0.038324,0.000488,0.00244
0,-0.027936,0.09572,-0.034683,-0.030208,0.00413,-0.076306,0.000488,0.001671
0,-0.10078,0.029923,-0.075661,-0.053508,-0.093559,-0.099326,0.001759,0.000522
0,-0.141978,0.033088,-0.029153,0.019906,-0.014747,0.054886,0.002478,0.000577
0,-0.263037,0.222164,-0.147435,0.189466,-0.104328,0.227445,0.0021,0.002813
0,-0.131208,0.011511,0.151527,-0.205195,0.187806,-0.155689,0.00229,0.000201
0,0.091303,0.033389,0.204543,0.036041,0.194923,0.031476,0.001594,0.000583
0,-0.064604,0.054326,-0.128697,0.033054,-0.106981,0.021446,0.001128,0.000948
0,-0.14373,0.213481,-0.106408,0.168416,-0.098217,0.194682,0.002509,0.002965
0,0.038105,0.258979,0.185238,0.065826,0.194469,0.102485,0.000665,0.002171
0,-0.186455,0.26159,-0.228879,0.031331,-0.193873,0.001412,0.003254,0.002125
0,-0.119051,-0.015422,0.039016,-0.270645,-0.007448,-0.295853,0.002078,0.000269
0,-0.100368,0.14329,0.005761,0.17137,-0.020408,0.204577,0.001752,0.002501
0,0.007975,0.183954,0.138122,0.037589,0.170442,-0.002856,0.000139,0.003211
0,-0.067628,0.245896,-0.056656,0.05319,-0.032454,0.070495,0.00118,0.002399
0,0.011753,0.208021,0.106971,-0.028131,0.082921,-0.052493,0.000205,0.00306
0,0.079212,0.257651,0.077006,0.068283,0.089587,0.024192,0.001383,0.002194
0,-0.06625,0.229003,-0.170658,-0.00612,-0.194751,0.023128,0.001156,0.002694
0,-0.046297,0.13977,-0.003059,-0.068065,-0.04536,-0.085056,0.000808,0.002439
0,-0.190339,-0.043263,-0.173624,-0.167087,-0.18208,-0.201318,0.003322,0.000755
0,-0.145,0.122501,0.059155,0.180038,0.017437,0.142662,0.002531,0.002138
0,-0.002988,-0.087772,0.162307,-0.215353,0.164697,-0.230232,5.2e-05,0.001532
0,-0.042073,0.129819,-0.024153,0.220053,-0.002703,0.186841,0.000734,0.002266
0,-0.028069,0.011345,0.042375,-0.091789,0.041404,-0.068022,0.00049,0.000198
0,0.00038,0.082638,0.038548,0.080317,0.084977,0.032995,7e-06,0.001442
0,-0.042489,0.154023,-0.015665,0.042927,-0.005108,0.027978,0.000742,0.002688
0,-0.19658,0.101468,-0.182151,-0.059605,-0.17177,-0.042458,0.00326,0.001771
0,-0.208852,0.004949,-0.014567,-0.087928,-0.03735,-0.038279,0.003046,8.6e-05
0,-0.09722,0.171403,0.091439,0.168214,0.106374,0.165868,0.001697,0.002992
0,-0.030949,-0.010778,0.092515,-0.162127,0.102158,-0.173439,0.00054,0.000188
0,0.153595,-0.012405,0.203318,0.027843,0.245369,0.037094,0.002681,0.000217
0,-0.036558,0.006615,-0.168715,0.024388,-0.138139,0.010135,0.000638,0.000115
0,0.052332,0.130723,0.072553,0.133808,0.063521,0.142105,0.000913,0.002282
0,-0.113705,0.06348,-0.168959,-0.092148,-0.184419,-0.057354,0.001985,0.001108
0,-0.010882,0.122649,0.123045,0.055446,0.078994,0.042643,0.00019,0.002141
0,-0.052585,-0.042389,-0.045559,-0.183515,-0.08927,-0.188316,0.000918,0.00074
0,0.19991,-0.014906,0.266032,0.028898,0.234535,0.006323,0.003202,0.00026
0,0.12276,0.044893,-0.066754,0.038985,-0.097564,0.053384,0.002143,0.000784
0,0.253339,-0.112617,0.118194,-0.147711,0.120326,-0.137841,0.002269,0.001966
0,0.062618,-0.000615,-0.217836,0.089541,-0.169497,0.069572,0.001093,1.1e-05
0,0.103945,0.114359,0.02637,0.102304,0.063038,0.098352,0.001814,0.001996
0,-0.010898,-0.019563,-0.090705,-0.15334,-0.12708,-0.144358,0.00019,0.000341
0,0.195027,-0.10928,0.188548,-0.091123,0.228214,-0.123753,0.003287,0.001907
0,0.168815,0.123249,-0.030885,0.202903,-0.021777,0.173605,0.002946,0.002151
0,-0.002238,0.082436,-0.14381,-0.015181,-0.154483,-0.054272,3.9e-05,0.001439
0,0.177763,0.020713,0.196437,-0.048376,0.18945,-0.01376,0.003103,0.000362
0,0.039382,0.096313,-0.160427,0.089509,-0.131415,0.137639,0.000687,0.001681
0,0.117548,0.084937,0.066002,-0.004372,0.065473,-0.053013,0.002052,0.001482
0,0.134637,0.150177,-0.005551,0.075381,0.032071,0.077314,0.00235,0.002621
0,-0.015999,0.164085,-0.165902,0.036582,-0.123472,-0.010534,0.000279,0.002864
0,0.204121,0.065099,0.23927,-0.116247,0.190755,-0.160758,0.003128,0.001136
0,-0.093828,0.049974,-0.275526,-0.042039,-0.319904,-0.044431,0.001638,0.000872
0,-0.028501,0.084394,0.057435,0.038622,0.040551,0.019073,0.000497,0.001473
0,0.159483,0.102614,0.162859,0.000303,0.114306,-0.017562,0.002783,0.001791
0,0.095756,0.075423,-0.075031,-0.035511,-0.095159,-0.017389,0.001671,0.001316
0,-0.062616,-0.034902,-0.143005,-0.102039,-0.141508,-0.139609,0.001093,0.000609
0,-0.025186,0.064997,0.047785,0.10233,0.028067,0.140667,0.00044,0.001134
0,0.007595,0.097434,0.016743,0.023713,-0.008321,-0.003216,0.000133,0.001701
0,0.017761,-0.030046,-0.018143,-0.120818,-0.030833,-0.118513,0.00031,0.000524
0,0.131809,0.013374,0.127374,0.032762,0.153792,0.027374,0.002301,0.000233
0,0.043038,-0.052032,-0.087579,-0.050538,-0.051526,-0.058526,0.000751,0.000908
0,-0.032625,0.111696,-0.068528,0.138426,-0.050672,0.135311,0.000569,0.001949
0,0.066376,-0.067047,0.069567,-0.207129,0.055058,-0.178042,0.001158,0.00117
0,0.129195,-0.091485,0.088279,-0.01895,0.128437,0.005048,0.002255,0.001597
0,0.138854,-0.068713,0.001378,0.023094,0.050115,0.010067,0.002423,0.001199
0,0.046061,0.044716,-0.078961,0.13549,-0.101002,0.153555,0.000804,0.00078
0,0.158573,-0.150056,0.086811,-0.187709,0.049073,-0.151217,0.002768,0.002619
0,0.100853,-0.109879,-0.054719,0.055161,-0.048653,0.088539,0.00176,0.001918
0,0.091925,0.043234,-0.029085,0.135697,-0.005771,0.174529,0.001604,0.000755
0,-0.049713,0.027726,-0.150335,-0.016887,-0.113077,-0.008222,0.000868,0.000484
0,-0.134978,0.136388,-0.061121,0.120914,-0.060837,0.162499,0.002356,0.00238
0,-0.084751,-0.011118,0.060086,-0.155135,0.03899,-0.172197,0.001479,0.000194
0,0.130151,0.076315,0.187202,0.091092,0.196591,0.137587,0.002272,0.001332
0,-0.107068,-0.151515,-0.254595,-0.255724,-0.222368,-0.280002,0.001869,0.002644
0,0.074468,-0.091066,0.194044,0.04687,0.191325,0.012332,0.0013,0.001589
0,0.023454,-0.016174,-0.046362,0.077532,-0.044017,0.037454,0.000409,0.000282
0,-0.041137,0.102068,-0.043571,0.107699,-0.080236,0.096941,0.000718,0.001781
0,0.094808,-0.02629,0.142027,-0.123918,0.128253,-0.09347,0.001655,0.000459
0,-0.052036,0.051049,-0.172168,0.082741,-0.209352,0.081233,0.000908,0.000891
0,0.073937,0.149808,0.10486,0.09688,0.11973,0.104884,0.00129,0.002615
0,0.116778,-0.011282,0.058991,-0.131399,0.036636,-0.156208,0.002038,0.000197
0,-0.002516,-0.103691,-0.096844,-0.102594,-0.129194,-0.115218,4.4e-05,0.00181
0,-0.03913,-0.067815,-0.032466,0.016382,0.011143,-0.030746,0.000683,0.001184
0,-0.063482,0.125464,-0.01968,0.172174,-0.059273,0.170111,0.001108,0.00219
0,0.119164,-0.107226,0.155521,-0.213495,0.11374,-0.172497,0.00208,0.001871
0,0.180272,-0.122881,0.061148,-0.006927,0.031382,-0.007759,0.003146,0.002145
0,0.069558,0.029769,-0.102504,0.179716,-0.095824,0.195819,0.001214,0.00052
0,-0.024589,0.162595,-0.119178,0.157292,-0.098121,0.141733,0.000429,0.002838
0,0.028692,0.070192,0.061968,-0.068636,0.051664,-0.101836,0.000501,0.001225
0,0.089946,0.176351,0.0834,0.077338,0.115333,0.050494,0.00157,0.003078
0,0.143067,0.126461,0.042114,-0.064088,-0.005852,-0.07022,0.002497,0.002207
0,0.00781,0.118792,-0.108015,-0.017638,-0.093833,0.018758,0.000136,0.002073
0,0.233523,0.035873,0.211022,-0.097005,0.221924,-0.107732,0.002615,0.000626
0,0.160803,-0.054138,-0.053415,-0.080816,-0.032077,-0.065108,0.002807,0.000945
0,0.039722,-0.006982,-0.131737,0.024747,-0.08328,0.032515,0.000693,0.000122
0,0.08165,-0.009553,0.04912,-0.010505,0.004307,-0.015157,0.001425,0.000167
0,0.076572,-0.020869,0.010696,0.00685,-0.011656,0.002705,0.001336,0.000364
0,0.226952,0.091152,0.126461,0.122936,0.161084,0.107292,0.00273,0.001591
0,0.064791,0.105396,-0.187476,-0.007585,-0.209975,0.019825,0.001131,0.00184
0,0.038548,0.069236,-0.0492,-0.041862,-0.009728,0.000618,0.000673,0.001208
0,-0.112992,0.161121,-0.168928,0.06644,-0.137185,0.062442,0.001972,0.002812
0,0.134722,0.156735,0.268235,-0.017774,0.277397,-0.040877,0.002351,0.002736
0,0.244211,-0.040499,0.124334,-0.192721,0.109556,-0.183811,0.002429,0.000707
0,0.13245,0.02291,-0.100068,0.071015,-0.057391,0.094857,0.002312,0.0004
0,0.120063,0.157099,-0.01638,0.156595,-0.050859,0.163097,0.002095,0.002742
0,0.195087,0.08984,0.062602,-0.080916,0.062589,-0.126721,0.003286,0.001568
0,-0.061927,0.200829,-0.244292,0.12437,-0.20232,0.165024,0.001081,0.003186
0,0.152462,-0.008308,0.184481,-0.20325,0.178146,-0.195979,0.002661,0.000145
0,-0.061436,0.156498,-0.22087,0.154596,-0.231602,0.190313,0.001072,0.002731
0,-0.092074,0.039216,-0.014247,-0.125335,0.020075,-0.099827,0.001607,0.000684
0,0.058161,0.025332,0.175015,-0.041905,0.187813,-0.0294,0.001015,0.000442
0,-0.144089,0.054342,-0.212402,0.045822,-0.167118,0.028279,0.002515,0.000948
0,0.003779,0.148348,0.158928,0.087296,0.165345,0.133116,6.6e-05,0.002589
0,0.005369,-0.076956,0.014383,-0.24884,-0.013562,-0.221625,9.4e-05,0.001343
0,-0.102357,-0.098439,-0.105742,-0.039394,-0.075962,-0.063547,0.001786,0.001718
0,-0.00099,0.068157,0.110347,0.165189,0.106778,0.136545,1.7e-05,0.00119
0,0.057386,0.128067,0.038051,0.054956,0.068917,0.102041,0.001002,0.002235
0,-0.134346,-0.041376,-0.214219,-0.14387,-0.206863,-0.151255,0.002345,0.000722
0,-0.153077,-0.127144,-0.023446,-0.108667,-0.059961,-0.073636,0.002672,0.002219
0,-0.004919,-0.12886,0.134945,0.009805,0.184183,0.004908,8.6e-05,0.002249
0,-0.146259,-0.092304,-0.138675,0.042824,-0.14696,0.068914,0.002553,0.001611
0,-0.041388,0.090438,0.084493,0.212395,0.07146,0.210846,0.000722,0.001578
0,-0.026929,0.064737,0.005777,-0.041185,-0.001702,-0.001612,0.00047,0.00113
0,0.054471,-0.057142,0.074783,-0.109927,0.061497,-0.075024,0.000951,0.000997
0,0.093568,0.04637,0.053326,0.129573,0.070556,0.091025,0.001633,0.000809
0,0.021973,-0.03409,-0.075348,-0.106454,-0.040032,-0.103457,0.000384,0.000595
0,0.063868,-0.026949,0.043635,-0.009619,0.05747,0.001057,0.001115,0.00047
0,0.211387,-0.111064,0.161213,-0.072761,0.121858,-0.046121,0.003001,0.001938
0,-0.021373,0.035995,-0.208616,0.147804,-0.196667,0.15939,0.000373,0.000628
0,0.005245,-0.10288,0.046574,-0.11778,0.060458,-0.133929,9.2e-05,0.001796
0,0.10148,0.135237,0.079997,0.211508,0.067833,0.238744,0.001771,0.00236
0,-0.13016,-0.091006,-0.251269,-0.238309,-0.254438,-0.220042,0.002272,0.001588
0,0.014599,-0.155866,0.162021,-0.04198,0.184585,-0.089442,0.000255,0.00272
0,0.129774,0.097378,0.13768,0.229799,0.105176,0.191503,0.002265,0.0017
0,0.103705,0.055174,-0.039539,-0.061036,-0.062255,-0.080954,0.00181,0.000963
0,0.16737,0.049737,0.062756,-0.030252,0.061493,-0.06374,0.002921,0.000868
0,0.057896,0.138276,-0.098663,0.103712,-0.091027,0.073427,0.00101,0.002413
0,-0.091301,0.087553,-0.157151,-0.042402,-0.199124,-0.0339,0.001594,0.001528
0,0.082038,0.08153,0.201791,-0.003922,0.246933,-0.053244,0.001432,0.001423
0,-0.048344,-0.068032,-0.158956,-0.127058,-0.130445,-0.132573,0.000844,0.001187
0,-0.027612,-0.075146,-0.004613,0.00146,-0.014537,0.022247,0.000482,0.001312
0,0.050644,0.043327,0.049126,0.116408,0.012958,0.071299,0.000884,0.000756
0,0.188312,-0.027321,0.114202,-0.042475,0.100609,-0.080907,0.003287,0.000477
0,0.084524,0.016314,-0.081755,0.068473,-0.102339,0.115105,0.001475,0.000285
0,0.026026,0.001414,-0.085595,-0.014557,-0.10603,0.0002,0.000454,2.5e-05
0,0.048502,-0.136521,0.021705,-0.118978,0.022844,-0.1043,0.000847,0.002383
0,-0.010738,0.056634,-0.073354,0.219469,-0.11191,0.245277,0.000187,0.000988
0,-0.046128,-0.157503,-0.045235,-0.242254,-0.04846,-0.258612,0.000805,0.002749
0,-0.15549,0.014755,-0.083573,0.186176,-0.073772,0.225354,0.002714,0.000258
0,-0.118582,0.07791,0.016105,0.034559,-0.002813,0.072521,0.00207,0.00136
0,-0.227203,-0.041936,-0.087176,-0.096406,-0.07682,-0.113188,0.002725,0.000732
0,0.026615,-0.035506,0.273861,-0.01715,0.303474,0.031673,0.000465,0.00062
0,0.029926,-0.012589,0.02651,0.036971,0.0554,0.04305,0.000522,0.00022
0,-0.204898,-0.081812,-0.219244,-0.082085,-0.185518,-0.050941,0.003115,0.001428
0,-0.116676,0.041939,0.059237,0.142125,0.012343,0.165373,0.002036,0.000732
0,0.018311,-0.047025,0.152287,-0.085395,0.194006,-0.065874,0.00032,0.000821
0,-0.159132,-0.066614,-0.166641,-0.046042,-0.176005,-0.042392,0.002777,0.001163
0,-0.164444,-0.154644,-0.022141,-0.065956,0.012624,-0.067062,0.00287,0.002699
0,0.072309,-0.118428,0.25298,0.011372,0.302254,0.010778,0.001262,0.002067
0,-0.184964,-0.053347,-0.272411,0.038461,-0.250789,0.037818,0.003228,0.000931
0,0.074264,-2.926307,0.259519,-2.858256,0.258354,-2.880413,0.001296,0.002453
0,-0.004431,-3.888717,-0.100894,-0.950962,-0.080907,-0.982816,7.7e-05,0.000963
0,0.006822,-3.053779,2.4e-05,0.811061,0.023256,0.78186,0.000119,0.000228
0,-0.07865,-2.963475,-0.087907,0.101306,-0.086263,0.123435,0.001373,0.001804
0,-0.145681,-2.474891,-0.087112,0.514814,-0.069549,0.562904,0.002543,0.00305
0,-0.102523,-1.889258,0.019414,0.606232,0.001242,0.628385,0.001789,0.00048
0,-0.174744,-1.214115,-0.095737,0.691172,-0.109809,0.730805,0.00305,0.001118
0,-0.135642,-0.838568,0.06772,0.357502,0.067116,0.335292,0.002367,0.001254
0,-0.315575,-0.591498,-0.188921,0.253098,-0.22495,0.297821,0.001183,0.003058
0,-0.095338,-0.084303,0.234472,0.483728,0.232741,0.46959,0.001664,0.001471
0,-0.313147,0.497724,-0.226185,0.594405,-0.225059,0.633236,0.001225,0.001996
0,-0.198912,0.523036,0.128834,0.03438,0.172988,-0.000792,0.003219,0.002438
0,-0.200188,0.542735,-0.025889,0.044888,-0.026635,0.024831,0.003197,0.002782
0,-0.122754,0.667405,0.08835,0.130273,0.052521,0.114999,0.002142,0.001733
0,0.201806,0.68003,0.301842,-0.008103,0.315278,-0.003681,0.003169,0.001513
0,0.211196,0.429619,0.024609,-0.223079,0.036922,-0.189484,0.003005,0.000807
0,0.001927,0.489286,-0.206914,0.074865,-0.192005,0.039843,3.4e-05,0.001849
0,0.170257,0.298147,0.194891,-0.18027,0.175487,-0.169551,0.002972,0.001487
0,0.114708,0.042913,-0.050256,-0.277631,-0.06312,-0.246484,0.002002,0.000749
0,-0.057792,-0.037313,-0.196163,-0.081842,-0.173855,-0.128549,0.001009,0.000651
0,-0.081568,-0.092153,-0.052133,-0.078768,-0.01933,-0.070673,0.001424,0.001608
0,0.066148,0.010116,0.163085,0.099427,0.14764,0.140025,0.001155,0.000177
0,0.00295,-0.142434,-0.071451,-0.159702,-0.042797,-0.151936,5.1e-05,0.002486
0,0.115877,0.080584,0.13171,0.220741,0.17281,0.228268,0.002022,0.001406
0,-0.030918,0.075538,-0.123246,-0.008346,-0.075993,-0.035009,0.00054,0.001318
0,-0.036756,0.021701,-0.027481,-0.036298,-0.005998,-0.013628,0.000642,0.000379
0,0.056259,-0.157591,0.082611,-0.207303,0.10026,-0.175533,0.000982,0.00275
0,0.012791,-0.155155,-0.060834,-0.023573,-0.038165,0.010964,0.000223,0.002708
0,-0.061255,-0.012642,-0.090657,0.120575,-0.086634,0.168304,0.001069,0.000221
0,-0.095953,-0.183949,-0.034126,-0.175411,-0.026706,-0.207566,0.001675,0.003211
0,-0.037105,-0.205312,0.043897,-0.027563,0.026986,-0.054932,0.000648,0.003107
0,-0.145859,-0.06469,-0.095629,0.112065,-0.078031,0.085492,0.002546,0.001129
0,-0.10814,-0.075021,0.03201,-0.001914,0.073087,-0.029643,0.001887,0.001309
0,0.067314,-0.129169,0.191606,-0.068188,0.154825,-0.034777,0.001175,0.002254
0,-0.018055,-0.054907,-0.107174,0.046143,-0.079788,0.070013,0.000315,0.000958
0,0.037943,-0.104113,0.061843,-0.043215,0.036834,-0.050007,0.000662,0.001817
0,-0.184644,-0.123348,-0.215725,-0.021135,-0.193095,0.006701,0.003223,0.002153
0,-0.075949,0.073996,0.135983,0.175573,0.091448,0.170047,0.001326,0.001291
0,-0.044845,0.083025,0.040505,-0.017719,0.011735,0.021207,0.000783,0.001449
0,-0.075013,0.082291,-0.010631,0.011668,0.031311,0.029255,0.001309,0.001436
0,-0.129845,0.087268,-0.073265,-0.005556,-0.118771,0.024959,0.002266,0.001523
0,1.977434,0.337078,2.117753,0.242171,2.090064,0.214287,0.001059,0.000808
0,4.154374,1.395922,2.199054,1.03013,2.17232,1.071287,0.001091,0.0024
0,3.549447,1.617858,-0.626799,0.223583,-0.583026,0.202142,0.001732,0.001474
0,3.331211,1.66381,-0.234263,0.02661,-0.231625,0.057757,0.002077,0.002276
0,3.056761,1.434114,-0.25296,-0.244907,-0.286774,-0.245985,0.000176,0.001733
0,2.478145,0.949434,-0.572428,-0.495637,-0.52913,-0.491163,0.003107,0.003189
0,1.800927,0.739578,-0.686071,-0.186764,-0.72426,-0.230999,0.002022,0.000474
0,1.264766,0.528555,-0.533555,-0.2256,-0.56354,-0.2053,0.002002,0.002534
0,0.84166,0.267411,-0.447643,-0.238381,-0.474597,-0.215833,0.001308,0.002024
0,0.628509,0.223238,-0.233272,-0.064157,-0.265576,-0.027714,0.002412,0.002795
0,0.305731,-0.145734,-0.337503,-0.361172,-0.322877,-0.329641,0.001355,0.002544
0,-0.031539,-0.055418,-0.336143,0.097617,-0.330926,0.087442,0.00055,0.000967
0,-0.054332,-0.341901,-0.047091,-0.279623,0.002636,-0.233746,0.000948,0.000724
0,-0.313819,-0.138767,-0.272448,0.195818,-0.259701,0.162833,0.001214,0.002422
0,-0.405144,-0.141562,-0.084328,-0.029305,-0.08754,-0.051396,0.00038,0.002471
0,-0.291708,-0.115906,0.100949,0.04288,0.14189,0.061273,0.0016,0.002023
0,-0.041838,-0.12172,0.263434,-0.021954,0.276,0.016891,0.00073,0.002124
0,0.022536,-0.210342,0.074754,-0.110987,0.078656,-0.136508,0.000393,0.00302
0,0.005014,-0.153397,-0.045788,0.063484,-0.074194,0.062907,8.8e-05,0.002677
0,0.015408,-0.217252,0.018203,-0.092653,0.064241,-0.076674,0.000269,0.002899
0,-0.117716,0.012863,-0.152851,0.236911,-0.144282,0.280901,0.002055,0.000224
0,-0.041456,-0.030297,0.101773,-0.052216,0.092516,-0.099352,0.000724,0.000529
0,-0.092033,-0.015782,-0.021105,-0.013673,-0.039403,-0.055473,0.001606,0.000275
0,-0.097436,-0.123111,-0.007784,-0.105549,-0.041018,-0.07288,0.001701,0.002149
0,-0.004424,0.004615,0.07779,0.151117,0.069474,0.10791,7.7e-05,8.1e-05
0,-0.051465,0.084158,-0.054764,0.083052,-0.093247,0.041068,0.000898,0.001469
0,-0.007323,0.037378,0.056118,-0.039977,0.021747,-0.003438,0.000128,0.000652
0,0.008054,0.011394,0.043027,-0.015979,0.090383,-0.019036,0.000141,0.000199
0,-0.06083,0.078373,-0.08264,0.094328,-0.048046,0.137595,0.001062,0.001368
0,-0.136533,-0.16793,-0.065081,-0.252962,-0.015937,-0.244875,0.002383,0.002931
0,-0.100018,0.005112,0.022415,0.201188,0.010663,0.196125,0.001746,8.9e-05
0,-0.081631,-0.092076,0.043212,-0.103776,-0.004806,-0.062423,0.001425,0.001607
0,-0.184352,-0.011197,-0.114142,0.097919,-0.086018,0.099676,0.003218,0.000195
0,0.008563,-0.098979,0.192324,-0.076155,0.155613,-0.057975,0.000149,0.001728
0,-0.015993,-0.176345,0.001018,-0.062326,0.040058,-0.10486,0.000279,0.003078
0,0.078892,0.07382,0.077888,0.271765,0.104861,0.225827,0.001377,0.001288
0,-0.179748,-0.064847,-0.265964,-0.132909,-0.28694,-0.105769,0.003137,0.001132
0,-0.107589,0.009147,0.083336,0.079629,0.062986,0.113241,0.001878,0.00016
0,-0.124425,-0.057095,-0.014524,-0.050754,-0.031211,-0.058142,0.002172,0.000996
0,0.066207,0.047788,0.197763,0.082903,0.180686,0.046452,0.001156,0.000834
0,-0.088003,0.133008,-0.166934,0.111891,-0.161974,0.124496,0.001536,0.002321
0,-0.053991,0.135385,0.005532,0.02845,-0.041797,-0.001761,0.000942,0.002363
0,0.108782,0.1,0.187422,-0.045914,0.233138,0.00194,0.001899,0.001745
0,-0.022012,0.071396,-0.11549,-0.015478,-0.075318,-0.014761,0.000384,0.001246
0,-0.05616,-0.022802,-0.023515,-0.104472,-0.022743,-0.105927,0.00098,0.000398
0,0.074551,0.15889,0.153316,0.179687,0.18313,0.143433,0.001301,0.002773
0,-0.046087,-0.065286,-0.090689,-0.240532,-0.092739,-0.226363,0.000804,0.001139
0,0.021928,-0.141767,0.045209,-0.085197,0.002637,-0.084348,0.000383,0.002474
0,-0.117729,0.038086,-0.14768,0.161969,-0.119437,0.188645,0.002055,0.000665
0,-0.014965,-0.184329,0.079906,-0.251217,0.100716,-0.25828,0.000261,0.003217
0,-0.19251,-0.047989,-0.199262,0.114937,-0.185972,0.082115,0.003331,0.000838
0,-0.045027,0.077458,0.150305,0.132684,0.154627,0.17858,0.000786,0.001352
0,-0.042749,0.00238,-0.027313,-0.10097,-0.008186,-0.146552,0.000746,4.2e-05
0,-0.133994,0.034334,-0.087427,0.00208,-0.135652,-0.045578,0.002339,0.000599
0,-0.152451,-0.032604,-0.010158,-0.073185,-0.044095,-0.047262,0.002661,0.000569
0,-0.040164,0.024141,0.089331,0.029602,0.122218,0.035052,0.000701,0.000421
0,-0.10894,0.007268,-0.0818,0.012373,-0.084386,0.008832,0.001901,0.000127
0,-0.062243,0.00475,0.065612,-0.010458,0.103119,-0.01335,0.001086,8.3e-05
0,-0.203975,0.000411,-0.156875,0.000341,-0.140652,0.014943,0.003131,7e-06
0,-0.065321,0.123936,0.131957,0.127167,0.174085,0.141171,0.00114,0.002163
0,0.025773,-0.049975,0.067053,-0.146383,0.09444,-0.170431,0.00045,0.000872
0,-0.145354,-0.012121,-0.200559,0.055245,-0.177284,0.040798,0.002537,0.000212
0,-0.119356,-0.1239,0.035908,-0.10762,0.054438,-0.144598,0.002083,0.002162
0,0.06982,-0.08798,0.169917,0.051997,0.20632,0.093787,0.001219,0.001536
0,-0.026817,0.011237,-0.067053,0.124801,-0.093843,0.146295,0.000468,0.000196
0,-0.120054,0.074082,-0.078856,0.056452,-0.113907,0.105917,0.002095,0.001293
0,0.161448,0.138143,0.277799,0.040539,0.309543,0.066957,0.002818,0.002411
0,0.1532,-0.026904,-0.004974,-0.174727,-0.019105,-0.204773,0.002674,0.00047
0,0.173203,-0.162174,0.020101,-0.160466,0.063187,-0.1343,0.003023,0.00283
0,-0.000596,0.083517,-0.193993,0.248432,-0.221878,0.270599,1e-05,0.001458
0,-0.06486,0.051094,-0.080393,-0.018654,-0.063707,-0.031123,0.001132,0.000892
0,-0.016257,0.039999,0.054333,0.011044,0.040068,0.020261,0.000284,0.000698
0,-0.011712,-0.155428,-0.007246,-0.202623,-0.052317,-0.18213,0.000204,0.002713
0,-0.07372,0.050567,-0.068726,0.194024,-0.02689,0.145467,0.001287,0.000883
0,0.134788,0.012088,0.194319,-0.052206,0.217924,-0.042923,0.002352,0.000211
0,0.044386,-0.12847,-0.096694,-0.162832,-0.145284,-0.206392,0.000775,0.002242
0,0.004429,0.013134,-0.041533,0.161182,-0.057003,0.174439,7.7e-05,0.000229
0,-0.060874,-0.094984,-0.056289,-0.12238,-0.089251,-0.088234,0.001062,0.001658
0,-0.181915,-0.053638,-0.094006,0.066297,-0.11177,0.033756,0.003175,0.000936
0,-0.038543,0.072911,0.122186,0.151503,0.137429,0.15497,0.000673,0.001273
0,-0.013418,-0.139549,0.007647,-0.221794,-0.040348,-0.180045,0.000234,0.002436
0,-0.250975,-0.127607,-0.212652,0.009363,-0.23178,0.020086,0.00231,0.002227
0,-0.240296,-0.024044,0.026028,0.082663,0.058114,0.067812,0.002497,0.00042
0,-0.261203,-0.059083,0.001152,-0.008378,-0.037842,-0.038107,0.002132,0.001031
0,-0.259681,0.055736,-0.008613,0.143383,-0.027021,0.120825,0.002159,0.000973
0,-0.207066,-0.132767,0.02363,-0.160558,-0.013885,-0.185256,0.003077,0.002317
0,-0.094055,0.0868,0.116392,0.203322,0.126975,0.19661,0.001642,0.001515
0,-0.2697,0.110848,-0.174351,0.03821,-0.126549,0.066556,0.001984,0.001935
0,-0.233353,-0.167653,0.007499,-0.276088,0.050334,-0.253763,0.002618,0.002926
0,-0.055873,0.09035,0.183037,0.231851,0.178678,0.263383,0.000975,0.001577
0,-0.024901,0.000612,0.011471,-0.060026,0.031615,-0.019506,0.000435,1.1e-05
0,-0.302696,-0.065958,-0.305378,-0.062982,-0.270322,-0.061357,0.001408,0.001151
0,-0.130456,0.066222,0.143251,0.15251,0.096247,0.14713,0.002277,0.001156
0,-0.005576,0.125667,0.102653,0.079875,0.147598,0.083764,9.7e-05,0.002193
0,-0.220168,-0.087138,-0.225887,-0.228955,-0.220778,-0.20836,0.002848,0.001521
0,-0.138779,-0.070714,0.0639,-0.004733,0.075941,-0.019343,0.002422,0.001234
0,0.032854,0.096971,0.171387,0.154769,0.218413,0.144842,0.000573,0.001692
0,-0.081888,-0.098116,-0.104969,-0.177114,-0.081877,-0.17192,0.001429,0.001712
0,-0.241267,-0.108636,-0.132565,-0.021105,-0.120665,-0.055932,0.00248,0.001896
0,-0.1132,-0.146995,0.12994,-0.037232,0.138815,-0.005961,0.001976,0.002566
0,-0.149163,-0.189783,-0.010955,-0.019561,-0.038923,-0.018657,0.002603,0.003312
0,-0.167543,0.010416,-0.011566,0.187533,0.006521,0.162158,0.002924,0.000182
0,-0.043583,-0.154625,0.130294,-0.157403,0.111849,-0.206915,0.000761,0.002699
0,0.036833,-0.063236,0.095186,0.08539,0.092626,0.080527,0.000643,0.001104
0,-0.039813,-0.118479,-0.055603,-0.047265,-0.046612,-0.055187,0.000695,0.002068
0,-0.094036,-0.166587,-0.055828,-0.074749,-0.043591,-0.034339,0.001641,0.002907
0,-0.302053,0.045216,-0.196882,0.188799,-0.193309,0.197634,0.001419,0.000789
0,-0.054605,0.078017,0.24396,0.044659,0.207888,0.005822,0.000953,0.001362
0,-0.070454,-0.008636,-0.005221,-0.100694,0.02314,-0.105176,0.00123,0.000151
0,-0.257152,-0.017506,-0.160938,0.015507,-0.180633,0.002985,0.002203,0.000306
0,-0.010851,0.00945,0.22059,0.007166,0.180426,0.018426,0.000189,0.000165
0,-0.191516,-0.110916,-0.169043,-0.135923,-0.180971,-0.099671,0.003343,0.001936
0,-0.207546,-0.034818,-0.04428,0.093179,-0.070307,0.123012,0.003068,0.000608
0,-0.155716,0.127271,0.02959,0.176425,-0.002766,0.201081,0.002718,0.002221
0,0.025824,0.133666,0.20942,-0.018952,0.220351,-0.021745,0.000451,0.002333
0,-0.181508,-0.110859,-0.183781,-0.254425,-0.155656,-0.257668,0.003168,0.001935
0,-0.066929,0.059138,0.092549,0.147397,0.065724,0.157331,0.001168,0.001032
0,-0.111176,0.008065,-0.035592,-0.072791,0.014223,-0.027118,0.00194,0.000141
0,-0.242401,0.056477,-0.109878,0.047562,-0.124192,0.065182,0.00246,0.000986
0,-0.1099,-0.041963,0.106663,-0.084591,0.057946,-0.045235,0.001918,0.000732
0,-0.170451,0.01194,-0.053199,0.047237,-0.066036,0.094211,0.002975,0.000208
0,-0.244258,-0.035611,-0.066914,-0.042362,-0.038816,0.001593,0.002428,0.000622
0,-0.068725,0.131794,0.181051,0.140047,0.168199,0.109594,0.001199,0.0023
0,-0.102396,0.021909,-0.0389,-0.114356,-0.05252,-0.109646,0.001787,0.000382
0,-0.170393,-0.129592,-0.064259,-0.176298,-0.028667,-0.192931,0.002974,0.002262
0,-0.1529,-0.068097,0.04267,0.039364,0.08794,0.058144,0.002669,0.001189
0,-0.177775,0.126119,-0.041315,0.187911,-0.076424,0.198169,0.003103,0.002201
0,-0.246198,-0.080708,-0.086935,-0.221561,-0.118452,-0.229426,0.002394,0.001409
0,-0.1511,0.012692,0.123305,0.11515,0.142437,0.137524,0.002637,0.000222
0,-0.009809,0.033584,0.112318,0.038854,0.104322,0.056487,0.000171,0.000586
0,-0.14856,-0.060656,-0.157529,-0.078557,-0.132204,-0.046276,0.002593,0.001059
0,0.017019,-0.007324,0.174919,0.027393,0.145376,-0.005064,0.000297,0.000128
0,-0.060478,-0.09988,-0.0502,-0.064626,-0.065933,-0.09686,0.001056,0.001743
0,-0.141662,0.060013,-0.10009,0.149653,-0.075455,0.172225,0.002472,0.001047
0,-0.017521,-0.143319,0.120253,-0.195327,0.110324,-0.165758,0.000306,0.002501
0,-0.128621,-0.004868,-0.116223,0.119628,-0.128926,0.070831,0.002245,8.5e-05
0,-0.060766,-0.021825,0.043716,0.004189,0.025725,-0.040958,0.001061,0.000381
0,-0.15563,0.12345,-0.099754,0.118253,-0.108155,0.131556,0.002716,0.002155
0,-0.172056,0.101571,0.004106,-0.020327,-0.014684,-0.049252,0.003003,0.001773
0,0.016689,-0.14947,0.201221,-0.276826,0.248749,-0.282627,0.000291,0.002609
0,-0.075673,-0.065983,-0.109351,0.077039,-0.154754,0.071668,0.001321,0.001152
0,-0.162403,-0.061822,-0.112699,0.025029,-0.063801,-0.019976,0.002834,0.001079
0,0.082447,-0.118905,0.271666,-0.044906,0.26162,-0.005803,0.001439,0.002075
0,-0.043864,-0.03934,-0.09789,0.09798,-0.05369,0.097688,0.000766,0.000687
0,-0.018925,-0.013211,0.027689,0.029214,0.049076,0.004952,0.00033,0.000231
0,-0.047747,0.016951,-0.035046,0.046828,-0.064632,0.049372,0.000833,0.000296
0,-0.116638,0.021497,-0.094296,-0.001198,-0.112341,-0.049248,0.002036,0.000375
0,0.006795,-0.004901,0.152544,-0.033276,0.166669,-0.077401,0.000119,8.6e-05
0,-0.070782,0.060565,-0.104394,0.038671,-0.091418,-0.004025,0.001235,0.001057
0,-0.033989,-0.191457,0.011776,-0.270995,0.054486,-0.279172,0.000593,0.003342
0,0.008903,-0.190887,0.059387,0.011331,0.018992,0.028896,0.000155,0.003332
0,-0.002126,-0.10654,0.01087,0.085063,-0.004504,0.087354,3.7e-05,0.001859
0,-0.034341,0.024034,-0.015436,0.116408,-0.027026,0.138171,0.000599,0.000419
0,0.09399,-0.047561,0.133077,-0.043184,0.111987,-0.02448,0.00164,0.00083
0,0.159834,0.013356,0.039418,0.048795,0.062294,0.003437,0.00279,0.000233
0,-0.073536,-0.196146,-0.225108,-0.212325,-0.23887,-0.189917,0.001283,0.003267
0,-0.143979,-0.047444,-0.090038,0.150401,-0.089616,0.113879,0.002513,0.000828
0,0.104007,0.01536,0.266261,0.070839,0.292584,0.095883,0.001815,0.000268
0,-0.018877,-0.0341,-0.11407,-0.067544,-0.1242,-0.060324,0.000329,0.000595
0,-0.051412,-0.211112,-0.02233,-0.152533,0.00316,-0.19853,0.000897,0.003006
0,0.058727,-0.126207,0.130309,0.084353,0.134688,0.098061,0.001025,0.002203
0,0.039771,0.055533,-0.001078,0.161002,-0.00544,0.117702,0.000694,0.000969
0,0.120923,0.111715,0.077152,0.026315,0.111824,0.045814,0.002111,0.00195
0,0.137208,0.081667,-0.001944,-0.018895,0.034287,0.008725,0.002395,0.001425
0,0.174171,-0.097089,0.054719,-0.177305,0.023431,-0.204235,0.00304,0.001695
0,0.150184,-0.145789,-0.026468,-0.046649,-0.0203,-0.013113,0.002621,0.002544
0,-0.034236,-0.065132,-0.186109,0.09835,-0.201548,0.120161,0.000598,0.001137
0,0.056437,-0.04837,0.086173,0.042334,0.077307,0.05732,0.000985,0.000844
0,-0.194619,0.026797,-0.236976,0.060478,-0.187327,0.056176,0.003294,0.000468
0,-0.065517,-0.035807,0.116816,-0.070676,0.141163,-0.109691,0.001143,0.000625
0,-0.197898,-0.124832,-0.143,-0.071336,-0.178632,-0.094185,0.003237,0.002179
0,-0.014245,-0.058202,0.16417,0.038428,0.19898,0.054824,0.000249,0.001016
0,0.043752,-0.106331,0.035154,-0.032405,0.068628,-0.045894,0.000764,0.001856
0,-0.187064,0.068063,-0.208988,0.157519,-0.192691,0.172249,0.003265,0.001188
0,-0.059467,0.032775,0.130654,-0.0071,0.169364,-0.052447,0.001038,0.000572
0,-0.179636,0.017123,-0.120073,-0.028468,-0.085749,0.013104,0.003135,0.000299
0,-0.031237,0.041697,0.148163,0.042731,0.172307,0.062925,0.000545,0.000728
0,-0.132446,0.132483,-0.12144,0.105175,-0.083355,0.10006,0.002312,0.002312
0,-0.146579,0.081803,-0.036836,-0.063796,-0.022935,-0.113294,0.002558,0.001428
0,0.052651,-0.09136,0.201884,-0.14422,0.221814,-0.149052,0.000919,0.001595
0,-0.075053,-0.053393,-0.125367,0.02427,-0.171716,0.07178,0.00131,0.000932
0,0.017247,0.138606,0.117687,0.209767,0.151777,0.207524,0.000301,0.002419
0,-0.013125,0.141392,-0.031131,-0.007623,-0.069771,-0.017919,0.000229,0.002468
0,0.071557,0.048777,0.07976,-0.10742,0.103864,-0.119222,0.001249,0.000851
0,-0.001642,-0.058213,-0.060967,-0.083738,-0.04936,-0.063215,2.9e-05,0.001016
0,0.09701,0.073142,0.104716,0.10819,0.108483,0.120393,0.001693,0.001277
0,-0.174298,0.006472,-0.294864,-0.08118,-0.281274,-0.108376,0.003042,0.000113
0,-0.099197,0.07706,0.082345,0.090945,0.098256,0.070999,0.001731,0.001345
0,0.078444,0.06629,0.182414,0.003912,0.227399,-0.0065,0.001369,0.001157
0,-0.142026,0.054771,-0.195996,-0.036856,-0.212249,-0.043815,0.002479,0.000956
0,0.020964,0.031638,0.188747,-0.035138,0.175728,-0.015194,0.000366,0.000552
0,-0.038468,0.023396,-0.040321,-0.021349,-0.032575,0.027221,0.000671,0.000408
0,-0.176267,-0.05773,-0.159261,-0.058814,-0.207231,-0.020059,0.003076,0.001008
0,0.058577,0.1826,0.223732,0.259164,0.268992,0.253425,0.001022,0.003187
0,-0.175166,-0.056615,-0.236671,-0.252666,-0.245733,-0.295263,0.003057,0.000988
0,0.027413,-0.033743,0.182034,-0.004308,0.210515,-0.003015,0.000478,0.000589
0,0.03948,0.009345,0.011382,0.023618,0.04412,-0.005223,0.000689,0.000163
0,-0.026794,0.196526,-0.09526,0.18741,-0.141798,0.159903,0.000468,0.003261
0,0.04626,0.143317,0.071364,-0.070168,0.090665,-0.075522,0.000807,0.002501
0,-0.008958,0.100403,-0.043996,-0.055295,-0.068824,-0.085054,0.000156,0.001752
0,-0.023073,0.015587,-0.00059,-0.107638,-0.02615,-0.068609,0.000403,0.000272
0,-0.060762,0.134431,-0.017954,0.143116,-5.5e-05,0.119891,0.001061,0.002346
0,0.102277,0.170392,0.187859,0.030553,0.20329,0.066473,0.001785,0.002974
0,0.106469,-0.023128,0.021021,-0.187202,-0.017718,-0.18018,0.001858,0.000404
0,0.068803,0.111878,-0.043362,0.143478,-0.050297,0.169574,0.001201,0.001953
0,0.002168,-0.09462,-0.09645,-0.200187,-0.048923,-0.159125,3.8e-05,0.001651
0,0.056876,0.036887,0.069875,0.150023,0.026813,0.12024,0.000993,0.000644
0,-0.08815,0.094972,-0.160082,0.085508,-0.170409,0.040209,0.001539,0.001658
0,0.073147,0.185834,0.131668,0.08897,0.129931,0.098422,0.001277,0.003243
0,0.046781,0.153019,-0.043216,-0.050024,-0.019027,-0.047447,0.000816,0.002671
0,-0.032505,-0.026022,-0.06503,-0.202478,-0.097989,-0.188508,0.000567,0.000454
0,0.019667,0.102081,0.06471,0.137019,0.027,0.142235,0.000343,0.001782
0,0.122003,0.04762,0.12756,-0.039282,0.082828,-0.043123,0.002129,0.000831
0,-0.004144,0.162693,-0.12124,0.106613,-0.146266,0.11534,7.2e-05,0.00284
0,0.16648,-0.066345,0.186957,-0.235445,0.140336,-0.227247,0.002906,0.001158
0,-0.050755,0.107283,-0.196007,0.167252,-0.201297,0.162336,0.000886,0.001872
0,0.180093,0.072784,0.24425,-0.040815,0.20899,-0.085743,0.003143,0.00127
0,0.157797,-0.004415,-0.034899,-0.069043,-0.011869,-0.066025,0.002754,7.7e-05
0,-0.051638,-0.103896,-0.224378,-0.111923,-0.219815,-0.118036,0.000901,0.001813
0,0.133053,0.138568,0.211823,0.245467,0.178259,0.221412,0.002322,0.002418
0,0.147919,0.180412,0.000306,0.04453,-0.04198,0.093855,0.002582,0.003149
0,-0.105079,-0.076139,-0.271843,-0.24369,-0.251196,-0.271889,0.001834,0.001329
0,-0.116661,-0.043839,-0.022317,0.04625,-0.047319,0.081585,0.002036,0.000765
0,0.13196,-0.118286,0.262054,-0.077021,0.306952,-0.098011,0.002303,0.002064
0,0.031705,0.191452,-0.081154,0.288034,-0.040709,0.261121,0.000553,0.003341
0,-0.036797,0.092524,-0.082445,-0.100803,-0.058481,-0.079544,0.000642,0.001615
0,0.039637,-0.075786,0.052377,-0.184231,0.046808,-0.166661,0.000692,0.001323
0,-0.17425,-0.085473,-0.195773,-0.008737,-0.22159,-0.027177,0.003041,0.001492
0,0.024256,0.160911,0.169875,0.264982,0.124809,0.259689,0.000423,0.002808
0,-0.212216,-0.035641,-0.246182,-0.172893,-0.241316,-0.161067,0.002987,0.000622
0,-0.020188,0.068576,0.165979,0.076839,0.161968,0.063019,0.000352,0.001197
0,-0.134793,0.003877,-0.113995,-0.08988,-0.119119,-0.096505,0.002353,6.8e-05
0,-0.104324,-0.03296,0.009936,-0.034462,0.015595,-0.077736,0.001821,0.000575
0,0.149686,0.04284,0.24978,0.086122,0.214989,0.067988,0.002613,0.000748
0,-0.066566,-0.078329,-0.217728,-0.121827,-0.179942,-0.111406,0.001162,0.001367
0,-0.14322,-0.0025,-0.074036,0.102188,-0.111902,0.076994,0.0025,4.4e-05
0,0.082075,0.097384,0.214667,0.093781,0.237686,0.132198,0.001432,0.0017
0,-0.17883,0.026386,-0.253987,-0.088599,-0.279984,-0.084071,0.003121,0.000461
0,-0.145529,-0.007708,0.014015,-0.019378,0.021383,-0.026512,0.00254,0.000135
0,-0.090395,0.010523,0.075569,0.03361,0.11203,0.070673,0.001578,0.000184
0,-0.012197,-0.092601,0.06202,-0.075427,0.037484,-0.046846,0.000213,0.001616
0,-0.006125,-0.087221,0.016728,0.011063,0.032602,0.011099,0.000107,0.001522
0,-0.063339,-0.108837,-0.035431,-0.011413,-0.066332,0.013115,0.001105,0.0019
0,-0.067915,0.006096,0.011979,0.120332,0.016695,0.100785,0.001185,0.000106
0,0.009193,0.039384,0.076125,0.060192,0.125567,0.028409,0.00016,0.000687
0,-0.224252,0.134654,-0.209354,0.120955,-0.191607,0.088409,0.002777,0.00235
0,-0.086918,-0.005508,0.144485,-0.162192,0.16792,-0.206879,0.001517,9.6e-05
0,-0.035496,-0.142497,0.061758,-0.133286,0.01782,-0.109766,0.00062,0.002487
0,-0.097476,-0.055527,-0.069808,0.065601,-0.102021,0.050938,0.001701,0.000969
0,-0.039008,-0.028636,0.067226,0.003388,0.075775,0.012254,0.000681,0.0005
0,0.064726,-0.125814,0.085295,-0.085305,0.110619,-0.088971,0.00113,0.002196
0,0.079625,0.104653,0.005343,0.236632,0.030669,0.188141,0.00139,0.001827
0,0.091789,-0.007156,0.012909,-0.105786,0.024374,-0.092609,0.001602,0.000125
0,-0.028384,0.036318,-0.142336,0.019197,-0.149939,0.067313,0.000495,0.000634
0,0.039497,-0.020919,0.054234,-0.046391,0.043878,-0.039819,0.000689,0.000365
0,-0.089781,-0.033506,-0.147627,-0.041147,-0.10792,-0.058051,0.001567,0.000585
0,0.007876,-0.108827,0.109001,-0.080274,0.155102,-0.122896,0.000137,0.001899
0,-0.033165,-0.004676,-0.043698,0.106693,-0.084403,0.076094,0.000579,8.2e-05
0,0.154215,0.126213,0.163933,0.139703,0.168145,0.09537,0.002692,0.002203
0,-0.056545,-0.04184,-0.21881,-0.146402,-0.187851,-0.124434,0.000987,0.00073
0,0.151429,0.090751,0.237286,0.105918,0.19806,0.131258,0.002643,0.001584
0,0.034674,0.031311,-0.128362,-0.04917,-0.160575,-0.024951,0.000605,0.000546
0,0.178016,-0.16418,0.12201,-0.186191,0.103274,-0.203134,0.003107,0.002865
0,-0.013404,0.018956,-0.190456,0.205911,-0.178599,0.199452,0.000234,0.000331
0,0.165746,0.040926,0.199644,0.045207,0.161672,0.088525,0.002893,0.000714
0,-0.006715,-0.036784,-0.187221,-0.072528,-0.146194,-0.099741,0.000117,0.000642
0,0.196204,-0.070595,0.191671,-0.032244,0.217722,-0.0399,0.003266,0.001232
0,-0.057189,-0.030566,-0.278071,0.051205,-0.306586,0.00354,0.000998,0.000533
0,-0.053157,-0.040378,0.031604,-0.031471,0.057775,-0.032403,0.000928,0.000705
0,0.102589,0.050472,0.180378,0.08572,0.142113,0.121271,0.001791,0.000881
0,0.052908,0.01678,-0.041362,-0.008266,-0.017695,-0.035477,0.000923,0.000293
0,0.135678,-0.19018,0.079115,-0.210661,0.110271,-0.164642,0.002368,0.003319
0,-0.059135,-0.120205,-0.219978,0.068752,-0.260064,0.050382,0.001032,0.002098
0,0.116189,-0.044152,0.156051,0.088493,0.111887,0.079426,0.002028,0.000771
0,0.0387,-0.037396,-0.099805,0.027679,-0.114229,0.037969,0.000675,0.000653
0,0.106046,-0.038461,0.095898,-0.010583,0.11898,-0.032886,0.001851,0.000671
0,0.237731,0.042527,0.114593,0.060268,0.160879,0.045669,0.002542,0.000742
0,0.082067,-0.027163,-0.144558,-0.047233,-0.117972,-0.078316,0.001432,0.000474
0,0.233957,0.060909,0.1453,0.08991,0.188019,0.102732,0.002608,0.001063
0,0.18005,-0.039653,-0.08055,-0.075629,-0.128927,-0.060893,0.003142,0.000692
0,0.047978,0.049144,-0.111421,0.092694,-0.064496,0.073939,0.000837,0.000858
0,-0.023229,0.041784,-0.054439,0.019721,-0.041877,0.028764,0.000405,0.000729
0,0.224557,0.023026,0.276493,-0.013084,0.265124,-0.009509,0.002772,0.000402
0,0.163632,-0.078154,-0.06106,-0.086984,-0.011521,-0.119393,0.002856,0.001364
0,0.082571,-0.119278,-0.062686,-0.054885,-0.034775,-0.021256,0.001441,0.002082
0,0.189548,0.062076,0.119097,0.175908,0.152415,0.194203,0.003308,0.001083
0,-0.092281,-0.067047,-0.252336,-0.11552,-0.21994,-0.078077,0.001611,0.00117
0,-0.008068,0.049641,0.066126,0.123366,0.039036,0.094307,0.000141,0.000866
0,-0.152207,-0.041953,-0.121088,-0.089361,-0.16519,-0.120912,0.002657,0.000732
0,-0.157444,-0.091208,-0.027664,-0.022906,0.022127,-0.009833,0.002748,0.001592
0,-0.001572,0.037511,0.17377,0.104631,0.155127,0.127845,2.7e-05,0.000655
0,0.140798,-0.063333,0.121003,-0.113673,0.158955,-0.074011,0.002457,0.001105
0,-0.124981,0.01236,-0.246346,0.104386,-0.258924,0.094853,0.002181,0.000216
0,-0.000443,-0.061887,0.140041,-0.058706,0.11957,-0.068044,8e-06,0.00108
0,-0.0173,-0.020327,-0.023282,0.014849,0.025222,0.014625,0.000302,0.000355
0,-0.006394,-0.034732,-0.001102,-0.029483,-0.008536,-0.014513,0.000112,0.000606
0,0.142224,0.050214,0.11962,0.058502,0.078327,0.037307,0.002482,0.000876
0,0.094664,-0.118212,-0.03179,-0.166328,-0.010377,-0.164855,0.001652,0.002063
0,0.04741,0.06891,-0.076812,0.19557,-0.113478,0.17588,0.000827,0.001203
0,-0.036577,-0.068144,-0.063959,-0.137835,-0.105422,-0.183255,0.000638,0.001189
0,0.048778,0.047951,0.071526,0.095539,0.039206,0.13623,0.000851,0.000837
0,-0.06727,-0.026719,-0.144334,-0.081895,-0.175432,-0.13021,0.001174,0.000466
0,0.080382,-0.170184,0.149559,-0.15121,0.185909,-0.128469,0.001403,0.00297
0,0.022136,0.06376,-0.03128,0.241058,-0.013496,0.231962,0.000386,0.001113
0,-0.055084,-0.163486,-0.068165,-0.214506,-0.098467,-0.234864,0.000961,0.002853
0,-0.051398,0.023766,-0.002211,0.180071,-0.030729,0.229785,0.000897,0.000415
0,-0.120043,0.04673,-0.067875,0.046139,-0.055841,0.071866,0.002095,0.000816
0,-0.106798,-0.14865,0.033717,-0.193485,0.065247,-0.231158,0.001864,0.002594
0,-0.105783,0.121114,0.005618,0.261039,-0.028718,0.245271,0.001846,0.002114
0,-0.154015,-0.066191,-0.032612,-0.215518,-0.049464,-0.195387,0.002688,0.001155
0,-0.026489,0.108073,0.120861,0.156728,0.090433,0.120732,0.000462,0.001886
0,0.016895,-0.107408,0.03543,-0.19713,0.039111,-0.244886,0.000295,0.001875
0,-0.146411,0.066096,-0.151773,0.152999,-0.169603,0.143599,0.002555,0.001154
0,0.032003,0.008222,0.17697,-0.049674,0.135965,-0.008621,0.000559,0.000143
0,0.016468,0.111279,-0.01696,0.102613,-0.04787,0.134276,0.000287,0.001942
0,0.012927,0.026356,0.015947,-0.112133,-0.033736,-0.076908,0.000226,0.00046
0,-0.065484,-0.131135,-0.077018,-0.148432,-0.043743,-0.109972,0.001143,0.002289
0,-0.084105,0.03249,-0.036829,0.177155,-0.021313,0.179098,0.001468,0.000567
0,0.115364,-0.090274,0.179094,-0.108338,0.151718,-0.132371,0.002013,0.001576
0,-0.154279,0.023195,-0.266295,0.11856,-0.297201,0.081665,0.002693,0.000405
0,-0.081834,-0.150711,0.090875,-0.149208,0.072224,-0.198873,0.001428,0.00263
0,-0.042294,0.008254,0.053342,0.162102,0.003869,0.179815,0.000738,0.000144
0,-0.027639,0.02945,0.034496,0.003034,0.057295,-0.006651,0.000482,0.000514
0,0.056963,-0.080399,0.062389,-0.087364,0.014366,-0.089206,0.000994,0.001403
0,0.042657,-0.161109,0.012623,-0.081833,0.056117,-0.12125,0.000745,0.002812
0,-0.06912,-0.131454,-0.10382,0.032789,-0.133652,0.054231,0.001206,0.002294
0,-0.074712,-0.129213,0.00129,-0.014381,-0.045583,0.022537,0.001304,0.002255
0,-1.318595,-0.67194,-1.268193,-0.5563,-1.234582,-0.55446,0.002941,0.001654
0,-0.268222,-1.661181,1.031004,-1.003072,1.069316,-1.004685,0.002009,0.00223
0,-0.001216,-1.590789,0.295103,0.05809,0.281176,0.016847,2.1e-05,0.001001
0,0.611452,-1.265679,0.632829,0.315385,0.666953,0.289895,0.00271,0.002018
0,1.024249,-1.213829,0.398958,0.025611,0.406784,0.004702,0.002196,0.001113
0,1.161799,-0.999587,0.12741,0.208831,0.100529,0.205662,0.000205,0.002626
0,1.101849,-0.606745,-0.08878,0.397802,-0.061562,0.447442,0.000842,0.002792
0,1.092805,-0.461359,-0.031557,0.118744,-0.051664,0.077023,0.000999,0.001361
0,0.620062,-0.284402,-0.469816,0.197288,-0.489615,0.208826,0.00256,0.001727
0,0.464524,-0.021374,-0.160336,0.254282,-0.113506,0.242009,0.001417,0.000373
0,0.28734,0.068696,-0.181444,0.112586,-0.181401,0.102984,0.001676,0.001199
0,0.248503,-0.038589,-0.051683,-0.095496,-0.030846,-0.111462,0.002354,0.000673
0,0.162171,0.123214,-0.069131,0.140494,-0.040426,0.173226,0.00283,0.00215
0,-0.054743,0.191354,-0.198065,0.094023,-0.167626,0.094845,0.000955,0.00334
0,-0.287369,0.062098,-0.247293,-0.134377,-0.27577,-0.142035,0.001675,0.001084
0,-0.09441,0.236097,0.171888,0.156865,0.167366,0.159306,0.001648,0.00257
0,-0.268729,0.186474,-0.197016,-0.050187,-0.163081,-0.094978,0.002001,0.003255
0,-0.26832,0.198826,0.030381,-0.012103,0.01981,-0.044779,0.002008,0.003221
0,-0.114251,0.040895,0.138693,-0.179099,0.179231,-0.148084,0.001994,0.000714
0,-0.122548,-0.097236,0.018774,-0.125418,-0.018631,-0.097262,0.002139,0.001697
0,-0.108654,0.05832,0.02915,0.179794,0.046007,0.140271,0.001896,0.001018
0,0.132137,-0.070789,0.211406,-0.151154,0.255424,-0.182623,0.002306,0.001235
0,0.122829,-0.087606,-0.026206,-0.008118,0.019204,0.023305,0.002144,0.001529
0,0.106021,0.066973,0.006255,0.150729,0.019282,0.144751,0.00185,0.001169
0,0.157689,-0.055711,0.06003,-0.111206,0.084673,-0.088513,0.002752,0.000972
0,-0.021316,-0.04733,-0.158321,-0.017272,-0.10888,-0.016108,0.000372,0.000826
0,0.084572,0.020243,0.088578,0.093202,0.124984,0.061802,0.001476,0.000353
0,0.025846,0.082934,-0.052889,0.08251,-0.022623,0.128967,0.000451,0.001447
0,0.070256,-0.060255,0.037815,-0.149909,0.006782,-0.138682,0.001226,0.001052
0,0.172361,-0.063495,0.098803,-0.016509,0.084075,0.01068,0.003008,0.001108
0,-0.045042,-0.059766,-0.205277,0.018007,-0.21074,0.049651,0.000786,0.001043
0,0.044115,0.023882,0.113957,0.102002,0.101532,0.060525,0.00077,0.000417
0,-0.038933,-0.177868,-0.055165,-0.19474,-0.078396,-0.150994,0.00068,0.003104
0,0.198417,0.044236,0.238836,0.242203,0.204787,0.244588,0.003228,0.000772
0,-0.065439,-0.11868,-0.286754,-0.173735,-0.241375,-0.207445,0.001142,0.002071
0,0.048075,0.073655,0.09319,0.183548,0.131733,0.208471,0.000839,0.001286
0,0.222832,-0.155513,0.184944,-0.201614,0.221526,-0.161553,0.002802,0.002714
0,0.183551,-0.132143,-0.041701,0.026371,-0.075657,-0.017812,0.003204,0.002306
0,0.18293,0.082731,0.00583,0.188336,0.055657,0.230878,0.003193,0.001444
0,0.033072,0.077373,-0.143418,-0.022564,-0.187067,0.024835,0.000577,0.00135
0,-0.085293,0.077639,-0.143476,-0.017072,-0.164714,-0.026759,0.001489,0.001355
0,-0.045282,0.045368,0.046915,-0.059723,0.003935,-0.05448,0.00079,0.000792
0,0.095193,-0.162504,0.168243,-0.18988,0.150334,-0.199158,0.001661,0.002836
0,-0.108722,-0.045796,-0.194244,0.104882,-0.227369,0.134819,0.001898,0.000799
0,0.042408,-0.143702,0.153981,-0.097569,0.14589,-0.074721,0.00074,0.002508
0,-0.129313,-0.082223,-0.181882,0.033118,-0.173028,0.072302,0.002257,0.001435
0,-0.000515,0.072512,0.157735,0.182865,0.131018,0.231714,9e-06,0.001266
0,-0.000793,-0.155777,-0.016973,-0.245746,-0.060496,-0.207939,1.4e-05,0.002719
0,-0.134191,-0.080418,-0.139786,0.048446,-0.146293,0.084958,0.002342,0.001404
0,-0.142771,0.090384,0.017495,0.152359,0.045928,0.132643,0.002492,0.001577
0,-0.170094,0.107887,-0.006901,0.020978,-0.038832,0.057712,0.002969,0.001883
0,-0.211402,-0.120576,-0.011921,-0.248115,0.017141,-0.278904,0.003001,0.002104
0,0.003565,-0.061136,0.218444,0.073209,0.183672,0.054332,6.2e-05,0.001067
0,0.019286,-0.073322,-0.011839,-0.03387,-0.033778,-0.038512,0.000337,0.00128
0,0.027027,-0.028752,0.02314,0.070747,0.012349,0.030715,0.000472,0.000502
0,-0.211215,0.05141,-0.255637,0.109856,-0.279062,0.113264,0.003004,0.000897
0,-0.050281,-0.109631,0.160391,-0.148936,0.133775,-0.12471,0.000878,0.001913
0,-0.2583,0.137458,-0.211804,0.240443,-0.163728,0.250176,0.002183,0.002399
0,-0.140999,0.132575,0.107377,-0.019964,0.071446,-0.049984,0.002461,0.002314
0,-0.114608,0.08223,0.053262,-0.074604,0.093295,-0.064482,0.002,0.001435
0,-0.179217,0.081404,-0.072772,-0.027296,-0.084878,-0.071049,0.003128,0.001421
0,-0.23787,-0.117805,-0.043628,-0.218263,-0.089513,-0.173019,0.002539,0.002056
0,-0.147357,0.01558,0.111536,0.126391,0.130684,0.090568,0.002572,0.000272
0,-0.174654,-0.11142,-0.050191,-0.137586,-0.01581,-0.174123,0.003048,0.001945
0,-0.208573,-0.106587,-0.029084,0.016455,-0.016063,-0.004668,0.003051,0.00186
0,-0.033445,-0.048435,0.189501,0.029104,0.16507,0.027644,0.000584,0.000845
0,-0.011917,0.017845,0.004057,0.078245,-0.009003,0.084237,0.000208,0.000311
0,-0.11709,0.091064,-0.095678,0.102973,-0.099551,0.059664,0.002044,0.001589
0,-0.220458,-0.092842,-0.099368,-0.156567,-0.147537,-0.161836,0.002843,0.00162
0,0.066259,0.15723,0.296963,0.276851,0.302272,0.302696,0.001156,0.002744
0,-0.039635,-0.06247,-0.108165,-0.217514,-0.158051,-0.175098,0.000692,0.00109
0,-0.105749,0.075623,-0.082655,0.123689,-0.051676,0.099725,0.001846,0.00132
0,-0.05532,-0.149894,0.03134,-0.236138,0.051179,-0.202583,0.000966,0.002616
0,0.028621,-0.047122,0.063037,0.090578,0.051228,0.138285,0.0005,0.000822
0,-0.069606,-0.009263,-0.076563,0.057125,-0.072269,0.100547,0.001215,0.000162
0,0.038664,0.09347,0.105295,0.106185,0.147665,0.126732,0.000675,0.001631
0,-0.190621,0.130687,-0.253009,0.028946,-0.279058,0.049029,0.003327,0.002281
0,0.030616,-0.105394,0.247073,-0.206825,0.228205,-0.25036,0.000534,0.001839
0,-0.119197,-0.150886,-0.125915,-0.017811,-0.168423,-0.033581,0.00208,0.002633
0,-0.119472,-0.053983,0.000578,0.103873,-0.008932,0.055957,0.002085,0.000942
0,-0.182613,-0.141706,-0.060094,-0.117198,-0.037784,-0.144741,0.003187,0.002473
0,-0.10841,-0.102869,0.06668,0.051455,0.039518,0.075042,0.001892,0.001795
0,-0.155299,-0.115445,-0.058468,-0.023011,-0.108454,0.002976,0.00271,0.002015
0,-0.025931,0.07337,0.121309,0.192525,0.152309,0.1842,0.000453,0.001281
0,-0.158656,0.118412,-0.116843,0.042032,-0.100409,0.073241,0.002769,0.002067
0,-0.242029,-0.024239,-0.06017,-0.164359,-0.057288,-0.127873,0.002467,0.000423
0,-0.231334,0.125333,0.040595,0.146896,-0.008457,0.142428,0.002653,0.002187
0,-0.24896,0.083297,-0.044803,-0.057161,-0.011645,-0.10227,0.002346,0.001454
0,-0.294185,-0.027321,-0.022349,-0.09601,-0.059187,-0.046876,0.001556,0.000477
0,-0.097119,-0.130355,0.218801,-0.079046,0.213481,-0.071208,0.001695,0.002275
0,-0.172871,-0.115994,-0.07571,-0.004094,-0.037238,0.030149,0.003017,0.002024
0,-0.214842,-0.057801,-0.031117,0.075219,-0.06835,0.081975,0.002941,0.001009
0,-0.274087,-0.184686,-0.079917,-0.109605,-0.045942,-0.089465,0.001907,0.003223
0,-0.108457,0.006646,0.179987,0.187861,0.194584,0.233136,0.001893,0.000116
0,-0.076162,-0.097376,0.049956,-0.114455,0.002865,-0.135846,0.001329,0.0017
0,-0.14404,-0.121375,-0.078122,-0.01511,-0.087424,-0.049111,0.002514,0.002118
0,-0.186744,0.127822,-0.057294,0.257517,-0.041742,0.249075,0.003259,0.002231
0,-0.239153,-0.151272,-0.035173,-0.287712,-0.019737,-0.255078,0.002517,0.00264
0,0.007947,-0.119687,0.239721,0.007076,0.206841,-0.036774,0.000139,0.002089
0,-0.217023,-0.026475,-0.229087,0.107037,-0.210581,0.122942,0.002903,0.000462
0,-0.146929,0.101785,0.059045,0.105084,0.029432,0.154796,0.002564,0.001776
0,-0.019024,-0.102876,0.110303,-0.200883,0.075515,-0.167908,0.000332,0.001796
0,-0.04126,0.165308,-0.028556,0.281574,-0.01355,0.262622,0.00072,0.002885
0,0.094485,-0.0812,0.164348,-0.257638,0.177437,-0.263709,0.001649,0.001417
0,0.139961,-0.118919,0.066391,-0.037845,0.084642,-0.084426,0.002443,0.002076
0,-0.153706,-0.06255,-0.309761,0.083518,-0.347794,0.118619,0.002683,0.001092
0,-0.116267,-0.009937,0.047575,0.069573,0.047363,0.067163,0.002029,0.000173
0,-0.06018,0.041891,0.072516,0.072608,0.085918,0.03617,0.00105,0.000731
0,-0.141712,0.111518,-0.079346,0.065669,-0.070675,0.09632,0.002473,0.001946
0,0.14186,-0.161155,0.275688,-0.258374,0.284045,-0.298899,0.002476,0.002813
0,0.186857,0.053158,0.067768,0.208233,0.034104,0.162643,0.003261,0.000928
0,0.196632,-0.08452,-0.013904,-0.131508,0.016988,-0.086353,0.003259,0.001475
0,-0.054096,-0.094365,-0.233837,-0.01944,-0.259888,0.008263,0.000944,0.001647
0,0.12949,0.027411,0.154473,0.115075,0.173703,0.065517,0.00226,0.000478
0,0.028895,0.114512,-0.080001,0.091804,-0.112953,0.067025,0.000504,0.001999
0,0.082673,-0.070065,0.039704,-0.175417,0.079656,-0.182067,0.001443,0.001223
0,0.079546,0.037645,0.011473,0.105405,0.035556,0.115047,0.001388,0.000657
0,0.112323,0.050473,0.011693,0.042569,-0.000927,0.032868,0.00196,0.000881
0,0.104858,0.03381,0.000968,-0.032608,-0.023845,0.004488,0.00183,0.00059
0,0.140408,-0.123764,0.035306,-0.15627,0.035659,-0.114882,0.002451,0.00216
0,-0.016287,0.134981,-0.165802,0.231215,-0.206199,0.223865,0.000284,0.002356
0,-0.048273,0.095341,-0.012734,-0.042458,-0.058856,-0.067311,0.000843,0.001664
0,0.140172,-0.108205,0.189112,-0.199346,0.168904,-0.15551,0.002446,0.001889
0,-0.017205,-0.104203,-0.127697,-0.021684,-0.122754,-0.021012,0.0003,0.001819
0,-0.042232,0.141027,-0.006921,0.222888,-0.041019,0.187762,0.000737,0.002461
0,-0.01103,0.056604,0.037377,-0.105729,0.077224,-0.056383,0.000193,0.000988
0,-0.059862,-0.058014,-0.061911,-0.109105,-0.017122,-0.115408,0.001045,0.001013
0,0.088821,0.142977,0.173918,0.193671,0.130884,0.216103,0.00155,0.002495
0,-0.098553,-0.04953,-0.182992,-0.191511,-0.190275,-0.184846,0.00172,0.000864
0,-0.092738,0.078135,0.016503,0.113511,0.057892,0.111351,0.001619,0.001364
0,0.039197,-0.138788,0.126221,-0.209365,0.160326,-0.243025,0.000684,0.002422
0,0.200109,-0.112487,0.153093,0.021034,0.14135,0.058414,0.003198,0.001963
0,0.001762,-0.095827,-0.179645,0.003207,-0.131072,-0.004193,3.1e-05,0.001672
0,-0.049922,-0.163927,-0.051946,-0.084043,-0.084089,-0.100603,0.000871,0.002861
0,0.188855,-0.105006,0.211687,0.05763,0.185588,0.01382,0.003296,0.001833
0,0.179474,-0.082783,-0.03314,0.033515,-0.05771,-0.01537,0.003132,0.001445
0,0.210718,-0.192429,0.027533,-0.100366,0.073191,-0.095226,0.003013,0.003332
0,0.025142,0.053816,-0.201777,0.247774,-0.200445,0.276998,0.000439,0.000939
0,0.29047,-0.04453,0.262983,-0.123082,0.231637,-0.107484,0.001621,0.000777
0,0.052458,-0.15996,-0.259333,-0.103871,-0.301001,-0.142332,0.000916,0.002792
0,0.223285,-0.054601,0.155636,0.104383,0.123648,0.151721,0.002794,0.000953
0,-0.068366,0.052738,-0.318912,0.102784,-0.357447,0.099959,0.001193,0.00092
0,0.096529,0.104857,0.177343,0.069697,0.204624,0.020524,0.001685,0.00183
0,0.149576,-0.119203,0.081159,-0.206634,0.07534,-0.203406,0.002611,0.00208
0,0.059575,0.019292,-0.107766,0.132197,-0.114746,0.134114,0.00104,0.000337
0,-0.048114,0.090939,-0.105404,0.066292,-0.105988,0.053914,0.00084,0.001587
0,0.107263,0.133965,0.171917,0.055109,0.165015,0.040485,0.001872,0.002338
0,0.081245,-0.014068,-0.010031,-0.154123,-0.038373,-0.149167,0.001418,0.000246
0,-0.182699,-0.099978,-0.238893,-0.084899,-0.281397,-0.113963,0.003189,0.001745
0,0.101658,0.009035,0.282018,0.125608,0.234741,0.099245,0.001774,0.000158
0,0.048654,-0.087516,-0.074682,-0.119703,-0.042462,-0.115952,0.000849,0.001527
0,0.020006,-0.092773,-0.057012,-0.033093,-0.065897,0.012565,0.000349,0.001619
0,0.052591,0.033959,0.057759,0.108873,0.01631,0.084421,0.000918,0.000593
0,0.003963,-0.059699,-0.060095,-0.088988,-0.08017,-0.082682,6.9e-05,0.001042
0,-0.098375,0.119432,-0.123443,0.194055,-0.127084,0.16321,0.001717,0.002084
0,-0.107101,0.009831,0.009053,-0.125432,-0.024838,-0.173352,0.001869,0.000172
0,0.013924,0.140972,0.101217,0.124514,0.136002,0.145356,0.000243,0.00246
0,-0.133148,-0.09598,-0.142854,-0.248969,-0.119334,-0.233631,0.002324,0.001675
0,-0.070221,0.094547,0.040547,0.185756,0.083547,0.161297,0.001226,0.00165
0,0.033449,0.006599,0.08036,-0.077902,0.085946,-0.045842,0.000584,0.000115
0,-0.02175,-0.102102,-0.06578,-0.137934,-0.093461,-0.128959,0.00038,0.001782
0,0.032238,0.14211,0.076087,0.270111,0.041964,0.244584,0.000563,0.00248
0,-0.034342,0.154486,-0.093158,-0.005894,-0.050045,-0.042418,0.000599,0.002696
0,-0.094886,-0.069805,-0.072919,-0.25227,-0.070884,-0.218002,0.001656,0.001218
0,-0.097564,0.005686,0.019972,0.045666,-0.021267,0.081031,0.001703,9.9e-05
0,-0.134424,-0.079379,-0.012273,-0.08186,-0.023672,-0.112011,0.002346,0.001385
0,-0.047105,0.138203,0.085551,0.219356,0.113718,0.226491,0.000822,0.002412
0,-0.051418,0.096765,0.016816,-0.038899,0.017504,-0.032128,0.000897,0.001689
0,-0.105142,0.013892,-0.048612,-0.076643,-0.024693,-0.056462,0.001835,0.000242
0,-0.07472,0.071949,0.036731,0.028568,0.041947,-0.001041,0.001304,0.001256
0,-0.08165,0.035598,0.004532,-0.035178,-0.009653,-0.027408,0.001425,0.000621
0,0.100888,-0.026129,0.20589,-0.085246,0.166099,-0.062738,0.001761,0.000456
0,-0.029972,-0.057411,-0.139972,-0.030967,-0.136132,0.004766,0.000523,0.001002
0,-0.043563,-0.061619,-0.027841,-0.022243,-0.050203,-0.056629,0.00076,0.001075
0,-0.167428,0.04974,-0.126995,0.12438,-0.124971,0.17064,0.002922,0.000868
0,0.057739,-0.04942,0.250939,-0.094378,0.24281,-0.050273,0.001008,0.000863
0,0.002433,-0.139351,-0.033794,-0.086181,0.01062,-0.072772,4.2e-05,0.002432
0,-0.051507,-0.074316,-0.071419,0.064226,-0.114392,0.108276,0.000899,0.001297
0,-0.121814,0.085827,-0.097153,0.172582,-0.12473,0.157554,0.002126,0.001498
0,-0.213991,-0.044503,-0.096032,-0.126022,-0.060466,-0.142095,0.002956,0.000777
0,0.030468,0.108581,0.240419,0.169641,0.241115,0.156937,0.000532,0.001895
0,-0.047256,0.167791,-0.050863,0.06038,-0.03179,0.015117,0.000825,0.002928
0,-0.130301,-0.014329,-0.078028,-0.205596,-0.11902,-0.20223,0.002274,0.00025
0,0.014417,0.103393,0.15756,0.112778,0.159324,0.095286,0.000252,0.001805
0,-0.05168,0.129162,-0.07729,0.050033,-0.031714,0.040969,0.000902,0.002254
0,-0.018222,-0.087853,0.03525,-0.245451,0.021856,-0.28889,0.000318,0.001533
0,0.116366,-0.178035,0.122156,-0.117585,0.111663,-0.072476,0.002031,0.003107
0,0.159414,0.060381,0.046453,0.23504,0.080646,0.261278,0.002782,0.001054
0,-0.067488,0.020793,-0.252269,-0.026268,-0.245464,-0.027733,0.001178,0.000363
0,-0.155341,0.120426,-0.101529,0.075234,-0.149316,0.104494,0.002711,0.002102
0,-0.121668,0.0092,0.046863,-0.093017,0.039227,-0.062134,0.002124,0.000161
0,0.105001,-0.051825,0.239604,-0.090329,0.221719,-0.128846,0.001833,0.000905
0,0.121122,-0.064715,0.00592,0.002963,-0.034425,-0.015419,0.002114,0.001129
0,0.079765,-0.16332,-0.044126,-0.069947,0.00509,-0.056902,0.001392,0.00285
0,0.055134,0.062506,-0.013542,0.250292,0.026023,0.218822,0.000962,0.001091
0,0.017473,0.093328,-0.025232,0.024939,0.019781,0.019247,0.000305,0.001629
0,0.115251,0.101747,0.101199,0.024736,0.067311,0.048756,0.002012,0.001776
0,-0.051471,0.037388,-0.16763,-0.045752,-0.125658,-0.005502,0.000898,0.000653
0,-0.103439,0.146975,-0.031004,0.098029,0.017396,0.10734,0.001805,0.002565
0,-0.154765,0.092148,-0.027276,-0.070651,0.019156,-0.04752,0.002701,0.001608
0,0.077515,0.024758,0.260673,-0.059768,0.302727,-0.031569,0.001353,0.000432
0,0.054957,-0.057291,0.00553,-0.063845,-0.010803,-0.041325,0.000959,0.001
0,0.12378,0.081831,0.075054,0.151921,0.035985,0.157359,0.00216,0.001428
0,-0.034224,-0.119711,-0.18527,-0.212255,-0.163617,-0.183762,0.000597,0.002089
0,-0.095496,-0.100384,-0.038148,0.042652,-0.008285,0.085489,0.001667,0.001752
0,0.0892,0.0139,0.213278,0.139284,0.256446,0.094081,0.001557,0.000243
0,0.085681,0.08175,-0.026563,0.049514,-0.069063,0.018688,0.001495,0.001427
0,-0.079913,-0.126403,-0.156645,-0.181358,-0.161398,-0.220177,0.001395,0.002206
0,0.050253,-0.074953,0.133454,0.056578,0.135308,0.103265,0.000877,0.001308
0,0.089999,-0.043852,0.02761,0.036453,0.007198,0.013994,0.001571,0.000765
0,0.140161,-0.022248,0.06392,-0.000527,0.088971,-0.026048,0.002446,0.000388
0,0.167229,0.080317,0.00528,0.076814,0.041863,0.123485,0.002919,0.001402
0,0.045847,0.022018,-0.129518,-0.033986,-0.109973,-0.012423,0.0008,0.000384
0,0.017769,0.040407,-0.055621,0.013497,-0.074497,-0.031034,0.00031,0.000705
0,-0.048852,0.029714,-0.082383,-0.001153,-0.126917,0.000752,0.000853,0.000519
0,0.00977,-0.104613,0.072431,-0.121412,0.073587,-0.096301,0.000171,0.001826
0,-0.017222,0.134228,-0.055055,0.211772,-0.081161,0.169572,0.000301,0.002343
0,0.182575,0.116633,0.193447,-0.020964,0.165698,-0.012407,0.003187,0.002036
0,0.217218,0.078236,0.046005,-0.026626,0.070731,0.019084,0.0029,0.001365
0,-0.093136,0.102432,-0.328666,0.026806,-0.288039,-0.016267,0.001626,0.001788
0,0.049325,0.095004,0.122101,-0.031167,0.103934,-0.08113,0.000861,0.001658
0,-0.015779,0.012194,-0.036106,-0.100955,-0.041078,-0.070319,0.000275,0.000213
0,0.041781,0.12855,0.070107,0.116251,0.054727,0.134008,0.000729,0.002244
0,-0.114469,0.148219,-0.175855,-0.009668,-0.214355,-0.002048,0.001998,0.002587
0,0.031634,0.077194,0.13632,-0.069598,0.114398,-0.03957,0.000552,0.001347
0,-0.018149,0.131184,-0.075273,0.051813,-0.027927,0.011732,0.000317,0.00229
0,0.027253,-0.049144,0.062668,-0.172832,0.064858,-0.162219,0.000476,0.000858
0,-0.021578,0.064008,-0.024928,0.084402,0.003252,0.09103,0.000377,0.001117
0,-0.027669,-0.073767,0.008041,-0.107914,0.042453,-0.116953,0.000483,0.001287
0,-0.094888,-0.007223,-0.089888,0.053924,-0.10196,0.023823,0.001656,0.000126
0,-0.183833,0.09844,-0.077085,0.133566,-0.115458,0.126621,0.003208,0.001718
0,0.01202,0.017128,0.204285,-0.09426,0.17283,-0.134836,0.00021,0.000299
0,-0.176889,0.006205,-0.181435,-0.004085,-0.169696,0.011026,0.003087,0.000108
0,-0.264682,0.013478,-0.085886,0.020804,-0.069253,0.057213,0.002071,0.000235
0,-0.138153,-0.000469,0.135092,-0.030457,0.166508,0.006795,0.002411,8e-06
0,-0.103982,0.065284,0.032977,0.036173,0.010355,0.04119,0.001815,0.001139
0,-0.29848,0.170599,-0.200117,0.107916,-0.162441,0.062696,0.001481,0.002978
0,-0.062501,0.100366,0.206845,-0.085213,0.165111,-0.067926,0.001091,0.001752
0,-0.110194,0.028973,-0.032479,-0.073026,-0.024236,-0.116342,0.001923,0.000506
0,-0.008848,0.025764,0.107083,0.007396,0.08629,0.000673,0.000154,0.00045
0,-0.03014,-0.028572,-0.032604,-0.071129,-0.073382,-0.023126,0.000526,0.000499
0,-0.164162,-0.123528,-0.150227,-0.115036,-0.150506,-0.086511,0.002865,0.002156
0,0.036512,-0.091379,0.193812,0.036656,0.189741,0.050625,0.000637,0.001595
0,-0.187116,0.098031,-0.249015,0.160447,-0.253933,0.20332,0.003266,0.001711
0,-0.259208,-0.153277,-0.070489,-0.279814,-0.052541,-0.236609,0.002167,0.002675
0,-0.075814,-0.005463,0.16626,0.133332,0.13363,0.09185,0.001323,9.5e-05
0,-0.182511,0.053981,-0.103761,0.0803,-0.064657,0.113979,0.003185,0.000942
0,-0.27187,0.059411,-0.069343,-0.00615,-0.050119,-0.010819,0.001946,0.001037
0,-0.209747,-0.110139,0.079394,-0.180959,0.049351,-0.133432,0.00303,0.001922
0,-0.110874,0.019485,0.125858,0.136002,0.101447,0.089716,0.001935,0.00034
0,-0.070606,-0.051485,0.034784,-0.086459,0.011641,-0.058158,0.001232,0.000899
0,-0.355573,0.053581,-0.311091,0.084815,-0.334463,0.114086,0.000485,0.000935
0,-0.293375,-0.01528,0.065015,-0.056361,0.045625,-0.047302,0.00157,0.000267
0,-0.082634,0.098419,0.191538,0.102911,0.207673,0.132453,0.001442,0.001718
0,-0.068477,-0.082046,0.026022,-0.203663,-0.004287,-0.188773,0.001195,0.001432
0,-0.077075,0.126697,-0.019588,0.199337,-0.062595,0.235094,0.001345,0.002211
0,-0.178952,0.042877,-0.127996,-0.107874,-0.168362,-0.133863,0.003123,0.000748
0,-0.012891,0.022918,0.140633,-0.046948,0.1776,-0.032392,0.000225,0.0004
0,0.064491,0.099932,0.066059,0.063107,0.078306,0.101042,0.001126,0.001744
0,0.00152,-0.075287,-0.078348,-0.202899,-0.10365,-0.219275,2.7e-05,0.001314
0,0.05644,-0.066152,0.031013,0.010309,0.017201,0.032661,0.000985,0.001155
0,0.152108,0.012241,0.087513,0.049278,0.093174,0.044462,0.002655,0.000214
0,0.080641,0.033981,-0.078536,0.019368,-0.100863,-0.023768,0.001407,0.000593
0,0.221521,0.003074,0.111827,-0.016473,0.152816,0.001889,0.002825,5.4e-05
0,0.140794,0.093644,-0.079709,0.078746,-0.109136,0.127952,0.002457,0.001634
0,0.140086,0.118714,-0.010488,0.053087,-0.0145,0.075655,0.002445,0.002072
0,-0.127194,0.05435,-0.258227,-0.037462,-0.227855,0.003231,0.00222,0.000949
0,0.09335,-0.005205,0.215369,-0.062861,0.221499,-0.084128,0.001629,9.1e-05
0,0.140492,0.057814,0.053564,0.070448,0.006291,0.074504,0.002452,0.001009
0,0.028903,-0.132057,-0.084508,-0.161302,-0.091107,-0.191083,0.000504,0.002305
0,0.090273,0.065821,0.045082,0.218372,0.090018,0.174608,0.001576,0.001149
0,-0.122766,-0.039478,-0.223132,-0.078247,-0.230961,-0.076867,0.002143,0.000689
0,-0.088726,0.014279,0.040567,0.078909,0.063203,0.103636,0.001549,0.000249
0,-0.06616,-0.139169,0.04893,-0.155861,0.08976,-0.197973,0.001155,0.002429
0,-0.064432,-0.056752,0.012315,0.080585,-0.024933,0.104123,0.001125,0.000991
0,0.010038,-0.116595,0.085355,-0.031571,0.065858,-0.052826,0.000175,0.002035
0,-0.093175,-0.115978,-0.117127,0.030362,-0.136665,0.070256,0.001626,0.002024
0,0.005167,-0.061624,0.094586,0.038078,0.117131,0.083182,9e-05,0.001076
0,-0.043296,0.059265,-0.0522,0.131396,-0.053023,0.134796,0.000756,0.001034
0,0.100592,0.015825,0.164874,-0.040844,0.176652,-0.03774,0.001756,0.000276
0,0.102046,0.029637,-0.023926,0.0277,0.004103,0.009534,0.001781,0.000517
0,-0.097202,-0.177712,-0.1821,-0.224434,-0.159793,-0.192243,0.001696,0.003102
0,-0.117157,-0.172229,-0.035551,-0.003237,-0.012695,0.014871,0.002045,0.003006
0,-0.0747,-0.008553,0.037272,0.154811,0.076931,0.131313,0.001304,0.000149
0,0.044649,-0.197818,0.12964,-0.167357,0.085655,-0.118449,0.000779,0.003238
0,0.102792,0.04647,0.08342,0.242496,0.128193,0.258035,0.001794,0.000811
0,-0.005162,-0.069125,-0.123129,-0.141541,-0.115855,-0.145674,9e-05,0.001206
0,0.079036,-0.205752,0.08217,-0.162177,0.102727,-0.177094,0.001379,0.0031
0,0.08283,0.025679,0.00077,0.229957,0.004725,0.220277,0.001446,0.000448
0,0.015386,-0.169047,-0.042476,-0.211785,0.004566,-0.219793,0.000269,0.00295
0,-0.056865,0.113116,-0.085612,0.253041,-0.078195,0.255561,0.000992,0.001974
0,0.0904,-0.138542,0.142604,-0.231048,0.165364,-0.243892,0.001578,0.002418
0,-0.015768,-0.044912,-0.118159,0.085552,-0.115503,0.130629,0.000275,0.000784
0,-0.020885,-0.151717,0.021643,-0.101349,0.002722,-0.147479,0.000365,0.002648
0,0.061701,-0.159335,0.08454,-0.025553,0.126133,-0.05174,0.001077,0.002781
0,0.145227,0.052908,0.086041,0.241402,0.072057,0.253531,0.002535,0.000923
0,0.014404,-0.199135,-0.109548,-0.243464,-0.069536,-0.205325,0.000251,0.003215
0,0.013281,-0.049757,0.028798,0.141239,0.016053,0.181209,0.000232,0.000868
0,-0.041812,-0.162681,-0.069688,-0.126973,-0.09032,-0.09751,0.00073,0.002839
0,-0.05785,-0.038496,-0.043128,0.12211,-0.018172,0.106354,0.00101,0.000672
0,-0.01991,-0.101477,0.04806,-0.056389,0.045206,-0.030959,0.000347,0.001771
0,0.064455,-0.159688,0.068006,-0.086828,0.057443,-0.051963,0.001125,0.002787
0,0.136604,-0.156307,0.050224,-0.016961,0.032966,-0.001106,0.002384,0.002728
0,-0.09835,-0.029241,-0.221443,0.154472,-0.255504,0.193755,0.001717,0.00051
0,-0.08804,-0.083821,-0.013971,-0.064507,0.026202,-0.067939,0.001537,0.001463
0,0.160627,-0.196397,0.252474,-0.139216,0.226696,-0.099241,0.002803,0.003263
0,0.141229,-0.083331,-0.040944,0.138427,-0.078876,0.121072,0.002465,0.001454
0,-0.072575,0.015545,-0.23308,0.114864,-0.196813,0.11356,0.001267,0.000271
0,0.131808,0.03026,0.202472,0.037965,0.156086,0.009067,0.0023,0.000528
0,-0.055179,-0.030079,-0.167776,-0.062667,-0.187657,-0.04332,0.000963,0.000525
0,0.037784,0.057481,0.068503,0.10381,0.08104,0.14094,0.000659,0.001003
0,0.12433,-0.047721,0.10904,-0.104903,0.079136,-0.152548,0.00217,0.000833
0,0.080313,-0.237102,-0.021581,-0.171237,-0.043371,-0.190112,0.001402,0.002553
0,-0.037467,0.046524,-0.098798,0.28267,-0.081935,0.332217,0.000654,0.000812
0,-0.090899,-0.117765,-0.041219,-0.148916,-0.046488,-0.160553,0.001586,0.002055
0,0.137095,0.037458,0.206936,0.131445,0.175627,0.138774,0.002393,0.000654
0,-0.095123,-0.200467,-0.248658,-0.254923,-0.25177,-0.249658,0.00166,0.003192
0,0.047494,-0.021394,0.150596,0.176652,0.178507,0.217288,0.000829,0.000373
0,-0.039894,-0.031213,-0.083115,-0.006107,-0.072802,-0.040497,0.000696,0.000545
0,0.186493,-0.102576,0.196818,-0.06832,0.18895,-0.077923,0.003255,0.00179
0,0.031867,-0.001594,-0.164214,0.10458,-0.152536,0.125063,0.000556,2.8e-05
0,0.019297,0.045658,-0.032,0.036957,-0.006909,0.044094,0.000337,0.000797
0,0.26789,-0.112536,0.253854,-0.17094,0.272472,-0.174246,0.002015,0.001964
0,0.086102,-0.094161,-0.152808,0.037909,-0.189945,0.040414,0.001503,0.001643
0,0.109361,-0.001462,0.006632,0.090017,0.008579,0.130925,0.001909,2.6e-05
0,-0.009755,-0.025842,-0.13808,-0.018863,-0.179711,0.009197,0.00017,0.000451
0,0.268791,0.113106,0.277809,0.167907,0.231816,0.215252,0.002,0.001974
0,0.21057,-0.071497,-0.059757,-0.198922,-0.04607,-0.153438,0.003016,0.001248
0,0.116355,-0.063584,-0.103784,0.036193,-0.139044,0.070369,0.002031,0.00111
0,0.092521,0.045975,-0.048197,0.095682,-0.036165,0.056176,0.001615,0.000802
0,-0.134433,-0.151572,-0.220625,-0.190909,-0.215551,-0.233515,0.002346,0.002645
0,0.045246,-0.054735,0.184035,0.070973,0.187312,0.02348,0.00079,0.000955
0,-0.086433,0.048185,-0.152651,0.082169,-0.201738,0.129269,0.001509,0.000841
0,0.353106,0.372755,0.43142,0.299463,0.426799,0.315274,0.000528,0.000185
0,0.579141,0.586563,0.230672,0.213445,0.27197,0.194506,0.003274,0.003144
0,0.846555,1.016647,0.288457,0.422851,0.26803,0.447865,0.001394,0.002329
0,0.980975,0.604832,0.162274,-0.42145,0.163282,-0.400914,0.002951,0.002825
0,1.001377,0.518064,0.045369,-0.079576,0.085197,-0.037658,0.002595,0.002351
0,0.575988,0.505661,-0.443079,0.015582,-0.49091,-0.027668,0.003329,0.002135
0,0.550042,0.525743,-0.050559,0.026518,-0.014737,-0.005376,0.002909,0.002485
0,0.134052,0.301,-0.424227,-0.236852,-0.469176,-0.267407,0.00234,0.001437
0,0.172618,0.192119,0.02816,-0.12308,0.078092,-0.103347,0.003013,0.003338
0,-0.020153,0.201676,-0.216161,0.003096,-0.220377,-0.012995,0.000352,0.003171
0,-0.088027,0.150241,-0.045629,-0.033956,-0.079417,0.000829,0.001536,0.002622
0,0.069035,-0.106473,0.183734,-0.241072,0.17424,-0.226809,0.001205,0.001858
0,0.065142,-0.12795,0.009305,-0.038715,0.043312,-0.07211,0.001137,0.002233
0,0.081333,-0.157355,0.006331,-0.046851,-0.020121,-0.00594,0.00142,0.002746
0,-0.068955,-0.237417,-0.176284,-0.078195,-0.207947,-0.071462,0.001203,0.002547
0,-0.155678,-0.021895,-0.10327,0.219378,-0.129849,0.256752,0.002717,0.000382
0,0.045404,-0.132464,0.17858,-0.11398,0.187609,-0.082216,0.000792,0.002312
0,-0.130697,-0.114357,-0.19371,0.033504,-0.227194,-0.00275,0.002281,0.001996
0,-0.058477,0.069347,0.093888,0.190267,0.073832,0.225006,0.001021,0.00121
0,0.041409,0.122435,0.077956,0.034888,0.071844,0.058879,0.000723,0.002137
0,-0.156076,-0.03985,-0.198729,-0.178693,-0.172551,-0.220428,0.002724,0.000696
0,-0.158619,-0.116918,-0.000143,-0.06148,0.028143,-0.036471,0.002768,0.002041
0,-0.061077,-0.054584,0.071527,0.076112,0.064584,0.118968,0.001066,0.000953
0,-0.089139,-0.022466,-0.003093,0.012068,-0.036533,-0.005722,0.001556,0.000392
0,-0.133222,-0.117443,-0.031549,-0.122585,-0.067948,-0.155956,0.002325,0.00205
0,-0.169433,-0.05132,-0.049842,0.040733,-0.067801,0.078157,0.002957,0.000896
0,-0.053958,0.098053,0.125881,0.127413,0.08604,0.153569,0.000942,0.001711
0,0.105334,0.058608,0.143904,-0.069298,0.17981,-0.027584,0.001838,0.001023
0,0.106084,0.028857,-0.022117,-0.003064,-0.020933,0.032708,0.001852,0.000504
0,0.101704,0.029491,-0.000602,-0.016737,0.02339,0.028028,0.001775,0.000515
0,0.008088,0.095693,-0.111287,0.03711,-0.070532,0.052467,0.000141,0.00167
0,-0.18187,0.095019,-0.171255,0.007626,-0.134697,0.036528,0.003174,0.001658
0,-0.02719,0.06125,0.126221,-0.054293,0.122123,-0.08927,0.000475,0.001069
0,0.05554,-0.05114,0.060499,-0.086315,0.05697,-0.122173,0.000969,0.000893
0,0.056417,0.098511,-0.026953,0.123579,0.00982,0.136378,0.000985,0.001719
0,-0.00991,0.001646,-0.092995,-0.123531,-0.117254,-0.142678,0.000173,2.9e-05
0,0.057914,-0.127978,0.056566,-0.136912,0.06779,-0.091128,0.001011,0.002234
0,-0.00882,-0.122517,-0.055391,0.021585,-0.013986,0.002839,0.000154,0.002138
0,0.071721,-0.146065,0.105167,-0.004588,0.135572,-0.040743,0.001252,0.002549
0,0.103601,0.009327,0.014586,0.126071,0.058276,0.100766,0.001808,0.000163
0,0.118534,-0.113339,1e-05,-0.104014,-0.023408,-0.105867,0.002069,0.001978
0,-0.09257,-0.068989,-0.225561,0.070098,-0.26533,0.086525,0.001616,0.001204
0,-2.644306,0.459818,-2.562547,0.532197,-2.602406,0.579786,0.000684,0.001335
0,-2.989159,0.957563,-0.343337,0.47415,-0.383444,0.493916,0.001356,0.003331
0,-4.099692,1.365311,-1.117816,0.437283,-1.101188,0.480483,0.002046,0.002934
0,-3.398719,1.273549,0.686308,-0.101428,0.672097,-0.066549,0.000899,0.002155
0,-3.59717,1.44513,-0.183971,0.173327,-0.165925,0.174661,0.002565,0.001541
0,-3.195036,1.202851,0.394176,-0.269346,0.397608,-0.31163,0.002237,0.000921
0,-2.443916,1.073377,0.77362,-0.11862,0.787714,-0.119397,0.002509,0.001338
0,-1.730651,1.124451,0.706723,0.049378,0.718392,0.006402,0.003249,0.000447
0,-1.300959,0.854603,0.414309,-0.267808,0.415184,-0.296785,0.002634,0.001534
0,-0.687185,0.841719,0.61129,-0.007635,0.576092,0.008829,0.001388,0.001309
0,-0.051269,0.664193,0.623304,-0.174798,0.655656,-0.187147,0.000895,0.001789
0,0.427256,0.521592,0.466924,-0.149404,0.503828,-0.113823,0.000766,0.002413
0,0.497288,0.278192,0.072959,-0.22261,0.105317,-0.188146,0.001989,0.001835
0,0.406971,-0.013095,-0.097393,-0.264204,-0.070923,-0.248888,0.000412,0.000229
0,0.356357,-0.132702,-0.023444,-0.101436,-0.018295,-0.075017,0.000471,0.002316
0,0.548881,-0.125399,0.175744,0.016201,0.136337,0.006026,0.002889,0.002189
0,0.512566,-0.052874,-0.058243,0.0629,-0.029096,0.040589,0.002255,0.000923
0,0.297004,-0.048613,-0.214292,-0.019457,-0.254833,0.0296,0.001507,0.000848
0,0.438601,-0.247198,0.167809,-0.219043,0.187148,-0.252647,0.000964,0.002376
0,0.414531,-0.253063,-0.037218,-0.001666,-0.003262,-0.047464,0.000544,0.002274
0,0.317648,-0.07649,-0.111113,0.183668,-0.126351,0.195049,0.001147,0.001335
0,0.261014,-0.169024,-0.038614,-0.07674,-0.031396,-0.120395,0.002135,0.00295
0,0.268342,-0.237495,0.001918,-0.088919,0.043853,-0.103873,0.002007,0.002546
0,0.310173,-0.242118,0.04306,0.008098,0.042512,-0.036469,0.001277,0.002465
0,0.151988,-0.176547,-0.181288,0.061643,-0.208617,0.039165,0.002653,0.003081
0,0.063085,-0.070821,-0.107744,0.133543,-0.124791,0.11933,0.001101,0.001236
0,0.263144,-0.007552,0.198374,0.048535,0.185072,0.01624,0.002098,0.000132
0,0.103219,-0.023262,-0.142856,-0.019431,-0.110086,-0.031162,0.001802,0.000406
0,0.020694,-0.197023,-0.07786,-0.196047,-0.091488,-0.188356,0.000361,0.003252
0,0.162106,-0.068343,0.161974,0.156554,0.140781,0.159696,0.002829,0.001193
0,0.132949,0.051653,-0.004458,0.137637,0.001415,0.185975,0.00232,0.000902
0,0.014568,-0.149134,-0.104506,-0.224682,-0.103728,-0.233433,0.000254,0.002603
0,-0.022933,0.029846,-0.029297,0.181341,-0.078852,0.22083,0.0004,0.000521
0,0.10262,0.036088,0.138261,-0.00354,0.126184,-0.015107,0.001791,0.00063
0,-0.025357,-0.103614,-0.140576,-0.154149,-0.134166,-0.149391,0.000443,0.001808
0,0.140449,-0.17566,0.171858,-0.077674,0.193179,-0.070571,0.002451,0.003066
0,0.120941,0.065275,-0.034404,0.236557,-0.073493,0.245718,0.002111,0.001139
0,0.106452,0.016263,-0.019906,-0.062349,0.022826,-0.09771,0.001858,0.000284
0,-0.103844,-0.07996,-0.209203,-0.084557,-0.18553,-0.074192,0.001812,0.001396
0,-0.022094,0.034322,0.096644,0.107044,0.071361,0.062022,0.000386,0.000599
0,-0.005303,-0.056216,0.016103,-0.119063,0.012716,-0.156684,9.3e-05,0.000981
0,-0.025627,0.031727,-0.048481,0.064479,-0.0366,0.105638,0.000447,0.000554
0,-0.108391,-0.157847,-0.105452,-0.199851,-0.107229,-0.218625,0.001892,0.002755
0,-0.212006,-0.105354,-0.076656,0.03405,-0.046585,0.050871,0.002991,0.001839
0,0.062551,-0.037616,0.269662,0.078418,0.228693,0.120779,0.001092,0.000657
0,-0.100224,0.011156,-0.139601,0.058137,-0.174997,0.027858,0.001749,0.000195
0,-0.082296,-0.091283,0.042827,-0.105444,0.038978,-0.109218,0.001436,0.001593
0,0.054761,0.008872,0.122541,0.079896,0.141231,0.091589,0.000956,0.000155
0,-0.217066,-0.002405,-0.261164,-0.012846,-0.274397,0.010508,0.002902,4.2e-05
0,-0.174299,-0.134196,0.050115,-0.140452,0.078036,-0.136148,0.003042,0.002342
0,-0.044413,0.111316,0.103748,0.221429,0.08809,0.229961,0.000775,0.001943
0,-0.066369,-0.031505,-0.016007,-0.171324,0.031329,-0.194018,0.001158,0.00055
0,-0.037891,0.081831,0.034222,0.110374,0.055642,0.076948,0.000661,0.001428
0,0.054762,0.117595,0.073051,0.02635,0.074082,-0.011745,0.000956,0.002052
0,-0.071991,0.146466,-0.131989,0.03059,-0.172166,0.045877,0.001256,0.002556
0,-0.122732,0.062041,-0.0672,-0.086792,-0.083238,-0.077432,0.002142,0.001083
0,0.024357,0.102079,0.117368,0.014883,0.115602,0.061317,0.000425,0.001782
0,0.09039,-0.08773,0.085459,-0.172647,0.043168,-0.124733,0.001578,0.001531
0,-0.131847,-0.002032,-0.230114,0.110509,-0.272849,0.065191,0.002301,3.5e-05
0,-0.114142,-0.079809,0.036357,-0.102978,0.033978,-0.061714,0.001992,0.001393
0,0.217011,0.052791,0.346151,0.16062,0.348586,0.178302,0.002903,0.000921
0,0.021654,-0.083321,-0.219229,-0.149391,-0.247794,-0.145286,0.000378,0.001454
0,0.104866,0.038465,0.086353,0.136391,0.091369,0.14989,0.00183,0.000671
0,-0.04185,-0.055246,-0.168612,-0.107021,-0.1775,-0.099833,0.00073,0.000964
0,0.095939,0.102563,0.16118,0.144761,0.178631,0.144605,0.001674,0.00179
0,-0.139612,0.131463,-0.21694,0.015511,-0.220813,0.031666,0.002437,0.002294
0,-0.003657,0.087252,0.126426,-0.033699,0.096426,-0.082847,6.4e-05,0.001523
0,0.041883,-0.133743,0.058756,-0.217476,0.101992,-0.257432,0.000731,0.002334
0,0.112362,0.104572,0.046197,0.225594,0.037426,0.188306,0.001961,0.001825
0,0.107158,-0.064941,-0.00845,-0.178696,0.040361,-0.158577,0.00187,0.001133
0,0.060511,0.01012,-0.023025,0.082294,-0.051639,0.112516,0.001056,0.000177
0,0.138499,0.120687,0.08829,0.11303,0.07031,0.083713,0.002417,0.002106
0,-0.093399,0.108535,-0.252832,-0.021257,-0.210874,-0.055879,0.00163,0.001894
0,0.044529,0.017998,0.113845,-0.081361,0.106795,-0.034192,0.000777,0.000314
0,-0.086916,-0.006842,-0.116541,-0.041281,-0.133079,-0.030116,0.001517,0.000119
0,-0.029406,0.100057,0.060384,0.136631,0.014953,0.099476,0.000513,0.001746
0,0.099865,0.057832,0.115432,-0.05545,0.122237,-0.043339,0.001743,0.001009
0,-0.026999,0.119869,-0.138802,0.090979,-0.182594,0.11592,0.000471,0.002092
0,0.076939,0.051725,0.120397,-0.075223,0.143937,-0.099643,0.001343,0.000903
0,-0.115817,-0.026992,-0.17731,-0.091203,-0.219814,-0.10909,0.002021,0.000471
0,0.103315,0.048461,0.228205,0.098097,0.259133,0.116229,0.001803,0.000846
0,-0.082041,-0.082984,-0.18974,-0.156271,-0.143278,-0.171287,0.001432,0.001448
0,-0.104158,0.030056,-0.044562,0.102242,-0.078807,0.133508,0.001818,0.000525
0,-0.022893,0.138967,0.069502,0.13621,0.066999,0.148907,0.0004,0.002425
0,0.091191,0.156676,0.117711,0.012246,0.164223,0.009766,0.001592,0.002735
0,-0.184148,-0.091316,-0.272074,-0.224238,-0.297708,-0.230288,0.003214,0.001594
0,-0.031175,-0.07915,0.173024,0.037134,0.167255,0.069761,0.000544,0.001381
0,-0.050361,0.064647,-0.039559,0.144785,-0.048495,0.113502,0.000879,0.001128
0,-0.063578,-0.05412,-0.011247,-0.12329,-0.035914,-0.078591,0.00111,0.000945
0,0.059283,0.128481,0.109306,0.192174,0.123509,0.204108,0.001035,0.002242
0,-0.0425,0.10871,-0.091991,-0.029022,-0.134011,0.0183,0.000742,0.001897
0,0.00967,-0.074933,0.049987,-0.171236,0.00317,-0.151716,0.000169,0.001308
0,0.065303,0.021107,0.050783,0.095154,0.020976,0.095148,0.00114,0.000368
0,-0.064,0.006466,-0.112008,0.001879,-0.069112,0.023609,0.001117,0.000113
0,0.096553,0.123152,0.189072,0.119367,0.14898,0.157435,0.001685,0.002149
0,0.163845,-0.023327,0.064807,-0.160082,0.08162,-0.142668,0.00286,0.000407
0,0.116015,0.078295,-0.046093,0.104439,-0.072478,0.083171,0.002025,0.001367
0,-0.075462,0.120535,-0.206583,0.064068,-0.236312,0.052152,0.001317,0.002104
0,0.052813,0.090889,0.143474,-0.014848,0.115409,-0.015411,0.000922,0.001586
0,0.171839,-0.056223,0.115462,-0.163918,0.072394,-0.127315,0.002999,0.000981
0,-0.14925,-0.039037,-0.310046,0.007359,-0.35285,-0.041914,0.002605,0.000681
0,0.025511,0.073631,0.146049,0.12744,0.186849,0.127001,0.000445,0.001285
0,0.045398,-0.115763,0.039098,-0.165079,0.039703,-0.140019,0.000792,0.00202
0,-0.093897,0.170987,-0.158423,0.274188,-0.176257,0.306243,0.001639,0.002984
0,0.014396,0.200334,0.128501,0.051459,0.142345,0.06387,0.000251,0.003194
0,0.153964,0.11219,0.151634,-0.072534,0.105316,-0.09365,0.002687,0.001958
0,2.939817,0.309941,2.792885,0.187741,2.81275,0.162614,0.002217,0.001281
0,4.505018,0.812585,1.566888,0.497063,1.526757,0.510824,0.001662,0.000801
0,3.919018,0.913526,-0.61466,0.118179,-0.594182,0.125721,0.001492,0.002562
0,2.967388,1.35069,-0.935651,0.418022,-0.96912,0.374052,0.001736,0.003189
0,2.862894,1.459209,-0.114663,0.134908,-0.111866,0.098674,0.003131,0.001295
0,2.180133,1.072577,-0.700136,-0.390855,-0.713308,-0.380704,0.002094,0.001352
0,1.706504,0.923444,-0.482971,-0.15223,-0.434373,-0.155759,0.003021,0.002735
0,1.318204,0.459412,-0.362421,-0.471339,-0.334199,-0.424137,0.002935,0.001327
0,1.055135,0.295634,-0.238321,-0.137472,-0.22002,-0.108861,0.001657,0.001531
0,0.723755,0.242539,-0.306379,-0.060433,-0.289159,-0.06846,0.00075,0.002458
0,0.265963,0.187071,-0.452552,-0.035382,-0.443084,-0.060496,0.002049,0.003265
0,0.042689,0.075842,-0.211494,-0.115447,-0.177338,-0.078913,0.000745,0.001324
0,-0.097404,0.023933,-0.140359,-0.060031,-0.091917,-0.010123,0.0017,0.000418
0,-0.037311,-0.075161,0.078711,-0.124756,0.119381,-0.117636,0.000651,0.001312
0,-0.194624,-0.262736,-0.185667,-0.195576,-0.20426,-0.169742,0.003294,0.002105
0,-0.238559,-0.140231,-0.060418,0.108078,-0.097468,0.137822,0.002527,0.002447
0,-0.047468,-0.070205,0.215763,0.078294,0.232037,0.098366,0.000828,0.001225
0,0.028599,-0.210133,0.077879,-0.117848,0.06164,-0.119508,0.000499,0.003023
0,0.010457,-0.050052,-0.030972,0.140302,-0.030829,0.176987,0.000183,0.000874
0,-0.020989,0.054933,-0.030316,0.087198,-0.042797,0.072377,0.000366,0.000959
0,-0.131031,0.035279,-0.120295,-0.048097,-0.15131,-0.068677,0.002287,0.000616
0,0.032662,-0.075472,0.151485,-0.091697,0.138331,-0.136934,0.00057,0.001317
0,-0.109743,-0.117753,-0.14775,-0.062859,-0.184241,-0.030994,0.001915,0.002055
0,-0.028979,0.062486,0.062216,0.170546,0.07132,0.179643,0.000506,0.001091
0,-0.121125,-0.002162,-0.078563,-0.081184,-0.118392,-0.096344,0.002114,3.8e-05
0,-0.122734,0.036861,0.023964,0.040539,0.027237,0.01261,0.002142,0.000643
0,-0.016809,-0.077495,0.086034,-0.112983,0.10665,-0.117122,0.000293,0.001353
0,-0.061085,-0.157776,-0.02859,-0.083998,0.001932,-0.118461,0.001066,0.002754
0,-0.008485,-0.153738,0.05167,0.012421,0.065266,0.00772,0.000148,0.002683
0,0.008943,0.084358,0.026585,0.228057,0.046037,0.257183,0.000156,0.001472
0,-0.178728,-0.165513,-0.179179,-0.279425,-0.208638,-0.316479,0.003119,0.002889
0,-0.177596,-0.11671,0.005772,0.031438,-0.026962,0.050393,0.0031,0.002037
0,-0.122955,-0.077194,0.083938,0.050005,0.08617,0.049257,0.002146,0.001347
0,-0.149877,0.051889,-0.011822,0.138883,-0.044099,0.166354,0.002616,0.000906
0,-0.163065,0.071255,-0.03298,0.040406,-0.045038,0.078727,0.002846,0.001244
0,-0.021672,0.102221,0.140937,0.005524,0.110332,0.007363,0.000378,0.001784
0,-0.01205,-0.142119,0.010079,-0.264265,0.049499,-0.262741,0.00021,0.00248
0,0.063275,0.045335,0.066988,0.207711,0.065906,0.194279,0.001104,0.000791
0,0.021345,0.048832,-0.023874,-0.006463,-0.01547,-0.004678,0.000373,0.000852
0,0.133841,0.08155,0.128124,0.013737,0.167633,0.060519,0.002336,0.001423
0,0.08642,0.02211,-0.051788,-0.078537,-0.098776,-0.031111,0.001508,0.000386
0,0.180574,-0.029189,0.109496,-0.039735,0.142002,-0.01091,0.003152,0.000509
0,-0.023052,0.033838,-0.189527,0.072676,-0.200011,0.055593,0.000402,0.000591
0,-0.030508,-0.051175,0.01145,-0.057453,0.031221,-0.042048,0.000532,0.000893
0,0.003874,-0.061029,0.015498,-0.022156,0.046457,-0.049996,6.8e-05,0.001065
0,-0.058403,-0.172727,-0.07095,-0.118414,-0.110336,-0.149153,0.001019,0.003015
0,0.07,0.073503,0.130215,0.236059,0.122338,0.246231,0.001222,0.001283
0,0.020109,0.092759,-0.073605,0.027811,-0.096028,0.02295,0.000351,0.001619
0,0.230497,-0.001249,0.200931,-0.101655,0.157772,-0.06126,0.002668,2.2e-05
0,0.096497,0.108571,-0.128297,0.132866,-0.118816,0.169043,0.001684,0.001895
0,0.117426,-0.011562,0.033065,-0.138071,-0.014837,-0.153926,0.002049,0.000202
0,0.250375,-0.082416,0.130238,-0.092295,0.120554,-0.080825,0.002321,0.001438
0,0.082106,0.094886,-0.141924,0.175695,-0.098287,0.202057,0.001433,0.001656
0,0.249317,-0.149867,0.180376,-0.237963,0.22648,-0.259579,0.002339,0.002616
0,0.25396,0.070418,0.010789,0.220127,0.049158,0.228897,0.002258,0.001229
0,0.127548,-0.017502,-0.137014,-0.060616,-0.154279,-0.016182,0.002226,0.000305
0,0.066428,-0.007908,-0.054943,0.006748,-0.053454,-0.040858,0.001159,0.000138
0,0.093193,-0.046509,0.01111,-0.067239,-0.038591,-0.079868,0.001627,0.000812
0,0.013184,0.059782,-0.0642,0.125424,-0.058451,0.135828,0.00023,0.001043
0,0.250211,0.113669,0.250919,0.040238,0.245595,0.037059,0.002324,0.001984
0,0.1633,0.125798,-0.093372,0.031454,-0.136988,0.078622,0.00285,0.002196
0,0.033135,0.178645,-0.160054,0.064243,-0.140869,0.049673,0.000578,0.003118
0,-0.005693,0.183567,-0.058429,0.032182,-0.035039,0.009728,9.9e-05,0.003204
0,0.193993,-0.090851,0.176386,-0.294341,0.222329,-0.318886,0.003305,0.001586
0,0.117864,0.103714,-0.066732,0.201365,-0.086921,0.22136,0.002057,0.00181
0,0.109648,0.150892,-0.025531,0.045844,-0.012272,0.025217,0.001914,0.002634
0,-0.003992,-0.029285,-0.13619,-0.156176,-0.116991,-0.128276,7e-05,0.000511
0,0.082821,0.182616,0.064058,0.241046,0.045183,0.247427,0.001446,0.003187
0,0.013706,0.071274,-0.07891,-0.126978,-0.036095,-0.082966,0.000239,0.001244
0,0.045482,0.103578,0.035764,0.032717,0.053508,0.026312,0.000794,0.001808
0,0.08692,0.179042,0.024466,0.09,0.00165,0.049254,0.001517,0.003125
0,0.124549,0.176275,0.03948,0.005369,0.067203,0.015424,0.002174,0.003077
0,0.341201,0.041527,0.239113,-0.159788,0.267485,-0.186201,0.000736,0.000725
0,0.2825,0.029125,-0.085639,-0.025755,-0.121817,-0.061102,0.00176,0.000508
0,0.375569,-0.037352,0.063694,-0.072266,0.052734,-0.083019,0.000136,0.000652
0,0.063819,-0.041633,-0.325124,-0.030236,-0.286225,-0.002617,0.001114,0.000727
0,0.164176,0.126199,0.129729,0.174289,0.110485,0.214944,0.002865,0.002203
0,0.006731,0.142213,-0.186618,-0.009363,-0.157222,-0.006026,0.000117,0.002482
0,-0.047007,0.117382,-0.057352,-0.008667,-0.045148,0.028955,0.00082,0.002049
0,0.07481,-0.009817,0.113721,-0.101455,0.140473,-0.131088,0.001306,0.000171
0,-0.015176,0.107277,-0.08083,0.116618,-0.091904,0.155922,0.000265,0.001872
0,0.235704,-0.026684,0.252509,-0.127845,0.223741,-0.157129,0.002577,0.000466
0,0.233169,-0.003514,0.015813,0.033632,-0.018458,0.009496,0.002621,6.1e-05
0,0.229603,-0.125242,-0.004027,-0.099846,0.000745,-0.149094,0.002683,0.002186
0,0.229901,-0.071236,0.023298,0.033516,0.051022,0.029306,0.002678,0.001243
0,-0.078482,0.137216,-0.28189,0.235117,-0.323442,0.277236,0.00137,0.002395
0,-0.028406,0.040669,0.062798,-0.092266,0.069913,-0.065647,0.000496,0.00071
0,0.060137,-0.054372,0.071001,-0.10711,0.049965,-0.065171,0.00105,0.000949
0,0.045562,0.004977,-0.018545,0.08402,-0.022299,0.089562,0.000795,8.7e-05
0,0.047615,-0.030889,0.016891,-0.059715,0.04837,-0.040441,0.000831,0.000539
0,-0.047385,-0.114085,-0.069571,-0.059943,-0.09571,-0.037318,0.000827,0.001991
0,0.21252,0.096974,0.248972,0.18434,0.273211,0.187733,0.002982,0.001693
0,0.052506,0.049054,-0.138842,-0.072738,-0.170582,-0.043638,0.000916,0.000856
0,0.1279,-0.108655,0.076871,-0.135252,0.0659,-0.120048,0.002232,0.001896
0,0.075902,0.133689,-0.03412,0.249893,-0.045422,0.217028,0.001325,0.002333
0,0.002291,0.142401,-0.100626,-0.01312,-0.092706,-0.007393,4e-05,0.002485
0,0.004071,-0.115927,0.028101,-0.273782,-0.007357,-0.251322,7.1e-05,0.002023
0,-3.838553,0.313385,-3.825998,0.449421,-3.787872,0.483866,8.7e-05,0.001221
0,-5.026228,1.220084,-1.164324,0.906438,-1.137403,0.951662,0.000744,0.001222
0,-5.638873,1.10073,-0.641661,-0.115548,-0.644492,-0.074795,0.001945,0.000861
0,-4.7169,1.26179,0.892284,0.167197,0.858948,0.15847,0.002036,0.00195
0,-4.181436,1.1904,0.556618,-0.051499,0.511606,-0.071652,0.000619,0.000704
0,-3.47335,0.829301,0.697745,-0.369375,0.736254,-0.398678,0.000404,0.001092
0,-2.44036,0.52623,1.061509,-0.314044,1.096689,-0.317576,0.002447,0.002494
0,-2.035799,0.349913,0.414203,-0.184095,0.39532,-0.230672,0.002077,0.000584
0,-1.312548,0.06991,0.69871,-0.260012,0.740158,-0.294303,0.002836,0.00122
0,-0.21275,0.143226,1.093363,0.06862,1.057474,0.037414,0.002978,0.0025
0,0.153371,-0.120112,0.370904,-0.25815,0.389948,-0.232076,0.002677,0.002096
0,0.9195,-0.102734,0.782287,0.019252,0.780322,-0.028153,0.002667,0.001793
0,0.734118,0.082099,-0.209038,0.189527,-0.162889,0.141285,0.000569,0.001433
0,0.954526,-0.126425,0.222789,-0.218007,0.192418,-0.227646,0.003278,0.002207
0,0.814339,-0.05508,-0.154238,0.046026,-0.193002,0.079879,0.000831,0.000961
0,0.717116,-0.058442,-0.073993,-0.013898,-0.084728,-0.002035,0.000866,0.00102
0,0.505022,-0.099351,-0.205707,-0.039332,-0.207023,-0.063066,0.002123,0.001734
0,0.296725,-0.032201,-0.233593,0.096599,-0.24433,0.0892,0.001512,0.000562
0,0.234156,-0.040276,-0.052385,-0.012419,-0.037656,-0.048198,0.002604,0.000703
0,-0.018363,-0.127305,-0.272652,-0.091556,-0.307471,-0.067075,0.000321,0.002222
0,-0.030823,-0.085085,-0.018521,0.031927,-0.003921,0.029325,0.000538,0.001485
0,-0.182876,-0.101387,-0.144943,0.003613,-0.181139,0.047898,0.003192,0.00177
0,-0.205945,-0.047431,-0.001449,0.060551,0.012031,0.105797,0.003096,0.000828
0,-0.009269,-0.07793,0.184062,-0.015927,0.162696,0.014514,0.000162,0.00136
0,-2.122258,-0.658553,-2.137757,-0.607696,-2.098262,-0.640756,0.003105,0.001888
0,-3.828813,-1.113504,-1.679158,-0.473932,-1.691509,-0.468701,8.3e-05,0.000638
0,-6.027273,-1.232792,-2.226102,-0.125337,-2.274045,-0.116841,0.001857,0.001444
0,-5.962485,-1.619717,0.067703,-0.374385,0.045274,-0.346969,0.002988,0.001506
0,-4.990059,-1.46574,0.980527,0.166297,1.023824,0.212018,0.000112,0.001181
0,-4.00807,-1.179109,1.000495,0.278037,1.030107,0.249371,0.003046,0.000507
0,-2.674397,-1.041949,1.34725,0.11304,1.326812,0.160611,0.000159,0.001887
0,-1.526987,-0.799853,1.13671,0.238869,1.113868,0.217578,0.000112,0.000578
0,-0.813685,-0.444793,0.693536,0.380605,0.724647,0.379632,0.00082,0.001072
0,-0.382563,-0.276595,0.412851,0.150024,0.424232,0.103576,1.4e-05,0.001863
0,0.152923,-0.19059,0.560793,0.08604,0.539514,0.070541,0.002669,0.003326
0,0.735086,-0.122301,0.589692,0.058437,0.615404,0.064563,0.000552,0.002135
0,1.083484,0.128686,0.35243,0.226098,0.35854,0.231744,0.001162,0.002246
0,0.802321,0.212843,-0.273108,0.068025,-0.224565,0.114522,0.000621,0.002976
0,0.593801,0.116719,-0.22531,-0.117426,-0.205533,-0.107377,0.003018,0.002037
0,0.41912,0.223143,-0.185227,0.080501,-0.225302,0.043437,0.000624,0.002796
0,0.358997,0.141746,-0.084356,-0.082548,-0.087795,-0.044243,0.000425,0.002474
0,0.180626,0.169297,-0.205394,0.046445,-0.20034,0.023231,0.003153,0.002955
0,0.340951,0.108003,0.171178,-0.077692,0.143458,-0.113048,0.00074,0.001885
0,0.268362,0.070707,-0.067576,-0.037933,-0.080606,-0.028885,0.002007,0.001234
0,0.054978,-0.110081,-0.231788,-0.195998,-0.269864,-0.228475,0.00096,0.001921
0,-0.032769,0.159865,-0.077602,0.286449,-0.096939,0.333406,0.000572,0.00279
0,0.000206,0.009035,0.02731,-0.1465,0.073705,-0.102786,4e-06,0.000158
0,-0.150671,-0.017306,-0.152999,-0.046825,-0.150833,-0.035753,0.00263,0.000302
0,-0.072504,0.125917,0.102552,0.144201,0.151707,0.168112,0.001265,0.002198
0,-0.177251,-0.007371,-0.081127,-0.12999,-0.109821,-0.157091,0.003094,0.000129
0,-0.24666,-0.043058,-0.053576,-0.042468,-0.042585,-0.081656,0.002386,0.000752
0,-0.081007,-0.048327,0.15819,-0.010593,0.123707,-0.019982,0.001414,0.000843
0,-0.155344,0.149897,-0.059077,0.192908,-0.069604,0.175939,0.002711,0.002616
0,-0.144063,0.071984,-0.0125,-0.086876,-0.056715,-0.128353,0.002514,0.001256
0,-0.074717,0.182163,0.050657,0.092335,0.055301,0.1165,0.001304,0.003179
0,-0.112396,0.149336,-0.020835,-0.02774,0.003392,-0.076204,0.001962,0.002606
0,-0.14383,-0.04554,-0.043731,-0.168333,0.005627,-0.178374,0.00251,0.000795
0,-0.206214,-0.006119,-0.078554,0.02765,-0.116479,-0.006934,0.003092,0.000107
0,-0.185421,0.071937,0.019278,0.06412,0.002882,0.017716,0.003236,0.001256
0,-0.182043,0.111115,-0.02226,0.04644,-0.026512,0.064496,0.003177,0.001939
0,-0.158457,0.055813,0.004641,-0.080452,0.025141,-0.115006,0.002766,0.000974
0,-0.191126,0.179367,-0.023267,0.142288,0.015748,0.11581,0.003336,0.003131
0,-0.025187,-0.032027,0.148331,-0.211827,0.136961,-0.17569,0.00044,0.000559
0,-0.172221,-0.098305,-0.138105,-0.042251,-0.091039,-0.001745,0.003006,0.001716
0,-0.10074,0.097656,0.087109,0.198927,0.043499,0.162336,0.001758,0.001704
0,0.102578,-0.054885,0.225467,-0.135659,0.245451,-0.093186,0.00179,0.000958
0,-0.070583,-0.086311,-0.158726,-0.041898,-0.178129,0.001595,0.001232,0.001506
0,-0.064146,0.159562,0.007912,0.256848,0.011893,0.272108,0.00112,0.002785
0,-0.013789,0.079322,0.020437,-0.060423,0.0282,-0.073964,0.000241,0.001384
0,0.058781,-0.060151,0.061263,-0.115818,0.111213,-0.137097,0.001026,0.00105
0,-0.05896,0.053305,-0.123782,0.124187,-0.097326,0.153982,0.001029,0.00093
0,-0.100471,0.028535,-0.020922,-0.012099,-0.053154,-0.044269,0.001754,0.000498
0,0.040342,-0.012666,0.164037,-0.05993,0.160936,-0.09444,0.000704,0.000221
0,0.140182,0.025841,0.11964,0.025512,0.161198,0.075038,0.002447,0.000451
0,0.056347,0.056912,-0.058495,0.021443,-0.045136,0.03017,0.000983,0.000993
0,-0.051613,-0.064101,-0.126242,-0.10358,-0.125641,-0.146165,0.000901,0.001119
0,0.176021,-0.039444,0.209183,0.037687,0.188055,0.035529,0.003072,0.000688
0,0.137453,-0.094244,-0.036664,-0.026876,0.003699,-0.040246,0.002399,0.001645
0,0.105746,-0.13585,-0.011935,-0.06646,-0.040708,-0.059809,0.001846,0.002371
0,0.107063,0.050717,-0.011344,0.167892,0.033756,0.148329,0.001869,0.000885
0,-0.099271,-0.061108,-0.202728,-0.105196,-0.173708,-0.065903,0.001733,0.001067
0,0.119375,0.059082,0.243467,0.129672,0.205658,0.135432,0.002083,0.001031
0,-0.019291,0.067519,-0.114352,-0.01743,-0.118129,-0.042152,0.000337,0.001178
0,0.070814,0.081558,0.109405,0.006415,0.149707,0.016956,0.001236,0.001423
0,0.128341,0.029592,0.055283,-0.076716,0.066576,-0.058888,0.00224,0.000516
0,0.041835,-0.028454,-0.084391,-0.038432,-0.063111,0.005944,0.00073,0.000497
0,0.075989,-0.071986,0.042949,-0.062403,0.073891,-0.048121,0.001326,0.001256
0,-0.011301,-0.007507,-0.114941,0.059579,-0.10905,0.014255,0.000197,0.000131
0,0.106211,-0.050175,0.105271,-0.070663,0.150828,-0.026664,0.001854,0.000876
0,0.163513,-0.026869,0.072919,0.023214,0.104502,0.016573,0.002854,0.000469
0,0.247731,-0.047214,0.102908,-0.005436,0.077817,-0.016953,0.002367,0.000824
0,0.228466,-0.018026,-0.00128,0.007052,-0.045895,0.017884,0.002703,0.000315
0,0.093448,0.069196,-0.135258,0.072752,-0.176231,0.024592,0.001631,0.001208
0,0.146269,-0.011133,0.074517,-0.097634,0.076219,-0.055747,0.002553,0.000194
0,-0.00236,0.075575,-0.175397,0.10741,-0.162056,0.081578,4.1e-05,0.001319
0,1.064133,-0.116532,1.049366,-0.215939,1.071963,-0.206479,0.0015,0.002034
0,4.094564,-0.210304,3.003117,-0.083754,3.042325,-0.04471,0.002135,0.00302
0,4.021133,-0.433116,-0.074933,-0.196139,-0.065148,-0.22724,0.003274,0.000868
0,3.950014,-0.329257,-0.053885,0.128924,-0.054691,0.101466,0.002033,0.000944
0,3.622883,-0.318449,-0.309326,0.02382,-0.29439,0.012914,0.003014,0.001133
0,2.912931,-0.369583,-0.703393,-0.066073,-0.726776,-0.054554,0.002686,0.00024
0,2.136555,-0.212791,-0.795949,0.180509,-0.816512,0.1929,0.002855,0.002977
0,0.899536,-0.11415,-1.213251,0.113288,-1.163969,0.11545,0.002318,0.001992
0,0.339662,0.033226,-0.556443,0.120947,-0.513257,0.093868,0.000763,0.00058
0,-0.082119,0.178171,-0.393807,0.152562,-0.395487,0.144884,0.001433,0.00311
0,-0.281052,-0.081597,-0.21346,-0.255823,-0.236774,-0.21034,0.001786,0.001424
0,-0.162889,0.034329,0.103843,0.145864,0.13851,0.142577,0.002843,0.000599
0,-0.380552,0.070522,-0.241082,0.044565,-0.24213,0.048812,4.9e-05,0.001231
0,-0.279276,0.125869,0.105568,0.043144,0.059416,-0.001692,0.001817,0.002197
0,-0.283144,0.17273,0.013871,0.059173,-0.028656,0.016864,0.001749,0.003015
0,-0.324896,0.212934,-0.014344,0.040989,-0.000446,0.08342,0.00102,0.002974
0,-0.07769,0.127331,0.2584,-0.112901,0.273905,-0.063079,0.001356,0.002222
0,-0.141697,0.170882,-0.046427,0.015476,-0.054856,0.002657,0.002473,0.002982
0,0.020117,0.195573,0.171283,0.038186,0.176253,-0.006742,0.000351,0.003277
0,-0.047856,0.119161,-0.051879,-0.051655,-0.002655,-0.086334,0.000835,0.00208
0,-0.054829,-0.16747,0.003479,-0.292368,0.039268,-0.324212,0.000957,0.002923
0,0.008673,-0.097456,0.069739,0.079462,0.050535,0.052547,0.000151,0.001701
0,-0.030359,-0.120679,-0.056904,-0.005773,-0.082236,-0.013281,0.00053,0.002106
0,-0.134129,0.104146,-0.133055,0.228088,-0.115394,0.220745,0.002341,0.001818
0,-0.076715,-0.096423,0.063315,-0.188183,0.091556,-0.159725,0.001339,0.001683
0,0.090621,0.029714,0.167679,0.127634,0.19254,0.111328,0.001582,0.000519
0,0.052381,0.08768,-0.009616,0.056418,-0.018641,0.024652,0.000914,0.00153
0,0.057342,-0.013736,0.027321,-0.075103,-0.016175,-0.124127,0.001001,0.00024
0,0.104449,-0.011864,0.025108,0.028161,0.038284,0.014205,0.001823,0.000207
0,-0.082681,-0.0036,-0.211848,0.006319,-0.208199,0.02477,0.001443,6.3e-05
0,-0.089075,-0.066246,0.001031,-0.033086,-0.016304,-0.046028,0.001555,0.001156
0,-0.151567,0.087825,-0.091117,0.129823,-0.10109,0.167028,0.002645,0.001533
0,-0.092191,0.063021,0.058642,-0.016752,0.044852,0.001683,0.001609,0.0011
0,-0.179636,-0.023917,-0.075998,-0.067824,-0.101625,-0.062661,0.003135,0.000417
0,-0.178971,0.008487,0.003707,0.011587,-0.023657,-0.022734,0.003124,0.000148
0,0.023384,0.075211,0.205197,0.045424,0.181855,0.075854,0.000408,0.001313
0,-0.17863,-0.177729,-0.216344,-0.264671,-0.246003,-0.227589,0.003118,0.003102
0,-0.013735,0.030075,0.176866,0.20582,0.196753,0.219737,0.00024,0.000525
0,0.071002,-0.134353,0.078242,-0.147267,0.092306,-0.137854,0.001239,0.002345
0,0.067,-0.114944,0.001651,0.009245,0.031062,-0.008595,0.001169,0.002006
0,-0.043716,0.037896,-0.127248,0.170171,-0.134923,0.207114,0.000763,0.000661
0,-0.041578,-0.044681,0.01628,-0.055053,-0.007428,-0.023207,0.000726,0.00078
0,0.102858,-0.14235,0.117013,-0.099601,0.166528,-0.069958,0.001795,0.002484
0,-0.101925,0.031115,-0.183809,0.166877,-0.136093,0.15247,0.001779,0.000543
0,0.008544,-0.162883,0.120742,-0.164507,0.154644,-0.208612,0.000149,0.002843
0,-0.052101,-0.022654,-0.049639,0.162922,-0.020456,0.175741,0.000909,0.000395
0,-0.169685,-0.14086,-0.117456,-0.135746,-0.130675,-0.176552,0.002962,0.002458
0,0.107617,0.007228,0.260085,0.14795,0.29026,0.15369,0.001878,0.000126
0,-0.117288,0.031452,-0.235882,0.026293,-0.196529,-0.023514,0.002047,0.000549
0,0.074232,-0.06566,0.207413,-0.090883,0.227478,-0.063557,0.001296,0.001146
0,-0.020422,-0.074098,-0.122089,0.011619,-0.140823,0.055653,0.000356,0.001293
0,0.03268,-0.159831,0.0658,-0.073516,0.024512,-0.079448,0.00057,0.00279
0,-0.003353,-0.118759,-0.061574,0.065043,-0.102057,0.03755,5.9e-05,0.002073
0,-0.268596,0.014864,-0.272719,0.111117,-0.224697,0.061486,0.002003,0.000259
0,0.005423,0.075681,0.265051,0.031101,0.309134,-0.004987,9.5e-05,0.001321
0,0.002541,0.044354,-0.016766,-0.023211,0.012889,-0.028515,4.4e-05,0.000774
0,-0.109343,0.001562,-0.094239,-0.020395,-0.140583,0.008722,0.001908,2.7e-05
0,-0.041537,-0.017532,0.069003,0.005491,0.118646,0.052094,0.000725,0.000306
0,-0.188861,-0.071736,-0.152891,-0.039569,-0.184767,-0.029771,0.003296,0.001252
0,-0.010775,-0.047371,0.186758,0.030584,0.156418,0.071167,0.000188,0.000827
0,-0.077244,0.054522,-0.092705,0.100582,-0.064046,0.073852,0.001348,0.000952
0,-0.069105,0.108451,0.037186,0.072131,0.070506,0.037515,0.001206,0.001893
0,0.016921,-0.035377,0.060603,-0.151172,0.092122,-0.175818,0.000295,0.000617
0,-0.014225,-0.159108,-0.020562,-0.147515,-0.054596,-0.11122,0.000248,0.002777
0,-1.414658,-0.895248,-1.399033,-0.713169,-1.406343,-0.727147,0.002073,0.002243
0,-2.447886,-1.589193,-1.049181,-0.698175,-1.068204,-0.679582,0.002579,0.000973
0,-3.38554,-1.328157,-0.95637,0.23386,-0.909444,0.223976,0.001129,0.003108
0,-3.427347,-1.342627,-0.040732,-0.017187,-0.077915,-0.048404,0.000399,0.00333
0,-2.630071,-1.231949,0.789399,0.09013,0.828082,0.089135,0.000932,0.001429
0,-2.26445,-0.830746,0.34205,0.414571,0.325249,0.447229,0.000623,0.001118
0,-1.492228,-0.667476,0.751942,0.168215,0.755647,0.209886,0.000719,0.001732
0,-0.813748,-0.691646,0.664525,-0.017761,0.639883,0.012711,0.000821,0.00131
0,-0.30472,-0.585976,0.535269,0.081838,0.579054,0.0701,0.001372,0.003154
0,-0.100964,-0.403245,0.189309,0.161568,0.20883,0.196062,0.001762,0.000347
0,-0.037766,-0.175692,0.062074,0.246322,0.052086,0.20784,0.000659,0.003066
0,0.113581,-0.048272,0.159875,0.157302,0.145235,0.138427,0.001982,0.000843
0,0.240455,0.071496,0.136981,0.098169,0.152281,0.09689,0.002494,0.001248
0,0.027026,0.096886,-0.225699,0.045686,-0.190787,0.067403,0.000472,0.001691
0,0.380873,0.117802,0.361527,0.024015,0.368293,0.06149,4.3e-05,0.002056
0,0.143841,0.202134,-0.258258,0.111622,-0.227706,0.128653,0.00251,0.003163
0,0.222871,0.212989,0.056889,0.011379,0.03516,-0.02588,0.002801,0.002973
0,0.228523,0.118107,-0.015168,-0.111937,-0.029425,-0.084996,0.002702,0.002061
0,0.028593,0.178735,-0.227259,0.058477,-0.276918,0.048134,0.000499,0.00312
0,0.007866,0.146048,0.007565,-0.028324,0.049173,-0.056517,0.000137,0.002549
0,-0.059341,-0.084998,-0.047324,-0.201529,-0.078743,-0.229066,0.001036,0.001483
0,-0.09891,-0.12346,-0.039247,-0.039024,-0.04783,-0.031075,0.001726,0.002155
0,-0.073855,0.102856,0.002621,0.255801,0.021991,0.236878,0.001289,0.001795
0,-0.141617,0.134736,-0.067744,0.05855,-0.104254,0.085603,0.002472,0.002352
0,0.072216,0.148269,0.19306,0.018539,0.14378,-0.024361,0.00126,0.002588
0,0.053435,0.015212,-0.048305,-0.122174,-0.086001,-0.134714,0.000933,0.000266
0,-0.138782,-0.028615,-0.176051,-0.033431,-0.144712,-0.072755,0.002422,0.000499
0,-0.041253,0.032898,0.126587,0.089786,0.172559,0.114074,0.00072,0.000574
0,-0.051451,0.05301,0.014843,0.035653,0.036071,0.000578,0.000898,0.000925
0,-0.078196,0.052904,-0.011055,0.01341,-0.049557,-0.008366,0.001365,0.000923
0,-0.08005,0.124618,-0.029749,0.072745,-0.000765,0.084301,0.001397,0.002175
0,0.079692,0.163658,0.156608,0.051277,0.136356,0.067519,0.001391,0.002856
0,-0.112739,0.165288,-0.203389,0.020474,-0.177983,0.065255,0.001968,0.002885
0,-0.146984,-0.035376,-0.042643,-0.22029,-0.068666,-0.191588,0.002565,0.000617
0,-0.055946,0.163785,0.096104,0.196999,0.059842,0.173618,0.000976,0.002859
0,-0.043489,0.062869,0.010148,-0.107516,0.04168,-0.119403,0.000759,0.001097
0,0.009662,-0.120847,0.049973,-0.207872,0.020045,-0.18318,0.000169,0.002109
0,-0.175993,0.088391,-0.180949,0.194384,-0.186556,0.242889,0.003072,0.001543
0,-0.047701,0.137681,0.101485,0.074422,0.077339,0.074439,0.000833,0.002403
0,0.068806,0.097209,0.116534,-0.066869,0.12922,-0.111261,0.001201,0.001697
0,-0.051687,0.201977,-0.132879,0.090243,-0.123484,0.139644,0.000902,0.003166
0,-0.071194,-0.063316,-0.034752,-0.265879,-0.083503,-0.251092,0.001243,0.001105
0,-0.118875,0.086819,-0.057354,0.13207,-0.087774,0.158497,0.002075,0.001515
0,-0.008145,0.030817,0.129622,-0.064776,0.159589,-0.042382,0.000142,0.000538
0,-0.042828,0.194997,-0.052577,0.191849,-0.047661,0.184863,0.000747,0.003287
0,0.035981,0.055851,0.0641,-0.167124,0.054783,-0.160482,0.000628,0.000975
0,-0.112619,0.193025,-0.172644,0.133922,-0.176369,0.108503,0.001966,0.003322
0,-0.048308,0.182559,0.045704,0.003682,0.068924,-0.04462,0.000843,0.003186
0,-0.130854,-0.00914,-0.068186,-0.172703,-0.11158,-0.188598,0.002284,0.00016
0,0.053592,-0.033444,0.17247,-0.025492,0.154884,-0.036048,0.000935,0.000584
0,-0.047708,0.168848,-0.072319,0.223052,-0.061348,0.1756,0.000833,0.002947
0,0.017306,-0.060116,0.08,-0.233843,0.034732,-0.21191,0.000302,0.001049
0,-0.071904,-0.046137,-0.067546,0.011123,-0.082145,0.042176,0.001255,0.000805
0,-0.143351,0.108909,-0.061744,0.129417,-0.047647,0.094764,0.002502,0.001901
0,-0.164218,0.097187,-0.008715,-0.034654,0.029171,-0.084154,0.002866,0.001696
0,0.029602,0.053412,0.173786,-0.046844,0.125933,-0.035374,0.000517,0.000932
0,-0.011775,0.05434,-0.011381,0.022211,-0.0019,0.055343,0.000206,0.000948
0,-0.136218,0.038882,-0.113397,-0.02002,-0.072013,0.008305,0.002377,0.000679
0,-0.219953,0.135933,-0.082322,0.120107,-0.054208,0.108007,0.002852,0.002372
0,-0.070521,0.008813,0.154651,-0.155645,0.106616,-0.190921,0.001231,0.000154
0,0.080485,-0.116619,0.134811,-0.145111,0.119018,-0.101509,0.001405,0.002035
0,-0.19709,0.050038,-0.298797,0.185999,-0.273125,0.15844,0.003251,0.000873
0,-0.052832,-0.040729,0.140983,-0.101431,0.184239,-0.075152,0.000922,0.000711
0,-0.020428,0.056394,0.044139,0.114777,0.014689,0.116347,0.000357,0.000984
0,-0.244527,-0.052472,-0.208031,-0.126594,-0.224886,-0.14403,0.002423,0.000916
0,-0.13285,-0.13693,0.093986,-0.103844,0.086396,-0.069745,0.002319,0.00239
0,-0.296551,-0.063142,-0.161602,0.045332,-0.145763,0.033132,0.001515,0.001102
0,-0.220133,-0.035353,0.076889,0.020888,0.126777,0.069858,0.002849,0.000617
0,-0.246856,0.037642,-0.054016,0.089278,-0.028348,0.07143,0.002382,0.000657
0,-0.01185,0.026336,0.253553,0.002116,0.23175,-0.020105,0.000207,0.00046
0,-0.168828,0.077867,-0.149945,0.024175,-0.194974,0.017955,0.002947,0.001359
0,-0.22639,0.025115,-0.030131,-0.050584,-0.006265,-0.020748,0.00274,0.000438
0,-0.089523,0.053482,0.141278,-0.001092,0.156052,0.000618,0.001562,0.000933
0,0.068884,0.119818,0.156583,0.070258,0.174981,0.110935,0.001202,0.002091
0,0.078691,-0.081062,-0.000503,-0.178557,0.010295,-0.169514,0.001373,0.001415
0,-0.170021,-0.035387,-0.219802,0.018809,-0.190969,-0.023333,0.002967,0.000618
0,-0.103845,0.084235,0.040482,0.142993,0.009438,0.161438,0.001812,0.00147
0,-1.178428,-1.470068,-1.05895,-1.563243,-1.039174,-1.599005,0.000495,0.001106
0,-1.915241,-2.730008,-0.756096,-1.239755,-0.719937,-1.217335,2.7e-05,0.000812
0,-1.947243,-2.254737,-0.043357,0.483929,0.003077,0.475844,0.000532,0.000792
0,-1.939406,-2.265275,0.019962,0.005887,0.008888,0.006761,0.000395,0.000608
0,-1.636645,-1.961178,0.273783,0.283736,0.26467,0.319133,0.001802,0.000775
0,-1.752304,-1.889204,-0.132559,0.050987,-0.158285,0.061295,0.002871,0.000481
0,-1.513029,-1.321549,0.233914,0.562788,0.212902,0.576633,0.000356,0.002993
0,-1.260712,-1.175417,0.236282,0.136774,0.254462,0.164903,0.001931,0.000442
0,-1.026911,-0.591998,0.247969,0.611999,0.264915,0.630099,0.002149,0.003049
0,-0.556843,-0.385255,0.491905,0.191376,0.464984,0.218017,0.003028,3.3e-05
0,-0.369644,-0.177997,0.193585,0.18774,0.17486,0.166711,0.000239,0.003107
0,-0.135444,-0.074623,0.23516,0.110252,0.273881,0.077848,0.002364,0.001302
0,-0.182915,0.014513,-0.054559,0.106254,-0.036305,0.077609,0.003192,0.000253
0,0.112103,0.004027,0.318593,-0.030712,0.291763,-0.064854,0.001957,7e-05
0,0.200392,0.163854,0.060084,0.143066,0.047843,0.1756,0.003193,0.00286
0,0.050369,0.08445,-0.13001,-0.081773,-0.092689,-0.057899,0.000879,0.001474
0,0.060725,0.007556,0.039222,-0.079155,0.006387,-0.106067,0.00106,0.000132
0,0.260083,-0.043878,0.189879,-0.034322,0.202914,-0.059333,0.002152,0.000766
0,0.171176,0.058139,-0.07297,0.111,-0.065493,0.150285,0.002988,0.001015
0,0.159321,0.120172,0.010822,0.082003,0.020597,0.129784,0.002781,0.002097
0,0.204531,0.211018,0.051589,0.118415,0.009659,0.166369,0.003121,0.003008
0,0.216179,-0.102068,0.009802,-0.313179,-0.014216,-0.337352,0.002918,0.001781
0,0.112808,0.148452,-0.079866,0.259906,-0.112279,0.21878,0.001969,0.002591
0,0.017897,-0.061229,-0.074182,-0.226539,-0.044107,-0.270228,0.000312,0.001069
0,-0.023276,-0.110944,-0.067502,-0.063742,-0.11193,-0.038412,0.000406,0.001936
0,-0.18999,0.095796,-0.178136,0.194974,-0.193369,0.202317,0.003316,0.001672
0,-0.244653,0.170469,-0.041115,0.060096,-0.030849,0.063013,0.002421,0.002975
0,-0.181732,-0.06872,0.052359,-0.228676,0.032901,-0.194597,0.003172,0.001199
0,-0.164137,0.162984,0.045169,0.232717,0.0497,0.206221,0.002865,0.002845
0,0.031673,-0.114991,0.223252,-0.288468,0.269103,-0.25118,0.000553,0.002007
0,-0.013811,0.132252,-0.0752,0.258141,-0.047167,0.265383,0.000241,0.002308
0,-0.130274,0.111329,-0.142452,-0.034124,-0.141274,-0.0813,0.002274,0.001943
0,-0.026086,0.106964,0.088491,0.015842,0.127588,-0.030917,0.000455,0.001867
0,0.053681,0.037882,0.076836,-0.086893,0.050719,-0.072518,0.000937,0.000661
0,-0.152141,-0.08117,-0.178875,-0.117343,-0.186745,-0.156836,0.002655,0.001417
0,0.048593,-0.063283,0.214213,-0.002464,0.203132,-0.036696,0.000848,0.001104
0,-0.106566,-0.022517,-0.178702,0.018512,-0.188882,0.008505,0.00186,0.000393
0,0.00075,-0.060057,0.121303,-0.047277,0.146522,-0.060391,1.3e-05,0.001048
0,0.087596,-0.117173,0.077812,-0.041049,0.040496,-0.052519,0.001529,0.002045
0,-0.05292,-0.03881,-0.132216,0.10302,-0.116928,0.13288,0.000924,0.000677
0,-0.088148,-0.029744,-0.036685,0.02466,-0.03776,-0.016875,0.001538,0.000519
0,0.12101,0.143027,0.239138,0.154565,0.232018,0.179553,0.002112,0.002496
0,0.112962,-0.036548,-0.020087,-0.199932,-0.061844,-0.153745,0.001972,0.000638
0,0.250177,0.062699,0.110711,0.07689,0.109185,0.100169,0.002324,0.001094
0,0.041893,-0.014582,-0.198369,-0.079772,-0.181301,-0.108875,0.000731,0.000254
0,0.130946,0.127673,0.061899,0.117325,0.092811,0.166786,0.002285,0.002228
0,0.21463,0.072905,0.099513,-0.075125,0.084353,-0.076022,0.002945,0.001272
0,0.088615,-0.017687,-0.122953,-0.094912,-0.156769,-0.110045,0.001547,0.000309
0,0.059668,0.14589,-0.044168,0.175874,-0.06059,0.13584,0.001041,0.002546
0,-0.007149,0.062361,-0.074915,-0.066005,-0.051946,-0.10655,0.000125,0.001088
0,0.055044,0.075921,0.079291,-0.003565,0.079434,0.007788,0.000961,0.001325
0,-0.01523,0.128351,-0.050906,0.068908,-0.065374,0.032903,0.000266,0.00224
0,0.070778,0.051167,0.077554,-0.092482,0.071646,-0.061449,0.001235,0.000893
0,0.224981,-0.060545,0.170778,-0.085261,0.195396,-0.09801,0.002764,0.001057
0,0.112219,0.093521,-0.124747,0.180094,-0.149881,0.139297,0.001959,0.001632
0,0.141348,0.022887,0.027359,-0.065292,0.034291,-0.090195,0.002467,0.000399
0,-0.031352,-0.057081,-0.157414,-0.086683,-0.135229,-0.120219,0.000547,0.000996
0,0.067623,-0.084218,0.090767,-0.035935,0.078022,-0.065483,0.00118,0.00147
0,0.17673,-0.062199,0.110436,0.018739,0.151558,-0.003085,0.003085,0.001086
0,0.172644,0.029579,-0.003267,0.077806,0.017618,0.044845,0.003013,0.000516
0,0.176778,-0.052956,0.015712,-0.080074,0.039719,-0.067843,0.003085,0.000924
0,0.333298,0.114247,0.185848,0.166173,0.206807,0.15995,0.000874,0.001994
0,0.30368,-0.148216,-0.055029,-0.259146,-0.079689,-0.220508,0.001391,0.002587
0,0.144617,0.166664,-0.144033,0.315774,-0.101261,0.291482,0.002524,0.002909
0,0.21796,0.129316,0.088424,-0.064692,0.09622,-0.036887,0.002887,0.002257
0,0.364666,0.095699,0.127037,-0.008228,0.104506,-0.006457,0.000326,0.00167
0,0.319313,0.039437,-0.034519,-0.052554,-0.037415,-0.060338,0.001118,0.000688
0,0.135008,-0.028691,-0.1611,-0.081769,-0.142459,-0.036438,0.002356,0.000501
0,0.078901,0.11017,-0.037279,0.139717,-0.019498,0.151698,0.001377,0.001923
0,0.329884,0.05651,0.272301,-0.032936,0.239453,-0.004327,0.000933,0.000986
0,0.203224,-0.084165,-0.101674,-0.143801,-0.055022,-0.124483,0.003144,0.001469
0,0.256209,-0.034634,0.028812,0.066361,0.030982,0.018223,0.002219,0.000604
0,0.210499,0.13604,-0.025468,0.181313,-0.030744,0.224481,0.003017,0.002374
0,0.120909,0.131782,-0.1195,0.001194,-0.078786,-0.024263,0.00211,0.0023
0,0.072721,0.039632,-0.07535,-0.104148,-0.036028,-0.104099,0.001269,0.000692
0,0.062146,-0.01724,-0.010644,-0.064823,0.021135,-0.109602,0.001085,0.000301
0,0.092888,-0.018826,0.034928,0.022744,0.002738,-0.02159,0.001621,0.000329
0,0.018647,0.061464,-0.055699,0.059383,-0.041343,0.051957,0.000325,0.001073
0,0.17239,0.130908,0.131334,0.063934,0.142832,0.100215,0.003009,0.002285
0,-0.03783,0.005411,-0.181184,-0.154797,-0.165508,-0.129748,0.00066,9.4e-05
0,-0.11036,-0.116615,-0.053089,-0.12802,-0.043669,-0.085265,0.001926,0.002035
0,0.048511,0.025955,0.133623,0.120261,0.107215,0.070947,0.000847,0.000453
0,-0.060615,-0.054039,-0.117913,-0.105452,-0.089423,-0.121714,0.001058,0.000943
0,0.043176,-0.032626,0.113088,0.034258,0.084585,0.026594,0.000754,0.000569
0,-0.077487,-0.16688,-0.147878,-0.118415,-0.159893,-0.153687,0.001352,0.002913
0,-0.093821,-0.011245,-0.041214,0.13842,-0.088797,0.115042,0.001637,0.000196
0,-0.066489,0.094219,0.02006,0.090012,0.055902,0.139081,0.00116,0.001644
0,-0.112287,-0.108344,-0.045476,-0.230686,-0.066129,-0.2335,0.00196,0.001891
0,0.020775,0.09419,0.152512,0.204872,0.18355,0.183233,0.000363,0.001644
0,0.054171,-0.019303,0.056017,-0.087622,0.049156,-0.115602,0.000945,0.000337
0,0.156483,-0.014254,0.086031,-0.019564,0.047205,-0.015027,0.002731,0.000249
0,-0.154707,0.065825,-0.329043,0.082399,-0.300367,0.053177,0.0027,0.001149
0,-0.01759,0.116043,0.1178,0.059196,0.080139,0.101799,0.000307,0.002025
0,-0.004642,0.081978,0.004309,-0.047272,0.03214,-0.043158,8.1e-05,0.001431
0,0.160179,0.018755,0.167709,-0.080214,0.161128,-0.056743,0.002796,0.000327
0,0.031255,-0.004365,-0.131099,-0.015486,-0.122865,-0.02914,0.000546,7.6e-05
0,0.192249,-0.059773,0.131171,-0.057555,0.147429,-0.023329,0.003335,0.001043
0,0.217938,-0.005016,0.044388,0.049347,0.087973,0.053802,0.002887,8.8e-05
0,0.145345,0.035192,-0.06018,0.050958,-0.058958,0.027309,0.002537,0.000614
0,0.015831,-0.089003,-0.121418,-0.098649,-0.145456,-0.139549,0.000276,0.001553
0,0.088965,0.03279,0.056208,0.143212,0.102308,0.130095,0.001553,0.000572
0,0.028184,0.15975,-0.058034,0.123724,-0.074543,0.155848,0.000492,0.002788
0,0.122411,0.060448,0.113484,-0.100744,0.064344,-0.089961,0.002136,0.001055
0,0.146103,0.028445,0.030358,-0.045951,0.050458,-0.068702,0.00255,0.000496
0,0.346346,-0.080489,0.183769,-0.120143,0.160396,-0.085201,0.000646,0.001405
0,0.314647,-0.03896,-0.054765,0.02915,-0.054982,0.028599,0.001199,0.00068
0,0.097048,-0.000562,-0.201614,0.031042,-0.218547,0.00399,0.001694,1e-05
0,0.026206,0.138893,-0.041799,0.114256,-0.003748,0.160912,0.000457,0.002424
0,0.210803,0.047899,0.165669,-0.097753,0.135495,-0.088212,0.003012,0.000836
0,0.048435,-0.047124,-0.133245,-0.084402,-0.088163,-0.088685,0.000845,0.000822
0,0.078275,0.067181,0.050381,0.099155,0.083531,0.096766,0.001366,0.001173
0,0.198869,0.046588,0.127127,-0.048038,0.150707,-0.064672,0.00322,0.000813
0,0.143931,0.006112,-0.074405,-0.044466,-0.070491,-0.047535,0.002512,0.000107
0,0.31323,0.046765,0.185534,0.044964,0.145505,0.021829,0.001224,0.000816
0,0.305142,0.209234,0.019811,0.152803,0.036204,0.179258,0.001365,0.003039
0,0.059475,0.179786,-0.22219,-0.010606,-0.264526,-0.024748,0.001038,0.003138
0,0.107517,-0.020095,0.060944,-0.171846,0.020434,-0.149884,0.001877,0.000351
0,0.28074,0.109446,0.192759,0.134684,0.204513,0.16611,0.001791,0.00191
0,0.154821,0.005615,-0.10619,-0.07608,-0.148182,-0.107929,0.002702,9.8e-05
0,0.183632,0.142579,0.001771,0.128953,0.050326,0.163397,0.003205,0.002488
0,0.211769,0.108914,0.026941,-0.060398,0.014003,-0.029172,0.002995,0.001901
0,0.21921,0.190264,-0.021302,0.061255,-0.043437,0.060025,0.002865,0.003321
0,0.032742,-0.06048,-0.164024,-0.247963,-0.207807,-0.261212,0.000571,0.001056
0,0.142418,0.121676,0.09122,0.172009,0.105918,0.1827,0.002486,0.002124
0,0.059482,-0.015235,-0.110142,-0.113833,-0.146272,-0.157987,0.001038,0.000266
0,0.076398,0.033698,0.034886,0.027509,0.017144,0.014154,0.001333,0.000588
0,0.104687,0.114421,0.026236,0.076281,0.073082,0.045486,0.001827,0.001997
0,-0.068352,-0.043051,-0.150978,-0.185363,-0.118023,-0.204295,0.001193,0.000751
0,0.192425,-0.070356,0.236074,-0.028251,0.262485,-0.07413,0.003332,0.001228
0,-0.000224,-0.01715,-0.18809,0.023209,-0.229039,0.051891,4e-06,0.000299
0,-0.089766,-0.059842,-0.116636,-0.032723,-0.077135,0.016343,0.001567,0.001044
0,0.203671,-0.029617,0.293178,0.047169,0.308594,0.035714,0.003136,0.000517
0,-0.100146,0.178441,-0.313936,0.200148,-0.309291,0.247439,0.001748,0.003114
0,-0.133259,0.043302,-0.038523,-0.123378,-0.010617,-0.078984,0.002326,0.000756
0,0.062233,0.084659,0.20271,0.052982,0.186671,0.063164,0.001086,0.001478
0,-0.003455,-0.084991,-0.056481,-0.146852,-0.056649,-0.132945,6e-05,0.001483
0,-0.121571,0.011061,-0.127232,0.096577,-0.127368,0.087293,0.002122,0.000193
0,-0.033027,0.178197,0.114443,0.157945,0.132269,0.184442,0.000576,0.00311
0,-0.001893,-0.024804,0.059308,-0.192026,0.105623,-0.160743,3.3e-05,0.000433
0,-0.772455,0.411361,-0.779664,0.441133,-0.759537,0.447502,0.0001,0.000489
0,-0.778725,0.668932,0.013605,0.256175,0.012743,0.299255,0.00021,0.001707
0,-0.978973,0.903232,-0.203414,0.224661,-0.241715,0.18953,0.002986,0.002383
0,-0.693436,0.657805,0.300351,-0.232524,0.335936,-0.270749,0.001279,0.001901
0,-0.81939,0.584912,-0.129275,-0.076287,-0.131014,-0.085182,0.000919,0.003173
0,-0.502204,0.333962,0.289958,-0.223517,0.243157,-0.241069,0.002074,0.000862
0,-0.238968,0.296691,0.242671,-0.007379,0.273335,0.025999,0.00252,0.001513
0,-0.322991,0.134234,-0.056878,-0.180201,-0.040334,-0.210481,0.001054,0.002343
0,0.011848,0.071731,0.329043,-0.072809,0.362088,-0.112577,0.000207,0.001252
0,0.108655,0.142346,0.096159,0.087309,0.07584,0.061549,0.001896,0.002484
0,-0.028702,0.237414,-0.123405,0.071088,-0.085949,0.063803,0.000501,0.002547
0,-0.031589,0.131015,-0.016674,-0.08768,-0.062598,-0.087464,0.000551,0.002287
0,0.171925,0.078907,0.202314,-0.04178,0.196946,-0.044144,0.003001,0.001377
0,-0.011698,0.162926,-0.205116,0.058958,-0.199879,0.059053,0.000204,0.002844
0,-0.06189,0.140125,-0.040385,-0.017684,-0.005325,-0.027555,0.00108,0.002446
0,0.033453,-0.024605,0.122609,-0.154544,0.084157,-0.1401,0.000584,0.000429
0,-0.001865,0.079718,-0.037201,0.111208,-0.020803,0.062894,3.3e-05,0.001391
0,0.160445,-0.019304,0.145651,-0.07971,0.114168,-0.112994,0.0028,0.000337
0,-0.031747,0.108694,-0.20533,0.113326,-0.249344,0.104378,0.000554,0.001897
0,0.17632,0.073957,0.204653,-0.00763,0.155759,-0.054134,0.003077,0.001291
0,0.183782,-0.001972,0.001532,-0.09425,0.009375,-0.050908,0.003208,3.4e-05
0,-0.05075,-0.011301,-0.245362,-0.007784,-0.199332,-0.030785,0.000886,0.000197
0,0.182534,0.035316,0.251634,0.056505,0.28353,0.074935,0.003186,0.000616
0,0.07772,0.12803,-0.130159,0.065689,-0.161308,0.10443,0.001356,0.002235
0,0.071231,-0.078528,0.00065,-0.221013,0.00379,-0.220317,0.001243,0.001371
0,0.153939,0.117007,0.055595,0.220357,0.071725,0.225571,0.002687,0.002042
0,-0.055733,-0.152439,-0.206766,-0.271358,-0.207762,-0.304848,0.000973,0.002661
0,0.163008,-0.055704,0.193495,0.0885,0.208273,0.13475,0.002845,0.000972
0,0.171962,-0.143469,0.021602,-0.088082,-0.017512,-0.104954,0.003001,0.002504
0,0.11338,0.083581,-0.083594,0.205217,-0.076989,0.229624,0.001979,0.001459
0,-0.079918,-0.171216,-0.171249,-0.251213,-0.201903,-0.288254,0.001395,0.002988
0,-0.07373,0.008179,0.003277,0.17083,0.019381,0.208438,0.001287,0.000143
0,0.080076,0.107785,0.128449,0.126993,0.149343,0.094285,0.001398,0.001881
0,0.092926,0.10858,0.015034,0.006373,-0.002402,0.032698,0.001622,0.001895
0,-0.048903,0.056845,-0.167415,-0.021761,-0.210679,-0.06365,0.000854,0.000992
0,0.062455,-0.047796,0.137127,-0.120115,0.148511,-0.085046,0.00109,0.000834
0,0.166432,0.064485,0.088005,0.122025,0.047783,0.170919,0.002905,0.001125
0,0.0345,-0.072232,-0.103723,-0.120341,-0.104394,-0.168334,0.000602,0.001261
0,0.105644,-0.066635,0.052772,0.013953,0.082241,0.057733,0.001844,0.001163
0,0.049434,-0.17879,-0.07922,-0.109307,-0.128041,-0.116317,0.000863,0.00312
0,-0.152214,-0.064527,-0.188529,0.137019,-0.234892,0.136927,0.002657,0.001126
0,-0.073205,0.129788,0.081321,0.180887,0.075191,0.144846,0.001278,0.002265
0,-0.153351,0.071032,-0.084325,-0.065811,-0.069197,-0.102344,0.002676,0.00124
0,-0.263946,0.056989,-0.126252,0.015389,-0.087066,0.05539,0.002084,0.000995
0,-0.238664,-0.122988,0.003125,-0.179064,-0.027132,-0.185341,0.002525,0.002147
0,-0.079113,0.074728,0.171903,0.189845,0.163579,0.160338,0.001381,0.001304
0,-0.118714,-0.075423,-0.042442,-0.17475,-0.048357,-0.193639,0.002072,0.001316
0,-0.0439,0.07333,0.065883,0.122269,0.047601,0.129188,0.000766,0.00128
0,-0.078423,-0.090988,-0.05842,-0.14541,-0.024449,-0.098593,0.001369,0.001588
0,0.00894,0.077636,0.087777,0.149977,0.050353,0.115717,0.000156,0.001355
0,-0.051415,0.064825,-0.072839,0.014291,-0.063689,0.048299,0.000897,0.001131
0,-0.100183,0.011496,-0.053422,-0.023931,-0.099985,-0.042551,0.001749,0.000201
0,-0.07943,0.035423,0.0434,0.007752,0.07554,0.051195,0.001386,0.000618
0,-0.041039,-0.089164,0.017212,-0.120688,0.047606,-0.167762,0.000716,0.001556
0,-0.064047,-0.004531,-0.006849,0.106716,-0.046766,0.144836,0.001118,7.9e-05
0,0.070713,0.005556,0.137902,0.004416,0.1301,0.026155,0.001234,9.7e-05
0,-0.159912,-0.059084,-0.233106,-0.043215,-0.252764,-0.047304,0.002791,0.001031
0,0.029777,-0.047078,0.174316,0.000112,0.174426,0.002428,0.00052,0.000822
0,0.046575,-0.000832,0.021063,0.026042,0.027417,0.028019,0.000813,1.5e-05
0,-0.056933,-0.007074,-0.115965,-0.026588,-0.165019,-0.046395,0.000994,0.000123
0,0.055239,0.009611,0.140522,0.046247,0.107577,0.006086,0.000964,0.000168
0,-0.134993,-0.141156,-0.210264,-0.179765,-0.180144,-0.166631,0.002356,0.002464
0,-0.054828,0.155279,0.106078,0.298328,0.064338,0.322183,0.000957,0.00271
0,-0.078735,-0.120865,-0.013295,-0.282426,-0.058193,-0.284958,0.001374,0.002109
0,-0.006717,0.026956,0.076215,0.168493,0.118501,0.217162,0.000117,0.00047
0,0.112633,0.083689,0.131171,0.084239,0.154803,0.059797,0.001966,0.001461
0,0.077804,0.121423,-0.014495,0.03202,0.009168,0.063806,0.001358,0.002119
0,0.07296,0.046578,-0.014495,-0.056724,0.003653,-0.074003,0.001273,0.000813
0,0.121766,0.106549,0.03187,0.036365,0.033018,-0.004181,0.002125,0.00186
0,-0.009578,0.048614,-0.120678,-0.045087,-0.140482,-0.087111,0.000167,0.000848
0,0.071057,0.029274,0.077524,-0.004305,0.047985,0.010924,0.00124,0.000511
0,-0.183621,-0.062576,-0.257218,-0.09762,-0.280542,-0.094403,0.003205,0.001092
0,0.063698,-0.092177,0.234516,-0.048316,0.243753,-0.069602,0.001112,0.001609
0,-0.117164,-0.123574,-0.20256,-0.056928,-0.159844,-0.017314,0.002045,0.002157
0,-0.0162,-0.126281,0.108691,0.011114,0.09552,0.033125,0.000283,0.002204
0,-0.017139,0.022879,-0.001618,0.163074,-0.019599,0.197319,0.000299,0.000399
0,-0.095015,-0.161545,-0.055934,-0.178067,-0.047256,-0.144506,0.001658,0.002819
0,0.012891,-0.121798,0.085819,0.056495,0.10405,0.010131,0.000225,0.002126
0,-0.005555,-0.018985,-0.001297,0.114865,0.013295,0.10296,9.7e-05,0.000331
0,-0.082526,0.010373,-0.074908,0.031325,-0.063085,0.027819,0.00144,0.000181
0,-0.033914,-0.11457,0.025509,-0.109607,0.05793,-0.098775,0.000592,0.002
0,0.04098,0.069378,0.059454,0.182619,0.012231,0.211629,0.000715,0.001211
0,-0.046037,0.038821,-0.098059,-0.056072,-0.110901,-0.060066,0.000804,0.000678
0,-0.015797,0.010138,0.006306,-0.001358,-0.005209,0.023897,0.000276,0.000177
0,-0.14694,0.018069,-0.134069,0.003925,-0.175991,0.006344,0.002565,0.000315
0,0.001906,-0.038335,0.125917,-0.068459,0.105862,-0.078549,3.3e-05,0.000669
0,-0.058758,0.068632,-0.077117,0.11198,-0.061783,0.111497,0.001026,0.001198
0,-0.196137,-0.120337,-0.127994,-0.199058,-0.165837,-0.243389,0.003268,0.0021
0,-0.165608,0.077991,0.025431,0.176439,0.04296,0.166834,0.00289,0.001361
0,-0.122797,-0.034154,0.053763,-0.093289,0.022732,-0.121899,0.002143,0.000596
0,-0.152593,0.106938,-0.032019,0.169934,-0.072667,0.182625,0.002663,0.001866
0,-0.046921,-0.147759,0.10806,-0.25019,0.139878,-0.283949,0.000819,0.002579
0,-0.053648,0.035319,-0.008511,0.167427,-0.044908,0.177613,0.000936,0.000616
0,-0.004914,0.097322,0.057853,0.04285,0.100104,0.075715,8.6e-05,0.001699
0,-0.210975,0.072043,-0.19252,-0.027154,-0.183969,-0.074858,0.003009,0.001257
0,-0.025711,-0.088966,0.191927,-0.161596,0.213949,-0.164417,0.000449,0.001553
0,-0.110167,0.088172,-0.087754,0.166103,-0.136476,0.147328,0.001923,0.001539
0,-0.095993,0.082112,0.04232,-0.011855,0.011963,-0.038501,0.001675,0.001433
0,-0.054416,-0.061276,0.019353,-0.129703,0.01019,-0.127876,0.00095,0.001069
0,-0.001076,0.024194,0.042011,0.083542,-0.005088,0.12562,1.9e-05,0.000422
0,0.139349,-0.041981,0.13722,-0.047218,0.144205,-0.083343,0.002432,0.000733
0,0.163635,0.084081,0.022149,0.154009,0.02987,0.18721,0.002856,0.001467
0,0.127904,0.062196,-0.038954,0.007403,-0.033413,-0.023703,0.002232,0.001086
0,0.090592,-0.135432,-0.041092,-0.170942,-0.00366,-0.138847,0.001581,0.002364
0,0.235628,-0.079522,0.116485,0.050847,0.098401,0.055019,0.002578,0.001388
0,0.154112,-0.134456,-0.093916,-0.034943,-0.058711,0.009531,0.00269,0.002347
0,0.001356,-0.148257,-0.152406,-0.00857,-0.189488,-0.022742,2.4e-05,0.002588
0,-0.047108,-0.03186,-0.062842,0.118498,-0.021155,0.149521,0.000822,0.000556
0,-0.007241,-0.184257,0.049517,-0.14974,0.053461,-0.149088,0.000126,0.003216
0,-0.085529,-0.018528,-0.098498,0.14045,-0.123517,0.142625,0.001493,0.000323
0,-0.057086,-0.151068,0.008424,-0.158535,0.035846,-0.163031,0.000996,0.002637
0,-0.001657,0.044445,0.068103,0.204537,0.043004,0.16496,2.9e-05,0.000776
0,0.060408,0.026495,0.089747,-0.030136,0.056039,-0.020411,0.001054,0.000462
0,0.085155,-0.012447,0.00057,-0.053268,0.016864,-0.040267,0.001486,0.000217
0,-0.199425,-0.093514,-0.263026,-0.087056,-0.229706,-0.053528,0.00321,0.001632
0,-0.212908,0.093687,0.009402,0.199562,0.00961,0.174608,0.002975,0.001635
0,-0.03893,-0.064001,0.181821,-0.150111,0.139886,-0.146701,0.000679,0.001117
0,-0.203828,-0.134161,-0.138774,-0.069997,-0.160961,-0.084001,0.003133,0.002342
0,-0.039662,-0.045971,0.180189,0.09859,0.217569,0.076458,0.000692,0.000802
0,-0.007599,-0.029565,0.048643,0.012813,0.074774,0.044884,0.000133,0.000516
0,-0.086514,-0.181876,-0.06673,-0.131453,-0.07003,-0.120518,0.00151,0.003174
0,-0.035895,-0.088401,0.078815,0.066838,0.094495,0.091732,0.000626,0.001543
0,-0.045234,-0.208988,-0.00702,-0.092335,-0.01273,-0.047078,0.000789,0.003043
0,0.024598,-0.069594,0.080664,0.112327,0.064779,0.106828,0.000429,0.001215
0,-0.052996,0.028742,-0.06194,0.125902,-0.031819,0.103913,0.000925,0.000502
0,-0.234203,-0.037541,-0.172107,-0.08566,-0.12406,-0.107036,0.002603,0.000655
0,-0.043823,-0.08646,0.211392,-0.067458,0.224615,-0.114038,0.000765,0.001509
0,0.026552,-0.043557,0.047028,0.069009,0.093538,0.065677,0.000463,0.00076
0,-0.04124,0.091942,-0.040123,0.141629,-0.020203,0.133343,0.00072,0.001605
0,0.115895,0.08476,0.160133,-0.00724,0.161689,-0.010077,0.002023,0.001479
0,-0.020369,-0.011028,-0.139307,-0.11497,-0.132541,-0.14585,0.000356,0.000192
0,0.077203,-0.16306,0.090136,-0.14281,0.124892,-0.176703,0.001347,0.002846
0,-0.054347,0.003545,-0.116061,0.166194,-0.157042,0.205134,0.000949,6.2e-05
0,0.064441,0.119402,0.090804,0.122683,0.084844,0.087388,0.001125,0.002084
0,0.154796,0.038085,0.112743,-0.066761,0.12393,-0.062246,0.002702,0.000665
0,0.166226,0.063809,-0.012232,0.04398,-0.008131,0.058702,0.002901,0.001114
0,0.070115,0.082601,-0.109662,0.025686,-0.153208,-0.022951,0.001224,0.001442
0,0.038705,0.048585,-0.027426,-0.049421,-0.027741,-0.05582,0.000676,0.000848
0,0.038807,0.096405,-0.002012,0.022017,-0.019317,0.060306,0.000677,0.001683
0,-0.138931,-0.050053,-0.16034,-0.155141,-0.126402,-0.140539,0.002425,0.000874
0,0.004742,0.116466,0.153919,0.169651,0.150626,0.19757,8.3e-05,0.002033
0,-0.162777,0.096807,-0.197415,0.007912,-0.239394,-0.030528,0.002841,0.00169
0,-0.087303,-0.111467,0.063891,-0.206293,0.027619,-0.162714,0.001524,0.001945
0,-0.184177,-0.065471,-0.117014,0.064097,-0.113017,0.027175,0.003214,0.001143
0,-0.163556,-0.083774,0.047111,-0.019053,0.030303,0.003754,0.002855,0.001462
0,-0.018807,0.017781,0.130307,0.12085,0.171825,0.096416,0.000328,0.00031
0,0.013831,0.208417,0.043838,0.201877,0.053849,0.206182,0.000241,0.003053
0,0.042849,-0.019793,0.009955,-0.217894,0.011214,-0.196476,0.000748,0.000345
0,0.058837,-0.070346,0.00739,-0.050415,0.0455,-0.083204,0.001027,0.001228
0,0.078871,0.190361,0.016906,0.250585,0.022163,0.223518,0.001377,0.003322
0,0.044866,-0.020926,-0.016431,-0.232145,9.3e-05,-0.263478,0.000783,0.000365
0,0.117672,-0.02322,0.086466,-0.023398,0.089026,-0.008747,0.002054,0.000405
0,-0.050067,0.04822,-0.155969,0.077567,-0.1703,0.058863,0.000874,0.000842
0,-0.04633,-0.076187,0.009529,-0.117491,0.027899,-0.127878,0.000809,0.00133
0,-0.030131,-0.061284,0.004928,0.008751,-0.003168,-0.036011,0.000526,0.00107
0,-0.045622,-0.081954,-0.036404,-0.016047,-0.029892,0.007574,0.000796,0.00143
0,0.00377,-0.081322,0.035224,0.017853,0.00768,0.060002,6.6e-05,0.001419
0,0.201328,-0.111506,0.207713,-0.018364,0.220718,-0.05134,0.003177,0.001946
0,-0.015118,0.132052,-0.215215,0.240829,-0.260784,0.280771,0.000264,0.002305
0,-0.10146,4e-05,-0.077344,-0.161119,-0.051712,-0.170747,0.001771,1e-06
0,-0.019869,0.031213,0.094865,0.032765,0.058526,0.052263,0.000347,0.000545
0,0.04398,-0.159038,0.068624,-0.167335,0.031164,-0.186739,0.000768,0.002776
0,0.061908,0.157784,-0.000552,0.33366,0.038526,0.338026,0.00108,0.002754
0,0.026147,-0.087134,-0.04587,-0.269014,-0.088099,-0.317803,0.000456,0.001521
0,0.082771,0.117743,0.032939,0.194298,0.054117,0.195341,0.001445,0.002055
0,0.139281,-0.046146,0.045785,-0.191109,0.002674,-0.227082,0.002431,0.000805
0,-0.036567,-0.086868,-0.153677,-0.016994,-0.199032,-0.022489,0.000638,0.001516
0,0.037991,-0.01845,0.074235,0.063107,0.091741,0.028549,0.000663,0.000322
0,0.07756,0.086808,0.027635,0.119329,0.049854,0.123527,0.001354,0.001515
0,0.156874,0.033034,0.065217,-0.027632,0.021584,-0.023589,0.002738,0.000577
0,0.121054,-0.016104,-0.014138,-0.072664,0.009229,-0.107031,0.002113,0.000281
0,-0.065533,0.188312,-0.192922,0.187036,-0.155274,0.205961,0.001144,0.003287
0,0.151389,0.129098,0.208543,-0.080696,0.160356,-0.047445,0.002642,0.002253
0,0.176933,0.135177,0.007078,0.035253,0.003307,0.07441,0.003088,0.002359
0,-0.047725,-0.085141,-0.249197,-0.203523,-0.23386,-0.190143,0.000833,0.001486
0,0.025325,0.017879,0.076285,0.128707,0.049403,0.173698,0.000442,0.000312
0,0.179917,-0.292887,0.169399,-0.33279,0.150629,-0.336668,0.00314,0.001579
0,0.528554,-0.887564,0.375911,-0.570683,0.410635,-0.526571,0.002534,0.002109
0,0.455776,-1.479533,-0.060126,-0.582134,-0.010754,-0.565182,0.001264,0.000941
0,0.596878,-1.260071,0.116484,0.206691,0.124919,0.205657,0.002964,0.00192
0,0.63498,-1.100334,0.024486,0.163492,-0.001204,0.129421,0.002299,0.000868
0,0.344684,-0.752935,-0.278328,0.366083,-0.247447,0.367892,0.000675,0.00024
0,0.296591,-0.389856,-0.07075,0.345341,-0.05501,0.39532,0.001514,0.000113
0,0.215601,-0.483356,-0.109101,-0.104527,-0.071758,-0.065079,0.002928,0.001745
0,-0.017446,-0.185835,-0.209026,0.304683,-0.207514,0.260281,0.000304,0.003243
0,0.138914,-0.20133,0.145491,-0.015146,0.11342,-0.014143,0.002425,0.003177
0,-0.001781,-0.114493,-0.153135,0.096827,-0.117266,0.068346,3.1e-05,0.001998
0,-0.074012,-0.200519,-0.093998,-0.056666,-0.048588,-0.026508,0.001292,0.003191
0,0.031222,-0.134967,0.105392,0.056753,0.119404,0.09461,0.000545,0.002356
0,-0.115914,-0.112326,-0.160594,0.047541,-0.178419,0.058661,0.002023,0.00196
0,-0.050098,-0.034592,0.082661,0.058389,0.037806,0.069568,0.000874,0.000604
0,-0.165023,-0.04413,-0.114616,-0.016634,-0.112593,-0.056816,0.00288,0.00077
0,-0.141613,-0.048491,0.021186,-0.004527,-0.015235,0.013426,0.002472,0.000846
0,-0.126847,-0.015596,0.028101,0.008018,-0.006908,0.034692,0.002214,0.000272
0,-0.010412,0.107874,0.115758,0.099936,0.10608,0.088033,0.000182,0.001883
0,-0.232663,0.041455,-0.223226,-0.066556,-0.240607,-0.036871,0.00263,0.000724
0,-0.059908,0.249514,0.197884,0.188949,0.165106,0.150241,0.001046,0.002336
0,-0.219369,-0.01407,-0.138161,-0.291085,-0.14243,-0.297332,0.002862,0.000246
0,-0.09128,-0.060015,0.100558,-0.02636,0.1348,-0.029718,0.001593,0.001047
0,0.084302,0.097764,0.174408,0.175091,0.167726,0.190362,0.001471,0.001706
0,-0.073442,0.03322,-0.157521,-0.071147,-0.160262,-0.046104,0.001282,0.00058
0,-0.057882,-0.098096,-0.002031,-0.1097,0.017327,-0.133699,0.00101,0.001712
0,0.152559,0.158947,0.225269,0.270821,0.265276,0.301971,0.002663,0.002774
0,-0.034209,-0.10975,-0.201422,-0.244494,-0.192578,-0.272367,0.000597,0.001916
0,0.130874,-0.033738,0.174023,0.104105,0.210119,0.08898,0.002284,0.000589
0,0.107616,-0.074168,-0.030829,-0.052892,-0.009441,-0.090798,0.001878,0.001294
0,-0.112946,0.026697,-0.200275,0.080641,-0.212974,0.034444,0.001971,0.000466
0,-0.051515,0.107119,0.085754,0.075694,0.121684,0.055614,0.000899,0.00187
0,-0.135429,0.128874,-0.109643,0.037631,-0.12195,-0.004293,0.002364,0.002249
0,0.034062,-0.096942,0.190609,-0.231288,0.1792,-0.228051,0.000594,0.001692
0,-0.040704,-0.14554,-0.050257,-0.048813,-0.016897,-0.026088,0.00071,0.00254
0,-0.0289,-0.146217,0.020273,-0.004327,-0.004881,-0.043991,0.000504,0.002552
0,0.091164,0.029351,0.144093,0.162993,0.104912,0.142325,0.001591,0.000512
0,-0.112254,-0.132359,-0.180104,-0.158788,-0.198077,-0.193591,0.001959,0.00231
0,0.158665,-0.107306,0.283841,0.006674,0.328091,0.032767,0.002769,0.001873
0,0.188199,-0.099594,0.008127,0.033235,-0.037272,0.008198,0.003285,0.001738
0,0.028261,0.067404,-0.165015,0.18139,-0.177277,0.229705,0.000493,0.001176
0,0.142513,0.05438,0.090102,-0.005739,0.064989,-0.015107,0.002487,0.000949
0,0.217913,-0.025547,0.102839,-0.068547,0.067317,-0.039979,0.002888,0.000446
0,0.216056,-0.010361,-0.027898,0.001581,0.004292,0.005556,0.00292,0.000181
0,0.064875,0.085509,-0.177456,0.109009,-0.12801,0.12772,0.001132,0.001492
0,-0.026984,0.091017,-0.071538,0.017736,-0.094197,0.062571,0.000471,0.001589
0,0.106668,0.111405,0.118622,0.001676,0.106607,-0.043447,0.001862,0.001944
0,0.17613,0.080942,0.075353,-0.056747,0.062891,-0.011348,0.003074,0.001413
0,0.077922,-0.058948,-0.101146,-0.125011,-0.111215,-0.087769,0.00136,0.001029
0,0.278678,0.028945,0.209014,0.103329,0.198899,0.137998,0.001827,0.000505
0,0.065829,0.10839,-0.236475,0.069255,-0.191534,0.023742,0.001149,0.001892
0,0.229039,-0.068058,0.150821,-0.195711,0.149614,-0.242146,0.002693,0.001188
0,0.294561,0.05316,0.050598,0.128218,0.006273,0.144533,0.00155,0.000928
0,0.135018,-0.040713,-0.173421,-0.09418,-0.162629,-0.126191,0.002357,0.000711
0,0.130297,0.132918,0.012375,0.165017,0.045962,0.146159,0.002274,0.00232
0,0.133259,-0.045507,-0.006455,-0.20407,-0.041574,-0.173607,0.002326,0.000794
0,0.210236,0.111805,0.06016,0.156594,0.045604,0.172064,0.003022,0.001951
0,0.310176,-0.083667,0.100066,-0.206363,0.054265,-0.252977,0.001277,0.00146
0,0.135304,0.062041,-0.159381,0.124139,-0.141839,0.107036,0.002361,0.001083
0,0.270752,-0.032454,0.150084,-0.118049,0.180191,-0.155818,0.001965,0.000566
0,0.316304,-0.100689,0.068522,-0.040435,0.085168,-0.061921,0.00117,0.001757
0,0.316131,0.038803,0.019136,0.134212,-0.015663,0.130063,0.001173,0.000677
0,0.160397,0.042879,-0.17895,-0.011209,-0.226579,-0.034897,0.002799,0.000748
0,0.116136,-0.120357,-0.040495,-0.175696,-0.021661,-0.215906,0.002027,0.002101
0,0.115593,-0.072953,0.017822,0.045228,-0.002373,0.093338,0.002017,0.001273
0,0.079513,0.145511,-0.03171,0.247688,-0.004584,0.242649,0.001388,0.00254
0,0.148651,-0.095172,0.05145,-0.252735,0.039723,-0.252259,0.002594,0.001661
0,0.26013,0.054756,0.099106,0.131323,0.105293,0.129465,0.002151,0.000956
0,0.245997,-0.125822,-0.038407,-0.159821,-0.078892,-0.129381,0.002397,0.002196
0,0.093185,-0.134605,-0.163724,0.005713,-0.137051,-0.011204,0.001626,0.002349
0,0.109208,0.126839,0.025509,0.261007,0.050845,0.230996,0.001906,0.002214
0,0.216286,-0.04148,0.086016,-0.153885,0.059835,-0.130264,0.002916,0.000724
0,0.116224,-0.011653,-0.101732,0.051244,-0.072564,0.075137,0.002028,0.000203
0,0.34101,0.059566,0.202108,0.045707,0.18879,0.085184,0.000739,0.00104
0,0.012056,-0.061717,-0.348972,-0.137566,-0.391607,-0.094926,0.00021,0.001077
0,-0.014582,0.070131,-0.056091,0.143939,-0.096897,0.111531,0.000255,0.001224
0,0.123921,0.14922,0.143117,0.074975,0.141668,0.066294,0.002163,0.002604
0,0.019806,-0.094141,-0.078453,-0.245326,-0.12055,-0.216613,0.000346,0.001643
0,0.047158,0.022424,0.003076,0.128422,-0.026365,0.111172,0.000823,0.000391
0,-0.038058,0.142037,-0.09219,0.097461,-0.078066,0.080424,0.000664,0.002479
0,0.02388,-0.068409,0.051396,-0.193887,0.014222,-0.207586,0.000417,0.001194
0,0.066492,-0.077395,0.038078,-0.005087,0.080014,0.00992,0.001161,0.001351
0,-0.043979,0.023541,-0.105469,0.121736,-0.147381,0.163867,0.000768,0.000411
0,0.054479,-0.085331,0.11824,-0.124719,0.160886,-0.085378,0.000951,0.001489
0,-0.023812,0.014667,-0.097308,0.090171,-0.094037,0.042337,0.000416,0.000256
0,-0.063566,0.018905,-0.018487,0.026622,-0.0665,-0.019594,0.001109,0.00033
0,0.139013,0.020059,0.1856,-0.009651,0.157738,-0.048115,0.002426,0.00035
0,0.073043,0.10731,-0.052422,0.068552,-0.055852,0.020793,0.001275,0.001873
0,0.022311,-0.041166,-0.066298,-0.151966,-0.097111,-0.178292,0.000389,0.000718
0,0.012749,-0.167125,-0.016749,-0.127911,0.000151,-0.157307,0.000223,0.002917
0,0.054234,-0.168138,0.066966,-0.016191,0.018029,0.016002,0.000947,0.002935
0,0.11835,-0.149146,0.061833,0.035982,0.100553,-0.005872,0.002066,0.002603
0,0.181221,-0.124853,0.044137,0.021456,0.084972,-0.002758,0.003163,0.002179
0,0.232452,-0.202591,0.059721,-0.078139,0.073507,-0.078236,0.002634,0.003155
0,0.021476,0.086602,-0.199677,0.294173,-0.223717,0.333625,0.000375,0.001511
0,0.246106,-0.201816,0.204901,-0.276647,0.187188,-0.262644,0.002395,0.003168
0,0.129733,-0.102231,-0.140798,0.098836,-0.11008,0.147102,0.002264,0.001784
0,-0.025321,0.041019,-0.177825,0.131659,-0.182906,0.137466,0.000442,0.000716
0,0.039651,-0.157213,0.037898,-0.204981,0.012681,-0.205245,0.000692,0.002744
0,-0.056774,0.000487,-0.076533,0.141386,-0.031443,0.186691,0.000991,8e-06
0,0.02124,-0.053321,0.088491,-0.053284,0.080397,-0.003997,0.000371,0.000931
0,0.076255,-0.010298,0.067845,0.020662,0.050244,-0.01144,0.001331,0.00018
0,-0.088599,-0.117341,-0.144245,-0.117302,-0.153036,-0.093295,0.001546,0.002048
0,-0.030184,0.09852,0.063149,0.223454,0.045392,0.25627,0.000527,0.001719
0,0.01934,-0.136524,0.064721,-0.238832,0.072852,-0.227714,0.000338,0.002383
0,-0.061463,-0.056995,-0.098613,0.0529,-0.08269,0.041963,0.001073,0.000995
0,-0.134932,-0.163024,-0.065317,-0.113349,-0.057553,-0.13947,0.002355,0.002845
0,-0.058263,-0.13696,0.102902,0.013038,0.141903,0.04126,0.001017,0.00239
0,-0.187926,-0.109183,-0.137559,0.031129,-0.173049,0.027787,0.00328,0.001906
0,-2.279531,-1.153903,-2.112927,-1.057807,-2.146653,-1.01583,0.00036,6.7e-05
0,-3.259569,-1.843344,-0.969737,-0.669665,-0.959682,-0.663124,0.003327,0.001282
0,-5.13374,-1.578628,-1.8662,0.291317,-1.875764,0.24218,0.00262,0.000789
0,-4.318106,-1.718866,0.800915,-0.168863,0.77144,-0.120453,0.001766,0.003237
0,-4.356991,-1.600592,-0.036155,0.100827,-0.054925,0.105319,0.002445,0.001172
0,-3.385885,-1.458055,0.941693,0.142463,0.917288,0.171972,0.001123,0.001315
0,-2.568483,-1.119521,0.808165,0.310212,0.785437,0.34322,0.002007,0.000533
0,-1.527009,-0.976474,1.068423,0.141107,1.064833,0.138142,0.000112,0.00303
0,-1.149471,-0.69331,0.407166,0.262342,0.445883,0.229282,1e-05,0.001281
0,-0.934511,-0.284068,0.192411,0.426847,0.191203,0.469318,0.002929,0.001733
0,-0.607069,-0.079271,0.34161,0.207278,0.29227,0.226435,0.002786,0.001546
0,-0.100043,0.0752,0.502981,0.135341,0.486493,0.119898,0.001746,0.001546
0,0.093567,0.275948,0.218122,0.204794,0.18421,0.209391,0.001633,0.001875
0,0.275286,0.348326,0.193033,0.042572,0.159004,0.065835,0.001886,0.000611
0,0.256035,0.123536,-0.007601,-0.238161,0.016989,-0.21936,0.002222,0.002156
0,0.23692,0.220884,0.001978,0.10394,-0.044518,0.084488,0.002556,0.002836
0,0.132002,0.137049,-0.088933,-0.112113,-0.080393,-0.148415,0.002304,0.002392
0,0.22192,0.090786,0.119897,-0.064558,0.108162,-0.074397,0.002818,0.001585
0,0.268129,-0.004945,0.036518,-0.085004,0.049999,-0.125186,0.002011,8.6e-05
0,0.061443,-0.078772,-0.217341,-0.082396,-0.181363,-0.071876,0.001072,0.001375
0,-0.036844,0.177278,-0.123606,0.232302,-0.122646,0.262183,0.000643,0.003094
0,0.022521,0.163072,0.048213,-0.038285,0.084947,-0.078735,0.000393,0.002846
0,0.016094,-0.043518,0.022951,-0.211297,0.023809,-0.199262,0.000281,0.00076
0,0.143704,-0.024724,0.10902,0.027105,0.100011,0.016226,0.002508,0.000432
0,-0.06214,0.169825,-0.229976,0.217222,-0.245874,0.220308,0.001085,0.002964
0,0.033583,0.035216,0.124663,-0.133063,0.150763,-0.109251,0.000586,0.000615
0,-0.071695,0.118437,-0.091404,0.087565,-0.077781,0.066645,0.001251,0.002067
0,-0.166291,0.085229,-0.107247,-0.006588,-0.123012,0.029805,0.002902,0.001488
0,-0.13511,0.053594,0.030111,-0.032371,0.014364,-0.018155,0.002358,0.000935
0,0.093425,0.165351,0.217407,0.139198,0.202396,0.16339,0.001631,0.002886
0,-0.106405,0.122843,-0.189935,-0.041808,-0.193636,-0.089478,0.001857,0.002144
0,0.052048,0.026245,0.16164,-0.12097,0.162408,-0.102222,0.000908,0.000458
0,-0.008879,-0.100114,-0.046745,-0.151014,-0.033675,-0.15922,0.000155,0.001747
0,-0.038881,-0.094668,-0.024947,-0.004147,-0.036764,0.043836,0.000679,0.001652
0,-0.014331,0.166963,0.035702,0.269211,0.083031,0.260504,0.00025,0.002914
0,-0.143926,-0.038257,-0.147112,-0.186029,-0.187174,-0.195999,0.002512,0.000668
0,0.051691,0.061623,0.197054,0.1068,0.194928,0.118154,0.000902,0.001076
0,0.072482,0.109836,-0.000516,0.020775,0.027517,0.054876,0.001265,0.001917
0,-0.152033,-0.008737,-0.214147,-0.105108,-0.242736,-0.099336,0.002653,0.000152
0,0.030529,-0.059356,0.176871,-0.064475,0.220916,-0.098202,0.000533,0.001036
0,3.61204,0.019674,3.599369,0.091686,3.598834,0.124408,0.002825,0.000343
0,5.089748,0.282477,1.46131,0.27269,1.505597,0.280585,0.001852,0.001761
0,5.399134,0.262527,0.316811,-0.00754,0.27396,0.003317,0.000561,0.002109
0,5.120143,0.048342,-0.27399,-0.241316,-0.270209,-0.225716,0.002383,0.000844
0,4.346221,0.159428,-0.75683,0.089933,-0.797372,0.132557,0.002257,0.002783
0,3.557287,-0.000415,-0.816595,-0.179374,-0.80544,-0.201303,0.001869,7e-06
0,0.505212,-0.185295,-3.067015,-0.213667,-3.018558,-0.185124,0.002127,0.003234
0,-0.744312,-0.289516,-1.261914,-0.120171,-1.297358,-0.088208,0.000391,0.001638
0,-1.490221,-0.389753,-0.764614,-0.079347,-0.73244,-0.050149,0.000754,0.000112
0,-2.02599,-0.363896,-0.554758,0.026209,-0.535971,0.072164,0.001906,0.00034
0,-2.823611,-0.161009,-0.773438,0.213041,-0.822205,0.236956,0.002446,0.00281
0,-3.328531,-0.176924,-0.47539,0.002901,-0.513661,0.001105,0.002124,0.003088
0,-3.015659,-0.290895,0.297525,-0.125413,0.327584,-0.171318,0.000893,0.001614
0,-2.540415,-0.105487,0.470119,0.213888,0.498236,0.191366,0.002497,0.001841
0,-2.11849,-0.24703,0.392731,-0.153788,0.398399,-0.192196,0.00317,0.002379
0,-1.413084,0.058764,0.731991,0.281425,0.698428,0.2848,0.0021,0.001546
0,-1.085839,-0.051419,0.345477,-0.136556,0.331174,-0.15706,0.001121,0.001546
0,-0.385641,-0.097755,0.671786,-0.040984,0.648025,-0.026262,4e-05,0.001546
0,-0.056815,-0.081246,0.353462,0.016542,0.331297,0.048295,0.000992,0.001546
0,-0.358321,-0.102223,-0.316545,-0.043298,-0.285414,-0.001243,0.000437,0.001546
0,-0.20368,0.008938,0.165184,0.106696,0.177496,0.126527,0.003136,0.001546
0,-0.345164,-0.087551,-0.14284,-0.123144,-0.179223,-0.117688,0.000667,0.001546
0,-0.173131,-0.094031,0.192363,0.00865,0.157965,0.022319,0.003022,0.001546
0,-0.309887,-0.001898,-0.133507,0.105286,-0.170113,0.116159,0.001282,0.001546
0,-0.135594,-0.139694,0.171904,-0.112894,0.193575,-0.118298,0.002367,0.001546
0,-0.125117,-0.149986,0.025103,-0.03538,0.051849,-0.079308,0.002184,0.001546
0,-0.019872,-0.135841,0.091062,0.030511,0.103404,0.021232,0.000347,0.001546
0,-0.191376,-0.037225,-0.17258,0.101357,-0.213837,0.150762,0.00334,0.001546
0,-0.029833,0.014031,0.182455,0.031087,0.140739,0.047409,0.000521,0.001546
0,-0.227199,0.006246,-0.224322,-0.024683,-0.21858,-0.055293,0.002725,0.001546
0,-0.265123,0.025011,-0.018671,0.01183,-0.039148,0.006093,0.002064,0.001546
0,-0.286495,0.103003,-0.015648,0.071153,-0.052364,0.081345,0.001691,0.001798
0,-0.23743,0.084479,0.033331,-0.014818,0.027314,-0.020161,0.002547,0.001546
0,-0.041571,0.050174,0.181943,-0.007595,0.222136,0.021807,0.000726,0.001546
0,-0.264051,0.188049,-0.195257,0.143606,-0.153965,0.102633,0.002082,0.003282
0,-0.229738,-0.062606,0.031101,-0.266083,0.026321,-0.238734,0.002681,0.001546
0,-0.098559,-0.078397,0.10904,-0.02402,0.114238,-0.013534,0.00172,0.001546
0,-0.134675,0.009703,-0.044573,0.108146,0.001647,0.13015,0.002351,0.001546
0,-0.241064,0.015054,-0.126631,0.026539,-0.157255,0.00712,0.002483,0.001546
0,-0.252293,0.135699,-0.028845,0.10422,-0.078268,0.153706,0.002287,0.002368
0,-0.340228,0.023883,-0.071009,-0.102733,-0.119879,-0.138257,0.000753,0.001546
0,-0.267677,-0.101898,0.082996,-0.141152,0.089531,-0.168232,0.002019,0.001546
0,-0.080451,0.179371,0.192369,0.28446,0.186876,0.286691,0.001404,0.003131
0,-0.204103,-0.07123,-0.15194,-0.228542,-0.116697,-0.229168,0.003129,0.001546
0,-0.237246,0.161581,-0.052963,0.257186,-0.092638,0.267383,0.00255,0.00282
0,-0.264357,0.088806,-0.011699,-0.066874,0.024008,-0.052592,0.002077,0.00155
0,0.019866,-0.006753,0.277765,-0.090529,0.308735,-0.126964,0.000347,0.001546
0,-0.022311,-0.091414,-0.019537,-0.080494,-0.040378,-0.092194,0.000389,0.001546
0,-0.181651,0.068045,-0.183337,0.18362,-0.220322,0.215673,0.00317,0.001546
0,-0.21973,0.111435,-0.039014,0.019485,-0.034253,0.043761,0.002856,0.001945
0,-0.102124,0.043821,0.138833,-0.064719,0.141675,-0.098817,0.001782,0.001546
0,-0.197825,0.013546,-0.073654,-0.020051,-0.044,0.005865,0.003238,0.001546
0,-0.142192,0.120219,0.067513,0.115722,0.0277,0.107413,0.002482,0.002098
0,-0.171855,-0.058171,-0.005531,-0.163396,0.015241,-0.159075,0.002999,0.001546
0,-0.134613,0.154389,0.028752,0.220494,0.027275,0.260823,0.002349,0.002695
0,-0.066311,0.187819,0.082927,0.032004,0.109744,0.020649,0.001157,0.003278
0,-0.227089,0.153796,-0.141676,-0.053715,-0.155875,-0.017853,0.002727,0.002684
0,-0.155043,-0.074904,0.071902,-0.247895,0.106626,-0.265837,0.002706,0.001546
0,-0.048171,0.149278,0.121925,0.253992,0.079889,0.236809,0.000841,0.002605
0,-0.077291,-0.045401,-0.042246,-0.203098,-0.046231,-0.192807,0.001349,0.001546
0,-0.044314,0.094932,0.030086,0.160443,0.060459,0.1886,0.000773,0.001657
0,-0.149068,-0.103275,-0.112778,-0.204797,-0.136631,-0.250968,0.002602,0.001546
0,-0.087853,0.153486,0.067137,0.247158,0.078226,0.29299,0.001533,0.002679
0,0.047609,0.130254,0.154121,-0.001251,0.190267,-0.03723,0.000831,0.002273
0,0.037996,0.105606,-0.016238,-0.011284,-0.028153,0.031871,0.000663,0.001843
0,-0.166313,-0.039788,-0.187208,-0.164477,-0.19575,-0.145615,0.002903,0.001546
0,-0.070861,-0.109403,0.067915,-0.073195,0.046032,-0.092172,0.001237,0.001546
0,-0.056161,0.072592,0.017169,0.188856,0.041632,0.141347,0.00098,0.001546
0,0.13967,-0.031125,0.195697,-0.106984,0.149658,-0.118878,0.002438,0.001546
0,-0.101067,-0.042792,-0.255913,-0.008288,-0.207776,-0.029218,0.001764,0.001546
0,0.07515,0.076298,0.200206,0.089289,0.198745,0.098406,0.001312,0.001546
0,-0.030513,-0.111263,-0.097493,-0.199239,-0.096608,-0.214978,0.000533,0.001546
0,-0.128458,-0.090504,-0.071378,-0.008018,-0.099234,-0.015683,0.002242,0.001546
0,0.033895,-0.025032,0.179579,0.082192,0.146292,0.07992,0.000592,0.001546
0,-0.025224,0.134311,-0.061253,0.143157,-0.041018,0.135762,0.00044,0.002344
0,0.053929,0.064339,0.086277,-0.083939,0.094457,-0.038996,0.000941,0.001546
0,-0.136786,0.150714,-0.21415,0.057798,-0.252691,0.105792,0.002387,0.00263
0,-0.018755,-0.086732,0.116158,-0.263513,0.091116,-0.304048,0.000327,0.001546
0,0.084977,-0.045299,0.128897,0.015942,0.104719,0.043927,0.001483,0.001546
0,0.008864,-0.056054,-0.06783,-0.017588,-0.047272,-0.057715,0.000155,0.001546
0,-0.00761,0.039271,-0.025092,0.113685,0.014007,0.082061,0.000133,0.001546
0,-0.106588,0.018809,-0.072496,-0.035084,-0.105498,-0.016675,0.00186,0.001546
0,0.020845,0.140646,0.137435,0.120453,0.117727,0.169777,0.000364,0.002455
0,0.069897,0.178436,0.078001,0.022682,0.046188,0.04157,0.00122,0.003114
0,0.146632,0.010632,0.048409,-0.19127,0.00691,-0.208955,0.002559,0.001546
0,0.146775,-0.019929,0.023849,-0.042162,0.07207,-0.030349,0.002562,0.001546
0,0.113578,-0.10266,-0.048069,-0.057779,-0.094612,-0.044036,0.001982,0.001546
0,-0.111333,-0.049663,-0.236159,0.068662,-0.242373,0.068525,0.001943,0.001546
0,0.0493,0.005173,0.173398,0.04847,0.155153,0.089864,0.00086,0.001546
0,0.109771,-0.03169,0.09025,-0.050459,0.070175,-0.070917,0.001916,0.001546
0,-0.138947,-0.023609,-0.227485,0.026252,-0.201627,0.052064,0.002425,0.001546
0,0.033872,-0.165743,0.198403,-0.117354,0.154824,-0.084219,0.000591,0.001546
0,0.003763,-0.175336,-0.054,0.014698,-0.088993,0.040638,6.6e-05,0.001546
0,-0.074414,0.066108,-0.060004,0.22289,-0.043486,0.188307,0.001299,0.001546
0,-0.028714,-0.035682,0.038358,-0.131725,-0.005241,-0.150227,0.000501,0.001546
0,0.153306,-0.002994,0.174662,0.012022,0.20155,-0.036257,0.002676,0.001546
0,0.010084,0.092868,-0.165036,0.123452,-0.173634,0.137371,0.000176,0.001621
0,-0.076195,-0.155385,-0.068298,-0.275713,-0.055196,-0.275823,0.00133,0.001546
0,-0.122222,-0.01105,-0.058831,0.141342,-0.066685,0.139538,0.002133,0.001546
0,0.046555,-0.074696,0.178577,-0.040754,0.181716,0.002049,0.000813,0.001546
0,0.084398,-0.123501,0.056295,-0.04443,0.04199,-0.065142,0.001473,0.001546
0,-0.0009,0.045667,-0.106043,0.148688,-0.147109,0.130333,1.6e-05,0.001546
0,2.2e-05,-0.051459,0.01102,-0.111506,-0.015153,-0.123271,0.0,0.001546
0,0.117131,-0.10993,0.097198,-0.068777,0.063344,-0.096033,0.002044,0.001546
0,-0.077673,0.024641,-0.17397,0.124174,-0.164022,0.093292,0.001356,0.001546
0,0.074908,0.092771,0.128306,0.074508,0.177416,0.12239,0.001307,0.001619
0,-0.086164,-0.105089,-0.148539,-0.169091,-0.174933,-0.158913,0.001504,0.001546
0,-0.097216,-0.092664,-0.024363,0.031963,-0.022182,0.040354,0.001697,0.001546
0,0.055766,0.016354,0.167242,0.096918,0.173228,0.077482,0.000973,0.001546
0,-0.059838,-0.127563,-0.100987,-0.123223,-0.073091,-0.133633,0.001044,0.001546
0,-0.077127,-0.12126,-0.0146,0.000338,0.03211,0.010174,0.001346,0.001546
0,-0.077287,0.041473,-0.010816,0.160888,-0.001407,0.125365,0.001349,0.001546
0,-0.082643,0.138142,0.010172,0.10262,0.022436,0.058896,0.001442,0.002411
0,-0.138588,0.075223,-0.034765,-0.092042,-0.068982,-0.104457,0.002419,0.001546
0,-0.098499,-0.087381,0.032766,-0.156339,0.031838,-0.164359,0.001719,0.001546
0,-0.068358,-0.08206,0.030241,-0.001806,0.01945,-0.003957,0.001193,0.001546
0,-0.125501,-0.132196,-0.069113,-0.030413,-0.047825,-0.019755,0.00219,0.001546
0,0.012239,-0.092198,0.157664,0.023959,0.186388,0.026498,0.000214,0.001546
0,-0.163788,-0.02516,-0.158212,0.064399,-0.165968,0.047227,0.002859,0.001546
0,-0.064334,0.023504,0.116768,0.024525,0.113754,0.008029,0.001123,0.001546
0,-0.108833,0.14962,-0.055401,0.109174,-0.097393,0.064868,0.001899,0.002611
0,-0.156578,0.154076,-0.05218,0.012234,-0.008067,-0.002133,0.002733,0.002689
0,-0.130442,-0.062994,0.038413,-0.228782,-0.001393,-0.263424,0.002277,0.001546
0,0.038738,0.124475,0.178592,0.17856,0.188086,0.213177,0.000676,0.002173
0,-0.110668,0.038584,-0.158972,-0.105691,-0.115082,-0.070653,0.001932,0.001546
0,-0.281471,-0.06296,-0.170175,-0.087646,-0.213605,-0.06895,0.001778,0.001546
0,-0.128916,0.004973,0.123487,0.057791,0.164272,0.060348,0.00225,0.001546
0,3.3e-05,0.069046,0.158738,0.063237,0.143357,0.078994,1e-06,0.001546
0,-0.097825,-0.104309,-0.091765,-0.145707,-0.084437,-0.121947,0.001707,0.001546
0,0.059164,0.009665,0.151142,0.087986,0.167947,0.086997,0.001033,0.001546
0,0.017576,-0.123744,-0.033989,-0.131538,-0.044442,-0.159667,0.000307,0.001546
0,-0.107702,-0.059603,-0.147915,0.090471,-0.194717,0.114345,0.00188,0.001546
0,-0.009406,-0.12999,0.073792,-0.072647,0.04677,-0.044296,0.000164,0.001546
0,-0.033586,-0.038212,0.000437,0.062666,-0.017892,0.013935,0.000586,0.001546
0,0.082121,-0.09866,0.132213,-0.089801,0.116993,-0.129955,0.001433,0.001546
0,-0.03653,-0.088812,-0.094362,0.023738,-0.135058,0.001408,0.000638,0.001546
0,-0.052674,-0.062409,-0.032941,0.005559,-0.003364,0.027248,0.000919,0.001546
0,0.025462,-0.119008,0.0969,-0.044112,0.049568,-0.036158,0.000444,0.001546
0,0.088894,0.088081,0.079386,0.190278,0.061203,0.152327,0.001551,0.001546
0,0.220421,-0.008723,0.110297,-0.076129,0.157607,-0.096628,0.002844,0.001546
0,0.176478,0.127296,-0.014892,0.136403,0.015673,0.154933,0.00308,0.002222
0,0.214772,0.027492,0.025558,-0.11087,-0.00125,-0.086412,0.002942,0.001546
0,-1.095422,0.727978,-1.299259,0.716993,-1.32488,0.715782,0.000954,0.000676
0,-1.342564,0.661941,-0.217499,-0.056779,-0.249103,-0.04171,0.003331,0.001829
0,-1.830283,0.615649,-0.474916,-0.022648,-0.524537,-0.034413,0.00151,0.002637
0,-2.397558,0.546767,-0.581016,-0.098269,-0.531102,-0.13182,0.0017,0.002852
0,-1.891404,0.580742,0.500014,0.008882,0.529142,0.030091,0.000443,0.003246
0,-1.604957,0.559167,0.26204,-0.032935,0.245666,0.006684,0.001249,0.003068
0,-1.268848,0.447842,0.32854,-0.128803,0.329245,-0.167169,0.002073,0.001125
0,-1.164859,0.368837,0.114522,-0.08797,0.159308,-0.095834,0.000258,0.000253
0,-0.893086,0.253329,0.272997,-0.119835,0.318691,-0.122407,0.002206,0.002269
0,-0.573954,0.016967,0.30574,-0.256721,0.281356,-0.29834,0.003327,0.000296
0,-0.140947,0.20177,0.433325,0.178751,0.405817,0.185182,0.00246,0.003169
0,-0.109993,0.132541,0.034012,-0.057442,0.068809,-0.048186,0.00192,0.002313
0,-0.173423,-0.117589,-0.092724,-0.257315,-0.098048,-0.24816,0.003027,0.002052
0,-0.186864,-0.200615,-0.02429,-0.072738,-0.042843,-0.120734,0.003261,0.003189
0,0.038787,-0.154917,0.229131,0.048548,0.212187,0.047214,0.000677,0.002704
0,0.113134,0.018262,0.052791,0.165749,0.020348,0.140233,0.001975,0.000319
0,0.082205,0.025633,-0.055635,-0.018191,-0.046586,-0.036297,0.001435,0.000447
0,-0.028736,-0.194311,-0.099889,-0.214741,-0.106221,-0.164876,0.000502,0.003299
0,-0.185423,-0.009128,-0.148151,0.156131,-0.188985,0.204296,0.003236,0.000159
0,-0.135125,-0.141307,0.022352,-0.160855,0.011185,-0.172439,0.002358,0.002466
0,-0.192791,-0.112075,-0.031709,-0.000286,-0.035479,-0.033975,0.003326,0.001956
0,-0.020143,0.02331,0.177813,0.154464,0.154237,0.187345,0.000352,0.000407
0,0.036433,0.094926,0.065529,0.09164,0.043489,0.118788,0.000636,0.001657
0,-0.014214,0.021621,-0.060333,-0.088812,-0.046045,-0.091815,0.000248,0.000377
0,-0.012679,0.087167,0.030071,0.06506,0.014323,0.053526,0.000221,0.001521
0,-0.081583,0.080105,-0.082882,-0.029434,-0.106812,0.01394,0.001424,0.001398
0,-0.054221,0.131384,0.008145,0.039499,0.050514,0.064578,0.000946,0.002293
0,-0.023244,-0.008463,0.046595,-0.132846,0.002496,-0.133073,0.000406,0.000148
0,0.063624,-0.141523,0.068718,-0.16054,0.117868,-0.162107,0.00111,0.00247
0,0.108155,0.126593,0.031579,0.257526,0.059855,0.22168,0.001888,0.002209
0,-0.139853,0.042719,-0.260338,-0.101723,-0.272672,-0.124801,0.002441,0.000746
0,-0.113071,0.0039,0.054173,-0.021361,0.013463,0.028256,0.001973,6.8e-05
0,-0.058,0.040958,0.057947,0.047106,0.09245,0.095079,0.001012,0.000715
0,0.011768,-0.081714,0.053214,-0.136347,0.061003,-0.129677,0.000205,0.001426
0,-0.000133,0.132068,-0.034688,0.237537,-0.048811,0.264483,2e-06,0.002305
0,0.005912,-0.019373,0.009083,-0.163321,0.010575,-0.148042,0.000103,0.000338
0,0.0045,-0.054965,-0.026119,-0.054882,0.001526,-0.01123,7.9e-05,0.000959
0,0.086988,0.001599,0.073827,0.084427,0.048799,0.057898,0.001518,2.8e-05
0,0.169854,0.086869,0.101473,0.108144,0.130018,0.148078,0.002965,0.001516
0,-0.024142,0.107371,-0.192924,0.036293,-0.211788,0.054993,0.000421,0.001874
0,-0.057876,-0.172503,-0.030396,-0.264376,-0.046089,-0.224143,0.00101,0.003011
0,-0.016909,-0.06451,0.033619,0.117326,0.08195,0.121366,0.000295,0.001126
0,-0.030084,-0.016959,-0.023443,0.050469,-0.005453,0.060753,0.000525,0.000296
0,0.010863,0.095157,0.047584,0.107166,0.09655,0.132455,0.00019,0.001661
0,-0.033686,0.036809,-0.065243,-0.05609,-0.059894,-0.060464,0.000588,0.000642
0,-0.105151,-0.158386,-0.076505,-0.205326,-0.033143,-0.215667,0.001835,0.002764
0,0.048134,-0.066727,0.176413,0.072105,0.17584,0.050017,0.00084,0.001165
0,-0.067186,0.067776,-0.12052,0.121181,-0.081343,0.147893,0.001173,0.001183
0,-0.022307,0.031577,0.05449,-0.036052,0.104088,0.005984,0.000389,0.000551
0,0.088094,0.085265,0.128512,0.040413,0.160823,0.088133,0.001538,0.001488
0,0.038017,0.030423,-0.038063,-0.080184,-0.027653,-0.078352,0.000664,0.000531
0,-0.096175,0.10685,-0.131349,0.105376,-0.101897,0.085334,0.001679,0.001865
0,0.091217,-0.06601,0.162103,-0.145001,0.115993,-0.186046,0.001592,0.001152
0,-0.132216,-0.040445,-0.211286,0.02864,-0.224116,0.041909,0.002308,0.000706
0,0.021021,0.068905,0.132789,0.090511,0.106558,0.083408,0.000367,0.001203
0,-0.025629,0.01599,-0.053121,-0.050581,-0.015801,-0.02886,0.000447,0.000279
0,-0.036871,0.02449,-0.003447,-0.016761,0.038114,-0.032594,0.000644,0.000427
0,-0.057896,-0.077526,-0.004039,-0.110307,-0.040488,-0.140614,0.00101,0.001353
0,-0.145174,-0.057757,-0.104273,0.034364,-0.092943,0.069464,0.002534,0.001008
0,0.024297,-0.041415,0.183861,0.01742,0.153871,-0.002574,0.000424,0.000723
0,-0.098737,-0.069022,-0.148591,-0.004721,-0.142139,-0.0426,0.001723,0.001205
0,-0.210151,0.157095,-0.087442,0.205693,-0.045571,0.167668,0.003023,0.002742
0,0.048119,0.110609,0.27686,-0.070502,0.306279,-0.075481,0.00084,0.00193
0,0.025112,-0.138073,-0.005093,-0.225854,0.007766,-0.197711,0.000438,0.00241
0,0.083869,0.039522,0.073188,0.159746,0.089678,0.123274,0.001464,0.00069
0,-0.116321,-0.137669,-0.197506,-0.160376,-0.187123,-0.189033,0.00203,0.002403
0,-0.062221,-0.132222,0.032275,0.032717,0.018844,0.042061,0.001086,0.002308
0,0.03429,-0.066459,0.108142,0.042141,0.120681,-0.006515,0.000598,0.00116
0,-0.018164,-0.003591,-0.027948,0.044392,-0.021393,0.075172,0.000317,6.3e-05
0,0.126901,0.062439,0.126158,0.037157,0.148269,0.00819,0.002215,0.00109
0,0.089434,0.152418,-0.026873,0.111327,0.013059,0.072037,0.001561,0.00266
0,-0.091613,0.05082,-0.152753,-0.083476,-0.14393,-0.085527,0.001599,0.000887
0,0.115228,0.004847,0.218518,-0.029271,0.228494,-0.058136,0.002011,8.5e-05
0,-0.013468,-0.105205,-0.130088,-0.093578,-0.092085,-0.096494,0.000235,0.001836
0,-0.136813,0.040862,-0.104066,0.147582,-0.152582,0.18113,0.002388,0.000713
0,-0.087539,0.005543,0.045877,-0.02976,0.061793,-0.014173,0.001528,9.7e-05
0,-0.02557,-0.061853,0.079729,-0.047067,0.126941,-0.060088,0.000446,0.00108
0,-0.015692,-0.083397,-0.019246,-0.02642,0.003499,0.008524,0.000274,0.001456
0,0.160651,-0.011296,0.190245,0.055923,0.187042,0.022035,0.002804,0.000197
0,0.144613,-0.203932,-0.005165,-0.206462,-0.011151,-0.231405,0.002524,0.003132
0,1.099024,-0.007291,0.939257,0.191257,0.981415,0.23167,0.000891,0.000127
0,1.400888,0.014472,0.328975,0.018365,0.294364,-0.013647,0.002313,0.000253
0,1.564128,-0.122329,0.16812,-0.126731,0.165979,-0.124244,0.000536,0.002135
0,1.267708,0.078143,-0.320946,0.22433,-0.327639,0.183506,0.002053,0.001364
0,1.223161,-0.168786,-0.022176,-0.220029,0.010118,-0.25355,0.001276,0.002946
0,0.818505,0.000495,-0.409689,0.159995,-0.39685,0.203461,0.000904,9e-06
0,0.608453,-0.167129,-0.211616,-0.163952,-0.210538,-0.145929,0.002762,0.002917
0,0.283575,0.042544,-0.311232,0.217762,-0.314392,0.235271,0.001741,0.000743
0,0.243468,-0.116681,-0.041832,-0.166632,-0.062298,-0.144563,0.002442,0.002036
0,0.100977,0.076348,-0.164459,0.165606,-0.14798,0.184724,0.001762,0.001333
0,-0.021703,-0.075573,-0.147412,-0.178751,-0.138898,-0.160728,0.000379,0.001319
0,-0.022049,0.06164,-0.004156,0.112316,0.020812,0.125009,0.000385,0.001076
0,0.016746,-0.091594,0.065303,-0.169653,0.030867,-0.156403,0.000292,0.001599
0,0.010608,-0.003773,0.00637,0.116991,0.042218,0.130875,0.000185,6.6e-05
0,-0.276556,0.000286,-0.299557,-0.004877,-0.254719,-0.033286,0.001864,5e-06
0,-0.240882,-0.094791,0.025166,-0.097256,0.013495,-0.07483,0.002487,0.001654
0,-0.178114,-0.098102,0.054032,0.007331,0.089881,-0.004656,0.003109,0.001712
0,-0.132614,-0.095243,0.065597,-0.009252,0.059408,-0.056618,0.002315,0.001662
0,-0.089051,-0.135186,0.058687,-0.040511,0.045862,-0.084018,0.001554,0.002359
0,-0.004322,0.080577,0.103924,0.212695,0.118681,0.226103,7.5e-05,0.001406
0,-0.095671,-0.088372,-0.095539,-0.172886,-0.13687,-0.209205,0.00167,0.001542
0,-0.053642,0.101907,0.069535,0.161994,0.095142,0.137831,0.000936,0.001779
0,0.138977,0.043038,0.189744,-0.087736,0.147824,-0.086784,0.002426,0.000751
0,0.080632,0.022813,-0.052381,-0.030302,-0.055036,-0.058119,0.001407,0.000398
0,-0.08797,-0.154814,-0.167034,-0.190575,-0.164181,-0.232317,0.001535,0.002702
0,0.012821,0.109579,0.12851,0.270078,0.089348,0.266178,0.000224,0.001913
0,0.070319,0.038786,0.085892,-0.064472,0.07665,-0.095465,0.001227,0.000677
0,-0.06602,0.064037,-0.156664,-0.001448,-0.152156,-0.022869,0.001152,0.001118
0,0.056036,-0.083132,0.120861,-0.169945,0.14441,-0.165375,0.000978,0.001451
0,0.047055,0.06963,-0.035731,0.129294,-0.039062,0.133819,0.000821,0.001215
0,-0.074299,-0.118875,-0.140361,-0.181166,-0.153307,-0.134928,0.001297,0.002075
0,0.083437,-0.147716,0.185054,-0.041783,0.17375,-0.069303,0.001456,0.002578
0,-0.086755,-0.080439,-0.182632,0.046715,-0.202354,0.03097,0.001514,0.001404
0,0.050832,-0.138689,0.141439,-0.07901,0.18286,-0.128262,0.000887,0.002421
0,0.11456,-0.117207,0.055692,0.024824,0.021754,0.045139,0.001999,0.002046
0,-0.107474,-0.050417,-0.231916,0.087948,-0.266282,0.067857,0.001876,0.00088
0,-0.04152,0.068632,0.083885,0.104207,0.096081,0.130339,0.000725,0.001198
0,-0.014413,0.000184,0.047317,-0.080477,0.042377,-0.054517,0.000252,3e-06
0,-0.031585,-0.055599,0.005237,-0.084523,0.01414,-0.038352,0.000551,0.00097
0,-0.011037,0.110399,0.033197,0.15665,0.046103,0.175543,0.000193,0.001927
0,0.16399,-0.067886,0.195195,-0.173942,0.156573,-0.184664,0.002862,0.001185
0,0.03962,0.104472,-0.151238,0.189094,-0.198269,0.156682,0.000692,0.001823
0,0.022536,-0.117043,-0.017841,-0.213797,0.031918,-0.222556,0.000393,0.002043
0,0.270365,0.09608,0.239293,0.219464,0.200631,0.196142,0.001972,0.001677
0,0.003714,-0.163221,-0.240276,-0.268666,-0.200428,-0.258341,6.5e-05,0.002849
0,0.00152,-0.116399,-0.024294,0.060131,0.022619,0.093747,2.7e-05,0.002032
0,0.110545,-0.049578,0.089721,0.093094,0.098345,0.112524,0.001929,0.000865
0,-0.03478,-0.113288,-0.162773,-0.087381,-0.1682,-0.105259,0.000607,0.001977
0,0.126891,-0.041079,0.157942,0.090411,0.143958,0.12857,0.002215,0.000717
0,0.030803,0.132201,-0.074854,0.17984,-0.070051,0.151899,0.000538,0.002307
0,0.134354,-0.140232,0.083326,-0.283985,0.118085,-0.307894,0.002345,0.002448
0,-0.047377,-0.153819,-0.203094,0.015209,-0.200058,0.020331,0.000827,0.002685
0,-0.154263,0.040022,-0.109829,0.207367,-0.150625,0.208646,0.002692,0.000699
0,-0.176202,-0.106947,-0.015703,-0.127282,0.021541,-0.136882,0.003075,0.001867
0,0.04325,-0.043523,0.215539,0.058515,0.254728,0.052958,0.000755,0.00076
0,-0.113283,0.070922,-0.157875,0.127427,-0.117467,0.141324,0.001977,0.001238
0,0.002901,-0.121898,0.09477,-0.197204,0.083887,-0.219981,5.1e-05,0.002128
0,0.03332,-0.008141,0.00092,0.097377,0.034365,0.056,0.000582,0.000142
0,-0.145766,0.11115,-0.207056,0.1049,-0.235771,0.092168,0.002544,0.00194
0,0.102988,-0.002381,0.226871,-0.107879,0.244322,-0.080049,0.001797,4.2e-05
0,0.072086,-0.04496,-0.01876,-0.05492,0.026151,-0.09628,0.001258,0.000785
0,-0.066393,-0.100595,-0.123172,-0.061741,-0.143336,-0.053126,0.001159,0.001756
0,-0.190726,0.181933,-0.136419,0.268454,-0.179459,0.257039,0.003329,0.003175
0,-0.122067,0.047716,0.094268,-0.121729,0.082271,-0.088229,0.00213,0.000833
0,-0.143062,-0.067592,-0.025537,-0.091009,-0.059875,-0.098603,0.002497,0.00118
0,-0.069835,0.083473,0.090796,0.160147,0.042799,0.170815,0.001219,0.001457
0,0.014631,0.029254,0.108187,-0.050451,0.072252,-0.073483,0.000255,0.000511
0,-0.01455,-0.053812,-0.024973,-0.102573,0.016706,-0.127222,0.000254,0.000939
0,-0.120888,-0.157942,-0.105633,-0.118955,-0.108391,-0.099137,0.00211,0.002757
0,-0.043372,-0.155827,0.105441,-0.007073,0.108666,0.034499,0.000757,0.00272
0,-0.18826,0.122242,-0.124755,0.277957,-0.148924,0.286771,0.003286,0.002134
0,-0.251599,-0.009939,-0.075975,-0.159595,-0.094098,-0.13293,0.0023,0.000173
0,-0.091571,0.045753,0.168923,0.078713,0.176334,0.049212,0.001598,0.000799
0,-0.081812,-0.17581,-0.000384,-0.225518,-0.026189,-0.267251,0.001428,0.003068
0,-0.266882,0.018218,-0.190408,0.205636,-0.175933,0.227889,0.002033,0.000318
0,0.023744,-0.121927,0.308181,-0.166349,0.26167,-0.146796,0.000414,0.002128
0,-0.142737,0.077419,-0.187263,0.221954,-0.14422,0.212618,0.002491,0.001351
0,-0.056045,0.015865,0.084918,-0.056633,0.097006,-0.070113,0.000978,0.000277
0,-0.018682,-0.169493,0.028183,-0.192973,0.073581,-0.235944,0.000326,0.002958
0,0.055112,0.015343,0.055898,0.196068,0.047849,0.215333,0.000962,0.000268
0,0.045869,-0.096143,-0.026607,-0.108078,-0.006439,-0.133323,0.000801,0.001678
0,-0.089398,-0.163285,-0.126653,-0.060777,-0.149368,-0.07485,0.00156,0.00285
0,0.117823,-0.084178,0.226574,0.081351,0.187912,0.062961,0.002056,0.001469
0,-0.049717,-0.069572,-0.195502,0.013654,-0.223183,0.029922,0.000868,0.001214
0,-0.106917,-0.10644,-0.086694,-0.011777,-0.121452,-0.046312,0.001866,0.001858
0,0.189422,-0.070275,0.321232,0.038321,0.367795,0.000223,0.003306,0.001227
0,-0.077482,-0.190322,-0.255208,-0.119869,-0.223571,-0.114042,0.001352,0.003322
0,-0.069626,0.008872,0.025521,0.175388,0.025928,0.19017,0.001215,0.000155
0,0.052104,0.103498,0.143105,0.10095,0.097353,0.067508,0.000909,0.001806
0,0.044779,0.037132,-0.01113,-0.044281,0.007574,0.002506,0.000782,0.000648
0,-0.010765,0.131975,-0.074299,0.119556,-0.106173,0.076773,0.000188,0.002303
0,0.000753,0.020819,-0.009019,-0.093654,0.028322,-0.137159,1.3e-05,0.000363
0,0.032288,0.082977,0.01582,0.066611,0.028491,0.107569,0.000564,0.001448
0,0.098192,0.052528,0.070439,-0.031419,0.118101,0.007187,0.001714,0.000917
0,-0.011961,0.119992,-0.132687,0.063796,-0.085906,0.046943,0.000209,0.002094
0,-0.003736,0.060912,-0.001373,-0.064916,-0.011092,-0.099544,6.5e-05,0.001063
0,0.209295,-0.051788,0.219652,-0.09524,0.212798,-0.099502,0.003038,0.000904
0,0.140558,0.079639,-0.064885,0.132785,-0.103092,0.119551,0.002453,0.00139
0,0.081528,0.149247,-0.073147,0.045419,-0.032112,0.022911,0.001423,0.002605
0,0.053764,0.064433,-0.046606,-0.074159,-0.024468,-0.102768,0.000938,0.001125
0,0.070615,-0.093108,0.033365,-0.156857,0.065951,-0.154214,0.001232,0.001625
0,0.091315,0.100953,0.025737,0.193518,0.006709,0.213109,0.001594,0.001762
0,0.239563,0.011379,0.135804,-0.072061,0.121946,-0.045882,0.00251,0.000199
0,0.13827,-0.027635,-0.126308,-0.061347,-0.152076,-0.088592,0.002413,0.000482
0,0.186894,-0.018327,0.03594,0.01453,0.030272,-0.003012,0.003262,0.00032
0,0.025632,0.151639,-0.189595,0.194042,-0.194735,0.196962,0.000447,0.002647
0,0.280427,0.055818,0.283935,-0.09502,0.295307,-0.089452,0.001796,0.000974
0,0.215812,-0.021304,-0.040957,-0.057242,-0.079354,-0.074052,0.002924,0.000372
0,0.22193,-0.054474,-0.012352,-0.050962,-0.014369,-0.023867,0.002817,0.000951
0,0.000807,0.161179,-0.229325,0.197543,-0.221032,0.173169,1.4e-05,0.002813
0,0.157347,0.160531,0.183447,-0.018681,0.185003,-0.056436,0.002746,0.002802
0,0.146744,0.006226,-0.012147,-0.15963,0.01151,-0.124279,0.002561,0.000109
0,0.059724,0.098696,-0.095786,0.115886,-0.109756,0.12788,0.001042,0.001723
0,0.097884,0.130291,0.048041,0.029103,0.053475,0.061312,0.001708,0.002274
0,0.035317,0.007387,-0.090801,-0.131467,-0.062537,-0.114329,0.000616,0.000129
0,0.052801,0.087292,0.005233,0.093695,-0.032812,0.095414,0.000922,0.001524
0,0.048059,0.143374,0.023699,0.067696,-0.010455,0.046853,0.000839,0.002502
0,0.085652,0.09889,0.021776,-0.048493,0.001665,-0.090662,0.001495,0.001726
0,0.214718,-0.064447,0.128882,-0.182629,0.152579,-0.175995,0.002943,0.001125
0,0.009537,0.164262,-0.186952,0.217992,-0.226648,0.183733,0.000166,0.002867
0,0.057395,0.031055,0.077401,-0.157095,0.056537,-0.146666,0.001002,0.000542
0,0.123733,0.171597,0.057989,0.153418,0.027463,0.169779,0.00216,0.002995
0,0.050168,0.139304,-0.066377,-0.054163,-0.043196,-0.090526,0.000876,0.002431
0,-0.119744,0.097491,-0.170857,-0.043142,-0.162077,-0.056602,0.00209,0.001702
0,-0.101958,-0.017462,0.042953,-0.100234,0.064026,-0.099158,0.00178,0.000305
0,0.05934,0.042997,0.180622,0.050968,0.205562,0.062963,0.001036,0.00075
0,-0.182078,0.088856,-0.213694,0.055414,-0.241168,0.028495,0.003178,0.001551
0,0.118332,0.042985,0.281931,-0.025359,0.295523,-0.008628,0.002065,0.00075
0,0.089258,0.148868,-0.025529,0.079419,-0.022902,0.04117,0.001558,0.002598
0,-0.101051,-0.106752,-0.211336,-0.234623,-0.194248,-0.238394,0.001764,0.001863
0,0.073931,0.15912,0.14723,0.265415,0.148004,0.240314,0.00129,0.002777
0,-0.027467,0.041318,-0.126639,-0.107575,-0.077115,-0.062688,0.000479,0.000721
0,-0.014006,-0.083746,-0.007862,-0.123574,0.008973,-0.10493,0.000244,0.001462
0,0.08173,0.172381,0.100592,0.264563,0.062112,0.28461,0.001426,0.003009
0,0.083512,0.044507,-0.006666,-0.113099,0.036752,-0.105045,0.001458,0.000777
0,0.060407,-0.067395,-0.043088,-0.123298,-0.032717,-0.110621,0.001054,0.001176
0,0.150294,0.0201,0.104542,0.059631,0.100725,0.073424,0.002623,0.000351
0,0.150507,0.070258,-0.019075,0.035768,-0.032207,-0.005391,0.002627,0.001226
0,0.070924,-0.079958,-0.090738,-0.160657,-0.134404,-0.149295,0.001238,0.001396
0,0.002113,0.103204,-0.060098,0.185441,-0.075766,0.198481,3.7e-05,0.001801
0,-0.065908,0.166624,-0.040131,0.037151,-0.061517,0.044286,0.00115,0.002908
0,0.027943,0.048232,0.065394,-0.097707,0.073172,-0.075119,0.000488,0.000842
0,0.133027,-0.069511,0.107306,-0.115983,0.135846,-0.117961,0.002322,0.001213
0,-0.049786,0.154788,-0.199496,0.207566,-0.209239,0.208389,0.000869,0.002702
0,0.097948,0.054262,0.14704,-0.079877,0.138389,-0.077568,0.00171,0.000947
0,-0.131362,-0.072943,-0.244555,-0.121111,-0.219821,-0.154949,0.002293,0.001273
0,0.016044,0.183277,0.143103,0.282648,0.14164,0.297114,0.00028,0.003199
0,-0.023334,-0.00786,-0.057706,-0.179495,-0.033987,-0.19715,0.000407,0.000137
0,0.103663,0.122394,0.115274,0.120504,0.105434,0.098036,0.001809,0.002136
0,0.078616,0.035346,-0.016361,-0.083694,-0.050559,-0.085445,0.001372,0.000617
0,-0.055966,0.037723,-0.147926,0.026475,-0.119436,0.047975,0.000977,0.000658
0,0.121159,-0.069388,0.178163,-0.114278,0.139577,-0.076052,0.002115,0.001211
0,-0.142513,-0.051717,-0.241322,0.001623,-0.25566,-0.037524,0.002487,0.000903
0,0.008836,-0.115675,0.160142,-0.047304,0.148963,-0.064834,0.000154,0.002019
0,-0.104089,-0.115945,-0.10367,0.02594,-0.093622,0.025984,0.001817,0.002024
0,-0.00321,-0.093378,0.102568,0.03948,0.072193,0.060415,5.6e-05,0.00163
0,1.381834,0.304172,1.355376,0.40762,1.348405,0.432337,0.002646,0.001382
0,1.690131,0.343415,0.302929,0.038392,0.323022,-0.006437,0.002735,0.000697
0,1.843215,0.337551,0.160323,0.021392,0.114389,0.027714,0.001284,0.000799
0,3.257913,0.229567,1.396072,-0.123541,1.437928,-0.091214,0.003335,0.002684
0,3.47254,0.450261,0.223365,0.199274,0.262182,0.186442,0.00039,0.001168
0,3.080007,0.411751,-0.411683,-0.02106,-0.385984,-0.051105,0.00023,0.000496
0,2.672363,0.304248,-0.424976,-0.10791,-0.452693,-0.097261,0.000194,0.001381
0,2.105607,0.090316,-0.588829,-0.237639,-0.614371,-0.282604,0.003296,0.001576
0,1.405933,0.089483,-0.687744,0.025982,-0.645571,0.041871,0.002225,0.001562
0,0.73306,0.236451,-0.698794,0.14543,-0.716109,0.123999,0.000587,0.002564
0,0.476727,0.115316,-0.251418,-0.128834,-0.272225,-0.107692,0.00163,0.002013
0,0.107822,-0.026976,-0.369904,-0.163683,-0.351289,-0.148971,0.001882,0.000471
0,0.073648,0.159151,-0.05997,0.184888,-0.075707,0.192078,0.001285,0.002778
0,-0.02201,-0.160784,-0.072542,-0.329179,-0.031898,-0.308078,0.000384,0.002806
0,-0.048849,0.122756,-0.046066,0.29514,-0.018481,0.321692,0.000853,0.002142
0,-0.286537,-0.09246,-0.248632,-0.222499,-0.221826,-0.264661,0.00169,0.001614
0,-0.359904,-0.028649,-0.092797,0.088386,-0.092914,0.106254,0.000409,0.0005
0,-0.028913,-0.062367,0.34219,-0.052635,0.351637,-0.007662,0.000505,0.001089
0,-0.176626,0.077481,-0.127085,0.159578,-0.162995,0.111683,0.003083,0.001352
0,-0.006862,-0.152843,0.182897,-0.235775,0.200626,-0.186044,0.00012,0.002668
0,-0.176335,0.081741,-0.156308,0.247088,-0.202602,0.229398,0.003078,0.001427
0,-0.017162,0.029683,0.160126,-0.023475,0.110134,0.019056,0.0003,0.000518
0,-0.137941,-0.030564,-0.109146,-0.064367,-0.15264,-0.047795,0.002408,0.000533
0,-0.153096,-0.144672,-0.011915,-0.105579,0.033368,-0.070393,0.002672,0.002525
0,-0.207181,-0.08224,-0.027956,0.090024,-0.008222,0.070639,0.003075,0.001435
0,-0.184198,-0.037813,0.03882,0.038331,-0.005222,-0.002984,0.003215,0.00066
0,-0.142915,-0.133302,0.026784,-0.09798,0.02445,-0.054628,0.002494,0.002327
0,0.066338,0.037578,0.183283,0.189347,0.15454,0.143567,0.001158,0.000656
0,0.082813,0.04291,-0.00642,-0.024323,-0.04137,0.002971,0.001445,0.000749
0,-0.110822,-0.101382,-0.172483,-0.159122,-0.163472,-0.117538,0.001934,0.001769
0,-0.065013,-0.20656,0.068031,-0.086228,0.020601,-0.090838,0.001135,0.003086
0,0.12122,-0.006746,0.167643,0.171229,0.144472,0.187094,0.002116,0.000118
0,0.113823,-0.042118,-0.036549,-0.061273,-0.001635,-0.057543,0.001987,0.000735
0,0.129921,-0.155214,0.009828,-0.09241,-0.038752,-0.056117,0.002268,0.002709
0,-0.014803,-0.078467,-0.158762,0.067828,-0.110236,0.060867,0.000258,0.00137
0,0.09009,-0.014619,0.100259,0.072804,0.108225,0.106657,0.001572,0.000255
0,-0.120331,0.070007,-0.239876,0.109802,-0.259239,0.135772,0.0021,0.001222
0,-0.058305,0.030186,0.074902,-0.020327,0.110029,-0.061007,0.001018,0.000527
0,0.121984,0.038019,0.167309,0.008382,0.214169,-0.002977,0.002129,0.000664
0,-0.028764,-0.025559,-0.126785,-0.070815,-0.149753,-0.084626,0.000502,0.000446
0,0.069689,0.015005,0.102848,0.038765,0.12039,0.065721,0.001216,0.000262
0,-0.159087,-0.066337,-0.231156,-0.100237,-0.215151,-0.14559,0.002777,0.001158
0,-0.016354,-0.206859,0.162001,-0.164742,0.145937,-0.155826,0.000285,0.00308
0,-0.047702,0.047668,-0.005919,0.270648,0.027509,0.265825,0.000833,0.000832
0,0.081532,0.024993,0.116077,-0.010793,0.136535,-0.021967,0.001423,0.000436
0,0.110126,0.075749,0.003704,0.033361,-0.008478,0.045861,0.001922,0.001322
0,0.02466,0.020403,-0.109615,-0.045924,-0.122576,-0.064388,0.00043,0.000356
0,0.080616,-0.105993,0.085878,-0.098828,0.127044,-0.102627,0.001407,0.00185
0,0.081257,-0.087396,-0.01718,0.018865,0.001721,0.060598,0.001418,0.001525
0,0.007003,-0.120428,-0.060356,-0.054839,-0.076353,-0.056516,0.000122,0.002102
0,0.097749,-0.045788,0.099807,0.052223,0.056451,0.063042,0.001706,0.000799
0,0.122598,0.047345,0.013026,0.071302,0.007709,0.060858,0.00214,0.000826
0,0.17916,0.001793,0.057718,-0.058608,0.100461,-0.022666,0.003127,3.1e-05
0,0.067183,-0.119342,-0.132175,-0.104009,-0.084238,-0.056946,0.001173,0.002083
0,0.143421,-0.043206,0.073305,0.095074,0.058474,0.067679,0.002503,0.000754
0,0.272354,0.091711,0.110761,0.149796,0.104777,0.134084,0.001937,0.001601
0,0.135498,0.088314,-0.114908,0.003446,-0.072914,-0.026395,0.002365,0.001541
0,0.174818,-0.153862,0.038365,-0.245963,0.033478,-0.2877,0.003051,0.002685
0,0.167672,-0.089699,0.007588,0.057714,0.045643,0.099586,0.002926,0.001566
0,0.11404,0.156596,-0.03952,0.220713,-0.078306,0.199994,0.00199,0.002733
0,0.197207,0.180222,0.075317,0.012569,0.105498,0.054241,0.003249,0.003145
0,0.10589,0.025946,-0.109488,-0.157836,-0.097651,-0.177639,0.001848,0.000453
0,0.107399,0.018804,-0.023629,-0.03327,0.016949,-0.008406,0.001874,0.000328
0,0.161622,-0.104802,0.040039,-0.106199,0.077263,-0.116714,0.002821,0.001829
0,-0.052043,0.174926,-0.20271,0.259196,-0.237567,0.270662,0.000908,0.003053
0,-0.03682,0.143816,0.035187,-0.045141,0.053041,-0.009423,0.000643,0.00251
0,0.105513,-0.035944,0.160786,-0.178962,0.166278,-0.143347,0.001842,0.000627
0,0.130177,-0.083694,-0.003293,-0.044806,-0.02656,-0.071637,0.002272,0.001461
0,-0.021742,-0.091476,-0.152614,0.018701,-0.130296,-0.027391,0.000379,0.001597
0,0.095325,0.009789,0.11972,0.129083,0.160961,0.097072,0.001664,0.000171
0,0.054675,0.008493,-0.055135,-0.028398,-0.030694,-0.04239,0.000954,0.000148
0,0.004817,-0.002779,-0.077624,-0.036707,-0.102836,-0.083077,8.4e-05,4.8e-05
0,-0.095792,0.14684,-0.128573,0.179369,-0.163835,0.203728,0.001672,0.002563
0,-0.114652,-0.028334,-0.011021,-0.183466,-0.021323,-0.194033,0.002001,0.000495
0,0.047884,0.217584,0.164346,0.241889,0.19353,0.246914,0.000836,0.002893
0,-0.036693,0.148876,-0.060123,-0.048408,-0.063844,-0.087279,0.00064,0.002598
0,0.003771,0.237043,0.017314,0.114929,0.033515,0.158073,6.6e-05,0.002554
0,0.000745,0.006465,-0.006612,-0.222191,-0.0343,-0.191044,1.3e-05,0.000113
0,0.186821,0.175284,0.189325,0.155502,0.158805,0.118711,0.003261,0.003059
0,0.075995,0.181673,-0.114814,0.035335,-0.093739,0.000233,0.001326,0.003171
0,0.036763,0.168678,-0.067242,-0.032979,-0.074849,-0.042048,0.000642,0.002944
0,0.111413,-0.02944,0.078858,-0.211022,0.119806,-0.193871,0.001945,0.000514
0,0.132252,0.050228,0.012264,0.075215,-0.018845,0.054302,0.002308,0.000877
0,0.128718,-0.016175,0.02461,-0.083879,0.067225,-0.04746,0.002247,0.000282
0,-0.054696,0.1356,-0.182874,0.152686,-0.143811,0.127193,0.000955,0.002367
0,-0.008459,-0.029376,0.038434,-0.187183,0.065269,-0.178768,0.000148,0.000513
0,0.104728,0.203274,0.09576,0.254587,0.067608,0.262315,0.001828,0.003143
0,0.244524,0.243525,0.123434,0.065466,0.145631,0.078512,0.002423,0.002441
0,0.171898,0.166287,-0.101735,-0.064482,-0.129595,-0.107643,0.003,0.002902
0,-0.018447,-0.045405,-0.212156,-0.216453,-0.22789,-0.265283,0.000322,0.000792
0,0.155355,0.079015,0.150802,0.151335,0.17645,0.134961,0.002711,0.001379
0,0.209678,0.02189,0.035354,-0.037234,0.07417,-0.005587,0.003031,0.000382
0,0.03326,0.045096,-0.147049,0.034569,-0.133971,0.024977,0.00058,0.000787
0,-0.087658,-0.016186,-0.127127,-0.076732,-0.092463,-0.067375,0.00153,0.000282
0,0.006168,-0.100846,0.120752,-0.060692,0.164113,-0.063381,0.000108,0.00176
0,0.008682,0.077978,0.010729,0.167484,-0.025161,0.185594,0.000152,0.001361
0,0.116784,-0.024603,0.122302,-0.095911,0.095697,-0.092787,0.002038,0.000429
0,-0.042715,0.015595,-0.137879,0.056521,-0.138562,0.018081,0.000746,0.000272
0,-0.128038,0.007144,-0.061003,0.017706,-0.102712,0.056688,0.002235,0.000125
0,-0.159353,0.064824,-0.011021,0.046257,-0.00069,-0.003239,0.002781,0.001131
0,-0.083413,-0.0502,0.058518,-0.085947,0.015437,-0.119362,0.001456,0.000876
0,0.096291,0.047352,0.166676,0.077807,0.124427,0.093189,0.001681,0.000826
0,-0.031153,-0.089054,-0.130645,-0.13584,-0.102182,-0.175932,0.000544,0.001554
0,0.045387,-0.055913,0.092671,0.012894,0.071712,0.011764,0.000792,0.000976
0,0.023571,0.075038,0.004903,0.142871,0.022853,0.128353,0.000411,0.00131
0,0.049238,0.03205,0.018987,-0.066244,0.004091,-0.082423,0.000859,0.000559
0,-0.126339,0.079024,-0.172587,0.029155,-0.12422,0.030241,0.002205,0.001379
0,-0.038603,0.013324,0.113085,-0.082469,0.120043,-0.128364,0.000674,0.000233
0,-0.011526,-0.105119,0.054707,-0.108563,0.10407,-0.140254,0.000201,0.001835
0,0.057138,0.071832,0.039656,0.184112,0.037887,0.13669,0.000997,0.001254
0,-0.03502,0.104797,-0.08928,0.046416,-0.043873,0.038202,0.000611,0.001829
0,-0.106657,-0.004947,-0.092544,-0.126262,-0.112986,-0.129608,0.001862,8.6e-05
0,0.072327,0.119966,0.171442,0.131315,0.208701,0.09269,0.001262,0.002094
0,-0.033686,0.125883,-0.085448,0.033881,-0.090879,0.038222,0.000588,0.002197
0,-0.247432,0.166331,-0.224787,0.069259,-0.219895,0.029532,0.002372,0.002903
0,-0.170768,0.08017,0.080842,-0.072242,0.037088,-0.028454,0.00298,0.001399
0,-0.12997,0.031482,0.033116,-0.023157,0.054988,-0.061905,0.002268,0.000549
0,-0.157382,0.086704,-0.013536,0.042039,-0.053874,0.057601,0.002747,0.001513
0,-0.195822,0.101755,-0.040879,0.020941,-0.068802,0.048361,0.003273,0.001776
0,-0.003551,0.102038,0.199161,-0.009435,0.192654,0.038721,6.2e-05,0.001781
0,-0.096086,0.020339,-0.096506,-0.063171,-0.14413,-0.037731,0.001677,0.000355
0,-0.085855,0.049296,-0.015985,0.013112,-0.052441,0.011624,0.001498,0.00086
0,-0.033172,-0.091211,0.041753,-0.113873,0.08047,-0.070003,0.000579,0.001592
0,0.028857,0.073676,0.062688,0.175103,0.026146,0.173947,0.000504,0.001286
0,-0.082689,-0.019072,-0.132748,-0.06605,-0.140718,-0.022174,0.001443,0.000333
0,0.000574,0.073246,0.079488,0.113864,0.036567,0.069271,1e-05,0.001278
0,0.057271,0.075874,0.059667,-0.025103,0.027437,-0.057584,0.001,0.001324
0,-0.096085,0.070474,-0.160525,0.012301,-0.178279,0.004572,0.001677,0.00123
0,0.102375,0.052273,0.225191,0.005048,0.245843,-0.005887,0.001787,0.000912
0,-0.031705,0.015241,-0.107596,-0.010369,-0.157272,-0.027877,0.000553,0.000266
0,0.02575,-0.075224,0.081196,-0.072862,0.122153,-0.116417,0.000449,0.001313
0,-0.127786,-0.083034,-0.178183,0.019363,-0.161818,0.014123,0.00223,0.001449
0,0.114749,0.125371,0.233337,0.209216,0.224774,0.209921,0.002003,0.002188
0,0.134766,0.022839,0.036713,-0.084386,0.039838,-0.046407,0.002352,0.000399
0,-0.04131,-0.082937,-0.162926,-0.100541,-0.145355,-0.141618,0.000721,0.001448
0,0.147281,0.191938,0.21032,0.288922,0.255599,0.277062,0.002571,0.003341
0,0.131693,0.149664,-0.036467,-0.02348,-0.028718,-0.033449,0.002298,0.002612
0,0.165985,-0.050354,0.030587,-0.175051,-0.01715,-0.181618,0.002897,0.000879
0,0.121752,-0.060685,-0.056899,-0.007222,-0.01413,0.016898,0.002125,0.001059
0,0.140252,0.060948,0.004742,0.093857,-0.034516,0.143132,0.002448,0.001064
0,0.292889,0.125776,0.167763,0.084942,0.192563,0.072015,0.001579,0.002195
0,0.192351,-0.110596,-0.1001,-0.224805,-0.147752,-0.21484,0.003334,0.00193
0,0.270968,0.029589,0.09545,0.137914,0.135208,0.165927,0.001962,0.000516
0,0.253589,0.024293,-0.011999,0.002674,0.037211,0.011829,0.002265,0.000424
0,-0.021771,0.08402,-0.267081,0.05494,-0.237983,0.064709,0.00038,0.001466
0,-0.037441,-0.092061,-0.012248,-0.182391,-0.060621,-0.14944,0.000653,0.001607
0,-0.03838,-0.041724,-0.009302,0.058628,-0.046662,0.074786,0.00067,0.000728
0,-0.087226,0.0218,-0.051618,0.079068,-0.091212,0.115188,0.001522,0.00038
0,-0.058289,-0.110842,0.002265,-0.126904,0.00199,-0.113511,0.001017,0.001935
0,0.139234,0.047818,0.196042,0.176904,0.17741,0.187742,0.00243,0.000835
0,0.016896,-0.089303,-0.10502,-0.109901,-0.091173,-0.10567,0.000295,0.001559
0,0.047193,0.027993,0.051858,0.131945,0.005968,0.156302,0.000824,0.000489
0,0.205776,-0.101525,0.160854,-0.157638,0.169257,-0.204916,0.003099,0.001772
0,0.002765,-0.042161,-0.193299,0.085978,-0.234036,0.036522,4.8e-05,0.000736
0,-0.099721,0.078628,-0.109677,0.103509,-0.077037,0.143789,0.00174,0.001372
0,-0.063096,-0.0754,0.037048,-0.150022,0.039094,-0.107578,0.001101,0.001316
0,0.04165,0.023226,0.096576,0.082521,0.113795,0.092647,0.000727,0.000405
0,-0.086007,-0.043833,-0.111664,-0.040498,-0.146816,-0.041264,0.001501,0.000765
0,0.097981,0.191703,0.213471,0.24447,0.242991,0.23007,0.00171,0.003345
0,-0.061124,0.176597,-0.151162,-0.017509,-0.111235,0.000213,0.001067,0.003082
0,0.002257,0.114011,0.05573,-0.037033,0.09731,-0.0405,3.9e-05,0.00199
0,-0.115851,0.044194,-0.103246,-0.091512,-0.131745,-0.103686,0.002022,0.000771
0,0.028315,-0.00161,0.149261,-0.042493,0.178973,-0.044582,0.000494,2.8e-05
0,0.101452,0.094265,0.101167,0.086547,0.094434,0.042863,0.001771,0.001645
0,0.058361,0.109857,-0.019892,-0.004413,-0.033955,-0.050287,0.001019,0.001917
0,-0.151122,-0.081954,-0.238664,-0.171091,-0.242261,-0.127143,0.002638,0.00143
0,-0.061087,0.001479,0.085593,0.104178,0.067988,0.106348,0.001066,2.6e-05
0,0.064123,0.105374,0.111102,0.100389,0.069135,0.06297,0.001119,0.001839
0,-0.068728,-0.018616,-0.133496,-0.129443,-0.182768,-0.136526,0.0012,0.000325
0,-0.10019,0.189111,-0.002369,0.192755,-0.018241,0.214039,0.001749,0.003301
0,0.084701,0.073644,0.17769,-0.138121,0.198906,-0.16264,0.001478,0.001285
0,-0.136881,-0.018959,-0.228432,-0.089672,-0.212737,-0.083592,0.002389,0.000331
0,0.039764,-0.130983,0.161153,-0.095028,0.160398,-0.101837,0.000694,0.002286
0,-0.178497,0.059848,-0.247414,0.20217,-0.263416,0.170431,0.003115,0.001045
0,0.067527,0.083999,0.25392,0.008921,0.284013,0.028909,0.001179,0.001466
0,-0.187313,0.094395,-0.233129,0.030609,-0.191571,0.034884,0.003269,0.001648
0,0.005777,0.125192,0.19937,0.041008,0.233,0.036087,0.000101,0.002185
0,0.005,-0.100645,0.011218,-0.229887,0.001421,-0.222577,8.7e-05,0.001757
0,0.001397,0.033357,-0.019021,0.105291,0.017329,0.120623,2.4e-05,0.000582
0,0.05816,0.011845,0.079202,-0.038193,0.056263,-0.004289,0.001015,0.000207
0,0.060768,-0.091694,0.019837,-0.076936,-0.017289,-0.103019,0.001061,0.0016
0,0.127773,-0.0519,0.090354,0.019703,0.125741,0.00285,0.00223,0.000906
0,-0.037727,-0.006751,-0.149554,0.047402,-0.148984,0.06584,0.000658,0.000118
0,-0.054255,-0.124532,-0.021328,-0.120939,0.01345,-0.088095,0.000947,0.002173
0,0.088246,0.027148,0.142447,0.161767,0.15866,0.143757,0.00154,0.000474
0,0.225018,0.156201,0.157305,0.114101,0.120315,0.133102,0.002764,0.002726
0,0.195181,0.164442,-0.043514,0.028983,-0.01972,0.02847,0.003284,0.00287
0,0.182359,-0.003164,-0.014355,-0.164334,0.015915,-0.19035,0.003183,5.5e-05
0,0.22438,0.142133,0.014026,0.15497,-0.024697,0.117631,0.002775,0.002481
0,0.229063,-0.041674,0.029931,-0.170997,-0.014183,-0.201287,0.002693,0.000727
0,0.033847,0.09273,-0.188675,0.149732,-0.195053,0.163531,0.000591,0.001618
0,0.128837,-0.08916,0.078809,-0.1989,0.078341,-0.219857,0.002249,0.001556
0,-0.016957,0.119042,-0.151843,0.19588,-0.200342,0.151753,0.000296,0.002078
0,0.083148,-0.036193,0.099293,-0.138731,0.068795,-0.105633,0.001451,0.000632
0,0.074447,0.033988,-0.022981,0.060642,0.006374,0.05058,0.001299,0.000593
0,0.221525,-0.031824,0.171898,-0.051627,0.142551,-0.099697,0.002824,0.000555
0,0.09623,-0.035415,-0.095868,-0.002365,-0.095709,-0.019751,0.00168,0.000618
0,-0.03319,-0.136478,-0.145476,-0.126105,-0.128641,-0.101348,0.000579,0.002382
0,-0.110427,-0.053662,-0.087164,0.107511,-0.115593,0.093627,0.001927,0.000937
0,0.008566,-0.076684,0.139557,-0.000553,0.168247,0.026266,0.00015,0.001338
0,-0.006181,0.045245,-0.025934,0.115762,-0.042637,0.121931,0.000108,0.00079
0,0.051521,-0.120318,0.037088,-0.18299,0.008286,-0.183766,0.000899,0.0021
0,0.022562,0.006024,-0.044374,0.148615,-0.054528,0.132898,0.000394,0.000105
0,-0.005216,0.068206,-0.041155,0.050568,-0.027796,0.054036,9.1e-05,0.00119
0,-0.112558,0.048838,-0.113097,0.005814,-0.131668,0.042772,0.001965,0.000852
0,-0.034984,0.049229,0.086221,0.002082,0.060432,-0.046324,0.000611,0.000859
0,0.040208,0.036358,0.061241,0.009461,0.063036,-0.028382,0.000702,0.000635
0,0.029705,0.099134,0.008068,0.043768,-0.028052,0.019975,0.000518,0.00173
0,0.022193,-0.116785,0.00172,-0.197866,-0.023674,-0.191503,0.000387,0.002038
0,-0.163734,-0.040134,-0.156745,0.058116,-0.12141,0.035005,0.002858,0.0007
0,0.032783,-0.044347,0.213204,-0.031342,0.222859,-0.010119,0.000572,0.000774
0,-0.123625,-0.049497,-0.128949,0.012482,-0.173373,0.045495,0.002158,0.000864
0,0.073351,0.106038,0.223406,0.184224,0.270035,0.216214,0.00128,0.001851
0,-0.185822,0.043485,-0.258601,-0.039691,-0.284925,-0.015096,0.003243,0.000759
0,-0.151484,-0.068683,0.050177,-0.102048,0.040528,-0.060384,0.002644,0.001199
0,-0.033159,-0.154074,0.117946,-0.102186,0.095599,-0.09502,0.000579,0.002689
0,-0.196309,-0.130174,-0.161935,-0.004841,-0.171265,-0.020686,0.003265,0.002272
0,-0.239953,0.0085,-0.0249,0.114431,-0.048942,0.081083,0.002503,0.000148
0,-0.026689,0.05807,0.239373,0.071955,0.278653,0.109229,0.000466,0.001014
0,-0.019873,-0.101297,-0.006236,-0.148816,0.023576,-0.194798,0.000347,0.001768
0,-0.051336,-0.129188,-0.014004,-0.009697,0.026852,0.038605,0.000896,0.002255
0,-0.044374,-0.021294,0.003926,0.12952,0.021163,0.147546,0.000774,0.000372
0,-0.089121,0.031153,-0.063508,0.072193,-0.044366,0.120068,0.001555,0.000544
0,0.042683,0.130676,0.146687,0.128343,0.174707,0.095893,0.000745,0.002281
0,-0.03047,0.040947,-0.074006,-0.08367,-0.056014,-0.049005,0.000532,0.000715
0,0.068651,0.069009,0.094159,0.005197,0.100532,-0.026686,0.001198,0.001204
0,0.011499,0.088013,-0.058296,0.001546,-0.014378,-0.015985,0.000201,0.001536
0,-0.123609,0.105466,-0.133777,0.028173,-0.143031,-0.011173,0.002157,0.001841
0,-0.069543,-0.120184,0.083229,-0.247694,0.089462,-0.213086,0.001214,0.002098
0,0.02507,0.093932,0.115847,0.224199,0.070505,0.224268,0.000438,0.001639
0,-0.146755,-0.096369,-0.164654,-0.205629,-0.132827,-0.180056,0.002561,0.001682
0,-0.052999,0.074085,0.071151,0.158185,0.034656,0.113805,0.000925,0.001293
0,-0.018901,0.104932,0.021154,0.051854,0.029782,0.064481,0.00033,0.001831
0,-0.017301,0.130389,-0.009666,0.047663,-0.051162,0.020931,0.000302,0.002276
0,0.626998,-0.984168,0.631169,-1.140018,0.639397,-1.138031,0.002438,0.002895
0,1.047883,-1.301929,0.449242,-0.338506,0.420755,-0.329178,0.001783,0.00265
0,1.33376,-1.569604,0.291324,-0.239024,0.317157,-0.208026,0.003206,0.000631
0,1.247205,-1.300098,-0.109677,0.290292,-0.10188,0.276366,0.001695,0.002619
0,1.059648,-1.087896,-0.190783,0.193218,-0.173539,0.1881,0.001578,0.001085
0,1.104665,-0.942168,0.043243,0.157899,0.07274,0.205683,0.000792,0.003062
0,0.783268,-0.703688,-0.322666,0.240318,-0.305066,0.242815,0.000289,0.0011
0,0.346669,-0.519676,-0.449803,0.166846,-0.431122,0.185586,0.00064,0.002379
0,0.187378,-0.486336,-0.185789,0.034475,-0.164075,-0.007395,0.00327,0.001797
0,0.328083,-0.235605,0.148539,0.249125,0.15475,0.245033,0.000965,0.002579
0,0.215961,-0.218659,-0.127995,0.017773,-0.177901,-0.005414,0.002922,0.001546
0,0.006262,0.012391,-0.22842,0.217144,-0.272709,0.198243,0.000109,0.001546
0,-0.021701,-0.040682,0.00078,-0.082576,0.008364,-0.071417,0.000379,0.001546
0,-0.077266,-0.007821,-0.083451,0.033838,-0.046725,-0.011834,0.001349,0.001546
0,0.033927,-0.03306,0.088087,-0.023115,0.057354,-0.019506,0.000592,0.001546
0,-0.09671,0.122231,-0.123287,0.137272,-0.112951,0.157648,0.001688,0.002133
0,-0.070631,-0.08753,0.038774,-0.187602,0.044874,-0.217307,0.001233,0.001546
0,-0.065526,-0.055803,0.033379,0.010317,-0.003083,0.019197,0.001144,0.001546
0,-0.093602,0.018728,-0.035403,0.059645,-0.042772,0.010326,0.001634,0.001546
0,-0.041365,0.162746,0.02298,0.149174,0.035784,0.153038,0.000722,0.00284
0,-0.05423,-0.121268,0.010267,-0.309798,0.004889,-0.349302,0.000946,0.001546
0,-0.142629,-0.083584,-0.115902,0.062089,-0.138297,0.109376,0.002489,0.001546
0,-0.069467,-0.072572,0.088474,0.038447,0.061641,0.085938,0.001212,0.001546
0,-0.282717,0.064743,-0.223319,0.122472,-0.203336,0.076321,0.001756,0.001546
0,-0.265618,0.028246,0.045265,-0.012065,0.08318,-0.03345,0.002055,0.001546
0,0.009048,0.129537,0.274281,0.092007,0.27115,0.111206,0.000158,0.002261
0,0.041735,0.032392,0.029164,-0.075508,0.020392,-0.095789,0.000728,0.001546
0,-0.058304,-0.121147,-0.120779,-0.167083,-0.102034,-0.215396,0.001018,0.001546
0,0.120571,0.129467,0.190727,0.230987,0.186632,0.250072,0.002104,0.00226
0,0.012367,-0.02052,-0.092318,-0.121747,-0.046521,-0.099833,0.000216,0.001546
0,0.143238,0.07679,0.139323,0.087131,0.176147,0.126404,0.0025,0.001546
0,0.188198,0.166812,0.03238,0.065712,-0.012192,0.052401,0.003285,0.002911
0,0.011658,0.07352,-0.168265,-0.095362,-0.169206,-0.11608,0.000203,0.001546
0,0.034604,-0.089469,0.041441,-0.184245,-0.000339,-0.212698,0.000604,0.001546
0,0.055306,-0.072755,-0.001819,0.041037,0.001129,0.004991,0.000965,0.001546
0,0.173632,-0.057114,0.092831,0.037968,0.063512,-0.004867,0.00303,0.001546
0,0.228177,0.084783,0.039515,0.147968,0.033258,0.166905,0.002708,0.001546
0,0.077998,0.055237,-0.143028,-0.036963,-0.172696,0.003809,0.001361,0.001546
0,-0.051308,0.076863,-0.148292,0.050213,-0.131635,0.043882,0.000895,0.001546
0,0.052053,0.048392,0.121115,-0.044003,0.08706,-0.033223,0.000909,0.001546
0,-0.011269,0.09688,-0.049005,0.025727,-0.03037,0.064038,0.000197,0.001691
0,0.083134,-0.042671,0.081786,-0.135553,0.073818,-0.119621,0.001451,0.001546
0,0.189147,0.074313,0.084277,0.116431,0.04894,0.077047,0.003301,0.001546
0,0.156365,0.05349,-0.040011,-0.02537,0.000591,0.015293,0.002729,0.001546
0,0.225303,0.091599,0.052436,0.036742,0.00842,0.068048,0.002759,0.001599
0,0.080988,-0.129003,-0.153235,-0.200204,-0.187711,-0.238238,0.001414,0.001546
0,-0.051196,-0.065802,-0.152343,0.073601,-0.162545,0.055241,0.000894,0.001546
0,0.047094,0.064758,0.095805,0.126974,0.087974,0.09277,0.000822,0.001546
0,0.103122,-0.098677,0.079752,-0.168101,0.033368,-0.203016,0.0018,0.001546
0,0.256951,-0.162717,0.169475,-0.063482,0.128772,-0.02329,0.002206,0.001546
0,0.134454,-0.038665,-0.143141,0.14754,-0.163481,0.148237,0.002347,0.001546
0,0.044458,-0.136361,-0.102317,-0.117672,-0.084641,-0.141956,0.000776,0.001546
0,0.065487,0.10648,0.006909,0.252539,-0.038098,0.219192,0.001143,0.001858
0,0.156673,0.067359,0.082267,-0.025864,0.107895,0.02312,0.002734,0.001546
0,0.192691,-0.115014,0.029307,-0.168009,0.031927,-0.139746,0.003328,0.001546
0,0.217055,0.061284,0.029527,0.15211,0.05312,0.103415,0.002903,0.001546
0,0.173232,-0.07674,-0.019812,-0.138033,-0.051269,-0.17843,0.003023,0.001546
0,0.088277,0.025096,-0.099005,0.076145,-0.13441,0.050956,0.001541,0.001546
0,-0.129334,0.083504,-0.198048,0.038907,-0.216484,0.040513,0.002257,0.001546
0,-0.062812,-0.18852,0.054501,-0.268998,0.090243,-0.313515,0.001096,0.001546
0,0.072288,-0.112512,0.159616,0.056209,0.149993,0.063653,0.001262,0.001546
0,-0.038121,-0.063158,-0.107282,0.067547,-0.098076,0.053089,0.000665,0.001546
0,0.073067,0.024583,0.100805,0.088846,0.098356,0.079653,0.001275,0.001546
0,-0.007001,0.093797,-0.093679,0.067098,-0.059461,0.053502,0.000122,0.001637
0,-0.059072,-0.131028,-0.035815,-0.221699,-0.06348,-0.188648,0.001031,0.001546
0,0.021845,-0.200058,0.074563,-0.047825,0.090177,-0.02244,0.000381,0.001546
0,0.145228,-0.151108,0.109764,0.067421,0.089402,0.090535,0.002535,0.001546
0,0.132557,-0.193298,0.000646,-0.070784,0.017989,-0.058415,0.002314,0.001546
0,-0.033632,-0.061268,-0.159007,0.131272,-0.118409,0.093541,0.000587,0.001546
0,0.019425,0.057494,0.046061,0.137148,0.017329,0.16849,0.000339,0.001546
0,-0.1039,-0.008216,-0.127055,-0.041574,-0.123511,-0.008625,0.001813,0.001546
0,0.035788,-0.006725,0.168148,-0.009677,0.158313,-0.033161,0.000625,0.001546
0,-0.094912,-0.170165,-0.133355,-0.151049,-0.093106,-0.196532,0.001657,0.001546
0,0.132409,0.048623,0.217849,0.237632,0.186104,0.212724,0.002311,0.001546
0,-0.165761,-0.049623,-0.318383,-0.099983,-0.366373,-0.082841,0.002893,0.001546
0,0.093026,-0.197796,0.272517,-0.136621,0.315302,-0.092472,0.001624,0.001546
0,-0.093686,-0.007477,-0.160076,0.161867,-0.204204,0.157328,0.001635,0.001546
0,-0.175245,-0.113562,-0.088869,-0.109257,-0.100132,-0.0993,0.003059,0.001546
0,-0.130519,0.084559,0.036967,0.194926,0.010763,0.198335,0.002278,0.001546
0,0.086255,-0.067375,0.221504,-0.154273,0.2178,-0.193936,0.001505,0.001546
0,-0.049351,-0.142728,-0.141608,-0.046914,-0.179767,-0.081538,0.000861,0.001546
0,0.130142,0.117221,0.190732,0.232114,0.237598,0.19886,0.002271,0.002046
0,-0.111376,0.075848,-0.249732,-0.018846,-0.213436,-0.045242,0.001944,0.001546
0,0.111531,0.027613,0.215686,-0.066031,0.175315,-0.073729,0.001947,0.001546
0,0.078381,-0.02713,-0.045002,-0.038608,-0.094255,-0.0103,0.001368,0.001546
0,-0.134226,-0.105061,-0.238445,-0.080947,-0.24753,-0.054955,0.002343,0.001546
0,-0.138323,0.026527,-0.032038,0.154944,-0.072204,0.201788,0.002414,0.001546
0,-0.002464,-0.07238,0.154673,-0.096085,0.204428,-0.124863,4.3e-05,0.001546
0,-0.084686,-0.073446,-0.109931,0.018935,-0.106344,0.021138,0.001478,0.001546
0,-0.156487,0.03851,-0.044095,0.093953,-0.03361,0.101555,0.002731,0.001546
0,0.032634,-0.029902,0.165246,-0.089448,0.125108,-0.04404,0.00057,0.001546
0,-0.166039,-0.020318,-0.191646,0.028967,-0.223434,0.03589,0.002898,0.001546
0,-0.100771,-0.036808,0.070273,-0.00024,0.050706,-0.024053,0.001759,0.001546
0,-0.04676,-0.128954,0.047169,-0.117855,0.020703,-0.127356,0.000816,0.001546
0,-0.065806,-0.023062,0.009226,0.099446,-0.028936,0.072285,0.001149,0.001546
0,0.04188,0.017481,0.132671,0.037841,0.130207,0.057233,0.000731,0.001546
0,-0.08743,-0.11949,-0.105106,-0.12589,-0.154823,-0.107355,0.001526,0.001546
0,-0.007701,-0.042326,0.061096,0.103144,0.054356,0.137567,0.000134,0.001546
0,-0.113406,-0.144355,-0.07697,-0.110119,-0.120423,-0.109467,0.001979,0.001546
0,-0.151963,-0.177279,-0.031095,-0.05093,-0.017754,-0.051713,0.002652,0.001546
0,-0.120439,0.017406,0.006813,0.195603,0.036549,0.214665,0.002102,0.001546
0,-0.032206,0.053472,0.104074,0.030453,0.06019,0.0156,0.000562,0.001546
0,0.056961,0.081233,0.060736,0.033947,0.057914,0.020712,0.000994,0.001546
0,-0.049973,-0.10555,-0.130571,-0.208134,-0.105241,-0.207933,0.000872,0.001546
0,0.082427,-0.177315,0.108424,-0.100051,0.102071,-0.070121,0.001439,0.001546
0,-0.071164,-0.017481,-0.158984,0.181016,-0.176094,0.205316,0.001242,0.001546
0,-0.086294,-0.187714,-0.016591,-0.193663,-0.021037,-0.217649,0.001506,0.001546
0,-0.131973,0.032077,-0.027176,0.247429,-0.017648,0.232421,0.002303,0.001546
0,-0.055259,-0.082998,0.08947,-0.123568,0.11167,-0.125704,0.000964,0.001546
0,-0.115023,-0.202386,-0.075226,-0.118118,-0.044876,-0.083876,0.002008,0.001546
0,-0.169857,-0.207381,-0.043669,-0.017011,-0.048357,-0.025454,0.002965,0.001546
0,-0.036194,-0.086747,0.137438,0.109924,0.16012,0.090689,0.000632,0.001546
0,-0.111098,-0.235274,-0.089043,-0.124309,-0.116825,-0.114701,0.001939,0.001546
0,0.036675,1.983976,0.163089,2.204104,0.139415,2.164061,0.00064,0.001173
0,0.084281,1.795226,0.074883,-0.21573,0.117004,-0.207421,0.001471,0.002121
0,0.282163,1.692704,0.224803,-0.122666,0.198292,-0.111758,0.001766,0.00278
0,0.295181,1.676872,0.000821,-0.001894,-0.012025,-0.049763,0.001539,0.002504
0,0.228654,1.744321,-0.078647,0.083889,-0.095541,0.096188,0.0027,0.00301
0,0.062322,1.295622,-0.138624,-0.469294,-0.182326,-0.518423,0.001088,0.00254
0,0.136122,1.20135,0.099596,-0.098171,0.139658,-0.082217,0.002376,0.000895
0,0.140023,0.829928,-0.019908,-0.391785,0.00845,-0.4227,0.002444,0.001103
0,-0.146405,0.395649,-0.283323,-0.456518,-0.246631,-0.43255,0.002555,0.000215
0,-0.102887,0.238373,0.068449,-0.164971,0.116729,-0.189903,0.001796,0.00253
0,-0.061879,-0.002158,0.065744,-0.257998,0.079378,-0.261476,0.00108,3.8e-05
0,-0.079855,-0.141404,-0.040273,-0.159596,-0.001302,-0.16633,0.001394,0.002468
0,-0.071266,-0.125521,0.021667,0.013937,-0.007059,0.029687,0.001244,0.002191
0,-0.111405,-0.233462,-0.042333,-0.136262,-0.007836,-0.099698,0.001944,0.002616
0,-0.061899,-0.231024,0.028027,0.018916,0.030669,0.039238,0.00108,0.002659
0,0.01303,-0.354156,0.057873,-0.114079,0.011132,-0.153496,0.000227,0.00051
0,-0.280686,-0.129161,-0.289118,0.220977,-0.284471,0.227942,0.001792,0.002254
0,-0.086483,-0.170241,0.184929,-0.054068,0.167702,-0.00535,0.001509,0.002971
0,-0.035876,-0.116963,0.05838,0.066436,0.008664,0.03415,0.000626,0.002041
0,-0.062461,-0.210167,-0.021221,-0.117889,-0.062765,-0.090932,0.00109,0.003023
0,-0.075425,-0.085348,0.011596,0.121445,0.047628,0.132047,0.001316,0.00149
0,-0.187494,-0.073018,-0.111626,-0.001211,-0.100771,-0.003449,0.003272,0.001274
0,0.038196,-0.29718,0.245639,-0.232239,0.229223,-0.188269,0.000667,0.001504
0,-0.1869,-0.204819,-0.201521,0.070324,-0.215141,0.111045,0.003262,0.003116
0,-0.095749,-0.139175,0.105159,0.062678,0.065699,0.065799,0.001671,0.002429
0,-0.046435,-0.218562,0.026841,-0.080193,-0.017593,-0.03636,0.00081,0.002876
0,0.023868,-0.079611,0.062602,0.152316,0.055702,0.166886,0.000417,0.001389
0,-0.221435,-0.229079,-0.266068,-0.14904,-0.244719,-0.152118,0.002826,0.002693
0,-0.184952,-0.283449,0.047933,-0.063871,0.008835,-0.048797,0.003228,0.001744
0,-0.099531,-0.204403,0.082349,0.08204,0.105637,0.037285,0.001737,0.003123
0,-0.05341,-0.099471,0.02522,0.10952,0.066273,0.072172,0.000932,0.001736
0,-0.310935,-0.070266,-0.234646,0.051775,-0.235677,0.068215,0.001264,0.001226
0,-0.094506,-0.05919,0.239416,-0.017749,0.214275,-0.058922,0.001649,0.001033
0,-0.263468,-0.252038,-0.168097,-0.204386,-0.189152,-0.220117,0.002092,0.002292
0,-0.091462,-0.122343,0.168383,0.118304,0.210598,0.107867,0.001596,0.002135
0,-0.024837,-0.306198,0.07309,-0.16247,0.102095,-0.189944,0.000433,0.001347
0,-0.183493,-0.172543,-0.179823,0.140203,-0.196558,0.124015,0.003203,0.003011
0,0.070768,-0.233494,0.268164,-0.065987,0.302756,-0.102015,0.001235,0.002616
0,-0.123232,-0.163303,-0.216824,0.082001,-0.178969,0.063192,0.002151,0.00285
0,0.064393,-0.135527,0.199847,0.034126,0.222565,0.035513,0.001124,0.002365
0,-0.145292,-0.181147,-0.22536,-0.071076,-0.179597,-0.107464,0.002536,0.003162
0,-0.016973,-0.184042,0.115111,-0.028686,0.110632,-0.053123,0.000296,0.003212
0,-0.19555,-0.179174,-0.17768,0.009306,-0.137355,-0.014666,0.003278,0.003127
0,0.035515,-0.181102,0.221796,-0.011939,0.210574,-0.023823,0.00062,0.003161
0,-0.254194,-0.023907,-0.277777,0.161274,-0.321539,0.146728,0.002254,0.000417
0,-0.202038,-0.098357,0.050058,-0.05372,0.037158,-0.011876,0.003165,0.001717
0,-0.10825,-0.26975,0.10832,-0.141597,0.074375,-0.111746,0.001889,0.001983
0,-0.238272,-0.09599,-0.133205,0.189708,-0.181731,0.212844,0.002532,0.001675
0,0.002217,-0.033501,0.223146,0.053874,0.206724,0.042809,3.9e-05,0.000585
0,-0.062248,-0.111618,-0.039673,-0.098268,-0.029749,-0.081161,0.001086,0.001948
0,-0.001715,-0.109532,0.089369,0.001865,0.045543,0.002099,3e-05,0.001912
0,0.061061,-0.134155,0.046389,-0.0286,0.024455,0.013682,0.001066,0.002341
0,-0.137145,0.061448,-0.202085,0.168042,-0.165449,0.182507,0.002394,0.001072
0,-0.01546,-0.130493,0.114497,-0.188534,0.153503,-0.206717,0.00027,0.002278
0,-0.059785,0.058494,-0.073669,0.201118,-0.083779,0.219955,0.001043,0.001021
0,0.13053,-0.160856,0.18318,-0.191732,0.179226,-0.1622,0.002278,0.002807
0,-0.089983,-0.087142,-0.194641,0.044957,-0.160891,0.051128,0.00157,0.001521
0,0.171465,0.013317,0.241913,0.115178,0.273769,0.094984,0.002993,0.000232
0,-0.047193,0.031578,-0.24864,0.038562,-0.207463,-0.006305,0.000824,0.000551
0,0.039433,0.026318,0.077009,0.024318,0.029826,0.007289,0.000688,0.000459
0,-0.041404,0.167031,-0.066282,0.118007,-0.076557,0.158075,0.000723,0.002915
0,-0.01251,0.129017,0.039966,-0.053003,0.030113,-0.034093,0.000218,0.002252
0,0.073755,0.16691,0.091575,0.018645,0.091624,-0.030722,0.001287,0.002913
0,-0.112877,0.099413,-0.156968,-0.081406,-0.163285,-0.065045,0.00197,0.001735
0,0.111684,-0.065799,0.20718,-0.143683,0.168821,-0.18315,0.001949,0.001148
0,-0.093393,0.044507,-0.229053,0.123223,-0.272082,0.075547,0.00163,0.000777
0,0.116429,-0.041224,0.193342,-0.074377,0.196535,-0.081973,0.002032,0.000719
0,0.060291,-0.106253,-0.044173,-0.076845,-0.02564,-0.053296,0.001052,0.001854
0,-0.111441,0.205083,-0.193888,0.295852,-0.19732,0.299907,0.001945,0.003111
0,-0.239063,0.05098,-0.136389,-0.159041,-0.166229,-0.127353,0.002518,0.00089
0,-0.088818,0.132656,0.129844,0.080347,0.150365,0.071969,0.00155,0.002315
0,-0.126767,-0.080513,-0.032425,-0.199749,-0.054772,-0.249113,0.002212,0.001405
0,-0.124223,0.066172,0.015146,0.122225,0.062627,0.121805,0.002168,0.001155
0,-0.155487,-0.136821,-0.020585,-0.199134,0.009088,-0.176131,0.002714,0.002388
0,0.050604,0.131715,0.179923,0.241394,0.16999,0.254082,0.000883,0.002299
0,-0.176531,-0.047139,-0.208969,-0.197306,-0.193963,-0.242382,0.003081,0.000823
0,-0.05447,0.105889,0.09304,0.152205,0.057134,0.166339,0.000951,0.001848
0,-0.183281,0.066286,-0.154547,-0.035321,-0.117112,-0.022212,0.003199,0.001157
0,-0.024381,0.111725,0.151676,0.06363,0.11348,0.035539,0.000426,0.00195
0,-0.205816,-0.037789,-0.163595,-0.120367,-0.183153,-0.121699,0.003099,0.00066
0,-0.16226,-0.094223,0.062233,-0.05029,0.035435,-0.081138,0.002832,0.001644
0,-0.205052,0.104812,-0.03865,0.195187,-0.0607,0.216674,0.003112,0.001829
0,0.029697,-0.007645,0.225478,-0.105556,0.218778,-0.073637,0.000518,0.000133
0,-0.04144,-0.068829,-0.093411,-0.05317,-0.128681,-0.019777,0.000723,0.001201
0,0.009919,-0.02565,0.035833,0.051835,0.07082,0.062166,0.000173,0.000448
0,-0.052965,0.162416,-0.038253,0.17046,-0.054078,0.162931,0.000924,0.002835
0,-0.009052,-0.044287,0.021019,-0.207733,0.057614,-0.211403,0.000158,0.000773
0,0.090648,-0.048749,0.10792,-0.01613,0.110976,-0.033519,0.001582,0.000851
0,-0.057157,-0.070485,-0.144164,0.008256,-0.126245,-0.039467,0.000998,0.00123
0,0.050993,-0.097806,0.114321,-0.015447,0.16292,-0.033887,0.00089,0.001707
0,0.121796,0.027067,0.069604,0.101994,0.039711,0.076036,0.002126,0.000472
0,0.024839,-0.057183,-0.093853,-0.087796,-0.047329,-0.102682,0.000434,0.000998
0,-0.081148,-0.118102,-0.134152,-0.064407,-0.126256,-0.086364,0.001416,0.002061
0,-0.111467,-0.05319,-0.042791,0.046189,-0.088527,0.044424,0.001945,0.000928
0,-0.013863,0.154715,0.067797,0.211089,0.05257,0.199928,0.000242,0.0027
0,-0.094154,0.051045,-0.106733,-0.121476,-0.135622,-0.166394,0.001643,0.000891
0,-0.140137,-0.089772,-0.042398,-0.158433,-0.082809,-0.174917,0.002446,0.001567
0,-0.087262,-0.076664,0.023566,0.032558,0.006768,0.056503,0.001523,0.001338
0,0.03436,-0.129956,0.091831,-0.069733,0.047141,-0.079673,0.0006,0.002268
0,-0.113427,0.016056,-0.158443,0.127144,-0.116045,0.119209,0.00198,0.00028
0,0.056162,0.112837,0.182717,0.124479,0.14568,0.16125,0.00098,0.001969
0,-0.009938,0.126233,-0.041955,0.025551,-0.073201,0.072248,0.000173,0.002203
0,-0.052497,0.11992,-0.064027,0.01529,-0.068227,-0.010281,0.000916,0.002093
0,0.037946,-0.072715,0.109402,-0.192076,0.122779,-0.213227,0.000662,0.001269
0,-0.059778,0.065408,-0.095037,0.165542,-0.045953,0.127672,0.001043,0.001142
0,0.090244,-0.14168,0.160965,-0.236255,0.168031,-0.239887,0.001575,0.002473
0,-0.175657,0.088113,-0.249627,0.206516,-0.225491,0.178242,0.003066,0.001538
0,0.076973,-0.105767,0.256939,-0.206387,0.283921,-0.195835,0.001343,0.001846
0,-0.037378,0.123998,-0.133428,0.215369,-0.17194,0.242619,0.000652,0.002164
0,-0.04464,0.142831,-0.022019,0.023889,-0.056738,0.059319,0.000779,0.002493
0,0.116566,0.056952,0.147429,-0.071978,0.098345,-0.02699,0.002034,0.000994
0,0.155107,-0.073956,0.015422,-0.107809,0.058648,-0.138109,0.002707,0.001291
0,0.015263,0.052069,-0.144443,0.132372,-0.172232,0.083033,0.000266,0.000909
0,0.010225,-0.059011,0.022417,-0.093909,0.052798,-0.074969,0.000178,0.00103
0,-0.019325,0.008056,-0.032097,0.05414,-0.078275,0.019645,0.000337,0.000141
0,-0.070806,0.12043,-0.039264,0.118868,0.008161,0.127687,0.001236,0.002102
0,-0.05342,0.041831,0.01157,-0.065559,-0.00284,-0.112479,0.000932,0.00073
0,0.073386,-0.009049,0.102591,-0.034366,0.054429,-0.009649,0.001281,0.000158
0,-0.106529,-0.100082,-0.179037,-0.109565,-0.186426,-0.155305,0.001859,0.001747
0,-0.13218,-0.084472,-0.005226,0.021025,-0.030284,-0.015108,0.002307,0.001474
0,-0.170802,-0.134656,-0.03997,-0.069537,-0.072723,-0.0424,0.002981,0.00235
0,0.133702,0.094748,0.32227,0.237074,0.305014,0.273786,0.002334,0.001654
0,-0.017498,0.130034,-0.178036,0.061761,-0.172086,0.066218,0.000305,0.00227
0,-0.088293,-0.07329,-0.085652,-0.190017,-0.103596,-0.215158,0.001541,0.001279
0,-0.193345,0.101467,-0.105985,0.199259,-0.142258,0.161976,0.003316,0.001771
0,-0.212895,0.078738,-0.020451,-0.030577,-0.00061,-0.049783,0.002975,0.001374
0,-0.153037,-0.17185,0.06521,-0.261335,0.043499,-0.211909,0.002671,0.002999
0,-0.264788,-0.088409,-0.115384,0.087976,-0.146799,0.116449,0.002069,0.001543
0,-0.025356,-0.090581,0.268327,-0.011572,0.278261,-0.00364,0.000443,0.001581
0,-0.100682,-0.141975,-0.085267,-0.051575,-0.07418,-0.082771,0.001757,0.002478
0,-0.044204,0.131406,0.06837,0.265349,0.073178,0.232951,0.000772,0.002293
0,-0.072555,-0.048149,-0.005558,-0.172403,-0.029816,-0.144671,0.001266,0.00084
0,-0.319016,0.142207,-0.274241,0.189291,-0.268806,0.193659,0.001123,0.002482
0,-0.095441,0.058255,0.230219,-0.061112,0.1868,-0.110036,0.001666,0.001017
0,0.010468,0.161993,0.082693,0.118702,0.062292,0.072631,0.000183,0.002827
0,-0.199096,0.007142,-0.229063,-0.182886,-0.205984,-0.155752,0.003216,0.000125
0,-0.242102,0.130922,-0.062934,0.107308,-0.047279,0.145816,0.002465,0.002285
0,-0.158569,-0.035402,0.084689,-0.191116,0.039137,-0.163654,0.002768,0.000618
0,-0.22185,0.157677,-0.034607,0.179507,-0.071589,0.21053,0.002819,0.002752
0,-0.137751,0.016485,0.075442,-0.131525,0.121307,-0.174853,0.002404,0.000288
0,-0.232457,0.155454,-0.099852,0.126941,-0.070746,0.133235,0.002634,0.002713
0,-0.186398,-0.125415,0.046353,-0.280555,0.075519,-0.251537,0.003253,0.002189
0,-0.07816,-0.058534,0.121887,0.081247,0.10815,0.126664,0.001364,0.001022
0,-0.171627,-0.104429,-0.08884,-0.022473,-0.113721,-0.071594,0.002995,0.001823
0,-0.015767,0.145547,0.146801,0.245099,0.159934,0.205546,0.000275,0.00254
0,-0.035934,-0.092403,0.004524,-0.267214,0.05267,-0.30037,0.000627,0.001613
0,-0.212916,0.090199,-0.167413,0.210271,-0.186326,0.24728,0.002975,0.001574
0,-0.006373,0.058592,0.192039,-0.048193,0.17481,-0.024259,0.000111,0.001023
0,-0.074051,-0.150617,-0.047104,-0.222319,-0.084701,-0.249452,0.001292,0.002629
0,-0.059189,-0.172969,0.027801,-0.031582,0.071587,0.001897,0.001033,0.003019
0,-0.052364,-0.106706,-0.008237,0.041309,-0.035597,0.085606,0.000914,0.001862
0,-0.142523,0.085284,-0.087878,0.171967,-0.101963,0.209324,0.002488,0.001488
0,0.046658,0.090755,0.177645,0.018423,0.185413,-0.006643,0.000814,0.001584
0,0.042841,0.106495,0.01828,0.018661,0.054905,0.014155,0.000748,0.001859
0,0.045687,0.148523,0.023823,0.017212,0.07253,0.025298,0.000797,0.002592
0,0.046047,-0.032911,-0.021424,-0.166435,-0.003609,-0.157725,0.000804,0.000574
0,-0.110824,0.074311,-0.143956,0.102692,-0.099284,0.142928,0.001934,0.001297
0,-0.08547,0.124604,0.00579,0.0685,-0.04049,0.102639,0.001492,0.002175
0,-0.107649,-0.025073,-0.038561,-0.131899,-0.016487,-0.119546,0.001879,0.000438
0,0.022428,0.060038,0.138761,0.071461,0.093025,0.083943,0.000391,0.001048
0,0.028006,-0.036352,0.001916,-0.084035,0.020234,-0.129657,0.000489,0.000634
0,0.037807,-0.10145,0.003472,-0.068498,-0.02075,-0.069219,0.00066,0.001771
0,-0.106073,0.105818,-0.162025,0.217069,-0.177447,0.182986,0.001851,0.001847
0,-0.064057,-0.104659,0.025491,-0.200794,0.023511,-0.154928,0.001118,0.001827
0,0.087565,0.005237,0.177569,0.0919,0.132292,0.045938,0.001528,9.1e-05
0,0.024364,-0.13318,-0.054061,-0.124021,-0.085537,-0.092172,0.000425,0.002324
0,-0.054888,-0.145221,-0.050993,-0.010976,-0.013065,0.001516,0.000958,0.002535
0,0.030438,0.125051,0.080464,0.281132,0.114999,0.256365,0.000531,0.002183
0,-0.040782,-0.140018,-0.050645,-0.253955,-0.092655,-0.227788,0.000712,0.002444
0,-0.131124,0.093551,-0.078829,0.245717,-0.048837,0.238991,0.002289,0.001633
0,-0.129436,0.128854,-0.003272,0.053987,0.011937,0.042319,0.002259,0.002249
0,0.088048,-0.100708,0.237103,-0.257455,0.253428,-0.227079,0.001537,0.001758
0,-0.052584,0.109869,-0.132626,0.19308,-0.113818,0.234975,0.000918,0.001918
0,0.122688,-0.011071,0.171971,-0.099531,0.202528,-0.130751,0.002141,0.000193
0,0.048781,-0.03719,-0.087365,-0.030597,-0.125057,-0.048964,0.000851,0.000649
0,0.124251,-0.13162,0.088848,-0.120453,0.040221,-0.151174,0.002169,0.002297
0,0.007328,-0.107512,-0.103776,0.039556,-0.130716,0.01556,0.000128,0.001876
0,-0.015892,0.133412,-0.02821,0.249038,0.005454,0.249084,0.000277,0.002328
0,-0.139485,-0.094157,-0.103835,-0.235895,-0.135945,-0.239341,0.002434,0.001643
0,-0.10887,0.121975,0.059264,0.232481,0.051942,0.203194,0.0019,0.002129
0,0.068683,-0.098434,0.172013,-0.196222,0.133541,-0.230864,0.001199,0.001718
0,-0.021131,-0.021345,-0.101454,0.084805,-0.12185,0.04463,0.000369,0.000373
0,0.074447,0.133707,0.074561,0.169225,0.048801,0.201927,0.001299,0.002334
0,-0.086238,0.087095,-0.133855,-0.039045,-0.121211,0.000711,0.001505,0.00152
0,-0.051003,0.012528,0.036748,-0.068198,0.081221,-0.111916,0.00089,0.000219
0,0.041692,0.176677,0.071111,0.184544,0.061956,0.196261,0.000728,0.003084
0,-0.13206,0.160063,-0.152503,-0.021009,-0.153696,0.025942,0.002305,0.002794
0,-0.152945,0.102188,-0.014788,-0.066599,-0.01535,-0.058692,0.002669,0.001784
0,0.113091,0.127781,0.275297,0.019674,0.317618,0.018371,0.001974,0.00223
0,0.03066,0.044146,-0.086048,-0.107938,-0.072779,-0.130977,0.000535,0.00077
0,-0.089723,-0.012009,-0.121081,-0.051503,-0.168058,-0.015412,0.001566,0.00021
0,-0.064055,0.196637,0.023171,0.215072,0.001182,0.211346,0.001118,0.003259
0,0.161014,0.182271,0.200135,-0.017399,0.236076,-0.067175,0.00281,0.003181
0,-0.015156,0.172364,-0.182373,-0.035529,-0.149198,0.005841,0.000265,0.003008
0,0.03721,0.038641,0.063625,-0.13921,0.103393,-0.142901,0.000649,0.000674
0,0.011408,0.076402,-0.051771,0.043083,-0.100132,0.082452,0.000199,0.001333
0,0.108205,-0.034572,0.073173,-0.112095,0.07614,-0.102292,0.001889,0.000603
0,-0.003702,0.163402,-0.112501,0.183627,-0.154903,0.168571,6.5e-05,0.002852
0,-0.073426,0.084098,-0.089394,-0.098028,-0.13897,-0.116253,0.001282,0.001468
0,-0.236984,-0.067981,-0.190817,-0.164557,-0.142504,-0.130062,0.002555,0.001186
0,-0.151972,-0.030268,0.084417,0.016151,0.042832,0.039343,0.002652,0.000528
0,-0.06054,0.092041,0.074887,0.10043,0.073558,0.116757,0.001057,0.001606
0,-0.223071,-0.059782,-0.186249,-0.174662,-0.197356,-0.159102,0.002797,0.001043
0,-0.072664,0.037071,0.125091,0.107253,0.1589,0.07678,0.001268,0.000647
0,-0.13184,0.092423,-0.05535,0.068715,-0.042431,0.026085,0.002301,0.001613
0,-0.253176,-0.065986,-0.150407,-0.180852,-0.176737,-0.207913,0.002272,0.001152
0,-0.072721,0.111675,0.173303,0.162501,0.174751,0.156447,0.001269,0.001949
0,-0.136417,0.022314,-0.056789,-0.06239,-0.06138,-0.091124,0.002381,0.000389
0,-0.083278,0.011563,0.082606,-0.024229,0.073389,0.020279,0.001453,0.000202
0,-0.07228,-0.02509,0.026094,-0.012913,0.016584,-0.048175,0.001262,0.000438
0,-0.063247,0.096234,0.010526,0.129594,-0.025854,0.177081,0.001104,0.00168
0,-0.208588,0.047811,-0.123017,-0.049005,-0.115564,-0.073783,0.00305,0.000834
0,-0.073509,0.048222,0.119644,0.021678,0.151495,0.06266,0.001283,0.000842
0,-0.170406,0.023638,-0.124149,0.00325,-0.137399,-0.026488,0.002974,0.000413
0,-0.001036,0.09357,0.168424,0.083919,0.1319,0.096699,1.8e-05,0.001633
0,-0.080054,-0.085323,-0.102434,-0.151272,-0.102378,-0.160844,0.001397,0.001489
0,0.008124,-0.09882,0.058437,-0.012197,0.038006,0.032616,0.000142,0.001725
0,0.013771,0.069447,-0.010821,0.153131,-0.004367,0.174619,0.00024,0.001212
0,0.068192,-0.068067,0.036305,-0.110052,0.077829,-0.151728,0.00119,0.001188
0,0.060473,0.06446,-0.021934,0.159329,-0.014987,0.168975,0.001055,0.001125
0,-0.016187,-0.030797,-0.053663,-0.08605,-0.078784,-0.047982,0.000283,0.000538
0,-0.054339,-0.159152,-0.031784,-0.148832,0.007548,-0.19773,0.000948,0.002778
0,-0.094387,0.062689,-0.065587,0.251836,-0.06649,0.290961,0.001647,0.001094
0,0.073033,-0.157368,0.146286,-0.229015,0.142909,-0.244704,0.001275,0.002747
0,-0.052704,0.10572,-0.109773,0.258866,-0.073327,0.300367,0.00092,0.001845
0,-0.011794,-0.156123,0.057601,-0.241186,0.058023,-0.196296,0.000206,0.002725
0,-0.115631,-0.021087,-0.075985,0.13381,-0.117929,0.11406,0.002018,0.000368
0,-0.148647,0.090958,-0.055113,0.136314,-0.014585,0.137156,0.002594,0.001588
0,-0.154646,0.068976,-0.003405,-0.003987,-0.00873,-0.017278,0.002699,0.001204
0,-0.159406,-0.073355,-0.01471,-0.129807,-0.031769,-0.133305,0.002782,0.00128
0,-0.04474,-0.049303,0.097716,0.037412,0.079082,0.020956,0.000781,0.00086
0,-0.020119,-0.149267,0.012732,-0.120049,0.037992,-0.108394,0.000351,0.002605
0,-0.06331,-0.000996,-0.051317,0.168083,-0.024098,0.206129,0.001105,1.7e-05
0,-0.199856,0.016276,-0.158434,0.005961,-0.138241,0.030056,0.003203,0.000284
0,-0.150458,-0.112861,0.044719,-0.101065,0.056932,-0.1477,0.002626,0.00197
0,-0.149339,0.118008,-0.002406,0.237816,0.0475,0.197477,0.002606,0.00206
0,0.084,0.016367,0.219291,-0.12981,0.217902,-0.147868,0.001466,0.000286
0,-0.155165,0.139592,-0.255944,0.109987,-0.238184,0.154889,0.002708,0.002436
0,0.099018,0.138676,0.277779,0.019483,0.241597,0.063443,0.001728,0.00242
0,-0.069071,0.010776,-0.174639,-0.120086,-0.131936,-0.112352,0.001206,0.000188
0,-0.098218,-0.119815,-0.057561,-0.105311,-0.015528,-0.139907,0.001714,0.002091
0,0.032157,0.023918,0.125193,0.164078,0.090078,0.120357,0.000561,0.000417
0,-0.058274,0.0823,-0.070229,0.073246,-0.042672,0.048404,0.001017,0.001436
0,0.038546,0.162748,0.111179,0.090288,0.072415,0.080678,0.000673,0.00284
0,-0.04495,-0.082817,-0.070932,-0.275502,-0.030163,-0.293215,0.000785,0.001445
0,0.139168,-0.091871,0.191467,-0.023858,0.170941,-0.032163,0.002429,0.001603
0,-0.022909,0.04655,-0.171611,0.110511,-0.153074,0.149872,0.0004,0.000812
0,0.088021,-0.123637,0.117749,-0.18329,0.083117,-0.219062,0.001536,0.002158
0,0.134242,0.122002,0.041187,0.228365,0.075622,0.267667,0.002343,0.002129
0,-0.023728,-0.149916,-0.139417,-0.244968,-0.167258,-0.291934,0.000414,0.002617
0,0.071504,-0.133817,0.101353,0.030011,0.08996,0.064511,0.001248,0.002336
0,0.070114,-0.061158,0.025675,0.06449,0.012752,0.040927,0.001224,0.001067
0,0.06097,-0.13238,-0.029129,-0.068688,-0.066251,-0.104344,0.001064,0.00231
0,0.012514,-0.091451,-0.023617,0.069892,-0.004496,0.077886,0.000218,0.001596
0,0.112792,0.120049,0.076719,0.224127,0.119234,0.208503,0.001969,0.002095
0,-0.07376,0.120547,-0.194091,0.02111,-0.202834,0.042948,0.001287,0.002104
0,-0.113044,-0.047518,-0.021646,-0.172059,0.004745,-0.172326,0.001973,0.000829
0,-0.100648,-0.01657,0.020479,0.04671,0.049735,0.09107,0.001757,0.000289
0,0.134203,-0.091637,0.241698,-0.097625,0.218665,-0.140284,0.002342,0.001599
0,0.152818,0.030625,0.007461,0.117545,0.008374,0.108368,0.002667,0.000535
0,0.075425,-0.204355,-0.098118,-0.250779,-0.133979,-0.223295,0.001316,0.003124
0,-0.016282,0.062657,-0.091497,0.242437,-0.088806,0.219236,0.000284,0.001094
0,0.119518,-0.113578,0.157345,-0.180081,0.121157,-0.216325,0.002086,0.001982
0,0.027552,0.033404,-0.062384,0.145076,-0.071848,0.192793,0.000481,0.000583
0,-0.16608,-0.00429,-0.223159,-0.014586,-0.211919,-0.03493,0.002899,7.5e-05
0,-0.130304,-0.100705,0.028343,-0.121506,0.06999,-0.088655,0.002274,0.001758
0,-0.099379,0.084883,0.043329,0.167263,0.038181,0.15114,0.001734,0.001481
0,-0.103449,-0.074531,0.02263,-0.160534,0.011317,-0.166736,0.001806,0.001301
0,-0.026198,-0.121583,0.091051,-0.060296,0.056043,-0.061136,0.000457,0.002122
0,1.924378,1.249248,1.954895,1.344545,1.921757,1.344065,0.000133,0.001731
0,3.066217,2.064278,1.161137,0.821406,1.16045,0.779217,1.1e-05,0.002574
0,3.892892,2.566229,0.819892,0.511224,0.805173,0.527262,0.001036,0.002047
0,4.260533,2.360965,0.361993,-0.211525,0.37221,-0.211851,0.000761,0.001062
0,4.488941,2.158767,0.246164,-0.186768,0.290257,-0.218238,0.001943,0.002467
0,3.822356,2.19248,-0.662775,0.056981,-0.67269,0.080866,0.000195,0.001879
0,3.243776,1.590824,-0.593285,-0.595739,-0.577452,-0.59916,0.003088,0.001002
0,2.857788,0.93206,-0.400092,-0.629528,-0.395935,-0.599259,0.003042,0.002886
0,1.947194,0.604318,-0.918091,-0.33735,-0.956289,-0.343917,0.000531,0.002834
0,1.650837,0.346019,-0.302664,-0.251114,-0.276709,-0.227002,0.002049,0.000652
0,1.050653,0.012805,-0.601729,-0.345591,-0.561938,-0.341999,0.001735,0.000223
0,0.757432,0.047207,-0.309272,0.012887,-0.321337,0.03924,0.000162,0.000824
0,0.085644,-0.126382,-0.698319,-0.154388,-0.741227,-0.137003,0.001495,0.002206
0,-0.217739,-0.366862,-0.299418,-0.238173,-0.263945,-0.216593,0.002891,0.000288
0,-0.104326,-0.140417,0.106635,0.242611,0.075401,0.258956,0.001821,0.002451
0,-0.060254,-0.063819,0.02769,0.055089,0.062221,0.03149,0.001052,0.001114
0,-0.204961,-0.330197,-0.17313,-0.283482,-0.154569,-0.265926,0.003114,0.000928
0,-0.051014,-0.292944,0.18093,0.062573,0.158375,0.031363,0.00089,0.001578
0,-0.025911,-0.095871,0.042048,0.192361,-0.002245,0.207355,0.000452,0.001673
0,-0.178295,-0.02907,-0.137559,0.089411,-0.165097,0.040624,0.003112,0.000507
0,-0.014343,-0.042664,0.16467,-0.020589,0.208129,-0.003509,0.00025,0.000745
0,-0.01086,-0.188817,0.028405,-0.142482,0.032023,-0.17058,0.00019,0.003295
0,-0.164299,-0.162791,-0.126204,0.026244,-0.16582,0.009958,0.002868,0.002841
0,-0.121504,-0.134529,0.028587,0.029286,0.068882,0.035644,0.002121,0.002348
0,0.0648,0.044801,0.157712,0.157222,0.135938,0.116541,0.001131,0.000782
0,-0.18183,0.04265,-0.24426,-0.02744,-0.240323,-0.065975,0.003174,0.000744
0,0.059137,-0.11781,0.264001,-0.178797,0.230699,-0.181267,0.001032,0.002056
0,-0.06003,-0.108613,-0.143977,0.015147,-0.123817,0.01436,0.001048,0.001896
0,0.044356,-0.00505,0.112701,0.09375,0.111125,0.081895,0.000774,8.8e-05
0,0.009968,0.020891,-0.027079,0.032969,0.021389,0.068115,0.000174,0.000365
0,-0.007893,-0.106549,-0.042175,-0.131017,-0.010478,-0.151846,0.000138,0.00186
0,-0.091556,0.036098,-0.099485,0.141061,-0.090569,0.189785,0.001598,0.00063
0,-0.265936,-0.167859,-0.178458,-0.191474,-0.180022,-0.224938,0.002049,0.00293
0,-0.253904,-0.101848,-0.000683,0.054241,0.042977,0.09321,0.002259,0.001778
0,-0.198047,-0.124615,0.061149,0.001407,0.093837,0.048993,0.003234,0.002175
0,-0.112666,-0.061925,0.094008,0.073558,0.110573,0.038267,0.001966,0.001081
0,-0.003219,-0.014523,0.10322,0.064461,0.137107,0.022422,5.6e-05,0.000253
0,0.052591,0.015287,0.028401,0.052566,-0.019642,0.064742,0.000918,0.000267
0,-0.171395,-0.004665,-0.225433,0.004295,-0.198637,0.034019,0.002991,8.1e-05
0,-0.221797,-0.058122,-0.080046,-0.059288,-0.080823,-0.061321,0.00282,0.001014
0,-0.081519,-0.088243,0.110334,-0.015154,0.077439,-0.045482,0.001423,0.00154
0,0.03781,-0.084973,0.099544,-0.01284,0.062422,0.01926,0.00066,0.001483
0,-0.010391,0.06106,-0.048529,0.144316,-0.031873,0.147693,0.000181,0.001066
0,0.015065,-0.036965,0.029346,-0.079096,-0.013438,-0.095988,0.000263,0.000645
0,0.076194,0.045446,0.066788,0.061689,0.052556,0.054298,0.00133,0.000793
0,-0.098147,0.075332,-0.194281,0.055332,-0.23321,0.02446,0.001713,0.001315
0,0.132107,0.055873,0.253188,0.010337,0.288884,0.021075,0.002306,0.000975
0,0.080747,0.015298,-0.064941,-0.058811,-0.036857,-0.048497,0.001409,0.000267
0,-0.058874,-0.03763,-0.137706,-0.039465,-0.114587,-0.073351,0.001028,0.000657
0,-0.003283,0.092456,0.035977,0.129757,0.024144,0.135738,5.7e-05,0.001614
0,-0.039446,0.210171,-0.022056,0.135327,0.022079,0.158189,0.000688,0.003023
0,-0.130681,0.215746,-0.081258,-0.013432,-0.064674,0.009299,0.002281,0.002925
0,-0.130967,-0.052388,0.013519,-0.249457,0.027476,-0.256473,0.002286,0.000914
0,0.06257,0.160936,0.17554,0.216795,0.166154,0.204331,0.001092,0.002809
0,-0.04099,-0.113477,-0.108952,-0.271865,-0.062934,-0.296751,0.000715,0.001981
0,0.020728,-0.095639,0.036121,0.040852,0.059706,0.090776,0.000362,0.001669
0,-0.250042,0.019841,-0.245662,0.124568,-0.221239,0.1237,0.002327,0.000346
0,-0.091787,0.010842,0.135476,-0.015959,0.120333,0.001255,0.001602,0.000189
0,0.071653,0.021354,0.167152,0.00944,0.215849,0.020393,0.001251,0.000373
0,-0.177307,0.13752,-0.272971,0.086226,-0.267783,0.077294,0.003095,0.0024
0,0.067017,0.146799,0.223059,0.030958,0.212502,0.036372,0.00117,0.002562
0,-0.077727,-0.068614,-0.169611,-0.19499,-0.158272,-0.231577,0.001357,0.001198
0,-0.182654,0.128699,-0.083163,0.222296,-0.122862,0.177333,0.003188,0.002246
0,0.114946,-0.046877,0.322188,-0.19494,0.320096,-0.161268,0.002006,0.000818
0,0.001882,0.029528,-0.106844,0.051413,-0.136609,0.016884,3.3e-05,0.000515
0,0.028866,0.012151,0.022786,-0.000488,0.003801,-0.02201,0.000504,0.000212
0,0.178632,0.11775,0.131807,0.080506,0.136309,0.074375,0.003118,0.002055
0,-0.040463,0.143594,-0.23489,0.009113,-0.212341,0.003057,0.000706,0.002506
0,-0.158151,-0.075769,-0.1182,-0.213416,-0.134735,-0.189872,0.00276,0.001322
0,-0.013498,0.00268,0.160714,0.093138,0.110798,0.052627,0.000236,4.7e-05
0,-0.017772,0.203197,-0.008009,0.211101,0.034315,0.23736,0.00031,0.003144
0,-0.143125,-0.010522,-0.133899,-0.233068,-0.140168,-0.212614,0.002498,0.000184
0,-0.199047,-0.02417,-0.042138,-0.017948,-0.049373,-0.007987,0.003217,0.000422
0,0.081105,0.006964,0.262431,0.048346,0.280279,0.07531,0.001416,0.000122
0,-0.000595,0.148331,-0.093646,0.158541,-0.129648,0.128528,1e-05,0.002589
0,-0.130561,0.146363,-0.108953,0.009146,-0.103972,0.007534,0.002279,0.002555
0,-0.089448,0.157583,0.034115,0.004554,0.041929,0.021611,0.001561,0.00275
0,0.12232,0.063064,0.215573,-0.090221,0.185294,-0.131949,0.002135,0.001101
0,0.134782,0.0191,-0.008139,-0.050421,-0.053252,-0.025412,0.002352,0.000333
0,-0.038322,0.088171,-0.159799,0.091988,-0.133148,0.078915,0.000669,0.001539
0,0.051276,-0.001782,0.059646,-0.096031,0.038572,-0.091022,0.000895,3.1e-05
0,0.077502,0.130977,-0.002405,0.124462,-0.038663,0.111407,0.001353,0.002286
0,-0.155369,0.099916,-0.240206,-0.003121,-0.245389,-0.035051,0.002712,0.001744
0,-0.056947,0.191371,0.12559,0.119866,0.095602,0.150588,0.000994,0.00334
0,-0.266923,-0.037944,-0.190079,-0.223092,-0.177832,-0.248925,0.002032,0.000662
0,-0.200395,-0.066811,0.062214,-0.00905,0.070674,-0.027356,0.003193,0.001166
0,-0.049998,0.026152,0.157257,0.096614,0.122835,0.051511,0.000873,0.000456
0,-0.321069,0.097344,-0.255968,0.091387,-0.208063,0.066616,0.001087,0.001699
0,-0.192145,-0.004751,0.114229,-0.103754,0.146761,-0.061395,0.003337,8.3e-05
0,-0.098868,-0.00613,0.064229,-0.021139,0.10064,-0.064698,0.001726,0.000107
0,-0.146726,0.131826,-0.076837,0.162777,-0.056937,0.114399,0.002561,0.002301
0,-0.13503,0.084924,-0.003908,-0.051341,0.03249,-0.063014,0.002357,0.001482
0,-0.217131,0.039641,-0.089573,-0.071093,-0.117607,-0.102191,0.002901,0.000692
0,-0.244289,0.191113,-0.010127,0.169459,0.00391,0.152819,0.002427,0.003336
0,-0.25322,-0.070765,0.00816,-0.249567,-0.0251,-0.251784,0.002271,0.001235
0,0.018605,0.139866,0.288606,0.212195,0.256842,0.239683,0.000325,0.002441
0,-0.218658,0.162575,-0.233243,0.041532,-0.272828,0.030707,0.002875,0.002837
0,-0.21437,0.200787,-0.010063,0.060453,-0.024539,0.060213,0.002949,0.003186
0,-0.212429,-0.080143,-0.02728,-0.274436,-0.012151,-0.234771,0.002983,0.001399
0,-0.208203,0.082736,-0.022959,0.149569,-0.033445,0.129077,0.003057,0.001444
0,0.002175,-0.043908,0.205697,-0.100109,0.160262,-0.111021,3.8e-05,0.000766
0,-0.065953,0.169113,-0.073854,0.193988,-0.099349,0.190067,0.001151,0.002952
0,-0.028336,0.056246,0.012244,-0.135754,0.040363,-0.140681,0.000495,0.000982
0,-0.074173,0.149702,-0.032829,0.08904,-0.060604,0.086435,0.001295,0.002613
0,-0.052222,0.159911,0.001865,0.036639,0.030807,0.059153,0.000911,0.002791
0,0.177942,-0.057283,0.204523,-0.219427,0.250861,-0.205731,0.003106,0.001
0,0.010206,0.138225,-0.188894,0.202549,-0.191943,0.233067,0.000178,0.002412
0,0.092944,-0.044551,0.055398,-0.179108,0.046231,-0.193976,0.001622,0.000778
0,-0.077733,-0.00322,-0.165524,0.033099,-0.188557,0.073577,0.001357,5.6e-05
0,0.025356,0.152052,0.081267,0.145706,0.076724,0.168987,0.000443,0.002654
0,-0.051414,-0.085183,-0.077535,-0.212071,-0.058011,-0.169322,0.000897,0.001487
0,0.044661,-0.16988,0.084848,-0.065236,0.059957,-0.029562,0.000779,0.002965
0,-0.000394,-0.026427,-0.026584,0.157409,-0.018329,0.163055,7e-06,0.000461
0,-0.183582,0.077576,-0.171701,0.075279,-0.172762,0.094993,0.003204,0.001354
0,-0.059805,-0.018119,0.100132,-0.108074,0.083346,-0.124414,0.001044,0.000316
0,-0.132996,-0.149258,-0.072007,-0.13888,-0.038316,-0.126479,0.002321,0.002605
0,-0.202587,0.054985,-0.054299,0.218475,-0.017719,0.232772,0.003155,0.00096
0,-0.105037,-0.179527,0.100679,-0.263896,0.129803,-0.28956,0.001833,0.003133
0,-0.045705,0.014265,0.076365,0.214673,0.094424,0.260791,0.000798,0.000249
0,-0.176271,-0.174415,-0.102627,-0.21049,-0.139998,-0.195246,0.003077,0.003044
0,0.073199,0.064982,0.229417,0.261121,0.221554,0.249702,0.001278,0.001134
0,-0.010585,-0.168288,-0.0965,-0.2142,-0.143845,-0.222522,0.000185,0.002937
0,0.010245,-0.124287,-0.001728,0.03727,-0.027543,0.014158,0.000179,0.002169
0,0.065342,-0.139606,0.04515,-0.040725,0.039851,-0.032019,0.00114,0.002437
0,-0.11433,-0.091181,-0.182042,0.067418,-0.166896,0.045128,0.001995,0.001591
0,0.081561,0.06431,0.195142,0.154453,0.214605,0.13425,0.001424,0.001122
0,0.077589,0.049892,-0.007454,-0.019425,0.029623,-0.057102,0.001354,0.000871
0,0.127723,0.014345,0.041898,-0.052469,0.08145,-0.015236,0.002229,0.00025
0,-0.068216,-0.134719,-0.191244,-0.162297,-0.192923,-0.126503,0.001191,0.002351
0,0.029317,-0.143665,0.07495,-0.026611,0.027101,0.008085,0.000512,0.002507
0,-0.22052,0.101847,-0.225493,0.215849,-0.239191,0.254979,0.002842,0.001778
0,0.085047,0.015505,0.290395,-0.100627,0.270077,-0.053129,0.001484,0.000271
0,0.146599,0.017649,0.045334,-0.025037,0.04443,-0.059917,0.002559,0.000308
0,0.155274,-0.171168,0.027599,-0.178996,0.017631,-0.204324,0.00271,0.002987
0,-0.088367,-0.135729,-0.227647,0.058619,-0.241911,0.082408,0.001542,0.002369
0,-0.079391,-0.06734,-0.012572,0.063508,-0.002456,0.041599,0.001386,0.001175
0,0.046625,-0.204365,0.135766,-0.147727,0.164013,-0.154657,0.000814,0.003124
0,-0.151623,-0.178208,-0.199186,0.051237,-0.154543,0.023116,0.002646,0.00311
0,0.115045,0.008431,0.275417,0.158141,0.254717,0.186973,0.002008,0.000147
0,-0.068496,-0.043904,-0.169028,-0.05285,-0.127166,-0.046727,0.001195,0.000766
0,-0.07531,-0.096908,0.017714,-0.029718,0.038715,-0.043426,0.001314,0.001691
0,-0.103744,0.073632,-0.052275,0.153875,-0.00714,0.203218,0.001811,0.001285
0,-0.005989,0.029225,0.118932,-0.053854,0.108577,-0.045518,0.000105,0.00051
0,0.066702,-0.074306,0.069882,-0.100426,0.029794,-0.126868,0.001164,0.001297
0,-0.154467,-0.008487,-0.220748,0.043397,-0.186591,0.084516,0.002696,0.000148
0,0.064,-0.005204,0.1898,0.0105,0.23047,-0.012579,0.001117,9.1e-05
0,0.115093,0.086634,0.05903,0.091641,0.09039,0.072142,0.002009,0.001512
0,-0.159224,-0.038602,-0.263574,-0.111891,-0.309736,-0.101026,0.002779,0.000674
0,-0.021509,0.147464,0.136635,0.171592,0.136639,0.134699,0.000375,0.002574
0,0.044824,-0.105271,0.041372,-0.247882,0.066852,-0.248831,0.000782,0.001837
0,0.037371,0.139452,-0.007513,0.272,0.004342,0.269548,0.000652,0.002434
0,0.038193,0.097532,-0.023841,-0.012977,0.00768,0.026673,0.000667,0.001702
0,0.128547,-0.003222,0.097218,-0.100227,0.130202,-0.139224,0.002244,5.6e-05
0,0.108328,0.153082,-0.00895,0.135829,0.023954,0.179935,0.001891,0.002672
0,0.148139,-0.143749,0.044699,-0.315606,0.009462,-0.330116,0.002586,0.002509
0,0.056498,-0.147087,-0.08151,0.015796,-0.107213,0.029147,0.000986,0.002567
0,-0.052882,0.026626,-0.099272,0.15639,-0.065988,0.109777,0.000923,0.000465
0,0.125692,-0.032233,0.175827,-0.071184,0.142131,-0.057909,0.002194,0.000563
0,0.067695,0.114147,-0.06809,0.169264,-0.03982,0.190778,0.001182,0.001992
0,0.202578,-0.145612,0.115339,-0.273648,0.161002,-0.292198,0.003155,0.002541
0,-0.034292,-0.07045,-0.236053,0.068235,-0.214983,0.088105,0.000599,0.00123
0,-0.018739,-0.059437,0.025378,0.003596,0.056823,0.0278,0.000327,0.001037
0,0.004244,0.106156,-0.003982,0.165875,0.013979,0.127961,7.4e-05,0.001853
0,-0.026208,-0.060185,-0.026234,-0.189254,0.015164,-0.159041,0.000457,0.00105
0,0.079736,-0.112347,0.08737,-0.023915,0.085147,-0.07043,0.001392,0.001961
0,-0.06272,-0.167239,-0.116864,-0.077545,-0.07181,-0.028367,0.001095,0.002919
0,-0.062939,-0.019811,0.01009,0.16463,0.001808,0.138662,0.001098,0.000346
0,0.001498,0.065598,0.036478,0.10088,0.060969,0.089049,2.6e-05,0.001145
0,-0.117633,0.047367,-0.119136,0.010195,-0.148252,0.041594,0.002053,0.000827
0,-0.063907,0.077057,0.045295,0.059103,0.067295,0.04563,0.001115,0.001345
0,0.00412,-0.074232,0.091264,-0.153124,0.114193,-0.10548,7.2e-05,0.001296
0,0.036859,-0.091028,0.050063,0.010031,0.026076,0.047017,0.000643,0.001589
0,0.005967,-0.061808,-0.028645,0.050148,-0.002934,0.045004,0.000104,0.001079
0,-0.142094,-0.01029,-0.129884,0.035456,-0.129133,-0.010792,0.00248,0.00018
0,-0.232341,-0.17249,-0.060375,-0.185705,-0.0422,-0.220404,0.002636,0.003011
0,0.001417,-0.034074,0.258571,0.149359,0.252436,0.141681,2.5e-05,0.000595
0,-0.127606,-0.003775,-0.148175,0.052585,-0.194186,0.014022,0.002227,6.6e-05
0,0.050846,0.047719,0.180761,0.025741,0.192023,0.073606,0.000887,0.000833
0,-0.108464,-0.094299,-0.168585,-0.130315,-0.197421,-0.123128,0.001893,0.001646
0,-0.029683,0.038903,0.095993,0.141417,0.095462,0.11778,0.000518,0.000679
0,0.001251,-0.194317,0.048428,-0.221162,0.095534,-0.19829,2.2e-05,0.003299
0,0.063744,0.019881,0.088588,0.18889,0.044998,0.157367,0.001113,0.000347
0,-0.168817,-0.027196,-0.252477,-0.058121,-0.231041,-0.049957,0.002946,0.000475
0,-0.036133,-0.176544,0.103751,-0.129245,0.128323,-0.172972,0.000631,0.003081
0,0.078443,-0.234956,0.116295,-0.07684,0.111385,-0.036369,0.001369,0.00259
0,0.083032,-0.012858,0.011889,0.239908,-0.011342,0.215003,0.001449,0.000224
0,-0.008467,-0.059291,-0.070702,-0.042706,-0.118082,-0.070586,0.000148,0.001035
0,-0.062981,0.058729,-0.079415,0.095937,-0.071868,0.10248,0.001099,0.001025
0,0.03929,-0.157542,0.091088,-0.239106,0.068717,-0.232584,0.000686,0.00275
0,9.5e-05,-0.010192,-0.014672,0.157021,0.02499,0.145849,2e-06,0.000178
0,-0.140225,0.110766,-0.147688,0.146051,-0.163305,0.134086,0.002447,0.001933
0,-0.065561,0.078279,0.048197,-0.057741,0.033869,-0.051786,0.001144,0.001366
0,0.00369,-0.101655,0.090733,-0.182476,0.052563,-0.134161,6.4e-05,0.001774
0,0.02852,-0.118687,0.033485,-0.008356,0.013272,0.037856,0.000498,0.002071
0,-0.125685,0.006546,-0.162948,0.153351,-0.197472,0.19667,0.002194,0.000114
0,0.051732,-0.126369,0.194931,-0.153813,0.239012,-0.189127,0.000903,0.002206
0,0.028063,-0.030593,-0.036272,0.09142,-0.07098,0.095522,0.00049,0.000534
0,0.00509,-0.080687,-0.002612,-0.056294,-0.039101,-0.044679,8.9e-05,0.001408
0,-0.023401,0.080136,-0.055265,0.160423,-0.030338,0.186452,0.000408,0.001399
0,0.074984,-0.060659,0.0702,-0.164239,0.07904,-0.123989,0.001309,0.001059
0,0.163732,0.111907,0.075513,0.199923,0.077628,0.234967,0.002858,0.001953
0,0.146396,0.028785,-0.004632,-0.068617,0.019722,-0.034996,0.002555,0.000502
0,-0.063948,-0.09424,-0.184156,-0.130829,-0.193017,-0.094317,0.001116,0.001645
0,-0.089496,-0.075014,-0.006406,0.005941,-0.016975,0.01411,0.001562,0.001309
0,0.007664,-0.053957,0.078863,0.016566,0.086222,0.013485,0.000134,0.000942
0,-0.168067,0.148265,-0.146348,0.212229,-0.15502,0.239424,0.002933,0.002588
0,0.068354,0.026849,0.232073,-0.101564,0.184848,-0.055666,0.001193,0.000469
0,0.069656,0.112528,0.011618,0.083376,-0.017139,0.054196,0.001216,0.001964
0,-0.036115,0.046996,-0.103088,-0.045532,-0.094414,-0.000723,0.00063,0.00082
0,0.18015,0.025866,0.216469,-0.044302,0.195144,-0.073077,0.003144,0.000451
0,-0.021743,-0.009952,-0.195065,-0.035073,-0.193368,0.005016,0.000379,0.000174
0,-0.017257,0.125273,-0.013123,0.128729,0.009184,0.105653,0.000301,0.002186
0,0.025447,-0.122217,0.059861,-0.220898,0.023934,-0.174707,0.000444,0.002133
0,0.038506,-0.088623,0.00547,0.030723,-0.016995,0.058763,0.000672,0.001547
0,0.088434,-0.001933,0.026105,0.065301,0.003236,0.047766,0.001543,3.4e-05
0,0.020115,0.048543,-0.089033,0.051978,-0.128273,0.059152,0.000351,0.000847
0,0.27672,0.075147,0.2463,0.056111,0.263861,0.051389,0.001861,0.001312
0,0.200087,-0.020112,-0.066074,-0.095376,-0.108736,-0.072678,0.003199,0.000351
0,-0.009909,-0.054401,-0.228938,-0.048009,-0.234349,-0.023844,0.000173,0.000949
0,0.022264,0.130946,0.047239,0.178968,0.059864,0.170244,0.000389,0.002285
0,0.084567,-0.103693,0.051042,-0.218629,0.064994,-0.195778,0.001476,0.00181
0,-0.022747,0.147509,-0.1121,0.271795,-0.155489,0.245869,0.000397,0.002575
0,0.065571,0.142827,0.063356,0.024053,0.063119,0.042944,0.001144,0.002493
0,0.11951,0.12363,0.063637,-0.009166,0.059493,-0.049349,0.002086,0.002158
0,0.109749,0.161555,-0.026292,0.034048,-0.012424,0.058711,0.001915,0.00282
0,-0.015846,0.135359,-0.147532,-0.031585,-0.124286,-0.029416,0.000277,0.002362
0,-0.04464,0.068565,-0.013821,-0.060595,0.033282,-0.033343,0.000779,0.001197
0,0.167221,0.265278,0.21755,0.216362,0.186338,0.263984,0.002919,0.002061
0,-0.091378,0.025798,-0.257027,-0.231543,-0.267213,-0.221923,0.001595,0.00045
0,-0.003814,0.216318,0.065423,0.191515,0.060934,0.226262,6.7e-05,0.002915
0,-0.00433,0.246005,0.007416,0.029144,0.056137,0.015921,7.6e-05,0.002397
0,-0.065442,0.161905,-0.064143,-0.061764,-0.086464,-0.020683,0.001142,0.002826
0,0.065608,0.134923,0.13725,-0.051766,0.158528,-0.002867,0.001145,0.002355
0,0.190721,0.222163,0.122979,0.107675,0.089482,0.12999,0.003329,0.002813
0,-0.02156,0.141164,-0.189523,-0.054624,-0.228417,-0.016703,0.000376,0.002464
0,0.223421,0.137329,0.224683,-0.022711,0.22794,-0.015488,0.002791,0.002397
0,-0.027201,-0.075843,-0.25958,-0.206787,-0.237776,-0.159318,0.000475,0.001324
0,0.023537,-0.080861,0.065641,0.011004,0.10776,0.051512,0.000411,0.001411
0,0.154321,0.214278,0.119308,0.311507,0.145524,0.355082,0.002693,0.002951
0,0.047074,-0.059122,-0.09998,-0.281014,-0.080257,-0.250052,0.000822,0.001032
0,-0.012764,-0.040752,-0.040721,0.04803,-0.030354,0.09746,0.000223,0.000711
0,0.019505,0.182609,0.042613,0.241426,0.079387,0.284534,0.00034,0.003187
0,0.025849,0.084903,0.022625,-0.076355,0.061752,-0.087389,0.000451,0.001482
0,0.094334,-0.070104,0.080066,-0.182339,0.076974,-0.151157,0.001646,0.001224
0,-0.062719,0.008921,-0.171131,0.053204,-0.198326,0.081114,0.001095,0.000156
0,0.159719,-0.041856,0.203769,-0.046784,0.176055,-0.080429,0.002788,0.000731
0,0.079774,0.087998,-0.057202,0.113898,-0.09859,0.072357,0.001392,0.001536
0,-0.014104,0.197539,-0.086947,0.104841,-0.115539,0.12563,0.000246,0.003243
0,0.137603,0.107715,0.138502,-0.102755,0.137006,-0.076728,0.002402,0.00188
0,0.109955,0.125851,-0.015872,-0.002459,-0.014308,-0.051352,0.001919,0.002197
0,0.043768,0.177803,-0.083838,0.048838,-0.100356,0.031331,0.000764,0.003103
0,0.117088,0.129449,0.058907,-0.021983,0.028234,-0.055194,0.002044,0.002259
0,-0.00819,0.112399,-0.148497,-0.020053,-0.131656,-0.048451,0.000143,0.001962
0,-0.745926,-0.778069,-0.717439,-0.920343,-0.749345,-0.936593,0.000363,0.000198
0,-1.383182,-1.69211,-0.608282,-0.92276,-0.608935,-0.901393,0.002622,0.00277
0,-1.542972,-1.670428,-0.146714,0.029073,-0.171118,0.051208,0.000167,0.002391
0,-1.899326,-1.443592,-0.363029,0.238288,-0.392095,0.255932,0.000305,0.001568
0,-2.185182,-1.277875,-0.299028,0.158867,-0.260344,0.11563,0.002006,0.002231
0,-1.637193,-0.849766,0.532367,0.424064,0.498134,0.39329,0.001811,0.00145
0,-2.368816,-0.95988,-0.716006,-0.117957,-0.746634,-0.103192,0.001199,0.003319
0,-3.798181,-0.766941,-1.455445,0.208061,-1.419385,0.206587,0.000617,4e-06
0,-4.36435,-0.402262,-0.540945,0.364233,-0.515849,0.326422,0.002573,0.00033
0,-3.813997,-0.447852,0.569435,-0.025085,0.615263,-0.027884,0.000341,0.001126
0,-3.055283,-0.363604,0.75907,0.094388,0.747946,0.063095,0.000202,0.000345
0,-2.356689,-0.076783,0.68854,0.309657,0.728623,0.312396,0.000987,0.00134
0,-1.901426,-0.027032,0.435469,0.070286,0.460545,0.094086,0.000268,0.000472
0,-1.15969,-0.028919,0.749505,0.01117,0.784036,0.00192,0.000168,0.000505
0,-0.905471,-0.062925,0.266687,-0.019192,0.298184,-0.000792,0.002422,0.001098
0,-0.727444,-0.072501,0.159381,-0.020794,0.180197,0.020303,0.000685,0.001265
0,-0.48891,-0.090335,0.216093,-0.047292,0.256729,-0.003225,0.001842,0.001577
0,-0.060026,-0.143748,0.445195,-0.077295,0.457776,-0.102751,0.001048,0.002509
0,0.200111,0.069738,0.25126,0.209853,0.26691,0.194952,0.003198,0.001217
0,0.148235,-0.035003,-0.060642,-0.101128,-0.012568,-0.102736,0.002587,0.000611
0,0.266558,0.144252,0.088932,0.171483,0.042325,0.178446,0.002038,0.002518
0,0.115366,0.076538,-0.137972,-0.092383,-0.0971,-0.136047,0.002014,0.001336
0,0.069709,-0.080849,-0.027572,-0.149367,0.000669,-0.108234,0.001217,0.001411
0,0.261165,0.124771,0.161701,0.17689,0.12389,0.166735,0.002133,0.002178
0,-0.008115,-0.034977,-0.277115,-0.131767,-0.242145,-0.106069,0.000142,0.00061
0,0.027014,0.003641,0.022633,0.062939,-0.008698,0.064259,0.000471,6.4e-05
0,-0.031863,0.073422,-0.059429,0.073666,-0.058878,0.112864,0.000556,0.001281
0,0.074831,0.128413,0.124552,0.039489,0.137616,0.024704,0.001306,0.002241
0,0.159655,0.08197,0.06484,-0.044402,0.070837,-0.082764,0.002787,0.001431
0,0.098648,-0.132888,-0.0777,-0.238705,-0.106836,-0.217171,0.001722,0.002319
0,0.058337,0.021936,-0.051548,0.177364,-0.075557,0.176025,0.001018,0.000383
0,0.856684,1.929937,0.78202,1.905357,0.812895,1.873346,0.00157,0.00023
0,1.295266,2.009093,0.449721,0.090706,0.469145,0.088719,0.002534,0.001611
0,1.418286,2.578171,0.134518,0.551675,0.096954,0.576166,0.00201,0.001838
0,1.490079,2.050925,0.090808,-0.518917,0.053156,-0.525883,0.000756,0.002341
0,1.146922,1.808428,-0.342968,-0.260777,-0.376881,-0.27932,5.5e-05,0.001891
0,1.086416,1.426082,-0.071422,-0.393187,-0.059666,-0.373662,0.001111,0.001873
0,0.87286,1.113732,-0.202027,-0.337779,-0.173869,-0.300551,0.001853,0.000634
0,0.784643,0.884618,-0.095955,-0.209191,-0.1061,-0.246746,0.000313,0.002058
0,0.512454,0.586605,-0.249265,-0.29144,-0.245862,-0.338863,0.002253,0.003143
0,0.505546,0.39011,-0.007608,-0.188516,-0.029996,-0.220564,0.002133,0.000118
0,0.318534,-0.048473,-0.182688,-0.435065,-0.191866,-0.45938,0.001131,0.000846
0,0.299956,0.007809,0.002924,0.061572,0.013765,0.090999,0.001456,0.000136
0,0.00443,-0.090795,-0.305101,-0.071455,-0.3105,-0.072561,7.7e-05,0.001585
0,0.01421,-0.214229,-0.002205,-0.097914,-0.018465,-0.060697,0.000248,0.002952
0,0.205876,-0.105609,0.215054,0.08919,0.198116,0.043339,0.003098,0.001843
0,0.151396,-0.059579,-0.044359,0.052645,-0.057085,0.030417,0.002642,0.00104
0,0.062629,-0.234611,-0.082482,-0.201793,-0.102427,-0.164002,0.001093,0.002596
0,0.211925,-0.003084,0.170933,0.221511,0.155116,0.206988,0.002992,5.4e-05
0,0.095125,-0.166699,-0.09768,-0.152012,-0.117369,-0.191953,0.00166,0.002909
0,0.098687,-0.02871,-0.00397,0.162283,-0.021495,0.205413,0.001722,0.000501
0,0.184467,-0.044541,0.115525,-0.020425,0.142111,-0.002727,0.00322,0.000777
0,0.035488,-0.096879,-0.155366,-0.073379,-0.149396,-0.078484,0.000619,0.001691
0,0.253292,0.001772,0.229124,0.11271,0.243841,0.085828,0.00227,3.1e-05
0,0.015374,-0.201072,-0.235017,-0.198235,-0.254015,-0.210812,0.000268,0.003181
0,0.053319,-0.174116,0.050387,0.054496,0.092209,0.025741,0.000931,0.003039
0,-0.024137,-0.145709,-0.063849,0.03206,-0.093806,0.0097,0.000421,0.002543
0,0.082665,-0.247286,0.113661,-0.121263,0.146935,-0.169257,0.001443,0.002375
0,0.230509,0.001074,0.151481,0.251587,0.176846,0.231583,0.002668,1.9e-05
0,-0.012713,0.032685,-0.229225,0.015878,-0.201316,0.001617,0.000222,0.00057
0,0.185599,0.026817,0.203558,0.016874,0.167038,0.029247,0.003239,0.000468
0,0.047991,-0.042947,-0.130571,-0.09894,-0.156928,-0.137416,0.000838,0.00075
0,0.270468,-0.199268,0.22351,-0.169728,0.24632,-0.170451,0.00197,0.003213
0,0.232898,-0.222422,-0.056623,-0.007479,-0.015192,-0.042349,0.002626,0.002809
0,0.044192,-0.011204,-0.162124,0.21035,-0.133617,0.223458,0.000771,0.000196
0,0.115919,-0.046456,0.088833,-0.026497,0.079701,0.016916,0.002023,0.000811
0,0.14531,-0.040369,0.057099,0.010822,0.059985,0.047352,0.002536,0.000705
0,0.267132,-0.022756,0.139172,0.011132,0.185468,0.041495,0.002028,0.000397
0,0.190106,-0.071562,-0.07222,-0.056548,-0.090496,-0.044856,0.003318,0.001249
0,0.224541,-0.147545,0.014921,-0.046748,0.062796,-0.022735,0.002772,0.002575
0,0.039928,-0.028896,-0.197681,0.138468,-0.158342,0.18814,0.000697,0.000504
0,0.304889,0.053142,0.238752,0.102057,0.24758,0.137103,0.00137,0.000928
0,0.087911,-0.037919,-0.238589,-0.06673,-0.237901,-0.038643,0.001534,0.000662
0,0.178679,-0.027095,0.103605,0.037126,0.146557,0.048004,0.003119,0.000473
0,0.045279,-0.109378,-0.124693,-0.087647,-0.152995,-0.131938,0.00079,0.001909
0,-0.063971,-0.170184,-0.118455,-0.084813,-0.119295,-0.104062,0.001117,0.00297
0,0.112283,-0.146332,0.179155,0.032467,0.172199,-0.009774,0.00196,0.002554
0,-0.075155,-0.093478,-0.183443,0.026237,-0.19995,-0.010597,0.001312,0.001631
0,-0.132291,-0.125764,-0.041957,-0.003477,-0.025672,0.027397,0.002309,0.002195
0,0.100235,-0.033997,0.20396,0.082437,0.248065,0.119052,0.001749,0.000593
0,0.069356,-0.075717,-0.013128,-0.04782,-0.011557,-0.031787,0.00121,0.001322
0,0.06843,-0.114107,-0.027516,-0.013165,-0.051306,-0.037492,0.001194,0.001992
0,-0.090329,0.128469,-0.147749,0.225068,-0.129485,0.251434,0.001577,0.002242
0,0.001047,-0.036917,0.084128,-0.164807,0.120724,-0.162506,1.8e-05,0.000644
0,0.157748,0.084293,0.146152,0.100138,0.160974,0.124259,0.002753,0.001471
0,0.152531,0.030239,0.002631,-0.044787,-0.003319,-0.060894,0.002662,0.000528
0,-0.07334,0.132389,-0.220714,0.100942,-0.176551,0.140912,0.00128,0.002311
0,0.058547,-0.051268,0.117083,-0.154583,0.126385,-0.183506,0.001022,0.000895
0,0.135326,0.036979,0.050311,0.105167,0.095011,0.072032,0.002362,0.000645
0,0.126014,0.03782,-0.005277,-0.019026,0.039154,-0.035423,0.002199,0.00066
0,0.123029,0.052886,-0.020012,0.031496,0.016935,0.059471,0.002147,0.000923
0,0.012997,0.019326,-0.097129,-0.040396,-0.074512,-0.036583,0.000227,0.000337
0,-0.071032,0.086486,-0.101965,0.069054,-0.078418,0.048019,0.00124,0.001509
0,0.04256,0.071764,0.08758,-0.040556,0.049087,-0.007937,0.000743,0.001253
0,-0.004682,0.000824,-0.058687,-0.088197,-0.035692,-0.125892,8.2e-05,1.4e-05
0,-0.106056,-0.059139,-0.110073,-0.051501,-0.106312,-0.053596,0.001851,0.001032
0,0.120897,0.12215,0.249293,0.181985,0.238291,0.21001,0.00211,0.002132
0,-0.029722,-0.102578,-0.1557,-0.213574,-0.162032,-0.192434,0.000519,0.00179
0,-3.166287,0.055915,-3.12297,0.143947,-3.096119,0.171941,0.001736,0.000976
0,-4.061518,0.314183,-0.886608,0.252019,-0.909873,0.208894,0.002712,0.001207
0,-4.08515,0.469209,-0.050551,0.178713,-0.066444,0.144529,0.0023,0.001498
0,-3.57077,0.45128,0.512531,-0.012167,0.546251,-0.060739,0.002104,0.001186
0,-2.933444,0.356506,0.658122,-0.086147,0.687995,-0.043252,0.002328,0.000469
0,-2.442495,0.325575,0.503887,-0.042069,0.535137,-0.029148,0.002485,0.001008
0,-1.805417,0.145662,0.66106,-0.206098,0.682163,-0.160538,0.001944,0.002542
0,-1.294818,0.177944,0.524117,0.048201,0.502274,0.005376,0.002526,0.003106
0,-0.616171,-0.033833,0.708494,-0.23047,0.687299,-0.206952,0.002627,0.000591
0,-0.183884,0.018901,0.441096,0.036568,0.439362,0.011409,0.003209,0.00033
0,0.08095,0.044678,0.2416,0.005992,0.266876,0.047123,0.001413,0.00078
0,0.190373,-0.003001,0.113549,-0.059652,0.152263,-0.082516,0.003323,5.2e-05
0,0.50422,0.004957,0.29487,-0.004771,0.294418,-0.002113,0.002109,8.7e-05
0,0.582998,-0.195912,0.052685,-0.197771,0.034131,-0.246551,0.003206,0.003272
0,0.357169,0.0594,-0.232612,0.232766,-0.269286,0.201147,0.000457,0.001037
0,0.234692,0.135852,-0.135178,0.096331,-0.098066,0.099818,0.002595,0.002371
0,0.275297,-0.087555,0.020205,-0.216625,-0.029291,-0.201158,0.001886,0.001528
0,0.00989,0.032227,-0.290231,0.089814,-0.333408,0.07774,0.000173,0.000562
0,0.111604,-0.080881,0.112226,-0.12911,0.103783,-0.12366,0.001948,0.001412
0,1.399095,-0.348399,1.282448,-0.267018,1.311246,-0.290951,0.002344,0.00061
0,2.887358,-0.270547,1.468381,0.060216,1.457717,0.106512,0.003133,0.001969
0,3.275368,-0.439205,0.409113,-0.18707,0.432261,-0.215569,0.003051,0.000975
0,3.004714,-0.494551,-0.286806,-0.073749,-0.311802,-0.062276,0.001084,0.001941
0,2.316747,-0.505694,-0.664619,0.005618,-0.695262,-0.000359,0.00029,0.002135
0,1.901888,-0.472289,-0.405302,0.011754,-0.447054,0.020553,0.00026,0.001552
0,1.335398,-0.459098,-0.588025,-0.009564,-0.572039,-0.04505,0.003235,0.001322
0,0.680224,-0.343822,-0.677659,0.103604,-0.690725,0.100381,0.001509,0.00069
0,0.235747,-0.195088,-0.444982,0.122355,-0.406659,0.087907,0.002576,0.003286
0,0.063833,-0.165223,-0.193075,0.040589,-0.188195,0.082306,0.001114,0.002884
0,0.232051,0.09764,0.1546,0.266697,0.133593,0.285846,0.002641,0.001704
0,0.032635,0.082606,-0.206134,-0.000729,-0.200394,0.012892,0.00057,0.001442
0,0.04856,0.050708,-0.006755,-0.049261,0.032905,-0.025825,0.000848,0.000885
0,-0.109964,0.154598,-0.162548,0.0787,-0.205278,0.034138,0.001919,0.002698
0,-0.187282,0.198298,-0.070132,0.033961,-0.103082,0.01787,0.003269,0.00323
0,-0.080472,-0.065923,0.11358,-0.264209,0.159555,-0.21491,0.001405,0.001151
0,-0.29116,-0.013293,-0.185521,0.05856,-0.192742,0.106848,0.001609,0.000232
0,-0.206298,-0.102974,0.092141,-0.077719,0.134693,-0.061516,0.00309,0.001797
0,-0.293969,0.035889,-0.077722,0.125025,-0.076062,0.12533,0.00156,0.000626
0,0.044799,-0.09669,0.35877,-0.159524,0.360858,-0.144396,0.000782,0.001688
0,-0.07509,0.041062,-0.101676,0.143763,-0.054394,0.181229,0.001311,0.000717
0,0.027863,0.128209,0.113559,0.061119,0.084233,0.0846,0.000486,0.002238
0,-0.055669,0.139918,-0.081,0.004748,-0.128433,-0.017134,0.000972,0.002442
0,-0.080931,-0.116174,-0.050682,-0.27847,-0.060252,-0.321135,0.001413,0.002028
0,0.144303,-0.027803,0.239913,0.078334,0.288656,0.116086,0.002519,0.000485
0,-0.096269,-0.017335,-0.244093,-0.012976,-0.19853,-0.025567,0.00168,0.000303
0,0.06899,-0.040619,0.188015,-0.022106,0.181795,-0.000229,0.001204,0.000709
0,-0.145282,-0.12601,-0.241261,-0.106768,-0.281088,-0.096438,0.002536,0.002199
0,-0.056945,0.157868,0.072114,0.271292,0.032408,0.299447,0.000994,0.002755
0,0.087423,0.177762,0.141392,0.036469,0.178524,0.048361,0.001526,0.003103
0,-0.163839,0.062593,-0.2409,-0.100408,-0.193943,-0.102981,0.00286,0.001092
0,-0.042188,0.078275,0.112531,0.028554,0.11803,0.011301,0.000736,0.001366
0,0.031251,0.047455,0.080999,-0.019753,0.044373,0.02121,0.000545,0.000828
0,0.053226,-0.10284,-0.006874,-0.168089,-0.000618,-0.183822,0.000929,0.001795
0,-0.161795,0.040997,-0.242304,0.154385,-0.201501,0.162271,0.002824,0.000716
0,0.053667,0.05114,0.22015,-0.004959,0.264378,-0.035543,0.000937,0.000893
0,-0.149704,-0.026781,-0.206472,-0.051507,-0.231131,-0.084391,0.002613,0.000467
0,-0.001813,0.025393,0.14878,0.077759,0.100816,0.033589,3.2e-05,0.000443
0,0.01428,0.06666,0.011301,0.018251,-0.00698,0.047839,0.000249,0.001163
0,-0.195678,0.080239,-0.227832,0.009548,-0.228737,0.01583,0.003276,0.0014
0,-0.26248,0.004007,-0.083242,-0.098851,-0.03451,-0.12531,0.00211,7e-05
0,0.006491,-0.002954,0.24358,0.017913,0.240461,-0.021116,0.000113,5.2e-05
0,-0.116575,-0.00598,-0.103938,0.00074,-0.145121,-0.009348,0.002035,0.000104
0,-0.078152,0.022074,0.042069,0.055541,0.053832,0.096611,0.001364,0.000385
0,-0.053409,-0.18043,0.035048,-0.188976,0.04517,-0.221586,0.000932,0.003149
0,0.028425,-0.121964,0.088733,0.037844,0.05095,0.028714,0.000496,0.002129
0,-0.011663,0.031137,-0.011669,0.157395,0.01276,0.118351,0.000204,0.000543
0,-0.012323,0.040889,-0.025552,0.007219,-0.020769,0.017524,0.000215,0.000714
0,-0.149027,0.099806,-0.158483,0.076893,-0.128242,0.076003,0.002601,0.001742
0,-0.036787,0.12132,0.137156,0.006547,0.136226,-0.003349,0.000642,0.002117
0,-0.031644,0.04537,0.020853,-0.081064,0.004038,-0.120647,0.000552,0.000792
0,0.098311,-0.041553,0.130304,-0.089173,0.176772,-0.048699,0.001716,0.000725
0,-0.131346,0.022905,-0.220208,0.084276,-0.208951,0.070845,0.002292,0.0004
0,0.118978,0.137489,0.222366,0.126861,0.242672,0.144631,0.002077,0.0024
0,-0.036285,-0.081462,-0.130955,-0.189081,-0.16456,-0.204926,0.000633,0.001422
0,0.035088,-0.113847,0.069158,-0.022114,0.102436,0.011638,0.000612,0.001987
0,0.011677,-0.023078,-0.026106,0.087063,-0.015849,0.065094,0.000204,0.000403
0,-0.095496,-0.05865,-0.080908,-0.026112,-0.075456,-0.047165,0.001667,0.001024
0,0.11006,-0.092748,0.20704,-0.044453,0.188942,-0.037733,0.001921,0.001619
0,-0.113352,-0.034773,-0.213653,0.03436,-0.188167,0.069794,0.001978,0.000607
0,-0.057716,0.01435,0.065559,0.069052,0.075755,0.082887,0.001007,0.00025
0,0.029249,0.078873,0.088102,0.074067,0.127395,0.061076,0.00051,0.001377
0,0.08171,0.091053,0.057746,0.030236,0.090275,-0.014064,0.001426,0.001589
0,-0.14202,-0.027617,-0.25221,-0.132027,-0.225939,-0.116194,0.002479,0.000482
0,-0.144866,-0.009916,-0.01622,0.009782,-0.052221,-0.003015,0.002528,0.000173
0,-0.190309,0.111334,-0.02987,0.111202,0.006609,0.106173,0.003322,0.001943
0,-0.000726,-0.077215,0.196196,-0.184133,0.230576,-0.201532,1.3e-05,0.001348
0,0.13561,-0.04846,0.143165,0.011458,0.147299,-0.028229,0.002367,0.000846
0,-0.084479,0.047471,-0.218061,0.101487,-0.198878,0.054692,0.001474,0.000829
0,0.058,-0.05284,0.118092,-0.115378,0.112372,-0.121616,0.001012,0.000922
0,0.064151,0.075783,0.021136,0.145401,0.023831,0.108659,0.00112,0.001323
0,-0.036743,-0.092047,-0.082972,-0.184696,-0.036663,-0.18663,0.000641,0.001607
0,0.199292,0.180009,0.238299,0.26222,0.207302,0.308982,0.003213,0.003142
0,0.11377,0.178637,-0.071342,0.01191,-0.027666,-0.008493,0.001986,0.003118
0,0.114237,-0.05292,-0.017792,-0.234717,-0.030718,-0.230269,0.001994,0.000924
0,-0.013638,0.127097,-0.138172,0.196195,-0.098707,0.243215,0.000238,0.002218
0,-0.012341,0.083903,0.029175,-0.049599,0.004979,-0.064607,0.000215,0.001464
0,0.080831,0.063616,0.082808,-0.026634,0.121135,-0.01641,0.001411,0.00111
0,-0.030451,0.045842,-0.11134,-0.03727,-0.081391,-0.05101,0.000531,0.0008
0,0.062545,0.016836,0.066122,-0.021031,0.082655,0.020272,0.001092,0.000294
0,0.14341,0.051657,0.062999,0.04913,0.024027,0.062666,0.002503,0.000902
0,-0.048345,0.017912,-0.183542,-0.044852,-0.21802,-0.077063,0.000844,0.000313
0,-0.007176,0.015808,0.012174,0.027633,-0.020437,0.004982,0.000125,0.000276
0,-0.0271,0.256849,-0.031247,0.248048,-0.048081,0.286069,0.000473,0.002208
0,-0.105198,0.217208,-0.052205,-0.026867,-0.036506,-0.019281,0.001836,0.0029
0,0.066234,0.039346,0.176984,-0.185159,0.18298,-0.180344,0.001156,0.000687
0,-0.079767,0.144758,-0.145569,0.101043,-0.098901,0.128363,0.001392,0.002527
0,0.093632,0.13472,0.143586,-0.006294,0.129733,0.03839,0.001634,0.002351
0,-0.10032,0.075325,-0.173572,-0.061442,-0.135707,-0.047019,0.001751,0.001315
0,0.014461,0.018373,0.085956,-0.07983,0.122891,-0.033803,0.000252,0.000321
0,-0.125612,-0.072468,-0.15273,-0.067417,-0.196945,-0.058139,0.002192,0.001265
0,0.006177,-0.047102,0.122515,0.021332,0.127186,0.061272,0.000108,0.000822
0,-0.191911,-0.01241,-0.228008,0.038417,-0.202825,0.003333,0.003341,0.000217
0,0.041088,0.148554,0.213509,0.161882,0.18,0.206529,0.000717,0.002593
0,-0.167532,0.108325,-0.218487,-0.027476,-0.208577,-0.001543,0.002924,0.001891
0,-0.01837,-0.042318,0.162707,-0.124163,0.18894,-0.075975,0.000321,0.000739
0,-0.050025,0.107181,-0.04738,0.160837,-0.072515,0.165432,0.000873,0.001871
0,-0.061065,0.010805,-0.028272,-0.091072,0.019365,-0.135508,0.001066,0.000189
0,0.187469,-0.050971,0.251521,-0.089139,0.254983,-0.0773,0.003272,0.00089
0,-0.079712,-0.017147,-0.285592,0.033223,-0.305867,-0.00367,0.001391,0.000299
0,-0.06942,0.073775,0.022068,0.085991,0.010964,0.110262,0.001212,0.001288
0,-0.111995,-0.058707,-0.066275,-0.161328,-0.066489,-0.176497,0.001955,0.001025
0,0.055067,0.143824,0.154909,0.189802,0.186839,0.173988,0.000961,0.00251
0,0.083938,0.033273,0.006498,-0.086506,0.046891,-0.086126,0.001465,0.000581
0,-0.103558,0.118493,-0.170641,0.069791,-0.198368,0.067492,0.001807,0.002068
0,0.107789,0.10359,0.202805,-0.025459,0.169984,0.003528,0.001881,0.001808
0,-0.2039,0.185659,-0.303604,0.075362,-0.336906,0.061881,0.003132,0.00324
0,-0.080866,-0.093285,0.095588,-0.262627,0.09036,-0.24825,0.001411,0.001628
0,-0.056438,-0.069829,0.051254,0.038178,0.067327,0.069781,0.000985,0.001219
0,-0.15016,0.080177,-0.096921,0.140426,-0.136311,0.165322,0.002621,0.001399
0,-0.075138,0.104681,0.071497,0.018214,0.073195,-0.028118,0.001311,0.001827
0,-0.114804,0.155688,-0.018375,0.068363,-0.052922,0.071107,0.002004,0.002717
0,-0.091359,0.001369,0.003022,-0.174445,-0.019423,-0.174234,0.001595,2.4e-05
0,-0.041774,-0.046204,0.073335,-0.034359,0.062349,-0.076938,0.000729,0.000806
0,0.097045,0.168572,0.147867,0.235862,0.197318,0.280695,0.001694,0.002942
0,0.084887,0.064359,-0.037819,-0.074801,0.002853,-0.058686,0.001482,0.001123
0,0.084343,-0.062122,0.003499,-0.146308,0.049155,-0.117988,0.001472,0.001084
0,0.144877,-0.091817,0.086045,-0.026067,0.095532,-0.025098,0.002529,0.001603
0,-0.10513,0.105071,-0.248396,0.191854,-0.249789,0.200865,0.001835,0.001834
0,0.068898,0.14349,0.150978,0.024686,0.165262,0.061929,0.001203,0.002504
0,0.178662,-0.068572,0.12017,-0.196948,0.138396,-0.198942,0.003118,0.001197
0,-0.045418,-0.008691,-0.225448,0.03361,-0.233704,0.013063,0.000793,0.000152
0,-0.040063,0.038025,-0.024515,0.022148,-0.040331,0.027854,0.000699,0.000664
0,0.179536,-0.02775,0.231767,-0.036433,0.242839,-0.064528,0.003133,0.000484
0,0.074876,-0.039645,-0.075781,-0.000791,-0.095749,0.024428,0.001307,0.000692
0,-0.05288,0.13151,-0.117369,0.191361,-0.151713,0.155966,0.000923,0.002295
0,-0.015361,0.118966,0.044199,-0.005859,0.027949,0.0046,0.000268,0.002076
0,0.079214,0.072606,0.085986,-0.04041,0.038349,-0.08716,0.001383,0.001267
0,-0.135648,0.093307,-0.206978,0.042293,-0.1808,0.045694,0.002368,0.001629
0,-0.128716,-0.019681,0.021157,-0.139901,0.010137,-0.130658,0.002247,0.000343
0,-0.163507,-0.144885,-0.062177,-0.113802,-0.102724,-0.160517,0.002854,0.002529
0,-0.182801,-0.098782,-0.018937,0.060238,-0.057166,0.042405,0.00319,0.001724
0,0.039759,-0.061914,0.243284,0.057286,0.231769,0.027179,0.000694,0.001081
0,-0.20118,-0.106987,-0.230021,-0.024564,-0.182175,-0.062817,0.00318,0.001867
0,-0.169346,-0.146798,0.046643,-0.026814,0.00323,-0.049226,0.002956,0.002562
0,-0.01341,0.085181,0.165144,0.235448,0.158142,0.187483,0.000234,0.001487
0,-0.16567,0.118941,-0.16735,0.046101,-0.126745,0.056374,0.002891,0.002076
0,0.010727,0.07694,0.15493,-0.028214,0.197437,-0.053575,0.000187,0.001343
0,-0.030625,0.081023,-0.031197,-0.02481,-0.017084,-0.051765,0.000535,0.001414
0,-0.124861,0.028196,-0.100389,-0.030045,-0.123716,-0.027132,0.002179,0.000492
0,-0.176314,-0.189114,-0.034539,-0.194207,-0.007801,-0.190959,0.003077,0.003301
0,-0.011331,0.028441,0.154868,0.221131,0.126154,0.212231,0.000198,0.000496
0,-0.13295,-0.168766,-0.116042,-0.22429,-0.088197,-0.223101,0.00232,0.002946
0,-0.098896,-0.102864,0.054966,0.094063,0.06166,0.084888,0.001726,0.001795
0,-0.00204,-0.145775,0.108144,-0.061506,0.066552,-0.032952,3.6e-05,0.002544
0,0.001894,-0.049694,0.016262,0.105116,0.01717,0.111336,3.3e-05,0.000867
0,-0.110454,-0.02928,-0.110456,0.020893,-0.076541,0.059258,0.001928,0.000511
0,-0.131701,0.030297,0.000999,0.031164,-0.019817,-0.017249,0.002299,0.000529
0,-0.269332,-0.126892,-0.162795,-0.14127,-0.193331,-0.097137,0.00199,0.002215
0,-0.128342,-0.238455,0.166575,-0.096257,0.204691,-0.133357,0.00224,0.002529
0,-0.036472,-0.164092,0.108077,0.060116,0.115267,0.103529,0.000637,0.002864
0,-0.165707,-0.024251,-0.152784,0.140109,-0.186444,0.105086,0.002892,0.000423
0,-0.156951,-0.111177,-0.000762,-0.078446,-0.04675,-0.058804,0.002739,0.00194
0,0.038267,-0.141015,0.186494,-0.026839,0.217686,-0.048019,0.000668,0.002461
0,-0.079756,-0.017387,-0.127902,0.146769,-0.082869,0.179113,0.001392,0.000303
0,-0.225336,-0.030465,-0.126841,-0.038223,-0.112738,0.005311,0.002758,0.000532
0,-0.19942,0.021517,0.052664,0.064068,0.080274,0.014108,0.00321,0.000376
0,-0.068424,0.020458,0.156079,0.008942,0.123746,0.022388,0.001194,0.000357
0,-0.018668,-0.220959,0.026292,-0.241466,0.042271,-0.218214,0.000326,0.002834
0,-0.102568,-0.056048,-0.102694,0.138152,-0.085269,0.18401,0.00179,0.000978
0,-0.058522,-0.103034,0.061458,-0.055243,0.079922,-0.033266,0.001021,0.001798
0,-0.051845,-0.003862,0.020213,0.102992,0.03083,0.109918,0.000905,6.7e-05
0,-0.252402,-0.093461,-0.198122,-0.061117,-0.219078,-0.08403,0.002286,0.001631
0,-0.359545,-0.133671,-0.135726,-0.04881,-0.089752,-0.072722,0.000416,0.002333
0,-0.240198,-0.010842,0.112495,0.094292,0.131093,0.055955,0.002499,0.000189
0,-0.214333,-0.080689,0.032976,-0.084183,0.02803,-0.114468,0.00295,0.001408
0,-0.241968,-0.101679,-0.036825,-0.04496,-0.062989,-0.003461,0.002468,0.001775
0,-0.142449,-0.10528,0.082996,0.003252,0.132146,-0.013206,0.002486,0.001837
0,-0.039328,-0.154371,0.131662,-0.02379,0.154259,-0.070367,0.000686,0.002694
0,-0.045302,-0.162748,0.021042,-0.021699,-0.024514,-0.063451,0.000791,0.00284
0,-0.137934,-0.033868,-0.091699,0.103103,-0.076182,0.060244,0.002407,0.000591
0,-0.23483,-0.080743,-0.126169,-0.026402,-0.136574,-0.010224,0.002592,0.001409
0,-0.263657,-0.133406,-0.051505,-0.026506,-0.06333,0.015735,0.002089,0.002328
0,-0.020018,-0.278333,0.252902,-0.152543,0.291431,-0.122308,0.000349,0.001833
0,-0.044779,-0.092133,-0.033089,0.19626,-0.051374,0.174783,0.000782,0.001608
0,-0.207878,-0.033902,-0.161914,0.063298,-0.134332,0.109135,0.003063,0.000592
0,-0.199155,-0.142213,0.00398,-0.130616,0.04259,-0.119391,0.003215,0.002482
0,-0.163811,-0.129784,0.020273,0.012291,0.047336,0.033312,0.002859,0.002265
0,-0.234824,-0.151867,-0.044122,-0.030098,-0.05521,-0.079905,0.002592,0.002651
0,-0.095298,-0.1931,0.110711,-0.048011,0.07961,-0.05717,0.001663,0.003321
0,-0.259288,-0.146404,-0.156424,0.026096,-0.203028,-0.012642,0.002165,0.002555
0,-0.030076,-0.254195,0.209361,-0.079017,0.236507,-0.124335,0.000525,0.002254
0,-0.013865,-0.265959,0.014318,0.0036,0.023295,0.048127,0.000242,0.002049
0,0.022193,-0.098909,0.026437,0.157075,-0.015127,0.162105,0.000387,0.001726
0,0.047889,-0.05123,0.02194,0.050411,0.038613,0.019736,0.000836,0.000894
0,0.00473,-0.093963,-0.043202,-0.028588,-0.081564,-0.056937,8.3e-05,0.00164
0,-0.017117,-0.034169,-0.014303,0.051498,0.010544,0.042689,0.000299,0.000596
0,-0.110371,-0.247688,-0.065722,-0.219188,-0.107095,-0.240549,0.001926,0.002368
0,-0.07515,-0.188661,0.022158,0.055066,0.01274,0.103068,0.001312,0.003293
0,-0.029145,-0.016975,0.062698,0.181855,0.081677,0.195588,0.000509,0.000296
0,-0.025045,-0.020528,-0.018114,0.015479,-0.050834,-0.029957,0.000437,0.000358
0,-0.252742,0.034381,-0.255942,0.035593,-0.222975,0.070498,0.00228,0.0006
0,-0.083024,0.027095,0.179189,-0.012614,0.209021,-0.013788,0.001449,0.000473
0,-0.260638,0.065791,-0.147717,0.009402,-0.179039,0.033364,0.002142,0.001148
0,-0.099839,-0.150581,0.185204,-0.20762,0.194736,-0.201265,0.001743,0.002628
0,-0.282166,-0.072258,-0.153353,0.073831,-0.138427,0.030492,0.001766,0.001261
0,-0.068006,-0.124749,0.211882,-0.065397,0.193939,-0.057492,0.001187,0.002177
0,-0.022329,-0.026855,0.069854,0.077533,0.112673,0.12503,0.00039,0.000469
0,0.000807,-0.143177,-0.006713,-0.142764,0.029153,-0.121752,1.4e-05,0.002499
0,-0.105907,-0.058407,-0.100486,0.088348,-0.115661,0.050058,0.001848,0.001019
0,-0.138776,-0.003143,-0.035123,0.0586,-0.068795,0.035774,0.002422,5.5e-05
0,-0.052827,0.174059,0.079142,0.185675,0.075721,0.187215,0.000922,0.003038
0,-0.044676,0.152884,0.030575,-0.011765,0.04981,-0.028646,0.00078,0.002668
0,-0.155325,0.174361,-0.083273,0.021039,-0.080993,-0.005948,0.002711,0.003043
0,0.086809,0.07591,0.239578,-0.107097,0.190736,-0.126496,0.001515,0.001325
0,-0.107105,-0.041229,-0.177339,-0.127913,-0.208544,-0.119702,0.001869,0.00072
0,0.008289,-0.04907,0.120355,-0.029427,0.111756,0.003901,0.000145,0.000856
0,-0.091307,0.082383,-0.094862,0.158406,-0.104235,0.150751,0.001594,0.001438
0,-0.004776,0.154688,0.093179,0.067442,0.059698,0.051599,8.3e-05,0.0027
0,-0.139875,-0.104497,-0.16438,-0.282868,-0.13417,-0.244852,0.002441,0.001824
0,-0.11643,-0.014061,0.013651,0.086025,0.062917,0.089538,0.002032,0.000245
0,-0.089505,0.126278,0.02134,0.124356,-0.021707,0.121151,0.001562,0.002204
0,-0.005319,0.010123,0.079627,-0.128314,0.051458,-0.083323,9.3e-05,0.000177
0,0.079049,0.148321,0.070252,0.161772,0.096828,0.188519,0.00138,0.002589
0,0.025968,0.077949,-0.041758,-0.069814,-0.055421,-0.092796,0.000453,0.00136
0,0.115401,-0.022601,0.065178,-0.092316,0.041609,-0.062449,0.002014,0.000394
0,-0.07807,0.212651,-0.193316,0.258121,-0.19032,0.247982,0.001363,0.002979
0,0.111457,-0.018382,0.201859,-0.221671,0.219551,-0.207435,0.001945,0.000321
0,-0.025205,0.004102,-0.116009,0.024275,-0.129275,0.073293,0.00044,7.2e-05
0,0.140256,0.038769,0.188931,0.033767,0.177639,0.039085,0.002448,0.000677
0,0.009239,-0.057409,-0.116922,-0.11391,-0.156042,-0.083772,0.000161,0.001002
0,-0.503518,-1.34925,-0.52597,-1.275306,-0.515846,-1.323022,0.002097,0.003214
0,-0.911265,-2.473306,-0.416133,-1.101224,-0.379305,-1.127637,0.002523,0.003022
0,-1.269972,-1.937106,-0.370871,0.539583,-0.383628,0.535954,0.002093,0.000355
0,-1.599543,-1.893,-0.330433,0.049058,-0.334299,0.097715,0.001154,0.000415
0,-1.391527,-1.169374,0.207513,0.714978,0.231885,0.718611,0.002477,0.000337
0,-1.214947,-0.978769,0.191909,0.192215,0.208487,0.159238,0.001132,0.00299
0,-1.123064,-0.892603,0.090635,0.108136,0.094253,0.074476,0.000471,0.002197
0,-0.894905,-0.643842,0.248271,0.238353,0.240601,0.258148,0.002237,0.002144
0,-0.862261,-0.514688,0.055527,0.151028,0.04947,0.12476,0.001668,0.002292
0,-0.501162,-0.463582,0.380649,0.035562,0.357742,0.060962,0.002056,0.0014
0,-0.354107,-0.255231,0.123276,0.191896,0.113941,0.198887,0.00051,0.002236
0,-0.214599,-0.028952,0.145442,0.252376,0.116049,0.249717,0.002945,0.000505
0,0.111005,-0.053535,0.354783,-0.010742,0.329081,0.002812,0.001937,0.000934
0,0.035566,0.136821,-0.090837,0.214201,-0.114535,0.215316,0.000621,0.002388
0,0.075191,0.175869,0.016783,0.05671,-0.010716,0.009028,0.001312,0.003069
0,0.206063,0.149335,0.136673,-0.052372,0.101631,-0.011451,0.003094,0.002606
0,-0.013363,0.2462,-0.239491,0.119994,-0.269401,0.155433,0.000233,0.002394
0,-0.016412,0.228429,0.017572,-0.029832,-0.002905,-0.024934,0.000286,0.002704
0,-0.109727,0.302231,-0.097842,0.067629,-0.101417,0.081507,0.001915,0.001416
0,0.123901,0.10671,0.242859,-0.188577,0.267193,-0.187213,0.002162,0.001862
0,0.235246,0.148367,0.090367,0.056294,0.051214,0.011055,0.002585,0.002589
0,0.192435,0.211536,-0.035745,0.040982,0.013881,-0.00837,0.003332,0.002999
0,0.042484,-0.033927,-0.143914,-0.242076,-0.177209,-0.229116,0.000741,0.000592
0,0.006447,0.007553,-0.05771,0.012885,-0.075893,0.012439,0.000113,0.000132
0,-0.05705,0.031473,-0.044385,0.011949,-0.079581,0.031166,0.000996,0.000549
0,0.181689,-0.012501,0.267339,-0.055882,0.218211,-0.09731,0.003171,0.000218
0,-0.029511,0.051682,-0.220618,0.059514,-0.185301,0.011666,0.000515,0.000902
0,-0.074976,0.139989,-0.053132,0.101238,-0.04193,0.112237,0.001309,0.002443
0,-0.139627,0.159157,-0.071692,0.01483,-0.063988,-0.011225,0.002437,0.002778
0,-0.162202,0.14807,-0.020017,0.010413,-0.035487,0.045432,0.002831,0.002584
0,-0.104306,0.061044,0.078297,-0.075567,0.038215,-0.039312,0.00182,0.001065
0,-0.055123,-0.022016,0.054069,-0.069915,0.08419,-0.028833,0.000962,0.000384
0,0.053379,0.096692,0.091141,0.145712,0.046524,0.149929,0.000932,0.001688
0,-0.131487,0.084038,-0.191375,0.003273,-0.237384,0.011748,0.002295,0.001467
0,-0.163615,0.03741,-0.007078,-0.026299,0.000364,-0.018985,0.002856,0.000653
0,0.14183,0.111703,0.29974,0.098266,0.274378,0.09997,0.002475,0.00195
0,-0.011197,0.090137,-0.13609,-0.036628,-0.133248,-0.05657,0.000195,0.001573
0,-0.031987,0.040797,-0.01555,-0.045344,-0.039927,-0.03487,0.000558,0.000712
0,-0.062548,0.113696,-0.0504,0.062244,-0.030989,0.042836,0.001092,0.001984
0,-0.137453,0.173088,-0.098409,0.034758,-0.074623,0.036544,0.002399,0.003021
0,-0.086423,0.202726,0.054163,0.003404,0.086347,-0.010443,0.001508,0.003153
0,0.017617,0.083245,0.109575,-0.112344,0.08414,-0.152569,0.000307,0.001453
0,-0.046055,0.126304,-0.053616,0.063333,-0.071618,0.054956,0.000804,0.002204
0,0.120944,-0.037046,0.170064,-0.133403,0.188537,-0.179124,0.002111,0.000647
0,0.04038,0.187041,-0.065641,0.222976,-0.1156,0.264862,0.000705,0.003264
0,0.084406,0.195653,0.045687,0.035152,0.032013,0.074696,0.001473,0.003276
0,-0.045153,-0.06584,-0.104777,-0.256892,-0.064659,-0.290922,0.000788,0.001149
0,-0.102677,0.11749,-0.036199,0.180011,-0.026158,0.214388,0.001792,0.002051
0,-0.040167,0.100238,0.085872,-0.01232,0.098653,0.010373,0.000701,0.001749
0,-0.074567,0.218706,-0.040908,0.09929,-0.016883,0.066179,0.001301,0.002874
0,0.108706,0.224214,0.159961,-0.015294,0.154283,-0.063567,0.001897,0.002778
0,0.108257,0.183812,0.025123,-0.025282,0.047383,-0.00301,0.001889,0.003208
0,-0.143115,0.197451,-0.239756,-0.014881,-0.233038,-0.052369,0.002498,0.003245
0,-0.033427,0.021508,0.095975,-0.162969,0.088995,-0.182359,0.000583,0.000375
0,-0.037638,0.015835,0.015118,0.007284,0.039955,0.019143,0.000657,0.000276
0,-0.250676,0.038092,-0.22554,0.011004,-0.185057,0.01547,0.002316,0.000665
0,-0.109523,-0.062668,0.124637,-0.101719,0.122049,-0.082228,0.001912,0.001094
0,-0.112623,-0.123968,0.001252,-0.034958,0.000376,-0.082694,0.001966,0.002164
0,-0.079819,-0.077384,0.025937,0.069752,-0.00231,0.020756,0.001393,0.001351
0,-0.107467,0.078268,-0.053339,0.158826,-0.075569,0.130853,0.001876,0.001366
0,0.004389,-0.167216,0.118078,-0.267894,0.130557,-0.251561,7.7e-05,0.002918
0,-0.055282,0.038579,-0.087607,0.217482,-0.10804,0.190067,0.000965,0.000673
0,0.066447,0.101515,0.133203,0.092526,0.144902,0.125368,0.00116,0.001772
0,-0.152862,0.07252,-0.231365,-0.053121,-0.220236,-0.043706,0.002668,0.001266
0,-0.01332,0.030077,0.164407,-0.061478,0.180099,-0.021567,0.000232,0.000525
0,-0.179116,-0.079173,-0.145866,-0.089543,-0.192919,-0.065541,0.003126,0.001382
0,0.004575,0.124036,0.210416,0.216336,0.192873,0.250421,8e-05,0.002165
0,0.023716,0.056258,-0.007867,-0.091683,-0.017536,-0.1257,0.000414,0.000982
0,0.008153,0.050395,0.010342,-0.006225,0.034907,0.009917,0.000142,0.00088
0,-0.171675,0.03931,-0.181782,0.007406,-0.187726,-0.026424,0.002996,0.000686
0,-0.190606,0.074388,-0.039267,0.020357,-0.047571,0.058074,0.003327,0.001298
0,0.042452,-0.151283,0.218588,-0.212725,0.254824,-0.167925,0.000741,0.00264
0,-0.189117,-0.039033,-0.224642,0.108414,-0.192957,0.059823,0.003301,0.000681
0,-0.263228,-0.100829,-0.060958,-0.036808,-0.030593,-0.041116,0.002097,0.00176
0,-0.052838,-0.041856,0.188279,0.047277,0.228373,0.061617,0.000922,0.000731
0,-0.146414,-0.14227,-0.078002,-0.090149,-0.041715,-0.05627,0.002555,0.002483
0,-0.123465,0.032391,0.003284,0.160778,-0.043697,0.140342,0.002155,0.000565
0,-0.098064,0.025326,0.050751,-0.006682,0.096065,-0.055946,0.001712,0.000442
0,0.067512,-0.111822,0.193568,-0.119175,0.180695,-0.085522,0.001178,0.001952
0,0.103639,-0.072547,0.020036,0.036613,-0.017687,0.052191,0.001809,0.001266
0,0.117813,-0.12619,0.038177,-0.078425,0.00273,-0.072694,0.002056,0.002202
0,0.073947,-0.00374,-0.061116,0.111407,-0.015931,0.161314,0.001291,6.5e-05
0,-0.083259,0.0152,-0.161369,0.003157,-0.204639,0.00379,0.001453,0.000265
0,0.147397,-0.17772,0.236327,-0.210637,0.245212,-0.221926,0.002573,0.003102
0,-0.095351,-0.120702,-0.267539,0.037809,-0.294419,0.026039,0.001664,0.002107
0,0.115948,0.050035,0.222191,0.155318,0.253072,0.138927,0.002024,0.000873
0,0.082476,-0.085452,-0.034818,-0.12535,-0.078552,-0.107402,0.001439,0.001491
0,-0.091239,0.013094,-0.172124,0.087395,-0.147769,0.130165,0.001592,0.000229
0,-0.081476,-0.091673,0.030132,-0.106156,0.076716,-0.103053,0.001422,0.0016
0,0.040174,0.080724,0.118723,0.19767,0.131949,0.183294,0.000701,0.001409
0,0.019002,0.16818,-0.010787,0.109435,0.025195,0.095407,0.000332,0.002935
0,-0.068694,0.062698,-0.071047,-0.117585,-0.09044,-0.126322,0.001199,0.001094
0,0.140589,-0.034258,0.236341,-0.089131,0.191683,-0.132047,0.002454,0.000598
0,0.205307,-0.016161,0.04825,0.000238,0.036242,0.046392,0.003108,0.000282
0,0.077271,-0.033537,-0.154664,-0.009448,-0.124869,-0.030533,0.001349,0.000585
0,0.234614,-0.00114,0.130316,0.005558,0.178733,0.016413,0.002596,2e-05
0,0.247321,-0.076063,0.01357,-0.068324,-0.012392,-0.030784,0.002374,0.001328
0,0.173577,-0.004353,-0.065971,0.047965,-0.093896,0.089433,0.003029,7.6e-05
0,-0.001169,-0.072581,-0.199538,-0.05444,-0.249024,-0.016975,2e-05,0.001267
0,0.231827,0.03095,0.205865,0.10799,0.237531,0.116235,0.002645,0.00054
0,0.294076,-0.028072,0.037472,-0.072762,0.075498,-0.10709,0.001558,0.00049
0,0.223672,-0.020763,-0.043389,-0.017573,-0.026205,0.030831,0.002787,0.000362
0,0.122089,0.149929,-0.075287,0.173693,-0.068038,0.213832,0.002131,0.002617
0,0.045806,-0.150361,-0.084252,-0.320312,-0.06578,-0.338305,0.000799,0.002624
0,0.147456,-0.057152,0.115635,0.07335,0.14972,0.103187,0.002574,0.000997
0,0.199062,-0.122994,0.031281,-0.066172,-0.01479,-0.029986,0.003217,0.002147
0,0.087009,-0.051719,-0.128247,0.088413,-0.108113,0.061404,0.001519,0.000903
0,0.088228,0.023266,0.020223,0.05157,-0.017149,0.038381,0.00154,0.000406
0,0.176932,0.101802,0.116692,0.10014,0.106931,0.123245,0.003088,0.001777
0,-0.000144,-0.021637,-0.194815,-0.146562,-0.183368,-0.107885,3e-06,0.000378
0,-0.038327,-0.070866,-0.028656,-0.062333,-0.045492,-0.059787,0.000669,0.001237
0,0.202269,0.070212,0.222137,0.155331,0.254641,0.10772,0.003161,0.001225
0,0.106912,-0.055421,-0.094014,-0.137268,-0.061953,-0.100006,0.001866,0.000967
0,0.278849,-0.028547,0.199653,0.05206,0.222823,0.095597,0.001824,0.000498
0,0.288691,-0.119532,-0.001463,-0.103123,-0.037164,-0.090803,0.001652,0.002086
0,0.126003,0.091081,-0.188296,0.230113,-0.151442,0.195897,0.002199,0.00159
0,0.017191,-0.167957,-0.086216,-0.27202,-0.10908,-0.307284,0.0003,0.002931
0,0.134402,-0.005359,0.08984,0.17533,0.051458,0.221205,0.002346,9.4e-05
0,0.151451,0.077821,-0.008166,0.09758,-0.026128,0.143121,0.002643,0.001358
0,0.259522,0.016749,0.095499,-0.075254,0.078536,-0.052283,0.002161,0.000292
0,0.155897,0.127125,-0.109692,0.118261,-0.099735,0.132576,0.002721,0.002219
0,-0.026362,-0.050595,-0.196573,-0.15603,-0.240403,-0.147837,0.00046,0.000883
0,-0.09402,0.154184,-0.04586,0.219469,-0.039507,0.26859,0.001641,0.002691
0,-0.155314,0.008971,-0.03618,-0.151645,0.000238,-0.14355,0.002711,0.000157
0,-0.007566,0.128877,0.12583,0.136755,0.08608,0.136403,0.000132,0.002249
0,0.119618,0.166702,0.143533,0.042784,0.123261,0.028507,0.002088,0.002909
0,-0.002603,-0.049288,-0.134073,-0.198547,-0.171753,-0.203918,4.5e-05,0.00086
0,0.081174,0.072322,0.081784,0.101871,0.113917,0.06168,0.001417,0.001262
0,-0.083134,-0.08696,-0.134628,-0.162006,-0.088942,-0.162091,0.001451,0.001518
0,0.100798,-0.006763,0.205853,0.082708,0.164945,0.04144,0.001759,0.000118
0,0.144258,-0.093123,0.03528,-0.108217,0.027817,-0.140334,0.002518,0.001625
0,-0.013806,-0.092409,-0.169443,0.017373,-0.120987,-0.032421,0.000241,0.001613
0,0.043618,0.17028,0.032489,0.237753,0.026237,0.233035,0.000761,0.002972
0,0.144814,0.172544,0.109268,0.000636,0.090965,0.007943,0.002527,0.003011
0,-0.002851,-0.123445,-0.172404,-0.302081,-0.175969,-0.260284,5e-05,0.002155
0,-0.006942,-0.004629,-0.005077,0.092093,-0.017047,0.060906,0.000121,8.1e-05
0,0.135023,0.053265,0.166623,0.047534,0.122704,0.033831,0.002357,0.00093
0,-0.089521,-0.011381,-0.233068,-0.060825,-0.200687,-0.108915,0.001562,0.000199
0,0.162592,0.053741,0.224611,0.059165,0.203117,0.055083,0.002838,0.000938
0,0.002092,0.084518,-0.151486,0.039804,-0.118183,0.073967,3.7e-05,0.001475
0,0.20737,0.087389,0.233136,-0.017299,0.271047,-0.013041,0.003072,0.001525
0,0.033395,0.029519,-0.187048,-0.052018,-0.151954,-0.051162,0.000583,0.000515
0,-0.081506,0.135144,-0.12905,0.079016,-0.166281,0.040153,0.001423,0.002359
0,0.113653,-0.014371,0.219363,-0.151388,0.199692,-0.10985,0.001984,0.000251
0,-0.153572,-0.106862,-0.280121,-0.0847,-0.250624,-0.086948,0.00268,0.001865
0,-0.032361,0.094851,0.099273,0.203604,0.067691,0.167948,0.000565,0.001655
0,0.008861,-0.051315,0.051714,-0.166091,0.056745,-0.179118,0.000155,0.000896
0,0.133579,0.098714,0.101226,0.143551,0.09551,0.126654,0.002331,0.001723
0,0.01001,0.032047,-0.105378,-0.071488,-0.064529,-0.083656,0.000175,0.000559
0,-0.088513,-0.03564,-0.123155,-0.04754,-0.130997,-0.033764,0.001545,0.000622
0,0.013741,-0.024844,0.125444,0.02099,0.14187,-0.029004,0.00024,0.000434
0,-0.214234,-0.024392,-0.233019,0.006292,-0.199531,0.021205,0.002952,0.000426
0,-0.065175,0.078002,0.142979,0.080619,0.104401,0.083743,0.001138,0.001361
0,0.031532,0.003144,0.102283,-0.102409,0.059013,-0.118584,0.00055,5.5e-05
0,0.061732,-0.090424,0.030288,-0.109271,0.077735,-0.142516,0.001077,0.001578
0,-0.122907,0.079627,-0.203121,0.167189,-0.177273,0.155159,0.002145,0.00139
0,-0.16284,-0.158711,-0.032469,-0.208727,-0.016517,-0.221534,0.002842,0.00277
0,-0.152022,-0.16152,-0.006194,-0.010002,-0.023455,-0.024532,0.002653,0.002819
0,-0.05221,-0.037417,0.125097,0.111582,0.083363,0.104813,0.000911,0.000653
0,0.054968,-0.058426,0.107361,0.002351,0.080741,0.003582,0.000959,0.00102
0,-0.04939,-0.02559,-0.078474,0.040031,-0.050896,0.086163,0.000862,0.000447
0,0.004418,0.013308,0.058022,0.026582,0.013787,0.012732,7.7e-05,0.000232
0,0.017771,-0.147044,0.011785,-0.171924,0.01717,-0.210421,0.00031,0.002566
0,0.145464,-0.029307,0.122353,0.107011,0.104565,0.137514,0.002539,0.000512
0,0.082004,0.087684,-0.060949,0.139604,-0.104379,0.119786,0.001431,0.00153
0,-0.043184,-0.042081,-0.099803,-0.126841,-0.109944,-0.128049,0.000754,0.000734
0,-0.070588,-0.105527,-0.016202,-0.069272,-0.003923,-0.110305,0.001232,0.001842
0,-0.026988,-0.100031,0.026122,-0.018413,0.050858,0.021895,0.000471,0.001746
0,-0.073396,-0.143592,-0.049498,-0.070236,-0.040787,-0.021665,0.001281,0.002506
0,0.051089,0.02649,0.095463,0.182829,0.141149,0.224181,0.000892,0.000462
0,-0.033422,0.122522,-0.063702,0.07158,-0.025669,0.071948,0.000583,0.002138
0,-0.105937,0.053014,-0.099777,-0.067016,-0.066384,-0.070869,0.001849,0.000925
0,-0.036731,-0.016664,0.083846,-0.082631,0.089174,-0.075882,0.000641,0.000291
0,0.014202,-0.019084,0.050717,-0.025114,0.050025,0.023475,0.000248,0.000333
0,-0.148889,-0.04946,-0.139545,-0.003902,-0.090495,0.025801,0.002599,0.000863
0,0.02893,0.129591,0.200694,0.200101,0.15871,0.1828,0.000505,0.002262
0,-0.211393,0.031077,-0.255238,-0.068551,-0.262635,-0.036981,0.003001,0.000542
0,-0.149996,0.098577,0.084475,0.049553,0.10869,0.067869,0.002618,0.00172
0,-0.222269,0.047896,-0.087907,-0.036438,-0.10874,0.011607,0.002811,0.000836
0,0.006132,0.053392,0.224595,0.003077,0.183445,0.004984,0.000107,0.000932
0,0.007801,-0.143448,-0.009881,-0.222228,-0.00983,-0.20422,0.000136,0.002504
0,-0.097488,0.001958,-0.081994,0.153304,-0.102067,0.107706,0.001701,3.4e-05
0,0.141262,-0.023493,0.214984,-0.035226,0.165167,0.00747,0.002465,0.00041
0,-0.051777,-0.187763,-0.189417,-0.151631,-0.149458,-0.145831,0.000904,0.003277
0,-0.013885,-0.125619,0.01008,0.045795,0.000911,0.014404,0.000242,0.002192
0,-0.09532,-0.15298,-0.079111,0.001073,-0.063954,-0.041244,0.001664,0.00267
0,0.06424,-0.148425,0.136548,-0.009884,0.09694,0.037305,0.001121,0.002591
0,0.159088,0.02443,0.09426,0.185232,0.053086,0.144529,0.002777,0.000426
0,0.01374,-0.064557,-0.161438,-0.070593,-0.178701,-0.075758,0.00024,0.001127
0,-0.006908,-0.038063,-0.015052,0.036467,0.018418,-0.013279,0.000121,0.000664
0,0.052462,-0.161331,0.043665,-0.148372,0.071492,-0.190286,0.000916,0.002816
0,-0.075127,-0.114151,-0.144409,0.048587,-0.108976,0.034763,0.001311,0.001992
0,0.040535,0.051514,0.100663,0.161233,0.142677,0.194094,0.000707,0.000899
0,-0.030991,-0.151242,-0.076699,-0.223626,-0.101441,-0.245552,0.000541,0.00264
0,0.115001,-0.233002,0.169761,-0.058335,0.145432,-0.104781,0.002007,0.002624
0,0.151122,-0.058148,0.049193,0.203921,0.002698,0.181355,0.002638,0.001015
0,-0.004055,-0.003909,-0.130853,0.030274,-0.112609,0.00709,7.1e-05,6.8e-05
0,-0.079922,-0.259225,-0.096448,-0.272154,-0.083253,-0.276057,0.001395,0.002166
0,0.088744,-0.035711,0.15608,0.237811,0.169924,0.258177,0.001549,0.000623
0,-0.086942,-0.051797,-0.168334,-0.005519,-0.177484,0.014822,0.001517,0.000904
0,0.148952,-0.232206,0.220815,-0.187493,0.25035,-0.161975,0.0026,0.002638
0,0.007153,-0.06735,-0.164995,0.147282,-0.208559,0.165346,0.000125,0.001175
0,0.186785,-0.190181,0.156226,-0.142006,0.123356,-0.097249,0.00326,0.003319
0,0.012075,0.001112,-0.19397,0.218879,-0.177178,0.176643,0.000211,1.9e-05
0,0.010207,-0.251959,-0.00559,-0.257372,-0.016237,-0.233128,0.000178,0.002293
0,-0.013658,-0.039078,-0.031214,0.240355,-0.061727,0.240408,0.000238,0.000682
0,0.011623,-0.269652,0.02952,-0.204836,0.072023,-0.196474,0.000203,0.001985
0,-0.06428,-0.028198,-0.088751,0.226612,-0.085077,0.215476,0.001122,0.000492
0,0.115158,-0.216445,0.177463,-0.173745,0.189633,-0.12513,0.00201,0.002913
0,0.072837,-0.018733,-0.034877,0.198214,-0.019663,0.157704,0.001271,0.000327
0,0.106769,-0.014945,0.057186,0.023371,0.082379,0.035553,0.001863,0.000261
0,0.082334,-0.056479,-0.0101,-0.053357,-0.005959,-0.100119,0.001437,0.000986
0,0.004435,-0.119497,-0.076461,-0.054723,-0.083935,-0.042534,7.7e-05,0.002086
0,-0.086746,-0.17544,-0.10052,-0.080203,-0.111567,-0.111237,0.001514,0.003062
0,-0.054098,-0.090136,0.053914,0.074322,0.042167,0.047796,0.000944,0.001573
0,0.030372,-0.0524,0.097271,0.065796,0.106303,0.088646,0.00053,0.000915
0,-0.05254,-0.142954,-0.074368,-0.099126,-0.119866,-0.129898,0.000917,0.002495
0,0.132946,-0.08805,0.197676,0.038482,0.236818,0.01197,0.00232,0.001537
0,0.147598,0.048881,0.002563,0.129951,0.010114,0.086429,0.002576,0.000853
0,-0.002019,-0.152476,-0.143956,-0.189529,-0.094558,-0.213971,3.5e-05,0.002661
0,-0.074475,0.061197,-0.067771,0.209739,-0.060392,0.196167,0.0013,0.001068
0,-0.081472,-0.130299,-0.00911,-0.183548,-0.045452,-0.185993,0.001422,0.002274
0,-0.023654,0.12746,0.058656,0.244467,0.018471,0.205483,0.000413,0.002225
0,0.059176,0.134838,0.079261,-0.004243,0.073923,-0.000277,0.001033,0.002353
0,0.145985,0.161122,0.112762,0.039067,0.109341,0.083537,0.002548,0.002812
0,-0.056205,-0.02185,-0.184162,-0.18068,-0.150621,-0.217949,0.000981,0.000381
0,0.008545,0.086186,0.090607,0.089483,0.116336,0.066857,0.000149,0.001504
0,-0.079848,-0.047538,-0.076794,-0.138979,-0.037481,-0.142097,0.001394,0.00083
0,-0.152815,-0.143747,-0.069107,-0.085185,-0.039015,-0.133319,0.002667,0.002509
0,-0.106869,0.090206,0.032865,0.236352,0.061147,0.284696,0.001865,0.001574
0,-0.02243,-0.063632,0.069124,-0.146382,0.072293,-0.183426,0.000391,0.001111
0,0.067253,0.150148,0.093947,0.187576,0.061376,0.201253,0.001174,0.002621
0,0.107559,0.027539,0.058683,-0.117087,0.014671,-0.073947,0.001877,0.000481
0,0.157764,-0.029053,0.053498,-0.04287,0.070063,-0.04453,0.002753,0.000507
0,-0.0106,0.199032,-0.179636,0.21577,-0.215658,0.237423,0.000185,0.003217
0,-0.095786,0.049819,-0.06145,-0.175681,-0.05424,-0.15443,0.001672,0.00087
0,-0.12166,-0.049798,-0.040468,-0.077741,-0.063803,-0.06925,0.002123,0.000869
0,-0.032802,0.120996,0.11463,0.166083,0.073275,0.199653,0.000573,0.002112
0,-0.034971,-0.020088,0.025857,-0.148136,0.020559,-0.114607,0.00061,0.000351
0,-0.003966,-0.007506,0.039037,0.022064,0.074037,0.021804,6.9e-05,0.000131
0,0.100836,0.184591,0.108398,0.19057,0.148984,0.18778,0.00176,0.003222
0,0.189464,0.148631,0.097112,-0.053756,0.135108,-0.027719,0.003307,0.002594
0,-0.064435,0.096307,-0.283617,-0.074215,-0.318471,-0.070566,0.001125,0.001681
0,-0.076649,0.111832,-0.014981,0.03223,0.001086,0.041136,0.001338,0.001952
0,0.056638,0.122014,0.104908,-0.00442,0.140917,0.029684,0.000989,0.00213
0,-0.061915,0.035428,-0.110507,-0.091808,-0.081444,-0.055562,0.001081,0.000618
0,0.006677,0.050125,0.066072,0.013674,0.025045,0.016686,0.000117,0.000875
0,-0.097947,0.121303,-0.118192,0.074606,-0.083814,0.103529,0.001709,0.002117
0,-0.08356,0.155837,-0.011308,0.011378,-0.00455,-0.009032,0.001458,0.00272
0,0.142583,-0.011223,0.23272,-0.190599,0.211975,-0.154646,0.002489,0.000196
0,-0.103247,0.083364,-0.236652,0.101707,-0.260188,0.0979,0.001802,0.001455
0,0.008455,0.01567,0.082407,-0.078506,0.034875,-0.078236,0.000148,0.000273
0,0.169223,-0.024431,0.180868,-0.031924,0.152797,-0.068094,0.002953,0.000426
0,-0.033003,0.086332,-0.183691,0.133305,-0.172497,0.087133,0.000576,0.001507
0,0.010364,0.185332,0.040363,0.107036,0.063022,0.149565,0.000181,0.003235
0,0.07731,0.127059,0.052008,-0.036764,0.007393,-0.007429,0.001349,0.002218
0,-0.105286,-0.025205,-0.18142,-0.153327,-0.138513,-0.113238,0.001838,0.00044
0,0.051129,0.0461,0.128026,0.050858,0.15027,0.061017,0.000892,0.000805
0,0.012197,0.102844,-0.047681,0.063024,-0.009723,0.048063,0.000213,0.001795
0,0.03685,0.166807,0.037814,0.065998,0.036053,0.052325,0.000643,0.002911
0,-0.162331,0.143586,-0.171113,-0.024317,-0.12283,-0.032531,0.002833,0.002506
0,0.012379,-0.102086,0.172477,-0.224716,0.207908,-0.24596,0.000216,0.001782
0,-0.126118,-0.072908,-0.117814,0.026211,-0.157976,0.075265,0.002201,0.001272
0,-0.241776,0.034114,-0.114516,0.082254,-0.064754,0.072433,0.002471,0.000595
0,-0.22399,0.109346,-0.00052,0.0857,-0.025542,0.123806,0.002781,0.001908
0,-0.287715,0.126616,-0.062155,0.021009,-0.065394,0.002111,0.001669,0.00221
0,-0.080472,0.002943,0.203481,-0.114338,0.22641,-0.067875,0.001405,5.1e-05
0,-0.091037,0.147864,-0.01357,0.127305,-0.023738,0.162659,0.001589,0.002581
0,-0.303762,-0.101307,-0.223876,-0.220575,-0.269589,-0.231759,0.001389,0.001768
0,-0.073457,-0.059895,0.21821,0.048214,0.195252,0.03615,0.001282,0.001045
0,-0.075339,0.047326,-0.028196,0.088319,0.000378,0.115833,0.001315,0.000826
0,-0.15684,0.093555,-0.110816,0.030885,-0.132282,0.033794,0.002737,0.001633
0,-0.250536,0.100893,-0.064267,0.020088,-0.050847,0.058726,0.002318,0.001761
0,-0.170621,-0.004071,0.099036,-0.12277,0.133368,-0.162989,0.002978,7.1e-05
0,-0.137466,0.084423,0.031165,0.094838,0.036571,0.047782,0.002399,0.001473
0,-0.194009,0.009168,-0.079246,-0.093284,-0.053471,-0.102227,0.003305,0.00016
0,0.039521,0.012534,0.228771,-0.012661,0.204318,-0.057316,0.00069,0.000219
0,-0.187894,-0.083419,-0.219595,-0.084366,-0.204864,-0.045521,0.003279,0.001456
0,-0.117296,0.095263,0.071284,0.165618,0.066189,0.165535,0.002047,0.001663
0,0.035696,0.067528,0.12859,-0.020457,0.09346,-0.0301,0.000623,0.001179
0,0.035765,0.081194,-0.026849,-0.004322,-0.0408,-0.001155,0.000624,0.001417
0,-0.029571,-0.03297,-0.094799,-0.121867,-0.110156,-0.109544,0.000516,0.000575
0,-0.098718,0.057877,-0.061757,0.083549,-0.061364,0.105914,0.001723,0.00101
0,-0.049774,-0.100324,0.043642,-0.150116,0.084731,-0.154929,0.000869,0.001751
0,0.129984,0.063917,0.179481,0.161838,0.184098,0.13956,0.002269,0.001116
0,-0.005274,-0.119255,-0.118657,-0.188673,-0.068906,-0.174105,9.2e-05,0.002081
0,0.115156,-0.088435,0.113112,0.040269,0.135242,0.005321,0.00201,0.001543
0,0.010684,-0.051139,-0.12632,0.027256,-0.128293,0.019667,0.000186,0.000893
0,-0.086122,0.120201,-0.124396,0.144303,-0.153384,0.160065,0.001503,0.002098
0,0.056825,-0.049041,0.172201,-0.195206,0.151093,-0.226422,0.000992,0.000856
0,-0.172883,-0.116882,-0.211648,-0.070297,-0.255615,-0.027712,0.003017,0.00204
0,-0.213609,0.079403,-0.067801,0.17308,-0.05635,0.198121,0.002963,0.001386
0,0.013091,0.027262,0.248946,-0.038315,0.2499,-0.062276,0.000228,0.000476
0,-0.205706,0.155677,-0.211149,0.141379,-0.207498,0.108455,0.003101,0.002717
0,-0.207186,0.053012,0.002341,-0.082971,0.029082,-0.130967,0.003075,0.000925
0,-0.190773,-0.120397,0.03779,-0.149861,0.004038,-0.172304,0.00333,0.002101
0,-0.173949,0.021253,0.001823,0.164643,-0.038907,0.198467,0.003036,0.000371
0,0.004153,-0.013563,0.155553,-0.028612,0.109859,-0.018306,7.2e-05,0.000237
0,-0.092265,-0.0408,-0.089499,-0.052634,-0.091178,-0.06822,0.00161,0.000712
0,-0.243351,0.053096,-0.131654,0.065355,-0.120696,0.091702,0.002444,0.000927
0,-0.203764,0.044227,0.034946,-0.029367,0.068921,-0.009024,0.003134,0.000772
0,-0.060953,0.136252,0.143611,0.111432,0.096641,0.155952,0.001064,0.002378
0,-0.097768,-0.160996,-0.039493,-0.285461,-0.047266,-0.248256,0.001706,0.00281
0,-0.198354,0.062907,-0.124752,0.231397,-0.153356,0.265609,0.003229,0.001098
0,-0.025736,-0.051534,0.193741,-0.123917,0.204258,-0.12767,0.000449,0.000899
0,-0.176513,-0.151464,-0.126973,-0.112288,-0.132393,-0.104961,0.003081,0.002644
0,0.055194,-0.113247,0.227263,0.037525,0.230083,0.037878,0.000963,0.001977
0,-0.048741,-0.200419,-0.130137,-0.112771,-0.134365,-0.090577,0.000851,0.003193
0,-0.036921,-0.185966,0.020128,-0.009621,0.063234,0.016682,0.000644,0.003246
0,-0.216805,-0.059676,-0.196082,0.151298,-0.231475,0.161401,0.002907,0.001042
0,-0.052132,0.072087,0.158385,0.156234,0.172046,0.108111,0.00091,0.001258
0,-0.006737,-0.078965,0.050562,-0.159154,0.077814,-0.138217,0.000118,0.001378
0,0.087255,-0.15124,0.114196,-0.046676,0.072843,-0.046397,0.001523,0.00264
0,-0.089255,-0.008746,-0.200975,0.129479,-0.233123,0.134418,0.001558,0.000153
0,-0.053399,-0.044721,0.052526,-0.056198,0.028752,-0.018402,0.000932,0.000781
0,-0.094425,0.007965,-0.03949,0.057887,-0.01048,0.024785,0.001648,0.000139
0,-0.122808,-0.074849,-0.002564,-0.110488,-0.02734,-0.069309,0.002143,0.001306
0,-0.138605,-0.062135,-0.015883,0.019098,0.002298,-0.005979,0.002419,0.001084
0,-0.070669,-0.040381,0.060552,0.029553,0.056359,0.010123,0.001233,0.000705
0,0.05635,-0.058542,0.131895,-0.021099,0.094056,-0.045598,0.000983,0.001022
0,-0.078655,-0.126296,-0.140695,-0.091404,-0.104992,-0.08988,0.001373,0.002204
0,0.071209,-0.002883,0.173458,0.133947,0.133503,0.10198,0.001243,5e-05
0,0.073966,0.040142,0.029626,0.058777,0.07014,0.018958,0.001291,0.000701
0,0.106203,-0.056925,0.010009,-0.097673,0.039592,-0.071055,0.001854,0.000994
0,0.010796,-0.052404,-0.09195,0.026178,-0.119487,0.002987,0.000188,0.000915
0,0.001769,-0.180421,-0.022136,-0.131567,-0.041599,-0.131028,3.1e-05,0.003149
0,0.039763,-0.032145,0.039679,0.136736,0.072297,0.158124,0.000694,0.000561
0,0.020818,-0.098879,-0.007538,-0.040031,0.011113,-0.028513,0.000363,0.001726
0,0.032783,0.085652,-0.011945,0.156355,0.018894,0.123425,0.000572,0.001495
0,-0.089377,-0.044676,-0.109888,-0.157809,-0.157405,-0.186665,0.00156,0.00078
0,-0.138956,-0.096938,-0.021784,-0.022264,-0.002531,-0.03244,0.002425,0.001692
0,-0.039811,-0.018148,0.099811,0.080991,0.108014,0.130668,0.000695,0.000317
0,0.172702,-0.077479,0.227106,-0.078988,0.221456,-0.069313,0.003014,0.001352
0,-0.030808,0.004303,-0.226002,0.060283,-0.275995,0.104518,0.000538,7.5e-05
0,0.103266,-0.098089,0.161999,-0.099671,0.171652,-0.061593,0.001802,0.001712
0,0.073597,-0.018839,-0.044708,0.098583,-0.070352,0.131856,0.001285,0.000329
0,0.03857,-0.058925,-0.017933,-0.035368,0.028947,-0.05635,0.000673,0.001028
0,0.154764,0.03827,0.11327,0.113169,0.152632,0.0737,0.002701,0.000668
0,-0.061876,-0.180256,-0.195694,-0.216415,-0.228188,-0.254098,0.00108,0.003146
0,0.162007,-0.16117,0.207394,-0.008288,0.169523,-0.058043,0.002828,0.002813
0,0.142013,-0.003391,-0.043976,0.142855,-9.2e-05,0.108276,0.002479,5.9e-05
0,0.007878,-0.04328,-0.112087,-0.034599,-0.134154,-0.022769,0.000137,0.000755
0,-1.902561,0.191761,-1.901199,0.250364,-1.914483,0.218053,0.000248,0.003344
0,-2.864985,-0.040631,-0.952467,-0.261895,-0.907442,-0.264339,0.003168,0.000709
0,-2.948819,0.093035,-0.066217,0.127435,-0.016773,0.078943,0.00206,0.001624
0,-2.744355,0.25815,0.214727,0.154605,0.251694,0.108944,0.001062,0.002185
0,-2.36069,-0.014415,0.405554,-0.260248,0.383745,-0.257777,0.001057,0.000252
0,-1.846696,0.099781,0.538543,0.096859,0.503273,0.078087,0.001223,0.001741
0,-1.636776,0.02962,0.222083,-0.089168,0.210176,-0.055198,0.001804,0.000517
0,-1.374735,0.054948,0.237061,0.006851,0.257238,0.01965,0.00277,0.000959
0,-1.047805,0.17933,0.319579,0.1412,0.329396,0.150165,0.001785,0.00313
0,-0.451454,0.117991,0.572868,-0.034234,0.524652,-0.041993,0.001189,0.002059
0,-0.444594,-0.019488,-0.007833,-0.164666,0.030716,-0.131096,0.001069,0.00034
0,-0.123645,-0.007771,0.298301,-0.016768,0.307958,-0.009563,0.002158,0.000136
0,-0.203595,0.109168,-0.069071,0.089112,-0.01951,0.10129,0.003137,0.001905
0,-0.138773,0.155818,0.077882,0.04446,0.113894,0.012022,0.002422,0.00272
0,-0.2043,0.02587,-0.075663,-0.131395,-0.081243,-0.136167,0.003125,0.000452
0,-0.27801,-0.067498,-0.08901,-0.069466,-0.052045,-0.057735,0.001839,0.001178
0,-0.256371,0.220334,0.035997,0.274436,0.020718,0.303872,0.002216,0.002845
0,-0.199081,0.107559,0.082001,-0.134068,0.123021,-0.092624,0.003216,0.001877
0,-0.08984,0.098467,0.101211,-0.032521,0.115289,-0.049009,0.001568,0.001719
0,-0.03517,0.059981,0.061937,-0.015869,0.110322,-0.035619,0.000614,0.001047
0,-0.040817,0.072333,-0.026415,0.024288,-0.049845,0.048069,0.000712,0.001262
0,0.017901,0.109911,0.074305,0.02483,0.089663,0.029262,0.000312,0.001918
0,-0.03062,-0.013425,-0.036511,-0.112991,-0.028916,-0.088083,0.000534,0.000234
0,-0.047365,0.2015,0.006183,0.238037,-0.033957,0.261634,0.000827,0.003174
0,-0.238604,0.011004,-0.212116,-0.21819,-0.219025,-0.228205,0.002526,0.000192
0,-0.134001,0.142203,0.102411,0.156037,0.082369,0.160536,0.002339,0.002482
0,-0.025349,0.079649,0.105901,-0.064464,0.074055,-0.090109,0.000442,0.00139
0,0.014931,0.20038,0.039197,0.136212,0.023572,0.124914,0.000261,0.003194
0,0.022014,0.204866,-0.011187,0.018101,0.032114,0.030874,0.000384,0.003115
0,-0.070861,0.02588,-0.106984,-0.181075,-0.091793,-0.132256,0.001237,0.000452
0,0.038641,0.145947,0.084353,0.095365,0.065736,0.060982,0.000674,0.002547
0,-0.10131,0.149475,-0.123111,0.018042,-0.144575,0.061879,0.001768,0.002609
0,0.051717,-0.039629,0.133426,-0.160325,0.177666,-0.14119,0.000903,0.000692
0,0.0311,0.07336,0.001572,0.106423,-0.019942,0.145405,0.000543,0.00128
0,0.082858,0.09219,0.025193,0.015228,0.067971,0.019351,0.001446,0.001609
0,-0.007714,-0.080814,-0.115821,-0.156467,-0.160892,-0.125268,0.000135,0.00141
0,-0.037813,0.014912,-0.017972,0.076901,0.018506,0.030297,0.00066,0.00026
0,-0.08915,-0.006617,-0.053125,-0.041511,-0.01222,0.001035,0.001556,0.000115
0,0.155339,-0.012903,0.267858,0.006756,0.316603,-0.010072,0.002711,0.000225
0,-0.062475,0.0183,-0.240813,0.043342,-0.234794,0.03918,0.00109,0.000319
0,-0.013265,-0.031487,0.025845,-0.04094,0.070394,-0.002709,0.000232,0.00055
0,-0.044664,0.017359,-0.045246,0.042514,-0.018837,0.029998,0.00078,0.000303
0,0.030162,-0.065098,0.050934,-0.104414,0.053865,-0.101643,0.000526,0.001136
0,-0.12365,0.079677,-0.158608,0.141447,-0.128174,0.139945,0.002158,0.001391
0,-0.062425,0.068835,0.079554,-0.015255,0.117097,-0.063158,0.00109,0.001201
0,-0.133725,0.003267,-0.073196,-0.066849,-0.115778,-0.041259,0.002334,5.7e-05
0,-0.107875,0.142818,0.026191,0.117221,0.019738,0.153553,0.001883,0.002493
0,-0.012597,0.114182,0.073087,-0.027277,0.06602,-0.063752,0.00022,0.001993
0,0.058525,0.056282,0.079682,-0.058644,0.061747,-0.05904,0.001021,0.000982
0,0.168917,-0.106905,0.126811,-0.181445,0.079198,-0.164305,0.002948,0.001866
0,0.064199,0.031926,-0.129635,0.113318,-0.111989,0.113221,0.00112,0.000557
0,-0.023962,0.003156,-0.101848,-0.05497,-0.110779,-0.084688,0.000418,5.5e-05
0,-0.023619,0.004217,0.02367,0.017039,-0.002777,0.034867,0.000412,7.4e-05
0,0.228258,0.014717,0.232976,-0.008999,0.249126,-0.034228,0.002707,0.000257
0,-0.01568,0.170621,-0.23219,0.131425,-0.199347,0.115906,0.000274,0.002978
0,0.092367,0.067817,0.079818,-0.094512,0.094609,-0.070524,0.001612,0.001184
0,-0.024823,0.136232,-0.096176,0.096432,-0.082799,0.090497,0.000433,0.002378
0,0.125137,-0.049494,0.128835,-0.166516,0.096619,-0.181738,0.002184,0.000864
0,-0.124335,-0.029355,-0.262035,0.004318,-0.236787,-0.013472,0.00217,0.000512
0,0.140076,0.166835,0.238576,0.215413,0.240135,0.253639,0.002445,0.002912
0,0.082541,-0.050584,-0.0302,-0.217822,0.00539,-0.205284,0.001441,0.000883
0,-0.117505,0.086081,-0.214258,0.157051,-0.226927,0.201629,0.002051,0.001502
0,-0.121483,0.097724,-0.019209,0.003914,0.021832,0.035619,0.00212,0.001706
0,0.051121,0.139841,0.156052,0.043829,0.115239,0.049444,0.000892,0.002441
0,-0.070089,0.06627,-0.135087,-0.078967,-0.098532,-0.113334,0.001223,0.001157
0,0.117668,0.032392,0.184652,-0.048845,0.149602,-0.03148,0.002054,0.000565
0,-0.083984,0.079286,-0.206338,0.051636,-0.251386,0.072251,0.001466,0.001384
0,0.039523,-0.092916,0.147847,-0.185503,0.116221,-0.199839,0.00069,0.001622
0,2.925175,0.665652,2.906064,0.745057,2.948891,0.720565,0.002473,0.001764
0,3.460809,1.057436,0.510062,0.4046,0.464735,0.369598,0.000185,0.001617
0,3.521936,0.915847,0.033079,-0.160188,0.02712,-0.13413,0.001252,0.002603
0,3.677866,0.895375,0.146148,-0.027906,0.174294,-0.039559,0.002717,0.002246
0,3.202094,0.536912,-0.448955,-0.37316,-0.415465,-0.326297,0.002361,0.00268
0,2.805623,0.57425,-0.407311,0.032437,-0.392944,0.072141,0.002132,0.003332
0,2.802222,0.25189,0.006341,-0.334457,0.01672,-0.297209,0.002072,0.002295
0,1.961912,0.292407,-0.84598,0.053321,-0.834964,0.008043,0.000788,0.001587
0,1.518213,0.122906,-0.415233,-0.19553,-0.453607,-0.163684,0.000265,0.002145
0,0.872843,0.109618,-0.653859,-0.025058,-0.682464,-0.0321,0.001852,0.001913
0,0.744865,0.056048,-0.146498,-0.064073,-0.124075,-0.047302,0.000381,0.000978
0,0.197,-0.068113,-0.56207,-0.153122,-0.535306,-0.195161,0.003253,0.001189
0,-0.284591,-0.088313,-0.475946,-0.024003,-0.48125,-0.004989,0.001724,0.001541
0,-0.378759,0.009045,-0.08569,0.109844,-0.049583,0.110788,8e-05,0.000158
0,-0.421121,0.133246,-0.04103,0.106332,-0.029419,0.103075,0.000659,0.002326
0,-0.316154,0.124185,0.077049,0.004542,0.057617,0.052758,0.001173,0.002167
0,-0.296008,-0.131792,0.0003,-0.237665,0.025043,-0.226986,0.001525,0.0023
0,-0.380383,-0.017162,-0.094559,0.138135,-0.114993,0.144978,5.2e-05,0.0003
0,-0.182798,-0.10802,0.224725,-0.113629,0.251064,-0.110732,0.00319,0.001885
0,-0.145806,0.126197,0.059654,0.210857,0.050223,0.228088,0.002545,0.002203
0,0.007401,0.039083,0.175695,-0.097378,0.144883,-0.092321,0.000129,0.000682
0,-0.144644,0.070969,-0.174048,0.051844,-0.17959,0.098853,0.002525,0.001239
0,0.008572,0.03999,0.157994,-0.0134,0.133707,0.01241,0.00015,0.000698
0,-0.086439,-0.049802,-0.102775,-0.108867,-0.054756,-0.073876,0.001509,0.000869
0,-0.240441,0.095112,-0.135389,0.17375,-0.15753,0.17357,0.002494,0.00166
0,-0.18875,0.054275,0.060573,-0.011859,0.03146,-0.053501,0.003294,0.000947
0,0.003084,0.032682,0.221376,-0.009194,0.195342,-0.046392,5.4e-05,0.00057
0,0.022288,-0.071041,-0.008598,-0.121306,-0.008236,-0.162671,0.000389,0.00124
0,-0.235185,0.058949,-0.22948,0.10687,-0.193481,0.112064,0.002586,0.001029
0,-0.27998,0.001987,-0.032694,-0.059005,0.011123,-0.045196,0.001804,3.5e-05
0,-0.212971,-0.13242,0.065339,-0.162673,0.103555,-0.136895,0.002974,0.002311
0,-0.173426,-0.127102,0.061624,0.013566,0.038834,0.007107,0.003027,0.002218
0,-0.215817,-0.130182,-0.063033,0.016445,-0.085084,0.006609,0.002924,0.002272
0,-0.039668,-0.012442,0.194063,0.129587,0.198663,0.139815,0.000692,0.000217
0,-0.140715,0.014713,-0.123613,0.001128,-0.129222,-0.000391,0.002456,0.000257
0,-0.121521,-0.062037,0.031698,-0.074131,0.042189,-0.049112,0.002121,0.001083
0,-0.191408,0.041878,-0.092986,0.098325,-0.118588,0.103674,0.003341,0.000731
0,-0.107515,0.045138,0.100926,-0.005168,0.147964,-0.018865,0.001876,0.000788
0,-0.253805,-0.133451,-0.175861,-0.198626,-0.17626,-0.208704,0.002261,0.002329
0,-0.280111,-0.141225,-0.051858,-0.027261,-0.014413,0.019545,0.001802,0.002465
0,-0.091263,-0.102939,0.168164,0.039121,0.147122,0.007068,0.001593,0.001797
0,-0.182468,-0.118841,-0.085102,-0.026944,-0.099917,-0.032283,0.003185,0.002074
0,-0.149263,-0.145897,0.042327,-0.040343,0.056232,-0.059742,0.002605,0.002546
0,0.03292,-0.141955,0.159773,0.031693,0.140195,0.009228,0.000575,0.002478
0,0.080306,0.051517,0.045497,0.189989,0.038822,0.208403,0.001402,0.000899
0,-0.020581,0.133945,-0.130843,0.111079,-0.107749,0.151553,0.000359,0.002338
0,0.100477,0.060289,0.096493,-0.046883,0.14006,-0.045601,0.001754,0.001052
0,-0.127542,0.140957,-0.200551,0.082007,-0.167672,0.066245,0.002226,0.00246
0,0.146332,-0.01767,0.249949,-0.163268,0.273338,-0.169368,0.002554,0.000308
0,-0.084401,-0.099854,-0.259581,-0.078542,-0.263708,-0.090778,0.001473,0.001743
0,0.212044,0.178537,0.317272,0.291999,0.334932,0.244875,0.00299,0.003116
0,0.234046,-0.071562,0.025841,-0.233668,0.010761,-0.241682,0.002606,0.001249
0,0.14881,-0.014547,-0.072793,0.028791,-0.053322,0.078622,0.002597,0.000254
0,-0.045458,0.048161,-0.167076,0.083868,-0.157964,0.069234,0.000793,0.000841
0,0.113265,0.13503,0.18853,0.078849,0.234298,0.077807,0.001977,0.002357
0,0.061198,9.6e-05,-0.044768,-0.105355,-0.060921,-0.062003,0.001068,2e-06
0,0.005442,0.121182,-0.034723,0.137807,-0.069539,0.144222,9.5e-05,0.002115
0,0.160568,0.140339,0.151707,-0.006969,0.115831,0.00543,0.002802,0.002449
0,-0.026629,-0.110396,-0.189054,-0.251576,-0.175038,-0.25817,0.000465,0.001927
0,0.163122,0.071167,0.215697,0.192043,0.242462,0.225988,0.002847,0.001242
0,0.065303,0.166901,-0.080877,0.10295,-0.046217,0.096571,0.00114,0.002913
0,0.170419,0.174197,0.103198,0.009825,0.132045,-0.000977,0.002974,0.00304
0,0.02365,0.051,-0.171418,-0.127728,-0.198386,-0.136163,0.000413,0.00089
0,1.667896,-0.779522,1.64021,-0.834267,1.655774,-0.878305,0.002347,0.000224
0,2.020594,-1.222611,0.350344,-0.425461,0.381793,-0.451265,0.001812,0.001266
0,2.542742,-1.141454,0.534168,0.077816,0.570335,0.065082,0.002457,0.00015
0,2.355846,-1.334381,-0.180529,-0.173207,-0.147476,-0.175261,0.000972,0.003217
0,1.420409,-2.916244,-0.947624,-1.557599,-0.995623,-1.56359,0.001972,0.002628
0,0.402067,-2.804167,-1.02774,0.119712,-0.999488,0.098085,0.000327,0.002106
0,-0.186115,-3.250109,-0.570643,-0.451741,-0.565969,-0.482353,0.003248,0.003199
0,-0.727614,-2.724292,-0.544365,0.516466,-0.575587,0.477281,0.000682,0.000712
0,-1.199564,-2.514013,-0.445266,0.234195,-0.403256,0.264112,0.000864,0.002958
0,-1.299002,-1.602603,-0.112167,0.911935,-0.080972,0.961793,0.002599,0.001207
0,-1.287302,-1.106496,0.01589,0.485874,-0.009945,0.497407,0.002395,0.001546
0,-0.989208,-0.88737,0.285139,0.202573,0.256134,0.199437,0.002808,0.001546
0,-0.544288,-0.469709,0.471629,0.397929,0.447888,0.397268,0.002809,0.001546
0,-0.192109,-0.239852,0.354084,0.238779,0.341647,0.225298,0.003338,0.001546
0,-0.371733,-0.091534,-0.173265,0.16099,-0.19973,0.149121,0.000203,0.001546
0,0.014623,-0.044587,0.379138,0.060675,0.401989,0.053687,0.000255,0.001546
0,-0.002902,0.067926,-0.00207,0.124465,0.018142,0.131469,5.1e-05,0.001546
0,-0.054315,-0.131034,-0.062799,-0.214013,-0.100812,-0.164723,0.000948,0.001546
0,0.106863,0.04088,0.183536,0.160018,0.169048,0.115202,0.001865,0.001546
0,-0.020935,0.110853,-0.142513,0.041594,-0.138184,0.017472,0.000365,0.001935
0,-0.004584,-0.072056,0.038154,-0.192161,0.056936,-0.219593,8e-05,0.001546
0,0.005959,-0.106534,0.039633,-0.052193,0.074174,-0.101213,0.000104,0.001546
0,0.011623,0.146923,0.030081,0.275169,0.002744,0.249762,0.000203,0.002564
0,0.080504,0.091409,0.077835,-0.061184,0.049881,-0.093595,0.001405,0.001595
0,0.062602,0.123155,-0.014614,0.003225,-0.017469,0.007349,0.001093,0.002149
0,0.072678,0.051453,-0.013777,-0.048787,0.028068,-0.018365,0.001268,0.001546
0,0.150809,0.124674,0.084663,0.083166,0.049782,0.036314,0.002632,0.002176
0,0.205196,-0.092247,0.06314,-0.245285,0.035304,-0.204692,0.003109,0.001546
0,0.215987,0.065076,0.033454,0.128824,0.020082,0.087098,0.002921,0.001546
0,-0.032896,-0.032033,-0.274112,-0.078725,-0.230236,-0.039464,0.000574,0.001546
0,0.152449,0.11649,0.1784,0.140486,0.224783,0.156754,0.002661,0.002033
0,-0.031943,0.092526,-0.213292,-0.043903,-0.260356,-0.076916,0.000558,0.001615
0,0.127607,-0.007395,0.149406,-0.083869,0.121851,-0.03548,0.002227,0.001546
0,0.069575,0.081251,-0.080912,0.080718,-0.128203,0.100575,0.001214,0.001546
0,0.076784,0.164607,-0.017333,0.054972,-0.004809,0.037687,0.00134,0.002873
0,-0.023856,-0.081374,-0.107474,-0.250802,-0.14088,-0.247633,0.000416,0.001546
0,0.072689,-0.049522,0.123662,0.050709,0.146469,0.056176,0.001269,0.001546
0,0.148809,0.081717,0.095712,0.1049,0.124673,0.056042,0.002597,0.001546
0,-0.087955,-0.073683,-0.265223,-0.17427,-0.310365,-0.208652,0.001535,0.001546
0,0.104196,0.019765,0.212237,0.063524,0.164433,0.098367,0.001819,0.001546
0,-0.057669,-0.027947,-0.181415,-0.03181,-0.203849,-0.073761,0.001007,0.001546
0,-0.091729,-0.017269,-0.049516,0.030374,-0.041716,-0.005074,0.001601,0.001546
0,-0.126233,-0.019531,-0.010315,0.009063,-0.057975,0.053365,0.002203,0.001546
0,-0.081614,-0.003062,0.070713,0.004018,0.086257,-0.009005,0.001424,0.001546
0,0.048798,-0.042504,0.150434,-0.05516,0.194107,-0.018001,0.000852,0.001546
0,-0.130076,-0.191131,-0.175256,-0.121246,-0.184277,-0.160551,0.00227,0.001546
0,0.009365,0.017612,0.162078,0.201255,0.171312,0.186814,0.000163,0.001546
0,0.157334,-0.018872,0.143077,-0.032726,0.146144,-0.033203,0.002746,0.001546
0,0.087023,-0.082299,-0.050508,-0.046022,-0.017378,-0.094748,0.001519,0.001546
0,0.066027,0.004653,-0.039498,0.061717,0.009576,0.023857,0.001152,0.001546
0,-0.053814,0.059819,-0.135893,0.067171,-0.085991,0.071106,0.000939,0.001546
0,-0.007716,0.055197,0.056908,-0.007293,0.024254,0.012917,0.000135,0.001546
0,0.09786,0.057705,0.102376,-0.005681,0.131346,0.006297,0.001708,0.001546
0,0.10667,-0.098002,0.00695,-0.178713,0.040949,-0.162751,0.001862,0.001546
0,0.147391,-0.074632,0.029781,0.036134,0.067681,0.062025,0.002572,0.001546
0,0.15213,-0.14544,-0.020063,-0.068237,-0.031861,-0.063958,0.002655,0.001546
0,-0.151913,0.086676,-0.330121,0.252566,-0.358995,0.275398,0.002651,0.001546
0,-0.00578,0.014557,0.127775,-0.051359,0.122874,-0.101003,0.000101,0.001546
0,-0.057504,0.040217,-0.049612,0.024476,-0.094834,0.020489,0.001004,0.001546
0,0.037945,-0.078357,0.115401,-0.141479,0.158181,-0.10182,0.000662,0.001546
0,-0.053154,-0.145701,-0.086006,-0.051341,-0.116562,-0.013877,0.000928,0.001546
0,0.003198,0.016874,0.063129,0.18104,0.034714,0.213221,5.6e-05,0.001546
0,0.101644,-0.243042,0.089913,-0.280604,0.072067,-0.23142,0.001774,0.001546
0,0.144657,0.01353,0.029578,0.245014,0.023735,0.206688,0.002525,0.001546
0,0.06248,-0.107298,-0.09077,-0.149973,-0.1248,-0.129161,0.00109,0.001546
0,0.001222,-0.059473,-0.066005,0.075993,-0.085286,0.115063,2.1e-05,0.001546
0,0.17678,-0.144193,0.187822,-0.077918,0.212563,-0.063391,0.003085,0.001546
0,0.101063,0.097928,-0.076874,0.240667,-0.112109,0.275117,0.001764,0.001709
0,0.027187,-0.064737,-0.053792,-0.184371,-0.058013,-0.144003,0.000474,0.001546
0,0.135317,-0.057304,0.084244,-0.013415,0.084622,-0.047818,0.002362,0.001546
0,-0.06562,-0.046216,-0.201214,0.030371,-0.185286,0.009145,0.001145,0.001546
0,0.087153,-0.198873,0.151376,-0.124326,0.199493,-0.075179,0.001521,0.001546
0,0.054024,-0.082459,-0.006919,0.140833,0.012369,0.112083,0.000943,0.001546
0,0.086325,-0.085362,0.018733,-0.017223,0.053638,0.014489,0.001507,0.001546
0,-0.115752,-0.099436,-0.231161,-0.003809,-0.240574,-0.041722,0.00202,0.001546
0,-0.136329,0.055285,-0.032583,0.136053,0.011249,0.165906,0.002379,0.001546
0,0.009016,-0.06882,0.172912,-0.150294,0.129145,-0.160089,0.000157,0.001546
0,-0.001292,-0.13176,-0.001385,-0.077675,0.047841,-0.037177,2.3e-05,0.001546
0,0.029604,-0.168539,0.012952,-0.023394,0.020267,-0.037497,0.000517,0.001546
0,-0.129372,0.052561,-0.156718,0.220875,-0.118331,0.208111,0.002258,0.001546
0,-0.05524,-0.04758,0.10024,-0.128341,0.0523,-0.107326,0.000964,0.001546
0,-0.187207,-0.064353,-0.119916,-0.034843,-0.151014,-0.036297,0.003267,0.001546
0,-0.113733,-0.066848,0.083141,-0.028087,0.040664,-0.044973,0.001985,0.001546
0,0.13017,-0.154713,0.259697,-0.114927,0.304844,-0.101318,0.002272,0.001546
0,0.13541,-0.045592,0.024423,0.100404,0.008131,0.116346,0.002363,0.001546
0,0.075092,-0.062159,-0.056467,-0.039323,-0.051296,-0.033568,0.001311,0.001546
0,-0.112278,-0.061568,-0.188153,-0.011912,-0.157265,-0.032261,0.00196,0.001546
0,0.168546,0.074672,0.30991,0.151976,0.336839,0.193618,0.002942,0.001546
0,0.04839,-0.121847,-0.105635,-0.167106,-0.058734,-0.141006,0.000845,0.001546
0,0.036543,-0.031397,-0.032183,0.100656,-0.030341,0.083639,0.000638,0.001546
0,0.106977,-0.018624,0.041209,0.031203,0.082176,0.017528,0.001867,0.001546
0,0.047932,-0.170264,-0.044733,-0.135215,-0.005045,-0.166574,0.000837,0.001546
0,0.061309,-0.114583,0.017278,0.07575,0.05603,0.103705,0.00107,0.001546
0,0.114787,-0.017158,0.046066,0.118376,0.075432,0.159892,0.002003,0.001546
0,-0.019211,-0.01005,-0.158402,0.01902,-0.169456,-0.004592,0.000335,0.001546
0,-0.020936,-0.171595,0.021885,-0.175174,0.004029,-0.213759,0.000365,0.001546
0,0.114238,-0.096869,0.149659,0.045098,0.108562,0.083987,0.001994,0.001546
0,0.109189,-0.088291,-0.028041,0.024498,-0.034223,0.048242,0.001906,0.001546
0,0.094002,-0.030147,-0.019322,0.045537,-0.046333,0.029589,0.001641,0.001546
0,0.215829,0.114712,0.139661,0.172545,0.130566,0.169647,0.002924,0.002002
0,0.095709,-0.075802,-0.128796,-0.202839,-0.138299,-0.228637,0.00167,0.001546
0,0.185185,0.02722,0.067366,0.127904,0.072426,0.117512,0.003232,0.001546
0,0.172831,0.06207,-0.003677,0.058233,0.018156,0.045263,0.003016,0.001546
0,0.05363,-0.040026,-0.108663,-0.130284,-0.070567,-0.173506,0.000936,0.001546
0,0.012198,-0.104452,-0.019809,-0.083949,-0.033116,-0.107108,0.000213,0.001546
0,0.04809,0.009752,0.043763,0.137451,0.039734,0.145594,0.000839,0.001546
0,0.088486,0.134812,0.061547,0.153856,0.034076,0.142682,0.001544,0.002353
0,0.020174,-0.029194,-0.081984,-0.157846,-0.124513,-0.13833,0.000352,0.001546
0,0.037528,-0.137179,0.001055,-0.133032,-0.000964,-0.086664,0.000655,0.001546
0,0.030637,0.126774,-0.035966,0.247507,-0.076333,0.215673,0.000535,0.002213
0,-0.036325,-0.120929,-0.06944,-0.240643,-0.114109,-0.265231,0.000634,0.001546
0,0.11079,0.057194,0.123424,0.16821,0.109351,0.172558,0.001934,0.001546
0,0.015457,-0.052876,-0.110553,-0.090155,-0.129961,-0.126384,0.00027,0.001546
0,0.107216,-0.127795,0.092817,-0.103252,0.140064,-0.088564,0.001871,0.001546
0,-0.008592,-0.084947,-0.095148,0.015502,-0.092595,0.055644,0.00015,0.001546
0,-0.000709,-0.036228,0.02572,0.035271,0.00071,0.014178,1.2e-05,0.001546
0,0.112015,0.09556,0.100757,0.136114,0.096377,0.125633,0.001955,0.001668
0,-0.125725,0.05427,-0.266412,-0.049188,-0.234341,-0.014807,0.002194,0.001546
0,-0.033492,-0.14509,0.11698,-0.201845,0.073354,-0.191889,0.000585,0.001546
0,0.023394,0.087538,0.084824,0.213219,0.064012,0.217125,0.000408,0.001546
0,-0.112594,0.121223,-0.11596,0.05896,-0.159627,0.070475,0.001965,0.002116
0,-0.084699,0.073553,0.053098,-0.035382,0.073495,-0.084337,0.001478,0.001546
0,-0.036648,-0.072625,0.027746,-0.144294,0.045365,-0.104534,0.00064,0.001546
0,-0.028839,0.015854,0.009504,0.060086,0.056126,0.045576,0.000503,0.001546
0,-0.135421,-0.045708,-0.116031,-0.040673,-0.145334,-0.053126,0.002364,0.001546
0,0.125388,-0.122421,0.263101,-0.062425,0.310881,-0.107837,0.002188,0.001546
0,-0.139408,0.084875,-0.243293,0.184479,-0.212553,0.19557,0.002433,0.001546
0,-0.120398,0.135738,0.044815,0.059445,0.076644,0.057143,0.002101,0.002369
0,0.00954,-0.031901,0.117269,-0.176271,0.144991,-0.215702,0.000167,0.001546
0,0.096669,-0.084919,0.061013,-0.034356,0.087533,0.009082,0.001687,0.001546
0,-0.188304,-0.048454,-0.292302,0.007889,-0.287428,-0.022558,0.003287,0.001546
0,-0.093961,-0.044655,0.103879,-0.020898,0.134138,0.001236,0.00164,0.001546
0,-0.161033,-0.114578,-0.086272,-0.082596,-0.103788,-0.094447,0.002811,0.001546
0,-0.019057,-0.154289,0.131808,-0.045114,0.093101,-0.026684,0.000333,0.001546
0,-0.088629,-0.032448,-0.046834,0.1288,-0.012169,0.136162,0.001547,0.001546
0,-0.088142,-0.10412,0.013464,-0.06535,-0.003689,-0.025065,0.001538,0.001546
0,0.002401,-0.12286,0.086513,-0.006976,0.103046,0.012311,4.2e-05,0.001546
0,-0.052697,-0.076909,-0.038238,0.023397,0.010807,0.068034,0.00092,0.001546
0,-0.138744,-0.059565,-0.107799,0.00249,-0.105202,0.025211,0.002422,0.001546
0,-0.219058,0.083925,-0.055148,0.117433,-0.075178,0.080683,0.002868,0.001546
0,0.037623,0.126425,0.258265,0.071702,0.27813,0.045153,0.000657,0.002207
0,-0.134076,0.024932,-0.196164,-0.087617,-0.239748,-0.119815,0.00234,0.001546
0,-0.046148,0.029721,0.082059,0.03116,0.058848,0.044314,0.000805,0.001546
0,-0.183713,-0.024495,-0.119174,-0.04106,-0.085294,-0.024007,0.003206,0.001546
0,-0.119157,-0.096714,0.0609,-0.04642,0.045417,-0.068905,0.00208,0.001546
0,-0.32219,-0.10578,-0.227752,-0.027076,-0.221823,0.009204,0.001068,0.001546
0,-0.204151,-0.001538,0.112458,0.09924,0.103116,0.144557,0.003128,0.001546
0,-0.096147,0.119926,0.112779,0.101914,0.112631,0.134136,0.001678,0.002093
0,-0.092105,-0.05177,-0.005465,-0.155008,-0.017507,-0.160784,0.001608,0.001546
0,-0.078568,-0.114341,0.036616,-0.070162,0.084759,-0.104973,0.001371,0.001546
0,-0.33288,0.08216,-0.240116,0.199253,-0.280119,0.217817,0.000881,0.001546
0,-0.243633,-0.132866,0.117356,-0.225831,0.139042,-0.187476,0.002439,0.001546
0,-0.345574,0.128309,-0.111877,0.288679,-0.082723,0.329054,0.000659,0.002239
0,-0.278808,-0.002189,0.082455,-0.15636,0.094794,-0.136758,0.001825,0.001546
0,-0.039761,0.000178,0.243038,0.016028,0.233209,0.021438,0.000694,0.001546
0,-0.153946,0.147853,-0.112282,0.122856,-0.139591,0.098855,0.002687,0.002581
0,-0.004708,-0.104442,0.168474,-0.271889,0.152589,-0.225598,8.2e-05,0.001546
0,-0.036142,0.111146,-0.060327,0.217788,-0.0742,0.219303,0.000631,0.00194
0,-0.124324,-0.131127,-0.06435,-0.259336,-0.087807,-0.229284,0.00217,0.001546
0,0.083615,0.020289,0.227168,0.1656,0.260918,0.123345,0.001459,0.001546
0,-0.016014,-0.037524,-0.129254,-0.035677,-0.163117,-0.025599,0.00028,0.001546
0,0.079517,-0.051248,0.076874,-0.023335,0.040695,-0.022826,0.001388,0.001546
0,0.09876,-0.123361,0.02238,-0.084943,0.071508,-0.132112,0.001724,0.001546
0,0.043843,0.022984,-0.046064,0.146758,-0.09576,0.166619,0.000765,0.001546
0,0.087883,0.154725,0.058342,0.104898,0.102899,0.133265,0.001534,0.0027
0,-0.063101,0.146892,-0.177514,0.014959,-0.187353,-0.004656,0.001101,0.002564
0,0.110261,-0.105676,0.165148,-0.261434,0.187392,-0.239526,0.001924,0.001546
0,-0.113443,0.034297,-0.197717,0.156409,-0.194028,0.156149,0.00198,0.001546
0,0.040925,-0.02701,0.146153,-0.089729,0.166974,-0.117715,0.000714,0.001546
0,0.161134,0.16547,0.132344,0.209913,0.107305,0.220527,0.002812,0.002888
0,0.041139,0.047446,-0.147305,-0.140459,-0.149746,-0.13254,0.000718,0.001546
0,0.220143,0.113532,0.165779,0.080601,0.185425,0.091846,0.002849,0.001982
0,0.170586,0.022746,-0.025633,-0.070988,-0.073686,-0.053429,0.002977,0.001546
0,0.027873,-0.104721,-0.137647,-0.139069,-0.107113,-0.185485,0.000486,0.001546
0,-0.020877,-0.102648,-0.059567,-0.003223,-0.076453,0.046367,0.000364,0.001546
0,0.041928,-0.118745,0.059491,0.010098,0.029842,0.004058,0.000732,0.001546
0,0.040535,-0.026963,0.027843,0.078897,0.057323,0.04372,0.000707,0.001546
0,-0.0052,0.029094,-0.065664,0.027389,-0.057217,0.028896,9.1e-05,0.001546
0,-0.034518,-0.0004,-0.043071,-0.013939,-0.000886,-0.037261,0.000602,0.001546
0,-0.106315,0.054416,-0.079424,0.040164,-0.083482,0.057478,0.001856,0.001546
0,0.091552,0.030009,0.216412,-0.045229,0.200002,-0.001139,0.001598,0.001546
0,0.042967,0.045924,-0.035296,0.037557,-0.006744,0.043164,0.00075,0.001546
0,-0.070137,-0.157499,-0.087466,-0.224723,-0.137051,-0.239352,0.001224,0.001546
0,-0.129095,0.014064,-0.071516,0.19447,-0.089129,0.220489,0.002253,0.001546
0,0.046378,-0.182584,0.183373,-0.186953,0.199496,-0.207976,0.000809,0.001546
0,-0.087342,0.020205,-0.148262,0.22366,-0.122045,0.182409,0.001524,0.001546
0,0.104422,-0.16627,0.19858,-0.198008,0.172589,-0.247208,0.001823,0.001546
0,-0.004015,-0.087503,-0.133907,0.103381,-0.139297,0.075954,7e-05,0.001546
0,0.10966,0.130815,0.126956,0.207304,0.167985,0.215393,0.001914,0.002283
0,-0.034617,-0.146918,-0.147626,-0.254253,-0.136612,-0.265593,0.000604,0.001546
0,0.017816,0.011987,0.026175,0.187643,0.059509,0.153523,0.000311,0.001546
0,-0.119796,0.117264,-0.119518,0.116176,-0.12696,0.08702,0.002091,0.002047
0,0.087964,-0.038358,0.192901,-0.172427,0.183298,-0.151616,0.001535,0.001546
0,0.012399,0.083611,-0.06581,0.151823,-0.098216,0.145866,0.000216,0.001546
0,-0.192498,-0.052868,-0.188585,-0.156909,-0.149836,-0.153962,0.003331,0.001546
0,-0.026986,0.033925,0.155205,0.062989,0.108648,0.066333,0.000471,0.001546
0,-0.072175,0.066589,-0.058477,0.027351,-0.015152,0.023484,0.00126,0.001546
0,-0.060793,0.01507,0.006461,-0.054897,0.023104,-0.07812,0.001061,0.001546
0,-0.090311,-0.166145,-0.00714,-0.192159,-0.019111,-0.15868,0.001576,0.001546
0,-0.115243,-0.049425,0.00321,0.094405,-0.042541,0.069253,0.002011,0.001546
0,-0.047258,0.157246,0.068317,0.216207,0.104164,0.218727,0.000825,0.002744
0,-0.03408,0.162166,-0.003346,0.012049,-0.035749,-0.000127,0.000595,0.00283
0,-0.095957,-0.069344,-0.048678,-0.203728,-0.042471,-0.248729,0.001675,0.001546
0,-0.072897,-0.096666,0.051322,-0.031747,0.021956,-0.080706,0.001272,0.001546
0,-0.185531,-0.014609,-0.136144,0.085828,-0.142729,0.056542,0.003238,0.001546
0,-0.015814,-0.013073,0.188967,0.013074,0.158358,-0.00074,0.000276,0.001546
0,-0.27447,0.098004,-0.27609,0.106002,-0.325685,0.10206,0.0019,0.00171
0,-0.051087,0.001022,0.205464,-0.075321,0.18511,-0.059301,0.000892,0.001546
0,-0.210479,-0.161618,-0.149392,-0.189367,-0.124913,-0.215225,0.003017,0.001546
0,-0.109338,0.055676,0.126617,0.206081,0.081648,0.214488,0.001908,0.001546
0,-0.120719,0.011859,0.01177,-0.069306,0.010781,-0.023049,0.002107,0.001546
0,-0.004078,-0.055735,0.091737,-0.046044,0.042364,-0.08278,7.1e-05,0.001546
0,-0.089093,0.043824,-0.08629,0.120413,-0.045604,0.087027,0.001555,0.001546
0,-0.153534,-0.120297,-0.07979,-0.138697,-0.127178,-0.122433,0.00268,0.001546
0,0.041897,-0.166695,0.217968,-0.056701,0.253525,-0.101556,0.000731,0.001546
0,0.00525,0.017983,-0.057941,0.202133,-0.028931,0.163922,9.2e-05,0.001546
0,-0.108188,0.037154,-0.1013,0.038907,-0.075738,0.073895,0.001888,0.001546
0,-0.05906,0.088786,0.06847,0.053182,0.03017,0.031408,0.001031,0.00155
0,0.092059,-0.037528,0.166793,-0.127252,0.149938,-0.17352,0.001607,0.001546
0,-0.095319,0.089707,-0.168432,0.104864,-0.183689,0.137919,0.001664,0.001566
0,-0.066225,-0.125602,0.007836,-0.240475,0.044877,-0.277801,0.001156,0.001546
0,-0.071625,0.016405,-0.016396,0.130071,-0.011441,0.080896,0.00125,0.001546
0,0.13163,-0.183503,0.18701,-0.193861,0.139524,-0.210907,0.002297,0.001546
0,-0.007932,0.048011,-0.143508,0.218154,-0.161468,0.248333,0.000138,0.001546
0,-0.022374,-0.202578,-0.014237,-0.24688,-0.001874,-0.210469,0.00039,0.001546
0,-0.127863,-0.131962,-0.126849,0.072503,-0.117218,0.073,0.002232,0.001546
0,-0.082098,-0.021808,0.066049,0.083246,0.108315,0.05578,0.001433,0.001546
0,0.194339,-0.089235,0.279237,-0.069453,0.325818,-0.096389,0.003299,0.001546
0,0.270769,-0.008664,0.070434,0.071909,0.076793,0.073077,0.001965,0.001546
0,0.251685,-0.098695,-0.042116,-0.115032,-0.007072,-0.105743,0.002298,0.001546
0,1.107544,0.950825,0.829531,1.030987,0.849902,1.072878,0.000742,0.003213
0,2.192831,1.076475,1.062723,0.151927,1.051963,0.189412,0.001873,0.001284
0,1.819181,1.028526,-0.390512,-0.044181,-0.429677,-0.008401,0.001703,0.002121
0,1.588994,1.24806,-0.249601,0.240902,-0.239713,0.217953,0.00097,0.00171
0,1.494815,0.982626,-0.088942,-0.253229,-0.111244,-0.293073,0.000674,0.002922
0,1.155977,0.950154,-0.357909,-0.029381,-0.402542,-0.02004,0.000103,0.003202
0,0.854266,0.875977,-0.288191,-0.068966,-0.318999,-0.107229,0.001528,0.001907
0,0.35226,0.660791,-0.482449,-0.197945,-0.438465,-0.170154,0.000543,0.001849
0,0.257177,0.583341,-0.114226,-0.098524,-0.147071,-0.071226,0.002202,0.0032
0,-0.02655,0.316654,-0.26995,-0.261531,-0.269867,-0.302182,0.000463,0.001164
0,0.117999,0.407365,0.120001,0.103207,0.15537,0.064015,0.002059,0.000419
0,0.08604,0.259638,-0.009081,-0.117742,-0.056302,-0.131755,0.001502,0.002159
0,-0.22094,-0.075876,-0.336104,-0.340154,-0.372322,-0.302907,0.002835,0.001324
0,0.012614,-0.219053,0.262806,-0.135052,0.235915,-0.126871,0.00022,0.002868
0,-0.016418,-0.194811,-0.057802,0.039224,-0.100046,0.046125,0.000287,0.003291
0,-0.151598,-0.119868,-0.151342,0.101063,-0.152132,0.061346,0.002646,0.002092
0,-0.154697,-0.219218,0.013085,-0.095275,0.007444,-0.108787,0.0027,0.002865
0,-0.129487,-0.234852,0.053504,-0.029184,0.091263,0.017103,0.00226,0.002592
0,-0.136171,-4.4e-05,-0.016985,0.224722,-0.058426,0.241608,0.002377,1e-06
0,-0.100484,-0.026547,0.005788,-0.007285,0.012265,0.019845,0.001754,0.000463
0,0.011428,0.053271,0.108317,0.068173,0.109541,0.104879,0.000199,0.00093
0,-0.143269,0.152289,-0.148733,0.101701,-0.110588,0.070428,0.002501,0.002658
0,0.118929,0.187914,0.236094,0.051893,0.242654,0.078543,0.002076,0.00328
0,-0.108096,-0.036709,-0.237959,-0.196688,-0.196419,-0.239433,0.001887,0.000641
0,0.044784,0.117912,0.141683,0.181413,0.150253,0.230312,0.000782,0.002058
0,0.060678,0.160785,0.005467,0.062946,-0.023129,0.050685,0.001059,0.002806
0,0.084226,0.223957,0.028861,0.072916,0.037441,0.122737,0.00147,0.002782
0,-0.158181,0.072664,-0.271068,-0.144482,-0.307795,-0.190416,0.002761,0.001268
0,-0.00687,0.103332,0.154676,0.039872,0.115002,-0.005088,0.00012,0.001803
0,-0.080994,-0.092346,-0.089684,-0.200897,-0.09121,-0.201459,0.001414,0.001612
0,-0.069643,0.039241,0.012443,0.158898,-0.0335,0.170222,0.001215,0.000685
0,-0.064132,0.117574,-0.024303,0.065362,-0.064907,0.030265,0.001119,0.002052
0,-0.053016,0.114782,-0.016301,-0.009053,0.012592,0.031464,0.000925,0.002003
0,0.042846,0.120989,0.098598,0.013772,0.065859,0.026922,0.000748,0.002112
0,-0.176327,0.164179,-0.200277,0.026229,-0.216446,0.044119,0.003077,0.002865
0,-0.009093,0.094386,0.151912,-0.046225,0.12311,-0.029668,0.000159,0.001647
0,0.082173,0.023729,0.094935,-0.091284,0.126695,-0.103639,0.001434,0.000414
0,0.048025,-0.106506,-0.050801,-0.112971,-0.008244,-0.065719,0.000838,0.001859
0,0.00966,0.209872,-0.062217,0.345207,-0.078347,0.342758,0.000169,0.003028
0,0.009028,-0.066047,-0.013615,-0.303968,0.015778,-0.278701,0.000158,0.001153
0,-0.118135,0.153503,-0.098342,0.199752,-0.135523,0.162325,0.002062,0.002679
0,0.072954,0.020528,0.206974,-0.157969,0.167442,-0.17442,0.001273,0.000358
0,-0.092724,0.124918,-0.193375,0.108405,-0.154082,0.135897,0.001618,0.00218
0,0.010404,-0.035152,0.076327,-0.154985,0.118859,-0.172287,0.000182,0.000614
0,0.108886,-0.043494,0.089247,0.021228,0.046554,0.060089,0.0019,0.000759
0,0.077278,-0.029469,-0.026946,0.019582,-0.069457,0.011717,0.001349,0.000514
0,-0.174401,-0.131064,-0.224024,-0.109313,-0.183832,-0.088204,0.003044,0.002287
0,-0.028734,0.043438,0.12576,0.198797,0.081128,0.212215,0.000501,0.000758
0,-0.090503,-0.050967,-0.07722,-0.08129,-0.084628,-0.05376,0.00158,0.00089
0,-0.037891,-0.01069,0.070298,0.067317,0.057555,0.113022,0.000661,0.000187
0,0.115148,-0.056527,0.145225,-0.02403,0.114771,-0.016723,0.00201,0.000987
0,0.108648,0.068779,0.019311,0.127435,-0.02161,0.117292,0.001896,0.0012
0,-0.033906,-0.077803,-0.168844,-0.163349,-0.216322,-0.199646,0.000592,0.001358
0,0.104511,0.018083,0.111117,0.099258,0.144396,0.073948,0.001824,0.000316
0,-0.058551,-0.048193,-0.169029,-0.055295,-0.167574,-0.009768,0.001022,0.000841
0,0.038009,0.022409,0.07299,0.05096,0.107051,0.059827,0.000663,0.000391
0,0.007785,-0.047195,-0.005862,-0.046888,-0.051309,-0.024762,0.000136,0.000824
0,0.079718,0.131057,0.057502,0.155126,0.069228,0.167525,0.001391,0.002287
0,0.095475,0.199114,0.042317,0.066134,0.032157,0.06167,0.001666,0.003216
0,-0.039275,-0.01751,-0.139255,-0.233068,-0.108964,-0.275832,0.000685,0.000306
0,-0.04998,0.080693,-0.035928,0.068739,-0.015901,0.021743,0.000872,0.001408
0,-0.056927,-0.064114,0.021831,-0.136089,-0.00027,-0.118465,0.000994,0.001119
0,-0.10911,-0.111441,-0.026311,-0.049284,-0.013815,-0.027202,0.001904,0.001945
0,-0.069016,0.036381,0.06335,0.160226,0.086507,0.170126,0.001205,0.000635
0,0.013963,-0.072873,0.077369,-0.126467,0.038688,-0.144511,0.000244,0.001272
0,0.137879,0.156998,0.147654,0.200831,0.127178,0.221995,0.002406,0.00274
0,0.004591,0.204227,-0.158711,0.017555,-0.148358,-0.006086,8e-05,0.003126
0,0.160806,0.090037,0.163457,-0.136666,0.142562,-0.149725,0.002807,0.001571
0,0.064348,-0.020448,-0.084996,-0.108212,-0.046622,-0.097095,0.001123,0.000357
0,0.173805,-0.106487,0.087528,-0.064794,0.094037,-0.016494,0.003033,0.001859
0,0.144386,0.193483,-0.043544,0.272485,-0.08526,0.265217,0.00252,0.003314
0,-0.060959,-0.102772,-0.1895,-0.268547,-0.183675,-0.236315,0.001064,0.001794
0,0.063059,-0.012223,0.101635,0.090764,0.079217,0.068588,0.001101,0.000213
0,0.18024,0.151788,0.144612,0.146949,0.156022,0.137263,0.003146,0.002649
0,0.17813,0.033691,-0.021087,-0.089863,-0.036263,-0.134628,0.003109,0.000588
0,0.23336,0.016016,0.078228,-0.024481,0.105394,-0.004771,0.002618,0.00028
0,0.168638,0.11339,-0.035815,0.091071,-0.020583,0.120593,0.002943,0.001979
0,-0.063555,-0.090976,-0.255002,-0.228238,-0.297763,-0.218799,0.001109,0.001588
0,-0.031637,-0.130293,0.044071,-0.031859,0.085276,-0.010569,0.000552,0.002274
0,-0.054924,-0.013634,-0.036797,0.102634,0.00178,0.09196,0.000959,0.000238
0,0.040105,0.150386,0.076293,0.141357,0.087036,0.17142,0.0007,0.002625
0,-0.00381,0.098522,-0.033425,-0.053197,-0.049732,-0.012367,6.6e-05,0.00172
0,-0.078425,-0.0221,-0.066864,-0.128135,-0.114906,-0.119441,0.001369,0.000386
0,0.008686,0.027503,0.073596,0.051611,0.026441,0.088327,0.000152,0.00048
0,0.0199,0.034004,-0.006897,0.019866,0.042677,0.00692,0.000347,0.000593
0,-0.050769,0.075951,-0.071656,0.013633,-0.110511,0.032879,0.000886,0.001326
0,-0.002339,-0.13215,0.059837,-0.227621,0.062716,-0.249217,4.1e-05,0.002306
0,0.165063,-0.06505,0.191319,0.074029,0.212843,0.122766,0.002881,0.001135
0,-0.099476,0.163661,-0.28174,0.21618,-0.282166,0.261945,0.001736,0.002856
0,-0.133103,-0.027474,-0.061152,-0.211187,-0.072168,-0.187889,0.002323,0.00048
0,-0.082491,-0.074504,0.04369,-0.020286,0.047086,-0.048813,0.00144,0.0013
0,0.132245,0.10851,0.240094,0.189727,0.206991,0.15594,0.002308,0.001894
0,-0.038397,-0.143887,-0.164265,-0.236163,-0.115317,-0.25355,0.00067,0.002511
0,-0.123489,0.087727,-0.103596,0.257125,-0.106934,0.265495,0.002155,0.001531
0,-0.026699,0.072623,0.116483,0.001911,0.091979,-0.044295,0.000466,0.001268
0,-0.010355,-0.066879,0.037918,-0.146159,0.025091,-0.191555,0.000181,0.001167
0,0.035787,-0.169248,0.0369,-0.09968,-0.003738,-0.057672,0.000625,0.002954
0,-0.048422,-0.045352,-0.09457,0.148707,-0.103346,0.100818,0.000845,0.000792
0,-0.045914,-0.172943,-0.02069,-0.112972,-0.070503,-0.118829,0.000801,0.003018
0,0.036298,-0.040774,0.101468,0.104575,0.073735,0.063224,0.000634,0.000712
0,-0.025414,-0.010397,-0.051606,0.056925,-0.038775,0.040142,0.000444,0.000181
0,-0.02257,-0.07848,0.012587,-0.088755,0.002863,-0.082131,0.000394,0.00137
0,-0.097738,0.065618,-0.069595,0.134043,-0.105497,0.103761,0.001706,0.001145
0,0.041837,0.088323,0.129716,0.04143,0.125611,0.023058,0.00073,0.001542
0,0.07504,0.049651,0.028106,-0.02316,-0.015271,-0.017747,0.00131,0.000867
0,-0.116296,0.043412,-0.173367,0.011927,-0.126562,0.012543,0.00203,0.000758
0,-0.169709,-0.115499,-0.071063,-0.176375,-0.021525,-0.223579,0.002962,0.002016
0,0.033857,-0.220946,0.227076,-0.09089,0.231601,-0.053598,0.000591,0.002835
0,-0.005248,-0.122079,-0.05856,0.121256,-0.025797,0.122379,9.2e-05,0.002131
0,-0.116219,-0.179475,-0.132126,-0.078252,-0.144919,-0.069535,0.002028,0.003132
0,-0.020209,-0.113459,0.084193,0.042549,0.07513,0.029976,0.000353,0.00198
0,0.042631,-0.004714,0.05568,0.122227,0.093075,0.108451,0.000744,8.2e-05
0,-0.052426,0.065782,-0.098675,0.075406,-0.056212,0.04539,0.000915,0.001148
0,0.030535,-0.108378,0.091399,-0.201859,0.053293,-0.236491,0.000533,0.001892
0,-0.1939,-0.092404,-0.195776,0.006568,-0.207433,-0.008454,0.003307,0.001613
0,-0.057436,-0.153847,0.152732,-0.050056,0.126661,-0.044927,0.001002,0.002685
0,-0.222333,0.041028,-0.170516,0.202704,-0.160898,0.235286,0.00281,0.000716
0,-0.123698,0.05079,0.114787,0.034592,0.130528,-0.014298,0.002159,0.000886
0,-0.132496,0.008503,-0.032586,-0.039136,-0.004071,-0.055478,0.002312,0.000148
0,0.059333,0.002076,0.216681,-0.029887,0.219735,-0.04866,0.001036,3.6e-05
0,-0.088487,-0.088625,-0.142702,-0.120418,-0.098579,-0.14108,0.001544,0.001547
0,-0.59604,-0.268946,-0.535255,-0.167846,-0.541121,-0.171339,0.002979,0.001997
0,-0.690538,-0.19774,-0.10424,0.083628,-0.139497,0.078355,0.001329,0.00324
0,-0.817023,-0.065721,-0.119113,0.136548,-0.104069,0.149731,0.000878,0.001147
0,-1.019551,-0.077873,-0.226003,-0.012863,-0.178644,-0.014747,0.002278,0.001359
0,-0.706692,-0.178215,0.322835,-0.099858,0.304454,-0.11549,0.001048,0.00311
0,-0.610093,-0.027869,0.07219,0.144926,0.051204,0.113384,0.002734,0.000486
0,-0.247367,-0.067194,0.387103,-0.040939,0.391697,-0.08829,0.002373,0.001173
0,-0.080049,-0.145483,0.158051,-0.054935,0.123155,-0.013132,0.001397,0.002539
0,0.007754,-0.160478,0.107783,0.005771,0.108942,0.031307,0.000135,0.002801
0,0.026002,-0.077936,0.00818,0.08042,-0.005511,0.109417,0.000454,0.00136
0,-0.08344,-0.223066,-0.100665,-0.129677,-0.119561,-0.17365,0.001456,0.002798
0,0.112665,-0.22482,0.211924,0.012547,0.256115,-0.020823,0.001966,0.002767
0,-0.131098,-0.142908,-0.246996,0.108003,-0.263889,0.076544,0.002288,0.002494
0,0.074771,0.024697,0.208162,0.148526,0.207255,0.116278,0.001305,0.000431
0,-0.079014,-0.142522,-0.175298,-0.163018,-0.141884,-0.176122,0.001379,0.002487
0,0.084787,-0.004302,0.152509,0.1395,0.163382,0.118504,0.00148,7.5e-05
0,-0.07203,0.036409,-0.181643,0.029733,-0.219369,0.007115,0.001257,0.000635
0,0.066544,-0.099219,0.145465,-0.115686,0.154229,-0.127586,0.001161,0.001732
0,-0.112043,-0.057706,-0.18904,0.068407,-0.232216,0.082518,0.001956,0.001007
0,-0.097977,0.167783,-0.007543,0.2111,0.003133,0.195351,0.00171,0.002928
0,0.090886,0.182882,0.164976,-0.012076,0.152276,-0.059447,0.001586,0.003192
0,0.174958,0.167881,0.09499,-0.041287,0.13453,-0.073194,0.003054,0.00293
0,-0.043724,0.051841,-0.231862,-0.137487,-0.220893,-0.115872,0.000763,0.000905
0,0.001024,0.138407,0.071578,0.087271,0.077619,0.040251,1.8e-05,0.002416
0,0.100671,0.059561,0.116185,-0.1008,0.117066,-0.134131,0.001757,0.00104
0,0.011893,0.022569,-0.076327,-0.012007,-0.091319,-0.015536,0.000208,0.000394
0,-0.014432,0.144197,-0.040751,0.115984,-0.088054,0.130689,0.000252,0.002517
0,0.093772,-0.052023,0.116193,-0.199287,0.139281,-0.165449,0.001637,0.000908
0,0.107829,0.016354,0.018693,0.041788,0.024716,0.064155,0.001882,0.000285
0,0.190955,0.025192,0.058136,0.026592,0.079234,0.055346,0.003333,0.00044
0,0.053068,0.174851,-0.115906,0.15878,-0.145224,0.169111,0.000926,0.003052
0,0.036254,0.165038,-0.031907,-0.018814,-0.032997,-0.063605,0.000633,0.00288
0,0.079898,0.168012,0.019622,0.02295,0.05334,-0.011677,0.001394,0.002932
0,-0.003359,-0.044841,-0.063083,-0.18779,-0.093513,-0.235461,5.9e-05,0.000783
0,-0.072223,0.084408,-0.066797,0.123041,-0.061375,0.156851,0.001261,0.001473
0,0.086005,-0.143129,0.1647,-0.210069,0.120873,-0.253222,0.001501,0.002498
0,-0.136702,-0.146113,-0.213183,-0.025603,-0.219806,0.005516,0.002386,0.00255
0,-0.029011,0.095145,0.130454,0.249157,0.090159,0.26932,0.000506,0.001661
0,0.089606,0.090051,0.140991,0.022938,0.107248,-0.02427,0.001564,0.001572
0,-0.046064,-0.019989,-0.149515,-0.085482,-0.120499,-0.110092,0.000804,0.000349
0,0.016435,-0.154825,0.037778,-0.140263,0.055895,-0.11662,0.000287,0.002702
0,0.074166,0.052683,0.079892,0.188412,0.078518,0.183549,0.001294,0.000919
0,0.142247,0.104206,0.056,0.068412,0.051724,0.094411,0.002483,0.001819
0,0.091144,0.002423,-0.025489,-0.093477,-0.014587,-0.067956,0.001591,4.2e-05
0,-0.074981,-0.031081,-0.142442,-0.036645,-0.104584,-0.031232,0.001309,0.000542
0,-0.111712,0.043311,-0.017047,0.066999,-0.063023,0.01983,0.00195,0.000756
0,0.023901,-0.085857,0.12855,-0.123121,0.139763,-0.094842,0.000417,0.001498
0,0.089971,-0.09544,0.077502,-0.018378,0.090161,-0.050614,0.00157,0.001666
0,0.018265,-0.080978,-0.073676,-0.000861,-0.056855,0.045061,0.000319,0.001413
0,0.017241,-0.117056,0.004251,-0.038154,-0.008995,-0.009541,0.000301,0.002043
0,-0.221614,-0.020328,-0.219352,0.094808,-0.180462,0.060389,0.002823,0.000355
0,-0.206789,-0.08109,0.039443,-0.076115,0.029468,-0.079024,0.003082,0.001415
0,-0.195184,-0.147848,0.041015,-0.071778,0.018399,-0.067857,0.003284,0.00258
0,-0.264532,0.06097,-0.071213,0.224782,-0.050524,0.204161,0.002074,0.001064
0,-0.143583,0.081421,0.129775,0.03864,0.163351,0.002716,0.002506,0.001421
0,-0.11188,-0.027866,0.025852,-0.137287,0.066344,-0.094673,0.001953,0.000486
0,-0.011902,0.02232,0.112032,0.051659,0.158284,0.03664,0.000208,0.00039
0,-0.176213,0.0175,-0.175346,-0.032825,-0.167744,0.016447,0.003075,0.000305
0,-0.124355,0.12807,0.032119,0.130542,0.053752,0.168894,0.00217,0.002235
0,-0.216655,-0.026652,-0.097153,-0.146005,-0.111009,-0.157254,0.002909,0.000465
0,-0.132783,0.028618,0.074354,0.032146,0.061883,-0.015983,0.002317,0.000499
0,-0.187308,-0.0207,-0.074551,-0.022368,-0.087288,-0.021008,0.003269,0.000361
0,-0.147531,0.112147,0.066946,0.107359,0.086838,0.106888,0.002575,0.001957
0,-0.052041,0.082321,0.083026,-0.050967,0.100701,-0.065038,0.000908,0.001437
0,-0.031998,-0.070091,0.039513,-0.153265,0.070005,-0.182918,0.000558,0.001223
0,-0.277662,-0.19216,-0.226254,-0.146725,-0.196903,-0.112098,0.001845,0.003337
0,-0.04394,0.03901,0.228197,0.203341,0.270733,0.213363,0.000767,0.000681
0,-0.155413,-0.159298,-0.107166,-0.184277,-0.096657,-0.197894,0.002712,0.00278
0,0.022944,-0.104645,0.201101,0.066647,0.192588,0.035597,0.0004,0.001826
0,-0.125458,-0.138443,-0.128215,-0.008545,-0.155359,-0.018301,0.00219,0.002416
0,-0.115296,-0.062468,0.025083,0.069701,0.029293,0.02789,0.002012,0.00109
0,-0.12032,-0.054728,0.005481,0.015182,0.014762,-0.010219,0.0021,0.000955
0,-0.20075,-0.128826,-0.062435,-0.048495,-0.055219,-0.002907,0.003187,0.002248
0,-0.240405,0.037713,-0.059833,0.150201,-0.012838,0.118989,0.002495,0.000658
0,-0.252287,0.003291,-0.0388,-0.013045,0.007915,-0.029228,0.002288,5.7e-05
0,-0.081012,-0.108123,0.193353,-0.125145,0.224394,-0.139795,0.001414,0.001887
0,-0.011924,0.058247,0.067779,0.14889,0.090983,0.146541,0.000208,0.001017
0,-0.208907,0.059612,-0.225682,0.006092,-0.2136,0.033167,0.003045,0.00104
0,-0.127143,-0.107309,0.087351,-0.189496,0.076964,-0.217521,0.002219,0.001873
0,0.055987,0.015552,0.168485,0.130223,0.15382,0.110634,0.000977,0.000271
0,-0.000623,0.152333,-0.048963,0.126618,-0.081408,0.15542,1.1e-05,0.002659
0,-0.052245,0.060682,-0.058777,-0.079609,-0.08154,-0.098114,0.000912,0.001059
0,-0.029736,0.131621,0.019492,0.047789,0.008331,0.089512,0.000519,0.002297
0,-0.032194,0.048988,-0.001076,-0.075865,-0.050819,-0.109235,0.000562,0.000855
0,-0.094815,0.054939,-0.05637,0.010132,-0.102229,0.030651,0.001655,0.000959
0,-0.081733,0.018152,0.023056,-0.065096,0.028945,-0.046598,0.001427,0.000317
0,-0.124388,-0.091324,-0.033463,-0.098422,-0.006002,-0.110166,0.002171,0.001594
0,-0.0599,0.026903,0.057256,0.129251,0.07958,0.133753,0.001045,0.00047
0,0.137171,-0.022692,0.174535,-0.033823,0.130001,-0.05573,0.002394,0.000396
0,-0.073155,0.036729,-0.2217,0.049922,-0.218008,0.030506,0.001277,0.000641
0,0.026151,0.014801,0.122256,0.001859,0.082796,0.011335,0.000456,0.000258
0,-0.157715,0.027265,-0.168046,0.027923,-0.14004,0.07633,0.002753,0.000476
0,0.109326,0.010342,0.284838,-0.004348,0.284908,-0.009526,0.001908,0.000181
0,-0.01958,-0.106145,-0.138368,-0.095531,-0.157092,-0.114373,0.000342,0.001853
0,-0.044754,0.135331,0.000417,0.23462,0.006128,0.263817,0.000781,0.002362
0,0.104732,0.161921,0.121918,0.023365,0.083815,0.041859,0.001828,0.002826
0,0.043975,-0.055398,-0.039169,-0.192543,-0.021322,-0.198847,0.000768,0.000967
0,0.063382,0.068772,0.03945,0.143396,0.067844,0.176795,0.001106,0.0012
0,0.01591,-0.090582,-0.054578,-0.153456,-0.079217,-0.151298,0.000278,0.001581
0,0.112218,0.126484,0.080188,0.244373,0.118097,0.260261,0.001959,0.002208
0,-0.182113,-0.003339,-0.293583,-0.102602,-0.323337,-0.111177,0.003178,5.8e-05
0,-0.09728,-0.060464,0.058662,-0.081173,0.012023,-0.083147,0.001698,0.001055
0,0.091489,0.053206,0.203747,0.130683,0.252998,0.12079,0.001597,0.000929
0,-0.115381,0.030279,-0.220491,0.004337,-0.26977,-0.034183,0.002014,0.000528
0,0.128341,-0.182277,0.242885,-0.200409,0.268014,-0.187429,0.00224,0.003181
0,-0.187518,-0.018155,-0.304946,0.192708,-0.327214,0.166343,0.003273,0.000317
0,0.072153,-0.009437,0.280097,-0.020933,0.235311,-0.009242,0.001259,0.000165
0,0.037953,-0.178475,-0.036569,-0.193805,-0.062135,-0.234702,0.000662,0.003115
0,0.052868,-0.198296,-0.012889,0.007174,-0.014476,0.0064,0.000923,0.00323
0,-0.131428,-0.144661,-0.186559,0.078095,-0.17474,0.063473,0.002294,0.002525
0,0.008938,-0.059196,0.12739,0.063297,0.162719,0.044428,0.000156,0.001033
0,-0.158481,0.046411,-0.176652,0.135191,-0.133515,0.096641,0.002766,0.00081
0,-0.071359,-0.138006,0.093828,-0.210116,0.054061,-0.217785,0.001245,0.002409
0,-0.081873,-0.189077,-0.010188,-0.044092,-0.002782,-0.044479,0.001429,0.0033
0,-0.033933,-0.083438,0.033264,0.095141,0.036425,0.065156,0.000592,0.001456
0,0.022528,0.014956,0.053916,0.085583,0.046064,0.122481,0.000393,0.000261
0,0.086742,-0.059246,0.074042,-0.04678,0.080479,-0.004556,0.001514,0.001034
0,0.034003,-0.066181,-0.050482,-0.031172,-0.073217,0.007394,0.000593,0.001155
0,-0.116904,-0.199006,-0.169133,-0.122528,-0.179723,-0.097892,0.00204,0.003218
0,0.051693,-0.105105,0.154958,0.108226,0.153663,0.154378,0.000902,0.001834
0,0.005339,-0.038367,-0.026268,0.062361,-0.001532,0.090386,9.3e-05,0.00067
0,0.067213,-0.034217,0.064426,-0.012436,0.066057,-0.002835,0.001173,0.000597
0,0.167765,-0.176607,0.075523,-0.156978,0.083511,-0.139481,0.002928,0.003082
0,-0.063063,0.054989,-0.208048,0.242499,-0.208602,0.201757,0.001101,0.00096
0,0.095973,-0.088217,0.161596,-0.144223,0.125717,-0.130073,0.001675,0.00154
0,-0.081585,-0.165241,-0.148357,-0.099643,-0.138132,-0.067196,0.001424,0.002884
0,-0.0254,-0.104397,0.028422,0.055951,0.06727,0.079876,0.000443,0.001822
0,-0.056069,0.045625,-0.016018,0.122209,-0.043893,0.078179,0.000979,0.000796
0,-0.031271,-0.014031,0.011449,-0.034834,0.01556,-0.023837,0.000546,0.000245
0,-0.097339,0.021639,-0.090186,0.013647,-0.133616,-0.011724,0.001699,0.000378
0,-0.133646,-0.023196,-0.015891,-0.065914,0.016522,-0.050453,0.002333,0.000405
0,0.022413,-0.125949,0.134886,-0.093675,0.179273,-0.135269,0.000391,0.002198
0,-0.018888,0.112589,-0.030446,0.260073,-0.038315,0.30632,0.00033,0.001965
0,0.086053,-0.180126,0.100638,-0.304969,0.1038,-0.273765,0.001502,0.003144
0,-0.090544,-0.106762,-0.19974,0.043631,-0.240977,0.009123,0.00158,0.001863
0,0.133472,-0.158983,0.245712,-0.030689,0.205174,-0.051198,0.00233,0.002775
0,0.103425,-0.146682,-0.003308,0.032579,-0.018061,0.049479,0.001805,0.00256
0,0.116667,-0.122382,0.038405,0.018452,0.050428,-0.005178,0.002036,0.002136
0,-0.022287,-0.038134,-0.117712,0.059079,-0.153931,0.042032,0.000389,0.000666
0,0.081942,0.081881,0.114805,0.117865,0.088456,0.108185,0.00143,0.001429
0,-0.137407,-0.068076,-0.231351,-0.129149,-0.261332,-0.159583,0.002398,0.001188
0,0.031532,-0.056068,0.195175,0.013918,0.160619,-0.013584,0.00055,0.000979
0,-0.016051,0.139541,-0.051566,0.198838,-0.068863,0.174447,0.00028,0.002435
0,0.168571,-0.136319,0.182905,-0.24944,0.212857,-0.225632,0.002942,0.002379
0,-0.126999,-0.095778,-0.265753,0.026878,-0.235071,0.059262,0.002217,0.001672
0,0.091632,-0.088588,0.244627,0.026982,0.248145,0.024123,0.001599,0.001546
0,0.161606,0.070942,0.054522,0.172669,0.045941,0.188485,0.002821,0.001238
0,0.027992,0.004739,-0.111063,-0.092209,-0.101261,-0.052452,0.000489,8.3e-05
0,-0.126557,-0.123247,-0.173585,-0.106273,-0.21248,-0.056772,0.002209,0.002151
0,-0.093357,-0.116248,0.031531,0.006098,0.040878,-0.019318,0.001629,0.002029
0,-0.092962,-0.104456,-0.017982,0.032564,-0.033359,0.040759,0.001622,0.001823
0,0.06378,0.067769,0.136078,0.168806,0.092138,0.19687,0.001113,0.001183
0,0.016484,0.001939,-0.045408,-0.041512,-0.046455,-0.013867,0.000288,3.4e-05
0,-0.151263,-0.187462,-0.152517,-0.178659,-0.129908,-0.226237,0.00264,0.003272
0,-0.133418,-0.002293,0.011872,0.203051,0.023018,0.201844,0.002329,4e-05
0,-0.167486,-0.170688,-0.062148,-0.148018,-0.078019,-0.154948,0.002923,0.002979
0,-0.005661,0.111397,0.191189,0.288261,0.226765,0.290953,9.9e-05,0.001944
0,-0.184908,0.070372,-0.156384,-0.063108,-0.180969,-0.096505,0.003227,0.001228
0,-0.180323,0.050223,-0.018561,-0.031109,-0.056195,-0.040381,0.003147,0.000877
0,0.033245,-0.178166,0.20328,-0.207669,0.214487,-0.250186,0.00058,0.00311
0,0.023811,-0.038425,0.01867,0.166408,0.067287,0.167506,0.000416,0.000671
0,-0.043386,0.008559,-0.08426,0.017591,-0.104483,0.006038,0.000757,0.000149
0,-0.030718,-0.058565,0.017027,-0.081058,0.01054,-0.056752,0.000536,0.001022
0,0.060532,-0.016242,0.101888,0.013885,0.146895,0.029496,0.001056,0.000283
0,-0.152289,-0.042815,-0.213939,-0.052029,-0.216772,-0.0859,0.002658,0.000747
0,-0.095875,0.145326,0.047654,0.160337,0.018556,0.173991,0.001673,0.002536
0,0.015771,0.035488,0.096532,-0.110361,0.074637,-0.141934,0.000275,0.000619
0,-0.077447,0.06599,-0.069517,0.049082,-0.0403,0.074141,0.001352,0.001152
0,-0.110943,0.017245,-0.04176,-0.050379,-0.038582,-0.007167,0.001936,0.000301
0,-0.122306,-0.051533,-0.028904,-0.052035,-0.022397,-0.093628,0.002135,0.000899
0,0.022708,-0.072706,0.138374,0.003526,0.163795,-0.011898,0.000396,0.001269
0,0.106562,0.096489,0.080716,0.183439,0.096951,0.167912,0.00186,0.001684
0,-0.143382,0.063115,-0.237716,-0.051613,-0.233924,-0.069828,0.002502,0.001102
0,-0.125239,0.090734,0.034094,0.00993,0.011637,0.048676,0.002186,0.001584
0,0.015043,-0.119125,0.168601,-0.222679,0.149547,-0.198729,0.000263,0.002079
0,-0.205572,0.014325,-0.210345,0.112506,-0.177829,0.082737,0.003103,0.00025
0,0.087058,-0.128988,0.262919,-0.158116,0.28871,-0.127657,0.001519,0.002251
0,-0.195256,-0.032515,-0.273938,0.114365,-0.247625,0.114424,0.003283,0.000567
0,-0.103925,-0.029274,0.079723,0.005559,0.091063,0.043915,0.001814,0.000511
0,-0.059303,0.097874,0.030365,0.106401,0.040306,0.084198,0.001035,0.001708
0,-0.158987,0.051863,-0.102522,-0.057482,-0.130067,-0.022655,0.002775,0.000905
0,0.026756,0.070833,0.196386,0.026221,0.199096,0.015281,0.000467,0.001236
0,-0.169738,0.115069,-0.170784,0.059738,-0.206687,0.046208,0.002962,0.002008
0,0.067095,-0.057009,0.262626,-0.175873,0.254598,-0.221295,0.001171,0.000995
0,-0.034517,-0.048485,-0.091128,-0.009136,-0.055133,0.003509,0.000602,0.000846
0,0.116286,0.089848,0.12239,0.147191,0.084808,0.191335,0.00203,0.001568
0,-0.001206,-0.053483,-0.119002,-0.126342,-0.088548,-0.111632,2.1e-05,0.000933
0,0.006411,0.063523,0.035771,0.107691,0.048357,0.155986,0.000112,0.001109
0,-0.024692,0.018103,-0.038008,-0.073753,-0.059108,-0.078472,0.000431,0.000316
0,-0.03031,-0.113873,0.003209,-0.14771,-0.038526,-0.183108,0.000529,0.001987
0,-0.211383,-0.072589,-0.193106,0.06261,-0.185114,0.080814,0.003001,0.001267
0,-0.181034,-0.039008,0.013642,0.01275,0.03547,0.061449,0.00316,0.000681
0,-0.091864,-0.05769,0.100747,-0.00784,0.053365,0.005173,0.001603,0.001007
0,-0.26461,0.10138,-0.172747,0.168313,-0.193196,0.163938,0.002073,0.001769
0,-0.023538,-0.12802,0.259974,-0.240341,0.234884,-0.208346,0.000411,0.002234
0,-0.086769,-0.122834,-0.053231,0.030792,-0.049701,0.060412,0.001514,0.002144
0,-0.008382,0.083288,0.066725,0.196487,0.116359,0.226453,0.000146,0.001454
0,0.037604,-0.065988,0.045116,-0.131307,0.059155,-0.154659,0.000656,0.001152
0,-0.122286,-0.154276,-0.165255,-0.089256,-0.136946,-0.075629,0.002134,0.002693
0,-0.031231,-0.112615,0.062342,0.019815,0.090841,0.053724,0.000545,0.001966
0,-0.120689,-0.074162,-0.091294,0.038166,-0.075883,-0.010053,0.002106,0.001294
0,-0.173064,0.09567,-0.068945,0.144791,-0.05377,0.159879,0.003021,0.00167
0,-0.159446,0.044974,-0.002734,-0.052374,-0.015891,-0.090491,0.002783,0.000785
0,-0.120358,0.130343,0.067526,0.114538,0.097504,0.117923,0.002101,0.002275
0,-0.054773,-0.010125,0.086978,-0.126821,0.074915,-0.132036,0.000956,0.000177
0,-0.219878,0.084505,-0.190756,0.080662,-0.1772,0.081109,0.002853,0.001475
0,-0.06385,0.003674,0.168328,-0.06815,0.153681,-0.052262,0.001114,6.4e-05
0,-0.19124,-0.044254,-0.144543,-0.044654,-0.148629,-0.059133,0.003338,0.000772
0,0.033656,-0.043208,0.228874,-0.024825,0.231437,-0.07336,0.000587,0.000754
0,-0.209498,0.125664,-0.259954,0.169283,-0.276024,0.147675,0.003034,0.002193
0,-0.19305,0.083207,0.032048,-0.04343,0.073665,-0.038773,0.003321,0.001452
0,0.073707,0.127882,0.29603,0.02638,0.334092,0.060908,0.001286,0.002232
0,0.001863,0.073747,-0.073969,-0.025286,-0.038884,-0.025107,3.3e-05,0.001287
0,-0.186876,0.014134,-0.169297,-0.064772,-0.143941,-0.09717,0.003262,0.000247
0,-0.023784,-0.106371,0.156899,-0.12243,0.136994,-0.076972,0.000415,0.001857
0,0.091793,0.08504,0.122735,0.209186,0.079688,0.170945,0.001602,0.001484
0,0.088372,-0.133821,-0.013647,-0.24035,-0.021843,-0.253271,0.001542,0.002336
0,0.111306,0.088333,-0.001137,0.201807,0.038966,0.231173,0.001943,0.001542
0,-0.057456,-0.170828,-0.198021,-0.263445,-0.159536,-0.274777,0.001003,0.002982
0,0.070503,-0.111324,0.122474,0.063273,0.132236,0.066291,0.001231,0.001943
0,0.063276,0.042036,-0.010977,0.183056,0.009573,0.1525,0.001104,0.000734
0,-0.055045,-0.012094,-0.122157,-0.054193,-0.166479,-0.03966,0.000961,0.000211
0,0.100949,-0.094386,0.150189,-0.054468,0.130956,-0.089607,0.001762,0.001647
0,-0.02724,-0.0689,-0.135574,0.030992,-0.165318,0.051796,0.000475,0.001203
0,0.104813,-0.158166,0.13812,-0.105338,0.140489,-0.062118,0.001829,0.002761
0,-0.144171,-0.19803,-0.237726,-0.034492,-0.274759,-0.018641,0.002516,0.003235
0,-0.057404,-0.081954,0.105739,0.096667,0.105938,0.098445,0.001002,0.00143
0,0.000347,-0.08685,0.041078,0.00654,0.083498,0.028511,6e-06,0.001516
0,-0.077634,0.010969,-0.049352,0.079244,-0.027972,0.072877,0.001355,0.000191
0,0.017264,-0.12155,0.099893,-0.160722,0.0728,-0.157267,0.000301,0.002121
0,-0.02679,-0.027898,-0.064357,0.122193,-0.040344,0.139124,0.000468,0.000487
0,-0.044222,-0.168968,-0.035959,-0.148997,0.01363,-0.194967,0.000772,0.002949
0,-0.052878,-0.151928,-0.03707,0.033772,-0.002829,0.006513,0.000923,0.002652
0,-0.137916,-0.052088,-0.071202,0.081848,-0.113433,0.057429,0.002407,0.000909
0,-0.13345,-0.090805,0.01198,-0.054441,0.021715,-0.096996,0.002329,0.001585
0,-0.07336,-0.054373,0.072487,0.036887,0.093834,0.057505,0.00128,0.000949
0,-0.005602,0.094135,0.0745,0.146378,0.054647,0.138794,9.8e-05,0.001643
0,0.040461,0.081491,0.055104,-0.010879,0.026347,0.028868,0.000706,0.001422
0,-0.108782,-0.072027,-0.129607,-0.125347,-0.174734,-0.122745,0.001899,0.001257
0,-0.100789,0.046955,-0.010753,0.093624,-0.053426,0.071266,0.001759,0.00082
0,-0.048599,0.023383,0.031791,-0.033792,-0.015638,-0.072504,0.000848,0.000408
0,0.052308,-0.169772,0.088964,-0.215564,0.05935,-0.198848,0.000913,0.002963
0,0.067015,0.033096,0.029173,0.210397,0.009003,0.19121,0.00117,0.000578
0,-0.026576,0.003019,-0.102031,-0.036125,-0.094025,-0.060647,0.000464,5.3e-05
0,0.002321,0.031496,0.043914,0.039513,0.045982,0.08697,4.1e-05,0.00055
0,0.015117,0.020992,0.000872,-0.037717,-0.017469,-0.079236,0.000264,0.000366
0,0.055771,0.031785,0.047999,0.017782,0.061846,-0.012035,0.000973,0.000555
0,0.014259,-0.047821,-0.012959,-0.056544,0.018307,-0.022762,0.000249,0.000835
0,-0.055199,0.085358,-0.054225,0.103204,-0.04975,0.139582,0.000963,0.00149
0,0.087828,-0.182354,0.123776,-0.238658,0.144766,-0.218286,0.001533,0.003183
0,-0.037526,0.030293,-0.120436,0.237872,-0.113584,0.19399,0.000655,0.000529
0,-0.080509,0.081912,-0.038495,0.051744,-0.069743,0.097208,0.001405,0.00143
0,-0.0033,0.103052,0.068527,0.025687,0.025901,0.0392,5.8e-05,0.001799
0,0.012868,0.143872,-0.007847,0.018294,-0.009329,0.020051,0.000225,0.002511
0,0.009342,0.140717,-0.016219,0.013849,-0.045774,0.056646,0.000163,0.002456
0,0.141712,-0.037928,0.131705,-0.171422,0.12727,-0.140504,0.002473,0.000662
0,-0.047402,-0.02049,-0.16436,0.000866,-0.169739,0.039003,0.000827,0.000358
0,-0.081012,0.027666,-0.025872,0.047099,-0.036984,0.015638,0.001414,0.000483
0,0.059461,0.11673,0.165733,0.117564,0.118185,0.089985,0.001038,0.002037
0,0.141831,0.064546,0.060143,-0.075453,0.044762,-0.056824,0.002475,0.001127
0,0.032614,0.055979,-0.105399,-0.027909,-0.094252,-0.057383,0.000569,0.000977
0,0.039676,-0.071532,0.03515,-0.110421,0.05018,-0.111786,0.000692,0.001248
0,0.02377,-0.154357,-0.026673,-0.079732,-0.038174,-0.065227,0.000415,0.002694
0,0.125094,-0.041686,0.084538,0.127336,0.122457,0.161472,0.002183,0.000728
0,0.278836,0.119953,0.164786,0.133039,0.167085,0.120031,0.001824,0.002094
0,0.128714,0.12087,-0.125732,-0.001531,-0.079186,-0.051349,0.002246,0.00211
0,0.059093,0.075204,-0.069271,-0.058037,-0.073299,-0.047588,0.001031,0.001313
0,0.080064,-0.048745,0.047272,-0.109473,0.083869,-0.135438,0.001397,0.000851
0,0.311871,0.125785,0.202623,0.163128,0.232483,0.200381,0.001248,0.002195
0,0.146532,0.148687,-0.179816,0.029331,-0.131047,0.065148,0.002557,0.002595
0,0.156072,-0.051976,0.00103,-0.214476,0.006116,-0.200648,0.002724,0.000907
0,0.189804,0.1021,0.007338,0.150751,0.005652,0.177528,0.003313,0.001782
0,-0.055091,-0.144076,-0.257495,-0.245881,-0.257388,-0.273103,0.000962,0.002515
0,0.148418,0.092542,0.202356,0.210055,0.188488,0.195114,0.00259,0.001615
0,0.142124,-0.060893,-0.012933,-0.149198,-0.052385,-0.165225,0.002481,0.001063
0,0.100434,0.143639,-0.049849,0.175775,-0.063604,0.201589,0.001753,0.002507
0,0.092805,-0.093809,-0.026404,-0.248318,-0.072589,-0.214451,0.00162,0.001637
0,0.100872,-0.085621,0.003567,0.032538,0.010871,0.039444,0.001761,0.001494
0,0.149094,-0.119109,0.02392,-0.034775,0.011786,-0.025795,0.002602,0.002079
0,0.252675,-0.000865,0.116852,0.135445,0.07547,0.132203,0.002281,1.5e-05
0,0.060319,-0.092713,-0.216386,-0.083148,-0.224547,-0.054691,0.001053,0.001618
0,0.231212,0.032599,0.200142,0.12471,0.154677,0.140022,0.002655,0.000569
0,0.166989,-0.117099,-0.079685,-0.163931,-0.069754,-0.129317,0.002915,0.002044
0,0.264737,-0.004339,0.085732,0.132725,0.065823,0.151778,0.00207,7.6e-05
0,0.106212,-0.19691,-0.179154,-0.181237,-0.195982,-0.131594,0.001854,0.003254
0,0.042765,0.035434,-0.093166,0.260884,-0.114062,0.290524,0.000746,0.000618
0,0.077324,-0.127261,0.016674,-0.137685,0.025775,-0.124049,0.00135,0.002221
0,0.100882,-0.098555,0.005447,0.033094,0.023539,0.054389,0.001761,0.00172
0,0.11348,-0.034189,-0.015565,0.06609,0.030128,0.061599,0.001981,0.000597
0,0.19786,-0.137518,0.07897,-0.131314,0.07994,-0.117523,0.003238,0.0024
0,0.103428,0.093587,-0.100182,0.202722,-0.059928,0.243513,0.001805,0.001633
0,0.136982,0.09536,0.020091,0.027651,0.048546,0.049253,0.002391,0.001664
0,0.10036,0.067322,-0.064346,-0.037245,-0.085386,0.000819,0.001752,0.001175
0,-0.01703,0.156859,-0.092528,0.112939,-0.126914,0.154824,0.000297,0.002738
0,0.027571,0.001605,0.021753,-0.167166,0.021959,-0.167012,0.000481,2.8e-05
0,0.015547,-0.121715,-0.01749,-0.093886,-0.056764,-0.09949,0.000271,0.002124
0,0.1066,-0.043733,0.09372,0.057591,0.116566,0.06871,0.001861,0.000763
0,0.140819,-0.087651,0.05765,-0.067666,0.013218,-0.114124,0.002458,0.00153
0,0.057008,-0.068866,-0.098474,0.044508,-0.052719,0.08375,0.000995,0.001202
0,0.078486,-0.035221,-0.007593,0.042436,0.0071,0.070426,0.00137,0.000615
0,0.037333,-0.072201,-0.065449,-0.049444,-0.079757,-0.057362,0.000652,0.00126
0,0.004613,0.086475,-0.05806,0.129698,-0.037091,0.125049,8.1e-05,0.001509
0,-0.118317,-0.112885,-0.144358,-0.219182,-0.094994,-0.265845,0.002065,0.00197
0,-0.010441,0.079326,0.116334,0.207344,0.105327,0.236887,0.000182,0.001385
0,-0.043572,-0.168026,-0.029646,-0.24155,-0.075426,-0.262587,0.00076,0.002933
0,-0.186884,-0.16093,-0.146554,0.01454,-0.179037,-0.006982,0.003262,0.002809
0,-0.102642,0.028632,0.110826,0.208042,0.108794,0.205849,0.001791,0.0005
0,0.111353,-0.123952,0.213732,-0.144955,0.244888,-0.108413,0.001943,0.002163
0,-0.140861,0.055309,-0.26,0.203017,-0.295404,0.238088,0.002458,0.000965
0,0.154276,0.123752,0.322072,0.057409,0.291212,0.095753,0.002693,0.00216
0,0.120225,0.082026,-0.013736,-0.033048,-0.038775,0.01254,0.002098,0.001432
0,0.015218,0.105023,-0.093293,0.038201,-0.119327,0.053229,0.000266,0.001833
0,-0.025702,0.063544,-0.026105,-0.058643,-0.064747,-0.036228,0.000449,0.001109
0,0.074815,-0.063586,0.10798,-0.152835,0.064385,-0.194498,0.001306,0.00111
0,0.144349,-0.022837,0.057186,0.039624,0.067107,0.042831,0.002519,0.000399
0,0.021912,-0.073624,-0.093266,-0.02353,-0.054207,-0.056539,0.000382,0.001285
0,0.082729,0.033029,0.041974,0.091769,0.029022,0.053335,0.001444,0.000576
0,0.068777,0.031089,-0.028431,-0.018678,-0.062028,-0.022159,0.0012,0.000543
0,0.050144,0.034996,-0.01785,-0.019275,-0.036235,0.027654,0.000875,0.000611
0,-0.046148,0.043071,-0.101934,-0.016118,-0.053727,-0.066088,0.000805,0.000752
0,0.153682,-0.129952,0.226848,-0.189839,0.21117,-0.165848,0.002682,0.002268
0,0.208742,-0.139725,0.038164,0.018169,0.083981,0.060652,0.003048,0.002439
0,0.01578,0.086808,-0.168594,0.255635,-0.162098,0.281289,0.000275,0.001515
0,0.20104,0.170176,0.164177,0.100455,0.162195,0.091482,0.003182,0.00297
0,0.008937,-0.028206,-0.193703,-0.181127,-0.14989,-0.163075,0.000156,0.000492
0,0.007962,-0.063247,0.006497,-0.048132,0.055473,-0.034321,0.000139,0.001104
0,0.007413,-0.136817,0.026571,-0.062872,-0.018506,-0.084423,0.000129,0.002388
0,0.078119,-0.060498,0.081475,0.064965,0.126576,0.05561,0.001363,0.001056
0,0.129977,-0.017234,0.062565,0.045073,0.086364,0.061395,0.002269,0.000301
0,0.041863,-0.005036,-0.108636,0.012312,-0.112795,0.027359,0.000731,8.8e-05
0,0.053848,0.039297,0.023481,0.066391,-0.001478,0.054068,0.00094,0.000686
0,0.020025,0.108738,-0.036319,0.050524,0.006873,0.023021,0.00035,0.001898
0,0.166746,0.013764,0.128079,-0.11981,0.107418,-0.11581,0.00291,0.00024
0,0.184568,-0.118514,0.029324,-0.138508,0.067326,-0.176587,0.003221,0.002068
0,-0.018035,0.141485,-0.174238,0.244016,-0.198093,0.278493,0.000315,0.002469
0,0.135528,0.042545,0.161197,-0.08068,0.175866,-0.125159,0.002365,0.000743
0,0.120595,-0.006318,-0.016115,-0.054125,-0.054568,-0.040452,0.002105,0.00011
0,0.187285,0.04622,0.075863,0.065414,0.084023,0.042203,0.003269,0.000807
0,0.137626,0.112541,-0.054066,0.036576,-0.029112,0.01294,0.002402,0.001964
0,0.154193,-0.043786,-0.011666,-0.169765,-0.012778,-0.130215,0.002691,0.000764
0,-0.046143,0.14232,-0.217168,0.167805,-0.24061,0.169869,0.000805,0.002484
0,0.146994,-0.043225,0.171888,-0.178227,0.156869,-0.21638,0.002566,0.000754
0,0.063395,0.104245,-0.084526,0.124177,-0.081012,0.123885,0.001106,0.001819
0,0.133835,0.068214,0.068893,-0.049028,0.061544,-0.087621,0.002336,0.001191
0,0.077085,-0.09461,-0.035935,-0.162172,-0.001285,-0.159448,0.001345,0.001651
0,0.211661,-0.037573,0.12786,0.054321,0.150226,0.015669,0.002997,0.000656
0,0.118823,0.130518,-0.100633,0.139232,-0.12325,0.174635,0.002074,0.002278
0,0.314947,0.16684,0.216206,0.049748,0.201631,0.031848,0.001194,0.002912
0,0.284805,-0.088341,-0.018677,-0.232767,-0.066654,-0.224147,0.00172,0.001542
0,0.090527,-0.023225,-0.184975,0.073942,-0.210771,0.107697,0.00158,0.000405
0,0.300055,0.090341,0.186209,0.142275,0.199707,0.168346,0.001454,0.001577
0,0.099212,-0.093864,-0.229114,-0.197788,-0.248403,-0.157831,0.001732,0.001638
0,0.301007,-0.027895,0.212233,0.069021,0.240131,0.037721,0.001437,0.000487
0,0.222812,0.031562,-0.064461,0.044458,-0.047072,0.029259,0.002802,0.000551
0,0.129941,-0.114609,-0.105943,-0.15963,-0.111143,-0.141285,0.002268,0.002
0,0.199702,0.13913,0.088025,0.281728,0.075616,0.262718,0.003205,0.002428
0,0.04299,0.120413,-0.145792,-0.023446,-0.185719,0.014863,0.00075,0.002102
0,0.082317,0.03468,0.017114,-0.105632,0.015323,-0.136757,0.001437,0.000605
0,0.125959,0.084657,0.020577,0.024312,0.037101,0.012881,0.002198,0.001478
0,0.235827,0.106582,0.082413,0.01655,0.120479,0.017196,0.002575,0.00186
0,0.208854,-0.144199,-0.0152,-0.249461,-0.013265,-0.269994,0.003046,0.002517
0,0.141537,-0.097342,-0.064387,0.062742,-0.106969,0.073421,0.00247,0.001699
0,0.095769,-0.071124,-0.045291,0.051533,-0.04536,0.01792,0.001671,0.001241
0,-0.026562,0.080171,-0.110757,0.137361,-0.131236,0.12604,0.000464,0.001399
0,0.178329,0.021448,0.226205,-0.048987,0.272329,-0.092756,0.003112,0.000374
0,0.174845,0.032753,0.023023,0.010225,0.002525,-0.011267,0.003052,0.000572
0,0.145547,-0.055585,-0.023907,-0.079652,-0.021538,-0.087263,0.00254,0.00097
0,0.219421,-0.022805,0.070882,0.043103,0.05626,0.02047,0.002861,0.000398
0,0.107126,-0.117223,-0.111355,-0.123747,-0.151181,-0.089385,0.00187,0.002046
0,-0.015324,0.114047,-0.096326,0.24104,-0.11535,0.268703,0.000267,0.00199
0,-0.052996,-0.068975,-0.024809,-0.204679,0.014289,-0.183289,0.000925,0.001204
0,0.095299,-0.049307,0.176199,-0.00594,0.133712,-0.016204,0.001663,0.000861
0,0.001892,0.097905,-0.082708,0.15354,-0.036149,0.109849,3.3e-05,0.001709
0,0.120217,-0.118162,0.098136,-0.238266,0.056243,-0.240103,0.002098,0.002062
0,0.123704,-0.023399,0.022865,0.074555,-0.015886,0.071127,0.002159,0.000408
0,0.084322,-0.137982,-0.022766,-0.089765,-0.065544,-0.123418,0.001472,0.002408
0,0.11767,-0.071745,0.052141,0.042392,0.011066,0.088155,0.002054,0.001252
0,0.108369,-0.14976,0.009786,-0.063067,-0.008737,-0.111526,0.001891,0.002614
0,0.165272,-0.042422,0.029004,0.112081,0.032057,0.087195,0.002885,0.00074
0,0.338963,0.021265,0.151582,0.072746,0.176671,0.059365,0.000775,0.000371
0,0.023522,0.03592,-0.32315,0.022677,-0.367946,0.046664,0.000411,0.000627
0,0.011759,-0.058054,-0.023899,-0.094677,-0.030566,-0.109782,0.000205,0.001013
0,-0.020765,0.065972,-0.045096,0.123967,-0.005656,0.167327,0.000362,0.001151
0,-0.119659,-0.156854,-0.069747,-0.227347,-0.077166,-0.226169,0.002088,0.002738
0,-0.061864,-0.200002,0.042877,-0.017035,0.001107,-0.055211,0.00108,0.0032
0,0.000147,0.023642,0.068138,0.232776,0.117507,0.23645,3e-06,0.000413
0,0.165922,-0.103769,0.167588,-0.134596,0.210858,-0.171198,0.002896,0.001811
0,-0.034497,0.061607,-0.226047,0.146923,-0.272745,0.097051,0.000602,0.001075
0,0.100963,-0.09079,0.159955,-0.138285,0.1856,-0.162185,0.001762,0.001585
0,0.053244,-0.008001,-0.068382,0.106015,-0.076354,0.102227,0.000929,0.00014
0,0.049054,0.01047,0.004773,0.016789,0.04707,0.062294,0.000856,0.000183
0,-0.112127,0.021012,-0.151854,-0.013736,-0.148308,-0.058502,0.001957,0.000367
0,-0.0496,0.019599,0.040421,-0.012895,0.086664,-0.011664,0.000866,0.000342
0,-0.002237,0.061958,0.046725,0.051115,0.088983,0.008167,3.9e-05,0.001081
0,0.106572,-0.027363,0.113889,-0.081132,0.12381,-0.10378,0.00186,0.000478
0,-1.859261,1.030168,-1.97514,1.028857,-1.947154,1.038992,0.001004,0.002093
0,-3.064155,2.230817,-1.221399,1.223869,-1.258058,1.186666,4.7e-05,0.00121
0,-3.014569,2.327373,0.073939,0.084805,0.095263,0.060079,0.000912,0.000475
0,-2.953502,2.036813,0.037924,-0.277942,0.05183,-0.315605,0.001978,0.002095
0,-2.206668,1.416024,0.721592,-0.604171,0.735265,-0.567287,0.001631,0.002049
0,-1.980101,1.226876,0.255938,-0.208261,0.301683,-0.211651,0.001105,0.001341
0,-1.298947,0.907474,0.680078,-0.305096,0.696793,-0.298398,0.002598,0.002457
0,-0.763991,0.816718,0.554839,-0.095858,0.565417,-0.071632,4.7e-05,0.000873
0,-0.394668,0.481397,0.387806,-0.350485,0.392056,-0.346283,0.000197,0.001711
0,-0.120862,0.306704,0.281793,-0.173832,0.312265,-0.198199,0.002109,0.001338
0,0.049413,0.393979,0.175438,0.109744,0.137429,0.105392,0.000862,0.000185
0,-0.193346,0.259424,-0.258287,-0.16337,-0.220806,-0.153077,0.003316,0.002163
0,-0.071485,0.11541,0.131852,-0.170892,0.08684,-0.173951,0.001248,0.002014
0,-0.192764,0.209791,-0.120382,0.079719,-0.146891,0.120876,0.003326,0.003029
0,-0.149788,0.225332,0.069336,0.013612,0.071244,0.043119,0.002614,0.002758
0,-0.149376,0.173017,-0.006552,-0.056139,-0.043418,-0.061616,0.002607,0.00302
0,-0.15293,0.141068,0.010326,-0.054437,0.035141,-0.08521,0.002669,0.002462
0,-0.298593,0.082932,-0.144071,-0.033877,-0.100608,-0.031812,0.001479,0.001447
0,-0.050517,0.110752,0.276246,0.012753,0.25545,0.017296,0.000882,0.001933
0,0.012902,0.200617,0.092206,0.10388,0.04565,0.062382,0.000225,0.003189
0,-0.186518,0.023934,-0.205609,-0.14826,-0.158455,-0.123326,0.003255,0.000418
0,-0.104144,0.244318,0.10947,0.208232,0.059966,0.220049,0.001818,0.002427
0,-0.189699,0.151442,-0.077618,-0.068315,-0.064092,-0.061344,0.003311,0.002643
0,-0.082316,0.194772,0.091642,0.034434,0.116199,0.025075,0.001437,0.003291
0,-0.119247,0.112299,-0.036833,-0.076281,-0.056458,-0.070115,0.002081,0.00196
0,-0.078921,0.197733,0.062513,0.089494,0.027745,0.080653,0.001377,0.00324
0,-0.056477,-0.020527,0.046637,-0.21876,0.084002,-0.230593,0.000986,0.000358
0,-0.137635,0.09766,-0.107701,0.144994,-0.133843,0.110877,0.002402,0.001704
0,-0.033405,0.195238,0.085871,0.084188,0.125991,0.129711,0.000583,0.003283
0,0.046534,-0.057281,0.059603,-0.224935,0.09793,-0.271455,0.000812,0.001
0,-0.055839,0.107032,-0.100879,0.167694,-0.097386,0.163524,0.000975,0.001868
0,0.117285,0.130934,0.186898,0.030736,0.182174,0.04657,0.002047,0.002285
0,0.072464,-0.034959,-0.067651,-0.171796,-0.093258,-0.206287,0.001265,0.00061
0,0.081959,0.129504,0.012807,0.165369,0.041286,0.128128,0.00143,0.00226
0,-0.056403,-0.05094,-0.15996,-0.164532,-0.203595,-0.205126,0.000984,0.000889
0,-0.177904,0.185024,-0.10754,0.264428,-0.104163,0.250564,0.003105,0.003229
0,-0.166879,0.068164,0.005276,-0.124489,0.008411,-0.078527,0.002913,0.00119
0,-0.155978,0.129719,0.036728,0.039759,0.07967,0.086573,0.002722,0.002264
0,-0.032917,0.147624,0.102451,-0.011415,0.073915,0.029873,0.000575,0.002577
0,-0.070186,0.057469,-0.034216,-0.087891,-0.083575,-0.09969,0.001225,0.001003
0,0.092724,-0.09502,0.172507,-0.151959,0.20979,-0.116932,0.001618,0.001658
0,-0.110558,0.073374,-0.219412,0.157177,-0.258502,0.173637,0.00193,0.001281
0,-0.007555,0.093065,0.119533,0.036028,0.140368,0.025652,0.000132,0.001624
0,-0.129214,-0.076163,-0.098121,-0.144807,-0.133137,-0.121371,0.002255,0.001329
0,-0.043795,-0.160368,0.104639,-0.099828,0.092449,-0.061582,0.000764,0.002799
0,0.012455,0.030148,0.067987,0.191329,0.065889,0.149528,0.000217,0.000526
0,-0.051251,-0.1192,-0.047806,-0.158666,-0.064057,-0.161632,0.000894,0.00208
0,-0.094236,-0.02856,-0.052236,0.062047,-0.009049,0.016446,0.001645,0.000498
0,-0.03948,0.049708,0.03806,0.106899,0.076622,0.14395,0.000689,0.000868
0,-0.112235,-0.033072,-0.088187,-0.067819,-0.097162,-0.036565,0.001959,0.000577
0,-0.074093,0.028622,0.01447,0.059436,0.004464,0.032863,0.001293,0.0005
0,0.080703,-0.139739,0.183702,-0.147712,0.15926,-0.149766,0.001409,0.002439
0,-0.042308,-0.034893,-0.127316,0.125361,-0.096902,0.160107,0.000738,0.000609
0,0.063952,0.127642,0.115236,0.182355,0.163947,0.14887,0.001116,0.002228
0,0.002551,-0.078782,-0.032223,-0.204005,-0.001811,-0.218802,4.5e-05,0.001375
0,-0.120557,-0.155136,-0.100738,-0.053843,-0.091456,-0.047364,0.002104,0.002708
0,-0.122713,-0.085088,-0.007816,0.064958,0.033813,0.075114,0.002142,0.001485
0,0.132442,0.054472,0.271315,0.118355,0.301531,0.163469,0.002312,0.000951
0,0.086548,-0.114476,-0.035612,-0.141857,-0.062564,-0.165838,0.001511,0.001998
0,-0.149163,0.003056,-0.258538,0.146399,-0.288155,0.128418,0.002603,5.3e-05
0,-0.07852,0.116029,0.048216,0.127081,0.033021,0.097231,0.00137,0.002025
0,-0.071312,0.069174,0.01603,-0.018117,0.009974,-0.041685,0.001245,0.001207
0,-0.01057,-0.035955,0.085241,-0.087907,0.073831,-0.12189,0.000184,0.000628
0,-0.015953,0.117602,-0.012239,0.17535,-0.047563,0.152959,0.000278,0.002053
0,-0.112227,0.149418,-0.066485,0.041267,-0.023849,0.052885,0.001959,0.002608
0,0.031685,-0.029685,0.161008,-0.163873,0.163145,-0.127363,0.000553,0.000518
0,-0.180035,-0.147889,-0.237044,-0.141254,-0.206952,-0.111031,0.003142,0.002581
0,-0.146245,0.118014,0.041482,0.277601,0.012364,0.287181,0.002552,0.00206
0,-0.171221,0.081875,0.003164,-0.025207,0.050406,-0.049919,0.002988,0.001429
0,0.030887,-0.085139,0.183949,-0.152331,0.163791,-0.159143,0.000539,0.001486
0,-0.061885,0.042172,-0.069112,0.152391,-0.067015,0.177188,0.00108,0.000736
0,-0.21245,-0.01474,-0.131626,-0.084459,-0.084491,-0.109581,0.002983,0.000257
0,-0.01147,0.096272,0.182713,0.088918,0.187761,0.081072,0.0002,0.00168
0,-0.081732,-0.072284,-0.060164,-0.188833,-0.086853,-0.184093,0.001426,0.001262
0,-0.159956,-0.128244,-0.096177,-0.044215,-0.119211,-0.090557,0.002792,0.002238
0,-0.14047,-0.136984,0.025819,-0.019608,0.073763,-0.004992,0.002452,0.002391
0,0.00027,0.075855,0.141347,0.184785,0.173302,0.215237,5e-06,0.001324
0,-0.038009,-0.102835,-0.027492,-0.184629,-0.054688,-0.168408,0.000663,0.001795
0,-0.062895,0.05586,-0.010241,0.185326,-0.051503,0.19239,0.001098,0.000975
0,0.114186,0.144612,0.168835,0.090627,0.162325,0.124284,0.001993,0.002524
0,0.020812,0.126101,-0.096023,-0.02866,-0.079241,-0.072963,0.000363,0.002201
0,0.003337,-0.049644,-0.01949,-0.182393,-0.002495,-0.170432,5.8e-05,0.000866
0,-0.100977,0.179921,-0.092123,0.204987,-0.138663,0.209776,0.001762,0.00314
0,0.044373,0.17178,0.129119,0.017496,0.095535,0.059322,0.000774,0.002998
0,0.012904,-0.033125,-0.036176,-0.202712,-0.062143,-0.204924,0.000225,0.000578
0,0.050322,0.129572,0.016622,0.165115,0.028142,0.213398,0.000878,0.002261
0,-0.042918,0.102231,-0.088221,-0.039091,-0.107831,-0.057327,0.000749,0.001784
0,-0.163395,-0.112466,-0.091092,-0.193302,-0.098004,-0.201213,0.002852,0.001963
0,-0.219274,0.127412,-0.055036,0.23442,-0.077327,0.225157,0.002864,0.002224
0,0.035113,-0.07849,0.269602,-0.208669,0.318891,-0.169141,0.000613,0.00137
0,-0.128996,-0.156978,-0.172631,-0.064769,-0.184482,-0.034365,0.002251,0.00274
0,0.058198,-0.023913,0.20796,0.106913,0.219372,0.07999,0.001016,0.000417
0,-0.101998,-0.067255,-0.186616,-0.060547,-0.181671,-0.047902,0.00178,0.001174
0,3.360558,1.036392,3.476288,1.093849,3.480444,1.134062,0.001565,0.001984
0,4.647862,1.339326,1.297962,0.293946,1.270817,0.270566,0.000831,0.003303
0,4.512596,1.390388,-0.150576,0.058482,-0.114581,0.029375,0.00153,0.002496
0,4.514084,1.619837,-0.000848,0.254966,-0.008963,0.208513,0.001504,0.001508
0,3.923713,1.265294,-0.562085,-0.349559,-0.557325,-0.343265,0.001574,0.002011
0,3.18797,0.863289,-0.722666,-0.37488,-0.683727,-0.421089,0.002114,0.001686
0,2.528272,0.592013,-0.637595,-0.268791,-0.605771,-0.317491,0.002709,0.003049
0,1.807527,0.455557,-0.744601,-0.142344,-0.736468,-0.104514,0.001907,0.00126
0,1.246883,0.140178,-0.547062,-0.323616,-0.571347,-0.333387,0.00169,0.002447
0,0.444795,0.140281,-0.822491,-0.015588,-0.784647,-0.065139,0.001072,0.002448
0,0.118022,0.085471,-0.33818,-0.082574,-0.376247,-0.032864,0.00206,0.001492
0,-0.100688,-0.064166,-0.224943,-0.156177,-0.224814,-0.205184,0.001757,0.00112
0,-0.183445,-0.171362,-0.103089,-0.111662,-0.104572,-0.070334,0.003202,0.002991
0,-0.284264,0.003081,-0.096429,0.151912,-0.050435,0.155382,0.001729,5.4e-05
0,-0.352513,-0.156114,-0.039858,-0.167171,-0.07172,-0.171172,0.000538,0.002725
0,-0.442379,-0.212905,-0.069609,-0.085473,-0.049661,-0.10869,0.00103,0.002975
0,-0.253174,-0.108688,0.19989,0.104694,0.247548,0.060591,0.002272,0.001897
0,-0.209315,0.039039,0.021097,0.169567,-0.021383,0.157976,0.003038,0.000681
0,-0.107104,-0.156179,0.098501,-0.165953,0.084987,-0.163072,0.001869,0.002726
0,-0.167949,0.024232,-0.051525,0.159988,-0.011617,0.143075,0.002931,0.000423
0,0.007203,-0.034879,0.182876,-0.030353,0.150683,-0.046137,0.000126,0.000609
0,-0.116122,0.017169,-0.132059,0.073919,-0.149165,0.097296,0.002027,0.0003
0,-0.1582,0.151354,-0.049387,0.137771,-0.094983,0.096618,0.002761,0.002642
0,-0.142071,-0.065316,-0.003062,-0.195451,0.016555,-0.192845,0.00248,0.00114
0,-0.05955,0.136607,0.100282,0.177336,0.147321,0.204358,0.001039,0.002384
0,0.075688,0.014082,0.126696,-0.129099,0.159756,-0.165055,0.001321,0.000246
0,0.047586,0.104616,-0.027863,0.108997,-0.071666,0.094815,0.000831,0.001826
0,-0.121772,-0.093814,-0.145191,-0.221631,-0.148862,-0.27095,0.002125,0.001637
0,0.01051,0.022585,0.120777,0.137413,0.133378,0.120567,0.000183,0.000394
0,0.158248,-0.1059,0.160567,-0.103158,0.159266,-0.076101,0.002762,0.001848
0,0.223128,0.04879,0.06363,0.130628,0.021109,0.095719,0.002796,0.000852
0,0.209126,0.147614,-0.003781,0.090318,0.019141,0.051608,0.003041,0.002576
0,0.218591,-0.061176,-0.014961,-0.238725,0.015002,-0.260809,0.002876,0.001068
0,0.235822,-0.096909,0.036789,-0.045791,0.016952,-0.016998,0.002575,0.001691
0,0.228386,0.072291,0.011914,0.179645,0.00632,0.149808,0.002705,0.001262
0,0.328046,-0.016254,0.119526,-0.090585,0.15474,-0.059157,0.000965,0.000284
0,0.246164,0.04146,-0.0784,0.03257,-0.068247,0.07117,0.002394,0.000724
0,0.259556,-0.063403,-0.008444,-0.091372,-0.046393,-0.106755,0.002161,0.001107
0,0.041976,-0.064556,-0.199057,0.001596,-0.246426,-0.006445,0.000733,0.001127
0,0.257941,-0.16649,0.230487,-0.110834,0.249446,-0.121252,0.002189,0.002906
0,0.280716,-0.011899,0.007626,0.167203,-0.029983,0.208533,0.001791,0.000208
0,1.003633,-0.84581,0.709218,-0.805685,0.690461,-0.835789,0.002556,0.001381
0,1.46595,-1.527331,0.488901,-0.687377,0.461638,-0.668326,0.001178,0.000106
0,1.422254,-1.432193,-0.054935,0.087055,-0.07631,0.05842,0.00194,0.001767
0,1.955552,-1.20585,0.528952,0.210412,0.541144,0.164193,0.000677,0.000974
0,1.472071,-1.093883,-0.462906,0.131579,-0.492784,0.102471,0.001071,0.000981
0,1.435015,-0.737935,-0.027019,0.361515,0.01731,0.327674,0.001718,0.000502
0,1.063942,-0.412931,-0.344624,0.327096,-0.374887,0.372968,0.001503,0.000516
0,1.029214,-0.205551,-0.031934,0.196631,-0.010731,0.215163,0.002109,0.003103
0,0.816423,-0.024939,-0.186922,0.162502,-0.18013,0.208796,0.000868,0.000435
0,0.576001,-0.07815,-0.237628,-0.077509,-0.190556,-0.112367,0.003329,0.001364
0,0.241758,0.175904,-0.308688,0.277605,-0.308221,0.258195,0.002471,0.00307
0,0.075549,0.304722,-0.15705,0.134585,-0.12611,0.155346,0.001319,0.001372
0,-0.092349,0.183879,-0.194054,-0.143705,-0.201232,-0.116716,0.001612,0.003209
0,-0.255941,0.208417,-0.152639,0.023616,-0.169366,0.009494,0.002224,0.003053
0,-0.154595,0.054259,0.094436,-0.134158,0.060721,-0.128688,0.002698,0.000947
0,-0.274776,0.062433,-0.111565,0.004572,-0.160578,-0.005894,0.001895,0.00109
0,-0.23484,-0.075801,0.03749,-0.138195,-0.005355,-0.123098,0.002592,0.001323
0,-0.270744,0.169964,-0.062542,0.248206,-0.095333,0.21855,0.001965,0.002966
0,0.003412,-0.041159,0.290558,-0.224759,0.247044,-0.192411,6e-05,0.000718
0,0.060636,0.200286,0.070822,0.234313,0.103514,0.264154,0.001058,0.003195
0,-0.080624,-0.147014,-0.153791,-0.36428,-0.161998,-0.31954,0.001407,0.002566
0,-0.1117,-0.071276,-0.012091,0.057173,-0.01248,0.046428,0.00195,0.001244
0,-0.147767,-0.0783,-0.028057,0.020219,-0.019377,-0.016544,0.002579,0.001367
0,0.036212,-0.092188,0.195316,-0.029355,0.18342,-0.019253,0.000632,0.001609
0,0.060545,0.082076,0.035375,0.158242,0.031836,0.149743,0.001057,0.001432
0,-0.013707,-0.20132,-0.095101,-0.290634,-0.140629,-0.278776,0.000239,0.003177
0,0.017167,0.084087,0.032773,0.292526,-0.013373,0.288453,0.0003,0.001468
0,0.015179,-0.006118,-0.004628,-0.112517,-0.033605,-0.086072,0.000265,0.000107
0,0.051114,-7.3e-05,0.017679,0.001499,0.024127,-0.026008,0.000892,1e-06
0,-0.101363,-0.113846,-0.135272,-0.136054,-0.17515,-0.128898,0.001769,0.001987
0,0.029523,-0.043886,0.109889,0.065161,0.112518,0.104922,0.000515,0.000766
0,-0.082895,-0.127127,-0.091435,-0.109719,-0.102714,-0.129121,0.001447,0.002219
0,-0.013871,0.133229,0.085184,0.267872,0.134606,0.250775,0.000242,0.002325
0,-0.113071,0.02892,-0.118259,-0.095047,-0.153308,-0.056845,0.001973,0.000505
0,0.143334,-0.006911,0.284683,-0.039202,0.257664,-0.083034,0.002502,0.000121
0,-0.015002,0.159008,-0.13585,0.190008,-0.098512,0.148948,0.000262,0.002775
0,0.120417,0.085463,0.155466,-0.058896,0.146746,-0.054793,0.002102,0.001492
0,0.08684,0.158267,-0.030631,0.064756,-0.046545,0.09675,0.001516,0.002762
0,0.058523,-0.082108,-0.031679,-0.212755,-0.045411,-0.199236,0.001021,0.001433
0,0.211321,-0.104633,0.135799,-0.004171,0.166743,-0.024213,0.003003,0.001826
0,0.033181,-0.080747,-0.200498,0.036494,-0.212078,0.051299,0.000579,0.001409
0,0.041955,0.132511,-0.00774,0.194195,-0.008872,0.234782,0.000732,0.002313
0,0.015777,-0.014479,-0.051373,-0.175676,-0.001946,-0.201813,0.000275,0.000253
0,0.094114,0.039319,0.100347,0.065049,0.097095,0.070242,0.001643,0.000686
0,-0.077823,0.095475,-0.171063,0.044851,-0.155452,0.029534,0.001358,0.001666
0,0.129747,0.017815,0.226038,-0.050228,0.266016,-0.068177,0.002265,0.000311
0,0.024627,0.144532,-0.086389,0.115028,-0.086522,0.095821,0.00043,0.002523
0,0.135608,0.058486,0.135235,-0.110286,0.110575,-0.115462,0.002367,0.001021
0,0.092896,0.010378,-0.052861,-0.075422,-0.026698,-0.121994,0.001621,0.000181
0,-0.03202,-0.104204,-0.142972,-0.13907,-0.17657,-0.170867,0.000559,0.001819
0,-0.028652,-0.117639,-0.016664,-0.029643,-0.056557,0.012589,0.0005,0.002053
0,-0.068277,0.04599,-0.044611,0.134576,-0.004003,0.104974,0.001192,0.000803
0,0.109206,-0.116931,0.187352,-0.177516,0.158579,-0.128462,0.001906,0.002041
0,0.063412,-0.011883,-0.062296,0.130372,-0.066636,0.122211,0.001107,0.000207
0,-0.003111,0.063574,-0.086453,0.072869,-0.112509,0.084572,5.4e-05,0.00111
0,0.044694,-0.039207,0.059593,-0.115971,0.100466,-0.081073,0.00078,0.000684
0,-0.174724,0.075774,-0.213865,0.088835,-0.16765,0.123676,0.00305,0.001323
0,0.059897,0.063254,0.210223,-0.01774,0.18338,-0.021317,0.001045,0.001104
0,-0.036769,0.004833,-0.11911,-0.043438,-0.116027,0.002246,0.000642,8.4e-05
0,0.486474,1.003126,0.538042,1.024355,0.512971,1.031704,0.0018,0.002565
0,1.259811,2.15301,0.758815,1.163264,0.762308,1.179316,0.001915,0.002568
0,1.877702,2.995859,0.616197,0.818635,0.644742,0.837253,0.000682,0.001239
0,1.885986,2.8018,0.013421,-0.2093,0.027973,-0.25558,0.000537,0.002065
0,1.362552,2.656677,-0.553428,-0.118765,-0.561309,-0.109716,0.002982,0.000468
0,1.192153,2.04926,-0.164171,-0.591118,-0.171767,-0.566419,0.000735,0.002312
0,2.305618,0.956024,1.13064,-1.113437,1.119444,-1.129712,9.6e-05,0.003304
0,4.475946,-0.229023,2.15461,-1.18803,2.17946,-1.226077,0.00217,0.002694
0,5.300802,-1.266513,0.83715,-1.007781,0.792811,-0.986179,0.001155,0.002032
0,5.014802,-1.416952,-0.262825,-0.175188,-0.293845,-0.175609,0.000544,0.002033
0,4.781708,-1.732702,-0.231908,-0.301886,-0.2176,-0.345775,0.003167,0.003213
0,3.568941,-1.938341,-1.19173,-0.194371,-1.166497,-0.180577,0.002072,0.000376
0,2.739331,-1.635404,-0.839057,0.284033,-0.830046,0.288033,0.000975,0.00178
0,1.743526,-1.509568,-0.968003,0.140596,-1.008587,0.121132,0.003024,0.000416
0,1.31828,-1.11867,-0.395328,0.374198,-0.345862,0.35882,0.002936,0.000548
0,0.777902,-0.892633,-0.52904,0.233658,-0.510774,0.233526,0.000195,0.002198
0,-0.037545,-0.77088,-0.825512,0.145925,-0.863005,0.116515,0.000655,7.3e-05
0,-0.130915,-0.326098,-0.075727,0.458836,-0.036973,0.42227,0.002285,0.000999
0,-0.411613,-0.055021,-0.283975,0.284911,-0.331608,0.296096,0.000493,0.00096
0,-0.285365,0.11369,0.138863,0.193643,0.157511,0.226844,0.00171,0.001984
0,-0.133337,0.206479,0.161269,0.108248,0.172963,0.146767,0.002327,0.003087
0,-0.127881,0.002333,0.033489,-0.20749,0.074686,-0.254244,0.002232,4.1e-05
0,-0.303197,0.106524,-0.158999,0.111584,-0.208209,0.079532,0.001399,0.001859
0,-0.281803,0.262809,0.012235,0.152622,0.035767,0.17828,0.001772,0.002104
0,-0.179413,0.128523,0.08469,-0.131071,0.074498,-0.122695,0.003131,0.002243
0,0.00856,0.093413,0.208417,-0.021356,0.256893,-0.065707,0.000149,0.00163
0,-0.156956,-0.023846,-0.18427,-0.103568,-0.216835,-0.086579,0.002739,0.000416
0,0.084528,0.016495,0.215311,0.026548,0.259257,0.001308,0.001475,0.000288
0,-0.07648,0.178102,-0.15298,0.181318,-0.128288,0.187639,0.001335,0.003108
0,-0.164343,-0.023526,-0.079774,-0.181626,-0.083675,-0.197395,0.002868,0.000411
0,-0.166269,0.107132,-0.01709,0.10361,-0.018017,0.106249,0.002902,0.00187
0,0.052387,-0.028627,0.203187,-0.146724,0.248626,-0.162478,0.000914,0.0005
0,-0.145959,0.193531,-0.171963,0.227588,-0.157457,0.229128,0.002547,0.003313
0,-0.012388,-0.117665,0.14435,-0.310998,0.172866,-0.298977,0.000216,0.002054
0,-0.039238,0.133258,-0.031709,0.233632,-0.03261,0.276607,0.000685,0.002326
0,0.100122,0.05316,0.148875,-0.070322,0.108615,-0.07987,0.001747,0.000928
0,-0.104173,-0.138677,-0.224488,-0.170781,-0.248996,-0.162982,0.001818,0.00242
0,-0.04957,0.087389,0.059491,0.22276,0.035543,0.260681,0.000865,0.001525
0,-0.061788,-0.128164,-0.027288,-0.234711,-0.061121,-0.266573,0.001078,0.002237
0,-0.08683,-0.036394,-0.00501,0.083283,0.009999,0.071779,0.001515,0.000635
0,-0.039679,0.029193,0.057,0.042178,0.097872,-0.003838,0.000693,0.00051
0,-0.101794,-0.175694,-0.063638,-0.19779,-0.025137,-0.237917,0.001777,0.003066
0,-0.149823,0.058532,-0.071972,0.226138,-0.042536,0.266738,0.002615,0.001022
0,-0.010539,-0.131038,0.119735,-0.173059,0.152257,-0.124294,0.000184,0.002287
0,-0.060262,-0.162566,-0.055881,-0.013854,-0.067205,-0.00044,0.001052,0.002837
0,0.06619,-0.073218,0.140253,0.103656,0.09559,0.064521,0.001155,0.001278
0,-0.122545,-0.169841,-0.163325,-0.079743,-0.196617,-0.094398,0.002139,0.002964
0,0.022313,-0.129381,0.158678,0.053678,0.137086,0.10334,0.000389,0.002258
0,-0.040723,0.005483,-0.068182,0.115868,-0.069971,0.139741,0.000711,9.6e-05
0,-0.060707,0.087077,-0.012504,0.05904,-0.0592,0.10232,0.00106,0.00152
0,0.214281,0.091003,0.250894,-0.012779,0.300195,0.00343,0.002951,0.001588
0,0.158061,0.07133,-0.070209,0.004188,-0.104384,-0.00154,0.002759,0.001245
0,0.210945,0.002573,0.049932,-0.064422,0.070166,-0.023847,0.003009,4.5e-05
0,0.291038,-0.091691,0.103835,-0.118159,0.083745,-0.098673,0.001611,0.0016
0,0.197276,-0.003009,-0.087855,0.076382,-0.085732,0.043136,0.003248,5.3e-05
0,0.057523,-0.093028,-0.158524,-0.084043,-0.155204,-0.04394,0.001004,0.001624
0,0.024819,-0.172792,-0.039525,-0.086596,-0.038619,-0.074957,0.000433,0.003016
0,0.026702,-0.067287,0.026994,0.128804,0.026299,0.143953,0.000466,0.001174
0,-0.053227,0.059012,-0.094024,0.139423,-0.083103,0.090633,0.000929,0.00103
0,-0.033283,-0.127516,0.047843,-0.158989,0.078996,-0.186224,0.000581,0.002226
0,0.128666,-0.148578,0.155979,-3.7e-05,0.194683,0.038968,0.002246,0.002593
0,0.039535,-0.010931,-0.116476,0.110412,-0.111514,0.094009,0.00069,0.000191
0,0.035053,-0.130447,-0.018345,-0.10723,-0.034416,-0.080213,0.000612,0.002277
0,-0.076095,-0.140863,-0.08311,0.009718,-0.080056,0.057362,0.001328,0.002459
0,0.023421,-0.053721,0.077893,0.093561,0.121572,0.076507,0.000409,0.000938
0,-0.085016,-0.191788,-0.085157,-0.151345,-0.103823,-0.195283,0.001484,0.003343
0,-0.09387,-0.001828,-0.026801,0.180445,-0.037895,0.225825,0.001638,3.2e-05
0,-0.071567,-0.01752,-0.005124,-0.038223,-0.047799,-0.005835,0.001249,0.000306
0,2.834577,-0.700496,2.930331,-0.668166,2.939119,-0.641004,0.002637,0.001156
0,2.83804,-0.735956,-0.000541,-0.019321,-0.019513,-0.020755,0.002697,0.000537
0,3.027867,-1.02469,0.213426,-0.26923,0.253496,-0.252761,0.00068,0.002188
0,3.141096,-0.809315,0.130234,0.206255,0.112438,0.222838,0.001296,0.000744
0,2.85744,-0.430215,-0.287925,0.377916,-0.314387,0.380792,0.003036,0.000818
0,2.483431,-0.310451,-0.356857,0.131947,-0.31066,0.108479,0.003199,0.001272
0,2.352532,-0.330885,-0.156438,-0.002549,-0.169005,-0.050514,0.000915,0.000916
0,1.772568,-0.2681,-0.575027,0.066088,-0.530619,0.067854,0.002517,0.002012
0,1.040382,-0.21158,-0.750007,0.058122,-0.712213,0.086035,0.001914,0.002998
0,0.693771,-0.132426,-0.363296,0.077628,-0.373366,0.067535,0.001273,0.002311
0,0.349483,-0.119648,-0.349361,-0.013063,-0.384966,-0.024711,0.000591,0.002088
0,0.062965,0.044614,-0.264056,0.187108,-0.262206,0.140277,0.001099,0.000779
0,-0.257952,0.080723,-0.343442,0.010035,-0.327183,0.038553,0.002189,0.001409
0,-0.113653,0.076515,0.123665,-0.021664,0.132686,-0.038903,0.001984,0.001335
0,-0.207641,0.13951,-0.103131,0.088486,-0.084133,0.040295,0.003067,0.002435
0,-0.346286,-0.148406,-0.154252,-0.304758,-0.106893,-0.32471,0.000647,0.00259
0,-0.207189,-0.08669,0.156761,0.078268,0.175528,0.08644,0.003075,0.001513
0,-0.091942,-0.057467,0.144438,0.007532,0.098594,0.044288,0.001605,0.001003
0,-0.312587,0.050634,-0.204438,0.134273,-0.162135,0.12616,0.001235,0.000884
0,-0.277439,-0.012966,0.035108,-0.043108,-0.008822,-0.012798,0.001849,0.000226
0,-0.113973,-0.026908,0.136483,0.013047,0.101828,0.044395,0.001989,0.00047
0,-0.374687,0.135609,-0.258537,0.185114,-0.248091,0.228911,0.000151,0.002367
0,-0.321841,0.055621,0.048213,-0.09719,0.004386,-0.102709,0.001074,0.000971
0,-0.117552,-0.129155,0.213508,-0.184147,0.238738,-0.189311,0.002052,0.002254
0,-0.073781,-0.060156,0.029151,0.051909,0.045441,0.043033,0.001288,0.00105
0,-0.19119,-0.099497,-0.124995,-0.035106,-0.137858,-0.045286,0.003337,0.001737
0,-0.249207,-0.014644,-0.066468,0.069222,-0.067448,0.044104,0.002341,0.000256
0,-0.214675,0.049091,0.050152,0.052457,0.055231,0.030555,0.002944,0.000857
0,-0.177163,0.171377,0.057964,0.105074,0.030839,0.150792,0.003092,0.002991
0,-0.045041,0.111635,0.108513,-0.058268,0.093997,-0.023713,0.000786,0.001948
0,-0.214737,0.170632,-0.196745,0.049931,-0.237472,0.055285,0.002943,0.002978
0,-0.230482,0.012057,0.004503,-0.173475,0.040101,-0.203339,0.002668,0.00021
0,-0.17167,0.155732,0.082143,0.1463,0.045838,0.110604,0.002996,0.002718
0,0.015374,-0.04101,0.207614,-0.171108,0.233808,-0.173212,0.000268,0.000716
0,-0.075068,0.028396,-0.064285,0.07974,-0.03115,0.047851,0.00131,0.000496
0,-0.025125,-0.07259,0.074791,-0.108901,0.120598,-0.0865,0.000439,0.001267
0,0.120832,-0.062353,0.135787,-0.018169,0.132096,-0.037735,0.002109,0.001088
0,-0.117294,0.10559,-0.209846,0.141308,-0.215206,0.096582,0.002047,0.001843
0,-0.118955,0.00208,0.021128,-0.099412,0.037178,-0.086187,0.002076,3.6e-05
0,0.012377,-0.092257,0.101506,-0.113141,0.081172,-0.108611,0.000216,0.00161
0,-0.13715,0.14048,-0.144943,0.213339,-0.12317,0.238939,0.002394,0.002452
0,-0.147204,0.126139,-0.017145,-0.012602,-0.012229,0.006519,0.002569,0.002202
0,-0.060977,-0.082357,0.094548,-0.221642,0.114735,-0.244978,0.001064,0.001437
0,-0.182167,0.090018,-0.114143,0.187539,-0.133039,0.140617,0.003179,0.001571
0,0.073324,0.032358,0.247062,-0.037031,0.277055,-0.043467,0.00128,0.000565
0,-0.02183,-0.024733,-0.100444,-0.059242,-0.139993,-0.070177,0.000381,0.000432
0,-0.0626,-0.098505,-0.030782,-0.049091,-0.052547,-0.048267,0.001093,0.001719
0,0.045442,0.017966,0.101065,0.089543,0.105587,0.098249,0.000793,0.000314
0,-0.077149,0.174677,-0.148106,0.171097,-0.14974,0.195895,0.001347,0.003049
0,-0.048061,0.123569,0.041254,-0.058085,0.088964,-0.089386,0.000839,0.002157
0,0.134591,-0.009524,0.175595,-0.148917,0.17845,-0.145194,0.002349,0.000166
0,0.020609,0.042289,-0.136703,0.053977,-0.148859,0.057778,0.00036,0.000738
0,0.039601,0.059887,0.002814,-0.004432,-0.023111,0.035089,0.000691,0.001045
0,-0.044661,-0.108179,-0.076791,-0.183188,-0.04012,-0.184583,0.000779,0.001888
0,0.054993,0.080383,0.078034,0.181813,0.10851,0.166097,0.00096,0.001403
0,-0.0479,0.077792,-0.089367,-0.02676,-0.092994,0.022394,0.000836,0.001358
0,-0.011514,0.01238,0.0223,-0.052034,0.053862,-0.034143,0.000201,0.000216
0,-0.025159,-0.021336,0.008137,-0.027516,0.039288,-0.012884,0.000439,0.000372
0,-0.074376,0.091039,-0.074584,0.13523,-0.086887,0.089409,0.001298,0.001589
0,0.114969,0.06589,0.210792,-0.004293,0.252804,-0.019235,0.002007,0.00115
0,0.141936,-0.053754,0.050536,-0.138136,0.017533,-0.186417,0.002477,0.000938
0,-0.079026,0.021242,-0.206534,0.052256,-0.248208,0.034426,0.001379,0.000371
0,-0.093983,-0.034006,-0.019075,-0.039588,-0.057306,-0.000546,0.00164,0.000594
0,0.049321,0.158624,0.128155,0.174658,0.138328,0.224295,0.000861,0.002769
0,-0.144544,0.026446,-0.169746,-0.149247,-0.154835,-0.152958,0.002523,0.000462
0,-0.006829,-0.063386,0.140764,-0.114313,0.188617,-0.134677,0.000119,0.001106
0,0.028117,0.183644,0.047438,0.267751,0.024919,0.252777,0.000491,0.003205
0,0.033523,0.129422,0.032909,-0.030122,0.047827,-0.042026,0.000585,0.002259
0,-0.220822,-0.024957,-0.226442,-0.125624,-0.204497,-0.157455,0.002837,0.000436
0,-0.008772,-0.014141,0.196387,0.016724,0.171273,-0.0329,0.000153,0.000247
0,-0.012417,-0.089192,0.021331,-0.06692,-0.012556,-0.027531,0.000217,0.001557
0,-0.040519,0.090259,-0.022596,0.181803,-0.002413,0.19822,0.000707,0.001575
0,-0.11365,0.128179,-0.080362,0.021665,-0.034684,0.053872,0.001984,0.002237
0,-0.12623,-0.071034,0.006974,-0.177311,0.008998,-0.221732,0.002203,0.00124
0,0.102673,0.054845,0.206368,0.124713,0.174614,0.150732,0.001792,0.000957
0,0.085149,0.032454,-0.033745,-0.020608,-0.010973,-0.032505,0.001486,0.000566
0,-0.068164,-0.086101,-0.180185,-0.140148,-0.194555,-0.109224,0.00119,0.001503
0,0.15065,0.055754,0.210883,0.145908,0.166473,0.172919,0.002629,0.000973
0,0.032075,-0.129253,-0.112668,-0.198597,-0.070958,-0.245383,0.00056,0.002256
0,0.144358,-0.091835,0.099946,0.061986,0.118726,0.07999,0.00252,0.001603
0,-0.12147,-0.034112,-0.281673,0.054186,-0.269064,0.026617,0.00212,0.000595
0,0.047692,-0.146767,0.190227,-0.130284,0.199627,-0.098619,0.000832,0.002562
0,-0.083943,0.060736,-0.153571,0.234231,-0.153069,0.205281,0.001465,0.00106
0,-0.050357,0.161696,0.062499,0.097063,0.101879,0.135137,0.000879,0.002822
0,0.096957,-0.045393,0.161575,-0.221631,0.138714,-0.212423,0.001692,0.000792
0,0.009037,0.134162,-0.064282,0.166871,-0.106395,0.21668,0.000158,0.002342
0,0.082056,-0.076832,0.081852,-0.201428,0.123526,-0.192867,0.001432,0.001341
0,-0.053816,-0.147545,-0.132126,-0.042718,-0.149321,-0.022075,0.000939,0.002575
0,0.039123,-0.07145,0.089804,0.078665,0.11478,0.086884,0.000683,0.001247
0,0.286522,0.066793,0.266342,0.121065,0.235541,0.109601,0.00169,0.001166
0,0.132754,0.08088,-0.162508,-0.013248,-0.130849,-0.041988,0.002317,0.001412
0,0.124858,0.124267,-0.026211,0.067202,0.001124,0.114795,0.002179,0.002169
0,0.158402,0.106018,0.045813,-0.025008,0.092512,-0.074028,0.002765,0.00185
0,0.257502,-0.124331,0.075174,-0.258789,0.091471,-0.268253,0.002197,0.00217
0,0.037419,0.085822,-0.242666,0.232057,-0.27246,0.248122,0.000653,0.001498
0,0.237297,0.016186,0.205539,-0.098101,0.24374,-0.129382,0.002549,0.000283
0,0.06506,-0.106389,-0.163588,-0.137798,-0.123915,-0.151307,0.001136,0.001857
0,0.155213,0.051148,0.083747,0.132493,0.12459,0.150394,0.002709,0.000893
0,-0.025792,0.125891,-0.167441,0.076838,-0.215122,0.1232,0.00045,0.002197
0,0.112793,-0.014101,0.155086,-0.136946,0.199246,-0.186234,0.001969,0.000246
0,-0.040441,0.057674,-0.1362,0.076097,-0.127271,0.124693,0.000706,0.001007
0,0.113457,-0.074228,0.156007,-0.155021,0.124881,-0.166293,0.00198,0.001296
0,0.023044,0.069767,-0.087292,0.147775,-0.069913,0.098592,0.000402,0.001218
0,-0.08325,-0.085246,-0.116458,-0.170068,-0.088739,-0.192132,0.001453,0.001488
0,-0.021281,0.012902,0.037763,0.090723,0.035529,0.120238,0.000371,0.000225
0,0.009332,0.071212,0.012961,0.037467,0.039143,0.040683,0.000163,0.001243
0,0.069035,0.169517,0.064167,0.108672,0.024962,0.068787,0.001205,0.002959
0,0.011612,0.06126,-0.039363,-0.086834,-0.004457,-0.114064,0.000203,0.001069
0,-0.067105,0.199133,-0.058199,0.123384,-0.100463,0.09805,0.001171,0.003215
0,0.080879,0.178053,0.121237,-0.016849,0.07136,-0.06637,0.001412,0.003108
0,-0.102885,0.038108,-0.182673,-0.167783,-0.201854,-0.176344,0.001796,0.000665
0,0.043637,0.011803,0.117663,-0.043433,0.161914,-0.060469,0.000762,0.000206
0,0.00022,0.134376,-0.06306,0.099597,-0.104268,0.072006,4e-06,0.002345
0,0.031068,-0.060361,0.018751,-0.194782,0.037911,-0.186794,0.000542,0.001053
0,0.022969,-0.014406,-0.015068,0.039582,0.026277,0.084147,0.000401,0.000251
0,-0.064195,0.192016,-0.085542,0.236071,-0.122359,0.281444,0.00112,0.00334
0,-0.051622,0.00771,0.017687,-0.178651,-0.002091,-0.176191,0.000901,0.000135
0,-0.086349,0.125734,-0.043633,0.119146,-0.003359,0.099704,0.001507,0.002194
0,-0.184704,-0.014548,-0.121705,-0.161498,-0.138534,-0.156571,0.003224,0.000254
0,0.004138,0.140354,0.194327,0.167754,0.155778,0.206338,7.2e-05,0.00245
0,-0.122595,0.205861,-0.15449,0.067223,-0.164049,0.101764,0.00214,0.003098
0,0.013456,0.092816,0.11726,-0.128357,0.115651,-0.168006,0.000235,0.00162
0,-0.08285,0.22104,-0.091846,0.143169,-0.11836,0.15006,0.001446,0.002833
0,0.012903,-0.029705,0.124201,-0.254201,0.132368,-0.285333,0.000225,0.000518
0,0.067304,-0.020265,0.075448,-0.017561,0.045091,-0.052066,0.001175,0.000354
0,-0.164187,0.15146,-0.254389,0.145372,-0.247782,0.110189,0.002866,0.002643
0,-0.102464,-0.024284,0.058993,-0.188306,0.048204,-0.181572,0.001788,0.000424
0,-0.074409,0.059478,0.032987,0.073984,0.068447,0.040563,0.001299,0.001038
0,-0.104182,0.024292,-0.050101,-0.053822,-0.073199,-0.057772,0.001818,0.000424
0,-0.206404,0.05913,-0.129418,0.005323,-0.143681,0.00281,0.003088,0.001032
0,-0.021642,0.23648,0.159535,0.206793,0.165871,0.22281,0.000378,0.002563
0,-0.124448,0.057205,-0.073663,-0.167332,-0.10609,-0.143712,0.002172,0.000998
0,-0.156394,0.222859,-0.049986,0.159375,-0.009791,0.190604,0.00273,0.002801
0,-0.204936,0.158853,-0.027271,-0.07216,-0.073326,-0.098475,0.003114,0.002773
0,0.001629,-0.043358,0.209885,-0.231196,0.173458,-0.271785,2.8e-05,0.000757
0,-0.239313,-0.003275,-0.269487,0.03986,-0.282218,0.059297,0.002514,5.7e-05
0,0.021252,0.048602,0.258127,0.078028,0.257479,0.070403,0.000371,0.000848
0,0.010385,0.10669,-0.000173,0.076738,-0.04483,0.066359,0.000181,0.001862
0,-0.162386,0.092039,-0.201242,-0.003979,-0.157601,0.03872,0.002834,0.001606
0,0.033428,0.177523,0.197557,0.104189,0.179978,0.081008,0.000583,0.003098
0,0.028022,-0.068384,-0.011266,-0.238294,-0.054388,-0.238336,0.000489,0.001194
0,-0.14493,0.10735,-0.157121,0.184065,-0.189947,0.208852,0.00253,0.001874
0,-0.03217,-0.008169,0.115715,-0.144059,0.069938,-0.182354,0.000561,0.000143
0,-0.021329,0.173922,0.011308,0.172312,0.05233,0.134979,0.000372,0.003036
0,-0.091954,-0.043432,-0.085492,-0.226823,-0.095528,-0.275982,0.001605,0.000758
0,-0.028061,0.129691,0.06418,0.163902,0.020544,0.13807,0.00049,0.002264
0,-0.117324,-0.007099,-0.084511,-0.117187,-0.121822,-0.11976,0.002048,0.000124
0,0.082048,0.154727,0.225034,0.150492,0.186673,0.188815,0.001432,0.0027
0,-0.153892,-0.058893,-0.236193,-0.185796,-0.190748,-0.233075,0.002686,0.001028
0,-0.108374,0.008974,0.040088,0.096657,0.013267,0.11505,0.001891,0.000157
0,-0.13642,-0.043227,-0.053988,-0.059058,-0.098314,-0.069706,0.002381,0.000754
0,-0.039898,0.127341,0.109022,0.150406,0.154408,0.121329,0.000696,0.002223
0,-0.101047,-0.117378,-0.056533,-0.247128,-0.09125,-0.232311,0.001764,0.002049
0,0.084791,0.127822,0.178757,0.220984,0.215638,0.257613,0.00148,0.002231
0,0.135136,0.079283,0.021355,-0.045959,-0.015593,-0.069195,0.002359,0.001384
0,0.142118,-0.01504,0.027649,-0.101023,0.018035,-0.075308,0.00248,0.000262
0,0.131583,0.050282,0.001318,0.061401,-0.006793,0.077345,0.002297,0.000878
0,-0.128342,-0.00418,-0.240787,-0.08061,-0.254772,-0.038496,0.00224,7.3e-05
0,0.076854,-0.038785,0.225987,-0.031213,0.256627,-0.020441,0.001341,0.000677
0,0.146549,0.066687,0.045142,0.096364,0.02746,0.052319,0.002558,0.001164
0,0.128994,0.084572,-0.040376,-0.002929,-0.050394,0.042693,0.002251,0.001476
0,-0.024156,-0.122793,-0.160351,-0.201241,-0.16714,-0.249378,0.000422,0.002143
0,0.096962,0.062248,0.097406,0.157802,0.06742,0.185464,0.001692,0.001086
0,0.062408,-0.123344,-0.035705,-0.189386,-0.044774,-0.172384,0.001089,0.002153
0,-0.023467,-0.168376,-0.105616,-0.037624,-0.055686,-0.047895,0.00041,0.002939
0,-0.004986,0.009734,0.019851,0.182322,-0.007491,0.185247,8.7e-05,0.00017
0,-0.161133,-0.112576,-0.185958,-0.100173,-0.21431,-0.075034,0.002812,0.001965
0,0.071361,-0.020384,0.246585,0.105069,0.212619,0.148035,0.001245,0.000356
0,0.007543,0.001181,-0.093322,0.006054,-0.084075,-0.01904,0.000132,2.1e-05
0,0.079643,0.07531,0.077172,0.051202,0.083689,0.026052,0.00139,0.001314
0,-0.115889,-0.182215,-0.221275,-0.248462,-0.190133,-0.279047,0.002023,0.00318
0,-0.043484,-0.024559,0.099941,0.156664,0.08203,0.191225,0.000759,0.000429
0,-0.169225,-0.060144,-0.131819,-0.04031,-0.152901,-0.053777,0.002954,0.00105
0,-0.220051,0.034144,-0.04248,0.090665,0.00636,0.103708,0.00285,0.000596
0,-0.045391,-0.207611,0.19304,-0.255763,0.239571,-0.299406,0.000792,0.003067
0,-0.108597,0.07447,-0.04448,0.293624,-0.003192,0.30309,0.001895,0.0013
0,-0.100382,-0.176508,0.006832,-0.258094,0.053825,-0.274229,0.001752,0.003081
0,-0.084876,-0.171582,0.043596,0.000563,0.056845,0.043801,0.001481,0.002995
0,0.041508,0.094228,0.107917,0.238615,0.152856,0.19433,0.000724,0.001645
0,-0.13548,0.113711,-0.186781,-0.004905,-0.136915,-0.05278,0.002365,0.001985
0,-0.005559,0.013254,0.147641,-0.08996,0.160537,-0.13515,9.7e-05,0.000231
0,-0.103803,-0.007483,-0.096991,-0.030456,-0.123464,-0.054925,0.001812,0.000131
0,-0.195735,-0.165732,-0.101555,-0.184879,-0.141267,-0.173211,0.003275,0.002893
0,-0.070806,0.027093,0.098466,0.214547,0.082569,0.183697,0.001236,0.000473
0,0.063979,-0.097063,0.12407,-0.106255,0.168204,-0.134377,0.001117,0.001694
0,0.024924,0.034543,-0.020679,0.134748,-0.062356,0.130598,0.000435,0.000603
0,-0.052887,-0.140296,-0.048622,-0.159208,-0.034709,-0.200159,0.000923,0.002449
0,-0.077254,-0.120664,-0.029511,0.021927,-0.063283,-0.000986,0.001348,0.002106
0,-0.030049,-0.022606,0.05536,0.118628,0.096433,0.143149,0.000524,0.000395
0,-0.091533,-0.096274,-0.049992,-0.094935,-0.026856,-0.140257,0.001598,0.00168
0,0.073158,0.005083,0.144324,0.116259,0.096039,0.101558,0.001277,8.9e-05
0,0.135206,-0.072591,0.088053,-0.106687,0.070354,-0.099137,0.00236,0.001267
0,0.004969,-0.04946,-0.142675,0.001161,-0.098743,0.039772,8.7e-05,0.000863
0,-0.048691,0.013583,-0.050322,0.040376,-0.046353,0.055058,0.00085,0.000237
0,0.116206,-0.102726,0.191096,-0.131352,0.171955,-0.118604,0.002028,0.001793
0,-0.097756,0.059466,-0.184383,0.141401,-0.191173,0.099062,0.001706,0.001038
0,0.073295,-0.120211,0.147429,-0.202388,0.193271,-0.172019,0.001279,0.002098
0,0.045084,0.02906,-0.017737,0.15149,0.001382,0.140024,0.000787,0.000507
0,0.054417,-0.10804,-0.020008,-0.155467,-0.056737,-0.193299,0.00095,0.001886
0,0.015636,-0.053212,-0.037994,0.032339,-0.036457,0.067618,0.000273,0.000929
0,0.12935,-0.115346,0.125811,-0.050378,0.10236,-0.067892,0.002258,0.002013
0,-0.00103,0.10041,-0.139607,0.190262,-0.130523,0.211595,1.8e-05,0.001752
0,-0.040718,-0.009143,-0.023305,-0.109887,-0.072579,-0.08235,0.000711,0.00016
0,-0.040338,-0.108279,0.016736,-0.121168,0.012332,-0.13927,0.000704,0.00189
0,-0.009018,-0.041491,0.030915,0.085762,-0.007262,0.130956,0.000157,0.000724
0,-0.028862,0.059912,-0.026309,0.091577,-0.007623,0.09,0.000504,0.001046
0,-0.024675,0.014556,0.008577,-0.060099,0.03953,-0.099619,0.000431,0.000254
0,0.089858,0.007781,0.090922,-0.008296,0.070146,0.027367,0.001568,0.000136
0,-0.064159,0.118561,-0.159383,0.099606,-0.141624,0.084988,0.00112,0.002069
0,-0.133892,0.0701,-0.062126,-0.070862,-0.076121,-0.086179,0.002337,0.001223
0,0.022379,-0.097428,0.183963,-0.151554,0.150945,-0.109722,0.000391,0.0017
0,0.038753,-0.103765,-0.013222,0.003074,-0.061605,-0.03944,0.000676,0.001811
0,0.059668,-0.076906,0.042979,0.034985,-0.000179,0.068199,0.001041,0.001342
0,0.112554,-0.020261,0.048076,0.083098,0.028039,0.115209,0.001964,0.000354
0,-0.108109,0.132548,-0.226891,0.13132,-0.249995,0.139493,0.001887,0.002313
0,-0.02228,0.052689,0.056262,-0.082089,0.019974,-0.105394,0.000389,0.00092
0,-0.155544,-0.005599,-0.148423,-0.03576,-0.110332,-0.033834,0.002715,9.8e-05
0,-0.10372,-0.052594,0.03256,-0.036608,0.012524,-0.059748,0.00181,0.000918
0,-0.028815,-0.109554,0.098351,-0.061754,0.064984,-0.102133,0.000503,0.001912
0,-0.193562,0.069287,-0.170459,0.164661,-0.206884,0.138688,0.003313,0.001209
0,-0.04534,-0.005514,0.155501,-0.08838,0.202633,-0.074605,0.000791,9.6e-05
0,0.045436,-0.121775,0.100351,-0.088481,0.133849,-0.114521,0.000793,0.002125
0,-0.086041,-0.115742,-0.136628,-0.012405,-0.125863,-0.029156,0.001502,0.00202
0,0.051486,0.079391,0.15249,0.187278,0.135174,0.139117,0.000899,0.001386
0,0.00697,-0.002172,-0.050599,-0.094889,-0.076078,-0.07805,0.000122,3.8e-05
0,-0.178115,-0.07231,-0.182924,-0.079377,-0.158193,-0.030834,0.003109,0.001262
0,-0.046598,0.073988,0.114271,0.142955,0.137703,0.181207,0.000813,0.001291
0,-0.113554,-0.008621,-0.064781,-0.087008,-0.109399,-0.069299,0.001982,0.00015
0,-0.14135,0.043934,-0.052507,0.042299,-0.013073,0.066906,0.002467,0.000767
0,-0.00777,0.096232,0.108037,0.067269,0.122801,0.075337,0.000136,0.00168
0,-0.220596,0.089559,-0.231148,-0.02679,-0.25468,0.007536,0.002841,0.001563
0,-0.241258,0.117627,0.00508,0.001422,0.044057,0.037232,0.00248,0.002053
0,-0.035479,0.153278,0.209338,0.051114,0.246423,0.040748,0.000619,0.002675
0,-0.017453,0.183048,0.041539,0.041167,-0.008451,0.030899,0.000305,0.003195
0,-0.034795,0.095198,0.006228,-0.08793,0.037096,-0.069811,0.000607,0.001662
0,-0.121597,0.143822,-0.064574,0.041139,-0.108035,0.088135,0.002122,0.00251
0,-0.051752,0.151738,0.06528,0.033667,0.07815,0.080071,0.000903,0.002648
0,-0.040048,0.042088,-0.01721,-0.132361,0.022451,-0.113395,0.000699,0.000735
0,-0.072964,0.110309,-0.021331,0.040623,-0.004617,0.050131,0.001273,0.001925
0,-0.129245,0.135997,-0.03728,0.000688,-0.047928,-0.008774,0.002256,0.002374
0,0.030163,-0.09077,0.161815,-0.242582,0.143372,-0.203753,0.000526,0.001584
0,-0.030943,0.177931,-0.063813,0.282324,-0.021232,0.297009,0.00054,0.003105
0,-0.126822,0.167535,-0.095476,-0.011825,-0.083404,0.037088,0.002213,0.002924
0,-0.095445,-0.100558,0.018413,-0.238772,0.033976,-0.222833,0.001666,0.001755
0,0.007628,-0.082851,0.100806,0.036286,0.122995,-0.006296,0.000133,0.001446
0,0.183043,0.0838,0.182294,0.172692,0.157578,0.173562,0.003195,0.001463
0,0.057533,-0.083828,-0.098313,-0.150357,-0.129376,-0.163237,0.001004,0.001463
0,0.102325,-0.00389,0.028886,0.097957,-0.01936,0.081418,0.001786,6.8e-05
0,-0.113012,-0.036199,-0.223653,-0.051054,-0.244104,-0.069812,0.001972,0.000632
0,0.058358,-0.050436,0.157161,-0.034487,0.133357,-0.013801,0.001019,0.00088
0,0.158718,-0.041668,0.072691,-0.010648,0.11436,0.027075,0.00277,0.000727
0,0.036547,0.039635,-0.140425,0.055389,-0.133343,0.020202,0.000638,0.000692
0,0.046211,-0.067305,0.034816,-0.13013,0.014003,-0.110908,0.000807,0.001175
0,-0.045719,0.03532,-0.111045,0.104747,-0.137514,0.120486,0.000798,0.000616
0,0.028388,-0.13618,0.068985,-0.187526,0.106076,-0.172683,0.000495,0.002377
0,0.019236,0.010473,-0.013137,0.119245,0.01544,0.16854,0.000336,0.000183
0,0.017128,0.093596,0.026369,0.058026,0.0241,0.020064,0.000299,0.001634
0,0.107814,0.088982,0.065788,-0.008423,0.099364,0.013111,0.001882,0.001553
0,0.156677,-0.072649,0.054679,-0.149541,0.011983,-0.147689,0.002735,0.001268
0,0.087376,-0.177411,-0.080893,-0.126266,-0.094488,-0.136657,0.001525,0.003096
0,-0.008008,-0.017481,-0.11282,0.164851,-0.069617,0.130381,0.00014,0.000305
0,0.062413,0.014518,0.057195,0.043195,0.007684,0.077459,0.001089,0.000253
0,0.172004,0.068552,0.082557,0.063973,0.057752,0.068622,0.003002,0.001196
0,0.051317,-0.045524,-0.108885,-0.09377,-0.088155,-0.141462,0.000896,0.000795
0,0.080061,-0.139538,0.045958,-0.097443,0.031489,-0.101352,0.001397,0.002435
0,0.042988,-0.000317,-0.066197,0.165942,-0.06799,0.119792,0.00075,6e-06
0,0.20424,0.071362,0.166065,0.046247,0.134934,0.009349,0.003126,0.001245
0,0.079472,-0.090724,-0.101411,-0.168173,-0.063803,-0.195806,0.001387,0.001583
0,0.123822,0.150841,0.072808,0.24197,0.025409,0.222254,0.002161,0.002633
0,0.236665,0.166521,0.122492,-0.012864,0.158756,-0.057964,0.00256,0.002906
0,0.134669,0.055549,-0.100089,-0.084201,-0.079538,-0.07249,0.00235,0.00097
0,0.108928,0.053348,-0.012664,0.005217,0.02099,0.045452,0.001901,0.000931
0,0.226357,-0.119713,0.114126,-0.19411,0.148519,-0.224722,0.00274,0.002089
0,0.167061,-0.013439,-0.043064,0.098599,-0.012223,0.076423,0.002916,0.000235
0,0.23642,0.096845,0.098481,0.080879,0.140106,0.103242,0.002565,0.00169
0,0.275729,0.029788,0.033463,-0.069871,0.012804,-0.043849,0.001878,0.00052
0,0.098948,0.161242,-0.169162,0.120147,-0.123687,0.129222,0.001727,0.002814
0,-0.009857,-0.089137,-0.130941,-0.263745,-0.084074,-0.218485,0.000172,0.001556
0,0.004242,0.131832,0.037307,0.208175,0.077337,0.206594,7.4e-05,0.002301
0,0.191764,0.156403,0.159784,0.02152,0.191978,0.017722,0.003344,0.00273
0,0.012325,-0.056508,-0.194319,-0.232053,-0.158057,-0.229022,0.000215,0.000986
0,0.042136,0.181262,0.035982,0.246202,0.048912,0.248555,0.000735,0.003164
0,0.148161,-0.116393,0.135956,-0.270905,0.136234,-0.239089,0.002586,0.002031
0,0.125956,0.089273,-0.011417,0.216789,0.031331,0.248561,0.002198,0.001558
0,0.199462,0.039189,0.074218,-0.065716,0.074979,-0.027617,0.00321,0.000684
0,0.307169,0.090211,0.108012,0.027112,0.065817,-0.014531,0.00133,0.001574
0,0.019853,0.118689,-0.281773,0.036342,-0.330401,0.048162,0.000346,0.002072
0,0.102694,0.019054,0.057042,-0.09364,0.015688,-0.068893,0.001792,0.000333
0,0.270683,0.047684,0.141926,0.032448,0.161348,0.065451,0.001967,0.000832
0,0.115052,0.009652,-0.164054,-0.027631,-0.208714,-0.044248,0.002008,0.000168
0,0.207874,-0.037472,0.108964,-0.072922,0.076961,-0.085344,0.003063,0.000654
0,0.20259,-0.142686,0.002887,-0.093414,0.008129,-0.127924,0.003155,0.00249
0,0.270663,-0.047435,0.069839,0.091209,0.024479,0.091702,0.001967,0.000828
0,0.119896,0.063606,-0.128157,0.115356,-0.162754,0.110688,0.002093,0.00111
0,0.221724,-0.118512,0.122811,-0.19549,0.153147,-0.215003,0.002821,0.002068
0,0.011372,0.04015,-0.221652,0.132663,-0.203903,0.156793,0.000198,0.000701
0,0.141519,-0.010823,0.123595,-0.056331,0.145582,-0.018865,0.00247,0.000189
0,0.133624,0.00819,-0.031826,0.024736,-0.001975,0.053995,0.002332,0.000143
0,0.17698,0.037518,0.015834,0.040549,-0.023682,-0.006996,0.003089,0.000655
0,-0.120012,-0.133238,-0.321651,-0.142686,-0.355758,-0.154521,0.002095,0.002325
0,0.134993,0.101916,0.273715,0.208869,0.264851,0.162452,0.002356,0.001779
0,0.137217,0.081637,0.01926,-0.005401,0.030576,0.041869,0.002395,0.001425
0,0.119054,-0.123968,-0.036797,-0.233353,-0.009944,-0.188483,0.002078,0.002164
0,-0.105229,-0.050196,-0.248055,0.096328,-0.296112,0.131677,0.001837,0.000876
0,-0.049218,0.054069,0.037098,0.116474,0.026496,0.114117,0.000859,0.000944
0,-0.137776,-0.075742,-0.115109,-0.144602,-0.163849,-0.117987,0.002405,0.001322
0,0.107667,-0.165618,0.236889,-0.101415,0.213099,-0.089223,0.001879,0.002891
0,0.040798,-0.107254,-0.038522,0.033437,-0.002513,0.070044,0.000712,0.001872
0,0.011076,-0.119573,-0.051872,-0.025598,-0.074892,0.011768,0.000193,0.002087
0,-0.009655,0.048691,0.001503,0.190394,0.017411,0.199427,0.000169,0.00085
0,-0.060568,0.053795,-0.060139,0.023693,-0.083868,0.028302,0.001057,0.000939
0,0.125352,0.069688,0.198328,-0.003717,0.191776,0.036498,0.002188,0.001216
0,0.229631,0.417357,0.115497,0.352738,0.140454,0.371872,0.002683,0.000593
0,0.564895,0.464729,0.341303,0.046926,0.364013,0.016443,0.003168,0.00142
0,0.520355,0.976805,-0.014811,0.506282,-0.054904,0.475423,0.002391,0.003024
0,0.71236,1.017904,0.210464,0.025485,0.178999,0.043772,0.000949,0.002307
0,0.55061,0.628959,-0.156455,-0.361536,-0.205183,-0.343387,0.002919,0.002404
0,0.479895,0.613806,-0.040868,-0.034651,-0.003587,-0.071844,0.001685,0.002669
0,0.285025,0.579073,-0.179883,-0.02924,-0.138312,0.016638,0.001716,0.003275
0,0.187133,0.195947,-0.07603,-0.355274,-0.068966,-0.308466,0.003266,0.003271
0,0.201713,0.332255,-0.008521,0.130892,0.001282,0.134286,0.00317,0.000892
0,0.091543,0.019424,-0.1214,-0.310673,-0.135052,-0.330784,0.001598,0.000339
0,0.231473,-0.118953,0.169741,-0.132451,0.197949,-0.102814,0.002651,0.002076
0,-0.041894,-0.356973,-0.275146,-0.236182,-0.258454,-0.190463,0.000731,0.00046
0,0.050358,-0.195935,0.111167,0.161538,0.142245,0.18056,0.000879,0.003271
0,-0.052835,-0.316756,-0.125142,-0.150047,-0.148125,-0.17278,0.000922,0.001162
0,-0.186313,-0.045478,-0.108582,0.287804,-0.122184,0.324103,0.003252,0.000794
0,-0.106014,-0.039501,0.062608,0.024306,0.107379,-0.006333,0.00185,0.000689
0,0.044927,-0.168989,0.138574,-0.106886,0.09151,-0.129975,0.000784,0.002949
0,-0.139417,-0.171029,-0.188857,0.018324,-0.210079,0.029299,0.002433,0.002985
0,-0.254794,-0.015721,-0.110459,0.185144,-0.146386,0.164061,0.002244,0.000274
0,-0.159781,0.084402,0.124883,0.100327,0.078692,0.075456,0.002789,0.001473
0,-0.150118,-0.099451,-0.012263,-0.197559,-0.002859,-0.224189,0.00262,0.001736
0,-0.111963,-0.056336,0.009839,0.032117,-0.009745,-0.00244,0.001954,0.000983
0,-0.148279,-0.093942,-0.056849,-0.0511,-0.082447,-0.030941,0.002588,0.00164
0,0.081615,-0.180779,0.244054,-0.091643,0.249884,-0.065026,0.001424,0.003155
0,-0.128379,-0.12701,-0.209566,0.064032,-0.180368,0.109169,0.002241,0.002217
0,0.025649,-0.029514,0.18279,0.075223,0.17566,0.027421,0.000448,0.000515
0,-0.11271,-0.120415,-0.132756,-0.097979,-0.15475,-0.144478,0.001967,0.002102
0,-0.076805,-0.059459,0.008063,0.087985,0.044397,0.102581,0.001341,0.001038
0,0.063222,-0.12335,0.139913,-0.035054,0.131563,0.013893,0.001103,0.002153
0,-0.184153,-0.074634,-0.258493,0.026011,-0.228315,0.07321,0.003214,0.001303
0,-0.190534,-0.029012,0.012576,0.05433,0.009416,0.055201,0.003325,0.000506
0,0.033301,0.102853,0.248131,0.15091,0.230919,0.199471,0.000581,0.001795
0,-0.065458,-0.123903,-0.081501,-0.242889,-0.109778,-0.284509,0.001142,0.002163
0,-0.151972,-0.069557,-0.087675,0.045584,-0.078614,0.007881,0.002652,0.001214
0,-0.044179,-0.101817,0.084392,-0.021573,0.124148,0.01466,0.000771,0.001777
0,-0.167216,0.103953,-0.149724,0.217603,-0.15239,0.223851,0.002918,0.001814
0,-0.220387,0.135302,-0.058256,0.03536,-0.036222,0.077191,0.002844,0.002361
0,-0.192589,0.131159,0.032725,0.004717,-0.007223,0.052447,0.00333,0.002289
0,-0.10947,0.20081,0.075667,0.085795,0.114332,0.084434,0.001911,0.003186
0,-0.15684,0.12493,-0.026037,-0.052485,-0.046272,-0.044422,0.002737,0.00218
0,-0.181681,0.102246,-0.051121,-0.008357,-0.090612,-0.025831,0.003171,0.001785
0,-0.133461,-0.109278,0.051005,-0.219276,0.008024,-0.223719,0.002329,0.001907
0,-0.228993,-0.002409,-0.078868,0.105725,-0.049091,0.152122,0.002694,4.2e-05
0,-0.197384,0.147196,0.012937,0.165219,0.029943,0.181799,0.003246,0.002569
0,-0.139451,0.065257,0.048806,-0.087727,0.003109,-0.096331,0.002434,0.001139
0,-0.2124,-0.030348,-0.088913,-0.104229,-0.065266,-0.060006,0.002984,0.00053
0,-0.014361,-0.036261,0.205184,0.001308,0.161245,-0.044204,0.000251,0.000633
0,-0.114007,-0.132516,-0.086882,-0.095461,-0.103247,-0.141651,0.00199,0.002313
0,-0.128365,-0.01328,-0.027789,0.110964,-0.068138,0.154505,0.00224,0.000232
0,-0.031479,0.023069,0.07552,0.02312,0.09371,-0.018913,0.000549,0.000403
0,-0.173207,0.055482,-0.115341,0.050408,-0.152915,0.017475,0.003023,0.000968
0,0.07819,-0.126347,0.233894,-0.208367,0.200986,-0.196682,0.001365,0.002205
0,-0.128637,-0.062355,-0.214336,0.047389,-0.233264,0.08612,0.002245,0.001088
0,-0.088903,0.01022,0.038125,0.059959,0.053605,0.021825,0.001552,0.000178
0,-0.220562,-0.116357,-0.108309,-0.100297,-0.120843,-0.14009,0.002841,0.002031
0,-0.016896,-0.095826,0.210144,0.034884,0.218146,-0.004812,0.000295,0.001672
0,-0.000252,-0.043391,0.002001,0.073931,-0.013659,0.049975,4e-06,0.000757
0,0.00512,0.093378,0.021338,0.113359,0.038145,0.149527,8.9e-05,0.00163
0,-0.194942,-0.037669,-0.185781,-0.104854,-0.22939,-0.068727,0.003288,0.000657
0,-0.01054,-0.00953,0.211345,0.000521,0.21544,0.000989,0.000184,0.000166
0,0.001821,0.148684,0.000363,0.141888,-0.012479,0.116265,3.2e-05,0.002595
0,-0.11267,0.055441,-0.106727,-0.08461,-0.110872,-0.098385,0.001966,0.000968
0,-0.081959,-0.087442,0.048266,-0.15354,0.015484,-0.175933,0.00143,0.001526
0,-0.037225,0.093151,0.066208,0.181502,0.114582,0.203248,0.00065,0.001626
0,0.016494,0.050594,0.048134,-0.024092,0.08125,-0.063479,0.000288,0.000883
0,0.189579,-0.007686,0.179969,-0.061936,0.225364,-0.014558,0.003309,0.000134
0,0.055824,-0.083938,-0.104551,-0.076156,-0.139251,-0.059816,0.000974,0.001465
0,0.13587,0.016608,0.107768,0.099085,0.143103,0.053598,0.002371,0.00029
0,0.016153,-0.081419,-0.118316,-0.11646,-0.145162,-0.122134,0.000282,0.001421
0,0.154848,0.109202,0.162519,0.2157,0.188104,0.251876,0.002703,0.001906
0,-0.086667,0.164728,-0.24311,0.079147,-0.287146,0.093578,0.001513,0.002875
0,0.005924,0.014224,0.06991,-0.141544,0.105653,-0.136494,0.000103,0.000248
0,-0.079739,-0.048456,-0.075708,-0.080657,-0.039113,-0.104013,0.001392,0.000846
0,-0.026148,-0.071302,0.078197,-0.011154,0.124825,-0.007321,0.000456,0.001244
0,0.060717,-0.121314,0.072295,-0.048397,0.106607,-0.038063,0.00106,0.002117
0,-0.069838,0.027007,-0.149178,0.173711,-0.191921,0.190488,0.001219,0.000471
0,-0.023976,-0.056296,0.038914,-0.063639,0.018392,-0.045471,0.000418,0.000983
0,0.082284,0.023964,0.077895,0.099446,0.060611,0.107144,0.001436,0.000418
0,-0.103884,0.13868,-0.206032,0.121105,-0.163229,0.146324,0.001813,0.00242
0,-0.094098,0.01979,0.031943,-0.139884,0.070767,-0.187915,0.001642,0.000345
0,-0.048383,0.034714,0.060707,-0.01438,0.016231,0.005472,0.000844,0.000606
0,-0.148821,-0.035243,-0.103975,-0.098784,-0.082718,-0.10659,0.002597,0.000615
0,-0.203288,-0.044026,-0.047656,-0.017627,-0.061317,-0.037465,0.003143,0.000768
0,-0.241737,-0.088538,-0.017975,-0.027039,0.014332,-0.006407,0.002472,0.001545
0,0.007539,-0.079926,0.271116,0.004666,0.303981,-0.007107,0.000132,0.001395
0,-0.185144,0.07621,-0.184033,0.14806,-0.186602,0.158211,0.003231,0.00133
0,-0.075601,0.116332,0.102657,0.050345,0.136692,0.009344,0.001319,0.00203
0,-0.084665,0.136119,-0.01341,-0.00738,-0.055902,-0.048558,0.001478,0.002376
0,-0.324802,0.065115,-0.251583,-0.061626,-0.283572,-0.078474,0.001022,0.001136
0,-0.130538,0.029999,0.202765,-0.054977,0.2239,-0.081701,0.002278,0.000524
0,-0.320096,0.080205,-0.171978,0.03058,-0.208282,0.01413,0.001104,0.0014
0,-0.076885,0.024044,0.238728,-0.0493,0.224665,-0.005221,0.001342,0.00042
0,0.052634,-0.039311,0.133336,-0.081191,0.11546,-0.035343,0.000919,0.000686
0,-0.128751,-0.01158,-0.205327,0.039044,-0.249346,0.068287,0.002247,0.000202
0,-0.081303,-0.013548,0.023584,0.01446,0.022948,0.061293,0.001419,0.000236
0,-0.092296,0.110695,-0.005318,0.125453,0.029287,0.111314,0.001611,0.001932
0,-0.080367,0.011821,0.030792,-0.092959,0.030708,-0.080491,0.001403,0.000206
0,0.064585,-0.13665,0.158806,-0.159085,0.111157,-0.120453,0.001127,0.002385
0,0.037801,-0.107701,-0.038359,0.044128,-0.013201,0.000533,0.00066,0.00188
0,0.092893,-0.18522,0.054398,-0.08764,0.063163,-0.133701,0.001621,0.003233
0,0.086256,-0.114234,-0.032263,0.071566,-0.019002,0.054895,0.001505,0.001994
0,0.086505,-0.041402,-0.006353,0.087861,-0.033058,0.129149,0.00151,0.000723
0,0.08634,0.012429,-0.008162,0.044225,-0.016579,0.066272,0.001507,0.000217
0,0.093614,0.026579,0.018696,0.036786,-0.02386,0.040377,0.001634,0.000464
0,0.015618,0.05376,-0.06416,0.014752,-0.107722,0.024765,0.000273,0.000938
0,-0.019978,-0.06694,-0.047291,-0.090714,-0.040579,-0.109728,0.000349,0.001168
0,0.02059,-0.004224,0.030121,0.062346,-0.015613,0.067155,0.000359,7.4e-05
0,0.219004,-0.060705,0.176446,-0.082324,0.225067,-0.05792,0.002868,0.00106
0,0.183529,-0.036503,-0.05737,0.044603,-0.09938,0.014054,0.003203,0.000637
0,0.047918,-0.08747,-0.157871,-0.053221,-0.173392,-0.025487,0.000836,0.001527
0,-0.053264,-0.029595,-0.126823,0.060938,-0.121606,0.042384,0.00093,0.000517
0,0.059445,-0.011994,0.117368,-0.009839,0.153982,-0.020487,0.001038,0.000209
0,0.050033,0.020257,-0.004703,0.036383,-0.009456,-0.010394,0.000873,0.000354
0,0.077761,-0.030841,0.02133,-0.068323,0.060783,-0.100677,0.001357,0.000538
0,0.033992,-0.103756,-0.017308,-0.060573,-0.038275,-0.109949,0.000593,0.001811
0,0.122782,0.04573,0.062094,0.137025,0.021852,0.121082,0.002143,0.000798
0,0.130127,0.113196,0.012897,0.075013,0.002429,0.121936,0.002271,0.001976
0,-0.046063,-0.058867,-0.186997,-0.175227,-0.187136,-0.152851,0.000804,0.001027
0,-0.04754,-0.113911,0.011463,-0.030806,0.045475,-0.008804,0.00083,0.001988
0,-0.042494,-0.065186,0.031916,0.047429,-0.016108,0.09587,0.000742,0.001138
0,-0.13491,0.090862,-0.118263,0.149272,-0.15593,0.109787,0.002355,0.001586
0,0.153625,-0.083438,0.286726,-0.194619,0.324833,-0.241758,0.002681,0.001456
0,0.069758,8.3e-05,-0.097062,0.058811,-0.116601,0.009772,0.001218,1e-06
0,0.046067,-0.02494,-0.047069,-0.030343,-0.067974,-0.061641,0.000804,0.000435
0,0.162802,0.108996,0.09625,0.155977,0.137622,0.187163,0.002841,0.001902
0,-0.067047,-0.102203,-0.211542,-0.194155,-0.214695,-0.20604,0.00117,0.001784
0,0.13665,-0.084018,0.174655,0.003722,0.16856,-0.036047,0.002385,0.001466
0,-0.086121,0.072757,-0.216013,0.169285,-0.244816,0.14859,0.001503,0.00127
0,0.022206,0.093091,0.138304,-0.004025,0.100748,0.032087,0.000388,0.001625
0,-0.095346,-0.055796,-0.14608,-0.148125,-0.185734,-0.168924,0.001664,0.000974
0,-0.055204,-0.031226,0.065521,0.040645,0.087038,0.06076,0.000963,0.000545
0,-0.110542,0.072921,-0.044265,0.12154,-0.082011,0.128206,0.001929,0.001273
0,0.007539,-0.033169,0.126206,-0.109117,0.112086,-0.060699,0.000132,0.000579
0,-0.24097,-0.10847,-0.228235,-0.103567,-0.27815,-0.139847,0.002485,0.001893
0,-0.240013,-0.105212,0.008158,-0.01918,-0.024135,-0.030623,0.002502,0.001836
0,-0.058281,-0.020192,0.202848,0.083927,0.219061,0.12127,0.001017,0.000352
0,-0.008167,-0.053245,0.051899,-0.037993,0.002535,-0.067386,0.000143,0.000929
0,0.015886,0.070887,0.049138,0.127301,0.028276,0.11033,0.000277,0.001237
0,-0.069282,0.139883,-0.0758,0.094204,-0.035875,0.089772,0.001209,0.002441
0,0.029186,0.087427,0.12518,-0.046837,0.16241,-0.031105,0.000509,0.001526
0,-0.12718,-0.115976,-0.153296,-0.18637,-0.137641,-0.154675,0.00222,0.002024
0,-0.130495,0.011858,-0.019533,0.140908,-0.023172,0.131649,0.002278,0.000207
0,-0.1309,-0.103083,-0.003176,-0.14277,-0.045393,-0.145178,0.002285,0.001799
0,-0.161894,0.060065,-0.060478,0.176051,-0.067198,0.207033,0.002826,0.001048
0,-0.103441,0.138832,0.062663,0.101852,0.092064,0.073942,0.001805,0.002423
0,-0.010454,-0.106445,0.073803,-0.25639,0.059414,-0.211717,0.000182,0.001858
0,0.092953,-0.02831,0.074413,0.10175,0.035647,0.060222,0.001622,0.000494
0,0.052026,0.105206,-0.021258,0.161877,-0.020644,0.16492,0.000908,0.001836
0,0.078713,0.101881,0.005678,-0.009155,-0.036808,-0.04673,0.001374,0.001778
0,0.065357,-0.132557,0.0097,-0.20501,-0.031527,-0.20518,0.001141,0.002314
0,-0.079556,-0.037137,-0.156427,0.074651,-0.174113,0.096093,0.001389,0.000648
0,0.004658,-0.066831,0.086658,-0.045986,0.110401,-0.019735,8.1e-05,0.001166
0,-0.001894,-0.100292,-0.015822,-0.022528,-0.000174,-0.064805,3.3e-05,0.00175
0,-0.084789,0.031893,-0.062237,0.10384,-0.109068,0.125194,0.00148,0.000557
0,0.022938,-0.063363,0.130028,-0.086453,0.134478,-0.13078,0.0004,0.001106
0,-0.182781,-0.044671,-0.182223,0.010534,-0.182096,0.016367,0.00319,0.00078
0,-0.080626,-0.096533,0.117856,-0.069371,0.14584,-0.114039,0.001407,0.001685
0,0.048913,-0.147655,0.101041,-0.0669,0.06791,-0.058047,0.000854,0.002577
0,-0.157295,0.018129,-0.221837,0.138317,-0.266281,0.090256,0.002745,0.000316
0,-0.160149,0.108055,0.003866,0.111044,0.008646,0.130194,0.002795,0.001886
0,-0.214224,-0.01512,-0.027637,-0.103808,-0.022677,-0.126183,0.002952,0.000264
0,-0.110662,-0.110412,0.116513,-0.066212,0.081317,-0.084823,0.001931,0.001927
0,0.05245,-0.009877,0.167348,0.07734,0.194525,0.03933,0.000915,0.000172
0,0.00847,-0.183711,-0.018785,-0.175362,-0.00546,-0.203515,0.000148,0.003206
0,0.022021,-0.076432,-0.006101,0.084911,-0.014284,0.08237,0.000384,0.001334
0,-0.068396,0.012096,-0.093954,0.082951,-0.051777,0.041313,0.001194,0.000211
0,-0.170691,-0.130341,-0.113316,-0.124318,-0.151069,-0.143461,0.002979,0.002275
0,-0.013604,0.04431,0.185115,0.20375,0.204489,0.241013,0.000237,0.000773
0,0.126295,0.034097,0.150761,-0.014964,0.136162,-0.063865,0.002204,0.000595
0,-0.105979,0.005701,-0.206529,-0.049481,-0.211853,-0.062877,0.00185,0.0001
0,0.120248,-0.023773,0.216433,-0.048928,0.181543,-0.054682,0.002099,0.000415
0,-0.002612,-0.163297,-0.147461,-0.16942,-0.119594,-0.218031,4.6e-05,0.00285
0,0.178817,0.047676,0.186909,0.234716,0.221975,0.231981,0.003121,0.000832
0,0.127922,-0.202129,-0.024073,-0.23495,-0.035899,-0.252582,0.002233,0.003163
0,-0.05127,-0.098328,-0.14945,0.131938,-0.178516,0.13511,0.000895,0.001716
0,-0.011049,-0.150578,0.044161,-0.032958,0.044634,-0.004376,0.000193,0.002628
0,0.073582,-0.07176,0.098126,0.107913,0.122511,0.147969,0.001284,0.001252
0,-0.060378,0.072678,-0.118896,0.142953,-0.095102,0.132119,0.001054,0.001268
0,0.023311,-0.08735,0.058861,-0.144136,0.072311,-0.117443,0.000407,0.001525
0,-0.089218,0.017812,-0.140047,0.099383,-0.112387,0.068565,0.001557,0.000311
0,-0.08743,0.087512,-0.014933,0.09756,-0.063709,0.072252,0.001526,0.001527
0,-0.146695,-0.079565,-0.062942,-0.183733,-0.092688,-0.217928,0.00256,0.001389
0,-0.161622,-0.009644,0.00129,0.07967,0.016558,0.069194,0.002821,0.000168
0,-0.054884,-0.138441,0.135642,-0.126062,0.121749,-0.092776,0.000958,0.002416
0,-0.005671,-0.061764,0.051867,0.097745,0.090726,0.112056,9.9e-05,0.001078
0,-0.007094,0.145664,-0.013189,0.226391,0.012615,0.205756,0.000124,0.002542
0,-0.127673,-0.139122,-0.094832,-0.258934,-0.094111,-0.248764,0.002228,0.002428
0,-0.175286,-0.070459,-0.025689,0.048743,-0.006827,0.069402,0.003059,0.00123
0,-0.217221,-0.143392,-0.048425,-0.076224,0.001447,-0.090198,0.0029,0.002503
0,-0.11409,0.026997,0.124576,0.192616,0.102962,0.238855,0.001991,0.000471
0,-0.137523,-0.173628,-0.007908,-0.185093,0.011805,-0.233348,0.0024,0.00303
0,-0.157428,0.021251,-0.016145,0.201358,-0.007,0.178075,0.002748,0.000371
0,-0.177362,0.07179,-0.019258,0.069834,-0.043978,0.118215,0.003096,0.001253
0,-0.236636,0.036222,-0.043824,-0.043563,-0.081429,-0.032759,0.002561,0.000632
0,-0.084492,-0.155816,0.124204,-0.215705,0.117143,-0.256782,0.001475,0.00272
0,-0.064753,0.074428,-0.010029,0.203602,-0.020739,0.162377,0.00113,0.001299
0,-0.04363,-0.178042,0.042303,-0.24542,0.02612,-0.203843,0.000761,0.003107
0,-0.233308,0.032358,-0.218331,0.196565,-0.17551,0.162406,0.002619,0.000565
0,-0.231672,-0.107873,0.006798,-0.170174,0.036563,-0.144383,0.002647,0.001883
0,-0.043361,-0.055303,0.211768,0.054194,0.258389,0.015555,0.000757,0.000965
0,-0.021535,-0.124087,0.001061,-0.080465,0.033366,-0.117719,0.000376,0.002166
0,0.04523,0.015205,0.061471,0.123031,0.063892,0.098861,0.000789,0.000265
0,-0.085208,-0.108259,-0.155758,-0.142376,-0.194657,-0.148577,0.001487,0.001889
0,-0.129021,-0.142972,-0.051568,-0.005016,-0.09139,0.002906,0.002252,0.002495
0,-0.148675,-0.121257,-0.004673,0.036266,0.039289,0.070204,0.002595,0.002116
0,-0.136946,-0.051816,0.0092,0.073828,-0.01597,0.114141,0.00239,0.000904
0,0.003072,0.068982,0.145632,0.108704,0.161779,0.084035,5.4e-05,0.001204
0,-0.106323,-0.084815,-0.090047,-0.159313,-0.061951,-0.114822,0.001856,0.00148
0,-0.031144,-0.108861,0.071753,-0.029337,0.121616,-0.053681,0.000544,0.0019
0,-0.061216,0.099597,-0.055726,0.198761,-0.046453,0.176353,0.001068,0.001738
0,-0.091237,0.021234,-0.034313,-0.096619,-0.068589,-0.141553,0.001592,0.000371
0,-0.078493,0.129848,0.020939,0.120812,0.003523,0.134819,0.00137,0.002266
0,-0.141265,0.045476,-0.057516,-0.081953,-0.054737,-0.107661,0.002466,0.000794
0,-0.07683,-0.017368,0.037815,-0.043654,-0.007698,-0.078702,0.001341,0.000303
0,-0.156627,-0.008991,-0.087406,0.034134,-0.092238,0.042845,0.002734,0.000157
0,-0.253985,-0.13197,-0.092528,-0.108592,-0.127204,-0.14255,0.002258,0.002303
0,-0.344847,-0.135291,-0.066084,-0.005881,-0.030918,0.01203,0.000672,0.002361
0,-0.146126,0.117138,0.195272,0.24972,0.192556,0.249501,0.00255,0.002044
0,-0.168655,0.00182,-0.029022,-0.131244,-0.035331,-0.163403,0.002944,3.2e-05
0,-0.234785,0.022301,-0.078849,0.048991,-0.056173,0.053905,0.002593,0.000389
0,-0.221227,0.034231,0.024818,0.014402,0.00928,0.025312,0.00283,0.000597
0,-0.289117,0.056862,-0.045546,0.028592,-0.08526,0.033379,0.001645,0.000992
0,-0.201457,0.133944,0.112502,0.086062,0.1008,0.048169,0.003175,0.002338
0,-0.145723,0.089394,0.07902,-0.041736,0.06273,-0.013014,0.002543,0.00156
0,-0.080217,-0.097446,0.044919,-0.195449,0.018024,-0.194686,0.0014,0.001701
0,-0.257438,0.011381,-0.160491,0.124809,-0.13539,0.161998,0.002198,0.000199
0,-0.162712,-0.135214,0.089319,-0.169957,0.09799,-0.219632,0.00284,0.00236
0,-0.218693,0.15482,-0.041592,0.281301,-0.031734,0.23168,0.002874,0.002702
0,-0.293056,0.129441,-0.069937,-0.019801,-0.103204,0.01424,0.001576,0.002259
0,-0.169324,-0.006592,0.110464,-0.125183,0.096801,-0.112217,0.002955,0.000115
0,-0.263213,-0.005488,-0.112885,0.007182,-0.124784,0.050877,0.002097,9.6e-05
0,-0.288403,0.123643,-0.025127,0.101083,-0.013826,0.103803,0.001657,0.002158
0,-0.228053,0.068236,0.037138,-0.057319,0.021088,-0.100334,0.002711,0.001191
0,-0.04484,-0.046104,0.167101,-0.126689,0.161618,-0.167291,0.000783,0.000805
0,-0.276881,-0.112466,-0.21336,-0.063185,-0.248701,-0.073541,0.001858,0.001963
0,-0.202346,0.043433,0.067823,0.170493,0.111172,0.199414,0.003159,0.000758
0,-0.341249,-0.0789,-0.137627,-0.102304,-0.088375,-0.134701,0.000735,0.001377
0,-0.181676,-0.069956,0.183932,-0.015827,0.182426,-0.042591,0.003171,0.001221
0,-0.071203,0.115654,0.097703,0.184512,0.130648,0.158076,0.001243,0.002019
0,-0.126441,0.147477,-0.075961,0.020579,-0.055525,0.066228,0.002207,0.002574
0,-0.149117,0.034059,-0.024815,-0.103504,-0.053138,-0.126958,0.002603,0.000594
0,-0.055169,-0.015742,0.069352,-0.039454,0.088248,-0.018333,0.000963,0.000275
0,-0.137188,-0.098769,-0.05529,-0.072118,-0.0285,-0.058696,0.002394,0.001724
0,-0.243355,-0.054255,-0.132355,0.048104,-0.153019,0.010844,0.002443,0.000947
0,-0.092652,0.087059,0.169011,0.169554,0.17561,0.138887,0.001617,0.001519
0,0.056629,0.000173,0.135939,-0.109721,0.162473,-0.137209,0.000988,3e-06
0,0.002187,0.082817,-0.03514,0.097552,-0.075955,0.141944,3.8e-05,0.001445
0,0.038386,-0.078129,0.059651,-0.150516,0.050235,-0.199967,0.00067,0.001364
0,0.082165,0.135052,0.020664,0.23621,0.047716,0.243346,0.001434,0.002357
0,-0.010775,-0.147527,-0.099665,-0.259688,-0.149383,-0.27263,0.000188,0.002575
0,0.027449,-0.020296,0.04147,0.129598,0.078239,0.139442,0.000479,0.000354
0,0.232739,-0.052488,0.182383,-0.036403,0.192596,-0.065007,0.002629,0.000916
0,-0.000183,-0.04487,-0.207358,0.015049,-0.224312,0.018072,3e-06,0.000783
0,0.268404,-0.083595,0.247185,-0.018643,0.219527,-0.065039,0.002006,0.001459
0,0.26047,0.141979,-0.001299,0.253234,-0.02071,0.270956,0.002145,0.002478
0,0.201672,-0.07566,-0.037672,-0.240372,-0.081391,-0.235948,0.003171,0.001321
0,0.143884,0.001409,-0.057733,0.096379,-0.032027,0.053767,0.002511,2.5e-05
0,-0.021779,-0.072173,-0.18731,-0.066627,-0.221742,-0.059239,0.00038,0.00126
0,0.239233,-0.073774,0.27478,0.016304,0.309447,0.042823,0.002515,0.001288
0,0.220615,-0.080278,0.001762,-0.012197,-0.021573,-0.015328,0.00284,0.001401
0,0.20303,0.111036,-0.005895,0.173023,-0.010493,0.214452,0.003147,0.001938
0,0.217477,0.09296,0.044103,-0.00789,0.091527,-0.057047,0.002895,0.001622
0,0.112804,0.162432,-0.124775,0.08964,-0.087494,0.086062,0.001969,0.002835
0,0.07163,0.150549,-0.058768,0.017761,-0.081377,0.029638,0.00125,0.002628
0,0.195355,0.075761,0.110609,-0.050046,0.068628,-0.052092,0.003281,0.001322
0,-0.041605,0.186348,-0.261922,0.137243,-0.279242,0.130397,0.000726,0.003252
0,0.129643,0.063903,0.188201,-0.151783,0.160433,-0.148066,0.002263,0.001115
0,0.108845,-0.104325,-0.032533,-0.182467,-0.044371,-0.157191,0.0019,0.001821
0,-0.053709,-0.115245,-0.176462,-0.009793,-0.174298,0.036504,0.000937,0.002011
0,-0.032104,-0.068806,0.048113,0.02831,0.003691,-0.017864,0.00056,0.001201
0,0.119787,-0.086212,0.122592,0.011059,0.104661,-0.008081,0.002091,0.001505
0,0.152261,-0.107409,0.029637,-0.042171,-0.01644,-0.02417,0.002657,0.001875
0,-0.089186,-0.090141,-0.228245,0.009797,-0.186935,0.014026,0.001557,0.001573
0,0.197322,0.067487,0.285515,0.151959,0.264306,0.17515,0.003247,0.001178
0,-0.003328,0.121339,-0.208219,0.080285,-0.21501,0.072988,5.8e-05,0.002118
0,0.033072,0.048874,0.007135,-0.049002,0.035535,-0.048254,0.000577,0.000853
0,0.167635,-0.105462,0.116248,-0.14523,0.078637,-0.157426,0.002926,0.001841
0,0.204835,-0.042346,0.062149,0.062452,0.015552,0.101013,0.003116,0.000739
0,0.026374,-0.059919,-0.185527,-0.010628,-0.198288,0.007534,0.00046,0.001046
0,0.181665,0.098203,0.140142,0.130557,0.11935,0.169634,0.003171,0.001714
0,0.096625,-0.031481,-0.065117,-0.134016,-0.02409,-0.132352,0.001686,0.000549
0,0.110489,-0.092646,-0.012694,-0.03117,-0.028833,0.018499,0.001928,0.001617
0,0.054219,-0.075533,-0.076182,-0.003401,-0.081616,0.046034,0.000946,0.001318
0,-0.052635,0.041956,-0.100088,0.145361,-0.064202,0.159449,0.000919,0.000732
0,0.010456,-0.078057,0.078303,-0.107943,0.09348,-0.0977,0.000182,0.001362
0,-0.06327,-0.141544,-0.062301,-0.070561,-0.108904,-0.025743,0.001104,0.00247
0,-1.052936,-0.711208,-1.015692,-0.577237,-1.019793,-0.570966,0.001695,0.000969
0,-2.900831,-0.862114,-1.857924,-0.140204,-1.809392,-0.17937,0.002897,0.001665
0,-3.305717,-0.948463,-0.391735,-0.071712,-0.355978,-0.085284,0.002522,0.003172
0,-3.372273,-0.884129,-0.093194,0.081862,-0.047774,0.116129,0.00136,0.002049
0,-2.324596,-0.75409,1.047997,0.15479,1.054188,0.145909,0.000427,0.00022
0,-2.044663,-0.455587,0.304605,0.318426,0.257385,0.338985,0.002232,0.001261
0,-1.260968,-0.278385,0.77996,0.206444,0.735718,0.200388,0.001936,0.001832
0,-0.624288,-0.26709,0.62372,0.034063,0.629652,-2.4e-05,0.002486,0.002029
0,-0.295908,-0.248736,0.299789,0.04496,0.271746,0.060718,0.001526,0.00235
0,-0.014249,-0.102161,0.30787,0.143104,0.314434,0.165082,0.000249,0.001783
0,0.191861,-0.093607,0.209195,0.006251,0.220537,0.045418,0.003342,0.001634
0,0.307745,0.068503,0.104074,0.190464,0.101653,0.188064,0.00132,0.001196
0,0.17664,0.200457,-0.104568,0.119588,-0.119493,0.123041,0.003083,0.003192
0,0.35802,0.111406,0.160852,-0.073125,0.132399,-0.117458,0.000442,0.001944
0,0.222391,-0.044845,-0.146204,-0.126734,-0.158171,-0.086061,0.002809,0.000783
0,0.017974,0.018712,-0.228336,0.059824,-0.196738,0.027961,0.000314,0.000327
0,0.139395,0.070519,0.104667,0.054434,0.123665,0.073762,0.002433,0.001231
0,0.021279,0.043091,-0.098398,-0.052145,-0.112291,-0.073773,0.000371,0.000752
0,0.070188,-0.036993,0.07133,-0.094716,0.079767,-0.098547,0.001225,0.000646
0,0.116814,-0.080676,0.040043,-0.041868,0.000315,-0.059543,0.002039,0.001408
0,0.13119,0.112878,0.024202,0.175427,-0.004932,0.145683,0.00229,0.00197
0,0.114622,0.022392,0.002806,-0.066165,-0.022891,-0.091893,0.002001,0.000391
0,-0.130689,-0.055185,-0.239393,-0.095669,-0.262563,-0.115123,0.002281,0.000963
0,0.147833,-0.099612,0.258216,-0.058432,0.257803,-0.073034,0.00258,0.001739
0,0.120282,-0.093938,-0.042123,0.00689,-0.05637,-0.00481,0.002099,0.00164
0,0.139773,-0.075785,0.031293,0.007564,0.004145,-0.019345,0.002439,0.001323
0,0.088753,-0.069975,-0.058661,-0.019442,-0.011136,0.027761,0.001549,0.001221
0,0.083987,0.140351,-0.005941,0.194778,0.015889,0.24051,0.001466,0.00245
0,0.123493,-0.067811,0.04957,-0.183299,0.061853,-0.191976,0.002155,0.001184
0,-0.124367,-0.07818,-0.267206,0.010975,-0.224932,-0.018311,0.002171,0.001364
0,0.123527,-0.074734,0.225945,-0.006804,0.248353,-0.032345,0.002156,0.001304
0,0.043589,0.117696,-0.108238,0.206312,-0.094179,0.168433,0.000761,0.002054
0,-0.033856,0.048418,-0.078802,-0.07769,-0.107262,-0.114693,0.000591,0.000845
0,-0.118396,-0.097317,-0.076969,-0.16989,-0.066542,-0.188987,0.002066,0.001698
0,-0.034666,-0.108733,0.075645,-0.013676,0.090781,-0.051405,0.000605,0.001898
0,-0.148784,0.097589,-0.124204,0.193405,-0.07523,0.230222,0.002597,0.001703
0,-0.173815,-0.011207,-0.02193,-0.137036,-0.032265,-0.10301,0.003034,0.000196
0,0.059994,0.021078,0.224343,0.033311,0.210425,-0.015277,0.001047,0.000368
0,-0.084374,0.134253,-0.15017,0.096103,-0.123563,0.05364,0.001473,0.002343
0,-0.116605,0.158249,-0.014806,0.006535,0.029647,0.03498,0.002035,0.002762
0,-0.138853,0.076259,-0.040306,-0.075935,-0.039039,-0.040189,0.002423,0.001331
0,-0.049359,-0.118512,0.084775,-0.205402,0.079588,-0.229774,0.000861,0.002068
0,-0.212418,0.027968,-0.19244,0.141554,-0.16493,0.165821,0.002983,0.000488
0,0.037657,-0.0912,0.246921,-0.145228,0.286717,-0.143161,0.000657,0.001592
0,-0.076318,0.050573,-0.109934,0.138896,-0.090098,0.15487,0.001332,0.000883
0,-0.002499,-0.030462,0.093053,-0.077838,0.094452,-0.065728,4.4e-05,0.000532
0,-0.025387,-0.089364,-0.005474,-0.041117,-0.011422,-0.084049,0.000443,0.00156
0,-0.21944,0.063251,-0.207528,0.142844,-0.256067,0.109598,0.002861,0.001104
0,-0.318183,-0.013657,-0.08961,-0.059883,-0.09564,-0.065221,0.001137,0.000238
0,-0.124576,-0.014138,0.215827,0.017072,0.184336,0.059508,0.002174,0.000247
0,-0.242917,0.060888,-0.136082,0.089616,-0.140168,0.058804,0.002451,0.001063
0,-0.052382,0.139069,0.209808,0.097988,0.234626,0.075781,0.000914,0.002427
0,-0.035958,-0.016745,0.019235,-0.133069,0.040253,-0.103555,0.000628,0.000292
0,-0.143742,-0.078512,-0.086098,-0.036631,-0.072246,0.001741,0.002509,0.00137
0,0.05654,0.172175,0.192114,0.246852,0.239166,0.269191,0.000987,0.003005
0,0.060055,-0.034745,0.025981,-0.209834,0.040762,-0.24401,0.001048,0.000606
0,-0.107399,0.017402,-0.170609,0.080258,-0.195077,0.044903,0.001874,0.000304
0,-0.050617,-0.090996,0.058314,-0.082332,0.012695,-0.074581,0.000883,0.001588
0,-0.217573,-0.133535,-0.163991,-0.024969,-0.127014,-0.050123,0.002893,0.002331
0,-0.148321,-0.16221,0.06068,-0.004431,0.031884,-0.043736,0.002589,0.002831
0,-0.040441,0.019918,0.097823,0.157601,0.127351,0.154048,0.000706,0.000348
0,0.046596,0.06911,0.097477,0.022139,0.1416,0.017604,0.000813,0.001206
0,-0.115186,-0.1141,-0.175882,-0.200741,-0.12654,-0.178603,0.00201,0.001991
0,-0.603145,-0.564804,-0.505568,-0.423744,-0.534597,-0.425168,0.002855,0.003167
0,-0.878326,-0.980331,-0.291957,-0.433246,-0.27176,-0.418239,0.001948,0.002962
0,-0.83276,-0.832551,0.043163,0.151202,0.036494,0.129889,0.001153,0.001149
0,-1.079368,-0.867807,-0.234184,-0.019407,-0.227272,0.017572,0.001234,0.001764
0,-1.006978,-0.887882,0.094724,-0.002401,0.058592,0.006828,0.002497,0.002115
0,-1.110064,-0.938305,-0.094995,-0.023809,-0.065021,0.024191,0.000698,0.002995
0,-0.718871,-0.954112,0.396211,-0.043368,0.422536,-0.079216,0.000835,0.003271
0,-0.52196,-0.627122,0.199485,0.302748,0.184354,0.27488,0.002419,0.002436
0,-0.085989,-0.418001,0.452394,0.202837,0.441954,0.226935,0.001501,0.000605
0,-0.093295,-0.382213,-0.031763,0.015462,-0.00976,0.036586,0.001628,2e-05
0,-0.162741,-0.127324,-0.046973,0.280878,-0.075486,0.312396,0.00284,0.002222
0,-0.011752,-0.220427,0.180729,-0.068221,0.200801,-0.086342,0.000205,0.002844
0,0.009895,-0.228483,0.036334,0.012992,0.021863,0.013988,0.000173,0.002703
0,0.179168,0.040232,0.155213,0.266498,0.156898,0.30617,0.003127,0.000702
0,-0.065037,0.085306,-0.220055,0.031722,-0.257836,0.009783,0.001135,0.001489
0,0.173752,0.193934,0.226093,0.091294,0.218337,0.121934,0.003033,0.003306
0,0.006894,0.185764,-0.143714,-0.021735,-0.184433,-0.053439,0.00012,0.003242
0,0.195413,0.053398,0.20526,-0.143137,0.157982,-0.15203,0.00328,0.000932
0,-0.090722,0.060522,-0.289461,-0.015792,-0.300247,0.011324,0.001583,0.001056
0,0.002498,0.171554,0.104696,0.091504,0.150925,0.13267,4.4e-05,0.002994
0,0.002079,0.046226,0.025896,-0.151924,-0.01313,-0.173697,3.6e-05,0.000807
0,-0.072437,-0.032044,-0.068874,-0.078344,-0.027391,-0.063222,0.001264,0.000559
0,0.01042,-0.078544,0.083664,-0.075406,0.117029,-0.030484,0.000182,0.001371
0,0.116369,0.071852,0.098104,0.178511,0.117404,0.211713,0.002031,0.001254
0,0.038598,0.003824,-0.099494,-0.093044,-0.094111,-0.04462,0.000674,6.7e-05
0,0.013065,-0.069547,-0.021333,-0.060485,-0.009034,-0.088563,0.000228,0.001214
0,0.17795,-0.025226,0.137297,0.070794,0.137001,0.060405,0.003106,0.00044
0,-0.01353,0.089583,-0.173797,0.14343,-0.144438,0.110771,0.000236,0.001564
0,-0.033062,-0.010285,-0.033346,-0.079181,-0.063329,-0.059802,0.000577,0.00018
0,-0.079874,0.154272,-0.063714,0.166476,-0.100417,0.195311,0.001394,0.002693
0,-0.006221,-0.017124,0.102327,-0.163599,0.069587,-0.154777,0.000109,0.000299
0,0.1734,0.112071,0.17332,0.147519,0.217641,0.114906,0.003026,0.001956
0,-0.01598,0.071544,-0.160846,-0.053827,-0.143745,-0.050212,0.000279,0.001249
0,-0.075071,-0.153814,-0.083234,-0.238188,-0.115435,-0.233484,0.00131,0.002685
0,0.092504,0.03839,0.162681,0.163867,0.196319,0.13011,0.001615,0.00067
0,0.123646,-0.154575,0.039152,-0.199521,0.028646,-0.224429,0.002158,0.002698
0,0.032264,-0.062888,-0.080259,0.077656,-0.030479,0.113428,0.000563,0.001098
0,0.023158,-0.104458,0.015482,-0.046946,0.016651,-0.03556,0.000404,0.001823
0,0.298299,0.03873,0.289956,0.128728,0.323719,0.086207,0.001485,0.000676
0,0.266859,-0.026931,-0.022826,-0.043792,-0.013249,-0.048849,0.002033,0.00047
0,0.322363,-0.058541,0.075192,-0.016306,0.0578,-0.052727,0.001065,0.001022
0,0.265925,-0.133938,-0.052896,-0.062063,-0.04326,-0.073466,0.00205,0.002338
0,0.196635,-0.174946,-0.063251,-0.070546,-0.073177,-0.082834,0.003259,0.003053
0,0.247364,0.027215,0.050143,0.212437,0.098784,0.21929,0.002373,0.000475
0,1.228633,-1.52412,0.996917,-1.534203,1.003516,-1.50059,0.001371,0.000162
0,1.608021,-1.621493,0.358941,-0.073427,0.336332,-0.053759,0.001302,0.001537
0,2.167662,-1.915532,0.555625,-0.315542,0.525545,-0.339465,0.002312,2.2e-05
0,1.927928,-2.411864,-0.255621,-0.508312,-0.29178,-0.529041,0.000195,0.00195
0,1.894861,-1.70282,-0.06198,0.708286,-0.050921,0.693174,0.000383,0.002957
0,1.432346,-1.41031,-0.467381,0.273236,-0.419195,0.315605,0.001764,0.002149
0,1.027264,-1.24863,-0.42778,0.17874,-0.450672,0.170412,0.002143,0.00172
0,0.882482,-0.784054,-0.128687,0.483279,-0.163085,0.515903,0.002021,0.000303
0,0.409608,-0.679831,-0.481932,0.075355,-0.456815,0.038794,0.000458,0.001516
0,0.070197,-0.312808,-0.319253,0.354871,-0.366335,0.306182,0.001225,0.001231
0,0.132287,-0.112036,0.081216,0.210189,0.120581,0.176527,0.002309,0.001955
0,0.041455,-0.068783,-0.069652,0.028783,-0.095724,0.03098,0.000724,0.0012
0,-0.051658,0.165825,-0.079874,0.263587,-0.119197,0.257542,0.000902,0.002894
0,-0.185808,0.06615,-0.113379,-0.096583,-0.079109,-0.104555,0.003243,0.001155
0,-0.063986,0.064966,0.14344,0.026788,0.154207,0.022041,0.001117,0.001134
0,-0.129436,0.026851,-0.090654,-0.046183,-0.043914,-0.021103,0.002259,0.000469
0,-0.083835,-0.002642,0.062222,-0.051753,0.107463,-0.065901,0.001463,4.6e-05
0,-0.266203,0.013993,-0.202262,0.036965,-0.168762,0.031312,0.002045,0.000244
0,-0.050267,0.128355,0.240437,0.133212,0.212543,0.099812,0.000877,0.00224
0,-0.013628,0.101121,0.035583,-0.023288,-0.008953,-0.068605,0.000238,0.001765
0,-0.119754,0.122604,-0.083572,0.000194,-0.071308,0.009088,0.00209,0.00214
0,-0.211656,0.216668,-0.112162,0.077655,-0.075126,0.057625,0.002997,0.002909
0,-0.05664,0.175663,0.130865,-0.056576,0.091466,-0.012947,0.000989,0.003066
0,-0.018263,0.150704,0.047492,-0.012498,0.01617,-0.027447,0.000319,0.00263
0,-0.096831,0.171526,-0.107695,0.032752,-0.093699,0.011021,0.00169,0.002994
0,-0.093602,0.136683,-0.019854,-0.012539,-0.027415,-0.035045,0.001634,0.002386
0,-0.150599,0.156873,-0.046856,-0.009231,-0.079736,-0.046515,0.002628,0.002738
0,-0.140438,0.149969,0.016486,-0.0043,0.00197,0.042693,0.002451,0.002617
0,-0.025636,-0.011106,0.106348,-0.131547,0.090972,-0.086337,0.000447,0.000194
0,0.144236,0.009368,0.173343,0.018065,0.167859,-0.004334,0.002517,0.000163
0,0.089661,0.074148,-0.051791,0.065044,-0.009384,0.078185,0.001565,0.001294
0,0.036688,0.119065,-0.078769,0.072583,-0.057921,0.023606,0.00064,0.002078
0,0.030804,0.039511,-0.000499,-0.107282,-0.040345,-0.132441,0.000538,0.00069
0,0.140181,0.02793,0.097191,-0.038018,0.125169,-0.019321,0.002447,0.000487
0,-0.024888,0.074467,-0.164828,0.049626,-0.185437,0.067092,0.000434,0.0013
0,0.105368,0.173261,0.159342,0.085473,0.207151,0.046034,0.001839,0.003024
0,0.011789,0.165093,-0.116217,-0.000124,-0.094308,0.007247,0.000206,0.002881
0,-0.111489,0.087422,-0.116861,-0.061465,-0.119714,-0.019043,0.001946,0.001526
0,0.033881,0.037699,0.154092,-0.073996,0.166737,-0.049427,0.000591,0.000658
0,-0.144071,0.038785,-0.160448,-0.02648,-0.155492,-0.038949,0.002515,0.000677
0,-0.009787,0.128702,0.139224,0.082112,0.187856,0.130235,0.000171,0.002246
0,-0.16359,0.21369,-0.125502,0.091824,-0.142487,0.103539,0.002855,0.002961
0,-0.094581,-0.053013,0.066381,-0.265534,0.066125,-0.264113,0.001651,0.000925
0,-0.017173,0.004366,0.095945,0.083987,0.100782,0.120832,0.0003,7.6e-05
0,0.033439,0.228577,0.068189,0.236739,0.117664,0.237712,0.000584,0.002701
0,-1.5332,-0.200667,-1.56682,-0.419656,-1.616545,-0.407419,4e-06,0.003189
0,-1.807618,-0.223663,-0.246319,-0.040513,-0.218952,-0.019496,0.001905,0.002787
0,-2.726383,-0.227165,-0.899534,0.011219,-0.920041,-0.028584,0.000749,0.002726
0,-2.620052,-0.351392,0.091658,-0.122592,0.125508,-0.09326,0.001107,0.000558
0,-2.677324,-0.100045,-0.066222,0.265654,-0.0274,0.28646,0.000108,0.001746
0,-2.082953,-0.169545,0.614611,-0.05937,0.655945,-0.051459,0.0029,0.002959
0,-1.553059,-0.062207,0.55634,0.102003,0.526901,0.143846,0.000343,0.001086
0,-1.248144,-0.238915,0.30508,-0.17475,0.343942,-0.209721,0.001712,0.002521
0,-0.901755,-0.164281,0.364539,0.088094,0.330342,0.108292,0.002357,0.002867
0,-0.492398,-0.10079,0.404041,0.036996,0.379378,0.02111,0.001903,0.001759
0,-0.355419,-0.09211,0.118282,0.037298,0.123168,0.068906,0.000488,0.001608
0,0.125184,-0.091128,0.478018,0.016762,0.488266,0.002533,0.002185,0.00159
0,0.241635,0.028365,0.103771,0.119539,0.076031,0.130795,0.002473,0.000495
0,0.165754,0.07267,-0.093973,0.03215,-0.103363,-0.009878,0.002893,0.001268
0,0.162818,-0.172788,-0.024795,-0.269682,-0.010888,-0.313512,0.002842,0.003016
0,0.309362,0.05248,0.15674,0.250347,0.152802,0.237631,0.001291,0.000916
0,0.227014,-0.161292,-0.093839,-0.198258,-0.079156,-0.211369,0.002729,0.002815
0,0.215657,-0.06976,-0.009911,0.088552,0.017051,0.112359,0.002927,0.001218
0,0.151326,-0.045109,-0.043811,0.034757,-0.016643,0.075794,0.002641,0.000787
0,0.235558,-0.186599,0.0744,-0.127696,0.078123,-0.155776,0.00258,0.003257
0,0.245756,-0.12683,0.014381,0.041137,-0.027075,0.07814,0.002402,0.002214
0,0.131408,-0.184771,-0.100226,-0.041194,-0.134305,-0.032458,0.002293,0.003225
0,0.167705,-0.055086,0.025289,0.123537,-0.001516,0.08517,0.002927,0.000961
0,-0.05601,-0.209532,-0.216506,-0.164915,-0.261105,-0.132813,0.000978,0.003034
0,0.136976,0.109422,0.182755,0.325616,0.155497,0.34185,0.002391,0.00191
0,-0.006925,-0.145392,-0.138734,-0.235181,-0.103077,-0.262627,0.000121,0.001546
0,0.000138,-0.120189,0.004368,0.016234,0.021251,-0.004599,2e-06,0.001546
0,-0.137879,0.165029,-0.148625,0.266834,-0.163807,0.242447,0.002406,0.00288
0,-0.040003,-0.026334,0.110026,-0.162467,0.12465,-0.198651,0.000698,0.001546
0,0.124562,0.181836,0.185308,0.235523,0.216392,0.270705,0.002174,0.003174
0,0.058459,0.105299,-0.045493,-0.087227,-0.041047,-0.136111,0.00102,0.001838
0,0.042858,0.005363,-0.043951,-0.09578,0.005792,-0.13121,0.000748,0.001546
0,0.083729,0.015412,0.026986,0.020414,0.075059,-0.024325,0.001461,0.001546
0,-0.068534,0.100787,-0.129816,0.108411,-0.097645,0.139536,0.001196,0.001759
0,-0.077879,0.167795,-0.030769,0.082322,0.0171,0.119077,0.001359,0.002929
0,-0.094434,0.102546,0.010625,-0.076305,0.02697,-0.091662,0.001648,0.00179
0,-0.192813,0.000645,-0.110319,-0.080467,-0.126394,-0.05071,0.003326,0.001546
0,0.040429,0.15053,0.230631,0.171927,0.271616,0.134877,0.000706,0.002627
0,-0.039776,0.054165,-0.08063,-0.086594,-0.061277,-0.085161,0.000694,0.001546
0,-0.00477,-0.065369,0.055083,-0.112499,0.033494,-0.12694,8.3e-05,0.001546
0,0.014977,0.064525,0.000183,0.143733,-0.002163,0.096173,0.000261,0.001546
0,0.106238,0.046165,0.091755,-0.001905,0.108898,0.046548,0.001854,0.001546
0,0.158291,0.075631,0.077881,0.014697,0.064787,0.034159,0.002763,0.001546
0,0.136829,0.147106,-0.033855,0.068731,-0.041803,0.09439,0.002388,0.002567
0,0.084462,0.072326,-0.065009,-0.058389,-0.022798,-0.029955,0.001474,0.001546
0,0.162791,-0.018343,0.052428,-0.113412,0.053647,-0.092625,0.002841,0.001546
0,0.186881,0.087598,0.005796,0.092848,-0.040122,0.135383,0.003262,0.001546
0,0.177814,-0.014955,-0.008636,-0.075474,-0.018713,-0.123988,0.003103,0.001546
0,0.024701,-0.094716,-0.142066,-0.05039,-0.180224,-0.03452,0.000431,0.001546
0,0.148361,0.117408,0.111704,0.221944,0.075747,0.23572,0.002589,0.002049
0,0.052945,-0.099355,-0.103938,-0.216053,-0.127136,-0.224232,0.000924,0.001546
0,0.02346,-0.136984,-0.007043,-0.019269,0.033189,-0.025492,0.000409,0.001546
0,-0.080992,-0.090915,-0.12614,0.070675,-0.168703,0.063277,0.001414,0.001546
0,-0.013186,0.038128,0.081582,0.150557,0.055634,0.105553,0.00023,0.001546
0,0.027055,0.085103,0.020354,0.029307,0.053697,0.061902,0.000472,0.001546
0,0.030849,0.151528,0.011993,0.0741,0.052717,0.052486,0.000538,0.002645
0,-0.22704,0.066012,-0.252765,-0.080881,-0.232185,-0.073321,0.002728,0.001546
0,-0.053331,0.005046,0.172473,-0.090365,0.15871,-0.095016,0.000931,0.001546
0,-0.213212,0.141956,-0.184381,0.157821,-0.165353,0.152241,0.00297,0.002478
0,-0.065295,0.210256,0.142244,0.049776,0.105984,0.019608,0.00114,0.003021
0,-0.00277,0.104419,0.063223,-0.111829,0.081856,-0.115167,4.8e-05,0.001822
0,-0.05112,0.077971,-0.018815,-0.027601,-0.041925,-0.068257,0.000892,0.001361
0,-0.040022,-0.071249,-0.015393,-0.143944,-0.004582,-0.166082,0.000699,0.001244
0,-0.089876,-0.085288,-0.057702,-0.000405,-0.096331,0.040862,0.001569,0.001489
0,-0.049392,-0.075673,0.041819,-0.01285,-0.004521,-0.029369,0.000862,0.001321
0,-0.110802,-0.093133,-0.07957,-0.009479,-0.070868,-0.02176,0.001934,0.001625
0,3.491362,-0.109164,3.599863,-0.021558,3.597732,-0.011769,0.000718,0.001905
0,4.243616,-0.14789,0.779251,-0.049986,0.73356,-0.077197,0.000466,0.002581
0,3.536422,0.014825,-0.717211,0.168477,-0.698843,0.193217,0.001505,0.000259
0,3.048809,-0.211505,-0.500013,-0.216384,-0.491398,-0.209722,0.000315,0.002999
0,2.343646,-0.108732,-0.733211,0.082717,-0.715243,0.09417,0.000759,0.001546
0,1.759615,-0.110807,-0.589572,-0.029663,-0.63137,-0.012071,0.002743,0.001546
0,1.098429,0.116805,-0.634935,0.231055,-0.60081,0.256954,0.000901,0.002039
0,0.771865,-0.070192,-0.30399,-0.164215,-0.282945,-0.177801,9e-05,0.001546
0,0.593063,-0.079379,-0.166411,-0.023482,-0.127457,0.022689,0.003031,0.001546
0,0.39471,0.123186,-0.174988,0.230978,-0.148182,0.261026,0.000198,0.00215
0,0.144745,0.048165,-0.240525,-0.09665,-0.270953,-0.115244,0.002526,0.001546
0,-0.080781,0.071447,-0.247221,0.040582,-0.283139,0.00623,0.00141,0.001546
0,-0.16518,-0.054919,-0.108893,-0.114252,-0.155593,-0.12722,0.002883,0.001546
0,-0.196022,-0.026862,-0.047888,-0.000725,-0.010686,0.03523,0.00327,0.001546
0,-0.261222,-0.09062,-0.035872,-0.078755,-0.083714,-0.112493,0.002132,0.001546
0,-0.169417,-0.075241,0.063586,0.042883,0.068174,0.081823,0.002957,0.001546
0,-0.296656,0.005428,-0.136757,0.105499,-0.1812,0.086885,0.001513,0.001546
0,-0.095112,-0.060105,0.171898,-0.065681,0.202306,-0.031006,0.00166,0.001546
0,0.010468,0.169604,0.105865,0.220146,0.136295,0.267918,0.000183,0.00296
0,-0.234323,0.120337,-0.27074,-0.031442,-0.314237,-0.051001,0.002601,0.0021
0,-0.192317,0.171599,0.04358,0.074398,0.045156,0.073023,0.003334,0.002995
0,0.045132,0.064646,0.221065,-0.129199,0.186213,-0.172459,0.000788,0.001546
0,0.127697,-0.046246,0.087453,-0.117228,0.045008,-0.134484,0.002229,0.001546
0,0.133253,0.048561,-0.018544,0.099777,-0.041207,0.054806,0.002326,0.001546
0,0.148977,-0.0507,0.038824,-0.093846,0.003719,-0.139772,0.0026,0.001546
0,0.193606,-0.062603,0.037484,-0.007894,0.048853,-0.038484,0.003312,0.001546
0,-0.003138,-0.121205,-0.214329,-0.073848,-0.187556,-0.063988,5.5e-05,0.001546
0,0.211923,-0.091705,0.228829,0.045252,0.213745,0.020224,0.002992,0.001546
0,0.156266,0.128981,-0.079726,0.225466,-0.115162,0.216158,0.002727,0.002251
0,0.194689,0.098489,0.040137,-0.05781,0.003799,-0.050386,0.003293,0.001719
0,0.085848,0.122313,-0.121426,0.013326,-0.155371,-0.028087,0.001498,0.002135
0,-0.055619,-0.056577,-0.157076,-0.203807,-0.116131,-0.246746,0.000971,0.001546
0,-0.076154,0.088119,-0.044131,0.160628,-0.050117,0.164605,0.001329,0.001546
0,0.186461,0.175135,0.292444,0.10831,0.297797,0.132622,0.003254,0.003057
0,0.155401,0.111357,-0.046728,-0.0719,-0.046179,-0.034361,0.002712,0.001944
0,0.0237,-0.093568,-0.160411,-0.225203,-0.188521,-0.230681,0.000414,0.001546
0,-0.11553,0.118634,-0.147253,0.19246,-0.183823,0.144491,0.002016,0.002071
0,-0.007821,-0.052054,0.088229,-0.199336,0.09087,-0.168554,0.000137,0.001546
0,-0.109841,0.07434,-0.101432,0.115501,-0.078912,0.147954,0.001917,0.001546
0,0.121109,0.13825,0.211121,0.074847,0.248361,0.029112,0.002114,0.002413
0,-0.156293,0.066097,-0.25565,-0.063438,-0.233908,-0.035392,0.002728,0.001546
0,0.040077,0.055556,0.173607,-0.024901,0.175891,-0.036561,0.000699,0.001546
0,0.06066,-0.025367,0.030246,-0.083361,0.004621,-0.048866,0.001059,0.001546
0,-0.107682,-0.084798,-0.173316,-0.055326,-0.198891,-0.017738,0.001879,0.001546
0,-0.226884,0.133227,-0.09701,0.23627,-0.079806,0.271011,0.002731,0.002325
0,-0.146219,-0.109163,0.073055,-0.234812,0.109793,-0.247339,0.002552,0.001546
0,-0.036639,0.113611,0.125558,0.218445,0.145299,0.190741,0.000639,0.001983
0,-0.142861,-0.025997,-0.092432,-0.135127,-0.065354,-0.16836,0.002493,0.001546
0,-0.180528,0.093212,-0.018578,0.127726,-0.040399,0.148295,0.003151,0.001627
0,-0.109766,-0.099705,0.061396,-0.163975,0.052536,-0.149209,0.001916,0.001546
0,-0.160313,0.112921,-0.063302,0.237582,-0.04404,0.205673,0.002798,0.001971
0,-0.273681,0.163922,-0.116665,0.044579,-0.123577,0.049194,0.001914,0.002861
0,-0.247676,-0.042862,0.011784,-0.209218,0.021227,-0.194567,0.002368,0.001546
0,-0.104377,-0.078676,0.138385,-0.007078,0.17634,-0.007522,0.001822,0.001546
0,-0.22969,-0.020541,-0.116139,0.046793,-0.157954,0.014591,0.002682,0.001546
0,-0.023416,-0.041049,0.17975,-0.031456,0.154862,-0.038003,0.000409,0.001546
0,0.012926,0.042571,0.01303,0.088919,0.054086,0.038955,0.000226,0.001546
0,-0.17795,-0.005176,-0.205748,-0.043359,-0.234285,-0.047502,0.003106,0.001546
0,-0.180092,0.05737,-0.031995,0.049675,-0.035109,0.094759,0.003143,0.001546
0,-0.10926,0.011051,0.087925,-0.054756,0.080308,-0.059325,0.001907,0.001546
0,-0.213055,-0.091998,-0.12145,-0.094083,-0.170612,-0.13135,0.002972,0.001546
0,-0.120163,-0.131243,0.120517,-0.056152,0.124607,-0.041275,0.002097,0.001546
0,-0.200654,-0.184501,-0.060828,-0.056766,-0.049448,-0.047012,0.003189,0.001546
0,0.035738,-0.211968,0.244032,-0.033402,0.268521,-0.077723,0.000624,0.001546
0,-0.043318,0.0557,-0.084,0.276101,-0.058017,0.251707,0.000756,0.001546
0,-0.159074,-0.005498,-0.125672,-0.042977,-0.167039,-0.016706,0.002776,0.001546
0,-0.001805,-0.042016,0.135603,-0.03462,0.119665,-0.038925,3.2e-05,0.001546
0,-0.209453,-0.045004,-0.210036,0.013961,-0.238474,0.017909,0.003035,0.001546
0,-0.00926,0.013647,0.187789,0.054477,0.2151,0.084284,0.000162,0.001546
0,0.08954,-0.02535,0.09794,-0.014991,0.080708,-0.006672,0.001563,0.001546
0,0.104153,-0.133577,0.032189,-0.112157,0.029293,-0.10692,0.001818,0.001546
0,-0.079044,-0.120447,-0.179867,-0.010431,-0.137442,0.004057,0.00138,0.001546
0,-1.700297,0.60874,-1.643047,0.751207,-1.678568,0.791311,0.002913,0.002757
0,-1.522966,0.800527,0.155756,0.164096,0.149517,0.163457,0.000183,0.00059
0,-1.942793,0.90171,-0.441456,0.099905,-0.415171,0.075852,0.000454,0.002356
0,-1.805088,0.941708,0.161393,0.032761,0.125857,0.06034,0.001949,0.003054
0,-1.462155,1.050853,0.367759,0.079675,0.394369,0.041362,0.001244,0.001732
0,-1.065597,0.673061,0.40026,-0.35289,0.440333,-0.349972,0.001474,0.001635
0,-0.633933,0.729306,0.419192,0.056556,0.468674,0.058416,0.002317,0.000653
0,-0.663161,0.468188,-0.036526,-0.284077,-0.027821,-0.264608,0.001807,0.001481
0,-0.259677,0.475105,0.405499,0.022149,0.431479,0.022774,0.002159,0.001601
0,-0.027359,0.277799,0.260462,-0.214614,0.257361,-0.177865,0.000477,0.001842
0,0.06034,-0.010065,0.068253,-0.277292,0.025015,-0.292062,0.001053,0.000176
0,0.14176,-0.048274,0.088022,-0.016145,0.091562,-0.011831,0.002474,0.000843
0,0.231068,-0.241114,0.111516,-0.165137,0.115979,-0.170168,0.002658,0.002483
0,0.257907,0.013292,0.055342,0.256454,0.025305,0.212031,0.002189,0.000232
0,0.118161,-0.178656,-0.126204,-0.170631,-0.129296,-0.167351,0.002062,0.003118
0,0.207401,-0.049681,0.098622,0.112251,0.085774,0.149148,0.003071,0.000867
0,0.12033,-0.223388,-0.080354,-0.160748,-0.081456,-0.147546,0.0021,0.002792
0,0.242336,-0.066854,0.114187,0.132099,0.083797,0.099053,0.002461,0.001167
0,0.070093,0.079112,-0.185273,0.169318,-0.164322,0.209544,0.001223,0.001381
0,0.172738,-0.063455,0.126634,-0.1148,0.149376,-0.124913,0.003015,0.001107
0,-0.048437,0.021236,-0.246274,0.057774,-0.21845,0.018006,0.000845,0.000371
0,-0.031805,-0.029966,0.023395,-0.047236,0.018502,-0.015148,0.000555,0.000523
0,0.085628,-0.047549,0.107701,-0.016252,0.103111,-0.047221,0.001494,0.00083
0,0.055837,0.152982,-0.043131,0.181427,-0.093055,0.206122,0.000975,0.00267
0,-0.126595,-0.001116,-0.207876,-0.143653,-0.242273,-0.108937,0.00221,1.9e-05
0,0.002371,-0.122053,0.127751,-0.127279,0.151993,-0.130697,4.1e-05,0.00213
0,0.010416,0.118607,0.006026,0.248457,-0.003766,0.209112,0.000182,0.00207
0,0.008498,0.113234,0.006224,-0.014384,0.017336,-0.040705,0.000148,0.001976
0,0.07763,-0.062338,0.085434,-0.169593,0.131049,-0.166735,0.001355,0.001088
0,0.010948,0.069358,-0.078087,0.103608,-0.071142,0.150897,0.000191,0.001211
0,0.063645,0.083343,0.066075,0.018386,0.041079,0.043339,0.001111,0.001455
0,-0.149494,0.147178,-0.197036,0.061713,-0.158532,0.013128,0.002609,0.002569
0,0.080716,-0.072535,0.234731,-0.231275,0.277786,-0.227674,0.001409,0.001266
0,-0.167618,0.134975,-0.223503,0.202017,-0.177876,0.192778,0.002925,0.002356
0,0.000776,0.095625,0.156342,-0.030761,0.179214,0.018291,1.4e-05,0.001669
0,0.037858,-0.013382,0.062266,-0.123571,0.044602,-0.083839,0.000661,0.000234
0,-0.070223,0.194543,-0.089339,0.231497,-0.13659,0.252588,0.001226,0.003295
0,-0.074422,0.157457,-0.006246,-0.064855,-0.011901,-0.107103,0.001299,0.002748
0,0.028642,0.196995,0.100609,0.042423,0.057949,0.088086,0.0005,0.003253
0,0.022926,0.175126,-0.008791,-0.029621,-0.032902,-0.034621,0.0004,0.003057
0,0.035433,-0.026574,-0.003682,-0.179733,-0.01029,-0.169606,0.000618,0.000464
0,0.077761,0.076001,0.040108,0.131841,0.022145,0.131415,0.001357,0.001326
0,-0.066326,-0.153618,-0.168407,-0.214772,-0.136484,-0.213669,0.001158,0.002681
0,0.002144,0.010969,0.075948,0.152358,0.043567,0.164261,3.7e-05,0.000191
0,-0.199283,0.073894,-0.176111,0.054224,-0.133836,0.067528,0.003213,0.00129
0,0.004181,-0.100868,0.195817,-0.195391,0.243052,-0.189575,7.3e-05,0.00176
0,-0.131037,0.072593,-0.155826,0.200694,-0.179796,0.233918,0.002287,0.001267
0,-0.008395,-0.092786,0.119112,-0.180294,0.158583,-0.186772,0.000147,0.001619
0,0.076398,0.10953,0.094913,0.218491,0.133761,0.252831,0.001333,0.001912
0,0.0098,-0.076357,-0.050992,-0.162741,-0.048719,-0.137267,0.000171,0.001333
0,-0.076587,-0.041027,-0.079002,0.037965,-0.051415,0.080067,0.001337,0.000716
0,-0.195169,0.047173,-0.095513,0.089459,-0.087844,0.099107,0.003284,0.000823
0,-0.002887,-0.002371,0.221968,-0.042891,0.223379,-0.073286,5e-05,4.1e-05
0,-0.286389,0.011146,-0.311271,0.0303,-0.339472,0.005917,0.001692,0.000195
0,-0.274832,-0.115235,0.014817,-0.148933,0.061029,-0.198242,0.001894,0.002011
0,-0.255485,0.061054,0.036269,0.193221,0.07439,0.236561,0.002232,0.001066
0,-0.092435,0.001342,0.186752,-0.064522,0.178135,-0.100786,0.001613,2.3e-05
0,-0.160032,0.149639,-0.052518,0.162226,-0.101272,0.159866,0.002793,0.002612
0,-0.37753,-0.027162,-0.222149,-0.163389,-0.252849,-0.160617,0.000102,0.000474
0,-0.369798,-0.123727,0.003795,-0.107162,0.020154,-0.107677,0.000237,0.002159
0,-0.177329,-0.109172,0.205783,-0.014165,0.201198,-0.018351,0.003095,0.001905
0,-0.293254,0.087985,-0.117403,0.18186,-0.091155,0.174851,0.001573,0.001536
0,-0.173449,0.12807,0.115551,0.052109,0.092544,0.078115,0.003027,0.002235
0,-0.222575,-0.015095,-0.070927,-0.145101,-0.084929,-0.124045,0.002806,0.000263
0,-0.132701,-0.02529,0.08432,-0.000662,0.105062,0.011048,0.002316,0.000441
0,-0.342702,1.093131,-0.223875,1.103072,-0.192803,1.148057,0.00071,0.000994
0,-0.281765,1.823629,0.035276,0.752139,0.079451,0.731657,0.001773,0.001626
0,-0.517221,1.798663,-0.251817,0.0015,-0.273835,-0.048037,0.002336,0.002062
0,-0.411301,2.010015,0.087164,0.219177,0.101839,0.172156,0.000488,0.001627
0,-0.31446,1.658386,0.109,-0.326051,0.07591,-0.287675,0.001202,0.002181
0,-0.39628,1.406911,-0.111461,-0.224325,-0.113384,-0.262564,0.000226,0.002208
0,-0.347359,0.9087,0.054714,-0.503668,0.048474,-0.476138,0.000628,0.002478
0,-0.174169,0.602903,0.17648,-0.308419,0.21332,-0.342344,0.00304,0.002859
0,-0.169021,0.480256,0.004006,-0.134555,0.035699,-0.11139,0.00295,0.001691
0,-0.228312,0.535519,-0.079399,0.072675,-0.050195,0.118059,0.002706,0.002656
0,-0.144932,0.250666,0.100077,-0.296677,0.055796,-0.256212,0.00253,0.002316
0,0.102282,-0.059515,0.224081,-0.328053,0.180255,-0.288569,0.001785,0.001039
0,-0.07183,-0.125634,-0.159836,-0.087912,-0.207082,-0.117748,0.001254,0.002193
0,-0.144165,0.03063,-0.076963,0.170561,-0.103791,0.213786,0.002516,0.000535
0,0.097271,-0.266477,0.220235,-0.289748,0.24449,-0.242462,0.001698,0.00204
0,-0.014174,-0.106597,-0.139354,0.139618,-0.132005,0.153528,0.000247,0.00186
0,0.048692,-0.184369,0.035618,-0.052885,0.011462,-0.096218,0.00085,0.003218
0,0.118972,-0.103011,0.043171,0.082753,-0.000101,0.088692,0.002076,0.001798
0,-0.052764,-0.063373,-0.195951,0.035787,-0.19846,0.044863,0.000921,0.001106
0,-0.000766,-0.031857,0.0471,0.057996,0.021611,0.012514,1.3e-05,0.000556
0,0.147727,0.035899,0.14022,0.074069,0.162604,0.058521,0.002578,0.000627
0,-0.119337,0.027819,-0.261953,-0.017774,-0.275697,-0.017121,0.002083,0.000486
0,-0.107902,-0.147682,0.000792,-0.195334,0.042682,-0.180137,0.001883,0.002578
0,0.150124,-0.176709,0.258988,-0.007297,0.23005,-0.015057,0.00262,0.003084
0,-0.019526,-0.176462,-0.141794,-0.016161,-0.156418,-0.02703,0.000341,0.00308
0,0.080739,-0.089646,0.123313,0.094231,0.12283,0.077649,0.001409,0.001565
0,0.105501,-0.255079,0.050398,-0.168673,0.099873,-0.160689,0.001841,0.002239
0,-0.110875,-0.195626,-0.227832,0.077417,-0.182698,0.099469,0.001935,0.003276
0,-0.129387,0.113428,-0.035468,0.287868,-0.082245,0.306933,0.002258,0.00198
0,0.053796,0.006526,0.175685,-0.116217,0.216769,-0.165676,0.000939,0.000114
0,-0.117478,0.138267,-0.187025,0.106054,-0.23577,0.138911,0.00205,0.002413
0,0.018233,0.169469,0.164557,0.048509,0.137224,0.020861,0.000318,0.002958
0,0.045497,-0.046105,0.018956,-0.195956,0.062443,-0.180754,0.000794,0.000805
0,0.123058,0.01597,0.060325,0.09136,0.065673,0.047665,0.002148,0.000279
0,0.027017,0.228044,-0.115016,0.232594,-0.07234,0.200721,0.000472,0.002711
0,-0.011481,0.188917,-0.013039,-0.029114,-0.040241,-0.064718,0.0002,0.003297
0,-0.065245,0.070571,-0.045877,-0.131395,-0.017587,-0.175523,0.001139,0.001232
0,-0.046234,0.209208,0.043394,0.117288,0.024127,0.143895,0.000807,0.003039
0,-0.071887,0.196896,-0.049366,-0.010264,-0.075885,0.024138,0.001255,0.003254
0,-0.146701,0.053584,-0.089966,-0.130297,-0.087689,-0.097886,0.00256,0.000935
0,-0.008372,0.227429,0.161795,0.154558,0.149383,0.114456,0.000146,0.002721
0,-0.127629,-0.009326,-0.094999,-0.254322,-0.110792,-0.239426,0.002228,0.000163
0,0.03224,0.073235,0.165021,0.068729,0.156554,0.068101,0.000563,0.001278
0,-0.001529,-0.010187,-0.025356,-0.103235,-0.072447,-0.139823,2.7e-05,0.000178
0,-0.031595,0.146325,-0.013307,0.136949,-0.002933,0.154984,0.000551,0.002554
0,-0.055297,0.258238,0.004672,0.113009,0.002738,0.065872,0.000965,0.002184
0,0.011957,0.156228,0.079176,-0.078405,0.032661,-0.107942,0.000209,0.002727
0,-0.018878,0.04992,-0.059577,-0.126441,-0.082234,-0.155187,0.000329,0.000871
0,0.121823,0.170286,0.144744,0.136046,0.111316,0.142242,0.002126,0.002972
0,0.058172,0.000327,-0.079802,-0.177244,-0.063477,-0.160919,0.001015,6e-06
0,-0.082506,-0.054253,-0.140492,-0.083998,-0.182574,-0.039362,0.00144,0.000947
0,-0.154166,-0.103762,-0.092531,-0.067868,-0.088054,-0.066277,0.002691,0.001811
0,-0.092349,-0.121136,0.070271,-0.046846,0.092667,-0.094496,0.001612,0.002114
0,0.010554,-0.04438,0.127103,0.06133,0.100471,0.036383,0.000184,0.000775
0,-0.046814,-0.111165,-0.078345,-0.088835,-0.127674,-0.08866,0.000817,0.00194
0,-0.032323,-0.046876,0.032248,0.060829,0.075963,0.036149,0.000564,0.000818
0,-0.158576,0.111386,-0.153603,0.176579,-0.143271,0.182086,0.002768,0.001944
0,0.062412,0.124693,0.227481,-0.010113,0.210167,-0.022471,0.001089,0.002176
0,0.089073,0.14509,0.007337,0.017078,0.037026,0.055141,0.001555,0.002532
0,-0.011453,0.085524,-0.079157,-0.048177,-0.080348,-0.041503,0.0002,0.001493
0,0.088876,-0.103968,0.073061,-0.199545,0.0645,-0.183551,0.001551,0.001815
0,0.080283,0.130422,0.013994,0.21051,0.011042,0.194454,0.001401,0.002276
0,-0.046522,-0.017276,-0.112901,-0.151557,-0.121965,-0.193163,0.000812,0.000302
0,-0.058222,0.051884,0.014889,0.077684,0.057416,0.05783,0.001016,0.000906
0,-0.170484,-0.102162,-0.101325,-0.163755,-0.076572,-0.167251,0.002976,0.001783
0,-0.060287,0.020055,0.121072,0.120251,0.119086,0.143986,0.001052,0.00035
0,0.01376,-0.114636,0.081031,-0.11974,0.090456,-0.098062,0.00024,0.002001
0,-0.047242,-0.040467,-0.04849,0.088727,-0.064703,0.086217,0.000825,0.000706
0,-0.174171,-0.129519,-0.099109,-0.090644,-0.094635,-0.05463,0.00304,0.002261
0,-0.139564,0.075347,0.012828,0.222313,0.028661,0.228186,0.002436,0.001315
0,-0.169407,0.042568,-0.012984,-0.04917,-0.052197,-0.068103,0.002957,0.000743
0,-0.09359,-0.140579,0.104556,-0.199099,0.12914,-0.215481,0.001633,0.002454
0,-0.131397,-0.138543,-0.034591,-0.015163,-0.053222,0.006199,0.002293,0.002418
0,-0.103455,0.055179,0.040094,0.180927,0.05346,0.158619,0.001806,0.000963
0,-0.051538,0.116097,0.071523,0.083909,0.047025,0.082267,0.0009,0.002026
0,-0.126592,-0.086018,-0.049432,-0.188334,-0.028102,-0.15806,0.002209,0.001501
0,-0.017728,0.010456,0.084305,0.100556,0.12537,0.096279,0.000309,0.000183
0,-0.043688,0.14562,-0.023037,0.122006,0.026448,0.129493,0.000762,0.002542
0,-0.085945,0.042812,-0.034173,-0.095345,-0.051032,-0.127924,0.0015,0.000747
0,-0.141688,-0.097711,-0.051632,-0.170152,-0.03239,-0.12385,0.002473,0.001705
0,0.019883,0.071742,0.148593,0.169876,0.138909,0.13148,0.000347,0.001252
0,-0.008939,-0.086046,-0.036938,-0.142033,-0.086107,-0.110081,0.000156,0.001502
0,-0.073686,0.023851,-0.051732,0.125175,-0.080997,0.078008,0.001286,0.000416
0,-0.090187,-0.048098,-0.045062,-0.063712,-0.059968,-0.022542,0.001574,0.000839
0,-0.095303,-0.13547,0.005457,-0.100215,-0.021334,-0.073615,0.001663,0.002364
0,0.058061,0.122657,0.13024,0.251703,0.130825,0.206444,0.001013,0.002141
0,-0.001477,-0.07512,-0.079721,-0.197127,-0.097514,-0.183699,2.6e-05,0.001311
0,-0.154846,-0.068556,-0.170351,0.018794,-0.148007,0.015456,0.002703,0.001197
0,-0.136483,0.159554,-0.010596,0.236887,0.035387,0.26363,0.002382,0.002785
0,-0.077014,0.061262,0.085018,-0.108298,0.092068,-0.063194,0.001344,0.001069
0,-0.068628,0.135628,-0.000571,0.067921,0.046351,0.030148,0.001198,0.002367
0,-0.217158,0.101462,-0.168812,-0.038859,-0.198617,-0.053573,0.002901,0.001771
0,-0.150918,0.110466,0.075775,0.038706,0.116138,0.073072,0.002634,0.001928
0,-0.004423,-0.165847,0.140744,-0.277264,0.131699,-0.241835,7.7e-05,0.002895
0,-0.144212,0.037025,-0.155635,0.197815,-0.179401,0.151856,0.002517,0.000646
0,-0.90023,-0.755825,-0.735745,-0.791713,-0.765644,-0.832543,0.00233,0.00019
0,-1.146496,-0.771482,-0.234768,0.008548,-0.241826,0.055718,6.2e-05,8.3e-05
0,-1.24367,-0.613526,-0.077523,0.177598,-0.127182,0.181024,0.001634,0.002674
0,-1.094775,-0.663889,0.152103,-0.07888,0.144428,-0.124251,0.000965,0.001795
0,-0.90611,-0.603984,0.158799,0.080643,0.123075,0.067955,0.002433,0.00284
0,-0.672973,-0.464152,0.254864,0.158692,0.231608,0.151005,0.001636,0.00141
0,-0.394514,-0.207131,0.251965,0.272716,0.23663,0.287816,0.000195,0.003076
0,-0.382527,-0.086089,-0.005499,0.130267,0.028816,0.120623,1.4e-05,0.001503
0,-0.24706,0.1836,0.118987,0.261152,0.122703,0.218215,0.002379,0.003204
0,0.068976,0.307484,0.308077,0.106209,0.280366,0.086679,0.001204,0.001324
0,0.311868,0.074197,0.242341,-0.215996,0.208081,-0.208533,0.001248,0.001295
0,0.177512,0.102265,-0.139515,0.053091,-0.154516,0.070215,0.003098,0.001785
0,0.172308,0.216603,0.015428,0.120171,0.056157,0.152052,0.003007,0.00291
0,0.295036,-0.028018,0.131467,-0.258937,0.149204,-0.277113,0.001541,0.000489
0,0.08816,0.086089,-0.196945,0.087411,-0.196414,0.050688,0.001539,0.001503
0,-0.041166,0.072788,-0.128086,-0.009272,-0.133012,-0.033485,0.000718,0.00127
0,0.182351,0.085384,0.244202,0.010437,0.205047,0.057838,0.003183,0.00149
0,-0.060324,-0.066598,-0.213257,-0.127578,-0.209059,-0.129802,0.001053,0.001162
0,-0.025939,-0.063278,0.034441,0.025792,0.031141,0.047549,0.000453,0.001104
0,0.094097,-0.066212,0.128967,-0.030293,0.169432,-0.058944,0.001642,0.001156
0,0.014818,0.012949,-0.084355,0.101905,-0.063058,0.109215,0.000259,0.000226
0,0.158049,0.160941,0.151419,0.126329,0.129125,0.142043,0.002758,0.002809
0,-0.0668,-0.080993,-0.246924,-0.23255,-0.250758,-0.237698,0.001166,0.001414
0,0.04774,-0.092647,0.100798,-0.001393,0.136588,0.019492,0.000833,0.001617
0,0.105028,0.084758,0.077336,0.165972,0.02919,0.19179,0.001833,0.001479
0,-0.074709,-0.118084,-0.186676,-0.203664,-0.199324,-0.192638,0.001304,0.002061
0,0.08462,0.068996,0.154418,0.200359,0.180329,0.151248,0.001477,0.001204
0,0.183503,-0.099445,0.075532,-0.172837,0.034825,-0.17899,0.003203,0.001736
0,0.185589,-0.045229,0.017648,0.047432,-0.024294,0.010231,0.003239,0.000789
0,0.163988,0.103033,-0.026385,0.163731,-0.033104,0.13729,0.002862,0.001798
0,0.185094,0.101639,0.034157,-0.028215,0.050364,-0.003888,0.00323,0.001774
0,-0.017157,-0.006251,-0.174192,-0.136665,-0.144677,-0.094088,0.000299,0.000109
0,0.112996,-0.061622,0.157277,-0.081121,0.195213,-0.060088,0.001972,0.001076
0,-0.009572,-0.071043,-0.119395,-0.011782,-0.07784,0.03403,0.000167,0.00124
0,-0.096716,-0.065058,-0.10106,-0.015967,-0.128988,0.005539,0.001688,0.001135
0,0.182979,0.041882,0.253226,0.132055,0.243254,0.169721,0.003194,0.000731
0,-0.00774,0.12104,-0.214683,0.064827,-0.177366,0.082035,0.000135,0.002113
0,0.075198,-0.016602,0.087433,-0.137978,0.134695,-0.117367,0.001312,0.00029
0,0.130038,0.140799,0.044932,0.17493,0.068319,0.182731,0.00227,0.002457
0,0.271431,0.007603,0.120132,-0.125249,0.161295,-0.148037,0.001953,0.000133
0,0.176649,-0.002364,-0.083954,-0.013479,-0.082301,0.028788,0.003083,4.1e-05
0,0.170129,-0.005671,-0.0361,-0.022481,-0.034102,0.0103,0.002969,9.9e-05
0,0.195237,0.007921,0.046759,-0.013082,0.004062,0.02712,0.003283,0.000138
0,0.141668,0.015176,-0.075412,-0.002503,-0.125214,-0.036173,0.002473,0.000265
0,0.13157,0.076796,-0.008856,0.047704,0.024773,0.072275,0.002296,0.00134
0,0.112859,0.152873,-0.024944,0.093126,-0.052171,0.046979,0.00197,0.002668
0,0.096268,-0.015084,-0.00986,-0.138683,0.029513,-0.152898,0.00168,0.000263
0,0.17502,0.124869,0.061647,0.164639,0.048406,0.186442,0.003055,0.002179
0,0.194933,-0.069154,0.047456,-0.201157,0.017187,-0.215214,0.003289,0.001207
0,0.184184,0.007114,-0.014589,0.097711,0.035294,0.106189,0.003215,0.000124
0,0.087543,0.11814,-0.085951,0.125142,-0.116392,0.166299,0.001528,0.002062
0,0.19209,-0.110214,0.115393,-0.227281,0.091879,-0.257933,0.003338,0.001924
0,0.16762,0.138066,-0.043056,0.276825,-0.052935,0.262398,0.002926,0.00241
0,0.139512,0.160252,-0.017972,0.002856,-0.004211,-0.003328,0.002435,0.002797
0,-0.025541,0.106753,-0.167517,-0.043024,-0.156423,-0.062434,0.000446,0.001863
0,0.143854,-0.097469,0.171306,-0.176856,0.194015,-0.209458,0.002511,0.001701
0,0.207227,-0.004285,0.038562,0.080319,0.084294,0.084896,0.003074,7.5e-05
0,0.022223,-0.047427,-0.195518,-0.065063,-0.213194,-0.110626,0.000388,0.000828
0,0.172725,0.020212,0.163348,0.063465,0.176863,0.03299,0.003015,0.000353
0,0.15279,-0.098,-0.023702,-0.124563,-0.007711,-0.14306,0.002667,0.00171
0,-0.072307,-0.086781,-0.244827,-0.01853,-0.225674,-0.002735,0.001262,0.001515
0,0.188473,-0.045099,0.273957,0.049252,0.225674,0.031944,0.003289,0.000787
0,0.097898,0.051587,-0.099399,0.111585,-0.115522,0.08956,0.001709,0.0009
0,-0.009754,0.108319,-0.095358,0.056361,-0.10888,0.085599,0.00017,0.001891
0,0.095147,0.098622,0.113054,0.014658,0.154714,0.039332,0.001661,0.001721
0,0.115731,-0.011598,0.029801,-0.131716,0.045243,-0.125845,0.00202,0.000202
0,0.015991,-0.030886,-0.128393,0.000906,-0.174854,0.035244,0.000279,0.000539
0,-0.122767,-0.128173,-0.132672,-0.092035,-0.181086,-0.103671,0.002143,0.002237
0,-0.069529,0.115986,0.070623,0.2237,0.083927,0.222802,0.001214,0.002024
0,-0.120054,0.050956,-0.044902,-0.084361,-0.032534,-0.060355,0.002095,0.000889
0,0.094574,-0.172131,0.191358,-0.233015,0.231653,-0.24647,0.001651,0.003004
0,-0.145959,0.08664,-0.224655,0.230348,-0.253992,0.269949,0.002547,0.001512
0,0.012773,-0.078804,0.152128,-0.181351,0.200846,-0.172065,0.000223,0.001375
0,-0.232269,0.08072,-0.220426,0.13615,-0.256065,0.103089,0.002637,0.001409
0,-0.028318,0.038093,0.206361,-0.032099,0.236331,-0.027277,0.000494,0.000665
0,-0.161719,0.037648,-0.123193,-0.006928,-0.147466,-0.037127,0.002823,0.000657
0,-0.203159,-0.09447,-0.05617,-0.121738,-0.021383,-0.149998,0.003145,0.001649
0,-0.220901,0.089654,-0.013045,0.173309,0.036091,0.124543,0.002835,0.001565
0,-0.083315,0.043497,0.1259,-0.036392,0.170725,-0.010627,0.001454,0.000759
0,-0.104634,0.088591,-0.02795,0.045409,-0.046224,0.018174,0.001826,0.001546
0,-0.008029,-0.004336,0.088903,-0.086379,0.065163,-0.116262,0.00014,7.6e-05
0,-0.11803,0.006251,-0.123817,0.007106,-0.147658,-0.02868,0.00206,0.000109
0,-0.159459,-0.174341,-0.041569,-0.164764,-0.081855,-0.195526,0.002783,0.003043
0,0.024654,-0.043891,0.172656,0.132382,0.157592,0.113109,0.00043,0.000766
0,-0.092932,0.05496,-0.107429,0.074563,-0.094267,0.113202,0.001622,0.000959
0,-0.04469,-0.031716,0.023084,-0.082464,0.033366,-0.082578,0.00078,0.000554
0,-0.015706,0.079111,0.057135,0.095164,0.077799,0.10123,0.000274,0.001381
0,0.062769,0.03845,0.069054,-0.039258,0.117691,-0.039417,0.001096,0.000671
0,-0.144776,0.094325,-0.232152,0.039888,-0.26738,0.046229,0.002527,0.001646
0,-0.102704,-0.027153,0.046815,-0.108591,0.061995,-0.138359,0.001793,0.000474
0,-0.174012,0.068099,-0.091762,0.11272,-0.095698,0.160364,0.003037,0.001189
0,0.07488,0.121085,0.265569,0.038171,0.2799,0.039638,0.001307,0.002113
0,0.13515,-0.013002,0.084052,-0.154271,0.096141,-0.181436,0.002359,0.000227
0,-0.001905,0.138491,-0.114088,0.133614,-0.12882,0.136012,3.3e-05,0.002417
0,0.148734,0.006279,0.156224,-0.128136,0.109172,-0.081795,0.002596,0.00011
0,0.1515,-0.003493,-0.018351,0.007213,0.001913,0.022785,0.002644,6.1e-05
0,0.257596,0.02347,0.086204,0.046264,0.067353,0.086875,0.002195,0.00041
0,0.073983,0.081426,-0.188445,0.071885,-0.17137,0.029595,0.001291,0.001421
0,0.144475,0.001526,0.070736,-0.094079,0.117889,-0.099195,0.002522,2.7e-05
0,0.090938,-0.007403,-0.044807,-0.009193,-0.023047,-0.045442,0.001587,0.000129
0,0.060366,-0.089598,-0.041879,-0.091281,0.002477,-0.066122,0.001054,0.001564
0,0.087374,-0.040603,0.013944,0.027704,-0.015427,0.019994,0.001525,0.000709
0,0.257858,0.080184,0.156033,0.140396,0.162926,0.159713,0.00219,0.001399
0,0.157097,0.129242,-0.081634,0.058599,-0.074502,0.06919,0.002742,0.002256
0,-0.058206,-0.077707,-0.233575,-0.184866,-0.195881,-0.210475,0.001016,0.001356
0,-0.047366,-0.062949,0.006025,-0.014969,-0.030933,0.019135,0.000827,0.001099
0,-0.013061,-0.005733,0.045977,0.036953,0.073118,0.040528,0.000228,0.0001
0,0.175504,-0.092422,0.187321,-0.06101,0.208946,-0.013016,0.003063,0.001613
0,0.097042,0.03052,-0.066923,0.117822,-0.078316,0.114861,0.001694,0.000533
0,-0.046174,-0.01645,-0.166772,-0.051314,-0.19713,-0.058368,0.000806,0.000287
0,-0.104366,0.057069,-0.040632,0.077172,-0.005044,0.051846,0.001822,0.000996
0,0.097359,-0.094947,0.226494,-0.176175,0.200775,-0.196538,0.001699,0.001657
0,0.16779,-0.114675,0.042499,-0.049317,0.061007,-0.089249,0.002928,0.002001
0,0.023607,-0.091898,-0.173032,0.037241,-0.164769,0.04441,0.000412,0.001604
0,-0.09421,0.008793,-0.097407,0.094478,-0.073233,0.095599,0.001644,0.000153
0,0.131638,0.098434,0.235428,0.095889,0.205914,0.126647,0.002298,0.001718
0,0.05664,0.060296,-0.092784,-0.019172,-0.07459,-0.064124,0.000989,0.001052
0,-0.116873,-0.023591,-0.18419,-0.069554,-0.226875,-0.024925,0.00204,0.000412
0,-0.038576,-0.039622,0.078311,0.008595,0.1239,-0.03769,0.000673,0.000692
0,-0.10219,0.180257,-0.04155,0.219031,-0.034527,0.252063,0.001784,0.003146
0,0.195086,0.129031,0.312625,-0.037487,0.276951,-0.046025,0.003286,0.002252
0,0.107444,0.021656,-0.072631,-0.081164,-0.105242,-0.122316,0.001875,0.000378
0,0.17651,0.124938,0.071073,0.074768,0.117628,0.046583,0.003081,0.002181
0,0.152417,-0.049205,0.000804,-0.179541,-0.036119,-0.193946,0.00266,0.000859
0,0.112157,-0.072756,-0.042759,-0.038822,-0.012947,0.005744,0.001958,0.00127
0,0.061802,0.112632,-0.067054,0.184627,-0.116345,0.216702,0.001079,0.001966
0,0.04816,-0.083708,-0.038964,-0.226248,-0.049646,-0.229945,0.000841,0.001461
0,0.201342,-0.140892,0.171712,-0.080679,0.175534,-0.044348,0.003177,0.002459
0,-0.027085,-0.07739,-0.253585,0.06343,-0.278058,0.072939,0.000473,0.001351
0,0.019912,-0.045858,0.075938,0.045909,0.035997,0.084823,0.000348,0.0008
0,-0.006347,0.057151,-0.000583,0.100314,-0.034637,0.132887,0.000111,0.000997
0,0.162135,0.006949,0.177507,-0.07256,0.196597,-0.060408,0.00283,0.000121
0,0.090025,-0.062954,-0.09224,-0.04444,-0.052881,-0.030185,0.001571,0.001099
0,-0.109553,0.055655,-0.212086,0.110456,-0.261811,0.113946,0.001912,0.000971
0,-0.072179,0.046812,0.05821,-0.015996,0.031835,-0.035482,0.00126,0.000817
0,0.000466,-0.013341,0.054912,-0.047866,0.039818,-0.014407,8e-06,0.000233
0,-0.003029,0.056824,0.01744,0.059077,0.03421,0.036284,5.3e-05,0.000992
0,0.021583,0.07492,0.028436,0.016055,0.043951,-0.003001,0.000377,0.001308
0,0.118995,-0.099305,0.113912,-0.188537,0.126047,-0.189516,0.002077,0.001733
0,0.145064,0.10187,0.010953,0.205097,0.045087,0.162469,0.002532,0.001778
0,0.028758,0.039697,-0.114767,-0.034823,-0.138281,-0.070265,0.000502,0.000693
0,-0.018873,0.007358,-0.055737,-0.053955,-0.102072,-0.057835,0.000329,0.000128
0,-0.194134,-0.009766,-0.199865,0.007521,-0.235796,0.013923,0.003303,0.00017
0,0.043434,0.012596,0.241845,-0.000265,0.242689,0.020838,0.000758,0.00022
0,-0.026141,-0.060587,-0.044288,-0.090523,-0.04706,-0.070016,0.000456,0.001057
0,-0.119626,-0.169892,-0.10862,-0.086965,-0.083532,-0.105929,0.002088,0.002965
0,-0.15119,-0.148112,-0.023162,0.02185,-0.071216,0.036677,0.002639,0.002585
0,-0.146368,0.033042,-0.018598,0.18082,-0.050591,0.139544,0.002555,0.000577
0,-0.105225,-0.040177,0.023691,-0.100118,0.024968,-0.137236,0.001837,0.000701
0,-0.118809,0.122023,-0.016059,0.150097,-0.016055,0.142695,0.002074,0.00213
0,-0.168174,-0.034443,-0.0213,-0.141194,-0.048213,-0.1619,0.002935,0.000601
0,-0.265305,0.123865,-0.070951,0.165544,-0.082652,0.214569,0.00206,0.002162
0,-0.208466,-0.020925,0.045264,-0.150619,0.004486,-0.192509,0.003052,0.000365
0,0.06765,0.050761,0.249149,0.097136,0.260683,0.082655,0.001181,0.000886
0,-0.064503,0.046511,-0.143751,-0.032713,-0.152466,-0.044857,0.001126,0.000812
0,-0.149394,-0.111781,-0.058613,-0.177614,-0.070372,-0.174591,0.002607,0.001951
0,-0.137287,0.060386,0.036489,0.185636,0.059365,0.221326,0.002396,0.001054
0,-0.104715,0.098831,0.002853,0.06625,0.031725,0.094829,0.001828,0.001725
0,0.101783,0.042599,0.177302,-0.041279,0.187413,-0.06901,0.001776,0.000744
0,0.018295,-0.0679,-0.067774,-0.10691,-0.069041,-0.104327,0.000319,0.001185
0,-0.018895,0.006726,-0.0269,0.064421,-0.018786,0.109334,0.00033,0.000117
0,0.033358,0.094736,0.054181,0.080058,0.085086,0.095312,0.000582,0.001653
0,0.021638,0.152924,0.01403,0.032569,0.054337,0.000896,0.000378,0.002669
0,0.158602,-0.059175,0.134633,-0.203833,0.146944,-0.175688,0.002768,0.001033
0,-0.049437,0.028375,-0.234351,0.116243,-0.265373,0.142884,0.000863,0.000495
0,0.167583,0.073721,0.214747,0.057685,0.256704,0.022725,0.002925,0.001287
0,-0.040975,0.1163,-0.193886,0.06587,-0.176664,0.054892,0.000715,0.00203
0,-0.071886,0.060589,-0.057153,-0.035214,-0.101637,-0.002028,0.001255,0.001057
0,0.040103,0.135552,0.135856,0.090683,0.136721,0.063505,0.0007,0.002366
0,-0.120082,-0.010817,-0.142461,-0.120173,-0.187201,-0.091124,0.002096,0.000189
0,-0.081741,-0.089626,0.055972,-0.080217,0.02373,-0.097277,0.001427,0.001564
0,0.018766,-0.034032,0.092549,0.052725,0.089994,0.02169,0.000328,0.000594
0,0.095168,-0.005948,0.1047,0.008051,0.086784,-0.012003,0.001661,0.000104
0,0.048137,0.192076,-0.032133,0.212175,-0.014257,0.238212,0.00084,0.003338
0,0.09652,0.012202,0.075217,-0.159347,0.058119,-0.130031,0.001685,0.000213
0,-0.113825,0.148199,-0.228592,0.146207,-0.18804,0.121639,0.001987,0.002587
0,-0.021469,0.068594,0.081114,-0.101687,0.058446,-0.096943,0.000375,0.001197
0,0.084902,0.187792,0.08919,0.136433,0.130756,0.112859,0.001482,0.003278
0,-0.05649,0.005406,-0.113288,-0.193298,-0.095545,-0.157486,0.000986,9.4e-05
0,-0.13143,0.023587,-0.054549,0.025131,-0.074504,0.044511,0.002294,0.000412
0,0.020884,-0.067218,0.132274,-0.106224,0.099966,-0.125071,0.000364,0.001173
0,-0.147718,0.08192,-0.182451,0.171864,-0.151321,0.187971,0.002578,0.00143
0,0.088092,0.074958,0.209247,0.013775,0.236138,0.018824,0.001538,0.001308
0,0.121088,0.128662,0.018506,0.024188,0.021097,0.05305,0.002113,0.002246
0,-0.087449,0.056375,-0.187438,-0.059236,-0.177701,-0.046273,0.001526,0.000984
0,-0.080977,-0.048255,0.034895,-0.09371,0.058132,-0.069357,0.001413,0.000842
0,-0.104858,0.054764,-0.041709,0.085873,-0.071622,0.078638,0.00183,0.000956
0,-0.013376,0.136332,0.111972,0.062009,0.079163,0.10712,0.000233,0.002379
0,0.020681,0.083104,0.043293,-0.043035,0.03718,-0.037758,0.000361,0.00145
0,0.063603,0.15471,0.056727,0.071521,0.034438,0.071097,0.00111,0.0027
0,-0.127574,0.145518,-0.203795,-0.003079,-0.213287,-0.031014,0.002227,0.00254
0,-0.161399,0.120334,-0.046056,-0.018788,-0.01618,-0.017159,0.002817,0.0021
0,-0.17568,0.160464,0.001205,0.026027,0.006035,0.046948,0.003066,0.002801
0,-0.144929,0.033542,0.015618,-0.141841,-0.02497,-0.12313,0.002529,0.000585
0,-0.158921,0.119671,-0.006676,0.077812,-0.012709,0.121049,0.002774,0.002089
0,-0.218945,-0.027436,-0.082242,-0.172397,-0.087358,-0.128422,0.00287,0.000479
0,-0.079671,0.131833,0.145786,0.16525,0.157907,0.167202,0.001391,0.002301
0,-0.095584,-0.041975,-0.016261,-0.152894,-0.062224,-0.128205,0.001668,0.000733
0,-0.119559,0.103062,-0.048249,0.170104,-0.023408,0.134794,0.002087,0.001799
0,-0.190949,0.132245,-0.081691,0.04771,-0.050931,0.029778,0.003333,0.002308
0,-0.147418,0.090315,0.042604,-0.034684,0.021002,-0.015019,0.002573,0.001576
0,-0.002377,0.060032,0.11787,-0.025364,0.155842,-0.053039,4.1e-05,0.001048
0,-0.095518,0.16686,-0.099756,0.125532,-0.129377,0.11432,0.001667,0.002912
0,0.047928,0.105807,0.159675,-0.090664,0.192374,-0.064257,0.000836,0.001847
0,-0.156323,-0.122986,-0.197907,-0.232762,-0.207554,-0.274962,0.002728,0.002147
0,0.083314,0.142965,0.26341,0.257038,0.282601,0.231793,0.001454,0.002495
0,-0.180282,0.03312,-0.291608,-0.13145,-0.271706,-0.109713,0.003147,0.000578
0,-0.034204,0.095937,0.148879,0.05052,0.179068,0.043244,0.000597,0.001674
0,0.061104,-0.010228,0.117026,-0.105557,0.128883,-0.140634,0.001066,0.000179
0,-1e-05,0.064505,-0.065956,0.096807,-0.021554,0.099498,0.0,0.001126
0,0.085145,0.094025,0.092363,0.047423,0.081302,0.053137,0.001486,0.001641
0,-0.029225,-0.026088,-0.091164,-0.132542,-0.090226,-0.118173,0.00051,0.000455
0,0.132901,0.172292,0.163228,0.209166,0.189393,0.179513,0.00232,0.003007
0,-0.031184,-0.044944,-0.159839,-0.232752,-0.160048,-0.224302,0.000544,0.000784
0,0.134216,-0.057072,0.148042,-0.007394,0.140417,0.00151,0.002343,0.000996
0,0.004482,0.088577,-0.129437,0.142185,-0.126307,0.118217,7.8e-05,0.001546
0,0.136026,0.033825,0.106467,-0.043569,0.087065,-0.025171,0.002374,0.00059
0,-0.052427,0.028916,-0.194776,-0.01771,-0.161319,-0.026468,0.000915,0.000505
0,-0.058223,0.252632,-0.014667,0.25316,-0.014635,0.211412,0.001016,0.002282
0,0.146754,0.043031,0.191353,-0.208669,0.168524,-0.194115,0.002561,0.000751
0,-0.07346,0.176896,-0.198707,0.128754,-0.161563,0.106578,0.001282,0.003087
0,0.110357,-0.01301,0.204609,-0.177549,0.21949,-0.190137,0.001926,0.000227
0,-0.037489,-0.059539,-0.129603,-0.052177,-0.163778,-0.058733,0.000654,0.001039
0,-0.019454,0.108399,0.010429,0.179997,-0.026317,0.220644,0.00034,0.001892
0,0.140889,-0.012441,0.176851,-0.135979,0.130748,-0.095971,0.002459,0.000217
0,0.335031,-0.125097,0.186825,-0.133076,0.161532,-0.181972,0.000843,0.002183
0,0.659282,0.017005,0.350212,0.128312,0.334648,0.118625,0.001875,0.000297
0,0.81392,0.01595,0.179747,-0.014634,0.180098,-0.012625,0.000824,0.000278
0,1.055138,-0.051272,0.262634,-0.039359,0.21362,-0.046688,0.001657,0.000895
0,1.057703,0.080571,0.031685,0.117735,0.033705,0.135169,0.001612,0.001406
0,0.819931,0.087622,-0.234079,0.019735,-0.251933,0.010572,0.000929,0.001529
0,0.928077,0.031939,0.079335,-0.083862,0.040119,-0.121872,0.002816,0.000557
0,0.78257,0.017067,-0.149286,0.014859,-0.117747,0.000735,0.000277,0.000298
0,0.308441,0.056916,-0.499295,0.023127,-0.468927,-0.020228,0.001308,0.000993
0,0.250297,0.055089,-0.081249,-0.016506,-0.058878,-0.005112,0.002322,0.000961
0,0.114148,0.080522,-0.123062,0.053281,-0.080002,0.033694,0.001992,0.001405
0,0.008168,-0.043942,-0.129421,-0.127597,-0.159841,-0.177114,0.000143,0.000767
0,-0.052994,-0.084492,-0.053512,-0.031593,-0.094244,-0.012073,0.000925,0.001475
0,0.068486,-0.17013,0.129592,-0.113986,0.088263,-0.127999,0.001195,0.002969
0,-0.174729,0.054631,-0.218348,0.204493,-0.208996,0.221116,0.00305,0.000953
0,-0.181693,-0.110342,0.002133,-0.165305,-0.0298,-0.198929,0.003171,0.001926
0,0.07275,0.079522,0.241796,0.198728,0.268958,0.22597,0.00127,0.001388
0,-0.149808,0.07826,-0.200774,-0.029456,-0.249022,-0.004955,0.002615,0.001366
0,-0.125086,0.091236,0.000868,0.018037,0.011295,-0.003825,0.002183,0.001592
0,-0.150476,-0.022992,-0.030853,-0.084285,-0.071257,-0.129659,0.002626,0.000401
0,-0.059806,-0.141319,0.061682,-0.110958,0.093721,-0.089507,0.001044,0.002466
0,-0.201709,0.096772,-0.135095,0.229319,-0.117957,0.203465,0.00317,0.001689
0,-0.115223,-0.170896,0.091335,-0.296667,0.084029,-0.295721,0.002011,0.002983
0,-0.108264,-0.0651,0.022581,0.116501,0.03003,0.099182,0.00189,0.001136
0,-0.087467,-0.012445,0.013527,0.052029,-0.021629,0.008336,0.001527,0.000217
0,0.115317,-0.035619,0.175555,0.003739,0.184745,0.00626,0.002013,0.000622
0,0.008965,-0.187246,-0.12332,-0.173505,-0.126791,-0.216012,0.000156,0.003268
0,-0.047707,-0.121389,-0.041562,0.063459,0.006154,0.105647,0.000833,0.002119
0,0.160518,-0.004027,0.183769,0.144594,0.170827,0.173986,0.002802,7e-05
0,-0.131781,0.111935,-0.266905,0.139159,-0.266994,0.120076,0.0023,0.001954
0,0.049236,-0.015929,0.203943,-0.155164,0.156215,-0.175393,0.000859,0.000278
0,-0.187025,-0.03597,-0.251384,-0.039104,-0.239951,-0.033639,0.003264,0.000628
0,-0.183865,0.017887,-0.023409,0.069278,-0.043625,0.088976,0.003209,0.000312
0,-0.049109,0.132228,0.151247,0.141815,0.180543,0.155805,0.000857,0.002308
0,-0.160106,-0.03006,-0.131641,-0.184074,-0.169959,-0.216972,0.002794,0.000525
0,-0.134986,-0.06475,0.019328,-0.034633,-0.004149,0.0123,0.002356,0.00113
0,-0.132695,-0.129975,-0.004181,-0.091932,0.026936,-0.116742,0.002316,0.002268
0,-0.147164,-0.104484,0.002685,0.026021,0.048907,0.048256,0.002569,0.001824
0,-0.238984,0.121882,-0.11004,0.220049,-0.144351,0.201439,0.00252,0.002127
0,-0.116454,0.0704,0.141236,-0.034766,0.107213,0.003461,0.002033,0.001229
0,-0.22109,0.140856,-0.11958,0.08777,-0.087752,0.069743,0.002832,0.002458
0,-0.139438,0.15095,0.075099,2e-06,0.03515,-0.018203,0.002434,0.002635
0,-0.242079,0.010824,-0.092193,-0.149492,-0.04855,-0.129835,0.002466,0.000189
0,-0.39076,0.043413,-0.121074,0.013415,-0.130742,-0.029918,0.000129,0.000758
0,-0.309816,0.167089,0.064691,0.104133,0.060965,0.118209,0.001284,0.002916
0,-0.182317,0.064177,0.09976,-0.079396,0.104853,-0.044581,0.003182,0.00112
0,-0.244425,-0.064786,-0.075138,-0.134568,-0.091446,-0.117161,0.002425,0.001131
0,-0.268276,-0.122931,-0.048902,-0.038014,-0.073381,-0.060584,0.002009,0.002146
0,-0.044087,-0.13613,0.214053,-0.018321,0.258401,0.005384,0.000769,0.002376
0,-0.032207,0.043206,0.011553,0.161905,0.016198,0.208993,0.000562,0.000754
0,-0.132762,-0.010025,-0.081613,-0.046226,-0.057772,-0.072074,0.002317,0.000175
0,-0.101601,0.011404,0.023342,0.018025,-0.023757,-0.015686,0.001773,0.000199
0,0.06788,-0.121707,0.14636,-0.145652,0.100398,-0.16047,0.001185,0.002124
0,0.002838,0.060453,-0.0885,0.162821,-0.12228,0.195412,5e-05,0.001055
0,-0.030225,-0.126027,-0.008501,-0.197155,0.011418,-0.165561,0.000528,0.0022
0,0.189743,0.021321,0.226166,0.14602,0.235598,0.183936,0.003312,0.000372
0,0.115113,-0.201836,-0.072027,-0.206673,-0.057604,-0.166581,0.002009,0.003168
0,0.032332,-0.17313,-0.075896,0.058656,-0.068843,0.106249,0.000564,0.003022
0,0.018529,-0.014647,-0.006765,0.138285,-0.005497,0.164997,0.000323,0.000256
0,-0.033438,-0.059418,-0.067873,-0.026634,-0.08329,-0.016609,0.000584,0.001037
0,0.015506,-0.076712,0.037118,0.012677,0.020897,-0.021008,0.000271,0.001339
0,0.086805,0.026118,0.084618,0.118545,0.075251,0.1486,0.001515,0.000456
0,0.028581,-0.100383,-0.073798,-0.149851,-0.089605,-0.188364,0.000499,0.001752
0,0.175081,-0.038176,0.124266,0.052782,0.174167,0.039506,0.003056,0.000666
0,0.217672,0.00494,0.042149,0.02954,0.011495,0.009862,0.002892,8.6e-05
0,-0.034711,0.073642,-0.27592,0.085223,-0.230807,0.105623,0.000606,0.001285
0,-0.04676,0.052491,0.009777,-0.050829,-0.034127,-0.057779,0.000816,0.000916
0,-0.02611,0.045192,0.037476,1.7e-05,0.063711,0.036491,0.000456,0.000789
0,-0.013307,-0.040558,0.026246,-0.067041,0.031588,-0.059627,0.000232,0.000708
0,0.180022,-0.140087,0.172049,-0.093978,0.134066,-0.117397,0.003142,0.002445
0,0.159567,-0.128318,-0.036552,0.031693,0.000773,0.040662,0.002785,0.00224
0,0.210624,-0.052848,0.037839,0.048466,0.029445,0.084157,0.003015,0.000922
0,0.271534,0.023753,0.041975,0.070457,0.029304,0.096581,0.001952,0.000415
0,0.018689,-0.004071,-0.249617,-0.036691,-0.218295,-0.069067,0.000326,7.1e-05
0,-0.053223,-0.065305,-0.055083,-0.037747,-0.074317,0.007841,0.000929,0.00114
0,0.088987,-0.080627,0.160552,0.010553,0.171515,-0.029009,0.001553,0.001407
0,0.111658,-0.042107,0.039846,0.009937,0.000296,-0.023077,0.001949,0.000735
0,0.099343,-0.13703,-0.013114,-0.081761,-0.023303,-0.09536,0.001734,0.002392
0,0.260231,-0.020232,0.133122,0.094168,0.159948,0.047614,0.002149,0.000353
0,0.238166,-0.180918,-0.00879,-0.138434,-0.036431,-0.112185,0.002534,0.003158
0,0.139701,-0.15369,-0.118006,0.044963,-0.153385,0.083594,0.002438,0.002682
0,0.26625,-0.093074,0.107482,0.074026,0.12314,0.096153,0.002044,0.001624
0,0.114095,-0.171598,-0.13509,-0.096867,-0.181465,-0.127216,0.001991,0.002995
0,0.128958,-0.11185,0.025771,0.081454,0.022558,0.094349,0.002251,0.001952
0,0.103417,-0.075738,-0.025066,0.029348,-0.051134,0.011176,0.001805,0.001322
0,0.21606,-0.136207,0.109411,-0.039625,0.151647,-0.086734,0.00292,0.002377
0,0.208274,-0.055401,-0.022239,0.076521,-0.058057,0.117837,0.003056,0.000967
0,0.145375,0.035883,-0.064821,0.07736,-0.072413,0.109932,0.002537,0.000626
0,0.036565,0.070876,-0.124105,0.055468,-0.130653,0.071583,0.000638,0.001237
0,0.243085,0.056147,0.196076,0.007455,0.215043,0.051844,0.002448,0.00098
0,0.163813,-0.004103,-0.080888,-0.059246,-0.125328,-0.049972,0.002859,7.2e-05
0,0.145363,-0.132392,0.00478,-0.145153,0.023821,-0.155782,0.002537,0.002311
0,0.200738,-0.072902,0.039704,0.061129,-7.4e-05,0.103766,0.003187,0.001272
0,0.068238,-0.091365,-0.156097,-0.020294,-0.159208,-0.035429,0.001191,0.001595
0,0.052035,-0.168568,0.003087,-0.064752,0.017927,-0.052105,0.000908,0.002942
0,0.305094,-0.06533,0.261285,0.111169,0.294622,0.144405,0.001366,0.00114
0,-0.006263,-0.066312,-0.301826,-0.00225,-0.266913,0.009231,0.000109,0.001157
0,0.170662,0.078924,0.189481,0.12464,0.206731,0.140648,0.002979,0.001377
0,0.04607,-0.103567,-0.133199,-0.179251,-0.125218,-0.191427,0.000804,0.001808
0,0.170185,-0.113167,0.137547,0.008898,0.149662,0.039895,0.00297,0.001975
0,0.210337,-0.197698,0.069819,-0.080055,0.027032,-0.117431,0.00302,0.00324
0,0.206043,0.050973,-0.021183,0.246923,-0.06341,0.286348,0.003095,0.00089
0,0.120018,0.026527,-0.100813,-0.041928,-0.116635,-0.030723,0.002095,0.000463
0,0.215342,0.014032,0.102994,0.009568,0.082621,0.002753,0.002932,0.000245
0,0.260792,-0.061971,0.046792,-0.088038,0.084507,-0.093105,0.002139,0.001082
0,0.077448,0.065655,-0.185293,0.103227,-0.164405,0.056537,0.001352,0.001146
0,-0.057592,0.071999,-0.131846,0.01602,-0.148763,0.027846,0.001005,0.001257
0,-0.056304,-0.042111,-0.019035,-0.104593,-0.002933,-0.116914,0.000983,0.000735
0,-0.002418,-0.112245,0.081199,-0.081385,0.130025,-0.120706,4.2e-05,0.001959
0,0.216181,-0.020075,0.21709,0.06636,0.217571,0.054766,0.002918,0.00035
0,0.007559,0.020208,-0.228929,0.051703,-0.251009,0.090577,0.000132,0.000353
0,-0.067187,0.157559,-0.073934,0.115274,-0.088804,0.099806,0.001173,0.00275
0,0.222389,0.09498,0.304093,-0.070864,0.327471,-0.063564,0.002809,0.001658
0,0.142478,0.037773,-0.058045,-0.037088,-0.052591,-0.054465,0.002487,0.000659
0,0.20986,-0.003657,0.061529,-0.05267,0.096824,-0.0983,0.003028,6.4e-05
0,0.207305,-0.190516,0.001481,-0.170527,-0.031446,-0.126099,0.003073,0.003325
0,0.008005,-0.150469,-0.186196,0.016165,-0.214445,-0.007959,0.00014,0.002626
0,-0.023965,-0.158665,-0.035064,-0.006769,-0.030658,-0.052704,0.000418,0.002769
0,0.170933,0.100326,0.190027,0.265991,0.228839,0.296234,0.002983,0.001751
0,-0.06556,-0.122795,-0.247445,-0.215984,-0.219133,-0.203523,0.001144,0.002143
0,0.088198,0.092954,0.163558,0.237122,0.152874,0.247912,0.001539,0.001622
0,0.154413,-0.139021,0.086197,-0.217104,0.083987,-0.200086,0.002695,0.002426
0,-0.110277,-0.190589,-0.242363,-0.041612,-0.220849,-0.024269,0.001925,0.003326
0,-0.081746,-0.200047,0.045986,0.006117,0.065996,0.039436,0.001427,0.003199
0,-0.130296,-0.138823,-0.069135,0.070428,-0.099689,0.105511,0.002274,0.002423
0,0.041237,0.076528,0.167841,0.210295,0.177485,0.174005,0.00072,0.001336
0,-0.048074,0.110087,-0.091442,0.060817,-0.043986,0.05049,0.000839,0.001921
0,-0.042455,-0.065379,0.018812,-0.181027,0.006329,-0.168878,0.000741,0.001141
0,0.122192,0.094348,0.163202,0.145033,0.117575,0.161006,0.002133,0.001647
0,0.173534,-0.045541,0.04937,-0.13229,0.061902,-0.084789,0.003029,0.000795
0,-0.064345,-0.107535,-0.250058,-0.070555,-0.27212,-0.120506,0.001123,0.001877
0,-0.028643,-0.13178,0.057185,-0.020063,0.073828,-0.042292,0.0005,0.0023
0,0.111246,0.061033,0.133151,0.214763,0.156623,0.184975,0.001942,0.001065
0,0.164327,0.025943,0.044446,-0.04707,0.04723,-0.056095,0.002868,0.000453
0,0.140981,-0.040663,-0.001849,-0.077046,0.022436,-0.043381,0.002461,0.00071
0,0.20977,-0.042193,0.086387,-0.011558,0.061743,0.033587,0.00303,0.000736
0,0.103558,-0.154329,-0.11792,-0.131076,-0.114785,-0.15196,0.001807,0.002694
0,0.298188,-0.092394,0.218242,0.048839,0.252127,0.094802,0.001486,0.001613
0,0.22451,0.065913,-0.056446,0.164637,-0.042126,0.140165,0.002772,0.00115
0,0.21622,-0.018219,-0.031875,-0.057946,-0.024469,-0.060866,0.002917,0.000318
0,0.012828,-0.089352,-0.220912,-0.050146,-0.210301,-0.093527,0.000224,0.001559
0,0.026105,0.121333,0.026418,0.199322,0.055486,0.197612,0.000456,0.002118
0,0.079827,0.12727,0.068813,0.016118,0.115235,0.030018,0.001393,0.002221
0,0.079527,0.089116,0.014151,-0.032573,-0.003904,-0.029716,0.001388,0.001555
0,0.175251,-0.030687,0.066343,-0.090289,0.091312,-0.127078,0.003059,0.000536
0,0.210345,0.044872,0.041594,0.099362,0.02529,0.097154,0.00302,0.000783
0,0.223784,-0.002657,0.012439,-0.039947,-0.02048,-0.069692,0.002785,4.6e-05
0,0.128698,0.049488,-0.117334,0.045304,-0.116679,0.034599,0.002246,0.000864
0,0.107233,0.005631,-0.032052,-0.053606,-0.061517,-0.009444,0.001872,9.8e-05
0,0.237469,0.014892,0.140195,0.030294,0.112591,-0.005704,0.002546,0.00026
0,0.018846,0.026634,-0.213275,-0.017884,-0.194863,0.002952,0.000329,0.000465
0,-0.025522,0.167284,-0.0159,0.130327,0.019157,0.157122,0.000445,0.00292
0,0.060952,0.106604,0.077097,-0.047077,0.085347,-0.015181,0.001064,0.001861
0,0.132827,0.1483,0.080183,0.028149,0.128347,0.035159,0.002318,0.002588
0,0.073374,0.141762,-0.039145,-0.00946,-0.031695,0.033307,0.001281,0.002474
0,-0.07847,0.086464,-0.153379,-0.065844,-0.145948,-0.033774,0.00137,0.001509
0,-0.121884,0.069029,-0.053726,-0.00263,-0.103319,0.002147,0.002127,0.001205
0,0.098227,0.138424,0.20206,0.049415,0.165293,0.0753,0.001714,0.002416
0,-0.038091,0.095373,-0.123808,-0.031718,-0.100004,0.001058,0.000665,0.001665
0,-0.208655,0.092711,-0.14573,0.0241,-0.185893,0.008712,0.003049,0.001618
0,-0.269748,0.086985,-0.053503,-0.015904,-0.090325,-0.049067,0.001983,0.001518
0,-0.210179,0.069025,0.066123,-0.04746,0.111688,-0.062795,0.003023,0.001205
0,-0.179412,0.03192,0.026703,-0.011594,0.004632,0.023365,0.003131,0.000557
0,-0.097497,0.146409,0.100961,0.127308,0.149699,0.129256,0.001702,0.002555
0,-0.190858,-0.088701,-0.103724,-0.243733,-0.137954,-0.249261,0.003331,0.001548
0,-0.199909,0.169071,-0.03149,0.254579,-0.012463,0.212036,0.003202,0.002951
0,-0.044636,0.025715,0.161354,-0.138571,0.192193,-0.181693,0.000779,0.000449
0,0.064135,0.186155,0.093589,0.137043,0.131442,0.107003,0.001119,0.003249
0,-0.159252,-0.025512,-0.253283,-0.216095,-0.217225,-0.194146,0.002779,0.000445
0,-9.1e-05,-0.061689,0.161245,-0.023426,0.118751,-0.028205,2e-06,0.001077
0,0.059085,-0.031337,0.064969,0.017571,0.095039,0.060805,0.001031,0.000547
0,-0.188751,0.121279,-0.235383,0.127975,-0.265771,0.10754,0.003294,0.002117
0,0.076834,-0.033662,0.280728,-0.127457,0.278575,-0.151724,0.001341,0.000588
0,-0.062433,0.050415,-0.12239,0.054645,-0.121759,0.009533,0.00109,0.00088
0,0.00425,0.158448,0.04241,0.105471,0.045475,0.099053,7.4e-05,0.002765
0,-0.16222,-0.024899,-0.146226,-0.204273,-0.16649,-0.206466,0.002831,0.000435
0,-0.010038,0.0795,0.142302,0.095478,0.175846,0.104363,0.000175,0.001388
0,0.017657,0.141371,0.012333,0.062694,-0.001848,0.08961,0.000308,0.002467
0,-0.08769,0.033409,-0.096054,-0.112297,-0.104027,-0.116493,0.00153,0.000583
0,-0.15988,-0.087333,-0.047937,-0.119665,-0.028698,-0.108305,0.00279,0.001524
0,-0.171477,-0.001638,-0.023986,0.083403,-0.042874,0.122676,0.002993,2.9e-05
0,-0.159211,-0.060123,-0.001375,-0.076194,-0.046427,-0.058084,0.002779,0.001049
0,-0.06306,0.097148,0.123805,0.182039,0.076458,0.138736,0.001101,0.001696
0,0.011835,0.108779,0.045634,0.009024,0.018023,0.008814,0.000207,0.001899
0,-0.047292,0.155488,-0.042912,0.021636,-0.013281,0.044013,0.000825,0.002714
0,-0.049665,0.080716,-0.027359,-0.053573,-0.057641,-0.078388,0.000867,0.001409
0,0.071431,-0.01766,0.117198,-0.080836,0.071433,-0.078248,0.001247,0.000308
0,-0.084825,-0.105534,-0.185019,-0.080994,-0.146055,-0.060998,0.00148,0.001842
0,0.091714,-0.001655,0.173516,0.115136,0.209614,0.120878,0.001601,2.9e-05
0,0.127035,0.036216,0.046038,0.034065,0.037749,0.043475,0.002217,0.000632
0,0.092119,0.054921,-0.05487,-0.009993,-0.065971,0.030754,0.001608,0.000959
0,-0.025202,0.110148,-0.112649,0.04582,-0.075549,0.007969,0.00044,0.001922
0,0.121378,0.158276,0.154168,0.048439,0.121849,0.079436,0.002118,0.002762
0,-0.027749,0.167713,-0.158763,0.028515,-0.113523,0.054191,0.000484,0.002927
0,0.005179,0.120913,0.023784,-0.064947,0.011023,-0.098918,9e-05,0.00211
0,-0.134543,0.153975,-0.125065,0.018182,-0.139142,-0.016928,0.002348,0.002687
0,0.068989,0.154082,0.223699,0.010749,0.180677,-0.015237,0.001204,0.002689
0,-0.106652,-0.018136,-0.176782,-0.182095,-0.202975,-0.138288,0.001861,0.000317
0,-0.109571,0.109645,-0.004754,0.153782,0.016263,0.109542,0.001912,0.001914
0,0.041095,-0.056663,0.157839,-0.19139,0.188898,-0.14241,0.000717,0.000989
0,0.116191,0.043618,0.062559,0.074648,0.019042,0.026747,0.002028,0.000761
0,-0.040087,-0.075823,-0.169568,-0.127888,-0.199525,-0.10481,0.0007,0.001323
0,-0.066217,0.067292,-0.047838,0.15798,-0.005204,0.200979,0.001156,0.001174
0,-0.09151,-0.041603,-0.011373,-0.092286,-0.056507,-0.132464,0.001597,0.000726
0,-0.031858,-0.015532,0.07115,0.034736,0.057718,0.066597,0.000556,0.000271
0,0.128101,-0.02219,0.174729,-0.008732,0.214889,-0.038855,0.002236,0.000387
0,-0.055094,0.06035,-0.154142,0.085238,-0.187116,0.058288,0.000962,0.001053
0,-0.04717,-0.100161,-0.012226,-0.141281,-0.015996,-0.106803,0.000823,0.001748
0,0.112966,-0.046985,0.144034,0.064803,0.130386,0.094591,0.001972,0.00082
0,0.035657,-0.013479,-0.053644,0.027428,-0.015102,0.009723,0.000622,0.000235
0,0.072067,0.068161,0.024406,0.078197,-0.0149,0.103374,0.001258,0.00119
0,-0.039407,-0.110728,-0.089615,-0.183257,-0.127937,-0.189523,0.000688,0.001933
0,0.072679,-0.057768,0.134777,0.035063,0.143474,0.018727,0.001268,0.001008
0,0.025081,0.090683,-0.02608,0.121891,-0.042274,0.073639,0.000438,0.001583
0,0.173708,0.036114,0.136242,-0.077096,0.185465,-0.079081,0.003032,0.00063
0,0.206144,0.097738,0.016582,0.056161,-0.015732,0.029691,0.003093,0.001706
0,0.198822,-0.150469,0.003933,-0.267421,0.005128,-0.235234,0.003221,0.002626
0,0.21559,-0.063014,-0.000739,0.06438,0.025766,0.053259,0.002928,0.0011
0,0.09004,-0.130378,-0.120772,-0.077037,-0.121302,-0.035672,0.001572,0.002276
0,0.267673,0.107023,0.169761,0.227968,0.140838,0.261457,0.002019,0.001868
0,0.31293,-0.115073,0.015951,-0.237173,0.016959,-0.192026,0.001229,0.002008
0,0.124622,0.087803,-0.207658,0.1786,-0.173379,0.209233,0.002175,0.001532
0,0.232316,-0.124457,0.115861,-0.238448,0.15548,-0.26459,0.002636,0.002172
0,0.3428,-0.095402,0.100418,0.028604,0.090065,0.024556,0.000708,0.001665
0,0.21557,-0.078617,-0.149701,0.000273,-0.195102,-0.016465,0.002928,0.001372
0,0.163923,-0.004561,-0.04335,0.075597,-0.026195,0.118718,0.002861,8e-05
0,0.11657,-0.026913,-0.074316,0.007193,-0.046832,-0.005061,0.002035,0.00047
0,0.089611,-0.009285,-0.054416,0.006393,-0.035597,-0.038939,0.001564,0.000162
0,0.052249,0.089948,-0.062054,0.09231,-0.012476,0.073918,0.000912,0.00157
0,0.092338,0.023361,0.017098,-0.085909,0.024376,-0.11882,0.001612,0.000408
0,0.066317,0.036099,-0.019514,0.000388,-0.065015,-0.006865,0.001157,0.00063
0,-0.035305,0.005278,-0.094836,-0.044707,-0.104723,-0.025564,0.000616,9.2e-05
0,0.185588,0.012973,0.20779,0.035636,0.208018,0.047866,0.003239,0.000226
0,0.124978,-0.056024,-0.066698,-0.068353,-0.079322,-0.064019,0.002181,0.000978
0,0.144043,-0.137613,0.045113,-0.07113,0.039466,-0.059945,0.002514,0.002402
0,0.001453,-0.203551,-0.169986,-0.061861,-0.174155,-0.051932,2.5e-05,0.003138
0,0.017766,-0.095381,0.02674,0.112132,0.048098,0.094959,0.00031,0.001665
0,-0.150588,-0.164295,-0.176244,-0.051361,-0.184454,-0.042708,0.002628,0.002867
0,-0.159569,-0.226463,0.012688,-0.083399,-0.02612,-0.132522,0.002785,0.002738
0,-0.026698,-0.127856,0.151235,0.09111,0.154853,0.114738,0.000466,0.002232
0,0.145411,-0.191977,0.198153,-0.065627,0.245598,-0.08663,0.002538,0.00334
0,-0.114312,-0.033508,-0.278146,0.165819,-0.252386,0.156681,0.001995,0.000585
0,-0.032032,0.031161,0.060262,0.085631,0.078191,0.109883,0.000559,0.000544
0,-0.009943,-0.02592,0.047521,-0.072562,0.049584,-0.033374,0.000174,0.000452
0,0.04613,0.01531,0.027824,0.035084,-0.008349,-0.00251,0.000805,0.000267
0,0.193627,-0.053576,0.156798,-0.070035,0.122567,-0.078536,0.003311,0.000935
0,0.092204,-0.143002,-0.117332,-0.069682,-0.119001,-0.03689,0.001609,0.002496
0,0.263747,0.065989,0.198014,0.221505,0.156297,0.213953,0.002088,0.001152
0,0.166744,0.026553,-0.098259,-0.03644,-0.050069,-0.027867,0.00291,0.000463
0,0.002804,0.022803,-0.13786,-0.025899,-0.115548,-0.075801,4.9e-05,0.000398
0,0.196133,0.009785,0.181409,-0.008834,0.202607,-0.024771,0.003268,0.000171
0,0.291006,-0.051742,0.078922,-0.062827,0.127254,-0.112777,0.001612,0.000903
0,0.249004,-0.085034,-0.032859,-0.011916,-0.008765,-0.006863,0.002345,0.001484
0,-0.030971,0.063066,-0.280488,0.144972,-0.240189,0.12944,0.000541,0.001101
0,0.190038,0.144393,0.222723,0.063641,0.231291,0.045207,0.003317,0.00252
0,0.157439,0.08291,-0.010887,-0.082579,0.02303,-0.088202,0.002748,0.001447
0,0.01375,0.143412,-0.115507,0.072912,-0.078249,0.06509,0.00024,0.002503
0,-0.030027,0.083758,-0.07261,-0.076259,-0.037266,-0.059625,0.000524,0.001462
0,0.100365,0.091113,0.122864,0.005927,0.136345,0.054777,0.001752,0.00159
0,-0.084585,-0.121707,-0.165266,-0.214241,-0.177065,-0.239433,0.001476,0.002124
0,-0.027381,0.109544,0.042314,0.209915,0.023098,0.231715,0.000478,0.001912
0,-0.196896,-0.083105,-0.189062,-0.173182,-0.158057,-0.167476,0.003254,0.00145
0,-0.082967,-0.068004,0.117952,0.043213,0.133402,0.048489,0.001448,0.001187
0,0.049099,0.138966,0.150716,0.18151,0.168162,0.198807,0.000857,0.002425
0,0.089722,0.058999,0.024523,-0.072154,-0.003802,-0.035647,0.001566,0.00103
0,-0.037375,0.108602,-0.126622,0.027222,-0.096038,0.045224,0.000652,0.001895
0,0.049659,0.067471,0.075256,-0.036079,0.038699,-0.044935,0.000867,0.001178
0,-0.102251,-0.064656,-0.124269,-0.130232,-0.101879,-0.113156,0.001785,0.001128
0,0.129081,-0.023944,0.24142,0.011746,0.234433,-0.021891,0.002253,0.000418
0,-0.035336,-0.010716,-0.153668,0.006817,-0.19947,-0.009127,0.000617,0.000187
0,-0.068032,-0.0941,-0.007187,-0.110875,0.004078,-0.147682,0.001187,0.001642
0,-0.103928,-0.103273,-0.029381,-0.011409,-0.076505,0.024093,0.001814,0.001802
0,0.009074,-0.103499,0.131619,0.015947,0.158068,-0.028576,0.000158,0.001806
0,0.09737,-0.070649,0.104282,0.007056,0.132952,0.03901,0.001699,0.001233
0,-0.134415,0.000917,-0.218005,0.08992,-0.21917,0.082314,0.002346,1.6e-05
0,-0.103439,0.01466,0.030547,0.020207,0.044033,0.042506,0.001805,0.000256
0,-0.059505,-0.08546,0.041725,-0.084371,0.044016,-0.042737,0.001039,0.001492
0,-0.17667,-0.154073,-0.130695,-0.042791,-0.115037,-0.087503,0.003083,0.002689
0,-0.071364,-0.173782,0.080518,-0.036051,0.103902,-0.010665,0.001246,0.003033
0,0.024935,-0.033267,0.116659,0.126765,0.067852,0.125204,0.000435,0.000581
0,-0.148168,-0.111851,-0.155079,-0.092371,-0.188228,-0.045814,0.002586,0.001952
0,-0.114873,0.155195,0.027467,0.249934,0.061559,0.231365,0.002005,0.002709
0,0.097633,0.085691,0.197151,-0.055974,0.17025,-0.026292,0.001704,0.001496
0,-0.137261,-0.021998,-0.240891,-0.132196,-0.231021,-0.157923,0.002396,0.000384
0,-0.145757,0.105996,-0.037509,0.122033,0.006824,0.148643,0.002544,0.00185
0,-0.114535,-0.002189,0.0435,-0.101658,0.00558,-0.089461,0.001999,3.8e-05
0,0.004746,-0.015728,0.092255,-0.006322,0.135738,-0.005554,8.3e-05,0.000275
0,-3.496916,0.991588,-3.473142,0.99005,-3.493691,0.946086,0.000815,0.002766
0,-4.225006,0.977244,-0.724785,-0.004682,-0.725719,-0.047539,0.000141,0.003016
0,-4.309744,1.551112,-0.089614,0.551759,-0.056607,0.577718,0.00162,0.000309
0,-4.312568,1.871029,-0.011023,0.323944,-0.05364,0.360478,0.00167,0.000798
0,-4.630116,1.962628,-0.332627,0.107724,-0.302299,0.11973,0.000521,0.0008
0,-4.689363,1.847667,-0.06928,-0.142405,-0.096797,-0.126709,0.001555,0.001206
0,-3.974597,1.619881,0.740443,-0.200941,0.786518,-0.196581,0.002462,0.001509
0,-3.069627,1.551406,0.907914,-0.067266,0.875507,-0.092481,4.9e-05,0.000314
0,-2.129647,1.089931,0.967978,-0.475744,0.998069,-0.479021,0.002976,0.00105
0,-1.167325,0.685322,0.932385,-0.424561,0.973584,-0.431981,0.000301,0.001421
0,-0.793341,0.189781,0.367553,-0.516059,0.353265,-0.481377,0.000465,0.003312
0,-0.256045,0.056682,0.523575,-0.125262,0.478756,-0.093936,0.002222,0.000989
0,0.037584,-0.038417,0.298107,-0.073224,0.303793,-0.023589,0.000656,0.000671
0,0.10563,-0.164826,0.067898,-0.123292,0.01961,-0.14588,0.001844,0.002877
0,0.5891,-0.29432,0.486844,-0.13548,0.521249,-0.143066,0.0031,0.001554
0,0.563,-0.15219,-0.048156,0.160178,-0.052688,0.188743,0.003135,0.002656
0,0.69509,-0.259828,0.138902,-0.129247,0.151913,-0.116446,0.00125,0.002156
0,0.72779,-0.091327,0.035902,0.17235,0.085741,0.153545,0.000679,0.001594
0,0.594464,0.022307,-0.144581,0.12668,-0.101164,0.078297,0.003006,0.000389
0,0.411833,-0.194953,-0.208891,-0.227811,-0.257042,-0.254869,0.000497,0.003288
0,0.300877,0.01813,-0.102197,0.208248,-0.061844,0.172235,0.00144,0.000316
0,0.096367,-0.161008,-0.191274,-0.173234,-0.168493,-0.209334,0.001682,0.00281
0,0.162037,0.11019,0.070169,0.280424,0.105676,0.281482,0.002828,0.001923
0,0.154879,-0.041461,-0.0222,-0.180673,-0.013227,-0.1598,0.002703,0.000724
0,-0.153236,0.076574,-0.293758,0.127205,-0.313475,0.150826,0.002674,0.001336
0,-0.183683,-0.016188,-0.014832,-0.107197,-0.060448,-0.09141,0.003206,0.000283
0,-0.086408,-0.106878,0.088238,-0.115927,0.127862,-0.155778,0.001508,0.001865
0,-0.062845,0.161007,0.02905,0.264353,-0.019572,0.278962,0.001097,0.00281
0,-0.087454,-0.117261,-0.006961,-0.287581,-0.007244,-0.332221,0.001526,0.002047
0,0.10839,-0.017459,0.190537,0.126487,0.228538,0.086598,0.001892,0.000305
0,-0.111717,-0.085597,-0.241529,-0.069972,-0.244978,-0.069489,0.00195,0.001494
0,0.038281,0.036297,0.124872,0.137163,0.118276,0.145853,0.000668,0.000633
0,0.147399,-0.017386,0.120217,-0.033644,0.090805,-0.080291,0.002573,0.000303
0,0.155336,0.027881,-0.003269,0.066783,-0.008756,0.02231,0.002711,0.000487
0,0.203472,0.203382,0.044999,0.196586,0.087652,0.196154,0.00314,0.003141
0,0.120678,-0.036847,-0.090168,-0.253407,-0.05752,-0.213103,0.002106,0.000643
0,-0.017021,-0.03164,-0.123176,-0.021579,-0.15759,-0.049898,0.000297,0.000552
0,0.244419,0.1187,0.276602,0.12773,0.310723,0.109608,0.002425,0.002072
0,0.04979,-0.032994,-0.216397,-0.152345,-0.218368,-0.102606,0.000869,0.000576
0,-0.029693,-0.024527,-0.078447,0.032607,-0.03827,-0.014995,0.000518,0.000428
0,-0.049468,-0.048507,-0.028973,0.004197,-0.012123,0.026503,0.000863,0.000847
0,0.015436,0.085315,0.041568,0.107021,-0.002403,0.114693,0.000269,0.001489
0,0.113092,0.052453,0.120572,-0.025307,0.074908,0.015043,0.001974,0.000915
0,0.131896,0.034621,0.043819,-0.03027,0.083016,-0.00429,0.002302,0.000604
0,0.17362,0.084739,0.011855,0.040795,-0.013755,0.060218,0.00303,0.001479
0,0.1702,0.126981,-0.019486,0.046714,-0.049496,0.070882,0.002971,0.002216
0,0.108522,-0.050675,-0.052354,-0.153503,-0.098829,-0.194375,0.001894,0.000884
0,0.145253,-0.107828,0.027549,-0.036447,0.06806,-0.078766,0.002535,0.001882
0,0.063905,0.112979,-0.10702,0.193667,-0.126967,0.168254,0.001115,0.001972
0,0.144819,0.106807,0.085633,-0.008991,0.097323,-0.027953,0.002528,0.001864
0,-0.084126,-0.127142,-0.205959,-0.217617,-0.252922,-0.261435,0.001468,0.002219
0,0.022041,0.122472,0.095307,0.255116,0.12371,0.283883,0.000385,0.002138
0,0.081324,-0.080292,0.0606,-0.18065,0.052073,-0.169748,0.001419,0.001401
0,-0.006661,0.066583,-0.10616,0.140119,-0.145661,0.15427,0.000116,0.001162
0,0.092084,0.092402,0.08179,0.042611,0.13052,0.022497,0.001607,0.001613
0,0.165393,0.050715,0.095204,-0.034223,0.086237,-0.039157,0.002887,0.000885
0,-0.098708,-0.065618,-0.236682,-0.13406,-0.214621,-0.122217,0.001723,0.001145
0,-0.014729,0.022339,0.090293,0.07664,0.044799,0.109278,0.000257,0.00039
0,-0.051777,0.010469,-0.058428,-0.017537,-0.018751,0.015461,0.000904,0.000183
0,0.088959,0.015735,0.164612,0.014585,0.149669,-0.032061,0.001553,0.000275
0,-0.066399,-0.01099,-0.14638,-0.000216,-0.102923,-0.028031,0.001159,0.000192
0,-0.039132,0.080311,0.030319,0.114077,-0.003214,0.140111,0.000683,0.001402
0,0.177052,0.034829,0.218987,-0.072892,0.232098,-0.056603,0.00309,0.000608
0,0.086058,0.180878,-0.114504,0.13573,-0.092327,0.132619,0.001502,0.003157
0,0.058023,0.066311,-0.047448,-0.115964,-0.077694,-0.124703,0.001013,0.001157
0,0.069498,0.022762,0.014871,-0.015964,-0.00411,-0.003673,0.001213,0.000397
0,0.057428,-0.093377,-0.026977,-0.095771,-0.007587,-0.13893,0.001002,0.00163
0,0.047689,0.003695,0.00991,0.09859,0.012249,0.054896,0.000832,6.4e-05
0,0.132599,-0.010064,0.0834,0.011733,0.041411,0.023294,0.002314,0.000176
0,0.060905,0.163635,-0.098071,0.164789,-0.123145,0.159657,0.001063,0.002856
0,0.094441,-0.020993,0.034976,-0.214061,0.022833,-0.222327,0.001648,0.000366
0,-0.029859,-0.047016,-0.109374,-0.041213,-0.072748,-0.022128,0.000521,0.000821
0,-0.101308,0.035535,-0.094781,0.069482,-0.102008,0.038996,0.001768,0.00062
0,-0.054427,0.011076,0.059823,-0.002191,0.077079,-0.029808,0.00095,0.000193
0,-0.079975,0.112029,0.000522,0.107799,-0.023596,0.11331,0.001396,0.001955
0,-0.170218,-0.018036,-0.07292,-0.13135,-0.1051,-0.171391,0.002971,0.000315
0,-0.100245,0.148803,0.070989,0.180903,0.064567,0.217167,0.00175,0.002597
0,-0.124239,-0.040567,-0.016127,-0.160881,-0.00595,-0.112073,0.002168,0.000708
0,0.118825,0.089204,0.242415,0.15356,0.267573,0.180831,0.002074,0.001557
0,-0.056357,0.087055,-0.183019,0.013079,-0.133863,0.041144,0.000984,0.001519
0,-0.019864,0.033646,0.056811,-0.050169,0.043537,-0.01362,0.000347,0.000587
0,-0.038773,0.012018,-0.041978,-0.029946,-0.04153,-0.057427,0.000677,0.00021
0,-0.239721,-0.081372,-0.215655,-0.07575,-0.258667,-0.103786,0.002507,0.00142
0,-0.113402,0.162066,0.125903,0.26428,0.165353,0.299868,0.001979,0.002829
0,0.038796,-0.093569,0.166219,-0.260652,0.151314,-0.30537,0.000677,0.001633
0,-0.061497,-0.114555,-0.119484,0.003516,-0.096671,-0.003372,0.001073,0.001999
0,-0.08189,-0.068876,-0.013686,0.015917,-0.035942,0.031247,0.001429,0.001202
0,-0.176665,-0.137413,-0.070434,-0.077063,-0.110279,-0.086133,0.003083,0.002398
0,0.000588,-0.093116,0.179566,0.053869,0.155862,0.074083,1e-05,0.001625
0,-0.178012,-0.008059,-0.149802,0.105166,-0.183458,0.119165,0.003107,0.000141
0,-0.06455,0.016256,0.088058,0.052867,0.13152,0.094728,0.001127,0.000284
0,0.091132,0.060954,0.158051,0.019983,0.162942,0.006057,0.001591,0.001064
0,-0.180138,0.087096,-0.258951,0.011522,-0.300003,-0.012834,0.003144,0.00152
0,0.059073,0.016916,0.209905,-0.075404,0.250434,-0.123313,0.001031,0.000295
0,0.082543,0.106605,0.012712,0.083976,0.002796,0.103611,0.001441,0.001861
0,-0.092482,-0.13877,-0.174555,-0.263418,-0.165863,-0.264112,0.001614,0.002422
0,0.027399,-0.160604,0.120365,-0.016708,0.090122,0.009601,0.000478,0.002803
0,0.007794,0.094271,-0.021826,0.264771,-0.043431,0.235359,0.000136,0.001645
0,0.001805,-0.071595,-0.00422,-0.153931,-0.036014,-0.182917,3.2e-05,0.00125
0,-0.048904,-0.134536,-0.075803,-0.03348,-0.054141,-0.000689,0.000854,0.002348
0,0.12782,-0.091207,0.171725,0.038139,0.20881,-0.000671,0.002231,0.001592
0,0.055869,-0.16181,-0.074652,-0.044806,-0.036656,-0.019542,0.000975,0.002824
0,-0.074942,-0.082081,-0.135578,0.052582,-0.162526,0.033519,0.001308,0.001433
0,0.046028,0.014199,0.09275,0.112348,0.077697,0.120772,0.000803,0.000248
0,0.099881,0.102519,0.038594,0.066218,0.06041,0.022751,0.001743,0.001789
0,0.195722,0.033134,0.074914,-0.087254,0.10094,-0.129575,0.003275,0.000578
0,0.168423,-0.10201,-0.018105,-0.111133,-0.047552,-0.0959,0.00294,0.00178
0,-0.075574,0.04398,-0.216983,0.150366,-0.258433,0.127032,0.001319,0.000768
0,0.193415,-0.100319,0.247134,-0.150314,0.276786,-0.173027,0.003315,0.001751
0,0.029844,0.045189,-0.140039,0.123529,-0.123012,0.167174,0.000521,0.000789
0,-0.034934,0.068383,-0.088893,0.01212,-0.124124,-0.02149,0.00061,0.001194
0,-0.095591,-0.084268,-0.048628,-0.174469,-0.018836,-0.215349,0.001668,0.001471
0,0.145632,-0.041201,0.243679,0.06328,0.262339,0.058805,0.002542,0.000719
0,-0.10569,-0.103992,-0.275264,-0.0382,-0.296199,-0.004219,0.001845,0.001815
0,-0.105435,0.017514,0.018038,0.133657,0.028464,0.146177,0.00184,0.000306
0,-0.024038,0.003642,0.068951,-0.004679,0.110228,0.025712,0.00042,6.4e-05
0,0.115199,-0.113454,0.117867,-0.131873,0.13248,-0.15496,0.002011,0.00198
0,0.154608,0.024309,0.04929,0.112511,0.030879,0.131558,0.002698,0.000424
0,0.023789,-0.037177,-0.123663,-0.055882,-0.10274,-0.025966,0.000415,0.000649
0,0.102166,-0.023236,0.102392,0.019305,0.145356,0.031832,0.001783,0.000406
0,-0.007042,0.077567,-0.091706,0.092557,-0.043951,0.058994,0.000123,0.001354
0,-0.070782,0.063813,-0.081358,-0.033839,-0.046433,0.013837,0.001235,0.001114
0,-0.025444,-0.017989,0.053857,-0.051848,0.014661,-0.091764,0.000444,0.000314
0,-0.004011,-0.010209,-0.007212,0.037329,-0.029783,0.082201,7e-05,0.000178
0,0.046194,-0.041857,0.067756,-0.038393,0.089539,-0.080675,0.000806,0.000731
0,-0.033855,0.01933,-0.069177,0.069821,-0.079522,0.055902,0.000591,0.000337
0,-0.101574,-0.082475,-0.074472,-0.074881,-0.041165,-0.034455,0.001773,0.001439
0,-0.125347,0.057028,0.000121,0.115764,-0.041387,0.160038,0.002188,0.000995
0,-0.078612,0.056434,0.021379,-0.021498,0.048465,0.026603,0.001372,0.000985
0,0.100625,-0.120423,0.188656,-0.193225,0.146501,-0.198458,0.001756,0.002102
0,-0.04862,0.043028,-0.139105,0.19103,-0.113341,0.147761,0.000849,0.000751
0,-0.107261,-0.104021,-0.035093,-0.140477,-0.008585,-0.165705,0.001872,0.001816
0,0.017686,0.047557,0.10956,0.134282,0.101971,0.15818,0.000309,0.00083
0,-0.051459,-0.105216,-0.094732,-0.175691,-0.098359,-0.191439,0.000898,0.001836
0,-0.117542,0.065239,-0.039737,0.179023,0.004872,0.15539,0.002051,0.001139
0,-0.06123,0.054049,0.068709,-0.040602,0.061656,-0.053225,0.001069,0.000943
0,-0.02177,0.118612,0.040983,0.053203,0.028737,0.016809,0.00038,0.00207
0,-0.054761,-0.058927,-0.028052,-0.206658,-0.048936,-0.225099,0.000956,0.001028
0,0.15185,-0.013829,0.231022,0.072164,0.259867,0.09777,0.00265,0.000241
0,-0.124613,0.072949,-0.252529,0.110533,-0.273324,0.067879,0.002175,0.001273
0,0.160746,-0.017085,0.27595,-0.108168,0.268555,-0.149095,0.002806,0.000298
0,-0.159798,-0.122298,-0.33692,-0.106322,-0.322945,-0.119036,0.002789,0.002135
0,-0.053955,-0.136384,0.107971,-0.030643,0.088459,-0.036701,0.000942,0.00238
0,-0.1408,-0.062953,-0.082395,0.102275,-0.108991,0.095109,0.002457,0.001099
0,0.037728,0.069092,0.165326,0.15364,0.148217,0.172295,0.000658,0.001206
0,0.133989,0.08853,0.122108,0.035525,0.117165,0.077233,0.002339,0.001545
0,-0.005044,-0.041753,-0.150074,-0.159967,-0.127738,-0.19714,8.8e-05,0.000729
0,-0.071744,-0.11038,-0.046101,-0.059213,-0.026861,-0.017486,0.001252,0.001926
0,-0.114903,-0.201424,-0.061978,-0.085504,-0.110751,-0.052645,0.002005,0.003175
0,0.064905,0.037659,0.199955,0.222048,0.233118,0.195792,0.001133,0.000657
0,0.09819,-0.200159,0.037704,-0.264286,0.077926,-0.220003,0.001714,0.003197
0,0.10283,-0.02354,0.018181,0.164072,0.014755,0.130253,0.001795,0.000411
0,2.1e-05,-0.048103,-0.104215,-0.031429,-0.057528,0.006693,0.0,0.00084
0,0.031005,-0.221651,0.021542,-0.20033,-0.016042,-0.195,0.000541,0.002822
0,0.021942,-0.100338,0.015803,0.12842,0.034739,0.138218,0.000383,0.001751
0,0.1189,-0.202532,0.094957,-0.097645,0.115253,-0.130625,0.002075,0.003156
0,-0.089612,0.030548,-0.185609,0.219005,-0.231254,0.25138,0.001564,0.000533
0,0.054784,-0.08171,0.146112,-0.132234,0.148483,-0.087301,0.000956,0.001426
0,-0.086458,-0.066396,-0.149767,0.017286,-0.107542,-0.006978,0.001509,0.001159
0,0.101273,0.000232,0.182468,0.078703,0.170993,0.077715,0.001768,4e-06
0,-0.039015,-0.155127,-0.167805,-0.129121,-0.210431,-0.121521,0.000681,0.002707
0,0.027556,-0.059359,0.081156,0.113214,0.090217,0.10042,0.000481,0.001036
0,-0.058142,-0.044672,-0.103249,0.020066,-0.104476,0.016422,0.001015,0.00078
0,0.04674,0.002092,0.080166,0.034678,0.077736,0.064557,0.000816,3.7e-05
0,-0.079843,-0.006967,-0.128289,-0.012244,-0.096551,-0.002828,0.001394,0.000122
0,0.037156,-0.030703,0.100462,-0.043088,0.064174,-0.061581,0.000648,0.000536
0,-0.076317,0.062392,-0.108515,0.073268,-0.096673,0.064108,0.001332,0.001089
0,-0.149523,0.133706,-0.048211,0.051706,-0.013055,0.05192,0.00261,0.002334
0,0.048131,-0.076231,0.185447,-0.230861,0.234779,-0.263428,0.00084,0.00133
0,0.016906,0.115646,-0.051488,0.166643,-0.073724,0.197744,0.000295,0.002018
0,0.141086,0.074282,0.100569,-0.025731,0.127267,-0.049782,0.002462,0.001296
0,0.105437,-0.091741,-0.046131,-0.162243,-0.000293,-0.172796,0.00184,0.001601
0,-0.101362,0.100209,-0.182584,0.199574,-0.185519,0.22696,0.001769,0.001749
0,-0.117397,-0.085287,0.009649,-0.189468,-0.002528,-0.148559,0.002049,0.001489
0,0.065366,-0.103628,0.173273,0.000748,0.172833,-0.006925,0.001141,0.001809
0,0.10496,0.072248,0.016732,0.146625,0.048985,0.189292,0.001832,0.001261
0,0.123169,0.125136,0.04784,0.081105,0.061577,0.074789,0.00215,0.002184
0,0.0537,0.059209,-0.047048,-0.063763,-0.078726,-0.016348,0.000937,0.001033
0,0.060918,0.020333,0.034049,-0.01219,-0.010595,-0.043957,0.001063,0.000355
0,0.131896,-3.1e-05,0.044769,-0.039134,0.082141,0.001605,0.002302,1e-06
0,-0.128122,0.005298,-0.269273,-0.000282,-0.283912,-0.038749,0.002236,9.2e-05
0,-0.140526,-0.031652,-0.024568,-0.018737,-0.057143,-0.027158,0.002453,0.000552
0,0.066665,-0.130552,0.236656,-0.076963,0.189213,-0.072214,0.001164,0.002279
0,0.140484,-0.104112,0.081231,-0.002834,0.089649,-0.002622,0.002452,0.001817
0,-0.064897,0.084501,-0.210304,0.2159,-0.23608,0.210003,0.001133,0.001475
0,0.092842,-0.102901,0.162104,-0.201909,0.129458,-0.191201,0.00162,0.001796
0,0.073443,0.124564,-0.046669,0.246992,-0.082703,0.268205,0.001282,0.002174
0,0.063358,-0.085755,0.015748,-0.235082,0.003422,-0.212609,0.001106,0.001497
0,-0.102387,-0.063723,-0.194296,0.035479,-0.177984,0.073521,0.001787,0.001112
0,-0.161528,0.089692,-0.043995,0.146536,0.005904,0.153594,0.002819,0.001565
0,0.110039,0.014621,0.282403,-0.08643,0.277563,-0.07186,0.001921,0.000255
0,-0.15162,0.125831,-0.236808,0.11047,-0.27674,0.097983,0.002646,0.002196
0,-0.055703,-0.022698,0.11975,-0.1605,0.081992,-0.144776,0.000972,0.000396
0,-0.046966,-0.078839,0.010264,-0.06779,0.00941,-0.024924,0.00082,0.001376
0,-0.036489,0.05044,0.011739,0.149883,0.031916,0.162348,0.000637,0.00088
0,0.045344,-0.108554,0.061936,-0.176559,0.111328,-0.211814,0.000791,0.001895
0,0.02546,-0.076124,-0.009935,0.040036,0.039976,0.068827,0.000444,0.001329
0,-0.060241,-0.00735,-0.109412,0.092002,-0.064248,0.092458,0.001051,0.000128
0,-0.154245,0.155607,-0.064292,0.152392,-0.096476,0.18727,0.002692,0.002716
0,0.006365,-0.076027,0.169072,-0.246606,0.159648,-0.212353,0.000111,0.001327
0,-0.145527,-0.094107,-0.150143,-0.038379,-0.10939,-0.01845,0.00254,0.001642
0,0.03502,0.051153,0.177131,0.14391,0.154331,0.185581,0.000611,0.000893
0,-0.041615,0.082198,-0.092994,0.024329,-0.08835,-0.003081,0.000726,0.001435
0,0.061569,0.131687,0.080133,0.023224,0.050954,0.048114,0.001075,0.002298
0,0.083535,-0.115573,0.004661,-0.221672,0.017994,-0.255538,0.001458,0.002017
0,0.192743,-0.180796,0.103602,-0.0634,0.088224,-0.042058,0.003327,0.003155
0,-0.020639,0.10787,-0.203708,0.276721,-0.218915,0.238375,0.00036,0.001883
0,-0.063735,-0.045485,-0.037606,-0.131307,0.00969,-0.151119,0.001112,0.000794
0,0.068633,0.114271,0.157569,0.139557,0.151934,0.182761,0.001198,0.001994
0,0.198676,0.027528,0.119027,-0.090807,0.0897,-0.079755,0.003223,0.00048
0,-0.026538,0.028592,-0.201369,0.000152,-0.196682,-0.037981,0.000463,0.000499
0,0.185182,-0.098681,0.212365,-0.114566,0.258042,-0.137996,0.003232,0.001722
0,0.18752,0.053853,0.013242,0.151993,0.042217,0.174506,0.003273,0.00094
0,0.187047,-0.016482,0.025719,-0.042479,-0.005229,-0.064315,0.003265,0.000288
0,0.078235,-0.119814,-0.138674,-0.129,-0.110481,-0.133854,0.001365,0.002091
0,0.219382,-0.001908,0.146745,0.101748,0.193252,0.134252,0.002862,3.3e-05
0,0.059295,-0.156828,-0.155565,-0.156329,-0.143334,-0.202328,0.001035,0.002737
0,0.191323,-0.055824,0.123671,0.122481,0.166607,0.127969,0.003339,0.000974
0,0.138407,-0.053449,-0.054726,-0.012925,-0.099808,-0.036976,0.002416,0.000933
0,0.132598,0.013536,0.021372,0.083718,0.070576,0.072967,0.002314,0.000236
0,-0.010812,-0.09997,-0.128689,-0.089926,-0.175639,-0.050846,0.000189,0.001745
0,0.080333,-0.095253,0.069555,-0.005747,0.066438,0.013147,0.001402,0.001662
0,0.116047,-0.086497,0.061227,0.013622,0.093204,0.026471,0.002025,0.00151
0,0.211192,0.091335,0.072321,0.195076,0.037845,0.162427,0.003005,0.001594
0,0.181468,0.098738,-0.057126,-0.00161,-0.018054,1.3e-05,0.003167,0.001723
0,-0.06114,-0.077002,-0.217569,-0.17853,-0.20981,-0.200407,0.001067,0.001344
0,-0.038254,-0.097241,0.027656,-0.031472,-0.004777,-0.010382,0.000668,0.001697
0,0.119076,0.105982,0.140253,0.208636,0.120772,0.164647,0.002078,0.00185
0,-0.075368,-0.191447,-0.207089,-0.319546,-0.185189,-0.358795,0.001315,0.003341
0,0.123795,-0.008668,0.224775,0.15365,0.260271,0.104042,0.002161,0.000151
0,-0.125346,-0.134065,-0.240948,-0.112705,-0.192481,-0.140126,0.002188,0.00234
0,-0.085509,0.069875,0.069021,0.213055,0.056018,0.192171,0.001492,0.00122
0,-0.003753,-0.163818,0.107156,-0.244505,0.096605,-0.202428,6.6e-05,0.002859
0,-0.134246,-0.069768,-0.115589,0.082856,-0.122782,0.104575,0.002343,0.001218
0,-0.08885,-0.172271,0.074368,-0.083863,0.114992,-0.109173,0.001551,0.003007
0,0.110574,-0.15019,0.205884,0.035223,0.183691,0.069326,0.00193,0.002621
0,0.118902,0.052642,0.037041,0.210951,0.030656,0.257488,0.002075,0.000919
0,0.011948,-0.126434,-0.097151,-0.183759,-0.094835,-0.136439,0.000209,0.002207
0,0.242077,0.108361,0.211615,0.251306,0.205335,0.236775,0.002466,0.001891
0,-0.044568,-0.10666,-0.272206,-0.238739,-0.23156,-0.207022,0.000778,0.001862
0,0.00692,-0.097883,0.075347,0.011842,0.109763,0.014839,0.000121,0.001708
0,0.106619,0.131169,0.123301,0.230742,0.11495,0.203965,0.001861,0.002289
0,-0.063164,-0.11834,-0.182974,-0.273898,-0.194184,-0.232546,0.001102,0.002065
0,0.094766,0.045982,0.128171,0.166968,0.091712,0.167397,0.001654,0.000803
0,0.073277,0.089317,0.007057,0.064382,0.013936,0.100089,0.001279,0.001559
0,-0.096135,-0.080955,-0.141735,-0.160683,-0.170923,-0.174218,0.001678,0.001413
0,-0.075002,0.135663,0.005944,0.218605,-0.033049,0.181627,0.001309,0.002368
0,-0.012201,0.042436,0.064433,-0.111563,0.015509,-0.094664,0.000213,0.000741
0,0.020072,-0.044062,0.00477,-0.071629,0.005548,-0.064833,0.00035,0.000769
0,0.041441,-0.095924,0.017896,-0.042234,-0.024179,-0.080874,0.000723,0.001674
0,-0.034508,0.090116,-0.091751,0.157578,-0.112272,0.110136,0.000602,0.001573
0,-0.121179,-0.010493,-0.099621,-0.091805,-0.121617,-0.069959,0.002115,0.000183
0,-0.020471,0.089495,0.117027,0.100925,0.114239,0.076748,0.000357,0.001562
0,-0.016743,0.094226,0.028007,-0.006118,0.0434,-0.046273,0.000292,0.001645
0,-0.097031,0.13502,-0.101414,0.058383,-0.102559,0.013061,0.001694,0.002357
0,-0.233932,0.010087,-0.113507,-0.11593,-0.071563,-0.106528,0.002608,0.000176
0,-0.170261,-0.005112,0.04547,0.009649,0.077306,0.019463,0.002972,8.9e-05
0,-0.234991,-0.077179,-0.061886,-0.053174,-0.023491,-0.039593,0.002589,0.001347
0,-0.09802,0.109497,0.134683,0.163003,0.17097,0.170638,0.001711,0.001911
0,-0.081157,0.014639,0.028649,-0.100902,0.00483,-0.091064,0.001416,0.000255
0,0.023623,0.175768,0.126576,0.152308,0.09876,0.104072,0.000412,0.003068
0,-0.134554,0.201209,-0.186275,0.053383,-0.191881,0.036651,0.002348,0.003179
0,-0.19678,-0.024862,-0.063191,-0.214558,-0.043115,-0.218466,0.003256,0.000434
0,-0.031403,-0.026986,0.190052,-0.005518,0.176603,0.032031,0.000548,0.000471
0,-0.013287,0.038342,0.007594,0.093588,0.041353,0.105148,0.000232,0.000669
0,-0.231754,-0.004766,-0.197405,-0.032357,-0.176659,-0.070387,0.002646,8.3e-05
0,-0.170907,9.9e-05,0.050262,-0.021371,0.092838,-0.032976,0.002983,2e-06
0,-0.068991,-0.098844,0.111873,-0.099346,0.148613,-0.109937,0.001204,0.001725
0,0.028345,0.044314,0.084568,0.113408,0.131525,0.089147,0.000495,0.000773
0,-0.023773,0.103939,-0.048634,0.055926,-0.089956,0.10045,0.000415,0.001814
0,0.011342,-0.127041,0.0459,-0.25769,0.076536,-0.25895,0.000198,0.002217
0,-0.127655,-0.049773,-0.112078,0.069732,-0.077007,0.05651,0.002228,0.000869
0,-0.121676,0.137087,0.031106,0.180043,-0.001607,0.160656,0.002124,0.002393
0,-0.232634,-0.141852,-0.122845,-0.256356,-0.087929,-0.290839,0.002631,0.002476
0,-0.128199,-0.017274,0.109974,0.153795,0.133862,0.108574,0.002237,0.000301
0,-0.147495,-0.154462,0.002203,-0.16435,0.008883,-0.180744,0.002574,0.002696
0,0.091534,-0.106393,0.221835,0.029892,0.239627,0.011172,0.001598,0.001857
0,-0.233621,-0.076243,-0.350906,0.04733,-0.399762,0.08775,0.002613,0.001331
0,0.062835,-0.103042,0.311083,-0.004624,0.291596,-0.051893,0.001097,0.001798
0,0.046491,-0.14119,-0.028533,-0.062277,-0.077688,-0.042157,0.000811,0.002464
0,0.081851,-0.080088,0.052127,0.087654,0.063263,0.103167,0.001429,0.001398
0,-0.06425,-0.144687,-0.121488,-0.082586,-0.090901,-0.067482,0.001121,0.002525
0,0.027173,0.116972,0.070324,0.234615,0.090957,0.234043,0.000474,0.002042
0,0.156198,-0.001201,0.15712,-0.136029,0.161791,-0.179858,0.002726,2.1e-05
0,0.00176,0.048513,-0.145107,0.073512,-0.189435,0.094154,3.1e-05,0.000847
0,-0.022528,0.007749,-0.014027,-0.020292,-0.029449,0.003152,0.000393,0.000135
0,-0.07347,-0.15365,-0.072926,-0.179499,-0.047309,-0.228974,0.001282,0.002682
0,0.019104,-0.012586,0.097624,0.111957,0.122661,0.137879,0.000333,0.00022
0,0.155904,0.055777,0.163606,0.05544,0.198562,0.049415,0.002721,0.000973
0,-0.074597,-0.044963,-0.241221,-0.105097,-0.268824,-0.117532,0.001302,0.000785
0,-0.004076,0.083527,0.07108,0.105373,0.029667,0.150531,7.1e-05,0.001458
0,0.128439,0.005507,0.152483,-0.067145,0.117603,-0.026222,0.002242,9.6e-05
0,-0.030071,-0.023021,-0.15915,-0.021522,-0.119822,-0.062895,0.000525,0.000402
0,0.135669,-0.165148,0.136439,-0.147925,0.09813,-0.105959,0.002368,0.002882
0,0.18413,-0.062562,0.074511,0.073293,0.049539,0.100168,0.003214,0.001092
0,0.196372,0.065982,0.017546,0.140725,-0.013255,0.179824,0.003263,0.001152
0,0.077595,0.035338,-0.13509,-0.007202,-0.164929,0.007565,0.001354,0.000617
0,0.106658,-0.009045,0.057288,-0.029285,0.062568,-0.06697,0.001862,0.000158
0,0.112318,0.06606,0.01896,0.052563,0.035399,0.070599,0.00196,0.001153
0,0.231867,0.122312,0.109819,0.031711,0.10495,0.078174,0.002644,0.002135
0,0.206415,0.05485,-0.01789,-0.08829,0.024834,-0.09816,0.003088,0.000957
0,0.105585,-0.104039,-0.075453,-0.161615,-0.056272,-0.176627,0.001843,0.001816
0,0.012363,-0.054912,-0.105425,0.070968,-0.117796,0.057011,0.000216,0.000958
0,0.13512,-0.08478,0.108337,-0.039757,0.122184,-0.074377,0.002358,0.00148
0,0.030551,0.047255,-0.118413,0.120313,-0.082758,0.090999,0.000533,0.000825
0,0.184179,-0.150669,0.181435,-0.224581,0.218796,-0.214441,0.003215,0.00263
0,-0.046836,-0.054468,-0.208552,0.092207,-0.211032,0.085161,0.000817,0.000951
0,-0.08311,-0.143783,-0.007513,-0.076036,0.029379,-0.102091,0.001451,0.002509
0,0.011002,0.164691,0.081069,0.278508,0.10477,0.274466,0.000192,0.002874
0,0.095115,-0.122346,0.082032,-0.312325,0.098165,-0.354126,0.00166,0.002135
0,-0.075851,0.182894,-0.151627,0.290386,-0.107279,0.302459,0.001324,0.003192
0,-0.074235,-0.066111,-0.019043,-0.239184,0.022863,-0.26118,0.001296,0.001154
0,0.092504,0.022126,0.146285,0.107925,0.116988,0.082137,0.001615,0.000386
0,0.115663,-0.104867,0.048032,-0.110795,0.008933,-0.128455,0.002019,0.00183
0,-0.037217,-0.114027,-0.155956,0.005156,-0.199669,-0.00877,0.00065,0.00199
0,0.019277,0.026366,0.066851,0.164826,0.10426,0.189651,0.000336,0.00046
0,0.055096,0.067794,0.059798,0.031085,0.087395,0.055995,0.000962,0.001183
0,-0.058634,-0.064993,-0.109159,-0.144136,-0.157172,-0.168152,0.001023,0.001134
0,0.037886,-0.04238,0.107453,0.033881,0.113755,-0.011509,0.000661,0.00074
0,0.004872,0.032902,-0.022398,0.050963,-0.01299,0.083481,8.5e-05,0.000574
0,-0.194309,0.045005,-0.183784,0.02449,-0.212729,0.026395,0.003299,0.000785
0,-0.205004,-0.021714,-0.013747,-0.051337,0.032846,-0.043338,0.003113,0.000379
0,0.050498,-0.161508,0.237297,-0.120765,0.24418,-0.078676,0.000881,0.002819
0,0.075409,-0.056462,0.004576,0.087521,-0.037124,0.043813,0.001316,0.000985
0,0.00515,-0.195327,-0.071533,-0.161995,-0.065956,-0.162301,9e-05,0.003282
0,-0.076616,0.067928,-0.05702,0.268166,-0.007106,0.219116,0.001337,0.001186
0,-0.049579,-0.082716,0.044535,-0.178263,0.051347,-0.155036,0.000865,0.001444
0,-0.0245,0.051498,0.016112,0.128347,0.050663,0.13035,0.000428,0.000899
0,0.020883,-0.0275,0.028242,-0.102281,0.040306,-0.122621,0.000364,0.00048
0,-0.095659,-0.010104,-0.122286,0.000736,-0.084992,-0.024227,0.00167,0.000176
0,0.062612,0.0417,0.17212,0.070984,0.208868,0.111675,0.001093,0.000728
0,-0.089045,0.00523,-0.147196,-0.017942,-0.181096,-0.058396,0.001554,9.1e-05
0,-0.130869,0.049396,-0.056136,0.017111,-0.101073,0.056868,0.002284,0.000862
0,-0.116226,-0.051392,0.032097,-0.123477,0.022008,-0.137804,0.002029,0.000897
0,-0.075891,0.005785,0.02989,0.087048,0.039368,0.120652,0.001325,0.000101
0,0.404896,-1.016657,0.4785,-0.995637,0.450248,-1.034924,0.000376,0.002328
0,0.954254,-1.67781,0.53203,-0.672994,0.552765,-0.670659,0.003273,0.00252
0,1.15093,-1.605421,0.201631,0.073385,0.247146,0.118127,1.5e-05,0.001257
0,1.346306,-1.577484,0.174723,0.045576,0.176676,0.077737,0.003266,0.000769
0,1.304141,-1.067092,-0.041384,0.505544,-0.069716,0.460897,0.002689,0.001448
0,1.329604,-1.021812,0.027617,0.02106,-0.008188,0.070647,0.003134,0.002238
0,1.38574,-0.776005,0.030311,0.245708,-0.017166,0.280009,0.002578,0.000162
0,0.974815,-0.550429,-0.427582,0.216935,-0.443759,0.180401,0.003059,0.002916
0,0.78736,-0.39164,-0.210223,0.174713,-0.23821,0.148276,0.00036,0.000145
0,0.358129,-0.160747,-0.450905,0.201469,-0.418345,0.239759,0.00044,0.002806
0,0.413655,-0.272193,0.049869,-0.123668,0.070981,-0.108919,0.000529,0.00194
0,0.128103,0.099952,-0.309469,0.373854,-0.3484,0.408481,0.002236,0.001744
0,-0.08349,-0.051656,-0.213508,-0.174748,-0.260228,-0.168118,0.001457,0.000902
0,-0.082193,0.128736,-0.006395,0.157138,0.019066,0.153772,0.001435,0.002247
0,-0.252259,0.164349,-0.15657,0.015381,-0.205065,0.056776,0.002288,0.002868
0,0.006108,0.186608,0.233951,0.049791,0.210976,0.058519,0.000107,0.003257
0,-0.060616,0.254564,-0.06197,0.064199,-0.091201,0.093322,0.001058,0.002248
0,-0.025268,0.126015,0.051773,-0.108459,0.087655,-0.14281,0.000441,0.002199
0,-0.179694,0.076685,-0.141339,-0.057538,-0.144346,-0.050955,0.003136,0.001338
0,-0.034133,0.027138,0.144404,-0.021008,0.107309,-0.048533,0.000596,0.000474
0,-0.190414,-0.074698,-0.142576,-0.112978,-0.127134,-0.076594,0.003323,0.001304
0,-0.185149,0.067347,0.025184,0.135417,0.072894,0.117822,0.003231,0.001175
0,-0.110131,0.094147,0.065287,0.052472,0.058697,0.004969,0.001922,0.001643
0,-0.177326,0.001875,-0.076182,-0.113124,-0.120896,-0.09644,0.003095,3.3e-05
0,-0.146095,0.165721,0.043358,0.152709,0.073827,0.108305,0.00255,0.002892
0,-0.108486,0.147205,0.007918,0.002664,0.043203,-0.026119,0.001893,0.002569
0,0.070022,0.144856,0.197867,-0.021161,0.182833,-0.040619,0.001222,0.002528
0,-0.216527,0.141546,-0.279113,-0.003853,-0.231792,-0.027013,0.002912,0.00247
0,0.071896,-0.068251,0.300702,-0.182534,0.318347,-0.199881,0.001255,0.001191
0,-0.146157,0.007946,-0.218798,0.101789,-0.198314,0.097681,0.002551,0.000139
0,-0.018015,0.054377,0.104127,0.021805,0.100114,0.046374,0.000314,0.000949
0,0.126626,-0.03107,0.11864,-0.09126,0.08749,-0.084243,0.00221,0.000542
0,-0.049271,0.10236,-0.202274,0.135292,-0.188272,0.161204,0.00086,0.001787
0,0.082879,0.178592,0.104982,0.062514,0.077886,0.059529,0.001447,0.003117
0,0.083753,-0.074369,-0.014154,-0.232231,-0.019462,-0.206453,0.001462,0.001298
0,0.01554,0.127946,-0.039822,0.17968,-0.085392,0.212143,0.000271,0.002233
0,0.095043,0.009561,0.097863,-0.134689,0.137656,-0.096083,0.001659,0.000167
0,0.004088,0.014774,-0.062694,0.034842,-0.041943,-0.013984,7.1e-05,0.000258
0,0.156229,0.098354,0.153537,0.094713,0.116542,0.102914,0.002727,0.001717
0,0.064348,0.050905,-0.110851,-0.038829,-0.13685,-0.074585,0.001123,0.000888
0,0.149376,-0.003163,0.089006,-0.072765,0.06206,-0.022944,0.002607,5.5e-05
0,0.189428,0.011543,0.026823,0.023453,0.035271,0.007766,0.003306,0.000201
0,0.019755,-0.010249,-0.141565,-0.03321,-0.13487,-0.049882,0.000345,0.000179
0,0.181246,-0.052849,0.165587,-0.049683,0.155298,-0.036311,0.003163,0.000922
0,0.156087,0.168113,-0.023489,0.205939,-0.054583,0.170674,0.002724,0.002934
0,0.253457,-0.13537,0.082485,-0.314073,0.100322,-0.307697,0.002267,0.002363
0,-0.015233,-0.06699,-0.283117,0.041379,-0.245872,0.075036,0.000266,0.001169
0,0.096176,0.165341,0.134293,0.220316,0.157269,0.211171,0.001679,0.002886
0,0.200235,0.140343,0.083091,-0.007443,0.103451,-0.040191,0.003196,0.002449
0,0.232355,-0.090043,0.060355,-0.25159,0.019074,-0.241678,0.002635,0.001572
0,-0.018985,-0.161575,-0.230243,-0.097705,-0.20618,-0.111055,0.000331,0.00282
0,0.153167,-0.10605,0.19372,0.066482,0.209326,0.018542,0.002673,0.001851
0,0.201156,-0.20123,0.04036,-0.076069,0.04125,-0.056984,0.00318,0.003179
0,0.095561,-0.120253,-0.085715,0.089163,-0.072145,0.122836,0.001668,0.002099
0,0.179055,-0.07297,0.076315,0.050041,0.123259,0.086908,0.003125,0.001274
0,0.1719,-0.032679,0.013073,0.059978,0.025145,0.042395,0.003,0.00057
0,0.172931,-0.081255,0.000549,-0.032485,0.046424,-0.040784,0.003018,0.001418
0,0.154757,-0.103428,-0.0321,-0.015059,-0.052234,-0.010549,0.002701,0.001805
0,-0.01481,-0.120599,-0.1726,-0.016662,-0.154758,0.008085,0.000258,0.002105
0,-0.03079,0.093244,-0.035918,0.192345,-0.068918,0.174894,0.000537,0.001627
0,-0.046627,0.114409,-0.020215,0.006379,-0.063131,-0.010755,0.000814,0.001997
0,0.188234,0.16011,0.263759,0.024118,0.228461,0.042885,0.003285,0.002794
0,0.041974,-0.068564,-0.159548,-0.227768,-0.189067,-0.21189,0.000733,0.001197
0,0.009401,0.066384,-0.032095,0.13858,-0.052791,0.099168,0.000164,0.001159
0,0.02049,0.084883,0.028424,0.019107,0.073479,0.036044,0.000358,0.001481
0,0.132582,0.073491,0.11836,-0.021043,0.161173,-0.010908,0.002314,0.001283
0,0.063056,0.008282,-0.097641,-0.053335,-0.107763,-0.008857,0.001101,0.000145
0,0.164868,-0.010885,0.099692,-0.004485,0.052416,-0.005359,0.002877,0.00019
0,0.068889,-0.111909,-0.098351,-0.130594,-0.095737,-0.13009,0.001202,0.001953
0,0.085246,0.168019,0.02736,0.288679,0.032462,0.257984,0.001488,0.002932
0,0.121516,0.015716,0.008993,-0.150421,0.002025,-0.195319,0.002121,0.000274
0,0.194688,0.023891,0.072137,-0.006895,0.081856,0.011183,0.003293,0.000417
0,0.229627,-0.131789,0.005234,-0.165625,-0.037775,-0.161554,0.002683,0.0023
0,0.280837,0.061104,0.065335,0.173105,0.075402,0.21968,0.001789,0.001066
0,0.187695,0.144334,-0.085542,0.076913,-0.122981,0.058422,0.003276,0.002519
0,0.303186,-0.12661,0.100672,-0.245349,0.121554,-0.215216,0.001399,0.00221
0,0.274595,-0.14216,-0.044166,-0.004032,-0.013134,0.002018,0.001898,0.002481
0,0.231424,-0.074836,-0.038467,0.076269,-0.041376,0.036385,0.002652,0.001306
0,0.225795,-0.151293,0.005523,-0.104302,0.008765,-0.101295,0.00275,0.002641
0,0.085105,-0.11076,-0.153319,0.023441,-0.109998,0.029778,0.001485,0.001933
0,0.253322,0.099141,0.15903,0.227725,0.11284,0.230983,0.00227,0.00173
0,0.126989,-0.015924,-0.107363,-0.117157,-0.095377,-0.115759,0.002216,0.000278
0,0.154681,0.124504,0.019147,0.145743,0.021156,0.128093,0.0027,0.002173
0,0.154346,0.03873,-0.00515,-0.11386,-0.010035,-0.081514,0.002694,0.000676
0,0.14197,-0.090169,0.010029,-0.124443,-0.005001,-0.165017,0.002478,0.001574
0,0.234222,0.004533,0.121885,0.080609,0.156001,0.127546,0.002603,7.9e-05
0,0.010781,0.036898,-0.193729,0.031153,-0.237273,0.068239,0.000188,0.000644
0,0.046037,0.033329,0.052462,-0.008927,0.01964,-0.039636,0.000803,0.000582
0,-0.034021,0.01942,-0.092397,-0.001772,-0.067939,0.011988,0.000594,0.000339
0,0.115417,-0.123202,0.133554,-0.168911,0.177366,-0.207035,0.002014,0.00215
0,0.007179,0.039803,-0.113248,0.154169,-0.080158,0.165419,0.000125,0.000695
0,0.12028,-0.028792,0.117618,-0.067696,0.100318,-0.073457,0.002099,0.000503
0,0.239675,-0.015511,0.096866,0.008809,0.069272,0.037575,0.002508,0.000271
0,0.195642,0.028266,-0.052156,0.055963,-0.032923,0.054046,0.003276,0.000493
0,-0.035493,0.048037,-0.25493,-0.000769,-0.254912,0.01135,0.000619,0.000838
0,0.089238,0.104475,0.147673,0.074582,0.192824,0.093806,0.001557,0.001823
0,0.140186,0.042038,0.040488,-0.088205,0.050023,-0.118161,0.002447,0.000734
0,0.014058,0.125826,-0.104124,0.085613,-0.148117,0.042484,0.000245,0.002196
0,0.090001,-0.034704,0.066612,-0.134173,0.043332,-0.145039,0.001571,0.000606
0,0.148725,0.05121,0.037242,0.105246,0.057662,0.113545,0.002596,0.000894
0,-0.082803,-0.03484,-0.251094,-0.084773,-0.266951,-0.039723,0.001445,0.000608
0,0.196612,0.078926,0.251236,0.113058,0.295282,0.150958,0.003259,0.001378
0,0.105998,-0.127246,-0.112279,-0.198617,-0.122021,-0.184946,0.00185,0.002221
0,0.1437,-0.117933,0.048246,-0.010223,0.085261,-0.038811,0.002508,0.002058
0,0.208989,-0.016376,0.064059,0.120672,0.039387,0.090329,0.003043,0.000286
0,0.207867,-0.126197,0.009148,-0.112901,0.017287,-0.104677,0.003063,0.002203
0,0.13943,0.103974,-0.065902,0.209478,-0.103945,0.16972,0.002434,0.001815
0,0.232853,0.111744,0.067768,-0.009154,0.106967,-0.051199,0.002627,0.00195
0,0.303073,-0.057046,0.063999,-0.140101,0.110035,-0.172031,0.001401,0.000996
0,0.07588,-0.121397,-0.222339,-0.057844,-0.231615,-0.103695,0.001324,0.002119
0,0.080101,0.057774,-0.018243,0.164274,-0.032736,0.153978,0.001398,0.001008
0,0.165112,-0.159963,0.056138,-0.238688,0.052978,-0.190073,0.002882,0.002792
0,0.24003,-0.177855,0.057629,-0.007955,0.024238,-0.007181,0.002502,0.003104
0,0.171264,-0.102332,-0.087147,0.055394,-0.054685,0.053844,0.002989,0.001786
0,0.314348,0.075134,0.131262,0.17334,0.105582,0.179355,0.001204,0.001311
0,-0.003573,-0.167686,-0.292092,-0.247603,-0.340351,-0.249168,6.2e-05,0.002927
0,0.048956,-0.037309,0.040421,0.117543,0.078189,0.107608,0.000854,0.000651
0,0.025571,0.022067,-0.035756,0.057314,-0.044912,0.06067,0.000446,0.000385
0,-1.140126,-1.261423,-1.156069,-1.28148,-1.129359,-1.324039,0.000173,0.001944
0,-1.750808,-1.714992,-0.612217,-0.442551,-0.570465,-0.442682,0.002897,0.003169
0,-1.583662,-1.908382,0.155326,-0.166413,0.139542,-0.126832,0.000877,0.000147
0,-1.889913,-2.170828,-0.317961,-0.2597,-0.333192,-0.299639,0.000469,0.002257
0,-1.937833,-1.985407,-0.026171,0.180108,-0.031796,0.21907,0.000367,0.001198
0,-1.751937,-1.871425,0.166076,0.117276,0.192962,0.085603,0.002877,0.000792
0,-1.444722,-1.27432,0.289,0.601086,0.312839,0.620444,0.001548,0.002169
0,-0.934268,-0.812766,0.506931,0.471772,0.554749,0.433184,0.002924,0.000804
0,-0.509918,-0.815536,0.436267,0.019726,0.433875,0.044437,0.002209,0.000852
0,-0.383319,-0.403307,0.123886,0.417799,0.141683,0.410781,1e-06,0.000348
0,-0.023971,-0.340796,0.330146,0.042483,0.326577,0.072202,0.000418,0.000743
0,0.14659,-0.121859,0.164025,0.245529,0.143537,0.232614,0.002558,0.002127
0,0.243475,0.145981,0.103332,0.289282,0.098169,0.300935,0.002441,0.002548
0,0.02694,0.226187,-0.208307,0.096657,-0.243283,0.137176,0.00047,0.002743
0,0.130006,0.025308,0.105937,-0.190881,0.111766,-0.181432,0.002269,0.000442
0,0.123915,0.188812,-0.021009,0.142067,-0.002345,0.174332,0.002163,0.003295
0,0.110932,0.199701,0.001205,-0.013124,-0.021487,0.010642,0.001936,0.003205
0,0.004155,0.08686,-0.134638,-0.094879,-0.11952,-0.052311,7.3e-05,0.001516
0,0.247692,0.073826,0.261204,-0.040457,0.273788,-0.060188,0.002368,0.001289
0,0.22162,-0.01738,-0.026075,-0.103742,-0.003885,-0.09641,0.002823,0.000303
0,-0.133774,0.189456,-0.358652,0.195068,-0.32814,0.154956,0.002335,0.003307
0,-0.011306,0.069462,0.114615,-0.147547,0.12608,-0.170778,0.000197,0.001212
0,-0.00227,0.150099,-0.006622,0.07613,0.028913,0.037835,4e-05,0.00262
0,-0.109597,0.109823,-0.102574,-0.03241,-0.085937,-0.008774,0.001913,0.001917
0,-0.067968,0.138944,0.03887,0.057359,0.048254,0.071295,0.001186,0.002425
0,-0.138188,0.149741,-0.08977,0.015374,-0.070883,0.000723,0.002412,0.002613
0,0.098317,-0.064252,0.257087,-0.209137,0.286634,-0.194729,0.001716,0.001121
0,0.1063,-0.037465,-0.019786,0.010643,-0.057723,0.054274,0.001855,0.000654
0,-0.081118,-0.003963,-0.217014,0.031221,-0.218243,0.058359,0.001416,6.9e-05
0,0.016128,0.071253,0.101958,0.062668,0.081031,0.079123,0.000281,0.001244
0,0.125406,-0.119427,0.120911,-0.174119,0.16233,-0.151882,0.002189,0.002084
0,-0.005898,-0.048341,-0.116487,0.074751,-0.151984,0.068354,0.000103,0.000844
0,-0.127364,-0.049369,-0.143961,0.025838,-0.156805,0.047317,0.002223,0.000862
0,-0.07802,0.063613,0.069793,0.140953,0.099928,0.13552,0.001362,0.00111
0,-0.040999,-0.132344,0.028509,-0.203019,0.05592,-0.245509,0.000716,0.00231
0,0.005681,-0.010744,0.034766,0.134906,0.075974,0.138204,9.9e-05,0.000188
0,0.071946,0.037892,0.05915,0.047996,0.075702,0.060327,0.001256,0.000661
0,-0.113865,-0.154978,-0.20473,-0.190554,-0.192673,-0.232031,0.001987,0.002705
0,0.100033,0.022891,0.188441,0.177075,0.147305,0.128439,0.001746,0.0004
0,-0.061241,-0.038229,-0.154738,-0.033642,-0.182576,-0.043069,0.001069,0.000667
0,-0.122302,-0.053823,-0.037702,-0.038282,-0.07311,-0.015112,0.002135,0.000939
0,-0.033539,-0.084318,0.116016,-0.020114,0.145603,-0.028366,0.000585,0.001472
0,-0.220491,-0.122767,-0.214468,-0.024314,-0.262007,0.001909,0.002843,0.002143
0,-0.161918,-0.05043,0.052979,0.092851,0.088442,0.114943,0.002826,0.00088
0,-0.067365,0.029003,0.093505,0.09521,0.100838,0.047091,0.001176,0.000506
0,-0.240634,-0.16215,-0.178435,-0.196838,-0.199223,-0.208349,0.002491,0.00283
0,-0.175725,-0.147472,0.050681,0.025836,0.003925,-0.014277,0.003067,0.002574
0,-0.07843,-0.086174,0.093981,0.062288,0.115242,0.02255,0.001369,0.001504
0,0.003799,-0.19142,0.052234,-0.114673,0.054864,-0.069492,6.6e-05,0.003341
0,-0.243514,-0.020937,-0.24658,0.14607,-0.230839,0.181099,0.002441,0.000365
0,-0.05019,-0.050737,0.170834,-0.043717,0.128729,-0.058978,0.000876,0.000886
0,-0.214749,-0.104253,-0.166067,-0.056726,-0.129365,-0.097504,0.002943,0.00182
0,-0.189387,-0.078342,0.039573,0.042731,0.01109,0.00148,0.003305,0.001367
0,-0.084636,0.017172,0.123911,0.096408,0.152179,0.10016,0.001477,0.0003
0,-0.058019,-0.069221,0.03321,-0.070967,0.006345,-0.057586,0.001013,0.001208
0,-0.002958,-0.094074,0.074652,-0.008937,0.086087,-0.056182,5.2e-05,0.001642
0,-0.116081,-0.187874,-0.10802,-0.088568,-0.122735,-0.07203,0.002026,0.003279
0,-0.132277,-0.247623,0.005218,-0.038077,0.006197,-0.022631,0.002309,0.002369
0,-0.220567,-0.046557,-0.08377,0.217272,-0.118655,0.179695,0.002841,0.000813
0,-0.089586,-0.12389,0.136914,-0.100092,0.091724,-0.073755,0.001564,0.002162
0,-0.056657,-0.086002,0.008493,0.02972,0.053825,0.065664,0.000989,0.001501
0,-0.07866,0.012653,-0.007186,0.084945,0.037078,0.09385,0.001373,0.000221
0,-0.107704,-0.007761,-0.044957,0.000513,0.004918,0.016356,0.00188,0.000135
0,-0.079148,-0.18218,0.001577,-0.151976,-0.013159,-0.197284,0.001381,0.00318
0,-0.102113,-0.005492,-0.004899,0.177091,0.024092,0.193883,0.001782,9.6e-05
0,0.041119,-0.167391,0.140874,-0.141726,0.09974,-0.143564,0.000718,0.002922
0,-0.031758,-0.08364,-0.088443,0.066267,-0.05437,0.055996,0.000554,0.00146
0,-0.070096,-0.022027,-0.039112,0.083104,-0.034116,0.132069,0.001223,0.000384
0,-0.09235,-0.046963,-0.045125,-0.021508,-0.043527,-0.028058,0.001612,0.00082
0,-0.119079,0.060867,-0.021221,0.114687,-0.062336,0.141624,0.002078,0.001062
0,0.090087,-0.019022,0.213627,-0.068078,0.21096,-0.069261,0.001572,0.000332
0,0.089134,0.027899,0.005563,0.048126,0.000629,-0.000971,0.001556,0.000487
0,-0.028565,-0.071856,-0.09783,-0.083342,-0.132228,-0.064896,0.000499,0.001254
0,-0.139768,-0.082214,-0.121689,-0.009997,-0.136867,-0.037744,0.002439,0.001435
0,-0.066242,-0.159259,0.095888,-0.077843,0.057756,-0.038701,0.001156,0.00278
0,0.011706,-0.004425,0.081313,0.135515,0.098629,0.167221,0.000204,7.7e-05
0,0.178176,-0.098415,0.150365,-0.110773,0.149902,-0.105503,0.00311,0.001718
0,0.106875,-0.029907,-0.05029,0.095167,-0.087103,0.087179,0.001865,0.000522
0,0.095515,-0.019612,0.016157,0.021903,0.004761,0.005619,0.001667,0.000342
0,0.177892,-0.032129,0.059545,-0.040951,0.064249,-0.0027,0.003105,0.000561
0,0.111834,0.093132,-0.081838,0.118241,-0.112046,0.150114,0.001952,0.001625
0,-0.068571,0.048923,-0.184534,-0.03986,-0.206758,-0.061442,0.001197,0.000854
0,0.183838,0.144924,0.264401,0.12162,0.245016,0.164228,0.003209,0.002529
0,-0.019358,0.021746,-0.192871,-0.136357,-0.175102,-0.101955,0.000338,0.00038
0,0.039006,-0.055905,0.062164,-0.06007,0.057295,-0.072636,0.000681,0.000976
0,0.052925,0.066311,0.028029,0.126606,-0.021176,0.151912,0.000924,0.001157
0,0.011159,0.058073,-0.061544,0.008601,-0.080026,-0.01047,0.000195,0.001014
0,-0.097201,0.039047,-0.10393,-0.021011,-0.146105,0.028603,0.001696,0.000681
0,0.16313,0.004511,0.259143,-0.021055,0.291909,-0.035841,0.002847,7.9e-05
0,0.039053,0.196553,-0.098114,0.169339,-0.072264,0.152009,0.000682,0.00326
0,-0.012789,0.059682,-0.053961,-0.109256,-0.021822,-0.099934,0.000223,0.001042
0,0.053111,0.212673,0.085801,0.167253,0.076126,0.179393,0.000927,0.002979
0,-0.053396,0.17257,-0.11567,-0.064881,-0.08984,-0.025297,0.000932,0.003012
0,0.110065,0.106782,0.151901,-0.056023,0.148039,-0.024307,0.001921,0.001864
0,0.035871,-0.082601,-0.067878,-0.187898,-0.076196,-0.174375,0.000626,0.001442
0,0.037345,0.033113,-0.004545,0.125773,-0.034525,0.173699,0.000652,0.000578
0,0.130809,-0.002278,0.109263,-0.019495,0.157132,-0.017972,0.002283,4e-05
0,0.165419,-0.076397,0.039399,-0.10241,-0.006364,-0.103826,0.002887,0.001333
0,-0.050099,0.154369,-0.1938,0.250129,-0.234024,0.223072,0.000874,0.002694
0,0.146639,0.023127,0.215383,-0.141605,0.203766,-0.098807,0.002559,0.000404
0,0.156289,0.115993,0.017312,0.080962,0.050125,0.060102,0.002728,0.002024
0,-0.002144,-0.080581,-0.182634,-0.174359,-0.172791,-0.140017,3.7e-05,0.001406
0,0.026622,0.090207,0.049682,0.152028,0.046971,0.196298,0.000465,0.001574
0,0.068016,0.100374,0.014135,-0.016908,-0.006445,0.03136,0.001187,0.001752
0,-0.026842,0.17923,-0.099809,0.057147,-0.081956,0.094634,0.000468,0.003128
0,0.121082,-0.01523,0.14114,-0.207937,0.121536,-0.181178,0.002113,0.000266
0,-0.009917,0.005768,-0.131716,-0.003173,-0.159231,0.03707,0.000173,0.000101
0,0.14539,0.013044,0.131017,0.001451,0.085381,-0.00826,0.002538,0.000228
0,0.158597,0.138986,0.029227,0.136424,-0.002825,0.122332,0.002768,0.002426
0,0.006519,0.091524,-0.134661,-0.041374,-0.157475,-0.068613,0.000114,0.001597
0,0.022244,-0.068234,0.030825,-0.131399,0.041885,-0.156685,0.000388,0.001191
0,0.013566,-0.136053,-0.007097,-0.047524,-0.004639,-0.091345,0.000237,0.002375
0,-0.1622,-0.039801,-0.189225,0.084702,-0.186113,0.107274,0.002831,0.000695
0,-0.121339,-0.128185,0.064941,-0.108685,0.090795,-0.085445,0.002118,0.002237
0,0.096232,-0.168525,0.192825,-0.057586,0.20343,-0.021077,0.00168,0.002941
0,0.068735,-0.120031,-0.038268,0.032741,-0.078238,0.015004,0.0012,0.002095
0,-0.156731,0.078634,-0.201454,0.176957,-0.220703,0.157038,0.002735,0.001372
0,-0.062554,-0.141084,0.101015,-0.228476,0.080719,-0.184835,0.001092,0.002462
0,0.063951,0.078536,0.146749,0.222912,0.140999,0.266577,0.001116,0.001371
0,0.043459,0.023492,-0.019922,-0.071408,-0.061582,-0.089159,0.000759,0.00041
0,-0.069719,-0.1307,-0.133873,-0.178633,-0.160946,-0.188954,0.001217,0.002281
0,-0.180654,-0.085504,-0.102847,0.033756,-0.113041,0.020121,0.003153,0.001492
0,-0.113437,0.109458,0.090176,0.170342,0.090801,0.176979,0.00198,0.00191
0,-0.138656,-0.128709,0.004097,-0.217517,-0.004031,-0.229958,0.00242,0.002246
0,-0.151136,-0.070971,-0.03875,0.083754,-0.077514,0.131181,0.002638,0.001239
0,-0.084037,0.057654,0.078053,0.147088,0.126809,0.109128,0.001467,0.001006
0,0.008146,0.131569,0.111544,0.094257,0.159138,0.136316,0.000142,0.002296
0,-0.10154,0.008856,-0.088808,-0.096142,-0.132377,-0.144473,0.001772,0.000155
0,-0.107482,-0.110726,0.021521,-0.146438,0.029165,-0.143452,0.001876,0.001933
0,-0.158479,0.005434,-0.045121,0.140388,-0.070012,0.141814,0.002766,9.5e-05
0,4.520388,1.328953,4.6589,1.347824,4.613969,1.341331,0.001394,0.003122
0,6.340189,1.759787,1.795702,0.456145,1.781538,0.444515,0.003087,0.00274
0,5.622213,1.457401,-0.741019,-0.272835,-0.73331,-0.271312,0.002236,0.001327
0,5.520938,2.010897,-0.079554,0.528287,-0.032978,0.573923,0.002687,0.001643
0,4.559528,1.95776,-0.937269,-0.040942,-0.961886,-0.026046,0.000711,0.000715
0,3.403074,1.306921,-1.129298,-0.642258,-1.133614,-0.658459,0.000823,0.002738
0,1.813495,0.833358,-1.588712,-0.445191,-1.600609,-0.399212,0.001803,0.001163
0,1.369707,0.711589,-0.459395,-0.102199,-0.430543,-0.098998,0.002857,0.000962
0,0.685115,0.456478,-0.655402,-0.274511,-0.683903,-0.226527,0.001424,0.001276
0,0.198086,0.431104,-0.508514,-0.033081,-0.534504,-0.006752,0.003234,0.000833
0,-0.236472,0.046915,-0.43288,-0.389874,-0.403552,-0.407467,0.002564,0.000819
0,-0.182461,0.040145,0.068922,-0.036067,0.096531,-0.049907,0.003185,0.000701
0,-0.482081,0.062326,-0.272071,-0.006001,-0.260176,-0.036463,0.001723,0.001088
0,-0.288207,0.180573,0.175886,0.13503,0.163706,0.144514,0.001661,0.003152
0,-0.32384,0.036616,-0.036659,-0.130376,-0.008101,-0.100491,0.001039,0.000639
0,-0.454059,-0.008739,-0.112543,-0.056039,-0.138978,-0.067887,0.001234,0.000153
0,-0.118531,0.086698,0.352639,0.081735,0.393751,0.103825,0.002069,0.001513
0,-0.284393,0.143325,-0.183012,0.029623,-0.186747,-0.002644,0.001727,0.002501
0,-0.311027,0.092098,-0.005446,-0.078119,-0.035401,-0.111173,0.001262,0.001607
0,-0.261505,0.143465,0.056276,0.028838,0.067673,0.058614,0.002127,0.002504
0,-0.18167,-0.055133,0.072942,-0.183721,0.056623,-0.196787,0.003171,0.000962
0,-0.187366,-0.030956,-0.032679,0.007337,-0.067058,0.042223,0.00327,0.00054
0,-0.33515,-0.019173,-0.127673,-0.009725,-0.166533,0.037657,0.000841,0.000335
0,-0.09013,-0.062502,0.252094,-0.072045,0.291073,-0.118083,0.001573,0.001091
0,-0.205234,0.115635,-0.098744,0.17146,-0.069984,0.17794,0.003109,0.002018
0,-0.306863,-0.002282,-0.094947,-0.142591,-0.081484,-0.159478,0.001335,4e-05
0,-0.091461,0.112273,0.204327,0.086371,0.205323,0.083454,0.001596,0.00196
0,-0.180475,0.193979,-0.066726,0.066584,-0.104722,0.089015,0.00315,0.003305
0,-0.133801,0.059387,0.054196,-0.106508,0.052591,-0.109999,0.002335,0.001036
0,-0.32282,-0.015488,-0.213374,-0.050307,-0.168502,-0.066956,0.001057,0.00027
0,-0.109212,0.075411,0.198469,0.081231,0.240902,0.097031,0.001906,0.001316
0,-0.327604,0.145996,-0.191638,0.062466,-0.168228,0.046168,0.000973,0.002548
0,-0.248168,0.100454,0.078972,-0.038271,0.126559,-0.016126,0.002359,0.001753
0,-0.214501,-0.048414,0.037763,-0.177316,0.007428,-0.13215,0.002947,0.000845
0,-0.100618,0.157648,0.104415,0.187981,0.154211,0.193572,0.001756,0.002751
0,-0.133806,0.119281,-0.007501,-0.054537,0.015976,-0.053275,0.002335,0.002082
0,-0.226533,-0.099045,-0.076336,-0.216987,-0.098949,-0.246072,0.002737,0.001729
0,0.0104,-0.096345,0.209867,0.032062,0.258705,0.059182,0.000182,0.001682
0,-0.060687,0.103312,-0.064747,0.218621,-0.030082,0.212253,0.001059,0.001803
0,0.048655,0.1191,0.133538,0.044181,0.16395,0.031099,0.000849,0.002079
0,-0.22736,0.166776,-0.296274,0.054459,-0.279614,0.04159,0.002723,0.002911
0,0.016884,-0.080075,0.230059,-0.260326,0.252034,-0.301167,0.000295,0.001398
0,-0.14393,-0.039012,-0.175782,0.055902,-0.130613,0.059915,0.002512,0.000681
0,-0.105306,-0.019225,0.046903,7.8e-05,0.020001,-0.04615,0.001838,0.000336
0,-0.046543,0.038566,0.059232,0.052919,0.087041,0.100352,0.000812,0.000673
0,0.153382,-0.026237,0.223029,-0.035713,0.240784,0.004447,0.002677,0.000458
0,-0.124787,0.085339,-0.257902,0.09948,-0.301388,0.056483,0.002178,0.001489
0,0.025181,-0.135431,0.156805,-0.238966,0.151549,-0.215654,0.000439,0.002364
0,-0.124147,-0.145914,-0.126188,-0.004649,-0.117764,-0.014655,0.002167,0.002547
0,0.158067,-0.122153,0.293511,0.046754,0.244118,0.038582,0.002759,0.002132
0,0.004385,0.149963,-0.175448,0.300857,-0.168696,0.338932,7.7e-05,0.002617
0,0.202195,-0.112048,0.202916,-0.276908,0.237006,-0.283415,0.003162,0.001956
0,0.06734,0.140728,-0.161469,0.234072,-0.133745,0.244137,0.001175,0.002456
0,0.034439,0.051086,-0.047785,-0.065602,-0.005276,-0.06475,0.000601,0.000892
0,-0.063673,-0.066545,-0.08796,-0.133772,-0.128786,-0.179221,0.001111,0.001161
0,0.073005,0.008462,0.122309,0.069703,0.126025,0.068606,0.001274,0.000148
0,0.138215,-0.072928,0.089083,-0.05623,0.120725,-0.035493,0.002412,0.001273
0,0.013721,0.057008,-0.101184,0.119989,-0.140572,0.07348,0.000239,0.000995
0,-0.010104,0.177396,-0.052749,0.121317,-0.101046,0.163554,0.000176,0.003096
0,0.089458,0.152248,0.106703,-0.051276,0.13985,-0.057757,0.001561,0.002657
0,-0.087924,0.13467,-0.147435,-0.022371,-0.178106,-0.066372,0.001535,0.00235
0,0.074383,0.144539,0.149671,0.038447,0.197898,0.04858,0.001298,0.002523
0,-0.046798,0.023172,-0.147118,-0.147024,-0.151345,-0.161124,0.000817,0.000404
0,0.009236,0.006622,0.038186,0.010404,0.059581,-0.036226,0.000161,0.000116
0,0.015484,0.063308,0.014004,0.038924,-0.025297,0.068079,0.00027,0.001105
0,0.058147,0.173055,0.01917,0.096215,-0.023916,0.066227,0.001015,0.00302
0,0.180556,-0.056418,0.108879,-0.202705,0.146628,-0.211025,0.003151,0.000985
0,-0.009773,0.161887,-0.200084,0.228088,-0.166009,0.212864,0.000171,0.002825
0,1.008277,-1.077691,1.005595,-1.260763,1.002608,-1.247347,0.002475,0.001263
0,1.894342,-1.131585,0.870316,-0.034982,0.896321,0.00418,0.000392,0.000323
0,1.595626,-1.474656,-0.278058,-0.365071,-0.290394,-0.363254,0.001086,0.001026
0,1.8158,-1.201675,0.202545,0.251335,0.198359,0.251663,0.001762,0.000901
0,1.65031,-1.198188,-0.137051,-0.014664,-0.111016,-0.050225,0.00204,0.00084
0,1.407707,-0.90181,-0.21269,0.308985,-0.232814,0.324474,0.002194,0.002358
0,1.245435,-0.582327,-0.153619,0.348974,-0.170231,0.316354,0.001664,0.003218
0,1.058149,-0.475235,-0.163833,0.095586,-0.18168,0.057939,0.001604,0.001604
0,0.26928,-0.186239,-0.791342,0.263655,-0.816592,0.306464,0.001991,0.00325
0,0.09949,-0.021077,-0.182438,0.181156,-0.210224,0.204348,0.001736,0.000368
0,0.112167,-0.008668,0.015907,-0.008337,0.00391,-0.054077,0.001958,0.000151
0,-0.164076,0.113451,-0.289305,0.134973,-0.326253,0.086794,0.002864,0.00198
0,-0.35402,0.13897,-0.178533,0.014845,-0.14926,-0.003138,0.000512,0.002425
0,-0.074889,0.098246,0.286605,-0.029155,0.285242,-0.075021,0.001307,0.001715
0,-0.025448,0.11837,0.0283,0.046349,0.05541,0.041758,0.000444,0.002066
0,-0.323592,0.114196,-0.303838,0.011085,-0.286685,0.009288,0.001043,0.001993
0,-0.189899,-0.080641,0.154001,-0.185257,0.114005,-0.220528,0.003314,0.001407
0,-0.256761,-0.054676,-0.093068,0.02971,-0.138824,0.028854,0.002209,0.000954
0,0.004362,0.145811,0.269802,0.219993,0.308331,0.217309,7.6e-05,0.002545
0,-0.125102,-0.007492,-0.130365,-0.128992,-0.089965,-0.125833,0.002183,0.000131
0,-0.171801,0.028631,-0.061967,0.058083,-0.05105,0.084442,0.002998,0.0005
0,0.027813,-0.09973,0.197879,-0.154166,0.241914,-0.177066,0.000485,0.001741
0,-0.037025,0.02233,-0.090056,0.137614,-0.094617,0.165149,0.000646,0.00039
0,-0.070032,-0.084826,-0.045406,-0.095231,-0.086866,-0.144663,0.001222,0.00148
0,0.056457,0.134882,0.130053,0.237857,0.159619,0.199624,0.000985,0.002354
0,-0.092881,0.175711,-0.176344,0.029115,-0.197358,0.061156,0.001621,0.003067
0,-0.158738,0.135077,-0.062331,-0.068941,-0.059774,-0.108153,0.00277,0.002358
0,-0.049322,-0.03973,0.119681,-0.191604,0.129374,-0.239205,0.000861,0.000693
0,-0.175437,0.059137,-0.122909,0.112576,-0.099665,0.09395,0.003062,0.001032
0,-0.027192,0.119503,0.141665,0.072183,0.17161,0.027847,0.000475,0.002086
0,0.125493,0.096046,0.140952,0.003925,0.148921,-0.011082,0.00219,0.001676
0,0.163831,0.188143,0.034388,0.086095,0.057607,0.048388,0.002859,0.003284
0,0.067576,-0.078022,-0.090676,-0.295552,-0.111713,-0.256406,0.001179,0.001362
0,-0.130117,-0.077597,-0.168639,-0.023359,-0.164088,-0.048231,0.002271,0.001354
0,0.052546,0.200134,0.193492,0.294192,0.160777,0.2819,0.000917,0.003198
0,0.120101,-0.053021,0.043443,-0.282135,0.004813,-0.281933,0.002096,0.000925
0,0.138132,0.030379,0.00774,0.068005,-0.002596,0.095607,0.002411,0.00053
0,0.025466,0.169759,-0.0933,0.110165,-0.090621,0.079921,0.000444,0.002963
0,-0.022309,0.007148,-0.036235,-0.183668,-0.051716,-0.17924,0.000389,0.000125
0,0.16914,0.182297,0.205326,0.150035,0.188304,0.195812,0.002952,0.003182
0,0.192777,-0.029845,0.000235,-0.23672,0.024012,-0.238344,0.003326,0.000521
0,0.04542,0.160177,-0.126026,0.217083,-0.130294,0.255819,0.000793,0.002796
0,0.174927,-0.037808,0.157336,-0.218759,0.126344,-0.194956,0.003053,0.00066
0,-0.055417,-0.002975,-0.242209,0.020815,-0.228839,-0.0225,0.000967,5.2e-05
0,0.196941,0.001026,0.236724,-0.018544,0.242493,-0.063871,0.003254,1.8e-05
0,0.081744,0.083444,-0.118169,0.060078,-0.077636,0.021581,0.001427,0.001456
0,0.153663,0.042013,0.042848,-0.050115,0.009237,-0.07184,0.002682,0.000733
0,0.004351,0.099649,-0.135517,0.075462,-0.093253,0.084918,7.6e-05,0.001739
0,0.093487,0.138968,0.117317,0.046807,0.112882,0.057873,0.001632,0.002425
0,-0.164903,-0.146976,-0.25853,-0.292929,-0.271527,-0.311653,0.002878,0.002565
0,-0.04499,-0.09222,0.139915,0.030367,0.09275,0.024245,0.000785,0.00161
0,0.00106,-0.012173,0.06088,0.056154,0.083222,0.032669,1.9e-05,0.000212
0,0.156463,-0.121472,0.130232,-0.126835,0.122656,-0.152555,0.002731,0.00212
0,-0.882321,0.05261,-1.040494,0.158938,-1.078648,0.172242,0.002018,0.000918
0,-0.963892,0.185091,-0.076267,0.121277,-0.055736,0.073429,0.003249,0.00323
0,-1.001155,0.361881,-0.045735,0.185971,-0.025473,0.168478,0.002599,0.000375
0,-0.911456,0.232665,0.071818,-0.13763,0.094027,-0.180127,0.002526,0.00263
0,-0.89301,0.253758,0.039148,0.016721,0.084638,0.053869,0.002204,0.002262
0,-0.671435,-0.021808,0.199064,-0.274946,0.168438,-0.259875,0.001663,0.000381
0,-0.509957,0.044291,0.176722,0.076376,0.132011,0.041161,0.00221,0.000773
0,-0.323503,-0.028161,0.170938,-0.0637,0.204239,-0.026732,0.001045,0.000492
0,-0.192549,0.119257,0.114174,0.173777,0.100651,0.170679,0.00333,0.002081
0,0.01047,0.185351,0.212856,0.060136,0.175419,0.044201,0.000183,0.003235
0,-0.032327,0.030495,-0.046586,-0.153126,-0.094519,-0.18673,0.000564,0.000532
0,0.144105,0.056342,0.204137,0.042539,0.23856,0.088594,0.002515,0.000983
0,0.09367,0.158341,-0.032856,0.090636,-0.007864,0.062416,0.001635,0.002764
0,0.0064,-0.043176,-0.060554,-0.224339,-0.040287,-0.183968,0.000112,0.000754
0,0.025801,-0.089424,-0.000139,-0.029444,-0.017167,-0.016577,0.00045,0.001561
0,0.062715,-0.060465,0.055007,0.057558,0.009579,0.058729,0.001095,0.001055
0,0.141208,0.051841,0.097098,0.107011,0.054821,0.070453,0.002465,0.000905
0,0.1346,0.138544,0.022606,0.070033,0.025286,0.095031,0.002349,0.002418
0,0.053103,0.030997,-0.1016,-0.114594,-0.078148,-0.109911,0.000927,0.000541
0,-0.046903,-0.130856,-0.108764,-0.142815,-0.145835,-0.143912,0.000819,0.002284
0,0.040932,-0.036877,0.059921,0.082162,0.090469,0.085063,0.000714,0.000644
0,0.108989,-0.07755,0.065965,-0.028224,0.058973,0.000969,0.001902,0.001354
0,0.028437,0.094536,-0.085658,0.154186,-0.109931,0.156239,0.000496,0.00165
0,-0.066554,-0.158789,-0.086092,-0.266291,-0.092519,-0.272355,0.001162,0.002771
0,0.061754,-0.100255,0.148666,0.031154,0.178623,0.056929,0.001078,0.00175
0,-0.000259,-0.07401,-0.061332,0.040456,-0.023953,0.0711,5e-06,0.001292
0,-0.145145,0.081424,-0.151763,0.162862,-0.19016,0.154322,0.002533,0.001421
0,0.011703,0.147122,0.170156,0.055208,0.14959,0.01548,0.000204,0.002568
0,0.142482,0.059092,0.133911,-0.064753,0.140029,-0.100459,0.002487,0.001031
0,0.044174,0.102059,-0.090794,0.045862,-0.076431,0.05996,0.000771,0.001781
0,-0.033047,0.013197,-0.067367,-0.102995,-0.061616,-0.095984,0.000577,0.00023
0,0.157626,0.157146,0.205475,0.125656,0.208742,0.150372,0.002751,0.002743
0,0.226233,0.01314,0.049789,-0.13686,0.080146,-0.101307,0.002742,0.000229
0,0.113769,0.04318,-0.133907,0.046965,-0.095945,0.001672,0.001986,0.000754
0,0.129764,-0.070215,0.032691,-0.113201,0.073666,-0.086355,0.002265,0.001225
0,0.06515,-0.048645,-0.093004,0.001806,-0.142089,0.021912,0.001137,0.000849
0,-0.016883,0.156835,-0.0766,0.178765,-0.045141,0.226466,0.000295,0.002737
0,0.019514,-0.000452,0.053244,-0.180674,0.043464,-0.175869,0.000341,8e-06
0,-0.084729,0.125032,-0.129938,0.110567,-0.110917,0.097218,0.001479,0.002182
0,0.015479,0.094798,0.090985,-0.014222,0.102307,-0.005012,0.00027,0.001655
0,-0.003927,0.112123,0.002414,-0.00904,-0.038996,0.035333,6.9e-05,0.001957
0,0.176273,-0.118395,0.165034,-0.248419,0.157889,-0.292336,0.003077,0.002066
0,0.288599,0.074292,0.105969,0.211405,0.150065,0.184076,0.001654,0.001297
0,0.065572,0.049227,-0.195884,0.000425,-0.169951,-0.001066,0.001144,0.000859
0,0.083368,0.027407,0.042211,0.00766,0.083199,0.022324,0.001455,0.000478
0,0.203089,0.156184,0.105875,0.114022,0.112539,0.161929,0.003146,0.002726
0,-0.010315,0.041856,-0.21446,-0.10168,-0.23259,-0.125851,0.00018,0.000731
0,0.109775,0.070046,0.121487,0.056136,0.088549,0.062746,0.001916,0.001223
0,0.336267,-0.060118,0.247648,-0.156048,0.212999,-0.142521,0.000822,0.001049
0,0.270313,0.044976,-0.056129,0.116138,-0.103874,0.16133,0.001973,0.000785
0,0.177435,-0.12176,-0.101503,-0.196485,-0.058377,-0.169124,0.003097,0.002125
0,-0.012871,-0.004147,-0.200327,0.111624,-0.184385,0.156885,0.000225,7.2e-05
0,0.056218,-0.032302,0.070838,-0.052462,0.097155,-0.100035,0.000981,0.000564
0,0.182455,-0.081611,0.118007,-0.030011,0.129994,0.005978,0.003184,0.001424
0,0.197834,-0.079575,-0.011966,0.025334,0.027968,0.000921,0.003238,0.001389
0,0.284583,0.05204,0.114403,0.152512,0.119512,0.156696,0.001724,0.000908
0,-0.031143,-0.108756,-0.324937,-0.186728,-0.354583,-0.175238,0.000544,0.001898
0,0.111373,0.104101,0.167395,0.238404,0.202334,0.203221,0.001944,0.001817
0,0.107649,0.096717,-0.022435,-0.011225,-0.059065,-0.042831,0.001879,0.001688
0,-0.130432,0.146684,-0.229867,0.05423,-0.237978,0.059537,0.002276,0.00256
0,0.028312,0.046972,0.137043,-0.095512,0.089644,-0.121521,0.000494,0.00082
0,-0.066239,0.048229,-0.097607,-0.004197,-0.052913,0.032885,0.001156,0.000842
0,-0.082492,-0.056799,-0.019402,-0.104393,0.009402,-0.12309,0.00144,0.000991
0,0.091692,0.156323,0.199068,0.231846,0.202334,0.230375,0.0016,0.002728
0,0.111547,0.119638,0.033748,-0.016499,0.076433,-0.031228,0.001947,0.002088
0,-0.027426,-0.129371,-0.124985,-0.26166,-0.093114,-0.273365,0.000479,0.002258
0,0.147829,0.046407,0.193774,0.199154,0.211096,0.194322,0.00258,0.00081
0,0.056189,0.068894,-0.072639,0.052473,-0.027685,0.082299,0.000981,0.001202
0,0.029213,0.039402,-0.000598,-0.054578,0.005392,-0.094082,0.00051,0.000688
0,-0.017309,0.112785,-0.02084,0.097519,-0.011578,0.075693,0.000302,0.001968
0,-0.166994,0.094615,-0.157496,-0.017338,-0.112863,-0.000541,0.002915,0.001651
0,0.073107,0.083059,0.235257,0.002147,0.281158,0.012114,0.001276,0.00145
0,-0.217706,0.062864,-0.311956,-0.021603,-0.321245,0.028074,0.002891,0.001097
0,-0.037679,-0.092786,0.153949,-0.183891,0.134342,-0.155034,0.000658,0.001619
0,-0.217878,0.203554,-0.193174,0.30346,-0.156064,0.314208,0.002888,0.003138
0,-0.155394,0.09291,0.033402,-0.086331,0.054429,-0.083303,0.002712,0.001622
0,-0.16908,0.078248,-0.01575,-0.040802,0.034037,-0.048102,0.002951,0.001366
0,0.00064,-0.06425,0.144796,-0.126352,0.172276,-0.109419,1.1e-05,0.001121
0,0.084798,0.049489,0.096096,0.110441,0.112455,0.122481,0.00148,0.000864
0,0.129133,0.055771,0.035684,0.028363,0.019294,-0.007534,0.002254,0.000973
0,-0.165711,0.010816,-0.279416,-0.057376,-0.281772,-0.09368,0.002892,0.000189
0,0.104326,-0.029009,0.262697,-0.061219,0.2773,-0.083932,0.001821,0.000506
0,-0.034778,0.193005,-0.111324,0.202879,-0.142325,0.228286,0.000607,0.003322
0,0.144919,0.043618,0.197349,-0.163398,0.199736,-0.159547,0.002529,0.000761
0,-0.067935,0.148223,-0.228891,0.09463,-0.206683,0.142823,0.001186,0.002587
0,-0.065394,0.083972,-0.011177,-0.040263,-0.007307,0.008997,0.001141,0.001466
0,-0.14637,0.003076,-0.084855,-0.083418,-0.127986,-0.083625,0.002555,5.4e-05
0,-0.112241,-0.009412,0.019351,-0.033125,0.054457,-0.00684,0.001959,0.000164
0,-0.030223,0.065252,0.109866,0.070589,0.072209,0.035744,0.000527,0.001139
0,-0.104031,0.062426,-0.054003,-0.000567,-0.053761,0.027379,0.001816,0.00109
0,0.048164,0.077932,0.17443,0.036433,0.20536,0.069635,0.000841,0.00136
0,-0.111322,-0.126107,-0.165519,-0.184055,-0.139505,-0.22575,0.001943,0.002201
0,0.088082,-0.013081,0.175123,0.128415,0.152585,0.162582,0.001537,0.000228
0,-0.060245,0.058269,-0.12678,0.098192,-0.08232,0.13435,0.001051,0.001017
0,-0.04561,0.018181,0.035115,-0.062657,0.060363,-0.108765,0.000796,0.000317
0,0.013342,0.011506,0.033882,-0.006916,0.065632,-0.020344,0.000233,0.000201
0,-0.078641,-0.011895,-0.112281,-0.003429,-0.107409,0.012412,0.001373,0.000208
0,-0.095136,-0.15299,0.010344,-0.139875,-0.017132,-0.129429,0.00166,0.00267
0,0.02643,0.148038,0.126049,0.277245,0.15148,0.26792,0.000461,0.002584
0,-0.196136,0.062718,-0.244689,-0.107731,-0.215243,-0.154902,0.003268,0.001095
0,-0.047047,-0.139139,0.170007,-0.195583,0.20286,-0.200432,0.000821,0.002428
0,-0.010364,-0.058752,0.046855,0.059225,0.025199,0.021432,0.000181,0.001025
0,-0.13361,-0.10518,-0.146457,-0.062096,-0.103112,-0.032821,0.002332,0.001836
0,-0.116865,-0.125354,0.001635,-0.022399,0.008506,-0.066581,0.00204,0.002188
0,-0.117254,0.020162,0.010683,0.143055,0.044693,0.141641,0.002046,0.000352
0,-0.228463,-0.023152,-0.112121,-0.047975,-0.125942,-0.049351,0.002703,0.000404
0,-0.158962,0.048192,0.075571,0.050078,0.027163,0.008476,0.002774,0.000841
0,-0.048923,0.150276,0.138738,0.098625,0.138844,0.125662,0.000854,0.002623
0,-0.235541,0.114282,-0.201676,-0.012241,-0.20611,-0.059489,0.00258,0.001995
0,-0.02714,0.177383,0.219837,0.092929,0.179112,0.11473,0.000474,0.003096
0,-0.263231,0.068744,-0.252621,-0.100724,-0.274384,-0.08022,0.002097,0.0012
0,-0.039135,0.02678,0.207334,-0.027239,0.225531,-0.02629,0.000683,0.000467
0,-0.204675,0.127841,-0.182343,0.076606,-0.187229,0.07398,0.003119,0.002231
0,-0.05482,0.010216,0.133295,-0.102636,0.17686,-0.073525,0.000957,0.000178
0,0.047473,0.128072,0.084839,0.128501,0.128355,0.086815,0.000829,0.002235
0,-0.204521,0.144946,-0.239774,0.004543,-0.25944,-0.025081,0.003121,0.00253
0,0.071417,0.185699,0.302911,0.031996,0.292349,0.041027,0.001246,0.003241
0,0.064295,0.008645,-0.021979,-0.176168,0.00192,-0.176589,0.001122,0.000151
0,-0.089838,0.037126,-0.124352,0.0011,-0.075837,-0.030231,0.001568,0.000648
0,-0.120211,0.027414,-0.010818,-0.021039,-0.043447,-0.060554,0.002098,0.000478
0,0.036614,0.071836,0.167754,0.016789,0.156453,0.003161,0.000639,0.001254
0,-0.029028,0.109365,-0.091997,0.034447,-0.079725,-0.01317,0.000507,0.001909
0,-0.10911,-0.011666,-0.084865,-0.126837,-0.134648,-0.111658,0.001904,0.000204
0,0.039635,-0.04971,0.172944,-0.060782,0.190967,-0.079885,0.000692,0.000868
0,0.092663,-0.093472,0.052648,-0.030905,0.019527,-0.01597,0.001617,0.001631
0,-0.107238,0.071742,-0.215579,0.140942,-0.247162,0.108283,0.001872,0.001252
0,0.026004,-0.027824,0.12278,-0.093338,0.16103,-0.09186,0.000454,0.000486
0,-0.005027,-0.014865,-0.056202,0.02745,-0.023427,0.022434,8.8e-05,0.000259
0,-0.01375,-0.108597,-0.004457,-0.097636,-0.004578,-0.115166,0.00024,0.001895
0,0.059102,0.01241,0.089908,0.137543,0.054801,0.127755,0.001032,0.000217
0,1.32947,0.453089,1.248137,0.412237,1.284445,0.39487,0.003131,0.001217
0,2.7664,0.480299,1.454095,0.011375,1.417021,-0.026993,0.001447,0.001692
0,2.857573,0.64186,0.071343,0.174641,0.065843,0.192717,0.003038,0.002179
0,3.664078,0.745861,0.827191,0.106126,0.875058,0.101608,0.002958,0.000364
0,3.904778,0.494044,0.239932,-0.236393,0.25989,-0.248639,0.001243,0.001932
0,3.489871,0.466255,-0.388924,-0.031082,-0.355541,-0.056979,0.000692,0.001447
0,2.691776,0.226746,-0.784755,-0.260195,-0.762312,-0.258037,0.000145,0.002733
0,2.252944,0.151958,-0.41311,-0.04826,-0.432575,-0.077954,0.000824,0.002652
0,1.213504,0.279513,-1.06505,0.112564,-1.074211,0.116399,0.001107,0.001812
0,0.509938,0.174716,-0.680974,-0.106647,-0.655068,-0.113533,0.002209,0.003049
0,0.060485,0.026781,-0.450947,-0.1181,-0.458901,-0.101056,0.001056,0.000467
0,0.12083,-0.065295,0.039607,-0.087062,0.033176,-0.057541,0.002109,0.00114
0,-0.288005,-0.071707,-0.408959,0.008526,-0.383976,0.038757,0.001664,0.001252
0,-0.458035,-0.053113,-0.184531,0.047607,-0.166302,0.079238,0.001303,0.000927
0,-0.32287,-0.107737,0.142684,-0.048083,0.127505,-0.080438,0.001056,0.00188
0,-0.429122,-0.170748,-0.126187,-0.074154,-0.120268,-0.093387,0.000799,0.00298
0,-0.193253,-0.077361,0.248609,0.123006,0.222742,0.132487,0.003318,0.00135
0,-0.182145,-0.031124,-0.010724,0.029311,-0.034284,-0.009218,0.003179,0.000543
0,-0.330028,-0.003614,-0.118889,0.055881,-0.164907,0.049738,0.000931,6.3e-05
0,-0.204946,0.037171,0.115666,0.05129,0.156855,0.044068,0.003114,0.000649
0,-0.068034,-0.092927,0.1286,-0.159084,0.175815,-0.110614,0.001187,0.001622
0,-0.097554,-0.210478,-0.057214,-0.147436,-0.082412,-0.113344,0.001703,0.003017
0,0.024532,0.059201,0.127154,0.279089,0.079832,0.249756,0.000428,0.001033
0,0.075826,0.080352,0.029711,0.011486,0.019254,-0.007704,0.001323,0.001402
0,0.028773,0.122304,-0.044218,0.04847,-0.05576,0.004216,0.000502,0.002135
0,-0.000892,0.07064,-0.04332,-0.030854,-0.071687,-0.045566,1.6e-05,0.001233
0,-0.002564,0.0457,-0.020779,-0.034522,-0.039519,0.002464,4.5e-05,0.000798
0,0.053519,0.009683,0.045251,-0.049041,0.071126,-0.031249,0.000934,0.000169
0,0.161585,-0.055609,0.094304,-0.069416,0.117153,-0.046046,0.00282,0.000971
0,0.033785,0.068589,-0.119771,0.13453,-0.160902,0.16818,0.00059,0.001197
0,0.218511,0.133339,0.200638,0.047098,0.244853,0.074768,0.002877,0.002327
0,0.188961,-0.124065,-0.043285,-0.233966,-0.029689,-0.243168,0.003298,0.002165
0,-0.079784,-0.105231,-0.245999,0.041479,-0.29321,-0.005949,0.001392,0.001837
0,-0.029392,-0.062177,0.071642,0.040896,0.075338,0.044144,0.000513,0.001085
0,-0.05741,0.089866,-0.009775,0.128569,0.020069,0.090787,0.001002,0.001568
0,0.046747,-0.133908,0.109936,-0.237767,0.111451,-0.246046,0.000816,0.002337
0,0.078547,0.019741,0.05982,0.180023,0.067318,0.204543,0.001371,0.000345
0,-0.096111,0.132052,-0.154007,0.112446,-0.154385,0.065641,0.001677,0.002305
0,0.106033,0.060393,0.218923,-0.101434,0.190039,-0.08118,0.001851,0.001054
0,0.174349,0.018865,0.061476,-0.070317,0.084998,-0.022325,0.003043,0.000329
0,-0.015609,0.062159,-0.185289,0.020165,-0.156876,-0.01448,0.000272,0.001085
0,0.131284,0.09907,0.127758,0.059455,0.177611,0.098529,0.002291,0.001729
0,-0.050868,-0.074367,-0.160974,-0.149702,-0.164477,-0.142844,0.000888,0.001298
0,-0.14887,0.053922,-0.120694,0.140851,-0.08395,0.165527,0.002598,0.000941
0,-0.043463,-0.062019,0.117415,-0.093092,0.128083,-0.111307,0.000759,0.001082
0,-0.017882,0.117139,0.036382,0.181434,0.082365,0.199073,0.000312,0.002044
0,0.027116,0.135291,0.050099,0.013313,0.054982,-0.006098,0.000473,0.002361
0,-0.026103,0.064066,-0.048855,-0.071937,-0.018894,-0.079223,0.000456,0.001118
0,-0.069528,0.065182,-0.05573,-0.019533,-0.087497,0.008854,0.001213,0.001138
0,-0.089052,0.142005,-0.027898,0.069311,-0.077166,0.115622,0.001554,0.002478
0,-0.188768,0.040872,-0.123629,-0.077256,-0.106306,-0.076904,0.003295,0.000713
0,-0.031065,0.142338,0.186596,0.071648,0.211292,0.098315,0.000542,0.002484
0,-0.132788,-0.022198,-0.109268,-0.145004,-0.08243,-0.161415,0.002318,0.000387
0,0.098528,-0.071352,0.225755,-0.078823,0.265116,-0.062393,0.00172,0.001245
0,0.143279,-0.078345,0.055849,-0.022398,0.015917,-0.062811,0.002501,0.001367
0,0.030499,0.058634,-0.128635,0.160875,-0.152973,0.159614,0.000532,0.001023
0,0.014156,0.016814,-0.043759,-0.063455,-0.042013,-0.020951,0.000247,0.000293
0,0.15401,0.010543,0.122377,-0.019588,0.141002,0.024881,0.002688,0.000184
0,-0.050903,0.080623,-0.216866,0.049299,-0.217996,0.038331,0.000888,0.001407
0,-0.028082,0.198279,0.000699,0.093413,-0.009891,0.074422,0.00049,0.00323
0,-0.046897,0.186208,-0.015082,-0.002745,-0.02497,-0.023158,0.000819,0.00325
0,0.056385,0.076239,0.086695,-0.104855,0.038176,-0.070922,0.000984,0.001331
0,-0.059721,-0.003264,-0.126303,-0.098237,-0.122152,-0.103871,0.001042,5.7e-05
0,0.167348,0.08198,0.198723,0.103676,0.17631,0.097673,0.002921,0.001431
0,-0.058201,0.012256,-0.203769,-0.041784,-0.19158,-0.077764,0.001016,0.000214
0,0.088136,0.119182,0.120184,0.116733,0.134303,0.157044,0.001538,0.00208
0,0.029628,0.14712,-0.029773,0.028828,-0.030385,0.056776,0.000517,0.002568
0,-0.048135,0.133714,-0.067867,-0.010411,-0.060074,-0.000818,0.00084,0.002334
0,0.099061,0.112198,0.137784,-0.042348,0.095901,-0.027641,0.001729,0.001958
0,0.290581,0.03566,0.199989,-0.056585,0.229428,-0.043367,0.001619,0.000622
0,0.248031,0.111909,-0.067232,0.10512,-0.053298,0.060933,0.002362,0.001953
0,0.190937,-0.052682,-0.038509,-0.161446,-0.035626,-0.177705,0.003332,0.000919
0,0.368922,0.144704,0.172145,0.171726,0.221247,0.204349,0.000252,0.002526
0,0.196164,0.103067,-0.179482,-0.040275,-0.155043,-0.009661,0.003267,0.001799
0,0.114705,-0.138603,-0.108021,-0.266481,-0.090509,-0.305154,0.002002,0.002419
0,0.350635,-0.026142,0.218454,0.133376,0.243406,0.089803,0.000571,0.000456
0,0.407967,0.169702,0.043467,0.203746,-0.00031,0.227077,0.00043,0.002962
0,0.190309,-0.056692,-0.206293,-0.242142,-0.222606,-0.251111,0.003322,0.000989
0,0.133376,-0.10084,-0.077266,-0.019581,-0.078589,-0.055182,0.002328,0.00176
0,0.392312,0.063933,0.247649,0.153289,0.218764,0.140626,0.000156,0.001116
0,0.312977,-0.089637,-0.090098,-0.131095,-0.097549,-0.121645,0.001228,0.001564
0,0.415404,-0.056053,0.11288,0.009103,0.152381,0.049501,0.000559,0.000978
0,0.157233,-0.097589,-0.261687,-0.056476,-0.250065,-0.016668,0.002744,0.001703
0,0.419728,-0.113194,0.257713,-0.018547,0.224522,-0.049347,0.000635,0.001976
0,0.237079,-0.068673,-0.183037,0.022224,-0.169364,0.036278,0.002553,0.001199
0,0.212802,-0.131336,-0.004422,-0.05944,0.009626,-0.094927,0.002977,0.002292
0,0.380561,-0.135791,0.139316,-0.027075,0.146453,-0.046184,4.9e-05,0.00237
0,0.239092,-0.08321,-0.132588,0.051271,-0.089858,0.05007,0.002518,0.001452
0,0.343407,-0.076471,0.126537,0.006992,0.092736,0.055163,0.000697,0.001335
0,0.117709,-0.088883,-0.226409,0.014226,-0.187284,0.043955,0.002054,0.001551
0,0.181189,-0.051933,0.047241,0.032793,0.035105,-0.00096,0.003162,0.000906
0,0.184824,-0.125757,0.009487,-0.058881,0.00738,-0.080259,0.003226,0.002195
0,0.030525,-0.163248,-0.125105,-0.065974,-0.128071,-0.058826,0.000533,0.002849
0,0.289761,0.047089,0.288124,0.200651,0.325883,0.167996,0.001634,0.000822
0,0.28603,0.103013,0.015258,0.026343,0.006163,0.057477,0.001699,0.001798
0,0.011646,0.042808,-0.250893,-0.047468,-0.252711,-0.069361,0.000203,0.000747
0,-0.296204,1.154945,-0.309571,1.134002,-0.30069,1.101756,0.001521,8.5e-05
0,-0.285501,2.584467,0.013639,1.418094,0.061134,1.408746,0.001708,0.001728
0,-0.204337,2.214736,0.074553,-0.378747,0.028031,-0.336294,0.003124,0.00149
0,-0.470691,2.36326,-0.242903,0.163412,-0.224916,0.187652,0.001524,0.001102
0,-0.318671,2.007028,0.143373,-0.34611,0.100887,-0.298776,0.001129,0.001575
0,-0.253312,1.295839,0.048891,-0.723794,0.004772,-0.72121,0.00227,0.002544
0,-0.075764,0.993494,0.206595,-0.325497,0.162669,-0.32015,0.001322,0.002733
0,-0.26832,0.447761,-0.214899,-0.5338,-0.257833,-0.566938,0.002008,0.001124
0,0.043017,0.142623,0.319539,-0.329497,0.364647,-0.353806,0.000751,0.002489
0,-0.166037,-0.067905,-0.212657,-0.22147,-0.1789,-0.20452,0.002898,0.001185
0,-0.144732,-0.071521,0.009497,-0.015484,0.031326,0.000917,0.002526,0.001248
0,-0.10542,-0.150191,0.04232,-0.094893,0.019716,-0.047237,0.00184,0.002621
0,-0.074844,-0.236006,0.058702,-0.056765,0.028483,-0.03937,0.001306,0.002572
0,0.022336,-0.166963,0.111215,0.068986,0.062567,0.059021,0.00039,0.002914
0,0.026044,-0.060379,0.011878,0.133599,0.059765,0.138545,0.000455,0.001054
0,0.063252,-0.187219,0.02648,-0.121885,0.068031,-0.086756,0.001104,0.003268
0,-0.007754,-0.171872,-0.078088,0.006809,-0.07234,0.041439,0.000135,0.003
0,0.106133,-0.012288,0.13835,0.177966,0.136608,0.153144,0.001852,0.000214
0,-0.016399,-0.147683,-0.130501,-0.127626,-0.137427,-0.172861,0.000286,0.002578
0,-0.087499,-0.214565,-0.056373,-0.060589,-0.079353,-0.092466,0.001527,0.002946
0,-0.018786,-0.213914,0.043162,0.009042,0.059224,-0.019537,0.000328,0.002957
0,0.197483,0.046452,0.242233,0.264449,0.234702,0.313695,0.003244,0.000811
0,0.004847,-0.140565,-0.170734,-0.198606,-0.200849,-0.243766,8.5e-05,0.002453
0,-0.073002,-0.009405,-0.097949,0.160538,-0.065711,0.157088,0.001274,0.000164
0,0.209085,0.039047,0.277439,0.038221,0.230912,-0.004722,0.003042,0.000682
0,-0.057628,-0.178514,-0.247078,-0.219704,-0.232345,-0.224704,0.001006,0.003116
0,0.103006,0.092114,0.181035,0.283808,0.193523,0.277795,0.001798,0.001608
0,-0.052628,0.005683,-0.150569,-0.108693,-0.187911,-0.142353,0.000919,9.9e-05
0,-0.103435,0.124475,-0.052336,0.09866,-0.04098,0.095759,0.001805,0.002173
0,0.152714,-0.145134,0.230824,-0.239714,0.240144,-0.214541,0.002665,0.002533
0,0.08766,-0.132264,-0.068418,-0.000126,-0.088097,0.005275,0.00153,0.002308
0,-0.030923,-0.084919,-0.093417,0.052667,-0.087541,0.009342,0.00054,0.001482
0,-0.054886,0.046476,-0.040588,0.141163,-0.013589,0.134408,0.000958,0.000811
0,-0.073653,0.021974,-7.6e-05,-0.030503,-0.00732,-0.067576,0.001285,0.000384
0,-0.114877,-0.095083,-0.049468,-0.101439,-0.003087,-0.081879,0.002005,0.00166
0,-0.044807,0.171114,0.075778,0.287217,0.090638,0.32354,0.000782,0.002987
0,1.232337,0.959945,1.271237,0.818512,1.289961,0.835595,0.001436,0.003318
0,2.499177,1.588283,1.240268,0.607537,1.249272,0.638762,0.003217,0.000958
0,3.628227,2.032949,1.156207,0.41532,1.129037,0.440493,0.003107,0.002028
0,2.6648,2.862234,-0.99002,0.841757,-0.984175,0.855121,0.000326,0.00312
0,2.635051,2.549445,-0.019399,-0.314557,-0.011178,-0.28659,0.000845,0.00234
0,2.075985,1.88012,-0.55643,-0.660248,-0.590651,-0.629756,0.002779,0.00064
0,1.635982,1.289474,-0.450834,-0.563829,-0.442374,-0.586256,0.00179,0.002433
0,1.673916,0.858202,0.032579,-0.41552,0.067661,-0.416005,0.002452,0.001597
0,0.915715,0.817472,-0.735746,-0.022429,-0.709556,0.016528,0.002601,0.000886
0,0.629861,0.501124,-0.279825,-0.296015,-0.321515,-0.264983,0.002388,0.002055
0,0.086144,0.249136,-0.520195,-0.245499,-0.561331,-0.26118,0.001504,0.002343
0,0.131911,0.102946,0.021229,-0.122044,-0.00318,-0.141026,0.002302,0.001797
0,-0.287065,0.216899,-0.439933,0.117093,-0.415779,0.149492,0.001681,0.002905
0,-0.119269,-0.078815,0.150679,-0.304829,0.200554,-0.26034,0.002082,0.001376
0,-0.322255,-1.554143,-0.202347,-1.450525,-0.174437,-1.473879,0.001066,0.000362
0,0.015912,-2.300574,0.314927,-0.749375,0.345683,-0.707245,0.000278,8e-06
0,-0.000532,-2.089081,-0.037161,0.204504,-0.020295,0.172881,9e-06,0.003007
0,-0.038319,-2.029323,-0.017438,0.071676,-0.058517,0.087256,0.000669,0.001964
0,0.19124,-1.442757,0.234188,0.56478,0.218087,0.518953,0.003338,0.001582
0,0.112197,-1.212335,-0.095418,0.221512,-0.104186,0.187113,0.001958,0.001087
0,0.052174,-1.104433,-0.04038,0.108396,-0.075869,0.120913,0.000911,0.000796
0,0.115599,-0.694165,0.034275,0.438789,-0.015269,0.393764,0.002018,0.001266
0,0.23074,-0.434408,0.128744,0.270585,0.117111,0.241791,0.002664,0.000891
0,0.012002,-0.111837,-0.234696,0.309179,-0.190222,0.355464,0.000209,0.001952
0,0.180261,0.026647,0.145422,0.126301,0.137642,0.084009,0.003146,0.000465
0,0.165033,0.208628,0.003182,0.154305,-0.01805,0.156875,0.00288,0.00305
0,-0.03443,0.194383,-0.192919,-0.027326,-0.206724,-0.030415,0.000601,0.003298
0,0.017364,0.362283,0.027125,0.178393,0.053322,0.156987,0.000303,0.000368
0,0.172986,0.355442,0.164309,-0.010289,0.131724,-0.007443,0.003019,0.000487
0,0.105238,0.205576,-0.073837,-0.147364,-0.041417,-0.181452,0.001837,0.003103
0,-0.098037,0.381215,-0.178658,0.168595,-0.217901,0.203413,0.001711,3.7e-05
0,0.156654,0.148701,0.247175,-0.223178,0.242938,-0.18197,0.002734,0.002595
0,0.106544,0.078713,-0.075075,-0.040321,-0.094305,-0.031698,0.00186,0.001374
0,0.151648,0.070994,0.042693,-0.019623,0.024017,0.007652,0.002647,0.001239
0,0.017375,0.150859,-0.157654,0.083064,-0.147227,0.098811,0.000303,0.002633
0,-0.033139,0.20123,-0.063928,0.050864,-0.081267,0.089337,0.000578,0.003179
0,0.096144,0.10668,0.11656,-0.106016,0.15091,-0.101438,0.001678,0.001862
0,0.118477,0.216884,0.046416,0.135604,0.025696,0.149139,0.002068,0.002905
0,0.018056,0.142117,-0.085882,-0.045219,-0.097249,-0.076467,0.000315,0.00248
0,-0.058969,0.180699,-0.054894,0.013544,-0.037827,0.030491,0.001029,0.003154
0,0.100292,-0.007428,0.176633,-0.188968,0.222248,-0.181501,0.00175,0.00013
0,-0.047123,0.095033,-0.123805,0.100018,-0.139159,0.073979,0.000822,0.001659
0,0.057285,0.075419,0.105371,-0.032573,0.150706,8.7e-05,0.001,0.001316
0,0.049437,-0.0538,-0.013787,-0.154508,-0.02458,-0.126147,0.000863,0.000939
0,0.087611,0.22961,0.014929,0.293437,0.023665,0.287282,0.001529,0.002683
0,-0.040113,0.05967,-0.108915,-0.176582,-0.142529,-0.196705,0.0007,0.001041
0,0.089022,0.231097,0.115746,0.183274,0.082049,0.179443,0.001554,0.002657
0,0.084592,0.170423,-0.014988,-0.045054,-0.016856,-0.012171,0.001476,0.002974
0,-0.110054,0.045694,-0.164896,-0.148206,-0.119868,-0.173672,0.001921,0.000798
0,0.031139,0.191798,0.170482,0.141244,0.19079,0.165372,0.000543,0.003343
0,-0.082654,0.051508,-0.094657,-0.144648,-0.058643,-0.139371,0.001443,0.000899
0,-0.043159,-0.060174,0.054847,-0.084238,0.087549,-0.105561,0.000753,0.00105
0,0.019025,0.147813,0.050007,0.194377,0.044253,0.178036,0.000332,0.00258
0,-0.090862,-0.011824,-0.108677,-0.135532,-0.108193,-0.177802,0.001586,0.000206
0,-0.008601,0.063563,0.066891,0.062676,0.110679,0.020703,0.00015,0.001109
0,0.102852,0.078557,0.135678,0.024102,0.123897,-0.022926,0.001795,0.001371
0,0.042848,0.170004,-0.044115,0.093735,-0.048401,0.109417,0.000748,0.002967
0,0.017979,0.095493,-0.006407,-0.10065,-0.05156,-0.08345,0.000314,0.001667
0,-0.044294,-0.067593,-0.064292,-0.145777,-0.052135,-0.129518,0.000773,0.00118
0,-0.036429,-0.018765,0.015811,0.024983,0.063594,-0.015988,0.000636,0.000328
0,0.076046,0.085629,0.117031,0.112172,0.160182,0.111937,0.001327,0.001495
0,-0.069488,0.123455,-0.150149,0.02881,-0.128248,0.051342,0.001213,0.002155
0,0.125382,0.042232,0.192238,-0.100805,0.168137,-0.108392,0.002188,0.000737
0,-0.040988,0.15809,-0.194832,0.086753,-0.161472,0.04695,0.000715,0.002759
0,-0.037456,-0.024488,-0.025578,-0.211831,-0.025886,-0.251204,0.000654,0.000427
0,0.123199,0.093093,0.152143,0.108531,0.160095,0.122024,0.00215,0.001625
0,0.106217,0.038919,-0.003643,-0.03156,-0.021528,-0.080629,0.001854,0.000679
0,0.068856,0.05448,-0.056641,0.036551,-0.081444,0.069125,0.001202,0.000951
0,0.137525,0.090849,0.050578,0.036175,0.00798,0.050821,0.0024,0.001586
0,-0.013811,0.179519,-0.141899,0.081928,-0.135668,0.12055,0.000241,0.003133
0,-0.146991,0.110806,-0.143623,-0.051433,-0.15962,-0.019054,0.002565,0.001934
0,0.080495,-0.091277,0.250729,-0.204197,0.235427,-0.185163,0.001405,0.001593
0,0.036481,0.109334,-0.049569,0.177156,-0.006657,0.17821,0.000637,0.001908
0,0.00919,0.123059,-0.023834,0.027721,-0.038856,0.020262,0.00016,0.002148
0,0.04099,-0.119674,0.042395,-0.237789,0.076244,-0.215586,0.000715,0.002089
0,0.008253,-0.102817,-0.038273,-0.001628,-0.066523,-0.048886,0.000144,0.001795
0,-0.063655,0.171591,-0.074573,0.285364,-0.040888,0.313047,0.001111,0.002995
0,0.034819,-0.00028,0.102663,-0.153579,0.098529,-0.167678,0.000608,5e-06
0,0.046314,-0.053217,0.008203,-0.063132,-0.033907,-0.08345,0.000808,0.000929
0,-0.11883,-0.010053,-0.167211,0.05879,-0.166979,0.080362,0.002074,0.000175
0,-0.194637,0.145107,-0.082267,0.144301,-0.040991,0.188847,0.003294,0.002533
0,-0.088166,0.151063,0.081181,0.032898,0.085006,-0.004664,0.001539,0.002637
0,-0.233565,-0.080332,-0.119476,-0.204242,-0.110283,-0.248541,0.002614,0.001402
0,0.040032,-0.06021,0.293311,0.00781,0.324092,0.032153,0.000699,0.001051
0,0.085015,-0.042163,0.067206,0.019161,0.026663,0.038328,0.001484,0.000736
0,-0.050872,-0.026148,-0.116855,0.011397,-0.130829,0.004876,0.000888,0.000456
0,-0.091624,0.130649,-0.03529,0.138542,-0.043098,0.120676,0.001599,0.00228
0,-0.094105,-0.021959,-0.009798,-0.159513,-0.008921,-0.13666,0.001642,0.000383
0,-0.122189,-0.112748,-0.03219,-0.117788,-0.046574,-0.129556,0.002133,0.001968
0,0.11909,0.066877,0.23411,0.183747,0.254756,0.134244,0.002079,0.001167
0,0.089591,-0.093426,-0.022587,-0.181469,-0.043079,-0.160057,0.001564,0.001631
0,-0.069159,0.129896,-0.139622,0.200119,-0.149717,0.197869,0.001207,0.002267
0,-0.008068,-0.016683,0.075281,-0.152128,0.070905,-0.144459,0.000141,0.000291
0,-0.00369,-0.107794,0.003591,-0.108878,-0.007871,-0.114425,6.4e-05,0.001881
0,-0.038962,-0.017827,-0.062115,0.087269,-0.042596,0.126909,0.00068,0.000311
0,-0.058085,-0.127124,-0.01343,-0.089356,0.023247,-0.095703,0.001014,0.002219
0,0.055913,0.022737,0.115641,0.134278,0.162781,0.168119,0.000976,0.000397
0,-0.087171,-0.115925,-0.171662,-0.159417,-0.17573,-0.151933,0.001521,0.002023
0,-0.123895,-0.023736,-0.013219,0.085277,0.01915,0.100733,0.002162,0.000414
0,-0.043635,-0.014858,0.089133,0.038025,0.065335,0.041159,0.000762,0.000259
0,-0.28222,0.01436,-0.216627,0.029102,-0.20609,0.028346,0.001765,0.000251
0,-0.061412,0.094044,0.210304,0.073125,0.181229,0.057677,0.001072,0.001641
0,-0.33844,-0.13896,-0.295567,-0.224216,-0.259463,-0.271965,0.000784,0.002425
0,-0.116219,0.057692,0.245551,0.18095,0.236616,0.144541,0.002028,0.001007
0,-0.185157,0.025425,-0.073236,-0.050719,-0.082951,-0.099538,0.003232,0.000444
0,-0.115627,-0.060211,0.055902,-0.113679,0.088767,-0.086204,0.002018,0.001051
0,-0.117233,-0.010161,0.025078,0.040619,0.025454,-0.003139,0.002046,0.000177
0,-0.26445,-0.058142,-0.171137,-0.069583,-0.135465,-0.099302,0.002075,0.001015
0,-0.126382,-0.048914,0.12888,-0.002578,0.134925,-0.050668,0.002206,0.000854
0,-0.048345,0.117302,0.050108,0.151909,0.025661,0.121644,0.000844,0.002047
0,0.014542,-0.12414,0.054674,-0.266962,0.079673,-0.287774,0.000254,0.002167
0,-0.240998,0.021022,-0.253376,0.127409,-0.298967,0.132383,0.002485,0.000367
0,-0.097887,-0.149193,0.120371,-0.154431,0.109826,-0.110193,0.001708,0.002604
0,-0.128838,-0.000789,-0.005824,0.146889,-0.054738,0.143549,0.002249,1.4e-05
0,-0.092746,-0.125081,0.062939,-0.118878,0.091354,-0.159338,0.001619,0.002183
0,-0.038081,-0.026438,0.057682,0.124689,0.098118,0.158028,0.000665,0.000461
0,-0.160714,0.018208,-0.115959,0.055135,-0.110036,0.099815,0.002805,0.000318
0,-0.05834,-0.141302,0.115142,-0.162226,0.104946,-0.181962,0.001018,0.002466
0,-0.070805,0.058717,-0.002404,0.194609,-0.047105,0.168696,0.001236,0.001025
0,-0.207965,-0.008275,-0.142781,-0.073571,-0.170687,-0.081053,0.003061,0.000144
0,-0.117228,0.011984,0.075655,0.025492,0.117184,-0.007113,0.002046,0.000209
0,-0.04432,0.08458,0.095505,0.050296,0.128382,0.032686,0.000774,0.001476
0,-0.175945,0.036009,-0.102131,-0.039609,-0.055571,-0.004045,0.003071,0.000628
0,-0.150621,-0.184155,0.049599,-0.239318,0.021527,-0.224209,0.002629,0.003214
0,-0.143702,-0.059957,-0.019604,0.143428,0.012123,0.163797,0.002508,0.001046
0,-0.086198,-0.048654,0.08224,0.035162,0.048451,0.077005,0.001504,0.000849
0,-0.011481,0.075986,0.05948,0.148751,0.062437,0.176759,0.0002,0.001326
0,0.00388,-0.113013,0.020857,-0.178401,0.020757,-0.210201,6.8e-05,0.001972
0,-0.03584,-0.051207,-0.030538,0.070077,-0.011277,0.023573,0.000626,0.000894
0,-0.148263,-0.143726,-0.128543,-0.069041,-0.120503,-0.041085,0.002588,0.002508
0,-0.234931,0.0662,-0.077775,0.194156,-0.093897,0.224002,0.002591,0.001155
0,-0.197397,0.05903,0.022911,-0.024857,-0.013047,-0.043726,0.003246,0.00103
0,-0.006086,-0.081746,0.207519,-0.144257,0.158053,-0.134796,0.000106,0.001427
0,-0.047776,-0.001214,-0.065963,0.069109,-0.047691,0.027471,0.000834,2.1e-05
0,0.138493,0.03056,0.162726,0.039906,0.115937,0.071636,0.002417,0.000533
0,0.036855,-0.067195,-0.114724,-0.096757,-0.125937,-0.11466,0.000643,0.001173
0,-0.128436,-0.134646,-0.185888,-0.06166,-0.230391,-0.070772,0.002242,0.00235
0,-0.026556,0.01645,0.092588,0.121567,0.058434,0.101375,0.000463,0.000287
0,-1.5e-05,-0.158218,0.018783,-0.173443,-0.020989,-0.210982,0.0,0.002761
0,0.050558,-0.035746,0.035307,0.098171,0.058653,0.056098,0.000882,0.000624
0,-0.163018,0.041872,-0.24243,0.100852,-0.235646,0.140072,0.002845,0.000731
0,0.0259,-0.097451,0.212967,-0.136875,0.235532,-0.183742,0.000452,0.001701
0,-0.048288,-0.19207,-0.066091,-0.123849,-0.090654,-0.122193,0.000843,0.003339
0,-0.09818,-0.214387,-0.050538,-0.003596,-0.087058,-0.04309,0.001714,0.002949
0,-0.03875,-0.203759,0.066645,0.017411,0.093185,0.03392,0.000676,0.003135
0,0.084765,-0.029268,0.113249,0.160569,0.098159,0.185031,0.001479,0.000511
0,0.014373,-0.171637,-0.082929,-0.127714,-0.12001,-0.157714,0.000251,0.002996
0,0.115564,-0.099136,0.088266,0.048364,0.10378,0.017017,0.002017,0.00173
0,0.117583,0.026581,0.015396,0.148279,-0.007994,0.156518,0.002052,0.000464
0,0.025163,-0.043399,-0.078481,-0.061339,-0.073566,-0.027578,0.000439,0.000757
0,0.081175,-0.233648,0.067417,-0.169079,0.026554,-0.186722,0.001417,0.002613
0,0.174186,0.012254,0.073814,0.265282,0.102699,0.229213,0.00304,0.000214
0,-0.072591,0.059979,-0.254408,0.043293,-0.282542,0.07239,0.001267,0.001047
0,0.162063,-0.143061,0.239604,-0.20671,0.24978,-0.17873,0.002829,0.002497
0,0.220178,-0.18269,0.073014,-0.044428,0.065818,-0.064419,0.002848,0.003189
0,-0.047566,-0.133729,-0.246272,0.0332,-0.196572,-0.005718,0.00083,0.002334
0,0.16278,-0.136765,0.188895,-0.016834,0.219129,-0.05557,0.002841,0.002387
0,0.143395,-0.20443,-0.010422,-0.096623,-0.05454,-0.078463,0.002503,0.003123
0,0.145491,0.00281,0.016548,0.223869,0.048978,0.236313,0.002539,4.9e-05
0,0.068278,-0.07473,-0.099381,-0.098368,-0.075093,-0.099695,0.001192,0.001304
0,-0.075704,0.047804,-0.16591,0.09917,-0.202448,0.101281,0.001321,0.000834
0,-0.038089,0.048047,0.058683,-0.024494,0.089915,-0.064405,0.000665,0.000839
0,0.116626,-0.11924,0.160899,-0.18491,0.206303,-0.198516,0.002036,0.002081
0,-0.074745,-0.134173,-0.202778,-0.034747,-0.221097,0.008011,0.001305,0.002342
0,-0.133535,-0.179224,-0.04426,-0.046611,-0.05943,-0.059793,0.002331,0.003128
0,-0.013801,-0.046548,0.133604,0.144729,0.095049,0.119003,0.000241,0.000812
0,0.124987,-0.000485,0.117923,0.029805,0.130555,-0.009483,0.002181,8e-06
0,-0.037398,-0.199271,-0.140063,-0.184027,-0.129424,-0.155626,0.000653,0.003213
0,0.128558,-0.029282,0.174171,0.178073,0.165898,0.22006,0.002244,0.000511
0,-0.07408,-0.141637,-0.197827,-0.092959,-0.239774,-0.068153,0.001293,0.002472
0,-0.067674,0.02009,0.009014,0.144554,0.048848,0.163662,0.001181,0.000351
0,-0.001785,0.020512,0.065705,0.005463,0.056359,0.000816,3.1e-05,0.000358
0,-0.091924,-0.139519,-0.10012,-0.180152,-0.072416,-0.158889,0.001604,0.002435
0,-0.098476,0.069621,-0.021837,0.201343,2.7e-05,0.206826,0.001719,0.001215
0,-0.167102,0.094697,-0.040835,0.042277,-0.076729,0.088377,0.002916,0.001653
0,-0.126582,0.122215,0.020388,0.051699,0.068895,0.100224,0.002209,0.002133
0,-0.16186,-0.064702,-0.013856,-0.184266,0.010421,-0.139949,0.002825,0.001129
0,-0.035513,-0.154779,0.133963,-0.110988,0.095379,-0.10827,0.00062,0.002701
0,0.154069,-0.173562,0.214834,-0.010562,0.25102,-0.035735,0.002689,0.003029
0,0.045858,-0.00348,-0.089235,0.159831,-0.11936,0.13085,0.0008,6.1e-05
0,0.014234,-0.225901,-0.059971,-0.200353,-0.070568,-0.191649,0.000248,0.002748
0,2.934383,1.785297,2.89419,1.994721,2.904501,1.979787,0.002312,0.002295
0,3.986657,2.263455,1.041316,0.449039,1.055454,0.457589,0.002672,0.00064
0,3.157492,2.692283,-0.845023,0.419761,-0.833786,0.407375,0.001582,0.000153
0,2.813139,1.897891,-0.354633,-0.783356,-0.335528,-0.736641,0.002263,0.00033
0,2.687632,1.796002,-0.139768,-0.130073,-0.174757,-0.123301,7.2e-05,0.002108
0,2.353527,1.84813,-0.363506,0.043957,-0.384878,0.071639,0.000932,0.001198
0,1.940499,1.523324,-0.40392,-0.30356,-0.414912,-0.334054,0.000414,0.000176
0,0.961819,1.055299,-0.985594,-0.468098,-0.97864,-0.442806,0.003286,0.001654
0,0.698998,0.899597,-0.255841,-0.143871,-0.213451,-0.14975,0.001182,0.002319
0,0.43198,0.302989,-0.278008,-0.590442,-0.244647,-0.590894,0.000849,0.001403
0,0.005139,-0.083548,-0.426083,-0.386784,-0.457032,-0.373328,9e-05,0.001458
0,-0.048672,-0.130448,-0.073246,-0.072725,-0.051063,-0.072097,0.000849,0.002277
0,-0.238066,-0.227245,-0.171144,-0.096198,-0.149754,-0.05212,0.002536,0.002725
0,-0.050587,-0.184821,0.166238,0.023187,0.187774,0.003294,0.000883,0.003226
0,-0.361733,-0.379703,-0.322338,-0.189619,-0.358986,-0.2294,0.000377,6.4e-05
0,-0.076946,-0.21323,0.277994,0.163222,0.238363,0.131405,0.001343,0.002969
0,-0.33803,-0.101716,-0.252899,0.103039,-0.244648,0.120084,0.000791,0.001775
0,-0.114548,-0.141887,0.225644,-0.034159,0.252458,-0.038677,0.001999,0.002476
0,-0.258065,-0.092156,-0.158248,0.079388,-0.112638,0.036922,0.002187,0.001608
0,0.028811,-0.13402,0.30756,-0.059941,0.262993,-0.060155,0.000503,0.002339
0,0.012006,-0.11162,-0.012182,0.01993,0.019883,0.031446,0.00021,0.001948
0,0.040351,0.046354,0.026143,0.144897,0.07355,0.186987,0.000704,0.000809
0,-0.027485,-0.060258,-0.070594,-0.108458,-0.091562,-0.070675,0.00048,0.001052
0,-0.056487,0.008428,-0.054028,0.042679,-0.01734,0.008244,0.000986,0.000147
0,0.082422,0.006355,0.154979,-0.015499,0.13466,0.002808,0.001439,0.000111
0,-0.076373,-0.075611,-0.181541,-0.103152,-0.229173,-0.058942,0.001333,0.00132
0,0.037607,0.031294,0.101972,0.078133,0.069226,0.106943,0.000656,0.000546
0,-0.099695,-0.052498,-0.160078,-0.085919,-0.124309,-0.104357,0.00174,0.000916
0,-0.124696,-0.174034,-0.051416,-0.137002,-0.062375,-0.130119,0.002176,0.003037
0,-0.031954,-0.184458,0.090571,0.013956,0.098989,0.015381,0.000558,0.003219
0,-0.1533,0.062336,-0.115116,0.239254,-0.133625,0.253998,0.002676,0.001088
0,0.03516,-0.149975,0.181718,-0.236148,0.168338,-0.250494,0.000614,0.002618
0,-0.019783,-0.018965,-0.074934,0.116565,-0.033182,0.125918,0.000345,0.000331
0,-0.03751,-0.081219,-0.006859,-0.03927,0.026131,-0.067839,0.000655,0.001418
0,-0.010624,-0.045233,0.008917,0.05079,-0.03679,0.08059,0.000185,0.000789
0,-0.004265,-0.06842,0.01213,-0.011976,0.022567,-0.050256,7.4e-05,0.001194
0,0.114801,0.078376,0.102836,0.141942,0.108998,0.164454,0.002004,0.001368
0,0.120368,-0.145434,-0.017773,-0.248563,-0.038412,-0.2212,0.002101,0.002538
0,-0.069331,-0.16553,-0.191405,-0.002956,-0.222366,0.01554,0.00121,0.002889
0,0.024356,0.075822,0.111757,0.269934,0.138353,0.283062,0.000425,0.001323
